$\phi$
x	y	$\phi$
0.125	0.5	-0.00212594542775657
0.375	0.5	-0.00212595171931471
0.625	0.5	-0.0021259642998728
0.875	0.5	-0.00212598316431756
1.125	0.5	-0.00212600830498697
1.375	0.5	-0.00212603971167974
1.625	0.5	-0.00212607737166816
1.875	0.5	-0.00212612126971398
2.125	0.5	-0.00212617138808769
2.375	0.5	-0.0021262277065911
2.625	0.5	-0.0021262902025832
2.875	0.5	-0.00212635885100949
3.125	0.5	-0.00212643362443467
3.375	0.5	-0.00212651449307881
3.625	0.5	-0.00212660142485692
3.875	0.5	-0.00212669438542182
4.125	0.5	-0.00212679333821024
4.375	0.5	-0.00212689824449157
4.625	0.5	-0.00212700906341875
4.875	0.5	-0.00212712575208005
5.125	0.5	-0.0021272482655495
5.375	0.5	-0.00212737655693273
5.625	0.5	-0.00212751057740204
5.875	0.5	-0.00212765027621121
6.125	0.5	-0.00212779560067352
6.375	0.5	-0.0021279464960764
6.625	0.5	-0.00212810290548833
6.875	0.5	-0.00212826476938494
7.125	0.5	-0.0021284320249742
7.375	0.5	-0.00212860460502245
7.625	0.5	-0.00212878243585523
7.875	0.5	-0.00212896543399608
8.125	0.5	-0.0021291535005598
8.375	0.5	-0.00212934651194608
8.625	0.5	-0.00212954430444069
8.875	0.5	-0.00212974664878644
9.125	0.5	-0.00212995320824451
9.375	0.5	-0.00213016346948359
9.625	0.5	-0.00213037662875193
9.875	0.5	-0.00213059140446185
10.125	0.5	-0.00213080572868098
10.375	0.5	-0.00213101623935953
10.625	0.5	-0.00213121744466527
10.875	0.5	-0.00213140034777031
11.125	0.5	-0.00213155018381337
11.375	0.5	-0.00213164269595665
11.625	0.5	-0.00213163800754666
11.875	0.5	-0.00213147053871802
12.125	0.5	-0.0021310324142478
12.375	0.5	-0.00213014616153804
12.625	0.5	-0.00212851978616369
12.875	0.5	-0.00212567285134396
13.125	0.5	-0.00212081484857307
13.375	0.5	-0.00211264507435247
13.625	0.5	-0.00209902337439062
13.875	0.5	-0.00207642847826885
14.125	0.5	-0.00203906702404348
14.375	0.5	-0.00197740835884459
14.625	0.5	-0.00187577598143068
14.875	0.5	-0.00170839081668924
15.125	0.5	-0.00143287813345069
15.375	0.5	-0.000979631012286316
15.625	0.5	-0.000234437031790334
15.875	0.5	0.000989761671170438
16.125	0.5	0.00299840272315166
16.375	0.5	0.00628773208188325
16.625	0.5	0.0116573617723407
16.875	0.5	0.0203781609793249
17.125	0.5	0.0344242359714239
17.375	0.5	0.0567456866260583
17.625	0.5	0.0914662472332272
17.875	0.5	0.143692648463237
18.125	0.5	0.218353484857655
18.375	0.5	0.317510934657964
18.625	0.5	0.436780667739593
18.875	0.5	0.563954296525537
19.125	0.5	0.683135222323521
19.375	0.5	0.782154534945851
19.625	0.5	0.85667380767699
19.875	0.5	0.908782485652252
20.125	0.5	0.943416439281501
20.375	0.5	0.965678748391808
20.625	0.5	0.979686239355498
20.875	0.5	0.988382562995519
21.125	0.5	0.993736934302458
21.375	0.5	0.997016855211831
21.625	0.5	0.999019736826078
21.875	0.5	1.00024042829765
22.125	0.5	1.00098349594935
22.375	0.5	1.00143545971042
22.625	0.5	1.00171020195601
22.875	0.5	1.00187712789127
23.125	0.5	1.001978489276
23.375	0.5	1.00203999035295
23.625	0.5	1.0020772621543
23.875	0.5	1.00209980774896
24.125	0.5	1.00211340379806
24.375	0.5	1.00212156148864
24.625	0.5	1.00212641491237
24.875	0.5	1.00212926115105
25.125	0.5	1.00213088857162
25.375	0.5	1.00213177636531
25.625	0.5	1.00213221582203
25.875	0.5	1.00213238403525
26.125	0.5	1.00213238869549
26.375	0.5	1.00213229531306
26.625	0.5	1.00213214376204
26.875	0.5	1.00213195833468
27.125	0.5	1.00213175385177
27.375	0.5	1.0021315393761
27.625	0.5	1.00213132046934
27.875	0.5	1.00213110056358
28.125	0.5	1.00213088179498
28.375	0.5	1.00213066551042
28.625	0.5	1.00213045257541
28.875	0.5	1.00213024356132
29.125	0.5	1.00213003885916
29.375	0.5	1.00212983874878
29.625	0.5	1.00212964344094
29.875	0.5	1.00212945310295
30.125	0.5	1.00212926787421
30.375	0.5	1.00212908787573
30.625	0.5	1.00212891321595
30.875	0.5	1.00212874399424
31.125	0.5	1.00212858030311
31.375	0.5	1.00212842222949
31.625	0.5	1.00212826985564
31.875	0.5	1.0021281232596
32.125	0.5	1.00212798251555
32.375	0.5	1.00212784769401
32.625	0.5	1.00212771886199
32.875	0.5	1.00212759608305
33.125	0.5	1.00212747941742
33.375	0.5	1.002127368922
33.625	0.5	1.00212726465043
33.875	0.5	1.00212716665308
34.125	0.5	1.00212707497712
34.375	0.5	1.0021269896665
34.625	0.5	1.00212691076196
34.875	0.5	1.00212683830111
35.125	0.5	1.00212677231834
35.375	0.5	1.00212671284493
35.625	0.5	1.00212665990898
35.875	0.5	1.00212661353546
36.125	0.5	1.00212657374622
36.375	0.5	1.00212654055996
36.625	0.5	1.00212651399226
36.875	0.5	1.00212649405558
37.125	0.5	1.00212648075927
37.375	0.5	1.00212647410956
0.125	1.5	-0.00212594830085771
0.375	1.5	-0.00212595458762262
0.625	1.5	-0.00212596715856182
0.875	1.5	-0.002125986008497
1.125	1.5	-0.00212601112966825
1.375	1.5	-0.00212604251174312
1.625	1.5	-0.00212608014182888
1.875	1.5	-0.00212612400448769
2.125	1.5	-0.00212617408175508
2.375	1.5	-0.00212623035316142
2.625	1.5	-0.00212629279575671
2.875	1.5	-0.00212636138413851
3.125	1.5	-0.00212643609048317
3.375	1.5	-0.00212651688458035
3.625	1.5	-0.00212660373387068
3.875	1.5	-0.00212669660348667
4.125	1.5	-0.00212679545629649
4.375	1.5	-0.00212690025295037
4.625	1.5	-0.00212701095192879
4.875	1.5	-0.00212712750959136
5.125	1.5	-0.00212724988022415
5.375	1.5	-0.00212737801608215
5.625	1.5	-0.00212751186742071
5.875	1.5	-0.00212765138250639
6.125	1.5	-0.00212779650759077
6.375	1.5	-0.00212794718682055
6.625	1.5	-0.00212810336203957
6.875	1.5	-0.00212826497240967
7.125	1.5	-0.00212843195373025
7.375	1.5	-0.00212860423725827
7.625	1.5	-0.0021287817477026
7.875	1.5	-0.00212896439985589
8.125	1.5	-0.00212915209298046
8.375	1.5	-0.00212934470149386
8.625	1.5	-0.00212954205956158
8.875	1.5	-0.0021297439356588
9.125	1.5	-0.0021299499906218
9.375	1.5	-0.00213015970852636
9.625	1.5	-0.00213037228284814
9.875	1.5	-0.00213058642903432
10.125	1.5	-0.0021308000759804
10.375	1.5	-0.00213100985824112
10.625	1.5	-0.00213121028034603
10.875	1.5	-0.00213139234156269
11.125	1.5	-0.0021315412728286
11.375	1.5	-0.00213163281276731
11.625	1.5	-0.00213162707979175
11.875	1.5	-0.00213145848862266
12.125	1.5	-0.00213101915801252
12.375	1.5	-0.00213013160852249
12.625	1.5	-0.00212850383773999
12.875	1.5	-0.00212565539921254
13.125	1.5	-0.00212079577219551
13.375	1.5	-0.00211262423692644
13.625	1.5	-0.00209900061640902
13.875	1.5	-0.00207640360706953
14.125	1.5	-0.00203903979669939
14.375	1.5	-0.00197737845399365
14.625	1.5	-0.00187574295275133
14.875	1.5	-0.00170835401596551
15.125	1.5	-0.00143283658338059
15.375	1.5	-0.000979583196573267
15.625	1.5	-0.000234380549968219
15.875	1.5	0.000989830667810362
16.125	1.5	0.002998490443777
16.375	1.5	0.00628784854578702
16.625	1.5	0.0116575230448153
16.875	1.5	0.0203783924409211
17.125	1.5	0.0344245766295348
17.375	1.5	0.0567461935875495
17.625	1.5	0.091466997172622
17.875	1.5	0.143693728683113
18.125	1.5	0.218354962641285
18.375	1.5	0.317512800738301
18.625	1.5	0.436782783310638
18.875	1.5	0.563956411294803
19.125	1.5	0.683137086391646
19.375	1.5	0.782156010315965
19.625	1.5	0.856674885718319
19.875	1.5	0.908783233910185
20.125	1.5	0.943416945059274
20.375	1.5	0.965679088260139
20.625	1.5	0.979686470305326
20.875	1.5	0.988382723940481
21.125	1.5	0.993737050556689
21.375	1.5	0.997016942796656
21.625	1.5	0.999019805732762
21.875	1.5	1.00024048471788
22.125	1.5	1.00098354372106
22.375	1.5	1.00143550122749
22.625	1.5	1.00171023873072
22.875	1.5	1.00187716089847
23.125	1.5	1.00197851916241
23.375	1.5	1.00204001756397
23.625	1.5	1.00207728701071
23.875	1.5	1.00209983049332
24.125	1.5	1.0021134246228
24.375	1.5	1.00212158055312
24.625	1.5	1.00212643235328
24.875	1.5	1.00212927708885
25.125	1.5	1.00213090311453
25.375	1.5	1.00213178961193
25.625	1.5	1.00213222786296
25.875	1.5	1.00213239495423
26.125	1.5	1.00213239857029
26.375	1.5	1.00213230421601
26.625	1.5	1.00213215176053
26.875	1.5	1.00213196549159
27.125	1.5	1.00213176022575
27.375	1.5	1.00213154502193
27.625	1.5	1.00213132543813
27.875	1.5	1.00213110490307
28.125	1.5	1.00213088554974
28.375	1.5	1.00213066872204
28.625	1.5	1.00213045528272
28.875	1.5	1.00213024580055
29.125	1.5	1.00213004066413
29.375	1.5	1.00212984015102
29.625	1.5	1.00212964446989
29.875	1.5	1.00212945378604
30.125	1.5	1.00212926823703
30.375	1.5	1.00212908794214
30.625	1.5	1.0021289130082
30.875	1.5	1.00212874353306
31.125	1.5	1.00212857960782
31.375	1.5	1.00212842131812
31.625	1.5	1.00212826874497
31.875	1.5	1.00212812196528
32.125	1.5	1.00212798105217
32.375	1.5	1.00212784607517
32.625	1.5	1.00212771710037
32.875	1.5	1.00212759419049
33.125	1.5	1.00212747740497
33.375	1.5	1.00212736679997
33.625	1.5	1.00212726242847
33.875	1.5	1.00212716434022
34.125	1.5	1.00212707258181
34.375	1.5	1.00212698719667
34.625	1.5	1.00212690822509
34.875	1.5	1.00212683570421
35.125	1.5	1.00212676966808
35.375	1.5	1.00212671014759
35.625	1.5	1.00212665717056
35.875	1.5	1.00212661076167
36.125	1.5	1.00212657094254
36.375	1.5	1.00212653773167
36.625	1.5	1.00212651114448
36.875	1.5	1.0021264911933
37.125	1.5	1.00212647788738
37.375	1.5	1.00212647123288
0.125	2.5	-0.002125954129624
0.375	2.5	-0.00212596040734969
0.625	2.5	-0.0021259729601479
0.875	2.5	-0.002125991782715
1.125	2.5	-0.00212601686710239
1.375	2.5	-0.00212604820272479
1.625	2.5	-0.00212608577637139
1.875	2.5	-0.00212612957221967
2.125	2.5	-0.00212617957185219
2.375	2.5	-0.00212623575427615
2.625	2.5	-0.00212629809594589
2.875	2.5	-0.00212636657078831
3.125	2.5	-0.00212644115023118
3.375	2.5	-0.00212652180323442
3.625	2.5	-0.00212660849632427
3.875	2.5	-0.00212670119363019
4.125	2.5	-0.00212679985692439
4.375	2.5	-0.0021269044456635
4.625	2.5	-0.00212701491703163
4.875	2.5	-0.00212713122598372
5.125	2.5	-0.00212725332528684
5.375	2.5	-0.0021273811655561
5.625	2.5	-0.00212751469527912
5.875	2.5	-0.00212765386081924
6.125	2.5	-0.00212779860638125
6.375	2.5	-0.0021279488739127
6.625	2.5	-0.00212810460289646
6.875	2.5	-0.00212826572996155
7.125	2.5	-0.0021284321881918
7.375	2.5	-0.00212860390593424
7.625	2.5	-0.00212878080478101
7.875	2.5	-0.00212896279618789
8.125	2.5	-0.0021291497758458
8.375	2.5	-0.00212934161435113
8.625	2.5	-0.00212953814178192
8.875	2.5	-0.00212973912224198
9.125	2.5	-0.00212994421189326
9.375	2.5	-0.00213015288981375
9.625	2.5	-0.0021303643441355
9.875	2.5	-0.00213057728459188
10.125	2.5	-0.00213078963396721
10.375	2.5	-0.00213099802027702
10.625	2.5	-0.00213119694104808
10.875	2.5	-0.00213137738803854
11.125	2.5	-0.00213152458411611
11.375	2.5	-0.00213161425920283
11.625	2.5	-0.00213160652227923
11.875	2.5	-0.00213143577775834
12.125	2.5	-0.00213099413299033
12.375	2.5	-0.0021301040956964
12.625	2.5	-0.0021284736486374
12.875	2.5	-0.00212562232765558
13.125	2.5	-0.00212075958995759
13.375	2.5	-0.00211258468696868
13.625	2.5	-0.00209895740210242
13.875	2.5	-0.00207635637474473
14.125	2.5	-0.00203898810709641
14.375	2.5	-0.00197732173524697
14.625	2.5	-0.00187568042268452
14.875	2.5	-0.00170828455345778
15.125	2.5	-0.00143275851544709
15.375	2.5	-0.000979493946529769
15.625	2.5	-0.000234276058139159
15.875	2.5	0.00098995689191094
16.125	2.5	0.0029986488560478
16.375	2.5	0.00628805600900783
16.625	2.5	0.0116578065982986
16.875	2.5	0.0203787948185408
17.125	2.5	0.0344251635463687
17.375	2.5	0.0567470613144001
17.625	2.5	0.0914682750589964
17.875	2.5	0.143695564119168
18.125	2.5	0.218357469335427
18.375	2.5	0.317515963189867
18.625	2.5	0.436786367172172
18.875	2.5	0.563959993792834
19.125	2.5	0.683140245421855
19.375	2.5	0.782158512907629
19.625	2.5	0.856676717452519
19.875	2.5	0.908784508940068
20.125	2.5	0.943417810775221
20.375	2.5	0.965679673834687
20.625	2.5	0.979686871812107
20.875	2.5	0.988383006935334
21.125	2.5	0.993737257660815
21.375	2.5	0.997017100974865
21.625	2.5	0.999019931800394
21.875	2.5	1.00024058910127
22.125	2.5	1.00098363289252
22.375	2.5	1.00143557923556
22.625	2.5	1.00171030814531
22.875	2.5	1.00187722338844
23.125	2.5	1.00197857584634
23.375	2.5	1.00204006922249
23.625	2.5	1.00207733421471
23.875	2.5	1.00209987368143
24.125	2.5	1.0021134641483
24.375	2.5	1.00212161671236
24.625	2.5	1.0021264654031
24.875	2.5	1.00212930725733
25.125	2.5	1.00213093060775
25.375	2.5	1.00213181461826
25.625	2.5	1.00213225055597
25.875	2.5	1.00213241549468
26.125	2.5	1.00213241710751
26.375	2.5	1.00213232088903
26.625	2.5	1.00213216669899
26.875	2.5	1.00213197881639
27.125	2.5	1.00213177204976
27.375	2.5	1.00213155545048
27.625	2.5	1.00213133456958
27.875	2.5	1.00213111282922
28.125	2.5	1.00213089235629
28.375	2.5	1.00213067448898
28.625	2.5	1.0021304600847
28.875	2.5	1.00213024970722
29.125	2.5	1.00213004374046
29.375	2.5	1.00212984245764
29.625	2.5	1.0021296460633
29.875	2.5	1.00212945471895
30.125	2.5	1.00212926855858
30.375	2.5	1.00212908769813
30.625	2.5	1.0021289122413
30.875	2.5	1.00212874228305
31.125	2.5	1.00212857791175
31.375	2.5	1.00212841921051
31.625	2.5	1.002128266258
31.875	2.5	1.00212811912891
32.125	2.5	1.00212797789432
32.375	2.5	1.00212784262186
32.625	2.5	1.00212771337585
32.875	2.5	1.00212759021737
33.125	2.5	1.00212747320433
33.375	2.5	1.00212736239152
33.625	2.5	1.00212725783058
33.875	2.5	1.0021271595701
34.125	2.5	1.00212706765556
34.375	2.5	1.00212698212939
34.625	2.5	1.00212690303097
34.875	2.5	1.00212683039662
35.125	2.5	1.0021267642596
35.375	2.5	1.00212670465018
35.625	2.5	1.00212665159555
35.875	2.5	1.00212660511989
36.125	2.5	1.00212656524435
36.375	2.5	1.00212653198705
36.625	2.5	1.0021265053631
36.875	2.5	1.00212648538457
37.125	2.5	1.00212647206051
37.375	2.5	1.00212646539698
0.125	3.5	-0.00212596306995367
0.375	3.5	-0.00212596933544895
0.625	3.5	-0.00212598186369825
0.875	3.5	-0.00212600064922139
1.125	3.5	-0.00212602568380397
1.375	3.5	-0.00212605695650457
1.625	3.5	-0.00212609445366427
1.875	3.5	-0.00212613815891865
2.125	3.5	-0.00212618805321216
2.375	3.5	-0.00212624411481499
2.625	3.5	-0.00212630631934234
2.875	3.5	-0.00212637463977628
3.125	3.5	-0.00212644904648993
3.375	3.5	-0.00212652950727427
3.625	3.5	-0.00212661598736724
3.875	3.5	-0.0021267084494851
4.125	3.5	-0.00212680685385594
4.375	3.5	-0.00212691115825461
4.625	3.5	-0.00212702131803869
4.875	3.5	-0.00212713728618388
5.125	3.5	-0.00212725901331689
5.375	3.5	-0.00212738644774213
5.625	3.5	-0.0021275195354563
5.875	3.5	-0.00212765822014089
6.125	3.5	-0.00212780244311646
6.375	3.5	-0.00212795214323158
6.625	3.5	-0.00212810725664212
6.875	3.5	-0.00212826771640787
7.125	3.5	-0.00212843345178587
7.375	3.5	-0.00212860438702252
7.625	3.5	-0.00212878043931784
7.875	3.5	-0.0021289615154253
8.125	3.5	-0.00212914750600315
8.375	3.5	-0.00212933827626321
8.625	3.5	-0.00212953365052395
8.875	3.5	-0.00212973338672986
9.125	3.5	-0.00212993713445726
9.375	3.5	-0.00213014436574359
9.625	3.5	-0.00213035426119462
9.875	3.5	-0.00213056552249821
10.125	3.5	-0.0021307760638373
10.375	3.5	-0.00213098250402943
10.625	3.5	-0.00213117933076074
10.875	3.5	-0.00213135752525248
11.125	3.5	-0.00213150229907428
11.375	3.5	-0.00213158937000684
11.625	3.5	-0.00213157883393638
11.875	3.5	-0.00213140508107455
12.125	3.5	-0.00213096020323526
12.375	3.5	-0.00213006669091894
12.625	3.5	-0.00212843250742758
12.875	3.5	-0.00212557716601113
13.125	3.5	-0.00212071009668219
13.375	3.5	-0.00211253051663959
13.625	3.5	-0.00209889816399339
13.875	3.5	-0.00207629161499819
14.125	3.5	-0.00203891727961474
14.375	3.5	-0.00197724415373167
14.625	3.5	-0.00187559518119975
14.875	3.5	-0.00170819039453745
15.125	3.5	-0.0014326536110326
15.375	3.5	-0.000979375534694938
15.625	3.5	-0.000234139842851413
15.875	3.5	0.00099011772622407
16.125	3.5	0.00299884524516464
16.375	3.5	0.00628830556331626
16.625	3.5	0.011658137558553
16.875	3.5	0.0203792518638301
17.125	3.5	0.0344258154903643
17.375	3.5	0.0567480091506897
17.625	3.5	0.0914696547455646
17.875	3.5	0.143697530896002
18.125	3.5	0.21836014330195
18.375	3.5	0.317519328439422
18.625	3.5	0.436790176866651
18.875	3.5	0.563963802036336
19.125	3.5	0.683143607032015
19.375	3.5	0.782161182513147
19.625	3.5	0.856678680296996
19.875	3.5	0.908785885593609
20.125	3.5	0.9434187564758
20.375	3.5	0.965680324350939
20.625	3.5	0.979687327927807
20.875	3.5	0.988383337295263
21.125	3.5	0.993737506824912
21.375	3.5	0.99701729710532
21.625	3.5	0.999020092457705
21.875	3.5	1.00024072519022
22.125	3.5	1.00098375120964
22.375	3.5	1.00143568406529
22.625	3.5	1.00171040224251
22.875	3.5	1.00187730857685
23.125	3.5	1.0019786533808
23.375	3.5	1.00204014000728
23.625	3.5	1.0020773989351
23.875	3.5	1.00209993288286
24.125	3.5	1.00211351828418
24.375	3.5	1.0021216661731
24.625	3.5	1.0021265105339
24.875	3.5	1.00212934836921
25.125	3.5	1.00213096798458
25.375	3.5	1.00213184852134
25.625	3.5	1.00213228122714
25.875	3.5	1.00213244315857
26.125	3.5	1.00213244197325
26.375	3.5	1.00213234315155
26.625	3.5	1.0021321865401
26.875	3.5	1.00213199640581
27.125	3.5	1.00213178754587
27.375	3.5	1.00213156900117
27.625	3.5	1.00213134631287
27.875	3.5	1.00213112289396
28.125	3.5	1.00213090086272
28.375	3.5	1.0021306815493
28.625	3.5	1.00213046580358
28.875	3.5	1.0021302541823
29.125	3.5	1.0021300470628
29.375	3.5	1.00212984471212
29.625	3.5	1.00212964732908
29.875	3.5	1.00212945506977
30.125	3.5	1.00212926806317
30.375	3.5	1.00212908642052
30.625	3.5	1.00212891024112
30.875	3.5	1.00212873961583
31.125	3.5	1.00212857462921
31.375	3.5	1.00212841536079
31.625	3.5	1.00212826188591
31.875	3.5	1.00212811427617
32.125	3.5	1.00212797259976
32.375	3.5	1.00212783692164
32.625	3.5	1.00212770730362
32.875	3.5	1.00212758380449
33.125	3.5	1.00212746648002
33.375	3.5	1.002127355383
33.625	3.5	1.00212725056326
33.875	3.5	1.00212715206771
34.125	3.5	1.00212705994028
34.375	3.5	1.00212697422199
34.625	3.5	1.00212689495092
34.875	3.5	1.00212682216224
35.125	3.5	1.00212675588816
35.375	3.5	1.00212669615797
35.625	3.5	1.00212664299806
35.875	3.5	1.00212659643186
36.125	3.5	1.00212655647987
36.375	3.5	1.00212652315968
36.625	3.5	1.00212649648595
36.875	3.5	1.0021264764704
37.125	3.5	1.00212646312181
37.375	3.5	1.00212645644605
0.125	4.5	-0.00212597533328742
0.375	4.5	-0.00212598158484713
0.625	4.5	-0.00212599408511805
0.875	4.5	-0.00212601282840504
1.125	4.5	-0.00212603780617012
1.375	4.5	-0.00212606900703822
1.625	4.5	-0.0021261064168049
1.875	4.5	-0.00212615001844592
2.125	4.5	-0.00212619979212879
2.375	4.5	-0.0021262557152263
2.625	4.5	-0.0021263177623319
2.875	4.5	-0.00212638590527712
3.125	4.5	-0.0021264601131509
3.375	4.5	-0.00212654035232069
3.625	4.5	-0.00212662658645557
3.875	4.5	-0.00212671877655077
4.125	4.5	-0.00212681688095378
4.375	4.5	-0.00212692085539124
4.625	4.5	-0.00212703065299602
4.875	4.5	-0.00212714622433312
5.125	4.5	-0.00212726751742218
5.375	4.5	-0.00212739447775298
5.625	4.5	-0.00212752704828791
5.875	4.5	-0.00212766516944156
6.125	4.5	-0.00212780877902091
6.375	4.5	-0.00212795781209923
6.625	4.5	-0.00212811220077927
6.875	4.5	-0.00212827187377245
7.125	4.5	-0.00212843675567368
7.375	4.5	-0.00212860676573345
7.625	4.5	-0.00212878181580085
7.875	4.5	-0.00212896180690044
8.125	4.5	-0.0021291466235592
8.375	4.5	-0.00212933612442917
8.625	4.5	-0.00212953012681249
8.875	4.5	-0.00212972838115098
9.125	4.5	-0.00212993052899991
9.375	4.5	-0.00213013603382324
9.625	4.5	-0.00213034406706429
9.875	4.5	-0.00213055332062049
10.125	4.5	-0.00213076169821468
10.375	4.5	-0.0021309658074898
10.625	4.5	-0.00213116012419454
10.875	4.5	-0.00213133561679735
11.125	4.5	-0.00213147748324167
11.375	4.5	-0.00213156142674304
11.625	4.5	-0.00213154752760683
11.875	4.5	-0.00213137015935348
12.125	4.5	-0.00213092139587153
12.375	4.5	-0.00213002370832829
12.625	4.5	-0.00212838503902587
12.875	4.5	-0.00212552487814058
13.125	4.5	-0.00212065262987332
13.375	4.5	-0.0021124674817628
13.625	4.5	-0.0020988291365277
13.875	4.5	-0.00207621612608412
14.125	4.5	-0.00203883480160018
14.375	4.5	-0.00197715407628875
14.625	4.5	-0.00187549677133032
14.875	4.5	-0.00170808272914252
15.125	4.5	-0.00143253546297706
15.375	4.5	-0.000979245180530703
15.625	4.5	-0.000233994739675914
15.875	4.5	0.000990281479864546
16.125	4.5	0.00299903379815996
16.375	4.5	0.00628852875049528
16.625	4.5	0.0116584111582042
16.875	4.5	0.0203796009567138
17.125	4.5	0.034426278978463
17.375	4.5	0.0567486445945285
17.625	4.5	0.0914705403011936
17.875	4.5	0.143698756615015
18.125	4.5	0.218361779702248
18.375	4.5	0.317521367363778
18.625	4.5	0.436792475117142
18.875	4.5	0.563966099431488
19.125	4.5	0.683145643814051
19.375	4.5	0.782162816352337
19.625	4.5	0.85667990371193
19.875	4.5	0.908786769373812
20.125	4.5	0.943419390666816
20.375	4.5	0.965680786995121
20.625	4.5	0.97968767646222
20.875	4.5	0.988383610523757
21.125	4.5	0.99373772975979
21.375	4.5	0.997017485480229
21.625	4.5	0.999020256079442
21.875	4.5	1.00024087019044
22.125	4.5	1.00098388147935
22.375	4.5	1.00143580214105
22.625	4.5	1.00171050984394
22.875	4.5	1.00187740692876
23.125	4.5	1.00197874340482
23.375	4.5	1.00204022243549
23.625	4.5	1.00207747437723
23.875	4.5	1.00210000186615
24.125	4.5	1.00211358127717
24.375	4.5	1.00212172360009
24.625	4.5	1.00212656278383
24.875	4.5	1.0021293958014
25.125	4.5	1.00213101093254
25.375	4.5	1.00213188729554
25.625	4.5	1.00213231611705
25.875	4.5	1.00213247443436
26.125	4.5	1.00213246988714
26.375	4.5	1.0021323679391
26.625	4.5	1.00213220842129
26.875	4.5	1.00213201558605
27.125	4.5	1.00213180421697
27.375	4.5	1.00213158334216
27.625	4.5	1.00213135849089
27.875	4.5	1.00213113306494
28.125	4.5	1.00213090917216
28.375	4.5	1.0021306881329
28.625	4.5	1.00213047078788
28.875	4.5	1.00213025768528
29.125	4.5	1.00213004919441
29.375	4.5	1.00212984557482
29.625	4.5	1.0021296470183
29.875	4.5	1.00212945367441
30.125	4.5	1.00212926566596
30.375	4.5	1.0021290830985
30.625	4.5	1.00212890606597
30.875	4.5	1.00212873465424
31.125	4.5	1.00212856894319
31.375	4.5	1.00212840900802
31.625	4.5	1.00212825492001
31.875	4.5	1.00212810674699
32.125	4.5	1.00212796455364
32.375	4.5	1.00212782840164
32.625	4.5	1.00212769834978
32.875	4.5	1.00212757445403
33.125	4.5	1.00212745676756
33.375	4.5	1.00212734534074
33.625	4.5	1.00212724022119
33.875	4.5	1.00212714145375
34.125	4.5	1.00212704908049
34.375	4.5	1.00212696314071
34.625	4.5	1.00212688367092
34.875	4.5	1.00212681070484
35.125	4.5	1.00212674427343
35.375	4.5	1.00212668440482
35.625	4.5	1.00212663112437
35.875	4.5	1.00212658445462
36.125	4.5	1.00212654441529
36.375	4.5	1.00212651102332
36.625	4.5	1.0021264842928
36.875	4.5	1.00212646423503
37.125	4.5	1.00212645085849
37.375	4.5	1.0021264441688
0.125	5.5	-0.00212599116154153
0.375	5.5	-0.00212599739926997
0.625	5.5	-0.00212600987175977
0.875	5.5	-0.00212602857307808
1.125	5.5	-0.00212605349432908
1.375	5.5	-0.00212608462365816
1.625	5.5	-0.00212612194625758
1.875	5.5	-0.00212616544437339
2.125	5.5	-0.00212621509731386
2.375	5.5	-0.00212627088145922
2.625	5.5	-0.00212633277027281
2.875	5.5	-0.00212640073431358
3.125	5.5	-0.00212647474124985
3.375	5.5	-0.00212655475587439
3.625	5.5	-0.00212664074012061
3.875	5.5	-0.00212673265307968
4.125	5.5	-0.00212683045101834
4.375	5.5	-0.00212693408739686
4.625	5.5	-0.00212704351288634
4.875	5.5	-0.00212715867538402
5.125	5.5	-0.00212727952002427
5.375	5.5	-0.00212740598918171
5.625	5.5	-0.00212753802246031
5.875	5.5	-0.00212767555665852
6.125	5.5	-0.00212781852569396
6.375	5.5	-0.00212796686046067
6.625	5.5	-0.00212812048857435
6.875	5.5	-0.00212827933393241
7.125	5.5	-0.00212844331596813
7.375	5.5	-0.00212861234840077
7.625	5.5	-0.00212878633715496
7.875	5.5	-0.00212896517691233
8.125	5.5	-0.00212914874541151
8.375	5.5	-0.00212933689404193
8.625	5.5	-0.00212952943233822
8.875	5.5	-0.00212972610243706
9.125	5.5	-0.00212992653701629
9.375	5.5	-0.00213013019005345
9.625	5.5	-0.00213033622285788
9.875	5.5	-0.00213054331650518
10.125	5.5	-0.00213074936316708
10.375	5.5	-0.00213095095816431
10.625	5.5	-0.00213114256411156
10.875	5.5	-0.00213131513549433
11.125	5.5	-0.00213145385539438
11.375	5.5	-0.00213153441127099
11.625	5.5	-0.00213151686678677
11.875	5.5	-0.00213133557798149
12.125	5.5	-0.00213088260054
12.375	5.5	-0.00212998038692553
12.625	5.5	-0.00212833686063128
12.875	5.5	-0.00212547149359196
13.125	5.5	-0.00212059367344627
13.375	5.5	-0.0021124025746606
13.625	5.5	-0.00209875789328768
13.875	5.5	-0.00207613816565067
14.125	5.5	-0.0020387497658294
14.375	5.5	-0.00197706166025126
14.625	5.5	-0.00187539677229903
14.875	5.5	-0.0017079751251108
15.125	5.5	-0.00143242053773882
15.375	5.5	-0.000979123721930967
15.625	5.5	-0.000233868352214702
15.875	5.5	0.000990409885421815
16.125	5.5	0.0029991592458353
16.375	5.5	0.00628864304289883
16.625	5.5	0.0116585011681263
16.875	5.5	0.0203796462410194
17.125	5.5	0.0344262488022994
17.375	5.5	0.0567484951330518
17.625	5.5	0.0914702143940193
17.875	5.5	0.143698191226847
18.125	5.5	0.218360928408359
18.375	5.5	0.317520239571513
18.625	5.5	0.436791171029675
18.875	5.5	0.563964795910644
19.125	5.5	0.683144517450372
19.375	5.5	0.78216196678425
19.625	5.5	0.85667933989136
19.875	5.5	0.908786444677498
20.125	5.5	0.943419242048353
20.375	5.5	0.965680757363305
20.625	5.5	0.979687722075112
20.875	5.5	0.98838370071636
21.125	5.5	0.993737844140195
21.375	5.5	0.997017610956254
21.625	5.5	0.999020384476729
21.875	5.5	1.00024099654781
22.125	5.5	1.00098400289538
22.375	5.5	1.00143591701709
22.625	5.5	1.00171061739574
22.875	5.5	1.0018775068747
23.125	5.5	1.00197883576822
23.375	5.5	1.00204030741983
23.625	5.5	1.00207755228783
23.875	5.5	1.00210007306133
24.125	5.5	1.00211364613806
24.375	5.5	1.00212178251214
24.625	5.5	1.00212661612578
24.875	5.5	1.00212944393888
25.125	5.5	1.00213105421463
25.375	5.5	1.00213192605306
25.625	5.5	1.00213235066202
25.875	5.5	1.00213250506009
26.125	5.5	1.00213249686875
26.375	5.5	1.00213239153423
26.625	5.5	1.00213222887095
26.875	5.5	1.00213203311548
27.125	5.5	1.00213181903657
27.375	5.5	1.00213159564836
27.625	5.5	1.00213136846697
27.875	5.5	1.00213114088188
28.125	5.5	1.00213091498938
28.375	5.5	1.002130692099
28.625	5.5	1.00213047304135
28.875	5.5	1.0021302583551
29.125	5.5	1.00213004840069
29.375	5.5	1.00212984342938
29.625	5.5	1.00212964362519
29.875	5.5	1.00212944913041
30.125	5.5	1.00212926006109
30.375	5.5	1.00212907651641
30.625	5.5	1.00212889858439
30.875	5.5	1.00212872634538
31.125	5.5	1.0021285598741
31.375	5.5	1.00212839924094
31.625	5.5	1.00212824451268
31.875	5.5	1.00212809575298
32.125	5.5	1.00212795302264
32.375	5.5	1.00212781637971
32.625	5.5	1.00212768587963
32.875	5.5	1.00212756157526
33.125	5.5	1.00212744351687
33.375	5.5	1.00212733175219
33.625	5.5	1.00212722632635
33.875	5.5	1.00212712728194
34.125	5.5	1.00212703465894
34.375	5.5	1.00212694849475
34.625	5.5	1.00212686882415
34.875	5.5	1.00212679567929
35.125	5.5	1.00212672908969
35.375	5.5	1.00212666908223
35.625	5.5	1.00212661568112
35.875	5.5	1.00212656890791
36.125	5.5	1.00212652878147
36.375	5.5	1.00212649531801
36.625	5.5	1.00212646853102
36.875	5.5	1.00212644843132
37.125	5.5	1.00212643502701
37.375	5.5	1.0021264283235
0.125	6.5	-0.00212601079658071
0.375	6.5	-0.00212601702258356
0.625	6.5	-0.00212602947150093
0.875	6.5	-0.00212604813715688
1.125	6.5	-0.00212607301028966
1.375	6.5	-0.00212610407855427
1.625	6.5	-0.00212614132652594
1.875	6.5	-0.00212618473570445
2.125	6.5	-0.00212623428451919
2.375	6.5	-0.00212628994833515
2.625	6.5	-0.00212635169945959
2.875	6.5	-0.00212641950714952
3.125	6.5	-0.00212649333761983
3.375	6.5	-0.002126573154052
3.625	6.5	-0.00212665891660327
3.875	6.5	-0.00212675058241612
4.125	6.5	-0.00212684810562755
4.375	6.5	-0.00212695143737787
4.625	6.5	-0.00212706052581792
4.875	6.5	-0.00212717531611347
5.125	6.5	-0.00212729575044446
5.375	6.5	-0.00212742176799531
5.625	6.5	-0.00212755330493034
5.875	6.5	-0.00212769029434401
6.125	6.5	-0.00212783266616975
6.375	6.5	-0.00212798034702003
6.625	6.5	-0.00212813325991331
6.875	6.5	-0.00212829132381432
7.125	6.5	-0.00212845445286719
7.375	6.5	-0.00212862255512292
7.625	6.5	-0.00212879553043464
7.875	6.5	-0.00212897326698349
8.125	6.5	-0.00212915563555102
8.375	6.5	-0.00212934248008379
8.625	6.5	-0.00212953360215667
8.875	6.5	-0.00212972873539676
9.125	6.5	-0.00212992750338805
9.375	6.5	-0.00213012935039393
9.625	6.5	-0.00213033342735243
9.875	6.5	-0.00213053840427391
10.125	6.5	-0.00213074216153556
10.375	6.5	-0.00213094128190327
10.625	6.5	-0.00213113021465431
10.875	6.5	-0.00213129990014784
11.125	6.5	-0.00213143550657225
11.375	6.5	-0.00213151270579607
11.625	6.5	-0.00213149154534353
11.875	6.5	-0.00213130636485072
12.125	6.5	-0.00213084920383392
12.375	6.5	-0.0021299424996805
12.625	6.5	-0.00212829416334189
12.875	6.5	-0.00212542365913827
13.125	6.5	-0.00212054037596548
13.375	6.5	-0.00211234350488889
13.625	6.5	-0.00209869278448352
13.875	6.5	-0.00207606683678975
14.125	6.5	-0.00203867219295459
14.375	6.5	-0.00197697809367277
14.625	6.5	-0.00187530792838984
14.875	6.5	-0.00170788249931139
15.125	6.5	-0.00143232691413208
15.375	6.5	-0.000979034000563798
15.625	6.5	-0.000233790887173166
15.875	6.5	0.000990461134837907
16.125	6.5	0.00299916129109778
16.375	6.5	0.00628855850823495
16.625	6.5	0.0116582701516326
16.875	6.5	0.0203791746009803
17.125	6.5	0.0344253929945464
17.375	6.5	0.0567470469640208
17.625	6.5	0.0914678971396585
17.875	6.5	0.143694693225926
18.125	6.5	0.218356013066629
18.375	6.5	0.31751394450628
18.625	6.5	0.436783991728632
18.875	6.5	0.563957619444258
19.125	6.5	0.683138229506903
19.375	6.5	0.782157059997859
19.625	6.5	0.856675849620217
19.875	6.5	0.908784133382458
20.125	6.5	0.943417798052465
20.375	6.5	0.9656799043053
20.625	6.5	0.97968725217392
20.875	6.5	0.988383470765148
21.125	6.5	0.993737760238564
21.375	6.5	0.997017613363561
21.625	6.5	0.999020435920957
21.875	6.5	1.00024107410572
22.125	6.5	1.00098409264822
22.375	6.5	1.00143601063573
22.625	6.5	1.00171070999538
22.875	6.5	1.00187759568055
23.125	6.5	1.00197891929043
23.375	6.5	1.00204038494539
23.625	6.5	1.00207762356841
23.875	6.5	1.00210013812206
24.125	6.5	1.0021137051606
24.375	6.5	1.00212183576357
24.625	6.5	1.00212666391553
24.875	6.5	1.00212948659287
25.125	6.5	1.00213109205998
25.375	6.5	1.00213195940922
25.625	6.5	1.0021323798359
25.875	6.5	1.00213253034351
26.125	6.5	1.00213251853736
26.375	6.5	1.00213240984728
26.625	6.5	1.00213224407154
26.875	6.5	1.00213204543114
27.125	6.5	1.00213182867995
27.375	6.5	1.00213160281795
27.625	6.5	1.00213137334795
27.875	6.5	1.00213114364689
28.125	6.5	1.00213091579924
28.375	6.5	1.00213069110349
28.625	6.5	1.00213047037987
28.875	6.5	1.00213025415735
29.125	6.5	1.00213004278727
29.375	6.5	1.00212983651238
29.625	6.5	1.00212963550876
29.875	6.5	1.00212943991124
30.125	6.5	1.00212924982891
30.375	6.5	1.00212906535447
30.625	6.5	1.00212888656987
30.875	6.5	1.00212871354977
31.125	6.5	1.00212854636363
31.375	6.5	1.00212838507688
31.625	6.5	1.00212822975172
31.875	6.5	1.00212808044754
32.125	6.5	1.00212793722113
32.375	6.5	1.00212780012686
32.625	6.5	1.00212766921672
32.875	6.5	1.00212754454038
33.125	6.5	1.00212742614515
33.375	6.5	1.00212731407604
33.625	6.5	1.00212720837566
33.875	6.5	1.00212710908428
34.125	6.5	1.00212701623975
34.375	6.5	1.00212692987752
34.625	6.5	1.00212685003059
34.875	6.5	1.0021267767295
35.125	6.5	1.00212671000233
35.375	6.5	1.00212664987464
35.625	6.5	1.00212659636949
35.875	6.5	1.00212654950742
36.125	6.5	1.00212650930643
36.375	6.5	1.00212647578196
36.625	6.5	1.0021264489469
36.875	6.5	1.00212642881157
37.125	6.5	1.00212641538371
37.375	6.5	1.00212640866849
0.125	7.5	-0.00212603444644568
0.375	7.5	-0.00212604066487595
0.625	7.5	-0.0021260530985331
0.875	7.5	-0.00212607174101066
1.125	7.5	-0.00212609658269978
1.375	7.5	-0.00212612761079026
1.625	7.5	-0.00212616480927201
1.875	7.5	-0.00212620815893673
2.125	7.5	-0.00212625763737992
2.375	7.5	-0.00212631321900311
2.625	7.5	-0.00212637487501635
2.875	7.5	-0.00212644257344083
3.125	7.5	-0.00212651627911156
3.375	7.5	-0.00212659595368005
3.625	7.5	-0.00212668155561675
3.875	7.5	-0.00212677304021315
4.125	7.5	-0.00212687035958294
4.375	7.5	-0.00212697346266198
4.625	7.5	-0.00212708229520589
4.875	7.5	-0.002127196799784
5.125	7.5	-0.00212731691576733
5.375	7.5	-0.0021274425793067
5.625	7.5	-0.00212757372329492
5.875	7.5	-0.002127710277303
6.125	7.5	-0.00212785216747362
6.375	7.5	-0.00212799931634496
6.625	7.5	-0.00212815164256004
6.875	7.5	-0.00212830906038824
7.125	7.5	-0.00212847147893828
7.375	7.5	-0.00212863880086423
7.625	7.5	-0.00212881092023776
7.875	7.5	-0.00212898771904955
8.125	7.5	-0.00212916906145567
8.375	7.5	-0.00212935478431456
8.625	7.5	-0.00212954468162125
8.875	7.5	-0.00212973847890083
9.125	7.5	-0.00212993579108166
9.375	7.5	-0.00213013605318594
9.625	7.5	-0.00213033840629377
9.875	7.5	-0.00213054150991198
10.125	7.5	-0.00213074323324554
10.375	7.5	-0.0021309401472069
10.625	7.5	-0.00213112668854552
10.875	7.5	-0.00213129378445852
11.125	7.5	-0.00213142658943469
11.375	7.5	-0.00213150076129646
11.625	7.5	-0.0021314763335233
11.875	7.5	-0.00213128763231425
12.125	7.5	-0.0021308266853882
12.375	7.5	-0.0021299159217053
12.625	7.5	-0.00212826325003622
12.875	7.5	-0.00212538814352033
13.125	7.5	-0.00212050001870044
13.375	7.5	-0.00211229812597777
13.625	7.5	-0.00209864231605126
13.875	7.5	-0.0020760114104528
14.125	7.5	-0.00203861228381788
14.375	7.5	-0.0019769147570011
14.625	7.5	-0.00187524318781176
14.875	7.5	-0.00170781998248393
15.125	7.5	-0.0014322728916996
15.375	7.5	-0.000978999080139382
15.625	7.5	-0.000233792765073973
15.875	7.5	0.000990393230455124
16.125	7.5	0.00299897949781585
16.375	7.5	0.00628818516848735
16.625	7.5	0.0116575807879141
16.875	7.5	0.0203779733050816
17.125	7.5	0.0344233804020819
17.375	7.5	0.0567437877610005
17.625	7.5	0.0914628110930688
17.875	7.5	0.143687124836816
18.125	7.5	0.218345462565586
18.375	7.5	0.317500488261574
18.625	7.5	0.436768671794218
18.875	7.5	0.563942305293911
19.125	7.5	0.68312478778489
19.375	7.5	0.782146526924502
19.625	7.5	0.856668296959401
19.875	7.5	0.908779059452859
20.125	7.5	0.943414547337104
20.375	7.5	0.965677897317925
20.625	7.5	0.979686054442277
20.875	7.5	0.988382783609723
21.125	7.5	0.993737388238944
21.375	7.5	0.997017432366866
21.625	7.5	0.999020368477646
21.875	7.5	1.00024107248379
22.125	7.5	1.00098412770019
22.375	7.5	1.0014360647148
22.625	7.5	1.00171077252416
22.875	7.5	1.00187766040676
23.125	7.5	1.00197898259755
23.375	7.5	1.00204044481649
23.625	7.5	1.00207767895226
23.875	7.5	1.00210018854595
24.125	7.5	1.00211375049433
24.375	7.5	1.00212187607583
24.625	7.5	1.00212669938677
24.875	7.5	1.00212951746268
25.125	7.5	1.00213111859544
25.375	7.5	1.00213198188618
25.625	7.5	1.00213239852799
25.875	7.5	1.00213254551589
26.125	7.5	1.00213253044339
26.375	7.5	1.00213241872686
26.625	7.5	1.00213225015055
26.875	7.5	1.00213204892141
27.125	7.5	1.00213182977958
27.375	7.5	1.00213160171193
27.625	7.5	1.00213137020871
27.875	7.5	1.00213113863501
28.125	7.5	1.00213090906414
28.375	7.5	1.0021306827841
28.625	7.5	1.00213046060524
28.875	7.5	1.0021302430473
29.125	7.5	1.00213003045298
29.375	7.5	1.00212982305691
29.625	7.5	1.00212962102759
29.875	7.5	1.00212942449278
30.125	7.5	1.00212923355494
30.375	7.5	1.00212904830057
30.625	7.5	1.00212886880585
30.875	7.5	1.00212869514005
31.125	7.5	1.00212852736758
31.375	7.5	1.00212836554918
31.625	7.5	1.00212820974269
31.875	7.5	1.0021280600034
32.125	7.5	1.00212791638432
32.375	7.5	1.0021277789363
32.625	7.5	1.00212764770807
32.875	7.5	1.00212752274625
33.125	7.5	1.00212740409535
33.375	7.5	1.00212729179777
33.625	7.5	1.00212718589375
33.875	7.5	1.00212708642133
34.125	7.5	1.00212699341636
34.375	7.5	1.00212690691242
34.625	7.5	1.00212682694084
34.875	7.5	1.00212675353061
35.125	7.5	1.00212668670845
35.375	7.5	1.00212662649867
35.625	7.5	1.00212657292325
35.875	7.5	1.00212652600175
36.125	7.5	1.00212648575134
36.375	7.5	1.00212645218675
36.625	7.5	1.00212642532029
36.875	7.5	1.00212640516182
37.125	7.5	1.00212639171872
37.375	7.5	1.00212638499594
0.125	8.5	-0.00212606225079362
0.375	8.5	-0.00212606846774724
0.625	8.5	-0.00212608089835091
0.875	8.5	-0.00212609953599728
1.125	8.5	-0.00212612437077502
1.375	8.5	-0.00212615538946859
1.625	8.5	-0.00212619257555774
1.875	8.5	-0.00212623590921695
2.125	8.5	-0.00212628536731466
2.375	8.5	-0.00212634092341224
2.625	8.5	-0.00212640254776268
2.875	8.5	-0.00212647020730891
3.125	8.5	-0.0021265438656817
3.375	8.5	-0.00212662348319689
3.625	8.5	-0.00212670901685192
3.875	8.5	-0.00212680042032131
4.125	8.5	-0.00212689764395071
4.375	8.5	-0.00212700063474895
4.625	8.5	-0.00212710933637713
4.875	8.5	-0.00212722368913334
5.125	8.5	-0.00212734362993056
5.375	8.5	-0.00212746909226403
5.625	8.5	-0.00212760000616179
5.875	8.5	-0.00212773629810827
6.125	8.5	-0.00212787789092441
6.375	8.5	-0.00212802470357697
6.625	8.5	-0.00212817665087238
6.875	8.5	-0.00212833364296169
7.125	8.5	-0.00212849558453585
7.375	8.5	-0.0021286623735127
7.625	8.5	-0.00212883389888919
7.875	8.5	-0.00212901003722124
8.125	8.5	-0.00212919064684756
8.375	8.5	-0.00212937555840269
8.625	8.5	-0.00212956455922639
8.875	8.5	-0.00212975736773153
9.125	8.5	-0.00212995359125163
9.375	8.5	-0.0021301526567067
9.625	8.5	-0.00213035369654524
9.875	8.5	-0.00213055536109681
10.125	8.5	-0.00213075550983773
10.375	8.5	-0.00213095070341376
10.625	8.5	-0.00213113536781541
10.875	8.5	-0.00213130041908941
11.125	8.5	-0.00213143100037543
11.375	8.5	-0.00213150275829319
11.625	8.5	-0.00213147571586315
11.875	8.5	-0.00213128419058167
12.125	8.5	-0.00213082020491754
12.375	8.5	-0.00212990618885326
12.625	8.5	-0.00212825006311949
12.875	8.5	-0.00212537133144809
13.125	8.5	-0.00212047947227425
13.375	8.5	-0.00211227385001788
13.625	8.5	-0.00209861451573488
13.875	8.5	-0.00207598063381763
14.125	8.5	-0.00203857965642164
14.375	8.5	-0.00197688236770039
14.625	8.5	-0.00187521472214581
14.875	8.5	-0.00170780176123469
15.125	8.5	-0.00143227557109194
15.375	8.5	-0.000979040428722707
15.625	8.5	-0.000233902182459516
15.875	8.5	0.000990167404635462
16.125	8.5	0.00299855828052944
16.375	8.5	0.00628744051176895
16.625	8.5	0.0116563074322159
16.875	8.5	0.0203758480204199
17.125	8.5	0.0344199088398204
17.375	8.5	0.0567382503402335
17.625	8.5	0.0914542476101299
17.875	8.5	0.143674449201917
18.125	8.5	0.218327845255471
18.375	8.5	0.31747805386285
18.625	8.5	0.436743146602274
18.875	8.5	0.563916789125471
19.125	8.5	0.683102376034373
19.375	8.5	0.782128936776013
19.625	8.5	0.856655645819516
19.875	8.5	0.908770514828415
20.125	8.5	0.943409023122117
20.375	8.5	0.965674434479879
20.625	8.5	0.97968393471433
20.875	8.5	0.98838151370956
21.125	8.5	0.993736645694337
21.375	8.5	0.997017012421454
21.625	8.5	0.999020143405235
21.875	8.5	1.00024096350265
22.125	8.5	1.000984086595
22.375	8.5	1.00143606216209
22.625	8.5	1.00171079080182
22.875	8.5	1.00187768888675
23.125	8.5	1.0019790149762
23.375	8.5	1.00204047741859
23.625	8.5	1.00207770969519
23.875	8.5	1.0021002163079
24.125	8.5	1.0021137747295
24.375	8.5	1.00212189658039
24.625	8.5	1.0021267161567
24.875	8.5	1.00212953060762
25.125	8.5	1.00213112828675
25.375	8.5	1.00213198832568
25.625	8.5	1.00213240192939
25.875	8.5	1.00213254609389
26.125	8.5	1.00213252840741
26.375	8.5	1.00213241427761
26.625	8.5	1.00213224347827
26.875	8.5	1.00213204020512
27.125	8.5	1.00213181918697
27.375	8.5	1.00213158939952
27.625	8.5	1.00213135632228
27.875	8.5	1.00213112331006
28.125	8.5	1.00213089242645
28.375	8.5	1.00213066495027
28.625	8.5	1.00213044168324
28.875	8.5	1.00213022313699
29.125	8.5	1.00213000964664
29.375	8.5	1.00212980143971
29.625	8.5	1.00212959867803
29.875	8.5	1.00212940148315
30.125	8.5	1.0021292099517
30.375	8.5	1.00212902416476
30.625	8.5	1.00212884419342
30.875	8.5	1.00212867010223
31.125	8.5	1.00212850195117
31.375	8.5	1.00212833979687
31.625	8.5	1.00212818369333
31.875	8.5	1.00212803369227
32.125	8.5	1.00212788984338
32.375	8.5	1.00212775219442
32.625	8.5	1.00212762079125
32.875	8.5	1.00212749567784
33.125	8.5	1.00212737689625
33.375	8.5	1.0021272644866
33.625	8.5	1.00212715848703
33.875	8.5	1.00212705893368
34.125	8.5	1.0021269658606
34.375	8.5	1.00212687929977
34.625	8.5	1.00212679928103
34.875	8.5	1.00212672583207
35.125	8.5	1.00212665897836
35.375	8.5	1.00212659874317
35.625	8.5	1.0021265451475
35.875	8.5	1.00212649821008
36.125	8.5	1.00212645794736
36.375	8.5	1.00212642437344
36.625	8.5	1.00212639750012
36.875	8.5	1.00212637733685
37.125	8.5	1.00212636389072
37.375	8.5	1.00212635716648
0.125	9.5	-0.00212609424808125
0.375	9.5	-0.00212610047134872
0.625	9.5	-0.00212611291450229
0.875	9.5	-0.00212613157077868
1.125	9.5	-0.00212615643003176
1.375	9.5	-0.00212618747873116
1.625	9.5	-0.00212622469996039
1.875	9.5	-0.00212626807341431
2.125	9.5	-0.0021263175753962
2.375	9.5	-0.00212637317881403
2.625	9.5	-0.00212643485317612
2.875	9.5	-0.00212650256458601
3.125	9.5	-0.00212657627573643
3.375	9.5	-0.00212665594590217
3.625	9.5	-0.00212674153093187
3.875	9.5	-0.00212683298323813
4.125	9.5	-0.00212693025178578
4.375	9.5	-0.00212703328207764
4.625	9.5	-0.00212714201613671
4.875	9.5	-0.00212725639248344
5.125	9.5	-0.00212737634610562
5.375	9.5	-0.00212750180841699
5.625	9.5	-0.0021276327071985
5.875	9.5	-0.00212776896651181
6.125	9.5	-0.00212791050656861
6.375	9.5	-0.00212805724352834
6.625	9.5	-0.00212820908917969
6.875	9.5	-0.0021283659504323
7.125	9.5	-0.00212852772849789
7.375	9.5	-0.00212869431756225
7.625	9.5	-0.00212886560262146
7.875	9.5	-0.00212904145594494
8.125	9.5	-0.00212922173128157
8.375	9.5	-0.00212940625435439
8.625	9.5	-0.00212959480725121
8.875	9.5	-0.00212978710277399
9.125	9.5	-0.00212998274226871
9.375	9.5	-0.00213018114627639
9.625	9.5	-0.00213038144046529
9.875	9.5	-0.00213058226798327
10.125	9.5	-0.00213078148073995
10.375	9.5	-0.00213097563147438
10.625	9.5	-0.00213115913802333
10.875	9.5	-0.00213132290820591
11.125	9.5	-0.00213145207716632
11.375	9.5	-0.00213152228428696
11.625	9.5	-0.00213149354699742
11.875	9.5	-0.00213130018033544
12.125	9.5	-0.00213083420991177
12.375	9.5	-0.0021299180785359
12.625	9.5	-0.00212825973619169
12.875	9.5	-0.0021253787433979
13.125	9.5	-0.00212048468119212
13.375	9.5	-0.00211227709248078
13.625	9.5	-0.00209861633211952
13.875	9.5	-0.00207598207483482
14.125	9.5	-0.002038582623055
14.375	9.5	-0.00197689017013977
14.625	9.5	-0.0018752329979292
14.875	9.5	-0.00170783998182588
15.125	9.5	-0.00143234951036097
15.375	9.5	-0.000979176198297777
15.625	9.5	-0.000234142804403176
15.875	9.5	0.000989751356945897
16.125	9.5	0.00299785162861418
16.375	9.5	0.0062862566053907
16.625	9.5	0.0116543470636501
16.875	9.5	0.0203726398744668
17.125	9.5	0.0344147317576566
17.375	9.5	0.0567300540232175
17.625	9.5	0.0914416297087122
17.875	9.5	0.143655822442564
18.125	9.5	0.218301996084811
18.375	9.5	0.317445162556386
18.625	9.5	0.436705735441718
18.875	9.5	0.563879389899126
19.125	9.5	0.68306951467291
19.375	9.5	0.782103123498812
19.625	9.5	0.85663705140792
19.875	9.5	0.908757921813806
20.125	9.5	0.943400844222122
20.375	9.5	0.965669268900958
20.625	9.5	0.979680733897535
20.875	9.5	0.988379557904878
21.125	9.5	0.993735464585953
21.375	9.5	0.99701630746418
21.625	9.5	0.999019728371807
21.875	9.5	1.00024072347878
22.125	9.5	1.00098395117021
22.375	9.5	1.00143598841397
22.625	9.5	1.00171075267942
22.875	9.5	1.00187767065306
23.125	9.5	1.00197900718206
23.375	9.5	1.00204047443999
23.625	9.5	1.00207770823012
23.875	9.5	1.00210021446032
24.125	9.5	1.0021137714517
24.375	9.5	1.0021218913338
24.625	9.5	1.00212670870582
24.875	9.5	1.00212952089503
25.125	9.5	1.00213111635736
25.375	9.5	1.00213197428104
25.625	9.5	1.00213238590019
25.875	9.5	1.0021325282236
26.125	9.5	1.0021325088426
26.375	9.5	1.00213239316237
26.625	9.5	1.0021322209511
26.875	9.5	1.00213201639726
27.125	9.5	1.00213179422167
27.375	9.5	1.00213156339178
27.625	9.5	1.00213132937896
27.875	9.5	1.00213109553011
28.125	9.5	1.00213086390126
28.375	9.5	1.00213063576402
28.625	9.5	1.00213041191336
28.875	9.5	1.00213019285452
29.125	9.5	1.00212997891662
29.375	9.5	1.00212977032158
29.625	9.5	1.00212956722598
29.875	9.5	1.00212936974644
30.125	9.5	1.00212917797503
30.375	9.5	1.00212899198851
30.625	9.5	1.002128811854
30.875	9.5	1.00212863763229
31.125	9.5	1.00212846937989
31.375	9.5	1.00212830715021
31.625	9.5	1.00212815099419
31.875	9.5	1.00212800096078
32.125	9.5	1.00212785709704
32.375	9.5	1.00212771944832
32.625	9.5	1.00212758805822
32.875	9.5	1.00212746296863
33.125	9.5	1.0021273442197
33.375	9.5	1.00212723184976
33.625	9.5	1.00212712589531
33.875	9.5	1.00212702639098
34.125	9.5	1.00212693336945
34.375	9.5	1.00212684686143
34.625	9.5	1.00212676689562
34.875	9.5	1.00212669349866
35.125	9.5	1.00212662669509
35.375	9.5	1.00212656650733
35.625	9.5	1.00212651295565
35.875	9.5	1.00212646605811
36.125	9.5	1.0021264258306
36.375	9.5	1.00212639228675
36.625	9.5	1.00212636543795
36.875	9.5	1.00212634529335
37.125	9.5	1.0021263318598
37.375	9.5	1.00212632514188
0.125	10.5	-0.0021261303469162
0.375	10.5	-0.00212613658560591
0.625	10.5	-0.00212614905955478
0.875	10.5	-0.00212616776190086
1.125	10.5	-0.00212619268234941
1.375	10.5	-0.00212622380717073
1.625	10.5	-0.00212626111919716
1.875	10.5	-0.00212630459781941
2.125	10.5	-0.00212635421898189
2.375	10.5	-0.00212640995517727
2.625	10.5	-0.00212647177543994
2.875	10.5	-0.00212653964533846
3.125	10.5	-0.00212661352696684
3.375	10.5	-0.00212669337893441
3.625	10.5	-0.00212677915635416
3.875	10.5	-0.00212687081082928
4.125	10.5	-0.00212696829043735
4.375	10.5	-0.00212707153971173
4.625	10.5	-0.00212718049961896
4.875	10.5	-0.00212729510753094
5.125	10.5	-0.00212741529718917
5.375	10.5	-0.00212754099865742
5.625	10.5	-0.00212767213825651
5.875	10.5	-0.00212780863847093
6.125	10.5	-0.00212795041781067
6.375	10.5	-0.00212809739060109
6.625	10.5	-0.00212824946665589
6.875	10.5	-0.00212840655075978
7.125	10.5	-0.0021285685418401
7.375	10.5	-0.00212873533162858
7.625	10.5	-0.00212890680248694
7.875	10.5	-0.00212908282385884
8.125	10.5	-0.00212926324646448
8.375	10.5	-0.00212944789278388
8.625	10.5	-0.00212963654143627
8.875	10.5	-0.00212982890151943
9.125	10.5	-0.002130024570432
9.375	10.5	-0.00213022296452119
9.625	10.5	-0.00213042320501991
9.875	10.5	-0.00213062393041761
10.125	10.5	-0.00213082298778432
10.375	10.5	-0.00213101692491928
10.625	10.5	-0.00213120015476504
10.875	10.5	-0.00213136358054563
11.125	10.5	-0.00213149233354064
11.375	10.5	-0.00213156205072298
11.625	10.5	-0.00213153274977581
11.875	10.5	-0.00213133875065702
12.125	10.5	-0.00213087209187689
12.375	10.5	-0.00212995524259061
12.625	10.5	-0.00212829620158334
12.875	10.5	-0.00212541461546643
13.125	10.5	-0.00212052021307719
13.375	10.5	-0.00211231278699548
13.625	10.5	-0.00209865310968191
13.875	10.5	-0.00207602155000494
14.125	10.5	-0.00203862755956568
14.375	10.5	-0.00197694522913182
14.625	10.5	-0.00187530596743544
14.875	10.5	-0.00170794379512382
15.125	10.5	-0.00143250555468477
15.375	10.5	-0.000979419726726809
15.625	10.5	-0.000234531755514953
15.875	10.5	0.000989122072572262
16.125	10.5	0.00299682721957589
16.375	10.5	0.00628458628975734
16.625	10.5	0.0116516288192887
16.875	10.5	0.020368240315038
17.125	10.5	0.0344076814680636
17.375	10.5	0.0567189406673551
17.625	10.5	0.0914245668306974
17.875	10.5	0.143630673865843
18.125	10.5	0.218267127378078
18.375	10.5	0.317400814363795
18.625	10.5	0.436655301117232
18.875	10.5	0.563828969301284
19.125	10.5	0.683025200912183
19.375	10.5	0.782068296040077
19.625	10.5	0.856611939976259
19.875	10.5	0.908740887488767
20.125	10.5	0.943389750831805
20.375	10.5	0.965662231788089
20.625	10.5	0.979676342729792
20.875	10.5	0.988376844886531
21.125	10.5	0.993733797477421
21.375	10.5	0.997015285002305
21.625	10.5	0.99901910025841
21.875	10.5	1.00024033522413
22.125	10.5	1.00098370804942
22.375	10.5	1.00143583260193
22.625	10.5	1.00171064899203
22.875	10.5	1.00187759774492
23.125	10.5	1.00197895214527
23.375	10.5	1.00204042950186
23.625	10.5	1.00207766873882
23.875	10.5	1.00210017765775
24.125	10.5	1.00211373572675
24.375	10.5	1.00212185576813
24.625	10.5	1.00212667279792
24.875	10.5	1.00212948439256
25.125	10.5	1.00213107915548
25.375	10.5	1.00213193636081
25.625	10.5	1.00213234729139
25.875	10.5	1.00213248898226
26.125	10.5	1.00213246903762
26.375	10.5	1.00213235286755
26.625	10.5	1.00213218024044
26.875	10.5	1.00213197534238
27.125	10.5	1.00213175289029
27.375	10.5	1.00213152184705
27.625	10.5	1.00213128767909
27.875	10.5	1.00213105372839
28.125	10.5	1.00213082204613
28.375	10.5	1.00213059389926
28.625	10.5	1.00213037007832
28.875	10.5	1.00213015108435
29.125	10.5	1.00212993724251
29.375	10.5	1.00212972877103
29.625	10.5	1.00212952582301
29.875	10.5	1.00212932851184
30.125	10.5	1.00212913692654
30.375	10.5	1.00212895114105
30.625	10.5	1.00212877121986
30.875	10.5	1.0021285972213
31.125	10.5	1.00212842919959
31.375	10.5	1.00212826720602
31.625	10.5	1.00212811128957
31.875	10.5	1.00212796149732
32.125	10.5	1.00212781787467
32.375	10.5	1.00212768046535
32.625	10.5	1.00212754931154
32.875	10.5	1.00212742445375
33.125	10.5	1.00212730593089
33.375	10.5	1.00212719378014
33.625	10.5	1.00212708803696
33.875	10.5	1.00212698873498
34.125	10.5	1.00212689590602
34.375	10.5	1.00212680957997
34.625	10.5	1.0021267297848
34.875	10.5	1.00212665654647
35.125	10.5	1.00212658988893
35.375	10.5	1.00212652983406
35.625	10.5	1.00212647640166
35.875	10.5	1.00212642960938
36.125	10.5	1.00212638947275
36.375	10.5	1.00212635600508
36.625	10.5	1.00212632921754
36.875	10.5	1.00212630911904
37.125	10.5	1.00212629571631
37.375	10.5	1.00212628901383
0.125	11.5	-0.00212617030373213
0.375	11.5	-0.00212617656779027
0.625	11.5	-0.00212618909245968
0.875	11.5	-0.00212620787084567
1.125	11.5	-0.00212623289260406
1.375	11.5	-0.00212626414393859
1.625	11.5	-0.00212630160759747
1.875	11.5	-0.00212634526286897
2.125	11.5	-0.002126395085576
2.375	11.5	-0.00212645104806971
2.625	11.5	-0.00212651311922193
2.875	11.5	-0.00212658126441634
3.125	11.5	-0.00212665544553839
3.375	11.5	-0.00212673562096368
3.625	11.5	-0.00212682174554459
3.875	11.5	-0.00212691377059501
4.125	11.5	-0.00212701164387251
4.375	11.5	-0.00212711530955749
4.625	11.5	-0.00212722470822837
4.875	11.5	-0.00212733977683102
5.125	11.5	-0.00212746044864041
5.375	11.5	-0.00212758665321031
5.625	11.5	-0.00212771831630486
5.875	11.5	-0.00212785535980186
6.125	11.5	-0.00212799770155106
6.375	11.5	-0.00212814525516013
6.625	11.5	-0.00212829792966368
6.875	11.5	-0.00212845562900165
7.125	11.5	-0.00212861825118645
7.375	11.5	-0.00212878568696017
7.625	11.5	-0.00212895781761547
7.875	11.5	-0.00212913451144279
8.125	11.5	-0.00212931561792063
8.375	11.5	-0.00212950095819486
8.625	11.5	-0.00212969030945558
8.875	11.5	-0.00212988337927588
9.125	11.5	-0.00213007976343741
9.375	11.5	-0.00213027887658792
9.625	11.5	-0.00213047983819894
9.875	11.5	-0.00213068128497549
10.125	11.5	-0.00213088106224909
10.375	11.5	-0.00213107571624536
10.625	11.5	-0.0021312596586996
10.875	11.5	-0.00213142379233248
11.125	11.5	-0.00213155324918589
11.375	11.5	-0.00213162366919164
11.625	11.5	-0.00213159507672745
11.875	11.5	-0.00213140180472079
12.125	11.5	-0.00213093591511273
12.375	11.5	-0.00213001991784611
12.625	11.5	-0.00212836188120456
12.875	11.5	-0.0021254815686974
13.125	11.5	-0.00212058890421485
13.375	11.5	-0.00211238400414858
13.625	11.5	-0.0020987281767768
13.875	11.5	-0.00207610267570791
14.125	11.5	-0.00203871841132044
14.375	11.5	-0.00197705187714276
14.625	11.5	-0.00187543843612076
14.875	11.5	-0.00170811861076322
15.125	11.5	-0.00143274992322211
15.375	11.5	-0.000979778369637519
15.625	11.5	-0.000235078054146204
15.875	11.5	0.000988268018356107
16.125	11.5	0.00299546962362891
16.375	11.5	0.00628240800381166
16.625	11.5	0.0116481214221679
16.875	11.5	0.0203626026885961
17.125	11.5	0.0343986872459692
17.375	11.5	0.0567048027461416
17.625	11.5	0.0914028975278329
17.875	11.5	0.14359876849976
18.125	11.5	0.21822291523674
18.375	11.5	0.317344597760047
18.625	11.5	0.436591374564342
18.875	11.5	0.563765056305222
19.125	11.5	0.682969018300166
19.375	11.5	0.78202412458757
19.625	11.5	0.856580071212314
19.875	11.5	0.908719246285469
20.125	11.5	0.943375632531548
20.375	11.5	0.965653250496834
20.625	11.5	0.979670713327432
20.875	11.5	0.988373342605377
21.125	11.5	0.99373162232887
21.375	11.5	0.997013929311153
21.625	11.5	0.999018247350835
21.875	11.5	1.00023978960922
22.125	11.5	1.00098334980868
22.375	11.5	1.00143558846457
22.625	11.5	1.0017104743037
22.875	11.5	1.00187746534034
23.125	11.5	1.00197884552274
23.375	11.5	1.00204033865187
23.625	11.5	1.0020775876002
23.875	11.5	1.00210010256856
24.125	11.5	1.00211366448167
24.375	11.5	1.00212178704532
24.625	11.5	1.00212660581056
24.875	11.5	1.00212941867717
25.125	11.5	1.00213101444335
25.375	11.5	1.00213187249994
25.625	11.5	1.00213228419917
25.875	11.5	1.00213242661681
26.125	11.5	1.00213240738043
26.375	11.5	1.00213229191305
26.625	11.5	1.00213211998975
26.875	11.5	1.00213191579955
27.125	11.5	1.00213169406014
27.375	11.5	1.00213146373386
27.625	11.5	1.00213123028595
27.875	11.5	1.0021309970568
28.125	11.5	1.00213076609585
28.375	11.5	1.00213053866827
28.625	11.5	1.00213031556282
28.875	11.5	1.00213009727884
29.125	11.5	1.00212988413988
29.375	11.5	1.00212967636263
29.625	11.5	1.00212947409876
29.875	11.5	1.00212927746033
30.125	11.5	1.00212908653512
30.375	11.5	1.00212890139591
30.625	11.5	1.00212872210611
30.875	11.5	1.00212854872308
31.125	11.5	1.00212838130011
31.375	11.5	1.00212821988764
31.625	11.5	1.00212806453387
31.875	11.5	1.00212791528518
32.125	11.5	1.00212777218628
32.375	11.5	1.00212763528032
32.625	11.5	1.0021275046089
32.875	11.5	1.00212738021205
33.125	11.5	1.00212726212818
33.375	11.5	1.00212715039406
33.625	11.5	1.00212704504475
33.875	11.5	1.00212694611355
34.125	11.5	1.00212685363193
34.375	11.5	1.00212676762951
34.625	11.5	1.00212668813398
34.875	11.5	1.00212661517109
35.125	11.5	1.00212654876458
35.375	11.5	1.00212648893614
35.625	11.5	1.00212643570539
35.875	11.5	1.00212638908986
36.125	11.5	1.00212634910493
36.375	11.5	1.00212631576385
36.625	11.5	1.00212628907767
36.875	11.5	1.00212626905526
37.125	11.5	1.00212625570327
37.375	11.5	1.00212624902617
0.125	12.5	-0.00212621370852901
0.375	12.5	-0.00212622000818714
0.625	12.5	-0.00212623260407529
0.875	12.5	-0.0021262514893363
1.125	12.5	-0.00212627665368228
1.375	12.5	-0.00212630808339202
1.625	12.5	-0.00212634576130759
1.875	12.5	-0.0021263896668299
2.125	12.5	-0.00212643977591334
2.375	12.5	-0.0021264960610594
2.625	12.5	-0.00212655849130908
2.875	12.5	-0.00212662703223419
3.125	12.5	-0.00212670164592729
3.375	12.5	-0.00212678229099009
3.625	12.5	-0.00212686892252022
3.875	12.5	-0.00212696149209598
4.125	12.5	-0.00212705994775869
4.375	12.5	-0.00212716423399194
4.625	12.5	-0.00212727429169689
4.875	12.5	-0.002127390058162
5.125	12.5	-0.00212751146702476
5.375	12.5	-0.00212763844822174
5.625	12.5	-0.00212777092792043
5.875	12.5	-0.00212790882842289
6.125	12.5	-0.00212805206802444
6.375	12.5	-0.00212820056080018
6.625	12.5	-0.00212835421627454
6.875	12.5	-0.00212851293890046
7.125	12.5	-0.00212867662722741
7.375	12.5	-0.00212884517255977
7.625	12.5	-0.00212901845677914
7.875	12.5	-0.00212919634879374
8.125	12.5	-0.00212937869873136
8.375	12.5	-0.00212956532842291
8.625	12.5	-0.00212975601578525
8.875	12.5	-0.00212995046916937
9.125	12.5	-0.00213014828520036
9.375	12.5	-0.00213034887945793
9.625	12.5	-0.0021305513724707
9.875	12.5	-0.00213075440218518
10.125	12.5	-0.00213095581545486
10.375	12.5	-0.00213115216046457
10.625	12.5	-0.00213133785160256
10.875	12.5	-0.0021315037953564
11.125	12.5	-0.00213163512933868
11.375	12.5	-0.00213170750198891
11.625	12.5	-0.00213168095099233
11.875	12.5	-0.00213148983044731
12.125	12.5	-0.0021310262363689
12.375	12.5	-0.0021301127339688
12.625	12.5	-0.00212845748163872
12.875	12.5	-0.00212558039028842
13.125	12.5	-0.00212069162545009
13.375	12.5	-0.0021124917002008
13.625	12.5	-0.00209884257459141
13.875	12.5	-0.00207622657367451
14.125	12.5	-0.00203885636962682
14.375	12.5	-0.00197721135308967
14.625	12.5	-0.00187563165030193
14.875	12.5	-0.00170836561214659
15.125	12.5	-0.00143308361664631
15.375	12.5	-0.000980252744010865
15.625	12.5	-0.000235781600031321
15.875	12.5	0.000987190561062236
16.125	12.5	0.00299378237186505
16.375	12.5	0.00627972889810057
16.625	12.5	0.011643837972631
16.875	12.5	0.0203557497087173
17.125	12.5	0.0343877870053592
17.375	12.5	0.0566877014688238
17.625	12.5	0.0913767170176507
17.875	12.5	0.143560247489163
18.125	12.5	0.218169555405587
18.375	12.5	0.317276760684408
18.625	12.5	0.436514235663567
18.875	12.5	0.563687928092656
19.125	12.5	0.682901208002222
19.375	12.5	0.781970796761206
19.625	12.5	0.856541578930858
19.875	12.5	0.908693087773106
20.125	12.5	0.943358546568565
20.375	12.5	0.965642360315762
20.625	12.5	0.979663866723165
20.875	12.5	0.988369063107488
21.125	12.5	0.993728945637344
21.375	12.5	0.997012243519201
21.625	12.5	0.99901717076832
21.875	12.5	1.00023908658197
22.125	12.5	1.00098287573683
22.375	12.5	1.00143525494259
22.625	12.5	1.00171022739411
22.875	12.5	1.00187727216933
23.125	12.5	1.00197868606008
23.375	12.5	1.0020402006883
23.625	12.5	1.00207746368528
23.875	12.5	1.00209998814631
24.125	12.5	1.00211355675628
24.375	12.5	1.00212168429146
24.625	12.5	1.00212650695408
24.875	12.5	1.00212932304025
25.125	12.5	1.00213092158958
25.375	12.5	1.0021317821402
25.625	12.5	1.00213219613434
25.875	12.5	1.00213234070299
26.125	12.5	1.00213232350776
26.375	12.5	1.00213220999281
26.625	12.5	1.00213203994651
26.875	12.5	1.00213183756638
27.125	12.5	1.00213161757565
27.375	12.5	1.00213138894045
27.625	12.5	1.00213115712864
27.875	12.5	1.00213092548257
28.125	12.5	1.0021306960532
28.375	12.5	1.00213047010694
28.625	12.5	1.00213024843358
28.875	12.5	1.00213003153341
29.125	12.5	1.00212981973082
29.375	12.5	1.00212961324326
29.625	12.5	1.00212941222314
29.875	12.5	1.00212921678319
30.125	12.5	1.00212902701184
30.375	12.5	1.0021288429825
30.625	12.5	1.00212866475914
30.875	12.5	1.0021284923997
31.125	12.5	1.002128325958
31.375	12.5	1.002128165485
31.625	12.5	1.00212801102937
31.875	12.5	1.00212786263797
32.125	12.5	1.00212772035595
32.375	12.5	1.00212758422689
32.625	12.5	1.00212745429279
32.875	12.5	1.00212733059404
33.125	12.5	1.00212721316945
33.375	12.5	1.0021271020561
33.625	12.5	1.0021269972894
33.875	12.5	1.00212689890292
34.125	12.5	1.00212680692845
34.375	12.5	1.00212672139584
34.625	12.5	1.00212664233306
34.875	12.5	1.00212656976605
35.125	12.5	1.00212650371878
35.375	12.5	1.00212644421311
35.625	12.5	1.00212639126885
35.875	12.5	1.00212634490367
36.125	12.5	1.00212630513309
36.375	12.5	1.00212627197045
36.625	12.5	1.00212624542692
36.875	12.5	1.00212622551142
37.125	12.5	1.00212621223069
37.375	12.5	1.0021262055892
0.125	13.5	-0.00212625997989158
0.375	13.5	-0.00212626632507775
0.625	13.5	-0.00212627901207575
0.875	13.5	-0.00212629803413611
1.125	13.5	-0.00212632338113279
1.375	13.5	-0.00212635503956102
1.625	13.5	-0.00212639299253441
1.875	13.5	-0.0021264372197812
2.125	13.5	-0.00212648769763972
2.375	13.5	-0.00212654439905295
2.625	13.5	-0.00212660729356211
2.875	13.5	-0.00212667634729916
3.125	13.5	-0.00212675152297821
3.375	13.5	-0.00212683277988555
3.625	13.5	-0.00212692007386818
3.875	13.5	-0.00212701335732055
4.125	13.5	-0.00212711257916909
4.375	13.5	-0.00212721768485385
4.625	13.5	-0.00212732861630638
4.875	13.5	-0.00212744531192234
5.125	13.5	-0.00212756770652635
5.375	13.5	-0.00212769573132536
5.625	13.5	-0.00212782931384417
5.875	13.5	-0.00212796837783305
6.125	13.5	-0.00212811284313078
6.375	13.5	-0.00212826262545577
6.625	13.5	-0.00212841763608078
6.875	13.5	-0.00212857778131764
7.125	13.5	-0.00212874296169129
7.375	13.5	-0.00212891307060496
7.625	13.5	-0.00212908799216996
7.875	13.5	-0.00212926759766352
8.125	13.5	-0.00212945173973169
8.375	13.5	-0.00212964024288448
8.625	13.5	-0.00212983288789334
8.875	13.5	-0.0021300293861579
9.125	13.5	-0.0021302293375712
9.375	13.5	-0.00213043216123556
9.625	13.5	-0.00213063698150875
9.875	13.5	-0.00213084244055124
10.125	13.5	-0.00213104638993684
10.375	13.5	-0.00213124538326896
10.625	13.5	-0.00213143384136
10.875	13.5	-0.0021316026786239
11.125	13.5	-0.00213173704290956
11.375	13.5	-0.00213181259652184
11.625	13.5	-0.00213178939680063
11.875	13.5	-0.00213160182683293
12.125	13.5	-0.00213114202677909
12.375	13.5	-0.00213023263072549
12.625	13.5	-0.00212858190641329
12.875	13.5	-0.00212570994048283
13.125	13.5	-0.00212082718320937
13.375	13.5	-0.0021126346115842
13.625	13.5	-0.00209899494419999
13.875	13.5	-0.00207639174925368
14.125	13.5	-0.00203903973917321
14.375	13.5	-0.00197742165577549
14.625	13.5	-0.0018758831315422
14.875	13.5	-0.00170868156367358
15.125	13.5	-0.00143350218407953
15.375	13.5	-0.000980836433427861
15.625	13.5	-0.000236632782937526
15.875	13.5	0.000985904512296486
16.125	13.5	0.00299178874750578
16.375	13.5	0.00627658602264056
16.625	13.5	0.0116388377739674
16.875	13.5	0.0203477763002615
17.125	13.5	0.0343751317467681
17.375	13.5	0.0566678736879317
17.625	13.5	0.0913463877060751
17.875	13.5	0.143515643564691
18.125	13.5	0.218107784756331
18.375	13.5	0.317198238007635
18.625	13.5	0.436424944725026
18.875	13.5	0.563598641823861
19.125	13.5	0.682822696985105
19.375	13.5	0.781909039956848
19.625	13.5	0.856496987319177
19.875	13.5	0.90866276777942
20.125	13.5	0.94333872518498
20.375	13.5	0.965629709192935
20.625	13.5	0.979655895889112
20.875	13.5	0.98836406447215
21.125	13.5	0.993725803694456
21.375	13.5	0.997010250442438
21.625	13.5	0.999015885035064
21.875	13.5	1.00023823557548
22.125	13.5	1.00098229214054
22.375	13.5	1.00143483641825
22.625	13.5	1.00170991145535
22.875	13.5	1.00187702068224
23.125	13.5	1.00197847573989
23.375	13.5	1.00204001729376
23.625	13.5	1.00207729847975
23.875	13.5	1.00209983574334
24.125	13.5	1.00211341380912
24.375	13.5	1.00212154869614
24.625	13.5	1.00212637736499
24.875	13.5	1.00212919857556
25.125	13.5	1.00213080165213
25.375	13.5	1.00213166630849
25.625	13.5	1.0021320840962
25.875	13.5	1.0021322322151
26.125	13.5	1.00213221837092
26.375	13.5	1.0021321080368
26.625	13.5	1.00213194102075
26.875	13.5	1.00213174153414
27.125	13.5	1.00213152431044
27.375	13.5	1.00213129832368
27.625	13.5	1.00213106904815
27.875	13.5	1.00213083983161
28.125	13.5	1.00213061272973
28.375	13.5	1.00213038901313
28.625	13.5	1.00213016947543
28.875	13.5	1.00212995462045
29.125	13.5	1.00212974477581
29.375	13.5	1.00212954016204
29.625	13.5	1.00212934093438
29.875	13.5	1.00212914720825
30.125	13.5	1.00212895907459
30.375	13.5	1.00212877660917
30.625	13.5	1.0021285998782
30.875	13.5	1.0021284289417
31.125	13.5	1.00212826385549
31.375	13.5	1.00212810467235
31.625	13.5	1.00212795144275
31.875	13.5	1.00212780421515
32.125	13.5	1.00212766303625
32.375	13.5	1.00212752795109
32.625	13.5	1.002127399003
32.875	13.5	1.00212727623368
33.125	13.5	1.00212715968309
33.375	13.5	1.00212704938945
33.625	13.5	1.00212694538917
33.875	13.5	1.00212684771679
34.125	13.5	1.00212675640498
34.375	13.5	1.00212667148442
34.625	13.5	1.0021265929838
34.875	13.5	1.00212652092977
35.125	13.5	1.0021264553469
35.375	13.5	1.00212639625764
35.625	13.5	1.00212634368228
35.875	13.5	1.00212629763893
36.125	13.5	1.0021262581435
36.375	13.5	1.00212622520966
36.625	13.5	1.00212619884883
36.875	13.5	1.00212617907018
37.125	13.5	1.00212616588059
37.375	13.5	1.00212615928464
0.125	14.5	-0.00212630836989822
0.375	14.5	-0.00212631476964909
0.625	14.5	-0.00212632756586304
0.875	14.5	-0.00212634675196395
1.125	14.5	-0.00212637231808646
1.375	14.5	-0.00212640425107452
1.625	14.5	-0.00212644253447956
1.875	14.5	-0.00212648714855798
2.125	14.5	-0.00212653807026821
2.375	14.5	-0.00212659527326703
2.625	14.5	-0.0021266587279053
2.875	14.5	-0.00212672840122286
3.125	14.5	-0.00212680425694264
3.375	14.5	-0.00212688625546368
3.625	14.5	-0.00212697435385305
3.875	14.5	-0.00212706850583628
4.125	14.5	-0.00212716866178587
4.375	14.5	-0.00212727476870747
4.625	14.5	-0.00212738677022254
4.875	14.5	-0.00212750460654623
5.125	14.5	-0.00212762821445792
5.375	14.5	-0.00212775752726081
5.625	14.5	-0.00212789247472411
5.875	14.5	-0.00212803298299791
6.125	14.5	-0.002128178974484
6.375	14.5	-0.0021283303676355
6.625	14.5	-0.00212848707664067
6.875	14.5	-0.00212864901091749
7.125	14.5	-0.00212881607429852
7.375	14.5	-0.00212898816370769
7.625	14.5	-0.00212916516700302
7.875	14.5	-0.0021293469594487
8.125	14.5	-0.00212953339793405
8.375	14.5	-0.00212972431148725
8.625	14.5	-0.00212991948569472
8.875	14.5	-0.00213011863709486
9.125	14.5	-0.00213032137107785
9.375	14.5	-0.00213052711264791
9.625	14.5	-0.00213073499253449
9.875	14.5	-0.00213094365983447
10.125	14.5	-0.00213115097376616
10.375	14.5	-0.0021313534965077
10.625	14.5	-0.00213154565872717
10.875	14.5	-0.00213171838653697
11.125	14.5	-0.00213185684223508
11.375	14.5	-0.00213193670680297
11.625	14.5	-0.00213191806289732
11.875	14.5	-0.00213173532951424
12.125	14.5	-0.00213128069980184
12.375	14.5	-0.00213037688857071
12.625	14.5	-0.00212873228954811
12.875	14.5	-0.00212586718945431
13.125	14.5	-0.00212099236018464
13.375	14.5	-0.00211280929997843
13.625	14.5	-0.00209918157682407
13.875	14.5	-0.0020765941479602
14.125	14.5	-0.00203926400246357
14.375	14.5	-0.0019776776186097
14.625	14.5	-0.00187618676535535
14.875	14.5	-0.00170905891924407
15.125	14.5	-0.00143399586067717
15.375	14.5	-0.00098151616969485
15.625	14.5	-0.000237612732579424
15.875	14.5	0.000984437770902231
16.125	14.5	0.00298953125664604
16.375	14.5	0.00627304552264884
16.625	14.5	0.0116332250877457
16.875	14.5	0.0203388476543454
17.125	14.5	0.0343609825156729
17.375	14.5	0.0566457271885784
17.625	14.5	0.0913125320554976
17.875	14.5	0.143465870668469
18.125	14.5	0.218038867112077
18.375	14.5	0.317110633818496
18.625	14.5	0.436325322761374
18.875	14.5	0.563499015351669
19.125	14.5	0.682735081410294
19.375	14.5	0.781840108497753
19.625	14.5	0.85644720175927
19.875	14.5	0.908628902180175
20.125	14.5	0.943316571553022
20.375	14.5	0.965615555122056
20.625	14.5	0.979646964065522
20.875	14.5	0.988358449738873
21.125	14.5	0.99372226188856
21.375	14.5	0.997007992120746
21.625	14.5	0.999014417763043
21.875	14.5	1.00023725528307
22.125	14.5	1.00098161217818
22.375	14.5	1.00143434258751
22.625	14.5	1.00170953398971
22.875	14.5	1.00187671696511
23.125	14.5	1.0019782197098
23.375	14.5	1.0020397929727
23.625	14.5	1.00207709602877
23.875	14.5	1.00209964906154
24.125	14.5	1.0021132390732
24.375	14.5	1.00212138347248
24.625	14.5	1.0021262200697
24.875	14.5	1.00212904814623
25.125	14.5	1.00213065734811
25.375	14.5	1.00213152758928
25.625	14.5	1.00213195054734
25.875	14.5	1.00213210350285
26.125	14.5	1.00213209421457
26.375	14.5	1.00213198819154
26.625	14.5	1.00213182526708
26.875	14.5	1.00213162967123
27.125	14.5	1.00213141615192
27.375	14.5	1.00213119369485
27.625	14.5	1.0021309677842
27.875	14.5	1.00213074177626
28.125	14.5	1.00213051773437
28.375	14.5	1.00213029693606
28.625	14.5	1.00213008018133
28.875	14.5	1.00212986797988
29.125	14.5	1.00212966066486
29.375	14.5	1.00212945846191
29.625	14.5	1.00212926153109
29.875	14.5	1.00212906999232
30.125	14.5	1.0021288839408
30.375	14.5	1.00212870345628
30.625	14.5	1.00212852860872
30.875	14.5	1.00212835946166
31.125	14.5	1.00212819607422
31.375	14.5	1.00212803850229
31.625	14.5	1.00212788679924
31.875	14.5	1.00212774101627
32.125	14.5	1.00212760120267
32.375	14.5	1.00212746740584
32.625	14.5	1.00212733967138
32.875	14.5	1.00212721804308
33.125	14.5	1.00212710256284
33.375	14.5	1.00212699327071
33.625	14.5	1.00212689020479
33.875	14.5	1.00212679340119
34.125	14.5	1.00212670289401
34.375	14.5	1.00212661871528
34.625	14.5	1.00212654089489
34.875	14.5	1.00212646946063
35.125	14.5	1.00212640443806
35.375	14.5	1.00212634585053
35.625	14.5	1.00212629371915
35.875	14.5	1.00212624806275
36.125	14.5	1.00212620889785
36.375	14.5	1.00212617623865
36.625	14.5	1.00212615009702
36.875	14.5	1.00212613048246
37.125	14.5	1.00212611740212
37.375	14.5	1.00212611086075
0.125	15.5	-0.00212635797889862
0.375	15.5	-0.00212636444080944
0.625	15.5	-0.00212637736145842
0.875	15.5	-0.00212639673449996
1.125	15.5	-0.00212642255041539
1.375	15.5	-0.00212645479651258
1.625	15.5	-0.00212649345692549
1.875	15.5	-0.00212653851261348
2.125	15.5	-0.00212658994136047
2.375	15.5	-0.00212664771777389
2.625	15.5	-0.00212671181328325
2.875	15.5	-0.00212678219613845
3.125	15.5	-0.0021268588314076
3.375	15.5	-0.00212694168097426
3.625	15.5	-0.002127030703534
3.875	15.5	-0.00212712585458995
4.125	15.5	-0.00212722708644695
4.375	15.5	-0.00212733434820384
4.625	15.5	-0.00212744758574282
4.875	15.5	-0.00212756674171456
5.125	15.5	-0.0021276917555167
5.375	15.5	-0.00212782256326183
5.625	15.5	-0.002127959097729
5.875	15.5	-0.00212810128828843
6.125	15.5	-0.00212824906078308
6.375	15.5	-0.00212840233733984
6.625	15.5	-0.00212856103606573
6.875	15.5	-0.00212872507055597
7.125	15.5	-0.00212889434909335
7.375	15.5	-0.00212906877334083
7.625	15.5	-0.00212924823620145
7.875	15.5	-0.0021294326183094
8.125	15.5	-0.00212962178227009
8.375	15.5	-0.00212981556319797
8.625	15.5	-0.00213001375316372
8.875	15.5	-0.00213021607562179
9.125	15.5	-0.00213042214335215
9.375	15.5	-0.00213063138927761
9.625	15.5	-0.00213084295265047
9.875	15.5	-0.00213105549180262
10.125	15.5	-0.00213126687605973
10.375	15.5	-0.00213147367882494
10.625	15.5	-0.00213167034349295
10.875	15.5	-0.00213184781101546
11.125	15.5	-0.00213199126162619
11.375	15.5	-0.00213207639893465
11.625	15.5	-0.00213206333552057
11.875	15.5	-0.00213188653185725
12.125	15.5	-0.00213143824110976
12.375	15.5	-0.00213054126811971
12.625	15.5	-0.00212890414552433
12.875	15.5	-0.00212604737886679
13.125	15.5	-0.00212118208984879
13.375	15.5	-0.00211301034155748
13.625	15.5	-0.00209939662022816
13.875	15.5	-0.00207682738245673
14.125	15.5	-0.00203952207246358
14.375	15.5	-0.00197797119565723
14.625	15.5	-0.00187653313273446
14.875	15.5	-0.00170948621844279
15.125	15.5	-0.00143455005927693
15.375	15.5	-0.000982272469831005
15.625	15.5	-0.000238694182026004
15.875	15.5	0.000982830101136918
16.125	15.5	0.00298706983344177
16.375	15.5	0.00626919992362865
16.625	15.5	0.0116271449426738
16.875	15.5	0.0203291926851111
17.125	15.5	0.0343457001676741
17.375	15.5	0.0566218248145774
17.625	15.5	0.0912760084832124
17.875	15.5	0.14341218872697
18.125	15.5	0.217964544756649
18.375	15.5	0.317016160194604
18.625	15.5	0.436217882383992
18.875	15.5	0.563391558652979
19.125	15.5	0.682640566747814
19.375	15.5	0.781765736753353
19.625	15.5	0.856393475051022
19.875	15.5	0.90859234391363
20.125	15.5	0.943292644682841
20.375	15.5	0.965600256424882
20.625	15.5	0.979637298548277
20.875	15.5	0.988352362923512
21.125	15.5	0.99371841211828
21.375	15.5	0.997005528102284
21.625	15.5	0.999012808479001
21.875	15.5	1.00023617282506
22.125	15.5	1.00098085524158
22.375	15.5	1.00143378798026
22.625	15.5	1.00170910642101
22.875	15.5	1.00187637041306
23.125	15.5	1.00197792599973
23.375	15.5	1.00203953480109
23.625	15.5	1.00207686271176
23.875	15.5	1.00209943394724
24.125	15.5	1.00211303796783
24.375	15.5	1.00212119368339
24.625	15.5	1.00212603982361
24.875	15.5	1.00212887623536
25.125	15.5	1.00213049291488
25.375	15.5	1.00213136999519
25.625	15.5	1.00213179929293
25.875	15.5	1.00213195817878
26.125	15.5	1.00213195447156
26.375	15.5	1.00213185372182
26.625	15.5	1.00213169579282
26.875	15.5	1.00213150493724
27.125	15.5	1.00213129592093
27.375	15.5	1.00213107774446
27.625	15.5	1.00213085590469
27.875	15.5	1.00213063376919
28.125	15.5	1.00213041341135
28.375	15.5	1.00213019611797
28.625	15.5	1.00212998269755
28.875	15.5	1.00212977366773
29.125	15.5	1.00212956936902
29.375	15.5	1.00212937003399
29.625	15.5	1.00212917582919
29.875	15.5	1.00212898688061
30.125	15.5	1.00212880328917
30.375	15.5	1.00212862513999
30.625	15.5	1.00212845250808
30.875	15.5	1.00212828546171
31.125	15.5	1.00212812406444
31.375	15.5	1.00212796837636
31.625	15.5	1.00212781845475
31.875	15.5	1.00212767435448
32.125	15.5	1.00212753612828
32.375	15.5	1.00212740382677
32.625	15.5	1.00212727749856
32.875	15.5	1.00212715719024
33.125	15.5	1.00212704294635
33.375	15.5	1.00212693480936
33.625	15.5	1.00212683281964
33.875	15.5	1.00212673701538
34.125	15.5	1.00212664743263
34.375	15.5	1.00212656410517
34.625	15.5	1.00212648706455
34.875	15.5	1.00212641634002
35.125	15.5	1.0021263519585
35.375	15.5	1.00212629394455
35.625	15.5	1.00212624232035
35.875	15.5	1.00212619710568
36.125	15.5	1.0021261583179
36.375	15.5	1.0021261259719
36.625	15.5	1.00212610008013
36.875	15.5	1.00212608065257
37.125	15.5	1.0021260676967
37.375	15.5	1.00212606121751
0.125	16.5	-0.00212640777952095
0.375	16.5	-0.00212641430926694
0.625	16.5	-0.00212642736572397
0.875	16.5	-0.00212644694282236
1.125	16.5	-0.00212647303145835
1.375	16.5	-0.00212650561949503
1.625	16.5	-0.00212654469176357
1.875	16.5	-0.00212659023006475
2.125	16.5	-0.00212664221317071
2.375	16.5	-0.00212670061682692
2.625	16.5	-0.0021267654137544
2.875	16.5	-0.00212683657365197
3.125	16.5	-0.0021269140631987
3.375	16.5	-0.00212699784605617
3.625	16.5	-0.00212708788287063
3.875	16.5	-0.00212718413127478
4.125	16.5	-0.00212728654588864
4.375	16.5	-0.00212739507831927
4.625	16.5	-0.00212750967715818
4.875	16.5	-0.00212763028797516
5.125	16.5	-0.00212775685330621
5.375	16.5	-0.00212788931263178
5.625	16.5	-0.00212802760233929
5.875	16.5	-0.00212817165565972
6.125	16.5	-0.00212832140256201
6.375	16.5	-0.00212847676957796
6.625	16.5	-0.00212863767951336
6.875	16.5	-0.00212880405097201
7.125	16.5	-0.00212897579757232
7.375	16.5	-0.00212915282665864
7.625	16.5	-0.00212933503718146
7.875	16.5	-0.00212952231621077
8.125	16.5	-0.00212971453320087
8.375	16.5	-0.00212991153055596
8.625	16.5	-0.00213011310810952
8.875	16.5	-0.00213031899758995
9.125	16.5	-0.00213052882060958
9.375	16.5	-0.00213074201954279
9.625	16.5	-0.00213095774379492
9.875	16.5	-0.00213117466266868
10.125	16.5	-0.00213139065744933
10.375	16.5	-0.00213160231474806
10.625	16.5	-0.00213180409282054
10.875	16.5	-0.00213198694977349
11.125	16.5	-0.00213213608631918
11.375	16.5	-0.00213222723153669
11.625	16.5	-0.00213222053118274
11.875	16.5	-0.00213205049105755
12.125	16.5	-0.00213160942908676
12.375	16.5	-0.0021307202462677
12.625	16.5	-0.00212909162245268
12.875	16.5	-0.0021262442938077
13.125	16.5	-0.00212138974930007
13.375	16.5	-0.00211323064355066
13.625	16.5	-0.00209963242283601
13.875	16.5	-0.00207708310971083
14.125	16.5	-0.00203980471093827
14.375	16.5	-0.00197829193360743
14.625	16.5	-0.00187691005523951
14.875	16.5	-0.00170994873575013
15.125	16.5	-0.00143514617361661
15.375	16.5	-0.000983080674124257
15.625	16.5	-0.000239842872083764
15.875	16.5	0.000981131147818603
16.125	16.5	0.00298447892658443
16.375	16.5	0.00626516372576266
16.625	16.5	0.0116207763340132
16.875	16.5	0.0203190934115487
17.125	16.5	0.0343297287555005
17.375	16.5	0.0565968586910456
17.625	16.5	0.0912378721961573
17.875	16.5	0.14335614634538
18.125	16.5	0.217886959427297
18.375	16.5	0.316917537220211
18.625	16.5	0.436105714651206
18.875	16.5	0.563279361215751
19.125	16.5	0.682541869145507
19.375	16.5	0.781688061751065
19.625	16.5	0.856337351564954
19.875	16.5	0.908554144936938
20.125	16.5	0.943267634430281
20.375	16.5	0.965584255657461
20.625	16.5	0.979627180402495
20.875	16.5	0.988345982425454
21.125	16.5	0.993714368515576
21.375	16.5	0.997002932609231
21.625	16.5	0.999011106688385
21.875	16.5	1.00023502237451
22.125	16.5	1.00098004593678
22.375	16.5	1.00143319116887
22.625	16.5	1.00170864345298
22.875	16.5	1.0018759931902
23.125	16.5	1.00197760505328
23.375	16.5	1.00203925201036
23.625	16.5	1.00207660686682
23.875	16.5	1.00209919804834
24.125	16.5	1.00211281758293
24.375	16.5	1.00212098594956
24.625	16.5	1.00212584283985
24.875	16.5	1.00212868869338
25.125	16.5	1.00213031387437
25.375	16.5	1.00213119874686
25.625	16.5	1.00213163527498
25.875	16.5	1.00213180092572
26.125	16.5	1.00213180358275
26.375	16.5	1.00213170884201
26.625	16.5	1.00213155659997
26.875	16.5	1.00213137113479
27.125	16.5	1.00213116723283
27.375	16.5	1.00213095391179
27.625	16.5	1.00213073668342
27.875	16.5	1.00213051892849
28.125	16.5	1.00213030273236
28.375	16.5	1.00213008939278
28.625	16.5	1.00212987972844
28.875	16.5	1.00212967426639
29.125	16.5	1.002129473356
29.375	16.5	1.0021292772381
29.625	16.5	1.002129086087
29.875	16.5	1.00212890003601
30.125	16.5	1.00212871919287
30.375	16.5	1.00212854364914
30.625	16.5	1.00212837348588
30.875	16.5	1.00212820877704
31.125	16.5	1.00212804959152
31.375	16.5	1.00212789599441
31.625	16.5	1.0021277480477
31.875	16.5	1.00212760581066
32.125	16.5	1.00212746934014
32.375	16.5	1.00212733869063
32.625	16.5	1.00212721391436
32.875	16.5	1.00212709506126
33.125	16.5	1.00212698217903
33.375	16.5	1.00212687531306
33.625	16.5	1.0021267745064
33.875	16.5	1.00212667979979
34.125	16.5	1.00212659123157
34.375	16.5	1.00212650883765
34.625	16.5	1.00212643265155
34.875	16.5	1.00212636270428
35.125	16.5	1.00212629902437
35.375	16.5	1.00212624163784
35.625	16.5	1.00212619056815
35.875	16.5	1.00212614583623
36.125	16.5	1.00212610746042
36.375	16.5	1.00212607545645
36.625	16.5	1.00212604983748
36.875	16.5	1.00212603061403
37.125	16.5	1.002126017794
37.375	16.5	1.00212601138267
0.125	17.5	-0.00212645664870623
0.375	17.5	-0.00212646324966323
0.625	17.5	-0.0021264764486955
0.875	17.5	-0.00212649624004029
1.125	17.5	-0.00212652261505538
1.375	17.5	-0.00212655556222149
1.625	17.5	-0.00212659506714536
1.875	17.5	-0.00212664111256369
2.125	17.5	-0.0021266936783478
2.375	17.5	-0.00212675274150899
2.625	17.5	-0.00212681827620465
2.875	17.5	-0.00212689025374504
3.125	17.5	-0.00212696864260068
3.375	17.5	-0.00212705340841027
3.625	17.5	-0.002127144513989
3.875	17.5	-0.00212724191933715
4.125	17.5	-0.00212734558164843
4.375	17.5	-0.00212745545531781
4.625	17.5	-0.00212757149194782
4.875	17.5	-0.00212769364035193
5.125	17.5	-0.00212782184655285
5.375	17.5	-0.00212795605377205
5.625	17.5	-0.00212809620240425
5.875	17.5	-0.0021282422299671
6.125	17.5	-0.00212839407100951
6.375	17.5	-0.00212855165695164
6.625	17.5	-0.00212871491581218
6.875	17.5	-0.00212888377174973
7.125	17.5	-0.00212905814429825
7.375	17.5	-0.00212923794709854
7.625	17.5	-0.00212942308580053
7.875	17.5	-0.00212961345460061
8.125	17.5	-0.00212980893053302
8.375	17.5	-0.00213000936406523
8.625	17.5	-0.0021302145636116
8.875	17.5	-0.00213042427003932
9.125	17.5	-0.002130638114707
9.375	17.5	-0.00213085555040629
9.625	17.5	-0.00213107573771587
9.875	17.5	-0.00213129735798734
10.125	17.5	-0.00213151830560531
10.375	17.5	-0.00213173518159508
10.625	17.5	-0.00213194246035168
10.875	17.5	-0.00213213111849578
11.125	17.5	-0.00213228637866951
11.375	17.5	-0.00213238399698267
11.625	17.5	-0.00213238415406728
11.875	17.5	-0.00213222140292902
12.125	17.5	-0.00213178812838227
12.375	17.5	-0.00213090733007097
12.625	17.5	-0.00212928783810172
12.875	17.5	-0.00212645062315676
13.125	17.5	-0.00212160754672184
13.375	17.5	-0.00211346186240037
13.625	17.5	-0.00209987998753975
13.875	17.5	-0.00207735152755813
14.125	17.5	-0.00204010107833999
14.375	17.5	-0.00197862759119459
14.625	17.5	-0.00187730330936254
14.875	17.5	-0.00171042933033565
15.125	17.5	-0.00143576262874774
15.375	17.5	-0.000983912302861182
15.625	17.5	-0.000241019386342919
15.875	17.5	0.000979397842779557
16.125	17.5	0.0029818436916
16.375	17.5	0.00626106764468893
16.625	17.5	0.0116143233309703
16.875	17.5	0.0203088710688956
17.125	17.5	0.0343135737925552
17.375	17.5	0.0565716164850733
17.625	17.5	0.0911993239038445
17.875	17.5	0.143299505713815
18.125	17.5	0.217808548680192
18.375	17.5	0.316817861661199
18.625	17.5	0.43599234019589
18.875	17.5	0.563165943606243
19.125	17.5	0.682442085206617
19.375	17.5	0.781609520862317
19.625	17.5	0.856280593337363
19.875	17.5	0.908515505852996
20.125	17.5	0.943242328396907
20.375	17.5	0.965568058296167
20.625	17.5	0.979616930843722
20.875	17.5	0.988339512303847
21.125	17.5	0.993710261791001
21.375	17.5	0.997000290794421
21.625	17.5	0.999009369321403
21.875	17.5	1.00023384334666
22.125	17.5	1.00097921274247
22.375	17.5	1.00143257372734
22.625	17.5	1.00170816222556
22.875	17.5	1.00187559951921
23.125	17.5	1.001977269111
23.375	17.5	1.00203895543944
23.625	17.5	1.00207633829561
23.875	17.5	1.00209895036155
24.125	17.5	1.00211258626177
24.375	17.5	1.0021207680626
24.625	17.5	1.00212563642944
24.875	17.5	1.00212849240252
25.125	17.5	1.00213012671956
25.375	17.5	1.00213101997976
25.625	17.5	1.00213146429786
25.875	17.5	1.00213163723972
26.125	17.5	1.00213164675605
26.375	17.5	1.00213155849007
26.625	17.5	1.00213141237319
26.875	17.5	1.00213123271062
27.125	17.5	1.00213103431067
27.375	17.5	1.00213082620959
27.625	17.5	1.00213061393526
27.875	17.5	1.00213040088286
28.125	17.5	1.00213018915087
28.375	17.5	1.0021299800491
28.625	17.5	1.00212977440739
28.875	17.5	1.00212957276324
29.125	17.5	1.00212937547575
29.375	17.5	1.00212918279489
29.625	17.5	1.00212899490356
29.875	17.5	1.00212881194312
30.125	17.5	1.0021286340289
30.375	17.5	1.0021284612596
30.625	17.5	1.00212829372297
30.875	17.5	1.00212813149925
31.125	17.5	1.00212797466328
31.375	17.5	1.00212782328568
31.625	17.5	1.00212767743365
31.875	17.5	1.00212753717139
32.125	17.5	1.00212740256028
32.375	17.5	1.00212727365914
32.625	17.5	1.00212715052417
32.875	17.5	1.00212703320908
33.125	17.5	1.00212692176503
33.375	17.5	1.00212681624066
33.625	17.5	1.00212671668204
33.875	17.5	1.00212662313269
34.125	17.5	1.00212653563352
34.375	17.5	1.00212645422284
34.625	17.5	1.00212637893629
34.875	17.5	1.00212630980689
35.125	17.5	1.00212624686495
35.375	17.5	1.00212619013811
35.625	17.5	1.00212613965127
35.875	17.5	1.00212609542661
36.125	17.5	1.00212605748357
36.375	17.5	1.00212602583883
36.625	17.5	1.00212600050632
36.875	17.5	1.00212598149717
37.125	17.5	1.00212596881976
37.375	17.5	1.00212596247966
0.125	18.5	-0.00212650340609641
0.375	18.5	-0.00212651007908191
0.625	18.5	-0.002126523422332
0.875	18.5	-0.00212654343040598
1.125	18.5	-0.00212657009514599
1.375	18.5	-0.00212660340568078
1.625	18.5	-0.00212664334843087
1.875	18.5	-0.00212668990711483
2.125	18.5	-0.00212674306275701
2.375	18.5	-0.00212680279369638
2.625	18.5	-0.00212686907559665
2.875	18.5	-0.00212694188145771
3.125	18.5	-0.0021270211816281
3.375	18.5	-0.00212710694381873
3.625	18.5	-0.00212719913311756
3.875	18.5	-0.00212729771200513
4.125	18.5	-0.00212740264037064
4.375	18.5	-0.00212751387552805
4.625	18.5	-0.00212763137223142
4.875	18.5	-0.00212775508268819
5.125	18.5	-0.00212788495656803
5.375	18.5	-0.00212802094100376
5.625	18.5	-0.00212816298057825
5.875	18.5	-0.00212831101728723
6.125	18.5	-0.00212846499046197
6.375	18.5	-0.00212862483662444
6.625	18.5	-0.00212879048923107
6.875	18.5	-0.00212896187823175
7.125	18.5	-0.00212913892932421
7.375	18.5	-0.00212932156270604
7.625	18.5	-0.00212950969099903
7.875	18.5	-0.00212970321581083
8.125	18.5	-0.00212990202205288
8.375	18.5	-0.0021301059685657
8.625	18.5	-0.00213031487266664
8.875	18.5	-0.00213052848469608
9.125	18.5	-0.00213074644610507
9.375	18.5	-0.00213096822045967
9.625	18.5	-0.0021311929798788
9.875	18.5	-0.00213141941813747
10.125	18.5	-0.00213164544309818
10.375	18.5	-0.00213186767057735
10.625	18.5	-0.00213208059147552
10.875	18.5	-0.00213227520126768
11.125	18.5	-0.00213243674481579
11.375	18.5	-0.00213254100546016
11.625	18.5	-0.00213254819875229
11.875	18.5	-0.00213239292468502
12.125	18.5	-0.00213196763430547
12.375	18.5	-0.00213109542452322
12.625	18.5	-0.00212948527312166
12.875	18.5	-0.00212665838075099
13.125	18.5	-0.00212182697362525
13.375	18.5	-0.0021136948912095
13.625	18.5	-0.00210012950003965
13.875	18.5	-0.00207762195211685
14.125	18.5	-0.00204039937250994
14.375	18.5	-0.00197896485795315
14.625	18.5	-0.00187769745481023
14.875	18.5	-0.0017109094308762
15.125	18.5	-0.00143637609814709
15.375	18.5	-0.000984736628622145
15.625	18.5	-0.000242181278700502
15.875	18.5	0.000977691396183757
16.125	18.5	0.00297925557088657
16.375	18.5	0.00625705192229605
16.625	18.5	0.0116080047429234
16.875	18.5	0.0202988699623458
17.125	18.5	0.034297776973512
17.375	18.5	0.0565469421520155
17.625	18.5	0.0911616501215875
17.875	18.5	0.143244155146323
18.125	18.5	0.217731925084594
18.375	18.5	0.316720453703394
18.625	18.5	0.435881535237633
18.875	18.5	0.563055083728589
19.125	18.5	0.682344539348397
19.375	18.5	0.781532731739145
19.625	18.5	0.856225093277167
19.875	18.5	0.908477716726477
20.125	18.5	0.943217573034602
20.375	18.5	0.965552207694763
20.625	18.5	0.979606895242419
20.875	18.5	0.988333172038052
21.125	18.5	0.993706232602726
21.375	18.5	0.996997694357179
21.625	18.5	0.999007657746329
21.875	18.5	1.00023267828489
22.125	18.5	1.00097838644613
22.375	18.5	1.00143195901948
22.625	18.5	1.00170768133347
22.875	18.5	1.00187520485531
23.125	18.5	1.00197693149308
23.375	18.5	1.00203865689705
23.625	18.5	1.00207606768661
23.875	18.5	1.00209870070456
24.125	18.5	1.00211235311389
24.375	18.5	1.00212054853316
24.625	18.5	1.00212542858039
24.875	18.5	1.00212829488374
25.125	18.5	1.00212993854696
25.375	18.5	1.00213084039997
25.625	18.5	1.00213129270565
25.875	18.5	1.00213147312745
26.125	18.5	1.00213148968246
26.375	18.5	1.00213140806101
26.625	18.5	1.00213126822948
26.875	18.5	1.00213109452039
27.125	18.5	1.00213090176427
27.375	18.5	1.00213069901626
27.625	18.5	1.00213049182075
27.875	18.5	1.00213028358774
28.125	18.5	1.00213007642918
28.375	18.5	1.0021298716673
28.625	18.5	1.00212967014351
28.875	18.5	1.00212947240607
29.125	18.5	1.00212927882418
29.375	18.5	1.00212908965729
29.625	18.5	1.00212890509721
29.875	18.5	1.00212872529368
30.125	18.5	1.0021285503699
30.375	18.5	1.00212838043198
30.625	18.5	1.00212821557464
30.875	18.5	1.0021280558847
31.125	18.5	1.00212790144314
31.375	18.5	1.0021277523264
31.625	18.5	1.0021276086071
31.875	18.5	1.00212747035454
32.125	18.5	1.00212733763491
32.375	18.5	1.00212721051148
32.625	18.5	1.00212708904467
32.875	18.5	1.00212697329207
33.125	18.5	1.0021268633085
33.375	18.5	1.002126759146
33.625	18.5	1.0021266608538
33.875	18.5	1.00212656847832
34.125	18.5	1.00212648206317
34.375	18.5	1.00212640164915
34.625	18.5	1.00212632727417
34.875	18.5	1.00212625897333
35.125	18.5	1.00212619677881
35.375	18.5	1.00212614071993
35.625	18.5	1.00212609082311
35.875	18.5	1.00212604711186
36.125	18.5	1.00212600960677
36.375	18.5	1.0021259783255
36.625	18.5	1.0021259532828
36.875	18.5	1.00212593449044
37.125	18.5	1.00212592195729
37.375	18.5	1.00212591568924
0.125	19.5	-0.00212654685675385
0.375	19.5	-0.00212655359990091
0.625	19.5	-0.00212656708363432
0.875	19.5	-0.00212658730283429
1.125	19.5	-0.00212661424982548
1.375	19.5	-0.00212664791438224
1.625	19.5	-0.00212668828373558
1.875	19.5	-0.00212673534258197
2.125	19.5	-0.00212678907309385
2.375	19.5	-0.00212684945493189
2.625	19.5	-0.00212691646525903
2.875	19.5	-0.00212699007875634
3.125	19.5	-0.00212707026764048
3.375	19.5	-0.00212715700168299
3.625	19.5	-0.00212725024823106
3.875	19.5	-0.00212734997222982
4.125	19.5	-0.00212745613624578
4.375	19.5	-0.00212756870049094
4.625	19.5	-0.00212768762284686
4.875	19.5	-0.00212781285888728
5.125	19.5	-0.00212794436189721
5.375	19.5	-0.00212808208288475
5.625	19.5	-0.00212822597057975
5.875	19.5	-0.00212837597140929
6.125	19.5	-0.00212853202943387
6.375	19.5	-0.00212869408621719
6.625	19.5	-0.0021288620805854
6.875	19.5	-0.00212903594820292
7.125	19.5	-0.00212921562084471
7.375	19.5	-0.00212940102516768
7.625	19.5	-0.00212959208065595
7.875	19.5	-0.00212978869620525
8.125	19.5	-0.002129990764466
8.375	19.5	-0.00213019815249659
8.625	19.5	-0.00213041068634313
8.875	19.5	-0.00213062812562334
9.125	19.5	-0.0021308501216602
9.375	19.5	-0.00213107614854492
9.625	19.5	-0.00213130538965332
9.875	19.5	-0.00213153655085904
10.125	19.5	-0.00213176755312547
10.375	19.5	-0.002131995026615
10.625	19.5	-0.0021322134781959
10.875	19.5	-0.00213241392152858
11.125	19.5	-0.00213258162283391
11.375	19.5	-0.00213269239153147
11.625	19.5	-0.00213270647649165
11.875	19.5	-0.00213255852238536
12.125	19.5	-0.00213214104305116
12.375	19.5	-0.00213127722739652
12.625	19.5	-0.00212967619264782
12.875	19.5	-0.00212685935635115
13.125	19.5	-0.00212203928846002
13.375	19.5	-0.00211392038033273
13.625	19.5	-0.00210037089241645
13.875	19.5	-0.00207788343300678
14.125	19.5	-0.00204068750851932
14.375	19.5	-0.00197929011867084
14.625	19.5	-0.00187807671502144
14.875	19.5	-0.00171137008236747
15.125	19.5	-0.00143696279784193
15.375	19.5	-0.000985522349219037
15.625	19.5	-0.000243285339243165
15.875	19.5	0.000976074088739703
16.125	19.5	0.00297680757637293
16.375	19.5	0.00625325918103164
16.625	19.5	0.0116020430723646
16.875	19.5	0.0202894401962349
17.125	19.5	0.0342828891213708
17.375	19.5	0.0565236939092527
17.625	19.5	0.0911261592262037
17.875	19.5	0.143192015338889
18.125	19.5	0.217659746632562
18.375	19.5	0.316628692362591
18.625	19.5	0.435777144479237
18.875	19.5	0.56295062971335
19.125	19.5	0.68225261919181
19.375	19.5	0.781460362698645
19.625	19.5	0.856172781400028
19.875	19.5	0.908442093120087
20.125	19.5	0.94319423160484
20.375	19.5	0.965537258021249
20.625	19.5	0.979597425846205
20.875	19.5	0.988327185475963
21.125	19.5	0.993702424407833
21.375	19.5	0.996995236824044
21.625	19.5	0.999006034560492
21.875	19.5	1.00023157059416
22.125	19.5	1.00097759847058
22.375	19.5	1.00143137090448
22.625	19.5	1.00170721977921
22.875	19.5	1.00187482500556
23.125	19.5	1.00197660583483
23.375	19.5	1.00203836848178
23.625	19.5	1.00207580599989
23.875	19.5	1.00209845915246
24.125	19.5	1.00211212749449
24.375	19.5	1.00212033610727
24.625	19.5	1.0021252275067
24.875	19.5	1.00212810387519
25.125	19.5	1.00212975666169
25.375	19.5	1.0021306669139
25.625	19.5	1.00213112703469
25.875	19.5	1.00213131477983
26.125	19.5	1.00213133822943
26.375	19.5	1.00213126311861
26.625	19.5	1.00213112944717
26.875	19.5	1.00213096157374
27.125	19.5	1.00213077435026
27.375	19.5	1.00213057685007
27.625	19.5	1.00213037463356
27.875	19.5	1.00213017112506
28.125	19.5	1.00212996844966
28.375	19.5	1.0021297679417
28.625	19.5	1.00212957045383
28.875	19.5	1.00212937654486
29.125	19.5	1.00212918659386
29.375	19.5	1.00212900086957
29.625	19.5	1.00212881957252
29.875	19.5	1.00212864286068
30.125	19.5	1.00212847086498
30.375	19.5	1.00212830369885
30.625	19.5	1.00212814146385
30.875	19.5	1.00212798425327
31.125	19.5	1.00212783215417
31.375	19.5	1.00212768524871
31.625	19.5	1.00212754361489
31.875	19.5	1.00212740732703
32.125	19.5	1.00212727645607
32.375	19.5	1.0021271510697
32.625	19.5	1.00212703123249
32.875	19.5	1.00212691700592
33.125	19.5	1.00212680844842
33.375	19.5	1.00212670561539
33.625	19.5	1.00212660855919
33.875	19.5	1.00212651732916
34.125	19.5	1.00212643197157
34.375	19.5	1.00212635252967
34.625	19.5	1.00212627904367
34.875	19.5	1.00212621155069
35.125	19.5	1.00212615008481
35.375	19.5	1.00212609467702
35.625	19.5	1.00212604535524
35.875	19.5	1.00212600214429
36.125	19.5	1.00212596506593
36.375	19.5	1.00212593413879
36.625	19.5	1.00212590937842
36.875	19.5	1.00212589079725
37.125	19.5	1.00212587840462
37.375	19.5	1.00212587220675
0.125	20.5	-0.00212658583597988
0.375	20.5	-0.00212659264474782
0.625	20.5	-0.00212660625987472
0.875	20.5	-0.0021266266765447
1.125	20.5	-0.00212665388753936
1.375	20.5	-0.00212668788324429
1.625	20.5	-0.00212672865165783
1.875	20.5	-0.00212677617840195
2.125	20.5	-0.00212683044673545
2.375	20.5	-0.00212689143756929
2.625	20.5	-0.00212695912948418
2.875	20.5	-0.00212703349875041
3.125	20.5	-0.00212711451934992
3.375	20.5	-0.00212720216300053
3.625	20.5	-0.0021272963991823
3.875	20.5	-0.00212739719516588
4.125	20.5	-0.00212750451604262
4.375	20.5	-0.00212761832475586
4.625	20.5	-0.00212773858213288
4.875	20.5	-0.00212786524691592
5.125	20.5	-0.00212799827579044
5.375	20.5	-0.00212813762340668
5.625	20.5	-0.00212828324238887
5.875	20.5	-0.00212843508332202
6.125	20.5	-0.00212859309470013
6.375	20.5	-0.00212875722280892
6.625	20.5	-0.00212892741149895
6.875	20.5	-0.00212910360177619
7.125	20.5	-0.00212928573109023
7.375	20.5	-0.00212947373212268
7.625	20.5	-0.00212966753075094
7.875	20.5	-0.00212986704265257
8.125	20.5	-0.0021300721676704
8.375	20.5	-0.00213028278049044
8.625	20.5	-0.00213049871524962
8.875	20.5	-0.00213071974015286
9.125	20.5	-0.00213094551564707
9.375	20.5	-0.00213117552553595
9.625	20.5	-0.00213140896356581
9.875	20.5	-0.0021316445467365
10.125	20.5	-0.00213188020803656
10.375	20.5	-0.00213211259076953
10.625	20.5	-0.00213233621639857
10.875	20.5	-0.00213254211516811
11.125	20.5	-0.00213271557273169
11.375	20.5	-0.00213283242218311
11.625	20.5	-0.00213285294257816
11.875	20.5	-0.00213271181899778
12.125	20.5	-0.00213230162200552
12.375	20.5	-0.0021314456235538
12.625	20.5	-0.0021298530666866
12.875	20.5	-0.00212704556461247
13.125	20.5	-0.00212223599735531
13.375	20.5	-0.00211412925411841
13.625	20.5	-0.00210059440176073
13.875	20.5	-0.00207812536240941
14.125	20.5	-0.00204095379100446
14.375	20.5	-0.00197959020884865
14.625	20.5	-0.00187842584705656
14.875	20.5	-0.00171179298051563
15.125	20.5	-0.00143749976615765
15.375	20.5	-0.000986239244119046
15.625	20.5	-0.00024428984127923
15.875	20.5	0.000974606085338123
16.125	20.5	0.00297458959647379
16.375	20.5	0.00624982730575906
16.625	20.5	0.0115966534990733
16.875	20.5	0.0202809204383936
17.125	20.5	0.0342694431728077
17.375	20.5	0.0565027022469439
17.625	20.5	0.0910941175331944
17.875	20.5	0.143144945597641
18.125	20.5	0.217594586996151
18.375	20.5	0.316545850515488
18.625	20.5	0.435682893316061
18.875	20.5	0.562856311844839
19.125	20.5	0.682169609884606
19.375	20.5	0.781395002131156
19.625	20.5	0.85612553029056
19.875	20.5	0.90840991158143
20.125	20.5	0.943173141775284
20.375	20.5	0.965523746968673
20.625	20.5	0.979588864368339
20.875	20.5	0.988321769707779
21.125	20.5	0.993698976275637
21.375	20.5	0.996993008813399
21.625	20.5	0.999004560377802
21.875	20.5	1.00023056227775
22.125	20.5	1.00097687920755
22.375	20.5	1.00143083245087
22.625	20.5	1.0017067959346
22.875	20.5	1.00187447525643
23.125	20.5	1.0019763053295
23.375	20.5	1.00203810190862
23.625	20.5	1.00207556385716
23.875	20.5	1.00209823547843
24.125	20.5	1.00211191848715
24.375	20.5	1.00212013928522
24.625	20.5	1.00212504119906
24.875	20.5	1.00212792691145
25.125	20.5	1.00212958818292
25.375	20.5	1.00213050625778
25.625	20.5	1.00213097366527
25.875	20.5	1.00213116824458
26.125	20.5	1.00213119813273
26.375	20.5	1.00213112910542
26.625	20.5	1.00213100119271
26.875	20.5	1.00213083877696
27.125	20.5	1.00213065672958
27.375	20.5	1.00213046414053
27.625	20.5	1.00213026658482
27.875	20.5	1.00213006749993
28.125	20.5	1.00212986902297
28.375	20.5	1.00212967249944
28.625	20.5	1.00212947879236
28.875	20.5	1.00212928847025
29.125	20.5	1.00212910192133
29.375	20.5	1.00212891942292
29.625	20.5	1.00212874118365
29.875	20.5	1.00212856736911
30.125	20.5	1.00212839811746
30.375	20.5	1.00212823354887
30.625	20.5	1.00212807377133
30.875	20.5	1.00212791888415
31.125	20.5	1.00212776898006
31.375	20.5	1.00212762414657
31.625	20.5	1.00212748446671
31.875	20.5	1.00212735001952
32.125	20.5	1.00212722088037
32.375	20.5	1.00212709712113
32.625	20.5	1.00212697881024
32.875	20.5	1.00212686601284
33.125	20.5	1.00212675879077
33.375	20.5	1.00212665720258
33.625	20.5	1.00212656130359
33.875	20.5	1.00212647114585
34.125	20.5	1.00212638677819
34.375	20.5	1.00212630824617
34.625	20.5	1.00212623559213
34.875	20.5	1.00212616885514
35.125	20.5	1.00212610807104
35.375	20.5	1.00212605327242
35.625	20.5	1.00212600448862
35.875	20.5	1.00212596174571
36.125	20.5	1.00212592506653
36.375	20.5	1.00212589447063
36.625	20.5	1.00212586997434
36.875	20.5	1.0021258515907
37.125	20.5	1.0021258393295
37.375	20.5	1.00212583319727
0.125	21.5	-0.00212661925393669
0.375	21.5	-0.00212662612125408
0.625	21.5	-0.00212663985361598
0.875	21.5	-0.00212666044647905
1.125	21.5	-0.00212668789303461
1.375	21.5	-0.00212672218421627
1.625	21.5	-0.00212676330871009
1.875	21.5	-0.00212681125296742
2.125	21.5	-0.00212686600122017
2.375	21.5	-0.00212692753549887
2.625	21.5	-0.00212699583565319
2.875	21.5	-0.0021270708793752
3.125	21.5	-0.00212715264222522
3.375	21.5	-0.0021272410976603
3.625	21.5	-0.00212733621706525
3.875	21.5	-0.0021274379697861
4.125	21.5	-0.00212754632316572
4.375	21.5	-0.00212766124258126
4.625	21.5	-0.0021277826914825
4.875	21.5	-0.00212791063143006
5.125	21.5	-0.00212804502213111
5.375	21.5	-0.00212818582146915
5.625	21.5	-0.00212833298552186
5.875	21.5	-0.00212848646855726
6.125	21.5	-0.00212864622299179
6.375	21.5	-0.00212881219928375
6.625	21.5	-0.00212898434571766
6.875	21.5	-0.00212916260800695
7.125	21.5	-0.00212934692859513
7.375	21.5	-0.00212953724545803
7.625	21.5	-0.00212973349008245
7.875	21.5	-0.00212993558408682
8.125	21.5	-0.00213014343360399
8.375	21.5	-0.00213035691997904
8.625	21.5	-0.00213057588439974
8.875	21.5	-0.00213080010254033
9.125	21.5	-0.00213102924276859
9.375	21.5	-0.00213126279730301
9.625	21.5	-0.00213149996885598
9.875	21.5	-0.0021317394840261
10.125	21.5	-0.00213197928615326
10.375	21.5	-0.00213221602982797
10.625	21.5	-0.00213244424902179
10.875	21.5	-0.00213265498816354
11.125	21.5	-0.00213283354949907
11.375	21.5	-0.00213295578630976
11.625	21.5	-0.00213298200337193
11.875	21.5	-0.00213284692019231
12.125	21.5	-0.00213244315567141
12.375	21.5	-0.00213159405256487
12.625	21.5	-0.00213000896125801
12.875	21.5	-0.00212720966199757
13.125	21.5	-0.00212240929966755
13.375	21.5	-0.00211431318892585
13.625	21.5	-0.0021007910860355
13.875	21.5	-0.00207833803662995
14.125	21.5	-0.00204118753330237
14.375	21.5	-0.00197985310983876
14.625	21.5	-0.00187873094189031
14.875	21.5	-0.00171216142391602
15.125	21.5	-0.00143796604334635
15.375	21.5	-0.000986859704364128
15.625	21.5	-0.000245156621781531
15.875	21.5	0.000973342477585079
16.125	21.5	0.00297268403029417
16.375	21.5	0.0062468828094586
16.625	21.5	0.0115920335979478
16.875	21.5	0.020273621814573
17.125	21.5	0.0342579289136168
17.375	21.5	0.0564847306323029
17.625	21.5	0.0910666894363173
17.875	21.5	0.143104655963792
18.125	21.5	0.217538813834244
18.375	21.5	0.3164749399876
18.625	21.5	0.435602211249419
18.875	21.5	0.56277556544915
19.125	21.5	0.68209853787093
19.375	21.5	0.781339035226629
19.625	21.5	0.856085065802348
19.875	21.5	0.908382348685387
20.125	21.5	0.943155075555012
20.375	21.5	0.965512169981318
20.625	21.5	0.979581525556273
20.875	21.5	0.988317124579472
21.125	21.5	0.993696016126666
21.375	21.5	0.996991093591525
21.625	21.5	0.999003290823124
21.875	21.5	1.0002296918271
22.125	21.5	1.00097625646922
22.375	21.5	1.00143036474521
22.625	21.5	1.00170642658125
22.875	21.5	1.00187416956857
23.125	21.5	1.00197604202983
23.375	21.5	1.00203786788747
23.625	21.5	1.00207535097859
23.875	21.5	1.0020980386367
24.125	21.5	1.00211173442492
24.375	21.5	1.0021199658752
24.625	21.5	1.00212487700731
24.875	21.5	1.00212777093189
25.125	21.5	1.00212943967581
25.375	21.5	1.00213036465129
25.625	21.5	1.0021308384955
25.875	21.5	1.00213103911874
26.125	21.5	1.00213107470659
26.375	21.5	1.0021310110693
26.625	21.5	1.00213088826275
26.875	21.5	1.00213073068953
27.125	21.5	1.0021305532377
27.375	21.5	1.00213036501142
27.625	21.5	1.00213017159821
27.875	21.5	1.00212997644688
28.125	21.5	1.0021297817049
28.375	21.5	1.00212958872736
28.625	21.5	1.00212939838628
28.875	21.5	1.00212921125858
29.125	21.5	1.00212902774041
29.375	21.5	1.00212884811658
29.625	21.5	1.00212867260276
29.875	21.5	1.00212850137122
30.125	21.5	1.00212833456639
30.375	21.5	1.00212817231441
30.625	21.5	1.00212801472887
30.875	21.5	1.00212786191438
31.125	21.5	1.00212771396868
31.375	21.5	1.00212757098397
31.625	21.5	1.00212743304772
31.875	21.5	1.00212730024315
32.125	21.5	1.00212717264956
32.375	21.5	1.00212705034248
32.625	21.5	1.00212693339384
32.875	21.5	1.002126821872
33.125	21.5	1.00212671584181
33.375	21.5	1.00212661536466
33.625	21.5	1.00212652049849
33.875	21.5	1.00212643129777
34.125	21.5	1.0021263478136
34.375	21.5	1.00212627009361
34.625	21.5	1.00212619818203
34.875	21.5	1.0021261321197
35.125	21.5	1.00212607194402
35.375	21.5	1.00212601768901
35.625	21.5	1.00212596938526
35.875	21.5	1.00212592705999
36.125	21.5	1.00212589073699
36.375	21.5	1.00212586043665
36.625	21.5	1.00212583617599
36.875	21.5	1.0021258179686
37.125	21.5	1.00212580582467
37.375	21.5	1.00212579975101
0.125	22.5	-0.00212664613785689
0.375	22.5	-0.00212665305438451
0.625	22.5	-0.00212666688528123
0.875	22.5	-0.00212668762623273
1.125	22.5	-0.00212671527077457
1.375	22.5	-0.00212674981030064
1.625	22.5	-0.00212679123407451
1.875	22.5	-0.00212683952924362
2.125	22.5	-0.00212689468085639
2.375	22.5	-0.00212695667188212
2.625	22.5	-0.00212702548323398
2.875	22.5	-0.00212710109379478
3.125	22.5	-0.00212718348044581
3.375	22.5	-0.00212727261809853
3.625	22.5	-0.00212736847972918
3.875	22.5	-0.00212747103641609
4.125	22.5	-0.00212758025737964
4.375	22.5	-0.00212769611002416
4.625	22.5	-0.00212781855998133
4.875	22.5	-0.00212794757115364
5.125	22.5	-0.00212808310575578
5.375	22.5	-0.00212822512435057
5.625	22.5	-0.00212837358587323
5.875	22.5	-0.00212852844763448
6.125	22.5	-0.00212868966528602
6.375	22.5	-0.00212885719272166
6.625	22.5	-0.00212903098187012
6.875	22.5	-0.00212921098230643
7.125	22.5	-0.00212939714056257
7.375	22.5	-0.00212958939893963
7.625	22.5	-0.00212978769349733
7.875	22.5	-0.00212999195068617
8.125	22.5	-0.00213020208174309
8.375	22.5	-0.00213041797340335
8.625	22.5	-0.00213063947254746
8.875	22.5	-0.00213086636086421
9.125	22.5	-0.00213109831308188
9.375	22.5	-0.00213133482815673
9.625	22.5	-0.00213157511595921
9.875	22.5	-0.00213181791072793
10.125	22.5	-0.00213206116401701
10.375	22.5	-0.00213230153934713
10.625	22.5	-0.00213253358055934
10.875	22.5	-0.00213274834324822
11.125	22.5	-0.00213293114269837
11.375	22.5	-0.00213305784804156
11.625	22.5	-0.00213308878425012
11.875	22.5	-0.00213295869788725
12.125	22.5	-0.00213256024590062
12.375	22.5	-0.00213171682687508
12.625	22.5	-0.00213013787598195
12.875	22.5	-0.0021273453056063
13.125	22.5	-0.00212255247041127
13.375	22.5	-0.00211446502235002
13.625	22.5	-0.00210095326462194
13.875	22.5	-0.002078513134646
14.125	22.5	-0.00204137958418643
14.375	22.5	-0.00198006853967115
14.625	22.5	-0.00187898010459951
14.875	22.5	-0.0017124611242327
15.125	22.5	-0.00143834367759175
15.375	22.5	-0.000987360041562446
15.625	22.5	-0.000245852868179856
15.875	22.5	0.00097233073401871
16.125	22.5	0.00297116201064837
16.375	22.5	0.0062445350773825
16.625	22.5	0.0115883543987745
16.875	22.5	0.0202678138821502
17.125	22.5	0.0342487709497478
17.375	22.5	0.0564704412151959
17.625	22.5	0.0910448851246666
17.875	22.5	0.14307263040014
18.125	22.5	0.217494482315511
18.375	22.5	0.316418575848364
18.625	22.5	0.435538076974576
18.875	22.5	0.562711375288362
19.125	22.5	0.682042033445614
19.375	22.5	0.78129453541087
19.625	22.5	0.856052888363427
19.875	22.5	0.908360427303155
20.125	22.5	0.943140703985448
20.375	22.5	0.965502957554074
20.625	22.5	0.979575682735737
20.875	22.5	0.988313423483294
21.125	22.5	0.993693654809983
21.375	22.5	0.996989563192818
21.625	22.5	0.999002273919247
21.875	22.5	1.00022899239601
22.125	22.5	1.00097575415504
22.375	22.5	1.00142998587098
22.625	22.5	1.00170612609067
22.875	22.5	1.00187391989044
23.125	22.5	1.0019758262531
23.375	22.5	1.00203767559359
23.625	22.5	1.00207517570218
23.875	22.5	1.0020978763204
24.125	22.5	1.00211158247984
24.375	22.5	1.00211982260991
24.625	22.5	1.00212474128073
24.875	22.5	1.00212764194235
25.125	22.5	1.00212931683267
25.375	22.5	1.00213024749684
25.625	22.5	1.00213072665726
25.875	22.5	1.00213093228038
26.125	22.5	1.00213097259001
26.375	22.5	1.00213091342357
26.625	22.5	1.00213079485719
26.875	22.5	1.00213064130939
27.125	22.5	1.00213046768129
27.375	22.5	1.00213028308823
27.625	22.5	1.00213009312763
27.875	22.5	1.00212990125724
28.125	22.5	1.00212970963276
28.375	22.5	1.00212951961692
28.625	22.5	1.0021293320889
28.875	22.5	1.00212914763238
29.125	22.5	1.00212896664988
29.375	22.5	1.0021287894322
29.625	22.5	1.00212861620073
29.875	22.5	1.00212844713313
30.125	22.5	1.00212828237894
30.375	22.5	1.00212812206914
30.625	22.5	1.00212796632189
30.875	22.5	1.00212781524612
31.125	22.5	1.00212766894367
31.375	22.5	1.00212752751061
31.625	22.5	1.00212739103804
31.875	22.5	1.00212725961263
32.125	22.5	1.00212713331692
32.375	22.5	1.00212701222948
32.625	22.5	1.0021268964251
32.875	22.5	1.00212678597481
33.125	22.5	1.00212668094599
33.375	22.5	1.00212658140235
33.625	22.5	1.00212648740402
33.875	22.5	1.00212639900752
34.125	22.5	1.00212631626579
34.375	22.5	1.00212623922822
34.625	22.5	1.00212616794063
34.875	22.5	1.0021261024453
35.125	22.5	1.00212604278097
35.375	22.5	1.00212598898284
35.625	22.5	1.00212594108257
35.875	22.5	1.0021258991083
36.125	22.5	1.00212586308467
36.375	22.5	1.00212583303275
36.625	22.5	1.00212580897013
36.875	22.5	1.00212579091086
37.125	22.5	1.0021257788655
37.375	22.5	1.00212577284106
0.125	23.5	-0.00212666566983483
0.375	23.5	-0.0021266726243299
0.625	23.5	-0.00212668653124947
0.875	23.5	-0.00212670738645532
1.125	23.5	-0.00212673518374761
1.375	23.5	-0.00212676991487394
1.625	23.5	-0.00212681156954145
1.875	23.5	-0.00212686013543199
2.125	23.5	-0.00212691559822028
2.375	23.5	-0.00212697794159534
2.625	23.5	-0.00212704714728484
2.875	23.5	-0.00212712319508271
3.125	23.5	-0.00212720606287992
3.375	23.5	-0.00212729572669824
3.625	23.5	-0.00212739216072729
3.875	23.5	-0.00212749533736434
4.125	23.5	-0.00212760522725702
4.375	23.5	-0.00212772179934825
4.625	23.5	-0.00212784502092275
4.875	23.5	-0.00212797485765393
5.125	23.5	-0.00212811127364892
5.375	23.5	-0.00212825423148827
5.625	23.5	-0.00212840369225435
5.875	23.5	-0.00212855961553867
6.125	23.5	-0.00212872195941194
6.375	23.5	-0.00212889068032991
6.625	23.5	-0.00212906573293118
6.875	23.5	-0.00212924706965394
7.125	23.5	-0.00212943464005199
7.375	23.5	-0.00212962838961299
7.625	23.5	-0.00212982825775399
7.875	23.5	-0.00213003417446043
8.125	23.5	-0.00213024605468901
8.375	23.5	-0.00213046378908782
8.625	23.5	-0.00213068722865258
8.875	23.5	-0.00213091615940112
9.125	23.5	-0.0021311502606189
9.375	23.5	-0.00213138903606683
9.625	23.5	-0.00213163170069459
9.875	23.5	-0.00213187699413462
10.125	23.5	-0.00213212287371051
10.375	23.5	-0.00213236600918374
10.625	23.5	-0.00213260095126009
10.875	23.5	-0.00213281876326909
11.125	23.5	-0.00213300476950104
11.375	23.5	-0.002133134850019
11.625	23.5	-0.00213316934372582
11.875	23.5	-0.00213304301587825
12.125	23.5	-0.00213264854978145
12.375	23.5	-0.00213180938281619
12.625	23.5	-0.00213023500924942
12.875	23.5	-0.00212744743380788
13.125	23.5	-0.002122660158065
13.375	23.5	-0.00211457907057035
13.625	23.5	-0.00210107485863781
13.875	23.5	-0.0020786440865386
14.125	23.5	-0.00204152273235421
14.375	23.5	-0.00198022840612643
14.625	23.5	-0.00187916397606746
14.875	23.5	-0.00171268082892074
15.125	23.5	-0.00143861850139053
15.375	23.5	-0.000987721503789709
15.625	23.5	-0.000246352514024096
15.875	23.5	0.000971608695727504
16.125	23.5	0.00297008041812988
16.375	23.5	0.00624287179573749
16.625	23.5	0.0115857532609481
16.875	23.5	0.0202637134227374
17.125	23.5	0.0342423110733867
17.375	23.5	0.0564603673391759
17.625	23.5	0.0910295186301378
17.875	23.5	0.143050065093459
18.125	23.5	0.217463249500999
18.375	23.5	0.316378867149482
18.625	23.5	0.435492893465737
18.875	23.5	0.56266614988809
19.125	23.5	0.682002219592006
19.375	23.5	0.78126317645005
19.625	23.5	0.856030209225214
19.875	23.5	0.908344973069007
20.125	23.5	0.943130568543854
20.375	23.5	0.965496456865434
20.625	23.5	0.979571556134504
20.875	23.5	0.988310805938667
21.125	23.5	0.993691981349817
21.375	23.5	0.996988475321693
21.625	23.5	0.99900154801347
21.875	23.5	1.00022849036237
22.125	23.5	1.00097539120943
22.375	23.5	1.0014297101156
22.625	23.5	1.00170590579105
22.875	23.5	1.00187373562974
23.125	23.5	1.0019756661235
23.375	23.5	1.00203753225999
23.625	23.5	1.00207504461316
23.875	23.5	1.00209775461965
24.125	23.5	1.00211146834436
24.375	23.5	1.00211971484776
24.625	23.5	1.00212463908668
24.875	23.5	1.0021275447493
25.125	23.5	1.0021292242214
25.375	23.5	1.00213015914105
25.625	23.5	1.00213064229011
25.875	23.5	1.00213085167402
26.125	23.5	1.00213089554311
26.375	23.5	1.00213083975356
26.625	23.5	1.0021307243955
26.875	23.5	1.00213057389842
27.125	23.5	1.00213040317246
27.375	23.5	1.00213022134071
27.625	23.5	1.00213003400748
27.875	23.5	1.00212984463676
28.125	23.5	1.00212965539003
28.375	23.5	1.00212946763542
28.625	23.5	1.0021292822572
28.875	23.5	1.00212909984386
29.125	23.5	1.00212892080247
29.375	23.5	1.00212874542817
29.625	23.5	1.00212857394649
29.875	23.5	1.00212840653897
30.125	23.5	1.00212824335889
30.375	23.5	1.00212808454076
30.625	23.5	1.00212793020611
30.875	23.5	1.00212778046706
31.125	23.5	1.00212763542847
31.375	23.5	1.00212749518926
31.625	23.5	1.00212735984326
31.875	23.5	1.0021272294797
32.125	23.5	1.00212710418354
32.375	23.5	1.00212698403563
32.625	23.5	1.0021268691129
32.875	23.5	1.00212675948842
33.125	23.5	1.00212665523143
33.375	23.5	1.00212655640745
33.625	23.5	1.00212646307824
33.875	23.5	1.00212637530187
34.125	23.5	1.0021262931327
34.375	23.5	1.00212621662145
34.625	23.5	1.00212614581514
34.875	23.5	1.00212608075718
35.125	23.5	1.0021260214873
35.375	23.5	1.00212596804161
35.625	23.5	1.00212592045261
35.875	23.5	1.00212587874915
36.125	23.5	1.00212584295647
36.375	23.5	1.0021258130962
36.625	23.5	1.00212578918638
36.875	23.5	1.0021257712414
37.125	23.5	1.00212575927208
37.375	23.5	1.00212575328562
0.125	24.5	-0.00212667721850952
0.375	24.5	-0.00212668419826798
0.625	24.5	-0.00212669815577271
0.875	24.5	-0.00212671908700235
1.125	24.5	-0.00212674698593261
1.375	24.5	-0.00212678184454559
1.625	24.5	-0.00212682365284227
1.875	24.5	-0.00212687239885814
2.125	24.5	-0.00212692806868199
2.375	24.5	-0.00212699064647788
2.625	24.5	-0.00212706011451036
2.875	24.5	-0.00212713645317288
3.125	24.5	-0.00212721964101942
3.375	24.5	-0.00212730965479941
3.625	24.5	-0.0021274064694957
3.875	24.5	-0.00212751005836568
4.125	24.5	-0.00212762039298514
4.375	24.5	-0.00212773744329455
4.625	24.5	-0.00212786117764697
4.875	24.5	-0.00212799156285637
5.125	24.5	-0.00212812856424415
5.375	24.5	-0.00212827214568042
5.625	24.5	-0.00212842226961399
5.875	24.5	-0.00212857889708134
6.125	24.5	-0.00212874198767828
6.375	24.5	-0.00212891149946759
6.625	24.5	-0.00212908738877843
6.875	24.5	-0.00212926960982479
7.125	24.5	-0.00212945811402333
7.375	24.5	-0.00212965284881317
7.625	24.5	-0.00212985375565336
7.875	24.5	-0.00213006076666347
8.125	24.5	-0.0021302737990285
8.375	24.5	-0.00213049274572104
8.625	24.5	-0.00213071746016007
8.875	24.5	-0.0021309477308887
9.125	24.5	-0.00213118323982432
9.375	24.5	-0.00213142349347321
9.625	24.5	-0.00213166770965469
9.875	24.5	-0.00213191463101235
10.125	24.5	-0.00213216221805066
10.375	24.5	-0.00213240714392816
10.625	24.5	-0.0021326439630405
10.875	24.5	-0.00213286374282676
11.125	24.5	-0.00213305181231617
11.375	24.5	-0.00213318405728676
11.625	24.5	-0.00213322082390513
11.875	24.5	-0.00213309688718633
12.125	24.5	-0.00213270494424927
12.375	24.5	-0.00213186845291875
12.625	24.5	-0.00213029693878226
12.875	24.5	-0.00212751245576384
13.125	24.5	-0.00212272858404833
13.375	24.5	-0.00211465133922165
13.625	24.5	-0.00210115161537583
13.875	24.5	-0.00207872631487566
14.125	24.5	-0.00204161197011096
14.375	24.5	-0.00198032710132541
14.625	24.5	-0.0018792760724299
14.875	24.5	-0.00171281272826385
15.125	24.5	-0.00143878064334738
15.375	24.5	-0.000987930952982187
15.625	24.5	-0.00024663718157177
15.875	24.5	0.000971203205754835
16.125	24.5	0.00296947981719476
16.375	24.5	0.00624195576458638
16.625	24.5	0.0115843288735549
16.875	24.5	0.0202614765412204
17.125	24.5	0.034238795790985
17.375	24.5	0.0564548940548465
17.625	24.5	0.0910211780371678
17.875	24.5	0.143037824580533
18.125	24.5	0.217446313373453
18.375	24.5	0.316357338991953
18.625	24.5	0.435468398717834
18.875	24.5	0.562641631572851
19.125	24.5	0.681980632276456
19.375	24.5	0.781246169355146
19.625	24.5	0.856017904673048
19.875	24.5	0.90833658311541
20.125	24.5	0.943125060623407
20.375	24.5	0.965492918621586
20.625	24.5	0.979569304544021
20.875	24.5	0.988309372318206
21.125	24.5	0.993691059588735
21.375	24.5	0.996987871184164
21.625	24.5	0.999001140342771
21.875	24.5	1.00022820434605
22.125	24.5	1.00097518091987
22.375	24.5	1.00142954744338
22.625	24.5	1.00170577355056
22.875	24.5	1.00187362330772
23.125	24.5	1.0019755672734
23.375	24.5	1.0020374429109
23.625	24.5	1.00207496230053
23.875	24.5	1.00209767779561
24.125	24.5	1.00211139601927
24.375	24.5	1.00211964637244
24.625	24.5	1.00212457402019
24.875	24.5	1.0021274827786
25.125	24.5	1.00212916511259
25.375	24.5	1.00213010270977
25.625	24.5	1.0021305883835
25.875	24.5	1.0021308001598
26.125	24.5	1.00213084630288
26.375	24.5	1.00213079267873
26.625	24.5	1.00213067938479
26.875	24.5	1.00213053085626
27.125	24.5	1.00213036200804
27.375	24.5	1.00213018196735
27.625	24.5	1.00212999634218
27.875	24.5	1.00212980859995
28.125	24.5	1.00212962090529
28.375	24.5	1.00212943462938
28.625	24.5	1.00212925065933
28.875	24.5	1.00212906958639
29.125	24.5	1.00212889182027
29.375	24.5	1.00212871765864
29.625	24.5	1.00212854732944
29.875	24.5	1.00212838101655
30.125	24.5	1.00212821887548
30.375	24.5	1.00212806104286
30.625	24.5	1.00212790764228
30.875	24.5	1.0021277587878
31.125	24.5	1.00212761458615
31.375	24.5	1.00212747513803
31.625	24.5	1.00212734053897
31.875	24.5	1.00212721087979
32.125	24.5	1.00212708624697
32.375	24.5	1.00212696672283
32.625	24.5	1.00212685238565
32.875	24.5	1.00212674330979
33.125	24.5	1.00212663956572
33.375	24.5	1.00212654122008
33.625	24.5	1.00212644833572
33.875	24.5	1.00212636097168
34.125	24.5	1.00212627918329
34.375	24.5	1.00212620302209
34.625	24.5	1.00212613253591
34.875	24.5	1.00212606776889
35.125	24.5	1.00212600876142
35.375	24.5	1.00212595555022
35.625	24.5	1.0021259081683
35.875	24.5	1.00212586664501
36.125	24.5	1.002125831006
36.375	24.5	1.00212580127326
36.625	24.5	1.0021257774651
36.875	24.5	1.00212575959616
37.125	24.5	1.00212574767744
37.375	24.5	1.00212574171625
0.125	25.5	-0.00212668036334341
0.375	25.5	-0.00212668735469407
0.625	25.5	-0.00212670133541049
0.875	25.5	-0.00212672230152586
1.125	25.5	-0.00212675024709771
1.375	25.5	-0.00212678516421727
1.625	25.5	-0.00212682704302196
1.875	25.5	-0.00212687587171101
2.125	25.5	-0.00212693163656425
2.375	25.5	-0.00212699432196413
2.625	25.5	-0.00212706391042087
2.875	25.5	-0.00212714038260086
3.125	25.5	-0.00212722371735825
3.375	25.5	-0.00212731389176978
3.625	25.5	-0.00212741088117266
3.875	25.5	-0.00212751465920552
4.125	25.5	-0.00212762519785211
4.375	25.5	-0.00212774246748727
4.625	25.5	-0.00212786643692458
4.875	25.5	-0.00212799707346423
5.125	25.5	-0.00212813434293907
5.375	25.5	-0.0021282782097553
5.625	25.5	-0.00212842863692175
5.875	25.5	-0.00212858558605794
6.125	25.5	-0.00212874901736482
6.375	25.5	-0.00212891888953114
6.625	25.5	-0.00212909515953152
6.875	25.5	-0.00212927778224332
7.125	25.5	-0.00212946670976254
7.375	25.5	-0.00212966189022163
7.625	25.5	-0.00212986326578437
7.875	25.5	-0.00213007076928384
8.125	25.5	-0.00213028431862415
8.375	25.5	-0.00213050380749909
8.625	25.5	-0.00213072909004703
8.875	25.5	-0.00213095995552432
9.125	25.5	-0.00213119608655068
9.375	25.5	-0.00213143699031874
9.625	25.5	-0.0021316818853128
9.875	25.5	-0.00213192951481475
10.125	25.5	-0.00213217783993566
10.375	25.5	-0.0021324235344052
10.625	25.5	-0.00213266115315318
10.875	25.5	-0.00213288176411892
11.125	25.5	-0.00213307069680912
11.375	25.5	-0.0021332038374815
11.625	25.5	-0.00213324153283356
11.875	25.5	-0.00213311855855144
12.125	25.5	-0.00213272761272152
12.375	25.5	-0.00213189215470035
12.625	25.5	-0.00213032171262483
12.875	25.5	-0.00212753834474616
13.125	25.5	-0.00212275563862164
13.375	25.5	-0.00211467962235964
13.625	25.5	-0.00210118121121042
13.875	25.5	-0.00207875734309431
14.125	25.5	-0.00204164460986202
14.375	25.5	-0.0019803616307928
14.625	25.5	-0.00187931293419346
14.875	25.5	-0.00171285263701636
15.125	25.5	-0.00143882476301323
15.375	25.5	-0.000987981187112645
15.625	25.5	-0.000246696647493664
15.875	25.5	0.000971129407717237
16.125	25.5	0.00296938336869158
16.375	25.5	0.00624182318039457
16.625	25.5	0.0115841385165229
16.875	25.5	0.0202611942877819
17.125	25.5	0.0342383693579489
17.375	25.5	0.0564542471786613
17.625	25.5	0.0910202086933654
17.875	25.5	0.143036416949549
18.125	25.5	0.217444378284933
18.375	25.5	0.316354888241225
18.625	25.5	0.435465614878184
18.875	25.5	0.562638845046094
19.125	25.5	0.681978174779213
19.375	25.5	0.781244226170002
19.625	25.5	0.856016489731301
19.875	25.5	0.908335608131571
20.125	25.5	0.943124409784613
20.375	25.5	0.96549248955664
20.625	25.5	0.979569020599649
20.875	25.5	0.988309180894747
21.125	25.5	0.993690926337631
21.375	25.5	0.996987774318812
21.625	25.5	0.999001066282361
21.875	25.5	1.00022814471242
22.125	25.5	1.00097513057577
22.375	25.5	1.00142950324885
22.625	25.5	1.00170573358825
22.875	25.5	1.00187358640534
23.125	25.5	1.00197553271117
23.375	25.5	1.00203741024316
23.625	25.5	1.00207493124724
23.875	25.5	1.00209764817649
24.125	25.5	1.00211136771396
24.375	25.5	1.0021196192964
24.625	25.5	1.00212454811019
24.875	25.5	1.00212745798406
25.125	25.5	1.00212914139034
25.375	25.5	1.00213008002098
25.625	25.5	1.00213056669196
25.875	25.5	1.00213077943081
26.125	25.5	1.00213082650273
26.375	25.5	1.00213077377438
26.625	25.5	1.00213066134373
26.875	25.5	1.00213051364647
27.125	25.5	1.00213034559797
27.375	25.5	1.00213016632596
27.625	25.5	1.00212998143896
27.875	25.5	1.00212979440494
28.125	25.5	1.00212960738918
28.375	25.5	1.00212942176346
28.625	25.5	1.00212923841558
28.875	25.5	1.00212905793746
29.125	25.5	1.00212888073952
29.375	25.5	1.00212870712014
29.625	25.5	1.00212853730797
29.875	25.5	1.00212837148764
30.125	25.5	1.00212820981535
30.375	25.5	1.00212805242846
30.625	25.5	1.00212789945126
30.875	25.5	1.00212775099851
31.125	25.5	1.0021276071776
31.375	25.5	1.00212746808992
31.625	25.5	1.00212733383161
31.875	25.5	1.00212720449415
32.125	25.5	1.00212708016462
32.375	25.5	1.0021269609259
32.625	25.5	1.00212684685685
32.875	25.5	1.00212673803236
33.125	25.5	1.00212663452342
33.375	25.5	1.00212653639714
33.625	25.5	1.00212644371684
33.875	25.5	1.002126356542
34.125	25.5	1.00212627492834
34.375	25.5	1.0021261989278
34.625	25.5	1.00212612858857
34.875	25.5	1.00212606395508
35.125	25.5	1.00212600506806
35.375	25.5	1.00212595196448
35.625	25.5	1.00212590467761
35.875	25.5	1.00212586323701
36.125	25.5	1.00212582766852
36.375	25.5	1.00212579799429
36.625	25.5	1.00212577423278
36.875	25.5	1.00212575639874
37.125	25.5	1.00212574450323
37.375	25.5	1.00212573855363
0.125	26.5	-0.00212667491064028
0.375	26.5	-0.00212668189946413
0.625	26.5	-0.00212669587512306
0.875	26.5	-0.00212671683364248
1.125	26.5	-0.00212674476906808
1.375	26.5	-0.00212677967347488
1.625	26.5	-0.00212682153697945
1.875	26.5	-0.0021268703477551
2.125	26.5	-0.0021269260920502
2.375	26.5	-0.00212698875420952
2.625	26.5	-0.00212705831669876
2.875	26.5	-0.00212713476013212
3.125	26.5	-0.00212721806330295
3.375	26.5	-0.00212730820321753
3.625	26.5	-0.00212740515513182
3.875	26.5	-0.00212750889259102
4.125	26.5	-0.00212761938747181
4.375	26.5	-0.00212773661002673
4.625	26.5	-0.00212786052892988
4.875	26.5	-0.0021279911113229
5.125	26.5	-0.00212812832285865
5.375	26.5	-0.00212827212773949
5.625	26.5	-0.00212842248874376
5.875	26.5	-0.00212857936723088
6.125	26.5	-0.00212874272310866
6.375	26.5	-0.0021289125147361
6.625	26.5	-0.00212908869871736
6.875	26.5	-0.00212927122951416
7.125	26.5	-0.00212946005875682
7.375	26.5	-0.00212965513405661
7.625	26.5	-0.00212985639699467
7.875	26.5	-0.00213006377975334
8.125	26.5	-0.00213027719951041
8.375	26.5	-0.00213049654914947
8.625	26.5	-0.0021307216819053
8.875	26.5	-0.00213095238602615
9.125	26.5	-0.00213118834300607
9.375	26.5	-0.00213142905877835
9.625	26.5	-0.00213167375041392
9.875	26.5	-0.00213192115960033
10.125	26.5	-0.00213216924563623
10.375	26.5	-0.00213241468016761
10.625	26.5	-0.00213265201569038
10.875	26.5	-0.00213287231723911
11.125	26.5	-0.00213306091075652
11.375	26.5	-0.00213319367797812
11.625	26.5	-0.00213323095964067
11.875	26.5	-0.00213310752325339
12.125	26.5	-0.00213271605524317
12.375	26.5	-0.00213187999775482
12.625	26.5	-0.00213030885276953
12.875	26.5	-0.00212752463787207
13.125	26.5	-0.00212274087629543
13.375	26.5	-0.00211466349312571
13.625	26.5	-0.00210116323715404
13.875	26.5	-0.0020787367757069
14.125	26.5	-0.00204162025896124
14.375	26.5	-0.00198033158336102
14.625	26.5	-0.00187927409233302
14.875	26.5	-0.00171279995905709
15.125	26.5	-0.00143875001849859
15.375	26.5	-0.000987870918531411
15.625	26.5	-0.000246528845221937
15.875	26.5	0.000971390697203384
16.125	26.5	0.00296979669828471
16.375	26.5	0.00624248336162238
16.625	26.5	0.0115851975471563
16.875	26.5	0.0202628917534681
17.125	26.5	0.0342410722499255
17.375	26.5	0.0564584907973212
17.625	26.5	0.0910267092813455
17.875	26.5	0.14304598793113
18.125	26.5	0.217457646598142
18.375	26.5	0.316371772656829
18.625	26.5	0.435484835572947
18.875	26.5	0.56265808439505
19.125	26.5	0.681995106016882
19.375	26.5	0.781257550644595
19.625	26.5	0.856026111381243
19.875	26.5	0.90834214776267
20.125	26.5	0.943128680788141
20.375	26.5	0.965495210591658
20.625	26.5	0.979570729676507
20.875	26.5	0.988310247202787
21.125	26.5	0.993691591023934
21.375	26.5	0.996988190417676
21.625	26.5	0.999001329267966
21.875	26.5	1.00022831355218
22.125	26.5	1.00097524147918
22.375	26.5	1.00142957838244
22.625	26.5	1.00170578650527
22.875	26.5	1.00187362539452
23.125	26.5	1.00197556284961
23.375	26.5	1.00203743465031
23.625	26.5	1.00207495184923
23.875	26.5	1.0020976661715
24.125	26.5	1.00211138385537
24.375	26.5	1.00211963406513
24.625	26.5	1.00212456181956
24.875	26.5	1.00212747084365
25.125	26.5	1.00212915354499
25.375	26.5	1.00213009157463
25.625	26.5	1.00213057772219
25.875	26.5	1.00213078999792
26.125	26.5	1.00213083665529
26.375	26.5	1.00213078355274
26.625	26.5	1.00213067078225
26.875	26.5	1.00213052277497
27.125	26.5	1.00213035444271
27.375	26.5	1.00213017491028
27.625	26.5	1.00212998978375
27.875	26.5	1.00212980252902
28.125	26.5	1.00212961530954
28.375	26.5	1.00212942949548
28.625	26.5	1.00212924597325
28.875	26.5	1.0021290653335
29.125	26.5	1.00212888798551
29.375	26.5	1.00212871422666
29.625	26.5	1.0021285442847
29.875	26.5	1.00212837834343
30.125	26.5	1.00212821655834
30.375	26.5	1.00212805906613
30.625	26.5	1.00212790599051
30.875	26.5	1.0021277574457
31.125	26.5	1.00212761353865
31.375	26.5	1.00212747437032
31.625	26.5	1.00212734003648
31.875	26.5	1.00212721062828
32.125	26.5	1.00212708623249
32.375	26.5	1.00212696693176
32.625	26.5	1.00212685280471
32.875	26.5	1.00212674392601
33.125	26.5	1.00212664036647
33.375	26.5	1.00212654219307
33.625	26.5	1.00212644946895
33.875	26.5	1.0021263622535
34.125	26.5	1.00212628060231
34.375	26.5	1.00212620456724
34.625	26.5	1.00212613419638
34.875	26.5	1.00212606953413
35.125	26.5	1.00212601062111
35.375	26.5	1.00212595749427
35.625	26.5	1.00212591018683
35.875	26.5	1.00212586872829
36.125	26.5	1.00212583314449
36.375	26.5	1.00212580345754
36.625	26.5	1.00212577968588
36.875	26.5	1.00212576184423
37.125	26.5	1.00212574994366
37.375	26.5	1.00212574399154
0.125	27.5	-0.00212666090089807
0.375	27.5	-0.00212666787314668
0.625	27.5	-0.00212668181562156
0.875	27.5	-0.00212670272428078
1.125	27.5	-0.00212673059306865
1.375	27.5	-0.00212676541392434
1.625	27.5	-0.00212680717679345
1.875	27.5	-0.00212685586964246
2.125	27.5	-0.0021269114784761
2.375	27.5	-0.00212697398735763
2.625	27.5	-0.00212704337843205
2.875	27.5	-0.00212711963195222
3.125	27.5	-0.0021272027263079
3.375	27.5	-0.00212729263805762
3.625	27.5	-0.00212738934196336
3.875	27.5	-0.00212749281102787
4.125	27.5	-0.00212760301653433
4.375	27.5	-0.00212771992808791
4.625	27.5	-0.0021278435136585
4.875	27.5	-0.00212797373962316
5.125	27.5	-0.00212811057080633
5.375	27.5	-0.0021282539705139
5.625	27.5	-0.00212840390055547
5.875	27.5	-0.00212856032124457
6.125	27.5	-0.00212872319136086
6.375	27.5	-0.00212889246804721
6.625	27.5	-0.00212906810659757
6.875	27.5	-0.00212925006006267
7.125	27.5	-0.00212943827855375
7.375	27.5	-0.00212963270804688
7.625	27.5	-0.00212983328836319
7.875	27.5	-0.00213003994979045
8.125	27.5	-0.00213025260746657
8.375	27.5	-0.00213047115207772
8.625	27.5	-0.00213069543448973
8.875	27.5	-0.0021309252403938
9.125	27.5	-0.00213116024851864
9.375	27.5	-0.00213139996179844
9.625	27.5	-0.00213164359403746
9.875	27.5	-0.00213188988334236
10.125	27.5	-0.00213213678504974
10.375	27.5	-0.00213238096636234
10.625	27.5	-0.00213261697469843
10.875	27.5	-0.00213283586914045
11.125	27.5	-0.00213302296842228
11.375	27.5	-0.00213315414519866
11.625	27.5	-0.00213318972825588
11.875	27.5	-0.00213306446865615
12.125	27.5	-0.00213267102922148
12.375	27.5	-0.00213183281696988
12.625	27.5	-0.00213025928006737
12.875	27.5	-0.00212747235181489
13.125	27.5	-0.00212268542131718
13.375	27.5	-0.00211460419780765
13.625	27.5	-0.0021010990800385
13.875	27.5	-0.00207866616478143
14.125	27.5	-0.00204154066910883
14.375	27.5	-0.00198023896022985
14.625	27.5	-0.00187916187236816
14.875	27.5	-0.00171265745959764
15.125	27.5	-0.00143855979628716
15.375	27.5	-0.000987604444909625
15.625	27.5	-0.000246139450811221
15.875	27.5	0.000971979263121059
16.125	27.5	0.00297070863302346
16.375	27.5	0.00624391979024476
16.625	27.5	0.0115874809224169
16.875	27.5	0.0202665303506834
17.125	27.5	0.0342468446273417
17.375	27.5	0.0564675325386776
17.625	27.5	0.0910405397294836
17.875	27.5	0.143066332393962
18.125	27.5	0.217485834487346
18.375	27.5	0.316407630879962
18.625	27.5	0.435525648556892
18.875	27.5	0.562698935684834
19.125	27.5	0.682031060390086
19.375	27.5	0.7812858538677
19.625	27.5	0.856046559904362
19.875	27.5	0.90835605840283
20.125	27.5	0.943137778782848
20.375	27.5	0.965501020244153
20.625	27.5	0.97957439213472
20.875	27.5	0.988312545538721
21.125	27.5	0.993693036719551
21.375	27.5	0.996989108054558
21.625	27.5	0.999001921332219
21.875	27.5	1.00022870509252
22.125	27.5	1.00097550927216
22.375	27.5	1.00142976941968
22.625	27.5	1.00170592951207
22.875	27.5	1.00187373793381
23.125	27.5	1.0019756556768
23.375	27.5	1.00203751437318
23.625	27.5	1.00207502254901
23.875	27.5	1.00209773038969
24.125	27.5	1.00211144319398
24.375	27.5	1.00211968955175
24.625	27.5	1.00212461412939
24.875	27.5	1.00212752043461
25.125	27.5	1.00212920074001
25.375	27.5	1.00213013661181
25.625	27.5	1.0021306207855
25.875	27.5	1.00213083123599
26.125	27.5	1.00213087619303
26.375	27.5	1.00213082149854
26.625	27.5	1.00213070723248
26.875	27.5	1.00213055781691
27.125	27.5	1.00213038815638
27.375	27.5	1.00213020736974
27.625	27.5	1.00213002105799
27.875	27.5	1.00212983268255
28.125	27.5	1.00212964440291
28.375	27.5	1.00212945758566
28.625	27.5	1.00212927311393
28.875	27.5	1.00212909157537
29.125	27.5	1.00212891337649
29.375	27.5	1.00212873881211
29.625	27.5	1.00212856810761
29.875	27.5	1.00212840144458
30.125	27.5	1.00212823897647
30.375	27.5	1.00212808083809
30.625	27.5	1.00212792715138
30.875	27.5	1.00212777802893
31.125	27.5	1.00212763357616
31.375	27.5	1.00212749389262
31.625	27.5	1.00212735907278
31.875	27.5	1.00212722920656
32.125	27.5	1.0021271043796
32.375	27.5	1.00212698467351
32.625	27.5	1.00212687016593
32.875	27.5	1.00212676093065
33.125	27.5	1.00212665703763
33.375	27.5	1.0021265585531
33.625	27.5	1.00212646553948
33.875	27.5	1.00212637805553
34.125	27.5	1.00212629615623
34.375	27.5	1.0021262198929
34.625	27.5	1.00212614931315
34.875	27.5	1.00212608446091
35.125	27.5	1.00212602537641
35.375	27.5	1.00212597209623
35.625	27.5	1.00212592465328
35.875	27.5	1.00212588307678
36.125	27.5	1.0021258473923
36.375	27.5	1.00212581762177
36.625	27.5	1.00212579378345
36.875	27.5	1.00212577589192
37.125	27.5	1.00212576395816
37.375	27.5	1.00212575798945
0.125	28.5	-0.00212663860752453
0.375	28.5	-0.00212664554971462
0.625	28.5	-0.00212665943201168
0.875	28.5	-0.002126680250252
1.125	28.5	-0.00212670799819673
1.375	28.5	-0.00212674266753985
1.625	28.5	-0.00212678424791893
1.875	28.5	-0.00212683272692855
2.125	28.5	-0.0021268880901364
2.375	28.5	-0.00212695032110206
2.625	28.5	-0.00212701940139853
2.875	28.5	-0.00212709531063634
3.125	28.5	-0.00212717802649042
3.375	28.5	-0.0021272675247295
3.625	28.5	-0.00212736377924804
3.875	28.5	-0.00212746676210051
4.125	28.5	-0.00212757644353772
4.375	28.5	-0.00212769279204475
4.625	28.5	-0.00212781577437967
4.875	28.5	-0.00212794535561167
5.125	28.5	-0.00212808149915651
5.375	28.5	-0.00212822416680556
5.625	28.5	-0.00212837331874235
5.875	28.5	-0.00212852891353695
6.125	28.5	-0.00212869090810153
6.375	28.5	-0.0021288592575805
6.625	28.5	-0.00212903391513067
6.875	28.5	-0.0021292148315188
7.125	28.5	-0.00212940195441629
7.375	28.5	-0.00212959522719381
7.625	28.5	-0.00212979458689083
7.875	28.5	-0.0021299999608255
8.125	28.5	-0.00213021126096495
8.375	28.5	-0.00213042837460862
8.625	28.5	-0.0021306511490023
8.875	28.5	-0.00213087936596326
9.125	28.5	-0.00213111270006673
9.375	28.5	-0.00213135064978061
9.625	28.5	-0.002131592424085
9.875	28.5	-0.00213183675584079
10.125	28.5	-0.00213208159462323
10.375	28.5	-0.00213232360121555
10.625	28.5	-0.00213255731573629
10.875	28.5	-0.0021327737887361
11.125	28.5	-0.00213295832862046
11.375	28.5	-0.00213308679500509
11.625	28.5	-0.00213311949943841
11.875	28.5	-0.00213299116911312
12.125	28.5	-0.00213259443236278
12.375	28.5	-0.00213175264455206
12.625	28.5	-0.0021301751742704
12.875	28.5	-0.0021273838296251
13.125	28.5	-0.00212259179979795
13.375	28.5	-0.00211450447145982
13.625	28.5	-0.00210099171930902
13.875	28.5	-0.00207854878480564
14.125	28.5	-0.00204140948494675
14.375	28.5	-0.00198008789097835
14.625	28.5	-0.0018789810682814
14.875	28.5	-0.00171243088229591
15.125	28.5	-0.00143826124833373
15.375	28.5	-0.000987191069194823
15.625	28.5	-0.000245541125848038
15.875	28.5	0.000972877118928357
16.125	28.5	0.00297209266421061
16.375	28.5	0.00624609226090793
16.625	28.5	0.011590926442688
16.875	28.5	0.0202720127960143
17.125	28.5	0.0342555340466099
17.375	28.5	0.0564811354588168
17.625	28.5	0.0910613392201606
17.875	28.5	0.14309692069921
18.125	28.5	0.217528208383675
18.375	28.5	0.316461528814616
18.625	28.5	0.435586988607911
18.875	28.5	0.562760330057387
19.125	28.5	0.682085094677336
19.375	28.5	0.781328391326373
19.625	28.5	0.856077295789937
19.875	28.5	0.908376971628794
20.125	28.5	0.943151461490725
20.375	28.5	0.965509762536375
20.625	28.5	0.979579908428309
20.875	28.5	0.988316012283691
21.125	28.5	0.993695222339153
21.375	28.5	0.996990500178311
21.625	28.5	0.999002824154744
21.875	28.5	1.00022930646607
22.125	28.5	1.00097592452421
22.375	28.5	1.00143006912887
22.625	28.5	1.00170615681444
22.875	28.5	1.00187391919657
23.125	28.5	1.00197580704151
23.375	28.5	1.00203764575229
23.625	28.5	1.00207514006155
23.875	28.5	1.0020978378438
24.125	28.5	1.00211154298868
24.375	28.5	1.00211978322528
24.625	28.5	1.00212470269258
24.875	28.5	1.00212760457372
25.125	28.5	1.00212928094014
25.375	28.5	1.00213021323212
25.625	28.5	1.00213069410511
25.875	28.5	1.00213090148209
26.125	28.5	1.00213094355813
26.375	28.5	1.00213088615117
26.625	28.5	1.00213076932388
26.875	28.5	1.00213061748521
27.125	28.5	1.00213044552936
27.375	28.5	1.00213026256663
27.625	28.5	1.00213007419069
27.875	28.5	1.00212988385654
28.125	28.5	1.0021296937179
28.375	28.5	1.0021295051361
28.625	28.5	1.00212931898943
28.875	28.5	1.00212913586109
29.125	28.5	1.00212895615342
29.375	28.5	1.00212878015735
29.625	28.5	1.00212860809465
29.875	28.5	1.00212844014351
30.125	28.5	1.00212827645421
30.375	28.5	1.00212811715859
30.625	28.5	1.0021279623758
30.875	28.5	1.00212781221582
31.125	28.5	1.00212766678164
31.375	28.5	1.0021275261705
31.625	28.5	1.00212739047476
31.875	28.5	1.00212725978231
32.125	28.5	1.00212713417695
32.375	28.5	1.00212701373852
32.625	28.5	1.00212689854304
32.875	28.5	1.00212678866279
33.125	28.5	1.00212668416632
33.375	28.5	1.00212658511854
33.625	28.5	1.00212649158067
33.875	28.5	1.00212640361034
34.125	28.5	1.00212632126151
34.375	28.5	1.00212624458453
34.625	28.5	1.00212617362616
34.875	28.5	1.00212610842952
35.125	28.5	1.00212604903415
35.375	28.5	1.00212599547597
35.625	28.5	1.00212594778731
35.875	28.5	1.0021259059969
36.125	28.5	1.00212587012988
36.375	28.5	1.00212584020779
36.625	28.5	1.00212581624859
36.875	28.5	1.00212579826662
37.125	28.5	1.00212578627266
37.375	28.5	1.00212578027389
0.125	29.5	-0.00212660852733233
0.375	29.5	-0.00212661542699684
0.625	29.5	-0.00212662922415819
0.875	29.5	-0.00212664991448339
1.125	29.5	-0.00212667749147903
1.375	29.5	-0.00212671194649854
1.625	29.5	-0.002126753268752
1.875	29.5	-0.00212680144531829
2.125	29.5	-0.0021268564611597
2.375	29.5	-0.00212691829913904
2.625	29.5	-0.00212698694003905
2.875	29.5	-0.00212706236258429
3.125	29.5	-0.00212714454346537
3.375	29.5	-0.00212723345736553
3.625	29.5	-0.00212732907698933
3.875	29.5	-0.00212743137309344
4.125	29.5	-0.00212754031451915
4.375	29.5	-0.00212765586822607
4.625	29.5	-0.00212777799932625
4.875	29.5	-0.00212790667111744
5.125	29.5	-0.00212804184511311
5.375	29.5	-0.00212818348106567
5.625	29.5	-0.00212833153697685
5.875	29.5	-0.00212848596908524
6.125	29.5	-0.00212864673181463
6.375	29.5	-0.0021288137776563
6.625	29.5	-0.0021289870569408
6.875	29.5	-0.00212916651742629
7.125	29.5	-0.00212935210358351
7.375	29.5	-0.00212954375537968
7.625	29.5	-0.00212974140623635
7.875	29.5	-0.00212994497962644
8.125	29.5	-0.00213015438343017
8.375	29.5	-0.00213036950060196
8.625	29.5	-0.00213059017376527
8.875	29.5	-0.00213081617981442
9.125	29.5	-0.00213104718807154
9.375	29.5	-0.00213128269138231
9.625	29.5	-0.00213152189268146
9.875	29.5	-0.0021317635182832
10.125	29.5	-0.00213200551059781
10.375	29.5	-0.002132244522445
10.625	29.5	-0.00213247508489774
10.875	29.5	-0.00213268823792624
11.125	29.5	-0.00213286927708998
11.375	29.5	-0.00213299404570611
11.625	29.5	-0.00213302283363382
11.875	29.5	-0.00213289033781245
12.125	29.5	-0.00213248914255097
12.375	29.5	-0.00213164253686331
12.625	29.5	-0.00213005978659484
12.875	29.5	-0.00212726253757303
13.125	29.5	-0.00212246371907928
13.375	29.5	-0.00211436829758017
13.625	29.5	-0.00210084546409384
13.875	29.5	-0.00207838934312977
14.125	29.5	-0.00204123192209777
14.375	29.5	-0.00197988427059047
14.625	29.5	-0.00187873852531873
14.875	29.5	-0.00171212845710808
15.125	29.5	-0.00143786469195015
15.375	29.5	-0.000986644338373937
15.625	29.5	-0.000244752508967726
15.875	29.5	0.000974057498298729
16.125	29.5	0.00297390895754365
16.375	29.5	0.00624893987328
16.625	29.5	0.0115954393160968
16.875	29.5	0.020279190177374
17.125	29.5	0.0342669064591195
17.375	29.5	0.0564989350643053
17.625	29.5	0.0910885520483084
17.875	29.5	0.143136936620134
18.125	29.5	0.217583637502492
18.375	29.5	0.316532026584413
18.625	29.5	0.43566721401556
18.875	29.5	0.562840620642001
19.125	29.5	0.682155756050601
19.375	29.5	0.781384016702285
19.625	29.5	0.856117488798329
19.875	29.5	0.908404320938727
20.125	29.5	0.94316935684584
20.375	29.5	0.96552119840247
20.625	29.5	0.97958712643341
20.875	29.5	0.988320550631579
21.125	29.5	0.993698085733993
21.375	29.5	0.996992326185565
21.625	29.5	0.999004010496408
21.875	29.5	1.00023009874315
22.125	29.5	1.00097647350841
22.375	29.5	1.00143046708056
22.625	29.5	1.00170646011169
22.875	29.5	1.00187416229211
23.125	29.5	1.00197601101887
23.375	29.5	1.00203782355174
23.625	29.5	1.0020752996652
23.875	29.5	1.00209798421419
24.125	29.5	1.00211167924791
24.375	29.5	1.00211991137192
24.625	29.5	1.00212482403752
24.875	29.5	1.00212772000521
25.125	29.5	1.00212939108506
25.375	29.5	1.00213031855416
25.625	29.5	1.00213079496468
25.875	29.5	1.0021309981729
26.125	29.5	1.00213103632966
26.375	29.5	1.0021309752225
26.625	29.5	1.00213085489234
26.875	29.5	1.00213069973175
27.125	29.5	1.00213052462207
27.375	29.5	1.00213033866298
27.625	29.5	1.00213014743909
27.875	29.5	1.00212995439742
28.125	29.5	1.0021297616845
28.375	29.5	1.00212957065513
28.625	29.5	1.00212938218154
28.875	29.5	1.00212919684129
29.125	29.5	1.00212901503146
29.375	29.5	1.00212883703806
29.625	29.5	1.00212866307822
29.875	29.5	1.0021284933258
30.125	29.5	1.00212832792698
30.375	29.5	1.00212816700974
30.625	29.5	1.00212801068962
30.875	29.5	1.0021278590732
31.125	29.5	1.00212771226025
31.375	29.5	1.00212757034501
31.625	29.5	1.00212743341699
31.875	29.5	1.00212730156146
32.125	29.5	1.00212717485971
32.375	29.5	1.00212705338924
32.625	29.5	1.0021269372239
32.875	29.5	1.00212682643391
33.125	29.5	1.00212672108594
33.375	29.5	1.00212662124311
33.625	29.5	1.00212652696501
33.875	29.5	1.00212643830772
34.125	29.5	1.00212635532381
34.375	29.5	1.00212627806232
34.625	29.5	1.00212620656882
34.875	29.5	1.00212614088536
35.125	29.5	1.00212608105047
35.375	29.5	1.00212602709919
35.625	29.5	1.00212597906307
35.875	29.5	1.00212593697014
36.125	29.5	1.00212590084492
36.375	29.5	1.00212587070845
36.625	29.5	1.00212584657825
36.875	29.5	1.00212582846833
37.125	29.5	1.00212581638921
37.375	29.5	1.0021258103479
0.125	30.5	-0.00212657136355271
0.375	30.5	-0.00212657820963362
0.625	30.5	-0.00212659189952357
0.875	30.5	-0.00212661242868088
1.125	30.5	-0.00212663979029846
1.375	30.5	-0.00212667397531026
1.625	30.5	-0.00212671497240002
1.875	30.5	-0.00212676276801211
2.125	30.5	-0.00212681734636449
2.375	30.5	-0.00212687868946394
2.625	30.5	-0.00212694677712331
2.875	30.5	-0.00212702158698089
3.125	30.5	-0.00212710309452194
3.375	30.5	-0.00212719127310206
3.625	30.5	-0.00212728609397258
3.875	30.5	-0.00212738752630755
4.125	30.5	-0.0021274955372321
4.375	30.5	-0.0021276100918518
4.625	30.5	-0.00212773115328186
4.875	30.5	-0.00212785868267518
5.125	30.5	-0.00212799263924674
5.375	30.5	-0.00212813298029077
5.625	30.5	-0.00212827966118454
5.875	30.5	-0.00212843263536899
6.125	30.5	-0.00212859185428948
6.375	30.5	-0.00212875726727005
6.625	30.5	-0.00212892882127651
6.875	30.5	-0.00212910646049556
7.125	30.5	-0.00212929012560965
7.375	30.5	-0.00212947975257007
7.625	30.5	-0.00212967527054297
7.875	30.5	-0.00212987659849328
8.125	30.5	-0.00213008363952603
8.375	30.5	-0.00213029627153634
8.625	30.5	-0.00213051433178432
8.875	30.5	-0.00213073759147225
9.125	30.5	-0.00213096571386982
9.375	30.5	-0.00213119818536689
9.625	30.5	-0.00213143420197834
9.875	30.5	-0.00213167248254505
10.125	30.5	-0.00213191096131453
10.375	30.5	-0.00213214628204227
10.625	30.5	-0.00213237296549902
10.875	30.5	-0.00213258203957408
11.125	30.5	-0.00213275878509102
11.375	30.5	-0.00213287902654801
11.625	30.5	-0.00213290302856625
11.875	30.5	-0.00213276545259795
12.125	30.5	-0.00213235883092579
12.375	30.5	-0.00213150637365831
12.625	30.5	-0.00212991722384828
12.875	30.5	-0.00212711283265603
13.125	30.5	-0.00212230581675772
13.375	30.5	-0.00211420063625539
13.625	30.5	-0.0021006656572435
13.875	30.5	-0.00207819365535876
14.125	30.5	-0.00204101440726082
14.375	30.5	-0.00197963535418878
14.625	30.5	-0.00187844267373417
14.875	30.5	-0.00171176034832132
15.125	30.5	-0.00143738293250459
15.375	30.5	-0.000985981176802139
15.625	30.5	-0.000243797055810354
15.875	30.5	0.000975486477767276
16.125	30.5	0.00297610671345186
16.375	30.5	0.00625238457529566
16.625	30.5	0.0116008975987668
16.875	30.5	0.0202878704183233
17.125	30.5	0.0342806594297732
17.375	30.5	0.0565204598170965
17.625	30.5	0.09112145881938
17.875	30.5	0.143185323141455
18.125	30.5	0.217650657338853
18.375	30.5	0.316617259529551
18.625	30.5	0.435764199173283
18.875	30.5	0.56293767571897
19.125	30.5	0.682241164506191
19.375	30.5	0.7814512470863
19.625	30.5	0.856166065310346
19.875	30.5	0.908437374143704
20.125	30.5	0.943190984335793
20.375	30.5	0.965535019460926
20.625	30.5	0.979595850266976
20.875	30.5	0.988326036251405
21.125	30.5	0.9937015473728
21.375	30.5	0.996994534365868
21.625	30.5	0.999005445874131
21.875	30.5	1.00023105812403
22.125	30.5	1.00097713908801
22.375	30.5	1.00143095033732
22.625	30.5	1.00170682915646
22.875	30.5	1.00187445873707
23.125	30.5	1.00197626031897
23.375	30.5	1.00203804132137
23.625	30.5	1.00207549552793
23.875	30.5	1.00209816414603
24.125	30.5	1.00211184700246
24.375	30.5	1.00212006934681
24.625	30.5	1.0021249738012
24.875	30.5	1.00212786261715
25.125	30.5	1.00212952729054
25.375	30.5	1.00213044890283
25.625	30.5	1.0021309198828
25.875	30.5	1.00213111800747
26.125	30.5	1.00213115137542
26.375	30.5	1.00213108573858
26.625	30.5	1.00213096111252
26.875	30.5	1.00213080187095
27.125	30.5	1.00213062288042
27.375	30.5	1.00213043322851
27.625	30.5	1.00213023848952
27.875	30.5	1.00213004210137
28.125	30.5	1.00212984620243
28.375	30.5	1.00212965214001
28.625	30.5	1.00212946077942
28.875	30.5	1.00212927269173
29.125	30.5	1.002129088268
29.375	30.5	1.00212890778852
29.625	30.5	1.00212873146506
29.875	30.5	1.00212855946641
30.125	30.5	1.00212839193397
30.375	30.5	1.00212822899122
30.625	30.5	1.00212807074942
30.875	30.5	1.00212791731114
31.125	30.5	1.00212776877237
31.375	30.5	1.00212762522376
31.625	30.5	1.00212748675146
31.875	30.5	1.00212735343757
32.125	30.5	1.0021272253604
32.375	30.5	1.00212710259465
32.625	30.5	1.00212698521154
32.875	30.5	1.00212687327884
33.125	30.5	1.00212676686091
33.375	30.5	1.00212666601872
33.625	30.5	1.00212657080987
33.875	30.5	1.00212648128858
34.125	30.5	1.00212639750571
34.375	30.5	1.00212631950871
34.625	30.5	1.0021262473417
34.875	30.5	1.0021261810454
35.125	30.5	1.00212612065713
35.375	30.5	1.00212606621085
35.625	30.5	1.00212601773713
35.875	30.5	1.00212597526315
36.125	30.5	1.0021259388127
36.375	30.5	1.00212590840615
36.625	30.5	1.00212588406052
36.875	30.5	1.0021258657894
37.125	30.5	1.00212585360298
37.375	30.5	1.00212584750807
0.125	31.5	-0.0021265280023522
0.375	31.5	-0.00212653478552507
0.625	31.5	-0.00212654834947947
0.875	31.5	-0.00212656868943448
1.125	31.5	-0.00212659579822347
1.375	31.5	-0.00212662966629976
1.625	31.5	-0.00212667028174425
1.875	31.5	-0.0021267176302749
2.125	31.5	-0.00212677169525807
2.375	31.5	-0.00212683245772177
2.625	31.5	-0.00212689989637072
2.875	31.5	-0.00212697398760321
3.125	31.5	-0.00212705470552975
3.375	31.5	-0.00212714202199339
3.625	31.5	-0.00212723590659158
3.875	31.5	-0.00212733632669944
4.125	31.5	-0.00212744324749398
4.375	31.5	-0.00212755663197897
4.625	31.5	-0.00212767644100939
4.875	31.5	-0.00212780263331419
5.125	31.5	-0.00212793516551514
5.375	31.5	-0.00212807399213802
5.625	31.5	-0.00212821906560997
5.875	31.5	-0.00212837033623324
6.125	31.5	-0.00212852775211867
6.375	31.5	-0.00212869125905208
6.625	31.5	-0.002128860800249
6.875	31.5	-0.00212903631592484
7.125	31.5	-0.00212921774256011
7.375	31.5	-0.00212940501166312
7.625	31.5	-0.00212959804770462
7.875	31.5	-0.00212979676468924
8.125	31.5	-0.00213000106048259
8.375	31.5	-0.00213021080744492
8.625	31.5	-0.00213042583698622
8.875	31.5	-0.00213064591411869
9.125	31.5	-0.00213087069554928
9.375	31.5	-0.00213109966068745
9.625	31.5	-0.00213133199808473
9.875	31.5	-0.0021315664185381
10.125	31.5	-0.00213180084751975
10.375	31.5	-0.00213203191904084
10.625	31.5	-0.00213225414277878
10.875	31.5	-0.00213245853356644
11.125	31.5	-0.00213263035620921
11.375	31.5	-0.00213274541459362
11.625	31.5	-0.00213276394546245
11.875	31.5	-0.00213262057073445
12.125	31.5	-0.00213220776429237
12.375	31.5	-0.00213134864711801
12.625	31.5	-0.00212975222289635
12.875	31.5	-0.00212693972106176
13.125	31.5	-0.00212212340134073
13.375	31.5	-0.00211400714464004
13.625	31.5	-0.00210045837237501
13.875	31.5	-0.00207796831428477
14.125	31.5	-0.0020407642120653
14.375	31.5	-0.00197934934512303
14.625	31.5	-0.00187810305434928
14.875	31.5	-0.00171133809087428
15.125	31.5	-0.00143683056748875
15.375	31.5	-0.000985220988276884
15.625	31.5	-0.000242701825612241
15.875	31.5	0.000977124690503549
16.125	31.5	0.0029786266819525
16.375	31.5	0.00625633496592521
16.625	31.5	0.0116071580663851
16.875	31.5	0.0202978274508082
17.125	31.5	0.0342964365024386
17.375	31.5	0.0565451534606357
17.625	31.5	0.091159210459592
17.875	31.5	0.143240832425509
18.125	31.5	0.217727538973368
18.375	31.5	0.316715026644334
18.625	31.5	0.435875435699932
18.875	31.5	0.563048980481952
19.125	31.5	0.68233910291056
19.375	31.5	0.781528334212929
19.625	31.5	0.856221760032769
19.875	31.5	0.908475268717731
20.125	31.5	0.943215778267177
20.375	31.5	0.965550863002179
20.625	31.5	0.979605849857628
20.875	31.5	0.988332323408482
21.125	31.5	0.9937055142992
21.375	31.5	0.996997064511796
21.625	31.5	0.99900709033322
21.875	31.5	1.00023215718834
22.125	31.5	1.00097790163664
22.375	31.5	1.00143150416357
22.625	31.5	1.00170725232724
22.875	31.5	1.0018747989355
23.125	31.5	1.00197654670261
23.375	31.5	1.00203829176553
23.625	31.5	1.00207572104029
23.875	31.5	1.00209837155363
24.125	31.5	1.00211204058601
24.375	31.5	1.00212025183422
24.625	31.5	1.00212514697149
24.875	31.5	1.00212802766763
25.125	31.5	1.00212968506
25.375	31.5	1.0021306000074
25.625	31.5	1.00213106479867
25.875	31.5	1.00213125712136
26.125	31.5	1.00213128501542
26.375	31.5	1.00213121419311
26.625	31.5	1.00213108464203
26.875	31.5	1.00213092071525
27.125	31.5	1.00213073726324
27.375	31.5	1.00213054336051
27.625	31.5	1.00213034457023
27.875	31.5	1.00213014432059
28.125	31.5	1.00212994474116
28.375	31.5	1.00212974717119
28.625	31.5	1.00212955246852
28.875	31.5	1.00212936119725
29.125	31.5	1.00212917374185
29.375	31.5	1.00212899037643
29.625	31.5	1.0021288113069
29.875	31.5	1.00212863669651
30.125	31.5	1.00212846668142
30.375	31.5	1.00212830138014
30.625	31.5	1.00212814089924
30.875	31.5	1.00212798533684
31.125	31.5	1.00212783478471
31.375	31.5	1.00212768932955
31.625	31.5	1.00212754905376
31.875	31.5	1.00212741403587
32.125	31.5	1.00212728435087
32.375	31.5	1.00212716007033
32.625	31.5	1.0021270412625
32.875	31.5	1.00212692799239
33.125	31.5	1.00212682032177
33.375	31.5	1.00212671830918
33.625	31.5	1.00212662200995
33.875	31.5	1.0021265314762
34.125	31.5	1.00212644675685
34.375	31.5	1.00212636789755
34.625	31.5	1.00212629494075
34.875	31.5	1.00212622792566
35.125	31.5	1.00212616688824
35.375	31.5	1.0021261118612
35.625	31.5	1.00212606287401
35.875	31.5	1.00212601995285
36.125	31.5	1.00212598312067
36.375	31.5	1.00212595239712
36.625	31.5	1.00212592779861
36.875	31.5	1.00212590933825
37.125	31.5	1.00212589702587
37.375	31.5	1.00212589086804
0.125	32.5	-0.00212647948400027
0.375	32.5	-0.00212648619692506
0.625	32.5	-0.00212649962025303
0.875	32.5	-0.00212651974894251
1.125	32.5	-0.00212654657543504
1.375	32.5	-0.00212658008966028
1.625	32.5	-0.00212662027904253
1.875	32.5	-0.00212666712850892
2.125	32.5	-0.0021267206204991
2.375	32.5	-0.00212678073497661
2.625	32.5	-0.00212684744944177
2.875	32.5	-0.0021269207389461
3.125	32.5	-0.0021270005761082
3.375	32.5	-0.00212708693113108
3.625	32.5	-0.00212717977182064
3.875	32.5	-0.00212727906360529
4.125	32.5	-0.00212738476955628
4.375	32.5	-0.0021274968504082
4.625	32.5	-0.00212761526457891
4.875	32.5	-0.0021277399681873
5.125	32.5	-0.00212787091506688
5.375	32.5	-0.00212800805677129
5.625	32.5	-0.00212815134256566
5.875	32.5	-0.00212830071939393
6.125	32.5	-0.00212845613180549
6.375	32.5	-0.00212861752181437
6.625	32.5	-0.0021287848286462
6.875	32.5	-0.0021289579883002
7.125	32.5	-0.00212913693280555
7.375	32.5	-0.00212932158897461
7.625	32.5	-0.00212951187632724
7.875	32.5	-0.00212970770365067
8.125	32.5	-0.00212990896331363
8.375	32.5	-0.00213011552188467
8.625	32.5	-0.00213032720466852
8.875	32.5	-0.00213054377023456
9.125	32.5	-0.002130764868477
9.375	32.5	-0.00213098997157667
9.625	32.5	-0.00213121826037298
9.875	32.5	-0.00213144843736397
10.125	32.5	-0.00213167841897465
10.375	32.5	-0.0021319048291638
10.625	32.5	-0.0021321221661375
10.875	32.5	-0.00213232143116664
11.125	32.5	-0.00213248787230798
11.375	32.5	-0.00213259727171845
11.625	32.5	-0.00213260983648614
11.875	32.5	-0.00213246014611306
12.125	32.5	-0.00213204061134924
12.375	32.5	-0.00213117425624202
12.625	32.5	-0.00212956993220397
12.875	32.5	-0.00212674862560995
13.125	32.5	-0.00212192220398478
13.375	32.5	-0.00211379391083006
13.625	32.5	-0.00210023012683383
13.875	32.5	-0.00207772037746429
14.125	32.5	-0.00204048910847563
14.375	32.5	-0.00197903500763904
14.625	32.5	-0.00187772987174624
14.875	32.5	-0.00171087405720835
15.125	32.5	-0.00143622332355175
15.375	32.5	-0.000984384792544421
15.625	32.5	-0.00024149630189375
15.875	32.5	0.000978929009473781
16.125	32.5	0.00298140365569014
16.375	32.5	0.0062606900936385
16.625	32.5	0.011614062112975
16.875	32.5	0.0203088104685431
17.125	32.5	0.0343138417326965
17.375	32.5	0.0565723976476211
17.625	32.5	0.0912008627247895
17.875	32.5	0.143302076543208
18.125	32.5	0.217812359459471
18.375	32.5	0.316822880399948
18.625	32.5	0.435998135135713
18.875	32.5	0.563171740365637
19.125	32.5	0.682447108408719
19.375	32.5	0.781613336749467
19.625	32.5	0.8562831684451
19.875	32.5	0.908517047628655
20.125	32.5	0.943243111320585
20.375	32.5	0.965568327135668
20.625	32.5	0.979616870592217
20.875	32.5	0.98833925110967
21.125	32.5	0.993709884082841
21.375	32.5	0.996999850505936
21.625	32.5	0.999008900188186
21.875	32.5	1.00023336610984
22.125	32.5	1.00097873992362
22.375	32.5	1.00143211270209
22.625	32.5	1.00170771716998
22.875	32.5	1.00187517263105
23.125	32.5	1.00197686137204
23.375	32.5	1.00203856708997
23.625	32.5	1.00207596912934
23.875	32.5	1.0020985999086
24.125	32.5	1.00211225390217
24.375	32.5	1.00212045309644
24.625	32.5	1.00212533812021
24.875	32.5	1.00212821000361
25.125	32.5	1.00212985949045
25.375	32.5	1.00213076719563
25.625	32.5	1.00213122525521
25.875	32.5	1.00213141125948
26.125	32.5	1.00213143318509
26.375	32.5	1.00213135670176
26.625	32.5	1.00213122176735
26.875	32.5	1.00213105271315
27.125	32.5	1.00213086437286
27.375	32.5	1.00213066580739
27.625	32.5	1.00213046256845
27.875	32.5	1.00213025807414
28.125	32.5	1.00213005444498
28.375	32.5	1.00212985301193
28.625	32.5	1.0021296546251
28.875	32.5	1.00212945984136
29.125	32.5	1.00212926903835
29.375	32.5	1.00212908248375
29.625	32.5	1.00212890037735
29.875	32.5	1.0021287228766
30.125	32.5	1.00212855011218
30.375	32.5	1.00212838219736
30.625	32.5	1.00212821923377
30.875	32.5	1.00212806131483
31.125	32.5	1.00212790852785
31.375	32.5	1.00212776095531
31.625	32.5	1.00212761867562
31.875	32.5	1.00212748176354
32.125	32.5	1.00212735029049
32.375	32.5	1.00212722432469
32.625	32.5	1.00212710393122
32.875	32.5	1.00212698917212
33.125	32.5	1.00212688010636
33.375	32.5	1.00212677678988
33.625	32.5	1.00212667927557
33.875	32.5	1.00212658761329
34.125	32.5	1.00212650184983
34.375	32.5	1.00212642202891
34.625	32.5	1.00212634819118
34.875	32.5	1.00212628037422
35.125	32.5	1.00212621861249
35.375	32.5	1.00212616293735
35.625	32.5	1.00212611337706
35.875	32.5	1.00212606995675
36.125	32.5	1.00212603269843
36.375	32.5	1.00212600162097
36.625	32.5	1.00212597674011
36.875	32.5	1.00212595806845
37.125	32.5	1.00212594561542
37.375	32.5	1.00212593938733
0.125	33.5	-0.00212642696992125
0.375	33.5	-0.00212643360741808
0.625	33.5	-0.00212644687975351
0.875	33.5	-0.0021264667816124
1.125	33.5	-0.00212649330502541
1.375	33.5	-0.00212652643937323
1.625	33.5	-0.00212656617139204
1.875	33.5	-0.0021266124851804
2.125	33.5	-0.00212666536220747
2.375	33.5	-0.00212672478132259
2.625	33.5	-0.00212679071876606
2.875	33.5	-0.00212686314818134
3.125	33.5	-0.00212694204062829
3.375	33.5	-0.00212702736459767
3.625	33.5	-0.0021271190860265
3.875	33.5	-0.0021272171683143
4.125	33.5	-0.00212732157233972
4.375	33.5	-0.00212743225647711
4.625	33.5	-0.00212754917661215
4.875	33.5	-0.00212767228615516
5.125	33.5	-0.00212780153604977
5.375	33.5	-0.00212793687477331
5.625	33.5	-0.00212807824832273
5.875	33.5	-0.0021282256001761
6.125	33.5	-0.00212837887121322
6.375	33.5	-0.00212853799956823
6.625	33.5	-0.00212870292036983
6.875	33.5	-0.00212887356529591
7.125	33.5	-0.00212904986182227
7.375	33.5	-0.00212923173196741
7.625	33.5	-0.00212941909020779
7.875	33.5	-0.00212961184002758
8.125	33.5	-0.00212980986822117
8.375	33.5	-0.00213001303549764
8.625	33.5	-0.00213022116099993
8.875	33.5	-0.00213043399681052
9.125	33.5	-0.00213065118598027
9.375	33.5	-0.00213087219344465
9.625	33.5	-0.00213109619232707
9.875	33.5	-0.00213132187683264
10.125	33.5	-0.00213154715434809
10.375	33.5	-0.00213176863877852
10.625	33.5	-0.00213198081682319
10.875	33.5	-0.00213217467607982
11.125	33.5	-0.00213233544759858
11.375	33.5	-0.00213243889128226
11.625	33.5	-0.00213244518357303
11.875	33.5	-0.00213228885976535
12.125	33.5	-0.00213186226433495
12.375	33.5	-0.00213098831899069
12.625	33.5	-0.00212937571370208
12.875	33.5	-0.00212654517636683
13.125	33.5	-0.0021217081565568
13.375	33.5	-0.00211356721755412
13.625	33.5	-0.00209998762836469
13.875	33.5	-0.00207745709286348
14.125	33.5	-0.00204019706719483
14.375	33.5	-0.0019787013282038
14.625	33.5	-0.00187733360273834
14.875	33.5	-0.00171038098735799
15.125	33.5	-0.00143557746668022
15.375	33.5	-0.000983494447791322
15.625	33.5	-0.000240211316514576
15.875	33.5	0.000980854102666646
16.125	33.5	0.002984368798964
16.375	33.5	0.0062653430362692
16.625	33.5	0.011621441346782
16.875	33.5	0.0203205527461275
17.125	33.5	0.0343324535820497
17.375	33.5	0.0566015336169889
17.625	33.5	0.0912454092985199
17.875	33.5	0.143367576159823
18.125	33.5	0.217903069383738
18.375	33.5	0.316938212945833
18.625	33.5	0.436129327460251
18.875	33.5	0.563302980120115
19.125	33.5	0.682562560022068
19.375	33.5	0.781704189531685
19.625	33.5	0.856348796997288
19.875	33.5	0.908561693601677
20.125	33.5	0.943272317045299
20.375	33.5	0.965586985225962
20.625	33.5	0.979628642481839
20.875	33.5	0.988346648916732
21.125	33.5	0.99371454853391
21.375	33.5	0.99700282273271
21.625	33.5	0.999010829628718
21.875	33.5	1.00023465376342
22.125	33.5	1.00097963191055
22.375	33.5	1.00143275957558
22.625	33.5	1.00170821087531
22.875	33.5	1.00187556930317
23.125	33.5	1.00197719531264
23.375	33.5	1.00203885930539
23.625	33.5	1.00207623253441
23.875	33.5	1.00209884249414
24.125	33.5	1.00211248066145
24.375	33.5	1.00212066719633
24.625	33.5	1.00212554161297
24.875	33.5	1.00212840425951
25.125	33.5	1.00213004546074
25.375	33.5	1.00213094557243
25.625	33.5	1.0021313965688
25.875	33.5	1.00213157593755
26.125	33.5	1.00213159158891
26.375	33.5	1.0021315091483
26.625	33.5	1.00213136854289
26.875	33.5	1.00213119408165
27.125	33.5	1.00213100058128
27.375	33.5	1.00213079708898
27.625	33.5	1.00213058914494
27.875	33.5	1.00213038015721
28.125	33.5	1.00213017223727
28.375	33.5	1.00212996670777
28.625	33.5	1.00212976441109
28.875	33.5	1.00212956589688
29.125	33.5	1.00212937153592
29.375	33.5	1.00212918158939
29.625	33.5	1.00212899625093
29.875	33.5	1.00212881567213
30.125	33.5	1.00212863997808
30.375	33.5	1.00212846927675
30.625	33.5	1.00212830366472
30.875	33.5	1.00212814323062
31.125	33.5	1.00212798805721
31.375	33.5	1.00212783822264
31.625	33.5	1.00212769380122
31.875	33.5	1.00212755486384
32.125	33.5	1.00212742147824
32.375	33.5	1.00212729370916
32.625	33.5	1.00212717161844
32.875	33.5	1.00212705526503
33.125	33.5	1.002126944705
33.375	33.5	1.00212683999159
33.625	33.5	1.00212674117516
33.875	33.5	1.0021266483032
34.125	33.5	1.00212656142031
34.375	33.5	1.00212648056819
34.625	33.5	1.00212640578561
34.875	33.5	1.00212633710843
35.125	33.5	1.00212627456956
35.375	33.5	1.00212621819895
35.625	33.5	1.00212616802361
35.875	33.5	1.00212612406755
36.125	33.5	1.0021260863518
36.375	33.5	1.00212605489441
36.625	33.5	1.00212602971043
36.875	33.5	1.0021260108119
37.125	33.5	1.00212599820785
37.375	33.5	1.00212599190433
0.125	34.5	-0.00212637170687968
0.375	34.5	-0.00212637826603159
0.625	34.5	-0.00212639138153837
0.875	34.5	-0.00212641104780702
1.125	34.5	-0.00212643725645087
1.375	34.5	-0.002126469996293
1.625	34.5	-0.00212650925337086
1.875	34.5	-0.00212655501094195
2.125	34.5	-0.00212660724949063
2.375	34.5	-0.00212666594673603
2.625	34.5	-0.00212673107764099
2.875	34.5	-0.00212680261442209
3.125	34.5	-0.00212688052656056
3.375	34.5	-0.00212696478081412
3.625	34.5	-0.00212705534122958
3.875	34.5	-0.0021271521691559
4.125	34.5	-0.00212725522325755
4.375	34.5	-0.0021273644595275
4.625	34.5	-0.00212747983129896
4.875	34.5	-0.00212760128925471
5.125	34.5	-0.00212772878143139
5.375	34.5	-0.00212786225321536
5.625	34.5	-0.00212800164732378
5.875	34.5	-0.00212814690376105
6.125	34.5	-0.00212829795973404
6.375	34.5	-0.00212845474949917
6.625	34.5	-0.00212861720409661
6.875	34.5	-0.00212878525089879
7.125	34.5	-0.00212895881285236
7.375	34.5	-0.00212913780721597
7.625	34.5	-0.00212932214346768
7.875	34.5	-0.00212951171984604
8.125	34.5	-0.00212970641764251
8.375	34.5	-0.00212990609179369
8.625	34.5	-0.00213011055538483
8.875	34.5	-0.0021303195541345
9.125	34.5	-0.00213053272439336
9.375	34.5	-0.002130749524016
9.625	34.5	-0.00213096911859593
9.875	34.5	-0.00213119019425198
10.125	34.5	-0.00213141064955656
10.375	34.5	-0.00213162708859481
10.625	34.5	-0.00213183398678855
10.875	34.5	-0.00213202231826163
11.125	34.5	-0.00213217729718239
11.375	34.5	-0.00213227466117366
11.625	34.5	-0.00213227455572748
11.875	34.5	-0.0021321114711348
12.125	34.5	-0.0021316776839546
12.375	34.5	-0.00213079601048148
12.625	34.5	-0.00212917497376303
12.875	34.5	-0.00212633503373837
13.125	34.5	-0.00212148720590662
13.375	34.5	-0.00211333334623162
13.625	34.5	-0.00209973756681537
13.875	34.5	-0.00207718567484184
14.125	34.5	-0.00203989601254562
14.375	34.5	-0.00197835724058352
14.625	34.5	-0.00187692467748793
14.875	34.5	-0.00170987160297929
15.125	34.5	-0.00143490931126924
15.375	34.5	-0.000982571992706221
15.625	34.5	-0.000238878123086797
15.875	34.5	0.000982853794536912
16.125	34.5	0.00298745171491079
16.375	34.5	0.00627018411280743
16.625	34.5	0.0116291226506167
16.875	34.5	0.0203327796582276
17.125	34.5	0.0343518375983381
17.375	34.5	0.0566318820229733
17.625	34.5	0.0912918121085362
17.875	34.5	0.14343580515555
18.125	34.5	0.217997554787451
18.375	34.5	0.317058335086271
18.625	34.5	0.436265951292032
18.875	34.5	0.563439634443393
19.125	34.5	0.682682758712333
19.375	34.5	0.781798766790322
19.625	34.5	0.85641710890841
19.875	34.5	0.908608160344375
20.125	34.5	0.943302710326107
20.375	34.5	0.965606398996015
20.625	34.5	0.979640888451807
20.875	34.5	0.988354342176479
21.125	34.5	0.993719397020077
21.375	34.5	0.997005910210199
21.625	34.5	0.999012832120713
21.875	34.5	1.00023598867589
22.125	34.5	1.00098055542409
22.375	34.5	1.00143342838673
22.625	34.5	1.00170872067013
22.875	34.5	1.00187597848941
23.125	34.5	1.00197753957005
23.375	34.5	1.00203916047401
23.625	34.5	1.00207650403205
23.875	34.5	1.00209909261401
24.125	34.5	1.00211271457773
24.375	34.5	1.00212088818339
24.625	34.5	1.00212575178641
24.875	34.5	1.00212860502647
25.125	34.5	1.00213023779359
25.375	34.5	1.00213113017517
25.625	34.5	1.00213157397824
25.875	34.5	1.00213174658495
26.125	34.5	1.0021317558375
26.375	34.5	1.00213166731625
26.625	34.5	1.00213152091739
26.875	34.5	1.00213134092758
27.125	34.5	1.00213114214663
27.375	34.5	1.00213093360827
27.625	34.5	1.00213072084138
27.875	34.5	1.00213050724421
28.125	34.5	1.0021302949194
28.375	34.5	1.00213008518153
28.625	34.5	1.00212987886544
28.875	34.5	1.00212967651369
29.125	34.5	1.00212947849037
29.375	34.5	1.00212928505029
29.625	34.5	1.00212909638103
29.875	34.5	1.0021289126284
30.125	34.5	1.002128733912
30.375	34.5	1.00212856033455
30.625	34.5	1.00212839198762
30.875	34.5	1.00212822895509
31.125	34.5	1.00212807131519
31.375	34.5	1.00212791914176
31.625	34.5	1.00212777250502
31.875	34.5	1.00212763147198
32.125	34.5	1.00212749610671
32.375	34.5	1.00212736647048
32.625	34.5	1.00212724262185
32.875	34.5	1.00212712461666
33.125	34.5	1.00212701250809
33.375	34.5	1.00212690634665
33.625	34.5	1.00212680618014
33.875	34.5	1.00212671205368
34.125	34.5	1.00212662400965
34.375	34.5	1.00212654208769
34.625	34.5	1.00212646632469
34.875	34.5	1.00212639675478
35.125	34.5	1.00212633340928
35.375	34.5	1.00212627631672
35.625	34.5	1.00212622550283
35.875	34.5	1.00212618099049
36.125	34.5	1.00212614279975
36.375	34.5	1.0021261109478
36.625	34.5	1.00212608544902
36.875	34.5	1.00212606631487
37.125	34.5	1.00212605355398
37.375	34.5	1.0021260471721
0.125	35.5	-0.00212631498950962
0.375	35.5	-0.0021263214696965
0.625	35.5	-0.00212633442713609
0.875	35.5	-0.00212635385596087
1.125	35.5	-0.00212637974737185
1.375	35.5	-0.0021264120896414
1.625	35.5	-0.00212645086811692
1.875	35.5	-0.00212649606522553
2.125	35.5	-0.00212654766047951
2.375	35.5	-0.00212660563048281
2.625	35.5	-0.0021266699489382
2.875	35.5	-0.00212674058665539
3.125	35.5	-0.0021268175115598
3.375	35.5	-0.00212690068870208
3.625	35.5	-0.00212699008026808
3.875	35.5	-0.00212708564558923
4.125	35.5	-0.00212718734115281
4.375	35.5	-0.00212729512061179
4.625	35.5	-0.00212740893479325
4.875	35.5	-0.00212752873170395
5.125	35.5	-0.00212765445653097
5.375	35.5	-0.00212778605163344
5.625	35.5	-0.00212792345651953
5.875	35.5	-0.00212806660779839
6.125	35.5	-0.00212821543909083
6.375	35.5	-0.00212836988087154
6.625	35.5	-0.00212852986019832
6.875	35.5	-0.00212869530025518
7.125	35.5	-0.0021288661195888
7.375	35.5	-0.00212904223084024
7.625	35.5	-0.0021292235386458
7.875	35.5	-0.00212940993617068
8.125	35.5	-0.00212960129939268
8.375	35.5	-0.00212979747768369
8.625	35.5	-0.00212999827829912
8.875	35.5	-0.00213020344084305
9.125	35.5	-0.00213041259523863
9.375	35.5	-0.00213062519255693
9.625	35.5	-0.00213084039118489
9.875	35.5	-0.00213105686950503
10.125	35.5	-0.00213127251765176
10.375	35.5	-0.00213148393029095
10.625	35.5	-0.00213168557198707
10.875	35.5	-0.00213186840381961
11.125	35.5	-0.00213201762349555
11.375	35.5	-0.00213210894673689
11.625	35.5	-0.00213210248836777
11.875	35.5	-0.00213193269376709
12.125	35.5	-0.00213149177132105
12.375	35.5	-0.00213060243104579
12.625	35.5	-0.00212897302716293
12.875	35.5	-0.0021261237479965
13.125	35.5	-0.00212126516838905
13.375	35.5	-0.0021130984255405
13.625	35.5	-0.00209948645515872
13.875	35.5	-0.00207691313496845
14.125	35.5	-0.00203959363864846
14.375	35.5	-0.00197801142002057
14.625	35.5	-0.00187651323948264
14.875	35.5	-0.00170935831295958
15.125	35.5	-0.00143423483809735
15.375	35.5	-0.000981639122049188
15.625	35.5	-0.000237527640166594
15.875	35.5	0.00098488220256201
16.125	35.5	0.00299058220219189
16.375	35.5	0.00627510364978926
16.625	35.5	0.0116369325827689
16.875	35.5	0.0203452157001659
17.125	35.5	0.0343715575655938
17.375	35.5	0.0566627604178543
17.625	35.5	0.0913390280959864
17.875	35.5	0.143505230048624
18.125	35.5	0.218093691870225
18.375	35.5	0.317180546006137
18.625	35.5	0.43640493343974
18.875	35.5	0.563578627815384
19.125	35.5	0.682804997817152
19.375	35.5	0.781894937706943
19.625	35.5	0.856486564359637
19.875	35.5	0.908655399909956
20.125	35.5	0.943333605283322
20.375	35.5	0.965626129953832
20.625	35.5	0.979653331539563
20.875	35.5	0.988362156532869
21.125	35.5	0.993724319301674
21.375	35.5	0.997009042389043
21.625	35.5	0.999014861568601
21.875	35.5	1.00023733979851
22.125	35.5	1.00098148868988
22.375	35.5	1.00143410310598
22.625	35.5	1.00170923411554
22.875	35.5	1.00187639002766
23.125	35.5	1.00197788545731
23.375	35.5	1.00203946289419
23.625	35.5	1.00207677660575
23.875	35.5	1.00209934375186
24.125	35.5	1.00211294951989
24.375	35.5	1.00212111023943
24.625	35.5	1.0021259630888
24.875	35.5	1.00212880698849
25.125	35.5	1.0021304313876
25.375	35.5	1.00213131610177
25.625	35.5	1.00213175276911
25.875	35.5	1.00213191866543
26.125	35.5	1.00213192156473
26.375	35.5	1.00213182700244
26.625	35.5	1.00213167484405
26.875	35.5	1.00213148935435
27.125	35.5	1.00213128531665
27.375	35.5	1.00213107175164
27.625	35.5	1.00213085417736
27.875	35.5	1.00213063598262
28.125	35.5	1.00213041926163
28.375	35.5	1.00213020532123
28.625	35.5	1.00212999498906
28.875	35.5	1.00212978880089
29.125	35.5	1.00212958711439
29.375	35.5	1.00212939017825
29.625	35.5	1.00212919817421
29.875	35.5	1.00212901124255
30.125	35.5	1.00212882949751
30.375	35.5	1.00212865303677
30.625	35.5	1.00212848194705
30.875	35.5	1.00212831630761
31.125	35.5	1.00212815619227
31.375	35.5	1.0021280016707
31.625	35.5	1.00212785280913
31.875	35.5	1.00212770967078
32.125	35.5	1.00212757231616
32.375	35.5	1.00212744080312
32.625	35.5	1.00212731518701
32.875	35.5	1.00212719552065
33.125	35.5	1.00212708185438
33.375	35.5	1.00212697423602
33.625	35.5	1.00212687271088
33.875	35.5	1.00212677732172
34.125	35.5	1.00212668810875
34.375	35.5	1.0021266051096
34.625	35.5	1.00212652835929
34.875	35.5	1.00212645789025
35.125	35.5	1.00212639373224
35.375	35.5	1.00212633591239
35.625	35.5	1.00212628445515
35.875	35.5	1.0021262393823
36.125	35.5	1.00212620071292
36.375	35.5	1.00212616846337
36.625	35.5	1.00212614264733
36.875	35.5	1.00212612327572
37.125	35.5	1.00212611035675
37.375	35.5	1.0021261038959
0.125	36.5	-0.00212625812232329
0.375	36.5	-0.00212626452519257
0.625	36.5	-0.00212627732786497
0.875	36.5	-0.00212629652420882
1.125	36.5	-0.00212632210502843
1.375	36.5	-0.00212635405806628
1.625	36.5	-0.00212639236800599
1.875	36.5	-0.00212643701647598
2.125	36.5	-0.00212648798205378
2.375	36.5	-0.00212654524027113
2.625	36.5	-0.00212660876361964
2.875	36.5	-0.00212667852155713
3.125	36.5	-0.00212675448051449
3.375	36.5	-0.00212683660390306
3.625	36.5	-0.00212692485212231
3.875	36.5	-0.00212701918256771
4.125	36.5	-0.00212711954963839
4.375	36.5	-0.00212722590474405
4.625	36.5	-0.00212733819631041
4.875	36.5	-0.0021274563697816
5.125	36.5	-0.00212758036761736
5.375	36.5	-0.00212771012928136
5.625	36.5	-0.00212784559121439
5.875	36.5	-0.00212798668678255
6.125	36.5	-0.00212813334618386
6.375	36.5	-0.00212828549628635
6.625	36.5	-0.00212844306035295
6.875	36.5	-0.00212860595758002
7.125	36.5	-0.00212877410232906
7.375	36.5	-0.00212894740285324
7.625	36.5	-0.00212912575919266
7.875	36.5	-0.00212930905970158
8.125	36.5	-0.00212949717532453
8.375	36.5	-0.0021296899501682
8.625	36.5	-0.0021298871859781
8.875	36.5	-0.0021300886165855
9.125	36.5	-0.00213029386585106
9.375	36.5	-0.00213050237845227
9.625	36.5	-0.00213071330598627
9.875	36.5	-0.00213092531954495
10.125	36.5	-0.00213113630130183
10.375	36.5	-0.002131342837015
10.625	36.5	-0.00213153938094129
10.875	36.5	-0.00213171688170877
11.125	36.5	-0.00213186052120619
11.375	36.5	-0.0021319459939582
11.625	36.5	-0.00213193338490013
11.875	36.5	-0.00213175709537717
12.125	36.5	-0.0021313092666178
12.375	36.5	-0.00213041250357162
12.625	36.5	-0.00212877499314125
12.875	36.5	-0.00212591665399771
13.125	36.5	-0.00212104762300785
13.375	36.5	-0.00211286832244162
13.625	36.5	-0.0020992405173171
13.875	36.5	-0.00207664616465987
14.125	36.5	-0.00203929728336804
14.375	36.5	-0.00197767214245696
14.625	36.5	-0.00187610897981995
14.875	36.5	-0.00170885300563936
15.125	36.5	-0.00143356941599203
15.375	36.5	-0.0009807167905969
15.625	36.5	-0.000236189859752524
15.875	36.5	0.000986894651738271
16.125	36.5	0.00299369170072597
16.375	36.5	0.00627999429585603
16.625	36.5	0.0116447011017803
16.875	36.5	0.0203575904761151
17.125	36.5	0.0343911850620322
17.375	36.5	0.056693498284402
17.625	36.5	0.0913860322701934
17.875	36.5	0.143574343967175
18.125	36.5	0.218189394115941
18.375	36.5	0.317302193279608
18.625	36.5	0.436543257266038
18.875	36.5	0.563716942985646
19.125	36.5	0.682926623370229
19.375	36.5	0.78199061391419
19.625	36.5	0.856555654804692
19.875	36.5	0.908702386013741
20.125	36.5	0.943364330489349
20.375	36.5	0.965645749072781
20.625	36.5	0.979665700961301
20.875	36.5	0.988369921700957
21.125	36.5	0.993729207876655
21.375	36.5	0.997012150616778
21.625	36.5	0.999016873241138
21.875	36.5	1.00023867710523
22.125	36.5	1.00098241073268
22.375	36.5	1.00143476835231
22.625	36.5	1.00170973931599
22.875	36.5	1.00187679422262
23.125	36.5	1.0019782246961
23.375	36.5	1.00203975922675
23.625	36.5	1.0020770435634
23.875	36.5	1.00209958968343
24.125	36.5	1.00211317962086
24.375	36.5	1.00212132778544
24.625	36.5	1.00212617018532
24.875	36.5	1.00212900502638
25.125	36.5	1.00213062131995
25.375	36.5	1.00213149861211
25.625	36.5	1.00213192837374
25.875	36.5	1.00213208777562
26.125	36.5	1.00213208452464
26.375	36.5	1.00213198411219
26.625	36.5	1.00213182637392
26.875	36.5	1.00213163555339
27.125	36.5	1.00213142641813
27.375	36.5	1.00213120797637
27.625	36.5	1.00213098573584
27.875	36.5	1.00213076307646
28.125	36.5	1.00213054208448
28.375	36.5	1.00213032405944
28.625	36.5	1.0021301098222
28.875	36.5	1.00212989990215
29.125	36.5	1.00212969465087
29.375	36.5	1.00212949431131
29.625	36.5	1.00212929905968
29.875	36.5	1.002129109031
30.125	36.5	1.00212892433448
30.375	36.5	1.00212874506299
30.625	36.5	1.00212857129867
30.875	36.5	1.00212840311636
31.125	36.5	1.00212824058573
31.375	36.5	1.00212808377245
31.625	36.5	1.00212793273894
31.875	36.5	1.00212778754485
32.125	36.5	1.00212764824722
32.375	36.5	1.0021275149007
32.625	36.5	1.00212738755754
32.875	36.5	1.0021272662677
33.125	36.5	1.00212715107877
33.375	36.5	1.00212704203601
33.625	36.5	1.00212693918233
33.875	36.5	1.00212684255825
34.125	36.5	1.00212675220189
34.375	36.5	1.00212666814894
34.625	36.5	1.00212659043264
34.875	36.5	1.00212651908378
35.125	36.5	1.00212645413063
35.375	36.5	1.00212639559896
35.625	36.5	1.00212634351202
35.875	36.5	1.00212629789051
36.125	36.5	1.00212625875257
36.375	36.5	1.00212622611378
36.625	36.5	1.00212619998713
36.875	36.5	1.00212618038303
37.125	36.5	1.00212616730929
37.375	36.5	1.00212616077111
0.125	37.5	-0.00212620238223737
0.375	37.5	-0.00212620871161724
0.625	37.5	-0.0021262213671872
0.875	37.5	-0.00212624034256814
1.125	37.5	-0.00212626562819277
1.375	37.5	-0.0021262972113073
1.625	37.5	-0.00212633507597365
1.875	37.5	-0.00212637920307226
2.125	37.5	-0.00212642957030534
2.375	37.5	-0.00212648615220072
2.625	37.5	-0.0021265489201161
2.875	37.5	-0.00212661784224381
3.125	37.5	-0.00212669288361594
3.375	37.5	-0.00212677400610976
3.625	37.5	-0.00212686116845335
3.875	37.5	-0.00212695432623117
4.125	37.5	-0.00212705343188936
4.375	37.5	-0.00212715843474005
4.625	37.5	-0.00212726928096408
4.875	37.5	-0.00212738591361052
5.125	37.5	-0.00212750827259088
5.375	37.5	-0.0021276362946642
5.625	37.5	-0.002127769913407
5.875	37.5	-0.00212790905915797
6.125	37.5	-0.00212805365892111
6.375	37.5	-0.00212820363619999
6.625	37.5	-0.00212835891071886
6.875	37.5	-0.00212851939795713
7.125	37.5	-0.00212868500837679
7.375	37.5	-0.00212885564614442
7.625	37.5	-0.00212903120702139
7.875	37.5	-0.00212921157488536
8.125	37.5	-0.00212939661599947
8.375	37.5	-0.00212958616957543
8.625	37.5	-0.00212978003223824
8.875	37.5	-0.00212997793245612
9.125	37.5	-0.00213017948845851
9.375	37.5	-0.00213038413898386
9.625	37.5	-0.00213059102931958
9.875	37.5	-0.00213079882377593
10.125	37.5	-0.00213100539710829
10.375	37.5	-0.00213120732675125
10.625	37.5	-0.00213139905729172
10.875	37.5	-0.00213157152561692
11.125	37.5	-0.00213170989861198
11.375	37.5	-0.00213178985057376
11.625	37.5	-0.00213177143775653
11.875	37.5	-0.00213158901905448
12.125	37.5	-0.00213113467072069
12.375	37.5	-0.00213023089578976
12.625	37.5	-0.00212858571857455
12.875	37.5	-0.00212571879540238
13.125	37.5	-0.00212083983670447
13.375	37.5	-0.00211264856831095
13.625	37.5	-0.00209900561446934
13.875	37.5	-0.00207639106023046
14.125	37.5	-0.00203901384938451
14.375	37.5	-0.00197734719674263
14.625	37.5	-0.00187572103207562
14.875	37.5	-0.00170836691192126
15.125	37.5	-0.00143292760896506
15.375	37.5	-0.000979824924002245
15.625	37.5	-0.000234893395232068
15.875	37.5	0.000988848399100732
16.125	37.5	0.00299671446770081
16.375	37.5	0.00628475293956594
16.625	37.5	0.0116522646915356
16.875	37.5	0.0203696437646492
17.125	37.5	0.034410307587595
17.375	37.5	0.0567234498581377
17.625	37.5	0.0914318374044442
17.875	37.5	0.143641695682823
18.125	37.5	0.218282652545317
18.375	37.5	0.317420724055888
18.625	37.5	0.436678020883952
18.875	37.5	0.563851679141615
19.125	37.5	0.683045085216675
19.375	37.5	0.782083789664483
19.625	37.5	0.856622931928452
19.875	37.5	0.908748133671766
20.125	37.5	0.943394241751268
20.375	37.5	0.965664844893111
20.625	37.5	0.979677737161005
20.875	37.5	0.988377474581695
21.125	37.5	0.993733959892027
21.375	37.5	0.997015169309888
21.625	37.5	0.999018824493444
21.875	37.5	1.00023997204324
22.125	37.5	1.00098330166449
22.375	37.5	1.00143540958537
22.625	37.5	1.00171022505569
22.875	37.5	1.00187718195059
23.125	37.5	1.0019785495042
23.375	37.5	1.00204004257365
23.625	37.5	1.00207729861204
23.875	37.5	1.00209982455009
24.125	37.5	1.00211339935128
24.375	37.5	1.00212153555613
24.625	37.5	1.0021263680337
24.875	37.5	1.00212919429447
25.125	37.5	1.00213080292394
25.375	37.5	1.00213167320622
25.625	37.5	1.00213209644985
25.875	37.5	1.00213224972383
26.125	37.5	1.00213224067015
26.375	37.5	1.00213213473782
26.625	37.5	1.00213197173384
26.875	37.5	1.00213177588157
27.125	37.5	1.00213156193354
27.375	37.5	1.00213133888627
27.625	37.5	1.00213111223781
27.875	37.5	1.00213088535977
28.125	37.5	1.00213066033099
28.375	37.5	1.00213043844423
28.625	37.5	1.00213022051404
28.875	37.5	1.00213000706388
29.125	37.5	1.0021297984397
29.375	37.5	1.00212959487909
29.625	37.5	1.00212939655315
29.875	37.5	1.00212920359199
30.125	37.5	1.00212901610016
30.375	37.5	1.00212883416604
30.625	37.5	1.0021286578675
30.875	37.5	1.0021284872753
31.125	37.5	1.0021283224552
31.375	37.5	1.00212816346916
31.625	37.5	1.00212801037607
31.875	37.5	1.00212786323221
32.125	37.5	1.00212772209143
32.375	37.5	1.00212758700535
32.625	37.5	1.00212745802336
32.875	37.5	1.00212733519271
33.125	37.5	1.00212721855845
33.375	37.5	1.00212710816344
33.625	37.5	1.00212700404835
33.875	37.5	1.0021269062516
34.125	37.5	1.00212681480936
34.375	37.5	1.00212672975551
34.625	37.5	1.00212665112163
34.875	37.5	1.00212657893694
35.125	37.5	1.00212651322835
35.375	37.5	1.00212645402035
35.625	37.5	1.00212640133506
35.875	37.5	1.00212635519217
36.125	37.5	1.00212631560895
36.375	37.5	1.00212628260022
36.625	37.5	1.00212625617837
36.875	37.5	1.0021262363533
37.125	37.5	1.00212622313245
37.375	37.5	1.00212621652079
0.125	38.5	-0.00212614898255463
0.375	38.5	-0.00212615524431547
0.625	38.5	-0.00212616776453499
0.875	38.5	-0.00212618653660917
1.125	38.5	-0.0021262115506329
1.375	38.5	-0.00212624279340123
1.625	38.5	-0.00212628024841093
1.875	38.5	-0.00212632389586245
2.125	38.5	-0.00212637371266221
2.375	38.5	-0.00212642967242534
2.625	38.5	-0.00212649174547861
2.875	38.5	-0.00212655989886375
3.125	38.5	-0.00212663409634095
3.375	38.5	-0.00212671429839255
3.625	38.5	-0.00212680046222673
3.875	38.5	-0.00212689254178101
4.125	38.5	-0.00212699048772531
4.375	38.5	-0.00212709424746394
4.625	38.5	-0.00212720376513575
4.875	38.5	-0.00212731898161104
5.125	38.5	-0.00212743983448292
5.375	38.5	-0.00212756625804954
5.625	38.5	-0.00212769818328092
5.875	38.5	-0.00212783553776051
6.125	38.5	-0.00212797824558492
6.375	38.5	-0.00212812622719481
6.625	38.5	-0.00212827939909233
6.875	38.5	-0.00212843767337185
7.125	38.5	-0.00212860095694337
7.375	38.5	-0.00212876915025021
7.625	38.5	-0.00212894214515447
7.875	38.5	-0.00212911982145301
8.125	38.5	-0.0021293020411401
8.375	38.5	-0.00212948863896207
8.625	38.5	-0.00212967940687059
8.875	38.5	-0.00212987406843625
9.125	38.5	-0.00213007223674201
9.375	38.5	-0.00213027334509306
9.625	38.5	-0.00213047653299652
9.875	38.5	-0.00213068045853851
10.125	38.5	-0.0021308829896491
10.375	38.5	-0.00213108069607948
10.625	38.5	-0.00213126801345383
10.875	38.5	-0.00213143586772548
11.125	38.5	-0.00213156941173684
11.375	38.5	-0.00213164430076119
11.625	38.5	-0.00213162056396681
11.875	38.5	-0.00213143252002632
12.125	38.5	-0.00213097218348268
12.375	38.5	-0.00213006196041875
12.625	38.5	-0.00212840972031002
12.875	38.5	-0.00212553486947957
13.125	38.5	-0.00212064671181177
13.375	38.5	-0.00211244430901418
13.625	38.5	-0.00209878719734402
13.875	38.5	-0.00207615367634842
14.125	38.5	-0.00203874975664059
14.375	38.5	-0.00197704383202408
14.625	38.5	-0.00187535790745377
14.875	38.5	-0.00170791051581452
15.125	38.5	-0.00143232304123018
15.375	38.5	-0.000978982203307662
15.625	38.5	-0.000233665127405299
15.875	38.5	0.000990703221657463
16.125	38.5	0.00299958855558362
16.375	38.5	0.00628928233068431
16.625	38.5	0.0116594690317286
16.875	38.5	0.0203811298773335
17.125	38.5	0.0344285355870696
17.375	38.5	0.0567520052341126
17.625	38.5	0.0914755111150113
17.875	38.5	0.143705914786754
18.125	38.5	0.218371570587323
18.375	38.5	0.317533729322857
18.625	38.5	0.436806487359805
18.875	38.5	0.563980101948178
19.125	38.5	0.683157980866717
19.375	38.5	0.782172576209974
19.625	38.5	0.856687032379928
19.875	38.5	0.908791715938633
20.125	38.5	0.943422732978513
20.375	38.5	0.965683030386786
20.625	38.5	0.979689196067792
20.875	38.5	0.988384661868927
21.125	38.5	0.993738478725812
21.375	38.5	0.997018036907562
21.625	38.5	0.999020675339993
21.875	38.5	1.00024119787766
22.125	38.5	1.00098414289426
22.375	38.5	1.00143601323684
22.625	38.5	1.00171068088576
22.875	38.5	1.00187754472282
23.125	38.5	1.00197885264717
23.375	38.5	1.00204030652486
23.625	38.5	1.00207753590397
23.875	38.5	1.00210004290622
24.125	38.5	1.00211360356917
24.375	38.5	1.00212172865227
24.625	38.5	1.00212655193927
24.875	38.5	1.00212937027814
25.125	38.5	1.00213097184881
25.375	38.5	1.00213183568602
25.625	38.5	1.00213225294381
25.875	38.5	1.00213240059447
26.125	38.5	1.00213238621841
26.375	38.5	1.00213227522452
26.625	38.5	1.00213210739275
26.875	38.5	1.0021319069275
27.125	38.5	1.00213168856725
27.375	38.5	1.00213146129762
27.625	38.5	1.00213123060772
27.875	38.5	1.00213099986147
28.125	38.5	1.00213077113089
28.375	38.5	1.00213054570253
28.625	38.5	1.00213032438517
28.875	38.5	1.00213010769681
29.125	38.5	1.0021298959783
29.375	38.5	1.00212968946232
29.625	38.5	1.00212948831529
29.875	38.5	1.00212929266287
30.125	38.5	1.00212910260535
30.375	38.5	1.00212891822701
30.625	38.5	1.00212873960184
30.875	38.5	1.00212856679688
31.125	38.5	1.00212839987433
31.375	38.5	1.00212823889277
31.625	38.5	1.00212808390788
31.875	38.5	1.00212793497286
32.125	38.5	1.00212779213867
32.375	38.5	1.00212765545417
32.625	38.5	1.00212752496616
32.875	38.5	1.0021274007194
33.125	38.5	1.00212728275664
33.375	38.5	1.00212717111857
33.625	38.5	1.00212706584381
33.875	38.5	1.00212696696887
34.125	38.5	1.00212687452815
34.375	38.5	1.00212678855388
34.625	38.5	1.00212670907611
34.875	38.5	1.0021266361227
35.125	38.5	1.00212656971926
35.375	38.5	1.00212650988914
35.625	38.5	1.00212645665342
35.875	38.5	1.00212641003088
36.125	38.5	1.002126370038
36.375	38.5	1.00212633668894
36.625	38.5	1.00212630999549
36.875	38.5	1.00212628996711
37.125	38.5	1.00212627661091
37.375	38.5	1.00212626993163
0.125	39.5	-0.00212609903924537
0.375	39.5	-0.00212610524111408
0.625	39.5	-0.00212611764145084
0.875	39.5	-0.00212613623345452
1.125	39.5	-0.00212616100692397
1.375	39.5	-0.00212619194825881
1.625	39.5	-0.00212622904046038
1.875	39.5	-0.00212627226313298
2.125	39.5	-0.00212632159248528
2.375	39.5	-0.00212637700133193
2.625	39.5	-0.00212643845909539
2.875	39.5	-0.00212650593180783
3.125	39.5	-0.00212657938211319
3.375	39.5	-0.00212665876926919
3.625	39.5	-0.00212674404914924
3.875	39.5	-0.00212683517424401
4.125	39.5	-0.00212693209366241
4.375	39.5	-0.00212703475313133
4.625	39.5	-0.00212714309499345
4.875	39.5	-0.0021272570582016
5.125	39.5	-0.00212737657830752
5.375	39.5	-0.00212750158744121
5.625	39.5	-0.0021276320142749
5.875	39.5	-0.00212776778396148
6.125	39.5	-0.00212790881803103
6.375	39.5	-0.00212805503421833
6.625	39.5	-0.00212820634617675
6.875	39.5	-0.00212836266300525
7.125	39.5	-0.00212852388846777
7.375	39.5	-0.00212868991970666
7.625	39.5	-0.00212886064512326
7.875	39.5	-0.00212903594088851
8.125	39.5	-0.00212921566519892
8.375	39.5	-0.00212939964882284
8.625	39.5	-0.00212958767954253
8.875	39.5	-0.00212977947655177
9.125	39.5	-0.00212997464832573
9.375	39.5	-0.00213017262329451
9.625	39.5	-0.00213037253576577
9.875	39.5	-0.0021305730382104
10.125	39.5	-0.00213077199237968
10.375	39.5	-0.00213096596104144
10.625	39.5	-0.00213114937163787
10.875	39.5	-0.00213131314009509
11.125	39.5	-0.00213144240632073
11.375	39.5	-0.00213151280799883
11.625	39.5	-0.00213148434917955
11.875	39.5	-0.00213129131115764
12.125	39.5	-0.00213082565105082
12.375	39.5	-0.00212990968464883
12.625	39.5	-0.00212825113715968
12.875	39.5	-0.00212536918191755
13.125	39.5	-0.00212047274389573
13.375	39.5	-0.00211226026581177
13.625	39.5	-0.00209859026988513
13.875	39.5	-0.002075939391571
14.125	39.5	-0.00203851090784761
14.375	39.5	-0.00197676871962451
14.625	39.5	-0.0018750274466101
14.875	39.5	-0.00170749348507191
15.125	39.5	-0.00143176828777262
15.375	39.5	-0.00097820588382897
15.625	39.5	-0.000232529899216404
15.875	39.5	0.00099242193223546
16.125	39.5	0.00300225667990096
16.375	39.5	0.00629349252915114
16.625	39.5	0.0116661713954248
16.875	39.5	0.0203918215829533
17.125	39.5	0.0344455087835865
17.375	39.5	0.0567786003905851
17.625	39.5	0.0915161912752168
17.875	39.5	0.143765734397104
18.125	39.5	0.218454395489664
18.375	39.5	0.317638983697112
18.625	39.5	0.436926129724735
18.875	39.5	0.564099688283557
19.125	39.5	0.68326309459386
19.375	39.5	0.782255232383056
19.625	39.5	0.856746699730759
19.875	39.5	0.908832278744439
20.125	39.5	0.943449245801702
20.375	39.5	0.965699949022736
20.625	39.5	0.979699852848452
20.875	39.5	0.988391342339351
21.125	39.5	0.993742675369408
21.375	39.5	0.997020696698551
21.625	39.5	0.999022388945405
21.875	39.5	1.00024232998149
22.125	39.5	1.00098491729965
22.375	39.5	1.00143656681413
22.625	39.5	1.00171109719001
22.875	39.5	1.00187787473142
23.125	39.5	1.00197912747495
23.375	39.5	1.00204054519189
23.625	39.5	1.00207775007049
23.875	39.5	1.00210023975499
24.125	39.5	1.00211378755868
24.375	39.5	1.00212190258259
24.625	39.5	1.00212671759987
24.875	39.5	1.00212952884158
25.125	39.5	1.00213112411002
25.375	39.5	1.0021319822077
25.625	39.5	1.00213239414487
25.875	39.5	1.00213253680383
26.125	39.5	1.00213251770772
26.375	39.5	1.00213240222818
26.625	39.5	1.00213223012011
26.875	39.5	1.00213202557036
27.125	39.5	1.00213180330452
27.375	39.5	1.00213157229818
27.625	39.5	1.0021313380323
27.875	39.5	1.00213110386382
28.125	39.5	1.0021308718586
28.375	39.5	1.00213064329758
28.625	39.5	1.00213041898434
28.875	39.5	1.00213019943202
29.125	39.5	1.00212998497686
29.375	39.5	1.00212977584717
29.625	39.5	1.0021295722052
29.875	39.5	1.00212937417265
30.125	39.5	1.00212918184599
30.375	39.5	1.00212899530591
30.625	39.5	1.00212881462292
30.875	39.5	1.00212863986076
31.125	39.5	1.00212847107851
31.375	39.5	1.00212830833173
31.625	39.5	1.00212815167327
31.875	39.5	1.00212800115362
32.125	39.5	1.00212785682118
32.375	39.5	1.00212771872237
32.625	39.5	1.0021275869017
32.875	39.5	1.00212746140178
33.125	39.5	1.0021273422633
33.375	39.5	1.00212722952503
33.625	39.5	1.0021271232238
33.875	39.5	1.00212702339445
34.125	39.5	1.00212693006982
34.375	39.5	1.0021268432807
34.625	39.5	1.00212676305579
34.875	39.5	1.00212668942174
35.125	39.5	1.00212662240303
35.375	39.5	1.002126562022
35.625	39.5	1.00212650829885
35.875	39.5	1.00212646125155
36.125	39.5	1.00212642089587
36.375	39.5	1.00212638724538
36.625	39.5	1.00212636031138
36.875	39.5	1.00212634010294
37.125	39.5	1.00212632662686
37.375	39.5	1.00212631988768
0.125	40.5	-0.00212605354029426
0.375	40.5	-0.00212605969162532
0.625	40.5	-0.00212607199080467
0.875	40.5	-0.00212609043086674
1.125	40.5	-0.00212611500136344
1.375	40.5	-0.00212614568836448
1.625	40.5	-0.00212618247445778
1.875	40.5	-0.00212622533875002
2.125	40.5	-0.00212627425686722
2.375	40.5	-0.00212632920095539
2.625	40.5	-0.00212639013968124
2.875	40.5	-0.00212645703823287
3.125	40.5	-0.00212652985832038
3.375	40.5	-0.0021266085581764
3.625	40.5	-0.00212669309255628
3.875	40.5	-0.00212678341273789
4.125	40.5	-0.00212687946652056
4.375	40.5	-0.00212698119822279
4.625	40.5	-0.00212708854867773
4.875	40.5	-0.00212720145522516
5.125	40.5	-0.00212731985169766
5.375	40.5	-0.00212744366839728
5.625	40.5	-0.00212757283205659
5.875	40.5	-0.00212770726577409
6.125	40.5	-0.00212784688890754
6.375	40.5	-0.00212799161689803
6.625	40.5	-0.00212814136098033
6.875	40.5	-0.00212829602770602
7.125	40.5	-0.00212845551815883
7.375	40.5	-0.0021286197266635
7.625	40.5	-0.00212878853866149
7.875	40.5	-0.00212896182721583
8.125	40.5	-0.00212913944726026
8.375	40.5	-0.00212932122613709
8.625	40.5	-0.00212950694802793
8.875	40.5	-0.00212969632833577
9.125	40.5	-0.00212988897153206
9.375	40.5	-0.00213008430179592
9.625	40.5	-0.00213028144888332
9.875	40.5	-0.00213047906032802
10.125	40.5	-0.00213067499242244
10.375	40.5	-0.00213086580173295
10.625	40.5	-0.00213104590839734
10.875	40.5	-0.00213120621934457
11.125	40.5	-0.00213133186282494
11.375	40.5	-0.00213139846061546
11.625	40.5	-0.00213136599399635
11.875	40.5	-0.0021311687103303
12.125	40.5	-0.00213069851456629
12.375	40.5	-0.00212977764044473
12.625	40.5	-0.00212811368207726
12.875	40.5	-0.00212522560110497
13.125	40.5	-0.00212032197827825
13.375	40.5	-0.00211210069408132
13.625	40.5	-0.00209841934980654
13.875	40.5	-0.00207575306979669
14.125	40.5	-0.00203830264893511
14.375	40.5	-0.00197652790896614
14.625	40.5	-0.00187473676481639
14.875	40.5	-0.00170712459488382
15.125	40.5	-0.00143127475846983
15.375	40.5	-0.000977511609458056
15.625	40.5	-0.000231510210121872
15.875	40.5	0.00099397088753337
16.125	40.5	0.00300466706456207
16.375	40.5	0.00629730230631032
16.625	40.5	0.0116722429565051
16.875	40.5	0.0204015138721748
17.125	40.5	0.0344609022413535
17.375	40.5	0.0568027267690014
17.625	40.5	0.091553100727938
17.875	40.5	0.143820012804727
18.125	40.5	0.218529548215566
18.375	40.5	0.317734483225827
18.625	40.5	0.437034673642163
18.875	40.5	0.564208168545215
19.125	40.5	0.683358434329066
19.375	40.5	0.782330193404092
19.625	40.5	0.856800805138054
19.875	40.5	0.908869054849559
20.125	40.5	0.943473278620935
20.375	40.5	0.965715280477232
20.625	40.5	0.979709505446569
20.875	40.5	0.988397389018591
21.125	40.5	0.993746469741295
21.375	40.5	0.997023097612678
21.625	40.5	0.999023932099528
21.875	40.5	1.00024334612108
22.125	40.5	1.00098560940034
22.375	40.5	1.00143705900861
22.625	40.5	1.00171146525653
22.875	40.5	1.00187816490125
23.125	40.5	1.0019793679641
23.375	40.5	1.00204075324611
23.625	40.5	1.00207793625964
23.875	40.5	1.00210041058731
24.125	40.5	1.00211394707095
24.375	40.5	1.00212205330692
24.625	40.5	1.00212686115135
24.875	40.5	1.00212966627546
25.125	40.5	1.00213125613876
25.375	40.5	1.00213210933296
25.625	40.5	1.00213251673773
25.875	40.5	1.00213265515365
26.125	40.5	1.00213263205192
26.375	40.5	1.00213251277034
26.625	40.5	1.00213233704114
26.875	40.5	1.0021321290353
27.125	40.5	1.00213190346681
27.375	40.5	1.00213166930228
27.625	40.5	1.00213143201537
27.875	40.5	1.00213119495684
28.125	40.5	1.00213096018709
28.375	40.5	1.00213072898214
28.625	40.5	1.00213050214103
28.875	40.5	1.00213028017266
29.125	40.5	1.00213006340926
29.375	40.5	1.00212985207534
29.625	40.5	1.00212964632959
29.875	40.5	1.00212944629025
30.125	40.5	1.00212925205057
30.375	40.5	1.0021290636881
30.625	40.5	1.00212888127041
30.875	40.5	1.00212870485843
31.125	40.5	1.00212853450854
31.375	40.5	1.0021283702738
31.625	40.5	1.0021282122046
31.875	40.5	1.00212806034915
32.125	40.5	1.00212791475369
32.375	40.5	1.00212777546259
32.625	40.5	1.00212764251841
32.875	40.5	1.00212751596193
33.125	40.5	1.00212739583213
33.375	40.5	1.00212728216617
33.625	40.5	1.00212717499938
33.875	40.5	1.00212707436518
34.125	40.5	1.00212698029509
34.375	40.5	1.00212689281871
34.625	40.5	1.00212681196362
34.875	40.5	1.00212673775544
35.125	40.5	1.00212667021771
35.375	40.5	1.00212660937195
35.625	40.5	1.00212655523758
35.875	40.5	1.00212650783191
36.125	40.5	1.00212646717013
36.375	40.5	1.00212643326531
36.625	40.5	1.00212640612835
36.875	40.5	1.00212638576797
37.125	40.5	1.00212637219073
37.375	40.5	1.00212636540102
0.125	41.5	-0.00212601331881529
0.375	41.5	-0.00212601943032185
0.625	41.5	-0.00212603164978865
0.875	41.5	-0.00212604997012297
1.125	41.5	-0.00212607438068564
1.375	41.5	-0.00212610486729102
1.625	41.5	-0.00212614141220693
1.875	41.5	-0.00212618399415457
2.125	41.5	-0.00212623258830833
2.375	41.5	-0.00212628716629562
2.625	41.5	-0.00212634769619651
2.875	41.5	-0.00212641414254331
3.125	41.5	-0.0021264864663199
3.375	41.5	-0.00212656462496087
3.625	41.5	-0.00212664857235015
3.875	41.5	-0.0021267382588191
4.125	41.5	-0.00212683363114368
4.375	41.5	-0.00212693463254006
4.625	41.5	-0.00212704120265807
4.875	41.5	-0.00212715327757083
5.125	41.5	-0.00212727078975845
5.375	41.5	-0.00212739366808208
5.625	41.5	-0.00212752183774219
5.875	41.5	-0.00212765522021089
6.125	41.5	-0.00212779373312214
6.375	41.5	-0.00212793729009242
6.625	41.5	-0.00212808580042737
6.875	41.5	-0.00212823916864106
7.125	41.5	-0.00212839729366703
7.375	41.5	-0.00212856006756257
7.625	41.5	-0.00212872737337923
7.875	41.5	-0.00212889908166167
8.125	41.5	-0.00212907504468994
8.375	41.5	-0.00212925508700856
8.625	41.5	-0.00212943898984617
8.875	41.5	-0.00212962646548242
9.125	41.5	-0.00212981711507337
9.375	41.5	-0.00213001035925876
9.625	41.5	-0.00213020532398207
9.875	41.5	-0.00213040065261461
10.125	41.5	-0.00213059419681407
10.375	41.5	-0.00213078250784251
10.625	41.5	-0.00213095999954355
10.875	41.5	-0.00213111757103968
11.125	41.5	-0.00213124034040691
11.375	41.5	-0.00213130391547699
11.625	41.5	-0.00213126825750897
11.875	41.5	-0.00213106758397936
12.125	41.5	-0.00213059375385343
12.375	41.5	-0.00212966892853573
12.625	41.5	-0.00212800058657414
12.875	41.5	-0.00212510750304338
13.125	41.5	-0.00212019795541068
13.375	41.5	-0.0021119693289222
13.625	41.5	-0.00209827841385817
13.875	41.5	-0.00207559900404246
14.125	41.5	-0.00203812970920937
14.375	41.5	-0.00197632676034543
14.625	41.5	-0.00187449217087355
14.875	41.5	-0.00170681162196589
15.125	41.5	-0.00143085254900392
15.375	41.5	-0.000976913189920602
15.625	41.5	-0.000230625869362408
15.875	41.5	0.00099532054150917
16.125	41.5	0.00300677433691843
16.375	41.5	0.00630064060043283
16.625	41.5	0.0116775711561533
16.875	41.5	0.0204100277862957
17.125	41.5	0.034474432497945
17.375	41.5	0.0568239409293272
17.625	41.5	0.0915855620785421
17.875	41.5	0.143867755200211
18.125	41.5	0.218595653410894
18.375	41.5	0.317818483226755
18.625	41.5	0.437130140059125
18.875	41.5	0.564303568882162
19.125	41.5	0.683442268448782
19.375	41.5	0.782396099586229
19.625	41.5	0.856848367932007
19.875	41.5	0.9089013777591
20.125	41.5	0.943494395644618
20.375	41.5	0.965728746357515
20.625	41.5	0.979717978149633
20.875	41.5	0.988402691383674
21.125	41.5	0.993749792041048
21.375	41.5	0.997025195053537
21.625	41.5	0.999025275732653
21.875	41.5	1.00024422677948
22.125	41.5	1.00098620556644
22.375	41.5	1.00143747983589
22.625	41.5	1.00171177737815
22.875	41.5	1.00187840896758
23.125	41.5	1.00197956878286
23.375	41.5	1.00204092597721
23.625	41.5	1.00207809019151
23.875	41.5	1.00210055143585
24.125	41.5	1.00211407837796
24.375	41.5	1.00212217729039
24.625	41.5	1.00212697922232
24.875	41.5	1.00212977935219
25.125	41.5	1.00213136483775
25.375	41.5	1.00213221408503
25.625	41.5	1.00213261785871
25.875	41.5	1.00213275288737
26.125	41.5	1.00213272659644
26.375	41.5	1.00213260429397
26.625	41.5	1.00213242569225
26.875	41.5	1.00213221494836
27.125	41.5	1.00213198676615
27.375	41.5	1.00213175010446
27.625	41.5	1.00213151043066
27.875	41.5	1.00213127109023
28.125	41.5	1.00213103413895
28.375	41.5	1.00213080084868
28.625	41.5	1.00213057201464
28.875	41.5	1.00213034814221
29.125	41.5	1.00213012956031
29.375	41.5	1.00212991649033
29.625	41.5	1.00212970908801
29.875	41.5	1.00212950746881
30.125	41.5	1.0021293117233
30.375	41.5	1.00212912192655
30.625	41.5	1.00212893814372
30.875	41.5	1.00212876043349
31.125	41.5	1.00212858885008
31.375	41.5	1.00212842344452
31.625	41.5	1.00212826426527
31.875	41.5	1.00212811135873
32.125	41.5	1.00212796476941
32.375	41.5	1.00212782454004
32.625	41.5	1.00212769071167
32.875	41.5	1.00212756332364
33.125	41.5	1.00212744241358
33.375	41.5	1.00212732801738
33.625	41.5	1.00212722016917
33.875	41.5	1.0021271189013
34.125	41.5	1.00212702424426
34.375	41.5	1.00212693622669
34.625	41.5	1.00212685487531
34.875	41.5	1.00212678021494
35.125	41.5	1.0021267122684
35.375	41.5	1.00212665105655
35.625	41.5	1.00212659659822
35.875	41.5	1.00212654891021
36.125	41.5	1.00212650800727
36.375	41.5	1.00212647390206
36.625	41.5	1.00212644660516
36.875	41.5	1.00212642612505
37.125	41.5	1.00212641246811
37.375	41.5	1.00212640563857
0.125	42.5	-0.0021259790305893
0.375	42.5	-0.00212598511403703
0.625	42.5	-0.00212599727734331
0.875	42.5	-0.00212601551332955
1.125	42.5	-0.00212603981122754
1.375	42.5	-0.00212607015667908
1.625	42.5	-0.0021261065317355
1.875	42.5	-0.00212614891485703
2.125	42.5	-0.00212619728091202
2.375	42.5	-0.00212625160117592
2.625	42.5	-0.00212631184333013
2.875	42.5	-0.00212637797146055
3.125	42.5	-0.00212644994605584
3.375	42.5	-0.00212652772400523
3.625	42.5	-0.00212661125859588
3.875	42.5	-0.00212670049950943
4.125	42.5	-0.00212679539281745
4.375	42.5	-0.00212689588097541
4.625	42.5	-0.00212700190281401
4.875	42.5	-0.00212711339352683
5.125	42.5	-0.00212723028465169
5.375	42.5	-0.00212735250404225
5.625	42.5	-0.00212747997582362
5.875	42.5	-0.00212761262032189
6.125	42.5	-0.00212775035395119
6.375	42.5	-0.00212789308903109
6.625	42.5	-0.00212804073348962
6.875	42.5	-0.00212819319037869
7.125	42.5	-0.00212835035708091
7.375	42.5	-0.00212851212400911
7.625	42.5	-0.0021286783724717
7.875	42.5	-0.00212884897116553
8.125	42.5	-0.00212902377041112
8.375	42.5	-0.00212920259267324
8.625	42.5	-0.00212938521696975
8.875	42.5	-0.00212957135322402
9.125	42.5	-0.0021297606000704
9.375	42.5	-0.0021299523754323
9.625	42.5	-0.0021301458022986
9.875	42.5	-0.00213033952078029
10.125	42.5	-0.00213053137886258
10.375	42.5	-0.00213071792355287
10.625	42.5	-0.00213089356358346
10.875	42.5	-0.00213104919166256
11.125	42.5	-0.00213116991742048
11.375	42.5	-0.00213123133701912
11.625	42.5	-0.00213119339486679
11.875	42.5	-0.00213099028319458
12.125	42.5	-0.00213051382204465
12.375	42.5	-0.00212958611153213
12.625	42.5	-0.00212791453225481
12.875	42.5	-0.00212501770115553
13.125	42.5	-0.00212010363868077
13.375	42.5	-0.00211186931046846
13.625	42.5	-0.00209817081978384
13.875	42.5	-0.00207548083357004
14.125	42.5	-0.00203799611114897
14.375	42.5	-0.00197616984320531
14.625	42.5	-0.00187429904687268
14.875	42.5	-0.00170656119421403
15.125	42.5	-0.0014305102412394
15.375	42.5	-0.000976422320271794
15.625	42.5	-0.000229893582623248
15.875	42.5	0.000996446076673199
16.125	42.5	0.00300854051582526
16.375	42.5	0.00630344808637326
16.625	42.5	0.0116820622142486
16.875	42.5	0.0204172144369472
17.125	42.5	0.0344858639572107
17.375	42.5	0.0568418745703906
17.625	42.5	0.0916130130037164
17.875	42.5	0.143908136119547
18.125	42.5	0.218651570329224
18.375	42.5	0.317889537310778
18.625	42.5	0.437210889169326
18.875	42.5	0.564384254712105
19.125	42.5	0.683513163678036
19.375	42.5	0.782451825917217
19.625	42.5	0.856888576849065
19.875	42.5	0.90892869609691
20.125	42.5	0.943512236253753
20.375	42.5	0.965740116159842
20.625	42.5	0.979725125330329
20.875	42.5	0.98840715769987
21.125	42.5	0.993752584210921
21.375	42.5	0.997026951820109
21.625	42.5	0.999026395506118
21.875	42.5	1.00024495554493
22.125	42.5	1.00098669428385
22.375	42.5	1.00143782082616
22.625	42.5	1.00171202699701
22.875	42.5	1.00187860159276
23.125	42.5	1.00197972539055
23.375	42.5	1.00204105938186
23.625	42.5	1.00207820824006
23.875	42.5	1.00210065895238
24.125	42.5	1.00211417834676
24.375	42.5	1.00212227157527
24.625	42.5	1.00212706900399
24.875	42.5	1.00212986539412
25.125	42.5	1.00213144764781
25.375	42.5	1.00213229401385
25.625	42.5	1.0021326951595
25.875	42.5	1.00213282775238
26.125	42.5	1.00213279917919
26.375	42.5	1.00213267472288
26.625	42.5	1.00213249407894
26.875	42.5	1.00213228139286
27.125	42.5	1.00213205136006
27.375	42.5	1.002131812933
27.625	42.5	1.00213157157395
27.875	42.5	1.00213133062414
28.125	42.5	1.0021310921357
28.375	42.5	1.00213085737722
28.625	42.5	1.002130627141
28.875	42.5	1.00213040192969
29.125	42.5	1.00213018206969
29.375	42.5	1.00212996778006
29.625	42.5	1.00212975921432
29.875	42.5	1.00212955648584
30.125	42.5	1.00212935968326
30.375	42.5	1.00212916887978
30.625	42.5	1.00212898413884
30.875	42.5	1.00212880551747
31.125	42.5	1.00212863306834
31.375	42.5	1.00212846684102
31.625	42.5	1.00212830688261
31.875	42.5	1.00212815323819
32.125	42.5	1.00212800595106
32.375	42.5	1.00212786506283
32.625	42.5	1.00212773061345
32.875	42.5	1.00212760264127
33.125	42.5	1.00212748118295
33.375	42.5	1.00212736627354
33.625	42.5	1.00212725794634
33.875	42.5	1.00212715623292
34.125	42.5	1.00212706116308
34.375	42.5	1.00212697276482
34.625	42.5	1.00212689106426
34.875	42.5	1.00212681608567
35.125	42.5	1.00212674785138
35.375	42.5	1.0021266863818
35.625	42.5	1.00212663169537
35.875	42.5	1.00212658380852
36.125	42.5	1.00212654273571
36.375	42.5	1.00212650848934
36.625	42.5	1.00212648107977
36.875	42.5	1.00212646051531
37.125	42.5	1.0021264468022
37.375	42.5	1.00212643994461
0.125	43.5	-0.00212595113663424
0.375	43.5	-0.00212595720450145
0.625	43.5	-0.00212596933662621
0.875	43.5	-0.00212598752578893
1.125	43.5	-0.00212601176115967
1.375	43.5	-0.00212604202829757
1.625	43.5	-0.00212607830914999
1.875	43.5	-0.00212612058205151
2.125	43.5	-0.00212616882172263
2.375	43.5	-0.00212622299926818
2.625	43.5	-0.00212628308217542
2.875	43.5	-0.0021263490343119
3.125	43.5	-0.00212642081592273
3.375	43.5	-0.0021264983836275
3.625	43.5	-0.00212658169041644
3.875	43.5	-0.00212667068564577
4.125	43.5	-0.00212676531503185
4.375	43.5	-0.00212686552064356
4.625	43.5	-0.00212697124089208
4.875	43.5	-0.00212708241051668
5.125	43.5	-0.00212719896056422
5.375	43.5	-0.00212732081835852
5.625	43.5	-0.00212744790745367
5.875	43.5	-0.0021275801475611
6.125	43.5	-0.00212771745443379
6.375	43.5	-0.00212785973968071
6.625	43.5	-0.00212800691046658
6.875	43.5	-0.00212815886902363
7.125	43.5	-0.00212831551185448
7.375	43.5	-0.00212847672842726
7.625	43.5	-0.00212864239903601
7.875	43.5	-0.00212881239128787
8.125	43.5	-0.00212898655433167
8.375	43.5	-0.00212916470937056
8.625	43.5	-0.00212934663406078
8.875	43.5	-0.00212953203685114
9.125	43.5	-0.00212972051477064
9.375	43.5	-0.00212991148398131
9.625	43.5	-0.00213010406551746
9.875	43.5	-0.0021302968972856
10.125	43.5	-0.00213048782472843
10.375	43.5	-0.00213067339183318
10.625	43.5	-0.00213084800361024
10.875	43.5	-0.00213100254798188
11.125	43.5	-0.00213112212813882
11.375	43.5	-0.00213118233118655
11.625	43.5	-0.00213114308828279
11.875	43.5	-0.00213093857162583
12.125	43.5	-0.00213046057019218
12.375	43.5	-0.00212953113501137
12.625	43.5	-0.00212785756808548
12.875	43.5	-0.00212495835935033
13.125	43.5	-0.00212004132273637
13.375	43.5	-0.00211180308668932
13.625	43.5	-0.00209809920241886
13.875	43.5	-0.00207540143145107
14.125	43.5	-0.00203790504654304
14.375	43.5	-0.00197606079620466
14.625	43.5	-0.00187416168468347
14.875	43.5	-0.00170637859138509
15.125	43.5	-0.00143025464812809
15.375	43.5	-0.000976048237360386
15.625	43.5	-0.000229326466612227
15.875	43.5	0.000997328118721339
16.125	43.5	0.00300993609770166
16.375	43.5	0.00630567886326253
16.625	43.5	0.0116856437874439
16.875	43.5	0.0204229592148843
17.125	43.5	0.0344950155351759
17.375	43.5	0.05685624489929
17.625	43.5	0.0916350220497258
17.875	43.5	0.143940522571582
18.125	43.5	0.218696424673395
18.375	43.5	0.317946537554335
18.625	43.5	0.437275665680672
18.875	43.5	0.564448975549227
19.125	43.5	0.683570024158897
19.375	43.5	0.782496512576403
19.625	43.5	0.856920811963918
19.875	43.5	0.908950588482249
20.125	43.5	0.943526524724651
20.375	43.5	0.965749213486748
20.625	43.5	0.979730835380895
20.875	43.5	0.988410717506713
21.125	43.5	0.993754801516986
21.375	43.5	0.997028339127305
21.625	43.5	0.999027272486778
21.875	43.5	1.00024551957167
22.125	43.5	1.0009870664826
22.375	43.5	1.00143807526989
22.625	43.5	1.00171220889811
22.875	43.5	1.00187873852605
23.125	43.5	1.00197983417521
23.375	43.5	1.0020411502861
23.625	43.5	1.00207828754455
23.875	43.5	1.00210073051099
24.125	43.5	1.00211424453611
24.375	43.5	1.00212233387225
24.625	43.5	1.00212712833686
24.875	43.5	1.00212992235602
25.125	43.5	1.00213150262665
25.375	43.5	1.00213234727129
25.625	43.5	1.00213274687909
25.875	43.5	1.00213287806886
26.125	43.5	1.00213284819643
26.375	43.5	1.0021327225248
26.625	43.5	1.00213254073631
26.875	43.5	1.00213232696743
27.125	43.5	1.00213209590716
27.375	43.5	1.00213185650319
27.625	43.5	1.00213161421411
27.875	43.5	1.00213137237812
28.125	43.5	1.00213113304481
28.375	43.5	1.00213089748059
28.625	43.5	1.00213066647581
28.875	43.5	1.00213044053134
29.125	43.5	1.00213021997201
29.375	43.5	1.00213000501538
29.625	43.5	1.00212979581363
29.875	43.5	1.00212959247888
30.125	43.5	1.00212939509858
30.375	43.5	1.00212920374487
30.625	43.5	1.00212901848014
30.875	43.5	1.0021288393605
31.125	43.5	1.00212866643776
31.375	43.5	1.00212849976063
31.625	43.5	1.00212833937548
31.875	43.5	1.00212818532668
32.125	43.5	1.00212803765687
32.375	43.5	1.00212789640703
32.625	43.5	1.00212776161655
32.875	43.5	1.00212763332325
33.125	43.5	1.00212751156332
33.375	43.5	1.00212739637132
33.625	43.5	1.00212728778016
33.875	43.5	1.00212718582102
34.125	43.5	1.00212709052335
34.375	43.5	1.0021270019148
34.625	43.5	1.00212692002122
34.875	43.5	1.00212684486659
35.125	43.5	1.00212677647302
35.375	43.5	1.00212671486068
35.625	43.5	1.00212666004784
35.875	43.5	1.00212661205075
36.125	43.5	1.00212657088371
36.375	43.5	1.002126536559
36.625	43.5	1.00212650908689
36.875	43.5	1.00212648847559
37.125	43.5	1.00212647473129
37.375	43.5	1.00212646785811
0.125	44.5	-0.00212592989136945
0.375	44.5	-0.00212593595647762
0.625	44.5	-0.00212594808308762
0.875	44.5	-0.00212596626398645
1.125	44.5	-0.00212599048835392
1.375	44.5	-0.00212602074176196
1.625	44.5	-0.00212605700617354
1.875	44.5	-0.00212609925994142
2.125	44.5	-0.00212614747780653
2.375	44.5	-0.002126201630896
2.625	44.5	-0.00212626168672089
2.875	44.5	-0.00212632760917347
3.125	44.5	-0.00212639935852396
3.375	44.5	-0.00212647689141678
3.625	44.5	-0.00212656016086596
3.875	44.5	-0.00212664911624971
4.125	44.5	-0.00212674370330357
4.375	44.5	-0.00212684386411181
4.625	44.5	-0.00212694953709602
4.875	44.5	-0.00212706065699961
5.125	44.5	-0.00212717715486585
5.375	44.5	-0.00212729895800573
5.625	44.5	-0.00212742598994945
5.875	44.5	-0.0021275581703715
6.125	44.5	-0.00212769541497282
6.375	44.5	-0.00212783763529273
6.625	44.5	-0.00212798473840609
6.875	44.5	-0.00212813662643209
7.125	44.5	-0.0021282931957338
7.375	44.5	-0.00212845433560963
7.625	44.5	-0.00212861992614942
7.875	44.5	-0.00212878983471686
8.125	44.5	-0.00212896391017232
8.375	44.5	-0.00212914197337867
8.625	44.5	-0.00212932380159159
8.875	44.5	-0.00212950910278806
9.125	44.5	-0.00212969747343942
9.375	44.5	-0.00212988832904377
9.625	44.5	-0.00213008078983569
9.875	44.5	-0.00213027349274192
10.125	44.5	-0.00213046428197735
10.375	44.5	-0.00213064969994684
10.625	44.5	-0.00213082414955417
10.875	44.5	-0.00213097851581792
11.125	44.5	-0.0021310978977859
11.375	44.5	-0.00213115787646128
11.625	44.5	-0.00213111837376311
11.875	44.5	-0.00213091354758656
12.125	44.5	-0.00213043516437702
12.375	44.5	-0.00212950523920931
12.625	44.5	-0.0021278310161678
12.875	44.5	-0.00212493089126675
13.125	44.5	-0.00212001252541854
13.375	44.5	-0.00211177229696859
13.625	44.5	-0.0020980653474595
13.875	44.5	-0.00207536276640831
14.125	44.5	-0.00203785872321579
14.375	44.5	-0.00197600215389615
14.625	44.5	-0.00187408308481006
14.875	44.5	-0.00170626750369491
15.125	44.5	-0.00143009051197299
15.375	44.5	-0.000975797325157442
15.625	44.5	-0.00022893350835567
15.875	44.5	0.000997953509802216
16.125	44.5	0.00301094120309096
16.375	44.5	0.00630730220204492
16.625	44.5	0.0116882676824049
16.875	44.5	0.0204271860431462
17.125	44.5	0.0345017673308067
17.375	44.5	0.0568668649947536
17.625	44.5	0.091651304380894
17.875	44.5	0.143964497061886
18.125	44.5	0.218729640280199
18.375	44.5	0.317988754481264
18.625	44.5	0.437323643895982
18.875	44.5	0.564496909686395
19.125	44.5	0.683612130431961
19.375	44.5	0.782529595419265
19.625	44.5	0.856944666630306
19.875	44.5	0.908966778443423
20.125	44.5	0.943537080006519
20.375	44.5	0.965755922329576
20.625	44.5	0.979735034717729
20.875	44.5	0.988413324175384
21.125	44.5	0.99375641420014
21.375	44.5	0.997029337693136
21.625	44.5	0.999027893883852
21.875	44.5	1.00024591009827
22.125	44.5	1.00098731591786
22.375	44.5	1.00143823851112
22.625	44.5	1.00171231944537
22.875	44.5	1.00187881680143
23.125	44.5	1.00197989262472
23.375	44.5	1.00204119649713
23.625	44.5	1.00207832614667
23.875	44.5	1.0021007643335
24.125	44.5	1.00211427531233
24.375	44.5	1.00212236266799
24.625	44.5	1.00212715581097
24.875	44.5	1.00212994891892
25.125	44.5	1.00213152853675
25.375	44.5	1.00213237269369
25.625	44.5	1.00213277192134
25.875	44.5	1.00213290280279
26.125	44.5	1.00213287267147
26.375	44.5	1.00213274677619
26.625	44.5	1.00213256479007
26.875	44.5	1.00213235084354
27.125	44.5	1.00213211962148
27.375	44.5	1.00213188006868
27.625	44.5	1.00213163764164
27.875	44.5	1.00213139567699
28.125	44.5	1.00213115622309
28.375	44.5	1.00213092054539
28.625	44.5	1.00213068943342
28.875	44.5	1.00213046338741
29.125	44.5	1.00213024273163
29.375	44.5	1.00213002768318
29.625	44.5	1.00212981839383
29.875	44.5	1.00212961497535
30.125	44.5	1.00212941751494
30.375	44.5	1.00212922608446
30.625	44.5	1.00212904074613
30.875	44.5	1.00212886155588
31.125	44.5	1.00212868856537
31.375	44.5	1.00212852182322
31.625	44.5	1.0021283613757
31.875	44.5	1.00212820726711
32.125	44.5	1.00212805954003
32.375	44.5	1.00212791823542
32.625	44.5	1.00212778339266
32.875	44.5	1.00212765504952
33.125	44.5	1.00212753324221
33.375	44.5	1.0021274180053
33.625	44.5	1.0021273093717
33.875	44.5	1.00212720737262
34.125	44.5	1.0021271120375
34.375	44.5	1.00212702339405
34.625	44.5	1.00212694146812
34.875	44.5	1.00212686628372
35.125	44.5	1.00212679786299
35.375	44.5	1.00212673622613
35.625	44.5	1.00212668139141
35.875	44.5	1.00212663337513
36.125	44.5	1.0021265921916
36.375	44.5	1.00212655785313
36.625	44.5	1.00212653036998
36.875	44.5	1.0021265097504
37.125	44.5	1.00212649600057
37.375	44.5	1.00212648912463
0.125	45.5	-0.00212591533686671
0.375	45.5	-0.00212592141198777
0.625	45.5	-0.00212593355865152
0.875	45.5	-0.00212595176970084
1.125	45.5	-0.00212597603439941
1.375	45.5	-0.00212600633843087
1.625	45.5	-0.00212604266389781
1.875	45.5	-0.00212608498932044
2.125	45.5	-0.00212613328963483
2.375	45.5	-0.002126187536191
2.625	45.5	-0.00212624769675044
2.875	45.5	-0.00212631373548323
3.125	45.5	-0.00212638561296473
3.375	45.5	-0.00212646328617153
3.625	45.5	-0.00212654670847669
3.875	45.5	-0.00212663582964395
4.125	45.5	-0.00212673059582056
4.375	45.5	-0.00212683094952825
4.625	45.5	-0.00212693682965134
4.875	45.5	-0.00212704817142063
5.125	45.5	-0.00212716490639077
5.375	45.5	-0.00212728696240732
5.625	45.5	-0.00212741426355727
5.875	45.5	-0.00212754673009312
6.125	45.5	-0.0021276842783137
6.375	45.5	-0.00212782682037475
6.625	45.5	-0.00212797426398439
6.875	45.5	-0.00212812651190998
7.125	45.5	-0.00212828346117559
7.375	45.5	-0.00212844500175078
7.625	45.5	-0.0021286110144039
7.875	45.5	-0.00212878136718094
8.125	45.5	-0.00212895590962436
8.375	45.5	-0.00212913446327383
8.625	45.5	-0.00212931680605042
8.875	45.5	-0.0021295026465771
9.125	45.5	-0.00212969158194133
9.375	45.5	-0.00212988302821293
9.625	45.5	-0.00213007610613317
9.875	45.5	-0.00213026945303996
10.125	45.5	-0.00213046091341781
10.375	45.5	-0.00213064702972807
10.625	45.5	-0.00213082220460525
10.875	45.5	-0.00213097732229291
11.125	45.5	-0.00213109748026814
11.375	45.5	-0.00213115825669726
11.625	45.5	-0.00213111956862992
11.875	45.5	-0.00213091556580669
12.125	45.5	-0.00213043800118144
12.375	45.5	-0.00212950886763525
12.625	45.5	-0.00212783537283118
12.875	45.5	-0.00212493585305713
13.125	45.5	-0.00212001787127436
13.375	45.5	-0.00211177764512466
13.625	45.5	-0.00209807005236673
13.875	45.5	-0.00207536574934995
14.125	45.5	-0.00203785819393286
14.375	45.5	-0.00197599515312479
14.625	45.5	-0.00187406473276659
14.875	45.5	-0.00170622976635329
15.125	45.5	-0.00143002017826257
15.375	45.5	-0.000975672697493915
15.625	45.5	-0.000228719007562381
15.875	45.5	0.000998316086612564
16.125	45.5	0.00301154670528217
16.375	45.5	0.00630830423494633
16.625	45.5	0.011689912443058
16.875	45.5	0.0204298613928002
17.125	45.5	0.0345060668820875
17.375	45.5	0.056873653484239
17.625	45.5	0.09166173644769
17.875	45.5	0.143979879010143
18.125	45.5	0.218750968585344
18.375	45.5	0.318015874258719
18.625	45.5	0.437354469690357
18.875	45.5	0.564527705851016
19.125	45.5	0.683639175825274
19.375	45.5	0.782550834474401
19.625	45.5	0.856959968025047
19.875	45.5	0.908977148412843
20.125	45.5	0.943543824926421
20.375	45.5	0.965760193011664
20.625	45.5	0.97973769159677
20.875	45.5	0.988414957370273
21.125	45.5	0.993757409087645
21.375	45.5	0.997029938819314
21.625	45.5	0.999028253797478
21.875	45.5	1.00024612298713
22.125	45.5	1.00098743957588
22.375	45.5	1.00143830826659
22.625	45.5	1.00171235684268
22.875	45.5	1.00187883495835
23.125	45.5	1.00197989951852
23.375	45.5	1.00204119697311
23.625	45.5	1.00207832314315
23.875	45.5	1.00210075962799
24.125	45.5	1.00211426997579
24.375	45.5	1.00212235734124
24.625	45.5	1.00212715087289
24.875	45.5	1.00212994458881
25.125	45.5	1.00213152493661
25.375	45.5	1.00213236988623
25.625	45.5	1.0021327699331
25.875	45.5	1.00213290163826
26.125	45.5	1.00213287232176
26.375	45.5	1.00213274722429
26.625	45.5	1.00213256601416
26.875	45.5	1.00213235281897
27.125	45.5	1.00213212232206
27.375	45.5	1.00213188346745
27.625	45.5	1.00213164171137
27.875	45.5	1.00213140039052
28.125	45.5	1.00213116155354
28.375	45.5	1.00213092646627
28.625	45.5	1.00213069591878
28.875	45.5	1.00213047041186
29.125	45.5	1.00213025027038
29.375	45.5	1.00213003571211
29.625	45.5	1.00212982688949
29.875	45.5	1.00212962391496
30.125	45.5	1.00212942687639
30.375	45.5	1.00212923584634
30.625	45.5	1.00212905088771
30.875	45.5	1.0021288720571
31.125	45.5	1.00212869940683
31.375	45.5	1.00212853298617
31.625	45.5	1.00212837284201
31.875	45.5	1.00212821901929
32.125	45.5	1.00212807156119
32.375	45.5	1.00212793050922
32.625	45.5	1.00212779590334
32.875	45.5	1.00212766778185
33.125	45.5	1.00212754618148
33.375	45.5	1.00212743113728
33.625	45.5	1.00212732268261
33.875	45.5	1.00212722084913
34.125	45.5	1.00212712566671
34.375	45.5	1.00212703716341
34.625	45.5	1.00212695536547
34.875	45.5	1.00212688029722
35.125	45.5	1.0021268119811
35.375	45.5	1.0021267504376
35.625	45.5	1.00212669568523
35.875	45.5	1.00212664774052
36.125	45.5	1.00212660661797
36.375	45.5	1.00212657233006
36.625	45.5	1.00212654488719
36.875	45.5	1.00212652429772
37.125	45.5	1.00212651056792
37.375	45.5	1.00212650370198
0.125	46.5	-0.00212590730358511
0.375	46.5	-0.0021259134010338
0.625	46.5	-0.00212592559240558
0.875	46.5	-0.00212594387064895
1.125	46.5	-0.00212596822518605
1.375	46.5	-0.00212599864191205
1.625	46.5	-0.00212603510319426
1.875	46.5	-0.00212607758787093
2.125	46.5	-0.00212612607124988
2.375	46.5	-0.00212618052510668
2.625	46.5	-0.00212624091768258
2.875	46.5	-0.00212630721368193
3.125	46.5	-0.0021263793742692
3.375	46.5	-0.00212645735706527
3.625	46.5	-0.00212654111614308
3.875	46.5	-0.0021266306020222
4.125	46.5	-0.00212672576166206
4.375	46.5	-0.00212682653845326
4.625	46.5	-0.00212693287220602
4.875	46.5	-0.00212704469913446
5.125	46.5	-0.00212716195183419
5.375	46.5	-0.00212728455924961
5.625	46.5	-0.00212741244662467
5.875	46.5	-0.002127545535427
6.125	46.5	-0.00212768374322873
6.375	46.5	-0.00212782698351699
6.625	46.5	-0.00212797516538911
6.875	46.5	-0.00212812819305914
7.125	46.5	-0.00212828596505463
7.375	46.5	-0.00212844837290473
7.625	46.5	-0.00212861529899224
7.875	46.5	-0.0021287866130312
8.125	46.5	-0.00212896216628375
8.375	46.5	-0.00212914178205859
8.625	46.5	-0.00212932524009196
8.875	46.5	-0.00212951225086419
9.125	46.5	-0.00212970241335666
9.375	46.5	-0.0021298951455622
9.625	46.5	-0.00213008957016342
9.875	46.5	-0.00213028432644243
10.125	46.5	-0.0021304772608076
10.375	46.5	-0.00213066491758859
10.625	46.5	-0.00213084170117793
10.875	46.5	-0.00213099849738065
11.125	46.5	-0.00213112040490127
11.375	46.5	-0.00213118300257842
11.625	46.5	-0.00213114620722117
11.875	46.5	-0.00213094416683503
12.125	46.5	-0.00213046863019602
12.375	46.5	-0.00212954158201438
12.625	46.5	-0.00212787021525172
12.875	46.5	-0.00212497284080479
13.125	46.5	-0.00212005697873245
13.375	46.5	-0.0021118187750685
13.625	46.5	-0.00209811298888214
13.875	46.5	-0.00207541008058251
14.125	46.5	-0.00203790318530874
14.375	46.5	-0.00197603953928374
14.625	46.5	-0.00187410637616671
14.875	46.5	-0.00170626509744584
15.125	46.5	-0.00143004327854295
15.375	46.5	-0.000975673800692164
15.625	46.5	-0.000228682058351872
15.875	46.5	0.00099841738542935
16.125	46.5	0.00301175522886825
16.375	46.5	0.00630868942008475
16.625	46.5	0.0116905855576612
16.875	46.5	0.0204309976681191
17.125	46.5	0.0345079343964146
17.375	46.5	0.056876642591213
17.625	46.5	0.0916663681457784
17.875	46.5	0.143986742476629
18.125	46.5	0.218760513002684
18.375	46.5	0.318028029490936
18.625	46.5	0.437368295305974
18.875	46.5	0.564541517788151
19.125	46.5	0.683651296716798
19.375	46.5	0.782560337685573
19.625	46.5	0.856966794299746
19.875	46.5	0.908981751443218
20.125	46.5	0.943546793925925
20.375	46.5	0.965762047212881
20.625	46.5	0.979738819366858
20.875	46.5	0.988415625173311
21.125	46.5	0.993757791006404
21.375	46.5	0.997030145358131
21.625	46.5	0.999028353904224
21.875	46.5	1.00024615923066
22.125	46.5	1.00098743806393
22.375	46.5	1.00143828493821
22.625	46.5	1.00171232139308
22.875	46.5	1.00187879326273
23.125	46.5	1.00197985512011
23.375	46.5	1.00204115199344
23.625	46.5	1.00207827883786
23.875	46.5	1.00210071672574
24.125	46.5	1.00211422888487
24.375	46.5	1.00212231827538
24.625	46.5	1.00212711392801
24.875	46.5	1.00212990978972
25.125	46.5	1.00213149226556
25.375	46.5	1.00213233930025
25.625	46.5	1.00213274137463
25.875	46.5	1.00213287504166
26.125	46.5	1.00213284761724
26.375	46.5	1.00213272434036
26.625	46.5	1.00213254487911
26.875	46.5	1.00213233336177
27.125	46.5	1.0021321044729
27.375	46.5	1.0021318671581
27.625	46.5	1.00213162687536
27.875	46.5	1.00213138696324
28.125	46.5	1.00213114947232
28.375	46.5	1.00213091567038
28.625	46.5	1.00213068634941
28.875	46.5	1.00213046201215
29.125	46.5	1.00213024298537
29.375	46.5	1.00213002948867
29.625	46.5	1.00212982167632
29.875	46.5	1.00212961966253
30.125	46.5	1.00212942353689
30.375	46.5	1.00212923337363
30.625	46.5	1.00212904923726
30.875	46.5	1.00212887118594
31.125	46.5	1.00212869927349
31.375	46.5	1.00212853355063
31.625	46.5	1.00212837406565
31.875	46.5	1.00212822086481
32.125	46.5	1.00212807399256
32.375	46.5	1.00212793349164
32.625	46.5	1.00212779940314
32.875	46.5	1.00212767176649
33.125	46.5	1.00212755061944
33.375	46.5	1.00212743599803
33.625	46.5	1.00212732793655
33.875	46.5	1.00212722646753
34.125	46.5	1.00212713162164
34.375	46.5	1.00212704342772
34.625	46.5	1.00212696191267
34.875	46.5	1.00212688710151
35.125	46.5	1.00212681901723
35.375	46.5	1.00212675768088
35.625	46.5	1.00212670311144
35.875	46.5	1.00212665532586
36.125	46.5	1.00212661433903
36.375	46.5	1.00212658016372
36.625	46.5	1.00212655281062
36.875	46.5	1.0021265322883
37.125	46.5	1.00212651860317
37.375	46.5	1.00212651175953
0.125	47.5	-0.00212590541784931
0.375	47.5	-0.0021259115490716
0.625	47.5	-0.00212592380806755
0.875	47.5	-0.00212594218793967
1.125	47.5	-0.0021259666783414
1.375	47.5	-0.00212599726547674
1.625	47.5	-0.00212603393209976
1.875	47.5	-0.00212607665751392
2.125	47.5	-0.0021261254175712
2.375	47.5	-0.00212618018467104
2.625	47.5	-0.00212624092775896
2.875	47.5	-0.00212630761232487
3.125	47.5	-0.002126380200401
3.375	47.5	-0.0021264586505592
3.625	47.5	-0.00212654291790772
3.875	47.5	-0.00212663295408689
4.125	47.5	-0.00212672870726365
4.375	47.5	-0.00212683012212412
4.625	47.5	-0.00212693713986346
4.875	47.5	-0.00212704969817149
5.125	47.5	-0.00212716773121184
5.375	47.5	-0.00212729116959069
5.625	47.5	-0.00212741994030908
5.875	47.5	-0.00212755396668855
6.125	47.5	-0.00212769316825355
6.375	47.5	-0.00212783746054351
6.625	47.5	-0.00212798675480952
6.875	47.5	-0.00212814095752237
7.125	47.5	-0.00212829996957078
7.375	47.5	-0.00212846368495083
7.625	47.5	-0.00212863198861938
7.875	47.5	-0.00212880475297273
8.125	47.5	-0.00212898183206459
8.375	47.5	-0.0021291630521054
8.625	47.5	-0.00212934819584402
8.875	47.5	-0.00212953697688479
9.125	47.5	-0.00212972899744484
9.375	47.5	-0.00212992367886463
9.625	47.5	-0.0021301201472863
9.875	47.5	-0.00213031704556345
10.125	47.5	-0.00213051222378822
10.375	47.5	-0.00213070223008723
10.625	47.5	-0.00213088147276568
10.875	47.5	-0.00213104084166236
11.125	47.5	-0.00213116543964719
11.375	47.5	-0.00213123084987586
11.625	47.5	-0.00213119699366234
11.875	47.5	-0.00213099802376918
12.125	47.5	-0.00213052569409361
12.375	47.5	-0.00212960199502434
12.625	47.5	-0.00212793412608884
12.875	47.5	-0.00212504040619785
13.125	47.5	-0.00212012836582057
13.375	47.5	-0.00211189416539489
13.625	47.5	-0.0020981925850716
13.875	47.5	-0.00207549411751626
14.125	47.5	-0.00203799194881934
14.375	47.5	-0.00197613339739806
14.625	47.5	-0.00187420583123881
14.875	47.5	-0.00170637087297643
15.125	47.5	-0.00143015646340049
15.375	47.5	-0.000975796087882905
15.625	47.5	-0.000228816138450479
15.875	47.5	0.000998267180587846
16.125	47.5	0.00301158188463594
16.375	47.5	0.00630848158369298
16.625	47.5	0.0116903249860896
16.875	47.5	0.0204306554993779
17.125	47.5	0.0345074662392097
17.375	47.5	0.0568759834481134
17.625	47.5	0.091665430794348
17.875	47.5	0.143985427757725
18.125	47.5	0.2187587448588
18.375	47.5	0.318025819364637
18.625	47.5	0.437365802162407
18.875	47.5	0.564539026994269
19.125	47.5	0.683649092487708
19.375	47.5	0.78255857661596
19.625	47.5	0.856965485968604
19.875	47.5	0.90898081902586
20.125	47.5	0.943546138261783
20.375	47.5	0.965761581383747
20.625	47.5	0.979738478714713
20.875	47.5	0.988415365581149
21.125	47.5	0.993757583806385
21.375	47.5	0.997029972435637
21.625	47.5	0.999028203988244
21.875	47.5	1.00024602535747
22.125	47.5	1.000987315933
22.375	47.5	1.00143817187806
22.625	47.5	1.00171221572231
22.875	47.5	1.00187869389953
23.125	47.5	1.00197976134524
23.375	47.5	1.00204106330715
23.625	47.5	1.00207819487372
23.875	47.5	1.00210063719892
24.125	47.5	1.00211415356111
24.375	47.5	1.00212224695247
24.625	47.5	1.00212704642466
24.875	47.5	1.002129845939
25.125	47.5	1.00213143191086
25.375	47.5	1.00213228229298
25.625	47.5	1.00213268757273
25.875	47.5	1.00213282430874
26.125	47.5	1.00213279982201
26.375	47.5	1.0021326793563
26.625	47.5	1.00213250258419
26.875	47.5	1.00213229363827
27.125	47.5	1.00213206720726
27.375	47.5	1.00213183224081
27.625	47.5	1.0021315942008
27.875	47.5	1.0021313564296
28.125	47.5	1.00213112098145
28.375	47.5	1.00213088912772
28.625	47.5	1.00213066166387
28.875	47.5	1.00213043909596
29.125	47.5	1.002130221754
29.375	47.5	1.00213000986072
29.625	47.5	1.0021298035734
29.875	47.5	1.00212960300915
30.125	47.5	1.00212940826034
30.375	47.5	1.0021292194039
30.625	47.5	1.0021290365069
30.875	47.5	1.00212885962997
31.125	47.5	1.00212868882929
31.375	47.5	1.00212852415785
31.625	47.5	1.00212836566607
31.875	47.5	1.00212821340226
32.125	47.5	1.00212806741284
32.375	47.5	1.0021279277424
32.625	47.5	1.00212779443379
32.875	47.5	1.00212766752808
33.125	47.5	1.00212754706461
33.375	47.5	1.00212743308089
33.625	47.5	1.00212732561259
33.875	47.5	1.00212722469353
34.125	47.5	1.0021271303556
34.375	47.5	1.00212704262875
34.625	47.5	1.00212696154093
34.875	47.5	1.00212688711809
35.125	47.5	1.00212681938411
35.375	47.5	1.0021267583608
35.625	47.5	1.00212670406787
35.875	47.5	1.00212665652288
36.125	47.5	1.00212661574125
36.375	47.5	1.00212658173625
36.625	47.5	1.00212655451893
36.875	47.5	1.00212653409817
37.125	47.5	1.00212652048062
37.375	47.5	1.00212651367074
0.125	48.5	-0.00212590911615108
0.375	48.5	-0.00212591529132221
0.625	48.5	-0.00212592763831542
0.875	48.5	-0.00212594615043254
1.125	48.5	-0.00212597081762639
1.375	48.5	-0.00212600162650087
1.625	48.5	-0.00212603856031113
1.875	48.5	-0.00212608159896365
2.125	48.5	-0.00212613071901635
2.375	48.5	-0.0021261858936786
2.625	48.5	-0.00212624709281115
2.875	48.5	-0.0021263142829258
3.125	48.5	-0.00212638742718494
3.375	48.5	-0.00212646648540064
3.625	48.5	-0.00212655141403317
3.875	48.5	-0.00212664216618888
4.125	48.5	-0.0021267386916168
4.375	48.5	-0.00212684093670361
4.625	48.5	-0.002126948844466
4.875	48.5	-0.00212706235453889
5.125	48.5	-0.00212718140315739
5.375	48.5	-0.00212730592312844
5.625	48.5	-0.00212743584378618
5.875	48.5	-0.00212757109092082
6.125	48.5	-0.00212771158666436
6.375	48.5	-0.00212785724930604
6.625	48.5	-0.00212800799299269
6.875	48.5	-0.00212816372724041
7.125	48.5	-0.00212832435613658
7.375	48.5	-0.00212848977703328
7.625	48.5	-0.00212865987840469
7.875	48.5	-0.00212883453633001
8.125	48.5	-0.00212901360871579
8.375	48.5	-0.00212919692579988
8.625	48.5	-0.00212938427453821
8.875	48.5	-0.00212957537292749
9.125	48.5	-0.0021297698277692
9.375	48.5	-0.00212996706518848
9.625	48.5	-0.00213016621632359
9.875	48.5	-0.00213036592925135
10.125	48.5	-0.0021305640595375
10.375	48.5	-0.00213075716106863
10.625	48.5	-0.00213093964825318
10.875	48.5	-0.00213110241746817
11.125	48.5	-0.00213123057870609
11.375	48.5	-0.00213129972307427
11.625	48.5	-0.00213126978106995
11.875	48.5	-0.00213107491653395
12.125	48.5	-0.00213060689743142
12.375	48.5	-0.00212968773301567
12.625	48.5	-0.00212802464945925
12.875	48.5	-0.00212513600502525
13.125	48.5	-0.00212022939037677
13.375	48.5	-0.00211200106041468
13.625	48.5	-0.00209830594618105
13.875	48.5	-0.00207561478421775
14.125	48.5	-0.00203812115775704
14.375	48.5	-0.00197627303495771
14.625	48.5	-0.00187435884967892
14.875	48.5	-0.00170654197537677
15.125	48.5	-0.00143035322947077
15.375	48.5	-0.000976030820079002
15.625	48.5	-0.00022910887780401
15.875	48.5	0.00099788375830381
16.125	48.5	0.00301105460148569
16.375	48.5	0.00630772433512801
16.625	48.5	0.0116891996979992
16.875	48.5	0.0204289444679357
17.125	48.5	0.0345048359451863
17.375	48.5	0.0568719475417207
17.625	48.5	0.0916593392189971
17.875	48.5	0.14397654434646
18.125	48.5	0.218746507431775
18.375	48.5	0.318010314774725
18.625	48.5	0.437348206726479
18.875	48.5	0.564521448658032
19.125	48.5	0.683633630826141
19.375	48.5	0.782546390700541
19.625	48.5	0.856956649061665
19.875	48.5	0.908974763321999
20.125	48.5	0.943542127555303
20.375	48.5	0.96575896782547
20.625	48.5	0.979736778433873
20.875	48.5	0.988414247070637
21.125	48.5	0.993756830792385
21.375	48.5	0.997029447793712
21.625	48.5	0.999027822221184
21.875	48.5	1.00024573366736
22.125	48.5	1.00098708187881
22.375	48.5	1.00143797556266
22.625	48.5	1.00171204493108
22.875	48.5	1.00187854110621
23.125	48.5	1.00197962187928
23.375	48.5	1.00204093423608
23.625	48.5	1.0020780743232
23.875	48.5	1.00210052393967
24.125	48.5	1.00211404675814
24.375	48.5	1.00212214601293
24.625	48.5	1.00212695090558
24.875	48.5	1.00212975549119
25.125	48.5	1.00213134624498
25.375	48.5	1.00213220115877
25.625	48.5	1.00213261074646
25.875	48.5	1.00213275158542
26.125	48.5	1.00213273101068
26.375	48.5	1.00213261427704
26.625	48.5	1.00213244106623
26.875	48.5	1.00213223551879
27.125	48.5	1.00213201233055
27.375	48.5	1.00213178045767
27.625	48.5	1.00213154536815
27.875	48.5	1.0021313104101
28.125	48.5	1.00213107764324
28.375	48.5	1.00213084834415
28.625	48.5	1.00213062331327
28.875	48.5	1.00213040306148
29.125	48.5	1.00213018792334
29.375	48.5	1.00212997812598
29.625	48.5	1.00212977383088
29.875	48.5	1.00212957515918
30.125	48.5	1.00212938220711
30.375	48.5	1.00212919505526
30.625	48.5	1.00212901377423
30.875	48.5	1.002128838428
31.125	48.5	1.00212866907595
31.375	48.5	1.0021285057741
31.625	48.5	1.00212834857578
31.875	48.5	1.00212819753205
32.125	48.5	1.00212805269193
32.375	48.5	1.00212791410247
32.625	48.5	1.00212778180887
32.875	48.5	1.00212765585439
33.125	48.5	1.00212753628044
33.375	48.5	1.00212742312647
33.625	48.5	1.00212731642998
33.875	48.5	1.00212721622649
34.125	48.5	1.00212712254947
34.375	48.5	1.00212703543032
34.625	48.5	1.00212695489837
34.875	48.5	1.00212688098078
35.125	48.5	1.00212681370258
35.375	48.5	1.0021267530866
35.625	48.5	1.00212669915345
35.875	48.5	1.00212665192152
36.125	48.5	1.00212661140692
36.375	48.5	1.00212657762353
36.625	48.5	1.0021265505829
36.875	48.5	1.00212653029431
37.125	48.5	1.00212651676471
37.375	48.5	1.00212650999875
0.125	49.5	-0.00212591766613041
0.375	49.5	-0.00212592389377816
0.625	49.5	-0.00212593634584422
0.875	49.5	-0.00212595501586986
1.125	49.5	-0.00212597989416761
1.375	49.5	-0.00212601096782201
1.625	49.5	-0.00212604822069066
1.875	49.5	-0.00212609163340541
2.125	49.5	-0.00212614118337378
2.375	49.5	-0.00212619684478055
2.625	49.5	-0.00212625858858942
2.875	49.5	-0.00212632638254475
3.125	49.5	-0.00212640019117328
3.375	49.5	-0.00212647997578567
3.625	49.5	-0.00212656569447781
3.875	49.5	-0.00212665730213156
4.125	49.5	-0.00212675475041452
4.375	49.5	-0.00212685798777848
4.625	49.5	-0.00212696695945536
4.875	49.5	-0.00212708160744941
5.125	49.5	-0.00212720187052329
5.375	49.5	-0.00212732768417411
5.625	49.5	-0.00212745898059354
5.875	49.5	-0.0021275956886015
6.125	49.5	-0.00212773773353717
6.375	49.5	-0.00212788503707986
6.625	49.5	-0.00212803751695515
6.875	49.5	-0.00212819508645252
7.125	49.5	-0.0021283576536338
7.375	49.5	-0.0021285251200332
7.625	49.5	-0.00212869737852174
7.875	49.5	-0.00212887430979767
8.125	49.5	-0.00212905577661671
8.375	49.5	-0.00212924161430476
8.625	49.5	-0.00212943161515429
8.875	49.5	-0.00212962550275804
9.125	49.5	-0.00212982288978626
9.375	49.5	-0.00213002320852214
9.625	49.5	-0.00213022559657323
9.875	49.5	-0.00213042870882751
10.125	49.5	-0.00213063040804869
10.375	49.5	-0.00213082725577629
10.625	49.5	-0.00213101367463327
10.875	49.5	-0.00213118056994229
11.125	49.5	-0.00213131306164644
11.375	49.5	-0.00213138675225374
11.625	49.5	-0.00213136158584054
11.875	49.5	-0.00213117174320032
12.125	49.5	-0.0021307090145898
12.375	49.5	-0.00212979544012883
12.625	49.5	-0.00212813829076352
12.875	49.5	-0.00212525599222659
13.125	49.5	-0.00212035623983688
13.375	49.5	-0.00211213545422646
13.625	49.5	-0.00209844883262597
13.875	49.5	-0.00207576754313083
14.125	49.5	-0.00203828587283078
14.375	49.5	-0.00197645294213372
14.625	49.5	-0.00187455907522866
14.875	49.5	-0.00170677074988823
15.125	49.5	-0.00143062388188598
15.375	49.5	-0.000976365045594912
15.625	49.5	-0.000229542073480697
15.875	49.5	0.000997293835409729
16.125	49.5	0.00301021392798429
16.375	49.5	0.00630648066862316
16.625	49.5	0.01168730894242
16.875	49.5	0.0204260218359006
17.125	49.5	0.0345002920921427
17.375	49.5	0.0568649232753402
17.625	49.5	0.0916486864030504
17.875	49.5	0.143960963013446
18.125	49.5	0.218725004995429
18.375	49.5	0.317983044495118
18.625	49.5	0.437317244965239
18.875	49.5	0.564490516326394
19.125	49.5	0.683606434432886
19.375	49.5	0.78252497693164
19.625	49.5	0.856941147784017
19.875	49.5	0.908964172259355
20.125	49.5	0.943535146666513
20.375	49.5	0.965754452770161
20.625	49.5	0.97973387428626
20.875	49.5	0.988412367950937
21.125	49.5	0.993755594376759
21.375	49.5	0.997028611622883
21.625	49.5	0.999027235100019
21.875	49.5	1.00024530222808
22.125	49.5	1.00098674876953
22.375	49.5	1.00143770563484
22.625	49.5	1.00171181664124
22.875	49.5	1.00187834121785
23.125	49.5	1.00197944221804
23.375	49.5	1.00204076970989
23.625	49.5	1.00207792171696
23.875	49.5	1.0021003811824
24.125	49.5	1.00211391247778
24.375	49.5	1.00212201926601
24.625	49.5	1.00212683101297
24.875	49.5	1.00212964193841
25.125	49.5	1.00213123862153
25.375	49.5	1.0021320991212
25.625	49.5	1.00213251399583
25.875	49.5	1.00213265985353
26.125	49.5	1.00213264405151
26.375	49.5	1.00213253186145
26.625	49.5	1.00213236297864
26.875	49.5	1.00213216155496
27.125	49.5	1.0021319422962
27.375	49.5	1.00213171416745
27.625	49.5	1.0021314826449
27.875	49.5	1.00213125108432
28.125	49.5	1.00213102155262
28.375	49.5	1.00213079533317
28.625	49.5	1.00213057323289
28.875	49.5	1.00213035576879
29.125	49.5	1.00213014328133
29.375	49.5	1.00212993600322
29.625	49.5	1.00212973410126
29.875	49.5	1.00212953770168
30.125	49.5	1.00212934690557
30.375	49.5	1.00212916179812
30.625	49.5	1.00212898245432
30.875	49.5	1.00212880894234
31.125	49.5	1.00212864132554
31.375	49.5	1.0021284796637
31.625	49.5	1.00212832401373
31.875	49.5	1.00212817443008
32.125	49.5	1.00212803096496
32.375	49.5	1.00212789366848
32.625	49.5	1.00212776258866
32.875	49.5	1.00212763777148
33.125	49.5	1.00212751926085
33.375	49.5	1.00212740709861
33.625	49.5	1.00212730132448
33.875	49.5	1.00212720197601
34.125	49.5	1.00212710908861
34.375	49.5	1.00212702269546
34.625	49.5	1.0021269428275
34.875	49.5	1.00212686951342
35.125	49.5	1.00212680277959
35.375	49.5	1.00212674265008
35.625	49.5	1.0021266891466
35.875	49.5	1.00212664228852
36.125	49.5	1.00212660209281
36.375	49.5	1.00212656857404
36.625	49.5	1.0021265417444
36.875	49.5	1.00212652161362
37.125	49.5	1.00212650818904
37.375	49.5	1.00212650147552
0.125	50.5	-0.00212593019383144
0.375	50.5	-0.00212593648050168
0.625	50.5	-0.00212594905074874
0.875	50.5	-0.0021259678983862
1.125	50.5	-0.00212599301413575
1.375	50.5	-0.00212602438562879
1.625	50.5	-0.00212606199740856
1.875	50.5	-0.00212610583093276
2.125	50.5	-0.00212615586457666
2.375	50.5	-0.00212621207363661
2.625	50.5	-0.00212627443033402
2.875	50.5	-0.00212634290381964
3.125	50.5	-0.00212641746017813
3.375	50.5	-0.00212649806243278
3.625	50.5	-0.00212658467055028
3.875	50.5	-0.00212667724144525
4.125	50.5	-0.00212677572898417
4.375	50.5	-0.00212688008398823
4.625	50.5	-0.00212699025423406
4.875	50.5	-0.0021271061844511
5.125	50.5	-0.00212722781631314
5.375	50.5	-0.00212735508842026
5.625	50.5	-0.0021274879362651
5.875	50.5	-0.00212762629217327
6.125	50.5	-0.00212777008520132
6.375	50.5	-0.00212791924096511
6.625	50.5	-0.00212807368135379
6.875	50.5	-0.00212823332405584
7.125	50.5	-0.00212839808177632
7.375	50.5	-0.00212856786094632
7.625	50.5	-0.00212874255959737
7.875	50.5	-0.00212892206386252
8.125	50.5	-0.00212910624221825
8.375	50.5	-0.00212929493600969
8.625	50.5	-0.00212948794386125
8.875	50.5	-0.00212968499602658
9.125	50.5	-0.00212988571218522
9.375	50.5	-0.00213008953200236
9.625	50.5	-0.00213029560087216
9.875	50.5	-0.00213050258191811
10.125	50.5	-0.00213070834665228
10.375	50.5	-0.0021309094659718
10.625	50.5	-0.00213110037261567
10.875	50.5	-0.00213127198301713
11.125	50.5	-0.00213140942960319
11.375	50.5	-0.00213148832935323
11.625	50.5	-0.00213146864380382
11.875	50.5	-0.00213128457583769
12.125	50.5	-0.0021308279451227
12.375	50.5	-0.0021299208329407
12.625	50.5	-0.00212827057044158
12.875	50.5	-0.00212539567461344
13.125	50.5	-0.00212050398287076
13.375	50.5	-0.00211229214139178
13.625	50.5	-0.00209861571014135
13.875	50.5	-0.00207594644567604
14.125	50.5	-0.00203847959510461
14.375	50.5	-0.00197666585047885
14.625	50.5	-0.00187479811411332
14.875	50.5	-0.0017070470969358
15.125	50.5	-0.00143095566574468
15.375	50.5	-0.000976781799209583
15.625	50.5	-0.000230092003844505
15.875	50.5	0.000996532052353308
16.125	50.5	0.00300911220536394
16.375	50.5	0.0063048316101212
16.625	50.5	0.01168478003807
16.875	50.5	0.0204220889602174
17.125	50.5	0.0344941525455311
17.375	50.5	0.0568554068932925
17.625	50.5	0.0916342295670066
17.875	50.5	0.143939795340257
18.125	50.5	0.218695774560049
18.375	50.5	0.317945959449448
18.625	50.5	0.437275132012332
18.875	50.5	0.564448441901178
19.125	50.5	0.683569446120705
19.375	50.5	0.782495862593119
19.625	50.5	0.856920084944905
19.875	50.5	0.908949796301239
20.125	50.5	0.943525687101924
20.375	50.5	0.965748350945244
20.625	50.5	0.979729965620721
20.875	50.5	0.988409854281824
21.125	50.5	0.993753954805384
21.375	50.5	0.997027515783907
21.625	50.5	0.999026476969782
21.875	50.5	1.00024475457932
22.125	50.5	1.00098633345776
22.375	50.5	1.00143737477912
22.625	50.5	1.0017115409078
22.875	50.5	1.00187810259939
23.125	50.5	1.00197922961077
23.375	50.5	1.00204057621431
23.625	50.5	1.00207774299407
23.875	50.5	1.00210021445421
24.125	50.5	1.00211375591983
24.375	50.5	1.00212187163836
24.625	50.5	1.00212669143605
24.875	50.5	1.00212950975673
25.125	50.5	1.00213111332079
25.375	50.5	1.00213198027784
25.625	50.5	1.00213240124617
25.875	50.5	1.00213255287481
26.125	50.5	1.00213254255028
26.375	50.5	1.00213243556627
26.625	50.5	1.00213227163546
26.875	50.5	1.00213207492419
27.125	50.5	1.00213186015069
27.375	50.5	1.00213163629115
27.625	50.5	1.00213140883186
27.875	50.5	1.00213118113794
28.125	50.5	1.00213095528503
28.375	50.5	1.00213073256476
28.625	50.5	1.0021305137918
28.875	50.5	1.00213029949055
29.125	50.5	1.00213009000846
29.375	50.5	1.0021298855849
29.625	50.5	1.00212968639301
29.875	50.5	1.00212949256504
30.125	50.5	1.00212930420776
30.375	50.5	1.00212912141184
30.625	50.5	1.0021289442574
30.875	50.5	1.00212877281751
31.125	50.5	1.00212860716016
31.375	50.5	1.00212844734954
31.625	50.5	1.00212829344672
31.875	50.5	1.00212814551008
32.125	50.5	1.00212800359555
32.375	50.5	1.00212786775674
32.625	50.5	1.00212773804496
32.875	50.5	1.00212761450931
33.125	50.5	1.00212749719661
33.375	50.5	1.0021273861514
33.625	50.5	1.00212728141595
33.875	50.5	1.0021271830302
34.125	50.5	1.00212709103174
34.375	50.5	1.00212700545579
34.625	50.5	1.00212692633515
34.875	50.5	1.00212685370023
35.125	50.5	1.00212678757896
35.375	50.5	1.0021267279968
35.625	50.5	1.00212667497673
35.875	50.5	1.00212662853923
36.125	50.5	1.00212658870223
36.375	50.5	1.00212655548114
36.625	50.5	1.00212652888882
36.875	50.5	1.00212650893556
37.125	50.5	1.00212649562909
37.375	50.5	1.00212648897456
0.125	51.5	-0.00212594571654335
0.375	51.5	-0.00212595206652526
0.625	51.5	-0.00212596476354346
0.875	51.5	-0.00212598380170752
1.125	51.5	-0.00212600917218392
1.375	51.5	-0.00212604086319865
1.625	51.5	-0.00212607886004062
1.875	51.5	-0.002126123145066
2.125	51.5	-0.00212617369770326
2.375	51.5	-0.00212623049445906
2.625	51.5	-0.00212629350892486
2.875	51.5	-0.00212636271178429
3.125	51.5	-0.00212643807082108
3.375	51.5	-0.00212651955092761
3.625	51.5	-0.00212660711411377
3.875	51.5	-0.00212670071951604
4.125	51.5	-0.0021268003234064
4.375	51.5	-0.00212690587920049
4.625	51.5	-0.00212701733746414
4.875	51.5	-0.00212713464591698
5.125	51.5	-0.00212725774943055
5.375	51.5	-0.00212738659001751
5.625	51.5	-0.00212752110680547
5.875	51.5	-0.00212766123598554
6.125	51.5	-0.00212780691071898
6.375	51.5	-0.00212795806097482
6.625	51.5	-0.0021281146132536
6.875	51.5	-0.00212827649012392
7.125	51.5	-0.00212844360945077
7.375	51.5	-0.0021286158831168
7.625	51.5	-0.00212879321490948
7.875	51.5	-0.00212897549703578
8.125	51.5	-0.00212916260437883
8.375	51.5	-0.00212935438503949
8.625	51.5	-0.00212955064476509
8.875	51.5	-0.00212975112132037
9.125	51.5	-0.00212995544230907
9.375	51.5	-0.00213016305576469
9.625	51.5	-0.00213037311593431
9.875	51.5	-0.0021305842953344
10.125	51.5	-0.00213079447548985
10.375	51.5	-0.00213100023804931
10.625	51.5	-0.00213119602742514
10.875	51.5	-0.00213137277293382
11.125	51.5	-0.00213151562155614
11.375	51.5	-0.00213160020724029
11.625	51.5	-0.00213158651211835
11.875	51.5	-0.0021314087652769
12.125	51.5	-0.00213095882144643
12.375	51.5	-0.00213005881117159
12.625	51.5	-0.00212841613785408
12.875	51.5	-0.0021255494281936
13.125	51.5	-0.00212066669061253
13.375	51.5	-0.00211246484286412
13.625	51.5	-0.00209879988175651
13.875	51.5	-0.00207614427254276
14.125	51.5	-0.00203869441841259
14.375	51.5	-0.00197690290380994
14.625	51.5	-0.00187506573492637
14.875	51.5	-0.00170735871845369
15.125	51.5	-0.00143133308767148
15.375	51.5	-0.000977260546388735
15.625	51.5	-0.000230730073372661
15.875	51.5	0.000995640000125478
16.125	51.5	0.00300781205799588
16.375	51.5	0.00630287383402092
16.625	51.5	0.0116817645758866
16.875	51.5	0.0204173852300805
17.125	51.5	0.0344867948302905
17.375	51.5	0.0568439873975335
17.625	51.5	0.0916168671184144
17.875	51.5	0.143914359887408
18.125	51.5	0.218660639168217
18.375	51.5	0.31790137360656
18.625	51.5	0.437224495331767
18.875	51.5	0.564397849206274
19.125	51.5	0.683524970722138
19.375	51.5	0.782460859769736
19.625	51.5	0.856894769219652
19.875	51.5	0.908932526238568
20.125	51.5	0.943514332521182
20.375	51.5	0.965741036335762
20.625	51.5	0.979725289560075
20.875	51.5	0.988406856232551
21.125	51.5	0.993752007871144
21.375	51.5	0.997026222357734
21.625	51.5	0.999025589086995
21.875	51.5	1.00024411911034
22.125	51.5	1.00098585635011
22.375	51.5	1.00143699840878
22.625	51.5	1.00171122997789
22.875	51.5	1.00187783544914
23.125	51.5	1.00197899289156
23.375	51.5	1.00204036164015
23.625	51.5	1.00207754536274
23.875	51.5	1.00210003044364
24.125	51.5	1.00211358335664
24.375	51.5	1.00212170905332
24.625	51.5	1.00212653779406
24.875	51.5	1.00212936429258
25.125	51.5	1.00213097543928
25.375	51.5	1.00213184949286
25.625	51.5	1.00213227714346
25.875	51.5	1.00213243508917
26.125	51.5	1.0021324307514
26.375	51.5	1.00213232944996
26.625	51.5	1.00213217091807
26.875	51.5	1.00213197933899
27.125	51.5	1.00213176944549
27.375	51.5	1.00213155022661
27.625	51.5	1.00213132718032
27.875	51.5	1.00213110368245
28.125	51.5	1.00213088181867
28.375	51.5	1.00213066288997
28.625	51.5	1.00213044771989
28.875	51.5	1.00213023684118
29.125	51.5	1.00213003060921
29.375	51.5	1.00212982927087
29.625	51.5	1.00212963300639
29.875	51.5	1.00212944195478
30.125	51.5	1.00212925622924
30.375	51.5	1.00212907592647
30.625	51.5	1.00212890113237
30.875	51.5	1.00212873192545
31.125	51.5	1.00212856837886
31.375	51.5	1.00212841056167
31.625	51.5	1.00212825853954
31.875	51.5	1.00212811237522
32.125	51.5	1.00212797212875
32.375	51.5	1.00212783785757
32.625	51.5	1.00212770961666
32.875	51.5	1.00212758745851
33.125	51.5	1.00212747143313
33.375	51.5	1.00212736158807
33.625	51.5	1.00212725796838
33.875	51.5	1.00212716061658
34.125	51.5	1.00212706957267
34.375	51.5	1.0021269848741
34.625	51.5	1.00212690655571
34.875	51.5	1.00212683464977
35.125	51.5	1.00212676918591
35.375	51.5	1.00212671019113
35.625	51.5	1.00212665768978
35.875	51.5	1.00212661170353
36.125	51.5	1.00212657225138
36.375	51.5	1.00212653934964
36.625	51.5	1.00212651301191
36.875	51.5	1.00212649324907
37.125	51.5	1.0021264800693
37.375	51.5	1.00212647347806
0.125	52.5	-0.00212596318024368
0.375	52.5	-0.00212596959537108
0.625	52.5	-0.00212598242283446
0.875	52.5	-0.00212600165705215
1.125	52.5	-0.00212602728965465
1.375	52.5	-0.00212605930948837
1.625	52.5	-0.00212609770262052
1.875	52.5	-0.00212614245234522
2.125	52.5	-0.00212619353919082
2.375	52.5	-0.00212625094092838
2.625	52.5	-0.00212631463258126
2.875	52.5	-0.00212638458643594
3.125	52.5	-0.00212646077205368
3.375	52.5	-0.00212654315628338
3.625	52.5	-0.00212663170327503
3.875	52.5	-0.00212672637449398
4.125	52.5	-0.00212682712873533
4.375	52.5	-0.00212693392213821
4.625	52.5	-0.00212704670819881
4.875	52.5	-0.00212716543778101
5.125	52.5	-0.00212729005912215
5.375	52.5	-0.00212742051783032
5.625	52.5	-0.00212755675686689
5.875	52.5	-0.00212769871650443
6.125	52.5	-0.00212784633424333
6.375	52.5	-0.00212799954465995
6.625	52.5	-0.00212815827914184
6.875	52.5	-0.00212832246543629
7.125	52.5	-0.00212849202689161
7.375	52.5	-0.00212866688119226
7.625	52.5	-0.0021288469382608
7.875	52.5	-0.00212903209678858
8.125	52.5	-0.0021292222385098
8.375	52.5	-0.0021294172187622
8.625	52.5	-0.00212961685093725
8.875	52.5	-0.00212982088087573
9.125	52.5	-0.00213002894471857
9.375	52.5	-0.00213024049953377
9.625	52.5	-0.00213045470914712
9.875	52.5	-0.0021306702562619
10.125	52.5	-0.00213088503328877
10.375	52.5	-0.00213109563359607
10.625	52.5	-0.00213129651435609
10.875	52.5	-0.00213147861900904
11.125	52.5	-0.00213162711053869
11.375	52.5	-0.00213171764160673
11.625	52.5	-0.00213171021712026
11.875	52.5	-0.00213153909520898
12.125	52.5	-0.00213109616953125
12.375	52.5	-0.00213020362538453
12.625	52.5	-0.00212856894651792
12.875	52.5	-0.00212571088165479
13.125	52.5	-0.00212083762940146
13.375	52.5	-0.00211264640948177
13.625	52.5	-0.00209899370432941
13.875	52.5	-0.00207635276685934
14.125	52.5	-0.00203892128490355
14.375	52.5	-0.00197715394539089
14.625	52.5	-0.00187535020251095
14.875	52.5	-0.00170769152305419
15.125	52.5	-0.00143173843251577
15.375	52.5	-0.000977777877435397
15.625	52.5	-0.000231423792212989
15.875	52.5	0.000994664778798768
16.125	52.5	0.00300638420245624
16.375	52.5	0.00630071625708752
16.625	52.5	0.0116784330514464
16.875	52.5	0.0204121795623904
17.125	52.5	0.0344786426915041
17.375	52.5	0.0568313255582179
17.625	52.5	0.0915976066301329
17.875	52.5	0.143886135224524
18.125	52.5	0.218621643043692
18.375	52.5	0.317851881844346
18.625	52.5	0.437168281717729
18.875	52.5	0.564341681406946
19.125	52.5	0.683475594005936
19.375	52.5	0.782422001757827
19.625	52.5	0.856866669317317
19.875	52.5	0.908913362043798
20.125	52.5	0.943501738361216
20.375	52.5	0.965732929151166
20.625	52.5	0.979720112756295
20.875	52.5	0.988403542876998
21.125	52.5	0.993749861608626
21.375	52.5	0.997024801516625
21.625	52.5	0.999024618216338
21.875	52.5	1.00024342810386
22.125	52.5	1.00098534072757
22.375	52.5	1.00143659415816
22.625	52.5	1.00171089789135
22.875	52.5	1.00187755146864
23.125	52.5	1.00197874219451
23.375	52.5	1.00204013502945
23.625	52.5	1.00207733706829
23.875	52.5	1.00209983678501
24.125	52.5	1.00211340193028
24.375	52.5	1.00212153823864
24.625	52.5	1.00212637645321
24.875	52.5	1.00212921158795
25.125	52.5	1.00213083072238
25.375	52.5	1.00213171223656
25.625	52.5	1.0021321469006
25.875	52.5	1.00213231146708
26.125	52.5	1.0021323133962
26.375	52.5	1.00213221803671
26.625	52.5	1.00213206514454
26.875	52.5	1.00213187892163
27.125	52.5	1.00213167411672
27.375	52.5	1.00213145973294
27.625	52.5	1.00213124128103
27.875	52.5	1.00213102214852
28.125	52.5	1.00213080443195
28.375	52.5	1.0021305894425
28.625	52.5	1.00213037801327
28.875	52.5	1.00213017068605
29.125	52.5	1.00212996782473
29.375	52.5	1.00212976968427
29.625	52.5	1.00212957645256
29.875	52.5	1.00212938827582
30.125	52.5	1.00212920527411
30.375	52.5	1.0021290275506
30.625	52.5	1.00212885519734
30.875	52.5	1.00212868829861
31.125	52.5	1.00212852693307
31.375	52.5	1.00212837117495
31.625	52.5	1.0021282210948
31.875	52.5	1.00212807675997
32.125	52.5	1.00212793823483
32.375	52.5	1.00212780558092
32.625	52.5	1.00212767885704
32.875	52.5	1.00212755811926
33.125	52.5	1.00212744342098
33.375	52.5	1.00212733481287
33.625	52.5	1.00212723234292
33.875	52.5	1.00212713605637
34.125	52.5	1.00212704599574
34.375	52.5	1.00212696220081
34.625	52.5	1.00212688470856
34.875	52.5	1.00212681355322
35.125	52.5	1.00212674876618
35.375	52.5	1.00212669037606
35.625	52.5	1.00212663840863
35.875	52.5	1.00212659288684
36.125	52.5	1.00212655383077
36.375	52.5	1.00212652125768
36.625	52.5	1.00212649518193
36.875	52.5	1.00212647561504
37.125	52.5	1.00212646256565
37.375	52.5	1.00212645603952
0.125	53.5	-0.00212598150038253
0.375	53.5	-0.00212598797992573
0.625	53.5	-0.00212600093637519
0.875	53.5	-0.00212602036445862
1.125	53.5	-0.00212604625627153
1.375	53.5	-0.00212607860128217
1.625	53.5	-0.00212611738633791
1.875	53.5	-0.00212616259567335
2.125	53.5	-0.00212621421091998
2.375	53.5	-0.00212627221111736
2.625	53.5	-0.00212633657272598
2.875	53.5	-0.00212640726964159
3.125	53.5	-0.00212648427321097
3.375	53.5	-0.00212656755224922
3.625	53.5	-0.00212665707305822
3.875	53.5	-0.00212675279944628
4.125	53.5	-0.00212685469274856
4.375	53.5	-0.00212696271184766
4.625	53.5	-0.00212707681319376
4.875	53.5	-0.00212719695082274
5.125	53.5	-0.00212732307637008
5.375	53.5	-0.00212745513907689
5.625	53.5	-0.00212759308578184
5.875	53.5	-0.00212773686088911
6.125	53.5	-0.00212788640629575
6.375	53.5	-0.00212804166125141
6.625	53.5	-0.00212820256210578
6.875	53.5	-0.00212836904187033
7.125	53.5	-0.00212854102947371
7.375	53.5	-0.00212871844851191
7.625	53.5	-0.00212890121516648
7.875	53.5	-0.00212908923475273
8.125	53.5	-0.00212928239601286
8.375	53.5	-0.00212948056169772
8.625	53.5	-0.00212968355304049
8.875	53.5	-0.00212989112417928
9.125	53.5	-0.00213010292003993
9.375	53.5	-0.00213031840700228
9.625	53.5	-0.00213053675878163
9.875	53.5	-0.00213075666861698
10.125	53.5	-0.00213097604019806
10.375	53.5	-0.0021311914790588
10.625	53.5	-0.00213139745564161
10.875	53.5	-0.00213158492810186
11.125	53.5	-0.00213173907612478
11.375	53.5	-0.00213183557193083
11.625	53.5	-0.00213183444425677
11.875	53.5	-0.00213166998163981
12.125	53.5	-0.00213123411850211
12.375	53.5	-0.00213034909746446
12.625	53.5	-0.00212872248635802
12.875	53.5	-0.00212587316153192
13.125	53.5	-0.00212100952040034
13.375	53.5	-0.00211282909819978
13.625	53.5	-0.00209918888456813
13.875	53.5	-0.00207656295482731
14.125	53.5	-0.00203915033780213
14.375	53.5	-0.00197740791474234
14.625	53.5	-0.00187563873797082
14.875	53.5	-0.00170803018026336
15.125	53.5	-0.00143215246232219
15.375	53.5	-0.00097830843366562
15.625	53.5	-0.000232138064349005
15.875	53.5	0.000993657127268003
16.125	53.5	0.00300490463676578
16.375	53.5	0.00629847570690827
16.625	53.5	0.011674968082558
16.875	53.5	0.020406759703161
17.125	53.5	0.0344701492372416
17.375	53.5	0.0568181276332031
17.625	53.5	0.0915775247834109
17.875	53.5	0.143856701189059
18.125	53.5	0.218580970462562
18.375	53.5	0.317800257117513
18.625	53.5	0.437109640729202
18.875	53.5	0.564283084818499
19.125	53.5	0.683424080783403
19.375	53.5	0.7823814630616
19.625	53.5	0.856837356253713
19.875	53.5	0.908893373594894
20.125	53.5	0.943488606102981
20.375	53.5	0.965724479330428
20.625	53.5	0.979714720923642
20.875	53.5	0.988400095556497
21.125	53.5	0.993747632052539
21.375	53.5	0.997023328768807
21.625	53.5	0.999023614794486
21.875	53.5	1.00024271646892
22.125	53.5	1.0009848118324
22.375	53.5	1.00143618119189
22.625	53.5	1.00171055993169
22.875	53.5	1.00187726340597
23.125	53.5	1.00197848855923
23.375	53.5	1.00203990622431
23.625	53.5	1.00207712707368
23.875	53.5	1.00209964176322
24.125	53.5	1.00211321937702
24.375	53.5	1.00212136646744
24.625	53.5	1.002126214282
24.875	53.5	1.00212905814848
25.125	53.5	1.00213068534417
25.375	53.5	1.00213157437612
25.625	53.5	1.00213201609814
25.875	53.5	1.0021321873199
26.125	53.5	1.00213219554221
26.375	53.5	1.00213210614412
26.625	53.5	1.00213195890535
26.875	53.5	1.00213177804735
27.125	53.5	1.00213157833553
27.375	53.5	1.00213136878774
27.625	53.5	1.00213115492795
27.875	53.5	1.00213094015586
28.125	53.5	1.00213072657928
28.375	53.5	1.00213051551991
28.625	53.5	1.00213030782074
28.875	53.5	1.00213010403286
29.125	53.5	1.00212990452895
29.375	53.5	1.00212970957225
29.625	53.5	1.0021295193585
29.875	53.5	1.00212933404133
30.125	53.5	1.00212915374778
30.375	53.5	1.00212897858767
30.625	53.5	1.00212880865929
30.875	53.5	1.00212864405283
31.125	53.5	1.00212848485253
31.375	53.5	1.00212833113787
31.625	53.5	1.00212818298439
31.875	53.5	1.00212804046408
32.125	53.5	1.00212790364571
32.375	53.5	1.00212777259496
32.625	53.5	1.00212764737449
32.875	53.5	1.00212752804402
33.125	53.5	1.00212741466033
33.375	53.5	1.00212730727728
33.625	53.5	1.00212720594578
33.875	53.5	1.00212711071384
34.125	53.5	1.00212702162652
34.375	53.5	1.00212693872593
34.625	53.5	1.0021268620512
34.875	53.5	1.00212679163852
35.125	53.5	1.00212672752109
35.375	53.5	1.00212666972911
35.625	53.5	1.00212661828981
35.875	53.5	1.00212657322738
36.125	53.5	1.00212653456303
36.375	53.5	1.00212650231494
36.625	53.5	1.00212647649827
36.875	53.5	1.00212645712515
37.125	53.5	1.00212644420467
37.375	53.5	1.00212643774292
0.125	54.5	-0.00212599960450488
0.375	54.5	-0.00212600614516358
0.625	54.5	-0.00212601922399243
0.875	54.5	-0.00212603883601626
1.125	54.5	-0.00212606497377726
1.375	54.5	-0.00212609762734101
1.625	54.5	-0.0021261367843045
1.875	54.5	-0.00212618242980611
2.125	54.5	-0.00212623454653766
2.375	54.5	-0.00212629311475836
2.625	54.5	-0.00212635811231087
2.875	54.5	-0.00212642951463917
3.125	54.5	-0.00212650729480851
3.375	54.5	-0.0021265914235271
3.625	54.5	-0.00212668186916966
3.875	54.5	-0.00212677859780251
4.125	54.5	-0.0021268815732099
4.375	54.5	-0.00212699075692126
4.625	54.5	-0.0021271061082383
4.875	54.5	-0.00212722758426078
5.125	54.5	-0.00212735513990869
5.375	54.5	-0.0021274887279371
5.625	54.5	-0.00212762829893765
5.875	54.5	-0.00212777380131671
6.125	54.5	-0.00212792518123373
6.375	54.5	-0.00212808238247268
6.625	54.5	-0.00212824534620209
6.875	54.5	-0.0021284140105503
7.125	54.5	-0.0021285883098752
7.375	54.5	-0.00212876817352999
7.625	54.5	-0.00212895352379801
7.875	54.5	-0.00212914427245903
8.125	54.5	-0.00212934031510206
8.375	54.5	-0.0021295415217287
8.625	54.5	-0.00212974772125113
8.875	54.5	-0.00212995867594248
9.125	54.5	-0.00213017403935239
9.375	54.5	-0.00213039328701352
9.625	54.5	-0.00213061560237457
9.875	54.5	-0.00213083968905786
10.125	54.5	-0.00213106346188405
10.375	54.5	-0.00213128353840885
10.625	54.5	-0.00213149440220474
10.875	54.5	-0.00213168702600383
11.125	54.5	-0.00213184660605139
11.375	54.5	-0.00213194883397364
11.625	54.5	-0.00213195376215656
11.875	54.5	-0.00213179570930955
12.125	54.5	-0.00213136665028127
12.375	54.5	-0.00213048888449716
12.625	54.5	-0.00212887006303724
12.875	54.5	-0.00212602918850681
13.125	54.5	-0.00212117485485336
13.375	54.5	-0.00211300490903625
13.625	54.5	-0.00209937684158313
13.875	54.5	-0.00207676553971673
14.125	54.5	-0.00203937135580726
14.375	54.5	-0.0019776533365058
14.625	54.5	-0.00187591808442055
14.875	54.5	-0.00170835879928659
15.125	54.5	-0.00143255526673416
15.375	54.5	-0.00097882602495667
15.625	54.5	-0.00023283672817201
15.875	54.5	0.000992669205297542
16.125	54.5	0.00300345133103621
16.375	54.5	0.00629627185089465
16.625	54.5	0.011671556502269
16.875	54.5	0.0204014197914821
17.125	54.5	0.0344617773814594
17.375	54.5	0.0568051149133263
17.625	54.5	0.0915577209739645
17.875	54.5	0.143827670855864
18.125	54.5	0.218540851759745
18.375	54.5	0.317749331229262
18.625	54.5	0.437051789397151
18.875	54.5	0.564225273887366
19.125	54.5	0.683373256367417
19.375	54.5	0.782341466223794
19.625	54.5	0.856808436064218
19.875	54.5	0.908873654853908
20.125	54.5	0.943475653218169
20.375	54.5	0.965716147250908
20.625	54.5	0.979709406572926
20.875	54.5	0.988396700079723
21.125	54.5	0.993745438233073
21.375	54.5	0.997021881690103
21.625	54.5	0.999022630737444
21.875	54.5	1.00024202021597
22.125	54.5	1.0009842957603
22.375	54.5	1.00143577936063
22.625	54.5	1.00171023195126
22.875	54.5	1.00187698449263
23.125	54.5	1.00197824344372
23.375	54.5	1.00203968543364
23.625	54.5	1.00207692466641
23.875	54.5	1.00209945395192
24.125	54.5	1.00211304369091
24.375	54.5	1.00212120124341
24.625	54.5	1.00212605835528
24.875	54.5	1.00212891066449
25.125	54.5	1.00213054564388
25.375	54.5	1.00213144192621
25.625	54.5	1.00213189044816
25.875	54.5	1.002132068076
26.125	54.5	1.00213208235083
26.375	54.5	1.00213199868178
26.625	54.5	1.00213185687218
26.875	54.5	1.00213168116284
27.125	54.5	1.00213148633571
27.375	54.5	1.0021312814232
27.625	54.5	1.00213107196239
27.875	54.5	1.00213086136501
28.125	54.5	1.00213065174998
28.375	54.5	1.00213044444938
28.625	54.5	1.00213024031593
28.875	54.5	1.00213003990987
29.125	54.5	1.0021298436125
29.375	54.5	1.00212965169518
29.625	54.5	1.00212946436133
29.875	54.5	1.00212928177183
30.125	54.5	1.00212910406056
30.375	54.5	1.00212893134381
30.625	54.5	1.00212876372596
30.875	54.5	1.00212860130296
31.125	54.5	1.00212844416447
31.375	54.5	1.00212829239509
31.625	54.5	1.00212814607516
31.875	54.5	1.00212800528123
32.125	54.5	1.00212787008631
32.375	54.5	1.00212774056009
32.625	54.5	1.00212761676898
32.875	54.5	1.0021274987762
33.125	54.5	1.00212738664183
33.375	54.5	1.00212728042278
33.625	54.5	1.00212718017283
33.875	54.5	1.00212708594262
34.125	54.5	1.00212699777965
34.375	54.5	1.00212691572829
34.625	54.5	1.00212683982976
34.875	54.5	1.00212677012212
35.125	54.5	1.0021267066403
35.375	54.5	1.00212664941605
35.625	54.5	1.00212659847797
35.875	54.5	1.00212655385148
36.125	54.5	1.00212651555885
36.375	54.5	1.00212648361915
36.625	54.5	1.00212645804829
36.875	54.5	1.00212643885901
37.125	54.5	1.00212642606085
37.375	54.5	1.00212641966018
0.125	55.5	-0.00212601647502554
0.375	55.5	-0.00212602307102899
0.625	55.5	-0.00212603626068315
0.875	55.5	-0.00212605603928486
1.125	55.5	-0.00212608239978521
1.375	55.5	-0.00212611533279672
1.625	55.5	-0.00212615482660278
1.875	55.5	-0.00212620086716951
2.125	55.5	-0.00212625343816
2.375	55.5	-0.00212631252095097
2.625	55.5	-0.00212637809465172
2.875	55.5	-0.00212645013612557
3.125	55.5	-0.00212652862001353
3.375	55.5	-0.00212661351876041
3.625	55.5	-0.00212670480264301
3.875	55.5	-0.00212680243980049
4.125	55.5	-0.00212690639626635
4.375	55.5	-0.00212701663600192
4.625	55.5	-0.00212713312093016
4.875	55.5	-0.00212725581096874
5.125	55.5	-0.00212738466406009
5.375	55.5	-0.00212751963619469
5.625	55.5	-0.00212766068142176
5.875	55.5	-0.00212780775183714
6.125	55.5	-0.00212796079753219
6.375	55.5	-0.00212811976647649
6.625	55.5	-0.00212828460429001
6.875	55.5	-0.00212845525383126
7.125	55.5	-0.00212863165448102
7.375	55.5	-0.00212881374092293
7.625	55.5	-0.00212900144109458
7.875	55.5	-0.00212919467277108
8.125	55.5	-0.002129393337897
8.375	55.5	-0.00212959731321057
8.625	55.5	-0.00212980643476516
8.875	55.5	-0.00213002047240641
9.125	55.5	-0.00213023908771938
9.375	55.5	-0.00213046176477361
9.625	55.5	-0.00213068769610548
9.875	55.5	-0.00213091559504174
10.125	55.5	-0.00213114338681668
10.375	55.5	-0.0021313677002441
10.625	55.5	-0.0021315830312033
10.875	55.5	-0.00213178036609937
11.125	55.5	-0.00213194491671898
11.375	55.5	-0.00213205239290419
11.625	55.5	-0.00213206286923658
11.875	55.5	-0.00213191069272809
12.125	55.5	-0.00213148787611749
12.375	55.5	-0.00213061677201842
12.625	55.5	-0.00212900510938209
12.875	55.5	-0.00212617200880814
13.125	55.5	-0.00212132624778037
13.375	55.5	-0.00211316596419783
13.625	55.5	-0.00209954911588049
13.875	55.5	-0.00207695134725619
14.125	55.5	-0.00203957424480292
14.375	55.5	-0.0019778788739359
14.625	55.5	-0.00187617514677946
14.875	55.5	-0.00170866169447427
15.125	55.5	-0.00143292721785935
15.375	55.5	-0.000979304877676097
15.625	55.5	-0.000233484266505016
15.875	55.5	0.000991752145737665
16.125	55.5	0.00300210059334723
16.375	55.5	0.00629422164968616
16.625	55.5	0.0116683807357708
16.875	55.5	0.0203964468251631
17.125	55.5	0.0344539785883273
17.375	55.5	0.0567929906485864
17.625	55.5	0.0915392669449907
17.875	55.5	0.143800616677012
18.125	55.5	0.218503461239732
18.375	55.5	0.317701865239696
18.625	55.5	0.436997865028018
18.875	55.5	0.564171384131447
19.125	55.5	0.683325877324436
19.375	55.5	0.782304180148791
19.625	55.5	0.85678147631596
19.875	55.5	0.908855273787251
20.125	55.5	0.94346358029721
20.375	55.5	0.965708382606677
20.625	55.5	0.979704455563159
20.875	55.5	0.988393538153721
21.125	55.5	0.993743396662991
21.375	55.5	0.997020536310688
21.625	55.5	0.999021717005711
21.875	55.5	1.00024137475491
22.125	55.5	1.00098381821759
22.375	55.5	1.00143540824947
22.625	55.5	1.00170992960793
22.875	55.5	1.00187672780511
23.125	55.5	1.00197801817186
23.375	55.5	1.00203948274221
23.625	55.5	1.00207673901361
23.875	55.5	1.0020992818049
24.125	55.5	1.00211288274494
24.375	55.5	1.00212104994737
24.625	55.5	1.00212591562312
24.875	55.5	1.00212877569975
25.125	55.5	1.00213041783284
25.375	55.5	1.00213132077263
25.625	55.5	1.00213177553338
25.875	55.5	1.00213195903434
26.125	55.5	1.00213197885441
26.375	55.5	1.00213190043094
26.625	55.5	1.00213176358941
26.875	55.5	1.00213159258881
27.125	55.5	1.00213140222663
27.375	55.5	1.00213120154892
27.625	55.5	1.00213099610507
27.875	55.5	1.00213078931804
28.125	55.5	1.00213058331718
28.375	55.5	1.00213037944426
28.625	55.5	1.00213017856109
28.875	55.5	1.00212998123644
29.125	55.5	1.00212978785962
29.375	55.5	1.0021295987096
29.625	55.5	1.00212941399691
29.875	55.5	1.00212923388917
30.125	55.5	1.00212905852662
30.375	55.5	1.00212888803153
30.625	55.5	1.00212872251393
30.875	55.5	1.00212856207512
31.125	55.5	1.00212840680975
31.375	55.5	1.00212825680717
31.625	55.5	1.00212811215217
31.875	55.5	1.00212797292547
32.125	55.5	1.00212783920402
32.375	55.5	1.00212771106119
32.625	55.5	1.00212758856686
32.875	55.5	1.00212747178748
33.125	55.5	1.00212736078614
33.375	55.5	1.00212725562256
33.625	55.5	1.00212715635316
33.875	55.5	1.00212706303101
34.125	55.5	1.00212697570584
34.375	55.5	1.00212689442411
34.625	55.5	1.00212681922894
34.875	55.5	1.00212675016011
35.125	55.5	1.00212668725414
35.375	55.5	1.0021266305442
35.625	55.5	1.00212658006014
35.875	55.5	1.00212653582851
36.125	55.5	1.00212649787254
36.375	55.5	1.00212646621214
36.625	55.5	1.00212644086391
36.875	55.5	1.00212642184113
37.125	55.5	1.00212640915373
37.375	55.5	1.00212640280838
0.125	56.5	-0.00212603119036633
0.375	56.5	-0.00212603783368106
0.625	56.5	-0.00212605111807495
0.875	56.5	-0.00212607103907946
1.125	56.5	-0.00212609758999849
1.375	56.5	-0.00212613076191644
1.625	56.5	-0.00212617054370898
1.875	56.5	-0.00212621692205658
2.125	56.5	-0.00212626988146069
2.375	56.5	-0.00212632940426272
2.625	56.5	-0.0021263954706657
2.875	56.5	-0.00212646805875872
3.125	56.5	-0.00212654714454409
3.375	56.5	-0.00212663270196718
3.625	56.5	-0.00212672470294888
3.875	56.5	-0.00212682311742055
4.125	56.5	-0.00212692791336116
4.375	56.5	-0.00212703905683615
4.625	56.5	-0.00212715651203736
4.875	56.5	-0.00212728024132256
5.125	56.5	-0.00212741020525246
5.375	56.5	-0.00212754636262168
5.625	56.5	-0.00212768867047743
5.875	56.5	-0.00212783708411629
6.125	56.5	-0.00212799155704241
6.375	56.5	-0.00212815204086038
6.625	56.5	-0.00212831848505815
6.875	56.5	-0.00212849083660688
7.125	56.5	-0.00212866903925707
7.375	56.5	-0.00212885303233266
7.625	56.5	-0.00212904274869647
7.875	56.5	-0.00212923811134959
8.125	56.5	-0.00212943902778028
8.375	56.5	-0.00212964538060706
8.625	56.5	-0.00212985701212127
8.875	56.5	-0.00213007369878819
9.125	56.5	-0.00213029510922253
9.375	56.5	-0.00213052073496801
9.625	56.5	-0.00213074977652355
9.875	56.5	-0.0021309809557254
10.125	56.5	-0.00213121220694618
10.375	56.5	-0.00213144016888592
10.625	56.5	-0.00213165934823787
10.875	56.5	-0.00213186074342715
11.125	56.5	-0.00213202957990671
11.375	56.5	-0.00213214158353645
11.625	56.5	-0.00213215684840891
11.875	56.5	-0.00213200974639922
12.125	56.5	-0.00213159232350276
12.375	56.5	-0.00213072697897124
12.625	56.5	-0.0021291215099719
12.875	56.5	-0.00212629514038191
13.125	56.5	-0.0021214568082202
13.375	56.5	-0.00211330490573094
13.625	56.5	-0.00209969779909263
13.875	56.5	-0.00207711179425897
14.125	56.5	-0.00203974955566821
14.375	56.5	-0.00197807391183961
14.625	56.5	-0.0018763976650328
14.875	56.5	-0.00170892418924928
15.125	56.5	-0.00143324997005303
15.375	56.5	-0.000979720936241718
15.625	56.5	-0.000234047582529397
15.875	56.5	0.000990953522876289
16.125	56.5	0.00300092332462841
16.375	56.5	0.00629243365762591
16.625	56.5	0.0116656099586317
16.875	56.5	0.020392106804084
17.125	56.5	0.0344471711316764
17.375	56.5	0.0567824062385674
17.625	56.5	0.0915231553101437
17.875	56.5	0.143776994985636
18.125	56.5	0.218470812783968
18.375	56.5	0.317660416859816
18.625	56.5	0.436950774446969
18.875	56.5	0.564124321372216
19.125	56.5	0.68328449884088
19.375	56.5	0.78227161567771
19.625	56.5	0.856757930583605
19.875	56.5	0.908839220868114
20.125	56.5	0.94345303722615
20.375	56.5	0.965701602659657
20.625	56.5	0.979700133240069
20.875	56.5	0.988390778539446
21.125	56.5	0.99374161563668
21.375	56.5	0.997019363369273
21.625	56.5	0.99902092107234
21.875	56.5	1.00024081311908
22.125	56.5	1.00098340321967
22.375	56.5	1.00143508617818
22.625	56.5	1.00170966756123
22.875	56.5	1.00187650559184
23.125	56.5	1.00197782335059
23.375	56.5	1.002039307593
23.625	56.5	1.00207657869363
23.875	56.5	1.00209913322651
24.125	56.5	1.00211274389361
24.375	56.5	1.00212091946719
24.625	56.5	1.00212579256473
24.875	56.5	1.00212865936705
25.125	56.5	1.00213030768962
25.375	56.5	1.00213121638554
25.625	56.5	1.00213167653705
25.875	56.5	1.00213186510989
26.125	56.5	1.0021318897161
26.375	56.5	1.00213181581787
26.625	56.5	1.00213168326013
26.875	56.5	1.00213151631788
27.125	56.5	1.00213132980224
27.375	56.5	1.0021311327713
27.625	56.5	1.00213093078522
27.875	56.5	1.00213072727688
28.125	56.5	1.00213052438474
28.375	56.5	1.00213032345908
28.625	56.5	1.00213012536966
28.875	56.5	1.00212993069273
29.125	56.5	1.00212973982465
29.375	56.5	1.00212955305097
29.625	56.5	1.00212937058847
29.875	56.5	1.00212919261065
30.125	56.5	1.00212901926329
30.375	56.5	1.00212885067388
30.625	56.5	1.00212868695738
30.875	56.5	1.00212852821971
31.125	56.5	1.00212837455992
31.375	56.5	1.00212822607145
31.625	56.5	1.00212808284296
31.875	56.5	1.0021279449588
32.125	56.5	1.00212781249935
32.375	56.5	1.00212768554115
32.625	56.5	1.00212756415709
32.875	56.5	1.00212744841643
33.125	56.5	1.00212733838486
33.375	56.5	1.00212723412457
33.625	56.5	1.00212713569421
33.875	56.5	1.00212704314897
34.125	56.5	1.00212695654054
34.375	56.5	1.00212687591715
34.625	56.5	1.00212680132356
34.875	56.5	1.00212673280107
35.125	56.5	1.00212667038755
35.375	56.5	1.00212661411739
35.625	56.5	1.00212656402154
35.875	56.5	1.00212652012752
36.125	56.5	1.00212648245939
36.375	56.5	1.00212645103778
36.625	56.5	1.00212642587987
36.875	56.5	1.00212640699941
37.125	56.5	1.00212639440671
37.375	56.5	1.00212638810864
0.125	57.5	-0.00212604296265536
0.375	57.5	-0.00212604964329509
0.625	57.5	-0.00212606300243208
0.875	57.5	-0.00212608303578426
1.125	57.5	-0.00212610973693589
1.375	57.5	-0.00212614309734638
1.625	57.5	-0.00212618310636219
1.875	57.5	-0.00212622975123158
2.125	57.5	-0.0021262830171225
2.375	57.5	-0.00212634288714337
2.625	57.5	-0.00212640934236697
2.875	57.5	-0.00212648236185732
3.125	57.5	-0.00212656192269961
3.375	57.5	-0.00212664800003317
3.625	57.5	-0.00212674056708733
3.875	57.5	-0.00212683959522012
4.125	57.5	-0.00212694505395951
4.375	57.5	-0.00212705691104684
4.625	57.5	-0.00212717513248156
4.875	57.5	-0.00212729968256602
5.125	57.5	-0.00212743052394828
5.375	57.5	-0.00212756761765916
5.625	57.5	-0.00212771092313762
5.875	57.5	-0.0021278603982346
6.125	57.5	-0.00212801599917901
6.375	57.5	-0.00212817768047872
6.625	57.5	-0.00212834539471245
6.875	57.5	-0.00212851909213898
7.125	57.5	-0.00212869872000362
7.375	57.5	-0.00212888422134323
7.625	57.5	-0.00212907553296352
7.875	57.5	-0.00212927258205126
8.125	57.5	-0.00212947528053721
8.375	57.5	-0.00212968351575466
8.625	57.5	-0.00212989713499914
8.875	57.5	-0.00213011592004936
9.125	57.5	-0.00213033954516575
9.375	57.5	-0.00213056750789811
9.625	57.5	-0.00213079901514764
9.875	57.5	-0.00213103279559653
10.125	57.5	-0.00213126679097317
10.375	57.5	-0.00213149764793939
10.625	57.5	-0.00213171988190103
10.875	57.5	-0.00213192450097046
11.125	57.5	-0.00213209674161599
11.375	57.5	-0.00213221234260701
11.625	57.5	-0.00213223141375509
11.875	57.5	-0.00213208834695434
12.125	57.5	-0.00213167521495614
12.375	57.5	-0.00213081445450209
12.625	57.5	-0.0021292139175499
12.875	57.5	-0.00212639291086934
13.125	57.5	-0.00212156050125461
13.375	57.5	-0.00211341528488736
13.625	57.5	-0.00209981595526998
13.875	57.5	-0.00207723934848962
14.125	57.5	-0.00203988899270563
14.375	57.5	-0.00197822912898354
14.625	57.5	-0.00187657487490961
14.875	57.5	-0.00170913340388076
15.125	57.5	-0.0014335074374422
15.375	57.5	-0.000980053132111516
15.625	57.5	-0.000234497725890676
15.875	57.5	0.000990314899258712
16.125	57.5	0.00299998139926387
16.375	57.5	0.00629100252635654
16.625	57.5	0.0116633915838012
16.875	57.5	0.0203886314037553
17.125	57.5	0.0344417192014183
17.375	57.5	0.0567739287528687
17.625	57.5	0.0915102501074221
17.875	57.5	0.143758073468615
18.125	57.5	0.218444659525103
18.375	57.5	0.317627212932313
18.625	57.5	0.43691304890618
18.875	57.5	0.564086616501912
19.125	57.5	0.683251346850371
19.375	57.5	0.782245524839948
19.625	57.5	0.856739065542398
19.875	57.5	0.908826359339435
20.125	57.5	0.94344459050432
20.375	57.5	0.965696171212635
20.625	57.5	0.979696671024908
20.875	57.5	0.988388568486052
21.125	57.5	0.993740189701359
21.375	57.5	0.997018424673942
21.625	57.5	0.999020284457728
21.875	57.5	1.00024036423187
22.125	57.5	1.00098307181758
22.375	57.5	1.00143482922106
22.625	57.5	1.00170945868296
22.875	57.5	1.00187632861141
23.125	57.5	1.00197766829687
23.375	57.5	1.00203916827831
23.625	57.5	1.00207645123588
23.875	57.5	1.00209901515022
24.125	57.5	1.00211263358343
24.375	57.5	1.00212081583569
24.625	57.5	1.00212569485049
24.875	57.5	1.00212856701177
25.125	57.5	1.00213022026326
25.375	57.5	1.00213113354068
25.625	57.5	1.00213159798085
25.875	57.5	1.00213179058691
26.125	57.5	1.00213181899759
26.375	57.5	1.00213174869503
26.625	57.5	1.00213161953987
26.875	57.5	1.00213145582001
27.125	57.5	1.00213127235757
27.375	57.5	1.0021310782203
27.625	57.5	1.0021308789771
27.875	57.5	1.00213067806879
28.125	57.5	1.00213047764117
28.375	57.5	1.00213027905139
28.625	57.5	1.0021300831756
28.875	57.5	1.00212989059605
29.125	57.5	1.00212970171473
29.375	57.5	1.00212951682253
29.625	57.5	1.00212933614121
29.875	57.5	1.002129159849
30.125	57.5	1.00212898809611
30.375	57.5	1.00212882101422
30.625	57.5	1.00212865872224
30.875	57.5	1.00212850132978
31.125	57.5	1.0021283489394
31.375	57.5	1.00212820164781
31.625	57.5	1.00212805954677
31.875	57.5	1.00212792272354
32.125	57.5	1.00212779126121
32.375	57.5	1.00212766523888
32.625	57.5	1.00212754473183
32.875	57.5	1.00212742981155
33.125	57.5	1.00212732054583
33.375	57.5	1.00212721699879
33.625	57.5	1.00212711923089
33.875	57.5	1.002127027299
34.125	57.5	1.00212694125636
34.375	57.5	1.00212686115261
34.625	57.5	1.00212678703384
34.875	57.5	1.00212671894253
35.125	57.5	1.00212665691763
35.375	57.5	1.00212660099451
35.625	57.5	1.00212655120499
35.875	57.5	1.00212650757735
36.125	57.5	1.00212647013633
36.375	57.5	1.00212643890311
36.625	57.5	1.00212641389535
36.875	57.5	1.00212639512718
37.125	57.5	1.00212638260918
37.375	57.5	1.00212637634842
0.125	58.5	-0.00212605117027812
0.375	58.5	-0.00212605787670425
0.625	58.5	-0.00212607128747871
0.875	58.5	-0.00212609139844893
1.125	58.5	-0.00212611820339386
1.375	58.5	-0.0021261516940334
1.625	58.5	-0.00212619186004099
1.875	58.5	-0.00212623868905934
2.125	58.5	-0.00212629216671937
2.375	58.5	-0.00212635227666242
2.625	58.5	-0.00212641900056559
2.875	58.5	-0.0021264923181704
3.125	58.5	-0.00212657220731469
3.375	58.5	-0.00212665864396772
3.625	58.5	-0.00212675160226845
3.875	58.5	-0.00212685105456696
4.125	58.5	-0.00212695697146853
4.375	58.5	-0.00212706932188026
4.625	58.5	-0.00212718807305922
4.875	58.5	-0.00212731319066104
5.125	58.5	-0.0021274446387867
5.375	58.5	-0.00212758238002394
5.625	58.5	-0.00212772637547733
5.875	58.5	-0.00212787658477722
6.125	58.5	-0.00212803296605105
6.375	58.5	-0.00212819547583029
6.625	58.5	-0.00212836406884849
6.875	58.5	-0.00212853869765729
7.125	58.5	-0.00212871931194011
7.375	58.5	-0.00212890585732493
7.625	58.5	-0.00212909827337
7.875	58.5	-0.00212929649018518
8.125	58.5	-0.00212950042280477
8.375	58.5	-0.00212970996185702
8.625	58.5	-0.00212992495813605
8.875	58.5	-0.00213014519713676
9.125	58.5	-0.00213037035706968
9.375	58.5	-0.00213059993968861
9.625	58.5	-0.00213083315637775
9.875	58.5	-0.00213106874061482
10.125	58.5	-0.00213130463928278
10.375	58.5	-0.0021315375046246
10.625	58.5	-0.00213176185815515
10.875	58.5	-0.00213196871478053
11.125	58.5	-0.00213214331869456
11.375	58.5	-0.00213226141771954
11.625	58.5	-0.00213228313268679
11.875	58.5	-0.00213214286951782
12.125	58.5	-0.00213173271970078
12.375	58.5	-0.00213087514621366
12.625	58.5	-0.00212927803933422
12.875	58.5	-0.00212646076377586
13.125	58.5	-0.00212163247631091
13.375	58.5	-0.00211349191557077
13.625	58.5	-0.00209989800363881
13.875	58.5	-0.00207732794675057
14.125	58.5	-0.0020399858760615
14.375	58.5	-0.0019783370187126
14.625	58.5	-0.00187669810849923
14.875	58.5	-0.00170927897089096
15.125	58.5	-0.0014336866802137
15.375	58.5	-0.000980284531956141
15.625	58.5	-0.000234811450902039
15.875	58.5	0.00098986961607367
16.125	58.5	0.00299932441145974
16.375	58.5	0.00629000407170834
16.625	58.5	0.0116618436301614
16.875	58.5	0.0203862060388182
17.125	58.5	0.0344379141990958
17.375	58.5	0.0567680118627928
17.625	58.5	0.0915012425491965
17.875	58.5	0.14374486625205
18.125	58.5	0.218426404021272
18.375	58.5	0.317604035196615
18.625	58.5	0.436886714016602
18.875	58.5	0.564060295188224
19.125	58.5	0.683228203229583
19.375	58.5	0.782227310346444
19.625	58.5	0.856725895441376
19.875	58.5	0.908817380494154
20.125	58.5	0.943438693848119
20.375	58.5	0.965692379688697
20.625	58.5	0.979694254340365
20.875	58.5	0.988387026013645
21.125	58.5	0.993739194671104
21.375	58.5	0.997017769816147
21.625	58.5	0.999019840500224
21.875	58.5	1.00024005133639
22.125	58.5	1.00098284094241
22.375	58.5	1.00143465031596
22.625	58.5	1.00170931333889
22.875	58.5	1.00187620553021
23.125	58.5	1.00197756051596
23.375	58.5	1.00203907147665
23.625	58.5	1.00207636270224
23.875	58.5	1.00209893315552
24.125	58.5	1.00211255699922
24.375	58.5	1.0021207439022
24.625	58.5	1.00212562703566
24.875	58.5	1.00212850292544
25.125	58.5	1.00213015960494
25.375	58.5	1.00213107606761
25.625	58.5	1.00213154348848
25.875	58.5	1.00213173889684
26.125	58.5	1.00213176995012
26.375	58.5	1.00213170214447
26.625	58.5	1.00213157535151
26.875	58.5	1.0021314138682
27.125	58.5	1.00213123252437
27.375	58.5	1.00213104039457
27.625	58.5	1.00213084305379
27.875	58.5	1.00213064394844
28.125	58.5	1.00213044522947
28.375	58.5	1.00213024825882
28.625	58.5	1.00213005391712
28.875	58.5	1.00212986279083
29.125	58.5	1.0021296752859
29.375	58.5	1.00212949169691
29.625	58.5	1.00212931224913
29.875	58.5	1.00212913712408
30.125	58.5	1.00212896647508
30.375	58.5	1.00212880043673
30.625	58.5	1.00212863913067
30.875	58.5	1.00212848266915
31.125	58.5	1.00212833115712
31.375	58.5	1.0021281846936
31.625	58.5	1.00212804337251
31.875	58.5	1.00212790728312
32.125	58.5	1.00212777651041
32.375	58.5	1.00212765113529
32.625	58.5	1.00212753123467
32.875	58.5	1.00212741688162
33.125	58.5	1.00212730814538
33.375	58.5	1.00212720509141
33.625	58.5	1.00212710778144
33.875	58.5	1.0021270162735
34.125	58.5	1.0021269306219
34.375	58.5	1.00212685087729
34.625	58.5	1.00212677708665
34.875	58.5	1.00212670929331
35.125	58.5	1.00212664753696
35.375	58.5	1.00212659185363
35.625	58.5	1.00212654227578
35.875	58.5	1.0021264988322
36.125	58.5	1.00212646154808
36.375	58.5	1.00212643044502
36.625	58.5	1.00212640554101
36.875	58.5	1.00212638685041
37.125	58.5	1.00212637438403
37.375	58.5	1.00212636814904
0.125	59.5	-0.00212605538376213
0.375	59.5	-0.00212606210335774
0.625	59.5	-0.00212607554050428
0.875	59.5	-0.00212609569111553
1.125	59.5	-0.0021261225490702
1.375	59.5	-0.00212615610622166
1.625	59.5	-0.00212619635241087
1.875	59.5	-0.00212624327548265
2.125	59.5	-0.00212629686130518
2.375	59.5	-0.00212635709379289
2.625	59.5	-0.00212642395493259
2.875	59.5	-0.00212649742481304
3.125	59.5	-0.00212657748165785
3.375	59.5	-0.0021266641018617
3.625	59.5	-0.00212675726002993
3.875	59.5	-0.00212685692902121
4.125	59.5	-0.00212696307999325
4.375	59.5	-0.00212707568245098
4.625	59.5	-0.0021271947042965
4.875	59.5	-0.0021273201118796
5.125	59.5	-0.00212745187004665
5.375	59.5	-0.00212758994218424
5.625	59.5	-0.00212773429025173
5.875	59.5	-0.00212788487479273
6.125	59.5	-0.00212804165490931
6.375	59.5	-0.00212820458817189
6.625	59.5	-0.00212837363042058
6.875	59.5	-0.00212854873538469
7.125	59.5	-0.00212872985400011
7.375	59.5	-0.00212891693322616
7.625	59.5	-0.0021291099140357
7.875	59.5	-0.00212930872804112
8.125	59.5	-0.00212951329187236
8.375	59.5	-0.00212972349785206
8.625	59.5	-0.00212993919857392
8.875	59.5	-0.0021301601814447
9.125	59.5	-0.00213038612670766
9.375	59.5	-0.00213061653828045
9.625	59.5	-0.00213085062985528
9.875	59.5	-0.00213108713737934
10.125	59.5	-0.00213132401039051
10.375	59.5	-0.00213155790400689
10.625	59.5	-0.00213178334289098
10.875	59.5	-0.0021319913454496
11.125	59.5	-0.00213216715985751
11.375	59.5	-0.00213228653860151
11.625	59.5	-0.00213230960818976
11.875	59.5	-0.00213217078176774
12.125	59.5	-0.00213176216046919
12.375	59.5	-0.00213090622077297
12.625	59.5	-0.00212931087266821
12.875	59.5	-0.00212649551066407
13.125	59.5	-0.00212166933778913
13.375	59.5	-0.00211353116589138
13.625	59.5	-0.0020999400345238
13.875	59.5	-0.00207737334012484
14.125	59.5	-0.00204003552368147
14.375	59.5	-0.00197839231897636
14.625	59.5	-0.00187676129018096
14.875	59.5	-0.00170935362531993
15.125	59.5	-0.0014337786350194
15.375	59.5	-0.000980403282485616
15.625	59.5	-0.000234972496682208
15.875	59.5	0.000989640980768849
16.125	59.5	0.00299898701031931
16.375	59.5	0.00628949123782513
16.625	59.5	0.0116610484844821
16.875	59.5	0.0203849601118791
17.125	59.5	0.0344359594636849
17.375	59.5	0.0567649721086063
17.625	59.5	0.0914966148956625
17.875	59.5	0.14373808089724
18.125	59.5	0.218417024890774
18.375	59.5	0.317592126945941
18.625	59.5	0.436873183406595
18.875	59.5	0.56404677128046
19.125	59.5	0.683216311822332
19.375	59.5	0.782217951466851
19.625	59.5	0.856719128418051
19.875	59.5	0.908812767025657
20.125	59.5	0.943435664092975
20.375	59.5	0.965690431616068
20.625	59.5	0.979693012705872
20.875	59.5	0.988386233579401
21.125	59.5	0.993738683531828
21.375	59.5	0.997017433469502
21.625	59.5	0.999019612521518
21.875	59.5	1.00023989070168
22.125	59.5	1.00098272245206
22.375	59.5	1.00143455852875
22.625	59.5	1.00170923879524
22.875	59.5	1.00187614242436
23.125	59.5	1.00197750526995
23.375	59.5	1.00203902186985
23.625	59.5	1.00207631734123
23.875	59.5	1.00209889115157
24.125	59.5	1.00211251777227
24.375	59.5	1.00212070706166
24.625	59.5	1.00212559230798
24.875	59.5	1.00212847011001
25.125	59.5	1.00213012854727
25.375	59.5	1.00213104664287
25.625	59.5	1.00213151559152
25.875	59.5	1.00213171243596
26.125	59.5	1.00213174484325
26.375	59.5	1.00213167831675
26.625	59.5	1.00213155273376
26.875	59.5	1.00213139239587
27.125	59.5	1.00213121213691
27.375	59.5	1.00213102103492
27.625	59.5	1.00213082466805
27.875	59.5	1.00213062648556
28.125	59.5	1.00213042864108
28.375	59.5	1.002130232499
28.625	59.5	1.00213003894228
28.875	59.5	1.00212984855952
29.125	59.5	1.00212966175869
29.375	59.5	1.00212947883632
29.625	59.5	1.00212930001945
29.875	59.5	1.00212912549131
30.125	59.5	1.0021289554068
30.375	59.5	1.00212878990203
30.625	59.5	1.00212862910006
30.875	59.5	1.00212847311446
31.125	59.5	1.00212832205143
31.375	59.5	1.00212817601119
31.625	59.5	1.00212803508874
31.875	59.5	1.0021278993744
32.125	59.5	1.00212776895414
32.375	59.5	1.00212764390975
32.625	59.5	1.00212752431902
32.875	59.5	1.00212741025581
33.125	59.5	1.0021273017901
33.375	59.5	1.00212719898804
33.625	59.5	1.00212710191203
33.875	59.5	1.00212701062067
34.125	59.5	1.00212692516884
34.375	59.5	1.00212684560769
34.625	59.5	1.00212677198466
34.875	59.5	1.00212670434352
35.125	59.5	1.00212664272433
35.375	59.5	1.00212658716349
35.625	59.5	1.00212653769375
35.875	59.5	1.00212649434417
36.125	59.5	1.0021264571402
36.375	59.5	1.00212642610362
36.625	59.5	1.00212640125258
36.875	59.5	1.00212638260161
37.125	59.5	1.00212637016158
37.375	59.5	1.00212636393975
