$\phi$
x	y	$\phi$
0.125	0.5	-0.00216855550720349
0.375	0.5	-0.00216857654305092
0.625	0.5	-0.00216861863267059
0.875	0.5	-0.0021686818119303
1.125	0.5	-0.00216876613467729
1.375	0.5	-0.00216887167279274
1.625	0.5	-0.00216899851626471
1.875	0.5	-0.0021691467732794
2.125	0.5	-0.00216931657033088
2.375	0.5	-0.0021695080523495
2.625	0.5	-0.00216972138284903
2.875	0.5	-0.00216995674409267
3.125	0.5	-0.0021702143372782
3.375	0.5	-0.00217049438274237
3.625	0.5	-0.00217079712018473
3.875	0.5	-0.00217112280891095
4.125	0.5	-0.00217147172809587
4.375	0.5	-0.00217184417706605
4.625	0.5	-0.00217224047560169
4.875	0.5	-0.00217266096425733
5.125	0.5	-0.00217310600469993
5.375	0.5	-0.00217357598006234
5.625	0.5	-0.00217407129530812
5.875	0.5	-0.00217459237760092
6.125	0.5	-0.00217513967666735
6.375	0.5	-0.00217571366513425
6.625	0.5	-0.00217631483880901
6.875	0.5	-0.00217694371685099
7.125	0.5	-0.00217760084174815
7.375	0.5	-0.00217828677895707
7.625	0.5	-0.00217900211597309
7.875	0.5	-0.00217974746044572
8.125	0.5	-0.00218052343670618
8.375	0.5	-0.00218133067966479
8.625	0.5	-0.00218216982436258
8.875	0.5	-0.00218304148835423
9.125	0.5	-0.00218394624227683
9.375	0.5	-0.00218488456096078
9.625	0.5	-0.00218585674250538
9.875	0.5	-0.0021868627746247
10.125	0.5	-0.00218790211421276
10.375	0.5	-0.0021889733241021
10.625	0.5	-0.00219007347483162
10.875	0.5	-0.00219119715974659
11.125	0.5	-0.00219233487386582
11.375	0.5	-0.00219347034588836
11.625	0.5	-0.00219457614770403
11.875	0.5	-0.00219560646973709
12.125	0.5	-0.00219648523301612
12.375	0.5	-0.0021970865284361
12.625	0.5	-0.00219720243150638
12.875	0.5	-0.00219649004550369
13.125	0.5	-0.00219438436902647
13.375	0.5	-0.00218995493624359
13.625	0.5	-0.00218166995477711
13.875	0.5	-0.00216700827829583
14.125	0.5	-0.00214182111008907
14.375	0.5	-0.00209928219660082
14.625	0.5	-0.00202816169150886
14.875	0.5	-0.00190998927800948
15.125	0.5	-0.00171439535118721
15.375	0.5	-0.00139146975955836
15.625	0.5	-0.000859254847462968
15.875	0.5	1.66551911227204e-05
16.125	0.5	0.00145620089315671
16.375	0.5	0.00381800760670351
16.625	0.5	0.00768339451886261
16.875	0.5	0.013985502720723
17.125	0.5	0.0241981051168422
17.375	0.5	0.0405864160111824
17.625	0.5	0.0664750605622944
17.875	0.5	0.106365501630735
18.125	0.5	0.165501484943701
18.375	0.5	0.248242098018816
18.625	0.5	0.354902199116227
18.875	0.5	0.478443081810215
19.125	0.5	0.604706234364739
19.375	0.5	0.718237504077143
19.625	0.5	0.809290488177684
19.875	0.5	0.875992154740664
20.125	0.5	0.921757726069369
20.375	0.5	0.951793777835237
20.625	0.5	0.970944607304556
20.875	0.5	0.982933414731084
21.125	0.5	0.990353576227926
21.375	0.5	0.994914078720689
21.625	0.5	0.997705198486498
21.875	0.5	0.999409210424117
22.125	0.5	1.00044815419474
22.375	0.5	1.00108127585989
22.625	0.5	1.00146715026492
22.875	0.5	1.00170252567833
23.125	0.5	1.00184633764079
23.375	0.5	1.0019344538082
23.625	0.5	1.00198869058673
23.875	0.5	1.00202231332245
24.125	0.5	1.00204338643449
24.375	0.5	1.0020568121123
24.625	0.5	1.00206557026514
24.875	0.5	1.00207147241474
25.125	0.5	1.00207561997019
25.375	0.5	1.0020786827685
25.625	0.5	1.00208106835931
25.875	0.5	1.00208302488392
26.125	0.5	1.00208470359606
26.375	0.5	1.00208619685598
26.625	0.5	1.00208756121941
26.875	0.5	1.00208883146885
27.125	0.5	1.00209002914047
27.375	0.5	1.00209116770623
27.625	0.5	1.00209225572324
27.875	0.5	1.00209329874806
28.125	0.5	1.00209430050027
28.375	0.5	1.00209526356997
28.625	0.5	1.00209618984807
28.875	0.5	1.00209708078808
29.125	0.5	1.00209793756555
29.375	0.5	1.00209876117527
29.625	0.5	1.00209955249066
29.875	0.5	1.00210031230013
30.125	0.5	1.00210104132947
30.375	0.5	1.00210174025571
30.625	0.5	1.00210240971582
30.875	0.5	1.00210305031222
31.125	0.5	1.00210366261639
31.375	0.5	1.00210424717124
31.625	0.5	1.00210480449282
31.875	0.5	1.00210533507149
32.125	0.5	1.00210583937289
32.375	0.5	1.00210631783865
32.625	0.5	1.00210677088705
32.875	0.5	1.00210719891352
33.125	0.5	1.00210760229112
33.375	0.5	1.002107981371
33.625	0.5	1.00210833648277
33.875	0.5	1.00210866793488
34.125	0.5	1.00210897601492
34.375	0.5	1.00210926098999
34.625	0.5	1.00210952310692
34.875	0.5	1.00210976259257
35.125	0.5	1.00210997965407
35.375	0.5	1.00211017447903
35.625	0.5	1.00211034723573
35.875	0.5	1.00211049807332
36.125	0.5	1.00211062712197
36.375	0.5	1.00211073449299
36.625	0.5	1.00211082027896
36.875	0.5	1.00211088455384
37.125	0.5	1.00211092737301
37.375	0.5	1.00211094877337
0.125	1.5	-0.00216821165846453
0.375	1.5	-0.00216823240004735
0.625	1.5	-0.0021682739008384
0.875	1.5	-0.00216833619610638
1.125	1.5	-0.00216841933879892
1.375	1.5	-0.00216852339959608
1.625	1.5	-0.00216864846698177
1.875	1.5	-0.00216879464733323
2.125	1.5	-0.0021689620650286
2.375	1.5	-0.00216915086257271
2.625	1.5	-0.00216936120074135
2.875	1.5	-0.00216959325874394
3.125	1.5	-0.00216984723440502
3.375	1.5	-0.00217012334436455
3.625	1.5	-0.00217042182429722
3.875	1.5	-0.002170742929151
4.125	1.5	-0.00217108693340484
4.375	1.5	-0.00217145413134555
4.625	1.5	-0.00217184483736363
4.875	1.5	-0.00217225938626739
5.125	1.5	-0.00217269813361404
5.375	1.5	-0.00217316145605577
5.625	1.5	-0.00217364975169651
5.875	1.5	-0.00217416344045303
6.125	1.5	-0.00217470296440863
6.375	1.5	-0.0021752687881409
6.625	1.5	-0.00217586139899163
6.875	1.5	-0.00217648130722701
7.125	1.5	-0.00217712904600188
7.375	1.5	-0.00217780517098589
7.625	1.5	-0.00217851025941741
7.875	1.5	-0.0021792449081996
8.125	1.5	-0.0021800097304034
8.375	1.5	-0.00218080534913236
8.625	1.5	-0.00218163238702895
8.875	1.5	-0.00218249144859136
9.125	1.5	-0.00218338309064251
9.375	1.5	-0.00218430777328597
9.625	1.5	-0.00218526577873648
9.875	1.5	-0.00218625707727237
10.125	1.5	-0.00218728110616422
10.375	1.5	-0.00218833640539663
10.625	1.5	-0.0021894200177416
10.875	1.5	-0.0021905265010819
11.125	1.5	-0.00219164630272158
11.375	1.5	-0.00219276308390679
11.625	1.5	-0.00219384931703167
11.875	1.5	-0.00219485904074739
12.125	1.5	-0.00219571593875015
12.375	1.5	-0.00219629372429251
12.625	1.5	-0.00219638386485612
12.875	1.5	-0.00219564247710943
13.125	1.5	-0.00219350295064476
13.375	1.5	-0.00218903218710295
13.625	1.5	-0.00218069407818243
13.875	1.5	-0.00216596039284208
14.125	1.5	-0.00214067069596158
14.375	1.5	-0.00209797960764456
14.625	1.5	-0.00202662584648708
14.875	1.5	-0.00190808743898391
15.125	1.5	-0.00171190993388262
15.375	1.5	-0.0013880439455137
15.625	1.5	-0.00085430369125022
15.875	1.5	2.40894231445524e-05
16.125	1.5	0.00146768245086319
16.375	1.5	0.00383608035089981
16.625	1.5	0.00771216534029724
16.875	1.5	0.0140315215566371
17.125	1.5	0.0242716072739598
17.375	1.5	0.0407028544730131
17.625	1.5	0.0666564237078457
17.875	1.5	0.106639919800705
18.125	1.5	0.165898067366658
18.375	1.5	0.24877733022696
18.625	1.5	0.35555926870551
18.875	1.5	0.479159422107207
19.125	1.5	0.605391471191553
19.375	1.5	0.718816262544367
19.625	1.5	0.809731317923574
19.875	1.5	0.876303081145843
20.125	1.5	0.921965761619222
20.375	1.5	0.951928321322311
20.625	1.5	0.971029860654027
20.875	1.5	0.982986855514827
21.125	1.5	0.99038695782095
21.375	1.5	0.994934987608918
21.625	1.5	0.997718414572485
21.875	1.5	0.999417702184442
22.125	1.5	1.0004537493068
22.375	1.5	1.00108509385573
22.625	1.5	1.00146987487256
22.875	1.5	1.00170457381016
23.125	1.5	1.00184796336264
23.375	1.5	1.00193581198017
23.625	1.5	1.00198987569869
23.875	1.5	1.0020233831485
24.125	1.5	1.00204437642454
24.375	1.5	1.00205774414199
24.625	1.5	1.00206645795366
24.875	1.5	1.00207232435593
25.125	1.5	1.00207644169568
25.375	1.5	1.00207947794048
25.625	1.5	1.00208183949522
25.875	1.5	1.00208377379698
26.125	1.5	1.00208543166314
26.375	1.5	1.00208690518059
26.625	1.5	1.00208825073103
26.875	1.5	1.00208950298354
27.125	1.5	1.00209068339802
27.375	1.5	1.00209180539294
27.625	1.5	1.00209287748616
27.875	1.5	1.00209390520381
28.125	1.5	1.0020948922407
28.375	1.5	1.00209584116589
28.625	1.5	1.00209675385171
28.875	1.5	1.00209763173487
29.125	1.5	1.00209847597541
29.375	1.5	1.00209928755366
29.625	1.5	1.00210006732938
29.875	1.5	1.00210081607807
30.125	1.5	1.00210153451324
30.375	1.5	1.00210222330028
30.625	1.5	1.00210288306502
30.875	1.5	1.00210351439932
31.125	1.5	1.00210411786458
31.375	1.5	1.00210469399412
31.625	1.5	1.00210524329487
31.875	1.5	1.00210576624855
32.125	1.5	1.00210626331258
32.375	1.5	1.00210673492083
32.625	1.5	1.0021071814842
32.875	1.5	1.00210760339118
33.125	1.5	1.00210800100831
33.375	1.5	1.00210837468059
33.625	1.5	1.00210872473187
33.875	1.5	1.0021090514652
34.125	1.5	1.00210935516319
34.375	1.5	1.00210963608826
34.625	1.5	1.00210989448296
34.875	1.5	1.00211013057022
35.125	1.5	1.00211034455356
35.375	1.5	1.00211053661735
35.625	1.5	1.00211070692696
35.875	1.5	1.00211085562896
36.125	1.5	1.00211098285125
36.375	1.5	1.00211108870323
36.625	1.5	1.00211117327589
36.875	1.5	1.00211123664189
37.125	1.5	1.00211127885568
37.375	1.5	1.00211129995351
0.125	2.5	-0.00216752878856005
0.375	2.5	-0.0021675489465415
0.625	2.5	-0.00216758927953701
0.875	2.5	-0.00216764982162899
1.125	2.5	-0.0021677306239838
1.375	2.5	-0.00216783175490316
1.625	2.5	-0.00216795329989272
1.875	2.5	-0.00216809536174785
2.125	2.5	-0.00216825806065701
2.375	2.5	-0.00216844153432241
2.625	2.5	-0.0021686459380985
2.875	2.5	-0.00216887144514812
3.125	2.5	-0.00216911824661666
3.375	2.5	-0.00216938655182432
3.625	2.5	-0.00216967658847656
3.875	2.5	-0.00216998860289303
4.125	2.5	-0.0021703228602548
4.375	2.5	-0.00217067964487002
4.625	2.5	-0.00217105926045767
4.875	2.5	-0.00217146203044864
5.125	2.5	-0.00217188829830311
5.375	2.5	-0.00217233842784177
5.625	2.5	-0.00217281280358698
5.875	2.5	-0.00217331183110701
6.125	2.5	-0.00217383593735203
6.375	2.5	-0.00217438557096273
6.625	2.5	-0.00217496120251975
6.875	2.5	-0.00217556332468166
7.125	2.5	-0.00217619245212465
7.375	2.5	-0.00217684912114113
7.625	2.5	-0.0021775338886617
7.875	2.5	-0.00217824733031256
8.125	2.5	-0.0021789900368699
8.375	2.5	-0.00217976260806001
8.625	2.5	-0.00218056564197536
8.875	2.5	-0.0021813997172599
9.125	2.5	-0.0021822653633793
9.375	2.5	-0.00218316301126827
9.625	2.5	-0.00218409291167257
9.875	2.5	-0.00218505500031758
10.125	2.5	-0.00218604867556798
10.375	2.5	-0.00218707243208321
10.625	2.5	-0.00218812325751298
10.875	2.5	-0.00218919563928578
11.125	2.5	-0.00219027992983551
11.375	2.5	-0.00219135965619967
11.625	2.5	-0.00219240709269507
11.875	2.5	-0.00219337597568858
12.125	2.5	-0.00219418951603525
12.375	2.5	-0.00219472067443958
12.625	2.5	-0.0021947597065549
12.875	2.5	-0.00219396076249746
13.125	2.5	-0.00219175402450474
13.375	2.5	-0.00218720114636621
13.625	2.5	-0.0021787574158802
13.875	2.5	-0.00216388047816545
14.125	2.5	-0.00213838669581131
14.375	2.5	-0.00209539255830894
14.625	2.5	-0.00202357411424129
14.875	2.5	-0.00190430640512738
15.125	2.5	-0.00170696582627683
15.375	2.5	-0.00138122540949791
15.625	2.5	-0.00084444457444016
15.875	2.5	3.88984536189314e-05
16.125	2.5	0.00149055981305948
16.375	2.5	0.00387209716901539
16.625	2.5	0.00776950801374339
16.875	2.5	0.0141232446679732
17.125	2.5	0.0244181063238941
17.375	2.5	0.0409349107738067
17.625	2.5	0.0670178085298523
17.875	2.5	0.107186564103019
18.125	2.5	0.166687698393828
18.375	2.5	0.249842308074828
18.625	2.5	0.356865501837294
18.875	2.5	0.480581975810049
19.125	2.5	0.606750782439343
19.375	2.5	0.719963252766789
19.625	2.5	0.810604309139116
19.875	2.5	0.876918495982222
20.125	2.5	0.92237738226481
20.375	2.5	0.952194472619307
20.625	2.5	0.971198486224972
20.875	2.5	0.983092551547023
21.125	2.5	0.990452979663504
21.375	2.5	0.994976342242423
21.625	2.5	0.997744555861385
21.875	2.5	0.999434500806052
22.125	2.5	1.00046481964465
22.375	2.5	1.00109264982458
22.625	2.5	1.00147526855488
22.875	2.5	1.00170862965457
23.125	2.5	1.0018511837885
23.375	2.5	1.0019385032277
23.625	2.5	1.0019922246259
23.875	2.5	1.00202550400761
24.125	2.5	1.00204633932109
24.375	2.5	1.00205959233792
24.625	2.5	1.00206821838324
24.875	2.5	1.00207401401553
25.125	2.5	1.00207807152593
25.375	2.5	1.00208105518493
25.625	2.5	1.00208336913363
25.875	2.5	1.00208525941647
26.125	2.5	1.00208687598789
26.375	2.5	1.0020883103942
26.625	2.5	1.00208961867297
26.875	2.5	1.00209083526899
27.125	2.5	1.00209198149131
27.375	2.5	1.00209307065276
27.625	2.5	1.00209411119349
27.875	2.5	1.00209510857949
28.125	2.5	1.00209606645666
28.375	2.5	1.0020969873524
28.625	2.5	1.00209787310236
28.875	2.5	1.00209872511
29.125	2.5	1.00209954450475
29.375	2.5	1.00210033223828
29.625	2.5	1.00210108914341
29.875	2.5	1.00210181597009
30.125	2.5	1.0021025134076
30.375	2.5	1.00210318209823
30.625	2.5	1.00210382264587
30.875	2.5	1.00210443562144
31.125	2.5	1.00210502156643
31.375	2.5	1.0021055809952
31.625	2.5	1.00210611439666
31.875	2.5	1.00210662223541
32.125	2.5	1.00210710495264
32.375	2.5	1.00210756296684
32.625	2.5	1.00210799667436
32.875	2.5	1.00210840644998
33.125	2.5	1.00210879264729
33.375	2.5	1.00210915559914
33.625	2.5	1.00210949561798
33.875	2.5	1.00210981299623
34.125	2.5	1.00211010800658
34.375	2.5	1.00211038090225
34.625	2.5	1.0021106319173
34.875	2.5	1.00211086126688
35.125	2.5	1.00211106914741
35.375	2.5	1.0021112557368
35.625	2.5	1.00211142119468
35.875	2.5	1.0021115656625
36.125	2.5	1.00211168926373
36.375	2.5	1.00211179210394
36.625	2.5	1.00211187427097
36.875	2.5	1.00211193583495
37.125	2.5	1.00211197684844
37.375	2.5	1.00211199734644
0.125	3.5	-0.00216651647160039
0.375	3.5	-0.00216653576640089
0.625	3.5	-0.00216657437216008
0.875	3.5	-0.0021666323212105
1.125	3.5	-0.00216670966209109
1.375	3.5	-0.00216680645959539
1.625	3.5	-0.00216692279483592
1.875	3.5	-0.00216705876532472
2.125	3.5	-0.00216721448507026
2.375	3.5	-0.00216739008469076
2.625	3.5	-0.00216758571154406
2.875	3.5	-0.0021678015298742
3.125	3.5	-0.0021680377209748
3.375	3.5	-0.0021682944833694
3.625	3.5	-0.00216857203300897
3.875	3.5	-0.00216887060348657
4.125	3.5	-0.00216919044626922
4.375	3.5	-0.00216953183094703
4.625	3.5	-0.00216989504549902
4.875	3.5	-0.00217028039657525
5.125	3.5	-0.00217068820979374
5.375	3.5	-0.00217111883004995
5.625	3.5	-0.00217157262183481
5.875	3.5	-0.00217204996955434
6.125	3.5	-0.0021725512778393
6.375	3.5	-0.00217307697182574
6.625	3.5	-0.00217362749737419
6.875	3.5	-0.00217420332117479
7.125	3.5	-0.00217480493065082
7.375	3.5	-0.00217543283351655
7.625	3.5	-0.00217608755675191
7.875	3.5	-0.00217676964460279
8.125	3.5	-0.00217747965496324
8.375	3.5	-0.00217821815307954
8.625	3.5	-0.00217898570083226
8.875	3.5	-0.00217978283872575
9.125	3.5	-0.00218061005586244
9.375	3.5	-0.00218146774013043
9.625	3.5	-0.00218235609581717
9.875	3.5	-0.00218327500760948
10.125	3.5	-0.00218422381636079
10.375	3.5	-0.00218520094966473
10.625	3.5	-0.00218620331351245
10.875	3.5	-0.00218722529082494
11.125	3.5	-0.00218825709312933
11.375	3.5	-0.00218928204789621
11.625	3.5	-0.0021902721346219
11.875	3.5	-0.00219118063942243
12.125	3.5	-0.00219193006848938
12.375	3.5	-0.0021923922606165
12.625	3.5	-0.00219235566440111
12.875	3.5	-0.00219147149699326
13.125	3.5	-0.00218916515657779
13.375	3.5	-0.00218449046873855
13.625	3.5	-0.00217588988621964
13.875	3.5	-0.00216079998386402
14.125	3.5	-0.00213500250968449
14.375	3.5	-0.0020915570666098
14.625	3.5	-0.00201904620547896
14.875	3.5	-0.00189869132277741
15.125	3.5	-0.00169961645042746
15.375	3.5	-0.00137108049171895
15.625	3.5	-0.000829764360318421
15.875	3.5	6.09624180271909e-05
16.125	3.5	0.0015246596104502
16.375	3.5	0.00392579744515672
16.625	3.5	0.00785501904812984
16.875	3.5	0.0142600337791167
17.125	3.5	0.0246365770561963
17.375	3.5	0.0412809209495475
17.625	3.5	0.0675564988211339
17.875	3.5	0.108001006176336
18.125	3.5	0.167863261570006
18.375	3.5	0.251426026398125
18.625	3.5	0.358805111529799
18.875	3.5	0.482690614466006
19.125	3.5	0.608762075220338
19.375	3.5	0.721657711984076
19.625	3.5	0.811892408173382
19.875	3.5	0.87782575544309
20.125	3.5	0.92298385737603
20.375	3.5	0.952586476653058
20.625	3.5	0.971446797721289
20.875	3.5	0.983248180071463
21.125	3.5	0.990550189340043
21.375	3.5	0.995037235168315
21.625	3.5	0.997783052292336
21.875	3.5	0.999459243798925
22.125	3.5	1.0004811300461
22.375	3.5	1.00110378668007
22.625	3.5	1.00148322219501
22.875	3.5	1.00171461370285
23.125	3.5	1.00185593783093
23.375	3.5	1.00194247806949
23.625	3.5	1.00199569533787
23.875	3.5	1.00202863878163
24.125	3.5	1.00204924136251
24.375	3.5	1.00206232533622
24.625	3.5	1.00207082199205
24.875	3.5	1.00207651325876
25.125	3.5	1.00208048251263
25.375	3.5	1.00208338858159
25.625	3.5	1.00208563227413
25.875	3.5	1.00208745758451
26.125	3.5	1.00208901319684
26.375	3.5	1.00209038986169
26.625	3.5	1.00209164311001
26.875	3.5	1.00209280705653
27.125	3.5	1.00209390278829
27.375	3.5	1.00209494346258
27.625	3.5	1.00209593740526
27.875	3.5	1.00209688999388
28.125	3.5	1.00209780480231
28.375	3.5	1.00209868429672
28.625	3.5	1.00209953025876
28.875	3.5	1.00210034404305
29.125	3.5	1.00210112673392
29.375	3.5	1.00210187924093
29.625	3.5	1.00210260235724
29.875	3.5	1.00210329679523
30.125	3.5	1.0021039632085
30.375	3.5	1.00210460220539
30.625	3.5	1.00210521435747
30.875	3.5	1.00210580020488
31.125	3.5	1.00210636025976
31.375	3.5	1.00210689500861
31.625	3.5	1.00210740491381
31.875	3.5	1.00210789041476
32.125	3.5	1.00210835192877
32.375	3.5	1.00210878985166
32.625	3.5	1.00210920455841
32.875	3.5	1.00210959640356
33.125	3.5	1.00210996572168
33.375	3.5	1.0021103128277
33.625	3.5	1.00211063801733
33.875	3.5	1.00211094156729
34.125	3.5	1.00211122373568
34.375	3.5	1.00211148476219
34.625	3.5	1.00211172486838
34.875	3.5	1.00211194425792
35.125	3.5	1.00211214311676
35.375	3.5	1.00211232161336
35.625	3.5	1.00211247989885
35.875	3.5	1.00211261810716
36.125	3.5	1.0021127363552
36.375	3.5	1.00211283474296
36.625	3.5	1.00211291335359
36.875	3.5	1.00211297225353
37.125	3.5	1.00211301149253
37.375	3.5	1.00211303110375
0.125	4.5	-0.00216518886778242
0.375	4.5	-0.00216520703421388
0.625	4.5	-0.00216524338209637
0.875	4.5	-0.00216529794148377
1.125	4.5	-0.00216537075749362
1.375	4.5	-0.00216546189035125
1.625	4.5	-0.00216557141544857
1.875	4.5	-0.00216569942341784
2.125	4.5	-0.00216584602022025
2.375	4.5	-0.00216601132724963
2.625	4.5	-0.00216619548145115
2.875	4.5	-0.00216639863545544
3.125	4.5	-0.00216662095772796
3.375	4.5	-0.00216686263273395
3.625	4.5	-0.00216712386111894
3.875	4.5	-0.00216740485990502
4.125	4.5	-0.00216770586270271
4.375	4.5	-0.00216802711993851
4.625	4.5	-0.00216836889909761
4.875	4.5	-0.00216873148498119
5.125	4.5	-0.00216911517997682
5.375	4.5	-0.00216952030433974
5.625	4.5	-0.00216994719648072
5.875	4.5	-0.00217039621325369
6.125	4.5	-0.00217086773023116
6.375	4.5	-0.00217136214194819
6.625	4.5	-0.00217187986208224
6.875	4.5	-0.00217242132351556
7.125	4.5	-0.00217298697819153
7.375	4.5	-0.00217357729661934
7.625	4.5	-0.00217419276678686
7.875	4.5	-0.00217483389208617
8.125	4.5	-0.00217550118760111
8.375	4.5	-0.00217619517368525
8.625	4.5	-0.00217691636506732
8.875	4.5	-0.00217766525258285
9.125	4.5	-0.0021784422727579
9.375	4.5	-0.00217924775738941
9.625	4.5	-0.00218008185019672
9.875	4.5	-0.00218094436927662
10.125	4.5	-0.00218183458036866
10.375	4.5	-0.00218275082335302
10.625	4.5	-0.00218368989724441
10.875	4.5	-0.00218464604780411
11.125	4.5	-0.00218560930129254
11.375	4.5	-0.00218656272235966
11.625	4.5	-0.00218747790171983
11.875	4.5	-0.00218830753113941
12.125	4.5	-0.00218897318594869
12.375	4.5	-0.00218934522215054
12.625	4.5	-0.00218920969920691
12.875	4.5	-0.00218821395567099
13.125	4.5	-0.00218577706227213
13.375	4.5	-0.00218094248985013
13.625	4.5	-0.00217213571243378
13.875	4.5	-0.002156765430936
14.125	4.5	-0.00213056760007675
14.375	4.5	-0.00208652656295237
14.625	4.5	-0.00201310117253877
14.875	4.5	-0.00189130955023754
15.125	4.5	-0.00168994184587654
15.375	4.5	-0.00135770906639633
15.625	4.5	-0.000810394476957791
15.875	4.5	9.00991073137035e-05
16.125	4.5	0.00156971726934972
16.375	4.5	0.00399678229699492
16.625	4.5	0.00796807970794987
16.875	4.5	0.0144409092205543
17.125	4.5	0.0249254459873963
17.375	4.5	0.0417383339532399
17.625	4.5	0.0682683398370101
17.875	4.5	0.109076497080497
18.125	4.5	0.169413966615868
18.375	4.5	0.253511905977753
18.625	4.5	0.361354489159613
18.875	4.5	0.485455464197752
19.125	4.5	0.611392787755728
19.375	4.5	0.723869212657785
19.625	4.5	0.813570727950514
19.875	4.5	0.879006460780679
20.125	4.5	0.923772505978849
20.375	4.5	0.953095983824561
20.625	4.5	0.971769450434459
20.875	4.5	0.983450374408037
21.125	4.5	0.990676481806432
21.375	4.5	0.995116350984603
21.625	4.5	0.997833077231276
21.875	4.5	0.999491405201433
22.125	4.5	1.00050233898674
22.375	4.5	1.00111827600013
22.625	4.5	1.00149357687039
22.875	4.5	1.0017224099393
23.125	4.5	1.00186213617892
23.375	4.5	1.00194766402808
23.625	4.5	1.00200022617151
23.875	4.5	1.00203273294449
24.125	4.5	1.00205303290551
24.375	4.5	1.00206589698695
24.625	4.5	1.0020742252598
24.875	4.5	1.00207978065109
25.125	4.5	1.00208363495799
25.375	4.5	1.00208643993926
25.625	4.5	1.00208859207473
25.875	4.5	1.00209033269577
26.125	4.5	1.0020918088366
26.375	4.5	1.0020931102143
26.625	4.5	1.00209429170191
26.875	4.5	1.00209538698554
27.125	4.5	1.00209641686399
27.375	4.5	1.00209739429269
27.625	4.5	1.00209832744917
27.875	4.5	1.00209922159617
28.125	4.5	1.00210008021417
28.375	4.5	1.00210090568987
28.625	4.5	1.00210169973491
28.875	4.5	1.00210246364051
29.125	4.5	1.00210319843251
29.375	4.5	1.00210390496587
29.625	4.5	1.00210458398225
29.875	4.5	1.00210523614531
30.125	4.5	1.00210586206235
30.375	4.5	1.00210646229767
30.625	4.5	1.00210703738087
30.875	4.5	1.00210758781213
31.125	4.5	1.00210811406556
31.375	4.5	1.00210861659143
31.625	4.5	1.0021090958177
31.875	4.5	1.00210955215108
32.125	4.5	1.00210998597782
32.375	4.5	1.00211039766437
32.625	4.5	1.00211078755791
32.875	4.5	1.00211115598672
33.125	4.5	1.00211150326065
33.375	4.5	1.00211182967142
33.625	4.5	1.00211213549291
33.875	4.5	1.00211242098151
34.125	4.5	1.00211268637635
34.375	4.5	1.00211293189954
34.625	4.5	1.00211315775641
34.875	4.5	1.00211336413571
35.125	4.5	1.00211355120981
35.375	4.5	1.00211371913486
35.625	4.5	1.00211386805096
35.875	4.5	1.00211399808228
36.125	4.5	1.00211410933721
36.375	4.5	1.00211420190845
36.625	4.5	1.00211427587311
36.875	4.5	1.00211433129279
37.125	4.5	1.00211436821363
37.375	4.5	1.00211438666637
0.125	5.5	-0.0021635644867374
0.375	5.5	-0.0021635812783505
0.625	5.5	-0.00216361487521598
0.875	5.5	-0.0021636653046255
1.125	5.5	-0.00216373260754911
1.375	5.5	-0.00216381683867443
1.625	5.5	-0.00216391806645886
1.875	5.5	-0.00216403637319493
2.125	5.5	-0.00216417185508905
2.375	5.5	-0.00216432462235334
2.625	5.5	-0.00216449479931111
2.875	5.5	-0.00216468252451575
3.125	5.5	-0.00216488795088319
3.375	5.5	-0.00216511124583827
3.625	5.5	-0.00216535259147471
3.875	5.5	-0.00216561218472912
4.125	5.5	-0.00216589023756872
4.375	5.5	-0.00216618697719282
4.625	5.5	-0.00216650264624751
4.875	5.5	-0.002166837503053
5.125	5.5	-0.002167191821842
5.375	5.5	-0.00216756589300674
5.625	5.5	-0.00216796002335053
5.875	5.5	-0.00216837453633651
6.125	5.5	-0.00216880977232176
6.375	5.5	-0.00216926608875696
6.625	5.5	-0.00216974386031859
6.875	5.5	-0.00217024347891945
7.125	5.5	-0.00217076535350784
7.375	5.5	-0.00217130990950754
7.625	5.5	-0.00217187758765549
7.875	5.5	-0.00217246884183609
8.125	5.5	-0.00217308413525297
8.375	5.5	-0.00217372393385228
8.625	5.5	-0.00217438869521124
8.875	5.5	-0.00217507884995218
9.125	5.5	-0.00217579477084471
9.375	5.5	-0.00217653672163666
9.625	5.5	-0.0021773047725171
9.875	5.5	-0.00217809866066227
10.125	5.5	-0.00217891756040788
10.375	5.5	-0.00217975970470771
10.625	5.5	-0.00218062176188724
10.875	5.5	-0.00218149780974998
11.125	5.5	-0.00218237764716121
11.375	5.5	-0.0021832440155156
11.625	5.5	-0.0021840680265346
11.875	5.5	-0.00218480163878218
12.125	5.5	-0.00218536527819713
12.375	5.5	-0.00218562746872037
12.625	5.5	-0.00218537131664612
12.875	5.5	-0.00218423936488494
13.125	5.5	-0.00218164285916562
13.375	5.5	-0.00217661246323989
13.625	5.5	-0.00216755264946674
13.875	5.5	-0.00215183763825248
14.125	5.5	-0.00212514673481235
14.375	5.5	-0.00208037117766573
14.625	5.5	-0.00200581678877245
14.875	5.5	-0.00188225020739769
15.125	5.5	-0.00167804851919797
15.375	5.5	-0.00134124490505528
15.625	5.5	-0.00078651214550561
15.875	5.5	0.000126061300338975
16.125	5.5	0.00162537197263015
16.375	5.5	0.00408450566897149
16.625	5.5	0.00810784088261054
16.875	5.5	0.0146645249848919
17.125	5.5	0.0252825514564127
17.375	5.5	0.0423036502603955
17.625	5.5	0.0691476493913628
17.875	5.5	0.11040385157492
18.125	5.5	0.171325228456574
18.375	5.5	0.256077731206369
18.625	5.5	0.364482315021909
18.875	5.5	0.488837302351249
19.125	5.5	0.614600575277266
19.375	5.5	0.72655849425961
19.625	5.5	0.815607342014918
19.875	5.5	0.880437102193254
20.125	5.5	0.924727165641672
20.375	5.5	0.953712368815929
20.625	5.5	0.972159648978011
20.875	5.5	0.983694855905889
21.125	5.5	0.99082918202142
21.375	5.5	0.995212017752677
21.625	5.5	0.997893579445895
21.875	5.5	0.999530315568554
22.125	5.5	1.00052801121477
22.375	5.5	1.00113582616095
22.625	5.5	1.00150612923175
22.875	5.5	1.00173186953024
23.125	5.5	1.00186966394507
23.375	5.5	1.00195396762965
23.625	5.5	1.00200573742365
23.875	5.5	1.00203771589351
24.125	5.5	1.00205764958441
24.375	5.5	1.00207024739602
24.625	5.5	1.00207837166608
24.875	5.5	1.00208376235402
25.125	5.5	1.00208747726104
25.375	5.5	1.00209015960108
25.625	5.5	1.00209220062184
25.875	5.5	1.00209383843605
26.125	5.5	1.00209521808372
26.375	5.5	1.0020964280329
26.625	5.5	1.00209752236163
26.875	5.5	1.00209853423813
27.125	5.5	1.00209948411304
27.375	5.5	1.00210038469803
27.625	5.5	1.00210124399153
27.875	5.5	1.00210206711774
28.125	5.5	1.00210285744442
28.375	5.5	1.00210361726243
28.625	5.5	1.00210434819893
28.875	5.5	1.00210505146865
29.125	5.5	1.00210572802692
29.375	5.5	1.00210637866276
29.625	5.5	1.00210700405575
29.875	5.5	1.00210760481076
30.125	5.5	1.0021081814792
30.375	5.5	1.00210873457222
30.625	5.5	1.00210926456877
30.875	5.5	1.00210977192081
31.125	5.5	1.00211025705651
31.375	5.5	1.00211072038244
31.625	5.5	1.00211116228496
31.875	5.5	1.00211158313129
32.125	5.5	1.00211198327022
32.375	5.5	1.00211236303272
32.625	5.5	1.00211272273236
32.875	5.5	1.00211306266574
33.125	5.5	1.00211338311283
33.375	5.5	1.00211368433726
33.625	5.5	1.00211396658662
33.875	5.5	1.00211423009268
34.125	5.5	1.00211447507167
34.375	5.5	1.00211470172445
34.625	5.5	1.00211491023672
34.875	5.5	1.00211510077924
35.125	5.5	1.00211527350792
35.375	5.5	1.00211542856406
35.625	5.5	1.00211556607442
35.875	5.5	1.00211568615137
36.125	5.5	1.00211578889301
36.375	5.5	1.00211587438323
36.625	5.5	1.00211594269184
36.875	5.5	1.00211599387458
37.125	5.5	1.00211602797322
37.375	5.5	1.00211604501559
0.125	6.5	-0.00216166587940695
0.375	6.5	-0.00216168107246546
0.625	6.5	-0.00216171147062709
0.875	6.5	-0.00216175709799229
1.125	6.5	-0.00216181799073955
1.375	6.5	-0.0021618941971588
1.625	6.5	-0.00216198577769609
1.875	6.5	-0.00216209280500933
2.125	6.5	-0.00216221536403553
2.375	6.5	-0.00216235355206926
2.625	6.5	-0.00216250747885264
2.875	6.5	-0.0021626772666768
3.125	6.5	-0.002162863050495
3.375	6.5	-0.00216306497804742
3.625	6.5	-0.00216328320999767
3.875	6.5	-0.00216351792008106
4.125	6.5	-0.0021637692952646
4.375	6.5	-0.0021640375359184
4.625	6.5	-0.00216432285599824
4.875	6.5	-0.00216462548323829
5.125	6.5	-0.00216494565935262
5.375	6.5	-0.00216528364024295
5.625	6.5	-0.00216563969620815
5.875	6.5	-0.00216601411214843
6.125	6.5	-0.00216640718775171
6.375	6.5	-0.00216681923764222
6.625	6.5	-0.00216725059145776
6.875	6.5	-0.00216770159380032
7.125	6.5	-0.0021681726039691
7.375	6.5	-0.00216866399532566
7.625	6.5	-0.00216917615404417
7.875	6.5	-0.00216970947683964
8.125	6.5	-0.00217026436700437
8.375	6.5	-0.00217084122765014
8.625	6.5	-0.00217144045034199
8.875	6.5	-0.00217206239613831
9.125	6.5	-0.00217270736412515
9.375	6.5	-0.00217337553936209
9.625	6.5	-0.00217406690694044
9.875	6.5	-0.00217478111027134
10.125	6.5	-0.00217551721759838
10.375	6.5	-0.0021762733374922
10.625	6.5	-0.00217704598585004
10.875	6.5	-0.00217782904401316
11.125	6.5	-0.00217861204410375
11.375	6.5	-0.0021793773473667
11.625	6.5	-0.00218009550106723
11.875	6.5	-0.00218071759840338
12.125	6.5	-0.00218116270722809
12.375	6.5	-0.00218129718511071
12.625	6.5	-0.00218090064448284
12.875	6.5	-0.00217960995261994
13.125	6.5	-0.00217682709224704
13.375	6.5	-0.00217156756412804
13.625	6.5	-0.0021622109730268
13.875	6.5	-0.00214609070879283
14.125	6.5	-0.00211881899088375
14.375	6.5	-0.00207317679694023
14.625	6.5	-0.00199728871428537
14.875	6.5	-0.00187162354721847
15.125	6.5	-0.00166406918003448
15.375	6.5	-0.0013218560390159
15.625	6.5	-0.000758341799343289
15.875	6.5	0.000168533584953955
16.125	6.5	0.00169116058074911
16.375	6.5	0.00418826352661218
16.625	6.5	0.0082732046876573
16.875	6.5	0.014929138396488
17.125	6.5	0.0257050952201073
17.375	6.5	0.0429723478204
17.625	6.5	0.0701871118425585
17.875	6.5	0.111971313334035
18.125	6.5	0.173578534554368
18.375	6.5	0.259095604136065
18.625	6.5	0.36814974322541
18.875	6.5	0.492788106248168
19.125	6.5	0.618334210301409
19.375	6.5	0.729678525629774
19.625	6.5	0.81796428212223
19.875	6.5	0.882089859556571
20.125	6.5	0.92582877193356
20.375	6.5	0.954423123094223
20.625	6.5	0.972609402485318
20.875	6.5	0.983976595859029
21.125	6.5	0.99100514629645
21.375	6.5	0.995322270062905
21.625	6.5	0.997963322352038
21.875	6.5	0.999575186534372
22.125	6.5	1.00055763330606
22.375	6.5	1.00115609237815
22.625	6.5	1.00152063816816
22.875	6.5	1.00174281541668
23.125	6.5	1.00187838397988
23.375	6.5	1.00196127692289
23.625	6.5	1.00201213336843
23.875	6.5	1.00204350264445
24.125	6.5	1.00206301379337
24.375	6.5	1.00207530426156
24.625	6.5	1.00208319292224
24.875	6.5	1.00208839327819
25.125	6.5	1.00209194700822
25.375	6.5	1.00209448748328
25.625	6.5	1.00209639992402
25.875	6.5	1.00209791873567
26.125	6.5	1.00209918666133
26.375	6.5	1.00210029073056
26.625	6.5	1.00210128410594
26.875	6.5	1.00210219935955
27.125	6.5	1.00210305654133
27.375	6.5	1.00210386808251
27.625	6.5	1.00210464177561
27.875	6.5	1.00210538258557
28.125	6.5	1.00210609375066
28.375	6.5	1.00210677745162
28.625	6.5	1.00210743521858
28.875	6.5	1.00210806817846
29.125	6.5	1.00210867720554
29.375	6.5	1.00210926301317
29.625	6.5	1.0021098262096
29.875	6.5	1.00211036733212
30.125	6.5	1.00211088686798
30.375	6.5	1.00211138526722
30.625	6.5	1.00211186295061
30.875	6.5	1.00211232031467
31.125	6.5	1.00211275773478
31.375	6.5	1.00211317556722
31.625	6.5	1.00211357415058
31.875	6.5	1.00211395380666
32.125	6.5	1.00211431484116
32.375	6.5	1.0021146575442
32.625	6.5	1.00211498219075
32.875	6.5	1.00211528904094
33.125	6.5	1.00211557834036
33.375	6.5	1.00211585032036
33.625	6.5	1.00211610519821
33.875	6.5	1.00211634317741
34.125	6.5	1.0021165644478
34.375	6.5	1.00211676918579
34.625	6.5	1.0021169575545
34.875	6.5	1.00211712970395
35.125	6.5	1.00211728577115
35.375	6.5	1.00211742588026
35.625	6.5	1.00211755014271
35.875	6.5	1.00211765865728
36.125	6.5	1.0021177515102
36.375	6.5	1.00211782877525
36.625	6.5	1.0021178905138
36.875	6.5	1.00211793677487
37.125	6.5	1.00211796759519
37.375	6.5	1.00211798299924
0.125	7.5	-0.00215951926459016
0.375	7.5	-0.0021595326615948
0.625	7.5	-0.00215955946587106
0.875	7.5	-0.00215959969796198
1.125	7.5	-0.00215965338870465
1.375	7.5	-0.00215972057925735
1.625	7.5	-0.00215980132113564
1.875	7.5	-0.00215989567625767
2.125	7.5	-0.00216000371699853
2.375	7.5	-0.00216012552625389
2.625	7.5	-0.00216026119751284
2.875	7.5	-0.00216041083494012
3.125	7.5	-0.00216057455346761
3.375	7.5	-0.00216075247889533
3.625	7.5	-0.00216094474800189
3.875	7.5	-0.00216115150866422
4.125	7.5	-0.00216137291998682
4.375	7.5	-0.00216160915243983
4.625	7.5	-0.00216186038800593
4.875	7.5	-0.00216212682033468
5.125	7.5	-0.00216240865490318
5.375	7.5	-0.00216270610918009
5.625	7.5	-0.00216301941278867
5.875	7.5	-0.00216334880766128
6.125	7.5	-0.00216369454817285
6.375	7.5	-0.0021640569012328
6.625	7.5	-0.00216443614630103
6.875	7.5	-0.002164832575272
7.125	7.5	-0.00216524649213387
7.375	7.5	-0.00216567821225008
7.625	7.5	-0.00216612806101159
7.875	7.5	-0.0021665963714458
8.125	7.5	-0.00216708348010036
8.375	7.5	-0.00216758972008009
8.625	7.5	-0.00216811540939128
8.875	7.5	-0.00216866083155553
9.125	7.5	-0.00216922620349548
9.375	7.5	-0.00216981162246819
9.625	7.5	-0.00217041697851469
9.875	7.5	-0.00217104181016057
10.125	7.5	-0.00217168506673275
10.375	7.5	-0.00217234471701402
10.625	7.5	-0.00217301710505335
10.875	7.5	-0.00217369588993935
11.125	7.5	-0.00217437030102111
11.375	7.5	-0.00217502226676367
11.625	7.5	-0.00217562169028411
11.875	7.5	-0.0021761186754499
12.125	7.5	-0.00217643073547127
12.375	7.5	-0.00217642174579432
12.625	7.5	-0.00217586731334914
12.875	7.5	-0.00217439779603745
13.125	7.5	-0.00217140455003823
13.375	7.5	-0.0021658856779878
13.625	7.5	-0.00215619224791944
13.875	7.5	-0.00213961079075326
14.125	7.5	-0.00211167653078933
14.375	7.5	-0.00206504389244614
14.625	7.5	-0.00198762944262732
14.875	7.5	-0.00185956012569566
15.125	7.5	-0.00164816231027496
15.375	7.5	-0.00129974501805014
15.625	7.5	-0.000726156509021308
15.875	7.5	0.000217128988032417
16.125	7.5	0.00176651105558337
16.375	7.5	0.00430718205953276
16.625	7.5	0.00846280430218024
16.875	7.5	0.0152325768700844
17.125	7.5	0.0261895895909236
17.375	7.5	0.0437388018818888
17.625	7.5	0.0713776653172078
17.875	7.5	0.113764416932625
18.125	7.5	0.176151323144135
18.375	7.5	0.262531942999983
18.625	7.5	0.372310687121358
18.875	7.5	0.49725176443711
19.125	7.5	0.622534681004153
19.375	7.5	0.733175758620273
19.625	7.5	0.820598691454759
19.875	7.5	0.883933516196779
20.125	7.5	0.927056014429185
20.375	7.5	0.955214297130791
20.625	7.5	0.973109811332519
20.875	7.5	0.984289997159534
21.125	7.5	0.991200875939553
21.375	7.5	0.995444919763647
21.625	7.5	0.998040928067141
21.875	7.5	0.999625138427539
22.125	7.5	1.000590631197
22.375	7.5	1.0011786880663
22.625	7.5	1.00153683238484
22.875	7.5	1.00175504756931
23.125	7.5	1.00188814069199
23.375	7.5	1.00196946440524
23.625	7.5	1.00201930461858
23.875	7.5	1.00204999582848
24.125	7.5	1.00206903644147
24.375	7.5	1.00208098446246
24.625	7.5	1.0020886104398
24.875	7.5	1.00209359846059
25.125	7.5	1.00209697227787
25.375	7.5	1.00209935431857
25.625	7.5	1.00210112310229
25.875	7.5	1.00210250891234
26.125	7.5	1.00210365193843
26.375	7.5	1.00210463761124
26.625	7.5	1.00210551807607
26.875	7.5	1.00210632524276
27.125	7.5	1.00210707871635
27.375	7.5	1.00210779061687
27.625	7.5	1.00210846850844
27.875	7.5	1.00210911717951
28.125	7.5	1.00210973972486
28.375	7.5	1.00211033820329
28.625	7.5	1.00211091403749
28.875	7.5	1.00211146825715
29.125	7.5	1.00211200164687
29.375	7.5	1.00211251483617
29.625	7.5	1.00211300835433
29.875	7.5	1.00211348266384
30.125	7.5	1.00211393818085
30.375	7.5	1.00211437528773
30.625	7.5	1.0021147943408
30.875	7.5	1.00211519567513
31.125	7.5	1.00211557960758
31.375	7.5	1.00211594643876
31.625	7.5	1.00211629645424
31.875	7.5	1.00211662992549
32.125	7.5	1.00211694711043
32.375	7.5	1.00211724825391
32.625	7.5	1.00211753358804
32.875	7.5	1.0021178033325
33.125	7.5	1.00211805769479
33.375	7.5	1.00211829687038
33.625	7.5	1.00211852104297
33.875	7.5	1.00211873038462
34.125	7.5	1.00211892505594
34.375	7.5	1.00211910520617
34.625	7.5	1.0021192709734
34.875	7.5	1.00211942248459
35.125	7.5	1.00211955985579
35.375	7.5	1.00211968319214
35.625	7.5	1.00211979258803
35.875	7.5	1.00211988812716
36.125	7.5	1.0021199698826
36.375	7.5	1.00212003791687
36.625	7.5	1.00212009228198
36.875	7.5	1.0021201330195
37.125	7.5	1.00212016016056
37.375	7.5	1.00212017372591
0.125	8.5	-0.00215715409758248
0.375	8.5	-0.00215716553027682
0.625	8.5	-0.00215718840400661
0.875	8.5	-0.00215722273546089
1.125	8.5	-0.00215726854969013
1.375	8.5	-0.00215732588012644
1.625	8.5	-0.00215739476861071
1.875	8.5	-0.00215747526542639
2.125	8.5	-0.00215756742934023
2.375	8.5	-0.00215767132764985
2.625	8.5	-0.0021577870362382
2.875	8.5	-0.00215791463963498
3.125	8.5	-0.00215805423108499
3.375	8.5	-0.00215820591262353
3.625	8.5	-0.00215836979515868
3.875	8.5	-0.00215854599856054
4.125	8.5	-0.00215873465175715
4.375	8.5	-0.00215893589283692
4.625	8.5	-0.00215914986915695
4.875	8.5	-0.00215937673745622
5.125	8.5	-0.00215961666397218
5.375	8.5	-0.00215986982455776
5.625	8.5	-0.00216013640479427
5.875	8.5	-0.00216041660009251
6.125	8.5	-0.00216071061576921
6.375	8.5	-0.00216101866707765
6.625	8.5	-0.00216134097915776
6.875	8.5	-0.00216167778684811
7.125	8.5	-0.00216202933426512
7.375	8.5	-0.0021623958739938
7.625	8.5	-0.00216277766563334
7.875	8.5	-0.00216317497327542
8.125	8.5	-0.00216358806122033
8.375	8.5	-0.00216401718678749
8.625	8.5	-0.00216446258833892
8.875	8.5	-0.00216492446541953
9.125	8.5	-0.00216540294592013
9.375	8.5	-0.00216589803188089
9.625	8.5	-0.00216640951014327
9.875	8.5	-0.0021669368051567
10.125	8.5	-0.00216747873660021
10.375	8.5	-0.00216803312038001
10.625	8.5	-0.00216859611191119
10.875	8.5	-0.00216916112534808
11.125	8.5	-0.00216971705507484
11.375	8.5	-0.00217024534913085
11.625	8.5	-0.00217071519360811
11.875	8.5	-0.00217107558884724
12.125	8.5	-0.00217124231142467
12.375	8.5	-0.00217107646130469
12.625	8.5	-0.00217034916347563
12.875	8.5	-0.00216868348891295
13.125	8.5	-0.00216545889432864
13.375	8.5	-0.0021596539962508
13.625	8.5	-0.00214958789687265
13.875	8.5	-0.00213249463241544
14.125	8.5	-0.00210382316593689
14.375	8.5	-0.00205608613158925
14.625	8.5	-0.00197696702234957
14.875	8.5	-0.00184620974224132
15.125	8.5	-0.00163051150161352
15.375	8.5	-0.00127514893954837
15.625	8.5	-0.000690279186642161
15.875	8.5	0.000271385806708585
16.125	8.5	0.00185073605204568
16.375	8.5	0.00444020600503622
16.625	8.5	0.00867498388352056
16.875	8.5	0.0155722047812696
17.125	8.5	0.0267318050321425
17.375	8.5	0.044596206575674
17.625	8.5	0.0727083945260122
17.875	8.5	0.115765865162944
18.125	8.5	0.179016898117447
18.375	8.5	0.266347555740788
18.625	8.5	0.376912231172251
18.875	8.5	0.502164956243267
19.125	8.5	0.627136463533207
19.375	8.5	0.736991525490891
19.625	8.5	0.823464079039204
19.875	8.5	0.88593443752874
20.125	8.5	0.928386032513562
20.375	8.5	0.956070966710274
20.625	8.5	0.973651368460229
20.875	8.5	0.984629084866841
21.125	8.5	0.991412636405805
21.375	8.5	0.995577630140572
21.625	8.5	0.998124923667214
21.875	8.5	0.999679229330625
22.125	8.5	1.00062638869598
22.375	8.5	1.00120319689043
22.625	8.5	1.0015544184953
22.875	8.5	1.00176834864608
23.125	8.5	1.00189876420007
23.375	8.5	1.00197839023425
23.625	8.5	1.00202713074061
23.875	8.5	1.00205708792114
24.125	8.5	1.00207561892399
24.375	8.5	1.00208719585069
24.625	8.5	1.00209453699263
24.875	8.5	1.00209929462718
25.125	8.5	1.0021024731225
25.375	8.5	1.00210468307084
25.625	8.5	1.0021062957456
25.875	8.5	1.00210753697326
26.125	8.5	1.00210854418295
26.375	8.5	1.00210940107718
26.625	8.5	1.00211015870204
26.875	8.5	1.00211084825212
27.125	8.5	1.00211148885227
27.375	8.5	1.00211209228686
27.625	8.5	1.0021126658739
27.875	8.5	1.00211321421175
28.125	8.5	1.00211374024081
28.375	8.5	1.00211424588873
28.625	8.5	1.00211473246271
28.875	8.5	1.0021152008879
29.125	8.5	1.0021156518525
29.375	8.5	1.00211608589593
29.625	8.5	1.00211650346259
29.875	8.5	1.00211690493451
30.125	8.5	1.00211729065141
30.375	8.5	1.00211766092288
30.625	8.5	1.00211801603588
30.875	8.5	1.00211835625941
31.125	8.5	1.00211868184736
31.375	8.5	1.00211899304036
31.625	8.5	1.00211929006699
31.875	8.5	1.00211957314447
32.125	8.5	1.0021198424793
32.375	8.5	1.00212009826755
32.625	8.5	1.00212034069521
32.875	8.5	1.00212056993838
33.125	8.5	1.00212078616346
33.375	8.5	1.00212098952734
33.625	8.5	1.0021211801775
33.875	8.5	1.00212135825214
34.125	8.5	1.00212152388032
34.375	8.5	1.00212167718204
34.625	8.5	1.00212181826834
34.875	8.5	1.0021219472414
35.125	8.5	1.00212206419461
35.375	8.5	1.00212216921262
35.625	8.5	1.00212226237146
35.875	8.5	1.00212234373854
36.125	8.5	1.00212241337274
36.375	8.5	1.00212247132445
36.625	8.5	1.00212251763558
36.875	8.5	1.00212255233966
37.125	8.5	1.00212257546177
37.375	8.5	1.00212258701865
0.125	9.5	-0.00215460258943987
0.375	9.5	-0.00215461192124221
0.625	9.5	-0.00215463059115135
0.875	9.5	-0.00215465861178058
1.125	9.5	-0.00215469600206081
1.375	9.5	-0.00215474278725369
1.625	9.5	-0.00215479899896911
1.875	9.5	-0.00215486467518712
2.125	9.5	-0.00215493986028433
2.375	9.5	-0.00215502460506458
2.625	9.5	-0.00215511896679423
2.875	9.5	-0.00215522300924172
3.125	9.5	-0.00215533680272175
3.375	9.5	-0.00215546042414369
3.625	9.5	-0.00215559395706453
3.875	9.5	-0.00215573749174598
4.125	9.5	-0.00215589112521565
4.375	9.5	-0.00215605496133194
4.625	9.5	-0.00215622911085205
4.875	9.5	-0.00215641369150195
5.125	9.5	-0.00215660882804678
5.375	9.5	-0.00215681465235856
5.625	9.5	-0.00215703130347659
5.875	9.5	-0.00215725892765237
6.125	9.5	-0.0021574976783662
6.375	9.5	-0.00215774771629355
6.625	9.5	-0.00215800920918563
6.875	9.5	-0.00215828233160554
7.125	9.5	-0.00215856726442305
7.375	9.5	-0.00215886419390912
7.625	9.5	-0.00215917331016804
7.875	9.5	-0.00215949480447618
8.125	9.5	-0.00215982886481798
8.375	9.5	-0.00216017566845211
8.625	9.5	-0.00216053536958698
8.875	9.5	-0.00216090807900557
9.125	9.5	-0.0021612938304396
9.375	9.5	-0.00216169252513713
9.625	9.5	-0.00216210384054546
9.875	9.5	-0.00216252707994518
10.125	9.5	-0.00216296092492106
10.375	9.5	-0.00216340302795606
10.625	9.5	-0.00216384934195924
10.875	9.5	-0.00216429301693966
11.125	9.5	-0.00216472258445614
11.375	9.5	-0.00216511897016688
11.625	9.5	-0.00216545057812694
11.875	9.5	-0.00216566520233435
12.125	9.5	-0.00216567671783854
12.375	9.5	-0.00216534318219678
12.625	9.5	-0.00216443080373164
12.875	9.5	-0.00216255465571483
13.125	9.5	-0.00215908113037518
13.375	9.5	-0.00215296744560646
13.625	9.5	-0.00214249759508974
13.875	9.5	-0.00212484795339654
14.125	9.5	-0.00209537272481819
14.375	9.5	-0.00204642877738504
14.625	9.5	-0.00196544354739935
14.875	9.5	-0.00183174011907621
15.125	9.5	-0.00161132448763759
15.375	9.5	-0.00124833910381405
15.625	9.5	-0.00065108330864705
15.875	9.5	0.000330765094168069
16.125	9.5	0.00194302744677262
16.375	9.5	0.00458608837858342
16.625	9.5	0.00890778068671048
16.875	9.5	0.0159448939323171
17.125	9.5	0.0273267238471826
17.375	9.5	0.0455365072175986
17.625	9.5	0.0741664430185496
17.875	9.5	0.117955442014493
18.125	9.5	0.182144407714688
18.375	9.5	0.270497818708157
18.625	9.5	0.381895191208464
18.875	9.5	0.507458197647263
19.125	9.5	0.632068935311062
19.375	9.5	0.741063526102153
19.625	9.5	0.826511617813332
19.875	9.5	0.88805756553115
20.125	9.5	0.929795114421981
20.375	9.5	0.956977698169349
20.625	9.5	0.974224258804976
20.875	9.5	0.984987695197181
21.125	9.5	0.991636575384996
21.375	9.5	0.995717989470883
21.625	9.5	0.998213787127241
21.875	9.5	0.999736484022663
22.125	9.5	1.00066426600118
22.375	9.5	1.00122918489707
22.625	9.5	1.00157308923454
22.875	9.5	1.0017824897935
23.125	9.5	1.0019100746394
23.375	9.5	1.00198790559804
23.625	9.5	1.0020354830295
23.875	9.5	1.00206466362897
24.125	9.5	1.00208265524805
24.375	9.5	1.00209383919423
24.625	9.5	1.00210087852563
24.875	9.5	1.00210539189759
25.125	9.5	1.00210836318898
25.375	9.5	1.00211039048337
25.625	9.5	1.00211183739572
25.875	9.5	1.00211292504258
26.125	9.5	1.00211378793633
26.375	9.5	1.00211450795402
26.625	9.5	1.00211513498121
26.875	9.5	1.00211569945777
27.125	9.5	1.00211622000229
27.375	9.5	1.0021167080456
27.625	9.5	1.00211717064678
27.875	9.5	1.00211761220443
28.125	9.5	1.00211803549686
28.375	9.5	1.00211844231412
28.625	9.5	1.00211883384227
28.875	9.5	1.00211921089692
29.125	9.5	1.00211957406518
29.375	9.5	1.00211992379204
29.625	9.5	1.00212026043287
29.875	9.5	1.0021205842854
30.125	9.5	1.00212089560916
30.375	9.5	1.00212119463741
30.625	9.5	1.00212148158434
30.875	9.5	1.00212175664961
31.125	9.5	1.00212202002102
31.375	9.5	1.00212227187628
31.625	9.5	1.00212251238406
31.875	9.5	1.00212274170469
32.125	9.5	1.0021229599906
32.375	9.5	1.00212316738666
32.625	9.5	1.00212336403036
32.875	9.5	1.00212355005202
33.125	9.5	1.00212372557488
33.375	9.5	1.00212389071522
33.625	9.5	1.00212404558245
33.875	9.5	1.00212419027919
34.125	9.5	1.00212432490132
34.375	9.5	1.00212444953807
34.625	9.5	1.00212456427207
34.875	9.5	1.00212466917939
35.125	9.5	1.00212476432958
35.375	9.5	1.00212484978577
35.625	9.5	1.00212492560463
35.875	9.5	1.00212499183645
36.125	9.5	1.00212504852518
36.375	9.5	1.00212509570843
36.625	9.5	1.00212513341752
36.875	9.5	1.00212516167746
37.125	9.5	1.002125180507
37.375	9.5	1.00212518991866
0.125	10.5	-0.00215189918632256
0.375	10.5	-0.00215190631414099
0.625	10.5	-0.00215192057397395
0.875	10.5	-0.00215194197421567
1.125	10.5	-0.00215197052746233
1.375	10.5	-0.00215200625051792
1.625	10.5	-0.00215204916440201
1.875	10.5	-0.00215209929435944
2.125	10.5	-0.00215215666987199
2.375	10.5	-0.00215222132467193
2.625	10.5	-0.00215229329675753
2.875	10.5	-0.00215237262841038
3.125	10.5	-0.00215245936621471
3.375	10.5	-0.00215255356107834
3.625	10.5	-0.00215265526825549
3.875	10.5	-0.00215276454737106
4.125	10.5	-0.00215288146244622
4.375	10.5	-0.00215300608192495
4.625	10.5	-0.0021531384787007
4.875	10.5	-0.00215327873014223
5.125	10.5	-0.00215342691811668
5.375	10.5	-0.0021535831290068
5.625	10.5	-0.00215374745371752
5.875	10.5	-0.00215391998766346
6.125	10.5	-0.00215410083072408
6.375	10.5	-0.00215429008714407
6.625	10.5	-0.00215448786534266
6.875	10.5	-0.00215469427757148
7.125	10.5	-0.00215490943932237
7.375	10.5	-0.00215513346832213
7.625	10.5	-0.00215536648284655
7.875	10.5	-0.00215560859891314
8.125	10.5	-0.00215585992562748
8.375	10.5	-0.00215612055749047
8.625	10.5	-0.00215639056170348
8.875	10.5	-0.00215666995724208
9.125	10.5	-0.00215695868038422
9.375	10.5	-0.00215725652794922
9.625	10.5	-0.00215756306386078
9.875	10.5	-0.00215787746536158
10.125	10.5	-0.00215819826992867
10.375	10.5	-0.00215852295879955
10.625	10.5	-0.00215884727165419
10.875	10.5	-0.00215916407893632
11.125	10.5	-0.00215946152630727
11.375	10.5	-0.00215971998145626
11.625	10.5	-0.00215990701029272
11.875	10.5	-0.00215996911066444
12.125	10.5	-0.00215981811089299
12.375	10.5	-0.00215930878981959
12.625	10.5	-0.00215820205288658
12.875	10.5	-0.00215610434274685
13.125	10.5	-0.00215236794818737
13.375	10.5	-0.00214592698117614
13.625	10.5	-0.00213502751956369
13.875	10.5	-0.00211678365854999
14.125	10.5	-0.00208644724693307
14.375	10.5	-0.00203620688945294
14.625	10.5	-0.00195321341145647
14.875	10.5	-0.00181633528692365
15.125	10.5	-0.00159083179110471
15.375	10.5	-0.00121962013855138
15.625	10.5	-0.000608992871616676
15.875	10.5	0.000394649297157362
16.125	10.5	0.00204245264876112
16.375	10.5	0.00474338302400798
16.625	10.5	0.00915891172244787
16.875	10.5	0.0163470014227212
17.125	10.5	0.0279685060895808
17.375	10.5	0.0465503529720713
17.625	10.5	0.0757369595133524
17.875	10.5	0.120309982188507
18.125	10.5	0.185498913549883
18.375	10.5	0.274932987284125
18.625	10.5	0.38719483756174
18.875	10.5	0.513057041328805
19.125	10.5	0.637257887750105
19.375	10.5	0.745327347116866
19.625	10.5	0.829691429294172
19.875	10.5	0.890267382614391
20.125	10.5	0.931259365822886
20.375	10.5	0.957918989767716
20.625	10.5	0.974818642047087
20.875	10.5	0.985359653568514
21.125	10.5	0.991868833980655
21.375	10.5	0.995863580327943
21.625	10.5	0.99830599070117
21.875	10.5	0.999795921411552
22.125	10.5	1.00070361735255
22.375	10.5	1.0012562121712
22.625	10.5	1.00159253143493
22.875	10.5	1.00179723635259
23.125	10.5	1.00192188645758
23.375	10.5	1.00199785612455
23.625	10.5	1.00204422735076
23.875	10.5	1.00207260235949
24.125	10.5	1.00209003425004
24.375	10.5	1.00210081021565
24.625	10.5	1.00210753606014
24.875	10.5	1.00211179558625
25.125	10.5	1.0021145514338
25.375	10.5	1.00211638872038
25.625	10.5	1.00211766312323
25.875	10.5	1.00211859087789
26.125	10.5	1.00211930347479
26.375	10.5	1.0021198809004
26.625	10.5	1.00212037183903
26.875	10.5	1.00212080595
27.125	10.5	1.00212120132885
27.375	10.5	1.00212156904167
27.625	10.5	1.00212191588073
27.875	10.5	1.00212224603916
28.125	10.5	1.00212256212868
28.375	10.5	1.00212286579813
28.625	10.5	1.00212315810933
28.875	10.5	1.00212343976551
29.125	10.5	1.00212371125021
29.375	10.5	1.0021239729116
29.625	10.5	1.00212422501379
29.875	10.5	1.00212446776804
30.125	10.5	1.00212470135166
30.375	10.5	1.0021249259196
30.625	10.5	1.00212514161142
30.875	10.5	1.00212534855558
31.125	10.5	1.00212554687208
31.375	10.5	1.00212573667399
31.625	10.5	1.00212591806849
31.875	10.5	1.00212609115743
32.125	10.5	1.00212625603774
32.375	10.5	1.00212641280162
32.625	10.5	1.00212656153678
32.875	10.5	1.00212670232642
33.125	10.5	1.00212683524943
33.375	10.5	1.00212696038033
33.625	10.5	1.00212707778938
33.875	10.5	1.00212718754257
34.125	10.5	1.00212728970169
34.375	10.5	1.00212738432429
34.625	10.5	1.00212747146374
34.875	10.5	1.00212755116926
35.125	10.5	1.00212762348589
35.375	10.5	1.00212768845455
35.625	10.5	1.00212774611202
35.875	10.5	1.00212779649096
36.125	10.5	1.00212783961993
36.375	10.5	1.00212787552341
36.625	10.5	1.00212790422176
36.875	10.5	1.00212792573127
37.125	10.5	1.00212794006416
37.375	10.5	1.00212794722857
0.125	11.5	-0.00214908001908101
0.375	11.5	-0.00214908487448232
0.625	11.5	-0.00214909458734113
0.875	11.5	-0.00214910916176938
1.125	11.5	-0.00214912860393374
1.375	11.5	-0.00214915292205417
1.625	11.5	-0.00214918212640193
1.875	11.5	-0.00214921622929708
2.125	11.5	-0.00214925524510542
2.375	11.5	-0.00214929919023489
2.625	11.5	-0.00214934808313131
2.875	11.5	-0.00214940194427351
3.125	11.5	-0.00214946079616769
3.375	11.5	-0.00214952466334104
3.625	11.5	-0.00214959357233428
3.875	11.5	-0.00214966755169322
4.125	11.5	-0.00214974663195875
4.375	11.5	-0.00214983084565492
4.625	11.5	-0.00214992022727444
4.875	11.5	-0.0021500148132602
5.125	11.5	-0.00215011464198106
5.375	11.5	-0.0021502197536986
5.625	11.5	-0.00215033019051984
5.875	11.5	-0.00215044599632715
6.125	11.5	-0.00215056721667196
6.375	11.5	-0.00215069389860892
6.625	11.5	-0.00215082609043353
6.875	11.5	-0.00215096384126141
7.125	11.5	-0.002151107200348
7.375	11.5	-0.00215125621598221
7.625	11.5	-0.00215141093368
7.875	11.5	-0.00215157139322706
8.125	11.5	-0.0021517376238292
8.375	11.5	-0.00215190963614998
8.625	11.5	-0.00215208740922824
8.875	11.5	-0.00215227086897194
9.125	11.5	-0.00215245985279322
9.375	11.5	-0.00215265405144123
9.625	11.5	-0.00215285291331743
9.875	11.5	-0.00215305548706025
10.125	11.5	-0.00215326016255868
10.375	11.5	-0.00215346424483995
10.625	11.5	-0.00215366325296637
10.875	11.5	-0.00215384976645739
11.125	11.5	-0.00215401152720061
11.375	11.5	-0.00215412831632877
11.625	11.5	-0.0021541668154008
11.875	11.5	-0.00215407215091971
12.125	11.5	-0.00215375398156877
12.375	11.5	-0.00215306360601148
12.625	11.5	-0.00215175629602401
12.875	11.5	-0.00214942931993083
13.125	11.5	-0.00214541996880248
13.375	11.5	-0.0021386377772432
13.625	11.5	-0.00212728848567232
13.875	11.5	-0.00210841992429725
14.125	11.5	-0.00207717502687454
14.375	11.5	-0.00202556334080739
14.625	11.5	-0.00194044132392749
14.875	11.5	-0.00180019364582068
15.125	11.5	-0.00156928490663846
15.375	11.5	-0.00118932843179197
15.625	11.5	-0.000564481286143222
15.875	11.5	0.000462342561413967
16.125	11.5	0.00214795357114583
16.375	11.5	0.00491044145435388
16.625	11.5	0.00942576737979938
16.875	11.5	0.0167743588696207
17.125	11.5	0.028650473992738
17.375	11.5	0.0476270796618188
17.625	11.5	0.0774030928352288
17.875	11.5	0.122803417094271
18.125	11.5	0.189041573602114
18.375	11.5	0.279598658799288
18.625	11.5	0.392741785201113
18.875	11.5	0.518883407286446
19.125	11.5	0.642627089559858
19.375	11.5	0.749717954823597
19.625	11.5	0.83295380190866
19.875	11.5	0.892528804058623
20.125	11.5	0.932755319343366
20.375	11.5	0.958879670256255
20.625	11.5	0.97542490654747
20.875	11.5	0.985738934079221
21.125	11.5	0.99210564623806
21.375	11.5	0.996012041696866
21.625	11.5	0.998400039917702
21.875	11.5	0.999856579318224
22.125	11.5	1.00074380710001
22.375	11.5	1.00128384355814
22.625	11.5	1.00161243346083
22.875	11.5	1.00181235326201
23.125	11.5	1.00193401255155
23.375	11.5	1.0020080852189
23.625	11.5	1.00205322696279
23.875	11.5	1.00208078070255
24.125	11.5	1.0020976418429
24.375	11.5	1.00210800167116
24.625	11.5	1.00211440764598
24.875	11.5	1.00211840805331
25.125	11.5	1.00212094388961
25.375	11.5	1.00212258706039
25.625	11.5	1.00212368515538
25.875	11.5	1.00212444943798
26.125	11.5	1.00212500832123
26.375	11.5	1.0021254398673
26.625	11.5	1.0021257915387
26.875	11.5	1.0021260922017
27.125	11.5	1.00212635942113
27.375	11.5	1.00212660389359
27.625	11.5	1.00212683214166
27.875	11.5	1.0021270481511
28.125	11.5	1.00212725436583
28.375	11.5	1.00212745229261
28.625	11.5	1.00212764286837
28.875	11.5	1.00212782668351
29.125	11.5	1.00212800411751
29.375	11.5	1.00212817542134
29.625	11.5	1.00212834076747
29.875	11.5	1.0021285002803
30.125	11.5	1.00212865405455
30.375	11.5	1.0021288021665
30.625	11.5	1.00212894468066
30.875	11.5	1.00212908165397
31.125	11.5	1.00212921313819
31.375	11.5	1.00212933918141
31.625	11.5	1.00212945982892
31.875	11.5	1.00212957512374
32.125	11.5	1.0021296851069
32.375	11.5	1.00212978981763
32.625	11.5	1.00212988929342
32.875	11.5	1.00212998357009
33.125	11.5	1.00213007268179
33.375	11.5	1.00213015666099
33.625	11.5	1.00213023553848
33.875	11.5	1.00213030934334
34.125	11.5	1.00213037810295
34.375	11.5	1.00213044184295
34.625	11.5	1.0021305005872
34.875	11.5	1.00213055435783
35.125	11.5	1.00213060317515
35.375	11.5	1.00213064705768
35.625	11.5	1.00213068602212
35.875	11.5	1.00213072008335
36.125	11.5	1.00213074925441
36.375	11.5	1.00213077354649
36.625	11.5	1.00213079296894
36.875	11.5	1.00213080752922
37.125	11.5	1.00213081723295
37.375	11.5	1.00213082208388
0.125	12.5	-0.00214618233372431
0.375	12.5	-0.0021461848834427
0.625	12.5	-0.00214618998280418
0.875	12.5	-0.00214619763165535
1.125	12.5	-0.0021462078297589
1.375	12.5	-0.00214622057678508
1.625	12.5	-0.00214623587230013
1.875	12.5	-0.00214625371575188
2.125	12.5	-0.00214627410645233
2.375	12.5	-0.00214629704355722
2.625	12.5	-0.00214632252604252
2.875	12.5	-0.0021463505526778
3.125	12.5	-0.00214638112199631
3.375	12.5	-0.00214641423226171
3.625	12.5	-0.00214644988143125
3.875	12.5	-0.00214648806711518
4.125	12.5	-0.00214652878653199
4.375	12.5	-0.00214657203645899
4.625	12.5	-0.00214661781317745
4.875	12.5	-0.00214666611241092
5.125	12.5	-0.00214671692925475
5.375	12.5	-0.0021467702580935
5.625	12.5	-0.00214682609250093
5.875	12.5	-0.00214688442511372
6.125	12.5	-0.00214694524746479
6.375	12.5	-0.00214700854975269
6.625	12.5	-0.00214707432050878
6.875	12.5	-0.002147142546099
7.125	12.5	-0.00214721320995654
7.375	12.5	-0.00214728629137501
7.625	12.5	-0.00214736176358139
7.875	12.5	-0.00214743959062762
8.125	12.5	-0.0021475197223416
8.375	12.5	-0.00214760208608902
8.625	12.5	-0.00214768657329103
8.875	12.5	-0.00214777301731731
9.125	12.5	-0.0021478611571918
9.375	12.5	-0.00214795057795844
9.625	12.5	-0.00214804061264674
9.875	12.5	-0.0021481301810571
10.125	12.5	-0.00214821752459141
10.375	12.5	-0.002148299770038
10.625	12.5	-0.00214837221191623
10.875	12.5	-0.00214842713173422
11.125	12.5	-0.00214845185527123
11.375	12.5	-0.00214842555608404
11.625	12.5	-0.00214831399601299
11.875	12.5	-0.00214806087116943
12.125	12.5	-0.00214757357250347
12.375	12.5	-0.00214669975604354
12.625	12.5	-0.002145188791387
12.875	12.5	-0.00214262832929822
13.125	12.5	-0.00213833993210766
13.375	12.5	-0.00213120735205408
13.625	12.5	-0.00211939400661789
13.875	12.5	-0.00209987819046559
14.125	12.5	-0.00206768853658729
14.375	12.5	-0.00201464666910981
14.625	12.5	-0.00192730008980592
14.875	12.5	-0.00178352567504473
15.125	12.5	-0.00154695394523647
15.375	12.5	-0.00115782972011558
15.625	12.5	-0.000518068923677909
15.875	12.5	0.000533073207721857
16.125	12.5	0.00225834912346053
16.375	12.5	0.00508541542243112
16.625	12.5	0.00970541438376543
16.875	12.5	0.0172222768142882
17.125	12.5	0.0293651209882817
17.375	12.5	0.0487547319965334
17.625	12.5	0.0791460488314338
17.875	12.5	0.125406914721522
18.125	12.5	0.192729957627497
18.375	12.5	0.284436399069998
18.625	12.5	0.398463042736023
18.875	12.5	0.524857009276998
19.125	12.5	0.648099847187495
19.375	12.5	0.754171106193606
19.625	12.5	0.836250297392083
19.875	12.5	0.894807966191094
20.125	12.5	0.934260463096977
20.375	12.5	0.959845240559498
20.625	12.5	0.976033885623818
20.875	12.5	0.986119794917814
21.125	12.5	0.992343423613078
21.375	12.5	0.996161121788658
21.625	12.5	0.998494506875917
21.875	12.5	0.999917535784637
22.125	12.5	1.00078422365836
22.375	12.5	1.001311658104
22.625	12.5	1.00163249186808
22.875	12.5	1.00182760999395
23.125	12.5	1.00194626812438
23.375	12.5	1.00201843723425
23.625	12.5	1.00206234524201
23.875	12.5	1.00208907485688
24.125	12.5	1.00210536323439
24.375	12.5	1.00211530541679
24.625	12.5	1.00212139031053
24.875	12.5	1.002125130559
25.125	12.5	1.00212744543934
25.375	12.5	1.00212889359972
25.625	12.5	1.0021298145158
25.875	12.5	1.00213041446382
26.125	12.5	1.00213081877133
26.375	12.5	1.00213110357238
26.625	12.5	1.00213131510639
26.875	12.5	1.00213148144676
27.125	12.5	1.0021316196287
27.375	12.5	1.00213173998088
27.625	12.5	1.00213184875792
27.875	12.5	1.00213194974008
28.125	12.5	1.00213204520541
28.375	12.5	1.0021321365204
28.625	12.5	1.00213222449888
28.875	12.5	1.0021323096201
29.125	12.5	1.00213239216109
29.375	12.5	1.00213247227712
29.625	12.5	1.00213255005046
29.875	12.5	1.00213262551999
30.125	12.5	1.00213269869911
30.375	12.5	1.00213276958655
30.625	12.5	1.00213283817292
30.875	12.5	1.00213290444463
31.125	12.5	1.00213296838618
31.375	12.5	1.00213302998156
31.625	12.5	1.00213308921501
31.875	12.5	1.00213314607148
32.125	12.5	1.00213320053684
32.375	12.5	1.00213325259799
32.625	12.5	1.00213330224286
32.875	12.5	1.00213334946043
33.125	12.5	1.00213339424065
33.375	12.5	1.00213343657444
33.625	12.5	1.00213347645356
33.875	12.5	1.00213351387061
34.125	12.5	1.00213354881894
34.375	12.5	1.0021335812926
34.625	12.5	1.0021336112863
34.875	12.5	1.00213363879533
35.125	12.5	1.00213366381553
35.375	12.5	1.00213368634328
35.625	12.5	1.00213370637539
35.875	12.5	1.00213372390914
36.125	12.5	1.0021337389422
36.375	12.5	1.00213375147261
36.625	12.5	1.0021337614988
36.875	12.5	1.00213376901952
37.125	12.5	1.00213377403384
37.375	12.5	1.00213377654115
0.125	13.5	-0.00214324391364774
0.375	13.5	-0.00214324415943371
0.625	13.5	-0.00214324464884643
0.875	13.5	-0.00214324537756233
1.125	13.5	-0.00214324633908322
1.375	13.5	-0.0021432475247209
1.625	13.5	-0.00214324892357651
1.875	13.5	-0.00214325052251474
2.125	13.5	-0.00214325230613268
2.375	13.5	-0.00214325425672341
2.625	13.5	-0.00214325635423405
2.875	13.5	-0.00214325857621837
3.125	13.5	-0.00214326089778371
3.375	13.5	-0.0021432632915321
3.625	13.5	-0.00214326572749535
3.875	13.5	-0.0021432681730638
4.125	13.5	-0.00214327059290848
4.375	13.5	-0.00214327294889584
4.625	13.5	-0.00214327519999438
4.875	13.5	-0.00214327730217178
5.125	13.5	-0.00214327920828028
5.375	13.5	-0.00214328086792698
5.625	13.5	-0.0021432822273235
5.875	13.5	-0.00214328322910599
6.125	13.5	-0.00214328381211074
6.375	13.5	-0.00214328391108155
6.625	13.5	-0.00214328345626924
6.875	13.5	-0.00214328237285883
7.125	13.5	-0.00214328058011805
7.375	13.5	-0.00214327799009258
7.625	13.5	-0.00214327450556072
7.875	13.5	-0.00214327001677537
8.125	13.5	-0.00214326439621589
8.375	13.5	-0.0021432574900717
8.625	13.5	-0.0021432491043541
8.875	13.5	-0.00214323898217549
9.125	13.5	-0.00214322676650164
9.375	13.5	-0.00214321193900751
9.625	13.5	-0.00214319371961954
9.875	13.5	-0.00214317090137687
10.125	13.5	-0.00214314157887053
10.375	13.5	-0.00214310270157811
10.625	13.5	-0.00214304933908036
10.875	13.5	-0.00214297347220162
11.125	13.5	-0.00214286200408996
11.375	13.5	-0.0021426934877559
11.625	13.5	-0.00214243274162064
11.875	13.5	-0.00214202198991254
12.125	13.5	-0.00214136628493027
12.375	13.5	-0.00214030952054749
12.625	13.5	-0.00213859496446953
12.875	13.5	-0.00213580031794842
13.125	13.5	-0.00213123086465043
13.375	13.5	-0.002123743665347
13.625	13.5	-0.00211145831376902
13.875	13.5	-0.00209128109370591
14.125	13.5	-0.00205812225755915
14.375	13.5	-0.00200360878593481
14.625	13.5	-0.00191396816227615
14.875	13.5	-0.0017665512756433
15.125	13.5	-0.00152412468098902
15.375	13.5	-0.00112551570033237
15.625	13.5	-0.000470319064485716
15.875	13.5	0.000605998828470261
16.125	13.5	0.00237234199832484
16.375	13.5	0.00526626651988599
16.625	13.5	0.00999461022322647
16.875	13.5	0.0176855677500555
17.125	13.5	0.0301041506796029
17.375	13.5	0.0499201332296284
17.625	13.5	0.0809452203227887
17.875	13.5	0.128089126564447
18.125	13.5	0.196518506165623
18.375	13.5	0.28938453289921
18.625	13.5	0.404283199313497
18.875	13.5	0.530896832955643
19.125	13.5	0.653600507837532
19.375	13.5	0.758624629341936
19.625	13.5	0.839534709555272
19.875	13.5	0.897072886977905
20.125	13.5	0.935753673755469
20.375	13.5	0.960802149776702
20.625	13.5	0.97663703082827
20.875	13.5	0.986496886449274
21.125	13.5	0.992578822382288
21.375	13.5	0.996308720311564
21.625	13.5	0.998588057059428
21.875	13.5	0.999977926404477
22.125	13.5	1.00082429101951
22.375	13.5	1.00133925699025
22.625	13.5	1.00165241712893
22.875	13.5	1.00184278490361
23.125	13.5	1.0019584741684
23.375	13.5	1.0020287603993
23.625	13.5	1.00207144824473
23.875	13.5	1.00209736294296
24.125	13.5	1.0021130850631
24.375	13.5	1.00212261441213
24.625	13.5	1.00212838195842
24.875	13.5	1.00213186507725
25.125	13.5	1.00213396155574
25.375	13.5	1.00213521692606
25.625	13.5	1.00213596263787
25.875	13.5	1.00213640003592
26.125	13.5	1.00213665139832
26.375	13.5	1.00213679095498
26.625	13.5	1.00213686373888
26.875	13.5	1.00213689704263
27.125	13.5	1.00213690738099
27.375	13.5	1.00213690472211
27.625	13.5	1.00213689505886
27.875	13.5	1.00213688197138
28.125	13.5	1.00213686757662
28.375	13.5	1.00213685310519
28.625	13.5	1.00213683925189
28.875	13.5	1.00213682638857
29.125	13.5	1.00213681469336
29.375	13.5	1.00213680422916
29.625	13.5	1.00213679499117
29.875	13.5	1.00213678693571
30.125	13.5	1.00213677999764
30.375	13.5	1.00213677410083
30.625	13.5	1.00213676916446
30.875	13.5	1.00213676510677
31.125	13.5	1.00213676184724
31.375	13.5	1.00213675930784
31.625	13.5	1.00213675741377
31.875	13.5	1.00213675609378
32.125	13.5	1.00213675528031
32.375	13.5	1.00213675490959
32.625	13.5	1.00213675492155
32.875	13.5	1.00213675525976
33.125	13.5	1.00213675587137
33.375	13.5	1.00213675670696
33.625	13.5	1.00213675772048
33.875	13.5	1.00213675886912
34.125	13.5	1.00213676011322
34.375	13.5	1.0021367614162
34.625	13.5	1.00213676274443
34.875	13.5	1.00213676406717
35.125	13.5	1.00213676535653
35.375	13.5	1.00213676658734
35.625	13.5	1.00213676773712
35.875	13.5	1.00213676878604
36.125	13.5	1.00213676971685
36.375	13.5	1.00213677051483
36.625	13.5	1.00213677116778
36.875	13.5	1.00213677166597
37.125	13.5	1.00213677200213
37.375	13.5	1.00213677217142
0.125	14.5	-0.00214030250448283
0.375	14.5	-0.00214030048230801
0.625	14.5	-0.00214029643380007
0.875	14.5	-0.00214029035063516
1.125	14.5	-0.00214028222030938
1.375	14.5	-0.00214027202611709
1.625	14.5	-0.00214025974712176
1.875	14.5	-0.00214024535811962
2.125	14.5	-0.00214022882959573
2.375	14.5	-0.00214021012767267
2.625	14.5	-0.00214018921405152
2.875	14.5	-0.00214016604594511
3.125	14.5	-0.00214014057600343
3.375	14.5	-0.00214011275223092
3.625	14.5	-0.00214008251789544
3.875	14.5	-0.00214004981142863
4.125	14.5	-0.00214001456631711
4.375	14.5	-0.00213997671098406
4.625	14.5	-0.00213993616866006
4.875	14.5	-0.00213989285724184
5.125	14.5	-0.0021398466891367
5.375	14.5	-0.002139797571089
5.625	14.5	-0.00213974540398302
5.875	14.5	-0.00213969008261292
6.125	14.5	-0.00213963149540472
6.375	14.5	-0.00213956952406559
6.625	14.5	-0.00213950404312018
6.875	14.5	-0.00213943491926761
7.125	14.5	-0.00213936201045044
7.375	14.5	-0.00213928516445658
7.625	14.5	-0.00213920421676038
7.875	14.5	-0.00213911898711897
8.125	14.5	-0.00213902927412864
8.375	14.5	-0.00213893484643239
8.625	14.5	-0.00213883542842552
8.875	14.5	-0.00213873067691663
9.125	14.5	-0.00213862014291496
9.375	14.5	-0.00213850320895285
9.625	14.5	-0.00213837898616165
9.875	14.5	-0.00213824614513306
10.125	14.5	-0.00213810263783662
10.375	14.5	-0.00213794524028445
10.625	14.5	-0.00213776880025177
10.875	14.5	-0.00213756499968821
11.125	14.5	-0.00213732031858042
11.375	14.5	-0.0021370126848438
11.625	14.5	-0.00213660596213806
11.875	14.5	-0.00213604088009229
12.125	14.5	-0.00213522011070627
12.375	14.5	-0.00213398371265715
12.625	14.5	-0.00213206872677309
12.875	14.5	-0.0021290426939905
13.125	14.5	-0.00212419426685825
13.375	14.5	-0.00211635322857226
13.625	14.5	-0.00210359437777219
13.875	14.5	-0.00208275038115594
14.125	14.5	-0.00204861045853416
14.375	14.5	-0.00199260257341415
14.625	14.5	-0.00190062698594841
14.875	14.5	-0.00174949674325733
15.125	14.5	-0.00150109496308212
15.375	14.5	-0.00109279956933152
15.625	14.5	-0.000421832054123521
15.875	14.5	0.00068021435787769
16.125	14.5	0.0024885303679646
16.375	14.5	0.00545078384246787
16.625	14.5	0.0102898307523242
16.875	14.5	0.0181585904858898
17.125	14.5	0.0308585499249377
17.375	14.5	0.051109008200308
17.625	14.5	0.082778397672221
17.875	14.5	0.130816549013188
18.125	14.5	0.200359135371036
18.375	14.5	0.294379086911286
18.625	14.5	0.410125716492405
18.875	14.5	0.536922615400424
19.125	14.5	0.659055853447766
19.375	14.5	0.763019534214674
19.625	14.5	0.842763851241157
19.875	14.5	0.899293985792976
20.125	14.5	0.937215547268627
20.375	14.5	0.961738001904554
20.625	14.5	0.977226540287112
20.875	14.5	0.986865330880629
21.125	14.5	0.992808793340214
21.375	14.5	0.996452919789221
21.625	14.5	0.998679469398302
21.875	14.5	1.00003695748858
22.125	14.5	1.00086347768406
22.375	14.5	1.00136626985618
22.625	14.5	1.00167193833606
22.875	14.5	1.00185766891941
23.125	14.5	1.00197046051043
23.375	14.5	1.00203890944427
23.625	14.5	1.0020804070523
23.875	14.5	1.00210552715245
24.125	14.5	1.00212069740481
24.375	14.5	1.00212982461677
24.625	14.5	1.00213528317903
24.875	14.5	1.00213851602791
25.125	14.5	1.0021403999673
25.375	14.5	1.00214146772447
25.625	14.5	1.00214204291535
25.875	14.5	1.00214232207328
26.125	14.5	1.00214242450306
26.375	14.5	1.00214242257979
26.625	14.5	1.00214236016297
26.875	14.5	1.0021422637873
27.125	14.5	1.00214214946375
27.375	14.5	1.00214202681262
27.625	14.5	1.00214190157527
27.875	14.5	1.00214177714032
28.125	14.5	1.0021416554711
28.375	14.5	1.00214153766908
28.625	14.5	1.00214142431612
28.875	14.5	1.00214131568236
29.125	14.5	1.00214121185236
29.375	14.5	1.00214111280161
29.625	14.5	1.00214101844298
29.875	14.5	1.0021409286547
30.125	14.5	1.0021408432973
30.375	14.5	1.00214076222381
30.625	14.5	1.00214068528576
30.875	14.5	1.00214061233684
31.125	14.5	1.00214054323488
31.375	14.5	1.00214047784311
31.625	14.5	1.00214041603069
31.875	14.5	1.00214035767305
32.125	14.5	1.00214030265196
32.375	14.5	1.00214025085551
32.625	14.5	1.00214020217804
32.875	14.5	1.00214015652
33.125	14.5	1.00214011378782
33.375	14.5	1.00214007389377
33.625	14.5	1.00214003675583
33.875	14.5	1.0021400022975
34.125	14.5	1.00213997044774
34.375	14.5	1.00213994114079
34.625	14.5	1.00213991431606
34.875	14.5	1.00213988991805
35.125	14.5	1.00213986789621
35.375	14.5	1.0021398482049
35.625	14.5	1.00213983080325
35.875	14.5	1.00213981565513
36.125	14.5	1.00213980272907
36.375	14.5	1.00213979199818
36.625	14.5	1.00213978344015
36.875	14.5	1.00213977703717
37.125	14.5	1.00213977277591
37.375	14.5	1.00213977064749
0.125	15.5	-0.00213739525217676
0.375	15.5	-0.00213739103082469
0.625	15.5	-0.00213738258208268
0.875	15.5	-0.00213736989386588
1.125	15.5	-0.00213735294802409
1.375	15.5	-0.00213733172031434
1.625	15.5	-0.0021373061803642
1.875	15.5	-0.00213727629162573
2.125	15.5	-0.00213724201132013
2.375	15.5	-0.00213720329037294
2.625	15.5	-0.00213716007333955
2.875	15.5	-0.00213711229832105
3.125	15.5	-0.0021370598968702
3.375	15.5	-0.00213700279388718
3.625	15.5	-0.00213694090750505
3.875	15.5	-0.0021368741489644
4.125	15.5	-0.00213680242247675
4.375	15.5	-0.00213672562507612
4.625	15.5	-0.0021366436464576
4.875	15.5	-0.00213655636880154
5.125	15.5	-0.00213646366658095
5.375	15.5	-0.00213636540634853
5.625	15.5	-0.00213626144649724
5.875	15.5	-0.00213615163698509
6.125	15.5	-0.00213603581900851
6.375	15.5	-0.00213591382459909
6.625	15.5	-0.00213578547610234
6.875	15.5	-0.00213565058547049
7.125	15.5	-0.00213550895325814
7.375	15.5	-0.00213536036713745
7.625	15.5	-0.00213520459963215
7.875	15.5	-0.00213504140457529
8.125	15.5	-0.00213487051147679
8.375	15.5	-0.00213469161646142
8.625	15.5	-0.00213450436757401
8.875	15.5	-0.00213430834082651
9.125	15.5	-0.00213410300102212
9.375	15.5	-0.00213388763754151
9.625	15.5	-0.00213366125894155
9.875	15.5	-0.00213342241979262
10.125	15.5	-0.00213316893602809
10.375	15.5	-0.00213289741685544
10.625	15.5	-0.00213260249483579
10.875	15.5	-0.00213227555931862
11.125	15.5	-0.00213190267267097
11.375	15.5	-0.00213146114182669
11.625	15.5	-0.00213091387721257
11.875	15.5	-0.00213020011088284
12.125	15.5	-0.00212922012388056
12.375	15.5	-0.00212781011608885
12.625	15.5	-0.0021257008562314
12.875	15.5	-0.00212244964371464
13.125	15.5	-0.00211732835905838
13.375	15.5	-0.00210913926813228
13.625	15.5	-0.00209591197130707
13.875	15.5	-0.00207440484507372
14.125	15.5	-0.00203928495811944
14.375	15.5	-0.00198177940423185
14.625	15.5	-0.00188745815985815
14.875	15.5	-0.00173259138779102
15.125	15.5	-0.00147817048753721
15.375	15.5	-0.00106011044876026
15.625	15.5	-0.000373237561673787
15.875	15.5	0.000754763327508158
16.125	15.5	0.00260542487271376
16.375	15.5	0.00563661037486441
16.625	15.5	0.010587312035237
16.875	15.5	0.0186353175172719
17.125	15.5	0.0316186984702708
17.375	15.5	0.0523061629153446
17.625	15.5	0.0846220630404574
17.875	15.5	0.133553999637147
18.125	15.5	0.204201979965065
18.375	15.5	0.299354861294216
18.625	15.5	0.41591428254508
18.875	15.5	0.542856273616588
19.125	15.5	0.66439634087826
19.375	15.5	0.767300926214162
19.625	15.5	0.845898157380888
19.875	15.5	0.901444458896135
20.125	15.5	0.938628627326518
20.375	15.5	0.962641694357575
20.625	15.5	0.977795443167873
20.875	15.5	0.987220774297488
21.125	15.5	0.99303061430205
21.375	15.5	0.996592006237923
21.625	15.5	0.998767649752168
21.875	15.5	1.00009391515011
22.125	15.5	1.00090130304334
22.375	15.5	1.00139235950761
22.625	15.5	1.00169080686542
22.875	15.5	1.00187206854261
23.125	15.5	1.00198206838243
23.375	15.5	1.00204874788599
23.625	15.5	1.0020890998589
23.875	15.5	1.00211345569347
24.125	15.5	1.00212809560949
24.375	15.5	1.00213683674056
24.625	15.5	1.00214199892391
24.875	15.5	1.00214499189058
25.125	15.5	1.00214667221493
25.375	15.5	1.00214756028145
25.625	15.5	1.00214797215736
25.875	15.5	1.00214809974194
26.125	15.5	1.00214805947849
26.375	15.5	1.00214792195923
26.625	15.5	1.00214772991761
26.875	15.5	1.00214750916292
27.125	15.5	1.00214727522556
27.375	15.5	1.00214703739548
27.625	15.5	1.0021468011763
27.875	15.5	1.00214656977659
28.125	15.5	1.0021463450159
28.375	15.5	1.00214612787534
28.625	15.5	1.00214591883184
28.875	15.5	1.0021457180612
29.125	15.5	1.00214552556128
29.375	15.5	1.00214534122671
29.625	15.5	1.00214516489412
29.875	15.5	1.00214499636944
30.125	15.5	1.00214483544441
30.375	15.5	1.00214468190641
30.625	15.5	1.00214453554431
30.875	15.5	1.00214439615192
31.125	15.5	1.00214426352995
31.375	15.5	1.00214413748704
31.625	15.5	1.00214401784037
31.875	15.5	1.00214390441584
32.125	15.5	1.00214379704812
32.375	15.5	1.00214369558056
32.625	15.5	1.0021435998651
32.875	15.5	1.00214350976205
33.125	15.5	1.00214342513998
33.375	15.5	1.00214334587547
33.625	15.5	1.00214327185299
33.875	15.5	1.00214320296467
34.125	15.5	1.0021431391102
34.375	15.5	1.00214308019662
34.625	15.5	1.00214302613822
34.875	15.5	1.00214297685638
35.125	15.5	1.00214293227946
35.375	15.5	1.00214289234266
35.625	15.5	1.00214285698798
35.875	15.5	1.00214282616407
36.125	15.5	1.00214279982618
36.375	15.5	1.00214277793606
36.625	15.5	1.00214276046197
36.875	15.5	1.00214274737853
37.125	15.5	1.00214273866677
37.375	15.5	1.00214273431405
0.125	16.5	-0.00213455816440793
0.375	16.5	-0.00213455184349452
0.625	16.5	-0.00213453919390112
0.875	16.5	-0.00213452020008372
1.125	16.5	-0.00213449483869927
1.375	16.5	-0.00213446307857324
1.625	16.5	-0.00213442488065624
1.875	16.5	-0.00213438019796966
2.125	16.5	-0.0021343289755403
2.375	16.5	-0.00213427115032377
2.625	16.5	-0.00213420665111661
2.875	16.5	-0.00213413539845693
3.125	16.5	-0.00213405730451341
3.375	16.5	-0.00213397227296237
3.625	16.5	-0.00213388019885269
3.875	16.5	-0.0021337809684581
4.125	16.5	-0.00213367445911641
4.375	16.5	-0.00213356053905491
4.625	16.5	-0.00213343906720093
4.875	16.5	-0.00213330989297588
5.125	16.5	-0.00213317285607058
5.375	16.5	-0.00213302778619776
5.625	16.5	-0.00213287450281598
5.875	16.5	-0.00213271281481494
6.125	16.5	-0.00213254252014645
6.375	16.5	-0.00213236340537512
6.625	16.5	-0.00213217524510641
6.875	16.5	-0.00213197780122263
7.125	16.5	-0.00213177082181291
7.375	16.5	-0.0021315540396099
7.625	16.5	-0.0021313271696254
7.875	16.5	-0.00213108990547872
8.125	16.5	-0.00213084191358534
8.375	16.5	-0.00213058282383605
8.625	16.5	-0.00213031221451354
8.875	16.5	-0.00213002958773876
9.125	16.5	-0.00212973432934696
9.375	16.5	-0.00212942564315602
9.625	16.5	-0.00212910244311068
9.875	16.5	-0.00212876317612575
10.125	16.5	-0.00212840553090889
10.375	16.5	-0.00212802595917761
10.625	16.5	-0.00212761888818659
10.875	16.5	-0.00212717542532244
11.125	16.5	-0.00212668122691358
11.375	16.5	-0.00212611299177778
11.625	16.5	-0.00212543269180612
11.875	16.5	-0.00212457807889161
12.125	16.5	-0.00212344706468664
12.375	16.5	-0.00212187201833622
12.625	16.5	-0.00211957747481595
12.875	16.5	-0.00211611054687938
13.125	16.5	-0.00211072642457567
13.375	16.5	-0.00210219998129632
13.625	16.5	-0.00208851581444636
13.875	16.5	-0.00206635832053834
14.125	16.5	-0.0020302729151838
14.375	16.5	-0.001971286628055
14.625	16.5	-0.00187464046242057
14.875	16.5	-0.00171606383937107
15.125	16.5	-0.0014556599622628
15.375	16.5	-0.00102788671708692
15.625	16.5	-0.000325184942940157
15.875	16.5	0.000828652336211987
16.125	16.5	0.00272147098204634
16.375	16.5	0.00582127825177589
16.625	16.5	0.0108831066894208
16.875	16.5	0.0191094257461942
17.125	16.5	0.0323745154208512
17.375	16.5	0.0534957203978016
17.625	16.5	0.0864517660979856
17.875	16.5	0.13626520104553
18.125	16.5	0.207996256523755
18.375	16.5	0.304246596605072
18.625	16.5	0.421574180458162
18.875	16.5	0.548623232001804
19.125	16.5	0.669557153763241
19.375	16.5	0.771418708485299
19.625	16.5	0.848902103674319
19.875	16.5	0.903500515838541
20.125	16.5	0.939977537576443
20.375	16.5	0.963503493198429
20.625	16.5	0.978337643760246
20.875	16.5	0.987559413369497
21.125	16.5	0.99324190686055
21.375	16.5	0.996724480088326
21.625	16.5	0.998851638340984
21.875	16.5	1.00014817061286
22.125	16.5	1.00093734137833
22.375	16.5	1.00141722509581
22.625	16.5	1.00170879903192
22.875	16.5	1.00188580816116
23.125	16.5	1.00199315250478
23.375	16.5	1.00205814994947
23.625	16.5	1.00209741377429
23.875	16.5	1.00212104450128
24.125	16.5	1.00213518193696
24.375	16.5	1.0021435578155
24.625	16.5	1.0021484400224
24.875	16.5	1.00215120666917
25.125	16.5	1.00215269506914
25.375	16.5	1.00215341385765
25.625	16.5	1.00215367191893
25.875	16.5	1.00215365674538
26.125	16.5	1.00215348206168
26.375	16.5	1.00215321676862
26.625	16.5	1.00215290253369
26.875	16.5	1.00215256448157
27.125	16.5	1.00215221769105
27.375	16.5	1.00215187114328
27.625	16.5	1.00215153012104
27.875	16.5	1.00215119766669
28.125	16.5	1.002150875468
28.375	16.5	1.00215056439622
28.625	16.5	1.00215026483293
28.875	16.5	1.00214997686846
29.125	16.5	1.00214970042224
29.375	16.5	1.00214943531578
29.625	16.5	1.00214918131682
29.875	16.5	1.00214893816598
30.125	16.5	1.0021487055928
30.375	16.5	1.00214848332529
30.625	16.5	1.00214827109562
30.875	16.5	1.00214806864341
31.125	16.5	1.00214787571758
31.375	16.5	1.00214769207737
31.625	16.5	1.00214751749278
31.875	16.5	1.00214735174477
32.125	16.5	1.00214719462526
32.375	16.5	1.00214704593697
32.625	16.5	1.00214690549329
32.875	16.5	1.00214677311807
33.125	16.5	1.00214664864539
33.375	16.5	1.0021465319194
33.625	16.5	1.00214642279404
33.875	16.5	1.00214632113288
34.125	16.5	1.00214622680894
34.375	16.5	1.0021461397045
34.625	16.5	1.00214605971092
34.875	16.5	1.00214598672851
35.125	16.5	1.00214592066636
35.375	16.5	1.00214586144225
35.625	16.5	1.0021458089825
35.875	16.5	1.00214576322189
36.125	16.5	1.00214572410354
36.375	16.5	1.00214569157885
36.625	16.5	1.00214566560742
36.875	16.5	1.002145646157
37.125	16.5	1.00214563320346
37.375	16.5	1.0021456267307
0.125	17.5	-0.00213182560472361
0.375	17.5	-0.00213181731220343
0.625	17.5	-0.00213180071784582
0.875	17.5	-0.00213177580300409
1.125	17.5	-0.00213174253967768
1.375	17.5	-0.00213170089047558
1.625	17.5	-0.00213165080856739
1.875	17.5	-0.00213159223762202
2.125	17.5	-0.00213152511173395
2.375	17.5	-0.00213144935533687
2.625	17.5	-0.00213136488310456
2.875	17.5	-0.00213127159983895
3.125	17.5	-0.00213116940034494
3.375	17.5	-0.00213105816929196
3.625	17.5	-0.00213093778106178
3.875	17.5	-0.00213080809958227
4.125	17.5	-0.00213066897814647
4.375	17.5	-0.00213052025921631
4.625	17.5	-0.00213036177420984
4.875	17.5	-0.00213019334327036
5.125	17.5	-0.00213001477501492
5.375	17.5	-0.00212982586625837
5.625	17.5	-0.00212962640170663
5.875	17.5	-0.00212941615360923
6.125	17.5	-0.00212919488135487
6.375	17.5	-0.00212896233098343
6.625	17.5	-0.00212871823457136
6.875	17.5	-0.00212846230941915
7.125	17.5	-0.00212819425692473
7.375	17.5	-0.00212791376095119
7.625	17.5	-0.00212762048537457
7.875	17.5	-0.00212731407029426
8.125	17.5	-0.00212699412605548
8.375	17.5	-0.00212666022368451
8.625	17.5	-0.00212631187943412
8.875	17.5	-0.00212594852965119
9.125	17.5	-0.00212556948973351
9.375	17.5	-0.00212517388691966
9.625	17.5	-0.00212476055003582
9.875	17.5	-0.00212432782843018
10.125	17.5	-0.0021238732944002
10.375	17.5	-0.00212339325392217
10.625	17.5	-0.00212288194195627
10.875	17.5	-0.00212233019873368
11.125	17.5	-0.00212172329201178
11.375	17.5	-0.00212103733403046
11.625	17.5	-0.00212023338606124
11.875	17.5	-0.00211924775791133
12.125	17.5	-0.00211797604628139
12.375	17.5	-0.00211624687056729
12.625	17.5	-0.00211377865626865
12.875	17.5	-0.00211010852453534
13.125	17.5	-0.0021044752859555
13.375	17.5	-0.00209562692267375
13.625	17.5	-0.00208150384264252
13.875	17.5	-0.00205871778882797
14.125	17.5	-0.00202169469293362
14.375	17.5	-0.00196126507463625
14.625	17.5	-0.00186234679463367
14.875	17.5	-0.00170013810569132
15.125	17.5	-0.00143386974377664
15.375	17.5	-0.000996568347990493
15.625	17.5	-0.000278331840303276
15.875	17.5	0.000900868549454116
16.125	17.5	0.00283507645410821
16.375	17.5	0.00600225246838237
16.625	17.5	0.0111731540286345
16.875	17.5	0.0195744093478352
17.125	17.5	0.0331156403763706
17.375	17.5	0.0546614086954911
17.625	17.5	0.0882425732490445
17.875	17.5	0.138913457148287
18.125	17.5	0.211691220023008
18.375	17.5	0.308990193836072
18.625	17.5	0.427033618872852
18.875	17.5	0.554153605346499
19.125	17.5	0.674479043904867
19.375	17.5	0.775328071509565
19.625	17.5	0.851744450652137
19.875	17.5	0.905441489058096
20.125	17.5	0.941249028135963
20.375	17.5	0.964315052813963
20.625	17.5	0.978847930395608
20.875	17.5	0.987878000088494
21.125	17.5	0.993440639499207
21.375	17.5	0.996849058638441
21.625	17.5	0.99893061189792
21.875	17.5	1.00019918220029
22.125	17.5	1.00097122373942
22.375	17.5	1.00144060391255
22.625	17.5	1.00172571781294
22.875	17.5	1.00189873170997
23.125	17.5	1.00200358268918
23.375	17.5	1.00206700211785
23.625	17.5	1.00210524632423
23.875	17.5	1.00212819869224
24.125	17.5	1.00214186696687
24.375	17.5	1.00214990256365
24.625	17.5	1.00215452450929
24.875	17.5	1.00215708118084
25.125	17.5	1.00215839178192
25.375	17.5	1.002158953904
25.625	17.5	1.00215906968269
25.875	17.5	1.00215892247302
26.125	17.5	1.00215862345022
26.375	17.5	1.00215823993172
26.625	17.5	1.00215781258977
26.875	17.5	1.00215736591229
27.125	17.5	1.00215691456017
27.375	17.5	1.00215646723071
27.625	17.5	1.00215602900532
27.875	17.5	1.00215560277611
28.125	17.5	1.0021551901126
28.375	17.5	1.00215479178824
28.625	17.5	1.00215440810016
28.875	17.5	1.00215403906324
29.125	17.5	1.00215368452788
29.375	17.5	1.00215334425129
29.625	17.5	1.00215301794067
29.875	17.5	1.00215270527925
30.125	17.5	1.00215240594186
30.375	17.5	1.00215211960434
30.625	17.5	1.00215184594895
30.875	17.5	1.00215158466758
31.125	17.5	1.00215133546353
31.375	17.5	1.00215109805244
31.625	17.5	1.00215087216269
31.875	17.5	1.00215065753557
32.125	17.5	1.00215045392519
32.375	17.5	1.00215026109836
32.625	17.5	1.00215007883438
32.875	17.5	1.00214990692478
33.125	17.5	1.00214974517314
33.375	17.5	1.00214959339482
33.625	17.5	1.0021494514167
33.875	17.5	1.00214931907704
34.125	17.5	1.00214919622517
34.375	17.5	1.00214908272137
34.625	17.5	1.00214897843665
34.875	17.5	1.00214888325259
35.125	17.5	1.00214879706117
35.375	17.5	1.00214871976466
35.625	17.5	1.00214865127546
35.875	17.5	1.00214859151597
36.125	17.5	1.00214854041855
36.375	17.5	1.00214849792536
36.625	17.5	1.00214846398833
36.875	17.5	1.00214843856908
37.125	17.5	1.00214842163886
37.375	17.5	1.00214841317854
0.125	18.5	-0.00212922982785781
0.375	18.5	-0.00212921971708288
0.625	18.5	-0.00212919948486591
0.875	18.5	-0.00212916910985932
1.125	18.5	-0.00212912856000857
1.375	18.5	-0.00212907779251225
1.625	18.5	-0.00212901675376883
1.875	18.5	-0.00212894537930994
2.125	18.5	-0.00212886359372004
2.375	18.5	-0.00212877131054248
2.625	18.5	-0.00212866843217159
2.875	18.5	-0.00212855484973087
3.125	18.5	-0.00212843044293685
3.375	18.5	-0.00212829507994847
3.625	18.5	-0.00212814861720157
3.875	18.5	-0.00212799089922822
4.125	18.5	-0.00212782175846011
4.375	18.5	-0.0021276410150154
4.625	18.5	-0.0021274484764678
4.875	18.5	-0.00212724393759632
5.125	18.5	-0.00212702718011299
5.375	18.5	-0.00212679797236466
5.625	18.5	-0.00212655606900252
5.875	18.5	-0.00212630121060901
6.125	18.5	-0.00212603312326562
6.375	18.5	-0.00212575151803448
6.625	18.5	-0.0021254560903096
6.875	18.5	-0.00212514651896527
7.125	18.5	-0.00212482246518271
7.375	18.5	-0.00212448357075981
7.625	18.5	-0.00212412945558282
7.875	18.5	-0.00212375971373218
8.125	18.5	-0.00212337390735437
8.375	18.5	-0.00212297155687145
8.625	18.5	-0.00212255212517863
8.875	18.5	-0.00212211499196348
9.125	18.5	-0.00212165941178553
9.375	18.5	-0.00212118444544841
9.625	18.5	-0.00212068884744045
9.875	18.5	-0.00212017088110085
10.125	18.5	-0.00211962801487341
10.375	18.5	-0.00211905642290345
10.625	18.5	-0.00211845016369383
10.875	18.5	-0.0021177998290167
11.125	18.5	-0.00211709032113596
11.375	18.5	-0.00211629719566461
11.625	18.5	-0.00211538064416677
11.875	18.5	-0.00211427559294947
12.125	18.5	-0.00211287541105028
12.375	18.5	-0.00211100510223918
12.625	18.5	-0.00210837719331241
12.875	18.5	-0.00210451915027152
13.125	18.5	-0.00209865394702856
13.375	18.5	-0.00208950355624216
13.625	18.5	-0.00207496563531983
13.875	18.5	-0.00205158162855234
14.125	18.5	-0.00201366184463597
14.375	18.5	-0.00195184663035905
14.625	18.5	-0.00185074111184116
14.875	18.5	-0.00168502947234386
15.125	18.5	-0.00141309807119873
15.375	18.5	-0.000966588435571986
15.625	18.5	-0.000233331289074717
15.875	18.5	0.000970399811860903
16.125	18.5	0.00294464323650673
16.375	18.5	0.00617698198326539
16.625	18.5	0.0114533622809482
16.875	18.5	0.0200237119325551
17.125	18.5	0.0338316444595968
17.375	18.5	0.0557868929950158
17.625	18.5	0.0899695767654963
17.875	18.5	0.141462399350951
18.125	18.5	0.215237178941363
18.375	18.5	0.313523941233201
18.625	18.5	0.432224977452752
18.875	18.5	0.559383203906433
19.125	18.5	0.679108953420525
19.375	18.5	0.778989780364326
19.625	18.5	0.854398331060281
19.875	18.5	0.90724983401636
20.125	18.5	0.942431949961042
20.375	18.5	0.965069389544771
20.625	18.5	0.979321955477945
20.875	18.5	0.988173828530872
21.125	18.5	0.993625119544895
21.375	18.5	0.996964671559262
21.625	18.5	0.999003881465107
21.875	18.5	1.00024649455584
22.125	18.5	1.00100263803117
22.375	18.5	1.00146227198785
22.625	18.5	1.0017413937427
22.875	18.5	1.00191070373015
23.125	18.5	1.00201324498335
23.375	18.5	1.00207520431496
23.625	18.5	1.00211250664268
23.875	18.5	1.00213483374875
24.125	18.5	1.00214807076677
24.375	18.5	1.00215579454304
24.625	18.5	1.00216017874562
24.875	18.5	1.00216254415046
25.125	18.5	1.00216369315413
25.375	18.5	1.00216411310227
25.625	18.5	1.00216409987294
25.875	18.5	1.0021638329883
26.125	18.5	1.00216342126509
26.375	18.5	1.00216293055904
26.625	18.5	1.00216240062662
26.875	18.5	1.00216185537251
27.125	18.5	1.00216130907729
27.375	18.5	1.00216077018212
27.625	18.5	1.00216024358852
27.875	18.5	1.00215973205585
28.125	18.5	1.0021592370503
28.375	18.5	1.00215875926068
28.625	18.5	1.00215829891156
28.875	18.5	1.00215785595335
29.125	18.5	1.00215743017765
29.375	18.5	1.00215702128703
29.625	18.5	1.00215662893728
29.875	18.5	1.00215625276287
30.125	18.5	1.0021558923922
30.375	18.5	1.00215554745671
30.625	18.5	1.00215521759623
30.875	18.5	1.00215490246201
31.125	18.5	1.00215460171848
31.375	18.5	1.00215431504409
31.625	18.5	1.0021540421317
31.875	18.5	1.00215378268868
32.125	18.5	1.00215353643683
32.375	18.5	1.00215330311222
32.625	18.5	1.00215308246491
32.875	18.5	1.00215287425878
33.125	18.5	1.00215267827121
33.375	18.5	1.00215249429285
33.625	18.5	1.00215232212738
33.875	18.5	1.00215216159122
34.125	18.5	1.00215201251339
34.375	18.5	1.00215187473523
34.625	18.5	1.00215174811022
34.875	18.5	1.0021516325038
35.125	18.5	1.00215152779324
35.375	18.5	1.0021514338674
35.625	18.5	1.00215135062667
35.875	18.5	1.00215127798283
36.125	18.5	1.00215121585891
36.375	18.5	1.00215116418912
36.625	18.5	1.00215112291874
36.875	18.5	1.00215109200411
37.125	18.5	1.00215107141251
37.375	18.5	1.00215106112215
0.125	19.5	-0.00212680056358404
0.375	19.5	-0.00212678880999094
0.625	19.5	-0.0021267652910062
0.875	19.5	-0.0021267299830187
1.125	19.5	-0.00212668285057657
1.375	19.5	-0.00212662384634514
1.625	19.5	-0.00212655291105048
1.875	19.5	-0.00212646997340894
2.125	19.5	-0.00212637495004218
2.375	19.5	-0.00212626774537782
2.625	19.5	-0.0021261482515354
2.875	19.5	-0.0021260163481976
3.125	19.5	-0.00212587190246635
3.375	19.5	-0.00212571476870369
3.625	19.5	-0.00212554478835696
3.875	19.5	-0.00212536178976792
4.125	19.5	-0.00212516558796521
4.375	19.5	-0.00212495598443941
4.625	19.5	-0.00212473276689942
4.875	19.5	-0.00212449570900867
5.125	19.5	-0.00212424457009834
5.375	19.5	-0.00212397909485367
5.625	19.5	-0.00212369901296672
5.875	19.5	-0.0021234040387454
6.125	19.5	-0.00212309387066148
6.375	19.5	-0.00212276819081046
6.625	19.5	-0.00212242666423785
6.875	19.5	-0.00212206893805837
7.125	19.5	-0.0021216946402466
7.375	19.5	-0.00212130337790035
7.625	19.5	-0.00212089473464938
7.875	19.5	-0.00212046826667152
8.125	19.5	-0.00212002349643152
8.375	19.5	-0.00211955990268674
8.625	19.5	-0.00211907690436491
8.875	19.5	-0.00211857383437344
9.125	19.5	-0.0021180498968564
9.375	19.5	-0.00211750409723025
9.625	19.5	-0.00211693512744253
9.875	19.5	-0.00211634117756498
10.125	19.5	-0.00211571962618441
10.375	19.5	-0.00211506653136801
10.625	19.5	-0.0021143757934837
10.875	19.5	-0.00211363777806337
11.125	19.5	-0.00211283705016457
11.375	19.5	-0.00211194864669048
11.625	19.5	-0.0021109319428934
11.875	19.5	-0.00210972056006589
12.125	19.5	-0.00210820575896194
12.375	19.5	-0.00210620911399274
12.625	19.5	-0.00210343754916703
12.875	19.5	-0.00209940935125547
13.125	19.5	-0.00209333242916506
13.375	19.5	-0.00208390400394014
13.625	19.5	-0.00206898103984222
13.875	19.5	-0.00204503805484858
14.125	19.5	-0.00200627526973378
14.375	19.5	-0.00194315195014316
14.625	19.5	-0.00183997542691004
14.875	19.5	-0.00167094036267849
15.125	19.5	-0.00139362906869908
15.375	19.5	-0.000938364166674368
15.625	19.5	-0.000190817736422218
15.875	19.5	0.00103625672789579
16.125	19.5	0.00304860277097634
16.375	19.5	0.00634295653238705
16.625	19.5	0.0117197001439221
16.875	19.5	0.020450873537109
17.125	19.5	0.0345122639636793
17.375	19.5	0.0568561400741752
17.625	19.5	0.0916084451390182
17.875	19.5	0.143876774184894
18.125	19.5	0.218586529002485
18.375	19.5	0.317789700299922
18.625	19.5	0.437085924264787
18.875	19.5	0.564254339169274
19.125	19.5	0.683400421724605
19.375	19.5	0.782370279608712
19.625	19.5	0.856841204261114
19.875	19.5	0.908911040283472
20.125	19.5	0.943517172174089
20.375	19.5	0.965760819560771
20.625	19.5	0.979756193311669
20.875	19.5	0.988444707864015
21.125	19.5	0.993793976576478
21.375	19.5	0.997070451056275
21.625	19.5	0.999070886805904
21.875	19.5	1.00028973568087
22.125	19.5	1.00103132765145
22.375	19.5	1.00148204369559
22.625	19.5	1.00175568509514
22.875	19.5	1.00192160989205
23.125	19.5	1.00202204239023
23.375	19.5	1.00208267073371
23.625	19.5	1.00211911635683
23.875	19.5	1.00214087642966
24.125	19.5	1.00215372380896
24.375	19.5	1.00216116705973
24.625	19.5	1.00216533831952
24.875	19.5	1.00216753309636
25.125	19.5	1.00216853840441
25.375	19.5	1.00216883221588
25.625	19.5	1.00216870468802
25.875	19.5	1.00216833184266
26.125	19.5	1.0021678203463
26.375	19.5	1.00216723472554
26.625	19.5	1.00216661390732
26.875	19.5	1.00216598127107
27.125	19.5	1.00216535075763
27.375	19.5	1.00216473058175
27.625	19.5	1.00216412548805
27.875	19.5	1.00216353812179
28.125	19.5	1.00216296986172
28.375	19.5	1.00216242132592
28.625	19.5	1.00216189267901
28.875	19.5	1.00216138381859
29.125	19.5	1.00216089448827
29.375	19.5	1.00216042434621
29.625	19.5	1.00215997300643
29.875	19.5	1.00215954006384
30.125	19.5	1.00215912510911
30.375	19.5	1.00215872773764
30.625	19.5	1.00215834755469
30.875	19.5	1.00215798417844
31.125	19.5	1.00215763724161
31.375	19.5	1.00215730639227
31.625	19.5	1.00215699129425
31.875	19.5	1.00215669162716
32.125	19.5	1.00215640708631
32.375	19.5	1.00215613738253
32.625	19.5	1.00215588224192
32.875	19.5	1.00215564140557
33.125	19.5	1.00215541462931
33.375	19.5	1.00215520168346
33.625	19.5	1.00215500235251
33.875	19.5	1.00215481643494
34.125	19.5	1.00215464374293
34.375	19.5	1.00215448410218
34.625	19.5	1.00215433735168
34.875	19.5	1.00215420334354
35.125	19.5	1.00215408194278
35.375	19.5	1.00215397302721
35.625	19.5	1.00215387648727
35.875	19.5	1.00215379222588
36.125	19.5	1.00215372015837
36.375	19.5	1.00215366021232
36.625	19.5	1.00215361232754
36.875	19.5	1.00215357645595
37.125	19.5	1.00215355256154
37.375	19.5	1.00215354062033
0.125	20.5	-0.00212456465520749
0.375	20.5	-0.00212455145271489
0.625	20.5	-0.0021245250350307
0.875	20.5	-0.00212448537674242
1.125	20.5	-0.00212443243969507
1.375	20.5	-0.00212436617294769
1.625	20.5	-0.00212428651271525
1.875	20.5	-0.00212419338229589
2.125	20.5	-0.00212408669198336
2.375	20.5	-0.00212396633896455
2.625	20.5	-0.00212383220720196
2.875	20.5	-0.00212368416730092
3.125	20.5	-0.00212352207636135
3.375	20.5	-0.00212334577781373
3.625	20.5	-0.00212315510123903
3.875	20.5	-0.00212294986217212
4.125	20.5	-0.00212272986188805
4.375	20.5	-0.00212249488717049
4.625	20.5	-0.00212224471006104
4.875	20.5	-0.00212197908758786
5.125	20.5	-0.00212169776147078
5.375	20.5	-0.00212140045779895
5.625	20.5	-0.00212108688667425
5.875	20.5	-0.00212075674181001
6.125	20.5	-0.00212040970006775
6.375	20.5	-0.00212004542090395
6.625	20.5	-0.00211966354568103
6.875	20.5	-0.0021192636967674
7.125	20.5	-0.00211884547630335
7.375	20.5	-0.00211840846443021
7.625	20.5	-0.00211795221664995
7.875	20.5	-0.00211747625976776
8.125	20.5	-0.00211698008551721
8.375	20.5	-0.00211646314038674
8.625	20.5	-0.00211592480921033
8.875	20.5	-0.00211536438851244
9.125	20.5	-0.002114781043009
9.375	20.5	-0.00211417373440718
9.625	20.5	-0.00211354110463821
9.875	20.5	-0.00211288128412437
10.125	20.5	-0.00211219157670322
10.375	20.5	-0.00211146794160253
10.625	20.5	-0.00211070414146937
10.875	20.5	-0.00210989034089207
11.125	20.5	-0.00210901080069921
11.375	20.5	-0.00210804008433514
11.625	20.5	-0.00210693681581193
11.875	20.5	-0.00210563340870865
12.125	20.5	-0.00210401916543695
12.375	20.5	-0.00210191246721173
12.625	20.5	-0.00209901501289561
12.875	20.5	-0.00209483652008082
13.125	20.5	-0.00208857082477495
13.375	20.5	-0.00207889201681769
13.625	20.5	-0.00206361902123959
13.875	20.5	-0.00203916378378728
14.125	20.5	-0.00199962358815323
14.375	20.5	-0.00193528836955145
14.625	20.5	-0.00183018697720659
14.875	20.5	-0.00165805629439337
15.125	20.5	-0.00137572672684516
15.375	20.5	-0.00091228757073779
15.625	20.5	-0.000151392500056923
15.875	20.5	0.00109749586081843
16.125	20.5	0.00314545332370211
16.375	20.5	0.00649776691327371
16.625	20.5	0.011968294035611
16.875	20.5	0.0208496865524513
17.125	20.5	0.0351476471697465
17.375	20.5	0.0578538002053856
17.625	20.5	0.0931359919347852
17.875	20.5	0.146123239683989
18.125	20.5	0.221694763288439
18.375	20.5	0.321734005947233
18.625	20.5	0.441560371803776
18.875	20.5	0.568716421708349
19.125	20.5	0.687313792637364
19.375	20.5	0.785441642687447
19.625	20.5	0.859054704587937
19.875	20.5	0.910413475130524
20.125	20.5	0.944497457705191
20.375	20.5	0.966384871220858
20.625	20.5	0.98014788229676
20.875	20.5	0.988688925718116
21.125	20.5	0.99394613983856
21.375	20.5	0.997165718249512
21.625	20.5	0.999131188385583
21.875	20.5	1.00032861236702
22.125	20.5	1.00105708903261
22.375	20.5	1.00149977057498
22.625	20.5	1.00176847747819
22.875	20.5	1.00193135705301
23.125	20.5	1.00202989520137
23.375	20.5	1.00208933033097
23.625	20.5	1.00212501017448
23.875	20.5	1.00214626540819
24.125	20.5	1.00215876763381
24.375	20.5	1.00216596384135
24.625	20.5	1.00216994872078
24.875	20.5	1.00217199500053
25.125	20.5	1.00217287583161
25.375	20.5	1.0021730607429
25.625	20.5	1.00217283474279
25.875	20.5	1.00217237070691
26.125	20.5	1.00217177337305
26.375	20.5	1.0021711060794
26.625	20.5	1.00217040701482
26.875	20.5	1.00216969909468
27.125	20.5	1.00216899596274
27.375	20.5	1.00216830563854
27.625	20.5	1.00216763273373
27.875	20.5	1.00216697979889
28.125	20.5	1.00216634814173
28.375	20.5	1.00216573832402
28.625	20.5	1.00216515046347
28.875	20.5	1.00216458441682
29.125	20.5	1.00216403989092
29.375	20.5	1.00216351651
29.625	20.5	1.00216301385633
29.875	20.5	1.0021625314947
30.125	20.5	1.0021620689871
30.375	20.5	1.00216162590143
30.625	20.5	1.00216120181661
30.875	20.5	1.00216079632553
31.125	20.5	1.0021604090366
31.375	20.5	1.00216003957463
31.625	20.5	1.00215968758109
31.875	20.5	1.00215935271423
32.125	20.5	1.00215903464892
32.375	20.5	1.00215873307649
32.625	20.5	1.00215844770447
32.875	20.5	1.0021581782563
33.125	20.5	1.00215792447108
33.375	20.5	1.00215768610329
33.625	20.5	1.00215746292252
33.875	20.5	1.00215725471323
34.125	20.5	1.00215706127449
34.375	20.5	1.00215688241975
34.625	20.5	1.0021567179767
34.875	20.5	1.00215656778696
35.125	20.5	1.00215643170601
35.375	20.5	1.00215630960297
35.625	20.5	1.00215620136045
35.875	20.5	1.00215610687446
36.125	20.5	1.00215602605425
36.375	20.5	1.00215595882221
36.625	20.5	1.00215590511383
36.875	20.5	1.00215586487757
37.125	20.5	1.00215583807481
37.375	20.5	1.00215582467986
0.125	21.5	-0.00212254575744304
0.375	21.5	-0.00212253131464636
0.625	21.5	-0.00212250241569161
0.875	21.5	-0.00212245903384138
1.125	21.5	-0.00212240112895301
1.375	21.5	-0.00212232864743476
1.625	21.5	-0.00212224152218726
1.875	21.5	-0.00212213967253015
2.125	21.5	-0.00212202300411382
2.375	21.5	-0.0021218914088162
2.625	21.5	-0.0021217447646243
2.875	21.5	-0.00212158293550043
3.125	21.5	-0.00212140577123288
3.375	21.5	-0.00212121310727075
3.625	21.5	-0.00212100476454261
3.875	21.5	-0.00212078054925857
4.125	21.5	-0.0021205402526952
4.375	21.5	-0.00212028365096245
4.625	21.5	-0.0021200105047515
4.875	21.5	-0.00211972055906167
5.125	21.5	-0.00211941354290388
5.375	21.5	-0.00211908916897635
5.625	21.5	-0.00211874713330591
5.875	21.5	-0.00211838711484427
6.125	21.5	-0.00211800877500152
6.375	21.5	-0.00211761175708883
6.625	21.5	-0.00211719568562341
6.875	21.5	-0.00211676016541982
7.125	21.5	-0.00211630478034211
7.375	21.5	-0.00211582909151141
7.625	21.5	-0.00211533263463064
7.875	21.5	-0.0021148149158703
8.125	21.5	-0.00211427540540086
8.375	21.5	-0.00211371352706678
8.625	21.5	-0.00211312864172668
8.875	21.5	-0.00211252002018589
9.125	21.5	-0.00211188679901864
9.375	21.5	-0.00211122790825001
9.625	21.5	-0.00211054195274804
9.875	21.5	-0.0021098270174597
10.125	21.5	-0.0021090803473441
10.375	21.5	-0.00210829782112946
10.625	21.5	-0.0021074730858112
10.875	21.5	-0.00210659613289613
11.125	21.5	-0.00210565095602335
11.375	21.5	-0.00210461169695494
11.625	21.5	-0.00210343630411586
11.875	21.5	-0.00210205609793332
12.125	21.5	-0.00210035860067888
12.375	21.5	-0.00209815928291267
12.625	21.5	-0.00209515507221297
12.875	21.5	-0.00209084785241643
13.125	21.5	-0.00208441858505587
13.375	21.5	-0.00207452018880744
13.625	21.5	-0.00205893676254457
13.875	21.5	-0.00203402295446717
14.125	21.5	-0.00199378177757883
14.375	21.5	-0.00192834808185985
14.625	21.5	-0.00182149565278347
14.875	21.5	-0.00164654208377565
15.125	21.5	-0.00135962910160045
15.375	21.5	-0.000888716430215397
15.625	21.5	-0.000115609286605553
15.875	21.5	0.00115324304159131
16.125	21.5	0.00323379769802601
16.375	21.5	0.00663916606367284
16.625	21.5	0.0121955267019094
16.875	21.5	0.021214353608359
17.125	21.5	0.035728603273554
17.375	21.5	0.0587655894234412
17.625	21.5	0.0945307378843472
17.875	21.5	0.14817113587641
18.125	21.5	0.224521417116821
18.375	21.5	0.325309041390782
18.625	21.5	0.445599249082231
18.875	21.5	0.572726354585474
19.125	21.5	0.690816245593772
19.375	21.5	0.788181396786213
19.625	21.5	0.861024411488415
19.875	21.5	0.911748180717622
20.125	21.5	0.945367311802303
20.375	21.5	0.966938181448374
20.625	21.5	0.98049495754572
20.875	21.5	0.988905205700822
21.125	21.5	0.994080811992146
21.375	21.5	0.997249967202373
21.625	21.5	0.999184457794244
21.875	21.5	1.00036290455549
22.125	21.5	1.00107976840859
22.375	21.5	1.00151533956439
22.625	21.5	1.00177968295851
22.875	21.5	1.00193987292185
23.125	21.5	1.00203674098737
23.375	21.5	1.00209512701419
23.625	21.5	1.00213013618793
23.875	21.5	1.00215095164518
24.125	21.5	1.00216315526317
24.375	21.5	1.00217013947295
24.625	21.5	1.0021739657883
24.875	21.5	1.00217588676117
25.125	21.5	1.00217666326842
25.375	21.5	1.00217675736818
25.625	21.5	1.0021764495178
25.875	21.5	1.00217590981652
26.125	21.5	1.00217524130447
26.375	21.5	1.002174506278
26.625	21.5	1.00217374228279
26.875	21.5	1.00217297183358
27.125	21.5	1.002172208321
27.375	21.5	1.00217145960131
27.625	21.5	1.00217073017772
27.875	21.5	1.00217002252583
28.125	21.5	1.00216933789892
28.375	21.5	1.00216867681707
28.625	21.5	1.00216803936419
28.875	21.5	1.00216742536823
29.125	21.5	1.00216683451056
29.375	21.5	1.00216626639213
29.625	21.5	1.00216572057349
29.875	21.5	1.00216519659887
30.125	21.5	1.00216469401066
30.375	21.5	1.00216421235794
30.625	21.5	1.00216375120157
30.875	21.5	1.00216331011701
31.125	21.5	1.00216288869591
31.375	21.5	1.00216248654691
31.625	21.5	1.00216210329597
31.875	21.5	1.00216173858642
32.125	21.5	1.00216139207883
32.375	21.5	1.00216106345085
32.625	21.5	1.00216075239692
32.875	21.5	1.00216045862803
33.125	21.5	1.00216018187144
33.375	21.5	1.00215992187042
33.625	21.5	1.00215967838393
33.875	21.5	1.00215945118645
34.125	21.5	1.00215924006768
34.375	21.5	1.00215904483235
34.625	21.5	1.0021588653
34.875	21.5	1.00215870130477
35.125	21.5	1.00215855269525
35.375	21.5	1.00215841933432
35.625	21.5	1.00215830109897
35.875	21.5	1.00215819788019
36.125	21.5	1.00215810958286
36.375	21.5	1.00215803612563
36.625	21.5	1.00215797744085
36.875	21.5	1.00215793347447
37.125	21.5	1.00215790418602
37.375	21.5	1.00215788954853
0.125	22.5	-0.00212076409699529
0.375	22.5	-0.00212074863324679
0.625	22.5	-0.00212071769196587
0.875	22.5	-0.00212067124557018
1.125	22.5	-0.0021206092526502
1.375	22.5	-0.00212053165792592
1.625	22.5	-0.00212043839218912
1.875	22.5	-0.00212032937223098
2.125	22.5	-0.00212020450075506
2.375	22.5	-0.00212006366627547
2.625	22.5	-0.00211990674300008
2.875	22.5	-0.00211973359069864
3.125	22.5	-0.00211954405455556
3.375	22.5	-0.00211933796500711
3.625	22.5	-0.00211911513756279
3.875	22.5	-0.00211887537261023
4.125	22.5	-0.00211861845520341
4.375	22.5	-0.00211834415483303
4.625	22.5	-0.00211805222517819
4.875	22.5	-0.00211774240383743
5.125	22.5	-0.0021174144120366
5.375	22.5	-0.00211706795430922
5.625	22.5	-0.0021167027181427
5.875	22.5	-0.00211631837357952
6.125	22.5	-0.00211591457275566
6.375	22.5	-0.00211549094934755
6.625	22.5	-0.00211504711788039
6.875	22.5	-0.00211458267282056
7.125	22.5	-0.00211409718732514
7.375	22.5	-0.00211359021144024
7.625	22.5	-0.00211306126940509
7.875	22.5	-0.00211250985549835
8.125	22.5	-0.00211193542749925
8.375	22.5	-0.00211133739623771
8.625	22.5	-0.00211071510872355
8.875	22.5	-0.00211006782072413
9.125	22.5	-0.00210939465199397
9.375	22.5	-0.00210869451297266
9.625	22.5	-0.00210796598454729
9.875	22.5	-0.00210720712059574
10.125	22.5	-0.00210641512347599
10.375	22.5	-0.00210558581045575
10.625	22.5	-0.00210471273613543
10.875	22.5	-0.00210378574880019
11.125	22.5	-0.00210278861527914
11.375	22.5	-0.00210169511298716
11.625	22.5	-0.00210046259963615
11.875	22.5	-0.00209902143232616
12.125	22.5	-0.00209725755661584
12.375	22.5	-0.00209498385659678
12.625	22.5	-0.00209189301112619
12.875	22.5	-0.00208747991898668
13.125	22.5	-0.00208091405237235
13.375	22.5	-0.00207082942649957
13.625	22.5	-0.00205497903401166
13.875	22.5	-0.00202966633507804
14.125	22.5	-0.00198881011312732
14.375	22.5	-0.00192240664115897
14.625	22.5	-0.00181400178247677
14.875	22.5	-0.00163653845298309
15.125	22.5	-0.00134554298302753
15.375	22.5	-0.000867965762682174
15.625	22.5	-8.39604422198202e-05
15.875	22.5	0.00120271568667138
16.125	22.5	0.00331237952907353
16.375	22.5	0.00676512800077114
16.625	22.5	0.0123981324310787
16.875	22.5	0.0215396398157476
17.125	22.5	0.036246841496456
17.375	22.5	0.0595786540449954
17.625	22.5	0.0957734401693204
17.875	22.5	0.149993195243764
18.125	22.5	0.227030909568914
18.375	22.5	0.328473456348454
18.625	22.5	0.449161078449314
18.875	22.5	0.576248735985667
19.125	22.5	0.693881680598866
19.375	22.5	0.790572255337496
19.625	22.5	0.862739568205714
19.875	22.5	0.912908644237876
20.125	22.5	0.946122816411911
20.375	22.5	0.967418384497924
20.625	22.5	0.980795979192699
20.875	22.5	0.989092662327315
21.125	22.5	0.994197441219369
21.375	22.5	0.997322847837882
21.625	22.5	0.999230467371649
21.875	22.5	1.0003924590896
22.125	22.5	1.00109925809487
22.375	22.5	1.00152867082491
22.625	22.5	1.00178923882689
22.875	22.5	1.00194710539917
23.125	22.5	1.0020425342896
23.375	22.5	1.00210001954844
23.625	22.5	1.00213445591341
23.875	22.5	1.00215489851047
24.125	22.5	1.00216685137289
24.375	22.5	1.00217365960172
24.625	22.5	1.00217735593546
24.875	22.5	1.00217917543136
25.125	22.5	1.00217986832886
25.375	22.5	1.00217989021684
25.625	22.5	1.00217951761681
25.875	22.5	1.00217891823189
26.125	22.5	1.00217819364186
26.375	22.5	1.00217740525139
26.625	22.5	1.00217659006004
26.875	22.5	1.0021757702464
27.125	22.5	1.00217495899255
27.375	22.5	1.00217416402373
27.625	22.5	1.0021733897592
27.875	22.5	1.00217263861927
28.125	22.5	1.00217191181932
28.375	22.5	1.00217120985215
28.625	22.5	1.00217053278083
28.875	22.5	1.00216988041652
29.125	22.5	1.00216925242619
29.375	22.5	1.00216864839798
29.625	22.5	1.00216806788064
29.875	22.5	1.00216751040729
30.125	22.5	1.00216697550969
30.375	22.5	1.00216646272669
30.625	22.5	1.00216597160924
30.875	22.5	1.00216550172317
31.125	22.5	1.0021650526508
31.375	22.5	1.0021646239917
31.625	22.5	1.00216421536305
31.875	22.5	1.00216382639966
32.125	22.5	1.00216345675391
32.375	22.5	1.0021631060955
32.625	22.5	1.00216277411128
32.875	22.5	1.00216246050493
33.125	22.5	1.00216216499673
33.375	22.5	1.00216188732329
33.625	22.5	1.00216162723726
33.875	22.5	1.00216138450715
34.125	22.5	1.00216115891702
34.375	22.5	1.00216095026632
34.625	22.5	1.00216075836968
34.875	22.5	1.00216058305668
35.125	22.5	1.00216042417173
35.375	22.5	1.00216028157387
35.625	22.5	1.00216015513664
35.875	22.5	1.00216004474797
36.125	22.5	1.00215995031005
36.375	22.5	1.0021598717392
36.625	22.5	1.00215980896583
36.875	22.5	1.00215976193438
37.125	22.5	1.00215973060318
37.375	22.5	1.00215971494452
0.125	23.5	-0.0021192362976971
0.375	23.5	-0.00211922003915932
0.625	23.5	-0.00211918750811375
0.875	23.5	-0.00211913867660641
1.125	23.5	-0.00211907350267151
1.375	23.5	-0.00211899193028965
1.625	23.5	-0.00211889388933207
1.875	23.5	-0.0021187792954907
2.125	23.5	-0.00211864805019416
2.375	23.5	-0.00211850004050944
2.625	23.5	-0.00211833513902912
2.875	23.5	-0.00211815320374408
3.125	23.5	-0.00211795407790147
3.375	23.5	-0.00211773758984757
3.625	23.5	-0.00211750355285546
3.875	23.5	-0.0021172517649369
4.125	23.5	-0.00211698200863802
4.375	23.5	-0.00211669405081791
4.625	23.5	-0.00211638764240912
4.875	23.5	-0.00211606251815822
5.125	23.5	-0.00211571839634383
5.375	23.5	-0.00211535497846782
5.625	23.5	-0.00211497194891301
5.875	23.5	-0.00211456897455626
6.125	23.5	-0.00211414570431925
6.375	23.5	-0.00211370176862788
6.625	23.5	-0.00211323677873249
6.875	23.5	-0.00211275032581088
7.125	23.5	-0.0021122419797258
7.375	23.5	-0.00211171128722583
7.625	23.5	-0.00211115776924303
7.875	23.5	-0.0021105809167168
8.125	23.5	-0.00210998018400565
8.375	23.5	-0.00210935497834321
8.625	23.5	-0.00210870464279813
8.875	23.5	-0.00210802842855842
9.125	23.5	-0.00210732544966251
9.375	23.5	-0.00210659460885962
9.625	23.5	-0.00210583447597584
9.875	23.5	-0.00210504308813993
10.125	23.5	-0.00210421762143761
10.375	23.5	-0.00210335385100699
10.625	23.5	-0.00210244526301161
10.875	23.5	-0.00210148159376617
11.125	23.5	-0.00210044642621265
11.375	23.5	-0.00209931323521142
11.625	23.5	-0.00209803888026425
11.875	23.5	-0.00209655289783983
12.125	23.5	-0.00209473988173747
12.375	23.5	-0.00209241048957045
12.625	23.5	-0.00208925373338197
12.875	23.5	-0.0020847584737417
13.125	23.5	-0.00207808424070324
13.375	23.5	-0.00206784868109008
13.625	23.5	-0.00205177784203672
13.875	23.5	-0.00202613083156932
14.125	23.5	-0.00198475344112287
14.375	23.5	-0.00191752184492097
14.625	23.5	-0.00180778436738328
14.875	23.5	-0.00162815918946191
15.125	23.5	-0.00133363928126051
15.375	23.5	-0.000850300284508047
15.625	23.5	-5.68646121760222e-05
15.875	23.5	0.00124524301062055
16.125	23.5	0.00338011633350516
16.375	23.5	0.00687390164265973
16.625	23.5	0.012573284063236
16.875	23.5	0.0218210117031988
17.125	23.5	0.0366951884625586
17.375	23.5	0.0602818996167336
17.625	23.5	0.0968475639279554
17.875	23.5	0.151566161841688
18.125	23.5	0.22919324942348
18.375	23.5	0.331193006387214
18.625	23.5	0.452212356312407
18.875	23.5	0.579255892370302
19.125	23.5	0.696490489167431
19.375	23.5	0.792601789228797
19.625	23.5	0.864192773139917
19.875	23.5	0.913890557788151
20.125	23.5	0.946761461405751
20.375	23.5	0.967824000073338
20.625	23.5	0.981050060735009
20.875	23.5	0.989250756049082
21.125	23.5	0.994295693334603
21.375	23.5	0.99738414875901
21.625	23.5	0.999269079660532
21.875	23.5	1.0004171832482
22.125	23.5	1.001115492523
22.375	23.5	1.00153971530622
22.625	23.5	1.0017971061024
22.875	23.5	1.00195302165782
23.125	23.5	1.0020472460565
23.375	23.5	1.00210398121414
23.625	23.5	1.00213794408831
23.875	23.5	1.0021580816695
24.125	23.5	1.00216983223802
24.375	23.5	1.00217650092186
24.625	23.5	1.00218009616282
24.875	23.5	1.00218183825219
25.125	23.5	1.00218246845711
25.375	23.5	1.00218243691562
25.625	23.5	1.00218201683861
25.875	23.5	1.00218137391921
26.125	23.5	1.0021806085174
26.375	23.5	1.00217978129807
26.625	23.5	1.00217892881253
26.875	23.5	1.00217807296799
27.125	23.5	1.00217722678251
27.375	23.5	1.00217639788225
27.625	23.5	1.00217559062676
27.875	23.5	1.0021748074003
28.125	23.5	1.00217404939648
28.375	23.5	1.00217331709483
28.625	23.5	1.00217261055019
28.875	23.5	1.00217192956842
29.125	23.5	1.0021712738129
29.375	23.5	1.00217064286906
29.625	23.5	1.00217003628343
29.875	23.5	1.00216945358715
30.125	23.5	1.00216889431003
30.375	23.5	1.002168357989
30.625	23.5	1.002167844173
30.875	23.5	1.00216735242579
31.125	23.5	1.00216688232757
31.375	23.5	1.00216643347572
31.625	23.5	1.00216600548516
31.875	23.5	1.00216559798843
32.125	23.5	1.0021652106356
32.375	23.5	1.00216484309407
32.625	23.5	1.00216449504836
32.875	23.5	1.00216416619991
33.125	23.5	1.00216385626672
33.375	23.5	1.00216356498322
33.625	23.5	1.00216329209992
33.875	23.5	1.00216303738325
34.125	23.5	1.0021628006153
34.375	23.5	1.00216258159363
34.625	23.5	1.00216238013105
34.875	23.5	1.00216219605548
35.125	23.5	1.00216202920974
35.375	23.5	1.00216187945142
35.625	23.5	1.00216174665276
35.875	23.5	1.00216163070049
36.125	23.5	1.00216153149574
36.375	23.5	1.00216144895394
36.625	23.5	1.00216138300474
36.875	23.5	1.00216133359194
37.125	23.5	1.00216130067345
37.375	23.5	1.00216128422121
0.125	24.5	-0.00211797527061378
0.375	24.5	-0.00211795844637107
0.625	24.5	-0.00211792478395786
0.875	24.5	-0.00211787425550532
1.125	24.5	-0.0021178068191773
1.375	24.5	-0.00211772241913081
1.625	24.5	-0.00211762098546327
1.875	24.5	-0.00211750243414646
2.125	24.5	-0.00211736666694706
2.375	24.5	-0.00211721357133376
2.625	24.5	-0.00211704302037073
2.875	24.5	-0.00211685487259737
3.125	24.5	-0.0021166489718941
3.375	24.5	-0.00211642514733408
3.625	24.5	-0.00211618321302044
3.875	24.5	-0.00211592296790875
4.125	24.5	-0.00211564419561416
4.375	24.5	-0.00211534666420243
4.625	24.5	-0.00211503012596384
4.875	24.5	-0.00211469431716814
5.125	24.5	-0.002114338957798
5.375	24.5	-0.00211396375125668
5.625	24.5	-0.00211356838404305
5.875	24.5	-0.00211315252538311
6.125	24.5	-0.00211271582679991
6.375	24.5	-0.00211225792159264
6.625	24.5	-0.00211177842417679
6.875	24.5	-0.00211127692920654
7.125	24.5	-0.00211075301034986
7.375	24.5	-0.00211020621850331
7.625	24.5	-0.00210963607909652
7.875	24.5	-0.00210904208791032
8.125	24.5	-0.00210842370446106
8.375	24.5	-0.00210778034139224
8.625	24.5	-0.00210711134730851
8.875	24.5	-0.00210641597883123
9.125	24.5	-0.00210569335493053
9.375	24.5	-0.00210494238210496
9.625	24.5	-0.00210416163160209
9.875	24.5	-0.00210334913773193
10.125	24.5	-0.00210250206634549
10.375	24.5	-0.00210161616967272
10.625	24.5	-0.00210068488961018
10.875	24.5	-0.00209969788251645
11.125	24.5	-0.00209863859206428
11.375	24.5	-0.00209748025560745
11.625	24.5	-0.00209617933279151
11.875	24.5	-0.00209466469230416
12.125	24.5	-0.0020928198184109
12.375	24.5	-0.00209045353126287
12.625	24.5	-0.00208725180641404
12.875	24.5	-0.00208269849345288
13.125	24.5	-0.00207594486057492
13.375	24.5	-0.0020655949411775
13.625	24.5	-0.00204935236050294
13.875	24.5	-0.00202343930868399
14.125	24.5	-0.00198164080871032
14.375	24.5	-0.00191373303792556
14.625	24.5	-0.00180289983728098
14.875	24.5	-0.00162148898902516
15.125	24.5	-0.00132404935394213
15.375	24.5	-0.000835928233272252
15.625	24.5	-3.46564383355084e-05
15.875	24.5	0.00128028309237799
16.125	24.5	0.00343612760226831
16.375	24.5	0.00696405671913908
16.625	24.5	0.0127186672900508
16.875	24.5	0.0220547557069827
17.125	24.5	0.0370677728345034
17.375	24.5	0.0608662680847925
17.625	24.5	0.0977396738848846
17.875	24.5	0.152871292683215
18.125	24.5	0.230984580840041
18.375	24.5	0.333441000921948
18.625	24.5	0.454727745794912
18.875	24.5	0.581727768077478
19.125	24.5	0.69862924325797
19.375	24.5	0.794262064729541
19.625	24.5	0.865379664405847
19.875	24.5	0.914691581660969
20.125	24.5	0.947281981384009
20.375	24.5	0.968154326242797
20.625	24.5	0.981256800771435
20.875	24.5	0.989379250452466
21.125	24.5	0.994375425176895
21.375	24.5	0.997433780760052
21.625	24.5	0.999300237176903
21.875	24.5	1.00043703836621
22.125	24.5	1.00112844422403
22.375	24.5	1.0015484521804
22.625	24.5	1.00180326785858
22.875	24.5	1.00195760702104
23.125	24.5	1.00205086286591
23.375	24.5	1.00210699924676
23.625	24.5	1.00214058825081
23.875	24.5	1.00216048875526
24.125	24.5	1.00217208546788
24.375	24.5	1.0021786509546
24.625	24.5	1.0021821738717
24.875	24.5	1.00218386249274
25.125	24.5	1.00218445078903
25.375	24.5	1.00218438447276
25.625	24.5	1.00218393407307
25.875	24.5	1.00218326366093
26.125	24.5	1.00218247261782
26.375	24.5	1.00218162102086
26.625	24.5	1.00218074507061
26.875	24.5	1.00217986646723
27.125	24.5	1.00217899810857
27.375	24.5	1.00217814755307
27.625	24.5	1.00217731912402
27.875	24.5	1.00217651518827
28.125	24.5	1.00217573693306
28.375	24.5	1.00217498483803
28.625	24.5	1.00217425896176
28.875	24.5	1.00217355911574
29.125	24.5	1.00217288496992
29.375	24.5	1.00217223611666
29.625	24.5	1.00217161210933
29.875	24.5	1.00217101248571
30.125	24.5	1.00217043678193
30.375	24.5	1.00216988454082
30.625	24.5	1.00216935531684
30.875	24.5	1.00216884867887
31.125	24.5	1.0021683642118
31.375	24.5	1.00216790151737
31.625	24.5	1.00216746021446
31.875	24.5	1.00216703993926
32.125	24.5	1.00216664034515
32.375	24.5	1.00216626110259
32.625	24.5	1.00216590189885
32.875	24.5	1.00216556243787
33.125	24.5	1.00216524243993
33.375	24.5	1.00216494164149
33.625	24.5	1.00216465979495
33.875	24.5	1.00216439666839
34.125	24.5	1.0021641520454
34.375	24.5	1.00216392572488
34.625	24.5	1.00216371752083
34.875	24.5	1.00216352726224
35.125	24.5	1.00216335479285
35.375	24.5	1.0021631999711
35.625	24.5	1.00216306266992
35.875	24.5	1.00216294277666
36.125	24.5	1.00216284019299
36.375	24.5	1.00216275483477
36.625	24.5	1.00216268663202
36.875	24.5	1.00216263552881
37.125	24.5	1.00216260148326
37.375	24.5	1.00216258446746
0.125	25.5	-0.00211699016811938
0.375	25.5	-0.0021169730064274
0.625	25.5	-0.0021169386693735
0.875	25.5	-0.00211688712960557
1.125	25.5	-0.002116818346065
1.375	25.5	-0.00211673226395016
1.625	25.5	-0.00211662881466767
1.875	25.5	-0.00211650791577135
2.125	25.5	-0.00211636947088881
2.375	25.5	-0.00211621336963563
2.625	25.5	-0.00211603948751698
2.875	25.5	-0.00211584768581654
3.125	25.5	-0.00211563781147268
3.375	25.5	-0.00211540969694154
3.625	25.5	-0.00211516316004686
3.875	25.5	-0.00211489800381614
4.125	25.5	-0.00211461401630277
4.375	25.5	-0.00211431097039318
4.625	25.5	-0.00211398862359817
4.875	25.5	-0.00211364671782659
5.125	25.5	-0.00211328497913872
5.375	25.5	-0.00211290311747534
5.625	25.5	-0.00211250082635537
5.875	25.5	-0.0021120777825313
6.125	25.5	-0.00211163364558431
6.375	25.5	-0.00211116805742949
6.625	25.5	-0.002110680641683
6.875	25.5	-0.00211017100281154
7.125	25.5	-0.00210963872493394
7.375	25.5	-0.00210908337006007
7.625	25.5	-0.0021085044754147
7.875	25.5	-0.00210790154926563
8.125	25.5	-0.00210727406430178
8.375	25.5	-0.00210662144699037
8.625	25.5	-0.00210594306032847
8.875	25.5	-0.00210523817573625
9.125	25.5	-0.00210450592709319
9.375	25.5	-0.0021037452354011
9.625	25.5	-0.00210295468512266
9.875	25.5	-0.00210213232100996
10.125	25.5	-0.00210127531410391
10.375	25.5	-0.00210037941245482
10.625	25.5	-0.0020994380375943
10.875	25.5	-0.00209844079807123
11.125	25.5	-0.00209737104372824
11.375	25.5	-0.00209620184144833
11.625	25.5	-0.00209488935331819
11.875	25.5	-0.0020933619402938
12.125	25.5	-0.00209150223193011
12.375	25.5	-0.0020891176214601
12.625	25.5	-0.00208589171454899
12.875	25.5	-0.00208130443764147
13.125	25.5	-0.00207450057807418
13.375	25.5	-0.00206407347759864
13.625	25.5	-0.00204770913887242
13.875	25.5	-0.00202160072336065
14.125	25.5	-0.00197948545924044
14.375	25.5	-0.00191106086444979
14.625	25.5	-0.00179938138551343
14.875	25.5	-0.0016165820859485
15.125	25.5	-0.00131686245797469
15.375	25.5	-0.00082499686324103
15.625	25.5	-1.75788252470895e-05
15.875	25.5	0.00130743590996632
16.125	25.5	0.00347975647517643
16.375	25.5	0.00703451938596886
16.625	25.5	0.0128325384027622
16.875	25.5	0.0222380701542394
17.125	25.5	0.0373601679548122
17.375	25.5	0.0613249497950047
17.625	25.5	0.0984397284081679
17.875	25.5	0.153894721488694
18.125	25.5	0.232387552707292
18.375	25.5	0.335198556522836
18.625	25.5	0.456690096015423
18.875	25.5	0.583651699033504
19.125	25.5	0.700290331668106
19.375	25.5	0.795549271818938
19.625	25.5	0.866298613928836
19.875	25.5	0.915311121510274
20.125	25.5	0.94768420452528
20.375	25.5	0.96840934111161
20.625	25.5	0.981416220558038
20.875	25.5	0.989478173110801
21.125	25.5	0.994436660198195
21.375	25.5	0.997471761597107
21.625	25.5	0.999323952854177
21.875	25.5	1.00045203376992
22.125	25.5	1.00113811990965
22.375	25.5	1.00155488624387
22.625	25.5	1.00180772744196
22.875	25.5	1.0019608636895
23.125	25.5	1.00205338597255
23.375	25.5	1.00210907408998
23.625	25.5	1.00214238812819
23.875	25.5	1.00216211884866
24.125	25.5	1.00217360955162
24.375	25.5	1.00218010764228
24.625	25.5	1.00218358649616
24.875	25.5	1.00218524511294
25.125	25.5	1.00218581184146
25.375	25.5	1.00218572899064
25.625	25.5	1.00218526503466
25.875	25.5	1.00218458280858
26.125	25.5	1.00218378095514
26.375	25.5	1.00218291911429
26.625	25.5	1.00218203323216
26.875	25.5	1.00218114486489
27.125	25.5	1.00218026683295
27.375	25.5	1.00217940665727
27.625	25.5	1.00217856864739
27.875	25.5	1.00217775517035
28.125	25.5	1.00217696742161
28.375	25.5	1.0021762058934
28.625	25.5	1.00217547065917
28.875	25.5	1.00217476154623
29.125	25.5	1.00217407824058
29.375	25.5	1.00217342035033
29.625	25.5	1.00217278744415
29.875	25.5	1.00217217907447
30.125	25.5	1.00217159479134
30.375	25.5	1.00217103415083
30.625	25.5	1.00217049671987
30.875	25.5	1.00216998207911
31.125	25.5	1.00216948982454
31.375	25.5	1.00216901956828
31.625	25.5	1.002168570939
31.875	25.5	1.00216814358205
32.125	25.5	1.00216773715939
32.375	25.5	1.00216735134947
32.625	25.5	1.00216698584708
32.875	25.5	1.0021666403631
33.125	25.5	1.00216631462434
33.375	25.5	1.00216600837328
33.625	25.5	1.0021657213679
33.875	25.5	1.00216545338145
34.125	25.5	1.00216520420227
34.375	25.5	1.00216497363363
34.625	25.5	1.00216476149354
34.875	25.5	1.00216456761461
35.125	25.5	1.00216439184388
35.375	25.5	1.00216423404274
35.625	25.5	1.00216409408674
35.875	25.5	1.00216397186555
36.125	25.5	1.00216386728283
36.375	25.5	1.00216378025616
36.625	25.5	1.00216371071697
36.875	25.5	1.00216365861045
37.125	25.5	1.00216362389557
37.375	25.5	1.00216360654496
0.125	26.5	-0.00211628639963722
0.375	26.5	-0.00211626912438284
0.625	26.5	-0.00211623456066115
0.875	26.5	-0.00211618268203523
1.125	26.5	-0.00211611344882222
1.375	26.5	-0.00211602680806047
1.625	26.5	-0.0021159226934655
1.875	26.5	-0.00211580102537505
2.125	26.5	-0.00211566171068288
2.375	26.5	-0.00211550464276145
2.625	26.5	-0.00211532970137329
2.875	26.5	-0.00211513675257101
3.125	26.5	-0.00211492564858573
3.375	26.5	-0.0021146962277039
3.625	26.5	-0.00211444831413214
3.875	26.5	-0.00211418171784983
4.125	26.5	-0.00211389623444904
4.375	26.5	-0.00211359164496103
4.625	26.5	-0.00211326771566827
4.875	26.5	-0.00211292419790046
5.125	26.5	-0.00211256082781182
5.375	26.5	-0.00211217732613545
5.625	26.5	-0.00211177339790811
5.875	26.5	-0.00211134873215424
6.125	26.5	-0.00211090300151125
6.375	26.5	-0.00211043586176642
6.625	26.5	-0.00210994695125689
6.875	26.5	-0.00210943589005306
7.125	26.5	-0.00210890227879411
7.375	26.5	-0.00210834569696032
7.625	26.5	-0.0021077657002273
7.875	26.5	-0.00210716181631913
8.125	26.5	-0.0021065335384002
8.375	26.5	-0.0021058803144269
8.625	26.5	-0.00210520152986017
8.875	26.5	-0.00210449647946294
9.125	26.5	-0.00210376432114569
9.375	26.5	-0.00210300400028055
9.625	26.5	-0.00210221412542917
9.875	26.5	-0.00210139276412743
10.125	26.5	-0.00210053710712658
10.375	26.5	-0.00209964291617764
10.625	26.5	-0.00209870361562604
10.875	26.5	-0.00209770879787437
11.125	26.5	-0.00209664176432272
11.375	26.5	-0.0020954754791159
11.625	26.5	-0.00209416591104705
11.875	26.5	-0.00209264107749235
12.125	26.5	-0.00209078301577996
12.375	26.5	-0.00208839811633255
12.625	26.5	-0.00208516830485779
12.875	26.5	-0.00208057071195547
13.125	26.5	-0.00207374549117289
13.375	26.5	-0.00206327832432647
13.625	26.5	-0.00204684257298179
13.875	26.5	-0.00202061056032376
14.125	26.5	-0.0019782851903248
14.375	26.5	-0.00190950747804082
14.625	26.5	-0.00179723891292693
14.875	26.5	-0.00161346173655601
15.125	26.5	-0.00131212445201116
15.375	26.5	-0.000817589839795897
15.625	26.5	-5.77816474581197e-06
15.875	26.5	0.0013264516853456
16.125	26.5	0.00351058390367714
16.375	26.5	0.00708459575283369
16.625	26.5	0.0129137626111904
16.875	26.5	0.0223691262277871
17.125	26.5	0.0375694856898626
17.375	26.5	0.0616535207075723
17.625	26.5	0.098941263846156
17.875	26.5	0.154627672424732
18.125	26.5	0.233391504402238
18.375	26.5	0.336454660207479
18.625	26.5	0.458090306933693
18.875	26.5	0.585022097443618
19.125	26.5	0.70147156913969
19.375	26.5	0.796463361543119
19.625	26.5	0.866950443101647
19.875	26.5	0.915750126687779
20.125	26.5	0.947968917827503
20.375	26.5	0.968589615843278
20.625	26.5	0.981528708941625
20.875	26.5	0.989547781041555
21.125	26.5	0.99447956683567
21.375	26.5	0.997498202387408
21.625	26.5	0.999340301398297
21.875	26.5	1.00046222118316
22.125	26.5	1.0011445567572
22.375	26.5	1.00155904536298
22.625	26.5	1.00181050663881
22.875	26.5	1.00196280936098
23.125	26.5	1.00205483021681
23.375	26.5	1.00211021849301
23.625	26.5	1.00214335486128
23.875	26.5	1.0021629817919
24.125	26.5	1.00217441323696
24.375	26.5	1.00218087877743
24.625	26.5	1.00218434097291
24.875	26.5	1.00218599226815
25.125	26.5	1.00218655704715
25.375	26.5	1.00218647522788
25.625	26.5	1.0021860138497
25.875	26.5	1.00218533489323
26.125	26.5	1.00218453649885
26.375	26.5	1.00218367801738
26.625	26.5	1.00218279523469
26.875	26.5	1.00218190962428
27.125	26.5	1.00218103397043
27.375	26.5	1.00218017578545
27.625	26.5	1.0021793393864
27.875	26.5	1.00217852715696
28.125	26.5	1.00217774031424
28.375	26.5	1.00217697937456
28.625	26.5	1.00217624443637
28.875	26.5	1.0021755353521
29.125	26.5	1.00217485183231
29.375	26.5	1.00217419350896
29.625	26.5	1.00217355997364
29.875	26.5	1.00217295080064
30.125	26.5	1.00217236556091
30.375	26.5	1.00217180383032
30.625	26.5	1.00217126519462
30.875	26.5	1.0021707492523
31.125	26.5	1.00217025561619
31.375	26.5	1.00216978391435
31.625	26.5	1.00216933379051
31.875	26.5	1.00216890490418
32.125	26.5	1.0021684969307
32.375	26.5	1.00216810956108
32.625	26.5	1.00216774250191
32.875	26.5	1.00216739547512
33.125	26.5	1.00216706821789
33.375	26.5	1.00216676048235
33.625	26.5	1.00216647203548
33.875	26.5	1.0021662026589
34.125	26.5	1.00216595214871
34.375	26.5	1.00216572031531
34.625	26.5	1.00216550698327
34.875	26.5	1.0021653119912
35.125	26.5	1.0021651351916
35.375	26.5	1.00216497645074
35.625	26.5	1.00216483564857
35.875	26.5	1.00216471267863
36.125	26.5	1.00216460744794
36.375	26.5	1.00216451987695
36.625	26.5	1.00216444989946
36.875	26.5	1.00216439746257
37.125	26.5	1.00216436252665
37.375	26.5	1.00216434506528
0.125	27.5	-0.00211586570553949
0.375	27.5	-0.00211584853297505
0.625	27.5	-0.00211581417526958
0.875	27.5	-0.00211576260726024
1.125	27.5	-0.00211569379117866
1.375	27.5	-0.00211560767662216
1.625	27.5	-0.00211550420051519
1.875	27.5	-0.00211538328706114
2.125	27.5	-0.00211524484768436
2.375	27.5	-0.00211508878096253
2.625	27.5	-0.00211491497254897
2.875	27.5	-0.0021147232950852
3.125	27.5	-0.00211451360810333
3.375	27.5	-0.00211428575791831
3.625	27.5	-0.0021140395775098
3.875	27.5	-0.00211377488639324
4.125	27.5	-0.00211349149047995
4.375	27.5	-0.00211318918192536
4.625	27.5	-0.00211286773896455
4.875	27.5	-0.00211252692573327
5.125	27.5	-0.00211216649207218
5.375	27.5	-0.00211178617330991
5.625	27.5	-0.00211138569001826
5.875	27.5	-0.0021109647477286
6.125	27.5	-0.00211052303659129
6.375	27.5	-0.00211006023094857
6.625	27.5	-0.0021095759887723
6.875	27.5	-0.00210906995088656
7.125	27.5	-0.00210854173984361
7.375	27.5	-0.00210799095823721
7.625	27.5	-0.00210741718609729
7.875	27.5	-0.00210681997678114
8.125	27.5	-0.00210619885039797
8.375	27.5	-0.00210555328318267
8.625	27.5	-0.00210488269021146
8.875	27.5	-0.00210418639716941
9.125	27.5	-0.00210346359410996
9.375	27.5	-0.00210271325958887
9.625	27.5	-0.00210193403605498
9.875	27.5	-0.00210112402503778
10.125	27.5	-0.00210028045036135
10.375	27.5	-0.00209939910419191
10.625	27.5	-0.0020984734357259
10.875	27.5	-0.00209749305181914
11.125	27.5	-0.00209644124992113
11.375	27.5	-0.00209529095859385
11.625	27.5	-0.00209399805759272
11.875	27.5	-0.00209249038583603
12.125	27.5	-0.00209064965353807
12.375	27.5	-0.00208828167782764
12.625	27.5	-0.00208506740441956
12.875	27.5	-0.00208048231306375
13.125	27.5	-0.00207366380094698
13.375	27.5	-0.00206319297291065
13.625	27.5	-0.00204673561659297
13.875	27.5	-0.00202045154963114
14.125	27.5	-0.00197802305798158
14.375	27.5	-0.00190905719917874
14.625	27.5	-0.00179645958342753
14.875	27.5	-0.00161212058001499
15.125	27.5	-0.00130983780920465
15.375	27.5	-0.000813726652141297
15.625	27.5	6.97262710057152e-07
15.875	27.5	0.00133723415923915
16.125	27.5	0.00352843465985113
16.375	27.5	0.0071139822676416
16.625	27.5	0.0129618312365854
16.875	27.5	0.0224470952797618
17.125	27.5	0.0376944176006646
17.375	27.5	0.0618499996068154
17.625	27.5	0.0992414632095903
17.875	27.5	0.155066519374072
18.125	27.5	0.233992469165335
18.375	27.5	0.33720605391073
18.625	27.5	0.458927060726511
18.875	27.5	0.585840071589991
19.125	27.5	0.702175798198335
19.375	27.5	0.797007705766055
19.625	27.5	0.867338167878612
19.875	27.5	0.916010914153535
20.125	27.5	0.948137751189047
20.375	27.5	0.968696240419016
20.625	27.5	0.981594975484546
20.875	27.5	0.989588531260736
21.125	27.5	0.994504439976104
21.375	27.5	0.997513295837064
21.625	27.5	0.999349411688344
21.875	27.5	1.00046768969934
22.125	27.5	1.00114781896895
22.375	27.5	1.00156097801781
22.625	27.5	1.00181164383506
22.875	27.5	1.00196347578112
23.125	27.5	1.00205522282835
23.375	27.5	1.00211045648271
23.625	27.5	1.00214351009281
23.875	27.5	1.00216309736093
24.125	27.5	1.00217451476644
24.375	27.5	1.00218098129013
24.625	27.5	1.0021844530714
24.875	27.5	1.00218611867633
25.125	27.5	1.00218670015504
25.375	27.5	1.0021866360301
25.625	27.5	1.00218619251518
25.875	27.5	1.00218553111074
26.125	27.5	1.00218474968613
26.375	27.5	1.00218390744744
26.625	27.5	1.00218304011169
26.875	27.5	1.00218216912885
27.125	27.5	1.00218130728637
27.375	27.5	1.00218046211521
27.625	27.5	1.0021796379597
27.875	27.5	1.00217883723532
28.125	27.5	1.002178061193
28.375	27.5	1.00217731038345
28.625	27.5	1.00217658493923
28.875	27.5	1.00217588474604
29.125	27.5	1.00217520954663
29.375	27.5	1.00217455900389
29.625	27.5	1.00217393273903
29.875	27.5	1.00217333035466
30.125	27.5	1.00217275144868
30.375	27.5	1.00217219562265
30.625	27.5	1.00217166248672
30.875	27.5	1.00217115166253
31.125	27.5	1.00217066278492
31.375	27.5	1.00217019550279
31.625	27.5	1.00216974947957
31.875	27.5	1.00216932439344
32.125	27.5	1.00216891993733
32.375	27.5	1.00216853581887
32.625	27.5	1.00216817176028
32.875	27.5	1.0021678274982
33.125	27.5	1.00216750278358
33.375	27.5	1.00216719738149
33.625	27.5	1.00216691107094
33.875	27.5	1.00216664364478
34.125	27.5	1.00216639490951
34.375	27.5	1.00216616468518
34.625	27.5	1.00216595280522
34.875	27.5	1.00216575911633
35.125	27.5	1.0021655834784
35.375	27.5	1.00216542576435
35.625	27.5	1.00216528586011
35.875	27.5	1.00216516366445
36.125	27.5	1.002165059089
36.375	27.5	1.0021649720581
36.625	27.5	1.0021649025088
36.875	27.5	1.0021648503908
37.125	27.5	1.00216481566639
37.375	27.5	1.00216479831047
0.125	28.5	-0.0021157262846511
0.375	28.5	-0.00211570942045662
0.625	28.5	-0.00211567568028438
0.875	28.5	-0.00211562504055966
1.125	28.5	-0.00211555746589995
1.375	28.5	-0.00211547290909059
1.625	28.5	-0.0021153713110521
1.875	28.5	-0.00211525260079941
2.125	28.5	-0.00211511669539285
2.375	28.5	-0.0021149634998808
2.625	28.5	-0.00211479290723419
2.875	28.5	-0.00211460479827243
3.125	28.5	-0.00211439904158106
3.375	28.5	-0.0021141754934207
3.625	28.5	-0.00211393399762729
3.875	28.5	-0.00211367438550334
4.125	28.5	-0.00211339647569975
4.375	28.5	-0.0021131000740876
4.625	28.5	-0.00211278497361902
4.875	28.5	-0.00211245095417545
5.125	28.5	-0.00211209778240086
5.375	28.5	-0.00211172521151586
5.625	28.5	-0.00211133298110585
5.875	28.5	-0.00211092081687242
6.125	28.5	-0.00211048843032986
6.375	28.5	-0.00211003551841717
6.625	28.5	-0.00210956176297712
6.875	28.5	-0.0021090668300222
7.125	28.5	-0.00210855036865602
7.375	28.5	-0.0021080120094338
7.625	28.5	-0.00210745136180598
7.875	28.5	-0.00210686801005902
8.125	28.5	-0.00210626150678975
8.375	28.5	-0.00210563136232698
8.625	28.5	-0.00210497702749053
8.875	28.5	-0.00210429786539257
9.125	28.5	-0.00210359310521361
9.375	28.5	-0.00210286176632255
9.625	28.5	-0.00210210253360142
9.875	28.5	-0.00210131355247941
10.125	28.5	-0.00210049209184732
10.375	28.5	-0.00209963398956348
10.625	28.5	-0.00209873274020039
10.875	28.5	-0.00209777799407294
11.125	28.5	-0.00209675308748617
11.375	28.5	-0.00209563097878142
11.625	28.5	-0.00209436756100749
11.875	28.5	-0.0020928906576525
12.125	28.5	-0.00209108191460433
12.375	28.5	-0.00208874700255637
12.625	28.5	-0.00208556658403767
12.875	28.5	-0.0020810156290087
13.125	28.5	-0.00207423065055118
13.375	28.5	-0.00206379125231037
13.625	28.5	-0.00204736070468932
13.875	28.5	-0.00202109463660318
14.125	28.5	-0.00197866839725714
14.375	28.5	-0.0019096775920846
14.625	28.5	-0.00179700896482508
14.875	28.5	-0.00161252185499106
15.125	28.5	-0.00130996292809852
15.375	28.5	-0.000813364048335595
15.625	28.5	1.89567861889781e-06
15.875	28.5	0.00133983871978096
16.125	28.5	0.00353337504421107
16.375	28.5	0.00712276270118009
16.625	28.5	0.0129768573689805
16.875	28.5	0.0224721418992978
17.125	28.5	0.0377352227066119
17.375	28.5	0.0619148247238217
17.625	28.5	0.0993411096289372
17.875	28.5	0.155212694012089
18.125	28.5	0.234193003902599
18.375	28.5	0.33745695622708
18.625	28.5	0.459206440824729
18.875	28.5	0.586113000865977
19.125	28.5	0.702410498151077
19.375	28.5	0.797188787615551
19.625	28.5	0.867466777429049
19.875	28.5	0.916097019843007
20.125	28.5	0.948193081166818
20.375	28.5	0.968730762519709
20.625	28.5	0.981616011974212
20.875	28.5	0.989601056546963
21.125	28.5	0.994511685588657
21.375	28.5	0.997517306356012
21.625	28.5	0.999351460271906
21.875	28.5	1.00046856136257
22.125	28.5	1.00114799464493
22.375	28.5	1.00156075098071
22.625	28.5	1.00181119220337
22.875	28.5	1.00196290725715
23.125	28.5	1.00205460215512
23.375	28.5	1.00210982223925
23.625	28.5	1.00214288494755
23.875	28.5	1.00216249432357
24.125	28.5	1.00217394099696
24.375	28.5	1.00218044041809
24.625	28.5	1.00218394660734
24.875	28.5	1.0021856468702
25.125	28.5	1.00218626251772
25.375	28.5	1.00218623164988
25.625	28.5	1.00218582024934
25.875	28.5	1.00218518970113
26.125	28.5	1.00218443782853
26.375	28.5	1.00218362383273
26.625	28.5	1.00218278344998
26.875	28.5	1.00218193816321
27.125	28.5	1.00218110080027
27.375	28.5	1.00218027893617
27.625	28.5	1.00217947696067
27.875	28.5	1.0021786973347
28.125	28.5	1.00217794135385
28.375	28.5	1.00217720961229
28.625	28.5	1.00217650228454
28.875	28.5	1.00217581929661
29.125	28.5	1.00217516042998
29.375	28.5	1.00217452538455
29.625	28.5	1.00217391381692
29.875	28.5	1.00217332536345
30.125	28.5	1.00217275965424
30.375	28.5	1.00217221632153
30.625	28.5	1.00217169500467
30.875	28.5	1.00217119535307
31.125	28.5	1.00217071702793
31.375	28.5	1.00217025970322
31.625	28.5	1.00216982306611
31.875	28.5	1.00216940681727
32.125	28.5	1.00216901067091
32.375	28.5	1.00216863435476
32.625	28.5	1.00216827761
32.875	28.5	1.00216794019112
33.125	28.5	1.00216762186582
33.375	28.5	1.0021673224149
33.625	28.5	1.00216704163208
33.875	28.5	1.0021667793239
34.125	28.5	1.00216653530961
34.375	28.5	1.00216630942103
34.625	28.5	1.00216610150245
34.875	28.5	1.00216591141052
35.125	28.5	1.00216573901418
35.375	28.5	1.00216558419457
35.625	28.5	1.0021654468449
35.875	28.5	1.00216532687046
36.125	28.5	1.00216522418849
36.375	28.5	1.00216513872817
36.625	28.5	1.00216507043056
36.875	28.5	1.00216501924853
37.125	28.5	1.00216498514678
37.375	28.5	1.00216496810179
0.125	29.5	-0.00211586296991848
0.375	29.5	-0.00211584660663457
0.625	29.5	-0.00211581386920947
0.875	29.5	-0.00211576473592198
1.125	29.5	-0.00211569917417375
1.375	29.5	-0.00211561714046952
1.625	29.5	-0.00211551858039071
1.875	29.5	-0.0021154034285624
2.125	29.5	-0.00211527160861361
2.375	29.5	-0.00211512303313106
2.625	29.5	-0.00211495760360603
2.875	29.5	-0.00211477521037471
3.125	29.5	-0.00211457573255155
3.375	29.5	-0.00211435903795589
3.625	29.5	-0.00211412498303141
3.875	29.5	-0.00211387341275844
4.125	29.5	-0.00211360416055856
4.375	29.5	-0.00211331704819108
4.625	29.5	-0.00211301188564036
4.875	29.5	-0.00211268847099254
5.125	29.5	-0.00211234659029913
5.375	29.5	-0.00211198601742348
5.625	29.5	-0.00211160651386348
5.875	29.5	-0.00211120782853952
6.125	29.5	-0.00211078969752987
6.375	29.5	-0.00211035184372391
6.625	29.5	-0.0021098939763447
6.875	29.5	-0.00210941579026117
7.125	29.5	-0.00210891696495846
7.375	29.5	-0.00210839716295044
7.625	29.5	-0.00210785602727878
7.875	29.5	-0.0021072931775135
8.125	29.5	-0.00210670820329198
8.375	29.5	-0.00210610065381219
8.625	29.5	-0.0021054700206726
8.875	29.5	-0.002104815709768
9.125	29.5	-0.0021041369951806
9.375	29.5	-0.00210343294344705
9.625	29.5	-0.00210270228908078
9.875	29.5	-0.00210194322988528
10.125	29.5	-0.00210115309028006
10.375	29.5	-0.00210032776743445
10.625	29.5	-0.00209946081999682
10.875	29.5	-0.00209854196868853
11.125	29.5	-0.00209755462907748
11.375	29.5	-0.00209647185173203
11.625	29.5	-0.00209524964160859
11.875	29.5	-0.00209381596480174
12.125	29.5	-0.00209205265861953
12.375	29.5	-0.00208976566380993
12.625	29.5	-0.00208663604072189
12.875	29.5	-0.00208213936588203
13.125	29.5	-0.00207541310119334
13.375	29.5	-0.00206503836149811
13.625	29.5	-0.00204868085366533
13.875	29.5	-0.00202250016648902
14.125	29.5	-0.00198017811800102
14.375	29.5	-0.00191132091425659
14.625	29.5	-0.00179883270115439
14.875	29.5	-0.00161460140720716
15.125	29.5	-0.00131242065938787
15.375	29.5	-0.000816399382892718
15.625	29.5	-2.0428570073932e-06
15.875	29.5	0.00133446561127708
16.125	29.5	0.00352570263736296
16.375	29.5	0.00711139227391285
16.625	29.5	0.0129595508589187
16.875	29.5	0.0224453841548771
17.125	29.5	0.0376936641912959
17.375	29.5	0.0618507536795772
17.625	29.5	0.0992444310419881
17.875	29.5	0.155072453006761
18.125	29.5	0.234001860654868
18.375	29.5	0.33721864089997
18.625	29.5	0.458941458592476
18.875	29.5	0.585854081599633
19.125	29.5	0.702187410217209
19.375	29.5	0.797015926362816
19.625	29.5	0.867343047247583
19.875	29.5	0.916013077275659
20.125	29.5	0.94813795393535
20.375	29.5	0.968695139105937
20.625	29.5	0.981593062016566
20.875	29.5	0.989586146226532
21.125	29.5	0.99450180841918
21.375	29.5	0.99751056200774
21.625	29.5	0.999346665937059
21.875	29.5	1.00046498736067
22.125	29.5	1.00114519298442
22.375	29.5	1.00155844715165
22.625	29.5	1.00180921794316
22.875	29.5	1.00196115916229
23.125	29.5	1.0020530163459
23.375	29.5	1.00210835890373
23.625	29.5	1.00214151893182
23.875	29.5	1.0021612094102
24.125	29.5	1.00217272642832
24.375	29.5	1.00217928878447
24.625	29.5	1.00218285256404
24.875	29.5	1.0021846063579
25.125	29.5	1.0021852722883
25.375	29.5	1.00218528897758
25.625	29.5	1.00218492275441
25.875	29.5	1.00218433524172
26.125	29.5	1.00218362443399
26.375	29.5	1.00218284966211
26.625	29.5	1.00218204676576
26.875	29.5	1.00218123731439
27.125	29.5	1.0021804342111
27.375	29.5	1.0021796450984
27.625	29.5	1.00217887442789
27.875	29.5	1.00217812471804
28.125	29.5	1.00217739731853
28.375	29.5	1.00217669287467
28.625	29.5	1.00217601160952
28.875	29.5	1.00217535349536
29.125	29.5	1.00217471835771
29.375	29.5	1.00217410593853
29.625	29.5	1.00217351593451
29.875	29.5	1.00217294802028
30.125	29.5	1.00217240186245
30.375	29.5	1.00217187712802
30.625	29.5	1.0021713734895
30.875	29.5	1.00217089062787
31.125	29.5	1.00217042823433
31.375	29.5	1.00216998601138
31.625	29.5	1.00216956367328
31.875	29.5	1.00216916094639
32.125	29.5	1.00216877756924
32.375	29.5	1.00216841329257
32.625	29.5	1.00216806787928
32.875	29.5	1.00216774110433
33.125	29.5	1.00216743275469
33.375	29.5	1.00216714262922
33.625	29.5	1.00216687053855
33.875	29.5	1.00216661630502
34.125	29.5	1.00216637976254
34.375	29.5	1.00216616075653
34.625	29.5	1.00216595914382
34.875	29.5	1.00216577479256
35.125	29.5	1.00216560758217
35.375	29.5	1.00216545740324
35.625	29.5	1.00216532415748
35.875	29.5	1.00216520775767
36.125	29.5	1.00216510812761
36.375	29.5	1.00216502520205
36.625	29.5	1.00216495892669
36.875	29.5	1.00216490925812
37.125	29.5	1.0021648761638
37.375	29.5	1.00216485962207
0.125	30.5	-0.00211626744610511
0.375	30.5	-0.00211625176096761
0.625	30.5	-0.0021162203808685
0.875	30.5	-0.00211617328615447
1.125	30.5	-0.00211611044733299
1.375	30.5	-0.00211603182505723
1.625	30.5	-0.00211593737010602
1.875	30.5	-0.00211582702335867
2.125	30.5	-0.00211570071576496
2.375	30.5	-0.00211555836830983
2.625	30.5	-0.0021153998919733
2.875	30.5	-0.00211522518768509
3.125	30.5	-0.00211503414627426
3.375	30.5	-0.00211482664841367
3.625	30.5	-0.00211460256455905
3.875	30.5	-0.00211436175488272
4.125	30.5	-0.00211410406920139
4.375	30.5	-0.00211382934689768
4.625	30.5	-0.00211353741683438
4.875	30.5	-0.00211322809726005
5.125	30.5	-0.00211290119570347
5.375	30.5	-0.00211255650885302
5.625	30.5	-0.00211219382241441
5.875	30.5	-0.00211181291093587
6.125	30.5	-0.00211141353758306
6.375	30.5	-0.00211099545383433
6.625	30.5	-0.00211055839904799
6.875	30.5	-0.00211010209982212
7.125	30.5	-0.00210962626901608
7.375	30.5	-0.00210913060421825
7.625	30.5	-0.00210861478530565
7.875	30.5	-0.00210807847051216
8.125	30.5	-0.0021075212900453
8.375	30.5	-0.00210694283567204
8.625	30.5	-0.00210634264367412
8.875	30.5	-0.00210572016689498
9.125	30.5	-0.00210507472883889
9.375	30.5	-0.00210440544823791
9.625	30.5	-0.00210371111502373
9.875	30.5	-0.00210298998633446
10.125	30.5	-0.00210223945093465
10.375	30.5	-0.00210145547710049
10.625	30.5	-0.0021006317041815
10.875	30.5	-0.00209975794780623
11.125	30.5	-0.00209881774019658
11.375	30.5	-0.00209778428268666
11.625	30.5	-0.00209661378542104
11.875	30.5	-0.00209523450750478
12.125	30.5	-0.00209352872204096
12.375	30.5	-0.0020913030388399
12.625	30.5	-0.00208823956957564
12.875	30.5	-0.00208381556973931
13.125	30.5	-0.00207717121195686
13.375	30.5	-0.00206689201908516
13.625	30.5	-0.00205065089922696
13.875	30.5	-0.00202461923991335
14.125	30.5	-0.00198249822489195
14.375	30.5	-0.00191392587734141
14.625	30.5	-0.00180185863878358
14.875	30.5	-0.00161827038438411
15.125	30.5	-0.00131709590351946
15.375	30.5	-0.000822675664637084
15.625	30.5	-1.08938411857989e-05
15.875	30.5	0.00132144872390418
16.125	30.5	0.00350592888811329
16.375	30.5	0.00708067019144337
16.625	30.5	0.0129111746736863
16.875	30.5	0.022368824253847
17.125	30.5	0.0375729001695386
17.375	30.5	0.0616626946486978
17.625	30.5	0.0989588478295213
17.875	30.5	0.154656520613233
18.125	30.5	0.233433520054883
18.375	30.5	0.336508893617089
18.625	30.5	0.458151505728919
18.875	30.5	0.585081854673109
19.125	30.5	0.701522182880944
19.375	30.5	0.796501036608912
19.625	30.5	0.866975384992273
19.875	30.5	0.915764721528232
20.125	30.5	0.947976025950252
20.375	30.5	0.968591699651117
20.625	30.5	0.981527598036039
20.875	30.5	0.989544731561852
21.125	30.5	0.994475402499968
21.375	30.5	0.997493448156524
21.625	30.5	0.999335285291124
21.875	30.5	1.00045714480134
22.125	30.5	1.00113954181183
22.375	30.5	1.00155416356062
22.625	30.5	1.0018057985923
22.875	30.5	1.00195829645409
23.125	30.5	1.00205052201213
23.375	30.5	1.00210611734412
23.625	30.5	1.00213945877914
23.875	30.5	1.00215928622348
24.125	30.5	1.00217091216695
24.375	30.5	1.00217756540888
24.625	30.5	1.00218120814589
24.875	30.5	1.00218303271565
25.125	30.5	1.00218376354967
25.375	30.5	1.0021838407051
25.625	30.5	1.00218353141315
25.875	30.5	1.00218299787479
26.125	30.5	1.00218233846432
26.375	30.5	1.00218161277092
26.625	30.5	1.00218085681772
26.875	30.5	1.00218009231102
27.125	30.5	1.00217933226155
27.375	30.5	1.00217858440063
27.625	30.5	1.00217785325631
27.875	30.5	1.0021771414151
28.125	30.5	1.00217645028868
28.375	30.5	1.00217578057981
28.625	30.5	1.00217513256548
28.875	30.5	1.00217450626884
29.125	30.5	1.00217390156373
29.375	30.5	1.00217331823804
29.625	30.5	1.00217275603225
29.875	30.5	1.00217221466277
30.125	30.5	1.00217169383604
30.375	30.5	1.00217119325707
30.625	30.5	1.00217071263458
30.875	30.5	1.00217025168408
31.125	30.5	1.00216981012964
31.375	30.5	1.00216938770502
31.625	30.5	1.00216898415421
31.875	30.5	1.00216859923175
32.125	30.5	1.00216823270293
32.375	30.5	1.00216788434378
32.625	30.5	1.00216755394112
32.875	30.5	1.00216724129249
33.125	30.5	1.00216694620608
33.375	30.5	1.0021666685007
33.625	30.5	1.00216640800567
33.875	30.5	1.00216616456076
34.125	30.5	1.00216593801613
34.375	30.5	1.00216572823225
34.625	30.5	1.00216553507984
34.875	30.5	1.00216535843977
35.125	30.5	1.0021651982031
35.375	30.5	1.0021650542709
35.625	30.5	1.00216492655431
35.875	30.5	1.00216481497443
36.125	30.5	1.00216471946233
36.375	30.5	1.00216463995896
36.625	30.5	1.00216457641519
36.875	30.5	1.00216452879171
37.125	30.5	1.00216449705908
37.375	30.5	1.00216448119767
0.125	31.5	-0.00211692850286709
0.375	31.5	-0.00211691365606261
0.625	31.5	-0.0021168839537439
0.875	31.5	-0.00211683937848795
1.125	31.5	-0.00211677990415157
1.375	31.5	-0.00211670549586107
1.625	31.5	-0.00211661610999843
1.875	31.5	-0.00211651169418411
2.125	31.5	-0.00211639218725636
2.375	31.5	-0.00211625751924717
2.625	31.5	-0.00211610761135476
2.875	31.5	-0.00211594237591266
3.125	31.5	-0.00211576171635539
3.375	31.5	-0.00211556552718057
3.625	31.5	-0.00211535369390758
3.875	31.5	-0.00211512609303235
4.125	31.5	-0.00211488259197823
4.375	31.5	-0.00211462304904231
4.625	31.5	-0.00211434731333633
4.875	31.5	-0.00211405522472084
5.125	31.5	-0.00211374661373023
5.375	31.5	-0.00211342130148465
5.625	31.5	-0.00211307909958238
5.875	31.5	-0.0021127198099619
6.125	31.5	-0.00211234322471602
6.375	31.5	-0.00211194912582891
6.625	31.5	-0.00211153728478794
6.875	31.5	-0.00211110746199145
7.125	31.5	-0.00211065940582204
7.375	31.5	-0.00211019285117147
7.625	31.5	-0.00210970751706411
7.875	31.5	-0.00210920310279899
8.125	31.5	-0.0021086792816551
8.375	31.5	-0.00210813569058809
8.625	31.5	-0.00210757191333195
8.875	31.5	-0.00210698745264878
9.125	31.5	-0.00210638168472202
9.375	31.5	-0.00210575378416608
9.625	31.5	-0.0021051026006836
9.875	31.5	-0.00210442645615561
10.125	31.5	-0.00210372281079837
10.375	31.5	-0.00210298771385973
10.625	31.5	-0.00210221489975964
10.875	31.5	-0.00210139430078383
11.125	31.5	-0.00210050959967624
11.375	31.5	-0.00209953420232323
11.625	31.5	-0.00209842461060627
11.875	31.5	-0.00209710951709785
12.125	31.5	-0.00209547185987398
12.375	31.5	-0.00209331929301694
12.625	31.5	-0.00209033559511047
12.875	31.5	-0.002086000711869
13.125	31.5	-0.00207945918919784
13.375	31.5	-0.00206930369254429
13.625	31.5	-0.00205321883020386
13.875	31.5	-0.00202739519094851
14.125	31.5	-0.00198556550397059
14.375	31.5	-0.0019174196467124
14.625	31.5	-0.00180599931010154
14.875	31.5	-0.00162341848447674
15.125	31.5	-0.00132384208365678
15.375	31.5	-0.000831988009332361
15.625	31.5	-2.43579968355072e-05
15.875	31.5	0.0013012406896504
16.125	31.5	0.00347475569705155
16.375	31.5	0.00703170244869583
16.625	31.5	0.0128334855973393
16.875	31.5	0.022245254348134
17.125	31.5	0.0373773358843349
17.375	31.5	0.0613574798595654
17.625	31.5	0.0984946392942283
17.875	31.5	0.153979627531337
18.125	31.5	0.232507610771041
18.375	31.5	0.335351369741265
18.625	31.5	0.45686174833539
18.875	31.5	0.583819721904559
19.125	31.5	0.700434037509653
19.375	31.5	0.795658418588724
19.625	31.5	0.866373705306243
19.875	31.5	0.915358515451673
20.125	31.5	0.947711520068446
20.375	31.5	0.968423119531485
20.625	31.5	0.98142130473253
20.875	31.5	0.989477875161068
21.125	31.5	0.994433144128754
21.375	31.5	0.997466402613749
21.625	31.5	0.99931760923881
21.875	31.5	1.0004452340194
22.125	31.5	1.00113118540857
22.375	31.5	1.00154800953842
22.625	31.5	1.00180102142332
22.875	31.5	1.00195439222623
23.125	31.5	1.00204718289191
23.375	31.5	1.00210315490462
23.625	31.5	1.00213675726767
23.875	31.5	1.00215677411292
24.125	31.5	1.00216854485021
24.375	31.5	1.0021753146763
24.625	31.5	1.00217905578836
24.875	31.5	1.00218096663604
25.125	31.5	1.00218177539887
25.375	31.5	1.00218192444452
25.625	31.5	1.00218168244013
25.875	31.5	1.00218121249013
26.125	31.5	1.00218061354759
26.375	31.5	1.00217994558214
26.625	31.5	1.00217924487569
26.875	31.5	1.00217853331843
27.125	31.5	1.00217782405838
27.375	31.5	1.00217712493486
27.625	31.5	1.00217644056514
27.875	31.5	1.00217577361261
28.125	31.5	1.00217512555739
28.375	31.5	1.00217449716469
28.625	31.5	1.00217388876942
28.875	31.5	1.00217330044909
29.125	31.5	1.00217273212889
29.375	31.5	1.00217218364551
29.625	31.5	1.00217165478584
29.875	31.5	1.00217114531056
30.125	31.5	1.00217065496834
30.375	31.5	1.00217018350449
30.625	31.5	1.00216973066618
30.875	31.5	1.00216929620557
31.125	31.5	1.00216887988168
31.375	31.5	1.0021684814615
31.625	31.5	1.00216810072066
31.875	31.5	1.00216773744376
32.125	31.5	1.00216739142458
32.375	31.5	1.00216706246616
32.625	31.5	1.00216675038086
32.875	31.5	1.00216645499031
33.125	31.5	1.00216617612544
33.375	31.5	1.00216591362637
33.625	31.5	1.00216566734245
33.875	31.5	1.00216543713212
34.125	31.5	1.00216522286296
34.375	31.5	1.00216502441157
34.625	31.5	1.00216484166356
34.875	31.5	1.0021646745135
35.125	31.5	1.00216452286489
35.375	31.5	1.00216438663012
35.625	31.5	1.00216426573043
35.875	31.5	1.00216416009588
36.125	31.5	1.00216406966534
36.375	31.5	1.00216399438646
36.625	31.5	1.00216393421562
36.875	31.5	1.00216388911799
37.125	31.5	1.00216385906741
37.375	31.5	1.00216384404647
0.125	32.5	-0.00211783231625069
0.375	32.5	-0.0021178184496008
0.625	32.5	-0.00211779070876102
0.875	32.5	-0.00211774907864938
1.125	32.5	-0.00211769353663805
1.375	32.5	-0.00211762405254757
1.625	32.5	-0.00211754058863915
1.875	32.5	-0.00211744309960507
2.125	32.5	-0.0021173315325572
2.375	32.5	-0.00211720582701371
2.625	32.5	-0.00211706591488383
2.875	32.5	-0.00211691172045092
3.125	32.5	-0.00211674316035361
3.375	32.5	-0.00211656014356511
3.625	32.5	-0.00211636257137069
3.875	32.5	-0.00211615033734297
4.125	32.5	-0.00211592332731503
4.375	32.5	-0.00211568141935063
4.625	32.5	-0.00211542448371099
4.875	32.5	-0.00211515238281645
5.125	32.5	-0.00211486497120102
5.375	32.5	-0.00211456209545565
5.625	32.5	-0.00211424359415418
5.875	32.5	-0.00211390929775091
6.125	32.5	-0.00211355902843275
6.375	32.5	-0.00211319259989667
6.625	32.5	-0.00211280981700504
6.875	32.5	-0.00211241047524031
7.125	32.5	-0.00211199435982976
7.375	32.5	-0.00211156124432769
7.625	32.5	-0.0021111108883047
7.875	32.5	-0.00211064303356781
8.125	32.5	-0.00211015739796263
8.375	32.5	-0.00210965366519657
8.625	32.5	-0.00210913146811382
8.875	32.5	-0.00210859036119427
9.125	32.5	-0.00210802977531898
9.375	32.5	-0.00210744894335289
9.625	32.5	-0.00210684677770455
9.875	32.5	-0.00210622166885904
10.125	32.5	-0.00210557115386579
10.375	32.5	-0.00210489137082681
10.625	32.5	-0.00210417616123303
10.875	32.5	-0.00210341559281106
11.125	32.5	-0.00210259352878366
11.375	32.5	-0.00210168362794935
11.625	32.5	-0.00210064276259444
11.875	32.5	-0.00209940018733507
12.125	32.5	-0.0020978397159725
12.375	32.5	-0.00209577039290743
12.625	32.5	-0.00209287823241154
12.875	32.5	-0.00208864680585474
13.125	32.5	-0.00208222657138963
13.375	32.5	-0.00207221986940862
13.625	32.5	-0.0020563271756607
13.875	32.5	-0.00203076513776862
14.125	32.5	-0.00198930931421491
14.375	32.5	-0.00192172000032037
14.625	32.5	-0.00181115466661399
14.875	32.5	-0.001629917602592
15.125	32.5	-0.00133248626384084
15.375	32.5	-0.000844091143562641
15.625	32.5	-4.20726598574305e-05
15.875	32.5	0.00127439516868877
16.125	32.5	0.00343304741471004
16.375	32.5	0.00696585718448599
16.625	32.5	0.0127286629276905
16.875	32.5	0.0220781432684529
17.125	32.5	0.0371124462899437
17.375	32.5	0.0609435947999119
17.625	32.5	0.0978645477673243
17.875	32.5	0.153059969990973
18.125	32.5	0.231248241245023
18.375	32.5	0.333774875935433
18.625	32.5	0.45510247662014
18.875	32.5	0.582095454955236
19.125	32.5	0.698945451239595
19.375	32.5	0.794504574179191
19.625	32.5	0.865549328455222
19.875	32.5	0.914801894151214
20.125	32.5	0.947349194367622
20.375	32.5	0.968192401773493
20.625	32.5	0.981276067864358
20.875	32.5	0.989386763716844
21.125	32.5	0.994375786903797
21.375	32.5	0.997429912043768
21.625	32.5	0.999293960226859
21.875	32.5	1.00042947634721
22.125	32.5	1.00112028262186
22.375	32.5	1.00154010505049
22.625	32.5	1.00179498193268
22.875	32.5	1.00194952631022
23.125	32.5	1.00204306853746
23.375	32.5	1.0020995341617
23.625	32.5	1.00213347203392
23.875	32.5	1.00215372703883
24.125	32.5	1.00216567555565
24.375	32.5	1.00217258528807
24.625	32.5	1.0021764421479
24.875	32.5	1.00217845295469
25.125	32.5	1.00217935100875
25.375	32.5	1.00217958182308
25.625	32.5	1.00217941600867
25.875	32.5	1.00217901788257
26.125	32.5	1.00217848716511
26.375	32.5	1.00217788432145
26.625	32.5	1.00217724596283
26.875	32.5	1.00217659420676
27.125	32.5	1.00217594236555
27.375	32.5	1.00217529840349
27.625	32.5	1.00217466703803
27.875	32.5	1.00217405101662
28.125	32.5	1.00217345189282
28.375	32.5	1.00217287049792
28.625	32.5	1.00217230722751
28.875	32.5	1.00217176221573
29.125	32.5	1.0021712354411
29.375	32.5	1.00217072679081
29.625	32.5	1.00217023609982
29.875	32.5	1.00216976317458
30.125	32.5	1.00216930780747
30.375	32.5	1.00216886978551
30.625	32.5	1.00216844889567
30.875	32.5	1.00216804492812
31.125	32.5	1.00216765767809
31.375	32.5	1.0021672869471
31.625	32.5	1.00216693254359
31.875	32.5	1.00216659428342
32.125	32.5	1.00216627198999
32.375	32.5	1.00216596549445
32.625	32.5	1.00216567463576
32.875	32.5	1.00216539926067
33.125	32.5	1.00216513922377
33.375	32.5	1.00216489438746
33.625	32.5	1.00216466462196
33.875	32.5	1.00216444980525
34.125	32.5	1.00216424982306
34.375	32.5	1.00216406456889
34.625	32.5	1.00216389394391
34.875	32.5	1.00216373785703
35.125	32.5	1.00216359622477
35.375	32.5	1.00216346897136
35.625	32.5	1.00216335602863
35.875	32.5	1.00216325733602
36.125	32.5	1.00216317284058
36.375	32.5	1.00216310249697
36.625	32.5	1.0021630462674
36.875	32.5	1.00216300412164
37.125	32.5	1.00216297603706
37.375	32.5	1.00216296199854
0.125	33.5	-0.00211896275153299
0.375	33.5	-0.00211894998760356
0.625	33.5	-0.00211892445340487
0.875	33.5	-0.00211888613625671
1.125	33.5	-0.00211883501713748
1.375	33.5	-0.00211877107068275
1.625	33.5	-0.00211869426518334
1.875	33.5	-0.0021186045625829
2.125	33.5	-0.00211850191847517
2.375	33.5	-0.00211838628210082
2.625	33.5	-0.00211825759634389
2.875	33.5	-0.00211811579772795
3.125	33.5	-0.002117960816412
3.375	33.5	-0.00211779257618596
3.625	33.5	-0.00211761099446585
3.875	33.5	-0.00211741598228855
4.125	33.5	-0.00211720744430578
4.375	33.5	-0.00211698527877697
4.625	33.5	-0.00211674937756026
4.875	33.5	-0.00211649962610022
5.125	33.5	-0.00211623590341007
5.375	33.5	-0.00211595808204468
5.625	33.5	-0.00211566602805784
5.875	33.5	-0.00211535960093358
6.125	33.5	-0.00211503865347402
6.375	33.5	-0.00211470303161519
6.625	33.5	-0.00211435257412368
6.875	33.5	-0.00211398711209627
7.125	33.5	-0.0021136064681345
7.375	33.5	-0.00211321045498325
7.625	33.5	-0.00211279887328611
7.875	33.5	-0.00211237150788609
8.125	33.5	-0.00211192812173096
8.375	33.5	-0.00211146844583541
8.625	33.5	-0.00211099216275242
8.875	33.5	-0.00211049887936175
9.125	33.5	-0.00210998808207674
9.375	33.5	-0.00210945906311714
9.625	33.5	-0.0021089107991664
9.875	33.5	-0.00210834175167228
10.125	33.5	-0.00210774953820356
10.375	33.5	-0.00210713039161926
10.625	33.5	-0.0021064782700682
10.875	33.5	-0.00210578339240819
11.125	33.5	-0.00210502982812104
11.375	33.5	-0.00210419153135387
11.625	33.5	-0.0021032258147031
11.875	33.5	-0.00210206261000456
12.125	33.5	-0.00210058679653764
12.375	33.5	-0.00209860912159144
12.625	33.5	-0.00209581834991505
12.875	33.5	-0.00209170252623016
13.125	33.5	-0.00208541941662142
13.375	33.5	-0.00207558333404556
13.625	33.5	-0.00205991440365127
13.875	33.5	-0.00203466155628415
14.125	33.5	-0.00199365342220153
14.375	33.5	-0.00192673756526295
14.625	33.5	-0.00181721494838738
14.875	33.5	-0.00163762571243097
15.125	33.5	-0.00134283466488488
15.375	33.5	-0.000858707576240247
15.625	33.5	-6.36242781460898e-05
15.875	33.5	0.0012415472958485
16.125	33.5	0.00338179981433815
16.375	33.5	0.00688471509741189
16.625	33.5	0.0125992291900653
16.875	33.5	0.0218715105412849
17.125	33.5	0.0367845788354285
17.375	33.5	0.0604308777038141
17.625	33.5	0.0970833406477469
17.875	33.5	0.151918614596032
18.125	33.5	0.229683271052518
18.375	33.5	0.331812598442208
18.625	33.5	0.452908422667125
18.875	33.5	0.579940698330863
19.125	33.5	0.697081852147448
19.375	33.5	0.793058041793575
19.625	33.5	0.864514896738188
19.875	33.5	0.914103123232793
20.125	33.5	0.946894320606389
20.375	33.5	0.967902865182443
20.625	33.5	0.981093967120631
20.875	33.5	0.989272703318297
21.125	33.5	0.994304158362376
21.375	33.5	0.997384509364833
21.625	33.5	0.999264690106235
21.875	33.5	1.00041011226965
22.125	33.5	1.00110700521463
22.375	33.5	1.00153057918315
22.625	33.5	1.00178778242761
22.875	33.5	1.00194378394059
23.125	33.5	1.00203825304425
23.375	33.5	1.00209532170797
23.625	33.5	1.00212966440509
23.875	33.5	1.00215020244881
24.125	33.5	1.00216235871832
24.375	33.5	1.00216942921757
24.625	33.5	1.00217341709407
24.875	33.5	1.00217553967706
25.125	33.5	1.0021765366879
25.375	33.5	1.00217685757499
25.625	33.5	1.00217677537314
25.875	33.5	1.00217645590367
26.125	33.5	1.00217599983133
26.375	33.5	1.00217546822441
26.625	33.5	1.00217489808893
26.875	33.5	1.00217431180949
27.125	33.5	1.00217372288689
27.375	33.5	1.00217313942527
27.625	33.5	1.00217256625127
27.875	33.5	1.00217200620212
28.125	33.5	1.00217146090838
28.375	33.5	1.00217093126969
28.625	33.5	1.00217041774396
28.875	33.5	1.00216992052307
29.125	33.5	1.00216943963974
29.375	33.5	1.0021689750324
29.625	33.5	1.00216852658469
29.875	33.5	1.00216809414948
30.125	33.5	1.0021676775634
30.375	33.5	1.00216727665575
30.625	33.5	1.00216689125388
30.875	33.5	1.00216652118648
31.125	33.5	1.00216616628557
31.375	33.5	1.00216582638773
31.625	33.5	1.0021655013348
31.875	33.5	1.00216519097437
32.125	33.5	1.00216489516006
32.375	33.5	1.00216461375162
32.625	33.5	1.00216434661511
32.875	33.5	1.00216409362291
33.125	33.5	1.00216385465377
33.375	33.5	1.00216362959282
33.625	33.5	1.0021634183316
33.875	33.5	1.00216322076804
34.125	33.5	1.00216303680647
34.375	33.5	1.00216286635765
34.625	33.5	1.0021627093387
34.875	33.5	1.00216256567316
35.125	33.5	1.00216243529094
35.375	33.5	1.00216231812836
35.625	33.5	1.00216221412811
35.875	33.5	1.00216212323926
36.125	33.5	1.00216204541725
36.375	33.5	1.00216198062389
36.625	33.5	1.00216192882738
36.875	33.5	1.00216189000227
37.125	33.5	1.00216186412946
37.375	33.5	1.00216185119623
0.125	34.5	-0.0021203016803895
0.375	34.5	-0.00212029012201166
0.625	34.5	-0.00212026700012307
0.875	34.5	-0.00212023230445869
1.125	34.5	-0.00212018601962301
1.375	34.5	-0.00212012812509259
1.625	34.5	-0.00212005859521942
1.875	34.5	-0.00211997739923528
2.125	34.5	-0.00211988450125691
2.375	34.5	-0.00211977986029223
2.625	34.5	-0.00211966343024761
2.875	34.5	-0.00211953515993608
3.125	34.5	-0.00211939499308676
3.375	34.5	-0.00211924286835529
3.625	34.5	-0.00211907871933541
3.875	34.5	-0.00211890247457144
4.125	34.5	-0.00211871405757161
4.375	34.5	-0.00211851338682166
4.625	34.5	-0.00211830037579817
4.875	34.5	-0.00211807493298015
5.125	34.5	-0.0021178369618567
5.375	34.5	-0.0021175863609272
5.625	34.5	-0.00211732302368755
5.875	34.5	-0.00211704683859231
6.125	34.5	-0.0021167576889755
6.375	34.5	-0.00211645545290185
6.625	34.5	-0.00211614000290178
6.875	34.5	-0.00211581120551313
7.125	34.5	-0.00211546892050287
7.375	34.5	-0.00211511299956004
7.625	34.5	-0.00211474328411616
7.875	34.5	-0.0021143596017274
8.125	34.5	-0.00211396176008724
8.375	34.5	-0.00211354953713713
8.625	34.5	-0.00211312266475322
8.875	34.5	-0.00211268080185861
9.125	34.5	-0.00211222349013148
9.375	34.5	-0.00211175008106989
9.625	34.5	-0.00211125961591868
9.875	34.5	-0.00211075062802429
10.125	34.5	-0.00211022081753668
10.375	34.5	-0.0021096665160477
10.625	34.5	-0.00210908180555585
10.875	34.5	-0.00210845706860562
11.125	34.5	-0.0021077766023972
11.375	34.5	-0.00210701469262099
11.625	34.5	-0.00210612915271697
11.875	34.5	-0.00210505069242403
12.125	34.5	-0.00210366542336007
12.375	34.5	-0.00210178607158026
12.625	34.5	-0.00209910460771456
12.875	34.5	-0.00209511430080403
13.125	34.5	-0.00208898146235315
13.375	34.5	-0.00207933441610591
13.625	34.5	-0.00206391629254176
13.875	34.5	-0.00203901382977535
14.125	34.5	-0.0019985178204782
14.375	34.5	-0.0019323780529311
14.625	34.5	-0.00182406357880431
14.875	34.5	-0.00164639081937514
15.125	34.5	-0.00135467833049356
15.375	34.5	-0.000875536051808524
15.625	34.5	-8.8561410197716e-05
15.875	34.5	0.00120339326903817
16.125	34.5	0.00332210762132096
16.375	34.5	0.00679001747130942
16.625	34.5	0.0124479669480766
16.875	34.5	0.0216297941362894
17.125	34.5	0.036400746398368
17.375	34.5	0.0598302040729391
17.625	34.5	0.0961673508664977
17.875	34.5	0.150578874562614
18.125	34.5	0.22784354906548
18.375	34.5	0.329501300192645
18.625	34.5	0.450318057683933
18.875	34.5	0.577390466899051
19.125	34.5	0.694871320771114
19.375	34.5	0.791339242701843
19.625	34.5	0.863284302247202
19.875	34.5	0.913271266104332
20.125	34.5	0.946352669146246
20.375	34.5	0.967558136807164
20.625	34.5	0.980877271805699
20.875	34.5	0.989137116555033
21.125	34.5	0.994219157754093
21.375	34.5	0.997330771870082
21.625	34.5	0.999230178455589
21.875	34.5	1.00038739987966
22.125	34.5	1.00109153641621
22.375	34.5	1.00151956876845
22.625	34.5	1.00177953071239
22.875	34.5	1.00193725449433
23.125	34.5	1.00203281383815
23.375	34.5	1.00209058698305
23.625	34.5	1.0021253982707
23.875	34.5	1.00214626018778
24.125	34.5	1.00215865107736
24.375	34.5	1.00216590069171
24.625	34.5	1.00217003272441
24.875	34.5	1.00217227702544
25.125	34.5	1.00217338095858
25.375	34.5	1.00217379864903
25.625	34.5	1.00217380600529
25.875	34.5	1.00217357062563
26.125	34.5	1.00217319428428
26.375	34.5	1.00217273875245
26.625	34.5	1.002172241491
26.875	34.5	1.00217172518765
27.125	34.5	1.0021712035532
27.375	34.5	1.00217068484423
27.625	34.5	1.00217017400398
27.875	34.5	1.00216967396353
28.125	34.5	1.0021691864327
28.375	34.5	1.0021687123806
28.625	34.5	1.00216825232788
28.875	34.5	1.00216780652424
29.125	34.5	1.00216737505647
29.375	34.5	1.00216695791401
29.625	34.5	1.00216655502895
29.875	34.5	1.00216616630024
30.125	34.5	1.00216579160856
30.375	34.5	1.00216543082522
30.625	34.5	1.00216508381777
30.875	34.5	1.00216475045325
31.125	34.5	1.00216443060032
31.375	34.5	1.00216412413051
31.625	34.5	1.00216383091896
31.875	34.5	1.00216355084498
32.125	34.5	1.00216328379231
32.375	34.5	1.00216302964932
32.625	34.5	1.00216278830915
32.875	34.5	1.00216255966984
33.125	34.5	1.0021623436343
33.375	34.5	1.00216214011045
33.625	34.5	1.0021619490112
33.875	34.5	1.00216177025446
34.125	34.5	1.00216160376325
34.375	34.5	1.00216144946561
34.625	34.5	1.00216130729469
34.875	34.5	1.00216117718874
35.125	34.5	1.00216105909109
35.375	34.5	1.00216095295024
35.625	34.5	1.00216085871977
35.875	34.5	1.00216077635845
36.125	34.5	1.00216070583013
36.375	34.5	1.00216064710387
36.625	34.5	1.00216060015384
36.875	34.5	1.0021605649594
37.125	34.5	1.00216054150505
37.375	34.5	1.00216052978045
0.125	35.5	-0.00212182930560406
0.375	35.5	-0.00212181903578387
0.625	35.5	-0.00212179849220245
0.875	35.5	-0.00212176766697973
1.125	35.5	-0.00212172654830062
1.375	35.5	-0.00212167512042118
1.625	35.5	-0.00212161336367673
1.875	35.5	-0.00212154125449219
2.125	35.5	-0.00212145876539447
2.375	35.5	-0.00212136586502715
2.625	35.5	-0.00212126251816728
2.875	35.5	-0.0021211486857446
3.125	35.5	-0.00212102432486303
3.375	35.5	-0.00212088938882447
3.625	35.5	-0.00212074382715505
3.875	35.5	-0.00212058758563357
4.125	35.5	-0.00212042060632206
4.375	35.5	-0.00212024282759798
4.625	35.5	-0.00212005418418744
4.875	35.5	-0.00211985460719811
5.125	35.5	-0.00211964402414975
5.375	35.5	-0.00211942235899847
5.625	35.5	-0.00211918953214899
5.875	35.5	-0.00211894546044426
6.125	35.5	-0.00211869005711584
6.375	35.5	-0.00211842323166705
6.625	35.5	-0.00211814488964253
6.875	35.5	-0.00211785493220855
7.125	35.5	-0.00211755325541833
7.375	35.5	-0.00211723974895634
7.625	35.5	-0.00211691429402152
7.875	35.5	-0.00211657675979029
8.125	35.5	-0.00211622699753864
8.375	35.5	-0.00211586483090821
8.625	35.5	-0.00211549003982307
8.875	35.5	-0.00211510233395393
9.125	35.5	-0.00211470130897761
9.375	35.5	-0.00211428637452068
9.625	35.5	-0.00211385663550282
9.875	35.5	-0.00211341069679259
10.125	35.5	-0.00211294634166516
10.375	35.5	-0.00211246000259071
10.625	35.5	-0.00211194589029035
10.875	35.5	-0.00211139456045392
11.125	35.5	-0.00211079055510842
11.375	35.5	-0.00211010852129424
11.625	35.5	-0.00210930682411386
11.875	35.5	-0.00210831703672819
12.125	35.5	-0.00210702664584372
12.375	35.5	-0.00210525059334516
12.625	35.5	-0.00210268444814613
12.875	35.5	-0.00209882735177141
13.125	35.5	-0.00209285523031048
13.375	35.5	-0.00208341218032993
13.625	35.5	-0.00206826723980102
13.875	35.5	-0.00204374973204748
14.125	35.5	-0.00200382047554148
14.375	35.5	-0.00193854442000559
14.625	35.5	-0.00183157998177984
14.875	35.5	-0.00165605483332404
15.125	35.5	-0.0013677987115808
15.375	35.5	-0.000894259921978836
15.625	35.5	-0.000116407645625856
15.875	35.5	0.00116067000745833
16.125	35.5	0.00325513209578695
16.375	35.5	0.00668361422240005
16.625	35.5	0.0122778355755369
16.875	35.5	0.021357718053112
17.125	35.5	0.0359684198018175
17.375	35.5	0.059153170233144
17.625	35.5	0.0951340152563687
17.875	35.5	0.149065681780962
18.125	35.5	0.225762144399141
18.375	35.5	0.326880508005354
18.625	35.5	0.447372879641183
18.875	35.5	0.57448263815827
19.125	35.5	0.692344292017872
19.375	35.5	0.78937033135383
19.625	35.5	0.861872619603471
19.875	35.5	0.912316155665217
20.125	35.5	0.945730497189287
20.375	35.5	0.967162146716906
20.625	35.5	0.980628438070876
20.875	35.5	0.988981540638765
21.125	35.5	0.994121754482986
21.375	35.5	0.997269319793813
21.625	35.5	0.999190831208605
21.875	35.5	1.00036161354853
22.125	35.5	1.0010740696313
22.375	35.5	1.00150721713119
22.625	35.5	1.00177033887323
22.875	35.5	1.00193003031318
23.125	35.5	1.00202683053436
23.375	35.5	1.00208540116817
23.625	35.5	1.00212073901175
23.875	35.5	1.00214196146065
24.125	35.5	1.00215461067109
24.375	35.5	1.00216205521724
24.625	35.5	1.00216634242097
24.875	35.5	1.00216871652466
25.125	35.5	1.00216993367052
25.375	35.5	1.00217045334958
25.625	35.5	1.00217055476142
25.875	35.5	1.00217040753372
26.125	35.5	1.00217011470248
26.375	35.5	1.00216973883327
26.625	35.5	1.00216931789639
26.875	35.5	1.0021688749149
27.125	35.5	1.00216842382832
27.375	35.5	1.00216797305621
27.625	35.5	1.00216752766403
27.875	35.5	1.0021670906795
28.125	35.5	1.00216666389261
28.375	35.5	1.00216624834195
28.625	35.5	1.0021658446103
28.875	35.5	1.00216545300431
29.125	35.5	1.00216507366377
29.375	35.5	1.00216470662807
29.625	35.5	1.00216435187659
29.875	35.5	1.00216400935336
30.125	35.5	1.00216367898204
30.375	35.5	1.00216336067504
30.625	35.5	1.00216305433916
30.875	35.5	1.00216275987899
31.125	35.5	1.00216247719905
31.375	35.5	1.00216220620509
31.625	35.5	1.00216194680491
31.875	35.5	1.00216169890889
32.125	35.5	1.00216146243037
32.375	35.5	1.00216123728579
32.625	35.5	1.00216102339495
32.875	35.5	1.00216082068105
33.125	35.5	1.00216062907084
33.375	35.5	1.00216044849461
33.625	35.5	1.00216027888633
33.875	35.5	1.00216012018363
34.125	35.5	1.00215997232789
34.375	35.5	1.00215983526424
34.625	35.5	1.00215970894161
34.875	35.5	1.00215959331278
35.125	35.5	1.00215948833434
35.375	35.5	1.00215939396679
35.625	35.5	1.0021593101745
35.875	35.5	1.00215923692578
36.125	35.5	1.00215917419284
36.375	35.5	1.00215912195186
36.625	35.5	1.00215908018295
36.875	35.5	1.00215904887021
37.125	35.5	1.00215902800168
37.375	35.5	1.00215901756941
0.125	36.5	-0.00212352448691861
0.375	36.5	-0.0021235155691049
0.625	36.5	-0.00212349773069371
0.875	36.5	-0.00212347096612057
1.125	36.5	-0.00212343526704637
1.375	36.5	-0.00212339062236667
1.625	36.5	-0.00212333701822401
1.875	36.5	-0.00212327443802343
2.125	36.5	-0.00212320286245116
2.375	36.5	-0.00212312226949661
2.625	36.5	-0.0021230326344776
2.875	36.5	-0.00212293393006902
3.125	36.5	-0.00212282612633484
3.375	36.5	-0.0021227091907636
3.625	36.5	-0.00212258308830736
3.875	36.5	-0.00212244778142396
4.125	36.5	-0.00212230323012254
4.375	36.5	-0.00212214939201188
4.625	36.5	-0.00212198622235082
4.875	36.5	-0.00212181367409971
5.125	36.5	-0.0021216316979705
5.375	36.5	-0.00212144024247216
5.625	36.5	-0.00212123925394514
5.875	36.5	-0.00212102867657503
6.125	36.5	-0.00212080845236859
6.375	36.5	-0.00212057852106465
6.625	36.5	-0.00212033881993436
6.875	36.5	-0.00212008928339561
7.125	36.5	-0.002119829842318
7.375	36.5	-0.00211956042281457
7.625	36.5	-0.0021192809441847
7.875	36.5	-0.00211899131545603
8.125	36.5	-0.00211869142961626
8.375	36.5	-0.00211838115403892
8.625	36.5	-0.00211806031464101
8.875	36.5	-0.00211772866972113
9.125	36.5	-0.00211738586681077
9.375	36.5	-0.00211703137156772
9.625	36.5	-0.0021166643506578
9.875	36.5	-0.00211628347891682
10.125	36.5	-0.0021158866219072
10.375	36.5	-0.00211547031342669
10.625	36.5	-0.00211502889559918
10.875	36.5	-0.00211455310373018
11.125	36.5	-0.00211402773750565
11.375	36.5	-0.00211342782874784
11.625	36.5	-0.00211271233523285
11.875	36.5	-0.00211181376362486
12.125	36.5	-0.00211062109378323
12.375	36.5	-0.00210895168059416
12.625	36.5	-0.00210650501874974
12.875	36.5	-0.00210278666434302
13.125	36.5	-0.00209698305336103
13.375	36.5	-0.00208775553180556
13.625	36.5	-0.00207290147820885
13.875	36.5	-0.00204879680762065
14.125	36.5	-0.00200947895872532
14.375	36.5	-0.00194513889220339
14.625	36.5	-0.00183964223173801
14.875	36.5	-0.00166645722821801
15.125	36.5	-0.0013819729648119
15.375	36.5	-0.00091455511595094
15.625	36.5	-0.000146673937609024
15.875	36.5	0.00111413569961015
16.125	36.5	0.00318206999208131
16.375	36.5	0.00656741410310667
16.625	36.5	0.0120918914124717
16.875	36.5	0.0210601651659124
17.125	36.5	0.0354953282986536
17.375	36.5	0.0584117884143992
17.625	36.5	0.0940014283033383
17.875	36.5	0.147404976824795
18.125	36.5	0.223473594029516
18.375	36.5	0.323991709900156
18.625	36.5	0.444116702095067
18.875	36.5	0.571257440095527
19.125	36.5	0.689533252254025
19.375	36.5	0.787175042894795
19.625	36.5	0.860296037715934
19.875	36.5	0.911248365983742
20.125	36.5	0.945034537349209
20.375	36.5	0.966719123165352
20.625	36.5	0.980350106487376
20.875	36.5	0.988807625802332
21.125	36.5	0.994012986772056
21.375	36.5	0.99720081505889
21.625	36.5	0.999147079432972
21.875	36.5	1.00033304272692
22.125	36.5	1.00105480726461
22.375	36.5	1.00149367294041
22.625	36.5	1.0017603221589
22.875	36.5	1.00192220561468
23.125	36.5	1.00202038387921
23.375	36.5	1.00207983615854
23.625	36.5	1.00211575250317
23.875	36.5	1.00213736786403
24.125	36.5	1.00215029589708
24.375	36.5	1.00215794866855
24.625	36.5	1.00216239996486
24.875	36.5	1.00216491014249
25.125	36.5	1.00216624516641
25.375	36.5	1.00216687052625
25.625	36.5	1.00216706909544
25.875	36.5	1.00216701276199
26.125	36.5	1.00216680596241
26.375	36.5	1.00216651213946
26.625	36.5	1.00216616982175
26.875	36.5	1.0021658023961
27.125	36.5	1.0021654240467
27.375	36.5	1.00216504336461
27.625	36.5	1.00216466554159
27.875	36.5	1.00216429370333
28.125	36.5	1.0021639297199
28.375	36.5	1.00216357469832
28.625	36.5	1.00216322928196
28.875	36.5	1.00216289383266
29.125	36.5	1.00216256854136
29.375	36.5	1.0021622534955
29.625	36.5	1.00216194871996
29.875	36.5	1.00216165420204
30.125	36.5	1.00216136990671
30.375	36.5	1.00216109578587
30.625	36.5	1.00216083178406
30.875	36.5	1.002160577842
31.125	36.5	1.0021603338987
31.375	36.5	1.00216009989289
31.625	36.5	1.00215987576385
31.875	36.5	1.00215966145194
32.125	36.5	1.00215945689904
32.375	36.5	1.00215926204874
32.625	36.5	1.00215907684656
32.875	36.5	1.00215890124009
33.125	36.5	1.00215873517907
33.375	36.5	1.00215857861551
33.625	36.5	1.00215843150376
33.875	36.5	1.00215829380054
34.125	36.5	1.00215816546506
34.375	36.5	1.00215804645902
34.625	36.5	1.00215793674666
34.875	36.5	1.00215783629485
35.125	36.5	1.00215774507307
35.375	36.5	1.00215766305347
35.625	36.5	1.00215759021091
35.875	36.5	1.00215752652298
36.125	36.5	1.00215747197
36.375	36.5	1.00215742653508
36.625	36.5	1.00215739020411
36.875	36.5	1.00215736296579
37.125	36.5	1.00215734481163
37.375	36.5	1.00215733573597
0.125	37.5	-0.00212536506213234
0.375	37.5	-0.00212535754080566
0.625	37.5	-0.00212534249647417
0.875	37.5	-0.00212531992578547
1.125	37.5	-0.00212528982372085
1.375	37.5	-0.00212525218360709
1.625	37.5	-0.00212520699713236
1.875	37.5	-0.00212515425436608
2.125	37.5	-0.00212509394378294
2.375	37.5	-0.00212502605229096
2.625	37.5	-0.00212495056526385
2.875	37.5	-0.00212486746657753
3.125	37.5	-0.00212477673865105
3.375	37.5	-0.00212467836249176
3.625	37.5	-0.00212457231774492
3.875	37.5	-0.00212445858274756
4.125	37.5	-0.00212433713458645
4.375	37.5	-0.00212420794915985
4.625	37.5	-0.00212407100124243
4.875	37.5	-0.00212392626455193
5.125	37.5	-0.00212377371181581
5.375	37.5	-0.00212361331483398
5.625	37.5	-0.00212344504453208
5.875	37.5	-0.00212326887099495
6.125	37.5	-0.0021230847634643
6.375	37.5	-0.00212289269027302
6.625	37.5	-0.00212269261867146
6.875	37.5	-0.00212248451447155
7.125	37.5	-0.00212226834138668
7.375	37.5	-0.00212204405986647
7.625	37.5	-0.00212181162509534
7.875	37.5	-0.00212157098361036
8.125	37.5	-0.00212132206764147
8.375	37.5	-0.00212106478569871
8.625	37.5	-0.00212079900697793
8.875	37.5	-0.0021205245355887
9.125	37.5	-0.00212024106802839
9.375	37.5	-0.00211994812308097
9.625	37.5	-0.00211964492633346
9.875	37.5	-0.0021193302200081
10.125	37.5	-0.00211900194989318
10.375	37.5	-0.00211865675003052
10.625	37.5	-0.0021182890946017
10.875	37.5	-0.00211788990217854
11.125	37.5	-0.00211744423882706
11.375	37.5	-0.00211692753836291
11.625	37.5	-0.0021162993825708
11.875	37.5	-0.00211549326634988
12.125	37.5	-0.00211439975610285
12.375	37.5	-0.00211283877687935
12.625	37.5	-0.00211051401139986
12.875	37.5	-0.00210693786563216
13.125	37.5	-0.00210130800562832
13.375	37.5	-0.00209230421575084
13.625	37.5	-0.00207775417521955
13.875	37.5	-0.00205408361946931
14.125	37.5	-0.00201541192218978
14.375	37.5	-0.00195206479953376
14.625	37.5	-0.00184812946328222
14.875	37.5	-0.00167743837954983
15.125	37.5	-0.0013969787983695
15.375	37.5	-0.000936097446630227
15.625	37.5	-0.000178869928508455
15.875	37.5	0.00106455191503623
16.125	37.5	0.00310412498380574
16.375	37.5	0.00644333882004123
16.625	37.5	0.0118932141266857
16.875	37.5	0.0207420598015839
17.125	37.5	0.0349892749752512
17.375	37.5	0.0576182037743278
17.625	37.5	0.0927879260149686
17.875	37.5	0.145623135878798
18.125	37.5	0.221013188121747
18.375	37.5	0.32087758096043
18.625	37.5	0.440594955053889
18.875	37.5	0.567756936623422
19.125	37.5	0.686472427721871
19.375	37.5	0.78477853213492
19.625	37.5	0.858571785328734
19.875	37.5	0.910079180011954
20.125	37.5	0.944271983845605
20.375	37.5	0.966233586379484
20.625	37.5	0.980045098850867
20.875	37.5	0.988617133292399
21.125	37.5	0.993893960136128
21.375	37.5	0.997125959958969
21.625	37.5	0.999099378117952
21.875	37.5	1.00030199079665
22.125	37.5	1.00103395961971
22.375	37.5	1.00147908914709
22.625	37.5	1.00174959795296
22.875	37.5	1.00191387549611
23.125	37.5	1.00201355478385
23.375	37.5	1.00207396362522
23.625	37.5	1.00211050420254
23.875	37.5	1.00213254050083
24.125	37.5	1.00214576465171
24.375	37.5	1.00215363645109
24.625	37.5	1.00215825872281
24.875	37.5	1.0021609094986
25.125	37.5	1.00216236551247
25.375	37.5	1.00216309882543
25.625	37.5	1.00216339633068
25.875	37.5	1.00216343238466
26.125	37.5	1.00216331294892
26.375	37.5	1.00216310241718
26.625	37.5	1.00216283991948
26.875	37.5	1.00216254923087
27.125	37.5	1.00216224479352
27.375	37.5	1.00216193537657
27.625	37.5	1.0021616263006
27.875	37.5	1.00216132078949
28.125	37.5	1.00216102079222
28.375	37.5	1.00216072748227
28.625	37.5	1.00216044156132
28.875	37.5	1.00216016344386
29.125	37.5	1.00215989336942
29.375	37.5	1.00215963147096
29.625	37.5	1.00215937781637
29.875	37.5	1.00215913243388
30.125	37.5	1.00215889532746
30.375	37.5	1.00215866648635
30.625	37.5	1.00215844589079
30.875	37.5	1.00215823351566
31.125	37.5	1.00215802933268
31.375	37.5	1.00215783331182
31.625	37.5	1.00215764542217
31.875	37.5	1.0021574656326
32.125	37.5	1.00215729391207
32.375	37.5	1.00215713022996
32.625	37.5	1.00215697455628
32.875	37.5	1.00215682686179
33.125	37.5	1.00215668711816
33.375	37.5	1.00215655529808
33.625	37.5	1.00215643137531
33.875	37.5	1.00215631532481
34.125	37.5	1.00215620712277
34.375	37.5	1.00215610674672
34.625	37.5	1.00215601417554
34.875	37.5	1.00215592938956
35.125	37.5	1.00215585237056
35.375	37.5	1.00215578310186
35.625	37.5	1.00215572156833
35.875	37.5	1.00215566775643
36.125	37.5	1.00215562165427
36.375	37.5	1.00215558325157
36.625	37.5	1.00215555253977
36.875	37.5	1.00215552951196
37.125	37.5	1.00215551416297
37.375	37.5	1.00215550648935
0.125	38.5	-0.00212732815817666
0.375	38.5	-0.00212732205971731
0.625	38.5	-0.00212730986216011
0.875	38.5	-0.00212729156423272
1.125	38.5	-0.00212726716403821
1.375	38.5	-0.00212723665906905
1.625	38.5	-0.00212720004622579
1.875	38.5	-0.00212715732184044
2.125	38.5	-0.00212710848170469
2.375	38.5	-0.00212705352110298
2.625	38.5	-0.00212699243485036
2.875	38.5	-0.00212692521733551
3.125	38.5	-0.00212685186256857
3.375	38.5	-0.0021267723642342
3.625	38.5	-0.00212668671574959
3.875	38.5	-0.00212659491032754
4.125	38.5	-0.00212649694104437
4.375	38.5	-0.00212639280091236
4.625	38.5	-0.00212628248295598
4.875	38.5	-0.00212616598029085
5.125	38.5	-0.00212604328620325
5.375	38.5	-0.00212591439422681
5.625	38.5	-0.00212577929821045
5.875	38.5	-0.00212563799236782
6.125	38.5	-0.00212549047129214
6.375	38.5	-0.00212533672990947
6.625	38.5	-0.00212517676332632
6.875	38.5	-0.00212501056649856
7.125	38.5	-0.00212483813360137
7.375	38.5	-0.00212465945690211
7.625	38.5	-0.00212447452481012
7.875	38.5	-0.00212428331856641
8.125	38.5	-0.00212408580668984
8.375	38.5	-0.00212388193572538
8.625	38.5	-0.00212367161490145
8.875	38.5	-0.00212345469075812
9.125	38.5	-0.00212323090526558
9.375	38.5	-0.00212299982676883
9.625	38.5	-0.00212276073621069
9.875	38.5	-0.0021225124397575
10.125	38.5	-0.00212225296031252
10.375	38.5	-0.00212197902973093
10.625	38.5	-0.00212168525308083
10.875	38.5	-0.00212136273324799
11.125	38.5	-0.00212099680752928
11.375	38.5	-0.00212056332299977
11.625	38.5	-0.00212002250743697
11.875	38.5	-0.0021193088837609
12.125	38.5	-0.00211831467416161
12.375	38.5	-0.00211686249173091
12.625	38.5	-0.00211466040527396
12.875	38.5	-0.00211122800074574
13.125	38.5	-0.00210577472174853
13.375	38.5	-0.0020969996961594
13.625	38.5	-0.00208276239739135
13.875	38.5	-0.0020595408423734
14.125	38.5	-0.00202154039188738
14.375	38.5	-0.00195922818491238
14.625	38.5	-0.00185692398605791
14.875	38.5	-0.00168884249862256
15.125	38.5	-0.00141259873989649
15.375	38.5	-0.000958569056019373
15.625	38.5	-0.000212513954322133
15.875	38.5	0.0010126677860997
16.125	38.5	0.00302248237306494
16.375	38.5	0.00631328238938036
16.625	38.5	0.0116848414095874
16.875	38.5	0.0204082634408401
17.125	38.5	0.0344579723708975
17.375	38.5	0.0567844413859956
17.625	38.5	0.0915117114387641
17.875	38.5	0.143746449830695
18.125	38.5	0.218416310688271
18.375	38.5	0.317581254206539
18.625	38.5	0.436854008796774
18.875	38.5	0.564024514031481
19.125	38.5	0.68319746217452
19.375	38.5	0.782207199641041
19.625	38.5	0.856718046077007
19.875	38.5	0.908820549984759
20.125	38.5	0.943450473974286
20.375	38.5	0.96571033942863
20.625	38.5	0.979716413237714
20.875	38.5	0.988411932348888
21.125	38.5	0.993765845293919
21.375	38.5	0.997045495555004
21.625	38.5	0.999048204841668
21.875	38.5	1.00026877390059
22.125	38.5	1.00101174383324
22.375	38.5	1.00146362198994
22.625	38.5	1.00173828483174
22.875	38.5	1.00190513503289
23.125	38.5	1.00200642345574
23.375	38.5	1.002067854175
23.625	38.5	1.00210505833535
23.875	38.5	1.00212753918863
24.125	38.5	1.00214107356011
24.375	38.5	1.0021491727518
24.625	38.5	1.00215397091718
24.875	38.5	1.00215676515332
25.125	38.5	1.00215834380533
25.375	38.5	1.00215918601466
25.625	38.5	1.00215958300112
25.875	38.5	1.00215971177372
26.125	38.5	1.00215967992862
26.375	38.5	1.00215955287499
26.625	38.5	1.00215937038139
26.875	38.5	1.00215915663171
27.125	38.5	1.00215892633675
27.375	38.5	1.00215868844846
27.625	38.5	1.0021584484174
27.875	38.5	1.00215820956479
28.125	38.5	1.00215797391641
28.375	38.5	1.00215774270955
28.625	38.5	1.00215751670115
28.875	38.5	1.00215729635522
29.125	38.5	1.00215708195675
29.375	38.5	1.0021568736811
29.625	38.5	1.00215667163621
29.875	38.5	1.00215647588831
30.125	38.5	1.00215628647768
30.375	38.5	1.00215610342824
30.625	38.5	1.00215592675345
30.875	38.5	1.00215575646
31.125	38.5	1.00215559255005
31.375	38.5	1.0021554350227
31.625	38.5	1.00215528387491
31.875	38.5	1.00215513910209
32.125	38.5	1.00215500069856
32.375	38.5	1.00215486865781
32.625	38.5	1.00215474297275
32.875	38.5	1.00215462363586
33.125	38.5	1.00215451063937
33.375	38.5	1.00215440397533
33.625	38.5	1.00215430363575
33.875	38.5	1.00215420961268
34.125	38.5	1.00215412189831
34.375	38.5	1.002154040485
34.625	38.5	1.00215396536542
34.875	38.5	1.00215389653254
35.125	38.5	1.00215383397974
35.375	38.5	1.00215377770084
35.625	38.5	1.00215372769014
35.875	38.5	1.00215368394248
36.125	38.5	1.00215364645326
36.375	38.5	1.00215361521847
36.625	38.5	1.00215359023476
36.875	38.5	1.00215357149938
37.125	38.5	1.00215355901028
37.375	38.5	1.00215355276607
0.125	39.5	-0.00212939048759074
0.375	39.5	-0.00212938582138045
0.625	39.5	-0.00212937648928363
0.875	39.5	-0.00212936249195299
1.125	39.5	-0.00212934383038049
1.375	39.5	-0.00212932050591294
1.625	39.5	-0.00212929252027273
1.875	39.5	-0.00212925987558392
2.125	39.5	-0.00212922257440359
2.375	39.5	-0.00212918061975857
2.625	39.5	-0.00212913401518758
2.875	39.5	-0.0021290827647889
3.125	39.5	-0.00212902687327354
3.375	39.5	-0.002128966346024
3.625	39.5	-0.00212890118915865
3.875	39.5	-0.00212883140960157
4.125	39.5	-0.00212875701515787
4.375	39.5	-0.00212867801459392
4.625	39.5	-0.00212859441772208
4.875	39.5	-0.00212850623548855
5.125	39.5	-0.00212841348006245
5.375	39.5	-0.0021283161649227
5.625	39.5	-0.00212821430493685
5.875	39.5	-0.00212810791642231
6.125	39.5	-0.00212799701717403
6.375	39.5	-0.00212788162643222
6.625	39.5	-0.00212776176474652
6.875	39.5	-0.00212763745366476
7.125	39.5	-0.00212750871512787
7.375	39.5	-0.0021273755703759
7.625	39.5	-0.0021272380380439
7.875	39.5	-0.00212709613091908
8.125	39.5	-0.00212694985048895
8.375	39.5	-0.00212679917784853
8.625	39.5	-0.00212664405860975
8.875	39.5	-0.002126484377935
9.125	39.5	-0.00212631991931307
9.375	39.5	-0.0021261502965759
9.625	39.5	-0.00212597484187613
9.875	39.5	-0.00212579242119059
10.125	39.5	-0.00212560113056017
10.375	39.5	-0.00212539779607456
10.625	39.5	-0.00212517715091237
10.875	39.5	-0.00212493048097079
11.125	39.5	-0.00212464339605744
11.375	39.5	-0.00212429216219869
11.625	39.5	-0.00212383766628302
11.875	39.5	-0.00212321548475767
12.125	39.5	-0.00212231954165793
12.375	39.5	-0.00212097521815338
12.625	39.5	-0.00211889510522376
12.875	39.5	-0.00211560619725073
13.125	39.5	-0.00211033009584257
13.375	39.5	-0.00210178590294182
13.625	39.5	-0.00208786592800904
13.875	39.5	-0.00206510218756992
14.125	39.5	-0.00202778885921729
14.375	39.5	-0.00196653916133099
14.625	39.5	-0.00186591306932199
14.875	39.5	-0.00170052011053356
15.125	39.5	-0.00142862374481582
15.375	39.5	-0.000981663870769586
15.625	39.5	-0.000247141521592423
15.875	39.5	0.000959206592706792
16.125	39.5	0.00293828762304355
16.375	39.5	0.00617907660303335
16.625	39.5	0.0114697134166631
16.875	39.5	0.0200634858021952
17.125	39.5	0.0339089018832607
17.375	39.5	0.0559221886934473
17.625	39.5	0.0901905299692067
17.875	39.5	0.141800666755942
18.125	39.5	0.215717849384979
18.375	39.5	0.314145650581993
18.625	39.5	0.432940531380398
18.875	39.5	0.560104373359022
19.125	39.5	0.679745083546048
19.375	39.5	0.779488502229988
19.625	39.5	0.854753859884679
19.875	39.5	0.907485047857361
20.125	39.5	0.942578062938861
20.375	39.5	0.965154454889384
20.625	39.5	0.979367216488477
20.875	39.5	0.988193995656278
21.125	39.5	0.993629875204021
21.375	39.5	0.996960199596229
21.625	39.5	0.998994058206083
21.875	39.5	1.00023371968628
22.125	39.5	1.0009883828096
22.375	39.5	1.00144743005202
22.625	39.5	1.0017265017016
22.875	39.5	1.00189607847152
23.125	39.5	1.00199906863192
23.375	39.5	1.00206157661454
23.625	39.5	1.00209947718398
23.875	39.5	1.00212242176982
24.125	39.5	1.00213627730502
24.375	39.5	1.00214460988509
24.625	39.5	1.00214958698779
24.875	39.5	1.00215252598457
25.125	39.5	1.00215422756334
25.375	39.5	1.00215517838779
25.625	39.5	1.00215567427007
25.875	39.5	1.00215589503059
26.125	39.5	1.00215594999422
26.375	39.5	1.00215590564035
26.625	39.5	1.00215580240708
26.875	39.5	1.00215566490387
27.125	39.5	1.00215550811822
27.375	39.5	1.00215534118783
27.625	39.5	1.0021551696932
27.875	39.5	1.00215499705102
28.125	39.5	1.00215482536109
28.375	39.5	1.00215465592114
28.625	39.5	1.00215448953985
28.875	39.5	1.00215432672707
29.125	39.5	1.00215416780965
29.375	39.5	1.00215401300185
29.625	39.5	1.00215386244822
29.875	39.5	1.00215371624976
30.125	39.5	1.00215357447989
30.375	39.5	1.00215343719425
30.625	39.5	1.00215330443669
30.875	39.5	1.00215317624299
31.125	39.5	1.00215305264321
31.375	39.5	1.00215293366316
31.625	39.5	1.00215281932534
31.875	39.5	1.00215270964958
32.125	39.5	1.00215260465348
32.375	39.5	1.00215250435272
32.625	39.5	1.0021524087613
32.875	39.5	1.00215231789172
33.125	39.5	1.00215223175515
33.375	39.5	1.00215215036152
33.625	39.5	1.00215207371969
33.875	39.5	1.00215200183751
34.125	39.5	1.00215193472193
34.375	39.5	1.00215187237908
34.625	39.5	1.00215181481435
34.875	39.5	1.00215176203245
35.125	39.5	1.00215171403749
35.375	39.5	1.00215167083301
35.625	39.5	1.00215163242207
35.875	39.5	1.00215159880727
36.125	39.5	1.00215156999079
36.375	39.5	1.00215154597443
36.625	39.5	1.00215152675966
36.875	39.5	1.00215151234762
37.125	39.5	1.00215150273913
37.375	39.5	1.00215149793475
0.125	40.5	-0.00213152862657559
0.375	40.5	-0.00213152538628569
0.625	40.5	-0.00213151890690595
0.875	40.5	-0.00213150919084204
1.125	40.5	-0.00213149624171626
1.375	40.5	-0.00213148006438418
1.625	40.5	-0.00213146066495686
1.875	40.5	-0.00213143805082859
2.125	40.5	-0.00213141223071047
2.375	40.5	-0.00213138321466955
2.625	40.5	-0.00213135101417381
2.875	40.5	-0.00213131564214298
3.125	40.5	-0.00213127711300516
3.375	40.5	-0.00213123544275949
3.625	40.5	-0.0021311906490446
3.875	40.5	-0.002131142751213
4.125	40.5	-0.00213109177041118
4.375	40.5	-0.00213103772966499
4.625	40.5	-0.00213098065396983
4.875	40.5	-0.00213092057038435
5.125	40.5	-0.00213085750812571
5.375	40.5	-0.00213079149866304
5.625	40.5	-0.00213072257580342
5.875	40.5	-0.00213065077576087
6.125	40.5	-0.00213057613719266
6.375	40.5	-0.00213049870117697
6.625	40.5	-0.00213041851108897
6.875	40.5	-0.00213033561230459
7.125	40.5	-0.00213025005161534
7.375	40.5	-0.00213016187616229
7.625	40.5	-0.0021300711315729
7.875	40.5	-0.00212997785878054
8.125	40.5	-0.00212988208866998
8.375	40.5	-0.00212978383313958
8.625	40.5	-0.00212968307026053
8.875	40.5	-0.00212957971971603
9.125	40.5	-0.00212947360223957
9.375	40.5	-0.00212936437271655
9.625	40.5	-0.002129251409942
9.875	40.5	-0.0021291336350489
10.125	40.5	-0.00212900921255733
10.375	40.5	-0.00212887505827005
10.625	40.5	-0.00212872602932926
10.875	40.5	-0.00212855359126723
11.125	40.5	-0.00212834362445284
11.375	40.5	-0.00212807281442558
11.625	40.5	-0.00212770271204495
11.875	40.5	-0.00212716995938535
12.125	40.5	-0.00212637020650461
12.375	40.5	-0.00212513164685569
12.625	40.5	-0.00212317147089151
12.875	40.5	-0.00212002421327427
13.125	40.5	-0.00211492385528055
13.375	40.5	-0.00210660984229192
13.625	40.5	-0.00209300793200013
13.875	40.5	-0.00207070515170694
14.125	40.5	-0.00203408616249403
14.375	40.5	-0.00197391300555005
14.625	40.5	-0.00187499037891522
14.875	40.5	-0.00171233004983965
15.125	40.5	-0.00144485610454794
15.375	40.5	-0.00100509200365111
15.625	40.5	-0.00028231215349568
15.875	40.5	0.00090485491725449
16.125	40.5	0.00285262898601455
16.375	40.5	0.00604246304906206
16.625	40.5	0.0112506276755045
16.875	40.5	0.0197122124854388
17.125	40.5	0.0333491988664624
17.375	40.5	0.0550426164929197
17.625	40.5	0.0888413992396782
17.875	40.5	0.139810604973815
18.125	40.5	0.212951684251724
18.375	40.5	0.310612879438379
18.625	40.5	0.428900890026896
18.875	40.5	0.556041034864541
19.125	40.5	0.676152761383713
19.375	40.5	0.776650746829159
19.625	40.5	0.852699008741545
19.875	40.5	0.906085803914005
20.125	40.5	0.941663190611319
20.375	40.5	0.964571256315306
20.625	40.5	0.979000833470658
20.875	40.5	0.987965392857155
21.125	40.5	0.993487340971607
21.375	40.5	0.996870883811863
21.625	40.5	0.998937455947943
21.875	40.5	1.00019716590982
22.125	40.5	1.00096410412598
22.375	40.5	1.0014306733524
22.625	40.5	1.00171436700836
22.875	40.5	1.00188679851504
23.125	40.5	1.00199156691515
23.375	40.5	1.00205519732175
23.625	40.5	1.00209382048481
23.875	40.5	1.00211724352859
24.125	40.5	1.00213142806
24.375	40.5	1.0021399977399
24.625	40.5	1.00214515505147
24.875	40.5	1.00214823865885
25.125	40.5	1.00215006220839
25.375	40.5	1.00215112025708
25.625	40.5	1.00215171343205
25.875	40.5	1.00215202449763
26.125	40.5	1.00215216458529
26.375	40.5	1.00215220128945
26.625	40.5	1.00215217574262
26.875	40.5	1.0021521129926
27.125	40.5	1.00215202830921
27.375	40.5	1.00215193101718
27.625	40.5	1.00215182682573
27.875	40.5	1.00215171924438
28.125	40.5	1.00215161044352
28.375	40.5	1.00215150177751
28.625	40.5	1.00215139410272
28.875	40.5	1.00215128797089
29.125	40.5	1.00215118374678
29.375	40.5	1.00215108167969
29.625	40.5	1.00215098194708
29.875	40.5	1.00215088468117
30.125	40.5	1.00215078998514
30.375	40.5	1.00215069794308
30.625	40.5	1.00215060862613
30.875	40.5	1.00215052209625
31.125	40.5	1.00215043840859
31.375	40.5	1.00215035761303
31.625	40.5	1.00215027975509
31.875	40.5	1.00215020487664
32.125	40.5	1.00215013301632
32.375	40.5	1.00215006420988
32.625	40.5	1.00214999849041
32.875	40.5	1.00214993588854
33.125	40.5	1.00214987643262
33.375	40.5	1.00214982014883
33.625	40.5	1.0021497670613
33.875	40.5	1.00214971719226
34.125	40.5	1.00214967056209
34.375	40.5	1.00214962718943
34.625	40.5	1.00214958709127
34.875	40.5	1.00214955028301
35.125	40.5	1.00214951677854
35.375	40.5	1.00214948659029
35.625	40.5	1.00214945972929
35.875	40.5	1.00214943620521
36.125	40.5	1.00214941602644
36.375	40.5	1.0021493992001
36.625	40.5	1.00214938573204
36.875	40.5	1.00214937562694
37.125	40.5	1.00214936888828
37.375	40.5	1.00214936551838
0.125	41.5	-0.00213371927158869
0.375	41.5	-0.00213371743660687
0.625	41.5	-0.00213371376862793
0.875	41.5	-0.002133708271627
1.125	41.5	-0.00213370095158104
1.375	41.5	-0.00213369181648607
1.625	41.5	-0.00213368087638011
1.875	41.5	-0.00213366814337191
2.125	41.5	-0.00213365363167561
2.375	41.5	-0.0021336373576512
2.625	41.5	-0.00213361933985097
2.875	41.5	-0.00213359959907196
3.125	41.5	-0.00213357815841442
3.375	41.5	-0.00213355504334639
3.625	41.5	-0.00213353028177428
3.875	41.5	-0.00213350390411954
4.125	41.5	-0.00213347594340111
4.375	41.5	-0.0021334464353234
4.625	41.5	-0.0021334154183691
4.875	41.5	-0.00213338293389572
5.125	41.5	-0.00213334902623388
5.375	41.5	-0.00213331374278393
5.625	41.5	-0.0021332771341055
5.875	41.5	-0.00213323925399038
6.125	41.5	-0.00213320015950346
6.375	41.5	-0.0021331599109661
6.625	41.5	-0.00213311857183965
6.875	41.5	-0.00213307620843949
7.125	41.5	-0.002133032889365
7.375	41.5	-0.0021329886844563
7.625	41.5	-0.00213294366296685
7.875	41.5	-0.00213289789043998
8.125	41.5	-0.00213285142344638
8.375	41.5	-0.00213280430079613
8.625	41.5	-0.00213275652894278
8.875	41.5	-0.00213270805782438
9.125	41.5	-0.00213265874096163
9.375	41.5	-0.00213260826964455
9.625	41.5	-0.00213255606447528
9.875	41.5	-0.00213250109673388
10.125	41.5	-0.00213244159426205
10.375	41.5	-0.00213237455731625
10.625	41.5	-0.00213229496172242
10.875	41.5	-0.00213219444748613
11.125	41.5	-0.00213205916072619
11.375	41.5	-0.00213186620241983
11.625	41.5	-0.00213157778469519
11.875	41.5	-0.00213113161497207
12.125	41.5	-0.00213042507319003
12.375	41.5	-0.00212928917590578
12.625	41.5	-0.00212744573544687
12.875	41.5	-0.00212443686830295
13.125	41.5	-0.00211950900849403
13.375	41.5	-0.00211142206971264
13.625	41.5	-0.00209813546773086
13.875	41.5	-0.00207629158978348
14.125	41.5	-0.00204036615791171
14.375	41.5	-0.00198127098782335
14.625	41.5	-0.00188405706569227
14.875	41.5	-0.00172414097204186
15.125	41.5	-0.00146111165109691
15.375	41.5	-0.00102858309451685
15.625	41.5	-0.000317614593754587
15.875	41.5	0.000850254389558291
16.125	41.5	0.00276652426107236
16.375	41.5	0.00590507174670222
16.625	41.5	0.0110302045707624
16.875	41.5	0.0193586493813178
17.125	41.5	0.0327855638304042
17.375	41.5	0.0541562392741796
17.625	41.5	0.0874803953056115
17.875	41.5	0.137799840004404
18.125	41.5	0.21015026121036
18.375	41.5	0.307023717912237
18.625	41.5	0.424780605586175
18.875	41.5	0.551878861644226
19.125	41.5	0.672458358481861
19.375	41.5	0.773722868308395
19.625	41.5	0.850573886117716
19.875	41.5	0.904636432492491
20.125	41.5	0.940714639300658
20.375	41.5	0.963966293834385
20.625	41.5	0.97862073266289
20.875	41.5	0.987728281832495
21.125	41.5	0.99333958644027
21.375	41.5	0.996778390459038
21.625	41.5	0.998878932656056
21.875	41.5	1.00015945885849
22.125	41.5	1.00093913888321
22.375	41.5	1.00141351245894
22.625	41.5	1.00170199801149
22.875	41.5	1.00187738569773
23.125	41.5	1.00198399221222
23.375	41.5	1.00204877972512
23.625	41.5	1.00208814493507
23.875	41.5	1.00211205671692
24.125	41.5	1.00212657502948
24.375	41.5	1.00213538333078
24.625	41.5	1.00214072046223
24.875	41.5	1.00214394719932
25.125	41.5	1.00214589064111
25.375	41.5	1.00214705353517
25.625	41.5	1.00214774150121
25.875	41.5	1.00214814035269
26.125	41.5	1.00214836308881
26.375	41.5	1.00214847845368
26.625	41.5	1.00214852829276
26.875	41.5	1.00214853810108
27.125	41.5	1.00214852343392
27.375	41.5	1.00214849380283
27.625	41.5	1.00214845504351
27.875	41.5	1.00214841075498
28.125	41.5	1.00214836317427
28.375	41.5	1.0021483137082
28.625	41.5	1.00214826325656
28.875	41.5	1.00214821240873
29.125	41.5	1.00214816156317
29.375	41.5	1.00214811100023
29.625	41.5	1.00214806092638
29.875	41.5	1.00214801150134
30.125	41.5	1.00214796285445
30.375	41.5	1.00214791509487
30.625	41.5	1.00214786831778
30.875	41.5	1.00214782260822
31.125	41.5	1.00214777804349
31.375	41.5	1.00214773469472
31.625	41.5	1.00214769262784
31.875	41.5	1.00214765190422
32.125	41.5	1.00214761258118
32.375	41.5	1.00214757471227
32.625	41.5	1.00214753834756
32.875	41.5	1.00214750353383
33.125	41.5	1.00214747031472
33.375	41.5	1.00214743873089
33.625	41.5	1.00214740882012
33.875	41.5	1.00214738061746
34.125	41.5	1.00214735415531
34.375	41.5	1.00214732946351
34.625	41.5	1.00214730656942
34.875	41.5	1.00214728549803
35.125	41.5	1.00214726627197
35.375	41.5	1.00214724891165
35.625	41.5	1.00214723343524
35.875	41.5	1.00214721985881
36.125	41.5	1.00214720819627
36.375	41.5	1.00214719845952
36.625	41.5	1.00214719065837
36.875	41.5	1.00214718480069
37.125	41.5	1.00214718089232
37.375	41.5	1.00214717893716
0.125	42.5	-0.00213593947223125
0.375	42.5	-0.00213593900918012
0.625	42.5	-0.00213593808575254
0.875	42.5	-0.0021359367073036
1.125	42.5	-0.00213593488188034
1.375	42.5	-0.00213593262023902
1.625	42.5	-0.00213592993586822
1.875	42.5	-0.00213592684501778
2.125	42.5	-0.00213592336673358
2.375	42.5	-0.00213591952289825
2.625	42.5	-0.00213591533827783
2.875	42.5	-0.00213591084057445
3.125	42.5	-0.00213590606048503
3.375	42.5	-0.00213590103176606
3.625	42.5	-0.00213589579130444
3.875	42.5	-0.00213589037919423
4.125	42.5	-0.00213588483881939
4.375	42.5	-0.00213587921694172
4.625	42.5	-0.00213587356379389
4.875	42.5	-0.00213586793317594
5.125	42.5	-0.00213586238255362
5.375	42.5	-0.00213585697315513
5.625	42.5	-0.00213585177006076
5.875	42.5	-0.00213584684227621
6.125	42.5	-0.00213584226277444
6.375	42.5	-0.00213583810848072
6.625	42.5	-0.0021358344601595
6.875	42.5	-0.00213583140213435
7.125	42.5	-0.00213582902172837
7.375	42.5	-0.00213582740823892
7.625	42.5	-0.00213582665114087
7.875	42.5	-0.00213582683701455
8.125	42.5	-0.00213582804436958
8.375	42.5	-0.00213583033500026
8.625	42.5	-0.00213583373962782
8.875	42.5	-0.0021358382341353
9.125	42.5	-0.00213584370031657
9.375	42.5	-0.00213584986113704
9.625	42.5	-0.00213585617404737
9.875	42.5	-0.00213586165526753
10.125	42.5	-0.00213586459047787
10.375	42.5	-0.00213586205858899
10.625	42.5	-0.00213584914793183
10.875	42.5	-0.00213581766632819
11.125	42.5	-0.00213575401835182
11.375	42.5	-0.00213563571222538
11.625	42.5	-0.00213542561183016
11.875	42.5	-0.00213506247839161
12.125	42.5	-0.00213444540700803
12.375	42.5	-0.0021334082175158
12.625	42.5	-0.00213167731601417
12.875	42.5	-0.00212880235917149
13.125	42.5	-0.002124042169826
13.375	42.5	-0.00211617702931025
13.625	42.5	-0.00210319985009229
13.875	42.5	-0.00208180811757557
14.125	42.5	-0.00204656818705855
14.375	42.5	-0.00198854094701913
14.625	42.5	-0.00189302251832058
14.875	42.5	-0.00173583239938014
15.125	42.5	-0.00147722128541502
15.375	42.5	-0.00105188863256937
15.625	42.5	-0.000352670433512959
15.875	42.5	0.00079599591891374
16.125	42.5	0.00268091151837199
16.375	42.5	0.00576840613798928
16.625	42.5	0.0108108630046132
16.875	42.5	0.0190066832434377
17.125	42.5	0.0322241988889402
17.375	42.5	0.0532728138614237
17.625	42.5	0.0861224941376999
17.875	42.5	0.13579046529466
18.125	42.5	0.207344252338394
18.375	42.5	0.303417174435456
18.625	42.5	0.420623867794245
18.875	42.5	0.547661609817446
19.125	42.5	0.668699781529231
19.375	42.5	0.77073419336685
19.625	42.5	0.848399350441913
19.875	42.5	0.903150944572605
20.125	42.5	0.939741482126023
20.375	42.5	0.963345313519408
20.625	42.5	0.978230507799799
20.875	42.5	0.987484897571899
21.125	42.5	0.993188001354052
21.375	42.5	0.996683588053856
21.625	42.5	0.998819037048852
21.875	42.5	1.00012095156281
22.125	42.5	1.00091372048425
22.375	42.5	1.00139610761068
22.625	42.5	1.00168951011566
22.875	42.5	1.00186792784427
23.125	42.5	1.00197641527114
23.375	42.5	1.00204238388913
23.625	42.5	1.00208250380813
23.875	42.5	1.00210691018883
24.125	42.5	1.00212176409538
24.375	42.5	1.00213081045287
24.625	42.5	1.0021363254722
24.875	42.5	1.00213969265137
25.125	42.5	1.00214175291029
25.375	42.5	1.00214301740769
25.625	42.5	1.00214379688704
25.875	42.5	1.00214428028772
26.125	42.5	1.00214458252074
26.375	42.5	1.00214477350399
26.625	42.5	1.00214489580808
26.875	42.5	1.00214497538035
27.125	42.5	1.00214502806232
27.375	42.5	1.00214506355064
27.625	42.5	1.00214508780438
27.875	42.5	1.00214510450815
28.125	42.5	1.00214511596138
28.375	42.5	1.00214512361887
28.625	42.5	1.00214512841942
28.875	42.5	1.00214513098563
29.125	42.5	1.00214513174545
29.375	42.5	1.0021451310061
29.625	42.5	1.00214512899916
29.875	42.5	1.00214512590799
30.125	42.5	1.00214512188448
30.375	42.5	1.0021451170594
30.625	42.5	1.00214511154861
30.875	42.5	1.00214510545709
31.125	42.5	1.00214509888128
31.375	42.5	1.00214509191071
31.625	42.5	1.00214508462897
31.875	42.5	1.00214507711439
32.125	42.5	1.00214506944049
32.375	42.5	1.00214506167635
32.625	42.5	1.00214505388683
32.875	42.5	1.00214504613277
33.125	42.5	1.00214503847119
33.375	42.5	1.00214503095542
33.625	42.5	1.00214502363519
33.875	42.5	1.00214501655679
34.125	42.5	1.00214500976316
34.375	42.5	1.00214500329397
34.625	42.5	1.00214499718569
34.875	42.5	1.00214499147174
35.125	42.5	1.00214498618248
35.375	42.5	1.0021449813453
35.625	42.5	1.00214497698471
35.875	42.5	1.00214497312235
36.125	42.5	1.00214496977706
36.375	42.5	1.00214496696493
36.625	42.5	1.00214496469928
36.875	42.5	1.00214496299077
37.125	42.5	1.00214496184735
37.375	42.5	1.00214496127431
0.125	43.5	-0.00213816683895596
0.375	43.5	-0.00213816770325844
0.625	43.5	-0.00213816943513293
0.875	43.5	-0.00213817204112414
1.125	43.5	-0.00213817553106326
1.375	43.5	-0.00213817991808494
1.625	43.5	-0.00213818521864996
1.875	43.5	-0.00213819145257363
2.125	43.5	-0.0021381986430599
2.375	43.5	-0.0021382068167413
2.625	43.5	-0.0021382160037247
2.875	43.5	-0.0021382262376429
3.125	43.5	-0.00213823755571219
3.375	43.5	-0.0021382499987957
3.625	43.5	-0.00213826361147279
3.875	43.5	-0.00213827844211408
4.125	43.5	-0.00213829454296228
4.375	43.5	-0.0021383119702181
4.625	43.5	-0.00213833078413098
4.875	43.5	-0.00213835104909314
5.125	43.5	-0.00213837283373531
5.375	43.5	-0.00213839621102064
5.625	43.5	-0.00213842125833152
5.875	43.5	-0.00213844805754015
6.125	43.5	-0.00213847669504785
6.375	43.5	-0.00213850726176831
6.625	43.5	-0.00213853985301397
6.875	43.5	-0.00213857456821792
7.125	43.5	-0.00213861151038048
7.375	43.5	-0.00213865078505739
7.625	43.5	-0.00213869249858869
7.875	43.5	-0.00213873675507287
8.125	43.5	-0.00213878365127067
8.375	43.5	-0.00213883326809694
8.625	43.5	-0.00213888565649221
8.875	43.5	-0.00213894081404039
9.125	43.5	-0.00213899864635372
9.375	43.5	-0.00213905890338629
9.625	43.5	-0.0021391210744873
9.875	43.5	-0.00213918421555555
10.125	43.5	-0.00213924666446251
10.375	43.5	-0.00213930557261906
10.625	43.5	-0.00213935613400701
10.875	43.5	-0.00213939031639429
11.125	43.5	-0.00213939477340738
11.375	43.5	-0.00213934740873236
11.625	43.5	-0.00213921172244849
11.875	43.5	-0.00213892750796355
12.125	43.5	-0.00213839554406193
12.375	43.5	-0.00213745240630392
12.625	43.5	-0.00213582902064249
12.875	43.5	-0.00213308246669305
13.125	43.5	-0.00212848376761212
13.375	43.5	-0.00212083326650924
13.625	43.5	-0.00210815687333283
13.875	43.5	-0.00208720635386209
14.125	43.5	-0.00205263735404983
14.375	43.5	-0.00199565762842403
14.625	43.5	-0.00190180480435239
14.875	43.5	-0.0017472953354017
15.125	43.5	-0.00149303188104454
15.375	43.5	-0.00107478333907766
15.625	43.5	-0.000387136285295081
15.875	43.5	0.000742616216130796
16.125	43.5	0.0025966434748479
16.375	43.5	0.00563383393318132
16.625	43.5	0.0105948054375815
16.875	43.5	0.0186598571902857
17.125	43.5	0.0316707676183077
17.375	43.5	0.0524012737876654
17.625	43.5	0.0847814652534411
17.875	43.5	0.133802923643824
18.125	43.5	0.204562301504894
18.375	43.5	0.299830138455256
18.625	43.5	0.416473117159484
18.875	43.5	0.543432012496724
19.125	43.5	0.664914636511377
19.375	43.5	0.767714193788533
19.625	43.5	0.846196564124125
19.875	43.5	0.901643647735102
20.125	43.5	0.938753022092695
20.375	43.5	0.962714220494516
20.625	43.5	0.977833855513402
20.875	43.5	0.987237538576791
21.125	43.5	0.993034013046631
21.375	43.5	0.99658736625482
21.625	43.5	0.99875832879054
21.875	43.5	1.00008200178292
22.125	43.5	1.00088808332897
22.375	43.5	1.00137861784108
22.625	43.5	1.00167701625285
22.875	43.5	1.00185850960769
23.125	43.5	1.00196890331265
23.375	43.5	1.00203606620142
23.625	43.5	1.00207694667365
23.875	43.5	1.00210184913974
24.125	43.5	1.00211703756743
24.375	43.5	1.00212631943829
24.625	43.5	1.00213200899124
24.875	43.5	1.00213551284373
25.125	43.5	1.00213768597453
25.375	43.5	1.00213904809519
25.625	43.5	1.00213991515613
25.875	43.5	1.00214047927047
26.125	43.5	1.00214085728742
26.375	43.5	1.00214112031222
26.625	43.5	1.00214131164643
26.875	43.5	1.00214145769089
27.125	43.5	1.00214157457186
27.375	43.5	1.00214167216805
27.625	43.5	1.00214175655798
27.875	43.5	1.00214183150753
28.125	43.5	1.00214189937399
28.375	43.5	1.00214196165559
28.625	43.5	1.00214201932564
28.875	43.5	1.00214207303557
29.125	43.5	1.00214212323856
29.375	43.5	1.00214217026463
29.625	43.5	1.00214221436648
29.875	43.5	1.00214225574736
30.125	43.5	1.00214229457811
30.375	43.5	1.0021423310076
30.625	43.5	1.00214236516913
30.875	43.5	1.00214239718442
31.125	43.5	1.00214242716607
31.375	43.5	1.00214245521916
31.625	43.5	1.00214248144222
31.875	43.5	1.00214250592795
32.125	43.5	1.00214252876366
32.375	43.5	1.00214255003162
32.625	43.5	1.00214256980928
32.875	43.5	1.00214258816954
33.125	43.5	1.00214260518082
33.375	43.5	1.00214262090729
33.625	43.5	1.00214263540894
33.875	43.5	1.00214264874169
34.125	43.5	1.00214266095754
34.375	43.5	1.00214267210462
34.625	43.5	1.00214268222726
34.875	43.5	1.00214269136611
35.125	43.5	1.0021426995582
35.375	43.5	1.00214270683699
35.625	43.5	1.00214271323241
35.875	43.5	1.00214271877095
36.125	43.5	1.00214272347571
36.375	43.5	1.00214272736639
36.625	43.5	1.00214273045935
36.875	43.5	1.00214273276768
37.125	43.5	1.00214273430114
37.375	43.5	1.00214273506624
0.125	44.5	-0.00214037972486384
0.375	44.5	-0.00214038186231359
0.625	44.5	-0.00214038614098423
0.875	44.5	-0.00214039256842342
1.125	44.5	-0.00214040115596626
1.375	44.5	-0.00214041191875153
1.625	44.5	-0.00214042487574344
1.875	44.5	-0.00214044004975886
2.125	44.5	-0.00214045746750008
2.375	44.5	-0.00214047715959303
2.625	44.5	-0.00214049916063115
2.875	44.5	-0.00214052350922483
3.125	44.5	-0.00214055024805645
3.375	44.5	-0.00214057942394106
3.625	44.5	-0.00214061108789266
3.875	44.5	-0.00214064529519595
4.125	44.5	-0.00214068210548341
4.375	44.5	-0.00214072158281733
4.625	44.5	-0.0021407637957761
4.875	44.5	-0.00214080881754366
5.125	44.5	-0.00214085672600024
5.375	44.5	-0.00214090760381103
5.625	44.5	-0.00214096153850749
5.875	44.5	-0.00214101862255235
6.125	44.5	-0.00214107895337349
6.375	44.5	-0.00214114263334223
6.625	44.5	-0.00214120976965593
6.875	44.5	-0.00214128047405825
7.125	44.5	-0.00214135486228816
7.375	44.5	-0.00214143305307738
7.625	44.5	-0.00214151516640035
7.875	44.5	-0.00214160132048919
8.125	44.5	-0.00214169162681142
8.375	44.5	-0.00214178618169036
8.625	44.5	-0.00214188505239593
8.875	44.5	-0.00214198825413134
9.125	44.5	-0.00214209571203374
9.375	44.5	-0.00214220719851042
9.625	44.5	-0.00214232222998502
9.875	44.5	-0.0021424398968487
10.125	44.5	-0.00214255858349719
10.375	44.5	-0.002142675507503
10.625	44.5	-0.00214278596117668
10.875	44.5	-0.00214288206341655
11.125	44.5	-0.00214295070575513
11.375	44.5	-0.00214297017248837
11.625	44.5	-0.00214290457906895
11.875	44.5	-0.00214269472056398
12.125	44.5	-0.00214224301308331
12.375	44.5	-0.00214138871559935
12.625	44.5	-0.00213986715899324
12.875	44.5	-0.0021372426608351
13.125	44.5	-0.00213279814430989
13.375	44.5	-0.00212535352420458
13.625	44.5	-0.00211296690530929
13.875	44.5	-0.00209244301651326
14.125	44.5	-0.00205852462992804
14.375	44.5	-0.0020025628074203
14.625	44.5	-0.00191033083150683
14.875	44.5	-0.00175843249424823
15.125	44.5	-0.00150840663162627
15.375	44.5	-0.00109706571593687
15.625	44.5	-0.000420704669370327
15.875	44.5	0.000690596342766207
16.125	44.5	0.00251448510096539
16.375	44.5	0.00550258313706468
16.625	44.5	0.0103840112400171
16.875	44.5	0.0183213594639613
17.125	44.5	0.0311303757848983
17.375	44.5	0.0515496957401829
17.625	44.5	0.0834698126634879
17.875	44.5	0.131855903924955
18.125	44.5	0.20183085101685
18.375	44.5	0.29629711541352
18.625	44.5	0.412368697107948
18.875	44.5	0.539231404005804
19.125	44.5	0.661139895043018
19.375	44.5	0.764692233292215
19.625	44.5	0.843986820488865
19.875	44.5	0.900129034675505
20.125	44.5	0.937758722433558
20.375	44.5	0.962079036041553
20.625	44.5	0.977434549095087
20.875	44.5	0.986988550854794
21.125	44.5	0.992879076683939
21.375	44.5	0.996490629908851
21.625	44.5	0.998697374847707
21.875	44.5	1.00004296976646
22.125	44.5	1.0008624614202
22.375	44.5	1.00136120009623
22.625	44.5	1.00166462630845
22.875	44.5	1.00184921207964
23.125	44.5	1.00196151974953
23.375	44.5	1.00202987915578
23.625	44.5	1.00207151921675
23.875	44.5	1.00209691494534
24.125	44.5	1.00211243403196
24.375	44.5	1.00212194700895
24.625	44.5	1.00212780644046
24.875	44.5	1.00213144224074
25.125	44.5	1.00213372355229
25.375	44.5	1.00213517870032
25.625	44.5	1.00213612887642
25.875	44.5	1.00213676938566
26.125	44.5	1.00213721902402
26.375	44.5	1.00213755008687
26.625	44.5	1.00213780660609
26.875	44.5	1.00213801543344
27.125	44.5	1.00213819297621
27.375	44.5	1.00213834929085
27.625	44.5	1.00213849057077
27.875	44.5	1.00213862065844
28.125	44.5	1.00213874196432
28.375	44.5	1.00213885602555
28.625	44.5	1.00213896384546
28.875	44.5	1.00213906610004
29.125	44.5	1.00213916326353
29.375	44.5	1.00213925568478
29.625	44.5	1.00213934363377
29.875	44.5	1.00213942732999
30.125	44.5	1.00213950695968
30.375	44.5	1.00213958268649
30.625	44.5	1.00213965465793
30.875	44.5	1.00213972300942
31.125	44.5	1.00213978786679
31.375	44.5	1.00213984934788
31.625	44.5	1.00213990756352
31.875	44.5	1.00213996261828
32.125	44.5	1.00214001461084
32.375	44.5	1.00214006363442
32.625	44.5	1.00214010977696
32.875	44.5	1.00214015312131
33.125	44.5	1.00214019374547
33.375	44.5	1.00214023172263
33.625	44.5	1.00214026712136
33.875	44.5	1.00214030000567
34.125	44.5	1.00214033043514
34.375	44.5	1.00214035846501
34.625	44.5	1.00214038414623
34.875	44.5	1.00214040752556
35.125	44.5	1.00214042864562
35.375	44.5	1.00214044754498
35.625	44.5	1.00214046425819
35.875	44.5	1.00214047881582
36.125	44.5	1.00214049124456
36.375	44.5	1.00214050156718
36.625	44.5	1.00214050980262
36.875	44.5	1.00214051596601
37.125	44.5	1.00214052006865
37.375	44.5	1.00214052211809
0.125	45.5	-0.00214255738154883
0.375	45.5	-0.00214256072984777
0.625	45.5	-0.002142567430629
0.875	45.5	-0.00214257749226435
1.125	45.5	-0.00214259092732429
1.375	45.5	-0.00214260775259321
1.625	45.5	-0.00214262798908983
1.875	45.5	-0.00214265166209271
2.125	45.5	-0.00214267880117097
2.375	45.5	-0.00214270944022014
2.625	45.5	-0.00214274361750322
2.875	45.5	-0.00214278137569703
3.125	45.5	-0.00214282276194367
3.375	45.5	-0.00214286782790731
3.625	45.5	-0.00214291662983612
3.875	45.5	-0.00214296922862931
4.125	45.5	-0.00214302568990898
4.375	45.5	-0.00214308608409653
4.625	45.5	-0.00214315048649291
4.875	45.5	-0.00214321897736158
5.125	45.5	-0.0021432916420122
5.375	45.5	-0.002143368570882
5.625	45.5	-0.00214344985960941
5.875	45.5	-0.00214353560909109
6.125	45.5	-0.00214362592550787
6.375	45.5	-0.00214372092029548
6.625	45.5	-0.00214382071002043
6.875	45.5	-0.00214392541609578
7.125	45.5	-0.00214403516422904
7.375	45.5	-0.00214415008342534
7.625	45.5	-0.00214427030425419
7.875	45.5	-0.00214439595590029
8.125	45.5	-0.00214452716120885
8.375	45.5	-0.00214466402842639
8.625	45.5	-0.00214480663749957
8.875	45.5	-0.00214495501741434
9.125	45.5	-0.00214510910878792
9.375	45.5	-0.00214526870218959
9.625	45.5	-0.00214543333651977
9.875	45.5	-0.00214560213166142
10.125	45.5	-0.00214577351297502
10.375	45.5	-0.00214594475782177
10.625	45.5	-0.0021461112492382
10.875	45.5	-0.00214626524773757
11.125	45.5	-0.00214639387020817
11.375	45.5	-0.00214647576412534
11.625	45.5	-0.00214647563496735
11.875	45.5	-0.00214633524119599
12.125	45.5	-0.00214595857683219
12.375	45.5	-0.00214518749013851
12.625	45.5	-0.00214376156576586
12.875	45.5	-0.00214125211426971
13.125	45.5	-0.00213695355952112
13.375	45.5	-0.00212970473453976
13.625	45.5	-0.0021175948672106
13.875	45.5	-0.00209747988920408
14.125	45.5	-0.00206418680517224
14.375	45.5	-0.00200920522619741
14.625	45.5	-0.00191853626631583
14.875	45.5	-0.00176915819783674
15.125	45.5	-0.00152322492136776
15.375	45.5	-0.00111855788130239
15.625	45.5	-0.000453103802399993
15.875	45.5	0.000640361985963437
16.125	45.5	0.00243511397589819
16.375	45.5	0.00537574248283192
16.625	45.5	0.0101802371214637
16.875	45.5	0.0179940235065561
17.125	45.5	0.0306075699686019
17.375	45.5	0.0507252937131291
17.625	45.5	0.0821987571926376
17.875	45.5	0.129966295998615
18.125	45.5	0.199174042566306
18.375	45.5	0.292850043293628
18.625	45.5	0.408348577651942
18.875	45.5	0.535099389574744
19.125	45.5	0.657411577737147
19.375	45.5	0.761697312758309
19.625	45.5	0.841791361665058
19.875	45.5	0.898621662025965
20.125	45.5	0.936768129187509
20.375	45.5	0.961445849241851
20.625	45.5	0.97703640867547
20.875	45.5	0.986740309671046
21.125	45.5	0.992724664151964
21.375	45.5	0.996394292309239
21.625	45.5	0.998636745411105
21.875	45.5	1.00000421578847
22.125	45.5	1.00083708688331
22.375	45.5	1.00134400834518
22.625	45.5	1.00165244658609
22.875	45.5	1.00184011246603
23.125	45.5	1.00195432398617
23.375	45.5	1.002023871223
23.625	45.5	1.00206626314844
23.875	45.5	1.00209214509262
24.125	45.5	1.00210798829198
24.375	45.5	1.00211772621916
24.625	45.5	1.00212374969327
24.875	45.5	1.00212751187983
25.125	45.5	1.00212989605454
25.375	45.5	1.00213143913512
25.625	45.5	1.00213246753898
25.875	45.5	1.00213317975136
26.125	45.5	1.0021336965055
26.375	45.5	1.00213409127891
26.625	45.5	1.0021344088268
26.875	45.5	1.00213467644548
27.125	45.5	1.00213491081745
27.375	45.5	1.00213512217141
27.625	45.5	1.00213531681048
27.875	45.5	1.0021354986488
28.125	45.5	1.00213567014536
28.375	45.5	1.00213583287167
28.625	45.5	1.00213598785679
28.875	45.5	1.00213613579715
29.125	45.5	1.00213627718409
29.375	45.5	1.00213641238151
29.625	45.5	1.00213654167304
29.875	45.5	1.00213666529093
30.125	45.5	1.00213678343349
30.375	45.5	1.00213689627597
30.625	45.5	1.00213700397702
30.875	45.5	1.00213710668286
31.125	45.5	1.00213720452978
31.375	45.5	1.00213729764571
31.625	45.5	1.00213738615131
31.875	45.5	1.00213747016056
32.125	45.5	1.00213754978128
32.375	45.5	1.00213762511546
32.625	45.5	1.00213769625946
32.875	45.5	1.00213776330422
33.125	45.5	1.00213782633543
33.375	45.5	1.00213788543363
33.625	45.5	1.00213794067434
33.875	45.5	1.00213799212816
34.125	45.5	1.00213803986088
34.375	45.5	1.00213808393353
34.625	45.5	1.00213812440247
34.875	45.5	1.00213816131946
35.125	45.5	1.00213819473174
35.375	45.5	1.00213822468207
35.625	45.5	1.00213825120879
35.875	45.5	1.00213827434584
36.125	45.5	1.00213829412286
36.375	45.5	1.00213831056516
36.625	45.5	1.0021383236938
36.875	45.5	1.0021383335256
37.125	45.5	1.00213834007314
37.375	45.5	1.00213834334482
0.125	46.5	-0.00214468008957389
0.375	46.5	-0.00214468457980327
0.625	46.5	-0.00214469356477388
0.875	46.5	-0.00214470705351416
1.125	46.5	-0.00214472505957839
1.375	46.5	-0.00214474760106079
1.625	46.5	-0.00214477470061419
1.875	46.5	-0.0021448063854734
2.125	46.5	-0.0021448426874834
2.375	46.5	-0.00214488364313216
2.625	46.5	-0.00214492929358825
2.875	46.5	-0.00214497968474324
3.125	46.5	-0.00214503486725878
3.375	46.5	-0.00214509489661852
3.625	46.5	-0.00214515983318463
3.875	46.5	-0.00214522974225895
4.125	46.5	-0.00214530469414845
4.375	46.5	-0.00214538476423471
4.625	46.5	-0.00214547003304666
4.875	46.5	-0.00214556058633549
5.125	46.5	-0.00214565651514988
5.375	46.5	-0.00214575791590825
5.625	46.5	-0.00214586489046288
5.875	46.5	-0.00214597754614715
6.125	46.5	-0.00214609599579149
6.375	46.5	-0.00214622035768436
6.625	46.5	-0.00214635075543923
6.875	46.5	-0.00214648731770312
7.125	46.5	-0.00214663017760082
7.375	46.5	-0.00214677947174046
7.625	46.5	-0.00214693533849333
7.875	46.5	-0.00214709791507586
8.125	46.5	-0.00214726733265634
8.375	46.5	-0.00214744370820782
8.625	46.5	-0.00214762713100257
8.875	46.5	-0.00214781764028556
9.125	46.5	-0.0021480151884293
9.375	46.5	-0.00214821958019453
9.625	46.5	-0.0021484303726703
9.875	46.5	-0.00214864671050949
10.125	46.5	-0.00214886705469217
10.375	46.5	-0.00214908873609012
10.625	46.5	-0.00214930722074682
10.875	46.5	-0.00214951490079594
11.125	46.5	-0.00214969910483953
11.375	46.5	-0.00214983882398557
11.625	46.5	-0.00214989932457148
11.875	46.5	-0.00214982328355158
12.125	46.5	-0.00214951620215119
12.375	46.5	-0.00214882240483259
12.625	46.5	-0.00214748554724408
12.875	46.5	-0.0021450836355245
13.125	46.5	-0.00214092210819448
13.375	46.5	-0.00213385791999991
13.625	46.5	-0.00212201011439208
13.875	46.5	-0.00210228367722347
14.125	46.5	-0.00206958631305799
14.375	46.5	-0.00201554037286267
14.625	46.5	-0.00192636524997428
14.875	46.5	-0.0017793979975736
15.125	46.5	-0.00153738180228291
15.375	46.5	-0.0011391048202843
15.625	46.5	-0.000484096488315421
15.875	46.5	0.000592285141786931
16.125	46.5	0.00235912288395893
16.375	46.5	0.00525426546043746
16.625	46.5	0.00998502333927521
16.875	46.5	0.0176803373033378
17.125	46.5	0.0301063509133044
17.375	46.5	0.0499344361566845
17.625	46.5	0.0809782536131096
17.875	46.5	0.128149195628534
18.125	46.5	0.19661368403047
18.375	46.5	0.289518184703917
18.625	46.5	0.404448149469048
18.875	46.5	0.531073564138312
19.125	46.5	0.653764460185624
19.375	46.5	0.758757818805686
19.625	46.5	0.839631190927155
19.875	46.5	0.897136021675893
20.125	46.5	0.935790787322632
20.375	46.5	0.960820763921066
20.625	46.5	0.976643268270375
20.875	46.5	0.986495199316977
21.125	46.5	0.992572251739466
21.375	46.5	0.996299267749536
21.625	46.5	0.99857700942756
21.875	46.5	0.999966097494942
22.125	46.5	1.0008121884071
22.375	46.5	1.0013271926824
22.625	46.5	1.00164057930627
22.875	46.5	1.00183128382094
23.125	46.5	1.00194737128989
23.375	46.5	1.00201808680059
23.625	46.5	1.0020612161981
23.875	46.5	1.00208757319355
24.125	46.5	1.00210373138953
24.375	46.5	1.00211368647898
24.625	46.5	1.00211986709559
24.875	46.5	1.00212374938595
25.125	46.5	1.00212623059225
25.375	46.5	1.00212785612108
25.625	46.5	1.00212895755036
25.875	46.5	1.00212973650364
26.125	46.5	1.00213031562391
26.375	46.5	1.00213076955201
26.625	46.5	1.00213114375311
26.875	46.5	1.00213146595809
27.125	46.5	1.00213175311673
27.375	46.5	1.00213201562345
27.625	46.5	1.00213225988541
27.875	46.5	1.00213248988335
28.125	46.5	1.0021327081201
28.375	46.5	1.00213291619724
28.625	46.5	1.00213311516551
28.875	46.5	1.00213330573789
29.125	46.5	1.00213348841915
29.375	46.5	1.00213366358468
29.625	46.5	1.00213383152844
29.875	46.5	1.00213399249217
30.125	46.5	1.00213414668321
30.375	46.5	1.00213429428541
30.625	46.5	1.00213443546577
30.875	46.5	1.0021345703786
31.125	46.5	1.00213469916805
31.375	46.5	1.00213482196972
31.625	46.5	1.00213493891168
31.875	46.5	1.00213505011516
32.125	46.5	1.00213515569496
32.375	46.5	1.00213525575983
32.625	46.5	1.00213535041263
32.875	46.5	1.0021354397506
33.125	46.5	1.0021355238654
33.375	46.5	1.00213560284332
33.625	46.5	1.00213567676533
33.875	46.5	1.00213574570723
34.125	46.5	1.00213580973967
34.375	46.5	1.00213586892826
34.625	46.5	1.00213592333365
34.875	46.5	1.00213597301159
35.125	46.5	1.00213601801296
35.375	46.5	1.00213605838386
35.625	46.5	1.00213609416565
35.875	46.5	1.00213612539496
36.125	46.5	1.0021361521038
36.375	46.5	1.0021361743195
36.625	46.5	1.00213619206483
36.875	46.5	1.00213620535795
37.125	46.5	1.00213621421247
37.375	46.5	1.00213621863747
0.125	47.5	-0.0021467292647123
0.375	47.5	-0.00214673482270895
0.625	47.5	-0.00214674594346594
0.875	47.5	-0.00214676263651485
1.125	47.5	-0.0021467849161635
1.375	47.5	-0.00214681280150851
1.625	47.5	-0.00214684631645206
1.875	47.5	-0.0021468854897228
2.125	47.5	-0.00214693035490102
2.375	47.5	-0.00214698095044804
2.625	47.5	-0.00214703731973981
2.875	47.5	-0.00214709951110476
3.125	47.5	-0.00214716757786587
3.375	47.5	-0.00214724157838688
3.625	47.5	-0.0021473215761227
3.875	47.5	-0.00214740763967376
4.125	47.5	-0.00214749984284414
4.375	47.5	-0.0021475982647031
4.625	47.5	-0.00214770298964925
4.875	47.5	-0.00214781410747631
5.125	47.5	-0.00214793171343859
5.375	47.5	-0.00214805590831286
5.625	47.5	-0.00214818679845166
5.875	47.5	-0.00214832449581922
6.125	47.5	-0.00214846911799593
6.375	47.5	-0.00214862078812795
6.625	47.5	-0.00214877963478339
6.875	47.5	-0.00214894579165178
7.125	47.5	-0.00214911939698225
7.375	47.5	-0.00214930059258885
7.625	47.5	-0.00214948952214017
7.875	47.5	-0.00214968632826807
8.125	47.5	-0.00214989114773001
8.375	47.5	-0.00215010410336529
8.625	47.5	-0.00215032529077236
8.875	47.5	-0.00215055475629671
9.125	47.5	-0.00215079246071696
9.375	47.5	-0.00215103821939498
9.625	47.5	-0.00215129160369514
9.875	47.5	-0.00215155177867052
10.125	47.5	-0.00215181723587667
10.375	47.5	-0.00215208535361968
10.625	47.5	-0.00215235167325409
10.875	47.5	-0.00215260870825272
11.125	47.5	-0.0021528439844761
11.375	47.5	-0.00215303681542119
11.625	47.5	-0.00215315299594946
11.875	47.5	-0.00215313607099807
12.125	47.5	-0.00215289296865124
12.375	47.5	-0.00215227036019232
12.625	47.5	-0.00215101576225002
12.875	47.5	-0.00214871353386084
13.125	47.5	-0.00214467956718858
13.375	47.5	-0.00213778801839073
13.625	47.5	-0.0021261862348204
13.875	47.5	-0.00210682577167903
14.125	47.5	-0.00207469094738574
14.375	47.5	-0.00202153013300304
14.625	47.5	-0.00193376995177959
14.875	47.5	-0.00178908807754903
15.125	47.5	-0.00155078716193412
15.375	47.5	-0.00115857317796875
15.625	47.5	-0.00051347830962174
15.875	47.5	0.000546686893338784
16.125	47.5	0.00228702415101322
16.375	47.5	0.00513897713569302
16.625	47.5	0.00979970440092978
16.875	47.5	0.0173824599558909
17.125	47.5	0.029630198438285
17.375	47.5	0.0491826813638976
17.625	47.5	0.0798170358342852
17.875	47.5	0.126417950682634
18.125	47.5	0.194169272555184
18.375	47.5	0.286328086614441
18.625	47.5	0.400700085044781
18.875	47.5	0.527189282036134
19.125	47.5	0.650231806207014
19.375	47.5	0.755901280536777
19.625	47.5	0.837526883195143
19.875	47.5	0.895686407077759
20.125	47.5	0.93483615196734
20.375	47.5	0.960209841851011
20.625	47.5	0.976258940266263
20.875	47.5	0.986255591237196
21.125	47.5	0.992423306815225
21.375	47.5	0.996206463487833
21.625	47.5	0.998518729805092
21.875	47.5	0.999928967082315
22.125	47.5	1.00078798961996
22.375	47.5	1.0013108984252
22.625	47.5	1.0016291221356
22.875	47.5	1.00182279483152
23.125	47.5	1.00194071272496
23.375	47.5	1.00201256623128
23.625	47.5	1.00205641217751
23.875	47.5	1.00208322907141
24.125	47.5	1.00209969070027
24.375	47.5	1.00210985364885
24.625	47.5	1.00211618355575
24.875	47.5	1.0021201790542
25.125	47.5	1.00212275105037
25.375	47.5	1.00212445325371
25.625	47.5	1.00212562228767
25.875	47.5	1.00212646284232
26.125	47.5	1.00212709942489
26.375	47.5	1.00212760781015
26.625	47.5	1.00212803415361
26.875	47.5	1.00212840660708
27.125	47.5	1.00212874237778
27.375	47.5	1.00212905201828
27.625	47.5	1.0021293420337
27.875	47.5	1.0021296164662
28.125	47.5	1.00212987785796
28.375	47.5	1.0021301278365
28.625	47.5	1.00213036747045
28.875	47.5	1.0021305974858
29.125	47.5	1.0021308183974
29.375	47.5	1.00213103058894
29.625	47.5	1.00213123436164
29.875	47.5	1.00213142996384
30.125	47.5	1.00213161760909
30.375	47.5	1.00213179748719
30.625	47.5	1.00213196977094
30.875	47.5	1.00213213462026
31.125	47.5	1.00213229218485
31.375	47.5	1.00213244260572
31.625	47.5	1.00213258601625
31.875	47.5	1.00213272254285
32.125	47.5	1.00213285230538
32.375	47.5	1.00213297541751
32.625	47.5	1.0021330919869
32.875	47.5	1.00213320211536
33.125	47.5	1.00213330589902
33.375	47.5	1.00213340342844
33.625	47.5	1.00213349478868
33.875	47.5	1.00213358005939
34.125	47.5	1.00213365931492
34.375	47.5	1.00213373262435
34.625	47.5	1.00213380005157
34.875	47.5	1.00213386165534
35.125	47.5	1.00213391748936
35.375	47.5	1.00213396760226
35.625	47.5	1.00213401203771
35.875	47.5	1.00213405083443
36.125	47.5	1.00213408402621
36.375	47.5	1.00213411164197
36.625	47.5	1.00213413370576
36.875	47.5	1.00213415023682
37.125	47.5	1.00213416124953
37.375	47.5	1.00213416675348
0.125	48.5	-0.00214868754155476
0.375	48.5	-0.00214869408916925
0.625	48.5	-0.00214870718934522
0.875	48.5	-0.00214872685198026
1.125	48.5	-0.00214875309192993
1.375	48.5	-0.00214878592901861
1.625	48.5	-0.00214882538805418
1.875	48.5	-0.00214887149884622
2.125	48.5	-0.00214892429622791
2.375	48.5	-0.00214898382008164
2.625	48.5	-0.0021490501153682
2.875	48.5	-0.00214912323215971
3.125	48.5	-0.00214920322567612
3.375	48.5	-0.00214929015632533
3.625	48.5	-0.00214938408974682
3.875	48.5	-0.00214948509685862
4.125	48.5	-0.00214959325390751
4.375	48.5	-0.00214970864252182
4.625	48.5	-0.00214983134976637
4.875	48.5	-0.00214996146819828
5.125	48.5	-0.00215009909592178
5.375	48.5	-0.00215024433663897
5.625	48.5	-0.00215039729969125
5.875	48.5	-0.00215055810008303
6.125	48.5	-0.00215072685847361
6.375	48.5	-0.00215090370111423
6.625	48.5	-0.00215108875969231
6.875	48.5	-0.0021512821710202
7.125	48.5	-0.00215148407646577
7.375	48.5	-0.00215169462095524
7.625	48.5	-0.00215191395126976
7.875	48.5	-0.00215214221317703
8.125	48.5	-0.00215237954664346
8.375	48.5	-0.0021526260778852
8.625	48.5	-0.00215288190621492
8.875	48.5	-0.00215314708232274
9.125	48.5	-0.00215342157245962
9.375	48.5	-0.00215370519942134
9.625	48.5	-0.00215399754535661
9.875	48.5	-0.00215429779175613
10.125	48.5	-0.00215460445607389
10.375	48.5	-0.00215491495826037
10.625	48.5	-0.00215522490742267
10.875	48.5	-0.00215552692796753
11.125	48.5	-0.00215580872798756
11.375	48.5	-0.00215604992080086
11.625	48.5	-0.00215621679487694
11.875	48.5	-0.00215625370795894
12.125	48.5	-0.00215606892652755
12.375	48.5	-0.00215551132549811
12.625	48.5	-0.00215433204926974
12.875	48.5	-0.00215212142844883
13.125	48.5	-0.0021482051837703
13.375	48.5	-0.00214147364659949
13.625	48.5	-0.00213010078185292
13.875	48.5	-0.0021110819414678
14.125	48.5	-0.00207947349792755
14.375	48.5	-0.00202714234320628
14.625	48.5	-0.00194070999939367
14.875	48.5	-0.00179817449402142
15.125	48.5	-0.00156336466165996
15.375	48.5	-0.00117684971565409
15.625	48.5	-0.0005410753066471
15.875	48.5	0.000503840987586154
16.125	48.5	0.00221925524840361
16.375	48.5	0.00503058300263879
16.625	48.5	0.00962542304709482
16.875	48.5	0.0171022435577625
17.125	48.5	0.0291821048975433
17.375	48.5	0.0484748265221218
17.625	48.5	0.0787226835471813
17.875	48.5	0.124784239854887
18.125	48.5	0.191858063803105
18.375	48.5	0.283303598538112
18.625	48.5	0.397134261568465
18.875	48.5	0.523479477507616
19.125	48.5	0.646845131811065
19.375	48.5	0.753154138811839
19.625	48.5	0.835498397387722
19.875	48.5	0.894286777174249
20.125	48.5	0.933913496479544
20.375	48.5	0.959619043296041
20.625	48.5	0.975887178012238
20.875	48.5	0.986023820916646
21.125	48.5	0.992279273738105
21.375	48.5	0.996116771259415
21.625	48.5	0.998462458368326
21.875	48.5	0.999893168353211
22.125	48.5	1.00076470741933
22.375	48.5	1.00129526521117
22.625	48.5	1.00161816774374
22.875	48.5	1.00181470964697
23.125	48.5	1.00193439513978
23.375	48.5	1.00200734587954
23.625	48.5	1.00205188110524
23.875	48.5	1.00207913890809
24.125	48.5	1.00209589008878
24.375	48.5	1.00210625019431
24.625	48.5	1.00211272069344
24.875	48.5	1.00211682199029
25.125	48.5	1.00211947821816
25.375	48.5	1.00212125112222
25.625	48.5	1.00212248220741
25.875	48.5	1.00212337912899
26.125	48.5	1.00212406819528
26.375	48.5	1.00212462627507
26.625	48.5	1.00212510018849
26.875	48.5	1.00212551849124
27.125	48.5	1.00212589863619
27.375	48.5	1.00212625132558
27.625	48.5	1.00212658315602
27.875	48.5	1.00212689822593
28.125	48.5	1.00212719911248
28.375	48.5	1.00212748746532
28.625	48.5	1.0021277643675
28.875	48.5	1.00212803055484
29.125	48.5	1.00212828654929
29.375	48.5	1.00212853274004
29.625	48.5	1.00212876943285
29.875	48.5	1.00212899688012
30.125	48.5	1.00212921529915
30.375	48.5	1.00212942488334
30.625	48.5	1.002129625809
30.875	48.5	1.00212981823956
31.125	48.5	1.00213000232817
31.375	48.5	1.00213017821928
31.625	48.5	1.00213034604968
31.875	48.5	1.00213050594918
32.125	48.5	1.00213065804099
32.375	48.5	1.00213080244205
32.625	48.5	1.00213093926325
32.875	48.5	1.00213106860956
33.125	48.5	1.00213119058016
33.375	48.5	1.00213130526856
33.625	48.5	1.00213141276267
33.875	48.5	1.00213151314489
34.125	48.5	1.00213160649215
34.375	48.5	1.00213169287601
34.625	48.5	1.00213177236267
34.875	48.5	1.00213184501308
35.125	48.5	1.00213191088291
35.375	48.5	1.00213197002267
35.625	48.5	1.00213202247769
35.875	48.5	1.00213206828821
36.125	48.5	1.00213210748932
36.375	48.5	1.00213214011111
36.625	48.5	1.00213216617857
36.875	48.5	1.0021321857117
37.125	48.5	1.00213219872547
37.375	48.5	1.00213220522986
0.125	49.5	-0.00215053883646309
0.375	49.5	-0.00215054629268199
0.625	49.5	-0.00215056121019041
0.875	49.5	-0.0021505835991327
1.125	49.5	-0.00215061347473312
1.375	49.5	-0.00215065085730504
1.625	49.5	-0.00215069577226333
1.875	49.5	-0.00215074825013971
2.125	49.5	-0.00215080832660129
2.375	49.5	-0.00215087604247212
2.625	49.5	-0.00215095144375782
2.875	49.5	-0.00215103458167329
3.125	49.5	-0.00215112551267342
3.375	49.5	-0.00215122429848673
3.625	49.5	-0.00215133100615201
3.875	49.5	-0.00215144570805751
4.125	49.5	-0.00215156848198279
4.375	49.5	-0.0021516994111425
4.625	49.5	-0.0021518385842316
4.875	49.5	-0.00215198609547076
5.125	49.5	-0.00215214204465018
5.375	49.5	-0.00215230653716854
5.625	49.5	-0.0021524796840622
5.875	49.5	-0.00215266160201605
6.125	49.5	-0.00215285241334223
6.375	49.5	-0.00215305224590398
6.625	49.5	-0.00215326123294703
6.875	49.5	-0.0021534795127769
7.125	49.5	-0.00215370722818045
7.375	49.5	-0.00215394452542474
7.625	49.5	-0.00215419155255813
7.875	49.5	-0.00215444845656132
8.125	49.5	-0.00215471537860391
8.375	49.5	-0.00215499244618159
8.625	49.5	-0.00215527976011873
8.875	49.5	-0.00215557737312005
9.125	49.5	-0.00215588525441493
9.375	49.5	-0.00215620323151589
9.625	49.5	-0.00215653089431804
9.875	49.5	-0.0021568674372307
10.125	49.5	-0.002157211399343
10.375	49.5	-0.00215756023680862
10.625	49.5	-0.0021579096191553
10.875	49.5	-0.00215825227132734
11.125	49.5	-0.00215857606825705
11.375	49.5	-0.00215886089951572
11.625	49.5	-0.00215907351020371
11.875	49.5	-0.0021591590118692
12.125	49.5	-0.00215902691418412
12.375	49.5	-0.00215852814094579
12.625	49.5	-0.00215741721161073
12.875	49.5	-0.00215529001444636
13.125	49.5	-0.00215148141958368
13.375	49.5	-0.00214489681788658
13.625	49.5	-0.00213373495777016
13.875	49.5	-0.00211503197184044
14.125	49.5	-0.00208391132603047
14.375	49.5	-0.00203235027455648
14.625	49.5	-0.00194715182273961
14.875	49.5	-0.00180661230208021
15.125	49.5	-0.00157505051891156
15.375	49.5	-0.00119383954084909
15.625	49.5	-0.000566741315427195
15.875	49.5	0.000463977942206272
16.125	49.5	0.0021561852363021
16.375	49.5	0.0049296791831624
16.625	49.5	0.0094631464158135
16.875	49.5	0.0168412586204456
17.125	49.5	0.028764614433517
17.375	49.5	0.0478149662106692
17.625	49.5	0.0777017041377919
17.875	49.5	0.123258175478843
18.125	49.5	0.1896951772002
18.375	49.5	0.280465939149913
18.625	49.5	0.393777738674722
18.875	49.5	0.519974534034495
19.125	49.5	0.64363400195229
19.375	49.5	0.750541531718221
19.625	49.5	0.833564894110419
19.875	49.5	0.892950620596092
20.125	49.5	0.933031819165063
20.375	49.5	0.959054166073539
20.625	49.5	0.975531637248983
20.875	49.5	0.985802163973799
21.125	49.5	0.992141559266636
21.375	49.5	0.9960310584937
21.625	49.5	0.998408730652261
21.875	49.5	0.999859033695242
22.125	49.5	1.00074255027677
22.375	49.5	1.00128042610303
22.625	49.5	1.00160780338677
22.875	49.5	1.00180708774504
23.125	49.5	1.00192846119792
23.375	49.5	1.00200245825543
23.625	49.5	1.00204764937992
23.875	49.5	1.00207532544074
24.125	49.5	1.00209235011323
24.375	49.5	1.00210289538936
24.625	49.5	1.00210949703666
24.875	49.5	1.00211369629795
25.125	49.5	1.00211642996577
25.375	49.5	1.00211826747447
25.625	49.5	1.00211955499853
25.875	49.5	1.00212050302831
26.125	49.5	1.00212123959289
26.375	49.5	1.00212184260498
26.625	49.5	1.00212235951768
26.875	49.5	1.00212281927017
27.125	49.5	1.00212323954743
27.375	49.5	1.00212363119203
27.625	49.5	1.00212400088528
27.875	49.5	1.00212435277673
28.125	49.5	1.00212468947437
28.375	49.5	1.0021250126465
28.625	49.5	1.00212532338753
28.875	49.5	1.0021256224403
29.125	49.5	1.00212591033129
29.375	49.5	1.00212618745276
29.625	49.5	1.00212645411273
29.875	49.5	1.00212671056547
30.125	49.5	1.00212695702994
30.375	49.5	1.00212719370113
30.625	49.5	1.00212742075695
30.875	49.5	1.00212763836249
31.125	49.5	1.00212784667258
31.375	49.5	1.00212804583341
31.625	49.5	1.00212823598359
31.875	49.5	1.00212841725474
32.125	49.5	1.00212858977196
32.375	49.5	1.00212875365408
32.625	49.5	1.00212890901385
32.875	49.5	1.00212905595812
33.125	49.5	1.00212919458796
33.375	49.5	1.00212932499867
33.625	49.5	1.00212944727997
33.875	49.5	1.00212956151597
34.125	49.5	1.00212966778527
34.375	49.5	1.00212976616102
34.625	49.5	1.00212985671094
34.875	49.5	1.0021299394974
35.125	49.5	1.00213001457741
35.375	49.5	1.0021300820027
35.625	49.5	1.00213014181973
35.875	49.5	1.00213019406974
36.125	49.5	1.00213023878873
36.375	49.5	1.00213027600755
36.625	49.5	1.00213030575185
36.875	49.5	1.00213032804215
37.125	49.5	1.00213034289381
37.375	49.5	1.00213035031708
0.125	50.5	-0.00215226839214134
0.375	50.5	-0.00215227667406107
0.625	50.5	-0.00215229324304452
0.875	50.5	-0.00215231810938225
1.125	50.5	-0.00215235128851637
1.375	50.5	-0.00215239280104807
1.625	50.5	-0.00215244267274766
1.875	50.5	-0.00215250093456708
2.125	50.5	-0.00215256762265493
2.375	50.5	-0.00215264277837396
2.625	50.5	-0.00215272644832107
2.875	50.5	-0.00215281868434969
3.125	50.5	-0.00215291954359459
3.375	50.5	-0.00215302908849907
3.625	50.5	-0.00215314738684434
3.875	50.5	-0.00215327451178096
4.125	50.5	-0.00215341054186218
4.375	50.5	-0.00215355556107861
4.625	50.5	-0.00215370965889357
4.875	50.5	-0.00215387293027804
5.125	50.5	-0.00215404547574324
5.375	50.5	-0.00215422740136785
5.625	50.5	-0.00215441881881465
5.875	50.5	-0.00215461984532849
6.125	50.5	-0.00215483060370164
6.375	50.5	-0.00215505122218418
6.625	50.5	-0.00215528183430231
6.875	50.5	-0.00215552257852359
7.125	50.5	-0.00215577359766886
7.375	50.5	-0.00215603503790591
7.625	50.5	-0.00215630704705318
7.875	50.5	-0.00215658977174712
8.125	50.5	-0.00215688335273801
8.375	50.5	-0.00215718791710488
8.625	50.5	-0.00215750356539984
8.875	50.5	-0.0021578303504475
9.125	50.5	-0.00215816824241206
9.375	50.5	-0.00215851707126761
9.625	50.5	-0.00215887643208541
9.875	50.5	-0.00215924552913766
10.125	50.5	-0.00215962291932666
10.375	50.5	-0.00216000608995872
10.625	50.5	-0.00216039076394184
10.875	50.5	-0.00216076975647428
11.125	50.5	-0.00216113109373791
11.375	50.5	-0.00216145491726397
11.625	50.5	-0.00216170839019647
11.875	50.5	-0.00216183731580447
12.125	50.5	-0.00216175234622303
12.375	50.5	-0.00216130628982816
12.625	50.5	-0.00216025677222291
12.875	50.5	-0.00215820479828656
13.125	50.5	-0.00215449366322356
13.375	50.5	-0.00214804262691949
13.625	50.5	-0.00213707326374838
13.875	50.5	-0.00211865926736527
14.125	50.5	-0.00208798590135114
14.375	50.5	-0.00203713207195762
14.625	50.5	-0.00195306794506874
14.875	50.5	-0.00181436461530171
15.125	50.5	-0.00158579219933013
15.375	50.5	-0.00120946420884088
15.625	50.5	-0.000590355114430808
15.875	50.5	0.000427289446838386
16.125	50.5	0.00209812167186671
16.375	50.5	0.00483676337387312
16.625	50.5	0.00931368342528982
16.875	50.5	0.0166008215119333
17.125	50.5	0.0283798655959039
17.375	50.5	0.0472065565888366
17.625	50.5	0.0767596242771224
17.875	50.5	0.121848422621667
18.125	50.5	0.187693727375718
18.375	50.5	0.277833801032101
18.625	50.5	0.390654782946593
18.875	50.5	0.516702198927418
19.125	50.5	0.640625860712299
19.375	50.5	0.748087099040933
19.625	50.5	0.831744561784365
19.875	50.5	0.891690822670073
20.125	50.5	0.932199750455409
20.375	50.5	0.958520784327828
20.625	50.5	0.975195837135942
20.875	50.5	0.985592811929649
21.125	50.5	0.992011517751381
21.375	50.5	0.995950159402205
21.625	50.5	0.99835806062937
21.875	50.5	0.999826881034083
22.125	50.5	1.00072171654302
22.375	50.5	1.0012665067094
22.625	50.5	1.00159811051622
22.875	50.5	1.00179998382983
23.125	50.5	1.00192294944365
23.375	50.5	1.00199793217462
23.625	50.5	1.00204373999056
23.875	50.5	1.00207180819586
24.125	50.5	1.00208908826726
24.375	50.5	1.00209980555696
24.625	50.5	1.0021065282553
24.875	50.5	1.00211081730271
25.125	50.5	1.00211362145642
25.375	50.5	1.00211551741686
25.625	50.5	1.00211685576994
25.875	50.5	1.00211784968324
26.125	50.5	1.00211862880965
26.375	50.5	1.00211927204597
26.625	50.5	1.00211982744092
26.875	50.5	1.00212032429358
27.125	50.5	1.00212078050579
27.375	50.5	1.00212120705027
27.625	50.5	1.00212161068609
27.875	50.5	1.00212199560878
28.125	50.5	1.00212236445325
28.375	50.5	1.00212271890331
28.625	50.5	1.00212306006203
28.875	50.5	1.00212338867694
29.125	50.5	1.00212370527687
29.375	50.5	1.00212401025513
29.625	50.5	1.00212430392016
29.875	50.5	1.00212458652628
30.125	50.5	1.00212485829239
30.375	50.5	1.00212511941344
30.625	50.5	1.00212537006738
30.875	50.5	1.0021256104194
31.125	50.5	1.00212584062458
31.375	50.5	1.00212606082948
31.625	50.5	1.00212627117315
31.875	50.5	1.00212647178778
32.125	50.5	1.0021266627991
32.375	50.5	1.00212684432665
32.625	50.5	1.00212701648398
32.875	50.5	1.00212717937874
33.125	50.5	1.00212733311285
33.375	50.5	1.00212747778251
33.625	50.5	1.00212761347829
33.875	50.5	1.00212774028521
34.125	50.5	1.00212785828275
34.375	50.5	1.00212796754491
34.625	50.5	1.00212806814026
34.875	50.5	1.00212816013194
35.125	50.5	1.00212824357775
35.375	50.5	1.00212831853011
35.625	50.5	1.00212838503615
35.875	50.5	1.00212844313768
36.125	50.5	1.00212849287125
36.375	50.5	1.00212853426815
36.625	50.5	1.00212856735445
36.875	50.5	1.00212859215096
37.125	50.5	1.0021286086733
37.375	50.5	1.00212861693187
0.125	51.5	-0.00215386280629735
0.375	51.5	-0.00215387182994248
0.625	51.5	-0.00215388988240938
0.875	51.5	-0.00215391697405328
1.125	51.5	-0.00215395312041193
1.375	51.5	-0.00215399834221136
1.625	51.5	-0.0021540526653737
1.875	51.5	-0.00215411612102681
2.125	51.5	-0.00215418874551591
2.375	51.5	-0.00215427058041704
2.625	51.5	-0.00215436167255245
2.875	51.5	-0.0021544620740078
3.125	51.5	-0.00215457184215117
3.375	51.5	-0.00215469103965378
3.625	51.5	-0.00215481973451232
3.875	51.5	-0.00215495800007278
4.125	51.5	-0.00215510591505534
4.375	51.5	-0.00215526356358013
4.625	51.5	-0.00215543103519291
4.875	51.5	-0.00215560842488969
5.125	51.5	-0.00215579583313838
5.375	51.5	-0.00215599336589433
5.625	51.5	-0.00215620113460484
5.875	51.5	-0.00215641925619434
6.125	51.5	-0.00215664785301662
6.375	51.5	-0.002156887052752
6.625	51.5	-0.00215713698821259
6.875	51.5	-0.00215739779699553
7.125	51.5	-0.00215766962088496
7.375	51.5	-0.00215795260483967
7.625	51.5	-0.00215824689529814
7.875	51.5	-0.00215855263735932
8.125	51.5	-0.00215886997011288
8.375	51.5	-0.0021591990189236
8.625	51.5	-0.00215953988270325
8.875	51.5	-0.00215989261293404
9.125	51.5	-0.00216025717911914
9.375	51.5	-0.00216063341189922
9.625	51.5	-0.00216102090941926
9.875	51.5	-0.00216141888322571
10.125	51.5	-0.00216182590466402
10.375	51.5	-0.00216223948755562
10.625	51.5	-0.00216265540148241
10.875	51.5	-0.00216306654180221
11.125	51.5	-0.00216346107029162
11.375	51.5	-0.00216381935565047
11.625	51.5	-0.00216410893925172
11.875	51.5	-0.00216427625155819
12.125	51.5	-0.00216423298198102
12.375	51.5	-0.00216383365138182
12.625	51.5	-0.00216283870931617
12.875	51.5	-0.00216085381389554
13.125	51.5	-0.00215722992385627
13.375	51.5	-0.00215089891592096
13.625	51.5	-0.00214010313090902
13.875	51.5	-0.00212195043573538
14.125	51.5	-0.00209168231885341
14.375	51.5	-0.00204147017254959
14.625	51.5	-0.00195843625095781
14.875	51.5	-0.00182140163852481
15.125	51.5	-0.00159554707540861
15.375	51.5	-0.00122365977980012
15.625	51.5	-0.000611817508263239
15.875	51.5	0.000393932858590578
16.125	51.5	0.00204531766472413
16.375	51.5	0.00475224603219514
16.625	51.5	0.00917770255966376
16.875	51.5	0.0163820226013188
17.125	51.5	0.028029635250577
17.375	51.5	0.046652482036237
17.625	51.5	0.0759010862924246
17.875	51.5	0.120562327452605
18.125	51.5	0.185864972663169
18.375	51.5	0.275423483358026
18.625	51.5	0.387786930359582
18.875	51.5	0.513687538173777
19.125	51.5	0.637845894172509
19.375	51.5	0.745812807599511
19.625	51.5	0.830054453829957
19.875	51.5	0.89051953756857
20.125	51.5	0.931425462283972
20.375	51.5	0.958024188200725
20.625	51.5	0.97488312164011
20.875	51.5	0.985397848128361
21.125	51.5	0.991890436399103
21.375	51.5	0.995874866108603
21.625	51.5	0.998310935467974
21.875	51.5	0.999797010814031
22.125	51.5	1.0007023927794
22.375	51.5	1.00125362433149
22.625	51.5	1.00158916441374
22.875	51.5	1.00179344775526
23.125	51.5	1.00191789439325
23.375	51.5	1.00199379294413
23.625	51.5	1.00204017275251
23.875	51.5	1.00206860374886
24.125	51.5	1.00208611924738
24.375	51.5	1.00209699433475
24.625	51.5	1.00210382741987
24.875	51.5	1.0021081978005
25.125	51.5	1.00211106538339
25.375	51.5	1.00211301363902
25.625	51.5	1.00211439726254
25.875	51.5	1.00211543191446
26.125	51.5	1.00211624875879
26.375	51.5	1.00211692760727
26.625	51.5	1.00211751706154
26.875	51.5	1.00211804675395
27.125	51.5	1.00211853478636
27.375	51.5	1.00211899225083
27.625	51.5	1.00211942597688
27.875	51.5	1.00211984020105
28.125	51.5	1.00212023758156
28.375	51.5	1.00212061981485
28.625	51.5	1.00212098801042
28.875	51.5	1.00212134291852
29.125	51.5	1.00212168506861
29.375	51.5	1.00212201485351
29.625	51.5	1.00212233258056
29.875	51.5	1.00212263850275
30.125	51.5	1.00212293283761
30.375	51.5	1.00212321577876
30.625	51.5	1.00212348750295
30.875	51.5	1.00212374817432
31.125	51.5	1.00212399794705
31.375	51.5	1.00212423696695
31.625	51.5	1.00212446537249
31.875	51.5	1.00212468329539
32.125	51.5	1.00212489086107
32.375	51.5	1.00212508818885
32.625	51.5	1.00212527539216
32.875	51.5	1.00212545257864
33.125	51.5	1.00212561985025
33.375	51.5	1.00212577730331
33.625	51.5	1.00212592502856
33.875	51.5	1.00212606311123
34.125	51.5	1.00212619163104
34.375	51.5	1.00212631066227
34.625	51.5	1.00212642027376
34.875	51.5	1.00212652052896
35.125	51.5	1.00212661148593
35.375	51.5	1.00212669319741
35.625	51.5	1.00212676571077
35.875	51.5	1.00212682906809
36.125	51.5	1.00212688330617
36.375	51.5	1.0021269284565
36.625	51.5	1.0021269645453
36.875	51.5	1.00212699159357
37.125	51.5	1.00212700961702
37.375	51.5	1.00212701862612
0.125	52.5	-0.00215531004698326
0.375	52.5	-0.00215531972796698
0.625	52.5	-0.00215533909511229
0.875	52.5	-0.0021553681587764
1.125	52.5	-0.00215540693449864
1.375	52.5	-0.00215545544300461
1.625	52.5	-0.00215551371021183
1.875	52.5	-0.00215558176723664
2.125	52.5	-0.00215565965040253
2.375	52.5	-0.00215574740124976
2.625	52.5	-0.00215584506654637
2.875	52.5	-0.00215595269830033
3.125	52.5	-0.00215607035377304
3.375	52.5	-0.00215619809549388
3.625	52.5	-0.0021563359912758
3.875	52.5	-0.00215648411423176
4.125	52.5	-0.0021566425427917
4.375	52.5	-0.00215681136071966
4.625	52.5	-0.00215699065713027
4.875	52.5	-0.00215718052650353
5.125	52.5	-0.00215738106869593
5.375	52.5	-0.00215759238894497
5.625	52.5	-0.00215781459786197
5.875	52.5	-0.00215804781140509
6.125	52.5	-0.00215829215081906
6.375	52.5	-0.00215854774251959
6.625	52.5	-0.00215881471788618
6.875	52.5	-0.00215909321290366
7.125	52.5	-0.00215938336755434
7.375	52.5	-0.0021596853247994
7.625	52.5	-0.00215999922888404
7.875	52.5	-0.00216032522252938
8.125	52.5	-0.00216066344229261
8.375	52.5	-0.00216101401091253
8.625	52.5	-0.00216137702469488
8.875	52.5	-0.00216175253273568
9.125	52.5	-0.00216214050271452
9.375	52.5	-0.00216254076458978
9.625	52.5	-0.00216295291793272
9.875	52.5	-0.00216337617943224
10.125	52.5	-0.00216380913195415
10.375	52.5	-0.00216424931161531
10.625	52.5	-0.00216469252832128
10.875	52.5	-0.00216513174773528
11.125	52.5	-0.00216555525160924
11.375	52.5	-0.00216594361070384
11.625	52.5	-0.00216626470389672
11.875	52.5	-0.00216646552241667
12.125	52.5	-0.0021664586842186
12.375	52.5	-0.0021661002442918
12.625	52.5	-0.00216515318319978
12.875	52.5	-0.0021632273307674
13.125	52.5	-0.00215968051742305
13.375	52.5	-0.00215345593424537
13.625	52.5	-0.00214281454580911
13.875	52.5	-0.0021248948672757
14.125	52.5	-0.002094988813139
14.375	52.5	-0.00204535072367566
14.625	52.5	-0.00196323925701177
14.875	52.5	-0.00182769970799934
15.125	52.5	-0.00160428109965058
15.375	52.5	-0.00123637490149464
15.625	52.5	-0.000631048454495066
15.875	52.5	0.0003640356268179
16.125	52.5	0.00199797881885144
16.375	52.5	0.00467646138461966
16.625	52.5	0.00905574938779921
16.875	52.5	0.0161857540332587
17.125	52.5	0.0277153820598131
17.375	52.5	0.0461551215370644
17.625	52.5	0.075129945159898
17.875	52.5	0.119406048785374
18.125	52.5	0.184218472413191
18.375	52.5	0.273249042801198
18.625	52.5	0.385193077530847
18.875	52.5	0.510952925519061
19.125	52.5	0.635316924005442
19.375	52.5	0.743738798368731
19.625	52.5	0.828510338959961
19.875	52.5	0.889448067650889
20.125	52.5	0.930716581271312
20.375	52.5	0.957569325526228
20.625	52.5	0.974596622026175
20.875	52.5	0.985219224275681
21.125	52.5	0.991779520893828
21.375	52.5	0.995805919990613
21.625	52.5	0.998267810419703
21.875	52.5	0.999769703059558
22.125	52.5	1.00068475214186
22.375	52.5	1.00124188714595
22.625	52.5	1.0015810338523
22.875	52.5	1.00178752446939
23.125	52.5	1.0019133266438
23.375	52.5	1.00199006256382
23.625	52.5	1.00203696455825
23.875	52.5	1.00206572599806
24.125	52.5	1.00208345523452
24.375	52.5	1.00209447295506
24.625	52.5	1.00210140527455
24.875	52.5	1.00210584832081
25.125	52.5	1.00210877222169
25.375	52.5	1.00211076665311
25.625	52.5	1.00211219007606
25.875	52.5	1.00211326043484
26.125	52.5	1.00211411027714
26.375	52.5	1.00211482025172
26.625	52.5	1.00211543946546
26.875	52.5	1.00211599785452
27.125	52.5	1.00211651370252
27.375	52.5	1.00211699820929
27.625	52.5	1.00211745826743
27.875	52.5	1.00211789814956
28.125	52.5	1.00211832053378
28.375	52.5	1.00211872712679
28.625	52.5	1.00211911904258
28.875	52.5	1.00211949703261
29.125	52.5	1.00211986162566
29.375	52.5	1.00212021321291
29.625	52.5	1.00212055209952
29.875	52.5	1.00212087853616
30.125	52.5	1.00212119273801
30.375	52.5	1.00212149489647
30.625	52.5	1.0021217851862
30.875	52.5	1.00212206376943
31.125	52.5	1.00212233079862
31.375	52.5	1.00212258641804
31.625	52.5	1.0021228307648
31.875	52.5	1.00212306396943
32.125	52.5	1.00212328615629
32.375	52.5	1.00212349744381
32.625	52.5	1.00212369794463
32.875	52.5	1.00212388776576
33.125	52.5	1.00212406700859
33.375	52.5	1.00212423576899
33.625	52.5	1.00212439413732
33.875	52.5	1.00212454219852
34.125	52.5	1.00212468003206
34.375	52.5	1.00212480771204
34.625	52.5	1.00212492530717
34.875	52.5	1.00212503288078
35.125	52.5	1.0021251304909
35.375	52.5	1.00212521819019
35.625	52.5	1.00212529602603
35.875	52.5	1.00212536404049
36.125	52.5	1.00212542227035
36.375	52.5	1.00212547074713
36.625	52.5	1.00212550949708
36.875	52.5	1.00212553854119
37.125	52.5	1.00212555789519
37.375	52.5	1.00212556756956
0.125	53.5	-0.00215659945723772
0.375	53.5	-0.00215660971126669
0.625	53.5	-0.00215663022448136
0.875	53.5	-0.00215666100719617
1.125	53.5	-0.00215670207488501
1.375	53.5	-0.00215675344818391
1.625	53.5	-0.00215681515289457
1.875	53.5	-0.0021568872199888
2.125	53.5	-0.00215696968561374
2.375	53.5	-0.00215706259109795
2.625	53.5	-0.00215716598295823
2.875	53.5	-0.00215727991290723
3.125	53.5	-0.00215740443786169
3.375	53.5	-0.00215753961995132
3.625	53.5	-0.0021576855265281
3.875	53.5	-0.00215784223017586
4.125	53.5	-0.00215800980871987
4.375	53.5	-0.00215818834523597
4.625	53.5	-0.00215837792805852
4.875	53.5	-0.00215857865078599
5.125	53.5	-0.0021587906122824
5.375	53.5	-0.00215901391667153
5.625	53.5	-0.00215924867331894
5.875	53.5	-0.00215949499679368
6.125	53.5	-0.0021597530067964
6.375	53.5	-0.00216002282803193
6.625	53.5	-0.00216030458999043
6.875	53.5	-0.002160598426578
7.125	53.5	-0.00216090447549944
7.375	53.5	-0.00216122287723346
7.625	53.5	-0.00216155377333714
7.875	53.5	-0.00216189730364694
8.125	53.5	-0.00216225360166437
8.375	53.5	-0.00216262278695471
8.625	53.5	-0.00216300495263153
8.875	53.5	-0.00216340014475539
9.125	53.5	-0.00216380832842855
9.375	53.5	-0.00216422933199941
9.625	53.5	-0.00216466275524858
9.875	53.5	-0.00216510781830993
10.125	53.5	-0.00216556311307559
10.375	53.5	-0.00216602619414548
10.625	53.5	-0.0021664929057583
10.875	53.5	-0.0021669562742971
11.125	53.5	-0.00216740468597522
11.375	53.5	-0.0021678188883306
11.625	53.5	-0.0021681670563688
11.875	53.5	-0.00216839667420721
12.125	53.5	-0.00216842117683812
12.375	53.5	-0.00216809797005548
12.625	53.5	-0.00216719226390584
12.875	53.5	-0.00216531756387298
13.125	53.5	-0.00216183775590141
13.375	53.5	-0.0021557060024907
13.625	53.5	-0.00214519968232846
13.875	53.5	-0.00212748432330234
14.125	53.5	-0.00209789628502895
14.375	53.5	-0.00204876301801517
14.625	53.5	-0.00196746340710464
14.875	53.5	-0.00183324036745424
15.125	53.5	-0.00161196753158246
15.375	53.5	-0.00124756897448971
15.625	53.5	-0.000647984319022086
15.875	53.5	0.000337699515217628
16.125	53.5	0.0019562698529038
16.375	53.5	0.00460967792519973
16.625	53.5	0.0089482632815571
16.875	53.5	0.0160127362727474
17.125	53.5	0.0274382881526693
17.375	53.5	0.0457164126089895
17.625	53.5	0.074449362684055
17.875	53.5	0.118384687628282
18.125	53.5	0.182762245873367
18.375	53.5	0.271322453692992
18.625	53.5	0.382889592702468
18.875	53.5	0.508518059070606
19.125	53.5	0.633059328794628
19.375	53.5	0.741883255417789
19.625	53.5	0.827126566058526
19.875	53.5	0.888486751722038
20.125	53.5	0.93008010716051
20.375	53.5	0.957160746589878
20.625	53.5	0.974339221142915
20.875	53.5	0.985058738037628
21.125	53.5	0.991679881647484
21.375	53.5	0.99574400339699
21.625	53.5	0.998229103930621
21.875	53.5	0.999745214570087
22.125	53.5	1.00066895284424
22.375	53.5	1.0012313934345
22.625	53.5	1.00157378078499
22.875	53.5	1.00178225397508
23.125	53.5	1.00190927299187
23.375	53.5	1.00198675993417
23.625	53.5	1.00203412963253
23.875	53.5	1.00206318644222
24.125	53.5	1.00208110617901
24.375	53.5	1.00209225052842
24.625	53.5	1.00209927051409
24.875	53.5	1.00210377739407
25.125	53.5	1.00210675048431
25.375	53.5	1.00210878503838
25.625	53.5	1.00211024290155
25.875	53.5	1.00211134406993
26.125	53.5	1.0021122223338
26.375	53.5	1.00211295909305
26.625	53.5	1.00211360390739
26.875	53.5	1.00211418698485
27.125	53.5	1.00211472677114
27.375	53.5	1.00211523456177
27.625	53.5	1.00211571730481
27.875	53.5	1.00211617930418
28.125	53.5	1.00211662325474
28.375	53.5	1.00211705087129
28.625	53.5	1.00211746327085
28.875	53.5	1.00211786120494
29.125	53.5	1.00211824520078
29.375	53.5	1.00211861564711
29.625	53.5	1.00211897284626
29.875	53.5	1.00211931704591
30.125	53.5	1.00211964845835
30.375	53.5	1.00211996727216
30.625	53.5	1.00212027365936
30.875	53.5	1.00212056777974
31.125	53.5	1.00212084978351
31.375	53.5	1.00212111981289
31.625	53.5	1.00212137800311
31.875	53.5	1.00212162448304
32.125	53.5	1.00212185937552
32.375	53.5	1.0021220827976
32.625	53.5	1.00212229486074
32.875	53.5	1.00212249567082
33.125	53.5	1.0021226853283
33.375	53.5	1.00212286392819
33.625	53.5	1.00212303156011
33.875	53.5	1.00212318830833
34.125	53.5	1.00212333425175
34.375	53.5	1.00212346946398
34.625	53.5	1.00212359401327
34.875	53.5	1.00212370796261
35.125	53.5	1.00212381136968
35.375	53.5	1.0021239042869
35.625	53.5	1.00212398676139
35.875	53.5	1.00212405883505
36.125	53.5	1.00212412054449
36.375	53.5	1.00212417192111
36.625	53.5	1.00212421299104
36.875	53.5	1.0021242437752
37.125	53.5	1.00212426428927
37.375	53.5	1.00212427454369
0.125	54.5	-0.00215772175160964
0.375	54.5	-0.00215773249483999
0.625	54.5	-0.00215775398642229
0.875	54.5	-0.00215778623660019
1.125	54.5	-0.00215782926074033
1.375	54.5	-0.00215788307933357
1.625	54.5	-0.00215794771799673
1.875	54.5	-0.00215802320747473
2.125	54.5	-0.00215810958364304
2.375	54.5	-0.00215820688751055
2.625	54.5	-0.00215831516522268
2.875	54.5	-0.00215843446806484
3.125	54.5	-0.00215856485246596
3.375	54.5	-0.00215870638000223
3.625	54.5	-0.00215885911740074
3.875	54.5	-0.00215902313654295
4.125	54.5	-0.00215919851446756
4.375	54.5	-0.00215938533337245
4.625	54.5	-0.00215958368061498
4.875	54.5	-0.0021597936487093
5.125	54.5	-0.00216001533531911
5.375	54.5	-0.00216024884324258
5.625	54.5	-0.00216049428038463
5.875	54.5	-0.00216075175970858
6.125	54.5	-0.00216102139915366
6.375	54.5	-0.00216130332149708
6.625	54.5	-0.00216159765412458
6.875	54.5	-0.00216190452865112
7.125	54.5	-0.00216222408029511
7.375	54.5	-0.00216255644684767
7.625	54.5	-0.00216290176697605
7.875	54.5	-0.00216326017743191
8.125	54.5	-0.00216363180845844
8.375	54.5	-0.00216401677623439
8.625	54.5	-0.00216441517044347
8.875	54.5	-0.00216482703382376
9.125	54.5	-0.00216525232852169
9.375	54.5	-0.00216569088073504
9.625	54.5	-0.00216614228963303
9.875	54.5	-0.00216660577749817
10.125	54.5	-0.00216707994315333
10.375	54.5	-0.00216756235625263
10.625	54.5	-0.00216804888972476
10.875	54.5	-0.00216853262136378
11.125	54.5	-0.00216900202647958
11.375	54.5	-0.00216943800403073
11.625	54.5	-0.00216980898332405
11.875	54.5	-0.00217006287240623
12.125	54.5	-0.00217011380966749
12.375	54.5	-0.00216982036451054
12.625	54.5	-0.00216894966819556
12.875	54.5	-0.00216711839433551
13.125	54.5	-0.00216369564895464
13.375	54.5	-0.0021576431909745
13.625	54.5	-0.0021472525504421
13.875	54.5	-0.002129712544749
14.125	54.5	-0.00210039785317017
14.375	54.5	-0.00205169896072502
14.625	54.5	-0.00197109841023559
14.875	54.5	-0.00183800950330494
15.125	54.5	-0.00161858575011048
15.375	54.5	-0.00125721044473369
15.625	54.5	-0.000662575326684476
15.875	54.5	0.000315004518876123
16.125	54.5	0.00192032073836684
16.375	54.5	0.00455210814840881
16.625	54.5	0.00885559292203626
16.875	54.5	0.0158635427550443
17.125	54.5	0.0271992979093883
17.375	54.5	0.0453379110430452
17.625	54.5	0.0738618961064578
17.875	54.5	0.117502410482825
18.125	54.5	0.181502926437385
18.375	54.5	0.269653769365864
18.625	54.5	0.380890437772759
18.875	54.5	0.506399998389322
19.125	54.5	0.631090989336426
19.375	54.5	0.740262295940487
19.625	54.5	0.825915944569633
19.875	54.5	0.887644863593966
20.125	54.5	0.929522337748635
20.375	54.5	0.956802552884216
20.625	54.5	0.974113520139471
20.875	54.5	0.984918012107348
21.125	54.5	0.991592520933033
21.375	54.5	0.995689731891652
21.625	54.5	0.998195193064362
21.875	54.5	0.999723776296789
22.125	54.5	1.00065513672528
22.375	54.5	1.00122223087046
22.625	54.5	1.00156746006279
22.875	54.5	1.00177767130321
23.125	54.5	1.0019057565554
23.375	54.5	1.00198390106199
23.625	54.5	1.00203167978283
23.875	54.5	1.00206099445207
24.125	54.5	1.00207908007909
24.375	54.5	1.00209033432074
24.625	54.5	1.00209743005487
24.875	54.5	1.00210199181381
25.125	54.5	1.00210500697404
25.375	54.5	1.0021070756819
25.625	54.5	1.00210856275085
25.875	54.5	1.00210968997619
26.125	54.5	1.00211059223733
26.375	54.5	1.00211135159218
26.625	54.5	1.00211201799677
26.875	54.5	1.00211262189662
27.125	54.5	1.00211318187875
27.375	54.5	1.00211370932165
27.625	54.5	1.0021142112212
27.875	54.5	1.0021146919079
28.125	54.5	1.00211515409049
28.375	54.5	1.00211559949006
28.625	54.5	1.00211602922551
28.875	54.5	1.00211644404767
29.125	54.5	1.00211684448168
29.375	54.5	1.00211723091341
29.625	54.5	1.00211760364206
29.875	54.5	1.00211796291206
30.125	54.5	1.00211830893251
30.375	54.5	1.00211864188894
30.625	54.5	1.00211896195047
30.875	54.5	1.00211926927423
31.125	54.5	1.0021195640079
31.375	54.5	1.00211984629142
31.625	54.5	1.00212011625792
31.875	54.5	1.00212037403432
32.125	54.5	1.00212061974169
32.375	54.5	1.0021208534955
32.625	54.5	1.00212107540572
32.875	54.5	1.00212128557696
33.125	54.5	1.00212148410844
33.375	54.5	1.00212167109412
33.625	54.5	1.00212184662264
33.875	54.5	1.00212201077742
34.125	54.5	1.00212216363658
34.375	54.5	1.00212230527303
34.625	54.5	1.00212243575443
34.875	54.5	1.00212255514321
35.125	54.5	1.00212266349659
35.375	54.5	1.00212276086655
35.625	54.5	1.00212284729988
35.875	54.5	1.00212292283815
36.125	54.5	1.00212298751773
36.375	54.5	1.00212304136978
36.625	54.5	1.00212308442026
36.875	54.5	1.00212311668995
37.125	54.5	1.00212313819443
37.375	54.5	1.00212314894407
0.125	55.5	-0.00215866900703258
0.375	55.5	-0.00215868015628734
0.625	55.5	-0.00215870245987685
0.875	55.5	-0.00215873592796113
1.125	55.5	-0.00215878057578038
1.375	55.5	-0.00215883642365504
1.625	55.5	-0.00215890349698591
1.875	55.5	-0.00215898182625432
2.125	55.5	-0.00215907144702217
2.375	55.5	-0.00215917239993202
2.625	55.5	-0.00215928473070698
2.875	55.5	-0.00215940849015049
3.125	55.5	-0.00215954373414588
3.375	55.5	-0.00215969052365561
3.625	55.5	-0.00215984892471999
3.875	55.5	-0.00216001900845528
4.125	55.5	-0.00216020085105089
4.375	55.5	-0.00216039453376499
4.625	55.5	-0.00216060014291817
4.875	55.5	-0.00216081776988365
5.125	55.5	-0.00216104751107244
5.375	55.5	-0.00216128946791025
5.625	55.5	-0.00216154374680141
5.875	55.5	-0.00216181045907165
6.125	55.5	-0.00216208972087662
6.375	55.5	-0.00216238165305467
6.625	55.5	-0.00216268638088831
6.875	55.5	-0.00216300403371624
7.125	55.5	-0.00216333474430003
7.375	55.5	-0.00216367864778813
7.625	55.5	-0.00216403588001798
7.875	55.5	-0.00216440657473002
8.125	55.5	-0.00216479085899237
8.375	55.5	-0.00216518884568244
8.625	55.5	-0.00216560062112697
8.875	55.5	-0.00216602622477723
9.125	55.5	-0.00216646561577971
9.375	55.5	-0.00216691861798588
9.625	55.5	-0.00216738482948657
9.875	55.5	-0.0021678634737755
10.125	55.5	-0.00216835315486918
10.375	55.5	-0.00216885145439512
10.625	55.5	-0.00216935426865029
10.875	55.5	-0.00216985471779875
11.125	55.5	-0.00217034135105141
11.375	55.5	-0.00217079519342819
11.625	55.5	-0.00217118488641457
11.875	55.5	-0.0021714586922388
12.125	55.5	-0.00217153133744122
12.375	55.5	-0.00217126236487079
12.625	55.5	-0.00217042051352324
12.875	55.5	-0.00216862510870792
13.125	55.5	-0.00216524962610974
13.375	55.5	-0.00215926302109304
13.625	55.5	-0.00214896867089681
13.875	55.5	-0.00213157489077359
14.125	55.5	-0.00210248844139431
14.375	55.5	-0.00205415258085388
14.625	55.5	-0.00197413663565667
14.875	55.5	-0.00184199655745393
15.125	55.5	-0.00162412017578075
15.375	55.5	-0.0012652752579778
15.625	55.5	-0.000674783257699754
15.875	55.5	0.000296012399398843
16.125	55.5	0.00189023223557063
16.375	55.5	0.00450391732570068
16.625	55.5	0.00877801028697207
16.875	55.5	0.0157386221429389
17.125	55.5	0.0269991530480312
17.375	55.5	0.0450208451290839
17.625	55.5	0.0733695789924411
17.875	55.5	0.116762562970529
18.125	55.5	0.180445906094565
18.375	55.5	0.268251277631188
18.625	55.5	0.379207293327096
18.875	55.5	0.504613215048043
19.125	55.5	0.629427253704704
19.375	55.5	0.738889880050015
19.625	55.5	0.824889640828521
19.875	55.5	0.886930522003986
20.125	55.5	0.929048801356575
20.375	55.5	0.956498350670599
20.625	55.5	0.973921808174127
20.875	55.5	0.984798475106706
21.125	55.5	0.991518321129268
21.375	55.5	0.995643647163632
21.625	55.5	0.998166409318387
21.875	55.5	0.999705590946712
22.125	55.5	1.00064342794262
22.375	55.5	1.00121447587194
22.625	55.5	1.00156211918305
22.875	55.5	1.00177380649544
23.125	55.5	1.00190279689279
23.375	55.5	1.00198149925644
23.625	55.5	1.00202962463646
23.875	55.5	1.00205915752692
24.125	55.5	1.0020773832441
24.375	55.5	1.00208873001545
24.625	55.5	1.00209588929144
24.875	55.5	1.00210049688507
25.125	55.5	1.00210354702248
25.375	55.5	1.00210564400738
25.625	55.5	1.00210715517507
25.875	55.5	1.00210830384911
26.125	55.5	1.00210922583378
26.375	55.5	1.00211000374548
26.625	55.5	1.0021106878763
26.875	55.5	1.00211130887298
27.125	55.5	1.00211188544188
27.375	55.5	1.00211242903141
27.625	55.5	1.00211294667744
27.875	55.5	1.00211344273244
28.125	55.5	1.00211391991636
28.375	55.5	1.00211437995508
28.625	55.5	1.00211482396854
28.875	55.5	1.00211525270645
29.125	55.5	1.00211566669166
29.375	55.5	1.00211606630715
29.625	55.5	1.00211645184895
29.875	55.5	1.00211682355829
30.125	55.5	1.00211718164111
30.375	55.5	1.00211752627993
30.625	55.5	1.00211785764104
30.875	55.5	1.00211817587885
31.125	55.5	1.00211848113858
31.375	55.5	1.00211877355787
31.625	55.5	1.00211905326769
31.875	55.5	1.00211932039302
32.125	55.5	1.00211957505311
32.375	55.5	1.00211981736179
32.625	55.5	1.00212004742751
32.875	55.5	1.00212026535347
33.125	55.5	1.00212047123768
33.375	55.5	1.00212066517291
33.625	55.5	1.0021208472468
33.875	55.5	1.00212101754179
34.125	55.5	1.00212117613517
34.375	55.5	1.00212132309909
34.625	55.5	1.00212145850052
34.875	55.5	1.00212158240128
35.125	55.5	1.00212169485805
35.375	55.5	1.00212179592233
35.625	55.5	1.0021218856405
35.875	55.5	1.00212196405375
36.125	55.5	1.00212203119816
36.375	55.5	1.00212208710461
36.625	55.5	1.00212213179887
36.875	55.5	1.00212216530154
37.125	55.5	1.00212218762808
37.375	55.5	1.00212219878877
0.125	56.5	-0.00215943465034423
0.375	56.5	-0.00215944612320589
0.625	56.5	-0.00215946907396765
0.875	56.5	-0.00215950351270618
1.125	56.5	-0.00215954945453574
1.375	56.5	-0.00215960691960738
1.625	56.5	-0.00215967593310771
1.875	56.5	-0.00215975652525737
2.125	56.5	-0.00215984873130919
2.375	56.5	-0.00215995259154585
2.625	56.5	-0.00216006815127722
2.875	56.5	-0.00216019546083709
3.125	56.5	-0.00216033457557939
3.375	56.5	-0.00216048555587374
3.625	56.5	-0.00216064846710013
3.875	56.5	-0.00216082337964264
4.125	56.5	-0.00216101036888178
4.375	56.5	-0.00216120951518509
4.625	56.5	-0.00216142090389519
4.875	56.5	-0.00216164462531418
5.125	56.5	-0.00216188077468253
5.375	56.5	-0.00216212945214942
5.625	56.5	-0.00216239076272968
5.875	56.5	-0.00216266481623935
6.125	56.5	-0.00216295172719673
6.375	56.5	-0.00216325161466755
6.625	56.5	-0.00216356460201885
6.875	56.5	-0.0021638908165239
7.125	56.5	-0.00216423038872256
7.375	56.5	-0.00216458345138086
7.625	56.5	-0.0021649501377918
7.875	56.5	-0.00216533057899374
8.125	56.5	-0.00216572489920895
8.375	56.5	-0.00216613320835503
8.625	56.5	-0.00216655558974159
8.875	56.5	-0.00216699207984606
9.125	56.5	-0.00216744263505816
9.375	56.5	-0.00216790707698396
9.625	56.5	-0.00216838500247314
9.875	56.5	-0.00216887563560271
10.125	56.5	-0.00216937758415594
10.375	56.5	-0.00216988843895633
10.625	56.5	-0.00217040411463169
10.875	56.5	-0.00217091776491923
11.125	56.5	-0.00217141799790549
11.375	56.5	-0.00217188593935216
11.625	56.5	-0.00217229040061728
11.875	56.5	-0.00217257992780406
12.125	56.5	-0.00217266971917029
12.375	56.5	-0.00217242009862679
12.625	56.5	-0.00217160109549208
12.875	56.5	-0.00216983416358218
13.125	56.5	-0.00216649628642213
13.375	56.5	-0.00216056219680097
13.625	56.5	-0.00215034478339041
13.875	56.5	-0.00213306801544169
14.125	56.5	-0.00210416441064737
14.375	56.5	-0.00205611959693819
14.625	56.5	-0.00197657257687907
14.875	56.5	-0.00184519383198502
15.125	56.5	-0.00162855932157057
15.375	56.5	-0.00127174550166865
15.625	56.5	-0.000684579426968892
15.875	56.5	0.000280769782383565
16.125	56.5	0.00186608074116929
16.375	56.5	0.00446523118888626
16.625	56.5	0.00871572289889789
16.875	56.5	0.0156383178320943
17.125	56.5	0.0268384234218668
17.375	56.5	0.044766163385778
17.625	56.5	0.0729739927659107
17.875	56.5	0.116167771113976
18.125	56.5	0.179595465876403
18.375	56.5	0.267121644387223
18.625	56.5	0.377849679442593
18.875	56.5	0.503169649945794
19.125	56.5	0.6280809176734
19.375	56.5	0.737777738600635
19.625	56.5	0.824057090368792
19.875	56.5	0.886350612644233
20.125	56.5	0.928664197678724
20.375	56.5	0.956251210030844
20.625	56.5	0.973766035600323
20.875	56.5	0.984701344642014
21.125	56.5	0.991458034278268
21.375	56.5	0.99560621072494
21.625	56.5	0.998143034904964
21.875	56.5	0.999690830854222
22.125	56.5	1.00063393181438
22.375	56.5	1.00120819303048
22.625	56.5	1.00155779807023
22.875	56.5	1.00177068459371
23.125	56.5	1.00190041011399
23.375	56.5	1.00197956530892
23.625	56.5	1.00202797185714
23.875	56.5	1.00205768152873
24.125	56.5	1.00207602053451
24.375	56.5	1.00208744195258
24.625	56.5	1.0020946523307
24.875	56.5	1.0020992966515
25.125	56.5	1.00210237470868
25.375	56.5	1.002104494185
25.625	56.5	1.00210602446519
25.875	56.5	1.00210719011467
26.125	56.5	1.00210812768904
26.375	56.5	1.0021089202582
26.625	56.5	1.00210961838698
26.875	56.5	1.00211025288519
27.125	56.5	1.00211084255582
27.375	56.5	1.00211139890366
27.625	56.5	1.00211192899667
27.875	56.5	1.00211243720482
28.125	56.5	1.00211292625674
28.375	56.5	1.00211339788185
28.625	56.5	1.00211385320058
28.875	56.5	1.00211429296139
29.125	56.5	1.00211471768492
29.375	56.5	1.00211512775147
29.625	56.5	1.00211552345421
29.875	56.5	1.00211590503145
30.125	56.5	1.00211627268628
30.375	56.5	1.00211662659851
30.625	56.5	1.00211696693182
30.875	56.5	1.00211729383822
31.125	56.5	1.00211760746066
31.375	56.5	1.00211790793465
31.625	56.5	1.00211819538924
31.875	56.5	1.00211846994757
32.125	56.5	1.00211873172724
32.375	56.5	1.00211898084053
32.625	56.5	1.00211921739449
32.875	56.5	1.00211944149103
33.125	56.5	1.00211965322694
33.375	56.5	1.00211985269395
33.625	56.5	1.00212003997868
33.875	56.5	1.00212021516267
34.125	56.5	1.00212037832243
34.375	56.5	1.00212052952932
34.625	56.5	1.00212066884968
34.875	56.5	1.00212079634473
35.125	56.5	1.00212091207061
35.375	56.5	1.00212101607836
35.625	56.5	1.00212110841393
35.875	56.5	1.00212118911817
36.125	56.5	1.00212125822684
36.375	56.5	1.00212131577056
36.625	56.5	1.00212136177489
36.875	56.5	1.00212139626026
37.125	56.5	1.00212141924199
37.375	56.5	1.00212143073031
0.125	57.5	-0.00216001344451741
0.375	57.5	-0.00216002515931213
0.625	57.5	-0.00216004859390398
0.875	57.5	-0.00216008375829731
1.125	57.5	-0.00216013066749728
1.375	57.5	-0.0021601893415083
1.625	57.5	-0.00216025980533175
1.875	57.5	-0.00216034208896329
2.125	57.5	-0.00216043622738935
2.375	57.5	-0.00216054226058318
2.625	57.5	-0.00216066023349998
2.875	57.5	-0.00216079019607148
3.125	57.5	-0.0021609322031995
3.375	57.5	-0.00216108631474867
3.625	57.5	-0.00216125259553805
3.875	57.5	-0.00216143111533141
4.125	57.5	-0.00216162194882596
4.375	57.5	-0.00216182517563898
4.625	57.5	-0.00216204088029164
4.875	57.5	-0.00216226915218894
5.125	57.5	-0.00216251008559375
5.375	57.5	-0.00216276377959211
5.625	57.5	-0.00216303033804488
5.875	57.5	-0.00216330986951769
6.125	57.5	-0.00216360248717634
6.375	57.5	-0.00216390830862598
6.625	57.5	-0.00216422745565939
6.875	57.5	-0.00216456005385619
7.125	57.5	-0.00216490623193852
7.375	57.5	-0.00216526612072701
7.625	57.5	-0.00216563985144055
7.875	57.5	-0.00216602755291776
8.125	57.5	-0.00216642934706588
8.375	57.5	-0.00216684534139449
8.625	57.5	-0.00216727561675456
8.875	57.5	-0.00216772020718983
9.125	57.5	-0.00216817906681183
9.375	57.5	-0.00216865201532507
9.625	57.5	-0.00216913864842489
9.875	57.5	-0.00216963819039783
10.125	57.5	-0.00217014925162245
10.375	57.5	-0.00217066942959215
10.625	57.5	-0.0021711946524659
10.875	57.5	-0.00217171809896627
11.125	57.5	-0.0021722284211848
11.375	57.5	-0.00217270682036432
11.625	57.5	-0.00217312223532384
11.875	57.5	-0.00217342342535184
12.125	57.5	-0.00217352594314511
12.375	57.5	-0.00217329069967854
12.625	57.5	-0.00217248869429975
12.875	57.5	-0.00217074298117148
13.125	57.5	-0.00216743318143015
13.375	57.5	-0.00216153837220994
13.625	57.5	-0.00215137859450341
13.875	57.5	-0.00213418958907954
14.125	57.5	-0.00210542324257747
14.375	57.5	-0.00205759704461141
14.625	57.5	-0.00197840239354176
14.875	57.5	-0.00184759589655923
15.125	57.5	-0.00163189498594711
15.375	57.5	-0.00127660825279413
15.625	57.5	-0.000691942972470769
15.875	57.5	0.000269310778351509
16.125	57.5	0.00184792238734432
16.375	57.5	0.00443614242605571
16.625	57.5	0.00866888418218711
16.875	57.5	0.0155628844554657
17.125	57.5	0.0267175331126832
17.375	57.5	0.0445745750938492
17.625	57.5	0.072676327695065
17.875	57.5	0.115720028238518
18.125	57.5	0.178954888970897
18.375	57.5	0.266270040383766
18.625	57.5	0.376825065987549
18.875	57.5	0.502078771228961
19.125	57.5	0.627062216178688
19.375	57.5	0.736935317085918
19.625	57.5	0.823425925944804
19.875	57.5	0.885910722801169
20.125	57.5	0.928372347668414
20.375	57.5	0.956063629968342
20.625	57.5	0.973647791035781
20.875	57.5	0.984627612784678
21.125	57.5	0.99141227312713
21.375	57.5	0.995577798501107
21.625	57.5	0.998125299558517
21.875	57.5	0.999679636154366
22.125	57.5	1.0006267338262
22.375	57.5	1.00120343462274
22.625	57.5	1.00155452889046
22.875	57.5	1.00176832563448
23.125	57.5	1.00189860897942
23.375	57.5	1.00197810765112
23.625	57.5	1.00202672733479
23.875	57.5	1.00205657088702
24.125	57.5	1.00207499557204
24.375	57.5	1.00208647333823
24.625	57.5	1.00209372219731
24.875	57.5	1.00209839409463
25.125	57.5	1.00210149305133
25.375	57.5	1.00210362931576
25.625	57.5	1.00210517382862
25.875	57.5	1.00210635209801
26.125	57.5	1.00210730124978
26.375	57.5	1.00210810469791
26.625	57.5	1.00210881321407
26.875	57.5	1.00210945773163
27.125	57.5	1.0021100571267
27.375	57.5	1.00211062294663
27.625	57.5	1.00211116228351
27.875	57.5	1.00211167952034
28.125	57.5	1.00211217739216
28.375	57.5	1.00211265763086
28.625	57.5	1.002113121357
28.875	57.5	1.0021135693179
29.125	57.5	1.00211400203235
29.375	57.5	1.0021144198784
29.625	57.5	1.00211482314687
29.875	57.5	1.00211521207368
30.125	57.5	1.00211558685961
30.375	57.5	1.00211594768222
30.625	57.5	1.00211629470309
30.875	57.5	1.00211662807222
31.125	57.5	1.00211694793071
31.375	57.5	1.00211725441234
31.625	57.5	1.00211754764452
31.875	57.5	1.00211782774892
32.125	57.5	1.00211809484176
32.375	57.5	1.00211834903402
32.625	57.5	1.00211859043158
32.875	57.5	1.00211881913526
33.125	57.5	1.00211903524087
33.375	57.5	1.0021192388392
33.625	57.5	1.00211943001606
33.875	57.5	1.00211960885223
34.125	57.5	1.00211977542349
34.375	57.5	1.00211992980062
34.625	57.5	1.00212007204936
34.875	57.5	1.00212020223044
35.125	57.5	1.00212032039952
35.375	57.5	1.00212042660725
35.625	57.5	1.00212052089923
35.875	57.5	1.00212060331599
36.125	57.5	1.002120673893
36.375	57.5	1.00212073266069
36.625	57.5	1.00212077964442
36.875	57.5	1.00212081486446
37.125	57.5	1.00212083833603
37.375	57.5	1.00212085006928
0.125	58.5	-0.00216040147539494
0.375	58.5	-0.00216041335108735
0.625	58.5	-0.0021604371074482
0.875	58.5	-0.0021604727544289
1.125	58.5	-0.00216052030695483
1.375	58.5	-0.00216057978492316
1.625	58.5	-0.00216065121320001
1.875	58.5	-0.00216073462161675
2.125	58.5	-0.00216083004496565
2.375	58.5	-0.00216093752299453
2.625	58.5	-0.00216105710040067
2.875	58.5	-0.0021611888268237
3.125	58.5	-0.00216133275683751
3.375	58.5	-0.00216148894994102
3.625	58.5	-0.00216165747054766
3.875	58.5	-0.00216183838797341
4.125	58.5	-0.00216203177642302
4.375	58.5	-0.00216223771497398
4.625	58.5	-0.00216245628755748
4.875	58.5	-0.00216268758293527
5.125	58.5	-0.00216293169467051
5.375	58.5	-0.0021631887210896
5.625	58.5	-0.00216345876523023
5.875	58.5	-0.00216374193476761
6.125	58.5	-0.0021640383419059
6.375	58.5	-0.00216434810321354
6.625	58.5	-0.00216467133936751
6.875	58.5	-0.00216500817474885
7.125	58.5	-0.00216535873679503
7.375	58.5	-0.00216572315495351
7.625	58.5	-0.00216610155898075
7.875	58.5	-0.00216649407616565
8.125	58.5	-0.00216690082678529
8.375	58.5	-0.0021673219166535
8.625	58.5	-0.00216775742488807
8.875	58.5	-0.00216820738381265
9.125	58.5	-0.00216867174591879
9.375	58.5	-0.0021691503295388
9.625	58.5	-0.00216964272949109
9.875	58.5	-0.00217014817009229
10.125	58.5	-0.00217066526334057
10.375	58.5	-0.00217119161106648
10.625	58.5	-0.00217172315034471
10.875	58.5	-0.00217225307645991
11.125	58.5	-0.00217277007076505
11.375	58.5	-0.00217325538478338
11.625	58.5	-0.00217367804232802
11.875	58.5	-0.0021739869449332
12.125	58.5	-0.00217409788188134
12.375	58.5	-0.00217387215609964
12.625	58.5	-0.00217308141466615
12.875	58.5	-0.00217134978045752
13.125	58.5	-0.00216805863610367
13.375	58.5	-0.00216218996014274
13.625	58.5	-0.00215206857038615
13.875	58.5	-0.00213493806952313
14.125	58.5	-0.00210626328032581
14.375	58.5	-0.00205858297224718
14.625	58.5	-0.00197962353790012
14.875	58.5	-0.00184919910643711
15.125	58.5	-0.00163412159799381
15.375	58.5	-0.00127985464452411
15.625	58.5	-0.00069685947055059
15.875	58.5	0.000261659101179179
16.125	58.5	0.0018357963533018
16.375	58.5	0.00441671592815449
16.625	58.5	0.0086376018291788
16.875	58.5	0.0155125012219513
17.125	58.5	0.0266367815412523
17.375	58.5	0.0444465831501211
17.625	58.5	0.0724774324791343
17.875	58.5	0.115420765995
18.125	58.5	0.17852655394474
18.375	58.5	0.265700247152409
18.625	58.5	0.376138967155915
18.875	58.5	0.501347627433347
19.125	58.5	0.626378821834085
19.375	58.5	0.736369733643901
19.625	58.5	0.823001920829096
19.875	58.5	0.885615088902617
20.125	58.5	0.928176152950293
20.375	58.5	0.955937510000855
20.625	58.5	0.97356828264296
20.875	58.5	0.9845780341983
21.125	58.5	0.991381503795429
21.375	58.5	0.995558696401206
21.625	58.5	0.998113377920705
21.875	58.5	0.999672113287137
22.125	58.5	1.00062189881886
22.375	58.5	1.00120024021193
22.625	58.5	1.00155233590139
22.875	58.5	1.00176674464592
23.125	58.5	1.00189740298314
23.375	58.5	1.00197713248687
23.625	58.5	1.00202589534349
23.875	58.5	1.0020558287693
24.125	58.5	1.00207431091439
24.375	58.5	1.00208582641876
24.625	58.5	1.00209310100449
24.875	58.5	1.00209779129971
25.125	58.5	1.00210090416874
25.375	58.5	1.00210305158533
25.625	58.5	1.00210460553654
25.875	58.5	1.00210579216438
26.125	58.5	1.00210674897808
26.375	58.5	1.00210755962292
26.625	58.5	1.00210827500955
26.875	58.5	1.00210892615431
27.125	58.5	1.00210953198237
27.375	58.5	1.0021101040696
27.625	58.5	1.0021106495242
27.875	58.5	1.00211117273783
28.125	58.5	1.00211167644972
28.375	58.5	1.0021121623933
28.625	58.5	1.00211263168916
28.875	58.5	1.00211308508374
29.125	58.5	1.00211352309447
29.375	58.5	1.00211394609784
29.625	58.5	1.00211435438297
29.875	58.5	1.00211474818412
30.125	58.5	1.00211512770041
30.375	58.5	1.00211549310781
30.625	58.5	1.00211584456641
30.875	58.5	1.00211618222482
31.125	58.5	1.00211650622281
31.375	58.5	1.00211681669292
31.625	58.5	1.00211711376142
31.875	58.5	1.00211739754891
32.125	58.5	1.00211766817062
32.375	58.5	1.00211792573662
32.625	58.5	1.00211817035196
32.875	58.5	1.00211840211667
33.125	58.5	1.00211862112584
33.375	58.5	1.00211882746961
33.625	58.5	1.00211902123318
33.875	58.5	1.0021192024968
34.125	58.5	1.00211937133573
34.375	58.5	1.0021195278203
34.625	58.5	1.00211967201585
34.875	58.5	1.00211980398271
35.125	58.5	1.00211992377623
35.375	58.5	1.00212003144677
35.625	58.5	1.00212012703964
35.875	58.5	1.00212021059517
36.125	58.5	1.00212028214862
36.375	58.5	1.00212034173027
36.625	58.5	1.00212038936531
36.875	58.5	1.00212042507393
37.125	58.5	1.00212044887127
37.375	58.5	1.00212046076742
0.125	59.5	-0.00216059614040703
0.375	59.5	-0.00216060809642627
0.625	59.5	-0.00216063201342688
0.875	59.5	-0.0021606679013324
1.125	59.5	-0.00216071577502614
1.375	59.5	-0.00216077565434882
1.625	59.5	-0.00216084756409534
1.875	59.5	-0.00216093153401064
2.125	59.5	-0.00216102759878485
2.375	59.5	-0.00216113579804734
2.625	59.5	-0.00216125617635989
2.875	59.5	-0.00216138878320884
3.125	59.5	-0.0021615336729961
3.375	59.5	-0.00216169090502891
3.625	59.5	-0.00216186054350836
3.875	59.5	-0.00216204265751617
4.125	59.5	-0.0021622373209997
4.375	59.5	-0.00216244461275455
4.625	59.5	-0.00216266461640413
4.875	59.5	-0.00216289742037493
5.125	59.5	-0.00216314311786574
5.375	59.5	-0.00216340180680777
5.625	59.5	-0.00216367358981086
5.875	59.5	-0.00216395857408784
6.125	59.5	-0.00216425687134394
6.375	59.5	-0.00216456859761022
6.625	59.5	-0.00216489387298574
6.875	59.5	-0.00216523282123127
7.125	59.5	-0.00216558556911995
7.375	59.5	-0.00216595224538966
7.625	59.5	-0.00216633297904154
7.875	59.5	-0.00216672789656455
8.125	59.5	-0.00216713711739448
8.375	59.5	-0.00216756074646998
8.625	59.5	-0.00216799886201392
8.875	59.5	-0.00216845149546039
9.125	59.5	-0.00216891859846043
9.375	59.5	-0.00216939998862875
9.625	59.5	-0.00216989526031285
9.875	59.5	-0.00217040363781137
10.125	59.5	-0.00217092373389888
10.375	59.5	-0.00217145315254135
10.625	59.5	-0.00217198783523952
10.875	59.5	-0.0021725209855302
11.125	59.5	-0.00217304129937387
11.375	59.5	-0.00217353005342103
11.625	59.5	-0.00217395631398651
11.875	59.5	-0.00217426905376198
12.125	59.5	-0.00217438418040713
12.375	59.5	-0.00217416319299273
12.625	59.5	-0.00217337806276644
12.875	59.5	-0.00217165344749206
13.125	59.5	-0.00216837161144821
13.375	59.5	-0.0021625159853879
13.625	59.5	-0.00215241377804898
13.875	59.5	-0.00213531252724742
14.125	59.5	-0.00210668353069836
14.375	59.5	-0.00205907620910289
14.625	59.5	-0.00198023447084642
14.875	59.5	-0.0018500012367431
15.125	59.5	-0.00163523572134862
15.375	59.5	-0.00128147916021961
15.625	59.5	-0.00069931988966622
15.875	59.5	0.000257829667542195
16.125	59.5	0.00182972736438957
16.375	59.5	0.00440699274776231
16.625	59.5	0.00862194411332896
16.875	59.5	0.0154872819857816
17.125	59.5	0.0265963594165806
17.375	59.5	0.0443825089248594
17.625	59.5	0.0723778518561029
17.875	59.5	0.115270908437493
18.125	59.5	0.178312006177183
18.375	59.5	0.265414739027337
18.625	59.5	0.375795016030481
18.875	59.5	0.500980891378863
19.125	59.5	0.62603584705411
19.375	59.5	0.736085749358637
19.625	59.5	0.822788946876413
19.875	59.5	0.885466557125517
20.125	59.5	0.928077565111889
20.375	59.5	0.955874128580582
20.625	59.5	0.973528323875453
20.875	59.5	0.984553117086076
21.125	59.5	0.991366040180093
21.375	59.5	0.995549096936149
21.625	59.5	0.998107387544003
21.875	59.5	0.999668333855715
22.125	59.5	1.00061947036854
22.375	59.5	1.00119863634427
22.625	59.5	1.00155123533844
22.875	59.5	1.00176595164696
23.125	59.5	1.00189679841753
23.375	59.5	1.00197664389409
23.625	59.5	1.00202547866333
23.875	59.5	1.00205545721254
24.125	59.5	1.00207396819005
24.375	59.5	1.00208550261534
24.625	59.5	1.00209279008601
24.875	59.5	1.00209748958399
25.125	59.5	1.00210060940268
25.375	59.5	1.00210276238305
25.625	59.5	1.00210432103809
25.875	59.5	1.00210551182837
26.125	59.5	1.0021064724558
26.375	59.5	1.0021072866819
26.625	59.5	1.00210800548711
26.875	59.5	1.00210865992946
27.125	59.5	1.00210926895873
27.375	59.5	1.0021098441651
27.625	59.5	1.00211039266483
27.875	59.5	1.0021109188539
28.125	59.5	1.00211142547361
28.375	59.5	1.00211191425815
28.625	59.5	1.00211238632806
28.875	59.5	1.00211284242935
29.125	59.5	1.00211328307871
29.375	59.5	1.00211370865183
29.625	59.5	1.00211411943695
29.875	59.5	1.00211451566746
30.125	59.5	1.00211489754162
30.375	59.5	1.00211526523461
30.625	59.5	1.00211561890573
30.875	59.5	1.00211595870286
31.125	59.5	1.00211628476509
31.375	59.5	1.00211659722431
31.625	59.5	1.00211689620621
31.875	59.5	1.00211718183082
32.125	59.5	1.00211745421288
32.375	59.5	1.00211771346197
32.625	59.5	1.0021179596827
32.875	59.5	1.0021181929747
33.125	59.5	1.00211841343269
33.375	59.5	1.00211862114646
33.625	59.5	1.00211881620089
33.875	59.5	1.00211899867595
34.125	59.5	1.00211916864665
34.375	59.5	1.00211932618306
34.625	59.5	1.0021194713503
34.875	59.5	1.00211960420853
35.125	59.5	1.00211972481292
35.375	59.5	1.00211983321366
35.625	59.5	1.00211992945593
35.875	59.5	1.00212001357994
36.125	59.5	1.00212008562085
36.375	59.5	1.00212014560884
36.625	59.5	1.00212019356904
36.875	59.5	1.00212022952158
37.125	59.5	1.00212025348156
37.375	59.5	1.00212026545903
