x	y	$\phi$	X Velocity	Y Velocity	pressure	$\beta$
0.125	0.5	6.30273490939674e-07	0.8	-0.00972042474992581	58.5858870207309	0.890000069330084
0.375	0.5	-4.43083724624448e-06	0.749552394713433	0.00297485672946937	58.4314618274513	0.889999512607903
0.625	0.5	-1.56903596438915e-05	0.804306607308127	0.00200635786392139	58.2523363877484	0.889998274060439
0.875	0.5	-3.40346357527992e-05	0.803043952866859	0.00136076723325381	58.0735460812946	0.889996256190067
1.125	0.5	-5.91671269805303e-05	0.802185707812363	0.000928042830697803	57.894983331949	0.889993491616032
1.375	0.5	-8.8718163968562e-05	0.801599235662639	0.000636231723992873	57.7165760517901	0.889990241001963
1.625	0.5	-0.000117397153786089	0.801196572517633	0.000438125921027376	57.5382755834887	0.889987086313083
1.875	0.5	-0.000136263045585766	0.800919109700972	0.00030263820556093	57.3600487502288	0.889985011064986
2.125	0.5	-0.000132216585733036	0.800727595472746	0.000209216002997546	57.1818725821435	0.889985456175569
2.375	0.5	-8.78154367364202e-05	0.800595592534008	0.000144213700231577	57.0037307930749	0.889990340301959
2.625	0.5	1.8511509708686e-05	0.800505182821151	9.85302469408662e-05	56.8256114102337	0.890002036266068
2.875	0.5	0.000211815082807852	0.800444138073398	6.6066116684216e-05	56.647505171712	0.890023299659109
3.125	0.5	0.000519556340134087	0.800404049477709	4.27121817529554e-05	56.4694044437678	0.890057151197415
3.375	0.5	0.00097018200820697	0.800379086931381	2.56848121460929e-05	56.2913024976853	0.890106720020903
3.625	0.5	0.00159145488655008	0.800365173024855	1.30869692107458e-05	56.113193041864	0.890175060037521
3.875	0.5	0.00240868110987082	0.800359431092156	3.61725920988424e-06	55.935069939729	0.890264954922086
4.125	0.5	0.00344299110907226	0.800359814946035	-3.62383304278453e-06	55.7569270654622	0.890378729021998
4.375	0.5	0.00470982768750305	0.800364859410293	-9.26366812991191e-06	55.578758262354	0.890518081045625
4.625	0.5	0.00621777398679979	0.800373511405158	-1.37448256336532e-05	55.4005573761153	0.890683955138548
4.875	0.5	0.00796781956343062	0.800385014939424	-1.73843776600446e-05	55.2223183400142	0.890876460151977
5.125	0.5	0.00995311915660884	0.800398832373653	-2.04144612287753e-05	55.0440352917061	0.891094843107227
5.375	0.5	0.0121592516812073	0.800414590326922	-2.30103771083357e-05	54.8657027040617	0.891337517684933
5.625	0.5	0.01456494244891	0.80043204262875	-2.5310360553694e-05	54.6873155147031	0.89160214366938
5.875	0.5	0.0171431751893652	0.800451045428157	-2.74297955769591e-05	54.5088692415558	0.89188574927083
6.125	0.5	0.0198625967477158	0.800471541383381	-2.94717311247069e-05	54.33036007453	0.892184885642249
6.375	0.5	0.0226891094301853	0.800493551040177	-3.15349457470868e-05	54.1517849362827	0.89249580203732
6.625	0.5	0.0255875547319541	0.800517170244253	-3.37203943938843e-05	53.9731415076321	0.892814631020515
6.875	0.5	0.0285234159188169	0.800542572846335	-3.61365904981345e-05	53.7944282153281	0.89313757575107
7.125	0.5	0.0314645013923421	0.800570018144183	-3.89042845587919e-05	53.6156441812688	0.893461095153158
7.375	0.5	0.0343826096834337	0.800599862549874	-4.21606642201126e-05	53.436789132786	0.893782087065178
7.625	0.5	0.0372552131284266	0.800632574936635	-4.60631950362224e-05	53.25786327328	0.894098073444127
7.875	0.5	0.0400672242518717	0.800668755068465	-5.07931190857578e-05	53.0788671114317	0.894407394667706
8.125	0.5	0.0428129223647306	0.800709154466871	-5.65585046656607e-05	52.8998012457146	0.89470942146012
8.375	0.5	0.0454981173394444	0.800754699023244	-6.35965646303648e-05	52.7206660992986	0.895004792907339
8.625	0.5	0.048142616891448	0.800806512556494	-7.21747009427458e-05	52.5414615989739	0.895295687858059
8.875	0.5	0.0507830512999296	0.800865940249493	-8.25893536677378e-05	52.3621867905935	0.895586135642992
9.125	0.5	0.0534761068361733	0.800934570305254	-9.51611979580346e-05	52.1828393827223	0.895882371751979
9.375	0.5	0.0563022386212891	0.801014251038886	-0.000110224509885906	52.0034152094098	0.896193246248342
9.625	0.5	0.0593699851477194	0.801107098706972	-0.000128107595134175	51.8239076018068	0.896530698366249
9.875	0.5	0.0628210933514897	0.801215488381239	-0.000149100065965133	51.6443066561256	0.896910320268664
10.125	0.5	0.0668367752655471	0.801342015798034	-0.000173401573851677	51.4645983817149	0.89735204527921
10.375	0.5	0.0716455242500626	0.801489412117404	-0.00020104564801541	51.284763707757	0.897881007667507
10.625	0.5	0.0775329567338133	0.801660385852824	-0.000231792172506502	51.1047773212767	0.89852862524072
10.875	0.5	0.084853999117552	0.801857357420529	-0.000264983921642517	50.9246063056085	0.899333939902931
11.125	0.5	0.0940472199878628	0.802082043606514	-0.000299368431682503	50.7442085530901	0.900345194198665
11.375	0.5	0.105649932786812	0.802334846296036	-0.000332899203021963	50.5635309490109	0.901621492606549
11.625	0.5	0.120310502163296	0.802614011577892	-0.000362553154366173	50.3825073823073	0.903234155237963
11.875	0.5	0.138790754634043	0.802914569161458	-0.00038423626200621	50.2010567547086	0.905266983009745
12.125	0.5	0.161946582982039	0.80322716379983	-0.000392892078463857	50.0190813575517	0.907814124128024
12.375	0.5	0.190669926388301	0.803537075311013	-0.000382959696193214	49.8364662726839	0.910973691902713
12.625	0.5	0.225773704474279	0.803823982322418	-0.000349307883975641	49.6530807895806	0.914835107492171
12.875	0.5	0.267809314296944	0.804063242585571	-0.000288643186560698	49.4687830731165	0.919459024572664
13.125	0.5	0.316831371125163	0.804229352921145	-0.000201119533265532	49.2834291872901	0.924851450823768
13.375	0.5	0.372167485619247	0.804301449112667	-9.15421526713061e-05	49.096886731267	0.930938423418117
13.625	0.5	0.432294438877841	0.804269219016418	3.05973531727768e-05	48.9090516258698	0.937552388276563
13.875	0.5	0.494926382511965	0.804136388529112	0.000152703851665669	48.7198644677906	0.944441902076316
14.125	0.5	0.557350269547164	0.803919544121739	0.000261937793900172	48.5293215757931	0.951308529650188
14.375	0.5	0.616918216391914	0.803642747511719	0.000348232035425131	48.3374767081341	0.957861003803111
14.625	0.5	0.671512723210188	0.803330998587453	0.000406225373442074	48.1444325514613	0.963866399553121
14.875	0.5	0.719818035772949	0.80300566325482	0.000435524523557469	47.950324829591	0.969179983935024
15.125	0.5	0.761343900925015	0.802682847285202	0.000439587982753223	47.755304043643	0.973747829101752
15.375	0.5	0.796264088545695	0.802373763570245	0.000424012492388646	47.5595194896808	0.977589049740026
15.625	0.5	0.825179850309396	0.802085749593757	0.000394942940420139	47.3631081412031	0.980769783534034
15.875	0.5	0.848898569901309	0.801823187182035	0.000357980413261139	47.1661887562732	0.983378842689144
16.125	0.5	0.868271589841178	0.801588176347048	0.000317634779969964	46.9688601623737	0.98550987488253
16.375	0.5	0.884096898491766	0.801381054092001	0.000277191419574245	46.7712022246824	0.987250658834094
16.625	0.5	0.897073018114905	0.801200845825192	0.000238821802747688	46.5732781756597	0.988678031992639
16.875	0.5	0.907786024933328	0.801045675634947	0.000203799594610379	46.3751373870446	0.989856462742666
17.125	0.5	0.9167146187127	0.800913125263293	0.000172734685957316	46.1768180562748	0.990838608058397
17.375	0.5	0.924243099118338	0.80080052635167	0.000145780696640234	45.9783495640455	0.991666740903017
17.625	0.5	0.930676417667866	0.800705179718279	0.000122799896412398	45.7797544323432	0.992374405943465
17.875	0.5	0.936254445065005	0.800624505933282	0.000103484987974725	45.5810499006267	0.992987988957151
18.125	0.5	0.941164352569854	0.800556138048636	8.74440170060847e-05	45.3822491734275	0.993528078782684
18.375	0.5	0.945550914493042	0.800497969672696	7.42565695570693e-05	45.1833623998446	0.994010600594235
18.625	0.5	0.949524932753285	0.800448171025986	6.35089411252125e-05	44.9843974397396	0.994447742602861
18.875	0.5	0.953170102604391	0.800405183644014	5.48145954714372e-05	44.7853604615894	0.994848711286483
19.125	0.5	0.956548628693703	0.800367702011691	4.78247238961827e-05	44.5862564071325	0.995220349156307
19.375	0.5	0.959705844251521	0.80033464817516	4.22323883068619e-05	44.3870893497873	0.995567642867667
19.625	0.5	0.962674023767641	0.800305143509598	3.77726786640405e-05	44.1878627676626	0.995894142614441
19.875	0.5	0.965475527653517	0.800278480372218	3.42205316007162e-05	43.9885797475513	0.996202308041887
20.125	0.5	0.96812538040134	0.800254095303996	3.13872967767422e-05	43.7892431331799	0.996493791844147
20.375	0.5	0.970633360192798	0.800231544689593	2.91167486578805e-05	43.589855628748	0.996769669621208
20.625	0.5	0.973005664285851	0.800210483274439	2.72809783884688e-05	43.3904198671026	0.997030623071444
20.875	0.5	0.975246207146978	0.800190645609465	2.57764250735885e-05	43.1909384505195	0.997277082786168
21.125	0.5	0.977357604185837	0.800171830292329	2.45201915641654e-05	42.9914139708768	0.997509336460442
21.375	0.5	0.979341890986686	0.800153886765116	2.34467165066752e-05	42.7918490149145	0.997727608008536
21.625	0.5	0.981201024877918	0.800136704379308	2.2504828110418e-05	42.5922461592782	0.997932112736571
21.875	0.5	0.982937211982863	0.800120203427453	2.165517683875e-05	42.3926079591189	0.998123093318115
22.125	0.5	0.984553098464266	0.800104327853026	2.08680275524326e-05	42.192936933189	0.998300840831069
22.375	0.5	0.986051859695378	0.800089039375365	2.0121382445899e-05	41.9932355476435	0.998465704566492
22.625	0.5	0.987437215862448	0.800074312795273	1.9399401786595e-05	41.793506200132	0.998618093744869
22.875	0.5	0.988713397337294	0.800060132278599	1.86910881872668e-05	41.5937512052479	0.998758473707102
23.125	0.5	0.989885078316025	0.800046488444271	1.798920085565e-05	41.3939727819935	0.998887358614763
23.375	0.5	0.990957292883909	0.800033376109649	1.72893680175788e-05	41.1941730436005	0.99900530221723
23.625	0.5	0.991935343940319	0.800020792570168	1.65893683116703e-05	40.9943539898119	0.999112887833435
23.875	0.5	0.9928247123342	0.800008736309846	1.58885547640683e-05	40.7945175015678	0.999210718356762
24.125	0.5	0.993630971098395	0.799997206057516	1.51873979715037e-05	40.5946653379275	0.999299406820823
24.375	0.5	0.994359707773956	0.799986200117615	1.4487127874033e-05	40.394799135	0.999379567855135
24.625	0.5	0.995016456405955	0.79997571591694	1.37894566441335e-05	40.1949204066163	0.999451810204655
24.875	0.5	0.995606639786558	0.799965749719657	1.30963673094518e-05	39.9950305464766	0.999516730376521
25.125	0.5	0.996135521836658	0.799956296471371	1.24099555257731e-05	39.7951308315056	0.999574907402032
25.375	0.5	0.996608169579497	0.799947349740315	1.17323136917948e-05	39.5952224261695	0.999626898653745
25.625	0.5	0.997029423904139	0.799938901730266	1.10654485567532e-05	39.395306387533	0.999673236629455
25.875	0.5	0.997403878190611	0.799930943344382	1.04112250324068e-05	39.195383670854	0.999714426600967
26.125	0.5	0.997735863830885	0.799923464284429	9.77133021554272e-06	38.9954551355465	0.999750945021397
26.375	0.5	0.998029441698787	0.799916453171995	9.14725289660035e-06	38.7955215513616	0.999783238586867
26.625	0.5	0.998288398675214	0.799909897682584	8.54027459750398e-06	38.5955836046629	0.999811723854274
26.875	0.5	0.998516248406081	0.799903784684788	7.95146917358515e-06	38.3956419046914	0.999836787324669
27.125	0.5	0.998716235549362	0.799898100379477	7.38170848211706e-06	38.1956969897366	0.99985878591043
27.375	0.5	0.99889134284715	0.799892830434549	6.83167230381452e-06	37.9957493331433	0.999878047713186
27.625	0.5	0.999044300435265	0.799887960112979	6.30186102637921e-06	37.7957993491027	0.999894873047879
27.875	0.5	0.99917759687476	0.799883474392021	5.79260998683775e-06	37.5958473981849	0.999909535656224
28.125	0.5	0.999293491455332	0.799879358072983	5.30410466359687e-06	37.395893792583	0.999922284060087
28.375	0.5	0.999394027380786	0.799875595880267	4.83639603968554e-06	37.195938801049	0.999933343011887
28.625	0.5	0.999481045501188	0.79987217255028	4.38941579096433e-06	36.9959826535075	0.999942915005131
28.875	0.5	0.999556198305414	0.799869072910458	3.96299084447746e-06	36.796025545342	0.999951181813596
29.125	0.5	0.999620963932728	0.799866281947791	3.55685725560746e-06	36.5960676413529	0.9999583060326
29.375	0.5	0.999676660002135	0.799863784868966	3.17067313492816e-06	36.3961090793925	0.999964432600235
29.625	0.5	0.999724457094927	0.799861567151033	2.80403060512089e-06	36.1961499736842	0.999969690280442
29.875	0.5	0.999765391758555	0.799859614584841	2.45646679314055e-06	35.9961904178384	0.999974193093441
30.125	0.5	0.999800378929496	0.799857913310813	2.12747377298327e-06	35.7962304875778	0.999978041682245
30.375	0.5	0.999830223699019	0.799856449848071	1.81650756464741e-06	35.5962702431884	0.999981324606892
30.625	0.5	0.999855632368792	0.799855211117998	1.52299616836008e-06	35.3963097317122	0.999984119560567
30.875	0.5	0.999877222763607	0.799854184461983	1.24634674677855e-06	35.1963489889006	0.999986494503997
31.125	0.5	0.999895533785872	0.79985335765486	9.85951933786621e-07	34.9963880409435	0.999988508716446
31.375	0.5	0.99991103421117	0.799852718913831	7.41195392371522e-07	34.7964269059961	0.999990213763229
31.625	0.5	0.999924130736574	0.799852256903915	5.11456696180693e-07	34.5964655955163	0.999991654381023
31.875	0.5	0.999935175303359	0.79985196074019	2.96115494390373e-07	34.3965041154345	0.99999286928337
32.125	0.5	0.999944471723493	0.799851819986965	9.45551577652964e-08	34.196542467168	0.999993891889584
32.375	0.5	0.999952281645335	0.799851824654884	-9.38341643628513e-08	33.9965806484993	0.999994750980987
32.625	0.5	0.999958829898088	0.79985196519565	-2.69652918641522e-07	33.7966186543297	0.99999547128879
32.875	0.5	0.999964309257383	0.799852232495213	-4.3348998152603e-07	33.596656477325	0.999996074018312
33.125	0.5	0.999968884675728	0.799852617865403	-5.85920877899176e-07	33.3966941084628	0.99999657731433
33.375	0.5	0.999972697021995	0.799853113034234	-7.27506301529105e-07	33.1967315374963	0.999996996672419
33.625	0.5	0.999975866373529	0.799853710135449	-8.5879098487598e-07	32.9967687533421	0.999997345301088
33.875	0.5	0.99997849490326	0.799854401696816	-9.80302791706014e-07	32.796805744404	0.999997634439359
34.125	0.5	0.99998066940237	0.799855180628504	-1.09255208487775e-06	32.5968424988398	0.999997873634261
34.375	0.5	0.999982463476926	0.799856040210085	-1.19603123599114e-06	32.3968790047802	0.999998070982462
34.625	0.5	0.99998393945434	0.799856974078146	-1.29121438159142e-06	32.1969152505052	0.999998233339977
34.875	0.5	0.999985150032904	0.799857976212783	-1.37855725620565e-06	31.9969512245853	0.999998366503619
35.125	0.5	0.999986139704894	0.799859040924805	-1.45849723940233e-06	31.7969869159922	0.999998475367538
35.375	0.5	0.999986945981056	0.799860162842306	-1.53145342185796e-06	31.5970223141836	0.999998564057916
35.625	0.5	0.999987600441521	0.79986133689762	-1.59782684286119e-06	31.397057409167	0.999998636048567
35.875	0.5	0.999988129635695	0.799862558314302	-1.65800075718609e-06	31.1970921915448	0.999998694259926
36.125	0.5	0.999988555851183	0.799863822594322	-1.71234099583912e-06	30.9971266525447	0.99999874114363
36.375	0.5	0.99998889776954	0.799865125505511	-1.76119635663016e-06	30.7971607840376	0.999998778754649
36.625	0.5	0.99998917102453	0.799866463069247	-1.80489906224105e-06	30.5971945785454	0.999998808812698
36.875	0.5	0.999989388676642	0.799867831548426	-1.8437652230271e-06	30.3972280292407	0.999998832754431
37.125	0.5	0.999989561615857	0.799869227435835	-1.87809535651029e-06	30.1972611299394	0.999998851777744
37.375	0.5	0.999989698903085	0.799870647442882	-1.90817490110239e-06	29.9972938750886	0.999998866879339
37.625	0.5	0.999989808059326	0.799872088488557	-1.93427475669345e-06	29.7973262597498	0.999998878886526
37.875	0.5	0.999989895310288	0.799873547688989	-1.95665181353696e-06	29.5973582795797	0.999998888484132
38.125	0.5	0.999989965793179	0.799875022347244	-1.97554952066139e-06	29.3973899308081	0.99999889623725
38.375	0.5	0.999990023731398	0.799876509943455	-1.99119840425601e-06	29.1974212102141	0.999998902610454
38.625	0.5	0.999990072582002	0.799878008125577	-2.00381663172042e-06	28.9974521151014	0.99999890798402
38.875	0.5	0.99999011516015	0.799879514700303	-2.01361052570136e-06	28.7974826432733	0.999998912667616
39.125	0.5	0.999990153744036	0.799881027624444	-2.02077509904472e-06	28.5975127930062	0.999998916911844
39.375	0.5	0.999990190163356	0.799882544996731	-2.02549456255686e-06	28.3975425630247	0.999998920917969
39.625	0.5	0.999990225873837	0.79988406504993	-2.02794283605877e-06	28.1975719524755	0.999998924846122
39.875	0.5	0.99999026202002	0.799885586143362	-2.02828401356953e-06	27.9976009609027	0.999998928822202
40.125	0.5	0.999990299488099	0.799887106755695	-2.0266728613529e-06	27.797629588223	0.999998932943691
40.375	0.5	0.999990338950383	0.79988862547823	-2.0232552583234e-06	27.597657834702	0.999998937284542
40.625	0.5	0.99999038090267	0.799890141008351	-2.01816864113184e-06	27.3976857009315	0.999998941899294
40.875	0.5	0.999990425695653	0.799891652143392	-2.01154243093325e-06	27.1977131878064	0.999998946826522
41.125	0.5	0.999990473561274	0.799893157774829	-2.00349844367807e-06	26.9977402965044	0.99999895209174
41.375	0.5	0.999990524634836	0.799894656882736	-1.99415128271322e-06	26.7977670284646	0.999998957709832
41.625	0.5	0.99999057897351	0.799896148530458	-1.98360871427996e-06	26.5977933853685	0.999998963687086
41.875	0.5	0.999990636571816	0.79989763185973	-1.97197202730489e-06	26.3978193691211	0.9999989700229
42.125	0.5	0.99999069737454	0.79989910608585	-1.95933638429068e-06	26.1978449818333	0.999998976711199
42.375	0.5	0.999990761287508	0.799900570493336	-1.94579114510287e-06	25.9978702258048	0.999998983741626
42.625	0.5	0.999990828186527	0.799902024431587	-1.93142018698908e-06	25.7978951035086	0.999998991100518
42.875	0.5	0.9999908979248	0.79990346731097	-1.91630220405137e-06	25.597919617575	0.999998998771728
43.125	0.5	0.999990970339056	0.799904898598993	-1.90051098875587e-06	25.3979437707782	0.999999006737296
43.375	0.5	0.999991045254582	0.799906317816755	-1.88411571291459e-06	25.1979675660221	0.999999014978004
43.625	0.5	0.999991122489358	0.799907724535595	-1.86718118635275e-06	24.9979910063279	0.999999023473829
43.875	0.5	0.999991201857411	0.799909118373885	-1.84976808861799e-06	24.798014094822	0.999999032204315
44.125	0.5	0.99999128317153	0.799910498994027	-1.83193322677497e-06	24.5980368347244	0.999999041148868
44.375	0.5	0.999991366245445	0.799911866099689	-1.81372974409373e-06	24.3980592293386	0.999999050286999
44.625	0.5	0.999991450895562	0.799913219433062	-1.79520733172053e-06	24.1980812820411	0.999999059598512
44.875	0.5	0.999991536942306	0.799914558772364	-1.77641243480934e-06	23.9981029962722	0.999999069063654
45.125	0.5	0.999991624211166	0.79991588392955	-1.75738844224669e-06	23.7981243755273	0.999999078663228
45.375	0.5	0.999991712533485	0.799917194747963	-1.73817586244811e-06	23.5981454233484	0.999999088378683
45.625	0.5	0.999991801747007	0.79991849110038	-1.71881250019145e-06	23.3981661433165	0.999999098192171
45.875	0.5	0.999991891696283	0.799919772886902	-1.69933361653626e-06	23.1981865390446	0.999999108086591
46.125	0.5	0.999991982232907	0.799921040033263	-1.67977209127109e-06	22.9982066141703	0.99999911804562
46.375	0.5	0.999992073215649	0.799922292488933	-1.66015854741995e-06	22.7982263723503	0.999999128053721
46.625	0.5	0.999992164510479	0.799923530225594	-1.6405215188025e-06	22.5982458172538	0.999999138096153
46.875	0.5	0.999992255990514	0.799924753235592	-1.62088755902148e-06	22.3982649525574	0.999999148158957
47.125	0.5	0.999992347535928	0.799925961530491	-1.60128137680185e-06	22.1982837819398	0.999999158228952
47.375	0.5	0.99999243903377	0.799927155139723	-1.58172594869787e-06	21.998302309077	0.999999168293715
47.625	0.5	0.999992530377787	0.799928334109365	-1.56224263797243e-06	21.7983205376381	0.999999178341556
47.875	0.5	0.999992621468188	0.799929498500939	-1.54285129591287e-06	21.5983384712806	0.999999188361501
48.125	0.5	0.9999927122114	0.799930648390343	-1.52357036810089e-06	21.3983561136473	0.999999198343254
48.375	0.5	0.999992802519806	0.799931783866771	-1.50441697956243e-06	21.1983734683619	0.999999208277179
48.625	0.5	0.99999289231147	0.799932905031837	-1.48540703963225e-06	20.9983905390264	0.999999218154262
48.875	0.5	0.999992981509859	0.799934011998681	-1.4665553177248e-06	20.7984073292173	0.999999227966085
49.125	0.5	0.999993070043565	0.799935104891114	-1.44787554365583e-06	20.5984238424834	0.999999237704792
49.375	0.5	0.999993157846017	0.799936183842809	-1.42938045901884e-06	20.3984400823425	0.999999247363062
49.625	0.5	0.999993244855194	0.799937248996766	-1.41108192315012e-06	20.1984560522794	0.999999256934071
49.875	0.5	0.999993331013357	0.799938300504527	-1.39299096767636e-06	19.9984717557432	0.999999266411469
50.125	0.5	0.99999341626676	0.799939338525586	-1.37511786503781e-06	19.7984871961455	0.999999275789344
50.375	0.5	0.999993500565397	0.79994036322696	-1.3574722096585e-06	19.5985023768579	0.999999285062194
50.625	0.5	0.999993583862725	0.799941374782562	-1.34006297000084e-06	19.3985173012108	0.9999992942249
50.875	0.5	0.999993666115405	0.799942373372856	-1.32289855963787e-06	19.198531972491	0.999999303272694
51.125	0.5	0.999993747283053	0.799943359184425	-1.30598688796499e-06	18.9985463939402	0.999999312201136
51.375	0.5	0.999993827327985	0.7999443324096	-1.2893354308145e-06	18.798560568754	0.999999321006078
51.625	0.5	0.99999390621499	0.799945293246223	-1.27295128557672e-06	18.5985745000797	0.999999329683649
51.875	0.5	0.999993983911076	0.799946241897271	-1.25684122834428e-06	18.3985881910151	0.999999338230218
52.125	0.5	0.999994060385246	0.799947178570802	-1.24101176118261e-06	18.1986016446078	0.999999346642377
52.375	0.5	0.999994135608269	0.799948103479554	-1.22546919390343e-06	17.998614863853	0.99999935491691
52.625	0.5	0.999994209552449	0.799949016841015	-1.2102196708226e-06	17.7986278516929	0.999999363050769
52.875	0.5	0.999994282191413	0.799949918877234	-1.19526924867954e-06	17.5986406110153	0.999999371041055
53.125	0.5	0.999994353499877	0.799950809814802	-1.18062394941655e-06	17.3986531446527	0.999999378884986
53.375	0.5	0.999994423453438	0.799951689884784	-1.16628981703094e-06	17.1986654553807	0.999999386579878
53.625	0.5	0.999994492028344	0.799952559322883	-1.15227298435e-06	16.9986775459171	0.999999394123118
53.875	0.5	0.999994559201277	0.79995341836938	-1.1385797291334e-06	16.7986894189209	0.999999401512141
54.125	0.5	0.999994624949129	0.799954267269421	-1.12521655472341e-06	16.5987010769907	0.999999408744404
54.375	0.5	0.999994689248764	0.799955106273082	-1.11219023996566e-06	16.398712522664	0.999999415817364
54.625	0.5	0.999994752076792	0.79995593563567	-1.09950793450647e-06	16.1987237584155	0.999999422728447
54.875	0.5	0.999994813409321	0.799956755618051	-1.08717722419716e-06	15.9987347866558	0.999999429475025
55.125	0.5	0.999994873221711	0.799957566486936	-1.07520622027785e-06	15.7987456097303	0.999999436054388
55.375	0.5	0.999994931488307	0.799958368515367	-1.06360365761783e-06	15.5987562299175	0.999999442463714
55.625	0.5	0.999994988182155	0.799959161983214	-1.05237898542206e-06	15.3987666494273	0.999999448700037
55.875	0.5	0.99999504327472	0.799959947177738	-1.04154248466448e-06	15.1987768703995	0.999999454760219
56.125	0.5	0.999995096735562	0.799960724394263	-1.03110538074417e-06	14.9987868949016	0.999999460640912
56.375	0.5	0.999995148532004	0.799961493936943	-1.021079984955e-06	14.7987967249269	0.99999946633852
56.625	0.5	0.999995198628768	0.799962256119616	-1.01147983416743e-06	14.5988063623926	0.999999471849164
56.875	0.5	0.99999524698758	0.7999630112668	-1.00231985559825e-06	14.3988158091365	0.999999477168634
57.125	0.5	0.999995293566747	0.799963759714795	-9.9361655172339e-07	14.198825066915	0.999999482292342
57.375	0.5	0.999995338320674	0.799964501812953	-9.85388203294773e-07	13.9988341373999	0.999999487215274
57.625	0.5	0.999995381199351	0.799965237925071	-9.77655095889023e-07	13.7988430221749	0.999999491931929
57.875	0.5	0.999995422147788	0.799965968431029	-9.7043978262636e-07	13.5988517227319	0.999999496436257
58.125	0.5	0.999995461105364	0.799966693728555	-9.63767375159472e-07	13.3988602404672	0.99999950072159
58.375	0.5	0.999995498005125	0.799967414235304	-9.57665873084197e-07	13.1988685766766	0.999999504780564
58.625	0.5	0.999995532772991	0.799968130391167	-9.52166542322235e-07	12.9988767325504	0.999999508605029
58.875	0.5	0.999995565326864	0.799968842660856	-9.47304348599415e-07	12.7988847091678	0.999999512185955
59.125	0.5	0.999995595575624	0.799969551536853	-9.43118444330773e-07	12.5988925074902	0.999999515513319
59.375	0.5	0.999995623418002	0.799970257542831	-9.39652731942895e-07	12.3989001283547	0.99999951857598
59.625	0.5	0.999995648741294	0.799970961237372	-9.36956514486453e-07	12.1989075724654	0.999999521361542
59.875	0.5	0.999995671419914	0.79997166321835	-9.3508524003162e-07	11.998914840385	0.999999523856191
60.125	0.5	0.999995691313727	0.799972364127836	-9.34101362662121e-07	11.7989219325241	0.99999952604451
60.375	0.5	0.999995708266159	0.799973064657755	-9.34075343004861e-07	11.5989288491305	0.999999527909277
60.625	0.5	0.999995722102021	0.799973765556298	-9.35086803512758e-07	11.3989355902759	0.999999529431222
60.875	0.5	0.999995732625	0.799974467635305	-9.37225884648788e-07	11.1989421558417	0.99999953058875
61.125	0.5	0.999995739614772	0.799975171778739	-9.40594816243025e-07	10.9989485455023	0.999999531357625
61.375	0.5	0.999995742823664	0.79997587895248	-9.45309770313272e-07	10.7989547587068	0.999999531710603
61.625	0.5	0.999995741972806	0.799976590215527	-9.515030287093e-07	10.5989607946575	0.999999531617009
61.875	0.5	0.999995736747688	0.799977306733095	-9.59325539126338e-07	10.3989666522862	0.999999531042246
62.125	0.5	0.99999572679304	0.79997802979174	-9.68949944551362e-07	10.1989723302267	0.999999529947234
62.375	0.5	0.999995711706889	0.799978760816936	-9.80574166098976e-07	9.99897782678307	0.999999528287758
62.625	0.5	0.999995691033604	0.799979501393644	-9.94425670643202e-07	9.79898313989392	0.999999526013696
62.875	0.5	0.999995664255616	0.799980253290413	-1.01076657694946e-06	9.59898826709099	0.999999523068118
63.125	0.5	0.999995630783404	0.799981018487581	-1.02989975643984e-06	9.3989932054514	0.999999519386174
63.375	0.5	0.999995589943215	0.799981799210628	-1.05217619104552e-06	9.19899795154264	0.999999514893754
63.625	0.5	0.999995540961978	0.799982597969586	-1.07800384926704e-06	8.99900250135876	0.999999509505818
63.875	0.5	0.999995482949032	0.799983417605784	-1.10785845913981e-06	8.79900685024625	0.999999503124394
64.125	0.5	0.999995414874658	0.799984261347612	-1.14229662088668e-06	8.59901099281767	0.999999495636212
64.375	0.5	0.999995335545952	0.799985132877244	-1.18197187426573e-06	8.39901492285065	0.999999486910055
64.625	0.5	0.999995243581023	0.799986036410738	-1.22765444502175e-06	8.19901863316915	0.999999476793913
64.875	0.5	0.999995137382222	0.799986976794692	-1.28025566539817e-06	7.99902211550357	0.999999465112045
65.125	0.5	0.999995015107412	0.799987959623327	-1.34085831721498e-06	7.79902536032489	0.999999451661815
65.375	0.5	0.999994874634237	0.799988991381069	-1.410754518507e-06	7.59902835664745	0.999999436209766
65.625	0.5	0.999994713505846	0.799990079616915	-1.49149326289229e-06	7.39903109179341	0.999999418485643
65.875	0.5	0.999994528838994	0.799991233159072	-1.58494037366552e-06	7.19903355111073	0.999999398172289
66.125	0.5	0.999994317170587	0.79999246238064	-1.693354511648e-06	6.99903571763433	0.999999374888765
66.375	0.5	0.999994074223312	0.799993779530666	-1.81948411924585e-06	6.79903757167801	0.999999348164564
66.625	0.5	0.999993794592977	0.799995199149213	-1.96669196032796e-06	6.59903909034039	0.999999317405228
66.875	0.5	0.999993471404841	0.799996738591006	-2.13911641772245e-06	6.39904024690302	0.999999281854532
67.125	0.5	0.999993096048615	0.799998418689813	-2.34188229780726e-06	6.1990410100897	0.999999240565348
67.375	0.5	0.999992658157134	0.800000264606091	-2.58137886170702e-06	5.99904134314396	0.999999192397285
67.625	0.5	0.999992145989831	0.800002306914452	-2.8656295910646e-06	5.79904120266555	0.999999136058881
67.875	0.5	0.999991547242595	0.800004583007692	-3.20478722671771e-06	5.59904053712736	0.999999070196685
68.125	0.5	0.999990849954153	0.800007138923362	-3.61179961495471e-06	5.39903928497416	0.999998993494957
68.375	0.5	0.999990042595133	0.800010031741493	-4.10330794141069e-06	5.19903737218645	0.999998904685465
68.625	0.5	0.999989111731084	0.800013332764883	-4.70086147213713e-06	4.99903470917641	0.999998802290419
68.875	0.5	0.999988035201952	0.800017131782679	-5.43256641907438e-06	4.7990311868644	0.999998683872215
69.125	0.5	0.999986769191485	0.800021542843805	-6.33533936949458e-06	4.59902667174327	0.999998544611063
69.375	0.5	0.99998522967378	0.800026712140009	-7.45802143949299e-06	4.39902099963715	0.999998375264116
69.625	0.5	0.999983273121978	0.800032828835668	-8.86574812201337e-06	4.19901396764067	0.999998160043418
69.875	0.5	0.999980687741806	0.800040140012157	-1.06461884173664e-05	3.9990053233118	0.999997875651599
70.125	0.5	0.999977212681809	0.800048971370715	-1.29185962352301e-05	3.79899474952491	0.999997493394999
70.375	0.5	0.999972603789217	0.80005975605485	-1.5847088307958e-05	3.59898184246716	0.999996986416814
70.625	0.5	0.999966752934916	0.800073075070446	-1.9660202837038e-05	3.39896607918749	0.999996342822841
70.875	0.5	0.999959835386886	0.800089714545992	-2.46796270979625e-05	3.19894677013282	0.999995581892558
71.125	0.5	0.999952402115105	0.800110747834386	-3.13620559459699e-05	2.99892299158207	0.999994764232662
71.375	0.5	0.999945259929731	0.800137654664629	-4.03595837942186e-05	2.79889349306923	0.99999397859227
71.625	0.5	0.999938923604414	0.800172495760305	-5.26061735443888e-05	2.59885657551466	0.999993281596485
71.875	0.5	0.999932442219098	0.800218170243473	-6.94413351606369e-05	2.39880993544818	0.999992568644101
72.125	0.5	0.999921583233194	0.800278795719865	-9.27886397676453e-05	2.19875046609527	0.999991374155651
72.375	0.5	0.999896783894915	0.800360268901951	-0.000125418592809657	1.998673991509	0.999988646228441
72.625	0.5	0.999841963288587	0.800471091296629	-0.000171346513009818	1.79857487761004	0.999982615961745
72.875	0.5	0.999736075099849	0.800623586332689	-0.00023645159516581	1.59844540601393	0.999970968260983
73.125	0.5	0.999559739686183	0.800835703106371	-0.000329459412275394	1.39827470866551	0.99995157136548
73.375	0.5	0.99930865463273	0.80113371735204	-0.0004635128392157	1.19804694865552	0.9999239520096
73.625	0.5	0.99901272721276	0.801556332305548	-0.000658670434382549	0.997738314829045	0.999891399993404
73.875	0.5	0.998754111923603	0.802160992419226	-0.000945819170521088	0.797312309577941	0.999862952311596
74.125	0.5	0.998668607185266	0.80303370299131	-0.00137267283869805	0.596712788364979	0.999853546790379
74.375	0.5	0.998905308712586	0.804303880329916	-0.0020127626535751	0.395854264128827	0.999879583958384
74.625	0.5	0.999514445062455	0.749538625508194	-0.0029785472796309	0.194609276379897	0.99994658895687
74.875	0.5	1.0002418765585	0.8	0.0097155319226034	0.021104971033767	1.00002660642144
0.125	1.5	3.38472839412034e-07	0.397804012036324	-0.0106575263009565	58.603189378127	0.890000037232012
0.375	1.5	-4.76942290912046e-06	0.796459571652107	0.00254404403197514	58.4261665853659	0.88999947536348
0.625	1.5	-1.60436228564798e-05	0.797850255258368	0.00185569340026244	58.2487650776696	0.889998235201486
0.875	1.5	-3.43075590110892e-05	0.798730689950005	0.00135685249386875	58.0711239258016	0.889996226168509
1.125	1.5	-5.92091206153053e-05	0.799287543720967	0.000993592118653391	57.8933314277838	0.889993486996732
1.375	1.5	-8.83268999034314e-05	0.799639509583839	0.000727622018781996	57.7154435717326	0.889990284041011
1.625	1.5	-0.000116321012704193	0.799862080212117	0.000531700193329858	57.5374957306582	0.889987204688603
1.875	1.5	-0.000134203126708256	0.800003262679353	0.000386398674955458	57.3595100632886	0.889985237656062
2.125	1.5	-0.000128828843664887	0.800093566210163	0.000277825318111249	57.181500183737	0.889985828827197
2.375	1.5	-8.27133416467498e-05	0.800152354703394	0.000196017730653009	57.0034740954679	0.889990901532419
2.625	1.5	2.57536019947266e-05	0.800191890139195	0.000133809682958352	56.8254360259861	0.890002832896219
2.875	1.5	0.000221658013309913	0.800219908251027	8.60297069079756e-05	56.6473875709389	0.890024382381464
3.125	1.5	0.000532492347543071	0.800241260662566	4.89333801569304e-05	56.4693284111954	0.89005857415823
3.375	1.5	0.00098673233827121	0.800258962844096	1.98001483465257e-05	56.2912567732307	0.89010854055721
3.625	1.5	0.00161217078364059	0.800274863547468	-3.35385516797008e-06	56.1131697424699	0.890177338786201
3.875	1.5	0.0024341508319462	0.800290072798624	-2.19810771073489e-05	55.935063499084	0.890267756591514
4.125	1.5	0.0034738561930255	0.800305235591852	-3.71498497377336e-05	55.7569335186231	0.890382124181233
4.375	1.5	0.00474681216410773	0.800320706701089	-4.96505836342227e-05	55.578774761275	0.890522149338052
4.625	1.5	0.00626173062888525	0.800336661872155	-6.00727281717649e-05	55.4005818606997	0.890688790369177
4.875	1.5	0.0080197976408192	0.800353167884069	-6.88609073012918e-05	55.222349314673	0.89088217774049
5.125	1.5	0.0100144587153703	0.800370225881621	-7.6356212802815e-05	55.0440716741414	0.891101590458691
5.375	1.5	0.0122317102285002	0.800387797282749	-8.28269414564651e-05	54.8657437240796	0.891345488125135
5.625	1.5	0.0146508612330677	0.800405818360361	-8.84918699099496e-05	54.6873606482396	0.891611594735637
5.875	1.5	0.0172456940435177	0.800424207586724	-9.35383129906027e-05	54.5089181700363	0.891897026344787
6.125	1.5	0.0199859286046184	0.800442868555967	-9.81365984435645e-05	54.3304126629891	0.892198452146508
6.375	1.5	0.0228388878810077	0.800461690471269	-0.000102452141769646	54.151841225889	0.892512277666911
6.625	1.5	0.0257712700972565	0.800480547609724	-0.00010665597295911	53.973201719748	0.892834839710698
6.875	1.5	0.0287509569835699	0.800499298747488	-0.00011093432256199	53.7944927652146	0.893162605268193
7.125	1.5	0.0317488211764757	0.800517787181195	-0.000115497693563057	53.615713700191	0.893492370329412
7.375	1.5	0.0347405346382348	0.800535841698628	-0.000120589704070136	53.4368644976717	0.893821458810206
7.625	1.5	0.0377084166245648	0.800553278636334	-0.000126495851710472	53.2579456433006	0.894147925828702
7.875	1.5	0.0406433882156739	0.800569905035476	-0.000133552185193451	53.0789579709071	0.894470772703724
8.125	1.5	0.0435471168106647	0.800585522870263	-0.000142153621990687	52.8999024525612	0.894790182849173
8.375	1.5	0.046434437894823	0.800599934393481	-0.000152761266894627	52.7207799377516	0.895107788168431
8.625	1.5	0.0493361367097292	0.800612948778138	-0.000165907500490101	52.5415908343635	0.89542697503807
8.875	1.5	0.0523021671242311	0.800624390401771	-0.000182196750219198	52.3623347223462	0.895753238383665
9.125	1.5	0.055405389657309	0.800634109225728	-0.000202298658006034	52.1830098891943	0.896094592862304
9.375	1.5	0.0587459359754476	0.8006419936616	-0.000226928754376078	52.0036127743249	0.896462052957299
9.625	1.5	0.0624563601344002	0.800647985931523	-0.00025680970992621	51.8241373065827	0.896870199614784
9.875	1.5	0.0667078147062138	0.800652099013653	-0.000292603824441011	51.6445741148938	0.897337859617684
10.125	1.5	0.0717175725759586	0.800654432538185	-0.000334804906503543	51.4649095862211	0.897888932983355
10.375	1.5	0.0777582533757741	0.800655182100449	-0.000383575790306862	51.2851247378873	0.898553407871335
10.625	1.5	0.0851690123188359	0.800654632006216	-0.000438517905323477	51.105193865073	0.899368591355072
10.875	1.5	0.0943685464686402	0.800653115285266	-0.000498364300690875	50.9250829236691	0.90038054011155
11.125	1.5	0.105868819727835	0.800650917643584	-0.000560601858434218	50.7447476229397	0.901645570170062
11.375	1.5	0.120286570348379	0.800648097003807	-0.000621058505416058	50.5641312471555	0.903231522738322
11.625	1.5	0.138346613153915	0.800644195529313	-0.000673543790122894	50.3831623230834	0.905218127446931
11.875	1.5	0.160866631671087	0.800637852470539	-0.000709707996105565	50.2017524275038	0.907695329483819
12.125	1.5	0.188708415490848	0.800626406177736	-0.000719371118266774	50.0197947034996	0.910757925703993
12.375	1.5	0.222678056924048	0.800605714375793	-0.000691619404224551	49.8371640050921	0.914494586261645
12.625	1.5	0.263362915616525	0.800570579285294	-0.000616879404336628	49.6537199078033	0.918969920717818
12.875	1.5	0.310913284764592	0.800516175198933	-0.000489847492014913	49.4693138642735	0.924200461324105
13.125	1.5	0.364814599881757	0.800440477277451	-0.000312562162456843	49.2838011986658	0.930129605986993
13.375	1.5	0.423739563018939	0.800346793467986	-9.63045075733641e-05	49.097057171473	0.936611351932083
13.625	1.5	0.485584877789337	0.800244662334848	0.000139066347192721	48.9089942526181	0.943414336556827
13.875	1.5	0.547746673127183	0.800147730497134	0.000368845247548301	48.7195760279498	0.95025213404399
14.125	1.5	0.60757595535424	0.800069173265688	0.000569194194384653	48.5288232084693	0.956833355088966
14.375	1.5	0.662851229785728	0.800017233042532	0.000722552610027516	48.3368095923514	0.96291363527643
14.625	1.5	0.712094709152782	0.799993388524726	0.000820639537321714	48.1436494574764	0.968330418006806
14.875	1.5	0.754650707759347	0.799993583790022	0.000864345924612874	47.9494806262808	0.973011577853528
15.125	1.5	0.790563048919602	0.800011018823695	0.000861322209849474	47.7544479479463	0.976961935381156
15.375	1.5	0.82035280271678	0.800038724705333	0.000822730602905719	47.5586904697329	0.980238808298846
15.625	1.5	0.844792243297946	0.800071044100005	0.000760383076333024	47.3623334449897	0.982927146762774
15.875	1.5	0.864729405826635	0.800104054892387	0.00068484126109723	47.1654846955351	0.98512023464093
16.125	1.5	0.880977001479389	0.800135367743545	0.00060450132806099	46.9682340979399	0.986907470162733
16.375	1.5	0.894255877531512	0.800163703209108	0.000525408293474547	46.7706549098499	0.988368146528466
16.625	1.5	0.905175643976783	0.800188484570354	0.000451493309884558	46.5728059399104	0.989569320837446
16.875	1.5	0.914236570370963	0.800209534837002	0.000384990753981368	46.3747339223433	0.990566022740806
17.125	1.5	0.921841445079741	0.800226883754233	0.000326882153118176	46.1764757518735	0.991402558958771
17.375	1.5	0.928310588828995	0.800240659176044	0.000277289192561169	45.978060432299	0.992114164771189
17.625	1.5	0.933896515756101	0.800251032956186	0.000235787471122757	45.7795107053848	0.992728616733171
17.875	1.5	0.938796785350656	0.800258197671534	0.000201639866854185	45.5808443819164	0.993267646388572
18.125	1.5	0.943164698033216	0.800262358469562	0.000173960579747243	45.3820754172449	0.993748116783654
18.375	1.5	0.94711799769184	0.800263730887526	0.000151824523830129	45.1832147761998	0.994182979746102
18.625	1.5	0.950745918723054	0.800262539977391	0.000134336112418734	44.9842711270829	0.994582051059536
18.875	1.5	0.954114923712791	0.800259018790332	0.00012066918567168	44.7852513971196	0.994952641608407
19.125	1.5	0.957273420022339	0.80025340575374	0.000110087197549451	44.586161214845	0.995300076202457
19.375	1.5	0.960255671034557	0.800245941166413	0.000101950399525196	44.387005259378	0.995628123813801
19.625	1.5	0.963085054093447	0.80023686327579	9.57148282154069e-05	44.1877875324729	0.995939355950279
19.875	1.5	0.965776770008523	0.800226404401995	9.09264303798539e-05	43.9885115663951	0.996235444700938
20.125	1.5	0.968340078340731	0.800214787468794	8.72125799748076e-05	43.789180578676	0.99651740861748
20.375	1.5	0.970780115186366	0.800202223165444	8.42724716675806e-05	43.5897975833529	0.9967858126705
20.625	1.5	0.973099341642788	0.800188907839096	8.18673379915984e-05	43.3903654671494	0.997040927580707
20.875	1.5	0.975298667779469	0.80017502211888	7.98110685465169e-05	43.190887038032	0.997282853455742
21.125	1.5	0.977378295848288	0.800160730207124	7.79615601024416e-05	42.9913650526252	0.997511612543312
21.375	1.5	0.979338325731788	0.800146179734043	7.62129611294342e-05	42.79180222803	0.997727215830497
21.625	1.5	0.981179164197178	0.800131502060484	7.44888663121586e-05	42.592201242685	0.99792970806169
21.875	1.5	0.982901777003832	0.800116812912397	7.27364485627602e-05	42.3925647300427	0.998119195470421
22.125	1.5	0.984507819343455	0.80010221324452	7.09214750343027e-05	42.1928952680379	0.99829586012778
22.375	1.5	0.985999675752847	0.800087790246437	6.90241307140969e-05	41.9931953666106	0.998459964332813
22.625	1.5	0.987380435897612	0.800073618422066	6.70355625814127e-05	41.7934674549323	0.998611847948737
22.875	1.5	0.988653827838307	0.800059760691552	6.49550548570738e-05	41.5937138694699	0.998751921062214
23.125	1.5	0.989824125851053	0.800046269478215	6.27877480714804e-05	41.3939368436101	0.998880653843616
23.375	1.5	0.990896045786053	0.800033187755923	6.05428206702723e-05	41.194138499247	0.998998565036466
23.625	1.5	0.991874637426766	0.800020550041057	5.82320590083014e-05	40.9943208404955	0.999106210116944
23.875	1.5	0.992765180400497	0.800008383320671	5.58687497123905e-05	40.7944857495261	0.999204169844055
24.125	1.5	0.993573087873347	0.799996707912878	5.34668368121923e-05	40.5946349843986	0.999293039666068
24.375	1.5	0.994303820485951	0.799985538257917	5.10402939295089e-05	40.3947701787073	0.999373420253455
24.625	1.5	0.994962811677782	0.799974883643102	4.86026690794249e-05	40.1948928428078	0.999445909284556
24.875	1.5	0.99555540462573	0.799964748862421	4.61667668478986e-05	39.9950043663863	0.99951109450883
25.125	1.5	0.996086800407222	0.799955134815366	4.37444381045508e-05	39.7951060221312	0.999569548044794
25.375	1.5	0.996562016616706	0.799946039048608	4.1346453180503e-05	39.5951989702826	0.999621821827838
25.625	1.5	0.996985855454563	0.799937456243793	3.89824385653923e-05	39.3952842638531	0.999668444100002
25.875	1.5	0.997362880218511	0.799929378655984	3.66608612109955e-05	39.1953628543357	0.999709916824036
26.125	1.5	0.99769739911935	0.799921796505829	3.43890476436811e-05	38.9954355977385	0.999746713903129
26.375	1.5	0.997993455385618	0.799914698329707	3.21732277830153e-05	38.7955032608065	0.999779280092418
26.625	1.5	0.998254822693487	0.799908071290662	3.00185955626594e-05	38.5955665273145	0.999808030496284
26.875	1.5	0.998485005044243	0.799901901453764	2.79293802223406e-05	38.3956260043334	0.999833350554867
27.125	1.5	0.998687240302175	0.799896174029165	2.59089235568531e-05	38.1956822283889	0.999855596433239
27.375	1.5	0.998864506694353	0.799890873584982	2.39597596756655e-05	37.9957356714493	0.999875095736379
27.625	1.5	0.999019531657703	0.799885984234232	2.20836946222231e-05	37.7957867466898	0.999892148482347
27.875	1.5	0.999154802496048	0.799881489796349	2.02818840008345e-05	37.5958358139969	0.999907028274565
28.125	1.5	0.999272578380096	0.799877373938107	1.85549072737543e-05	37.3958831851819	0.999919983621811
28.375	1.5	0.99937490328679	0.799873620294058	1.69028379537187e-05	37.1959291288852	0.999931239361547
28.625	1.5	0.999463619531702	0.799870212569809	1.53253090465414e-05	36.9959738751604	0.999940998148487
28.875	1.5	0.999540381599531	0.799867134629729	1.38215735928434e-05	36.7960176197304	0.999949441975948
29.125	1.5	0.999606670024204	0.799864370570753	1.23905601205864e-05	36.5960605279179	0.999956733702662
29.375	1.5	0.999663805111725	0.799861904783803	1.10309231003683e-05	36.3961027382545	0.99996301856229
29.625	1.5	0.999712960336564	0.799859722004597	9.74108862708391e-06	36.1961443657755	0.999968425637022
29.875	1.5	0.999755175276011	0.799857807354631	8.51929541284754e-06	35.9961855050139	0.999973069280361
30.125	1.5	0.999791367977192	0.799856146374187	7.36363142617596e-06	35.7962262327058	0.999977050477491
30.375	1.5	0.999822346678096	0.79985472504753	6.27206651523822e-06	35.5962666102229	0.99998045813459
30.625	1.5	0.999848820827647	0.799853529822253	5.24248117071724e-06	35.3963066857499	0.999983370291041
30.875	1.5	0.999871411370386	0.799852547622701	4.27269191173398e-06	35.1963464962221	0.999985855250742
31.125	1.5	0.999890660279058	0.799851765858587	3.36047341793899e-06	34.9963860690435	0.999987972630696
31.375	1.5	0.999907039333333	0.79985117242984	2.50357779373897e-06	34.7964254236007	0.999989774326667
31.625	1.5	0.999920958155451	0.799850755727432	1.69975127064903e-06	34.5964645725921	0.9999913053971
31.875	1.5	0.999932771523549	0.799850504631501	9.46748448736633e-07	34.3965035231881	0.99999260486759
32.125	1.5	0.999942785991595	0.799850408506818	2.42344509260606e-07	34.196542278039	0.999993706459075
32.375	1.5	0.999951265850705	0.799850457195828	-4.15654509477205e-07	33.9965808361465	0.999994639243578
32.625	1.5	0.999958438471038	0.799850641010334	-1.02940313604753e-06	33.7966191936127	0.999995428231814
32.875	1.5	0.999964499066249	0.79985095072142	-1.60100935068242e-06	33.5966573442809	0.999996094897287
33.125	1.5	0.999969614923966	0.799851377547908	-2.13252882204723e-06	33.3966952802796	0.999996657641636
33.375	1.5	0.999973929146213	0.799851913144466	-2.62596031596852e-06	33.1967329924833	0.999997132206083
33.625	1.5	0.999977563943129	0.79985254958832	-3.08324214595936e-06	32.996770470898	0.999997532033744
33.875	1.5	0.99998062352225	0.799853279365831	-3.50624947209647e-06	32.7968077049832	0.999997868587448
34.125	1.5	0.999983196613753	0.799854095358341	-3.89679241790864e-06	32.5968446839173	0.999998151627513
34.375	1.5	0.999985358669947	0.79985499082791	-4.25661488960083e-06	32.3968813968157	0.999998389453694
34.625	1.5	0.999987173774773	0.799855959403075	-4.58739390471564e-06	32.1969178329068	0.999998589115225
34.875	1.5	0.999988696296556	0.799856995064102	-4.89073952570036e-06	31.9969539816724	0.999998756592621
35.125	1.5	0.999989972314355	0.799858092128685	-5.16819509924545e-06	31.796989832959	0.999998896954579
35.375	1.5	0.999991040845738	0.799859245237706	-5.42123797873406e-06	31.5970253770626	0.999999014493031
35.625	1.5	0.99999193490098	0.799860449341033	-5.65128045574871e-06	31.3970606047925	0.999999112839108
35.875	1.5	0.99999268238619	0.799861699683691	-5.85967099499426e-06	31.1970955075179	0.999999195062481
36.125	1.5	0.99999330687542	0.799862991792283	-6.04769564696185e-06	30.9971300771979	0.999999263756296
36.375	1.5	0.999993828269541	0.799864321461831	-6.2165796460125e-06	30.7971643064012	0.99999932110965
36.625	1.5	0.99999426335751	0.799865684742803	-6.36748912924665e-06	30.5971981883141	0.999999368969326
36.875	1.5	0.999994626293828	0.799867077928661	-6.50153295220291e-06	30.3972317167414	0.999999408892321
37.125	1.5	0.999994929004149	0.799868497543792	-6.61976458215176e-06	30.1972648861001	0.999999442190456
37.375	1.5	0.999995181529464	0.799869940331846	-6.72318404358999e-06	29.9972976914079	0.999999469968241
37.625	1.5	0.999995392317884	0.799871403244424	-6.81273988856029e-06	29.7973301282685	0.999999493154967
37.875	1.5	0.999995568471811	0.79987288343037	-6.88933119193563e-06	29.5973621928522	0.999999512531899
38.125	1.5	0.999995715957157	0.799874378225229	-6.95380952853385e-06	29.3973938818757	0.999999528755287
38.375	1.5	0.99999583978039	0.799875885141443	-7.00698095899987e-06	29.197425192579	0.999999542375843
38.625	1.5	0.999995944138238	0.79987740185869	-7.04960795975017e-06	28.9974561227025	0.999999553855206
38.875	1.5	0.99999603254428	0.799878926214802	-7.08241135891971e-06	28.7974866704617	0.999999563579871
39.125	1.5	0.999996107935945	0.799880456197058	-7.10607221764913e-06	28.5975168345234	0.999999571872954
39.375	1.5	0.999996172764953	0.799881989933867	-7.1212336492735e-06	28.3975466139805	0.999999579004145
39.625	1.5	0.999996229073726	0.799883525686835	-7.12850261401969e-06	28.1975760083274	0.99999958519811
39.875	1.5	0.999996278559977	0.799885061843164	-7.12845166054393e-06	27.9976050174366	0.999999590641597
40.125	1.5	0.999996322631275	0.799886596908632	-7.12162058747099e-06	27.7976336415342	0.99999959548944
40.375	1.5	0.999996362451147	0.799888129500536	-7.10851806940885e-06	27.5976618811777	0.999999599869626
40.625	1.5	0.999996398978025	0.799889658341434	-7.08962323596506e-06	27.3976897372335	0.999999603887583
40.875	1.5	0.999996432998163	0.799891182252823	-7.06538715038715e-06	27.1977172108557	0.999999607629798
41.125	1.5	0.999996465153407	0.799892700149389	-7.03623426998819e-06	26.9977443034653	0.999999611166875
41.375	1.5	0.99999649596469	0.799894211033477	-7.00256382782277e-06	26.7977710167307	0.999999614556116
41.625	1.5	0.999996525851818	0.799895713989777	-6.96475116019359e-06	26.5977973525491	0.9999996178437
41.875	1.5	0.9999965551502	0.799897208180429	-6.92314898180989e-06	26.3978233130279	0.999999621066522
42.125	1.5	0.999996584124949	0.799898692840305	-6.8780885960044e-06	26.1978489004684	0.999999624253744
42.375	1.5	0.999996612982769	0.799900167272572	-6.82988104377901e-06	25.9978741173492	0.999999627428105
42.625	1.5	0.999996641881964	0.799901630844431	-6.77881823514243e-06	25.7978989663106	0.999999630607016
42.875	1.5	0.999996670940877	0.799903082983263	-6.7251739804772e-06	25.5979234501407	0.999999633803496
43.125	1.5	0.999996700244976	0.799904523172777	-6.66920500472148e-06	25.397947571761	0.999999637026947
43.375	1.5	0.999996729852803	0.799905950949522	-6.61115189856153e-06	25.197971334214	0.999999640283808
43.625	1.5	0.999996759800977	0.799907365899508	-6.55124002535727e-06	24.9979947406503	0.999999643578107
43.875	1.5	0.999996790108382	0.799908767655101	-6.48968040383967e-06	24.7980177943177	0.999999646911922
44.125	1.5	0.99999682077966	0.799910155892021	-6.42667049066451e-06	24.59804049855	0.999999650285763
44.375	1.5	0.999996851808133	0.799911530326551	-6.36239499601662e-06	24.3980628567568	0.999999653698895
44.625	1.5	0.999996883178248	0.799912890712883	-6.29702660808566e-06	24.198084872414	0.999999657149607
44.875	1.5	0.999996914867584	0.799914236840666	-6.23072669066624e-06	23.9981065490549	0.999999660635434
45.125	1.5	0.999996946848534	0.799915568532609	-6.16364595634523e-06	23.7981278902615	0.999999664153339
45.375	1.5	0.999996979089683	0.799916885642382	-6.09592509291748e-06	23.598148899657	0.999999667699865
45.625	1.5	0.999997011556949	0.79991818805241	-6.02769536947871e-06	23.3981695808979	0.999999671271264
45.875	1.5	0.999997044214504	0.79991947567205	-5.95907919616916e-06	23.1981899376677	0.999999674863595
46.125	1.5	0.999997077025537	0.799920748435674	-5.89019065038621e-06	22.9982099736699	0.999999678472809
46.375	1.5	0.999997109952857	0.799922006301033	-5.82113602751234e-06	22.7982296926224	0.999999682094814
46.625	1.5	0.999997142959385	0.799923249247564	-5.75201426926119e-06	22.5982490982513	0.999999685725532
46.875	1.5	0.999997176008532	0.799924477274956	-5.68291746669572e-06	22.3982681942864	0.999999689360939
47.125	1.5	0.999997209064514	0.799925690401658	-5.61393126843926e-06	22.1982869844559	0.999999692997097
47.375	1.5	0.999997242092574	0.799926888663653	-5.54513530323849e-06	21.9983054724818	0.999999696630183
47.625	1.5	0.999997275059154	0.799928072113076	-5.47660357107298e-06	21.7983236620757	0.999999700256507
47.875	1.5	0.999997307932023	0.799929240817228	-5.408404802872e-06	21.598341556935	0.999999703872522
48.125	1.5	0.999997340680352	0.799930394857334	-5.34060282815076e-06	21.3983591607392	0.999999707474839
48.375	1.5	0.999997373274775	0.799931534327627	-5.2732568996702e-06	21.1983764771465	0.999999711060225
48.625	1.5	0.999997405687411	0.799932659334415	-5.20642201353081e-06	20.9983935097905	0.999999714625615
48.875	1.5	0.999997437891865	0.799933769995108	-5.14014921171458e-06	20.7984102622774	0.999999718168105
49.125	1.5	0.999997469863217	0.79993486643752	-5.07448586857785e-06	20.5984267381833	0.999999721684954
49.375	1.5	0.999997501577984	0.799935948799086	-5.00947597959302e-06	20.3984429410516	0.999999725173578
49.625	1.5	0.999997533014092	0.799937017226083	-4.94516039663321e-06	20.1984588743908	0.99999972863155
49.875	1.5	0.999997564150817	0.799938071873111	-4.88157710767656e-06	19.9984745416721	0.99999973205659
50.125	1.5	0.999997594968737	0.799939112902461	-4.81876146671912e-06	19.7984899463275	0.999999735446561
50.375	1.5	0.999997625449669	0.799940140483516	-4.7567464222464e-06	19.598505091748	0.999999738799464
50.625	1.5	0.9999976555766	0.799941154792355	-4.69556275110549e-06	19.3985199812817	0.999999742113426
50.875	1.5	0.999997685333633	0.79994215601122	-4.63523926292772e-06	19.1985346182324	0.9999997453867
51.125	1.5	0.999997714705905	0.799943144328204	-4.57580303102707e-06	18.9985490058576	0.99999974861765
51.375	1.5	0.999997743679515	0.799944119936814	-4.51727956461861e-06	18.7985631473678	0.999999751804747
51.625	1.5	0.999997772241467	0.799945083035742	-4.45969304623156e-06	18.5985770459244	0.999999754946561
51.875	1.5	0.999997800379588	0.799946033828506	-4.40306649669788e-06	18.398590704639	0.999999758041755
52.125	1.5	0.999997828082463	0.799946972523248	-4.34742200232122e-06	18.198604126572	0.999999761089071
52.375	1.5	0.999997855339358	0.79994789933261	-4.29278087751531e-06	17.9986173147313	0.999999764087329
52.625	1.5	0.999997882140149	0.799948814473479	-4.23916387419774e-06	17.7986302720714	0.999999767035416
52.875	1.5	0.999997908475261	0.79994971816692	-4.18659138241883e-06	17.5986430014922	0.999999769932279
53.125	1.5	0.999997934335591	0.799950610638162	-4.13508361193365e-06	17.3986555058382	0.999999772776915
53.375	1.5	0.999997959712439	0.799951492116463	-4.08466080659938e-06	17.1986677878971	0.999999775568368
53.625	1.5	0.99999798459743	0.799952362835188	-4.03534344908381e-06	16.998679850399	0.999999778305717
53.875	1.5	0.99999800898246	0.799953223031869	-3.98715247212629e-06	16.7986916960155	0.999999780988071
54.125	1.5	0.999998032859609	0.79995407294823	-3.94010947189164e-06	16.5987033273581	0.999999783614557
54.375	1.5	0.999998056221085	0.799954912830461	-3.89423697417351e-06	16.3987147469779	0.999999786184319
54.625	1.5	0.99999807905914	0.79995574292926	-3.84955864040378e-06	16.1987259573639	0.999999788696505
54.875	1.5	0.999998101366001	0.799956563500203	-3.80609956322634e-06	15.9987369609419	0.99999979115026
55.125	1.5	0.999998123133789	0.799957374803956	-3.76388653393514e-06	15.7987477600735	0.999999793544717
55.375	1.5	0.999998144354451	0.799958177106656	-3.72294834002573e-06	15.5987583570546	0.99999979587899
55.625	1.5	0.999998165019672	0.799958970680336	-3.68331611212102e-06	15.3987687541142	0.999999798152164
55.875	1.5	0.999998185120792	0.799959755803415	-3.64502366177306e-06	15.1987789534124	0.999999800363287
56.125	1.5	0.999998204648714	0.799960532761204	-3.60810788873279e-06	14.9987889570393	0.999999802511359
56.375	1.5	0.999998223593818	0.799961301846587	-3.57260919926726e-06	14.7987987670129	0.99999980459532
56.625	1.5	0.999998241945858	0.799962063360745	-3.53857198942237e-06	14.5988083852772	0.999999806614044
56.875	1.5	0.999998259693857	0.799962817613916	-3.50604516744774e-06	14.3988178137002	0.999999808566324
57.125	1.5	0.999998276825988	0.799963564926373	-3.47508273645138e-06	14.1988270540711	0.999999810450859
57.375	1.5	0.99999829332946	0.799964305629438	-3.44574445679962e-06	13.9988361080982	0.999999812266241
57.625	1.5	0.999998309190379	0.799965040066637	-3.41809657341248e-06	13.7988449774059	0.999999814010942
57.875	1.5	0.999998324393608	0.799965768595043	-3.39221264361404e-06	13.5988536635312	0.999999815683297
58.125	1.5	0.999998338922605	0.799966491586725	-3.36817445632046e-06	13.3988621679206	0.999999817281487
58.375	1.5	0.999998352759249	0.799967209430415	-3.34607308825653e-06	13.1988704919259	0.999999818803517
58.625	1.5	0.99999836588365	0.79996792253337	-3.32601009858659e-06	12.9988786367999	0.999999820247201
58.875	1.5	0.999998378273933	0.799968631323463	-3.30809886478778e-06	12.7988866036918	0.999999821610133
59.125	1.5	0.999998389906006	0.799969336251535	-3.29246613049317e-06	12.5988943936412	0.999999822889661
59.375	1.5	0.999998400753292	0.799970037794058	-3.27925376671878e-06	12.3989020075731	0.999999824082862
59.625	1.5	0.999998410786443	0.799970736456119	-3.26862077077806e-06	12.1989094462902	0.999999825186509
59.875	1.5	0.999998419973004	0.799971432774787	-3.26074558793499e-06	11.998916710466	0.99999982619703
60.125	1.5	0.999998428277044	0.799972127322915	-3.25582875630897e-06	11.7989238006361	0.999999827110475
60.375	1.5	0.999998435658744	0.799972820713477	-3.2540959740328e-06	11.5989307171892	0.999999827922462
60.625	1.5	0.99999844207391	0.799973513604407	-3.25580164157376e-06	11.3989374603563	0.99999982862813
60.875	1.5	0.999998447473433	0.799974206704171	-3.26123295684346e-06	11.1989440301989	0.999999829222078
61.125	1.5	0.999998451802656	0.799974900778035	-3.270714688664e-06	10.9989504265961	0.999999829698292
61.375	1.5	0.999998455000665	0.799975596655225	-3.28461472702761e-06	10.7989566492291	0.999999830050073
61.625	1.5	0.999998456999479	0.799976295237073	-3.30335056845892e-06	10.5989626975649	0.999999830269943
61.875	1.5	0.999998457723155	0.79997699750637	-3.32739691323198e-06	10.3989685708373	0.999999830349547
62.125	1.5	0.999998457086814	0.799977704537975	-3.35729458861901e-06	10.1989742680252	0.99999983027955
62.375	1.5	0.999998454995556	0.799978417511042	-3.39366105229419e-06	9.99897978782859	0.999999830049511
62.625	1.5	0.999998451343236	0.799979137722993	-3.43720281085708e-06	9.798985128641	0.999999829647756
62.875	1.5	0.99999844601099	0.799979866605671	-3.48873012371126e-06	9.5989902885184	0.999999829061209
63.125	1.5	0.999998438865321	0.799980605743823	-3.54917447858184e-06	9.39899526514367	0.999999828275185
63.375	1.5	0.999998429755511	0.79998135689652	-3.61960943208637e-06	9.19900005578625	0.999999827273106
63.625	1.5	0.999998418510113	0.799982122021863	-3.7012755243102e-06	8.99900465725613	0.999999826036112
63.875	1.5	0.999998404932477	0.799982903305584	-3.79561018074947e-06	8.79900906585125	0.999999824542572
64.125	1.5	0.999998388795643	0.799983703194172	-3.90428373571326e-06	8.5990132772974	0.999999822767521
64.375	1.5	0.99999836983753	0.799984524433408	-4.02924297421012e-06	8.39901728667924	0.999999820682128
64.625	1.5	0.999998347758012	0.799985370112961	-4.17276399032907e-06	8.1990210883612	0.999999818253381
64.875	1.5	0.999998322219592	0.799986243718311	-4.33751660948457e-06	7.99902467589636	0.999999815444155
65.125	1.5	0.999998292852528	0.799987149190975	-4.52664320236743e-06	7.79902804192124	0.999999812213778
65.375	1.5	0.999998259262417	0.799988090998463	-4.74385549621075e-06	7.59903117803441	0.999999808518866
65.625	1.5	0.999998221033244	0.799989074215346	-4.99355388938432e-06	7.39903407465603	0.999999804313657
65.875	1.5	0.999998177712475	0.799990104617267	-5.28097503200335e-06	7.19903672086568	0.999999799548372
66.125	1.5	0.999998128759826	0.799991188789634	-5.61237499410904e-06	6.99903910421562	0.999999794163581
66.375	1.5	0.999998073443163	0.799992334253091	-5.99525755399578e-06	6.79904121051651	0.999999788078748
66.625	1.5	0.999998010680702	0.799993549607566	-6.43866011843049e-06	6.59904302359248	0.999999781174877
66.875	1.5	0.999997938864259	0.799994844696145	-6.95351400859645e-06	6.39904452500186	0.999999773275069
67.125	1.5	0.999997855752957	0.799996230788558	-7.55310168763328e-06	6.199045693718	0.999999764132825
67.375	1.5	0.999997758584953	0.799997720781283	-8.25364135816926e-06	5.99904650576295	0.999999753444345
67.625	1.5	0.999997644579605	0.799999329406504	-9.07503957899646e-06	5.79904693378337	0.999999740903757
67.875	1.5	0.999997511934682	0.800001073435363	-1.00418651751781e-05	5.59904694655758	0.999999726312815
68.125	1.5	0.999997361196763	0.800002971850892	-1.11846128272694e-05	5.39904650842597	0.999999709731644
68.375	1.5	0.999997196462029	0.800005045952326	-1.25413424892135e-05	5.19904557865131	0.999999691610823
68.625	1.5	0.999997025306914	0.800007319333349	-1.41598027817132e-05	4.99904411074416	0.99999967278376
68.875	1.5	0.999996855876679	0.800009817646919	-1.61001770919081e-05	4.79904205183709	0.999999654146435
69.125	1.5	0.999996689608465	0.800012568020121	-1.84386397144209e-05	4.59903934225582	0.999999635856931
69.375	1.5	0.999996509227511	0.800015597895231	-2.12719926231279e-05	4.39903591550613	0.999999616015026
69.625	1.5	0.999996264463553	0.800018932919069	-2.47237953719167e-05	4.19903169895272	0.999999589090991
69.875	1.5	0.999995862415262	0.800022593237729	-2.8952629697658e-05	3.99902661548995	0.999999544865679
70.125	1.5	0.999995174542413	0.800026587119342	-3.41634797478944e-05	3.7990205864973	0.999999469199666
70.375	1.5	0.999994075087132	0.800030900152359	-4.06236609318602e-05	3.59901353639111	0.999999348259585
70.625	1.5	0.999992521757618	0.800035477265949	-4.86852569987606e-05	3.39900539929043	0.999999177393338
70.875	1.5	0.999990673542159	0.800040193389972	-5.88165358388155e-05	3.19899612900829	0.999998974089638
71.125	1.5	0.999989009578731	0.800044806561057	-7.16451829007343e-05	2.9989857152033	0.999998791053661
71.375	1.5	0.999988371029783	0.800048884407988	-8.80163264238861e-05	2.79897421158703	0.999998720813276
71.625	1.5	0.999989811056407	0.80005169065019	-0.000109068334171521	2.59896178698984	0.999998879216205
71.875	1.5	0.999994137341688	0.800052011407836	-0.000136329785831419	2.39894881692031	0.999999355107586
72.125	1.5	1.00000110825791	0.80004788970813	-0.00017184316376785	2.19893604160723	1.00000012190837
72.375	1.5	1.00000843048517	0.800036217098299	-0.000218326913244665	1.99892482567962	1.00000092735337
72.625	1.5	1.00001099299134	0.800012098231771	-0.000279400694836569	1.79891756451205	1.00000120922905
72.875	1.5	1.0000010641822	0.799967849502647	-0.000359922010336154	1.5989182953098	1.00000011706004
73.125	1.5	0.999970263810592	0.799891404718526	-0.000466517263734525	1.39893359541697	0.999996729019165
73.375	1.5	0.99991369477289	0.799763763576999	-0.000608433365377399	1.19897390367761	0.999990506425018
73.625	1.5	0.999835418297797	0.799554910581696	-0.000798875761876199	0.999055512484123	0.999981896012758
73.875	1.5	0.999752536635509	0.799217321965963	-0.00105701365704334	0.79920368853539	0.999972779029906
74.125	1.5	0.999693292320515	0.79867571877958	-0.0014107940094603	0.599457731856287	0.999966262155257
74.375	1.5	0.99968466154448	0.797811037551598	-0.00190058802212667	0.39987930460316	0.999965312769893
74.625	1.5	0.999729753207238	0.796435510435212	-0.00258338364385961	0.20056605270902	0.999970272852796
74.875	1.5	0.999787615995553	0.39779258477803	0.0106196292560115	0.00167338966217514	0.999976637759511
0.125	2.5	2.31766046120045e-07	0.39982917191125	-0.00119152404661212	58.6048574183168	0.890000025494265
0.375	2.5	-4.90017638056227e-06	0.799605334377146	-0.00064905492769352	58.4269334317203	0.889999460980598
0.625	2.5	-1.6188261317784e-05	0.7995578641352	-0.000323969556406492	58.2490332600223	0.889998219291255
0.875	2.5	-3.4414989235913e-05	0.799595556458037	-0.000135918752053329	58.0711308940731	0.889996214351184
1.125	2.5	-5.9175636324241e-05	0.799668759587473	-3.33793426586887e-05	57.8932147508968	0.889993490680004
1.375	2.5	-8.79842850305135e-05	0.799751573668557	1.65372729295654e-05	57.7152808987122	0.889990321728647
1.625	2.5	-0.000115427293012831	0.799831470739913	3.4700208953953e-05	57.5373291707276	0.889987302997769
1.875	2.5	-0.000132438056950717	0.799903227817351	3.42487192160678e-05	57.3593609719721	0.889985431813735
2.125	2.5	-0.000125795835921154	0.799965442028741	2.33703196805901e-05	57.1813780609279	0.889986162458049
2.375	2.5	-7.79491766312354e-05	0.800018567566182	7.09693840925182e-06	57.0033818850576	0.88999142559057
2.625	2.5	3.27605489024562e-05	0.800063840172761	-1.15364498032713e-05	56.8253732282162	0.890003603660379
2.875	2.5	0.000231441330398437	0.800102712156851	-3.07466895352948e-05	56.6473520346148	0.890025458546344
3.125	2.5	0.000545574734866872	0.800136575606235	-4.95251787684345e-05	56.4693173365949	0.890060013220835
3.375	2.5	0.00100359003257143	0.800166643955677	-6.73338422645758e-05	56.2912672490992	0.890110394903583
3.625	2.5	0.00163320094033184	0.800193916997298	-8.39128959426725e-05	56.1131990128918	0.890179652103437
3.875	2.5	0.00245964925852431	0.800219186808378	-9.9160530104846e-05	55.9351090777935	0.890270561418438
4.125	2.5	0.00350401383760679	0.800243060997095	-0.000113058664039088	55.7569932205625	0.890385441522137
4.375	2.5	0.0047817387399256	0.800265990614287	-0.000125628037186366	55.5788466922188	0.890525991261392
4.625	2.5	0.00630151261025608	0.80028829633373	-0.000136901823711266	55.4006643883023	0.890693166387128
4.875	2.5	0.00806459583688196	0.800310190016446	-0.000146910807112281	55.2224410339001	0.890887105542057
5.125	2.5	0.01006464827475	0.80033179069413	-0.000155675657633447	55.0441713739671	0.891107111310222
5.375	2.5	0.0122880640037541	0.800353135013635	-0.000163203487980735	54.8658503588785	0.891351687040413
5.625	2.5	0.0147147766610018	0.800374182664205	-0.000169486927777046	54.6874733154331	0.89161862543271
5.875	2.5	0.0173194645275161	0.800394817493196	-0.000174504651912797	54.5090360946176	0.891905141098027
6.125	2.5	0.0200730628373061	0.800414845035255	-0.00017822275262136	54.3305351891478	0.892208036912104
6.375	2.5	0.0229444842056931	0.800433987106626	-0.000180596647449993	54.1519678158467	0.892523893262626
6.625	2.5	0.0259024572017941	0.8004518739952	-0.000181573422448626	53.9733319599442	0.892849270292197
6.875	2.5	0.0289174163139097	0.800468034635122	-0.000181094661586808	53.7946263800802	0.89318091579453
7.125	2.5	0.031963410156845	0.800481885013173	-0.000179099928391525	53.6158505738596	0.893515975117253
7.375	2.5	0.0350200333505524	0.800492714942671	-0.000175531151146321	53.4370047040911	0.893852203668561
7.625	2.5	0.0380744248819251	0.800499673290489	-0.000170338211016293	53.2580894852615	0.894188186737012
7.875	2.5	0.0411234062702368	0.80050175179907	-0.000163486026722556	53.0791060284588	0.894523574689726
8.125	2.5	0.0441758527775155	0.800497767851162	-0.000154963347847491	52.9000556410198	0.894859343805527
8.375	2.5	0.0472553997849952	0.800486346929447	-0.000144793286911351	52.7209395748723	0.89519809397635
8.625	2.5	0.0504035878451226	0.80046590616319	-0.000133045316543942	52.5417587150505	0.895544394662964
8.875	2.5	0.0536835511587154	0.800434641264621	-0.000119848011614511	52.3625131972254	0.895905190627459
9.125	2.5	0.0571843649607537	0.800390520350917	-0.000105401213252338	52.1832019401632	0.896290280145683
9.375	2.5	0.061026196397508	0.800331289628955	-8.99855231186696e-05	52.0038220754174	0.896712881603726
9.625	2.5	0.0653664540722211	0.800254497645585	-7.39661073357929e-05	51.8243682517318	0.897190309947944
9.875	2.5	0.0704071934870061	0.800157546649036	-5.77867412233414e-05	51.6448317850779	0.897744791283571
10.125	2.5	0.0764040750360575	0.800037781274748	-4.19489725461217e-05	51.4651996169285	0.898404448253966
10.375	2.5	0.0836771142219065	0.799892625638855	-2.69704943881516e-05	51.285453034397	0.89920448256441
10.625	2.5	0.0926231755722099	0.79971977895191	-1.33168486916897e-05	51.1055660997109	0.900188549312943
10.875	2.5	0.103729423294491	0.799517475452241	-1.30243098004367e-06	50.9255037406173	0.901410236562394
11.125	2.5	0.117585439644481	0.799284805428813	9.03794658238151e-06	50.7452194814269	0.902934398360893
11.375	2.5	0.134889097069963	0.799022080732639	1.80947656691128e-05	50.564652868222	0.904837800677696
11.625	2.5	0.156437318378227	0.798731215763563	2.68160219841884e-05	50.3837267903759	0.907208105021605
11.875	2.5	0.18308803493486	0.79841609693914	3.6769126338785e-05	50.2023451519469	0.910139683842835
12.125	2.5	0.215675985487561	0.798082948324361	5.00489490191438e-05	50.0203917034179	0.913724358403632
12.375	2.5	0.254867146537593	0.797740767372258	6.89402762138027e-05	49.8377312370567	0.918035386119135
12.625	2.5	0.300951687811761	0.797401931112781	9.52862098997836e-05	49.654214576786	0.923104685659294
12.875	2.5	0.353608871199853	0.797082889891485	0.000129640046006447	49.4696885076432	0.928896975831984
13.125	2.5	0.411722885950269	0.796804347176534	0.000170473472842154	49.2840106339025	0.93528951745453
13.375	2.5	0.473357727355885	0.796589768056138	0.000213870989114708	49.0970671310273	0.942069350009147
13.625	2.5	0.535969847864004	0.796461339015267	0.000254079345510945	48.9087892314684	0.94895668326504
13.875	2.5	0.596835223710626	0.7964341699674	0.000284908271268683	48.7191634757933	0.955651874608169
14.125	2.5	0.653547174493132	0.796511459613134	0.000301473498712181	48.5282323277814	0.961890189194245
14.375	2.5	0.704396943897573	0.796683378324308	0.000301521328109184	48.3360851965828	0.967483663828733
14.625	2.5	0.748519737172559	0.796930151005279	0.000285804723193202	48.1428432509782	0.972337171088982
14.875	2.5	0.78581384766473	0.797227388313013	0.000257509136907437	47.9486427923762	0.97643952324312
15.125	2.5	0.816727341483195	0.797551120044566	0.000221148152498388	47.7536210855855	0.979840007563151
15.375	2.5	0.842018493688164	0.797881043077873	0.000181435353516739	47.5579065447178	0.982622034305698
15.625	2.5	0.862558728831592	0.798201827192767	0.000142463038357834	47.3616133388359	0.984881460171475
15.875	2.5	0.879201824598016	0.798503048937357	0.000107281809363692	47.1648394542733	0.986712200705782
16.125	2.5	0.892713641894876	0.798778429882828	7.78146336302895e-05	46.9676669885883	0.988198500608436
16.375	2.5	0.903745101312219	0.799024868187054	5.49809171323669e-05	46.7701636310071	0.989411961144344
16.625	2.5	0.912830936288049	0.799241528162219	3.89158878159734e-05	46.5723846077704	0.990411402991685
16.875	2.5	0.92040112455165	0.799429092725519	2.92064498433973e-05	46.3743746694909	0.991244123700681
17.125	2.5	0.926796791125916	0.799589195754566	2.51006134639151e-05	46.1761699126346	0.991947647023851
17.375	2.5	0.932286182909997	0.799724012957391	2.56735944496653e-05	45.9777993589396	0.9925514801201
17.625	2.5	0.93707877976535	0.799835978472812	2.99489621405689e-05	45.7792862863682	0.993078665774189
17.875	2.5	0.941336995255718	0.799927595365806	3.69805174154063e-05	45.5806493358795	0.993547069478129
18.125	2.5	0.945185592633967	0.800001313567753	4.59030007189915e-05	45.3819034273948	0.993970415189736
18.375	2.5	0.948719195375111	0.800059454945295	5.59596157736648e-05	45.1830605170936	0.994359111491262
18.625	2.5	0.952008308273117	0.800104170615198	6.6513178759657e-05	44.9841302231308	0.994720913910043
18.875	2.5	0.955104206999085	0.800137419932359	7.70462601102989e-05	44.7851203413026	0.995061462769899
19.125	2.5	0.958042967921965	0.800160963804169	8.71543449113669e-05	44.5860372675031	0.995384726471416
19.375	2.5	0.960848828550021	0.800176367298207	9.6534927910122e-05	44.3868863403796	0.995693371140502
19.625	2.5	0.963537005047924	0.800185008126934	0.000104974596355145	44.1876721152958	0.995989070555272
19.875	2.5	0.966116049308577	0.800188088693903	0.000112335506429913	43.9883985792472	0.996272765423943
20.125	2.5	0.968589801418448	0.80018665012784	0.000118542182172916	43.7890693154326	0.996544878156029
20.375	2.5	0.970958979628647	0.800181587225651	0.000123569220312752	43.5896876255004	0.996805487759151
20.625	2.5	0.973222444586806	0.800173663559252	0.000127430234964689	43.3902566168896	0.997054468904549
20.875	2.5	0.975378173757929	0.800163526229777	0.000130168199198603	43.190779262059	0.997291599113372
21.125	2.5	0.977423982840061	0.800151719916141	0.000131847217424132	42.9912584357131	0.997516638112407
21.375	2.5	0.979358031754788	0.80013869998527	0.000132545678682671	42.7916969353823	0.997729383493027
21.625	2.5	0.981179152515188	0.800124844522768	0.000132350688609526	42.5920974899314	0.997929706776671
21.875	2.5	0.982887034637687	0.800110465215075	0.00013135364694761	42.3924627597858	0.998117573810146
22.125	2.5	0.984482300876017	0.800095817068081	0.000129646824061369	42.1927953319165	0.998293053096362
22.375	2.5	0.985966502244686	0.800081106990368	0.000127320788064299	41.9930977119382	0.998456315246915
22.625	2.5	0.987342056971146	0.800066501297968	0.000124462540601674	41.7933723150744	0.998607626266826
22.875	2.5	0.988612153555938	0.800052132218903	0.000121154230875135	41.5936214572322	0.998747336891153
23.125	2.5	0.98978063384104	0.800038103486991	0.000117472331893662	41.3938473470152	0.998875869722514
23.375	2.5	0.990851868107539	0.800024495119904	0.000113487178621714	41.1940520791734	0.998993705491829
23.625	2.5	0.991830630872651	0.800011367476753	0.000109262782853573	40.9942376297427	0.999101369395992
23.875	2.5	0.992721983282654	0.799998764686387	0.000104856854643957	40.7944058529462	0.999199418161092
24.125	2.5	0.993531165793678	0.79998671753208	0.00010032097288671	40.594558479805	0.999288428237305
24.375	2.5	0.994263503149482	0.799975245869904	9.57008594470798e-05	40.3946971183264	0.999368985346443
24.625	2.5	0.994924322433935	0.799964360650628	9.10367211223141e-05	40.1948232550908	0.999441675467733
24.875	2.5	0.995518884117934	0.799954065606235	8.63636317562295e-05	39.9949382580368	0.999507077252973
25.125	2.5	0.996052325458456	0.799944358653525	8.1711933904192e-05	39.79504338024	0.99956575580043
25.375	2.5	0.996529615270174	0.799935233061077	7.7107644619776e-05	39.5951397644861	0.999618257679719
25.625	2.5	0.996955518917264	0.799926678417516	7.25728544012694e-05	39.3952284484553	0.999665107080899
25.875	2.5	0.997334572314753	0.79991868143451	6.81261116712381e-05	39.1953103703501	0.999706802954623
26.125	2.5	0.997671063745891	0.799911226611293	6.3782787714317e-05	38.9953863748202	0.999743817012048
26.375	2.5	0.997969022365921	0.799904296784343	5.95554189758136e-05	38.7954572190565	0.999776592460251
26.625	2.5	0.99823221235181	0.799897873581168	5.54540251031724e-05	38.5955235789443	0.999805543358699
26.875	2.5	0.998464131757905	0.799891937793978	5.14864021174035e-05	38.3955860551864	0.99983105449337
27.125	2.5	0.998668015239699	0.799886469686895	4.76583909465264e-05	38.195645179318	0.999853481676367
27.375	2.5	0.998846839906394	0.799881449247634	4.39741219791668e-05	37.9957014195545	0.999873152389703
27.625	2.5	0.999003333654544	0.799876856392874	4.04362367078614e-05	37.7957551864215	0.999890366702
27.875	2.5	0.99913998541888	0.799872671134894	3.70460877766798e-05	37.595806838132	0.999905398396077
28.125	2.5	0.999259056851918	0.799868873715994	3.38039188699679e-05	37.395856685681	0.999918496253711
28.375	2.5	0.999362595011571	0.799865444715857	3.07090257647301e-05	37.19590499764	0.999929885451273
28.625	2.5	0.999452445696628	0.799862365136656	2.77599001822247e-05	36.9959520046396	0.999939769026629
28.875	2.5	0.999530267124168	0.799859616469085	2.49543578190319e-05	36.7959979035334	0.999948329383658
29.125	2.5	0.999597543691423	0.799857180743064	2.22896518538656e-05	36.5960428612451	0.999955729806057
29.375	2.5	0.999655599608256	0.799855040564951	1.97625734156788e-05	36.3960870183016	0.999962115956908
29.625	2.5	0.999705612225268	0.799853179144251	1.73695400373163e-05	36.1961304920608	0.999967617344779
29.875	2.5	0.999748624917448	0.799851580311294	1.5106673442393e-05	35.9961733796444	0.999972348740919
30.125	2.5	0.999785559414344	0.799850228527118	1.29698676116209e-05	35.7962157605901	0.999976411535578
30.375	2.5	0.999817227495267	0.799849108887419	1.09548481263181e-05	35.5962576992368	0.999979895024479
30.625	2.5	0.999844341992118	0.799848207121516	9.05722375357335e-06	35.3962992468598	0.999982877619133
30.875	2.5	0.999867527063602	0.799847509586841	7.27253097660677e-06	35.1963404435723	0.999985427976996
31.125	2.5	0.999887327722529	0.799847003260191	5.59627237698105e-06	34.9963813200114	0.999987606049478
31.375	2.5	0.999904218613327	0.799846675726302	4.02394943532561e-06	34.7964218988247	0.999989464047466
31.625	2.5	0.999918612049455	0.799846515164304	2.55109032693796e-06	34.5964621959755	0.99999104732544
31.875	2.5	0.99993086533085	0.799846510332098	1.17327353739773e-06	34.3965022218829	0.999992395186393
32.125	2.5	0.999941287369567	0.799846650549911	-1.13852615231541e-07	34.1965419824125	0.999993541610652
32.375	2.5	0.99995014465798	0.799846925682403	-1.31455368015297e-06	33.9965814797334	0.999994515912378
32.625	2.5	0.999957666618347	0.79984732612046	-2.43299585481151e-06	33.7966207130552	0.999995343328018
32.875	2.5	0.99996405037535	0.799847842762235	-3.47323541608753e-06	33.5966596792588	0.999996045541289
33.125	2.5	0.999969464994884	0.799848466994009	-4.4392103581654e-06	33.3966983734329	0.999996641149437
33.375	2.5	0.999974055232824	0.799849190671072	-5.3347341380573e-06	33.1967367893277	0.999997146075611
33.625	2.5	0.999977944836943	0.799850006098262	-6.1634910615362e-06	32.996774919736	0.999997573932064
33.875	2.5	0.999981239444184	0.799850906011249	-6.929033262789e-06	32.7968127568118	0.99999793633886
34.125	2.5	0.999984029113574	0.799851883557479	-7.63477889129265e-06	32.5968502923331	0.999998243202493
34.375	2.5	0.999986390533004	0.799852932277847	-8.28401146149037e-06	32.3968875179181	0.99999850295863
34.625	2.5	0.999988388935648	0.799854046088389	-8.87988013986174e-06	32.1969244252009	0.999998722782921
34.875	2.5	0.999990079759163	0.799855219263028	-9.42540077878093e-06	31.996961005972	0.999998908773508
35.125	2.5	0.99999151007814	0.799856446416046	-9.9234576648349e-06	31.7969972522897	0.999999066108595
35.375	2.5	0.999992719837468	0.799857722485621	-1.03768058035782e-05	31.5970331565666	0.999999199182121
35.625	2.5	0.999993742911758	0.799859042717786	-1.07880736622871e-05	31.3970687116345	0.999999311720293
35.875	2.5	0.99999460801327	0.799860402650729	-1.11597662534258e-05	31.1971039107929	0.99999940688146
36.125	2.5	0.99999533946845	0.799861798099991	-1.14942685482547e-05	30.9971387478415	0.99999948734153
36.375	2.5	0.999995957880854	0.799863225143944	-1.17938490688949e-05	30.7971732171017	0.999999555366894
36.625	2.5	0.999996480696155	0.799864680110094	-1.20606636791389e-05	30.5972073134278	0.999999612876577
36.875	2.5	0.999996922682996	0.799866159561731	-1.22967594804739e-05	30.3972410322099	0.99999966149513
37.125	2.5	0.999997296341721	0.799867660285282	-1.25040787754568e-05	30.197274369371	0.999999702597589
37.375	2.5	0.999997612251402	0.799869179278249	-1.26844630784911e-05	29.9973073213581	0.999999737347654
37.625	2.5	0.999997879364229	0.799870713737549	-1.2839657114015e-05	29.7973398851301	0.999999766730065
37.875	2.5	0.999998105255069	0.799872261048515	-1.29713128224078e-05	29.5973720581416	0.999999791578058
38.125	2.5	0.999998296332868	0.79987381877437	-1.30809932965321e-05	29.3974038383256	0.999999812596615
38.375	2.5	0.999998458019674	0.799875384646223	-1.31701766735663e-05	29.1974352240733	0.999999830382164
38.625	2.5	0.999998594902199	0.799876956553538	-1.3240259947725e-05	28.9974662142135	0.999999845439242
38.875	2.5	0.999998710860086	0.799878532535037	-1.32925626958745e-05	28.7974968079909	0.999999858194609
39.125	2.5	0.999998809174455	0.799880110770187	-1.33283306909745e-05	28.5975270050444	0.99999986900919
39.375	2.5	0.999998892619767	0.799881689570973	-1.33487394368255e-05	28.3975568053845	0.999999878188174
39.625	2.5	0.999998963541568	0.799883267374141	-1.33548975729853e-05	28.1975862093719	0.999999885989573
39.875	2.5	0.999999023922287	0.799884842733971	-1.3347850170611e-05	27.9976152176959	0.999999892631452
40.125	2.5	0.999999075436937	0.799886414315177	-1.33285819152573e-05	27.7976438313527	0.999999898298063
40.375	2.5	0.99999911950027	0.799887980886462	-1.32980201518301e-05	27.5976720516254	0.99999990314503
40.625	2.5	0.999999157306706	0.799889541314188	-1.32570378481673e-05	27.3976998800638	0.999999907303738
40.875	2.5	0.999999189864146	0.799891094556535	-1.32064563895173e-05	27.1977273184652	0.999999910885056
41.125	2.5	0.999999218022618	0.799892639657969	-1.31470483041776e-05	26.997754368856	0.999999913982488
41.375	2.5	0.999999242498543	0.799894175743843	-1.30795398309581e-05	26.7977810334739	0.99999991667484
41.625	2.5	0.99999926389528	0.799895702015599	-1.30046134144637e-05	26.597807314751	0.999999919028481
41.875	2.5	0.999999282720559	0.799897217745921	-1.29229100431102e-05	26.3978332152978	0.999999921099262
42.125	2.5	0.999999299401221	0.799898722274381	-1.28350315120597e-05	26.1978587378877	0.999999922934134
42.375	2.5	0.999999314295738	0.799900215003245	-1.2741542581989e-05	25.9978838854427	0.999999924572531
42.625	2.5	0.999999327704795	0.799901695393478	-1.26429729944541e-05	25.7979086610193	0.999999926047527
42.875	2.5	0.999999339880274	0.799903162961099	-1.25398194541474e-05	25.5979330677957	0.99999992738683
43.125	2.5	0.999999351032849	0.799904617273583	-1.24325474507058e-05	25.3979571090594	0.999999928613613
43.375	2.5	0.999999361338436	0.79990605794662	-1.23215930311747e-05	25.1979807881955	0.999999929747228
43.625	2.5	0.999999370943633	0.799907484640959	-1.22073644712765e-05	24.998004108676	0.9999999308038
43.875	2.5	0.999999379970345	0.799908897059476	-1.20902438585455e-05	24.7980270740491	0.999999931796738
44.125	2.5	0.999999388519685	0.799910294944456	-1.19705886066273e-05	24.5980496879301	0.999999932737165
44.375	2.5	0.999999396675285	0.799911678074883	-1.184873286664e-05	24.3980719539916	0.999999933634281
44.625	2.5	0.999999404506078	0.799913046264109	-1.17249889091035e-05	24.1980938759556	0.999999934495669
44.875	2.5	0.999999412068681	0.799914399357509	-1.15996483853656e-05	23.9981154575852	0.999999935327555
45.125	2.5	0.99999941940938	0.799915737230252	-1.147298355441e-05	23.798136702677	0.999999936135032
45.375	2.5	0.999999426565809	0.799917059785369	-1.13452484397286e-05	23.5981576150546	0.999999936922239
45.625	2.5	0.999999433568386	0.799918366951756	-1.12166799170745e-05	23.3981781985615	0.999999937692522
45.875	2.5	0.999999440441513	0.79991965868247	-1.10874987604833e-05	23.1981984570554	0.999999938448566
46.125	2.5	0.999999447204581	0.799920934952909	-1.09579106138601e-05	22.9982183944022	0.999999939192504
46.375	2.5	0.999999453872821	0.799922195759367	-1.08281069195615e-05	22.798238014471	0.99999993992601
46.625	2.5	0.999999460458025	0.799923441117473	-1.06982658127432e-05	22.5982573211291	0.999999940650383
46.875	2.5	0.999999466969151	0.799924671060821	-1.05685529350307e-05	22.3982763182371	0.999999941366607
47.125	2.5	0.999999473412828	0.799925885639668	-1.04391222514672e-05	22.1982950096451	0.999999942075411
47.375	2.5	0.999999479793777	0.799927084919728	-1.03101167728182e-05	21.9983133991884	0.999999942777315
47.625	2.5	0.999999486115172	0.799928268980994	-1.01816692879903e-05	21.7983314906839	0.999999943472669
47.875	2.5	0.999999492378924	0.799929437916728	-1.00539030246084e-05	21.5983492879269	0.999999944161682
48.125	2.5	0.99999949858595	0.799930591832438	-9.92693229130511e-06	21.3983667946875	0.999999944844455
48.375	2.5	0.999999504736357	0.799931730844958	-9.80086309306698e-06	21.1983840147081	0.999999945520999
48.625	2.5	0.999999510829631	0.799932855081543	-9.67579369299467e-06	20.9984009517006	0.999999946191259
48.875	2.5	0.999999516864769	0.799933964679159	-9.55181517838637e-06	20.7984176093437	0.999999946855125
49.125	2.5	0.999999522840396	0.79993505978369	-9.42901197144566e-06	20.5984339912808	0.999999947512444
49.375	2.5	0.999999528754861	0.799936140549164	-9.30746232758971e-06	20.3984501011179	0.999999948163035
49.625	2.5	0.999999534606326	0.799937207137297	-9.18723881451693e-06	20.1984659424213	0.999999948806696
49.875	2.5	0.999999540392814	0.799938259716713	-9.06840877353361e-06	19.9984815187162	0.99999994944321
50.125	2.5	0.999999546112271	0.799939298462572	-8.95103474115836e-06	19.7984968334848	0.99999995007235
50.375	2.5	0.999999551762598	0.799940323555909	-8.83517487513535e-06	19.5985118901648	0.999999950693886
50.625	2.5	0.999999557341693	0.799941335183318	-8.72088335742551e-06	19.3985266921479	0.999999951307586
50.875	2.5	0.999999562847472	0.799942333536449	-8.608210781712e-06	19.1985412427785	0.999999951913222
51.125	2.5	0.999999568277886	0.799943318811705	-8.49720452892863e-06	18.9985555453528	0.999999952510567
51.375	2.5	0.999999573630938	0.799944291209839	-8.38790914161606e-06	18.7985696031171	0.999999953099403
51.625	2.5	0.999999578904686	0.799945250935704	-8.28036665937972e-06	18.5985834192671	0.999999953679515
51.875	2.5	0.999999584097261	0.799946198197964	-8.17461699675931e-06	18.3985969969468	0.999999954250699
52.125	2.5	0.999999589206856	0.799947133208895	-8.07069826891083e-06	18.1986103392478	0.999999954812754
52.375	2.5	0.999999594231744	0.799948056184147	-7.96864713834955e-06	17.9986234492079	0.999999955365492
52.625	2.5	0.999999599170262	0.799948967342653	-7.86849915954861e-06	17.7986363298111	0.999999955908729
52.875	2.5	0.999999604020817	0.799949866906428	-7.77028911285999e-06	17.5986489839857	0.99999995644229
53.125	2.5	0.999999608781876	0.799950755100538	-7.6740513539478e-06	17.3986614146047	0.999999956966006
53.375	2.5	0.999999613451969	0.799951632152957	-7.57982016479055e-06	17.1986736244841	0.999999957479717
53.625	2.5	0.999999618029676	0.799952498294681	-7.48763008914926e-06	16.9986856163829	0.999999957983264
53.875	2.5	0.999999622513624	0.799953353759577	-7.39751633671774e-06	16.7986973930017	0.999999958476499
54.125	2.5	0.999999626902476	0.79995419878451	-7.30951513153347e-06	16.5987089569825	0.999999958959272
54.375	2.5	0.999999631194931	0.7999550336094	-7.22366411739631e-06	16.3987203109077	0.999999959431442
54.625	2.5	0.999999635389709	0.799955858477283	-7.14000278391685e-06	16.1987314572994	0.999999959892868
54.875	2.5	0.999999639485541	0.799956673634578	-7.05857289863256e-06	15.9987423986184	0.99999996034341
55.125	2.5	0.999999643481168	0.79995747933112	-6.97941897007506e-06	15.7987531372636	0.999999960782929
55.375	2.5	0.999999647375327	0.799958275820452	-6.90258876730679e-06	15.5987636755711	0.999999961211286
55.625	2.5	0.999999651166737	0.799959063360098	-6.82813383835767e-06	15.3987740158132	0.999999961628341
55.875	2.5	0.999999654854096	0.799959842211836	-6.75611011559022e-06	15.1987841601971	0.999999962033951
56.125	2.5	0.999999658436067	0.799960612642054	-6.68657853801274e-06	14.9987941108642	0.999999962427967
56.375	2.5	0.999999661911269	0.799961374922161	-6.61960574821016e-06	14.7988038698887	0.99999996281024
56.625	2.5	0.999999665278266	0.799962129329024	-6.55526486126724e-06	14.5988134392764	0.999999963180609
56.875	2.5	0.999999668535553	0.799962876145477	-6.49363630308347e-06	14.398822820963	0.999999963538911
57.125	2.5	0.999999671681546	0.799963615660886	-6.43480873967094e-06	14.198832016813	0.99999996388497
57.375	2.5	0.999999674714569	0.799964348171773	-6.37888010905215e-06	13.9988410286177	0.999999964218603
57.625	2.5	0.99999967763284	0.799965073982515	-6.32595877354822e-06	13.7988498580931	0.999999964539612
57.875	2.5	0.999999680434458	0.799965793406127	-6.27616479985459e-06	13.5988585068785	0.99999996484779
58.125	2.5	0.99999968311739	0.799966506765099	-6.22963140738229e-06	13.3988669765336	0.999999965142913
58.375	2.5	0.999999685679452	0.799967214392325	-6.18650657397442e-06	13.1988752685363	0.99999996542474
58.625	2.5	0.999999688118294	0.799967916632182	-6.14695485880105e-06	12.9988833842802	0.999999965693012
58.875	2.5	0.999999690431382	0.799968613841591	-6.11115945480321e-06	12.798891325071	0.999999965947452
59.125	2.5	0.999999692615983	0.799969306391359	-6.07932451573044e-06	12.5988990921239	0.999999966187758
59.375	2.5	0.99999969466914	0.799969994667433	-6.05167777772818e-06	12.3989066865595	0.999999966413605
59.625	2.5	0.999999696587657	0.799970679072489	-6.02847356829291e-06	12.1989141094	0.999999966624642
59.875	2.5	0.999999698368076	0.799971360027477	-6.00999619276208e-06	11.9989213615649	0.999999966820488
60.125	2.5	0.99999970000665	0.799972037973461	-5.99656383716984e-06	11.798928443866	0.999999967000732
60.375	2.5	0.99999970149933	0.799972713373496	-5.9885330010767e-06	11.5989353570024	0.999999967164926
60.625	2.5	0.999999702841724	0.79997338671474	-5.98630359130727e-06	11.3989421015547	0.99999996731259
60.875	2.5	0.999999704029066	0.799974058510694	-5.99032476986736e-06	11.1989486779786	0.999999967443197
61.125	2.5	0.999999705056177	0.799974729303636	-6.001101667722e-06	10.998955086598	0.999999967556179
61.375	2.5	0.999999705917407	0.799975399667225	-6.01920313911855e-06	10.7989613275979	0.999999967650915
61.625	2.5	0.999999706606592	0.799976070209222	-6.04527071027446e-06	10.5989674010155	0.999999967726725
61.875	2.5	0.999999707117019	0.799976741574446	-6.08002893232339e-06	10.3989733067321	0.999999967782872
62.125	2.5	0.999999707441431	0.799977414447774	-6.12429739831987e-06	10.198979044463	0.999999967818557
62.375	2.5	0.999999707572081	0.799978089557285	-6.17900470314728e-06	9.99898461374735	0.999999967832929
62.625	2.5	0.999999707500836	0.799978767677359	-6.24520470125659e-06	9.79899001393668	0.999999967825092
62.875	2.5	0.999999707219298	0.799979449631786	-6.3240954739902e-06	9.59899524418325	0.999999967794123
63.125	2.5	0.999999706718822	0.799980136296625	-6.41704152704391e-06	9.39900030342717	0.99999996773907
63.375	2.5	0.999999705990297	0.79998082860265	-6.52559977130997e-06	9.19900519038305	0.999999967658933
63.625	2.5	0.999999705023486	0.799981527537278	-6.65155004279161e-06	8.999009903526	0.999999967552583
63.875	2.5	0.999999703805862	0.799982234145384	-6.79693100245198e-06	8.79901444107736	0.999999967418645
64.125	2.5	0.999999702321103	0.799982949528763	-6.96408245103099e-06	8.59901880099038	0.999999967255321
64.375	2.5	0.999999700547888	0.799983674843413	-7.15569532410212e-06	8.39902298093623	0.999999967060268
64.625	2.5	0.999999698460228	0.79998441129393	-7.37487089201417e-06	8.19902697829108	0.999999966830625
64.875	2.5	0.999999696030992	0.799985160123586	-7.62519099790128e-06	7.99903079012496	0.999999966563409
65.125	2.5	0.999999693240075	0.799985922598666	-7.91080156258541e-06	7.79903441319361	0.999999966256408
65.375	2.5	0.999999690087241	0.799986699984717	-8.23651201656215e-06	7.59903784393479	0.999999965909596
65.625	2.5	0.99999968660641	0.799987493511858	-8.60791380630868e-06	7.39904107847149	0.999999965526705
65.875	2.5	0.999999682873359	0.799988304325212	-9.03152166737238e-06	7.19904411262493	0.999999965116069
66.125	2.5	0.999999678993748	0.799989133415289	-9.51494203267503e-06	6.9990469419422	0.999999964689312
66.375	2.5	0.999999675056309	0.799989981521574	-1.00670736856435e-05	6.79904956174463	0.999999964256194
66.625	2.5	0.999999671041945	0.799990849000055	-1.06983468404592e-05	6.59905196720565	0.999999963814614
66.875	2.5	0.999999666698713	0.799991735642399	-1.14210082068251e-05	6.39905415346945	0.999999963336858
67.125	2.5	0.999999661427759	0.799992640429813	-1.22494614941148e-05	6.19905611582472	0.999999962757053
67.375	2.5	0.999999654271095	0.799993561198318	-1.32006751476646e-05	5.99905784995139	0.999999961969821
67.625	2.5	0.999999644130296	0.799994494183468	-1.42946715432605e-05	5.79905935226231	0.999999960854333
67.875	2.5	0.999999630341423	0.799995433401137	-1.55551136197325e-05	5.59906062036797	0.999999959337557
68.125	2.5	0.999999613640751	0.799996369806823	-1.70100043990401e-05	5.39906165370248	0.999999957500483
68.375	2.5	0.999999597339525	0.799997290158608	-1.8692510061421e-05	5.19906245436621	0.999999955707348
68.625	2.5	0.999999588186077	0.799998175489187	-2.0641905980414e-05	4.99906302826852	0.999999954700469
68.875	2.5	0.999999596015268	0.799998999069107	-2.2904626084098e-05	4.79906338669653	0.99999995556168
69.125	2.5	0.999999631073145	0.79999972371513	-2.55353698325829e-05	4.5990635484916	0.999999959418046
69.375	2.5	0.999999698178028	0.800000298259392	-2.85981918840172e-05	4.39906354308161	0.999999966799583
69.625	2.5	0.999999787985375	0.800000652939038	-3.21674734022831e-05	4.19906341467988	0.999999976678391
69.875	2.5	0.999999867739865	0.800000693381463	-3.63286552134761e-05	3.99906322800688	0.999999985451385
70.125	2.5	0.999999876733092	0.800000292739714	-4.11785946040791e-05	3.79906307590345	0.99999998644064
70.375	2.5	0.999999734178304	0.799999281379165	-4.68253545470598e-05	3.59906308918474	0.999999970759613
70.625	2.5	0.999999367432103	0.799997433363097	-5.33870642928001e-05	3.39906344906352	0.999999930417531
70.875	2.5	0.999998764012572	0.799994448912465	-6.09890568787822e-05	3.19906440251954	0.999999864041383
71.125	2.5	0.999998039881674	0.799989932175564	-6.97575806185154e-05	2.99906628120417	0.999999784386984
71.375	2.5	0.999997499642602	0.799983364273869	-7.98067525619914e-05	2.79906952492047	0.999999724960686
71.625	2.5	0.999997646827671	0.799974073014737	-9.12128646190778e-05	2.59907471135649	0.999999741151044
71.875	2.5	0.999999094987094	0.799961203283575	-0.000103966596066532	2.39908259425684	0.99999990044858
72.125	2.5	1.00000234704304	0.799943696443097	-0.000117889261736267	2.19909415187298	1.00000025817473
72.375	2.5	1.00000746252654	0.79992029376547	-0.000132494185897612	1.99911064514492	1.00000082087792
72.625	2.5	1.00001371683417	0.79988958921471	-0.000146768604028403	1.79913367907718	1.00000150885176
72.875	2.5	1.00001944420076	0.799850173248193	-0.000158843935518576	1.59916524951918	1.00000213886208
73.125	2.5	1.00002228686783	0.799800936823637	-0.000165508984013451	1.39920773954168	1.00000245155546
73.375	2.5	1.000019972861	0.799741653453521	-0.000161493408944677	1.19926380323715	1.00000219701471
73.625	2.5	1.00001147220585	0.799674044960048	-0.000138393948774992	0.999336036836155	1.00000126194264
73.875	2.5	0.999997999077846	0.799603693650324	-8.3014854287993e-05	0.799426278765024	0.999999779898563
74.125	2.5	0.999983063659835	0.799543436827887	2.52722023188398e-05	0.599534280623793	0.999998137002582
74.375	2.5	0.999970999633646	0.799519337999608	0.000218785793457535	0.39965530777768	0.999996809959701
74.625	2.5	0.999964392037762	0.79958133674385	0.00054835799019279	0.199775889563653	0.999996083124154
74.875	2.5	0.99996236087131	0.399818993831388	0.00109409416856311	-0.000133792288367907	0.999995859695844
0.125	3.5	3.00895967950311e-07	0.399973891987735	-0.000405046146012365	58.6053102909472	0.890000033098556
0.375	3.5	-4.81721033523723e-06	0.799929799112506	-0.000364015459580761	58.427321902394	0.889999470106863
0.625	3.5	-1.60983488985265e-05	0.799902810181604	-0.000311075832305337	58.2493417422827	0.889998229181621
0.875	3.5	-3.43450533657718e-05	0.799893057824291	-0.000260494781432992	58.0713658601076	0.88999622204413
1.125	3.5	-5.9173553507639e-05	0.799897365735428	-0.00021835852326164	57.8933908425355	0.889993490909114
1.375	3.5	-8.81198232792579e-05	0.799911807333449	-0.000186438264477531	57.7154141356633	0.889990306819439
1.625	3.5	-0.000115792568739229	0.79993287324569	-0.000164385496050585	57.5374339651238	0.889987262817439
1.875	3.5	-0.000133147557105872	0.799957838530123	-0.000150942372467338	57.3594491015225	0.889985353768718
2.125	3.5	-0.000126986351334286	0.799984777148099	-0.000144580337610805	57.181458585171	0.889986031501353
2.375	3.5	-7.97801892552178e-05	0.80001243743762	-0.000143813540200541	57.0034614629953	0.889991224179182
2.625	3.5	3.01053346743058e-05	0.800040082560817	-0.000147332486989355	56.8254565609059	0.890003311586814
2.875	3.5	0.000227750522168388	0.800067341887573	-0.000154042480818838	56.6474423015678	0.890025052557439
3.125	3.5	0.000540603035056819	0.800094089797465	-0.000163055029207861	56.4694165719138	0.890059466333856
3.375	3.5	0.000997048531368764	0.800120354302614	-0.000173658939446594	56.2913766422923	0.890109675338451
3.625	3.5	0.00162474339285052	0.800146251889554	-0.000185285320449085	56.1133191375306	0.890178721773214
3.875	3.5	0.00244885417633392	0.800171943038723	-0.000197473571709731	55.9352400584411	0.890269373959397
4.125	3.5	0.00349036271234189	0.800197602861978	-0.000209841459195829	55.7571348501555	0.890383939898358
4.375	3.5	0.00476459129736765	0.800223402078073	-0.000222060231251964	55.578998511295	0.89052410504271
4.625	3.5	0.00628008060029371	0.800249494561399	-0.000233834625203061	55.4008257356925	0.890690808866032
4.875	3.5	0.0080379174018106	0.800276008684229	-0.000244887092227793	55.2226110765154	0.890884170914199
5.125	3.5	0.0100315652812152	0.800303040511116	-0.000254945361296966	55.0443491214674	0.891103472180934
5.375	3.5	0.0122472047271223	0.800330647564577	-0.000263732426958362	54.866034667443	0.891347192519984
5.625	3.5	0.0146645457231871	0.800358842364398	-0.000270958107878144	54.6876628835973	0.891613100029551
5.875	3.5	0.0172580408794082	0.800387585275295	-0.000276311447734014	54.509229453183	0.891898384496735
6.125	3.5	0.0199984047648367	0.800416776400291	-0.000279453402316696	54.3307306864878	0.892199824524132
6.375	3.5	0.0228543378315674	0.800446246363291	-0.000280009465475923	54.1521635994887	0.892513977161472
6.625	3.5	0.0257943618765241	0.800475745852461	-0.000277562123967208	53.9735259550972	0.892837379806418
6.875	3.5	0.0287886968818555	0.800504933774129	-0.000271643283596068	53.7948162657596	0.893166756657004
7.125	3.5	0.0318111426919498	0.800533363819995	-0.000261727065862417	53.6160337574387	0.893499225696115
7.375	3.5	0.0348409679731964	0.800560469211091	-0.00024722362443437	53.4371782954373	0.893832506477052
7.625	3.5	0.0378648470411424	0.800585545391941	-0.000227474870700977	53.2582502720856	0.894165133174526
7.875	3.5	0.0408789165951955	0.80060773055592	-0.000201753231467391	53.0792504550698	0.894496680825472
8.125	3.5	0.043891045176619	0.80062598413646	-0.000169264805506033	52.9001797933132	0.894828014969428
8.375	3.5	0.0469234174137206	0.800639063846034	-0.000129158570091925	52.7210391750526	0.895161575915509
8.625	3.5	0.0500155359286625	0.800645502524809	-8.05436585008896e-05	52.5418291302903	0.895501708952153
8.875	3.5	0.0532277430638719	0.800643586993978	-2.25172513051183e-05	52.3625494672092	0.895855051737026
9.125	3.5	0.0566453717334816	0.800631342302701	4.57936245948557e-05	52.1831988293115	0.896230990890683
9.375	3.5	0.0603836587652679	0.800606526194751	0.000125172028326355	52.0037741566314	0.896642202464179
9.625	3.5	0.0645935991990593	0.800566640241211	0.000216226966919619	51.8242700298829	0.897105295911897
9.875	3.5	0.0694689785627285	0.800508965766562	0.000319277597787933	51.6446778703361	0.8976415876419
10.125	3.5	0.0752548630315575	0.800430634151354	0.000434196289270666	51.4649849604582	0.898278034933471
10.375	3.5	0.0822577896217747	0.800328741821897	0.000560199725670137	51.2851732418159	0.899048356858395
10.625	3.5	0.0908576604660352	0.80020051935786	0.00069557792708091	51.1052178403718	0.899994342651264
10.875	3.5	0.10152070982426	0.800043560512264	0.000837356486968839	50.9250852716674	0.901167278080669
11.125	3.5	0.114811594045823	0.799856109564259	0.00098090205778541	50.7447313015426	0.902629275345041
11.375	3.5	0.131400313492933	0.799637394956396	0.00111951159739118	50.5640985014479	0.904454034484223
11.625	3.5	0.152056080554564	0.799387988537969	0.00124407902046105	50.3831136676064	0.906726168861002
11.875	3.5	0.177615700898675	0.799110174944757	0.00134301075765317	50.2016854973692	0.909537727098854
12.125	3.5	0.208910172298958	0.798808350918963	0.00140264993677726	50.0197032415591	0.912980118952885
12.375	3.5	0.246634005232774	0.798489539636148	0.00140851908892042	49.8370374258127	0.917129740575605
12.625	3.5	0.291153710406037	0.798164137953478	0.00134760977994738	49.653543989456	0.922026908144664
12.875	3.5	0.342280855258794	0.797846856788486	0.00121162338398104	49.469073019726	0.927650894078467
13.125	3.5	0.399077695553258	0.797557320071827	0.00100047878704507	49.283482314507	0.933898546510858
13.375	3.5	0.459796578574916	0.797319164688539	0.000724777234187784	49.0966542088106	0.940577623643241
13.625	3.5	0.522038915007974	0.797156532615213	0.00040575707542496	48.9085120319766	0.947424280650877
13.875	3.5	0.583133877313464	0.79708828625236	7.20293747039576e-05	48.7190314816468	0.954144726504481
14.125	3.5	0.640619614271241	0.797122362326956	-0.000246123026418412	48.5282432396115	0.960468157569837
14.375	3.5	0.692647694917764	0.79725329908702	-0.000522817748989532	48.336226158376	0.966191246440954
14.625	3.5	0.738177799906907	0.797464152964063	-0.00074083098519838	48.1430936603069	0.97119955798976
14.875	3.5	0.776944377922878	0.797731416757439	-0.000892938600024417	47.948977742025	0.975463881571517
15.125	3.5	0.809272200478125	0.798030398387381	-0.000980654626866035	47.7540145682729	0.979019942052594
15.375	3.5	0.835844390252056	0.798339187868095	-0.00101153549922431	47.5583339049214	0.981942882927726
15.625	3.5	0.857498626803323	0.79864065709688	-0.000996263831068938	47.3620528265195	0.984324848948365
15.875	3.5	0.875083934699201	0.798922855645574	-0.000946283844678099	47.1652729829342	0.986259232816912
16.125	3.5	0.889378286193167	0.79917845553762	-0.000872255763905357	46.9680803052704	0.987831611481248
16.375	3.5	0.901052388569603	0.799403802651722	-0.000783260450669822	46.7705461122342	0.989115762742656
16.625	3.5	0.910662584846517	0.799597924286151	-0.000686546593433331	46.5727288543701	0.990172884333117
16.875	3.5	0.918659131680704	0.799761663199039	-0.000587604419984809	46.3746760208369	0.991052504484877
17.125	3.5	0.9254007659165	0.799896994213657	-0.000490398735109936	46.1764259548211	0.991794084250815
17.375	3.5	0.931170400062491	0.800006520077672	-0.000397653015090073	45.9780094675065	0.992428744006874
17.625	3.5	0.936189476754065	0.800093118728682	-0.000311124513549434	45.7794512219692	0.992980842442947
17.875	3.5	0.940630107276541	0.800159708266189	-0.000231843019126557	45.5807708980815	0.99346931180042
18.125	3.5	0.944624943299755	0.800209098601224	-0.000160305228814832	45.3819841647293	0.993908743762973
18.375	3.5	0.948275081772561	0.800243904414613	-9.66266586553768e-05	45.1831034882252	0.994310258994982
18.625	3.5	0.951656395290101	0.80026650004616	-4.06572071194891e-05	44.9841388029154	0.994682203481911
18.875	3.5	0.954824650155047	0.800279002160203	7.93249121027235e-06	44.7850980655227	0.995030711517055
19.125	3.5	0.957819699615695	0.800283270182174	4.95872926801678e-05	44.5859877105684	0.995360166957726
19.375	3.5	0.960668960594918	0.800280917614335	8.48208189706525e-05	44.3868130209325	0.995673585665441
19.625	3.5	0.963390316202961	0.800273329580113	0.000114181437134959	44.1875784253009	0.995972934782326
19.875	3.5	0.965994538621132	0.800261683521078	0.00013822766819404	43.9882877327125	0.996259399248325
20.125	3.5	0.968487296449032	0.800246971043201	0.000157510608059415	43.7889443133948	0.996533602609393
20.375	3.5	0.970870793607467	0.800230019636096	0.000172561598409818	43.5895512343261	0.996795787296821
20.625	3.5	0.973145079082555	0.800211513470369	0.000183883861880419	43.3901113573052	0.997045958699081
20.875	3.5	0.975309064338613	0.80019201279959	0.000191947152971326	43.1906274066543	0.997283997077247
21.125	3.5	0.977361285164033	0.800171971709285	0.000197184711135535	42.9911020129636	0.997509741368044
21.375	3.5	0.979300445065213	0.800151754097585	0.000199991966784426	42.7915377385171	0.997723048957173
21.625	3.5	0.981125776967523	0.800131647872191	0.000200726566941238	42.5919370892401	0.997923835466428
21.875	3.5	0.982837258470664	0.800111877414363	0.00019970937346854	42.3923025171978	0.998112098431773
22.125	3.5	0.984435713230121	0.800092614405352	0.000197226152751588	42.1926364169112	0.998287928455313
22.375	3.5	0.985922827452501	0.800073987138692	0.000193529729558533	41.9929411180408	0.998451511019775
22.625	3.5	0.987301106360895	0.8000560884586	0.000188842422644542	41.793218876367	0.998603121699698
22.875	3.5	0.988573791170461	0.800038982470497	0.000183358618662403	41.5934718644572	0.998743117028751
23.125	3.5	0.989744752923211	0.800022710169782	0.000177247373930492	41.3937021629719	0.998871922821553
23.375	3.5	0.990818375687934	0.800007294129228	0.000170654962188088	41.193911753209	0.998990021325673
23.625	3.5	0.99179943827548	0.799992742376327	0.000163707310420241	40.9941025112188	0.999097938210303
23.875	3.5	0.992693000812565	0.799979051580381	0.000156512284169776	40.794276203624	0.999196230089382
24.125	3.5	0.993504300261681	0.799966209656531	0.000149161799822661	40.5944344851372	0.999285473028785
24.375	3.5	0.994238657232264	0.799954197881802	0.000141733753123462	40.3945788976778	0.999366252295549
24.625	3.5	0.994901395136227	0.799942992604535	0.000134293762497512	40.1947108709327	0.999439153464985
24.875	3.5	0.995497771826001	0.799932566618733	0.000126896732080576	39.994831724174	0.99950475490086
25.125	3.5	0.99603292324039	0.799922890262167	0.00011958824386193	39.7949426691382	0.999563621556443
25.375	3.5	0.996511818203367	0.79991393228884	0.000112405790800843	39.5950448137717	0.99961630000237
25.625	3.5	0.996939223313285	0.799905660557979	0.000105379864454543	39.3951391666592	0.999663314564461
25.875	3.5	0.997319676773901	0.799898042574041	9.85349108938001e-05	39.1952266419667	0.999705164445129
26.125	3.5	0.997657470015174	0.799891045905944	9.18901685684864e-05	38.9953080647476	0.999742321701669
26.375	3.5	0.997956636000045	0.799884638509802	8.54604012429825e-05	38.795384176482	0.999775229960005
26.625	3.5	0.998220943191877	0.799878788973242	7.92565379487797e-05	38.5954556407331	0.999804303751107
26.875	3.5	0.99845389425005	0.799873466697708	7.32862312122917e-05	38.3955230488267	0.999829928367506
27.125	3.5	0.998658728618622	0.799868642030602	6.75543434444661e-05	38.1955869254723	0.999852460148048
27.375	3.5	0.998838428268423	0.799864286358027	6.20633704126425e-05	37.9956477342597	0.999872227109527
27.625	3.5	0.99899572594298	0.799860372165952	5.68138097220144e-05	37.7957058829798	0.999889529853728
27.875	3.5	0.99913311534152	0.799856873076553	5.18044812686131e-05	37.5957617287264	0.999904642687567
28.125	3.5	0.999252862747712	0.799853763865252	4.70328055661235e-05	37.3958155827489	0.999917814902248
28.375	3.5	0.999357019680361	0.799851020462169	4.2495045588829e-05	37.1958677150332	0.99992927216484
28.625	3.5	0.999447436203319	0.799848619942397	3.81865164584482e-05	36.9959183585959	0.999939217982365
28.875	3.5	0.999525774586333	0.799846540506769	3.41017671252377e-05	36.795967713484	0.999947835204497
29.125	3.5	0.999593523057397	0.799844761456201	3.02347376353503e-05	36.5960159504768	0.999955287536314
29.375	3.5	0.999652009431175	0.799843263160825	2.65788949171463e-05	36.3960632144927	0.999961721037429
29.625	3.5	0.999702414437187	0.79984202702574	2.31273498289121e-05	36.1961096277066	0.999967265588091
29.875	3.5	0.999745784606668	0.799841035454089	1.9872957774742e-05	35.9961552923873	0.999972036306733
30.125	3.5	0.999783044608246	0.799840271808722	1.68084049535195e-05	35.7962002934658	0.999976134906907
30.375	3.5	0.999815008950324	0.799839720372975	1.39262819614424e-05	35.596244700849	0.999979650984536
30.625	3.5	0.999842392992267	0.799839366311153	1.12191463907979e-05	35.3962885714929	0.999982663229149
30.875	3.5	0.999865823227759	0.799839195628944	8.67957571208468e-06	35.1963319512509	0.999985240555053
31.125	3.5	0.999885846821813	0.79983919513462	6.30021169228597e-06	34.9963748765147	0.999987443150399
31.375	3.5	0.999902940398212	0.799839352400713	4.07379743838808e-06	34.7964173756623	0.999989323443803
31.625	3.5	0.999917518087041	0.79983965572656	1.99320794771856e-06	34.5964594703313	0.999990926989574
31.875	3.5	0.999929938852179	0.799840094102299	5.14749613121277e-08	34.3965011765314	0.99999229327374
32.125	3.5	0.999940513126917	0.79984065717337	-1.75819302036993e-06	34.1965425056136	0.999993456443961
32.375	3.5	0.999949508791924	0.799841335206842	-3.44239503545448e-06	33.9965834651086	0.999994445967112
32.625	3.5	0.999957156534277	0.799842119058726	-5.00752569115695e-06	33.7966240594493	0.999995287218771
32.875	3.5	0.999963654629226	0.799843000142545	-6.45976628947082e-06	33.59666429059	0.999996002009215
33.125	3.5	0.999969173187796	0.799843970399417	-7.80507886981202e-06	33.3967041585346	0.999996609050657
33.375	3.5	0.999973857913975	0.799845022269299	-9.04920244436821e-06	33.1967436617835	0.999997124370537
33.625	3.5	0.999977833414676	0.79984614866339	-1.01976513808913e-05	32.9967827977108	0.999997561675614
33.875	3.5	0.999981206104588	0.799847342938246	-1.12557153708717e-05	32.7968215628798	0.999997932671505
34.125	3.5	0.999984066746242	0.799848598870589	-1.22284609543939e-05	32.5968599533051	0.999998247342087
34.375	3.5	0.999986492663498	0.799849910633746	-1.31207341648584e-05	32.3968979646689	0.999998514192985
34.625	3.5	0.99998854966418	0.799851272774975	-1.39371641895364e-05	32.1969355924975	0.99999874046306
34.875	3.5	0.999990293705118	0.799852680194283	-1.46821678562643e-05	31.9969728323046	0.999998932307563
35.125	3.5	0.999991772329911	0.799854128123829	-1.53599547718215e-05	31.7970096797051	0.99999909495629
35.375	3.5	0.999993025907249	0.799855612108878	-1.59745329546143e-05	31.5970461305048	0.999999232849797
35.625	3.5	0.999994088694844	0.79985712798951	-1.65297148841836e-05	31.3970821807703	0.999999349756433
35.875	3.5	0.999994989751476	0.799858671883286	-1.70291238603889e-05	31.1971178268804	0.999999448872662
36.125	3.5	0.999995753717272	0.79986024016904	-1.74762005288645e-05	30.9971530655644	0.9999995329089
36.375	3.5	0.99999640148003	0.799861829471324	-1.78742095759729e-05	30.797187893928	0.999999604162803
36.625	3.5	0.999996950743279	0.799863436645819	-1.82262464784247e-05	30.5972223094691	0.999999664581761
36.875	3.5	0.999997416509895	0.799865058765672	-1.85352442475631e-05	30.3972563100869	0.999999715816088
37.125	3.5	0.999997811493282	0.799866693108302	-1.88039801647053e-05	30.1972898940828	0.999999759264261
37.375	3.5	0.999998146466632	0.799868337143213	-1.90350824242651e-05	29.9973230601579	0.999999796111329
37.625	3.5	0.999998430559268	0.79986998852044	-1.92310366971236e-05	29.797355807405	0.999999827361519
37.875	3.5	0.999998671507966	0.79987164505949	-1.93941925302154e-05	29.5973881352984	0.999999853865876
38.125	3.5	0.999998875869907	0.799873304739167	-1.95267696330605e-05	29.397420043681	0.99999987634569
38.375	3.5	0.999999049203105	0.799874965687731	-1.9630863957789e-05	29.1974515327492	0.999999895412342
38.625	3.5	0.999999196219174	0.799876626173862	-1.97084536409596e-05	28.9974826030372	0.999999911584109
38.875	3.5	0.999999320912692	0.799878284597957	-1.97614047157687e-05	28.7975132553998	0.999999925300396
39.125	3.5	0.999999426670719	0.799879939484014	-1.97914766648713e-05	28.5975434909954	0.999999936933779
39.375	3.5	0.999999516365508	0.799881589471974	-1.98003277509418e-05	28.3975733112677	0.999999946800206
39.625	3.5	0.999999592433004	0.799883233310578	-1.97895201412494e-05	28.1976027179286	0.99999995516763
39.875	3.5	0.999999656939318	0.799884869850469	-1.97605248571946e-05	27.9976317129406	0.999999962263325
40.125	3.5	0.999999711637026	0.799886498037888	-1.971472648089e-05	27.7976602984993	0.999999968280073
40.375	3.5	0.999999758012847	0.799888116908653	-1.96534277178428e-05	27.5976884770167	0.999999973381413
40.625	3.5	0.999999797328061	0.799889725582483	-1.95778536802041e-05	27.3977162511054	0.999999977706087
40.875	3.5	0.99999983065273	0.799891323257681	-1.94891560849045e-05	27.1977436235621	0.9999999813718
41.125	3.5	0.999999858894735	0.799892909206102	-1.93884171618184e-05	26.9977705973529	0.999999984478421
41.375	3.5	0.999999882824359	0.79989448276849	-1.92766534429628e-05	26.7977971755987	0.99999998711068
41.625	3.5	0.999999903095175	0.799896043349982	-1.91548193378935e-05	26.5978233615615	0.999999989340469
41.875	3.5	0.999999920261724	0.799897590416021	-1.90238105763209e-05	26.3978491586308	0.99999999122879
42.125	3.5	0.999999934794523	0.799899123488334	-1.88844674429806e-05	26.1978745703114	0.999999992827397
42.375	3.5	0.999999947092804	0.799900642141345	-1.87375778662356e-05	25.9978996002114	0.999999994180208
42.625	3.5	0.999999957495304	0.799902145998643	-1.85838803726627e-05	25.7979242520307	0.999999995324483
42.875	3.5	0.999999966289441	0.799903634729709	-1.84240668614123e-05	25.5979485295508	0.999999996291838
43.125	3.5	0.999999973719078	0.799905108046962	-1.82587852671594e-05	25.3979724366241	0.999999997109099
43.375	3.5	0.999999979991136	0.799906565702715	-1.80886420610844e-05	25.1979959771652	0.999999997799025
43.625	3.5	0.99999998528118	0.799908007486646	-1.79142046447805e-05	24.9980191551413	0.99999999838093
43.875	3.5	0.999999989738175	0.79990943322309	-1.77360035931679e-05	24.7980419745643	0.999999998871199
44.125	3.5	0.999999993488516	0.799910842768807	-1.75545348213856e-05	24.5980644394829	0.999999999283737
44.375	3.5	0.999999996639448	0.799912236010637	-1.73702615904545e-05	24.398086553975	0.999999999630339
44.625	3.5	0.99999999928197	0.799913612863401	-1.71836164344558e-05	24.198108322141	0.999999999921017
44.875	3.5	1.0000000014933	0.799914973267995	-1.6995002989804e-05	23.9981297480975	1.00000000016426
45.125	3.5	1.00000000333896	0.799916317189491	-1.68047977045086e-05	23.7981508359711	1.00000000036729
45.375	3.5	1.00000000487455	0.799917644615385	-1.6613351486631e-05	23.5981715898928	1.0000000005362
45.625	3.5	1.00000000614724	0.799918955553987	-1.64209912266343e-05	23.3981920139933	1.0000000006762
45.875	3.5	1.00000000719708	0.799920250032914	-1.62280212691553e-05	23.1982121123972	1.00000000079168
46.125	3.5	1.00000000805804	0.799921528097603	-1.60347248050794e-05	22.9982318892196	1.00000000088638
46.375	3.5	1.00000000875896	0.799922789810051	-1.58413651673054e-05	22.7982513485609	1.00000000096349
46.625	3.5	1.00000000932432	0.799924035247471	-1.56481870720816e-05	22.5982704945039	1.00000000102568
46.875	3.5	1.00000000977489	0.799925264501169	-1.54554177961895e-05	22.3982893311096	1.00000000107524
47.125	3.5	1.0000000101283	0.79992647767548	-1.52632682817557e-05	22.1983078624139	1.00000000111411
47.375	3.5	1.00000001039951	0.799927674886642	-1.50719341988736e-05	21.9983260924249	1.00000000114395
47.625	3.5	1.00000001060124	0.799928856261896	-1.48815969217296e-05	21.7983440251199	1.00000000116614
47.875	3.5	1.00000001074427	0.799930021938655	-1.46924244961892e-05	21.5983616644428	1.00000000118187
48.125	3.5	1.00000001083774	0.799931172063544	-1.45045725184834e-05	21.3983790143015	1.00000000119215
48.375	3.5	1.00000001088946	0.799932306791682	-1.43181849868515e-05	21.1983960785663	1.00000000119784
48.625	3.5	1.000000010906	0.79993342628602	-1.41333951145588e-05	20.9984128610673	1.00000000119966
48.875	3.5	1.00000001089297	0.799934530716545	-1.39503260852666e-05	20.798429365593	1.00000000119823
49.125	3.5	1.00000001085515	0.799935620259744	-1.37690917939815e-05	20.5984455958882	1.00000000119407
49.375	3.5	1.00000001079656	0.79993669509805	-1.3589797522013e-05	20.3984615556529	1.00000000118762
49.625	3.5	1.00000001072064	0.799937755419179	-1.34125406245987e-05	20.1984772485407	1.00000000117927
49.875	3.5	1.00000001063031	0.799938801415792	-1.32374111240565e-05	19.9984926781574	1.00000000116933
50.125	3.5	1.00000001052805	0.799939833284937	-1.30644923564496e-05	19.7985078480602	1.00000000115809
50.375	3.5	1.00000001041596	0.799940851227635	-1.2893861513294e-05	19.5985227617564	1.00000000114576
50.625	3.5	1.00000001029583	0.799941855448578	-1.27255902216785e-05	19.3985374227025	1.00000000113254
50.875	3.5	1.00000001016918	0.799942846155706	-1.25597450573666e-05	19.1985518343032	1.00000000111861
51.125	3.5	1.0000000100373	0.799943823559869	-1.23963880817801e-05	18.9985659999112	1.0000000011041
51.375	3.5	1.0000000099013	0.799944787874641	-1.22355773266062e-05	18.7985799228257	1.00000000108914
51.625	3.5	1.00000000976212	0.799945739315945	-1.20773672884707e-05	18.5985936062924	1.00000000107383
51.875	3.5	1.00000000962054	0.799946678101906	-1.19218094005912e-05	18.3986070535027	1.00000000105826
52.125	3.5	1.00000000947725	0.799947604452594	-1.1768952498315e-05	18.1986202675931	1.0000000010425
52.375	3.5	1.00000000933284	0.799948518589892	-1.16188432800165e-05	17.998633251645	1.00000000102661
52.625	3.5	1.0000000091878	0.799949420737277	-1.14715267577896e-05	17.7986460086839	1.00000000101066
52.875	3.5	1.00000000904256	0.799950311119762	-1.13270467105959e-05	17.5986585416793	1.00000000099468
53.125	3.5	1.00000000889749	0.79995118996373	-1.1185446140982e-05	17.3986708535444	1.00000000097872
53.375	3.5	1.00000000875291	0.799952057496835	-1.1046767723577e-05	17.1986829471355	1.00000000096282
53.625	3.5	1.00000000860909	0.799952913948014	-1.09110542772643e-05	16.9986948252517	1.000000000947
53.875	3.5	1.0000000084663	0.799953759547347	-1.07783492371606e-05	16.798706490635	1.00000000093129
54.125	3.5	1.00000000832473	0.799954594526104	-1.06486971335724e-05	16.5987179459696	1.00000000091572
54.375	3.5	1.00000000818459	0.799955419116674	-1.05221440994865e-05	16.3987291938816	1.0000000009003
54.625	3.5	1.00000000804605	0.799956233552631	-1.03987383922389e-05	16.198740236939	1.00000000088507
54.875	3.5	1.00000000790929	0.799957038068714	-1.0278530947442e-05	15.9987510776512	1.00000000087002
55.125	3.5	1.00000000777446	0.799957832900892	-1.01615759507252e-05	15.798761718469	1.00000000085519
55.375	3.5	1.00000000764172	0.799958618286428	-1.00479314529614e-05	15.5987721617836	1.00000000084059
55.625	3.5	1.0000000075112	0.799959394463957	-9.937660028009e-06	15.398782409927	1.00000000082623
55.875	3.5	1.00000000738307	0.79996016167356	-9.83082946833275e-06	15.1987924651715	1.00000000081214
56.125	3.5	1.00000000725748	0.79996092015689	-9.72751354685638e-06	14.9988023297288	1.00000000079832
56.375	3.5	1.0000000071346	0.799961670157262	-9.62779283423386e-06	14.7988120057503	1.00000000078481
56.625	3.5	1.00000000701459	0.799962411919799	-9.53175558487162e-06	14.5988214953263	1.0000000007716
56.875	3.5	1.00000000689764	0.799963145691577	-9.43949871536629e-06	14.3988308004854	1.00000000075874
57.125	3.5	1.00000000678396	0.799963871721753	-9.35112886414939e-06	14.1988399231944	1.00000000074624
57.375	3.5	1.00000000667375	0.799964590261699	-9.26676356340203e-06	13.9988488653574	1.00000000073411
57.625	3.5	1.00000000656728	0.799965301565202	-9.18653253082215e-06	13.7988576288154	1.0000000007224
57.875	3.5	1.00000000646481	0.799966005888544	-9.11057909285833e-06	13.5988662153457	1.00000000071113
58.125	3.5	1.00000000636664	0.799966703490673	-9.03906177085431e-06	13.3988746266611	1.00000000070033
58.375	3.5	1.0000000062731	0.799967394633333	-8.97215603536387e-06	13.1988828644095	1.00000000069004
58.625	3.5	1.00000000618457	0.799968079581127	-8.91005626302908e-06	12.9988909301726	1.0000000006803
58.875	3.5	1.00000000610148	0.799968758601608	-8.85297792496405e-06	12.7988988254661	1.00000000067116
59.125	3.5	1.0000000060243	0.799969431965261	-8.80116002646838e-06	12.5989065517381	1.00000000066267
59.375	3.5	1.00000000595357	0.799970099945495	-8.75486784501099e-06	12.3989141103688	1.00000000065489
59.625	3.5	1.00000000588988	0.799970762818478	-8.71439599012126e-06	12.1989215026696	1.00000000064789
59.875	3.5	1.00000000583392	0.79997142086292	-8.68007186898857e-06	11.9989287298826	1.00000000064173
60.125	3.5	1.00000000578646	0.799972074359685	-8.65225954447326e-06	11.7989357931799	1.00000000063651
60.375	3.5	1.00000000574838	0.799972723591258	-8.63136412919377e-06	11.5989426936632	1.00000000063232
60.625	3.5	1.00000000572068	0.799973368840962	-8.61783670303569e-06	11.3989494323631	1.00000000062927
60.875	3.5	1.00000000570449	0.799974010391954	-8.61217988426858e-06	11.1989560102397	1.00000000062749
61.125	3.5	1.00000000570108	0.799974648525785	-8.61495413971031e-06	10.9989624281821	1.00000000062712
61.375	3.5	1.00000000571188	0.799975283520626	-8.62678490004488e-06	10.7989686870093	1.00000000062831
61.625	3.5	1.00000000573849	0.79997591564891	-8.64837064384653e-06	10.5989747874715	1.00000000063123
61.875	3.5	1.00000000578267	0.799976545174306	-8.68049205452123e-06	10.3989807302514	1.00000000063609
62.125	3.5	1.00000000584643	0.799977172347857	-8.72402240478665e-06	10.1989865159671	1.00000000064311
62.375	3.5	1.00000000593212	0.799977797403113	-8.77993934865494e-06	9.99899214517592	1.00000000065253
62.625	3.5	1.00000000604253	0.799978420549957	-8.84933831735077e-06	9.79899761837899	1.00000000066468
62.875	3.5	1.00000000618116	0.799979041966871	-8.93344772263623e-06	9.59900293602847	1.00000000067993
63.125	3.5	1.00000000635232	0.799979661791153	-9.03364623244444e-06	9.39900809853623	1.00000000069875
63.375	3.5	1.00000000656128	0.799980280106819	-9.15148237782832e-06	9.19901310628556	1.00000000072174
63.625	3.5	1.00000000681407	0.799980896929358	-9.28869680306867e-06	8.99901795964611	1.00000000074955
63.875	3.5	1.00000000711692	0.799981512186784	-9.44724747246903e-06	8.79902265899313	1.00000000078286
64.125	3.5	1.00000000747532	0.799982125696033	-9.62933820177029e-06	8.599027204732	1.00000000082229
64.375	3.5	1.0000000078929	0.799982737133627	-9.83745089230949e-06	8.39903159732929	1.00000000086822
64.625	3.5	1.00000000837079	0.799983345999092	-1.0074381851202e-05	8.19903583735194	1.00000000092079
64.875	3.5	1.00000000890865	0.799983951569635	-1.03432826213204e-05	7.99903992551671	1.00000000097995
65.125	3.5	1.00000000950852	0.799984552843707	-1.064770567007e-05	7.79904386275198	1.00000000104594
65.375	3.5	1.00000001018264	0.799985148470924	-1.09916552448389e-05	7.59904765027518	1.00000000112009
65.625	3.5	1.00000001096456	0.799985736665081	-1.13796435127128e-05	7.39905128968935	1.0000000012061
65.875	3.5	1.00000001192033	0.799986315096229	-1.18167518368182e-05	7.19905478310354	1.00000000131124
66.125	3.5	1.00000001315274	0.799986880756995	-1.23086965536238e-05	6.99905813328289	1.0000000014468
66.375	3.5	1.00000001478839	0.799987429797331	-1.28618979750407e-05	6.7990613438356	1.00000000162672
66.625	3.5	1.0000000169367	0.799987957320623	-1.34835504593523e-05	6.59906441944627	1.00000000186304
66.875	3.5	1.00000001961662	0.799988457132789	-1.41816902778927e-05	6.3990673661666	1.00000000215783
67.125	3.5	1.00000002266199	0.799988921434052	-1.49652566632651e-05	6.1990701917774	1.00000000249282
67.375	3.5	1.00000002564272	0.799989340441012	-1.58441397226384e-05	5.99907290623759	1.0000000028207
67.625	3.5	1.00000002786848	0.799989701923921	-1.68292065500794e-05	5.79907552223858	1.00000000306553
67.875	3.5	1.00000002856213	0.799989990641114	-1.79322932181368e-05	5.59907805588456	1.00000000314183
68.125	3.5	1.00000002727699	0.799990187650013	-1.91661442679291e-05	5.39908052752198	1.00000000300047
68.375	3.5	1.00000002456126	0.799990269472589	-2.05442712755363e-05	5.19908296274597	1.00000000270174
68.625	3.5	1.00000002272707	0.799990207094673	-2.20806861576857e-05	4.99908539361787	1.00000000249998
68.875	3.5	1.00000002637659	0.799989964784554	-2.37894416981147e-05	4.79908786013818	1.00000000290143
69.125	3.5	1.00000004213854	0.799989498729473	-2.56838810541744e-05	4.59909041203161	1.00000000463524
69.375	3.5	1.00000007700088	0.799988755509855	-2.77754617281574e-05	4.39909311091338	1.0000000084701
69.625	3.5	1.00000013485643	0.7999876704619	-3.00719823478902e-05	4.19909603291054	1.00000001483421
69.875	3.5	1.00000021154792	0.799986166018519	-3.25750088944276e-05	3.99909927179893	1.00000002327027
70.125	3.5	1.00000028981387	0.799984150167874	-3.52762755373794e-05	3.79910294267207	1.00000003187953
70.375	3.5	1.00000033683707	0.799981515232782	-3.815282147271e-05	3.59910718607125	1.00000003705208
70.625	3.5	1.00000030797999	0.799978137268301	-4.11606029224232e-05	3.39911217237252	1.0000000338778
70.875	3.5	1.0000001598794	0.799973876531521	-4.42262553348756e-05	3.19911810605362	1.00000001758673
71.125	3.5	0.999999873525296	0.799968579751053	-4.72365312797671e-05	2.99912522926997	0.999999986087783
71.375	3.5	0.999999483030827	0.799962085385484	-5.00246757542423e-05	2.7991338239713	0.999999943133391
71.625	3.5	0.999999099546467	0.79995423378018	-5.23526572650503e-05	2.59914421158267	0.999999900950111
71.875	3.5	0.999998914888634	0.799944885138931	-5.38879163941741e-05	2.39915674899062	0.99999988063775
72.125	3.5	0.99999916991908	0.799933949445983	-5.41734894436503e-05	2.19917181907887	0.999999908691099
72.375	3.5	1.00000008213989	0.799921433653746	-5.25916114181302e-05	1.99918981314509	1.00000000903539
72.625	3.5	1.00000174582834	0.799907512092087	-4.83239895415216e-05	1.79921110102853	1.00000019204112
72.875	3.5	1.00000404079624	0.799892625347425	-4.03177265900902e-05	1.59923598271579	1.00000044448759
73.125	3.5	1.00000660025935	0.79987760960117	-2.72751797614409e-05	1.39926461304252	1.00000072602853
73.375	3.5	1.00000887931882	0.799863850778057	-7.69976228336523e-06	1.19929689004229	1.00000097672507
73.625	3.5	1.00001032513746	0.79985344271508	1.99504296356996e-05	0.999332299559848	1.00000113576512
73.875	3.5	1.0000105893289	0.799849299924367	5.69187930709411e-05	0.799369717028315	1.00000116482618
74.125	3.5	1.00000967879785	0.79985512132837	0.000103482271687902	0.599407186358552	1.00000106466776
74.375	3.5	1.00000796098303	0.799874997987938	0.0001577319952919	0.399441733215674	1.00000087570813
74.625	3.5	1.00000604117126	0.79991252128725	0.000213405124925454	0.199469339816163	1.00000066452884
74.875	3.5	1.00000464887281	0.399966046659767	0.000256070497952959	-0.000514790842958648	1.00000051137601
0.125	4.5	5.41364383258953e-07	0.39999328027372	-0.000274995276592567	58.6055784004201	0.890000059550082
0.375	4.5	-4.53624649599814e-06	0.799981182412388	-0.000269516796683994	58.4275813787891	0.889999501012885
0.625	4.5	-1.58059677856841e-05	0.799971913433903	-0.000260456297398793	58.2495869738386	0.889998261343544
0.875	4.5	-3.41391842161719e-05	0.799966403914337	-0.000249998485379174	58.0715945727522	0.889996244689736
1.125	4.5	-5.92281635176302e-05	0.799964996714486	-0.000239978754500881	57.893603426162	0.889993484902013
1.375	4.5	-8.86920637432267e-05	0.799967541128113	-0.00023170458023723	57.715612755145	0.889990243872988
1.625	4.5	-0.000117225401493234	0.799973635934488	-0.000225981661872995	57.5376217726592	0.889987105205836
1.875	4.5	-0.000135865286237699	0.799982788284593	-0.000223213400289774	57.3596296449098	0.889985054818514
2.125	4.5	-0.000131481912914119	0.799994515761222	-0.000223511670009377	57.1816354098258	0.889985536989579
2.375	4.5	-8.65944545207427e-05	0.80000840242417	-0.000226793092591607	57.003637870571	0.889990474610003
2.625	4.5	2.04104365988999e-05	0.800024122725821	-0.000232853041533715	56.8256354809548	0.890002245148026
2.875	4.5	0.000214621527900763	0.800041445522259	-0.000241417858928175	56.6476262378847	0.890023608368069
3.125	4.5	0.000523521755779673	0.80006022734744	-0.000252178962453989	56.4696075938751	0.890057587393136
3.375	4.5	0.000975549045952952	0.800080401108316	-0.000264813252137674	56.2915764000391	0.890107310395055
3.625	4.5	0.00159841076324343	0.800101963920837	-0.000278993860174129	56.1135288869266	0.890175825183957
3.875	4.5	0.00241729580268888	0.800124966040874	-0.000294394522884303	55.9354606870748	0.890265902538296
4.125	4.5	0.00345314371619833	0.800149501678408	-0.000310690022239998	55.7573668994278	0.890379845808782
4.375	4.5	0.00472112709666131	0.800175701785193	-0.000327554386897938	55.579242192131	0.890519323980633
4.625	4.5	0.00622948285662898	0.800203728547596	-0.000344657903671426	55.4010809369398	0.890685243114229
4.875	4.5	0.00797879333824972	0.800233771181626	-0.000361663477105094	55.2228773659028	0.890877667267208
5.125	4.5	0.00996177416850307	0.800266042632858	-0.000378222477947937	55.0446257392946	0.891095795158535
5.375	4.5	0.0121635780476574	0.800300776864392	-0.000393969934962623	54.8663205131291	0.891337993585242
5.625	4.5	0.0145625780728439	0.800338226524669	-0.000408518744009354	54.6879564949639	0.891601883588013
5.875	4.5	0.0171315562723361	0.800378660888773	-0.000421452494019337	54.5095289780187	0.891884471189957
6.125	4.5	0.0198391974142203	0.800422364034266	-0.00043231653791788	54.331033845634	0.892182311715564
6.375	4.5	0.0226517780583978	0.800469633222492	-0.000440607063596688	54.1524676405029	0.892491695586424
6.625	4.5	0.0255349474282685	0.800520777403047	-0.000445758131387789	53.9738275955558	0.89280884421711
6.875	4.5	0.0284555187550101	0.80057611564132	-0.000447126925842953	53.7951116255136	0.893130107063051
7.125	4.5	0.0313832235658559	0.800635975109913	-0.000443977801104899	53.616318279653	0.893452154592244
7.375	4.5	0.0342924211739454	0.800700688120502	-0.00043546606702161	53.4374466570465	0.893772166329134
7.625	4.5	0.0371637945237966	0.800770587543569	-0.000420622859761187	53.2584962853889	0.894088017397618
7.875	4.5	0.0399860950068671	0.80084599992245	-0.000398342870531047	53.0794669635815	0.894398470450755
8.125	4.5	0.0427580182029653	0.800927235661482	-0.000367377187402123	52.9003585667302	0.894703382002326
8.375	4.5	0.0454902982716298	0.801014575878919	-0.000326334074641024	52.7211708103808	0.895003932809879
8.625	4.5	0.0482081035109764	0.801108255839516	-0.000273691225561074	52.541902968948	0.895302891386207
8.875	4.5	0.0509538060591713	0.801208445273992	-0.00020782395427542	52.3625535415416	0.895604918666509
9.125	4.5	0.0537901944989164	0.801315226259504	-0.000127055031210099	52.1831198567612	0.895916921394881
9.375	4.5	0.0568042098451937	0.801428569546911	-2.97335113332303e-05	52.0035976062997	0.896248463082971
9.625	4.5	0.0601113214479811	0.801548310104043	8.56479837387531e-05	51.8239802949457	0.896612245359278
9.875	4.5	0.0638607216615883	0.801674121981411	0.000220285537692939	51.6442585913062	0.897024679382775
10.125	4.5	0.068241596196555	0.801805491145854	0.000374831131628842	51.4644195588768	0.897506575581621
10.375	4.5	0.0734907901606104	0.801941682375948	0.000549078206670496	51.2844457410381	0.898083986917667
10.625	4.5	0.0799021746688176	0.802081692472683	0.000741549652523438	51.1043140672388	0.89878923921357
10.875	4.5	0.087837814600636	0.802224176969543	0.000948978787467321	50.923994544011	0.89966215960607
11.125	4.5	0.0977404669438574	0.802367332157666	0.00116569200786229	50.7434486995252	0.900751451363824
11.375	4.5	0.110145748388146	0.802508711346806	0.001382939888434	50.5626277745852	0.902116032322696
11.625	4.5	0.125690201418515	0.802644960246586	0.00158829150526986	50.3814707122925	0.903825922156037
11.875	4.5	0.145108250877002	0.802771482943752	0.0017653108204669	50.1999021139669	0.90596190759647
12.125	4.5	0.169206905520273	0.802882113833029	0.00189386377826798	50.0178305203292	0.90861275960723
12.375	4.5	0.198803344853908	0.80296898438001	0.00195151122980228	49.8351476474864	0.91186836793393
12.625	4.5	0.234610512137358	0.803022916944927	0.00191641519908417	49.6517295117508	0.915807156335109
12.875	4.5	0.277064993138429	0.803034751420729	0.00177186170757575	49.4674405805341	0.920477149245227
13.125	4.5	0.326115294296747	0.802997810027039	0.00151176803543202	49.2821419424535	0.925872682372642
13.375	4.5	0.381025952848678	0.802911039195308	0.0011455421945396	49.0957037124504	0.931912854813355
13.625	4.5	0.440286643316759	0.802781401435288	0.000699981207204055	48.9080203831774	0.938431530764844
13.875	4.5	0.501712513563128	0.802623642714361	0.000216347288736351	48.7190260228159	0.945188376491944
14.125	4.5	0.562757254678355	0.802456601057618	-0.000257354822342774	48.5287051143586	0.951903298014619
14.375	4.5	0.620955106744175	0.802297492609039	-0.000676456419753968	48.3370954803648	0.958305061741859
14.625	4.5	0.674333575580737	0.802157181631122	-0.00100832808629648	48.1442822403449	0.964176693313881
14.875	4.5	0.721655916779546	0.80203868767338	-0.00123679351676347	47.9503848509969	0.96938215084575
15.125	4.5	0.76244681111821	0.801938877716298	-0.00136160019104063	47.7555412463716	0.973869149223003
15.375	4.5	0.796852260943739	0.801851603889674	-0.00139438639700627	47.5598930847997	0.977653748703811
15.625	4.5	0.825427577437036	0.801770508908357	-0.0013533984113626	47.3635746332383	0.980797033518074
15.875	4.5	0.848933571026154	0.801690662406119	-0.00125878549765221	47.1667060165422	0.983382692812877
16.125	4.5	0.868182862091365	0.801609069875319	-0.00112935495034973	46.9693902721327	0.98550011483005
16.375	4.5	0.883944472093834	0.801524477926653	-0.000980857469603102	46.7717131014331	0.987233891930322
16.625	4.5	0.896896358348042	0.801436893793934	-0.000825446690252719	46.5737442073206	0.988658599418285
16.875	4.5	0.907610194252833	0.801347084668245	-0.000671859892774165	46.3755393630631	0.989837121367812
17.125	4.5	0.916554475582536	0.80125617611239	-0.000525944906014571	46.1771426616705	0.990820992314079
17.375	4.5	0.924106142220897	0.80116537670709	-0.000391285602663322	45.9785886434105	0.991651675644299
17.625	4.5	0.930564815071563	0.801075812964255	-0.000269790546183109	45.7799041676367	0.992362129657872
17.875	4.5	0.936166600966996	0.80098844547903	-0.000162186675101206	45.5811099936331	0.99297832610637
18.125	4.5	0.941096194167627	0.800904038543337	-6.84049768575806e-05	45.3822220848354	0.993520581358439
18.375	4.5	0.945496969991462	0.800823161601407	1.2132703007718e-05	45.183252670752	0.994004666699061
18.625	4.5	0.949479215476829	0.800746207546059	8.03082039661429e-05	44.9842111050328	0.994442713702451
18.875	4.5	0.953126798463306	0.800673418274945	0.000137164362673451	44.7851045550581	0.994843947830964
19.125	4.5	0.956502587429107	0.800604911832895	0.000183808697520237	44.5859385529705	0.995215284617202
19.375	4.5	0.959652886045374	0.800540708071726	0.000221350294284844	44.3867174325799	0.995561817464991
19.625	4.5	0.962611084244841	0.800480751386946	0.000250859905059067	44.1874446719508	0.995887219266932
19.875	4.5	0.965400672243195	0.800424930047965	0.000273345978324686	43.9881231579158	0.996194073946752
20.125	4.5	0.968037722375424	0.800373092163627	0.000289741458901923	43.7887553860999	0.996484149461297
20.375	4.5	0.970532915881468	0.800325058581583	0.0003008977736945	43.5893436080453	0.996758620746961
20.625	4.5	0.972893175094885	0.800280633119511	0.000307583549936708	43.3898899354592	0.997018249260437
20.875	4.5	0.975122952349731	0.800239610542811	0.000310486400485445	43.1903964103023	0.99726352475847
21.125	4.5	0.977225222176247	0.800201782673935	0.000310216648262751	42.9908650482626	0.997494774439387
21.375	4.5	0.979202220628027	0.800166942976112	0.000307312223677693	42.7912978620813	0.997712244269083
21.625	4.5	0.981055973328434	0.800134889903638	0.000302244210446861	42.5916968701677	0.997916157066128
21.875	4.5	0.982788651204214	0.800105429266022	0.00029542267744026	42.3920640949883	0.998106751632464
22.125	4.5	0.984402789589558	0.800078375811787	0.000287202544246872	42.1924015548264	0.998284306854851
22.375	4.5	0.985901402466322	0.800053554202734	0.000277889305127333	41.9927112517199	0.998449154271295
22.625	4.5	0.987288019270177	0.800030799518243	0.000267744491208937	41.7929951576909	0.998601682119719
22.875	4.5	0.988566667215202	0.800009957405682	0.000256990791700144	41.5932552007962	0.998742333393672
23.125	4.5	0.989741817732398	0.799990883968666	0.000245816786244108	41.3934932520441	0.998871599950564
23.375	4.5	0.990818311588767	0.799973445468941	0.000234381264188823	41.1937111138426	0.998990014274764
23.625	4.5	0.991801273689744	0.799957517900731	0.000222817125135192	40.9939105103465	0.999098140105872
23.875	4.5	0.992696025539168	0.799942986483544	0.000211234868772468	40.7940930798525	0.999196562809308
24.125	4.5	0.993508000850329	0.799929745109637	0.000199725691870031	40.594260369239	0.999285880093536
24.375	4.5	0.994242667841796	0.799917695771829	0.0001883642173277	40.3944138303389	0.999366693462598
24.625	4.5	0.9949054602564	0.799906747991869	0.00017721088421708	40.1945548180725	0.999439600628204
24.875	4.5	0.995501718045371	0.799896818262559	0.000166314029878856	39.9946845901314	0.999505188984991
25.125	4.5	0.996036637887701	0.799887829513152	0.000155711695674399	39.7948043079909	0.999564030167647
25.375	4.5	0.996515233199958	0.799879710603499	0.000145433187208144	39.5949150390303	0.999616675651995
25.625	4.5	0.996942302972084	0.799872395850742	0.00013550041832268	39.3950177595501	0.999663653326929
25.875	4.5	0.997322408588025	0.799865824588981	0.000125929065939113	39.1951133584938	0.999705464944683
26.125	4.5	0.997659857713865	0.799859940762942	0.000116729560598156	38.9952026416999	0.999742584348525
26.375	4.5	0.997958694327695	0.799854692553754	0.000107907934778508	38.7952863365307	0.999775456376046
26.625	4.5	0.998222693999693	0.799850032036029	9.94665487601222e-05	38.5953650967459	0.999804496339966
26.875	4.5	0.998455363590367	0.799845914863718	9.1404711220826e-05	38.3954395075071	0.99983008999494
27.125	4.5	0.998659944606799	0.799842299983263	8.37192095927932e-05	38.1955100904186	0.999852593906748
27.375	4.5	0.998839419533223	0.799839149371575	7.64047631941015e-05	37.9955773085255	0.999872336148654
27.625	4.5	0.998996520528269	0.799836427796822	6.94544102743468e-05	37.7956415712045	0.99988961725811
27.875	4.5	0.999133739953605	0.799834102599906	6.28598383929338e-05	37.5957032388974	0.999904711394897
28.125	4.5	0.999253342266284	0.799832143495073	5.66116665610244e-05	37.3957626276468	0.999917867649291
28.375	4.5	0.999357376869271	0.799830522387481	5.06996857304692e-05	37.1958200134042	0.99992931145562
28.625	4.5	0.999447691571164	0.799829213206422	4.51130638112555e-05	36.995875636091	0.999939246072828
28.875	4.5	0.999525946357659	0.799828191752621	3.98405200772909e-05	36.7959297033972	0.999947854099343
29.125	4.5	0.99959362722379	0.799827435558203	3.48704732980337e-05	36.5959823943118	0.999955298994617
29.375	4.5	0.999652059858064	0.799826923758382	3.01911672034592e-05	36.3960338623829	0.999961726584387
29.625	4.5	0.999702423007536	0.799826636973301	2.57907763973937e-05	36.1960842387094	0.999967266530829
29.875	4.5	0.999745761387006	0.799826557199621	2.16574954167999e-05	35.9961336346723	0.999972033752571
30.125	4.5	0.999782998025824	0.799826667710799	1.7779613106818e-05	35.7961821444124	0.999976129782841
30.375	4.5	0.999814945972954	0.799826952964796	1.41455744002787e-05	35.5962298470674	0.999979644057025
30.625	4.5	0.999842319304634	0.799827398519434	1.07440311096359e-05	35.3962768087816	0.99998265512351
30.875	4.5	0.999865743399792	0.799827990953831	7.56388323714842e-06	35.1963230845004	0.999985231773977
31.125	4.5	0.999885764466065	0.79982871779604	4.5943120651847e-06	34.9963687195673	0.999987434091267
31.375	4.5	0.999902858314388	0.799829567455999	1.82480610239423e-06	34.7964137511356	0.999989314414583
31.625	4.5	0.999917438392656	0.799830529163574	-7.54819062799234e-07	34.5964582094122	0.999990918223192
31.875	4.5	0.999929863099067	0.799831592910987	-3.15440623508834e-06	34.3965021187479	0.999992284940897
32.125	4.5	0.999940442403747	0.799832749399635	-5.38344662377922e-06	34.1965454985872	0.999993448664412
32.375	4.5	0.999949443813324	0.799833989990711	-7.45107374390512e-06	33.9965883642945	0.999994438819466
32.625	4.5	0.999957097717393	0.799835306659311	-9.36606064130489e-06	33.7966307278662	0.999995280748913
32.875	4.5	0.999963602158708	0.799836691951889	-1.11368199296047e-05	33.5966725985441	0.999995996237458
33.125	4.5	0.999969127070313	0.79983813894681	-1.2771406198616e-05	33.3967139833395	0.999996603977734
33.375	4.5	0.999973818023393	0.799839641217577	-1.42775203834389e-05	33.1967548874798	0.999997119982573
33.625	4.5	0.999977799529044	0.79984119279874	-1.56625157605604e-05	32.9967953147857	0.999997557948195
33.875	4.5	0.999981177935953	0.79984278815415	-1.69334053421858e-05	32.79683526799	0.999997929572955
34.125	4.5	0.999984043964378	0.799844422147494	-1.80968702430325e-05	32.5968747490034	0.999998244836082
34.375	4.5	0.999986474914436	0.799846090015001	-1.91592689652629e-05	32.396913759136	0.999998512240588
34.625	4.5	0.999988536584435	0.799847787339751	-2.01266473020687e-05	32.19695229928	0.999998739024288
34.875	4.5	0.999990284932302	0.799849510027998	-2.10047486943865e-05	31.9969903700594	0.999998931342553
35.125	4.5	0.999991767510465	0.799851254287278	-2.1799024968639e-05	31.7970279719517	0.999999094426151
35.375	4.5	0.999993024701821	0.799853016605662	-2.25146472092854e-05	31.5970651053853	0.9999992327172
35.625	4.5	0.999994090781813	0.79985479373275	-2.31565167859625e-05	31.3971017708172	0.999999349985999
35.875	4.5	0.999994994829052	0.799856582661863	-2.37292763350993e-05	31.1971379687933	0.999999449431196
36.125	4.5	0.999995761504496	0.799858380613529	-2.42373206995015e-05	30.9971736999946	0.999999533765495
36.375	4.5	0.999996411716954	0.799860185020003	-2.46848077252952e-05	30.7972089652721	0.999999605288865
36.625	4.5	0.99999696319057	0.799861993510956	-2.50756688609868e-05	30.5972437656708	0.999999665950963
36.875	4.5	0.99999743094803	0.799863803900133	-2.54136195573223e-05	30.397278102447	0.999999717404283
37.125	4.5	0.999997827721479	0.799865614172863	-2.57021693680675e-05	30.1973119770783	0.999999761049363
37.375	4.5	0.999998164301624	0.799867422474459	-2.59446317902362e-05	29.997345391268	0.999999798073179
37.625	4.5	0.999998449834013	0.799869227099449	-2.6144133800869e-05	29.7973783469463	0.999999829481741
37.875	4.5	0.999998692070329	0.799871026481467	-2.63036250467248e-05	29.5974108462672	0.999999856127736
38.125	4.5	0.999998897581392	0.799872819183894	-2.64258867282912e-05	29.3974428916028	0.999999878733953
38.375	4.5	0.999999071937625	0.799874603891064	-2.65135401455485e-05	29.1974744855365	0.999999897913139
38.625	4.5	0.999999219861914	0.799876379400158	-2.65690549017011e-05	28.9975056308532	0.99999991418481
38.875	4.5	0.99999934535904	0.799878144613507	-2.65947567711769e-05	28.7975363305299	0.999999927989494
39.125	4.5	0.999999451825298	0.799879898531545	-2.65928352212453e-05	28.5975665877241	0.999999939700783
39.375	4.5	0.999999542141287	0.799881640246177	-2.65653506429154e-05	28.3975964057631	0.999999949635542
39.625	4.5	0.999999618750516	0.799883368934522	-2.65142412153409e-05	28.1976257881321	0.999999958062557
39.875	4.5	0.999999683725937	0.799885083853201	-2.64413294710263e-05	27.997654738462	0.999999965209853
40.125	4.5	0.999999738826325	0.799886784332879	-2.63483285705812e-05	27.7976832605186	0.999999971270896
40.375	4.5	0.999999785544028	0.799888469773282	-2.62368482574548e-05	27.5977113581901	0.999999976409843
40.625	4.5	0.999999825145444	0.79989013963837	-2.61084005319807e-05	27.3977390354768	0.999999980765999
40.875	4.5	0.999999858705295	0.799891793452077	-2.59644050500822e-05	27.1977662964792	0.999999984457582
41.125	4.5	0.999999887135713	0.79989343079404	-2.58061942482051e-05	26.9977931453883	0.999999987584928
41.375	4.5	0.999999911210878	0.799895051295863	-2.5635018224081e-05	26.7978195864748	0.999999990233197
41.625	4.5	0.999999931587927	0.799896654637439	-2.54520493499835e-05	26.5978456240797	0.999999992474672
41.875	4.5	0.999999948824671	0.799898240543607	-2.52583866651781e-05	26.3978712626049	0.999999994370714
42.125	4.5	0.999999963394642	0.799899808780982	-2.50550600283316e-05	26.1978965065044	0.999999995973411
42.375	4.5	0.999999975699839	0.799901359155039	-2.48430340812318e-05	25.997921360276	0.999999997326982
42.625	4.5	0.999999986081565	0.7999028915073	-2.46232119668343e-05	25.7979458284534	0.999999998468972
42.875	4.5	0.999999994829594	0.799904405712829	-2.43964388714914e-05	25.5979699155984	0.999999999431255
43.125	4.5	1.00000000218999	0.799905901677665	-2.41635053912189e-05	25.3979936262944	1.0000000002409
43.375	4.5	1.00000000837169	0.799907379336785	-2.3925150688469e-05	25.1980169651396	1.00000000092089
43.625	4.5	1.00000001355213	0.79990883865173	-2.36820655003769e-05	24.9980399367407	1.00000000149073
43.875	4.5	1.00000001788204	0.799910279608861	-2.34348950003335e-05	24.7980625457072	1.00000000196702
44.125	4.5	1.00000002148943	0.799911702217329	-2.3184241445556e-05	24.5980847966459	1.00000000236384
44.375	4.5	1.00000002448304	0.799913106507397	-2.29306667687401e-05	24.3981066941562	1.00000000269313
44.625	4.5	1.00000002695528	0.799914492528896	-2.26746949486113e-05	24.198128242825	1.00000000296508
44.875	4.5	1.00000002898466	0.799915860349585	-2.24168142930491e-05	23.9981494472228	1.00000000318831
45.125	4.5	1.00000003063793	0.79991721005379	-2.21574796004522e-05	23.7981703118991	1.00000000337017
45.375	4.5	1.00000003197181	0.799918541741057	-2.1897114179029e-05	23.5981908413792	1.0000000035169
45.625	4.5	1.00000003303453	0.799919855524971	-2.16361117759343e-05	23.3982110401604	1.0000000036338
45.875	4.5	1.00000003386712	0.799921151531926	-2.13748383983501e-05	23.1982309127091	1.00000000372538
46.125	4.5	1.00000003450446	0.799922429900015	-2.1113634015904e-05	22.9982504634577	1.00000000379549
46.375	4.5	1.00000003497625	0.799923690778162	-2.08528142108304e-05	22.7982696968019	1.00000000384739
46.625	4.5	1.00000003530775	0.799924934325018	-2.05926716831915e-05	22.5982886170984	1.00000000388385
46.875	4.5	1.00000003552048	0.799926160708166	-2.03334777324035e-05	22.3983072286624	1.00000000390725
47.125	4.5	1.00000003563276	0.79992737010328	-2.00754836088195e-05	22.1983255357657	1.0000000039196
47.375	4.5	1.0000000356602	0.799928562693371	-1.98189218246139e-05	21.9983435426352	1.00000000392262
47.625	4.5	1.0000000356161	0.799929738668037	-1.95640073799616e-05	21.7983612534504	1.00000000391777
47.875	4.5	1.00000003551181	0.799930898222858	-1.93109389317785e-05	21.5983786723427	1.0000000039063
48.125	4.5	1.00000003535701	0.799932041558716	-1.9059899890442e-05	21.3983958033934	1.00000000388927
48.375	4.5	1.00000003515995	0.799933168881272	-1.88110594619737e-05	21.198412650633	1.00000000386759
48.625	4.5	1.00000003492768	0.799934280400388	-1.85645736536529e-05	20.9984292180396	1.00000000384205
48.875	4.5	1.00000003466624	0.799935376329681	-1.83205861915322e-05	20.7984455095385	1.00000000381329
49.125	4.5	1.00000003438078	0.799936456886031	-1.80792294316478e-05	20.5984615290008	1.00000000378189
49.375	4.5	1.00000003407569	0.799937522289162	-1.78406252048621e-05	20.398477280243	1.00000000374833
49.625	4.5	1.00000003375476	0.799938572761284	-1.76048856061644e-05	20.1984927670261	1.00000000371302
49.875	4.5	1.00000003342121	0.799939608526632	-1.73721137923696e-05	19.9985079930555	1.00000000367633
50.125	4.5	1.00000003307781	0.799940629811289	-1.71424046897674e-05	19.79852296198	1.00000000363856
50.375	4.5	1.00000003272695	0.79994163684273	-1.69158457093529e-05	19.5985376773915	1.00000000359996
50.625	4.5	1.00000003237066	0.799942629849661	-1.66925174176424e-05	19.3985521428252	1.00000000356077
50.875	4.5	1.00000003201069	0.799943609061618	-1.64724941762811e-05	19.1985663617586	1.00000000352118
51.125	4.5	1.00000003164857	0.799944574708906	-1.6255844757972e-05	18.9985803376119	1.00000000348134
51.375	4.5	1.00000003128559	0.799945527022206	-1.60426329679495e-05	18.7985940737475	1.00000000344142
51.625	4.5	1.00000003092288	0.799946466232529	-1.58329181881366e-05	18.5986075734702	1.00000000340152
51.875	4.5	1.0000000305614	0.799947392570911	-1.56267559713385e-05	18.3986208400269	1.00000000336175
52.125	4.5	1.00000003020201	0.799948306268352	-1.54241985628977e-05	18.1986338766066	1.00000000332222
52.375	4.5	1.00000002984542	0.799949207555608	-1.52252954585425e-05	17.9986466863408	1.000000003283
52.625	4.5	1.00000002949228	0.799950096663006	-1.50300939183393e-05	17.7986592723032	1.00000000324415
52.875	4.5	1.00000002914314	0.799950973820486	-1.4838639498336e-05	17.59867163751	1.00000000320575
53.125	4.5	1.00000002879848	0.799951839257297	-1.46509765620275e-05	17.39868378492	1.00000000316783
53.375	4.5	1.00000002845874	0.799952693202018	-1.44671487902839e-05	17.1986957174346	1.00000000313046
53.625	4.5	1.00000002812427	0.799953535882447	-1.42871997272672e-05	16.9987074378984	1.00000000309367
53.875	4.5	1.00000002779544	0.79995436752543	-1.41111732646141e-05	16.7987189490989	1.0000000030575
54.125	4.5	1.00000002747252	0.79995518835692	-1.39391142080491e-05	16.5987302537672	1.00000000302198
54.375	4.5	1.00000002715578	0.799955998601753	-1.37710688195268e-05	16.3987413545778	1.00000000298714
54.625	4.5	1.00000002684548	0.799956798483694	-1.36070853558219e-05	16.1987522541495	1.000000002953
54.875	4.5	1.00000002654184	0.799957588225233	-1.34472146660604e-05	15.9987629550449	1.0000000029196
55.125	4.5	1.00000002624505	0.799958368047664	-1.32915108016348e-05	15.7987734597713	1.00000000288696
55.375	4.5	1.00000002595531	0.799959138170843	-1.31400316294383e-05	15.5987837707809	1.00000000285508
55.625	4.5	1.00000002567282	0.799959898813189	-1.29928395125732e-05	15.398793890471	1.00000000282401
55.875	4.5	1.00000002539774	0.79996065019155	-1.28500020078778e-05	15.1988038211845	1.00000000279375
56.125	4.5	1.00000002513025	0.799961392521089	-1.27115926165762e-05	14.9988135652104	1.00000000276433
56.375	4.5	1.00000002487053	0.79996212601514	-1.25776915783078e-05	14.798823124784	1.00000000273576
56.625	4.5	1.00000002461873	0.799962850885033	-1.24483867349867e-05	14.5988325020876	1.00000000270806
56.875	4.5	1.00000002437504	0.799963567339939	-1.23237744429582e-05	14.3988416992507	1.00000000268125
57.125	4.5	1.00000002413964	0.799964275586591	-1.22039605759436e-05	14.1988507183511	1.00000000265536
57.375	4.5	1.00000002391271	0.799964975829034	-1.20890615932777e-05	13.9988595614151	1.0000000026304
57.625	4.5	1.00000002369445	0.799965668268308	-1.19792057172012e-05	13.7988682304183	1.00000000260639
57.875	4.5	1.00000002348506	0.799966353102007	-1.1874534201976e-05	13.5988767272864	1.00000000258336
58.125	4.5	1.00000002328477	0.799967030523854	-1.17752027204541e-05	13.3988850538964	1.00000000256132
58.375	4.5	1.00000002309382	0.799967700723117	-1.16813828844071e-05	13.198893212077	1.00000000254032
58.625	4.5	1.00000002291245	0.799968363883911	-1.15932639064222e-05	12.9989012036105	1.00000000252037
58.875	4.5	1.00000002274094	0.799969020184443	-1.15110544188653e-05	12.7989090302337	1.0000000025015
59.125	4.5	1.0000000225796	0.799969669795999	-1.14349844704598e-05	12.5989166936396	1.00000000248376
59.375	4.5	1.00000002242874	0.799970312881815	-1.13653077211956e-05	12.3989241954796	1.00000000246716
59.625	4.5	1.00000002228872	0.79997094959575	-1.13023038586631e-05	12.1989315373649	1.00000000245176
59.875	4.5	1.00000002215994	0.799971580080597	-1.12462812356987e-05	11.9989387208699	1.00000000243759
60.125	4.5	1.00000002204281	0.799972204466219	-1.1197579802262e-05	11.7989457475346	1.00000000242471
60.375	4.5	1.00000002193782	0.799972822867235	-1.11565742909954e-05	11.5989526188682	1.00000000241316
60.625	4.5	1.00000002184548	0.799973435380326	-1.11236777494891e-05	11.3989593363535	1.000000002403
60.875	4.5	1.00000002176637	0.799974042080967	-1.10993454022118e-05	11.1989659014514	1.0000000023943
61.125	4.5	1.00000002170114	0.799974643019707	-1.10840788869394e-05	10.9989723156069	1.00000000238713
61.375	4.5	1.00000002165048	0.799975238217552	-1.10784308991387e-05	10.7989785802556	1.00000000238155
61.625	4.5	1.00000002161514	0.79997582766068	-1.10830102692211e-05	10.5989846968319	1.00000000237766
61.875	4.5	1.00000002159591	0.799976411294063	-1.10984874956943e-05	10.3989906667783	1.00000000237555
62.125	4.5	1.00000002159365	0.799976989013983	-1.11256007506557e-05	10.1989964915567	1.0000000023753
62.375	4.5	1.00000002160931	0.799977560659113	-1.11651623997251e-05	9.99900217266145	1.00000000237702
62.625	4.5	1.00000002164395	0.799978126000002	-1.12180660141099e-05	9.7990077116351	1.00000000238083
62.875	4.5	1.00000002169892	0.799978684726639	-1.12852938646948e-05	9.59901311008668	1.00000000238688
63.125	4.5	1.00000002177593	0.799979236433662	-1.13679249057283e-05	9.39901836971361	1.00000000239535
63.375	4.5	1.00000002187715	0.799979780602989	-1.14671431314775e-05	9.19902349232758	1.00000000240649
63.625	4.5	1.00000002200526	0.799980316583148	-1.15842462510524e-05	8.99902847988497	1.00000000242058
63.875	4.5	1.00000002216321	0.799980843564966	-1.17206544994131e-05	8.79903333452307	1.00000000243795
64.125	4.5	1.00000002235369	0.799981360552813	-1.18779193629058e-05	8.59903805860273	1.00000000245891
64.375	4.5	1.00000002257831	0.799981866330722	-1.20577318887825e-05	8.39904265475894	1.00000000248361
64.625	4.5	1.00000002283666	0.79998235942244	-1.22619301448722e-05	8.19904712596047	1.00000000251203
64.875	4.5	1.00000002312584	0.799982838044496	-1.24925051995621e-05	7.99905147558045	1.00000000254384
65.125	4.5	1.00000002344117	0.799983300050981	-1.27516048370063e-05	7.79905570747954	1.00000000257853
65.375	4.5	1.00000002377904	0.799983742868958	-1.30415338857877e-05	7.59905982610401	1.00000000261569
65.625	4.5	1.00000002414246	0.799984163422778	-1.33647497283076e-05	7.39906383660116	1.00000000265567
65.875	4.5	1.00000002454889	0.799984558046033	-1.37238510077449e-05	7.19906774495495	1.00000000270038
66.125	4.5	1.00000002503774	0.799984922379269	-1.41215569402943e-05	6.99907155814514	1.00000000275415
66.375	4.5	1.00000002567302	0.799985251252052	-1.4560673764009e-05	6.79907528433368	1.00000000282403
66.625	4.5	1.00000002653421	0.799985538547861	-1.50440438105446e-05	6.59907893308273	1.00000000291876
66.875	4.5	1.00000002768894	0.799985777050739	-1.55744714291774e-05	6.39908251560901	1.00000000304578
67.125	4.5	1.00000002914492	0.799985958273186	-1.61546185650619e-05	6.19908604507968	1.00000000320594
67.375	4.5	1.00000003078863	0.799986072265459	-1.67868611728659e-05	5.9990895369549	1.00000000338675
67.625	4.5	1.00000003233334	0.799986107407835	-1.74730959170583e-05	5.79909300938169	1.00000000355667
67.875	4.5	1.00000003331514	0.799986050188797	-1.82144845173828e-05	5.59909648364268	1.00000000366467
68.125	4.5	1.00000003318592	0.799985884974827	-1.9011120476179e-05	5.39909998466108	1.00000000365045
68.375	4.5	1.00000003154255	0.79998559378136	-1.98615992223636e-05	5.19910354156041	1.00000000346968
68.625	4.5	1.00000002849231	0.799985156060621	-2.07624674410648e-05	4.99910718827389	1.00000000313415
68.875	4.5	1.00000002507904	0.799984548531742	-2.17075201582751e-05	4.79911096419421	1.00000000275869
69.125	4.5	1.00000002359504	0.799983745092472	-2.26869053372186e-05	4.59911491484912	1.00000000259545
69.375	4.5	1.0000000275149	0.79998271687131	-2.36859869862932e-05	4.39911909258159	1.00000000302664
69.625	4.5	1.00000004076752	0.799981432503518	-2.46839123949323e-05	4.19912355720223	1.00000000448443
69.875	4.5	1.00000006617889	0.799979858743491	-2.5651832404184e-05	3.99912837656352	1.00000000727968
70.125	4.5	1.00000010321627	0.799977961556506	-2.65507417661185e-05	3.79913362697456	1.00000001135379
70.375	4.5	1.00000014562099	0.799975707861998	-2.73289451312191e-05	3.59913939332863	1.00000001601831
70.625	4.5	1.00000018000513	0.799973068124477	-2.79192151668949e-05	3.39914576875052	1.00000001980056
70.875	4.5	1.00000018676457	0.799970020006437	-2.82357897747372e-05	3.19915285349031	1.0000000205441
71.125	4.5	1.00000014443152	0.799966553310692	-2.81714481462844e-05	2.99916075270409	1.00000001588747
71.375	4.5	1.0000000376347	0.799962676449466	-2.75950048932492e-05	2.79916957268509	1.00000000413982
71.625	4.5	0.999999867197543	0.799958424680081	-2.63496757760483e-05	2.59917941505958	0.99999998539173
71.875	4.5	0.999999659037808	0.799953870319574	-2.42529341660332e-05	2.39919036845586	0.999999962494159
72.125	4.5	0.99999946729589	0.799949135035603	-2.10987694505832e-05	2.19920249720133	0.999999941402548
72.375	4.5	0.999999367509323	0.799944404000391	-1.66637810584475e-05	1.99921582670841	0.999999930426026
72.625	4.5	0.999999438273932	0.799939941027238	-1.07193829742036e-05	1.79923032539501	0.999999938210133
72.875	4.5	0.999999734314537	0.799936102592886	-3.0535374745067e-06	1.59924588330905	0.999999970774599
73.125	4.5	1.00000025863409	0.799933346720914	6.49336071067172e-06	1.39926228822251	1.00000002844975
73.375	4.5	1.00000094411209	0.799932230030306	1.79731679932975e-05	1.19927920103954	1.00000010385233
73.625	4.5	1.00000165390987	0.799933383087579	3.12508984243019e-05	0.999296134175688	1.00000018193009
73.875	4.5	1.0000022058023	0.799937451279246	4.59016368174582e-05	0.799312439272063	1.00000024263825
74.125	4.5	1.00000242101861	0.799944987341732	6.1092913839842e-05	0.599327314067912	1.00000026631205
74.375	4.5	1.00000219631371	0.799956285775163	7.54810579243806e-05	0.399339841701309	1.00000024159451
74.625	4.5	1.00000159709618	0.799971418325512	8.71857079990277e-05	0.199349077204142	1.00000017568058
74.875	4.5	1.00000095986465	0.399987994437646	9.39707902298605e-05	-0.000645935384301896	1.00000010558511
0.125	5.5	7.36286531367607e-07	0.399995785059894	-0.000232515025066226	58.6057997824891	0.890000080991519
0.375	5.5	-4.36797644755259e-06	0.799987912754804	-0.000232343232125735	58.4278016419399	0.889999519522591
0.625	5.5	-1.57566853311678e-05	0.79998085341541	-0.000232243043009692	58.249805353503	0.889998266764614
0.875	5.5	-3.43604137570709e-05	0.799974974853969	-0.000232603193793356	58.0718108554506	0.889996220354487
1.125	5.5	-5.99183352983894e-05	0.799970621470705	-0.000233863245440432	57.8938180015082	0.889993408983117
1.375	5.5	-9.00730448329367e-05	0.799967995505408	-0.000236443434048971	57.7158265652115	0.889990091965069
1.625	5.5	-0.000119505554921086	0.799967210401962	-0.000240702972580377	57.5378362065704	0.889986854388959
1.875	5.5	-0.000139189624529482	0.799968317496451	-0.000246921264816757	57.3598464146195	0.889984689141302
2.125	5.5	-0.000135872701049903	0.799971331502769	-0.000255294353458407	57.1818564293945	0.889985054002885
2.375	5.5	-9.18882147865224e-05	0.799976251878811	-0.000265940020065471	57.0038651502957	0.889989892296373
2.625	5.5	1.46214072582931e-05	0.799983079345427	-0.000278906840994154	56.8258710402814	0.890001608354798
2.875	5.5	0.000209033543552915	0.799991828058942	-0.000294184286031655	56.6478720366714	0.890022993689791
3.125	5.5	0.000519139826952622	0.800002534451385	-0.000311712322210585	56.4698654794272	0.890057105380965
3.375	5.5	0.000973672765594714	0.800015263818673	-0.000331389916167513	56.291848066631	0.890107104004215
3.625	5.5	0.001600577289217	0.80003011557186	-0.000353082379296324	56.1138158446252	0.890176063501814
3.875	5.5	0.00242517321203289	0.800047227831245	-0.000376627763615119	55.9357642371673	0.890266769053324
4.125	5.5	0.00346837061088238	0.80006678181884	-0.000401842580391125	55.7576881143385	0.890381520767197
4.375	5.5	0.0047450973717436	0.800089006342451	-0.000428527048244119	55.5795818982319	0.890521960710892
4.625	5.5	0.00626307775303914	0.800114182566266	-0.000456469936927448	55.4014396990242	0.890688938552834
4.875	5.5	0.00802206597926138	0.800142649226252	-0.000485452894451182	55.223255472259	0.890882427257719
5.125	5.5	0.0100135943238204	0.80017480844838	-0.000515253958073563	55.0450231863005	0.89110149537562
5.375	5.5	0.0122212464121208	0.800211132347677	-0.000545649776226673	54.866736988099	0.891344337105333
5.625	5.5	0.014621419393215	0.800252170602546	-0.000576415929373238	54.6883913556736	0.891608356133254
5.875	5.5	0.0171844987715163	0.800298559185695	-0.000607324651998598	54.5099812269652	0.891890294864867
6.125	5.5	0.0198763418693904	0.800351030373003	-0.000638139244818694	54.3315020967365	0.892186397605633
6.375	5.5	0.0226599535485464	0.800410424019155	-0.000668604539761597	54.1529500756912	0.89249259489034
6.625	5.5	0.0254972424115235	0.800477699881528	-0.000698432953254986	53.9743219086129	0.892804696665268
6.875	5.5	0.0283507662347904	0.800553950486955	-0.000727285938142304	53.795614950709	0.893118584285827
7.125	5.5	0.0311854082649845	0.800640413701243	-0.000754751018910091	53.6168271031954	0.893430394909148
7.375	5.5	0.0339699654531362	0.80073848380764	-0.00078031505782882	53.4379567102478	0.893736696199845
7.625	5.5	0.0366786686761909	0.800849719583358	-0.000803334933227282	53.259002419713	0.894034653554381
7.875	5.5	0.0392926866258884	0.800975847623655	-0.000823007396491121	53.0799630094875	0.894322195528848
8.125	5.5	0.0418016841977815	0.801118759036704	-0.000838340491058431	52.9008371804462	0.894598185261756
8.375	5.5	0.0442055109018496	0.801280497621002	-0.000848129550306619	52.7216233155215	0.894862606199203
8.625	5.5	0.0465160870825978	0.801463237708503	-0.000850941439291922	52.5423192032895	0.895116769579086
8.875	5.5	0.0487595417391014	0.801669249937368	-0.000845111379156545	52.362921723428	0.895363549591301
9.125	5.5	0.0509786449325624	0.801900853193435	-0.000828757424817585	52.1834264907233	0.895607650942582
9.375	5.5	0.0532355812439132	0.802160350686494	-0.000799818501358466	52.0038274537655	0.895855913936831
9.625	5.5	0.0556151388396108	0.802449947443958	-0.000756122887068111	51.8241164437268	0.896117665272357
9.875	5.5	0.0582284480666194	0.8027716452513	-0.000695495166358688	51.6442826671138	0.896405129287328
10.125	5.5	0.0612174937814986	0.803127109103219	-0.000615910857880103	51.4643121335523	0.896733924315965
10.375	5.5	0.0647607348608581	0.803517496474369	-0.000515708809632689	51.2841870050302	0.897123680834694
10.625	5.5	0.0690802629591328	0.803943237218811	-0.000393871267720343	51.1038848465794	0.897598828925505
10.875	5.5	0.0744509635017295	0.804403747981364	-0.000250378772213196	50.9233777509598	0.89818960598519
11.125	5.5	0.0812120062987707	0.804897061505688	-8.66391414633816e-05	50.7426313039093	0.898933320692865
11.375	5.5	0.089780530415634	0.805419350165812	9.40271585161268e-05	50.5616033568596	0.89987585834572
11.625	5.5	0.100666359097761	0.805964328469322	0.000285894137746347	50.3802425894389	0.901073299500754
11.875	5.5	0.114484674628648	0.806522538776651	0.000480429035580714	50.1984868885531	0.902593314209151
12.125	5.5	0.131960503610036	0.807080570572239	0.000666151487455271	50.0162616638713	0.904515655397104
12.375	5.5	0.153914596907472	0.807620353318745	0.000828997751285499	49.8334783829918	0.906930605659822
12.625	5.5	0.181215690825418	0.808118809885634	0.000953476739939335	49.650033855847	0.909933725990796
12.875	5.5	0.21468186031901	0.808548347147192	0.00102483627951148	49.4658111031971	0.913615004635091
13.125	5.5	0.254918953916525	0.808878799976192	0.0010321825097181	49.2806829049519	0.918041084930818
13.375	5.5	0.302103742650576	0.809081314378303	0.00097197290059149	49.0945191177131	0.923231411691563
13.625	5.5	0.355756327545279	0.809133966447944	0.00085068926612988	48.9071982630002	0.929133196029981
13.875	5.5	0.414589077160992	0.80902763725664	0.000685223011738794	48.7186225036556	0.935604798487709
14.125	5.5	0.476535485055039	0.808769520404165	0.000500070781374175	48.5287331933126	0.942418903356054
14.375	5.5	0.539014749593815	0.808381979233874	0.000321868125644857	48.3375226614898	0.94929162245532
14.625	5.5	0.599378395715269	0.807896839135012	0.000173265266202566	48.1450380730772	0.95593162352868
14.875	5.5	0.65538101220361	0.807347945831427	6.85378359778607e-05	47.9513755930329	0.962091911342397
15.125	5.5	0.705502398193716	0.806765421266613	1.22888931950764e-05	47.756666609	0.967605263801309
15.375	5.5	0.749036138887351	0.806173165106227	9.76417944852787e-07	47.5610603589844	0.972393975277609
15.625	5.5	0.785976651930698	0.805588913020723	2.59347816585456e-05	47.364707644699	0.976457431712377
15.875	5.5	0.816803142885889	0.805025354169924	7.64800950981191e-05	47.1677487185632	0.979848345717448
16.125	5.5	0.842256003208449	0.804491273714633	0.00014224191633853	46.97030626402	0.982648160352929
16.375	5.5	0.863161098388417	0.803992397886943	0.000214491823926868	46.7724827835905	0.984947720822726
16.625	5.5	0.88031701214847	0.803532000671075	0.000286633074430336	46.5743610241882	0.986834871336332
16.875	5.5	0.894436411060439	0.803111395499396	0.000354148424601643	46.376006084441	0.988388005216648
17.125	5.5	0.906124715696537	0.802730377894704	0.000414276563487723	46.1774681892069	0.989673718726619
17.375	5.5	0.915880439350439	0.802387629685615	0.000465603721835522	45.9787855054308	0.990746848328548
17.625	5.5	0.924105956103635	0.802081073128474	0.000507675028617782	45.7799866816871	0.9916516551714
17.875	5.5	0.931121856289331	0.801808163748442	0.000540671309773568	45.5810929936626	0.992423404191827
18.125	5.5	0.937181297882161	0.801566118962763	0.000565162097882387	45.3821200881075	0.993089942767038
18.375	5.5	0.94248279398176	0.801352087140052	0.000581928319347254	45.1830793681705	0.993673107337994
18.625	5.5	0.947180988081754	0.801163266060142	0.00059184161744036	44.9839790789696	0.994189908688993
18.875	5.5	0.951395494232966	0.800996981061749	0.000595786462427249	44.78482515112	0.994653504365626
19.125	5.5	0.955218074897949	0.800850732610693	0.000594612915804387	44.5856218519859	0.995073988238774
19.375	5.5	0.958718461198271	0.800722221573443	0.00058911041527075	44.3863722849965	0.99545903073181
19.625	5.5	0.961949083944472	0.800609358805369	0.000579995394409794	44.1870787688195	0.995814399233892
19.875	5.5	0.964948928913197	0.800510264096978	0.000567907616738743	43.9877431212886	0.996144382180452
20.125	5.5	0.967746678580273	0.800423258203575	0.000553411711487131	43.7883668677144	0.99645213464383
20.375	5.5	0.970363262600548	0.800346850645147	0.000537001585943759	43.5889513892868	0.99673995888606
20.625	5.5	0.972813911308431	0.800279725173609	0.000519106230812303	43.3894980243392	0.997009530243927
20.875	5.5	0.975109788098245	0.800220724219912	0.000500096011329187	43.1900081329874	0.997262076690807
21.125	5.5	0.977259264758672	0.80016883320891	0.000480288918800642	42.9904831338481	0.997498519123454
21.375	5.5	0.97926889604124	0.800123165325524	0.00045995650065503	42.7909245200344	0.997719578564536
21.625	5.5	0.981144143987881	0.800082947098253	0.000439329336791604	42.5913338603305	0.997925855838667
21.875	5.5	0.982889897585364	0.800047505015734	0.000418602017061638	42.3917127903106	0.99811788873439
22.125	5.5	0.984510828499622	0.80001625328261	0.000397937622225055	42.1920629971746	0.998296191134958
22.375	5.5	0.986011618729808	0.799988682749858	0.000377471734250053	41.9923862012046	0.998461278060279
22.625	5.5	0.987397091023579	0.799964351003748	0.000357316011466654	41.7926841360138	0.998613680012594
22.875	5.5	0.988672267950567	0.799942873564114	0.00033756136628672	41.5929585291348	0.998753949474562
23.125	5.5	0.989842380814691	0.799923916123055	0.000318280782101651	41.3932110840005	0.998882661889616
23.375	5.5	0.990912845253453	0.799907187741526	0.000299531803521461	41.1934434639639	0.99900041297788
23.625	5.5	0.991889216534501	0.799892434917769	0.000281358731202547	40.9936572787061	0.999107813818795
23.875	5.5	0.99277713427435	0.799879436437759	0.000263794550129914	40.7938540731503	0.999205484770178
24.125	5.5	0.99358226358227	0.799867998923009	0.000246862617985621	40.5940353188436	0.99929404899405
24.375	5.5	0.994310237446566	0.799857952992686	0.000230578138300616	40.3942024076598	0.999374126119122
24.625	5.5	0.994966603480028	0.799849149964289	0.000214949441274608	40.194356647612	0.999446326382803
24.875	5.5	0.995556776858447	0.799841459023215	0.000199979093763653	39.9944992605302	0.999511245454429
25.125	5.5	0.996086000352442	0.799834764798031	0.000185664857968336	39.7946313813439	0.999569460038769
25.375	5.5	0.996559311696974	0.799828965285634	0.000172000517272494	39.5947540587172	0.999621524286667
25.625	5.5	0.996981518106094	0.799823970076341	0.000158976585539644	39.3948682567944	0.99966796699167
25.875	5.5	0.997357177465182	0.799819698835933	0.000146580915054374	39.1949748578353	0.99970928952117
26.125	5.5	0.997690585576783	0.799816080006689	0.000134799216576109	38.9950746655397	0.999745964413446
26.375	5.5	0.997985768763102	0.799813049695158	0.000123615503306744	38.7951684088875	0.999778434563941
26.625	5.5	0.998246481111312	0.799810550718193	0.00011301246951664	38.5952567463404	0.999807112922244
26.875	5.5	0.998476205666828	0.799808531784095	0.000102971812902461	38.3953402702758	0.999832382623351
27.125	5.5	0.998678158920233	0.799806946787888	9.34745087749037e-05	38.1954195115425	0.999854597481226
27.375	5.5	0.998855297985841	0.799805754203848	8.45010429582397e-05	37.9954949440471	0.999874082778442
27.625	5.5	0.999010329927036	0.799804916560527	7.60316091936049e-05	37.7955669892956	0.999891136291974
27.875	5.5	0.999145722741756	0.799804399985746	6.80462763417653e-05	37.59563602083	0.999906029501593
28.125	5.5	0.999263717578209	0.799804173811536	6.05251294621163e-05	37.3957023685133	0.999919008933603
28.375	5.5	0.999366341804634	0.799804210229639	5.34483885320278e-05	37.1957663226252	0.99993029759851
28.625	5.5	0.99945542260721	0.7998044839908	4.67965079145408e-05	36.995828137743	0.999940096486793
28.875	5.5	0.999532600836819	0.7998049721409	4.05502591121895e-05	36.7958880363895	0.99994858609205
29.125	5.5	0.999599344868108	0.799805653789224	3.46907991793892e-05	36.5959462124356	0.999955927935492
29.375	5.5	0.999656964273489	0.799806509903785	2.91997265275424e-05	36.3960028342546	0.999962266070084
29.625	5.5	0.999706623150348	0.799807523130855	2.40591259652351e-05	36.1960580476248	0.999967728546538
29.875	5.5	0.99974935297199	0.799808677634292	1.92516041478636e-05	35.9961119783876	0.999972428826919
30.125	5.5	0.999786064861837	0.799809958952957	1.4760316843119e-05	35.7961647348653	0.999976467134802
30.375	5.5	0.999817561216304	0.799811353873502	1.05689889647208e-05	35.5962164100503	0.999979931733793
30.625	5.5	0.999844546624537	0.799812850316488	6.66192832871482e-06	35.3962670835746	0.999982900128699
30.875	5.5	0.99986763805319	0.799814437234261	3.02403395102058e-06	35.1963168234762	0.999985440185851
31.125	5.5	0.99988737428158	0.799816104519398	-3.59200404140429e-07	34.9963656877714	0.999987611170974
31.375	5.5	0.999904224587003	0.799817842921991	-3.50168674599083e-06	34.7964137258515	0.99998946470457
31.625	5.5	0.999918596692129	0.799819643975173	-6.41674692636179e-06	34.596460979715	0.999991045636134
31.875	5.5	0.999930843996166	0.799821499927492	-9.11711966028138e-06	34.3965074850514	0.999992392839578
32.125	5.5	0.999941272119126	0.799823403682254	-1.1614970148703e-05	34.1965532721894	0.999993539933104
32.375	5.5	0.999950144794268	0.79982534874172	-1.39219017596575e-05	33.9965983669232	0.999994515927369
32.625	5.5	0.999957689148	0.799827329156979	-1.60489694974364e-05	33.7966427912289	0.99999534580628
32.875	5.5	0.999964100409108	0.799829339482121	-1.80066948695908e-05	33.5966865638842	0.999996051045002
33.125	5.5	0.999969546090498	0.799831374732524	-1.98050818565529e-05	33.3967297010004	0.999996650069955
33.375	5.5	0.999974169687083	0.799833430346892	-2.14536337622022e-05	33.1967722164787	0.999997158665579
33.625	5.5	0.999978093932748	0.799835502152474	-2.29613706501879e-05	32.9968141223991	0.999997590332602
33.875	5.5	0.999981423658127	0.79983758633338	-2.43368472043252e-05	32.7968554293502	0.999997956602394
34.125	5.5	0.999984248289239	0.799839679401666	-2.5588170835754e-05	32.5968961467084	0.999998267311816
34.375	5.5	0.999986644024608	0.799841778170742	-2.67230198146088e-05	32.3969362828726	0.999998530842707
34.625	5.5	0.999988675726321	0.799843879731226	-2.77486614060667e-05	32.1969758454605	0.999998754329895
34.875	5.5	0.999990398557613	0.799845981428658	-2.86719698009555e-05	31.9970148414726	0.999998943841337
35.125	5.5	0.999991859397056	0.799848080843152	-2.94994437625735e-05	31.7970532774273	0.999999104533676
35.375	5.5	0.99999309805663	0.79985017577073	-3.0237223977205e-05	31.5970911594727	0.999999240786229
35.625	5.5	0.999994148328371	0.799852264206227	-3.08911099470863e-05	31.3971284934779	0.999999356316121
35.875	5.5	0.99999503888174	0.799854344327568	-3.14665764417987e-05	31.1971652851072	0.999999454276991
36.125	5.5	0.999995794031471	0.799856414481403	-3.19687894582834e-05	30.9972015398796	0.999999537343462
36.375	5.5	0.999996434393398	0.799858473169778	-3.24026216317468e-05	30.7972372632163	0.999999607783274
36.625	5.5	0.999996977443704	0.799860519038046	-3.27726671045405e-05	30.5972724604784	0.999999667518807
36.875	5.5	0.99999743799513	0.799862550863613	-3.30832558197894e-05	30.3973071369959	0.999999718179464
37.125	5.5	0.999997828601991	0.799864567545761	-3.33384672818026e-05	30.1973412980893	0.999999761146219
37.375	5.5	0.999998159904251	0.799866568096087	-3.35421436780739e-05	29.9973749490868	0.999999797589468
37.625	5.5	0.999998440919575	0.799868551629788	-3.36979024966516e-05	29.7974080953352	0.999999828501153
37.875	5.5	0.999998679291066	0.799870517357819	-3.3809148545926e-05	29.5974407422081	0.999999854722017
38.125	5.5	0.999998881497253	0.799872464579213	-3.3879085428311e-05	29.3974728951108	0.999999876964698
38.375	5.5	0.999999053030021	0.799874392674557	-3.39107264839486e-05	29.1975045594824	0.999999895833302
38.625	5.5	0.999999198545352	0.799876301099506	-3.3906905191267e-05	28.9975357407962	0.999999911839989
38.875	5.5	0.999999321990963	0.799878189379086	-3.38702850781778e-05	28.7975664445587	0.999999925419006
39.125	5.5	0.999999426714401	0.799880057102371	-3.38033691371704e-05	28.5975966763071	0.999999936938584
39.375	5.5	0.999999515554583	0.79988190391741	-3.37085087472099e-05	28.3976264416061	0.999999946711004
39.625	5.5	0.999999590919306	0.799883729526809	-3.35879121656782e-05	28.1976557460438	0.999999955001124
39.875	5.5	0.999999654850897	0.799885533683396	-3.34436525767933e-05	27.9976845952279	0.999999962033599
40.125	5.5	0.999999709081827	0.799887316186394	-3.32776757038354e-05	27.7977129947801	0.999999967999001
40.375	5.5	0.999999755081817	0.799889076877712	-3.30918070323425e-05	27.5977409503322	0.999999973059
40.625	5.5	0.999999794097754	0.799890815638707	-3.28877586724558e-05	27.3977684675206	0.999999977350753
40.875	5.5	0.999999827187538	0.79989253238701	-3.26671358044575e-05	27.1977955519814	0.999999980990629
41.125	5.5	0.999999855248747	0.799894227073616	-3.24314428305005e-05	26.9978222093455	0.999999984077362
41.375	5.5	0.999999879042965	0.799895899680295	-3.21820891695138e-05	26.7978484452341	0.999999986694726
41.625	5.5	0.999999899216396	0.799897550217107	-3.19203947341148e-05	26.5978742652539	0.999999988913803
41.875	5.5	0.999999916317354	0.799899178720021	-3.16475951266437e-05	26.3978996749925	0.999999990794909
42.125	5.5	0.999999930811097	0.79990078524886	-3.13648465317611e-05	26.1979246800144	0.999999992389221
42.375	5.5	0.99999994309241	0.799902369885348	-3.10732303571829e-05	25.997949285857	0.999999993740165
42.625	5.5	0.99999995349628	0.799903932731143	-3.07737576100559e-05	25.7979734980265	0.999999994884591
42.875	5.5	0.999999962306964	0.79990547390626	-3.04673730382656e-05	25.5979973219946	0.999999995853766
43.125	5.5	0.999999969765664	0.799906993547424	-3.0154959019218e-05	25.3980207631952	0.999999996674223
43.375	5.5	0.999999976077059	0.799908491806559	-2.98373392907929e-05	25.1980438270209	0.999999997368476
43.625	5.5	0.999999981414824	0.799909968849499	-2.95152824060156e-05	24.9980665188207	0.999999997955631
43.875	5.5	0.999999985926346	0.799911424854648	-2.91895050290975e-05	24.7980888438967	0.999999998451898
44.125	5.5	0.999999989736689	0.799912860011797	-2.88606750644892e-05	24.598110807502	0.999999998871036
44.375	5.5	0.999999992951997	0.799914274521035	-2.85294145717858e-05	24.3981324148384	0.99999999922472
44.625	5.5	0.99999999566234	0.79991566859176	-2.81963025490744e-05	24.1981536710545	0.999999999522857
44.875	5.5	0.999999997944161	0.799917042441647	-2.78618775591312e-05	23.9981745812432	0.999999999773858
45.125	5.5	0.99999999986234	0.799918396295837	-2.75266401821931e-05	23.7981951504409	0.999999999984857
45.375	5.5	1.00000000147195	0.799919730386069	-2.7191055363852e-05	23.5982153836252	1.00000000016191
45.625	5.5	1.00000000281972	0.799921044949897	-2.68555546148128e-05	23.3982352857141	1.00000000031017
45.875	5.5	1.00000000394534	0.799922340230058	-2.65205380905862e-05	23.1982548615644	1.00000000043399
46.125	5.5	1.0000000048825	0.799923616473773	-2.61863765615185e-05	22.9982741159711	1.00000000053707
46.375	5.5	1.00000000565978	0.799924873932077	-2.58534132519979e-05	22.7982930536658	1.00000000062258
46.625	5.5	1.00000000630148	0.799926112859359	-2.55219656174596e-05	22.5983116793167	1.00000000069316
46.875	5.5	1.00000000682822	0.799927333512768	-2.51923269868727e-05	22.3983299975272	1.0000000007511
47.125	5.5	1.00000000725751	0.799928536151717	-2.48647681184033e-05	22.1983480128359	1.00000000079833
47.375	5.5	1.00000000760421	0.799929721037523	-2.45395386881753e-05	21.998365729716	1.00000000083646
47.625	5.5	1.00000000788096	0.799930888432845	-2.4216868693424e-05	21.7983831525745	1.00000000086691
47.875	5.5	1.00000000809851	0.799932038601438	-2.38969697532792e-05	21.5984002857528	1.00000000089084
48.125	5.5	1.00000000826596	0.799933171807735	-2.35800363747944e-05	21.3984171335257	1.00000000090926
48.375	5.5	1.00000000839107	0.799934288316482	-2.32662471333929e-05	21.1984337001018	1.00000000092302
48.625	5.5	1.00000000848043	0.799935388392549	-2.29557657786635e-05	20.9984499896232	1.00000000093285
48.875	5.5	1.00000000853965	0.799936472300492	-2.2648742319232e-05	20.7984660061658	1.00000000093936
49.125	5.5	1.00000000857348	0.799937540304485	-2.23453139940131e-05	20.5984817537393	1.00000000094308
49.375	5.5	1.00000000858597	0.799938592667875	-2.20456062523435e-05	20.3984972362873	1.00000000094446
49.625	5.5	1.00000000858057	0.799939629653147	-2.1749733662002e-05	20.1985124576874	1.00000000094386
49.875	5.5	1.00000000856021	0.799940651521634	-2.14578007461308e-05	19.998527421752	1.00000000094162
50.125	5.5	1.0000000085274	0.799941658533315	-2.11699028152537e-05	19.7985421322279	1.00000000093801
50.375	5.5	1.00000000848424	0.799942650946718	-2.08861267586782e-05	19.5985565927973	1.00000000093327
50.625	5.5	1.00000000843256	0.799943629018681	-2.06065517636593e-05	19.3985708070778	1.00000000092758
50.875	5.5	1.0000000083739	0.799944593004318	-2.03312500575882e-05	19.198584778623	1.00000000092113
51.125	5.5	1.00000000830957	0.799945543156732	-2.00602875697983e-05	18.9985985109229	1.00000000091405
51.375	5.5	1.00000000824069	0.799946479727043	-1.97937245850661e-05	18.7986120074045	1.00000000090648
51.625	5.5	1.00000000816823	0.799947402964195	-1.95316163941747e-05	18.5986252714322	1.0000000008985
51.875	5.5	1.00000000809299	0.799948313114839	-1.92740138850216e-05	18.3986383063085	1.00000000089023
52.125	5.5	1.00000000801567	0.799949210423272	-1.90209641439494e-05	18.1986511152744	1.00000000088172
52.375	5.5	1.00000000793688	0.799950095131322	-1.87725110097978e-05	17.9986637015101	1.00000000087306
52.625	5.5	1.00000000785712	0.799950967478211	-1.8528695662698e-05	17.7986760681359	1.00000000086428
52.875	5.5	1.00000000777683	0.799951827700575	-1.82895571391198e-05	17.5986882182123	1.00000000085545
53.125	5.5	1.00000000769639	0.799952676032253	-1.80551328927775e-05	17.3987001547412	1.0000000008466
53.375	5.5	1.00000000761612	0.799953512704219	-1.78254593073406e-05	17.1987118806663	1.00000000083777
53.625	5.5	1.0000000075363	0.799954337944525	-1.76005722373411e-05	16.9987233988738	1.00000000082899
53.875	5.5	1.00000000745716	0.799955151978224	-1.73805075272898e-05	16.7987347121934	1.00000000082029
54.125	5.5	1.00000000737891	0.799955955027118	-1.71653015327584e-05	16.5987458233989	1.00000000081168
54.375	5.5	1.00000000730174	0.799956747309791	-1.69549916506549e-05	16.398756735209	1.00000000080319
54.625	5.5	1.0000000072258	0.799957529041422	-1.67496168677905e-05	16.1987674502882	1.00000000079484
54.875	5.5	1.00000000715122	0.799958300433642	-1.6549218289139e-05	15.9987779712477	1.00000000078663
55.125	5.5	1.00000000707813	0.799959061694316	-1.6353839703115e-05	15.7987883006461	1.00000000077859
55.375	5.5	1.00000000700664	0.799959813027475	-1.61635281558154e-05	15.5987984409907	1.00000000077073
55.625	5.5	1.00000000693684	0.799960554632994	-1.59783345377459e-05	15.398808394738	1.00000000076305
55.875	5.5	1.00000000686881	0.799961286706406	-1.57983142008043e-05	15.1988181642953	1.00000000075557
56.125	5.5	1.00000000680263	0.799962009438635	-1.56235275986839e-05	14.9988277520216	1.00000000074829
56.375	5.5	1.00000000673838	0.799962723015656	-1.54540409504262e-05	14.7988371602286	1.00000000074122
56.625	5.5	1.00000000667611	0.799963427618129	-1.52899269452058e-05	14.5988463911823	1.00000000073437
56.875	5.5	1.0000000066159	0.799964123421012	-1.51312654773122e-05	14.398855447104	1.00000000072775
57.125	5.5	1.0000000065578	0.799964810593053	-1.49781444239607e-05	14.1988643301723	1.00000000072136
57.375	5.5	1.00000000650187	0.799965489296266	-1.4830660471597e-05	13.9988730425241	1.00000000071521
57.625	5.5	1.00000000644817	0.799966159685255	-1.46889199832947e-05	13.798881586257	1.0000000007093
57.875	5.5	1.00000000639674	0.799966821906521	-1.45530399290017e-05	13.5988899634307	1.00000000070364
58.125	5.5	1.00000000634766	0.799967476097618	-1.44231488593507e-05	13.3988981760694	1.00000000069824
58.375	5.5	1.00000000630097	0.799968122386134	-1.42993879618774e-05	13.1989062261641	1.00000000069311
58.625	5.5	1.00000000625673	0.799968760888647	-1.41819121556595e-05	12.9989141156751	1.00000000068824
58.875	5.5	1.00000000621501	0.799969391709369	-1.4070891276452e-05	12.7989218465353	1.00000000068365
59.125	5.5	1.00000000617586	0.799970014938716	-1.39665113237141e-05	12.5989294206528	1.00000000067935
59.375	5.5	1.00000000613936	0.799970630651596	-1.38689757793815e-05	12.3989368399152	1.00000000067533
59.625	5.5	1.00000000610558	0.799971238905442	-1.37785069992299e-05	12.1989441061932	1.00000000067161
59.875	5.5	1.00000000607458	0.79997183973797	-1.36953476885309e-05	11.9989512213458	1.0000000006682
60.125	5.5	1.00000000604645	0.799972433164593	-1.36197624265299e-05	11.7989581872248	1.00000000066511
60.375	5.5	1.00000000602127	0.799973019175454	-1.35520392772598e-05	11.5989650056813	1.00000000066234
60.625	5.5	1.00000000599914	0.799973597732017	-1.34924914332027e-05	11.3989716785723	1.00000000065991
60.875	5.5	1.00000000598016	0.799974168763147	-1.34414589122253e-05	11.198978207768	1.00000000065782
61.125	5.5	1.00000000596446	0.799974732160618	-1.33993102666661e-05	10.998984595161	1.00000000065609
61.375	5.5	1.00000000595214	0.79997528777395	-1.3366444290506e-05	10.7989908426756	1.00000000065474
61.625	5.5	1.00000000594334	0.799975835404501	-1.33432916650186e-05	10.5989969522797	1.00000000065377
61.875	5.5	1.00000000593818	0.799976374798698	-1.33303165167881e-05	10.3990029259969	1.0000000006532
62.125	5.5	1.00000000593675	0.799976905640292	-1.33280178149767e-05	10.1990087659219	1.00000000065304
62.375	5.5	1.00000000593915	0.799977427541439	-1.33369305091887e-05	9.99901447423632	1.00000000065331
62.625	5.5	1.00000000594546	0.799977940032643	-1.33576263150594e-05	9.79902005322876	1.000000000654
62.875	5.5	1.00000000595581	0.799978442551129	-1.3390714015066e-05	9.59902550531583	1.00000000065514
63.125	5.5	1.00000000597041	0.799978934427692	-1.34368390629062e-05	9.3990308330673	1.00000000065675
63.375	5.5	1.00000000598968	0.799979414871738	-1.34966823236222e-05	9.19903603923444	1.00000000065886
63.625	5.5	1.00000000601426	0.799979882954261	-1.35709576250209e-05	8.99904112678232	1.00000000066157
63.875	5.5	1.00000000604505	0.799980337588654	-1.36604078008999e-05	8.79904609892666	1.00000000066496
64.125	5.5	1.00000000608303	0.79998077750899	-1.37657987891348e-05	8.59905095917581	1.00000000066913
64.375	5.5	1.00000000612886	0.799981201245723	-1.38879112496137e-05	8.39905571137841	1.00000000067417
64.625	5.5	1.00000000618236	0.799981607098419	-1.40275290613123e-05	8.19906035977757	1.00000000068006
64.875	5.5	1.00000000624178	0.799981993105544	-1.41854238915677e-05	7.99906490907216	1.0000000006866
65.125	5.5	1.00000000630345	0.799982357010995	-1.43623348876917e-05	7.79906936448612	1.00000000069338
65.375	5.5	1.00000000636209	0.79998269622755	-1.45589423321932e-05	7.59907373184655	1.00000000069983
65.625	5.5	1.00000000641248	0.799983007797161	-1.47758338452876e-05	7.39907801767125	1.00000000070537
65.875	5.5	1.00000000645276	0.799983288348506	-1.50134614772371e-05	7.19908222926656	1.0000000007098
66.125	5.5	1.00000000648919	0.799983534052338	-1.5272087634871e-05	6.99908637483602	1.00000000071381
66.375	5.5	1.00000000654097	0.799983740575596	-1.55517174305592e-05	6.79909046360034	1.00000000071951
66.625	5.5	1.00000000664245	0.799983903035823	-1.58520145576861e-05	6.59909450592876	1.00000000073067
66.875	5.5	1.00000000683912	0.799984015958144	-1.61721973128303e-05	6.3990985134817	1.0000000007523
67.125	5.5	1.0000000071735	0.799984073238011	-1.65109109194659e-05	6.19910249936384	1.00000000078908
67.375	5.5	1.00000000765947	0.799984068114072	-1.68660719324455e-05	5.99910647828601	1.00000000084254
67.625	5.5	1.00000000824827	0.799983993157066	-1.72346803033473e-05	5.79911046673295	1.00000000090731
67.875	5.5	1.00000000879681	0.79998384028218	-1.76125947428069e-05	5.59911448313229	1.00000000096765
68.125	5.5	1.0000000090573	0.799983600794504	-1.79942674232741e-05	5.39911854801749	1.0000000009963
68.375	5.5	1.0000000087116	0.799983265479509	-1.8372434708204e-05	5.19912268417451	1.00000000095828
68.625	5.5	1.0000000074707	0.799982824753513	-1.87377615973682e-05	4.9991269167581	1.00000000082178
68.875	5.5	1.00000000524238	0.799982268892787	-1.90784387525196e-05	4.79913127335879	1.00000000057666
69.125	5.5	1.00000000233817	0.799981588364502	-1.93797326999606e-05	4.59913578399724	1.0000000002572
69.375	5.5	0.99999999964863	0.799980774288319	-1.96234925006978e-05	4.3991404810167	0.999999999961349
69.625	5.5	0.999999998677318	0.799979819063347	-1.97876212371635e-05	4.19914539883884	0.999999999854505
69.875	5.5	1.00000000131295	0.79997871720063	-1.98455298454812e-05	3.99915057354121	1.00000000014442
70.125	5.5	1.00000000925875	0.79997746640433	-1.97656066150924e-05	3.79915604220683	1.00000000101846
70.375	5.5	1.00000002314602	0.799976068942362	-1.95107602246476e-05	3.59916184198628	1.00000000254606
70.625	5.5	1.00000004152613	0.799974533336474	-1.90381285060989e-05	3.39916800880084	1.00000000456787
70.875	5.5	1.00000006011926	0.799972876378636	-1.82990878396332e-05	3.19917457560396	1.00000000661312
71.125	5.5	1.00000007182014	0.799971125443162	-1.72397447722553e-05	2.99918157010927	1.00000000790022
71.375	5.5	1.00000006792403	0.799969321010077	-1.58021349672896e-05	2.79918901189568	1.00000000747164
71.625	5.5	1.00000004076113	0.799967519244973	-1.39263869171451e-05	2.59919690881983	1.00000000448372
71.875	5.5	0.999999987400973	0.799965794393084	-1.15541226504108e-05	2.39920525271528	0.999999998614107
72.125	5.5	0.999999913398538	0.79996424063891	-8.63336207578646e-06	2.19921401444501	0.999999990473839
72.375	5.5	0.999999834901887	0.799962972952919	-5.12516970277732e-06	1.99922313850593	0.999999981839208
72.625	5.5	0.999999777115659	0.799962126290168	-1.01222246840366e-06	1.7992325375653	0.999999975482722
72.875	5.5	0.99999976743142	0.799961852327656	3.69064872824253e-06	1.5992420875336	0.999999974417456
73.125	5.5	0.999999822784082	0.79996231275838	8.92415877282088e-06	1.39925162403443	0.999999980506249
73.375	5.5	0.999999933173803	0.799963668078429	1.45712568044383e-05	1.19926094138669	0.999999992649118
73.625	5.5	1.00000004681725	0.79996606095336	2.04444970301435e-05	0.999269795405931	1.0000000051499
73.875	5.5	1.00000006662304	0.799969593851166	2.62772525610325e-05	0.799277911356627	1.00000000732853
74.125	5.5	0.999999871216499	0.799974301953738	3.17238644385099e-05	0.599284998092193	0.999999985833815
74.375	5.5	0.999999373531465	0.799980124745666	3.63758119579772e-05	0.399290768626547	0.999999931088461
74.625	5.5	0.99999862114616	0.799987133085341	3.98020205536958e-05	0.199294965901718	0.999999848326078
74.875	5.5	0.999997919635674	0.399993532854678	4.16175185101346e-05	-0.000702734934261002	0.999999771159924
0.125	6.5	7.63456258656845e-07	0.399993957052127	-0.000192768526438639	58.6059922770996	0.890000083980188
0.375	6.5	-4.52968219661584e-06	0.799982271585964	-0.00019409610527487	58.4279949494162	0.889999501734958
0.625	6.5	-1.63377754098169e-05	0.79997092961618	-0.0001968150346349	58.2500003655472	0.889998202844705
0.875	6.5	-3.56230934442689e-05	0.799960074912688	-0.000201045374282802	58.072008604576	0.889996081459721
1.125	6.5	-6.21130286802352e-05	0.799949927448032	-0.000206942914811778	57.8940196995531	0.889993167566845
1.375	6.5	-9.33632899082168e-05	0.799940651058013	-0.000214683653720708	57.7160336196692	0.88998973003811
1.625	6.5	-0.000123863541356052	0.799932386776126	-0.000224448756296544	57.5380502175189	0.889986375010451
1.875	6.5	-0.000144267628904686	0.799925255438603	-0.000236412162118259	57.3600691570968	0.88998413056082
2.125	6.5	-0.000140859592574876	0.799919361746462	-0.000250731148436197	57.1820898260403	0.889984505444817
2.375	6.5	-9.53639686095975e-05	0.7999147993129	-0.00026753968066657	57.0041112383271	0.889989509963453
2.625	6.5	1.48174182022416e-05	0.799911656419356	-0.0002869442389724	56.8261319359251	0.890001629916002
2.875	6.5	0.000215903322515575	0.799910022372618	-0.000309021851589563	56.6481498993386	0.890023749365477
3.125	6.5	0.000536579752449186	0.799909994446971	-0.000333820171003418	56.4701624773053	0.890059023772769
3.375	6.5	0.00100646397952561	0.799911685411741	-0.000361359526241211	56.2921663449718	0.890110711037748
3.625	6.5	0.00165430211473575	0.799915231628457	-0.00039163693376136	56.1141574977869	0.890181973232621
3.875	6.5	0.00250605085539077	0.799920801675732	-0.000424632041189454	55.9361312853343	0.890275665594093
4.125	6.5	0.00358301079783896	0.799928605457428	-0.00046031491399989	55.7580824857382	0.890394131187762
4.375	6.5	0.00490017644952995	0.799938903776291	-0.000498655467341264	55.5800054175198	0.890539019409448
4.625	6.5	0.0064649479320246	0.799952018408227	-0.000539634201731686	55.4018940822811	0.890711144272523
4.875	6.5	0.00827631461374346	0.799968342783771	-0.000583253733912844	55.2237423287023	0.890910394607512
5.125	6.5	0.0103245762165588	0.799988353458026	-0.000629550428045384	55.0455440263331	0.891135703383822
5.375	6.5	0.0125916177135381	0.800012622613603	-0.00067860523731661	54.8672932366982	0.891385077948489
5.625	6.5	0.0150517061902573	0.8000418318788	-0.000730552673168749	54.6889843693749	0.891655687680928
5.875	6.5	0.0176727361502887	0.800076787733475	-0.00078558664813957	54.5106123118367	0.891944000976532
6.125	6.5	0.0204178191840205	0.800118438702658	-0.000843961813472687	54.3321725238337	0.892245960110242
6.375	6.5	0.0232470979492211	0.800167894378063	-0.000905988966218892	54.1536610895954	0.892557180774414
6.625	6.5	0.0261196647081001	0.800226446052866	-0.000972023162165434	53.9750747238885	0.892873163117891
6.875	6.5	0.0289954806510763	0.800295588402081	-0.00104244336691567	53.7964107305788	0.893189502871618
7.125	6.5	0.0318372209130223	0.800377041207293	-0.00111762281795342	53.6176669145445	0.893502094300432
7.375	6.5	0.0346120064510727	0.800472769638232	-0.00119788974680024	53.4388414493393	0.893807320709618
7.625	6.5	0.0372930214625004	0.80058500111015	-0.00128347869079449	53.259932703815	0.894102232360875
7.875	6.5	0.0398610474977474	0.800716236261257	-0.00137447325200152	53.0809390310332	0.894384715224752
8.125	6.5	0.0423059681250373	0.800869251169293	-0.00147074176519426	52.9018585223816	0.894653656493754
8.375	6.5	0.0446283090155807	0.801047087531484	-0.00157186783766026	52.7226887291073	0.894909113991714
8.625	6.5	0.0468408793266114	0.801253027134506	-0.00167707805362994	52.5434263527388	0.895152496725927
8.875	6.5	0.0489705765545166	0.801490546464923	-0.00178516925630785	52.3640669052758	0.895386763420997
9.125	6.5	0.0510604166830598	0.801763246669603	-0.00189443774562699	52.1846043396271	0.895616645835137
9.375	6.5	0.0531718637401728	0.802074753191696	-0.00200261254822705	52.0050306504532	0.895848905011419
9.625	6.5	0.0553875661650062	0.802428578235576	-0.00210679480675159	51.8253354449819	0.896092632278151
9.875	6.5	0.0578146666430529	0.802827937805302	-0.0022034055785449	51.6455054820582	0.896359613330736
10.125	6.5	0.0605889360421042	0.803275513570786	-0.00228814530469436	51.4655241750804	0.896664782964631
10.375	6.5	0.0638800797855854	0.803773148602967	-0.00235597035874939	51.2853710500909	0.897026808776414
10.625	6.5	0.067898650629345	0.804321465643769	-0.00240109587589849	51.1050211438971	0.897468851569228
10.875	6.5	0.072905026649715	0.804919397902954	-0.00241703988280175	50.9244443191128	0.898019552931469
11.125	6.5	0.0792207929018376	0.80556362660151	-0.0023967317311764	50.7436044650269	0.898714287219202
11.375	6.5	0.0872424614906905	0.806247928317912	-0.00233271761413422	50.562458548924	0.899596670763976
11.625	6.5	0.0974565666064166	0.806962451162856	-0.00221750624165466	50.3809554890224	0.900720222326706
11.875	6.5	0.110453491106559	0.807692965945456	-0.00204410575883775	50.1990348497731	0.902149884021721
12.125	6.5	0.126934613585455	0.808420183462492	-0.00180680325050089	50.016625431307	0.9039628074944
12.375	6.5	0.147703394868413	0.809119301810329	-0.00150222075544747	49.8336439604967	0.906247373435525
12.625	6.5	0.173626424716391	0.809760058093779	-0.0011306301686442	49.6499943103403	0.909098906718803
12.875	6.5	0.205547351986904	0.810307700814309	-0.000697401941959822	49.4655679688035	0.912610208718559
13.125	6.5	0.244139627557917	0.810725409881333	-0.000214285323240977	49.2802467704243	0.916855359031371
13.375	6.5	0.289699814297254	0.810978596702288	0.000299998084297945	49.093909000496	0.921866979572698
13.625	6.5	0.341916451563052	0.811040944836837	0.0008204942314046	48.9064395757748	0.927610809671936
13.875	6.5	0.399692885362777	0.810900880323733	0.00131855919826718	48.7177438268099	0.933966217389905
14.125	6.5	0.461128097644827	0.810565911594054	0.00176603784455664	48.5277625619122	0.940724090740931
14.375	6.5	0.52372822116061	0.810062238724279	0.00214001309508464	48.3364843868014	0.947610104327667
14.625	6.5	0.584822253940713	0.809429095032428	0.0024265035827168	48.143950980716	0.954330447933478
14.875	6.5	0.642042240819627	0.808710285707162	0.00262181937410177	47.9502529714658	0.960624646490159
15.125	6.5	0.693689048764408	0.807946692834955	0.00273137260876627	47.7555174646388	0.966305795364085
15.375	6.5	0.738873822214071	0.807172073518171	0.00276681309013608	47.5598911857351	0.971276120443548
15.625	6.5	0.777443469248769	0.806412043776617	0.00274275815419137	47.3635239846775	0.975518781617365
15.875	6.5	0.809779842254085	0.805684845410993	0.00267409018024776	47.1665561386111	0.979075782647949
16.125	6.5	0.836572924922906	0.805002642771874	0.00257422552170713	46.9691107244747	0.98202302174152
16.375	6.5	0.858633046205952	0.804372762835463	0.00245430244025753	46.7712905748221	0.984449635082655
16.625	6.5	0.876764865203447	0.803798755506007	0.00232302449653119	46.5731784881481	0.986444135172379
16.875	6.5	0.891698133934241	0.803281303010772	0.00218687546634444	46.3748392908055	0.988086794732767
17.125	6.5	0.904059331528166	0.80281900610544	0.00205049032924308	46.1763226642669	0.989446526468098
17.375	6.5	0.914367992258396	0.802409049675706	0.00191705078194663	45.9776660524197	0.990580479148424
17.625	6.5	0.923045554119386	0.802047742896541	0.001788640047225	45.7788972939193	0.991535010953132
17.875	6.5	0.930429050863942	0.801730935912349	0.00166653381686965	45.5800368437554	0.992347195595034
18.125	6.5	0.936785462731797	0.801454324694566	0.001551426554374	45.3810995710887	0.993046400900498
18.375	6.5	0.942324797963321	0.801213662087067	0.00144360200891507	45.1820961775518	0.993655727775965
18.625	6.5	0.947211251566023	0.801004894952868	0.00134305935682948	44.9830342989464	0.994193237672263
18.875	6.5	0.951572416443165	0.800824246027681	0.00124960563529521	44.7839193527117	0.994672965808748
19.125	6.5	0.955506777392934	0.80066825616189	0.00116292319073053	44.5847551851165	0.995105745513223
19.375	6.5	0.95908978216678	0.800533799293538	0.00108261878431601	44.3855445618493	0.995499876038346
19.625	6.5	0.962378762758753	0.800418079401918	0.00100825921458446	44.1862895362539	0.995861663903463
19.875	6.5	0.965416931224485	0.800318616128871	0.000939396945379277	43.9869917217834	0.996195862434693
20.125	6.5	0.968236624288143	0.800233223762913	0.000875588239367647	43.7876524893672	0.996506028671696
20.375	6.5	0.970861929953579	0.800159986805141	0.000816405612595507	43.5882731059958	0.996794812294894
20.625	6.5	0.973310799250245	0.80009723426982	0.000761445960606759	43.3888548275665	0.997064187917527
20.875	6.5	0.975596725571194	0.800043514122288	0.000710335390579789	43.1893989565526	0.997315639812831
21.125	6.5	0.977730060213697	0.799997568736436	0.000662731572365537	42.989906873114	0.997550306623507
21.375	6.5	0.979719023246317	0.799958311895261	0.000618324259545144	42.7903800466892	0.997769092557095
21.625	6.5	0.981570461795107	0.799924807617507	0.000576834505058417	42.5908200337766	0.997972750797462
21.875	6.5	0.983290402001346	0.799896250928128	0.000538012992445004	42.3912284664809	0.998161944220148
22.125	6.5	0.984884435537076	0.799871950585134	0.000501637815849358	42.1916070354147	0.998337287909078
22.375	6.5	0.986357976357325	0.79985131370225	0.000467511966250407	41.9919574697108	0.998499377399306
22.625	6.5	0.987716418258254	0.799833832165058	0.00043546071662756	41.7922815161858	0.998648806008408
22.875	6.5	0.988965218872046	0.799819070710978	0.000405329044534219	41.5925809191075	0.998786174075925
23.125	6.5	0.990109931084373	0.799806656530989	0.000376979185730387	41.3928574015389	0.998912092419281
23.375	6.5	0.991156198626371	0.799796270245253	0.000350288377165524	41.193112648854	0.999027181848901
23.625	6.5	0.992109728855188	0.799787638107521	0.000325146820213146	40.9933482947327	0.999132070174071
23.875	6.5	0.992976252538472	0.799780525298513	0.000301455875009648	40.7935659097273	0.999227387779232
24.125	6.5	0.993761477802541	0.799774730176172	0.000279126482684583	40.593766992344	0.99931376255828
24.375	6.5	0.994471043262445	0.799770079361762	0.000258077802861452	40.3939529624806	0.999391814758869
24.625	6.5	0.995110473675114	0.799766423551229	0.000238236048576131	40.1941251570038	0.999462152104263
24.875	6.5	0.995685140181285	0.799763633952106	0.000219533497735809	39.9942848272129	0.999525365419941
25.125	6.5	0.996200226262221	0.799761599258295	0.000201907659858362	39.7944331379323	0.999582024888844
25.375	6.5	0.996660699866791	0.79976022308403	0.000185300577137503	39.5945711679742	0.999632676985347
25.625	6.5	0.997071291707511	0.799759421789849	0.000169658240523461	39.3946999117297	0.999677842087826
25.875	6.5	0.997436479426425	0.799759122641086	0.000154930103293826	39.1948202816659	0.999718012736907
26.125	6.5	0.997760477152558	0.799759262248383	0.000141068676542881	38.9949331115286	0.999753652486781
26.375	6.5	0.998047229877527	0.799759785246337	0.000128029193254257	38.7950391600735	0.999785195286528
26.625	6.5	0.99830041203887	0.799760643173569	0.000115769329282733	38.5951391151729	0.999813045324276
26.875	6.5	0.998523429701627	0.799761793522293	0.000104248971519506	38.3952335981669	0.999837577267179
27.125	6.5	0.998719425753893	0.799763198930861	9.34300249401608e-05	38.1953231683469	0.999859136832928
27.375	6.5	0.998891287571205	0.799764826496733	8.3276251581933e-05	37.9954083274798	0.999878041632833
27.625	6.5	0.99904165665099	0.799766647190755	7.37531356676023e-05	37.7954895242973	0.999894582231609
27.875	6.5	0.999172939767695	0.799768635357045	6.4827770110363e-05	37.5955671588874	0.999909023374446
28.125	6.5	0.999287321248647	0.799770768284724	5.64687602210065e-05	37.3956415869428	0.999921605337351
28.375	6.5	0.999386776018698	0.799773025840682	4.86461414579438e-05	37.1957131238259	0.999932545362057
28.625	6.5	0.999473083107365	0.799775390153485	4.13313083221399e-05	36.9957820484264	0.99994203914181
28.875	6.5	0.999547839355069	0.799777845341055	3.44969522493962e-05	36.7958486067901	0.999950262329057
29.125	6.5	0.999612473094873	0.799780377275076	2.81170064830897e-05	36.5959130155094	0.999957372040436
29.375	6.5	0.99966825762289	0.799782973376687	2.21665965010788e-05	36.3959754648683	0.999963508338518
29.625	6.5	0.999716324304315	0.799785622439042	1.66219947215201e-05	36.1960361217419	0.999968795673475
29.875	6.5	0.999757675192583	0.799788314472418	1.14605784060662e-05	35.9960951322537	0.999973344271184
30.125	6.5	0.999793195067061	0.799791040569149	6.66079016463169e-06	35.7961526241981	0.999977251457377
30.375	6.5	0.999823662819184	0.799793792784719	2.20210017839361e-06	35.5962087092349	0.99998060291011
30.625	6.5	0.999849762139141	0.799796564033972	-1.93503014797391e-06	35.3962634848704	0.999983473835306
30.875	6.5	0.999872091474143	0.799799347998946	-5.76918351783208e-06	35.1963170362346	0.999985930062156
31.125	6.5	0.999891173245941	0.799802139048037	-9.31802132843339e-06	34.9963694376696	0.999988029057054
31.375	6.5	0.999907462329094	0.799804932164189	-1.25983176846966e-05	34.796420754142	0.9999898208562
31.625	6.5	0.999921353803152	0.799807722881347	-1.56259929109104e-05	34.5964710424941	0.999991348918347
31.875	6.5	0.999933190001191	0.799810507227668	-1.84161466947979e-05	34.3965203525475	0.999992650900131
32.125	6.5	0.999943266884521	0.799813281675373	-2.09830907398431e-05	34.1965687280726	0.999993759357297
32.375	6.5	0.999951839778774	0.799816043095665	-2.33403811156991e-05	33.9966162076366	0.999994702375665
32.625	6.5	0.999959128510568	0.799818788718642	-2.55008500235449e-05	33.7966628253431	0.999995504136163
32.875	6.5	0.999965321986234	0.79982151609726	-2.74766371748135e-05	33.5967086114749	0.999996185418486
33.125	6.5	0.999970582255433	0.799824223075216	-2.92792205232339e-05	33.3967535930497	0.999996764048098
33.375	6.5	0.999975048102606	0.799826907758143	-3.09194463844215e-05	33.1967977943004	0.999997255291287
33.625	6.5	0.999978838208571	0.799829568487351	-3.24075589084553e-05	32.9968412370871	0.999997672202943
33.875	6.5	0.999982053923278	0.799832203816781	-3.37532287502756e-05	32.7968839412515	0.999998025931561
34.125	6.5	0.999984781688922	0.799834812491975	-3.49655809364677e-05	32.5969259249186	0.999998325985781
34.375	6.5	0.999987095150362	0.799837393431027	-3.60532219637086e-05	32.3969672047549	0.99999858046654
34.625	6.5	0.999989056987439	0.79983994570768	-3.70242658802377e-05	32.197007796187	0.999998796268618
34.875	6.5	0.999990720501093	0.799842468535955	-3.78863595799106e-05	31.9970477135873	0.99999897925512
35.125	6.5	0.999992130982576	0.799844961256218	-3.8646707062768e-05	31.7970869704306	0.999999134408083
35.375	6.5	0.999993326892394	0.799847423322819	-3.9312092784494e-05	31.5971255794269	0.999999265958163
35.625	6.5	0.999994340872986	0.799849854292639	-3.98889040291957e-05	31.3971635526322	0.999999377496028
35.875	6.5	0.999995200616744	0.799852253815084	-4.03831523342897e-05	31.1972009015419	0.999999472067842
36.125	6.5	0.999995929608532	0.799854621622689	-4.08004939430414e-05	30.9972376371692	0.999999552256938
36.375	6.5	0.999996547759726	0.79985695752295	-4.11462493241947e-05	30.7972737701102	0.99999962025357
36.625	6.5	0.999997071948782	0.799859261390706	-4.14254217859116e-05	30.5973093105985	0.999999677914366
36.875	6.5	0.999997516481445	0.799861533161421	-4.16427151359062e-05	30.3973442685503	0.999999726812959
37.125	6.5	0.999997893482082	0.799863772824912	-4.18025505031844e-05	30.197378653602	0.999999768283029
37.375	6.5	0.999998213226106	0.799865980419942	-4.19090823050909e-05	29.9974124751416	0.999999803454872
37.625	6.5	0.999998484422105	0.799868156029026	-4.19662133569304e-05	29.7974457423343	0.999999833286432
37.875	6.5	0.999998714451122	0.799870299773995	-4.19776092278537e-05	29.5974784641437	0.999999858589623
38.125	6.5	0.999998909569473	0.799872411811786	-4.19467118069918e-05	29.3975106493492	0.999999880052642
38.375	6.5	0.999999075080606	0.799874492330756	-4.18767521531212e-05	29.1975423065607	0.999999898258867
38.625	6.5	0.99999921548066	0.799876541547261	-4.17707626378607e-05	28.9975734442303	0.999999913702873
38.875	6.5	0.999999334581743	0.799878559702577	-4.16315884344129e-05	28.797604070662	0.999999926803992
39.125	6.5	0.999999435616329	0.799880547060174	-4.1461898359782e-05	28.5976341940193	0.999999937917796
39.375	6.5	0.999999521325648	0.799882503903135	-4.12641951232534e-05	28.3976638223325	0.999999947345821
39.625	6.5	0.999999594034552	0.799884430531831	-4.10408250040627e-05	28.1976929635029	0.999999955343801
39.875	6.5	0.999999655714918	0.799886327261922	-4.07939869634e-05	27.9977216253081	0.999999962128641
40.125	6.5	0.999999708039352	0.799888194422455	-4.0525741285451e-05	27.7977498154053	0.999999967884329
40.375	6.5	0.999999752426693	0.799890032354079	-4.02380176808555e-05	27.5977775413337	0.999999972766936
40.625	6.5	0.999999790080575	0.799891841407547	-3.99326229782052e-05	27.3978048105176	0.999999976908863
40.875	6.5	0.999999822022094	0.799893621942252	-3.96112483358641e-05	27.1978316302682	0.99999998042243
41.125	6.5	0.999999849117517	0.799895374324998	-3.92754760751445e-05	26.9978580077851	0.999999983402927
41.375	6.5	0.999999872101777	0.799897098928769	-3.89267861042853e-05	26.797883950158	0.999999985931195
41.625	6.5	0.999999891598372	0.799898796131709	-3.85665619920695e-05	26.5979094643675	0.999999988075821
41.875	6.5	0.99999990813628	0.799900466316092	-3.8196096671119e-05	26.3979345572869	0.999999989894991
42.125	6.5	0.999999922164275	0.799902109867502	-3.78165978486171e-05	26.1979592356825	0.99999999143807
42.375	6.5	0.999999934063081	0.799903727173998	-3.7429193065125e-05	25.997983506215	0.999999992746939
42.625	6.5	0.999999944155696	0.799905318625369	-3.70349345157929e-05	25.7980073754399	0.999999993857127
42.875	6.5	0.99999995271613	0.799906884612514	-3.6634803540307e-05	25.5980308498087	0.999999994798774
43.125	6.5	0.999999959976842	0.799908425526793	-3.62297149034555e-05	25.3980539356695	0.999999995597453
43.375	6.5	0.999999966135028	0.799909941759479	-3.5820520796168e-05	25.198076639268	0.999999996274853
43.625	6.5	0.999999971357971	0.799911433701322	-3.54080146305784e-05	24.9980989667479	0.999999996849377
43.875	6.5	0.999999975787579	0.799912901742027	-3.49929346012716e-05	24.7981209241521	0.999999997336634
44.125	6.5	0.999999979544232	0.799914346269843	-3.45759670643462e-05	24.5981425174233	0.999999997749866
44.375	6.5	0.999999982730042	0.799915767671252	-3.41577496890547e-05	24.3981637524049	0.999999998100305
44.625	6.5	0.999999985431626	0.799917166330569	-3.37388744716071e-05	24.1981846348419	0.999999998397479
44.875	6.5	0.999999987722467	0.799918542629698	-3.33198905398754e-05	23.9982051703817	0.999999998649471
45.125	6.5	0.999999989664886	0.799919896947785	-3.29013068181952e-05	23.7982253645752	0.999999998863138
45.375	6.5	0.999999991311759	0.799921229661015	-3.24835945412841e-05	23.5982452228775	0.999999999044293
45.625	6.5	0.99999999270793	0.799922541142428	-3.20671896105905e-05	23.3982647506489	0.999999999197872
45.875	6.5	0.999999993891445	0.79992383176162	-3.16524948326199e-05	23.1982839531562	0.999999999328059
46.125	6.5	0.999999994894572	0.799925101884699	-3.12398820139912e-05	22.9983028355732	0.999999999438403
46.375	6.5	0.999999995744687	0.79992635187396	-3.08296939585988e-05	22.7983214029822	0.999999999531916
46.625	6.5	0.999999996465014	0.799927582087912	-3.04222463332121e-05	22.5983396603746	0.999999999611151
46.875	6.5	0.999999997075249	0.799928792881025	-3.00178294310309e-05	22.3983576126523	0.999999999678277
47.125	6.5	0.999999997592098	0.799929984603744	-2.96167098430023e-05	22.198375264629	0.999999999735131
47.375	6.5	0.99999999802974	0.799931157602249	-2.92191320373324e-05	21.9983926210304	0.999999999783271
47.625	6.5	0.999999998400197	0.799932312218495	-2.88253198359702e-05	21.7984096864963	0.999999999824022
47.875	6.5	0.999999998713672	0.799933448790083	-2.84354778243445e-05	21.5984264655813	0.999999999858504
48.125	6.5	0.999999998978819	0.799934567650207	-2.80497926650571e-05	21.3984429627557	0.99999999988767
48.375	6.5	0.999999999202977	0.799935669127593	-2.76684343753099e-05	21.1984591824071	0.999999999912327
48.625	6.5	0.999999999392374	0.7999367535465	-2.72915574784341e-05	20.9984751288412	0.999999999933161
48.875	6.5	0.999999999552296	0.799937821226611	-2.69193021517052e-05	20.7984908062832	0.999999999950753
49.125	6.5	0.999999999687225	0.799938872483084	-2.65517952704977e-05	20.5985062188787	0.999999999965595
49.375	6.5	0.999999999800962	0.799939907626428	-2.61891514130937e-05	20.3985213706951	0.999999999978106
49.625	6.5	0.999999999896735	0.799940926962581	-2.58314738142163e-05	20.1985362657227	0.999999999988641
49.875	6.5	0.999999999977283	0.799941930792862	-2.5478855262412e-05	19.9985509078757	0.999999999997501
50.125	6.5	1.00000000004492	0.799942919413921	-2.51313789641228e-05	19.7985653009935	1.00000000000494
50.375	6.5	1.00000000010163	0.799943893117768	-2.47891193423638e-05	19.5985794488421	1.00000000001118
50.625	6.5	1.00000000014907	0.79994485219175	-2.44521428230695e-05	19.3985933551147	1.0000000000164
50.875	6.5	1.00000000018867	0.799945796918565	-2.41205085550238e-05	19.1986070234335	1.00000000002075
51.125	6.5	1.00000000022163	0.799946727576182	-2.3794269127978e-05	18.9986204573505	1.00000000002438
51.375	6.5	1.00000000024897	0.799947644437942	-2.34734712326232e-05	18.7986336603487	1.00000000002739
51.625	6.5	1.00000000027156	0.799948547772456	-2.3158156309237e-05	18.5986466358433	1.00000000002987
51.875	6.5	1.00000000029014	0.799949437843615	-2.28483611456182e-05	18.3986593871831	1.00000000003192
52.125	6.5	1.00000000030532	0.799950314910599	-2.25441184872447e-05	18.1986719176513	1.00000000003359
52.375	6.5	1.00000000031764	0.799951179227805	-2.22454576078289e-05	17.9986842304671	1.00000000003494
52.625	6.5	1.00000000032755	0.799952031044824	-2.19524048249854e-05	17.7986963287864	1.00000000003603
52.875	6.5	1.00000000033542	0.7999528706065	-2.16649840799576e-05	17.5987082157036	1.0000000000369
53.125	6.5	1.00000000034159	0.799953698152689	-2.13832174117112e-05	17.3987198942524	1.00000000003757
53.375	6.5	1.00000000034633	0.799954513918385	-2.11071254968741e-05	17.1987313674069	1.0000000000381
53.625	6.5	1.00000000034987	0.799955318133576	-2.08367281040067e-05	16.9987426380835	1.00000000003849
53.875	6.5	1.0000000003524	0.79995611102311	-2.05720446079905e-05	16.7987537091413	1.00000000003876
54.125	6.5	1.00000000035411	0.799956892806715	-2.03130944491516e-05	16.5987645833841	1.00000000003895
54.375	6.5	1.00000000035513	0.799957663698739	-2.00598976001548e-05	16.3987752635613	1.00000000003906
54.625	6.5	1.00000000035558	0.799958423908111	-1.98124750400736e-05	16.1987857523695	1.00000000003911
54.875	6.5	1.00000000035557	0.799959173638173	-1.95708492095841e-05	15.9987960524537	1.00000000003911
55.125	6.5	1.00000000035518	0.799959913086392	-1.93350444709304e-05	15.7988061664087	1.00000000003907
55.375	6.5	1.00000000035449	0.799960642444265	-1.91050875822267e-05	15.5988160967807	1.00000000003899
55.625	6.5	1.00000000035356	0.79996136189699	-1.88810081482442e-05	15.3988258460688	1.00000000003889
55.875	6.5	1.00000000035245	0.799962071623187	-1.86628390939912e-05	15.1988354167268	1.00000000003877
56.125	6.5	1.0000000003512	0.799962771794542	-1.84506171356653e-05	14.9988448111644	1.00000000003863
56.375	6.5	1.00000000034984	0.799963462575471	-1.82443832612432e-05	14.7988540317493	1.00000000003848
56.625	6.5	1.00000000034843	0.799964144122619	-1.80441832069935e-05	14.5988630808093	1.00000000003833
56.875	6.5	1.00000000034697	0.799964816584398	-1.78500679556685e-05	14.3988719606337	1.00000000003817
57.125	6.5	1.0000000003455	0.799965480100409	-1.76620942270914e-05	14.198880673476	1.00000000003801
57.375	6.5	1.00000000034404	0.799966134800752	-1.74803249818726e-05	13.9988892215558	1.00000000003784
57.625	6.5	1.00000000034259	0.79996678080535	-1.73048299322593e-05	13.7988976070615	1.00000000003769
57.875	6.5	1.00000000034119	0.799967418223083	-1.71356860452837e-05	13.5989058321528	1.00000000003753
58.125	6.5	1.00000000033983	0.799968047150791	-1.69729780658044e-05	13.3989138989636	1.00000000003738
58.375	6.5	1.00000000033854	0.799968667672317	-1.68167990163321e-05	13.1989218096052	1.00000000003724
58.625	6.5	1.00000000033731	0.799969279857187	-1.66672507041517e-05	12.9989295661696	1.0000000000371
58.875	6.5	1.00000000033616	0.799969883759319	-1.65244442090744e-05	12.7989371707333	1.00000000003698
59.125	6.5	1.00000000033509	0.799970479415432	-1.63885003531981e-05	12.5989446253614	1.00000000003686
59.375	6.5	1.00000000033411	0.799971066843372	-1.62595501383179e-05	12.398951932112	1.00000000003675
59.625	6.5	1.00000000033322	0.799971646040122	-1.61377351341641e-05	12.1989590930413	1.00000000003665
59.875	6.5	1.00000000033241	0.799972216979639	-1.60232078206874e-05	11.9989661102088	1.00000000003657
60.125	6.5	1.0000000003317	0.799972779610375	-1.59161318312337e-05	11.7989729856839	1.00000000003649
60.375	6.5	1.00000000033108	0.799973333852542	-1.58166821119956e-05	11.5989797215519	1.00000000003642
60.625	6.5	1.00000000033054	0.799973879595042	-1.57250449334564e-05	11.3989863199219	1.00000000003636
60.875	6.5	1.0000000003301	0.799974416691959	-1.5641417745329e-05	11.1989927829349	1.00000000003631
61.125	6.5	1.00000000032975	0.799974944958815	-1.55660088046032e-05	10.9989991127728	1.00000000003627
61.375	6.5	1.00000000032949	0.79997546416815	-1.54990365422236e-05	10.7990053116691	1.00000000003624
61.625	6.5	1.00000000032934	0.799975974044871	-1.54407286116326e-05	10.5990113819193	1.00000000003623
61.875	6.5	1.00000000032927	0.799976474260873	-1.5391320511254e-05	10.3990173258943	1.00000000003622
62.125	6.5	1.00000000032927	0.799976964429229	-1.53510537141064e-05	10.1990231460538	1.00000000003622
62.375	6.5	1.00000000032931	0.799977444097693	-1.53201732010853e-05	9.99902884496227	1.00000000003622
62.625	6.5	1.00000000032933	0.799977912741611	-1.52989242258946e-05	9.79903442530549	1.00000000003623
62.875	6.5	1.00000000032925	0.799978369756125	-1.52875482128902e-05	9.59903988991009	1.00000000003622
63.125	6.5	1.000000000329	0.799978814447712	-1.52862775579434e-05	9.39904524176443	1.00000000003619
63.375	6.5	1.00000000032857	0.799979246024967	-1.52953291328347e-05	9.19905048404189	1.00000000003614
63.625	6.5	1.00000000032803	0.79997966358879	-1.53148962544386e-05	8.99905562012653	1.00000000003608
63.875	6.5	1.00000000032762	0.799980066121801	-1.53451387856174e-05	8.79906065364127	1.00000000003604
64.125	6.5	1.0000000003277	0.799980452477257	-1.53861710566134e-05	8.59906558847887	1.00000000003605
64.375	6.5	1.00000000032874	0.799980821367548	-1.54380471900008e-05	8.39907042883561	1.00000000003616
64.625	6.5	1.00000000033102	0.799981171352324	-1.55007433633156e-05	8.19907517924802	1.00000000003641
64.875	6.5	1.00000000033436	0.799981500826792	-1.55741365134158e-05	7.99907984463256	1.00000000003678
65.125	6.5	1.00000000033767	0.799981808010285	-1.56579788734462e-05	7.79908443032818	1.00000000003714
65.375	6.5	1.00000000033866	0.799982090935834	-1.57518677014976e-05	7.59908894214171	1.00000000003725
65.625	6.5	1.00000000033386	0.799982347441313	-1.58552094962878e-05	7.39909338639569	1.00000000003672
65.875	6.5	1.0000000003194	0.799982575163028	-1.59671779303592e-05	7.19909776997818	1.00000000003513
66.125	6.5	1.00000000029268	0.799982771532979	-1.60866646897264e-05	6.99910210039374	1.00000000003219
66.375	6.5	1.00000000025491	0.799982933781108	-1.62122223830359e-05	6.79910638581454	1.00000000002804
66.625	6.5	1.00000000021398	0.799983058944463	-1.63419986759275e-05	6.59911063513013	1.00000000002354
66.875	6.5	1.00000000018635	0.799983143885477	-1.64736608606256e-05	6.39911485799382	1.0000000000205
67.125	6.5	1.00000000019615	0.799983185322145	-1.66043101922608e-05	6.19911906486321	1.00000000002158
67.375	6.5	1.00000000026948	0.799983179873554	-1.67303855937797e-05	5.99912326703157	1.00000000002964
67.625	6.5	1.00000000042273	0.79998312412467	-1.68475567648521e-05	5.7991274766458	1.0000000000465
67.875	6.5	1.00000000064583	0.799983014715156	-1.6950607468676e-05	5.59913170670598	1.00000000007104
68.125	6.5	1.00000000088473	0.799982848457415	-1.70333107670044e-05	5.39913597103964	1.00000000009732
68.375	6.5	1.00000000103126	0.799982622489618	-1.70882994128064e-05	5.19914028424302	1.00000000011344
68.625	6.5	1.00000000093129	0.799982334469796	-1.71069363541936e-05	4.99914466157934	1.00000000010244
68.875	6.5	1.00000000042174	0.799981982817176	-1.70791924588305e-05	4.79914911882262	1.00000000004639
69.125	6.5	0.999999999400194	0.799981567006632	-1.69935410517043e-05	4.59915367203365	0.999999999934021
69.375	6.5	0.999999997917943	0.799981087921665	-1.68368817086506e-05	4.39915833725351	0.999999999770974
69.625	6.5	0.999999996268203	0.799980548269973	-1.65945091318662e-05	4.19916313009901	0.999999999589502
69.875	6.5	0.999999995022468	0.799979953063494	-1.62501470531819e-05	3.99916806524448	0.999999999452471
70.125	6.5	0.999999994959162	0.799979310161167	-1.57860723758389e-05	3.79917315577562	0.999999999445508
70.375	6.5	0.999999996842081	0.799978630866315	-1.51833613656835e-05	3.59917841240305	0.999999999652629
70.625	6.5	1.00000000105241	0.799977930561039	-1.44222975142337e-05	3.39918384252721	1.00000000011577
70.875	6.5	1.0000000071589	0.799977229345876	-1.34829887890172e-05	3.19918944915093	1.00000000078748
71.125	6.5	1.00000001361091	0.799976552633911	-1.23462481944795e-05	2.99919522964334	1.0000000014972
71.375	6.5	1.00000001781966	0.7999759316248	-1.09947926968734e-05	2.79920117436897	1.00000000196016
71.625	6.5	1.00000001689238	0.799975403557393	-9.41480731863892e-06	2.59920726521104	1.00000000185816
71.875	6.5	1.00000000912786	0.79997501161335	-7.59789937689849e-06	2.39921347404195	1.00000000100406
72.125	6.5	0.999999996015684	0.799974804323328	-5.54342883735078e-06	2.19921976122894	0.999999999561725
72.375	6.5	0.999999983915489	0.799974834318671	-3.26114272971135e-06	1.99922607431355	0.999999998230704
72.625	6.5	0.999999983970315	0.799975156282598	-7.73963931685762e-07	1.79923234706756	0.999999998236735
72.875	6.5	1.00000000846038	0.799975823994112	1.87931227137123e-06	1.59923849920062	1.00000000093064
73.125	6.5	1.00000006225569	0.799976886432731	4.64177592096616e-06	1.39924443705473	1.00000000684813
73.375	6.5	1.00000012988748	0.799978383029489	7.437107364302e-06	1.19925005563549	1.00000001428762
73.625	6.5	1.00000016241197	0.799980338311851	1.01698563120273e-05	0.999255242249999	1.00000001786532
73.875	6.5	1.00000007329813	0.79998275639199	1.27280247241317e-05	0.799259881793616	1.00000000806279
74.125	6.5	0.999999757188385	0.799985615970547	1.4988684526364e-05	0.59926386332464	0.999999973290722
74.375	6.5	0.999999145737834	0.799988866816344	1.68271439095193e-05	0.399267087023832	0.999999906031162
74.625	6.5	0.999998305332225	0.799992674792493	1.81295864094202e-05	0.199269470072224	0.999999813586545
74.875	6.5	0.999997557028179	0.39999546886408	1.88057014367088e-05	-0.000729173538586446	0.9999997312731
0.125	7.5	5.60799763773964e-07	0.399990483927983	-0.000131887031587024	58.6061429103765	0.890000061687974
0.375	7.5	-5.10612286278247e-06	0.799971801358419	-0.00013374716448125	58.4281471326918	0.889999438326485
0.625	7.5	-1.76633669999417e-05	0.799953247906454	-0.000137500397963372	58.2501556834352	0.88999805702963
0.875	7.5	-3.8061202855239e-05	0.799934833818758	-0.000143221893584741	58.0721687145191	0.889995813267686
1.125	7.5	-6.59360857935583e-05	0.799916669273447	-0.000151012860012036	57.8941863569465	0.889992747030563
1.375	7.5	-9.86197947707936e-05	0.799898823724041	-0.000160996546453526	57.7162086975832	0.889989151822575
1.625	7.5	-0.000130198999416543	0.799881359225376	-0.000173311761752199	57.5382357191179	0.889985678110064
1.875	7.5	-0.00015071012308461	0.799864328767466	-0.000188105914557337	57.3602672206419	0.889983421886461
2.125	7.5	-0.000145585515634773	0.799847775290876	-0.000205528160059572	57.182302722946	0.88998398559328
2.375	7.5	-9.54641438015874e-05	0.799831731813461	-0.000225723211152835	57.0043413651912	0.889989498944182
2.625	7.5	2.35477671047143e-05	0.799816222961569	-0.0002488263659113	56.8263818018389	0.890002590254382
2.875	7.5	0.000239126332239206	0.799801268074165	-0.000274960291495965	56.6484221101219	0.890026303896546
3.125	7.5	0.000581505630921252	0.799786885905965	-0.000304234065715628	56.4704597186145	0.890063965619401
3.375	7.5	0.00108185201850106	0.799773100819253	-0.000336744897384956	56.2924913664767	0.890119003722035
3.625	7.5	0.00177035957012006	0.799759950241163	-0.000372582825798528	56.1145131007779	0.890194739552713
3.875	7.5	0.00267422498234708	0.799747493094207	-0.000411838543162599	55.9365203161889	0.890294164748058
4.125	7.5	0.00381567800164551	0.799735818897866	-0.000454614305425333	55.7585078376093	0.890419724580181
4.375	7.5	0.00521024173518874	0.799725057278684	-0.000501037705843798	55.5804700424083	0.890573126590871
4.625	7.5	0.00686537740597768	0.799715387710973	-0.000551277890270237	55.4024010152931	0.890755191514658
4.875	7.5	0.008779633664909	0.799707049424332	-0.000605563591740082	55.2242947257613	0.89096575970314
5.125	7.5	0.0109423761470709	0.799700351541685	-0.000664202149637341	55.0461452159009	0.891203661376178
5.375	7.5	0.0133341237796043	0.799695683641109	-0.000727598447639323	54.8679467851366	0.891466753615756
5.625	7.5	0.0159274696470212	0.799693527054521	-0.000796272452643914	54.6896941584383	0.891752021661172
5.875	7.5	0.018688520873642	0.799694467304085	-0.000870873771389275	54.5113826254332	0.892055737296101
6.125	7.5	0.021578758203174	0.799699208120685	-0.000952191385520186	54.333008139645	0.892373663402349
6.375	7.5	0.0245571949432336	0.799708587458291	-0.00104115651498029	54.154567369477	0.892701291443756
6.625	7.5	0.0275827084920588	0.799723595797195	-0.00113883643603688	53.976057695274	0.893034097934126
6.875	7.5	0.0306164258104994	0.799745396802465	-0.00124641708088557	53.797477149524	0.893367806839155
7.125	7.5	0.0336240650770984	0.799775350064825	-0.0013651723859252	53.6188242997214	0.893698647158481
7.375	7.5	0.0365781658256694	0.799815035205686	-0.00149641861766892	53.4400980753664	0.894023598240824
7.625	7.5	0.0394601745580349	0.799866276076888	-0.00164145222531604	53.261297541906	0.894340619201384
7.875	7.5	0.0422623875900982	0.799931163119325	-0.00180147004112333	53.0824216250907	0.894648862634911
8.125	7.5	0.0449897842888518	0.800012071139375	-0.00197747073282491	52.9034687893085	0.894948876271774
8.375	7.5	0.0476618105019436	0.800111668742766	-0.00217013615516396	52.724436673095	0.895242799155214
8.625	7.5	0.0503141949530737	0.800232914342473	-0.00237969052472968	52.5453216843682	0.895534561444838
8.875	7.5	0.053000903932535	0.80037903190125	-0.00260573410830483	52.3661185571372	0.895830099432579
9.125	7.5	0.0557963660773727	0.800553457257887	-0.00284704647574779	52.1868198705455	0.896137600268511
9.375	7.5	0.0587981329232516	0.800759742956417	-0.00310135268336214	52.007415530145	0.896467794621558
9.625	7.5	0.0621301823571592	0.801001406032579	-0.00336504476704393	51.8278922101966	0.896834320059288
9.875	7.5	0.0659471146621586	0.801281699596195	-0.00363285193831671	51.6482327545194	0.897254182612838
10.125	7.5	0.0704395175761929	0.801603286186538	-0.00389745794184517	51.4684155320383	0.897748346933381
10.375	7.5	0.0758407553973486	0.801967790491458	-0.00414907609607494	51.2884137420342	0.898342483093708
10.625	7.5	0.0824353141021168	0.802375213969846	-0.00437501537414642	51.1081946639541	0.899067884551233
10.875	7.5	0.0905685282614217	0.80282320840369	-0.00455930846448235	50.9277188489669	0.899962538108756
11.125	7.5	0.100656911797792	0.803306234705195	-0.00468252751373692	50.7469392578644	0.901072260297757
11.375	7.5	0.113197268942498	0.803814682526644	-0.00472198251067002	50.5658003667139	0.902451699583675
11.625	7.5	0.12877112750917	0.804334097405511	-0.00465256734663157	50.3842372947232	0.904164824026009
11.875	7.5	0.148038751649092	0.804844749488421	-0.00444855750373639	50.202175067953	0.9062842626814
12.125	7.5	0.171714281365014	0.805321861536339	-0.00408661581736094	50.0195282296015	0.908888570950152
12.375	7.5	0.200511305666892	0.805736855014452	-0.0035500566341542	49.836201150071	0.912056243623358
12.625	7.5	0.235048484400772	0.806059912326789	-0.00283399638834532	49.6520895649977	0.915855333284085
12.875	7.5	0.275711199201032	0.806263917817534	-0.00195040487548511	49.46708401531	0.920328231912114
13.125	7.5	0.322481457717077	0.806329369866249	-0.000931459154828135	49.281075842094	0.925472960348878
13.375	7.5	0.374774585478846	0.806249178349433	0.000170623273036806	49.0939660009045	0.931225204402673
13.625	7.5	0.431347864192294	0.806031630864162	0.00128851127258775	48.9056760642095	0.937448265061152
13.875	7.5	0.490351201228219	0.805699792067062	0.00234918816101068	48.7161595240068	0.943938632135104
14.125	7.5	0.549551406219857	0.805286748824827	0.00328573133048293	48.5254104844652	0.950450654684184
14.375	7.5	0.60668505149004	0.804828172904833	0.00404802724604592	48.3334668652676	0.956735355663904
14.625	7.5	0.659825322358555	0.804355222836633	0.00460922440392319	48.1404067004162	0.962580785459441
14.875	7.5	0.707638812442094	0.80389044831894	0.00496642899369126	47.9463384242537	0.96784026936863
15.125	7.5	0.749467282793042	0.803447372849372	0.00513638137002967	47.7513879264758	0.972441401107235
15.375	7.5	0.785251342920024	0.803032529735279	0.00514839861560936	47.5556856798524	0.976377647721203
15.625	7.5	0.81536464977096	0.802648165600144	0.0050371124749368	47.359356420348	0.979690111474806
15.875	7.5	0.840431470275232	0.802294411434807	0.00483674041696838	47.162512444524	0.982447461730276
16.125	7.5	0.861174955285326	0.801970566937697	0.00457752419060597	46.9652503664002	0.984729245081386
16.375	7.5	0.878313443307467	0.801675667185159	0.00428413666110834	46.7676505091364	0.986614478763821
16.625	7.5	0.892501778484814	0.801408641412673	0.00397547932690172	46.5697779562347	0.988175195633329
16.875	7.5	0.904305977562327	0.801168308730149	0.00366526685965494	46.3716844387264	0.989473657531856
17.125	7.5	0.914198773273436	0.800953345227142	0.00336293826580639	46.1734104879627	0.990561865060078
17.375	7.5	0.922566239342146	0.800762273796636	0.00307460937198666	45.974987519088	0.991482286327636
17.625	7.5	0.92971905072412	0.800593483761639	0.00280392254112939	45.776439683049	0.992269095579653
17.875	7.5	0.935904697410072	0.800445270686532	0.0025527413935524	45.577785433161	0.992949516715108
18.125	7.5	0.941318851325956	0.800315884278798	0.00232168865973651	45.3790388108108	0.993545073645855
18.375	7.5	0.946115203058385	0.800203575185005	0.00211054781123089	45.1802104811743	0.994072672336422
18.625	7.5	0.950413668203514	0.800106635323642	0.00191855568655845	44.9813085577201	0.994545503502387
18.875	7.5	0.954307119795414	0.800023429492405	0.00174461206976401	44.7823392530424	0.994973783177496
19.125	7.5	0.9578668823122	0.799952418002787	0.00158742787777896	44.5833073886955	0.995365357054342
19.375	7.5	0.961147217479165	0.79989217119693	0.0014456287490849	44.3842167910701	0.995726193922708
19.625	7.5	0.964188995115884	0.799841377179249	0.00131782649406069	44.1850705952238	0.996060789462747
19.875	7.5	0.967022700111078	0.79979884419526	0.00120266741731362	43.9858714743886	0.996372497012219
20.125	7.5	0.96967089050442	0.799763498992765	0.00109886394812355	43.7866218095941	0.996663797955486
20.375	7.5	0.972150194742724	0.799734382311949	0.00100521417341907	43.5873238113238	0.9969365214217
20.625	7.5	0.974472917788355	0.799710642444458	0.000920612582567346	43.3879796031358	0.997192020956719
20.875	7.5	0.976648313825052	0.799691527600852	0.000844054445625134	43.1885912755893	0.997431314520756
21.125	7.5	0.97868357560677	0.799676377652667	0.000774635631504019	42.9891609174703	0.997655193316745
21.375	7.5	0.980584585189965	0.799664615670902	0.000711549236433095	42.7896906301499	0.997864304370896
21.625	7.5	0.982356466588126	0.799655739565231	0.000654080075231361	42.5901825298786	0.998059211324694
21.875	7.5	0.984003977015244	0.799649314037595	0.000601597845674836	42.3906387419027	0.998240437471677
22.125	7.5	0.985531769474092	0.799644962991794	0.000553549586131796	42.19106138948	0.99840849464215
22.375	7.5	0.986944555402669	0.799642362486437	0.000509451892693203	41.9914525801662	0.998563901094294
22.625	7.5	0.988247191983824	0.799641234278249	0.000468883236803746	41.7918143911377	0.998707191118221
22.875	7.5	0.989444714685308	0.799641339970374	0.000431476621708182	41.5921488548143	0.998838918615384
23.125	7.5	0.990542331775717	0.799642475760431	0.000396912733973497	41.3924579456341	0.998959656495329
23.375	7.5	0.991545394076868	0.79964446776517	0.000364913680861217	41.1927435685086	0.999069993348455
23.625	7.5	0.9924593501457	0.799647167888849	0.000335237355089464	40.9930075492374	0.999170528516027
23.875	7.5	0.993289694467244	0.799650450196123	0.000307672431261092	40.7932516269769	0.999261866391397
24.125	7.5	0.99404191408558	0.799654207745358	0.000282033972728308	40.5934774487291	0.999344610549414
24.375	7.5	0.994721437375778	0.799658349838738	0.000258159610621513	40.393686565726	0.999419358111336
24.625	7.5	0.995333587321717	0.79966279964431	0.000235906246682225	40.1938804315352	0.999486694605389
24.875	7.5	0.99588354065794	0.799667492148079	0.000215147226912432	39.994060401679	0.999547189472373
25.125	7.5	0.996376293501367	0.7996723723961	0.000195769932060399	39.7942277345537	0.99960139228515
25.375	7.5	0.996816633586211	0.799677393990018	0.000177673732659798	39.5943835934349	0.999649829694483
25.625	7.5	0.997209118872903	0.799682517802575	0.000160768259794113	39.3945290493653	0.999693003076019
25.875	7.5	0.997558062087505	0.799687710882981	0.000144971946912207	39.1946650847406	0.999731386829625
26.125	7.5	0.997867520626704	0.79969294552593	0.00013021080291629	38.9947925974225	0.999765427268937
26.375	7.5	0.998141291207765	0.799698198480207	0.000116417381332079	38.7949124052323	0.999795542032854
26.625	7.5	0.998382908631193	0.799703450277053	0.000103529915120162	38.5950252506945	0.999822119949431
26.875	7.5	0.998595648041231	0.799708684660229	9.14915907578614e-05	38.3951318059196	0.999845521284535
27.125	7.5	0.998782530103849	0.79971388810245	8.02499391562684e-05	38.1952326775329	0.999866078311423
27.375	7.5	0.998946328566094	0.79971904939516	6.97563242365344e-05	37.9953284115716	0.99988409614227
27.625	7.5	0.999089579709632	0.799724159300595	5.99655130751096e-05	37.7954194982856	0.999899853768059
27.875	7.5	0.999214593261159	0.799729210256245	5.08353138390985e-05	37.5955063767934	0.999913605258727
28.125	7.5	0.999323464371586	0.799734196124046	4.23262702300058e-05	37.3955894395509	0.999925581080874
28.375	7.5	0.999418086323091	0.799739111976862	3.44014026312178e-05	37.1956690366057	0.99993598949554
28.625	7.5	0.99950016366781	0.799743953917254	2.70259880478672e-05	36.9957454796144	0.999945018003459
28.875	7.5	0.99957122554359	0.799748718922898	2.01673720390905e-05	36.7958190456096	0.999952834809795
29.125	7.5	0.999632638951148	0.799753404714909	1.37948070319045e-05	36.595889980509	0.999959590284626
29.375	7.5	0.999685621812634	0.799758009645579	7.87931243020876e-06	36.3959585023646	0.99996541839939
29.625	7.5	0.999731255664514	0.79976253260237	2.39355253295841e-06	36.196024804354	0.999970438123096
29.875	7.5	0.99977049786733	0.799766972926064	-2.68827077126138e-06	35.996089057519	0.999974754765406
30.125	7.5	0.999804193242035	0.799771330340657	-7.39051338387395e-06	35.7961514132612	0.999978461256624
30.375	7.5	0.999833085066536	0.799775604893185	-1.17361743512136e-05	35.5962120056044	0.999981639357319
30.625	7.5	0.999857825387275	0.799779796902544	-1.5746973163127e-05	35.3962709532358	0.9999843607926
30.875	7.5	0.99987898461939	0.799783906915189	-1.94434203011309e-05	35.1963283613414	0.999986688308133
31.125	7.5	0.999897060424731	0.799787935667394	-2.28448822097968e-05	34.9963843232472	0.99998867664672
31.375	7.5	0.999912485870629	0.799791884052899	-2.59696416418469e-05	34.7964389218822	0.999990373445769
31.625	7.5	0.999925636883271	0.799795753094941	-2.88349540596922e-05	34.5964922310778	0.99999182005716
31.875	7.5	0.999936839018555	0.799799543922451	-3.14571006584042e-05	34.3965443167169	0.999993052292041
32.125	7.5	0.999946373580257	0.799803257749494	-3.38514385647173e-05	34.1965952377472	0.999994101093828
32.375	7.5	0.999954483120481	0.799806895857638	-3.60324483581524e-05	33.9966450470717	0.999994993143253
32.625	7.5	0.99996137636102	0.799810459580997	-3.80137794200969e-05	33.7966937923285	0.999995751399712
32.875	7.5	0.999967232576404	0.799813950293114	-3.98082930724523e-05	33.5967415165729	0.999996395583404
33.125	7.5	0.999972205480559	0.799817369396086	-4.14281038689516e-05	33.3967882588711	0.999996942602862
33.375	7.5	0.99997642665898	0.799820718310979	-4.28846190367209e-05	33.196834054816	0.999997406932488
33.625	7.5	0.999980008587614	0.799823998469786	-4.41885761627965e-05	32.9968789369753	0.999997800944638
33.875	7.5	0.999983047278355	0.799827211308737	-4.53500792356774e-05	32.7969229352786	0.999998135200619
34.125	7.5	0.999985624589084	0.799830358262133	-4.6378633104971e-05	32.5969660773522	0.999998418704799
34.375	7.5	0.999987810234075	0.79983344075779	-4.72831763359123e-05	32.3970083888079	0.999998659125748
34.625	7.5	0.999989663528167	0.799836460212713	-4.80721126047026e-05	32.1970498934917	0.999998862988098
34.875	7.5	0.999991234895495	0.799839418029578	-4.87533405736577e-05	31.9970906136976	0.999999035838504
35.125	7.5	0.999992567170974	0.799842315594086	-4.93342823478409e-05	31.7971305703522	0.999999182388807
35.375	7.5	0.999993696720193	0.799845154272361	-4.98219105482279e-05	31.5971697831727	0.999999306639221
35.625	7.5	0.999994654400743	0.799847935409189	-5.0222774006397e-05	31.3972082708029	0.999999411984082
35.875	7.5	0.999995466385735	0.799850660326332	-5.05430221542035e-05	31.1972460509302	0.999999501302431
36.125	7.5	0.999996154867822	0.799853330321464	-5.07884281544964e-05	30.9972831403861	0.99999957703546
36.375	7.5	0.999996738660073	0.799855946667059	-5.09644107846517e-05	30.797319555233	0.999999641252608
36.625	7.5	0.999997233707994	0.799858510609868	-5.10760551432235e-05	30.5973553108387	0.999999695707879
36.875	7.5	0.999997653525228	0.799861023370339	-5.11281322538575e-05	30.3973904219407	0.999999741887775
37.125	7.5	0.999998009563902	0.799863486142332	-5.1125117542331e-05	30.1974249027022	0.999999781052029
37.375	7.5	0.999998311529091	0.799865900093013	-5.1071208306549e-05	29.99745876676	0.9999998142682
37.625	7.5	0.999998567645632	0.799868266362798	-5.09703401793415e-05	29.7974920272667	0.999999842441019
37.875	7.5	0.999998784884322	0.799870586065467	-5.08262026702662e-05	29.5975246969271	0.999999866337275
38.125	7.5	0.999998969153622	0.799872860288326	-5.06422537969593e-05	29.3975567880304	0.999999886606898
38.375	7.5	0.999999125462049	0.799875090092575	-5.04217338718247e-05	29.1975883124776	0.999999903800825
38.625	7.5	0.999999258055683	0.799877276513499	-5.01676785019816e-05	28.9976192818071	0.999999918386125
38.875	7.5	0.999999370534629	0.79987942056098	-4.98829307983756e-05	28.7976497072156	0.999999930758809
39.125	7.5	0.999999465951604	0.799881523219843	-4.95701528994514e-05	28.597679599578	0.999999941254676
39.375	7.5	0.999999546895434	0.799883585450363	-4.92318367972176e-05	28.3977089694643	0.999999950158498
39.625	7.5	0.999999615561734	0.799885608188804	-4.88703145337161e-05	28.1977378271555	0.999999957711791
39.875	7.5	0.999999673812787	0.799887592347816	-4.84877677904237e-05	27.9977661826569	0.999999964119407
40.125	7.5	0.999999723228253	0.79988953881708	-4.80862369109358e-05	27.797794045711	0.999999969555108
40.375	7.5	0.999999765148145	0.799891448463762	-4.7667629400602e-05	27.5978214258091	0.999999974166296
40.625	7.5	0.999999800709226	0.799893322133139	-4.72337279044618e-05	27.397848332201	0.999999978078015
40.875	7.5	0.999999830875872	0.799895160649049	-4.67861977267684e-05	27.1978747739052	0.999999981396346
41.125	7.5	0.999999856466235	0.799896964814544	-4.63265939119503e-05	26.9979007597174	0.999999984211286
41.375	7.5	0.999999878174417	0.799898735412334	-4.58563678809989e-05	26.7979262982186	0.999999986599186
41.625	7.5	0.999999896589285	0.799900473205381	-4.53768737070421e-05	26.5979513977824	0.999999988624821
41.875	7.5	0.999999912210418	0.799902178937446	-4.48893740080353e-05	26.3979760665826	0.999999990343146
42.125	7.5	0.999999925461651	0.799903853333557	-4.4395045479875e-05	26.1980003125989	0.999999991800782
42.375	7.5	0.999999936702545	0.799905497100547	-4.38949841390092e-05	25.9980241436238	0.99999999303728
42.625	7.5	0.999999946238135	0.799907110927583	-4.33902101996546e-05	25.7980475672679	0.999999994086195
42.875	7.5	0.999999954327189	0.799908695486595	-4.28816727318962e-05	25.5980705909657	0.999999994975991
43.125	7.5	0.999999961189224	0.799910251432817	-4.23702540042079e-05	25.3980932219805	0.999999995730815
43.375	7.5	0.999999967010458	0.799911779405246	-4.18567735726509e-05	25.1981154674095	0.99999999637115
43.625	7.5	0.999999971948852	0.799913280027038	-4.13419921526839e-05	24.9981373341881	0.999999996914374
43.875	7.5	0.999999976138402	0.799914753906023	-4.08266152448839e-05	24.7981588290952	0.999999997375224
44.125	7.5	0.999999979692769	0.7999162016351	-4.03112965690959e-05	24.5981799587564	0.999999997766205
44.375	7.5	0.999999982708364	0.799917623792659	-3.97966412652741e-05	24.398200729649	0.99999999809792
44.625	7.5	0.999999985266968	0.799919020942981	-3.9283208957653e-05	24.1982211481053	0.999999998379366
44.875	7.5	0.999999987437945	0.799920393636663	-3.87715165901895e-05	23.9982412203167	0.999999998618174
45.125	7.5	0.999999989280129	0.799921742410915	-3.82620411316471e-05	23.7982609523374	0.999999998820814
45.375	7.5	0.999999990843431	0.799923067790064	-3.77552221120074e-05	23.5982803500874	0.999999998992777
45.625	7.5	0.999999992170179	0.799924370285758	-3.72514640090454e-05	23.3982994193567	0.99999999913872
45.875	7.5	0.999999993296281	0.799925650397447	-3.67511385042145e-05	23.1983181658075	0.999999999262591
46.125	7.5	0.999999994252187	0.799926908612618	-3.62545866031156e-05	22.9983365949784	0.999999999367741
46.375	7.5	0.999999995063728	0.799928145407145	-3.57621206451628e-05	22.7983547122867	0.99999999945701
46.625	7.5	0.999999995752816	0.799929361245655	-3.52740261663121e-05	22.5983725230319	0.99999999953281
46.875	7.5	0.999999996338031	0.799930556581764	-3.47905636997511e-05	22.3983900323981	0.999999999597183
47.125	7.5	0.999999996835135	0.79993173185837	-3.43119704423982e-05	22.1984072454569	0.999999999651865
47.375	7.5	0.9999999972575	0.79993288750797	-3.38384618342642e-05	21.9984241671705	0.999999999698325
47.625	7.5	0.999999997616462	0.799934023952896	-3.33702330394331e-05	21.7984408023936	0.999999999737811
47.875	7.5	0.999999997921638	0.799935141605599	-3.29074603666006e-05	21.5984571558767	0.99999999977138
48.125	7.5	0.999999998181187	0.799936240868902	-3.24503025858599e-05	21.3984732322679	0.999999999799931
48.375	7.5	0.999999998402028	0.799937322136189	-3.19989021762336e-05	21.1984890361159	0.999999999824223
48.625	7.5	0.999999998590029	0.799938385791717	-3.1553386511038e-05	20.9985045718719	0.999999999844903
48.875	7.5	0.999999998750168	0.799939432210728	-3.11138689698421e-05	20.798519843892	0.999999999862519
49.125	7.5	0.999999998886665	0.799940461759816	-3.06804499902158e-05	20.5985348564397	0.999999999877533
49.375	7.5	0.999999999003098	0.799941474796934	-3.02532180683709e-05	20.3985496136878	0.999999999890341
49.625	7.5	0.999999999102509	0.799942471671762	-2.98322506810528e-05	20.1985641197204	0.999999999901276
49.875	7.5	0.99999999918747	0.79994345272576	-2.94176151988674e-05	19.9985783785353	0.999999999910622
50.125	7.5	0.999999999260165	0.799944418292447	-2.90093697066549e-05	19.7985923940459	0.999999999918618
50.375	7.5	0.999999999322445	0.799945368697474	-2.86075638007324e-05	19.5986061700832	0.999999999925469
50.625	7.5	0.999999999375884	0.799946304258771	-2.82122393612498e-05	19.3986197103975	0.999999999931347
50.875	7.5	0.99999999942181	0.799947225286805	-2.78234312437003e-05	19.1986330186609	0.999999999936399
51.125	7.5	0.999999999461359	0.799948132084602	-2.74411679685015e-05	18.9986460984686	0.99999999994075
51.375	7.5	0.999999999495487	0.799949024947857	-2.70654723627193e-05	18.7986589533407	0.999999999944504
51.625	7.5	0.999999999525005	0.799949904165101	-2.66963621719139e-05	18.5986715867247	0.99999999994775
51.875	7.5	0.999999999550603	0.799950770017801	-2.63338506467457e-05	18.3986840019966	0.999999999950566
52.125	7.5	0.999999999572865	0.799951622780343	-2.59779470953316e-05	18.1986962024629	0.999999999953015
52.375	7.5	0.999999999592283	0.799952462720252	-2.56286573975479e-05	17.9987081913625	0.999999999955151
52.625	7.5	0.999999999609282	0.799953290098097	-2.52859845485069e-05	17.798719971868	0.999999999957021
52.875	7.5	0.999999999624213	0.799954105167611	-2.4949929093925e-05	17.5987315470881	0.999999999958663
53.125	7.5	0.999999999637383	0.799954908175733	-2.46204896336203e-05	17.3987429200686	0.999999999960112
53.375	7.5	0.999999999649046	0.799955699362511	-2.42976632429221e-05	17.1987540937945	0.999999999961395
53.625	7.5	0.999999999659415	0.799956478961214	-2.39814459063867e-05	16.9987650711917	0.999999999962536
53.875	7.5	0.999999999668676	0.79995724719818	-2.36718329274465e-05	16.7987758551285	0.999999999963554
54.125	7.5	0.999999999676988	0.799958004292874	-2.3368819325734e-05	16.5987864484177	0.999999999964469
54.375	7.5	0.999999999684483	0.799958750457712	-2.30724002165869e-05	16.398796853818	0.999999999965293
54.625	7.5	0.999999999691267	0.799959485898	-2.27825711709215e-05	16.1988070740356	0.999999999966039
54.875	7.5	0.999999999697438	0.799960210811817	-2.2499328577029e-05	15.9988171117268	0.999999999966718
55.125	7.5	0.999999999703075	0.799960925389794	-2.22226699866505e-05	15.7988269694988	0.999999999967338
55.375	7.5	0.999999999708247	0.799961629814989	-2.19525944321928e-05	15.5988366499124	0.999999999967907
55.625	7.5	0.999999999713011	0.799962324262613	-2.16891027491581e-05	15.3988461554834	0.999999999968431
55.875	7.5	0.999999999717415	0.799963008899751	-2.14321978843897e-05	15.198855488685	0.999999999968916
56.125	7.5	0.9999999997215	0.799963683885081	-2.11818851783674e-05	14.9988646519494	0.999999999969365
56.375	7.5	0.9999999997253	0.799964349368494	-2.09381726488586e-05	14.7988736476705	0.999999999969783
56.625	7.5	0.999999999728843	0.799965005490681	-2.07010712463092e-05	14.5988824782055	0.999999999970173
56.875	7.5	0.999999999732155	0.799965652382676	-2.04705950955197e-05	14.398891145878	0.999999999970537
57.125	7.5	0.999999999735253	0.799966290165304	-2.02467617201172e-05	14.1988996529798	0.999999999970878
57.375	7.5	0.999999999738155	0.799966918948622	-2.00295922405542e-05	13.9989080017739	0.999999999971197
57.625	7.5	0.999999999740876	0.799967538831217	-1.98191115321595e-05	13.7989161944972	0.999999999971496
57.875	7.5	0.999999999743426	0.799968149899456	-1.96153483810243e-05	13.5989242333632	0.999999999971777
58.125	7.5	0.999999999745816	0.79996875222667	-1.94183355607882e-05	13.3989321205658	0.99999999997204
58.375	7.5	0.999999999748054	0.799969345872217	-1.92281098957023e-05	13.198939858282	0.999999999972286
58.625	7.5	0.999999999750143	0.799969930880436	-1.90447122514671e-05	12.9989474486757	0.999999999972516
58.875	7.5	0.999999999752088	0.799970507279482	-1.88681874622152e-05	12.7989548939018	0.99999999997273
59.125	7.5	0.999999999753891	0.799971075080108	-1.86985841815867e-05	12.5989621961102	0.999999999972928
59.375	7.5	0.999999999755556	0.799971634274228	-1.85359546391428e-05	12.3989693574505	0.999999999973111
59.625	7.5	0.999999999757082	0.799972184833364	-1.83803542895724e-05	12.1989763800766	0.999999999973279
59.875	7.5	0.999999999758469	0.799972726706983	-1.82318413181453e-05	11.9989832661522	0.999999999973432
60.125	7.5	0.999999999759715	0.799973259820643	-1.80904760103368e-05	11.7989900178566	0.999999999973569
60.375	7.5	0.999999999760816	0.799973784073942	-1.79563199205511e-05	11.5989966373908	0.99999999997369
60.625	7.5	0.999999999761771	0.79997429933835	-1.78294348325164e-05	11.3990031269841	0.999999999973795
60.875	7.5	0.999999999762576	0.799974805454795	-1.77098814667144e-05	11.1990094889018	0.999999999973883
61.125	7.5	0.999999999763227	0.799975302231123	-1.75977178854883e-05	10.9990157254529	0.999999999973955
61.375	7.5	0.999999999763723	0.799975789439285	-1.74929975610486e-05	10.7990218389988	0.99999999997401
61.625	7.5	0.999999999764062	0.799976266812384	-1.73957670167005e-05	10.5990278319623	0.999999999974047
61.875	7.5	0.999999999764242	0.799976734041577	-1.73060630187126e-05	10.3990337068383	0.999999999974067
62.125	7.5	0.999999999764259	0.799977190772693	-1.7223909206625e-05	10.1990394662042	0.999999999974068
62.375	7.5	0.999999999764098	0.79997763660279	-1.7149312083402e-05	9.99904511273182	0.999999999974051
62.625	7.5	0.999999999763735	0.799978071076572	-1.70822562927197e-05	9.79905064920014	0.999999999974011
62.875	7.5	0.99999999976313	0.799978493682746	-1.70226990306337e-05	9.59905607850862	0.999999999973944
63.125	7.5	0.999999999762233	0.799978903850318	-1.6970563509302e-05	9.39906140369184	0.999999999973846
63.375	7.5	0.999999999760994	0.799979300945058	-1.69257313141425e-05	9.19906662793479	0.999999999973709
63.625	7.5	0.999999999759385	0.799979684266067	-1.68880335098696e-05	8.99907175458917	0.999999999973532
63.875	7.5	0.999999999757433	0.799980053042738	-1.68572403376084e-05	8.79907678719042	0.999999999973318
64.125	7.5	0.999999999755251	0.799980406432202	-1.68330493170847e-05	8.59908172947556	0.999999999973078
64.375	7.5	0.999999999753049	0.799980743517555	-1.68150715854688e-05	8.39908658540145	0.999999999972835
64.625	7.5	0.999999999751106	0.799981063307065	-1.68028162582131e-05	8.19909135916354	0.999999999972622
64.875	7.5	0.99999999974967	0.799981364734796	-1.67956726444516e-05	7.9990960552146	0.999999999972464
65.125	7.5	0.999999999748774	0.799981646663041	-1.67928901078803e-05	7.79910067828301	0.999999999972365
65.375	7.5	0.999999999748003	0.799981907887087	-1.67935554148142e-05	7.59910523339038	0.99999999997228
65.625	7.5	0.99999999974628	0.799982147142857	-1.67965674434547e-05	7.3991097258675	0.999999999972091
65.875	7.5	0.999999999741804	0.799982363118285	-1.68006091553723e-05	7.19911416136805	0.999999999971598
66.125	7.5	0.99999999973233	0.799982554469118	-1.68041168456548e-05	6.99911854587896	0.999999999970556
66.375	7.5	0.999999999715915	0.799982719840244	-1.68052467596885e-05	6.79912288572612	0.999999999968751
66.625	7.5	0.999999999692191	0.799982857893525	-1.68018393402793e-05	6.5991271875741	0.999999999966141
66.875	7.5	0.999999999663909	0.799982967343487	-1.67913815291202e-05	6.3991314584179	0.99999999996303
67.125	7.5	0.999999999638201	0.799983047002171	-1.67709678223181e-05	6.19913570556471	0.999999999960202
67.375	7.5	0.999999999626642	0.799983095834651	-1.67372610745539e-05	5.99913993660319	0.999999999958931
67.625	7.5	0.999999999643053	0.799983113026806	-1.66864544855036e-05	5.79914415935749	0.999999999960736
67.875	7.5	0.999999999698343	0.799983098066816	-1.66142367073978e-05	5.59914838182275	0.999999999966818
68.125	7.5	0.999999999792671	0.799983050841996	-1.65157626977994e-05	5.39915261207853	0.999999999977194
68.375	7.5	0.999999999906945	0.799982971751955	-1.63856337338926e-05	5.19915685817632	0.999999999989764
68.625	7.5	0.999999999997707	0.799982861838944	-1.6217890939312e-05	4.99916112799673	0.999999999999748
68.875	7.5	1.00000000000095	0.799982722935245	-1.60060277240707e-05	4.79916542907202	1.0000000000001
69.125	7.5	0.999999999849841	0.799982557826488	-1.57430275694676e-05	4.59916976836951	0.999999999983483
69.375	7.5	0.999999999507501	0.799982370428439	-1.54214346453477e-05	4.39917415203159	0.999999999945825
69.625	7.5	0.999999999007529	0.79998216597293	-1.50334655745931e-05	4.1991785850693	0.999999999890828
69.875	7.5	0.999999998483991	0.799981951196605	-1.45711713207465e-05	3.99918307100767	0.999999999833239
70.125	7.5	0.999999998162374	0.79998173452352	-1.40266584472065e-05	3.79918761148352	0.999999999797861
70.375	7.5	0.99999999828225	0.799981526229714	-1.33923788836924e-05	3.59919220579993	0.999999999811047
70.625	7.5	0.999999998940614	0.799981338574125	-1.2661496558557e-05	3.39919685044518	0.999999999883467
70.875	7.5	0.999999999889808	0.79998118587586	-1.18283375795151e-05	3.19920153858862	0.999999999987879
71.125	7.5	1.00000000039337	0.799981084512814	-1.0888927463916e-05	2.99920625956987	1.00000000004327
71.375	7.5	0.99999999931499	0.799981052810952	-9.84161351157494e-06	2.79921099840175	0.999999999924649
71.625	7.5	0.999999995642025	0.799981110788633	-8.68776185584616e-06	2.59921573531091	0.999999999520623
71.875	7.5	0.999999989553958	0.799981279717652	-7.43250620375696e-06	2.39922044534554	0.999999998850935
72.125	7.5	0.999999983867001	0.799981581464636	-6.08550840109682e-06	2.19922509808853	0.99999999822537
72.375	7.5	0.999999985197578	0.79998203758716	-4.66167013709158e-06	1.99922965753083	0.999999998371734
72.625	7.5	1.00000000359506	0.799982668180905	-3.18171189278528e-06	1.79923408218544	1.00000000039546
72.875	7.5	1.00000004900348	0.799983490509912	-1.67251255507559e-06	1.59923832555334	1.00000000539038
73.125	7.5	1.00000012325302	0.799984517498848	-1.67085257298973e-07	1.39924233707795	1.00000001355783
73.375	7.5	1.00000020799846	0.799985756216615	1.29594214283551e-06	1.19924606371741	1.00000002287983
73.625	7.5	1.00000025254387	0.799987206519022	2.67346249108389e-06	0.999249452187882	1.00000002777983
73.875	7.5	1.00000017046559	0.799988860023537	3.91972291876699e-06	0.799252451750163	1.00000001875121
74.125	7.5	0.999999858520523	0.799990699541209	4.98886375958778e-06	0.599255017114291	0.999999984437257
74.375	7.5	0.999999251675498	0.799992699065375	5.83805163427328e-06	0.399257110678232	0.999999917684305
74.625	7.5	0.999998418754109	0.799995065113154	6.43093637663292e-06	0.199258703016747	0.999999826062952
74.875	7.5	0.999997679046569	0.39999632310786	6.7382107499142e-06	-0.000740350087692592	0.999999744695123
0.125	8.5	1.55567145825754e-07	0.399986546947413	-4.14713380672395e-05	58.6062270358912	0.890000017112386
0.375	8.5	-5.99713787294862e-06	0.799959964434729	-4.33400250184306e-05	58.4282330190778	0.889999340314834
0.625	8.5	-1.94822060058648e-05	0.799933343865319	-4.7100985311112e-05	58.2502451155803	0.889997856957339
0.875	8.5	-4.11883214037663e-05	0.799906578756339	-5.28161059944519e-05	58.0722635382062	0.889995469284646
1.125	8.5	-7.05858843987322e-05	0.799879671091285	-6.0568724962749e-05	57.8942885001122	0.889992235552716
1.375	8.5	-0.000104668676845914	0.799852578297861	-7.04623055149859e-05	57.7163201898875	0.889988486445547
1.625	8.5	-0.000136959055710822	0.799825248383976	-8.2616475865136e-05	57.5383587073491	0.889984934503872
1.875	8.5	-0.000156663942077185	0.799797616599394	-9.71622928444811e-05	57.3604039792462	0.889982766966372
2.125	8.5	-0.000148102809608638	0.79976960256755	-0.000114237191711324	57.1824556594405	0.889983708690943
2.375	8.5	-9.05257853324425e-05	0.799741108525343	-0.000133980170819046	57.0045130207602	0.889990042163614
2.625	8.5	4.15899277111007e-05	0.799712019088116	-0.000156527830670541	56.8265748480032	0.890004574892048
2.875	8.5	0.000277725888889476	0.79968220272162	-0.000182011913270555	56.64863934298	0.890030549847778
3.125	8.5	0.000650010200007199	0.799651514854556	-0.000210558957356965	56.4707040527204	0.890071501122001
3.375	8.5	0.00119148699922174	0.799619802329341	-0.000242292597423753	56.2927658308937	0.890131063569914
3.625	8.5	0.00193409963957731	0.799586908708137	-0.000277338898647783	56.1148208401864	0.890212750960354
3.875	8.5	0.00290655675623296	0.799552679848761	-0.000315834952451892	55.9368646000939	0.890319721243186
4.125	8.5	0.00413226846136435	0.79951696915461	-0.000357940774515509	55.7588920806831	0.89045454953075
4.375	8.5	0.00562753771296693	0.799479641979878	-0.000403854362386644	55.5808978388075	0.890619029148426
4.625	8.5	0.00740017134115595	0.799440578812977	-0.000453829587542491	55.4028761894212	0.890814018847527
4.875	8.5	0.00944864023694253	0.799399677043097	-0.000508196412586452	55.2248214014077	0.891039350426064
5.125	8.5	0.0117618738618082	0.799356851309668	-0.000567382726490633	55.0467279049621	0.891293806124799
5.375	8.5	0.0143197257959511	0.799312032625243	-0.00063193686510119	54.8685904962035	0.891575169837555
5.625	8.5	0.0170940993574941	0.799265166635768	-0.000702549621704709	54.6904045243664	0.891880350929324
5.875	8.5	0.0200506795056321	0.799216211533626	-0.000780074255320399	54.5121660475772	0.89220557474562
6.125	8.5	0.0231511825578662	0.799165136270802	-0.000865542689379258	54.333871944715	0.892546630081365
6.375	8.5	0.0263560111329679	0.799111919823204	-0.000960175790149512	54.1555199729772	0.892899161224627
6.625	8.5	0.0296271897508822	0.79905655232953	-0.00106538535683951	53.9771087632773	0.893258990872597
6.875	8.5	0.0329314573438602	0.798999038955337	-0.00118276526556424	53.798637748216	0.893622460307825
7.125	8.5	0.0362434062696456	0.798939407290761	-0.00131406908356637	53.620107019822	0.893986774689661
7.375	8.5	0.0395485820898241	0.798877718961271	-0.00146117135354456	53.4415171163013	0.894350344029881
7.625	8.5	0.0428464925693966	0.798814085870272	-0.00162600953200759	53.2628687384612	0.894713114182634
7.875	8.5	0.046153516044729	0.798748691060376	-0.00181050307487054	53.0841623971261	0.89507688676492
8.125	8.5	0.0495057467239829	0.798681813492347	-0.00201644517646597	52.9053979926474	0.895445632139638
8.375	8.5	0.0529618663187725	0.798613854991436	-0.00224536094277865	52.726574326484	0.895825805295065
8.625	8.5	0.0566061864252532	0.798545366030626	-0.00249832311845101	52.5476885428033	0.896226680506778
8.875	8.5	0.0605520617382994	0.798477064707744	-0.0027757128437961	52.3687354952091	0.896660726791213
9.125	8.5	0.0649459238946979	0.798409839998074	-0.00307690858186186	52.1897070302621	0.897144051628417
9.375	8.5	0.0699722143718424	0.798344725971022	-0.0033998822533389	52.0105911758947	0.897696943580903
9.625	8.5	0.0758594723629122	0.798282828253722	-0.00374067978887966	51.8313712200929	0.89834454195992
9.875	8.5	0.0828877068496726	0.798225178362195	-0.00409276758296793	51.6520246650899	0.899117647753464
10.125	8.5	0.0913968669711901	0.798172487660278	-0.00444624311347838	51.4725220477671	0.900053655366831
10.375	8.5	0.101795602418164	0.798124775000011	-0.0047869467353588	51.2928256325727	0.901197516265998
10.625	8.5	0.11456843514219	0.798080858234574	-0.0050955839367545	51.112888015367	0.902602527865641
10.875	8.5	0.130277832516825	0.798037741043174	-0.00534708226020554	50.9326507325824	0.904330561576851
11.125	8.5	0.149555516358373	0.797990004940431	-0.00551055980477775	50.7520430561613	0.906451106799421
11.375	8.5	0.173075069623759	0.79792943550176	-0.00555043371314098	50.57098127104	0.909038257658614
11.625	8.5	0.201496603662068	0.797845247770944	-0.00542925120872346	50.3893688643254	0.912164626402827
11.875	8.5	0.235375940130194	0.797725352612026	-0.00511262882777958	50.2070981649169	0.915891353414321
12.125	8.5	0.27503813437996	0.797558987717971	-0.00457609288732022	50.0240539879554	0.920254194781796
12.375	8.5	0.320430149315043	0.797340581031129	-0.00381265050843712	49.8401196629601	0.925247316424655
12.625	8.5	0.370988193161341	0.797073917674388	-0.00283894911416648	49.6551853715792	0.930808701247748
12.875	8.5	0.425572563094922	0.796774869837441	-0.00169755548998488	49.4691579939688	0.936812981940441
13.125	8.5	0.482521152818863	0.796470788609453	-0.000453712197279792	49.2819708507702	0.943077326810075
13.375	8.5	0.539839911715602	0.796195725606422	0.000813264362245924	49.0935912229333	0.949382390288716
13.625	8.5	0.595492009329586	0.79598270049157	0.00202187880195046	48.9040237502816	0.955504121026254
13.875	8.5	0.647699171233039	0.795855957705471	0.0031005299675527	48.7133088477108	0.961246908835634
14.125	8.5	0.695162731160495	0.795826209168622	0.00399680303729792	48.5215167107423	0.966467900427654
14.375	8.5	0.737152718276554	0.795890197198306	0.00468211357797464	48.3287386050446	0.971086799010421
14.625	8.5	0.773470907097687	0.796033838145173	0.00515135095320808	48.1350774788378	0.975081799780746
14.875	8.5	0.804333144707139	0.796237040267476	0.00541856992319283	47.9406395513301	0.978476645917785
15.125	8.5	0.83022439695671	0.796478342042229	0.00551060697217736	47.7455278046594	0.981324683665238
15.375	8.5	0.851766115554443	0.796738274668547	0.00546054139059925	47.5498376228864	0.983694272710989
15.625	8.5	0.869615444603229	0.797001173289265	0.0053023480912035	47.3536543659225	0.985657698906355
15.875	8.5	0.88439977810086	0.797255694088406	0.00506730690623627	47.1570524517269	0.987283975591095
16.125	8.5	0.896681263280989	0.797494493008757	0.00478210219227626	46.9600954803987	0.988634938960909
16.375	8.5	0.906942785448624	0.797713494870652	0.00446821378674293	46.7628369921074	0.989763706399349
16.625	8.5	0.915587364402929	0.797911058510439	0.00414212708033469	46.5653215478257	0.990714610084322
16.875	8.5	0.922944728494687	0.798087212267806	0.00381596445239452	46.3675859205931	0.991523920134415
17.125	8.5	0.929280886426011	0.798243034248471	0.00349826320834447	46.1696602672618	0.992220897506861
17.375	8.5	0.934808226501498	0.798380190292433	0.00319473894795325	45.9715692107542	0.992828904915165
17.625	8.5	0.939694884755083	0.798500611807141	0.00290895661916795	45.773332802343	0.993366437323059
17.875	8.5	0.94407288301669	0.798606284641774	0.00264288362083564	45.5749673568786	0.993848017131836
18.125	8.5	0.948044959295129	0.798699119884487	0.00239732746922593	45.3764861662147	0.994284945522464
18.375	8.5	0.951690211235654	0.79878088183237	0.00217227306754552	45.1779001015306	0.994685923235922
18.625	8.5	0.955068740443649	0.798853154003325	0.00196713817474391	44.9792181168658	0.995057561448801
18.875	8.5	0.958225484520712	0.798917329305579	0.00178096474688609	44.7804476659488	0.995404803297278
19.125	8.5	0.961193394184165	0.798974614742884	0.00161256110250029	44.5815950434608	0.995731273360258
19.375	8.5	0.963996076884655	0.799026044236976	0.00146060677427272	44.3826656607996	0.996039568457312
19.625	8.5	0.966649996524573	0.799072495428633	0.00132372911747862	44.1836642654297	0.996331499617703
19.875	8.5	0.969166294991307	0.799114707877558	0.00120055848089445	43.9845951120775	0.996608292449044
20.125	8.5	0.971552285346413	0.799153301116001	0.0010897670229124	43.785462093302	0.996870751388105
20.375	8.5	0.973812657082564	0.799188791680091	0.000990094994707512	43.5862688363172	0.997119392279082
20.625	8.5	0.975950428833124	0.799221608662979	0.000900367407556757	43.3870187722844	0.997354547171644
20.875	8.5	0.977967681415384	0.799252107597916	0.000819503353555431	43.1877151836408	0.997576444955692
21.125	8.5	0.979866102666731	0.799280582636575	0.000746519777058051	42.9883612343485	0.99778527129334
21.375	8.5	0.981647374246768	0.799307277081568	0.00068053113929223	42.7889599872745	0.997981211167144
21.625	8.5	0.983313428919843	0.799332392386455	0.000620746139831175	42.5895144122387	0.998164477181183
21.875	8.5	0.984866604625992	0.799356095763314	0.000566462431530567	42.3900273876349	0.998335326508859
22.125	8.5	0.986309718935722	0.799378526550244	0.000517060074299848	42.190501697941	0.998494069082929
22.375	8.5	0.987646084425132	0.799399801491664	0.000471994310262715	41.9909400289133	0.998641069286765
22.625	8.5	0.988879482303805	0.799420019079725	0.000430788103576721	41.7913449618032	0.998776743053419
22.875	8.5	0.990014108470702	0.799439263094587	0.000393024770941543	41.5917189675582	0.998901551931777
23.125	8.5	0.991054503218474	0.799457605470196	0.000358340930909365	41.3920644016542	0.999015995354032
23.375	8.5	0.99200547316103	0.799475108597278	0.000326419921424002	41.1923834999655	0.999120602047713
23.625	8.5	0.992872011682287	0.799491827163194	0.000296985772200043	40.9926783758878	0.999215921285052
23.875	8.5	0.993659222314205	0.799507809612903	0.00026979777151097	40.7929510187939	0.999302514454563
24.125	8.5	0.994372247936865	0.799523099304005	0.000244645631588896	40.5932032938017	0.999380947273055
24.375	8.5	0.995016207520015	0.799537735416439	0.000221345232877768	40.3934369427716	0.999451782827202
24.625	8.5	0.995596141245615	0.799551753666715	0.000199734911239367	40.1936535864065	0.999515575537018
24.875	8.5	0.996116964222444	0.799565186868231	0.000179672243162216	39.9938547273097	0.999572866064469
25.125	8.5	0.996583428569233	0.799578065370602	0.00016103127935008	39.7940417538442	0.999624177142616
25.375	8.5	0.997000093365377	0.799590417404786	0.000143700176545992	39.5942159446426	0.999670010270191
25.625	8.5	0.997371301801798	0.799602269354995	0.0001275791787147	39.3943784736188	0.999710843198198
25.875	8.5	0.997701164783782	0.79961364597426	0.000112578902005641	39.1945304153492	0.999747128126216
26.125	8.5	0.997993550213483	0.799624570556672	9.86188816801185e-05	38.9946727507012	0.999779290523483
26.375	8.5	0.998252077193543	0.79963506507599	8.56263435800324e-05	38.7948063726025	0.99980772849129
26.625	8.5	0.99848011443072	0.799645150299097	7.35351670343735e-05	38.5949320918574	0.999832812587379
26.875	8.5	0.998680782169292	0.799654845879523	6.22850102442298e-05	38.3950506429314	0.999854886038622
27.125	8.5	0.998856957041307	0.799664170436516	5.1820573135603e-05	38.195162689638	0.999874265274544
27.375	8.5	0.999011279280039	0.799673141622087	4.20909760184887e-05	37.9952688306724	0.999891240720804
27.625	8.5	0.999146161801281	0.799681776179687	3.30492357595528e-05	37.7953696049487	0.999906077798141
27.875	8.5	0.999263800713392	0.799690089995878	2.46518235789114e-05	37.5954654967063	0.999919018078473
28.125	8.5	0.999366186869492	0.799698098146789	1.68582912896757e-05	37.3955569403607	0.999930280555644
28.375	8.5	0.999455118124832	0.799705814940239	9.63095466193427e-06	37.1956443250791	0.999940062993732
28.625	8.5	0.999532212007797	0.799713253954862	2.93462434583872e-06	36.9957279990722	0.999948543320858
28.875	8.5	0.999598918555471	0.799720428076391	-3.26362358462293e-06	36.795808273594	0.999955881041102
29.125	8.5	0.999656533103352	0.799727349531709	-8.99464422891637e-06	36.5958854266514	0.999962218641369
29.375	8.5	0.999706208854555	0.799734029921365	-1.42873931934887e-05	36.395959706425	0.999967682974001
29.625	8.5	0.999748969086231	0.799740480250087	-1.91690734130578e-05	36.1960313344103	0.999972386599485
29.875	8.5	0.999785718880247	0.799746710956379	-2.3665263285716e-05	35.9961005082869	0.999976429076827
30.125	8.5	0.999817256291815	0.799752731940496	-2.78000294573381e-05	35.7961674045291	0.9999798981921
30.375	8.5	0.999844282893023	0.799758552591578	-3.15960268310646e-05	35.5962321807704	0.999982871118232
30.625	8.5	0.999867413649112	0.799764181813371	-3.50745880891873e-05	35.3962949779371	0.999985415501402
30.875	8.5	0.999887186103299	0.79976962804938	-3.82558044627475e-05	35.1963559221656	0.999987590471363
31.125	8.5	0.999904068861272	0.799774899306435	-4.11585992649395e-05	34.9964151265197	0.99998944757474
31.375	8.5	0.999918469379517	0.799780003177726	-4.38007952873703e-05	34.7964726925232	0.999991031631747
31.625	8.5	0.99993074107221	0.799784946864862	-4.61991771188867e-05	34.5965287115233	0.999992381517943
31.875	8.5	0.999941189759923	0.799789737198518	-4.83695491070249e-05	34.3965832658993	0.999993530873592
32.125	8.5	0.99995007949001	0.799794380658841	-5.03267894925293e-05	34.1966364301327	0.999994508743901
32.375	8.5	0.999957637763328	0.799798883394257	-5.20849013415758e-05	33.9966882717494	0.999995340153966
32.625	8.5	0.999964060205331	0.799803251239839	-5.3657060514367e-05	33.7967388521504	0.999996046622586
32.875	8.5	0.999969514721418	0.799807489734661	-5.50556610980004e-05	33.59678822734	0.999996646619356
33.125	8.5	0.999974145177535	0.799811604138094	-5.62923584029878e-05	33.3968364485645	0.999997155969529
33.375	8.5	0.999978074646684	0.79981559944549	-5.73781098167539e-05	33.1968835628707	0.999997588211135
33.625	8.5	0.99998140826132	0.799819480402918	-5.83232135985675e-05	32.9969296135939	0.999997954908745
33.875	8.5	0.999984235710159	0.799823251521172	-5.91373457748005e-05	32.7969746407838	0.999998265928117
34.125	8.5	0.999986633416046	0.79982691708896	-5.9829595214693e-05	32.5970186815752	0.999998529675765
34.375	8.5	0.999988666429288	0.79983048118523	-6.04084969112894e-05	32.3970617705118	0.999998753307222
34.625	8.5	0.999990390068546	0.799833947691152	-6.08820636921481e-05	32.1971039398278	0.99999894290754
34.875	8.5	0.999991851338773	0.799837320300964	-6.12578162157608e-05	31.9971452196931	0.999999103647265
35.125	8.5	0.999993090153179	0.799840602532509	-6.15428115361746e-05	31.7971856384271	0.99999923991685
35.375	8.5	0.999994140383657	0.79984379773705	-6.17436700769154e-05	31.597225222685	0.999999355442202
35.625	8.5	0.999995030761696	0.799846909108437	-6.18666012548061e-05	31.3972639976207	0.999999453383786
35.875	8.5	0.999995785649406	0.799849939691835	-6.19174276887102e-05	31.1973019870288	0.999999536421435
36.125	8.5	0.99999642569816	0.799852892391858	-6.19016080899633e-05	30.9973392134689	0.999999606826798
36.375	8.5	0.999996968410253	0.799855769980223	-6.18242589017106e-05	30.7973756983749	0.999999666525128
36.625	8.5	0.999997428617162	0.799858575102993	-6.16901747120588e-05	30.5974114621505	0.999999717147888
36.875	8.5	0.999997818886236	0.799861310287354	-6.15038475252761e-05	30.3974465242542	0.999999760077486
37.125	8.5	0.999998149866149	0.799863977947946	-6.12694849075687e-05	30.1974809032735	0.999999796485276
37.375	8.5	0.999998430580069	0.799866580392902	-6.09910271101198e-05	29.997514616991	0.999999827363808
37.625	8.5	0.999998668674246	0.799869119829425	-6.06721631711572e-05	29.7975476824431	0.999999853554167
37.875	8.5	0.999998870628685	0.799871598369135	-6.03163460927651e-05	29.5975801159725	0.999999875769155
38.125	8.5	0.999999041935595	0.799874018033018	-5.99268071021941e-05	29.3976119332749	0.999999894612915
38.375	8.5	0.99999918725051	0.799876380756105	-5.95065690785962e-05	29.1976431494408	0.999999910597556
38.625	8.5	0.999999310520203	0.799878688391943	-5.90584591817073e-05	28.9976737789936	0.999999924157222
38.875	8.5	0.999999415090999	0.799880942716674	-5.85851207199563e-05	28.7977038359233	0.99999993566001
39.125	8.5	0.999999503800443	0.799883145433031	-5.80890243061855e-05	28.5977333337181	0.999999945418049
39.375	8.5	0.999999579054915	0.799885298173908	-5.75724783437342e-05	28.397762285392	0.999999953696041
39.625	8.5	0.999999642895334	0.799887402505989	-5.70376388951807e-05	28.1977907035105	0.999999960718487
39.875	8.5	0.99999969705282	0.799889459932889	-5.64865189381917e-05	27.9978186002147	0.99999996667581
40.125	8.5	0.999999742995804	0.799891471898335	-5.59209970864754e-05	27.7978459872423	0.999999971729538
40.375	8.5	0.999999781969976	0.799893439789033	-5.53428257619294e-05	27.5978728759477	0.999999976016697
40.625	8.5	0.999999815032113	0.799895364937413	-5.47536388895136e-05	27.3978992773205	0.999999979653532
40.875	8.5	0.999999843078752	0.799897248624327	-5.41549591513458e-05	27.1979252020024	0.999999982738663
41.125	8.5	0.999999866870515	0.799899092081359	-5.35482047515737e-05	26.9979506603031	0.999999985355757
41.375	8.5	0.999999887052707	0.799900896493263	-5.29346958448722e-05	26.7979756622152	0.999999987575798
41.625	8.5	0.999999904172801	0.799902663000102	-5.23156605235296e-05	26.5980002174275	0.999999989459008
41.875	8.5	0.999999918695277	0.799904392699347	-5.16922404689726e-05	26.3980243353385	0.99999999105648
42.125	8.5	0.999999931014194	0.799906086647796	-5.10654962860968e-05	26.1980480250679	0.999999992411561
42.375	8.5	0.999999941463853	0.799907745863534	-5.04364124808219e-05	25.9980712954683	0.999999993561024
42.625	8.5	0.999999950327865	0.799909371327573	-4.98059021767037e-05	25.7980941551358	0.999999994536065
42.875	8.5	0.999999957846829	0.799910963985556	-4.91748115371576e-05	25.59811661242	0.999999995363151
43.125	8.5	0.99999996422485	0.799912524749404	-4.85439239245714e-05	25.3981386754337	0.999999996064733
43.375	8.5	0.999999969635069	0.79991405449872	-4.79139638128204e-05	25.1981603520613	0.999999996659858
43.625	8.5	0.99999997422436	0.799915554082253	-4.72856004863758e-05	24.9981816499683	0.99999999716468
43.875	8.5	0.999999978117315	0.799917024319227	-4.66594514922415e-05	24.7982025766084	0.999999997592905
44.125	8.5	0.999999981419613	0.799918466000626	-4.6036085908113e-05	24.5982231392319	0.999999997956157
44.375	8.5	0.999999984220905	0.799919879890413	-4.54160274347499e-05	24.3982433448923	0.9999999982643
44.625	8.5	0.999999986597229	0.799921266726627	-4.47997572505086e-05	24.1982632004539	0.999999998525695
44.875	8.5	0.999999988613087	0.799922627222571	-4.41877167612147e-05	23.9982827125982	0.99999999874744
45.125	8.5	0.999999990323191	0.7999239620677	-4.35803101659142e-05	23.7983018878297	0.999999998935551
45.375	8.5	0.999999991773948	0.799925271928804	-4.29779068465911e-05	23.5983207324828	0.999999999095134
45.625	8.5	0.999999993004718	0.799926557450699	-4.23808436634282e-05	23.3983392527267	0.999999999230519
45.875	8.5	0.99999999404889	0.799927819257361	-4.17894270749175e-05	23.1983574545714	0.999999999345378
46.125	8.5	0.999999994934784	0.799929057952568	-4.12039351720514e-05	22.9983753438729	0.999999999442826
46.375	8.5	0.999999995686425	0.799930274120818	-4.06246195512488e-05	22.7983929263381	0.999999999525507
46.625	8.5	0.999999996324183	0.799931468328056	-4.00517071256e-05	22.5984102075295	0.99999999959566
46.875	8.5	0.999999996865346	0.799932641122365	-3.94854017855155e-05	22.3984271928702	0.999999999655188
47.125	8.5	0.999999997324572	0.799933793034733	-3.89258860003691e-05	22.1984438876479	0.999999999705703
47.375	8.5	0.999999997714293	0.799934924579611	-3.83733222952659e-05	21.9984602970196	0.999999999748572
47.625	8.5	0.999999998045057	0.799936036255602	-3.78278546691872e-05	21.7984764260152	0.999999999784956
47.875	8.5	0.999999998325812	0.799937128546017	-3.72896099096021e-05	21.598492279542	0.999999999815839
48.125	8.5	0.999999998564144	0.799938201919452	-3.67586988512315e-05	21.3985078623877	0.999999999842056
48.375	8.5	0.999999998766488	0.799939256830305	-3.62352175316663e-05	21.198523179225	0.999999999864314
48.625	8.5	0.999999998938308	0.799940293719278	-3.57192483327229e-05	20.9985382346143	0.999999999883214
48.875	8.5	0.999999999084232	0.799941313013878	-3.52108609738403e-05	20.7985530330076	0.999999999899265
49.125	8.5	0.999999999208187	0.799942315128834	-3.47101135441172e-05	20.5985675787513	0.999999999912901
49.375	8.5	0.999999999313508	0.799943300466548	-3.42170534004179e-05	20.3985818760898	0.999999999924486
49.625	8.5	0.999999999403018	0.799944269417492	-3.37317180521917e-05	20.1985959291683	0.999999999934332
49.875	8.5	0.999999999479115	0.799945222360601	-3.32541359767083e-05	19.9986097420359	0.999999999942703
50.125	8.5	0.999999999543833	0.799946159663606	-3.2784327402345e-05	19.7986233186481	0.999999999949822
50.375	8.5	0.999999999598894	0.799947081683377	-3.23223050478164e-05	19.59863666287	0.999999999955878
50.625	8.5	0.999999999645765	0.799947988766269	-3.18680747865687e-05	19.3986497784787	0.999999999961034
50.875	8.5	0.999999999685684	0.799948881248402	-3.14216363366532e-05	19.198662669166	0.999999999965425
51.125	8.5	0.999999999719702	0.799949759455874	-3.09829838432184e-05	18.9986753385409	0.999999999969167
51.375	8.5	0.999999999748712	0.799950623705149	-3.05521064759535e-05	18.7986877901321	0.999999999972358
51.625	8.5	0.999999999773473	0.799951474303146	-3.01289889700824e-05	18.5987000273904	0.999999999975082
51.875	8.5	0.999999999794626	0.799952311547525	-2.97136121489499e-05	18.3987120536909	0.999999999977409
52.125	8.5	0.999999999812713	0.799953135726939	-2.9305953397573e-05	18.1987238723356	0.999999999979398
52.375	8.5	0.999999999828199	0.799953947121042	-2.89059871484842e-05	17.9987354865553	0.999999999981102
52.625	8.5	0.999999999841476	0.799954746000827	-2.85136852925299e-05	17.798746899512	0.999999999982562
52.875	8.5	0.999999999852874	0.79995553262862	-2.81290175981552e-05	17.5987581143012	0.999999999983816
53.125	8.5	0.999999999862676	0.799956307258234	-2.77519521033432e-05	17.3987691339536	0.999999999984894
53.375	8.5	0.999999999871121	0.799957070135112	-2.73824554609093e-05	17.1987799614377	0.999999999985823
53.625	8.5	0.99999999987841	0.799957821496322	-2.70204933044364e-05	16.9987905996617	0.999999999986625
53.875	8.5	0.999999999884714	0.799958561570586	-2.6666030552009e-05	16.7988010514753	0.999999999987319
54.125	8.5	0.999999999890185	0.799959290578376	-2.63190317110384e-05	16.5988113196725	0.99999999998792
54.375	8.5	0.999999999894939	0.799960008731859	-2.59794611540064e-05	16.3988214069928	0.999999999988443
54.625	8.5	0.999999999899085	0.799960716234846	-2.56472833869248e-05	16.198831316124	0.999999999988899
54.875	8.5	0.99999999990271	0.799961413282752	-2.53224632856076e-05	15.9988410497037	0.999999999989298
55.125	8.5	0.99999999990589	0.799962100062506	-2.50049663135246e-05	15.798850610322	0.999999999989648
55.375	8.5	0.999999999908688	0.799962776752447	-2.46947587100127e-05	15.5988600005231	0.999999999989956
55.625	8.5	0.999999999911159	0.799963443522114	-2.43918076826338e-05	15.3988692228078	0.999999999990227
55.875	8.5	0.99999999991335	0.799964100532107	-2.40960815455395e-05	15.1988782796356	0.999999999990469
56.125	8.5	0.9999999999153	0.799964747933842	-2.38075498481527e-05	14.9988871734271	0.999999999990683
56.375	8.5	0.999999999917038	0.79996538586928	-2.35261834809143e-05	14.798895906566	0.999999999990874
56.625	8.5	0.999999999918592	0.799966014470654	-2.32519547319933e-05	14.5989044814019	0.999999999991045
56.875	8.5	0.99999999991999	0.799966633860075	-2.2984837333182e-05	14.3989129002524	0.999999999991199
57.125	8.5	0.99999999992125	0.799967244149158	-2.27248064551646e-05	14.1989211654061	0.999999999991338
57.375	8.5	0.999999999922389	0.79996784543861	-2.24718386615812e-05	13.9989292791247	0.999999999991463
57.625	8.5	0.999999999923421	0.79996843781768	-2.2225911831793e-05	13.7989372436464	0.999999999991576
57.875	8.5	0.999999999924356	0.799969021363642	-2.19870050042993e-05	13.5989450611885	0.999999999991679
58.125	8.5	0.999999999925206	0.799969596141221	-2.17550981904246e-05	13.3989527339505	0.999999999991773
58.375	8.5	0.999999999925981	0.799970162201856	-2.15301721003094e-05	13.1989602641172	0.999999999991858
58.625	8.5	0.999999999926685	0.799970719583055	-2.13122077971835e-05	12.9989676538624	0.999999999991935
58.875	8.5	0.999999999927326	0.799971268307572	-2.11011862728335e-05	12.7989749053523	0.999999999992006
59.125	8.5	0.999999999927907	0.799971808382554	-2.08970879049565e-05	12.5989820207492	0.99999999999207
59.375	8.5	0.999999999928433	0.799972339798636	-2.06998918269862e-05	12.3989890022157	0.999999999992128
59.625	8.5	0.999999999928908	0.799972862528989	-2.05095751393126e-05	12.1989958519189	0.99999999999218
59.875	8.5	0.999999999929333	0.79997337652822	-2.03261120010206e-05	11.9990025720348	0.999999999992227
60.125	8.5	0.999999999929712	0.799973881731338	-2.01494725348195e-05	11.7990091647532	0.999999999992268
60.375	8.5	0.999999999930042	0.799974378052552	-1.99796215476839e-05	11.5990156322825	0.999999999992305
60.625	8.5	0.999999999930328	0.799974865384073	-1.98165170486477e-05	11.3990219768555	0.999999999992336
60.875	8.5	0.999999999930566	0.799975343594911	-1.96601084980572e-05	11.1990282007345	0.999999999992362
61.125	8.5	0.999999999930763	0.79997581252954	-1.95103348069953e-05	10.9990343062176	0.999999999992384
61.375	8.5	0.999999999930916	0.799976272006703	-1.93671220182177e-05	10.7990402956451	0.999999999992401
61.625	8.5	0.999999999931028	0.799976721818087	-1.92303806340162e-05	10.5990461714058	0.999999999992413
61.875	8.5	0.999999999931102	0.799977161727149	-1.91000025633106e-05	10.3990519359439	0.999999999992421
62.125	8.5	0.99999999993114	0.799977591468005	-1.89758576468153e-05	10.1990575917665	0.999999999992425
62.375	8.5	0.999999999931141	0.799978010744387	-1.88577896752644e-05	9.99906314145091	0.999999999992426
62.625	8.5	0.999999999931104	0.799978419228869	-1.87456119056482e-05	9.79906858765234	0.999999999992421
62.875	8.5	0.99999999993102	0.799978816562304	-1.86391019804854e-05	9.59907393311176	0.999999999992412
63.125	8.5	0.999999999930873	0.799979202353608	-1.85379962146968e-05	9.39907918066396	0.999999999992396
63.375	8.5	0.999999999930639	0.79997957617998	-1.84419831983841e-05	9.19908433324547	0.99999999999237
63.625	8.5	0.999999999930298	0.799979937587695	-1.83506966543136e-05	8.99908939390246	0.999999999992333
63.875	8.5	0.999999999929836	0.799980286093574	-1.82637075148573e-05	8.79909436579836	0.999999999992282
64.125	8.5	0.999999999929265	0.79998062118733	-1.81805151756399e-05	8.59909925222093	0.999999999992219
64.375	8.5	0.999999999928644	0.79998094233499	-1.81005378881037e-05	8.39910405658873	0.999999999992151
64.625	8.5	0.999999999928086	0.799981248983548	-1.80231023057697e-05	8.19910878245651	0.999999999992089
64.875	8.5	0.999999999927744	0.799981540567175	-1.79474321647651e-05	7.99911343351935	0.999999999992052
65.125	8.5	0.999999999927772	0.799981816515272	-1.78726361680337e-05	7.79911801361491	0.999999999992055
65.375	8.5	0.999999999928229	0.799982076262609	-1.77976951462949e-05	7.59912252672355	0.999999999992105
65.625	8.5	0.999999999928968	0.799982319261979	-1.77214486399439e-05	7.39912697696555	0.999999999992186
65.875	8.5	0.999999999929524	0.799982544999729	-1.76425810973457e-05	7.19913136859489	0.999999999992248
66.125	8.5	0.999999999929084	0.79998275301456	-1.75596079908107e-05	6.99913570598871	0.999999999992199
66.375	8.5	0.999999999926623	0.799982942920015	-1.74708622391909e-05	6.79913999363167	0.999999999991929
66.625	8.5	0.999999999921277	0.799983114431143	-1.73744814384541e-05	6.59914423609419	0.99999999999134
66.875	8.5	0.999999999912941	0.799983267395607	-1.72683965753407e-05	6.39914843800346	0.999999999990423
67.125	8.5	0.999999999902951	0.799983401829765	-1.71503230324135e-05	6.19915260400606	0.999999999989325
67.375	8.5	0.999999999894494	0.799983517959898	-1.70177548942922e-05	5.99915673872095	0.999999999988394
67.625	8.5	0.999999999892268	0.799983616268818	-1.68679637794089e-05	5.79916084668144	0.999999999988149
67.875	8.5	0.999999999900937	0.799983697547857	-1.66980036540026e-05	5.59916493226488	0.999999999989103
68.125	8.5	0.999999999922316	0.799983762954	-1.6504723323068e-05	5.39916899960873	0.999999999991455
68.375	8.5	0.999999999952019	0.79998381407162	-1.62847885674954e-05	5.19917305251175	0.999999999994722
68.625	8.5	0.999999999977456	0.79998385297777	-1.60347161637538e-05	4.99917709431942	0.99999999999752
68.875	8.5	0.999999999979978	0.799983882309531	-1.57509222305126e-05	4.79918112779255	0.999999999997798
69.125	8.5	0.999999999943865	0.799983905331106	-1.54297875242907e-05	4.59918515495889	0.999999999993825
69.375	8.5	0.999999999872571	0.79998392599765	-1.50677423250209e-05	4.39918917694785	0.999999999985983
69.625	8.5	0.99999999980729	0.799983949011845	-1.46613734279216e-05	4.19919319380945	0.999999999978802
69.875	8.5	0.999999999835284	0.799983979868492	-1.42075553178826e-05	3.99919720431995	0.999999999981881
70.125	8.5	1.00000000006831	0.799984024881321	-1.37036069020422e-05	3.79920120577817	1.00000000000751
70.375	8.5	1.00000000057118	0.799984091185713	-1.31474740263521e-05	3.59920519379856	1.00000000006283
70.625	8.5	1.00000000123573	0.799984186710116	-1.25379364838916e-05	3.39920916210941	1.00000000013593
70.875	8.5	1.0000000016328	0.799984320108527	-1.18748361718217e-05	3.19921310236573	1.00000000017961
71.125	8.5	1.00000000093455	0.79998450064567	-1.11593205436818e-05	2.99921700398768	1.0000000001028
71.375	8.5	0.999999998061187	0.799984738025945	-1.03940924611969e-05	2.79922085403435	0.99999999978673
71.625	8.5	0.999999992228576	0.799985042157013	-9.58365395405056e-06	2.59922463712122	0.999999999145143
71.875	8.5	0.999999983987069	0.799985422839535	-8.73452732461296e-06	2.39922833538806	0.999999998238578
72.125	8.5	0.999999976579769	0.799985889377927	-7.855432635801e-06	2.1992319285258	0.999999997423775
72.375	8.5	0.999999976986355	0.799986450114429	-6.95739620720107e-06	1.99923539387932	0.999999997468499
72.625	8.5	0.999999995454103	0.799987111902322	-6.05376102873465e-06	1.79923870666135	0.999999999499951
72.875	8.5	1.00000004194391	0.799987879554133	-5.16006796351456e-06	1.59924184033925	1.00000000461383
73.125	8.5	1.0000001182502	0.799988755324149	-4.29377776652268e-06	1.39924476728121	1.00000001300752
73.375	8.5	1.00000020621868	0.799989738503567	-3.47381012633193e-06	1.19924745974851	1.00000002268405
73.625	8.5	1.00000025590917	0.799990825207283	-2.7198891489478e-06	0.999249891262521	1.00000002815001
73.875	8.5	1.0000001823883	0.799992008396543	-2.05170648011613e-06	0.799252038224415	1.00000002006271
74.125	8.5	0.999999884286779	0.799993278098833	-1.48794362848055e-06	0.599253881411984	0.999999987271546
74.375	8.5	0.999999297581616	0.799994621741026	-1.04523091223042e-06	0.399255406672897	0.999999922733978
74.625	8.5	0.999998488945384	0.799996259266783	-7.37155131256501e-07	0.199256603888442	0.999999833783992
74.875	8.5	0.999997769466693	0.399996775854382	-5.76603883052333e-07	-0.000742654318749853	0.999999754641336
0.125	9.5	-2.4481724711166e-07	0.399983049138913	7.85673727370292e-05	58.6062167292003	0.889999973070103
0.375	9.5	-6.85160182970934e-06	0.799949455787963	7.70962002667562e-05	58.4282242777198	0.889999246323799
0.625	9.5	-2.11983304022337e-05	0.799915693935227	7.41382640486808e-05	58.2502395228277	0.889997668183656
0.875	9.5	-4.41137248780341e-05	0.799881562632527	6.96503052721069e-05	58.0722627265496	0.889995147490264
1.125	9.5	-7.49153737835447e-05	0.79984697414796	6.35743299304969e-05	57.8942941681767	0.889991759308884
1.375	9.5	-0.00011029043893265	0.799811788819752	5.58382626683148e-05	57.7163341187047	0.889987868051717
1.625	9.5	-0.000143251997409315	0.799775851729376	4.63585830837204e-05	57.5383827737956	0.889984242280285
1.875	9.5	-0.000162259801748592	0.799738987957849	3.50435737653475e-05	57.3604401660142	0.889982151421808
2.125	9.5	-0.000150630762255079	0.799700998278114	2.17968617662451e-05	57.1825060612647	0.889983430616152
2.375	9.5	-8.63611847825012e-05	0.799661655980867	6.52085958471059e-06	57.0045798470663	0.889990500269674
2.625	9.5	5.75488513023156e-05	0.799620705262874	-1.08803463991183e-05	56.8266604226488	0.890006330373643
2.875	9.5	0.000312229931387247	0.799577861317929	-3.04991317682513e-05	56.6487461022871	0.890034345292453
3.125	9.5	0.000711559357031065	0.799532811963125	-5.24239389449323e-05	56.4708345435074	0.890078271529273
3.375	9.5	0.00129034414596138	0.79948522033725	-7.67407268221151e-05	56.2929227106495	0.890141937856056
3.625	9.5	0.00208221034778429	0.799434727969831	-0.000103536542417355	56.1150068818633	0.890229043138256
3.875	9.5	0.00311737640194068	0.799380957368724	-0.000132905379205749	55.9370827041997	0.890342911404214
4.125	9.5	0.00442050685365029	0.799323513223749	-0.00016495637495614	55.7591452974282	0.890486255753902
4.375	9.5	0.00600884083364751	0.799261981370693	-0.000199824297563853	55.5811894030048	0.890660972491701
4.625	9.5	0.00789076950968752	0.799195924787567	-0.0002376821689753	55.4032095706462	0.890867984646066
4.875	9.5	0.0100650024432516	0.79912487607271	-0.00027875577360947	55.2252003715991	0.891107150268758
5.125	9.5	0.0125204195611113	0.799048326067133	-0.000323339674673042	55.0471566251551	0.891377246151722
5.375	9.5	0.0152366583444839	0.798965708510709	-0.000371814204134714	54.8690736234062	0.891676032417893
5.625	9.5	0.0181854392720869	0.798876380858615	-0.000424662693097751	54.6909473386779	0.89200039831993
5.875	9.5	0.0213325900811406	0.798779601633759	-0.00048248797193426	54.5127745984644	0.892346584908925
6.125	9.5	0.0246406938071374	0.798674504949619	-0.000546026906715115	54.334553213898	0.892710476318785
6.375	9.5	0.0280722590493687	0.798560073116634	-0.0006161614711106	54.1562820496234	0.893087948495431
6.625	9.5	0.0315932953521711	0.798435108529575	-0.000693924600091364	53.9779610252018	0.893475262488739
6.875	9.5	0.0351771736231881	0.798298206328505	-0.000780498840945626	53.7995910405666	0.893869489098551
7.125	9.5	0.0388086624393069	0.79814772961721	-0.000877205592244938	53.6211738203135	0.894268952868324
7.375	9.5	0.0424880569181255	0.79798178932032	-0.000985482447752284	53.4427116733996	0.894673686260994
7.625	9.5	0.0462353580667397	0.797798231074405	-0.00110684573739299	53.2642071658369	0.895085889387341
7.875	9.5	0.0500945170935485	0.797594631915634	-0.0012428346252589	53.085662703828	0.89551039688029
8.125	9.5	0.0541378300509564	0.797368309986607	-0.00139493187921252	52.9070800231849	0.895955161305605
8.375	9.5	0.0584706503587766	0.797116351082279	-0.00156445443940136	52.7284595774683	0.896431771539465
8.625	9.5	0.063236672948143	0.796835656601961	-0.00175240399034098	52.5497998118615	0.896956034024296
8.875	9.5	0.0686241178739247	0.79652301831649	-0.00195926384589106	52.3710963023507	0.897548652966132
9.125	9.5	0.0748731704892118	0.796175226122384	-0.00218472393306481	52.1923407308294	0.898236048753813
9.375	9.5	0.082284957781704	0.795789215294289	-0.00242731162795425	52.0135196577791	0.899051345355987
9.625	9.5	0.0912320482060417	0.795362259157997	-0.00268390518348852	51.8346130485578	0.900035525302665
9.875	9.5	0.10216978305942	0.794892211132525	-0.00294911333174508	51.6555925134603	0.901238676136536
10.125	9.5	0.115646439319574	0.794377796942375	-0.0032145274571353	51.4764192465878	0.902721108325153
10.375	9.5	0.132308018005835	0.793818955701866	-0.00346790316854843	51.2970417108653	0.904553881980642
10.625	9.5	0.152890213676495	0.793217233600082	-0.00369241890506037	51.1173932376514	0.906817923504414
10.875	9.5	0.178186233793583	0.792576256543752	-0.0038662955480049	50.9373899085846	0.909600485717294
11.125	9.5	0.208976182141455	0.791902356672493	-0.00396322132407846	50.7569293637425	0.91298738003556
11.375	9.5	0.245905235423933	0.791205485506863	-0.00395413414693229	50.5758914797059	0.917049575896633
11.625	9.5	0.289309215498341	0.790500532667999	-0.0038108206021697	50.3941420363308	0.921824013704817
11.875	9.5	0.339011737903745	0.789808926535099	-0.00351132123159033	50.2115402928313	0.927291291169412
12.125	9.5	0.394153057963218	0.789159814040008	-0.00304624176640137	50.0279505667556	0.933356836375954
12.375	9.5	0.453137230479962	0.788589453248966	-0.00242407112824823	49.8432564391758	0.939845095352796
12.625	9.5	0.513769642036322	0.788137480810323	-0.0016731951291926	49.657374601874	0.946514660623995
12.875	9.5	0.573585205665636	0.78784011207591	-0.000839100207158496	49.4702645991503	0.95309437262322
13.125	9.5	0.630270246324127	0.787722480750366	2.28582506056416e-05	49.2819316132642	0.959329727095654
13.375	9.5	0.682027815399711	0.787793353874418	0.000856859437982658	49.0924218029728	0.965023059693968
13.625	9.5	0.72777032246744	0.788044251439175	0.00161520642091508	48.9018122369499	0.970054735471418
13.875	9.5	0.767115780491136	0.788452632231392	0.00226385983841348	48.7101987741068	0.974382735854025
14.125	9.5	0.800245215503921	0.788987209693639	0.00278420315142334	48.5176849205782	0.978026973705431
14.375	9.5	0.827706534276735	0.789613369774513	0.00317168455125078	48.3243733876849	0.981047718770441
14.625	9.5	0.850231798983648	0.790297461127087	0.00343263266258275	48.1303607230887	0.983525497888201
14.875	9.5	0.868600554901907	0.791009576520387	0.00358051525831755	47.9357345357938	0.98554606103921
15.125	9.5	0.883554165320286	0.791724963807649	0.00363252076960287	47.7405725369748	0.987190958185232
15.375	9.5	0.895751766347298	0.79242440765308	0.00360689749073676	47.5449426730534	0.988532694298203
15.625	9.5	0.905754600062327	0.793093941422971	0.00352114699053079	47.3489038196939	0.989633006006856
15.875	9.5	0.914027060307217	0.793724188635114	0.00339097219093192	47.1525067024887	0.990542976633794
16.125	9.5	0.920946070874731	0.794309552699602	0.00322980018763479	46.9557948595606	0.99130406779622
16.375	9.5	0.926813539375732	0.794847398000452	0.00304869289536777	46.7588055572353	0.991949489331331
16.625	9.5	0.931868968353871	0.795337304403853	0.00285648843454283	46.5615706243777	0.992505586518926
16.875	9.5	0.936300836137952	0.795780433221354	0.00266005788052494	46.3641171984318	0.992993091975175
17.125	9.5	0.940256264331	0.796179013968448	0.00246460153364099	46.1664683880109	0.99342818907641
17.375	9.5	0.943848968315846	0.796535944737798	0.00227394020922602	45.9686438605119	0.993823386514743
17.625	9.5	0.94716570309647	0.796854491103605	0.00209077904908543	45.7706603630665	0.994188227340612
17.875	9.5	0.950271481995016	0.797138066054932	0.00191693527837925	45.5725321836299	0.994529863019452
18.125	9.5	0.953213833146808	0.797390074124311	0.00175352922911567	45.3742715573449	0.994853521646149
18.375	9.5	0.95602631283948	0.797613805002531	0.00160114181730335	45.1758890220466	0.995162894412343
18.625	9.5	0.958731440903795	0.797812364509288	0.00145994308325191	44.9773937260428	0.995460458499417
18.875	9.5	0.96134317468448	0.79798863328385	0.00132979650436661	44.7787936910655	0.995747749215293
19.125	9.5	0.963869000091165	0.798145245720163	0.0012103432833297	44.5800960334031	0.996025590010028
19.375	9.5	0.966311691864298	0.798284583434407	0.00110107012058069	44.3813071465325	0.996294286105073
19.625	9.5	0.968670779102243	0.798408778934315	0.00100136331047855	44.1824328489322	0.996553785701247
19.875	9.5	0.970943743856333	0.798519726222469	0.000910551445805229	43.9834785010522	0.996803811824197
20.125	9.5	0.973126977594859	0.798619095873687	0.000827938590990448	43.7844490955881	0.997043967535434
20.375	9.5	0.975216520249682	0.798708352743281	0.000752829474665976	43.5853493252179	0.997273817227465
20.625	9.5	0.977208607604951	0.798788774935531	0.000684548027404486	43.3861836318096	0.997492946836545
20.875	9.5	0.979100053766501	0.798861473028681	0.000622450421697197	43.186956240832	0.997701005914315
21.125	9.5	0.980888495691525	0.798927408839919	0.000565933635051533	42.9876711843174	0.997897734526068
21.375	9.5	0.982572526007354	0.798987413237965	0.000514440437633761	42.7883323152891	0.998082977860809
21.625	9.5	0.984151738639824	0.799042202688643	0.000467461594467109	42.5889433161036	0.998256691250381
21.875	9.5	0.985626709308689	0.799092394354581	0.000424535963928665	42.3895077027036	0.998418938023956
22.125	9.5	0.986998930003443	0.799138519674873	0.000385249070294088	42.1900288263555	0.998569882300379
22.375	9.5	0.98827071340438	0.799181036426683	0.000349230628359701	41.9905098740681	0.998709778474482
22.625	9.5	0.989445080098733	0.799220339325236	0.000316151405808134	41.7909538685635	0.998838958810861
22.875	9.5	0.990525638538132	0.799256769255694	0.000285719725443147	41.5913636684074	0.998957820239195
23.125	9.5	0.991516465109274	0.799290621249854	0.000257677836357142	41.3917419686874	0.99906681116202
23.375	9.5	0.992421989499053	0.799322151334325	0.000231798320626699	41.192091302465	0.999166418844896
23.625	9.5	0.993246888751439	0.799351582375946	0.000207880651173907	40.992414043103	0.999257157762658
23.875	9.5	0.993995992007922	0.799379109049501	0.000185747975011974	40.7927124074799	0.999339559120871
24.125	9.5	0.994674196862763	0.799404902042958	0.000165244164664396	40.5929884600451	0.999414161654904
24.375	9.5	0.995286397495286	0.799429111607984	0.00014623115640758	40.3932441176292	0.999481503724481
24.625	9.5	0.995837424215612	0.799451870550805	0.000128586577294752	40.1934811549002	0.999542116663717
24.875	9.5	0.996331993717849	0.799473296748682	0.000112201650886729	39.9937012103514	0.999596519308963
25.125	9.5	0.996774669138686	0.799493495265584	9.69793645613594e-05	39.7939057927001	0.999645213605255
25.375	9.5	0.997169828925696	0.799512560130826	8.28328766265619e-05	39.5940962875835	0.999688681181827
25.625	9.5	0.997521643497975	0.79953057583557	6.96841398809953e-05	39.3942739644471	0.999727380784777
25.875	9.5	0.997834058707531	0.799547618592883	5.74627178352197e-05	39.1944399835269	0.999761746457828
26.125	9.5	0.998110785164681	0.799563757400451	4.61047704833177e-05	38.9945954028414	0.999792186368115
26.375	9.5	0.998355292561234	0.79957905493964	3.55521881795343e-05	38.7947411851179	0.999819082181736
26.625	9.5	0.998570808202653	0.799593568336456	2.57518539263112e-05	38.5948782045901	0.999842788902292
26.875	9.5	0.998760319038702	0.799607349809211	1.66550161695372e-05	38.3950072536129	0.999863635094257
27.125	9.5	0.998926576557913	0.799620447220458	8.21675639213792e-06	38.1951290490504	0.99988192342137
27.375	9.5	0.999072103982517	0.799632904549734	3.95537604905763e-07	37.995244238403	0.999897931438077
27.625	9.5	0.999199205266687	0.799644762299945	-6.84717842406306e-06	37.7953534056455	0.999911912579336
27.875	9.5	0.999309975461669	0.799656057848219	-1.35472557271802e-05	37.5954570767575	0.999924097300784
28.125	9.5	0.999406312066976	0.799666825750244	-1.97381595764341e-05	37.3955557249328	0.999934694327367
28.375	9.5	0.99948992703761	0.799677098005777	-2.54511906434164e-05	37.1956497754599	0.999943891974137
28.625	9.5	0.99956235916362	0.799686904290912	-3.0715684442247e-05	36.9957396102719	0.999951859507998
28.875	9.5	0.999624986580809	0.799696272163178	-3.55591819634605e-05	36.7958255721679	0.999958748523889
29.125	9.5	0.999679039209832	0.799705227242372	-4.00075761243836e-05	36.5959079687119	0.999964694313082
29.375	9.5	0.999725610956364	0.799713793372058	-4.40852382449557e-05	36.3959870758165	0.9999698172052
29.625	9.5	0.999765671536742	0.79972199276361	-4.78151279439881e-05	36.196063141026	0.999974223869042
29.875	9.5	0.999800077822384	0.799729846125636	-5.12188893828002e-05	35.9961363865085	0.999978008560462
30.125	9.5	0.999829584621968	0.799737372780738	-5.43169361831654e-05	35.7962070117757	0.999981254308417
30.375	9.5	0.999854854843262	0.799744590771362	-5.7128527110446e-05	35.5962751961434	0.999984034032759
30.625	9.5	0.999876468996419	0.799751516955843	-5.96718340454922e-05	35.3963411009511	0.999986411589606
30.875	9.5	0.999894934018008	0.799758167096139	-6.19640036992546e-05	35.1964048715576	0.999988442741981
31.125	9.5	0.999910691409653	0.799764555938077	-6.40212140506311e-05	34.9964666391281	0.999990176055062
31.375	9.5	0.999924124697535	0.79977069728488	-6.58587265300189e-05	34.7965265222324	0.999991653716729
31.625	9.5	0.999935566229145	0.799776604064925	-6.74909344757363e-05	34.5965846282676	0.999992912285206
31.875	9.5	0.999945303331515	0.799782288393806	-6.89314085352063e-05	34.3966410547229	0.999993983366467
32.125	9.5	0.999953583861442	0.799787761631952	-7.01929394435666e-05	34.1966958903011	0.999994894224759
32.375	9.5	0.999960621182496	0.799793034437539	-7.12875784756033e-05	33.9967492159104	0.999995668330075
32.625	9.5	0.999966598606716	0.799798116815498	-7.22266758651814e-05	33.7968011055406	0.999996325846739
32.875	9.5	0.999971673340467	0.799803018163021	-7.30209173463126e-05	33.5968516270349	0.999996884067451
33.125	9.5	0.999975979974697	0.799807747311185	-7.36803590765994e-05	33.3969008427704	0.999997357797217
33.375	9.5	0.99997963355943	0.799812312564065	-7.42144609099027e-05	33.1969488102552	0.999997759691537
33.625	9.5	0.999982732301483	0.799816721734722	-7.46321182506977e-05	32.9969955826537	0.999998100553163
33.875	9.5	0.999985359922835	0.799820982178249	-7.49416924665896e-05	32.7970412092482	0.999998389591512
34.125	9.5	0.99998758771511	0.799825100823013	-7.51510399248365e-05	32.5970857358432	0.999998634648662
34.375	9.5	0.99998947632344	0.799829084199062	-7.526753977424e-05	32.3971292051208	0.999998842395578
34.625	9.5	0.999991077290614	0.799832938464762	-7.52981203778997e-05	32.197171656953	0.999999018501968
34.875	9.5	0.999992434389854	0.799836669431269	-7.52492845482058e-05	31.9972131286759	0.999999167782884
35.125	9.5	0.999993584772051	0.799840282585524	-7.51271335887563e-05	31.7972536553303	0.999999294324926
35.375	9.5	0.999994559950916	0.799843783111219	-7.49373901398984e-05	31.5972932698747	0.999999401594601
35.625	9.5	0.99999538664696	0.799847175908563	-7.46854198726041e-05	31.3973320033719	0.999999492531166
35.875	9.5	0.999996087509113	0.799850465612347	-7.43762521242165e-05	31.1973698851548	0.999999569626002
36.125	9.5	0.999996681730524	0.799853656608957	-7.40145994089826e-05	30.9974069429727	0.999999634990358
36.375	9.5	0.999997185573247	0.799856753051979	-7.36048759623343e-05	30.7974432031211	0.999999690413057
36.625	9.5	0.999997612814597	0.799859758876778	-7.31512152275466e-05	30.597478690557	0.999999737409606
36.875	9.5	0.999997975126445	0.79986267781401	-7.26574864388853e-05	30.3975134290022	0.999999777263909
37.125	9.5	0.999998282397145	0.799865513402249	-7.21273102560421e-05	30.1975474410351	0.999999811063686
37.375	9.5	0.999998543004554	0.799868268999581	-7.15640735603508e-05	29.9975807481731	0.999999839730501
37.625	9.5	0.999998764047397	0.799870947794574	-7.09709433870275e-05	29.797613370947	0.999999864045214
37.875	9.5	0.999998951541242	0.799873552816375	-7.03508800651397e-05	29.5976453289678	0.999999884669537
38.125	9.5	0.999999110584416	0.799876086944075	-6.97066496396261e-05	29.397676640987	0.999999902164286
38.375	9.5	0.999999245498437	0.799878552915649	-6.90408355309691e-05	29.1977073249516	0.999999917004828
38.625	9.5	0.999999359946876	0.799880953335932	-6.83558495369909e-05	28.9977373980543	0.999999929594156
38.875	9.5	0.999999457035939	0.79988329068452	-6.76539422038195e-05	28.7977668767786	0.999999940273953
39.125	9.5	0.999999539399585	0.799885567322662	-6.6937212573099e-05	28.5977957769404	0.999999949333954
39.375	9.5	0.999999609271579	0.799887785500174	-6.6207617364453e-05	28.3978241137268	0.999999957019874
39.625	9.5	0.999999668546498	0.79988994736144	-6.54669796130126e-05	28.1978519017308	0.999999963540115
39.875	9.5	0.99999971883136	0.799892054951472	-6.47169968031159e-05	27.9978791549837	0.99999996907145
40.125	9.5	0.999999761489382	0.799894110221174	-6.39592485180824e-05	27.7979058869853	0.999999973763832
40.375	9.5	0.999999797677023	0.799896115032649	-6.31952036445838e-05	27.5979321107316	0.999999977744473
40.625	9.5	0.99999982837539	0.799898071163798	-6.24262271318979e-05	27.3979578387405	0.999999981121293
40.875	9.5	0.999999854416849	0.799899980313026	-6.16535863879032e-05	27.1979830830758	0.999999983985853
41.125	9.5	0.999999876507589	0.799901844103302	-6.08784572582846e-05	26.9980078553696	0.999999986415835
41.375	9.5	0.999999895246756	0.799903664086201	-6.01019296751899e-05	26.7980321668431	0.999999988477143
41.625	9.5	0.999999911142671	0.799905441745616	-5.93250129653762e-05	26.5980560283263	0.999999990225694
41.875	9.5	0.9999999246266	0.799907178501293	-5.85486408545737e-05	26.3980794502761	0.999999991708926
42.125	9.5	0.999999936064428	0.799908875712074	-5.77736761607875e-05	26.1981024427936	0.999999992967087
42.375	9.5	0.999999945766563	0.799910534679009	-5.7000915221197e-05	25.9981250156403	0.999999994034322
42.625	9.5	0.999999953996345	0.799912156648341	-5.6231092064852e-05	25.7981471782532	0.999999994939598
42.875	9.5	0.999999960977174	0.799913742814171	-5.54648823195598e-05	25.5981689397588	0.999999995707489
43.125	9.5	0.999999966898573	0.799915294321099	-5.47029069081926e-05	25.3981903089873	0.999999996358843
43.375	9.5	0.999999971921307	0.799916812266672	-5.39457355221127e-05	25.1982112944847	0.999999996911344
43.625	9.5	0.999999976181758	0.799918297703692	-5.31938898851052e-05	24.9982319045253	0.999999997379993
43.875	9.5	0.999999979795613	0.799919751642383	-5.24478468356013e-05	24.7982521471228	0.999999997777517
44.125	9.5	0.999999982861	0.799921175052435	-5.17080412136856e-05	24.5982720300411	0.99999999811471
44.375	9.5	0.999999985461166	0.799922568864984	-5.09748685949212e-05	24.3982915608048	0.999999998400728
44.625	9.5	0.999999987666714	0.799923933974431	-5.02486878541757e-05	24.1983107467086	0.999999998643339
44.875	9.5	0.99999998953754	0.799925271240174	-4.95298235827716e-05	23.9983295948268	0.999999998849129
45.125	9.5	0.999999991124446	0.799926581488224	-4.88185683440199e-05	23.7983481120218	0.999999999023689
45.375	9.5	0.999999992470521	0.79992786551285	-4.8115184844513e-05	23.5983663049526	0.999999999171757
45.625	9.5	0.999999993612318	0.799929124077909	-4.74199079144882e-05	23.3983841800826	0.999999999297355
45.875	9.5	0.999999994580838	0.799930357918342	-4.67329464371743e-05	23.1984017436872	0.999999999403892
46.125	9.5	0.999999995402383	0.799931567741462	-4.60544851007408e-05	22.9984190018611	0.999999999494262
46.375	9.5	0.999999996099257	0.799932754228191	-4.53846860955087e-05	22.7984359605249	0.999999999570918
46.625	9.5	0.999999996690379	0.799933918034195	-4.47236906943971e-05	22.5984526254316	0.999999999635942
46.875	9.5	0.999999997191801	0.799935059791123	-4.40716207301207e-05	22.3984690021733	0.999999999691098
47.125	9.5	0.999999997617135	0.799936180107519	-4.34285799973929e-05	22.1984850961866	0.999999999737885
47.375	9.5	0.999999997977927	0.79993727956989	-4.27946555772795e-05	21.9985009127586	0.999999999777572
47.625	9.5	0.999999998283972	0.799938358743689	-4.21699190687286e-05	21.7985164570321	0.999999999811237
47.875	9.5	0.99999999854358	0.79993941817414	-4.15544277433444e-05	21.5985317340111	0.999999999839794
48.125	9.5	0.999999998763798	0.799940458387131	-4.09482256641378e-05	21.3985467485654	0.999999999864018
48.375	9.5	0.9999999989506	0.799941479889987	-4.03513446988902e-05	21.1985615054358	0.999999999884566
48.625	9.5	0.999999999109061	0.799942483172271	-3.97638054906649e-05	20.9985760092381	0.999999999901997
48.875	9.5	0.999999999243482	0.799943468706467	-3.91856183742478e-05	20.7985902644682	0.999999999916783
49.125	9.5	0.999999999357511	0.79994443694867	-3.86167842377933e-05	20.5986042755054	0.999999999929326
49.375	9.5	0.999999999454242	0.799945388339212	-3.80572953053921e-05	20.3986180466173	0.999999999939967
49.625	9.5	0.999999999536299	0.799946323303285	-3.75071359213775e-05	20.198631581963	0.999999999948993
49.875	9.5	0.999999999605909	0.799947242251547	-3.69662832479389e-05	19.9986448855975	0.99999999995665
50.125	9.5	0.999999999664963	0.799948145580548	-3.64347079299681e-05	19.7986579614744	0.999999999963146
50.375	9.5	0.999999999715059	0.799949033673371	-3.59123747292661e-05	19.5986708134501	0.999999999968657
50.625	9.5	0.999999999757561	0.799949906900015	-3.53992431061921e-05	19.398683445287	0.999999999973332
50.875	9.5	0.999999999793617	0.799950765617869	-3.48952677759783e-05	19.1986958606562	0.999999999977298
51.125	9.5	0.99999999982421	0.799951610172115	-3.44003992222131e-05	18.9987080631413	0.999999999980663
51.375	9.5	0.999999999850168	0.799952440896136	-3.39145841932276e-05	18.7987200562409	0.999999999983518
51.625	9.5	0.99999999987219	0.799953258111868	-3.34377661337887e-05	18.5987318433719	0.999999999985941
51.875	9.5	0.999999999890876	0.799954062130141	-3.29698856269483e-05	18.3987434278718	0.999999999987996
52.125	9.5	0.999999999906732	0.799954853250969	-3.25108807866925e-05	18.1987548130021	0.99999999998974
52.375	9.5	0.999999999920185	0.799955631763827	-3.20606876237623e-05	17.9987660019503	0.99999999999122
52.625	9.5	0.999999999931603	0.799956397947935	-3.16192403755948e-05	17.798776997833	0.999999999992476
52.875	9.5	0.999999999941293	0.79995715207247	-3.1186471856671e-05	17.5987878036984	0.999999999993542
53.125	9.5	0.999999999949521	0.799957894396821	-3.07623137118772e-05	17.3987984225282	0.999999999994447
53.375	9.5	0.999999999956502	0.799958625170635	-3.03466967229643e-05	17.1988088572409	0.999999999995215
53.625	9.5	0.999999999962428	0.79995934463418	-2.99395510258858e-05	16.9988191106935	0.999999999995867
53.875	9.5	0.99999999996746	0.799960053018277	-2.95408063447095e-05	16.7988291856844	0.999999999996421
54.125	9.5	0.999999999971736	0.799960750544537	-2.91503922028885e-05	16.5988390849551	0.999999999996891
54.375	9.5	0.999999999975369	0.799961437425404	-2.87682380819772e-05	16.398848811193	0.999999999997291
54.625	9.5	0.999999999978451	0.799962113864203	-2.83942735921538e-05	16.1988583670338	0.99999999999763
54.875	9.5	0.999999999981069	0.799962780055143	-2.80284285902072e-05	15.998867755063	0.999999999997918
55.125	9.5	0.999999999983295	0.799963436183442	-2.76706332900455e-05	15.798876977819	0.999999999998162
55.375	9.5	0.999999999985187	0.799964082425141	-2.73208183513473e-05	15.598886037795	0.999999999998371
55.625	9.5	0.999999999986795	0.799964718947176	-2.69789149223573e-05	15.3988949374413	0.999999999998547
55.875	9.5	0.999999999988163	0.799965345907263	-2.6644854669834e-05	15.1989036791675	0.999999999998698
56.125	9.5	0.999999999989327	0.799965963453769	-2.63185697741589e-05	14.9989122653452	0.999999999998826
56.375	9.5	0.999999999990319	0.799966571725643	-2.59999928916125e-05	14.7989206983099	0.999999999998935
56.625	9.5	0.999999999991164	0.799967170852191	-2.56890570822447e-05	14.5989289803634	0.999999999999028
56.875	9.5	0.999999999991885	0.79996776095293	-2.53856956962098e-05	14.3989371137767	0.999999999999107
57.125	9.5	0.999999999992499	0.799968342137352	-2.50898422266602e-05	14.198945100792	0.999999999999175
57.375	9.5	0.999999999993024	0.799968914504692	-2.48014301062594e-05	13.9989529436254	0.999999999999233
57.625	9.5	0.999999999993472	0.799969478143624	-2.45203924544877e-05	13.7989606444695	0.999999999999282
57.875	9.5	0.999999999993856	0.799970033131974	-2.42466617783708e-05	13.5989682054961	0.999999999999324
58.125	9.5	0.999999999994186	0.799970579536431	-2.39801696026759e-05	13.3989756288588	0.999999999999361
58.375	9.5	0.99999999999447	0.799971117412103	-2.37208460282679e-05	13.1989829166962	0.999999999999392
58.625	9.5	0.999999999994713	0.799971646802225	-2.34686192280399e-05	12.9989900711343	0.999999999999418
58.875	9.5	0.999999999994923	0.799972167737686	-2.32234148419975e-05	12.7989970942899	0.999999999999442
59.125	9.5	0.999999999995107	0.799972680236666	-2.29851552963489e-05	12.5990039882739	0.999999999999462
59.375	9.5	0.999999999995266	0.799973184304197	-2.27537589958463e-05	12.3990107551938	0.999999999999479
59.625	9.5	0.999999999995406	0.799973679931691	-2.25291394369487e-05	12.1990173971579	0.999999999999495
59.875	9.5	0.999999999995528	0.799974167096548	-2.23112041499747e-05	11.9990239162782	0.999999999999508
60.125	9.5	0.999999999995637	0.79997464576169	-2.20998535430218e-05	11.7990303146742	0.99999999999952
60.375	9.5	0.999999999995732	0.799975115875215	-2.18949795656264e-05	11.5990365944764	0.999999999999531
60.625	9.5	0.999999999995816	0.799975577369955	-2.16964642188607e-05	11.3990427578304	0.99999999999954
60.875	9.5	0.999999999995891	0.79997603016323	-2.15041778750022e-05	11.1990488069003	0.999999999999548
61.125	9.5	0.999999999995959	0.799976474156566	-2.13179774056583e-05	10.9990547438727	0.999999999999555
61.375	9.5	0.999999999996022	0.799976909235533	-2.1137704073154e-05	10.7990605709613	0.999999999999562
61.625	9.5	0.999999999996081	0.79997733526979	-2.09631812207248e-05	10.5990662904098	0.999999999999569
61.875	9.5	0.999999999996139	0.799977752113118	-2.0794211680429e-05	10.399071904497	0.999999999999575
62.125	9.5	0.999999999996198	0.799978159603837	-2.06305749306552e-05	10.19907741554	0.999999999999582
62.375	9.5	0.999999999996255	0.799978557565318	-2.047202397442e-05	9.99908282589805	0.999999999999588
62.625	9.5	0.999999999996315	0.799978945806886	-2.03182819145168e-05	9.7990881379767	0.999999999999595
62.875	9.5	0.999999999996378	0.799979324124981	-2.01690382285903e-05	9.5990933542307	0.999999999999602
63.125	9.5	0.999999999996441	0.799979692304837	-2.00239447374616e-05	9.39909847716724	0.999999999999608
63.375	9.5	0.999999999996497	0.799980050122577	-1.98826112641733e-05	9.19910350934848	0.999999999999615
63.625	9.5	0.999999999996543	0.799980397347932	-1.9744600989836e-05	8.99910845339356	0.99999999999962
63.875	9.5	0.999999999996572	0.79998073374761	-1.96094255364387e-05	8.79911331197979	0.999999999999623
64.125	9.5	0.999999999996586	0.799981059089473	-1.94765397929836e-05	8.59911808784295	0.999999999999624
64.375	9.5	0.999999999996597	0.799981373147599	-1.93453365498996e-05	8.39912278377642	0.999999999999626
64.625	9.5	0.999999999996632	0.799981675708353	-1.92151409904948e-05	8.19912740262893	0.99999999999963
64.875	9.5	0.999999999996728	0.799981966577607	-1.90852051446422e-05	7.99913194730071	0.99999999999964
65.125	9.5	0.999999999996929	0.799982245589279	-1.89547024188589e-05	7.79913642073755	0.999999999999662
65.375	9.5	0.999999999997251	0.799982512615263	-1.88227223537624e-05	7.5991408259227	0.999999999999698
65.625	9.5	0.999999999997657	0.799982767576936	-1.86882658030656e-05	7.39914516586604	0.999999999999742
65.875	9.5	0.999999999998025	0.799983010458332	-1.85502407732202e-05	7.19914944359011	0.999999999999783
66.125	9.5	0.999999999998157	0.799983241321159	-1.84074592056969e-05	6.99915366211279	0.999999999999797
66.375	9.5	0.999999999997839	0.799983460321648	-1.82586350628188e-05	6.79915782442579	0.999999999999762
66.625	9.5	0.999999999997007	0.799983667729356	-1.81023841097112e-05	6.59916193346888	0.999999999999671
66.875	9.5	0.999999999995952	0.799983863947889	-1.7937225885914e-05	6.39916599209901	0.999999999999555
67.125	9.5	0.999999999995503	0.799984049537454	-1.77615884056384e-05	6.19917000305411	0.999999999999505
67.375	9.5	0.999999999996975	0.799984225239079	-1.75738162078173e-05	5.99917396891102	0.999999999999667
67.625	9.5	1.00000000000162	0.799984392000211	-1.73721824333672e-05	5.7991778920371	1.00000000000018
67.875	9.5	1.00000000000944	0.799984551001265	-1.71549056670733e-05	5.59918177453542	1.00000000000104
68.125	9.5	1.00000000001746	0.799984703682563	-1.69201723084554e-05	5.39918561818313	1.00000000000192
68.375	9.5	1.00000000001833	0.799984851770788	-1.66661652821673e-05	5.19918942436326	1.00000000000202
68.625	9.5	1.00000000000068	0.799984997304029	-1.6391099826304e-05	4.99919319398998	1.00000000000007
68.875	9.5	0.999999999953413	0.799985142653985	-1.60932670981023e-05	4.79919692742777	0.999999999994875
69.125	9.5	0.999999999875661	0.79998529054384	-1.57710861642784e-05	4.59920062440543	0.999999999986323
69.375	9.5	0.999999999791623	0.799985444059822	-1.54231647894619e-05	4.3992042839259	0.999999999977079
69.625	9.5	0.999999999764853	0.799985606654316	-1.50483690836855e-05	4.19920790417381	0.999999999974134
69.875	9.5	0.999999999899677	0.799985782138131	-1.46459017118001e-05	3.99921148242313	0.999999999988964
70.125	9.5	1.00000000031163	0.799985974659551	-1.42153877327147e-05	3.79921501494848	1.00000000003428
70.375	9.5	1.00000000104971	0.799986188667848	-1.37569664867417e-05	3.59921849694461	1.00000000011547
70.625	9.5	1.00000000196857	0.799986428859081	-1.32713870332599e-05	3.39922192245937	1.00000000021654
70.875	9.5	1.00000000258554	0.799986700102403	-1.27601036982209e-05	3.19922528434587	1.00000000028441
71.125	9.5	1.00000000201363	0.799987007345093	-1.22253672392614e-05	2.99922857423863	1.0000000002215
71.375	9.5	0.999999999120511	0.799987355494461	-1.16703061040071e-05	2.79923178255616	0.999999999903256
71.625	9.5	0.999999993081935	0.79998774927452	-1.10989912992449e-05	2.59923489852915	0.999999999239013
71.875	9.5	0.999999984412969	0.799988193055381	-1.05164775854283e-05	2.39923791025037	0.999999998285427
72.125	9.5	0.999999976304132	0.799988690654651	-9.92881309420952e-06	2.19924080474281	0.999999997393454
72.375	9.5	0.999999975641422	0.799989245114461	-9.34300910742022e-06	1.99924356805005	0.999999997320556
72.625	9.5	0.999999992542793	0.799989858466299	-8.76696170037326e-06	1.79924618537104	0.999999999179707
72.875	9.5	1.00000003688348	0.799990531509235	-8.20931752173561e-06	1.59924864128845	1.00000000405718
73.125	9.5	1.0000001106072	0.799991263642705	-7.67927757626483e-06	1.39925092016718	1.00000001216679
73.375	9.5	1.00000019624009	0.799992052805586	-7.18633632966998e-06	1.19925300680467	1.00000002158641
73.625	9.5	1.00000024535048	0.799992895566613	-6.73995973921534e-06	0.999254887365236	1.00000002698855
73.875	9.5	1.00000017539732	0.799993787371919	-6.34921577090527e-06	0.799256550492912	1.00000001929371
74.125	9.5	0.999999887732884	0.799994722873361	-6.02238441265274e-06	0.599257988260733	0.999999987650617
74.375	9.5	0.999999319844673	0.79999569622117	-5.76658884813518e-06	0.39925919632731	0.999999925182914
74.625	9.5	0.999998536069916	0.799996929298087	-5.58750101550314e-06	0.199260172441023	0.999999838967691
74.875	9.5	0.99999783816134	0.399997057131965	-5.49268259183039e-06	-0.00073920182120182	0.999999762197747
0.125	10.5	-4.90244225819166e-07	0.399980693932244	0.000221929873076339	58.6060871857946	0.889999946073135
0.375	10.5	-7.35731979214077e-06	0.799942381699711	0.000221135441232072	58.4280957877801	0.889999190694823
0.625	10.5	-2.21914742510725e-05	0.799903826806864	0.000219539823780824	58.2501131496386	0.889997558937832
0.875	10.5	-4.57770975183747e-05	0.799864774874482	0.000217127034860506	58.0721395611612	0.889994964519273
1.125	10.5	-7.73290191706306e-05	0.799825087510198	0.000213875665784581	57.894175338675	0.889991493807891
1.375	10.5	-0.000113337790598162	0.799784570442058	0.0002097593760687	57.716220798957	0.889987532843034
1.625	10.5	-0.000146499057014999	0.799743011447791	0.000204748213083055	57.5382761903541	0.889983885103728
1.875	10.5	-0.000164816910665497	0.799700175321445	0.000198810290545877	57.3603416027576	0.889981870139827
2.125	10.5	-0.000151008828280488	0.799655799373461	0.000191913720263134	57.1824168615704	0.889983389028889
2.375	10.5	-8.23359576874896e-05	0.799609590149294	0.000184028657896401	57.0045014135752	0.889990943044655
2.625	10.5	6.90506326791772e-05	0.799561221741813	0.000175129298418364	56.8265942149784	0.890007595569595
2.875	10.5	0.000335210290939574	0.799510335746605	0.000165195649740913	56.64869363335	0.890036873132003
3.125	10.5	0.000750985699694912	0.799456542579404	0.000154214924721632	56.4707973753585	0.890082608426966
3.375	10.5	0.00135213787321198	0.799399423573553	0.000142182419950479	56.292902450992	0.890148735166053
3.625	10.5	0.00217318688541238	0.799338533055223	0.000129101787391189	56.1150051824798	0.890239050557395
3.875	10.5	0.00324513969456281	0.799273399471777	0.000114984643553875	55.9371012626372	0.890356965366402
4.125	10.5	0.00459330396146723	0.799203524638565	9.98494939202774e-05	55.7591858632707	0.890505263435761
4.375	10.5	0.00623538389837279	0.799128380244419	8.37199748948296e-05	55.5812537900315	0.890685892228821
4.625	10.5	0.00818003366016154	0.799047400890901	6.66224333675731e-05	55.403299676108	0.890899803702618
4.875	10.5	0.0104260101367647	0.798959973103333	4.85828805578954e-05	55.2253182037502	0.891146861115044
5.125	10.5	0.0129620253607729	0.798865419920134	2.96233811509935e-05	55.0473043400354	0.891425822789685
5.375	10.5	0.0157673538753755	0.798762980838942	9.75797634669936e-06	54.8692535716473	0.891734408926291
5.625	10.5	0.0188132062126532	0.798651787081003	-1.10117037870952e-05	54.6911621227635	0.892069452683392
5.875	10.5	0.0220648390868553	0.798530832345704	-3.27009082826266e-05	54.5130271403788	0.892427132299554
6.125	10.5	0.0254843383193916	0.798398939483997	-5.53459936378437e-05	54.3348468324077	0.892803277215133
6.375	10.5	0.0290339838707553	0.798254723834097	-7.90079958775074e-05	54.1566205455575	0.893193738225783
6.625	10.5	0.0326800896073988	0.79809655433676	-0.000103775037592937	53.9783487720168	0.893594809856814
6.875	10.5	0.0363972055814764	0.797922513989013	-0.000129762987601204	53.8000330762266	0.894003692613962
7.125	10.5	0.0401725797455199	0.797730361704748	-0.000157113752626048	53.621675935084	0.894418983772007
7.375	10.5	0.0440108011450616	0.797517498256933	-0.000185990595790489	53.443280486538	0.894841188125957
7.625	10.5	0.0479385894966712	0.797280939730124	-0.000216569960371915	53.2648501822709	0.895273244844634
7.875	10.5	0.052009757792685	0.797017302901865	-0.000249029438401452	53.0863883395893	0.895721073357195
8.125	10.5	0.056310454822476	0.796722808325034	-0.000283531756795511	52.9078975852861	0.896194150030472
8.375	10.5	0.0609648895493279	0.79639330875337	-0.000320204937455518	52.729379179617	0.896706137850426
8.625	10.5	0.0661418382787207	0.79602435308355	-0.000359119078949953	52.5508322012723	0.897275602210659
8.875	10.5	0.0720623136992552	0.795611299228823	-0.000400260444844681	52.3722525642619	0.897926854506918
9.125	10.5	0.079008781752451	0.795149493118985	-0.000443503648806854	52.1936318256487	0.89869096599277
9.375	10.5	0.087336154125387	0.794634534710956	-0.000488582609904068	52.0149557312629	0.899606976953793
9.625	10.5	0.0974843002012501	0.794062654184154	-0.000535060524992159	51.8362024399136	0.900723273022138
9.875	10.5	0.1099907629409	0.793431220291259	-0.000582298305950209	51.6573403748755	0.902098983923499
10.125	10.5	0.125500395603192	0.792739395688785	-0.000629419789007068	51.4783256911391	0.903805043516351
10.375	10.5	0.144765440898102	0.791988939767704	-0.000675270813751768	51.2990994429124	0.905924198498791
10.625	10.5	0.168625151855433	0.791185140839033	-0.000718368772331132	51.1195847184465	0.908548766704098
10.875	10.5	0.197949396430292	0.79033784488801	-0.000756841103749405	50.9396843009885	0.911774433607332
11.125	10.5	0.233528823130097	0.789462543593897	-0.000788358175150136	50.7592797980553	0.915688170544311
11.375	10.5	0.275900941772324	0.788581464781989	-0.000810081090347434	50.5782335449108	0.920349103594956
11.625	10.5	0.325124111308825	0.787724478454463	-0.0008186686517575	50.3963946759954	0.925763652243971
11.875	10.5	0.380551845555097	0.786929260937334	-0.000810412354321696	50.2136101998962	0.931860703011061
12.125	10.5	0.440703034169894	0.786239627151872	-0.000781573468825283	50.0297404488917	0.938477333758688
12.375	10.5	0.503332637810094	0.785700857254495	-0.000728954072105096	49.8446761654601	0.94536659015911
12.625	10.5	0.565745680136276	0.785352054248424	-0.000650632751244888	49.6583527787958	0.95223202481499
12.875	10.5	0.625277404599465	0.785217846664634	-0.000546671269991303	49.470757477115	0.958780514505941
13.125	10.5	0.679764052064149	0.785303117105996	-0.000419532823036116	49.2819269933452	0.964774045727056
13.375	10.5	0.72783396823626	0.785593135557539	-0.000274015828538371	49.0919374444722	0.970061736505989
13.625	10.5	0.768953157640198	0.786058453485471	-0.000116684754086117	48.9008900727774	0.974584847340422
13.875	10.5	0.803277017097539	0.786661818341137	4.50311753906025e-05	48.708897115594	0.978360471880729
14.125	10.5	0.831415400967629	0.787364444389843	0.000203806103307497	48.516070658945	0.981455694106439
14.375	10.5	0.854204629105698	0.788130320590138	0.000353217632647051	48.322515457023	0.983962509201627
14.625	10.5	0.872535703269583	0.788928486464381	0.0004882510200814	48.1283253151047	0.985978927359654
14.875	10.5	0.887248401739517	0.789733800461239	0.000605493153557407	47.9335820256735	0.987597324191347
15.125	10.5	0.899079402337789	0.790526798660573	0.000703077775692323	47.7383558211012	0.988898734257157
15.375	10.5	0.908646505545176	0.791293096977855	0.000780472509297237	47.5427065504554	0.989951115609969
15.625	10.5	0.916453174600795	0.79202262017401	0.000838193061581697	47.3466850791168	0.990809849206088
15.875	10.5	0.922902335715843	0.792708814138657	0.000877508066723461	47.1503346441053	0.991519256928743
16.125	10.5	0.928312816011289	0.79334791871313	0.000900172995333856	46.9536920520218	0.992114409761242
16.375	10.5	0.932935011295104	0.793938333175872	0.00090821082957045	46.756788693135	0.992622851242462
16.625	10.5	0.936964378792939	0.794480082176679	0.000903743167210916	46.559651386114	0.993066081667223
16.875	10.5	0.940552451488334	0.794974377519911	0.000888867558337746	46.3623030821379	0.993460769663717
17.125	10.5	0.943815593787256	0.795423265534816	0.000865573522557208	46.1647634577265	0.993819715316598
17.375	10.5	0.946841907502486	0.795829347856296	0.000835689089935059	45.967049420574	0.994152609825273
17.625	10.5	0.94969671321136	0.796195563547621	0.000800850490130384	45.7691755462459	0.99446663845325
17.875	10.5	0.952426970813892	0.796525021600565	0.000762488896125388	45.5711544578522	0.994766966789528
18.125	10.5	0.955064917867596	0.796820874342646	0.000721829430978995	45.3729971564873	0.995057140965436
18.375	10.5	0.957631122052624	0.797086223819539	0.000679898758121164	45.1747133074075	0.995339423425789
18.625	10.5	0.960137076749848	0.797324054617095	0.000637538449013761	44.9763114853683	0.995615078442483
18.875	10.5	0.96258741954117	0.797537187778367	0.000595421980428573	44.777799381918	0.995884616149529
19.125	10.5	0.964981821365717	0.797728251440012	0.000554073709600566	44.5791839774135	0.996148000350229
19.375	10.5	0.967316575924416	0.797899664589882	0.000513888556870192	44.3804716807754	0.996404823351686
19.625	10.5	0.969585910902331	0.798053630968979	0.000475151432004525	44.1816684403461	0.996654450199256
19.875	10.5	0.97178304101892	0.798192140645692	0.000438055695229036	43.9827798294824	0.996896134512081
20.125	10.5	0.973900984765431	0.798316977209852	0.000402720161017474	43.7838111106525	0.997129108324197
20.375	10.5	0.975933169667865	0.798429728892103	0.000369204337533928	43.5847672817718	0.997352648663465
20.625	10.5	0.977873853529157	0.798531802227542	0.000337521748913955	43.3856531083253	0.997566123888207
20.875	10.5	0.979718390546266	0.798624437156494	0.000307651311755212	43.1864731445127	0.997769022960089
21.125	10.5	0.981463371185567	0.798708722697394	0.000279546832439442	42.9872317462561	0.997960970830412
21.375	10.5	0.983106663313769	0.798785612537863	0.000253144758966818	42.7879330784753	0.998141732964515
21.625	10.5	0.984647379608849	0.798855940069178	0.000228370364333056	42.5885811185947	0.998311211756973
21.875	10.5	0.9860857930882	0.798920432540018	0.000205142560207093	42.3891796578239	0.998469437239702
22.125	10.5	0.987423219059343	0.798979724127876	0.000183377545482286	42.1897323013813	0.998616554096528
22.375	10.5	0.988661878237849	0.799034367823154	0.000162991487473873	41.9902424685004	0.998752806606163
22.625	10.5	0.98980475242536	0.799084846093024	0.000143902418574515	41.7907133927915	0.99887852276679
22.875	10.5	0.990855441153087	0.799131580347397	0.000126031511239529	41.5911481233163	0.99899409852684
23.125	10.5	0.991818025153721	0.799174939264888	0.000109303871737186	41.3915495265681	0.999099982766909
23.375	10.5	0.992696940454741	0.79921524605981	9.36489710049437e-05	41.1919202894281	0.999196663450022
23.625	10.5	0.993496865261017	0.799252784785396	7.90008092256337e-05	40.992262923085	0.999284655178712
23.875	10.5	0.994222620577364	0.799287805772239	6.52978917509969e-05	40.7925797678453	0.99936448826351
24.125	10.5	0.994879084648354	0.799320530300909	5.24830770884521e-05	40.5928729987313	0.999436699311319
24.375	10.5	0.99547112069985	0.799351154603696	4.05033433498049e-05	40.3931446317413	0.999501823276983
24.625	10.5	0.996003517093921	0.79937985328328	2.93095080053952e-05	40.1933965306449	0.999560386880331
24.875	10.5	0.996480938800652	0.79940678222796	1.88559262092851e-05	39.9936304141835	0.999612903268072
25.125	10.5	0.996907889000831	0.799432081095809	9.10018562846677e-06	39.7938478635578	0.999659867790091
25.375	10.5	0.997288679624937	0.799455875429631	2.80997595253545e-09	39.5940503300886	0.999701754758743
25.625	10.5	0.997627409677676	0.799478278458765	-8.4730209409794e-06	39.3942391429533	0.999739015064544
25.875	10.5	0.997927950271545	0.799499392634746	-1.6361729938899e-05	39.19441551691	0.99977207452987
26.125	10.5	0.998193935382785	0.799519310941543	-2.3695577630002e-05	38.994580559933	0.999801332892106
26.375	10.5	0.998428757438301	0.799538118015581	-3.05048734022271e-05	38.7947352806959	0.999827163318213
26.625	10.5	0.998635566936108	0.799555891105185	-3.68181625871177e-05	38.5948805958473	0.999849912362972
26.875	10.5	0.998817275390874	0.79957270089416	-4.2662391028634e-05	38.3950173370373	0.999869900292996
27.125	10.5	0.998976560978783	0.799588612211004	-4.80630486822343e-05	38.1951462576566	0.999887421707666
27.375	10.5	0.999115876330863	0.799603684641567	-5.3044294156085e-05	37.9952680392638	0.999902746396395
27.625	10.5	0.999237457992132	0.799617973060153	-5.76290622422363e-05	37.7953832976799	0.999916120379135
27.875	10.5	0.999343337125198	0.799631528091806	-6.18391563146575e-05	37.5954925887367	0.999927767083772
28.125	10.5	0.999435351092523	0.79964439651589	-6.56953277714324e-05	37.395596413672	0.999937888620178
28.375	10.5	0.999515155601668	0.799656621620657	-6.92173440882894e-05	37.1956952241691	0.999946667116183
28.625	10.5	0.999584237143424	0.799668243515526	-7.24240474670696e-05	36.9957894270431	0.999954266085777
28.875	10.5	0.999643925494142	0.799679299407487	-7.53334053538425e-05	36.795879388578	0.999960831804356
29.125	10.5	0.999695406091182	0.799689823847213	-7.79625543852421e-05	36.5959654385269	0.99996649467003
29.375	10.5	0.999739732124528	0.799699848948503	-8.03278389227277e-05	36.3960478737828	0.999971370533698
29.625	10.5	0.999777836218474	0.799709404585622	-8.2444845170019e-05	36.196126961738	0.999975561984032
29.875	10.5	0.999810541605075	0.799718518570558	-8.43284318480398e-05	35.9962029433438	0.999979159576558
30.125	10.5	0.999838572715858	0.799727216813937	-8.59927581347244e-05	35.79627603589	0.999982242998744
30.375	10.5	0.999862565140042	0.799735523470317	-8.74513094903672e-05	35.5963464355194	0.999984882165405
30.625	10.5	0.999883074916819	0.79974346107133	-8.87169219286876e-05	35.3964143194963	0.99998713824085
30.875	10.5	0.999900587145569	0.799751050646467	-8.98018050784709e-05	35.1964798482473	0.999989064586013
31.125	10.5	0.999915523911895	0.799758311834293	-9.07175643813991e-05	34.9965431671902	0.999990707630309
31.375	10.5	0.999928251539007	0.799765262984055	-9.14752226005518e-05	34.7966044083709	0.999992107669291
31.625	10.5	0.999939087183301	0.799771921249471	-9.20852409702905e-05	34.5966636919229	0.999993299590163
31.875	10.5	0.999948304800443	0.799778302674778	-9.25575398950972e-05	34.3967211273678	0.999994313528049
32.125	10.5	0.999956140513812	0.799784422274235	-9.2901519397929e-05	34.196776814769	0.999995175456519
32.375	10.5	0.999962797421185	0.799790294105584	-9.31260793515839e-05	33.9968308457562	0.99999590771633
32.625	10.5	0.999968449878062	0.799795931337711	-9.32396394308771e-05	33.796883304432	0.999996529486587
32.875	10.5	0.999973247297448	0.799801346313306	-9.32501588829096e-05	33.5969342681732	0.999997057202719
33.125	10.5	0.99997731750624	0.799806550607008	-9.31651559376033e-05	33.3969838083398	0.999997504925686
33.375	10.5	0.99998076969788	0.7998115550787	-9.29917270285264e-05	33.1970319908994	0.999997884666767
33.625	10.5	0.999983697019822	0.799816369923517	-9.27365655719278e-05	32.9970788769791	0.99999820667218
33.875	10.5	0.999986178832645	0.799821004717459	-9.2405980428726e-05	32.7971245233522	0.999998479671591
34.125	10.5	0.999988282675745	0.799825468460154	-9.20059139159079e-05	32.5971689828672	0.999998711094332
34.375	10.5	0.999990065972104	0.799829769614186	-9.15419593815968e-05	32.3972123048269	0.999998907256931
34.625	10.5	0.999991577502279	0.799833916141523	-9.10193782717686e-05	32.1972545353229	0.999999073525251
34.875	10.5	0.999992858675256	0.799837915537433	-9.04431166917089e-05	31.9972957175312	0.999999214454278
35.125	10.5	0.999993944621276	0.799841774861578	-8.98178213881599e-05	31.7973358919746	0.99999933390834
35.375	10.5	0.999994865129284	0.799845500767262	-8.91478552146045e-05	31.5973750967539	0.999999435164221
35.625	10.5	0.99999564544934	0.79984909952807	-8.84373120092391e-05	31.3974133677549	0.999999520999427
35.875	10.5	0.999996306978023	0.799852577062908	-8.76900308535168e-05	31.197450738831	0.999999593767583
36.125	10.5	0.99999686784289	0.799855938959076	-8.69096097924074e-05	30.9974872419673	0.999999655462718
36.375	10.5	0.999997343400024	0.799859190493569	-8.60994189305197e-05	30.7975229074264	0.999999707774003
36.625	10.5	0.999997746657019	0.799862336653051	-8.52626129687563e-05	30.5975577638791	0.999999752132272
36.875	10.5	0.999998088632164	0.799865382152243	-8.44021431535144e-05	30.3975918385226	0.999999789749538
37.125	10.5	0.99999837865911	0.799868331451015	-8.35207686788839e-05	30.1976251571857	0.999999821652502
37.375	10.5	0.999998624645126	0.799871188770288	-8.26210675056256e-05	29.9976577444252	0.999999848710964
37.625	10.5	0.999998833289826	0.799873958106821	-8.17054466967871e-05	29.7976896236115	0.999999871661881
37.875	10.5	0.999999010270366	0.799876643246856	-8.07761521806465e-05	29.5977208170081	0.99999989112974
38.125	10.5	0.999999160398173	0.799879247779033	-7.9835278058639e-05	29.3977513458429	0.999999907643799
38.375	10.5	0.999999287751576	0.799881775106197	-7.88847753970076e-05	29.1977812303733	0.999999921652673
38.625	10.5	0.999999395788008	0.799884228456428	-7.79264605809002e-05	28.9978104899462	0.999999933536681
38.875	10.5	0.999999487438949	0.799886610893494	-7.69620232226102e-05	28.7978391430531	0.999999943618284
39.125	10.5	0.99999956519026	0.799888925326348	-7.59930336177059e-05	28.59786720738	0.999999952170929
39.375	10.5	0.999999631150173	0.799891174518251	-7.50209498421839e-05	28.3978946998545	0.999999959426519
39.625	10.5	0.999999687106842	0.799893361094998	-7.40471244216367e-05	28.1979216366883	0.999999965581753
39.875	10.5	0.999999734577073	0.79989548755293	-7.30728106768627e-05	27.9979480334173	0.999999970803478
40.125	10.5	0.999999774847588	0.799897556266167	-7.20991686695721e-05	27.7979739049385	0.999999975233235
40.375	10.5	0.999999809009997	0.799899569493494	-7.11272708625995e-05	27.5979992655441	0.9999999789911
40.625	10.5	0.99999983799041	0.799901529384804	-7.01581074508494e-05	27.3980241289535	0.999999982178945
40.875	10.5	0.999999862574559	0.799903437987101	-6.91925913789068e-05	27.1980485083434	0.999999984883201
41.125	10.5	0.999999883429079	0.799905297250147	-6.82315630998792e-05	26.9980724163751	0.999999987177199
41.375	10.5	0.99999990111957	0.799907109031793	-6.72757950460339e-05	26.798095865221	0.999999989123153
41.625	10.5	0.9999999161259	0.799908875102865	-6.63259958686372e-05	26.5981188665888	0.999999990773849
41.875	10.5	0.9999999288552	0.799910597151955	-6.5382814425458e-05	26.3981414317441	0.999999992174072
42.125	10.5	0.999999939652879	0.799912276789675	-6.44468435302681e-05	26.1981635715326	0.999999993361817
42.375	10.5	0.99999994881198	0.799913915552898	-6.3518623518429e-05	25.9981852963993	0.999999994369318
42.625	10.5	0.999999956581111	0.799915514908581	-6.25986455849387e-05	25.7982066164086	0.999999995223922
42.875	10.5	0.999999963171177	0.799917076257378	-6.16873549356752e-05	25.5982275412612	0.999999995948829
43.125	10.5	0.999999968761091	0.799918600937188	-6.07851537637781e-05	25.3982480803117	0.99999999656372
43.375	10.5	0.99999997350263	0.799920090226282	-5.98924040655213e-05	25.1982682425841	0.999999997085289
43.625	10.5	0.999999977524545	0.799921545346422	-5.90094302535383e-05	24.9982880367871	0.9999999975277
43.875	10.5	0.999999980936047	0.799922967465737	-5.81365216789297e-05	24.7983074713282	0.999999997902965
44.125	10.5	0.999999983829782	0.799924357701386	-5.72739349488745e-05	24.5983265543273	0.999999998221276
44.375	10.5	0.99999998628433	0.799925717122164	-5.64218961583068e-05	24.3983452936292	0.999999998491276
44.625	10.5	0.999999988366347	0.799927046750924	-5.5580602948756e-05	24.198363696816	0.999999998720298
44.875	10.5	0.999999990132376	0.799928347566852	-5.47502264795837e-05	23.998381771218	0.999999998914561
45.125	10.5	0.999999991630372	0.79992962050758	-5.3930913281748e-05	23.7983995239252	0.999999999079341
45.375	10.5	0.99999999290102	0.799930866471283	-5.31227869693373e-05	23.5984169617972	0.999999999219112
45.625	10.5	0.999999993978824	0.799932086318575	-5.23259499039586e-05	23.398434091473	0.999999999337671
45.875	10.5	0.999999994893049	0.799933280874312	-5.15404846925933e-05	23.1984509193803	0.999999999438235
46.125	10.5	0.999999995668524	0.799934450929334	-5.07664556858214e-05	22.9984674517445	0.999999999523538
46.375	10.5	0.999999996326306	0.799935597242106	-5.00039102949408e-05	22.7984836945968	0.999999999595894
46.625	10.5	0.999999996884256	0.799936720540227	-4.92528802847708e-05	22.5984996537823	0.999999999657268
46.875	10.5	0.999999997357527	0.799937821521823	-4.85133829862148e-05	22.3985153349677	0.999999999709328
47.125	10.5	0.999999997758968	0.799938900857095	-4.77854224224443e-05	22.1985307436485	0.999999999753486
47.375	10.5	0.999999998099477	0.799939959189427	-4.7068990358392e-05	21.9985458851556	0.999999999790942
47.625	10.5	0.999999998388306	0.79994099713672	-4.63640673098341e-05	21.7985607646622	0.999999999822714
47.875	10.5	0.999999998633297	0.799942015292571	-4.5670623489396e-05	21.59857538719	0.999999999849663
48.125	10.5	0.999999998841102	0.799943014227253	-4.49886196625908e-05	21.3985897576152	0.999999999872521
48.375	10.5	0.999999999017364	0.799943994488916	-4.43180079922098e-05	21.1986038806739	0.99999999989191
48.625	10.5	0.999999999166872	0.799944956604455	-4.3658732796049e-05	20.9986177609679	0.999999999908356
48.875	10.5	0.999999999293684	0.799945901080464	-4.30107312971617e-05	20.7986314029698	0.999999999922305
49.125	10.5	0.999999999401245	0.799946828404129	-4.23739342751804e-05	20.5986448110278	0.999999999934137
49.375	10.5	0.999999999492475	0.799947739044052	-4.17482667254343e-05	20.3986579893708	0.999999999944172
49.625	10.5	0.999999999569855	0.79994863345103	-4.11336484312186e-05	20.1986709421127	0.999999999952684
49.875	10.5	0.999999999635485	0.799949512058805	-4.0529994546078e-05	19.9986836732568	0.999999999959903
50.125	10.5	0.999999999691152	0.799950375284707	-3.9937216093045e-05	19.7986961866999	0.999999999966027
50.375	10.5	0.999999999738364	0.799951223530411	-3.93552204627359e-05	19.5987084862368	0.99999999997122
50.625	10.5	0.999999999778405	0.799952057182419	-3.87839118621003e-05	19.3987205755633	0.999999999975624
50.875	10.5	0.999999999812367	0.799952876612778	-3.82231917273011e-05	19.1987324582807	0.99999999997936
51.125	10.5	0.999999999841168	0.79995368217952	-3.76729591318743e-05	18.998744137899	0.999999999982528
51.375	10.5	0.999999999865593	0.799954474227223	-3.71331111255289e-05	18.7987556178404	0.999999999985215
51.625	10.5	0.999999999886307	0.799955253087464	-3.66035430959382e-05	18.5987669014425	0.999999999987494
51.875	10.5	0.999999999903872	0.7999560190793	-3.60841490564944e-05	18.3987779919617	0.999999999989426
52.125	10.5	0.999999999918768	0.799956772509638	-3.557482193384e-05	18.198788892576	0.999999999991064
52.375	10.5	0.999999999931398	0.799957513673607	-3.50754538368967e-05	17.9987996063885	0.999999999992454
52.625	10.5	0.999999999942108	0.79995824285503	-3.45859362934034e-05	17.7988101364295	0.999999999993632
52.875	10.5	0.999999999951187	0.799958960326618	-3.4106160441672e-05	17.5988204856601	0.999999999994631
53.125	10.5	0.999999999958884	0.799959666350295	-3.36360172472632e-05	17.3988306569744	0.999999999995477
53.375	10.5	0.99999999996541	0.799960361177573	-3.31753976514101e-05	17.1988406532024	0.999999999996195
53.625	10.5	0.999999999970943	0.799961045049692	-3.27241927315446e-05	16.9988504771124	0.999999999996804
53.875	10.5	0.999999999975632	0.799961718197857	-3.22822938186194e-05	16.798860131414	0.999999999997319
54.125	10.5	0.999999999979604	0.79996238084357	-3.18495925952991e-05	16.5988696187597	0.999999999997756
54.375	10.5	0.99999999998297	0.799963033198558	-3.14259811885699e-05	16.3988789417484	0.999999999998127
54.625	10.5	0.999999999985823	0.799963675465186	-3.10113522157816e-05	16.1988881029267	0.99999999999844
54.875	10.5	0.999999999988238	0.799964307836437	-3.06055988210925e-05	15.9988971047923	0.999999999998706
55.125	10.5	0.999999999990284	0.799964930496035	-3.02086146888546e-05	15.7989059497955	0.999999999998931
55.375	10.5	0.999999999992018	0.799965543618582	-2.98202940237975e-05	15.5989146403418	0.999999999999122
55.625	10.5	0.999999999993488	0.799966147369593	-2.94405315106245e-05	15.3989231787945	0.999999999999284
55.875	10.5	0.999999999994731	0.799966741905542	-2.90692222468265e-05	15.1989315674762	0.99999999999942
56.125	10.5	0.999999999995784	0.799967327373875	-2.87062616406706e-05	14.998939808672	0.999999999999536
56.375	10.5	0.999999999996675	0.799967903913042	-2.83515452784649e-05	14.7989479046308	0.999999999999634
56.625	10.5	0.999999999997428	0.799968471652496	-2.8004968767192e-05	14.5989558575684	0.999999999999717
56.875	10.5	0.999999999998066	0.799969030712621	-2.76664275287876e-05	14.398963669669	0.999999999999787
57.125	10.5	0.999999999998606	0.799969581204708	-2.73358165585969e-05	14.1989713430882	0.999999999999847
57.375	10.5	0.999999999999063	0.799970123230953	-2.70130301537601e-05	13.9989788799547	0.999999999999897
57.625	10.5	0.99999999999945	0.799970656884298	-2.66979615726987e-05	13.7989862823728	0.999999999999939
57.875	10.5	0.999999999999779	0.799971182248416	-2.63905026736959e-05	13.5989935524249	0.999999999999976
58.125	10.5	1.00000000000006	0.799971699397638	-2.60905434746396e-05	13.3990006921733	1.00000000000001
58.375	10.5	1.0000000000003	0.799972208396816	-2.57979716719596e-05	13.1990077036633	1.00000000000003
58.625	10.5	1.0000000000005	0.79997270930131	-2.5512672091931e-05	12.9990145889249	1.00000000000005
58.875	10.5	1.00000000000067	0.799973202156843	-2.52345260725675e-05	12.7990213499756	1.00000000000007
59.125	10.5	1.00000000000082	0.799973686999519	-2.49634107759092e-05	12.5990279888225	1.00000000000009
59.375	10.5	1.00000000000095	0.799974163855687	-2.46991984201775e-05	12.3990345074651	1.0000000000001
59.625	10.5	1.00000000000106	0.799974632742023	-2.44417554291462e-05	12.1990409078974	1.00000000000012
59.875	10.5	1.00000000000115	0.799975093665479	-2.41909414890228e-05	11.9990471921105	1.00000000000013
60.125	10.5	1.00000000000124	0.799975546623386	-2.39466085198536e-05	11.7990533620949	1.00000000000014
60.375	10.5	1.00000000000131	0.79997599160358	-2.37085995251395e-05	11.5990594198431	1.00000000000014
60.625	10.5	1.00000000000138	0.799976428584576	-2.34767473501811e-05	11.3990653673516	1.00000000000015
60.875	10.5	1.00000000000145	0.799976857535925	-2.32508733256253e-05	11.1990712066237	1.00000000000016
61.125	10.5	1.00000000000151	0.799977278418528	-2.30307857875647e-05	10.9990769396712	1.00000000000017
61.375	10.5	1.00000000000156	0.799977691185222	-2.28162784800212e-05	10.7990825685168	1.00000000000017
61.625	10.5	1.00000000000162	0.799978095781446	-2.26071288350123e-05	10.599088095196	1.00000000000018
61.875	10.5	1.00000000000167	0.799978492146103	-2.24030961283378e-05	10.3990935217587	1.00000000000018
62.125	10.5	1.00000000000173	0.79997888021262	-2.22039195099295e-05	10.199098850271	1.00000000000019
62.375	10.5	1.00000000000178	0.799979259910232	-2.2009315925165e-05	9.99910408281614	1.0000000000002
62.625	10.5	1.00000000000184	0.799979631165626	-2.18189779112947e-05	9.79910922149552	1.0000000000002
62.875	10.5	1.00000000000189	0.799979993904776	-2.16325713213411e-05	9.59911426842908	1.00000000000021
63.125	10.5	1.00000000000194	0.799980348055214	-2.14497329412485e-05	9.39911922575522	1.00000000000021
63.375	10.5	1.00000000000199	0.799980693548694	-2.12700680805654e-05	9.19912409563013	1.00000000000022
63.625	10.5	1.00000000000205	0.799981030324294	-2.10931481152974e-05	8.99912888022634	1.00000000000023
63.875	10.5	1.00000000000211	0.799981358332001	-2.09185080743586e-05	8.79913358173048	1.00000000000023
64.125	10.5	1.00000000000219	0.799981677536859	-2.07456442824121e-05	8.5991382023401	1.00000000000024
64.375	10.5	1.00000000000231	0.799981987923721	-2.0574012142495e-05	8.39914274425932	1.00000000000025
64.625	10.5	1.00000000000247	0.799982289502622	-2.04030241372265e-05	8.19914720969328	1.00000000000027
64.875	10.5	1.00000000000267	0.799982582314866	-2.02320481331624e-05	7.99915160084106	1.00000000000029
65.125	10.5	1.00000000000288	0.799982866439827	-2.00604061054964e-05	7.79915591988715	1.00000000000032
65.375	10.5	1.00000000000304	0.799983142002488	-1.9887373414308e-05	7.59916016899098	1.00000000000033
65.625	10.5	1.00000000000303	0.799983409181786	-1.97121787798591e-05	7.39916435027452	1.00000000000033
65.875	10.5	1.00000000000273	0.799983668219677	-1.95340051325648e-05	7.19916846580776	1.0000000000003
66.125	10.5	1.00000000000202	0.799983919430979	-1.93519915264606e-05	6.9991725175917	1.00000000000022
66.375	10.5	1.00000000000096	0.79998416321386	-1.9165236343977e-05	6.79917650753892	1.00000000000011
66.625	10.5	0.999999999999903	0.799984400060932	-1.89728020164501e-05	6.59918043745135	0.999999999999989
66.875	10.5	0.999999999999676	0.799984630570791	-1.87737215307063e-05	6.39918430899525	0.999999999999964
67.125	10.5	1.00000000000156	0.799984855459799	-1.85670069830891e-05	6.19918812367321	1.00000000000017
67.375	10.5	1.00000000000698	0.799985075573886	-1.8351660467417e-05	5.99919188279327	1.00000000000077
67.625	10.5	1.0000000000167	0.799985291900031	-1.81266875677429e-05	5.799195587435	1.00000000000184
67.875	10.5	1.00000000002941	0.799985505577053	-1.7891113718653e-05	5.59919923841291	1.00000000000323
68.125	10.5	1.00000000003997	0.799985717905186	-1.76440036751271e-05	5.39920283623723	1.0000000000044
68.375	10.5	1.00000000003843	0.799985930353944	-1.73844842536789e-05	5.19920638107256	1.00000000000423
68.625	10.5	1.00000000001106	0.799986144567551	-1.7111770469696e-05	4.99920987269485	1.00000000000122
68.875	10.5	0.999999999945751	0.799986362367191	-1.68251950620892e-05	4.7992133104472	0.999999999994033
69.125	10.5	0.999999999842963	0.799986585749221	-1.65242412956108e-05	4.59921669319547	0.999999999982726
69.375	10.5	0.999999999731193	0.799986816878414	-1.62085787438525e-05	4.39922001928459	0.999999999970431
69.625	10.5	0.999999999681072	0.799987058075263	-1.58781015668535e-05	4.19922328649679	0.999999999964918
69.875	10.5	0.999999999805627	0.799987311796502	-1.5532968546354e-05	3.99922649201363	0.999999999978619
70.125	10.5	1.00000000022895	0.799987580608076	-1.5173643866724e-05	3.79922963238402	1.00000000002518
70.375	10.5	1.00000000100679	0.799987867150166	-1.4800937287587e-05	3.5992327035011	1.00000000011075
70.625	10.5	1.00000000199827	0.79998817409416	-1.44160420230745e-05	3.39923570059122	1.00000000021981
70.875	10.5	1.00000000272368	0.799988504091709	-1.40205683011167e-05	3.19923861821805	1.0000000002996
71.125	10.5	1.00000000229841	0.799988859716047	-1.36165702970252e-05	2.99924145030322	1.00000000025283
71.375	10.5	0.999999999589469	0.799989243395263	-1.32065639336932e-05	2.79924419016271	0.999999999954842
71.625	10.5	0.99999999375802	0.79998965733657	-1.27935330032044e-05	2.59924683055396	0.999999999313382
71.875	10.5	0.999999985267835	0.799990103439726	-1.23809211258108e-05	2.39924936372626	0.999999998379462
72.125	10.5	0.999999977190077	0.799990583198172	-1.19726072105029e-05	2.19925178146678	0.999999997490908
72.375	10.5	0.99999997620035	0.79999109758911	-1.15728622205235e-05	1.99925407514294	0.999999997382038
72.625	10.5	0.999999992135022	0.79999164696051	-1.11862850953552e-05	1.79925623575962	0.999999999134852
72.875	10.5	1.00000003462622	0.799992230934157	-1.08177156530844e-05	1.59925825407746	1.00000000380888
73.125	10.5	1.00000010565055	0.799992848357136	-1.0472122557811e-05	1.39926012086662	1.00000001162156
73.375	10.5	1.00000018839582	0.799993497342876	-1.01544656175905e-05	1.19926182737725	1.00000002072354
73.625	10.5	1.00000023607004	0.799994175435385	-9.86953486081438e-06	0.999263366062526	1.0000000259677
73.875	10.5	1.000000168826	0.799994879892291	-9.62177502428431e-06	0.799264731459423	1.00000001857086
74.125	10.5	0.99999989115927	0.799995608003994	-9.41511347870275e-06	0.599265920905574	0.99999998802752
74.375	10.5	0.999999342449137	0.799996357329726	-9.25282034948656e-06	0.399266934494942	0.999999927669405
74.625	10.5	0.999998584751601	0.799997346464568	-9.1374379820177e-06	0.199267773452767	0.999999844322676
74.875	10.5	0.999997909841609	0.399997258896369	-9.07466099975908e-06	-0.000731674453328666	0.999999770082577
0.125	11.5	-3.9749611293361e-07	0.39997987820864	0.000377944779449919	58.6058216938552	0.889999956275428
0.375	11.5	-7.25772504789677e-06	0.799939933380932	0.000377928715875026	58.4278306567974	0.889999201650245
0.625	11.5	-2.21061727766793e-05	0.799899745911363	0.00037789786213865	58.2498487428182	0.889997568320995
0.875	11.5	-4.57538049325844e-05	0.79985906224663	0.000377864292058708	58.0718762424191	0.889994967081457
1.125	11.5	-7.74419881582506e-05	0.799817746168357	0.000377843819084766	57.8939134729349	0.889991481381302
1.375	11.5	-0.000113686298774702	0.799775607539286	0.000377856203600269	57.7159607520501	0.889987494507135
1.625	11.5	-0.000147202866280437	0.799732440689465	0.000377924914862145	57.5380183283797	0.889983807684709
1.875	11.5	-0.000166007968184198	0.799688019926783	0.000378076952560752	57.36008629071	0.8899817391235
2.125	11.5	-0.000152819166019652	0.799642095644194	0.00037834286935034	57.1821644610222	0.889983189891738
2.375	11.5	-8.48824149492801e-05	0.799594391740222	0.000378757148825205	57.0042522791923	0.889990662934356
2.625	11.5	6.56835535667183e-05	0.799544604766778	0.000379359098137364	56.8263486896404	0.890007225190892
2.875	11.5	0.000330987406207975	0.799492404903543	0.000380194402605443	56.6484520416508	0.890036408614683
3.125	11.5	0.000745935160063756	0.799437438534489	0.000381317458237002	56.4705600152648	0.890082052867607
3.375	11.5	0.00134635854956373	0.79937933191821	0.000382794552608129	56.2926695834488	0.890148099440452
3.625	11.5	0.0021668444625261	0.799317695232316	0.000384707909935649	56.1147770187594	0.890238352890878
3.875	11.5	0.00323844562370211	0.799252126172199	0.000387160564043617	55.9368779492439	0.890356229018607
4.125	11.5	0.00458646998758659	0.799182212292313	0.000390281978940454	55.7589674642288	0.890504511698635
4.375	11.5	0.00622854314074104	0.799107531375614	0.000394234306003266	55.5810402664034	0.890685139745482
4.625	11.5	0.00817311714150002	0.799027649273381	0.0003992191456887	55.4030908626196	0.890899042885565
4.875	11.5	0.0104185652044381	0.798942114837626	0.000405484662523414	55.2251137824344	0.891146042172488
5.125	11.5	0.0129529596500531	0.79885045174768	0.000413332872253614	55.0471038108588	0.891424825561506
5.375	11.5	0.0157545854311552	0.798752147205916	0.000423126868869886	54.8690562201565	0.891733004397427
5.625	11.5	0.0187931973065963	0.798646637649031	0.000435297679219474	54.690966984883	0.892067251703726
5.875	11.5	0.0220319884081155	0.79853329180663	0.000450350327952923	54.5128329646152	0.892423518724893
6.125	11.5	0.0254302038318893	0.798411391654217	0.000468868573731061	54.3346520398613	0.892797322421508
6.375	11.5	0.0289463067960017	0.798280112061286	0.000491517654130401	54.1564231883112	0.89318409374756
6.625	11.5	0.0325415883808317	0.79813850022712	0.000519044259557846	53.9781464906642	0.893579574721892
6.875	11.5	0.0361841062872873	0.797985456320064	0.000552272836774799	53.7998230575383	0.893980251691602
7.125	11.5	0.0398528446609837	0.797819717077228	0.000592097164900689	53.6214548711498	0.894383812912708
7.375	11.5	0.0435420070125468	0.797639844472321	0.000639465873618638	53.4430445372804	0.89478962077138
7.625	11.5	0.0472653887795642	0.797444221913081	0.000695360069121558	53.2645949442075	0.895199192765752
7.875	11.5	0.0510608262577354	0.797231060785213	0.000760760341134225	53.0861088254468	0.895616690888351
8.125	11.5	0.0549947852081272	0.796998420519183	0.000836598966520747	52.9075882219743	0.896049426372894
8.375	11.5	0.0591672345946526	0.796744245699905	0.000923690931814444	52.7290338367185	0.896508395805412
8.625	11.5	0.0637170437198062	0.796466424024034	0.00102263437039801	52.5504442692204	0.897008874809179
8.875	11.5	0.0688282307414243	0.796162869017188	0.00113366723354764	52.371815111337	0.897571105381557
9.125	11.5	0.0747374466106128	0.795831631116191	0.00125646295904798	52.193137876055	0.898221119127167
9.375	11.5	0.081743040883351	0.795471039620893	0.00138984477398585	52.0143987222075	0.898991734497169
9.625	11.5	0.0902158175379147	0.79507987559225	0.00153139857772717	51.83557693127	0.899923739929171
9.875	11.5	0.10061097528252	0.79465757159566	0.0016769726815479	51.6566430946565	0.901067207281077
10.125	11.5	0.113479484396151	0.794204428590571	0.00182007646537018	51.4775569919216	0.902482743283577
10.375	11.5	0.129474978872156	0.793721835808091	0.00195123951933994	51.2982651989793	0.904242247675937
10.625	11.5	0.149348930001802	0.793212483091791	0.00205747845769819	51.1186985835465	0.906428382300198
10.875	11.5	0.173922668494601	0.792680579512792	0.00212214204798573	50.938770045091	0.909131493534406
11.125	11.5	0.204021147558333	0.792132150095494	0.0021255411711994	50.75837314402	0.912442326231417
11.375	11.5	0.240353645695982	0.791575565392352	0.00204683990671621	50.5773825942819	0.916438901026558
11.625	11.5	0.283336611939285	0.791022492306848	0.00186754365577836	50.3956578234562	0.921167027313321
11.875	11.5	0.332879055925964	0.790489272521469	0.00157641129337192	50.213050675445	0.926616696151856
12.125	11.5	0.388189326013889	0.789998183125461	0.00117473288309771	50.0294175444852	0.932700825861528
12.375	11.5	0.44769499808711	0.789577296375442	0.000680013056600407	49.8446346965842	0.939246449789582
12.625	11.5	0.509160483460558	0.789257509619464	0.000125910904126981	49.6586137083135	0.946007653180661
12.875	11.5	0.570016535641875	0.7890665875401	-0.000442599571460297	49.4713128744265	0.952701818920606
13.125	11.5	0.627808727403641	0.789022287470382	-0.000977766035280024	49.2827411217734	0.9590589600144
13.375	11.5	0.680603116291012	0.78912784054857	-0.00143836721595202	49.0929534272629	0.964866342792011
13.625	11.5	0.727213358034486	0.789371844251572	-0.0017965791717307	48.9020396750837	0.969993469383793
13.875	11.5	0.767211842649058	0.789732045750695	-0.00204056548907709	48.7101106604081	0.974393302691396
14.125	11.5	0.800781770420365	0.790180783576133	-0.00217296125333541	48.5172848670003	0.97808599474624
14.375	11.5	0.828504160482165	0.790689912695178	-0.00220681766373165	48.3236782816099	0.981135457653038
14.625	11.5	0.851156766310562	0.791234108744026	-0.0021608683978768	48.1293979123937	0.983627244294162
14.875	11.5	0.869563751778562	0.7917924707232	-0.00205546206115891	47.9345385686943	0.985652012695642
15.125	11.5	0.884502763475591	0.792348861923164	-0.00190975170443064	47.7391819912647	0.987295303982315
15.375	11.5	0.896658848986379	0.792891519041645	-0.00174014864932668	47.5433974135234	0.988632473388502
15.625	11.5	0.906609876000615	0.793412343845372	-0.00155975395601713	47.3472428395422	0.989727086360068
15.875	11.5	0.914829920141046	0.793906134448705	-0.00137841587482456	47.150766569924	0.990631291215515
16.125	11.5	0.921701037818324	0.794369886535601	-0.00120311696184522	46.9540087100861	0.991387114160016
16.375	11.5	0.927527599879777	0.794802213530576	-0.00103848620398528	46.7570025353117	0.992028035986775
16.625	11.5	0.93255013648922	0.795202890597349	-0.000887315232858261	46.5597756707261	0.992580515013814
16.875	11.5	0.936957403322128	0.795572507540618	-0.000751018538377481	46.362351088052	0.993065314365434
17.125	11.5	0.940896361550487	0.795912209614028	-0.00063001569442829	46.1647479396621	0.993498599770554
17.375	11.5	0.944480235808876	0.796223505874088	-0.00052403452798112	45.9669822552443	0.993892825938976
17.625	11.5	0.947794986335437	0.796508128013006	-0.000432343913893932	45.7690675245858	0.994257448496898
17.875	11.5	0.950904546867247	0.796767926444256	-0.000353928164820787	45.5710151858031	0.994599500155397
18.125	11.5	0.953855126220072	0.797004793871901	-0.000287614952415804	45.3728350339882	0.994924063884208
18.375	11.5	0.956678797862058	0.797220609330023	-0.000232167223950659	45.1745355616707	0.995234667764826
18.625	11.5	0.9593965328176	0.797417197713026	-0.000186347690787101	44.9761242399536	0.995533618609936
18.875	11.5	0.962020777032082	0.797596301245508	-0.000148962653236891	44.7776077475782	0.995822285473529
19.125	11.5	0.964557636977917	0.797759560300801	-0.000118890385905969	44.5789921542576	0.996101340067571
19.375	11.5	0.967008714846099	0.79790850160627	-9.50980774482736e-05	44.3802830641459	0.996370958633071
19.625	11.5	0.969372623571671	0.79804453228695	-7.66503714533803e-05	44.1814857250372	0.996630988592884
19.875	11.5	0.971646208357856	0.79816893847412	-6.27118370380174e-05	43.9826051086736	0.996881082919364
20.125	11.5	0.973825501938305	0.798282887405939	-5.25451547255418e-05	43.7836459672744	0.997120805213214
20.375	11.5	0.97590644298912	0.798387432105028	-4.5506389547868e-05	43.5846128710428	0.997349708728803
20.625	11.5	0.977885389163469	0.798483517857856	-4.10384033053405e-05	43.3855102309532	0.997567392807982
20.875	11.5	0.97975945722055	0.798571989846455	-3.86632060629055e-05	43.1863423105999	0.99777354029426
21.125	11.5	0.981526722307259	0.798653601404283	-3.79738467352362e-05	42.9871132303224	0.997967939453799
21.375	11.5	0.983186306661197	0.79872902247818	-3.86262807135528e-05	42.7878269662501	0.998150493732732
21.625	11.5	0.984738385134742	0.798798847979346	-4.03315235290126e-05	42.5884873463672	0.998321222364822
21.875	11.5	0.986184131365816	0.798863605793952	-4.28482957127145e-05	42.3890980452002	0.99848025445024
22.125	11.5	0.987525624526792	0.798923764300272	-4.59762831440864e-05	42.1896625782962	0.998627818697947
22.375	11.5	0.988765732696258	0.798979739297342	-4.95500750958888e-05	41.9901842972987	0.998764230596588
22.625	11.5	0.989907985264066	0.799031900302009	-5.34337957445544e-05	41.7906663861305	0.998889878379047
22.875	11.5	0.990956443556757	0.7990805762037	-5.75164124255501e-05	41.5911118585688	0.999005208791243
23.125	11.5	0.991915576138245	0.79912606029439	-6.17076814568199e-05	41.3915235573237	0.999110713375207
23.375	11.5	0.992790143018987	0.799168614707979	-6.59346792088925e-05	41.191904154611	0.999206915732089
23.625	11.5	0.993585091270726	0.799208474313341	-7.01388589025149e-05	40.9922561541305	0.99929436003978
23.875	11.5	0.99430546324122	0.799245850111696	-7.42735716455272e-05	40.7925818943073	0.999373600956534
24.125	11.5	0.994956317628842	0.799280932189672	-7.83019913815861e-05	40.5928835526296	0.999445194939173
24.375	11.5	0.99554266304067	0.799313892279321	-8.21953869285582e-05	40.3931631509046	0.999509692934474
24.625	11.5	0.996069403254138	0.799344885972416	-8.59316892651234e-05	40.1934225612556	0.999567634357955
24.875	11.5	0.996541293173008	0.799374054634278	-8.94943074645878e-05	39.9936635126941	0.999619542249031
25.125	11.5	0.996962904363715	0.799401527056601	-9.2871152572549e-05	39.7938875981115	0.999665919480009
25.375	11.5	0.997338599038859	0.799427420885285	-9.60538341850669e-05	39.5940962815524	0.999707245894275
25.625	11.5	0.997672511390375	0.799451843854825	-9.90369994685858e-05	39.3942909056485	0.999743976252941
25.875	11.5	0.997968535242906	0.799474894856698	-0.000101817789485778	39.1944726991054	0.99977653887672
26.125	11.5	0.998230317082833	0.799496664865608	-0.00010439539132888	38.9946427841535	0.999805334879112
26.375	11.5	0.998461253609182	0.799517237744358	-0.000106770668521121	38.7948021838866	0.99983073789701
26.625	11.5	0.998664493042999	0.799536690944811	-0.000108945855298924	38.5949518294248	0.99985309423473
26.875	11.5	0.998842939517496	0.79955509612015	-0.00011092430270304	38.3950925668502	0.999872723346925
27.125	11.5	0.998999259950798	0.799572519661562	-0.000112710267026937	38.1952251638766	0.999889918594588
27.375	11.5	0.999135892875586	0.799589023169917	-0.000114308732634252	37.9953503162188	0.999904948216314
27.625	11.5	0.999255058765531	0.799604663872444	-0.000115725262976914	37.7954686536414	0.999918056464208
27.875	11.5	0.9993587714577	0.799619494991704	-0.000116965874743337	37.5955807456701	0.999929464860347
28.125	11.5	0.999448850323582	0.799633566074099	-0.000118036930943754	37.3956871069553	0.999939373535594
28.375	11.5	0.999526932889919	0.799646923283394	-0.000118945049913076	37.1957882022868	0.999947962617891
28.625	11.5	0.999594487654265	0.799659609664183	-0.000119697027463526	36.9958844512582	0.999955393641969
28.875	11.5	0.999652826880321	0.7996716653793	-0.000120299770193788	36.7959762325871	0.999961810956835
29.125	11.5	0.999703119194242	0.799683127924837	-0.000120760238241002	36.5960638881	0.999967343111367
29.375	11.5	0.999746401836041	0.799694032325319	-0.000121085396174191	36.3961477263923	0.999972104201965
29.625	11.5	0.999783592449854	0.799704411311843	-0.000121282170937808	36.1962280261778	0.999976195169484
29.875	11.5	0.999815500323547	0.799714295485113	-0.00012135741589959	35.9963050393419	0.99997970503559
30.125	11.5	0.999842837011948	0.799723713465127	-0.000121317880281372	35.7963789937161	0.999982712071314
30.375	11.5	0.999866226298786	0.799732692028817	-0.000121170183423783	35.5964500955897	0.999985284892866
30.625	11.5	0.999886213470766	0.799741256237428	-0.000120920793174786	35.3965185319776	0.999987483481784
30.875	11.5	0.999903273892875	0.799749429553936	-0.000120576008145127	35.1965844726616	0.999989360128216
31.125	11.5	0.999917820887143	0.799757233952153	-0.000120141943240557	34.9966480720219	0.999990960297586
31.375	11.5	0.999930212928044	0.799764690017792	-0.000119624518285939	34.7967094706777	0.999992323422085
31.625	11.5	0.99994076017656	0.799771817042323	-0.000119029449187539	34.5967687969524	0.999993483619422
31.875	11.5	0.999949730381666	0.799778633110274	-0.000118362241606456	34.3968261681797	0.999994470341983
32.125	11.5	0.999957354183186	0.799785155180706	-0.000117628186642762	34.1968816918658	0.99999530896015
32.375	11.5	0.999963829853497	0.799791399162414	-0.000116832358394027	33.9969354667219	0.999996021283885
32.625	11.5	0.999969327517701	0.799797379984626	-0.000115979613164239	33.7969875835797	0.999996626026947
32.875	11.5	0.999973992893046	0.79980311166234	-0.000115074590052473	33.5970381262037	0.999997139218235
33.125	11.5	0.999977950588339	0.799808607357499	-0.000114121712777868	33.3970871720095	0.999997574564717
33.375	11.5	0.999981307003462	0.799813879435664	-0.000113125192545321	33.1971347927	0.999997943770381
33.625	11.5	0.999984152867799	0.799818939518896	-0.000112089031826926	32.9971810548285	0.999998256815458
33.875	11.5	0.999986565454482	0.799823798535123	-0.000111017028811437	32.7972260202963	0.999998522199993
34.125	11.5	0.999988610505312	0.799828466763739	-0.000109912782548212	32.5972697467938	0.999998747155584
34.375	11.5	0.999990343898826	0.79983295387836	-0.000108779698492537	32.3973122881911	0.999998937828871
34.625	11.5	0.999991813091417	0.799837268986517	-0.000107620994489718	32.1973536948841	0.999999099440056
34.875	11.5	0.99999305835895	0.799841420666393	-0.000106439707063976	31.9973940141018	0.999999236419485
35.125	11.5	0.999994113863688	0.799845417001207	-0.00010523869784801	31.7974332901794	0.999999352525006
35.375	11.5	0.999995008568981	0.799849265611202	-0.000104020660193075	31.5974715648016	0.999999450942588
35.625	11.5	0.999995767021681	0.799852973683199	-0.000102788125853048	31.3975088772194	0.999999534372385
35.875	11.5	0.999996410020156	0.799856547998273	-0.00010154347165363	31.1975452644445	0.999999605102217
36.125	11.5	0.999996955183591	0.799859994957459	-0.000100288926185652	30.9975807614224	0.999999665070195
36.375	11.5	0.999997417436445	0.799863320605603	-9.90265763663216e-05	30.7976154011893	0.999999715918009
36.625	11.5	0.999997809420122	0.799866530653603	-9.77583739556394e-05	30.5976492150119	0.999999759036213
36.875	11.5	0.999998141842422	0.79986963049916	-9.64861419269051e-05	30.3976822325147	0.999999795602666
37.125	11.5	0.999998423773875	0.799872625246027	-9.52115806734835e-05	30.1977144817946	0.999999826615126
37.375	11.5	0.999998662898844	0.799875519721967	-9.39362740868725e-05	29.9977459895252	0.999999852918873
37.625	11.5	0.999998865728161	0.799878318495501	-9.26616954153746e-05	29.7977767810516	0.999999875230098
37.875	11.5	0.999999037779126	0.799881025891533	-9.13892129752599e-05	29.5978068804766	0.999999894155704
38.125	11.5	0.999999183727821	0.799883646005823	-9.01200956211159e-05	29.39783631074	0.99999991021006
38.375	11.5	0.999999307537978	0.799886182718694	-8.88555180650934e-05	29.1978650936914	0.999999923829178
38.625	11.5	0.999999412569998	0.799888639707619	-8.75965659580362e-05	28.9978932501559	0.9999999353827
38.875	11.5	0.999999501673196	0.799891020459104	-8.63442407737547e-05	28.7979207999963	0.999999945184052
39.125	11.5	0.99999957726385	0.799893328279801	-8.50994645128512e-05	28.5979477621695	0.999999953499023
39.375	11.5	0.999999641391256	0.799895566306775	-8.38630841756501e-05	28.3979741547785	0.999999960553038
39.625	11.5	0.999999695793635	0.799897737517319	-8.26358760586658e-05	28.1979999951215	0.9999999665373
39.875	11.5	0.999999741945487	0.799899844737888	-8.14185498481062e-05	27.9980252997364	0.999999971614004
40.125	11.5	0.999999781097686	0.799901890652765	-8.02117525295683e-05	27.7980500844432	0.999999975920746
40.375	11.5	0.999999814311448	0.79990387781189	-7.90160721141222e-05	27.5980743643828	0.999999979574259
40.625	11.5	0.999999842487125	0.799905808638403	-7.78320411779263e-05	27.3980981540535	0.999999982673584
40.875	11.5	0.999999866388604	0.799907685435658	-7.66601402334589e-05	27.1981214673451	0.999999985302746
41.125	11.5	0.999999886664004	0.79990951039381	-7.55008009446668e-05	26.9981443175705	0.99999998753304
41.375	11.5	0.999999903863214	0.799911285595985	-7.43544091617287e-05	26.7981667174958	0.999999989424954
41.625	11.5	0.999999918452784	0.799913013024077	-7.32213078177873e-05	26.5981886793684	0.999999991029806
41.875	11.5	0.999999930828535	0.799914694564266	-7.21017996575872e-05	26.3982102149428	0.999999992391139
42.125	11.5	0.999999941326298	0.799916332012134	-7.09961498556298e-05	26.1982313355059	0.999999993545893
42.375	11.5	0.999999950230981	0.799917927077492	-6.99045884576989e-05	25.9982520518997	0.999999994525408
42.625	11.5	0.999999957784291	0.799919481388983	-6.88273127151179e-05	25.7982723745435	0.999999995356272
42.875	11.5	0.99999996419128	0.799920996498299	-6.77644893038407e-05	25.5982923134545	0.999999996061041
43.125	11.5	0.999999969625899	0.799922473884325	-6.67162563856837e-05	25.3983118782672	0.999999996658849
43.375	11.5	0.999999974235709	0.799923914956848	-6.56827255949254e-05	25.1983310782515	0.999999997165928
43.625	11.5	0.999999978145883	0.799925321060217	-6.46639838982223e-05	24.9983499223305	0.999999997596047
43.875	11.5	0.999999981462605	0.799926693476759	-6.36600953498649e-05	24.7983684190967	0.999999997960887
44.125	11.5	0.999999984275945	0.799928033429876	-6.26711027555726e-05	24.5983865768272	0.999999998270354
44.375	11.5	0.999999986662303	0.799929342087186	-6.1697029224139e-05	24.3984044034987	0.999999998532853
44.625	11.5	0.999999988686482	0.799930620563317	-6.07378796609545e-05	24.1984219068013	0.999999998755513
44.875	11.5	0.999999990403455	0.799931869922556	-5.97936421469948e-05	23.9984390941516	0.99999999894438
45.125	11.5	0.999999991859846	0.799933091181497	-5.88642892518729e-05	23.798455972705	0.999999999104583
45.375	11.5	0.999999993095207	0.799934285311355	-5.79497792706674e-05	23.5984725493677	0.999999999240473
45.625	11.5	0.999999994143084	0.79993545324026	-5.70500573767947e-05	23.398488830808	0.999999999355739
45.875	11.5	0.999999995031928	0.799936595855474	-5.61650567253344e-05	23.1985048234663	0.999999999453512
46.125	11.5	0.999999995785878	0.799937714005288	-5.52946994544132e-05	22.9985205335661	0.999999999536447
46.375	11.5	0.999999996425407	0.799938808501074	-5.44388976808822e-05	22.7985359671227	0.999999999606795
46.625	11.5	0.999999996967879	0.799939880118981	-5.35975543890259e-05	22.5985511299529	0.999999999666467
46.875	11.5	0.999999997428024	0.79994092960177	-5.27705642729496e-05	22.3985660276832	0.999999999717083
47.125	11.5	0.999999997818335	0.799941957660317	-5.19578145397611e-05	22.1985806657584	0.999999999760017
47.375	11.5	0.99999999814941	0.799942964975232	-5.11591856653081e-05	21.9985950494489	0.999999999796435
47.625	11.5	0.999999998430242	0.799943952198277	-5.03745520763116e-05	21.7986091838588	0.999999999827327
47.875	11.5	0.999999998668454	0.799944919953733	-4.96037828128143e-05	21.5986230739324	0.99999999985353
48.125	11.5	0.999999998870515	0.799945868839724	-4.8846742139003e-05	21.398636724461	0.999999999875757
48.375	11.5	0.99999999904191	0.799946799429412	-4.81032901115784e-05	21.1986501400898	0.99999999989461
48.625	11.5	0.999999999187293	0.799947712272165	-4.73732831217118e-05	20.9986633253232	0.999999999910602
48.875	11.5	0.99999999931061	0.79994860789463	-4.66565743748813e-05	20.7986762845314	0.999999999924167
49.125	11.5	0.99999999941521	0.799949486801879	-4.59530143675013e-05	20.5986890219555	0.999999999935673
49.375	11.5	0.999999999503936	0.799950349478221	-4.52624513092151e-05	20.3987015417129	0.999999999945433
49.625	11.5	0.999999999579196	0.799951196388221	-4.45847315309462e-05	20.1987138478025	0.999999999953712
49.875	11.5	0.999999999643032	0.799952027977627	-4.39196998421109e-05	19.9987259441092	0.999999999960734
50.125	11.5	0.999999999697181	0.799952844674046	-4.32671998802324e-05	19.798737834409	0.99999999996669
50.375	11.5	0.999999999743112	0.799953646887826	-4.26270744289224e-05	19.598749522373	0.999999999971742
50.625	11.5	0.99999999978207	0.799954435012804	-4.19991656967376e-05	19.3987610115719	0.999999999976028
50.875	11.5	0.999999999815117	0.799955209426896	-4.13833155942467e-05	19.1987723054798	0.999999999979663
51.125	11.5	0.999999999843148	0.799955970492848	-4.07793659702633e-05	18.9987834074783	0.999999999982746
51.375	11.5	0.999999999866925	0.7999567185588	-4.01871588303765e-05	18.7987943208603	0.999999999985362
51.625	11.5	0.999999999887092	0.799957453958847	-3.96065365447364e-05	18.5988050488332	0.99999999998758
51.875	11.5	0.999999999904198	0.799958177013627	-3.9037342017483e-05	18.3988155945227	0.999999999989462
52.125	11.5	0.999999999918707	0.799958888030775	-3.84794188480893e-05	18.1988259609761	0.999999999991058
52.375	11.5	0.999999999931011	0.799959587305423	-3.79326114709644e-05	17.9988361511652	0.999999999992411
52.625	11.5	0.99999999994145	0.799960275120653	-3.7396765267093e-05	17.7988461679896	0.999999999993559
52.875	11.5	0.999999999950302	0.799960951747874	-3.68717266807285e-05	17.5988560142796	0.999999999994533
53.125	11.5	0.999999999957812	0.799961617447254	-3.63573432856843e-05	17.3988656927991	0.999999999995359
53.375	11.5	0.999999999964183	0.799962272468017	-3.58534638626851e-05	17.1988752062483	0.99999999999606
53.625	11.5	0.999999999969587	0.799962917048895	-3.53599384295616e-05	16.9988845572664	0.999999999996655
53.875	11.5	0.999999999974169	0.799963551418221	-3.48766182830941e-05	16.7988937484344	0.999999999997158
54.125	11.5	0.999999999978056	0.799964175794498	-3.44033559952587e-05	16.5989027822773	0.999999999997586
54.375	11.5	0.999999999981353	0.799964790386391	-3.39400054179159e-05	16.3989116612668	0.999999999997949
54.625	11.5	0.999999999984147	0.799965395393165	-3.34864216269822e-05	16.1989203878234	0.999999999998256
54.875	11.5	0.999999999986519	0.799965991004775	-3.30424609058656e-05	15.9989289643194	0.999999999998517
55.125	11.5	0.999999999988531	0.799966577402172	-3.26079806501546e-05	15.7989373930803	0.999999999998738
55.375	11.5	0.999999999990236	0.799967154757411	-3.21828392815149e-05	15.5989456763877	0.999999999998926
55.625	11.5	0.999999999991684	0.799967723233857	-3.17668961416152e-05	15.3989538164813	0.999999999999085
55.875	11.5	0.999999999992911	0.799968282986325	-3.13600113368481e-05	15.198961815561	0.99999999999922
56.125	11.5	0.999999999993954	0.799968834161235	-3.09620455983089e-05	14.998969675789	0.999999999999335
56.375	11.5	0.999999999994838	0.799969376896736	-3.05728600734163e-05	14.7989773992921	0.999999999999432
56.625	11.5	0.999999999995591	0.799969911322799	-3.01923161184479e-05	14.5989849881633	0.999999999999515
56.875	11.5	0.999999999996229	0.799970437561383	-2.98202750545244e-05	14.3989924444644	0.999999999999585
57.125	11.5	0.999999999996771	0.799970955726484	-2.94565978874459e-05	14.1989997702276	0.999999999999645
57.375	11.5	0.999999999997231	0.799971465924263	-2.91011449967099e-05	13.9990069674576	0.999999999999695
57.625	11.5	0.999999999997623	0.799971968253173	-2.87537758030195e-05	13.7990140381336	0.999999999999738
57.875	11.5	0.999999999997956	0.79997246280401	-2.84143483700176e-05	13.5990209842108	0.999999999999775
58.125	11.5	0.999999999998242	0.79997294966008	-2.80827189977618e-05	13.3990278076233	0.999999999999807
58.375	11.5	0.999999999998485	0.799973428897279	-2.77587417618071e-05	13.1990345102846	0.999999999999833
58.625	11.5	0.999999999998692	0.799973900584267	-2.74422679929345e-05	12.9990410940906	0.999999999999856
58.875	11.5	0.99999999999887	0.799974364782602	-2.71331457526952e-05	12.7990475609209	0.999999999999876
59.125	11.5	0.999999999999024	0.799974821546941	-2.68312192091773e-05	12.5990539126404	0.999999999999893
59.375	11.5	0.999999999999157	0.799975270925248	-2.65363280103353e-05	12.3990601511012	0.999999999999907
59.625	11.5	0.999999999999271	0.799975712959071	-2.62483065683486e-05	12.1990662781445	0.99999999999992
59.875	11.5	0.999999999999372	0.799976147683838	-2.59669833219345e-05	11.9990722956015	0.999999999999931
60.125	11.5	0.99999999999946	0.799976575129216	-2.56921799157674e-05	11.7990782052957	0.999999999999941
60.375	11.5	0.999999999999538	0.799976995319558	-2.5423710354264e-05	11.5990840090436	0.999999999999949
60.625	11.5	0.999999999999607	0.799977408274415	-2.51613800773717e-05	11.3990897086562	0.999999999999957
60.875	11.5	0.99999999999967	0.799977814009151	-2.49049849963403e-05	11.1990953059405	0.999999999999964
61.125	11.5	0.999999999999729	0.799978212535613	-2.46543104788541e-05	10.9991008026999	0.99999999999997
61.375	11.5	0.999999999999784	0.799978603863016	-2.44091302804487e-05	10.7991062007351	0.999999999999976
61.625	11.5	0.999999999999837	0.799978987998867	-2.4169205440911e-05	10.5991115018452	0.999999999999982
61.875	11.5	0.999999999999887	0.799979364950088	-2.39342831500442e-05	10.3991167078272	0.999999999999988
62.125	11.5	0.999999999999935	0.799979734724318	-2.37040955765126e-05	10.1991218204765	0.999999999999993
62.375	11.5	0.999999999999982	0.799980097331392	-2.34783587017195e-05	9.99912684158648	0.999999999999998
62.625	11.5	1.00000000000002	0.799980452784971	-2.32567711481783e-05	9.79913177294752	1
62.875	11.5	1.00000000000006	0.799980801104537	-2.30390130322298e-05	9.59913661634613	1.00000000000001
63.125	11.5	1.00000000000009	0.799981142317479	-2.28247448696993e-05	9.39914137356307	1.00000000000001
63.375	11.5	1.00000000000011	0.799981476461566	-2.26136065541656e-05	9.19914604637112	1.00000000000001
63.625	11.5	1.00000000000013	0.79998180358764	-2.24052164497448e-05	8.99915063653214	1.00000000000001
63.875	11.5	1.00000000000016	0.799982123762619	-2.21991706283545e-05	8.7991551457935	1.00000000000002
64.125	11.5	1.00000000000022	0.799982437072882	-2.19950423121828e-05	8.5991595758836	1.00000000000002
64.375	11.5	1.00000000000033	0.799982743627853	-2.17923815540048e-05	8.39916392850664	1.00000000000004
64.625	11.5	1.00000000000051	0.799983043564048	-2.15907152427809e-05	8.1991682053363	1.00000000000006
64.875	11.5	1.00000000000075	0.799983337049379	-2.13895474802086e-05	7.99917240800851	1.00000000000008
65.125	11.5	1.00000000000099	0.799983624287799	-2.11883604144225e-05	7.79917653811302	1.00000000000011
65.375	11.5	1.00000000000114	0.799983905524223	-2.09866156182195e-05	7.59918059718378	1.00000000000013
65.625	11.5	1.00000000000102	0.799984181049766	-2.07837560940596e-05	7.39918458668809	1.00000000000011
65.875	11.5	1.00000000000045	0.799984451207133	-2.05792090154865e-05	7.19918850801436	1.00000000000005
66.125	11.5	0.999999999999305	0.799984716396213	-2.03723893002586e-05	6.99919236245854	0.999999999999924
66.375	11.5	0.999999999997683	0.799984977079703	-2.01627041203347e-05	6.79919615120911	0.999999999999745
66.625	11.5	0.999999999996081	0.79998523378869	-1.99495584697579e-05	6.59919987533068	0.999999999999569
66.875	11.5	0.999999999995543	0.799985487128059	-1.97323618788747e-05	6.39920353574615	0.99999999999951
67.125	11.5	0.999999999997632	0.799985737781518	-1.95105363856635e-05	6.19920713321765	0.99999999999974
67.375	11.5	1.00000000000402	0.799985986516121	-1.92835258428314e-05	5.99921066832618	1.00000000000044
67.625	11.5	1.00000000001552	0.799986234185981	-1.90508066327134e-05	5.79921414145026	1.00000000000171
67.875	11.5	1.00000000003056	0.799986481734977	-1.88118998220193e-05	5.5992175527438	1.00000000000336
68.125	11.5	1.00000000004338	0.799986730198139	-1.85663847597502e-05	5.39922090211345	1.00000000000477
68.375	11.5	1.00000000004306	0.799986980701437	-1.83139140705157e-05	5.19922418919587	1.00000000000474
68.625	11.5	1.0000000000148	0.799987234459555	-1.80542299367378e-05	4.99922741333522	1.00000000000163
68.875	11.5	0.999999999945657	0.799987492771365	-1.77871814969296e-05	4.79923057356145	0.999999999994022
69.125	11.5	0.999999999835836	0.799987757012617	-1.75127430970147e-05	4.59923366856987	0.999999999981942
69.375	11.5	0.999999999714316	0.799988028625541	-1.72310330544998e-05	4.39923669670257	0.999999999968575
69.625	11.5	0.999999999652846	0.799988309104963	-1.69423324958701e-05	4.19923965593245	0.999999999961813
69.875	11.5	0.999999999765918	0.799988599980697	-1.66471036932196e-05	3.99924254385103	0.999999999974251
70.125	11.5	1.00000000017934	0.79998890279622	-1.63460072399087e-05	3.79924535766129	1.00000000001973
70.375	11.5	1.00000000095159	0.799989219083849	-1.60399172523571e-05	3.59924809417747	1.00000000010468
70.625	11.5	1.00000000194752	0.799989550336867	-1.57299336948982e-05	3.39925074983383	1.00000000021423
70.875	11.5	1.000000002699	0.799989897979318	-1.54173908312261e-05	3.19925332070392	1.00000000029689
71.125	11.5	1.00000000234041	0.799990263333828	-1.51038607930092e-05	2.99925580253056	1.00000000025744
71.375	11.5	0.999999999760799	0.79999064758734	-1.47911513331084e-05	2.79925819076411	0.999999999973688
71.625	11.5	0.999999994130993	0.799991051753515	-1.44812969906261e-05	2.59926048060279	0.999999999354409
71.875	11.5	0.99999998588178	0.799991476629388	-1.41765431104872e-05	2.3992626670266	0.999999998446996
72.125	11.5	0.999999977968487	0.79999192274386	-1.38793223531167e-05	2.19926474481633	0.999999997576534
72.375	11.5	0.999999976837508	0.799992390297595	-1.35922233108182e-05	1.99926670855748	0.999999997452126
72.625	11.5	0.999999992000769	0.799992879099983	-1.33179505453508e-05	1.79926855264687	0.999999999120085
72.875	11.5	1.00000003278984	0.799993388519085	-1.305927475332e-05	1.59927027134681	1.00000000360688
73.125	11.5	1.00000010116698	0.79999391747287	-1.28189711782902e-05	1.39927185895949	1.00000001112837
73.375	11.5	1.00000018098391	0.799994464498318	-1.25997446015262e-05	1.19927331020189	1.00000001990823
73.625	11.5	1.00000022718328	0.79999502792776	-1.24041414060806e-05	0.999274620818249	1.00000002499016
73.875	11.5	1.00000016282121	0.79999560616558	-1.22344545472792e-05	0.799275788341899	1.00000001791033
74.125	11.5	0.999999895822353	0.7999961979836	-1.20926361262162e-05	0.599276812700401	0.999999988540459
74.375	11.5	0.9999993676794	0.799996802719039	-1.19802428617235e-05	0.399277696092486	0.999999930444734
74.625	11.5	0.999998638062499	0.799997632965947	-1.18984482757154e-05	0.199278441351342	0.999999850186875
74.875	11.5	0.99999798799883	0.399997422243624	-1.18523227841801e-05	-0.000721058533064837	0.999999778679871
0.125	12.5	-2.91612445403704e-08	0.399980605602159	0.000534342423368843	58.6054144439084	0.889999996792263
0.375	12.5	-6.65815375231775e-06	0.799942120848476	0.000535018811429027	58.4274230750574	0.889999267603087
0.625	12.5	-2.11224106948675e-05	0.799903456226965	0.00053638064580629	58.2494404930699	0.889997676534824
0.875	12.5	-4.43220312331388e-05	0.799864404516724	0.000538459013386316	58.0714669663128	0.889995124576564
1.125	12.5	-7.5642545603916e-05	0.799824875748465	0.000541295097553246	57.8935027829023	0.889991679319984
1.375	12.5	-0.000111827450187764	0.799784732493436	0.00054494005446253	57.7155482241527	0.889987698980479
1.625	12.5	-0.00014592240134719	0.799743827666926	0.000549453472049827	57.537603496032	0.889983948535852
1.875	12.5	-0.000166381707997864	0.799702000759568	0.000554901527966678	57.3596686393771	0.88998169801212
2.125	12.5	-0.000156464215226818	0.799659074533789	0.000561355111522528	57.1817434237697	0.889982788936325
2.375	12.5	-9.40425550611696e-05	0.79961485297005	0.000568888229124455	57.0038272327097	0.889989655318943
2.625	12.5	4.80816647538844e-05	0.79956912101609	0.000577577051188604	56.8259189500879	0.890005288983123
2.875	12.5	0.000301315219478008	0.79952164643947	0.000587499961747116	56.6480168594143	0.890033144674143
3.125	12.5	0.000699883202718436	0.79947218380621	0.000598738936315925	56.4701185674916	0.890076987152299
3.375	12.5	0.00127899384387239	0.799420480337853	0.000611382500189654	56.2922209630897	0.890140689322826
3.625	12.5	0.00207269438834845	0.799366283174595	0.000625530422939846	56.1143202187918	0.890227996382718
3.875	12.5	0.00311159260218647	0.799309347420228	0.000641300197048748	55.9364118407811	0.890342275186241
4.125	12.5	0.00442063728281422	0.799249444282499	0.000658835243219311	55.7584907673275	0.89048627010111
4.375	12.5	0.00601714963764918	0.799186368644615	0.000678314686282714	55.580551512538	0.890661886460141
4.625	12.5	0.00790927760110092	0.799119945501456	0.000699964451143373	55.40258834798	0.890870020536121
4.875	12.5	0.0100950111271984	0.799050034846507	0.000724069325773895	55.2245955114267	0.891110451223992
5.125	12.5	0.0125618532042614	0.798976534791146	0.000750985513224286	55.0465674294484	0.891381803852469
5.375	12.5	0.0152871938871346	0.798899382921305	0.000781153035346183	54.8684989390385	0.891681591327585
5.625	12.5	0.0182393876917826	0.798818556134564	0.000815107155142597	54.6903854929332	0.892006332646096
5.875	12.5	0.0213794921933171	0.79873406944503	0.000853487764223047	54.5122233337077	0.892351744141265
6.125	12.5	0.0246635907312607	0.798645974473064	0.00089704546310811	54.3340096229699	0.892712994980439
6.375	12.5	0.0280455969830902	0.798554358534745	0.000946642876755976	54.1557425138321	0.89308501566814
6.625	12.5	0.0314804250977754	0.798459345391861	0.00100324962548055	53.9774211570939	0.893462846760755
6.875	12.5	0.0349274064065873	0.798361098797433	0.0010679293213902	53.7990456339808	0.893842014704725
7.125	12.5	0.0383538419461294	0.798259829954226	0.0011418169579771	53.6206168106165	0.894218922614074
7.375	12.5	0.0417385981552214	0.798155809881307	0.00122608503660981	53.4421361114561	0.894591245797074
7.625	12.5	0.0450756802138181	0.798049387424551	0.00132189660701734	53.2636052104958	0.89495832482352
7.875	12.5	0.048377753285128	0.797941013217306	0.00143034292710628	53.0850256400395	0.895321552861364
8.125	12.5	0.0516796271217687	0.79783126922099	0.00155236247954688	52.9063983170055	0.895684758983395
8.375	12.5	0.0550417756985319	0.797720902451191	0.00168863644012587	52.7277229860322	0.896054595326839
8.625	12.5	0.0585540322247327	0.797610859970173	0.00183945326632852	52.5489975768252	0.896440943544721
8.875	12.5	0.062339680273236	0.797502320003121	0.00200453192259858	52.3702174701213	0.896857364830056
9.125	12.5	0.0665602469983224	0.797396710903904	0.00218278976928159	52.1913746622801	0.897321627169815
9.375	12.5	0.0714213756574338	0.797295705466483	0.00237203829077916	52.0124568130951	0.897856351322318
9.625	12.5	0.0771801721565068	0.79720117275879	0.00256858959840596	51.8334461558016	0.898489818937216
9.875	12.5	0.0841543109676257	0.797115063727777	0.00276676255587189	51.6543182444509	0.899256974206439
10.125	12.5	0.0927328276833928	0.797039201802013	0.00295829520881671	51.4750405156917	0.900200611045173
10.375	12.5	0.103387735292322	0.796974949095945	0.00313170827555769	51.2955706562487	0.901372650882155
10.625	12.5	0.116684139817094	0.796922729257564	0.00327173258471487	51.1158548044585	0.90283525537988
10.875	12.5	0.133284164826912	0.796881420360018	0.00335901816536096	50.9358256883996	0.90466125813096
11.125	12.5	0.153936681109604	0.796847699454794	0.00337047619826074	50.7554009303422	0.906933034922056
11.375	12.5	0.179441123808447	0.79681553438914	0.00328072421628693	50.5744819372279	0.909738523618929
11.625	12.5	0.210571337421557	0.796776165031905	0.00306510882149398	50.3929540364644	0.913162847116371
11.875	12.5	0.247948026940586	0.796719025770381	0.0027045110101422	50.2106887415898	0.917274282963464
12.125	12.5	0.291861076776922	0.796633980490232	0.00219145888259608	50.0275490999716	0.922104718445461
12.375	12.5	0.342069153703031	0.796514774032982	0.00153604823209152	49.8433987654998	0.927627606907333
12.625	12.5	0.397638604634884	0.796362712783359	0.00076927655710661	49.6581145531739	0.933740246509837
12.875	12.5	0.456906610850909	0.796188709938025	-5.85631207173248e-05	49.4716008076821	0.9402597271936
13.125	12.5	0.517635105544875	0.796011900203491	-0.000885253637435946	49.2838024636302	0.946939861609936
13.375	12.5	0.577349122211065	0.795854655688741	-0.00164806645915295	49.0947131084314	0.953508403443217
13.625	12.5	0.633759072507252	0.795736159361575	-0.00229543237497379	48.9043754126312	0.959713497975798
13.875	12.5	0.685117953221987	0.795667698253895	-0.00279494639406758	48.7128737420102	0.965362974854419
14.125	12.5	0.730401479338416	0.79565153487877	-0.0031356482161672	48.5203213446042	0.970344162727226
14.375	12.5	0.769291521172886	0.795682890412193	-0.0033250821761378	48.3268458308587	0.974622067329017
14.625	12.5	0.802023174209195	0.795753206136092	-0.00338336858157081	48.1325762928759	0.978222549163011
14.875	12.5	0.829182269235044	0.795853027612612	-0.00333678244693795	47.9376339660226	0.981210049615855
15.125	12.5	0.851520663937788	0.795973784504294	-0.00321254053008425	47.7421267985916	0.983667273033157
15.375	12.5	0.869821293259461	0.796108518238843	-0.00303543640998187	47.5461472850906	0.985680342258541
15.625	12.5	0.884816529763209	0.796251931799376	-0.00282618966683158	47.3497725402996	0.987329818273953
15.875	12.5	0.897148903071031	0.79640012763714	-0.00260102991658381	47.1530656476047	0.988686379337813
16.125	12.5	0.907359716172902	0.796550270731611	-0.00237200565868857	46.9560775610282	0.989809568779019
16.375	12.5	0.915893237874762	0.796700290354342	-0.00214762395336673	46.7588491076918	0.990748256166224
16.625	12.5	0.923107957317845	0.796848655333422	-0.00193357125708164	46.5614128494309	0.991541875304963
16.875	12.5	0.929289848964861	0.796994219334705	-0.00173338327130137	46.363794702752	0.992221883386135
17.125	12.5	0.934665076342966	0.797136119548689	-0.0015490094436638	46.1660152968363	0.992813158397726
17.375	12.5	0.939411090085563	0.797273711319011	-0.00138126178709414	45.9680910885761	0.993335219909412
17.625	12.5	0.943665899283243	0.797406524904414	-0.00123015873043533	45.7700352682424	0.993803248921157
17.875	12.5	0.947535671778966	0.797534234952875	-0.00109518224245735	45.5718584910838	0.994228923895686
18.125	12.5	0.951100944073013	0.797656636923222	-0.000975467045108811	45.3735694662385	0.994621103848031
18.375	12.5	0.95442172243009	0.797773627283081	-0.000869938312803672	45.1751754288209	0.99498638946731
18.625	12.5	0.9575417082978	0.797885185959215	-0.000777410976260771	44.9766825158201	0.995329587912758
18.875	12.5	0.960491822587831	0.797991360455106	-0.000696660620303063	44.7780960622441	0.995654100484661
19.125	12.5	0.963293152580386	0.79809225151904	-0.000626473370111768	44.5794208308219	0.995962246783842
19.375	12.5	0.9659594080087	0.798188000423052	-0.000565680168754727	44.3806611863599	0.996255534880957
19.625	12.5	0.968498949008999	0.798278777930927	-0.000513179392692961	44.1818212242727	0.99653488439099
19.875	12.5	0.970916435257476	0.79836477497993	-0.000467950718711855	43.9829048616223	0.996800807878322
20.125	12.5	0.973214139310025	0.798446195024275	-0.000429062431722392	43.7839158980345	0.997053555324103
20.375	12.5	0.975392964813164	0.798523247920676	-0.000395673854126293	43.5848580529846	0.997293226129448
20.625	12.5	0.97745320951785	0.798596145187264	-0.000367034211476858	43.3857349851114	0.997519853046963
20.875	12.5	0.979395112374812	0.79866509644118	-0.00034247897646044	43.1865502983969	0.997733462361229
21.125	12.5	0.981219222600611	0.798730306815499	-0.000321424519963032	42.9873075392513	0.997934114486067
21.375	12.5	0.982926626216901	0.798791975164883	-0.000303361725022889	42.7880101877855	0.998121928883859
21.625	12.5	0.984519062243494	0.798850292888273	-0.000287849074530809	42.5886616458501	0.998297096846784
21.875	12.5	0.985998956743109	0.79890544322315	-0.000274505600800915	42.3892652237976	0.998459885241742
22.125	12.5	0.987369398600877	0.798957600888967	-0.000263003981937475	42.1898241273869	0.998610633846096
22.375	12.5	0.988634076590037	0.799006931983858	-0.000253063983188046	41.9903414457961	0.998749748424904
22.625	12.5	0.989797193181398	0.79905359405917	-0.000244446371536616	41.7908201413529	0.998877691249954
22.875	12.5	0.990863366873599	0.799097736315237	-0.000236947375688261	41.5912630413089	0.998994970356096
23.125	12.5	0.991837531653512	0.79913949987583	-0.000230393721075512	41.3916728317761	0.999102128481886
23.375	12.5	0.992724839574734	0.799179018111623	-0.000224638238011878	41.192052053795	0.999199732353221
23.625	12.5	0.993530570352216	0.799216416989826	-0.000219556019214012	40.9924031014043	0.999288362738744
23.875	12.5	0.994260050264982	0.79925181543624	-0.00021504108886826	40.7927282215211	0.999368605529148
24.125	12.5	0.994918581471076	0.799285325697947	-0.000211003537197484	40.5930295154066	0.999441043961818
24.375	12.5	0.995511381997105	0.799317053700616	-0.00020736707114526	40.3933089414855	0.999506252019682
24.625	12.5	0.996043536098	0.799347099395173	-0.000204066931393341	40.1935683192827	0.99956478897078
24.875	12.5	0.996519954326634	0.799375557091336	-0.000201048128005534	39.9938093342628	0.99961719497593
25.125	12.5	0.996945342452044	0.799402515776077	-0.000198263950570442	39.7940335433667	0.999663987669725
25.375	12.5	0.99732417827402	0.799428059415808	-0.000195674712491926	39.5942423810679	0.999705659610142
25.625	12.5	0.997660695365177	0.799452267242653	-0.000193246694115864	39.3944371657864	0.999742676490169
25.875	12.5	0.997958872801935	0.79947521402403	-0.000190951253326695	39.1946191065246	0.999775476008213
26.125	12.5	0.998222430004285	0.799496970316713	-0.000188764076927991	38.9947893096061	0.999804467300471
26.375	12.5	0.998454825876427	0.799517602705158	-0.000186664549793542	38.7949487854175	0.999830030846407
26.625	12.5	0.998659261518459	0.799537174025714	-0.000184635222369735	38.5950984550716	0.999852518767031
26.875	12.5	0.99883868585626	0.79955574357656	-0.00018266136025756	38.3952391569239	0.999872255444189
27.125	12.5	0.998995803610623	0.79957336731518	-0.000180730562194084	38.1953716528874	0.999889538397169
27.375	12.5	0.999133085095555	0.799590098043571	-0.000178832435047921	37.9954966345039	0.999904639360511
27.625	12.5	0.99925277739866	0.799605985582235	-0.000176958316490918	37.7956147287393	0.999917805513853
27.875	12.5	0.999356916554137	0.799621076934197	-0.000175101037428454	37.5957265034788	0.999929260820955
28.125	12.5	0.999447340371198	0.799635416439284	-0.000173254717922252	37.3958324727082	0.999939207440832
28.375	12.5	0.999525701628341	0.799649045919653	-0.000171414591132194	37.1959331013701	0.999947827179118
28.625	12.5	0.999593481386985	0.799662004817512	-0.000169576851010778	36.9960288098933	0.999955282952568
28.875	12.5	0.999652002217402	0.799674330325064	-0.000167738520061813	36.7961199783974	0.999961720243914
29.125	12.5	0.999702441165546	0.799686057508077	-0.000165897334291195	36.5962069505766	0.99996726852821
29.375	12.5	0.999745842321614	0.79969721942238	-0.000164051642715875	36.3962900372734	0.999972042655378
29.625	12.5	0.999783128880507	0.799707847225176	-0.000162200319501992	36.1963695197525	0.999976144176856
29.875	12.5	0.999815114610391	0.799717970280111	-0.000160342686974071	35.9964456526896	0.999979662607143
30.125	12.5	0.999842514668845	0.799727616257518	-0.000158478448055547	35.7965186668887	0.999982676613573
30.375	12.5	0.999865955726561	0.799736811229449	-0.000156607626965998	35.5965887717457	0.999985255129922
30.625	12.5	0.999885985376235	0.799745579760265	-0.000154730517097351	35.396656157474	0.999987458391386
30.875	12.5	0.999903080819634	0.799753944992181	-0.000152847635244787	35.1967209971087	0.99998933889016
31.125	12.5	0.999917656838464	0.799761928727227	-0.000150959681447625	34.996783448308	0.999990942252231
31.375	12.5	0.999930073065251	0.799769551504363	-0.000149067503753779	34.7968436549666	0.999992308037178
31.625	12.5	0.999940640578861	0.799776832673203	-0.000147172067424705	34.5969017486581	0.999993470463675
31.875	12.5	0.99994962785577	0.799783790463368	-0.000145274427961617	34.3969578499222	0.999994459064135
32.125	12.5	0.999957266113006	0.79979044205071	-0.000143375707714608	34.197012069411	0.999995299272431
32.375	12.5	0.999963754081869	0.79979680361943	-0.000141477075489704	33.9970645089075	0.999996012949006
32.625	12.5	0.999969262253616	0.799802890421216	-0.000139579728964805	33.7971152622317	0.999996618847898
32.875	12.5	0.999973936639007	0.799808716830947	-0.000137684879554692	33.5971644160427	0.999997133030291
33.125	12.5	0.999977902083574	0.799814296399124	-0.000135793739470767	33.3972120505511	0.999997569229193
33.375	12.5	0.999981265179523	0.799819641901441	-0.000133907510696581	33.19725824015	0.999997939169747
33.625	12.5	0.999984116813753	0.79982476538552	-0.000132027375723436	32.9973030539741	0.999998252849513
33.875	12.5	0.999986534389563	0.799829678214655	-0.000130154489791807	32.797346556395	0.999998518782852
34.125	12.5	0.999988583757326	0.799834391109188	-0.000128289974532224	32.5973888074613	0.999998744213306
34.375	12.5	0.999990320886952	0.799838914185296	-0.000126434912744318	32.3974298632882	0.999998935297565
34.625	12.5	0.999991793312407	0.799843256991244	-0.00012459034429139	32.1974697764042	0.999999097264365
34.875	12.5	0.999993041375913	0.799847428541763	-0.000122757262854798	31.9975085960598	0.99999923455135
35.125	12.5	0.999994099296902	0.79985143734993	-0.00012093661356483	31.7975463685015	0.999999350922659
35.375	12.5	0.999994996088228	0.799855291457359	-0.000119129291284501	31.5975831372181	0.999999449569705
35.625	12.5	0.999995756339817	0.799858998462257	-0.000117336139526129	31.3976189431591	0.99999953319738
35.875	12.5	0.999996400887609	0.799862565545927	-0.000115557949912889	31.1976538249326	0.999999604097637
36.125	12.5	0.999996947383649	0.799865999497415	-0.000113795462040783	30.997687818981	0.999999664212201
36.375	12.5	0.999997410781146	0.799869306736734	-0.000112049363795794	30.7977209597412	0.999999715185926
36.625	12.5	0.999997803746681	0.799872493336594	-0.000110320291941488	30.597753279788	0.999999758412135
36.875	12.5	0.999998137010077	0.799875565042735	-0.000108608832988178	30.3977848099647	0.999999795071108
37.125	12.5	0.999998419661113	0.799878527292939	-0.000106915524343409	30.1978155795012	0.999999826162722
37.375	12.5	0.999998659400944	0.799881385235016	-0.000105240855563955	29.9978456161221	0.999999852534104
37.625	12.5	0.999998862755034	0.799884143743438	-0.000103585269818195	29.7978749461448	0.999999874903054
37.875	12.5	0.999999035253405	0.799886807435064	-0.000101949165456417	29.5979035945693	0.999999893877874
38.125	12.5	0.999999181583167	0.799889380683967	-0.000100332897642436	29.3979315851614	0.999999909974148
38.375	12.5	0.999999305717603	0.799891867635117	-9.87367800957984e-05	29.197958940528	0.999999923628936
38.625	12.5	0.999999411025358	0.799894272217425	-9.7161086831669e-05	28.9979856821874	0.999999935212789
38.875	12.5	0.999999500362852	0.79989659815586	-9.56060539560998e-05	28.7980118306342	0.999999945039914
39.125	12.5	0.999999576152474	0.799898848982975	-9.40718814757567e-05	28.5980374053983	0.999999953376772
39.375	12.5	0.999999640448761	0.799901028049517	-9.25587350834649e-05	28.3980624251014	0.999999960449364
39.625	12.5	0.999999694994423	0.799903138534633	-9.1066747947812e-05	28.1980869075079	0.999999966449386
39.875	12.5	0.9999997412678	0.799905183455267	-8.95960224682705e-05	27.9981108695732	0.999999971539458
40.125	12.5	0.999999780523047	0.799907165675158	-8.81466320042544e-05	27.798134327488	0.999999975857535
40.375	12.5	0.999999813824174	0.799909087913175	-8.67186225729116e-05	27.5981572967207	0.999999979520659
40.625	12.5	0.999999842073902	0.799910952751246	-8.53120144851011e-05	27.398179792056	0.999999982628129
40.875	12.5	0.999999866038149	0.799912762641788	-8.39268039615517e-05	27.1982018276314	0.999999985264196
41.125	12.5	0.99999988636675	0.799914519914706	-8.25629646682474e-05	26.9982234169717	0.999999987500342
41.375	12.5	0.999999903611051	0.799916226784042	-8.12204492259784e-05	26.7982445730209	0.999999989397216
41.625	12.5	0.999999918238837	0.799917885354089	-7.98991906348499e-05	26.5982653081727	0.999999991006272
41.875	12.5	0.999999930646984	0.799919497625411	-7.85991036823303e-05	26.3982856342982	0.999999992371168
42.125	12.5	0.999999941172204	0.799921065500189	-7.73200862601136e-05	26.1983055627732	0.999999993528942
42.375	12.5	0.999999950100165	0.799922590787611	-7.60620206274265e-05	25.9983251045032	0.999999994511018
42.625	12.5	0.999999957673212	0.799924075208665	-7.48247746534889e-05	25.7983442699467	0.999999995344053
42.875	12.5	0.999999964096935	0.799925520400893	-7.36082029502337e-05	25.598363069138	0.999999996050663
43.125	12.5	0.999999969545741	0.799926927922683	-7.24121479926232e-05	25.398381511708	0.999999996650031
43.375	12.5	0.999999974167581	0.799928299257471	-7.12364411625464e-05	25.1983996069039	0.999999997158434
43.625	12.5	0.999999978087961	0.799929635817623	-7.00809037477757e-05	24.9984173636084	0.999999997589676
43.875	12.5	0.999999981413338	0.799930938948132	-6.89453478847058e-05	24.7984347903571	0.999999997955467
44.125	12.5	0.999999984234018	0.799932209930176	-6.78295774560277e-05	24.5984518953554	0.999999998265742
44.375	12.5	0.999999986626602	0.799933449984305	-6.67333889275751e-05	24.3984686864944	0.999999998528926
44.625	12.5	0.999999988656061	0.799934660273649	-6.56565721641625e-05	24.198485171366	0.999999998752167
44.875	12.5	0.999999990377515	0.799935841906829	-6.45989111646032e-05	23.9985013572767	0.999999998941527
45.125	12.5	0.999999991837709	0.799936995940775	-6.3560184787075e-05	23.7985172512616	0.999999999102148
45.375	12.5	0.999999993076296	0.799938123383294	-6.2540167392677e-05	23.5985328600969	0.999999999238393
45.625	12.5	0.999999994126907	0.79993922519568	-6.15386294962866e-05	23.3985481903119	0.99999999935396
45.875	12.5	0.999999995018075	0.799940302294975	-6.0555338336497e-05	23.1985632482007	0.999999999451988
46.125	12.5	0.999999995773997	0.799941355556192	-5.95900584417059e-05	22.9985780398329	0.99999999953514
46.375	12.5	0.9999999964152	0.799942385814516	-5.86425521227765e-05	22.7985925710639	0.999999999605672
46.625	12.5	0.999999996959092	0.799943393867244	-5.77125799761944e-05	22.5986068475449	0.9999999996655
46.875	12.5	0.999999997420442	0.799944380475669	-5.67999013139351e-05	22.3986208747318	0.999999999716249
47.125	12.5	0.99999999781178	0.799945346366852	-5.59042745987343e-05	22.1986346578946	0.999999999759296
47.375	12.5	0.999999998143726	0.799946292235376	-5.50254578073301e-05	21.9986482021252	0.99999999979581
47.625	12.5	0.999999998425297	0.799947218744874	-5.41632088095622e-05	21.7986615123457	0.999999999826783
47.875	12.5	0.99999999866414	0.799948126529592	-5.33172856963414e-05	21.5986745933157	0.999999999853055
48.125	12.5	0.999999998866735	0.79994901619579	-5.24874470895457e-05	21.3986874496399	0.999999999875341
48.375	12.5	0.999999999038583	0.799949888323111	-5.16734524125062e-05	21.1987000857747	0.999999999894244
48.625	12.5	0.999999999184353	0.799950743465858	-5.08750621578306e-05	20.9987125060346	0.999999999910279
48.875	12.5	0.999999999308	0.799951582154225	-5.00920381380569e-05	20.7987247145986	0.99999999992388
49.125	12.5	0.999999999412884	0.799952404895359	-4.93241436693772e-05	20.5987367155159	0.999999999935417
49.375	12.5	0.999999999501849	0.799953212174568	-4.85711438069599e-05	20.3987485127118	0.999999999945203
49.625	12.5	0.999999999577311	0.799954004456243	-4.78328054971579e-05	20.1987601099929	0.999999999953504
49.875	12.5	0.999999999641324	0.79995478218489	-4.71088977437226e-05	19.998771511052	0.999999999960546
50.125	12.5	0.999999999695621	0.799955545785965	-4.63991917570449e-05	19.7987827194733	0.999999999966518
50.375	12.5	0.999999999741678	0.79995629566684	-4.57034610598251e-05	19.598793738737	0.999999999971585
50.625	12.5	0.999999999780747	0.799957032217546	-4.50214816275333e-05	19.3988045722235	0.999999999975882
50.875	12.5	0.99999999981389	0.799957755811559	-4.43530319526302e-05	19.1988152232178	0.999999999979528
51.125	12.5	0.999999999842	0.799958466806511	-4.36978931397272e-05	18.9988256949137	0.99999999998262
51.375	12.5	0.999999999865847	0.799959165544891	-4.30558489688569e-05	18.7988359904173	0.999999999985243
51.625	12.5	0.999999999886075	0.799959852354742	-4.24266859441781e-05	18.598846112751	0.999999999987468
51.875	12.5	0.999999999903232	0.799960527550138	-4.18101933229259e-05	18.3988560648569	0.999999999989356
52.125	12.5	0.999999999917786	0.799961191431906	-4.12061631678305e-05	18.1988658496004	0.999999999990956
52.375	12.5	0.999999999930133	0.799961844288062	-4.06143903139237e-05	17.9988754697732	0.999999999992315
52.625	12.5	0.999999999940606	0.799962486394313	-4.00346724054247e-05	17.7988849280966	0.999999999993467
52.875	12.5	0.99999999994949	0.79996311801467	-3.94668098590385e-05	17.5988942272244	0.999999999994444
53.125	12.5	0.999999999957026	0.799963739401734	-3.89106058462399e-05	17.3989033697459	0.999999999995273
53.375	12.5	0.999999999963419	0.799964350797165	-3.83658662415856e-05	17.1989123581887	0.999999999995976
53.625	12.5	0.999999999968846	0.799964952432199	-3.7832399586045e-05	16.9989211950211	0.999999999996573
53.875	12.5	0.999999999973447	0.799965544527794	-3.73100169958036e-05	16.7989298826553	0.999999999997079
54.125	12.5	0.99999999997735	0.799966127295235	-3.6798532115012e-05	16.5989384234489	0.999999999997509
54.375	12.5	0.999999999980663	0.79996670093624	-3.62977609772872e-05	16.3989468197085	0.999999999997873
54.625	12.5	0.999999999983471	0.799967265643442	-3.5807521948775e-05	16.198955073691	0.999999999998182
54.875	12.5	0.999999999985856	0.799967821600551	-3.53276355602712e-05	15.9989631876064	0.999999999998444
55.125	12.5	0.999999999987878	0.799968368982737	-3.48579243948958e-05	15.7989711636199	0.999999999998667
55.375	12.5	0.999999999989596	0.799968907956838	-3.43982129265083e-05	15.598979003854	0.999999999998856
55.625	12.5	0.999999999991053	0.799969438681584	-3.3948327349818e-05	15.3989867103904	0.999999999999016
55.875	12.5	0.999999999992289	0.799969961307925	-3.35080954007881e-05	15.1989942852721	0.999999999999152
56.125	12.5	0.999999999993339	0.799970475979144	-3.3077346136659e-05	14.9990017305055	0.999999999999267
56.375	12.5	0.999999999994231	0.799970982831178	-3.26559097298697e-05	14.799009048062	0.999999999999365
56.625	12.5	0.999999999994989	0.799971481992787	-3.22436172182381e-05	14.5990162398799	0.999999999999449
56.875	12.5	0.999999999995634	0.799971973585758	-3.18403002383433e-05	14.3990233078662	0.99999999999952
57.125	12.5	0.999999999996181	0.799972457725155	-3.14457907528483e-05	14.1990302538984	0.99999999999958
57.375	12.5	0.999999999996647	0.799972934519503	-3.10599207327213e-05	13.9990370798259	0.999999999999631
57.625	12.5	0.999999999997043	0.799973404071017	-3.06825218407467e-05	13.799043787472	0.999999999999675
57.875	12.5	0.999999999997381	0.799973866475843	-3.03134250742854e-05	13.599050378635	0.999999999999712
58.125	12.5	0.999999999997669	0.799974321824285	-2.99524603904126e-05	13.3990568550901	0.999999999999744
58.375	12.5	0.999999999997915	0.799974770201049	-2.95994563070287e-05	13.1990632185905	0.999999999999771
58.625	12.5	0.999999999998126	0.799975211685552	-2.92542394803888e-05	12.9990694708689	0.999999999999794
58.875	12.5	0.999999999998307	0.799975646352189	-2.8916634246127e-05	12.7990756136389	0.999999999999814
59.125	12.5	0.999999999998462	0.799976074270694	-2.85864621530566e-05	12.599081648596	0.999999999999831
59.375	12.5	0.999999999998597	0.799976495506455	-2.82635414600767e-05	12.399087577419	0.999999999999846
59.625	12.5	0.999999999998714	0.799976910120986	-2.79476866064073e-05	12.1990934017706	0.999999999999859
59.875	12.5	0.999999999998815	0.799977318172294	-2.76387076728672e-05	11.9990991232989	0.99999999999987
60.125	12.5	0.999999999998904	0.799977719715461	-2.73364098049101e-05	11.7991047436376	0.999999999999879
60.375	12.5	0.999999999998981	0.799978114803137	-2.70405926300722e-05	11.5991102644071	0.999999999999888
60.625	12.5	0.999999999999051	0.799978503486214	-2.67510496593013e-05	11.399115687215	0.999999999999896
60.875	12.5	0.999999999999112	0.799978885814523	-2.64675676654791e-05	11.1991210136563	0.999999999999902
61.125	12.5	0.999999999999168	0.799979261837595	-2.61899260675206e-05	10.9991262453135	0.999999999999909
61.375	12.5	0.999999999999219	0.799979631605583	-2.59178963180995e-05	10.7991313837568	0.999999999999914
61.625	12.5	0.999999999999266	0.799979995170179	-2.56512412872975e-05	10.5991364305438	0.999999999999919
61.875	12.5	0.999999999999311	0.799980352585765	-2.53897146755374e-05	10.3991413872188	0.999999999999924
62.125	12.5	0.999999999999354	0.799980703910617	-2.51330604582026e-05	10.1991462553122	0.999999999999929
62.375	12.5	0.999999999999394	0.799981049208155	-2.48810123551645e-05	9.9991510363392	0.999999999999933
62.625	12.5	0.999999999999429	0.799981388548524	-2.46332933890649e-05	9.79915573179839	0.999999999999937
62.875	12.5	0.999999999999457	0.799981722010101	-2.43896154926618e-05	9.59916034316996	0.99999999999994
63.125	12.5	0.999999999999473	0.799982049681342	-2.41496792353332e-05	9.39916487191335	0.999999999999942
63.375	12.5	0.99999999999948	0.799982371662593	-2.39131736548299e-05	9.19916931946449	0.999999999999943
63.625	12.5	0.999999999999481	0.799982688068221	-2.36797762463151e-05	8.99917368723264	0.999999999999943
63.875	12.5	0.999999999999489	0.799982999028783	-2.34491531276862e-05	8.79917797659658	0.999999999999944
64.125	12.5	0.999999999999531	0.799983304693395	-2.32209594059562e-05	8.59918218890027	0.999999999999948
64.375	12.5	0.999999999999631	0.799983605232231	-2.29948398060211e-05	8.39918632544795	0.999999999999959
64.625	12.5	0.999999999999809	0.799983900839153	-2.27704295657269e-05	8.19919038749849	0.999999999999979
64.875	12.5	1.00000000000006	0.79998419173441	-2.2547355661391e-05	7.99919437625919	1.00000000000001
65.125	12.5	1.00000000000032	0.799984478167502	-2.2325238409138e-05	7.79919829287881	1.00000000000004
65.375	12.5	1.00000000000047	0.799984760419999	-2.21036934683402e-05	7.5992021384399	1.00000000000005
65.625	12.5	1.00000000000033	0.799985038808432	-2.18823343082457e-05	7.39920591395045	1.00000000000004
65.875	12.5	0.999999999999669	0.79998531368712	-2.16607751759449e-05	7.19920962033476	0.999999999999964
66.125	12.5	0.999999999998361	0.799985585450882	-2.14386346148543e-05	6.99921325842367	0.99999999999982
66.375	12.5	0.999999999996511	0.799985854537569	-2.12155395630822e-05	6.79921682894407	0.999999999999616
66.625	12.5	0.999999999994671	0.799986121430359	-2.09911300737172e-05	6.59922033250788	0.999999999999414
66.875	12.5	0.999999999993982	0.799986386659631	-2.07650646825876e-05	6.39922376960039	0.999999999999338
67.125	12.5	0.99999999999612	0.799986650804423	-2.05370264308386e-05	6.19922714056827	0.999999999999573
67.375	12.5	1.00000000000285	0.79998691449326	-2.03067295554683e-05	5.99923044560723	1.00000000000031
67.625	12.5	1.00000000001498	0.799987178404266	-2.00739268137292e-05	5.79923368474959	1.00000000000165
67.875	12.5	1.00000000003081	0.799987443264421	-1.98384174144871e-05	5.59923685785198	1.00000000000339
68.125	12.5	1.0000000000443	0.799987709847812	-1.96000554861693e-05	5.39923996458331	1.00000000000487
68.375	12.5	1.00000000004417	0.799987978972728	-1.93587589807514e-05	5.19924300441343	1.00000000000486
68.625	12.5	1.00000000001536	0.799988251497466	-1.91145188834954e-05	4.99924597660261	1.00000000000169
68.875	12.5	0.999999999944842	0.799988528314635	-1.88674085592824e-05	4.79924888019221	0.999999999993933
69.125	12.5	0.999999999832971	0.799988810343874	-1.86175930333565e-05	4.59925171399678	0.999999999981627
69.375	12.5	0.999999999708962	0.799989098522774	-1.83653379573082e-05	4.39925447659785	0.999999999967986
69.625	12.5	0.999999999644476	0.799989393795926	-1.8111017964714e-05	4.19925716633989	0.999999999960892
69.875	12.5	0.999999999753241	0.799989697102133	-1.78551241008662e-05	3.99925978132899	0.999999999972856
70.125	12.5	1.00000000015985	0.799990009359913	-1.75982699409456e-05	3.79926231943521	1.00000000001758
70.375	12.5	1.00000000092258	0.799990331451743	-1.73411959771943e-05	3.59926477829991	1.00000000010148
70.625	12.5	1.00000000191029	0.799990664207572	-1.70847718295209e-05	3.39926715534936	1.00000000021013
70.875	12.5	1.0000000026672	0.799991008388286	-1.68299958315858e-05	3.1992694478157	1.00000000029339
71.125	12.5	1.00000000235072	0.799991364669454	-1.65779915977953e-05	2.99927165276482	1.00000000025858
71.375	12.5	0.999999999879345	0.799991733625017	-1.63300013145368e-05	2.79927376712817	0.999999999986728
71.625	12.5	0.999999994442296	0.799992115709333	-1.60873756710785e-05	2.59927578773226	0.999999999388652
71.875	12.5	0.999999986443648	0.799992511234907	-1.58515605822606e-05	2.39927771131702	0.999999998508801
72.125	12.5	0.999999978721287	0.799992920342682	-1.56240809175556e-05	2.19927953453493	0.999999997659342
72.375	12.5	0.999999977478041	0.799993342963824	-1.54065213297608e-05	1.99928125393061	0.999999997522585
72.625	12.5	0.999999991873532	0.799993778777425	-1.52005036814231e-05	1.79928286591803	0.999999999106088
72.875	12.5	1.00000003090551	0.79999422717842	-1.50076596391174e-05	1.59928436679925	1.00000000339961
73.125	12.5	1.00000009650409	0.79999468728179	-1.48295960166485e-05	1.39928575289488	1.00000001061545
73.375	12.5	1.00000017321571	0.799995157997102	-1.46678502748245e-05	1.19928702086455	1.00000001905373
73.625	12.5	1.0000002178323	0.799995638200603	-1.45238354970957e-05	0.999288168254057	1.00000002396155
73.875	12.5	1.00000015652637	0.799996126997544	-1.43987795021471e-05	0.799289194186058	1.0000000172179
74.125	12.5	0.999999900920314	0.799996623995989	-1.42936719566126e-05	0.599290099902124	0.999999989101235
74.375	12.5	0.999999394806497	0.799997129480329	-1.42092445244468e-05	0.399290888609488	0.999999933428715
74.625	12.5	0.999998695323848	0.799997848421784	-1.41460182276751e-05	0.19929156388058	0.999999856485623
74.875	12.5	0.999998071961544	0.399997567015991	-1.41089263500515e-05	-0.000707976350379433	0.99999978791577
0.125	13.5	2.67158314459239e-07	0.399982549149747	0.000680127177541942	58.6048705641169	0.890000029387415
0.375	13.5	-6.01954585240937e-06	0.799947958265647	0.000681294920359496	58.4268783238685	0.889999337849956
0.625	13.5	-1.98329773040282e-05	0.799913271977527	0.000683645322421407	58.2488939875329	0.889997818372497
0.875	13.5	-4.21171701054023e-05	0.799878345998694	0.000687215588005315	58.0709177903973	0.889995367111289
1.125	13.5	-7.23710495761378e-05	0.799843150949389	0.000692055257380531	57.8929499764405	0.889992039184547
1.375	13.5	-0.000107566334341741	0.799807617116556	0.000698225725343711	57.714990771931	0.889988167703222
1.625	13.5	-0.00014112786237061	0.799771671277373	0.000705797885488722	57.5370403186095	0.889984475935139
1.875	13.5	-0.000162065832474918	0.799735234014001	0.000714849143825898	57.3590985860725	0.889982172758428
2.125	13.5	-0.000154383996462533	0.799698217370056	0.000725460057252876	57.1811652680171	0.889983017760389
2.375	13.5	-9.68848610408166e-05	0.79966052359975	0.000737710934371748	57.0032396696843	0.889989342665285
2.625	13.5	3.65371615577169e-05	0.799622045563621	0.00075167880364311	56.8253205961493	0.890004019087771
2.875	13.5	0.000276072914486366	0.799582669106543	0.00076743518780535	56.647406252543	0.890030368020594
3.125	13.5	0.00065466378955737	0.799542277511616	0.000785045115321413	56.4694941675364	0.890072013016851
3.375	13.5	0.00120623348171829	0.799500757888893	0.000804567750511361	56.2915811503366	0.890132685682989
3.625	13.5	0.00196361705095555	0.799458009161768	0.000826058939801677	56.1136632891368	0.890215997875605
3.875	13.5	0.00295635559196561	0.799413951187932	0.000849575860477605	55.9357359956578	0.890325199115116
4.125	13.5	0.00420854299658109	0.799368534504133	0.000875183826573318	55.7577940965183	0.890462939729624
4.375	13.5	0.00573690920096388	0.799321750211276	0.000902965156131181	55.5798319680928	0.890631060012106
4.625	13.5	0.00754930380128979	0.799273639607838	0.000933029831665433	55.4018437076945	0.890830423418142
4.875	13.5	0.00964370896052751	0.799224303309126	0.0009655274866869	55.2238233307112	0.891060807985658
5.125	13.5	0.0120078662577677	0.799173909746347	0.00100066002248807	55.0457649809792	0.891320865288354
5.375	13.5	0.0146195540461043	0.799122703098355	0.00103869390531762	54.8676631403556	0.891608150945072
5.625	13.5	0.0174475052132698	0.799071010858924	0.00107997093008432	54.6895128231561	0.89191922557346
5.875	13.5	0.0204529145125454	0.799019251366014	0.00112491599025302	54.5113097417856	0.89224982059638
6.125	13.5	0.023591453365551	0.798967941696941	0.00117404020129288	54.3330504313368	0.892595059870211
6.375	13.5	0.0268156904569651	0.798917706354118	0.00122793762583056	54.1547323229328	0.892949725950266
6.625	13.5	0.0300778092537398	0.798869287111471	0.00128727387629736	53.9763537578888	0.893308559017911
6.875	13.5	0.033332517911686	0.798823554263187	0.00135276504114539	53.7979139371021	0.893666576970286
7.125	13.5	0.0365400606260201	0.7987815193117	0.00142514568427617	53.6194128022449	0.894019406668862
7.375	13.5	0.0396692592793426	0.79874434886024	0.00150512506070255	53.4408508471534	0.894363618520728
7.625	13.5	0.0427005372782298	0.798713379131617	0.00159333109654896	53.262228859214	0.894697059100605
7.875	13.5	0.0456289019395938	0.798690130108168	0.00169024198746379	53.0835475914968	0.895019179213355
8.125	13.5	0.0484668879459437	0.798676317726163	0.00179610535047399	52.9048073668975	0.895331357674054
8.375	13.5	0.0512474949802273	0.798673861790315	0.0019108446001889	52.7260076155829	0.895637224447825
8.625	13.5	0.0540271925580919	0.798684886185433	0.00203395153501047	52.5471463465242	0.89594299118139
8.875	13.5	0.0568891199942152	0.798711706425973	0.00216436303336899	52.368219552647	0.896257803199364
9.125	13.5	0.0599466834828685	0.79875679746696	0.00230031845311336	52.189220546864	0.896594135183116
9.375	13.5	0.0633478443627414	0.798822731913783	0.00243919323763474	52.0101392226601	0.896968262879902
9.625	13.5	0.0672804913175394	0.798912075324415	0.00257730417585442	51.8309612278045	0.897400854044929
9.875	13.5	0.0719793651527895	0.799027221408043	0.00270968411111012	51.6516670333471	0.897917730166807
10.125	13.5	0.0777349994263342	0.799170146192574	0.00282983077175316	51.47223087335	0.898550849936897
10.375	13.5	0.0849049502544309	0.799342057947623	0.00292944884118689	51.292619526335	0.899339544527987
10.625	13.5	0.093927046489041	0.799542921282988	0.00299823021894973	51.1127909122334	0.900331975113794
10.875	13.5	0.105333250743449	0.799770843790062	0.00302375830619144	50.9326924976243	0.901586657581779
11.125	13.5	0.119760673040834	0.800021339095989	0.00299167881015332	50.7522595513353	0.903173674034492
11.375	13.5	0.137953055735221	0.800286531921426	0.00288634386644209	50.5714133916007	0.905174836130874
11.625	13.5	0.160741730856723	0.800554461208549	0.00269218134074895	50.3900599361866	0.90768159039424
11.875	13.5	0.188990695377551	0.800808772596256	0.00239601045382233	50.2080891183746	0.910788976491531
12.125	13.5	0.2234890256745	0.801029247369528	0.0019903327228755	50.025376035056	0.914583792824195
12.375	13.5	0.264780875763428	0.801193693939933	0.00147719717730131	49.8417849348132	0.919125896333977
12.625	13.5	0.312945355379307	0.801281524509092	0.000871606003860275	49.6571770990673	0.924423989091724
12.875	13.5	0.36737708022622	0.801278621781998	0.000202873526870279	49.4714230032297	0.930411478824884
13.125	13.5	0.426658795324448	0.801181939789807	-0.000487586463958842	49.2844176854	0.936932467485689
13.375	13.5	0.488625722515182	0.801001461391509	-0.00115245203504957	49.0960963174093	0.94374882947667
13.625	13.5	0.55066327098513	0.800757854298453	-0.00174716868352827	48.9064455896587	0.950572959808364
13.875	13.5	0.610166605493838	0.800476589955739	-0.00223810820375672	48.7155069356434	0.957118326604322
14.125	13.5	0.66499613254921	0.800181545294387	-0.00260731955696853	48.5233701825875	0.963149574580413
14.375	13.5	0.713765113229364	0.799891030407998	-0.00285272359829612	48.3301596782375	0.96851416245523
14.625	13.5	0.755892796880737	0.799617032462008	-0.00298469394726901	48.1360172869665	0.973148207656881
14.875	13.5	0.791469163581978	0.79936649013629	-0.00302107006538863	47.9410867373276	0.977061607994018
15.125	13.5	0.821032730945891	0.799143017145616	-0.0029824688265842	47.7455021329199	0.980313600404048
15.375	13.5	0.845351988191077	0.798948194692455	-0.00288889941093429	47.5493813532093	0.982988718701018
15.625	13.5	0.865259157905076	0.79878230195277	-0.00275785324619654	47.3528236018865	0.985178507369558
15.875	13.5	0.88154663199922	0.798644685613962	-0.00260356876586157	47.1559097753066	0.986970129519914
16.125	13.5	0.89491520362303	0.798533977895874	-0.00243704140727197	46.9587043775604	0.988440672398533
16.375	13.5	0.905957035072718	0.798448275749402	-0.00226641110863404	46.7612580443601	0.989655273857999
16.625	13.5	0.915158259402126	0.798385314149285	-0.0020974803649129	46.5636101041386	0.990667408534234
16.875	13.5	0.922910663681241	0.798342629329356	-0.00193422541353108	46.3657908893488	0.991520173004937
17.125	13.5	0.929526179930228	0.798317699897512	-0.00177923915963863	46.1678236932438	0.992247879792325
17.375	13.5	0.93525098362614	0.79830805795963	-0.00163408879544561	45.9697263668684	0.992877608198875
17.625	13.5	0.940277881148638	0.798311368648143	-0.00149959293862366	45.7715125957305	0.99343056692635
17.875	13.5	0.944756673619119	0.798325480978011	-0.00137603150615729	45.5731929091831	0.993923234098103
18.125	13.5	0.948802642915352	0.798348455183284	-0.0012633029082269	45.3747754738582	0.994368290720689
18.375	13.5	0.952503460921897	0.798378572207913	-0.00116104143947714	45.1762667148806	0.994775380701409
18.625	13.5	0.955924831454008	0.798414330572555	-0.00106870509430927	44.9776717998913	0.995151731459941
18.875	13.5	0.959115124882162	0.798454434961793	-0.000985641452338278	44.7789950132253	0.995502663737038
19.125	13.5	0.962109203878147	0.798497779908012	-0.000911137155539794	44.5802400415449	0.995832012426596
19.375	13.5	0.964931584913601	0.798543431056361	-0.000844454907523941	44.381410187777	0.996142474340496
19.625	13.5	0.967599040405804	0.798590605747221	-0.000784860804691283	44.1825085269997	0.996435894444638
19.875	13.5	0.970122720308193	0.798638654062159	-0.000731644053966737	43.9835380156074	0.996713499233901
20.125	13.5	0.972509856436739	0.798687041034259	-0.000684130636006126	43.7845015633412	0.996976084208041
20.375	13.5	0.974765104341549	0.798735330403283	-0.000641692147490263	43.5854020763684	0.99722416147757
20.625	13.5	0.976891572979962	0.798783170072574	-0.000603750835579096	43.3862424783909	0.997458073027796
20.875	13.5	0.978891589554825	0.798830279280141	-0.000569781676907178	43.1870257156778	0.997678074851031
21.125	13.5	0.980767244227374	0.798876437405584	-0.000539312224785879	42.9877547509134	0.997884396865011
21.375	13.5	0.982520756277465	0.798921474286401	-0.000511920836366788	42.7884325498294	0.998077283190521
21.625	13.5	0.984154699449282	0.798965261893636	-0.000487233789092362	42.5890620637526	0.998257016939421
21.875	13.5	0.985672119784808	0.7990077072127	-0.000464921701281767	42.3896462104514	0.998423933176329
22.125	13.5	0.987076574462336	0.799048746180611	-0.000444695584742499	42.1901878550276	0.998578423190857
22.375	13.5	0.98837211531525	0.799088338540923	-0.000426302779794525	41.9906897920582	0.998720932684678
22.625	13.5	0.989563236071689	0.799126463492961	-0.000409522955623074	41.7911547297604	0.998851955967886
22.875	13.5	0.990654798127709	0.799163116023165	-0.000394164302258742	41.5915852766125	0.998972027794048
23.125	13.5	0.991651945969799	0.799198303822778	-0.000380059994476423	41.3919839306034	0.999081714056678
23.375	13.5	0.992560020252382	0.79923204470571	-0.000367064971858708	41.192353071106	0.999181602227762
23.625	13.5	0.993384474011521	0.799264364453286	-0.000355053052477743	40.9926949532357	0.999272292141267
23.875	13.5	0.994130795517621	0.799295295021705	-0.000343914377927142	40.7930117044835	0.999354387506938
24.125	13.5	0.994804439773175	0.799324873056716	-0.00033355317484999	40.5933053233653	0.999428488375049
24.375	13.5	0.995410769570864	0.799353138667723	-0.000323885809425909	40.393577679812	0.999495184652795
24.625	13.5	0.995955006266175	0.799380134420571	-0.000314839107498475	40.1938305170278	0.999555050689279
24.875	13.5	0.996442189914742	0.799405904513191	-0.000306348911086533	39.9940654545538	0.999608640890622
25.125	13.5	0.996877148114355	0.799430494104634	-0.000298358842437032	39.7942839922968	0.999656486292579
25.375	13.5	0.997264472722331	0.799453948771799	-0.000290819248304333	39.5944875153041	0.999699091999456
25.625	13.5	0.997608503547762	0.799476314072075	-0.000283686299327807	39.3946772990937	0.999736935390254
25.875	13.5	0.997913318112485	0.799497635193712	-0.000276921222078845	39.1948545153706	0.999770464992373
26.125	13.5	0.998182726609583	0.799517956678984	-0.000270489643896096	38.9950202379871	0.999800099927054
26.375	13.5	0.99842027124742	0.799537322206927	-0.000264361033319559	38.7951754490245	0.999826229837216
26.625	13.5	0.998629229236933	0.799555774425325	-0.000258508221285723	38.5953210448955	0.999849215216063
26.875	13.5	0.998812618754747	0.799573354823147	-0.000252906990569657	38.3954578423829	0.999869388063022
27.125	13.5	0.99897320728763	0.799590103636045	-0.000247535722649663	38.1955865845471	0.999887052801639
27.375	13.5	0.9991135218337	0.799606059779197	-0.000242375093170915	37.995707946449	0.999902487401707
27.625	13.5	0.999235860500635	0.79962126080215	-0.000237407808324186	37.7958225406451	0.99991594465507
27.875	13.5	0.999342305100786	0.799635742862048	-0.000232618375911772	37.5959309224259	0.999927653561086
28.125	13.5	0.999434734397457	0.79964954071179	-0.00022799290577347	37.3960335947731	0.99993782078372
28.375	13.5	0.99951483770608	0.799662687700301	-0.000223518935178903	37.196131013023	0.999946632147669
28.625	13.5	0.999584128598974	0.799675215782605	-0.000219185275505289	36.9962235892276	0.999954254145887
28.875	13.5	0.999643958503099	0.799687155538098	-0.00021498187711072	36.7963116962114	0.999960835435341
29.125	13.5	0.999695530016996	0.799698536195173	-0.000210899709836252	36.5963956713274	0.99996650830187
29.375	13.5	0.999739909806566	0.799709385661255	-0.000206930656992519	36.3964758199165	0.999971390078722
29.625	13.5	0.999778040969145	0.799719730556649	-0.000203067421007816	36.1965524184822	0.999975584506606
29.875	13.5	0.999810754782119	0.799729596251769	-0.000199303439213197	35.9966257175907	0.999979183026033
30.125	13.5	0.999838781776061	0.799739006906681	-0.000195632808500878	35.7966959445105	0.999982265995367
30.375	13.5	0.999862762092982	0.799747985512517	-0.000192050217761058	35.5967633056067	0.999984903830228
30.625	13.5	0.999883255108548	0.79975655393391	-0.00018855088717021	35.3968279885042	0.99998715806194
30.875	13.5	0.999900748312197	0.799764732952241	-0.00018513051354726	35.1968901640386	0.999989082314342
31.125	13.5	0.999915665452157	0.799772542309245	-0.000181785221145977	34.9969499880076	0.999990723199737
31.375	13.5	0.999928373962904	0.799780000750295	-0.00017851151724001	34.7970076027413	0.99999212113592
31.625	13.5	0.999939191700948	0.799787126067705	-0.000175306252003407	34.5970631385063	0.999993311087104
31.875	13.5	0.999948393021369	0.799793935143155	-0.000172166582365812	34.3971167147583	0.99999432323235
32.125	13.5	0.999956214232321	0.799800443989466	-0.000169089939274082	34.1971684412573	0.999995183565555
32.375	13.5	0.999962858467849	0.799806667791343	-0.000166073998219972	33.99721841906	0.999995914431463
32.625	13.5	0.999968500021333	0.799812620945022	-0.000163116652567652	33.7972667414002	0.999996535002347
32.875	13.5	0.999973288182593	0.799818317096806	-0.00016021598952892	33.5973134944709	0.999997061700085
33.125	13.5	0.999977350621451	0.799823769180061	-0.000157370268507499	33.3973587581167	0.99999750856836
33.375	13.5	0.999980796359741	0.799828989451139	-0.000154577901601777	33.1974026064488	0.999997887599572
33.625	13.5	0.999983718372023	0.799833989523768	-0.000151837436080104	32.9974451083886	0.999998209020923
33.875	13.5	0.999986195853435	0.799838780402083	-0.000149147538617786	32.7974863281508	0.999998481543878
34.125	13.5	0.999988296190653	0.799843372512173	-0.000146506981207938	32.5975263256716	0.999998712580972
34.375	13.5	0.999990076669473	0.799847775732249	-0.000143914628552324	32.3975651569886	0.999998908433642
34.625	13.5	0.999991585949906	0.799851999421495	-0.00014136942673287	32.1976028745791	0.99999907445449
34.875	13.5	0.999992865336918	0.799856052447452	-0.000138870393226382	31.997639527661	0.999999215187061
35.125	13.5	0.999993949872363	0.799859943212045	-0.000136416607925473	31.7976751624608	0.99999933448596
35.375	13.5	0.999994869271125	0.799863679676494	-0.000134007205243843	31.5977098224539	0.999999435619824
35.625	13.5	0.999995648721952	0.799867269384698	-0.00013164136709348	31.3977435485794	0.999999521359415
35.875	13.5	0.999996309571248	0.799870719485646	-0.000129318316696264	31.1977763794327	0.999999594052837
36.125	13.5	0.999996869905913	0.799874036754527	-0.000127037313154792	30.9978083514393	0.99999965568965
36.375	13.5	0.999997345049416	0.799877227612799	-0.000124797646674574	30.7978394990114	0.999999707955436
36.625	13.5	0.99999774798342	0.799880298147138	-0.000122598634388635	30.5978698546898	0.999999752278176
36.875	13.5	0.999998089705762	0.799883254127416	-0.000120439616753916	30.3978994492723	0.999999789867634
37.125	13.5	0.999998379534097	0.799886101023666	-0.000118319954371175	30.1979283119309	0.999999821748751
37.375	13.5	0.999998625363271	0.799888844022195	-0.000116239025280014	29.9979564703185	0.99999984878996
37.625	13.5	0.99999883388331	0.799891488040749	-0.000114196222643663	29.7979839506668	0.999999871727164
37.875	13.5	0.999999010764012	0.799894037742915	-0.000112190952712477	29.5980107778755	0.999999891184041
38.125	13.5	0.99999916081119	0.799896497551701	-0.000110222633165829	29.3980369755949	0.999999907689231
38.375	13.5	0.999999288098893	0.799898871662386	-0.000108290691654943	29.198062566302	0.999999921690878
38.625	13.5	0.999999396081314	0.799901164054667	-0.000106394564616456	28.9980875713701	0.999999933568945
38.875	13.5	0.999999487687473	0.799903378504157	-0.000104533696278475	28.7981120111344	0.999999943645622
39.125	13.5	0.999999565401357	0.799905518593253	-0.00010270753783655	28.5981359049516	0.999999952194149
39.375	13.5	0.999999631329767	0.799907587721352	-0.00010091554678382	28.3981592712564	0.999999959446274
39.625	13.5	0.999999687259763	0.799909589114622	-9.91571864046525e-05	28.1981821276132	0.999999965598574
39.875	13.5	0.999999734707304	0.799911525835183	-9.74319253426749e-05	27.9982044907649	0.999999970817803
40.125	13.5	0.999999774958446	0.799913400789731	-9.57392372911625e-05	27.7982263766782	0.999999975245429
40.375	13.5	0.99999980910427	0.799915216737799	-9.40786007646765e-05	27.5982478005861	0.99999997900147
40.625	13.5	0.99999983807046	0.799916976299495	-9.24494989404455e-05	27.3982687770274	0.999999982187751
40.875	13.5	0.999999862642398	0.799918681962928	-9.08514195519797e-05	27.1982893198844	0.999999984890664
41.125	13.5	0.999999883486437	0.799920336090985	-8.92838548557667e-05	26.9983094424174	0.999999987183508
41.375	13.5	0.999999901167928	0.79992194092814	-8.7746301597379e-05	26.7983291572978	0.999999989128472
41.625	13.5	0.999999916166537	0.799923498606472	-8.62382610749732e-05	26.5983484766389	0.999999990778319
41.875	13.5	0.999999928889219	0.799925011151613	-8.47592391480333e-05	26.3983674120248	0.999999992177814
42.125	13.5	0.999999939681232	0.79992648048844	-8.33087463376287e-05	26.1983859745382	0.999999993364936
42.375	13.5	0.999999948835489	0.799927908446163	-8.18862979153764e-05	25.9984041747857	0.999999994371904
42.625	13.5	0.999999956600483	0.799929296763395	-8.04914139879692e-05	25.7984220229222	0.999999995226053
42.875	13.5	0.999999963187019	0.799930647092918	-7.91236196106195e-05	25.5984395286743	0.999999995950572
43.125	13.5	0.999999968773928	0.799931961006116	-7.77824449137377e-05	25.3984567013612	0.999999996565132
43.375	13.5	0.999999973512907	0.799933239997163	-7.64674251917274e-05	25.1984735499158	0.99999999708642
43.625	13.5	0.999999977532644	0.799934485487076	-7.51781010409673e-05	24.9984900829038	0.999999997528591
43.875	13.5	0.999999980942301	0.799935698827522	-7.39140184489692e-05	24.7985063085417	0.999999997903653
44.125	13.5	0.999999983834469	0.799936881304397	-7.26747289207887e-05	24.5985222347146	0.999999998221792
44.375	13.5	0.99999998628769	0.799938034141198	-7.14597895756968e-05	24.398537868992	0.999999998491646
44.625	13.5	0.999999988368586	0.799939158502216	-7.0268763233126e-05	24.1985532186439	0.999999998720544
44.875	13.5	0.999999990133666	0.799940255495721	-6.91012185218224e-05	23.9985682906547	0.999999998914703
45.125	13.5	0.999999991630866	0.799941326176664	-6.79567299384777e-05	23.7985830917375	0.999999999079395
45.375	13.5	0.999999992900843	0.799942371549553	-6.68348779462387e-05	23.5985976283475	0.999999999219093
45.625	13.5	0.999999993978079	0.799943392570945	-6.57352490238587e-05	23.3986119066937	0.999999999337589
45.875	13.5	0.999999994891832	0.799944390151976	-6.46574357278652e-05	23.1986259327512	0.999999999438101
46.125	13.5	0.999999995666908	0.799945365160579	-6.36010367439812e-05	22.9986397122724	0.99999999952336
46.375	13.5	0.999999996324359	0.799946318423787	-6.25656569230064e-05	22.7986532507973	0.999999999595679
46.625	13.5	0.999999996882037	0.799947250729743	-6.15509073181156e-05	22.5986665536638	0.999999999657024
46.875	13.5	0.99999999735508	0.799948162829677	-6.05564051979521e-05	22.3986796260172	0.999999999709059
47.125	13.5	0.999999997756332	0.799949055439792	-5.95817740740401e-05	22.1986924728191	0.999999999753197
47.375	13.5	0.99999999809669	0.79994992924301	-5.86266437039706e-05	21.9987050988559	0.999999999790636
47.625	13.5	0.999999998385396	0.799950784890646	-5.76906500860038e-05	21.7987175087473	0.999999999822394
47.875	13.5	0.999999998630288	0.799951623003966	-5.67734354532688e-05	21.5987297069539	0.999999999849332
48.125	13.5	0.999999998838016	0.799952444175725	-5.58746482479153e-05	21.3987416977843	0.999999999872182
48.375	13.5	0.999999999014218	0.799953248971559	-5.49939431173817e-05	21.1987534854023	0.999999999891564
48.625	13.5	0.999999999163682	0.799954037931326	-5.41309808698011e-05	20.9987650738336	0.999999999908005
48.875	13.5	0.999999999290462	0.799954811570363	-5.32854284315773e-05	20.7987764669718	0.999999999921951
49.125	13.5	0.999999999398	0.799955570380702	-5.24569588178325e-05	20.5987876685847	0.99999999993378
49.375	13.5	0.999999999489222	0.799956314832198	-5.16452510702981e-05	20.3987986823199	0.999999999943814
49.625	13.5	0.999999999566599	0.79995704537358	-5.08499902077848e-05	20.1988095117099	0.999999999952326
49.875	13.5	0.999999999632232	0.799957762433552	-5.00708671521268e-05	19.9988201601779	0.999999999959545
50.125	13.5	0.999999999687904	0.799958466421594	-4.9307578669472e-05	19.7988306310422	0.999999999965669
50.375	13.5	0.99999999973513	0.799959157729049	-4.85598272953272e-05	19.598840927521	0.999999999970864
50.625	13.5	0.999999999775189	0.79995983672984	-4.78273212474708e-05	19.3988510527367	0.999999999975271
50.875	13.5	0.999999999809171	0.799960503781366	-4.71097743425952e-05	19.1988610097207	0.999999999979009
51.125	13.5	0.999999999837993	0.799961159225234	-4.64069059089139e-05	18.9988708014167	0.999999999982179
51.375	13.5	0.999999999862444	0.799961803387972	-4.57184406790861e-05	18.798880430685	0.999999999984869
51.625	13.5	0.999999999883183	0.799962436581763	-4.50441086990003e-05	18.5988899003062	0.99999999998715
51.875	13.5	0.999999999900775	0.799963059105036	-4.43836452112083e-05	18.3988992129845	0.999999999989085
52.125	13.5	0.9999999999157	0.799963671243077	-4.37367905422723e-05	18.1989083713512	0.999999999990727
52.375	13.5	0.999999999928359	0.799964273268713	-4.31032899904475e-05	17.9989173779678	0.99999999999212
52.625	13.5	0.999999999939098	0.799964865442669	-4.24828936904071e-05	17.7989262353293	0.999999999993301
52.875	13.5	0.999999999948206	0.799965448014303	-4.18753564848644e-05	17.5989349458666	0.999999999994303
53.125	13.5	0.999999999955932	0.79996602122189	-4.12804377890901e-05	17.3989435119502	0.999999999995153
53.375	13.5	0.999999999962489	0.799966585293219	-4.06979014492044e-05	17.1989519358918	0.999999999995874
53.625	13.5	0.999999999968051	0.799967140445993	-4.01275155840063e-05	16.998960219948	0.999999999996486
53.875	13.5	0.999999999972769	0.799967686888247	-3.95690524355015e-05	16.7989683663217	0.999999999997005
54.125	13.5	0.999999999976772	0.79996822481867	-3.90222881975579e-05	16.5989763771652	0.999999999997445
54.375	13.5	0.999999999980168	0.799968754427151	-3.84870028623981e-05	16.3989842545824	0.999999999997818
54.625	13.5	0.999999999983051	0.799969275894939	-3.79629800045481e-05	16.1989920006306	0.999999999998136
54.875	13.5	0.999999999985494	0.79996978939508	-3.74500066346341e-05	15.9989996173229	0.999999999998404
55.125	13.5	0.999999999987567	0.7999702950928	-3.69478729743458e-05	15.7990071066302	0.999999999998632
55.375	13.5	0.999999999989327	0.799970793145666	-3.64563722664602e-05	15.5990144704829	0.999999999998826
55.625	13.5	0.999999999990819	0.799971283704034	-3.59753005544102e-05	15.3990217107732	0.99999999999899
55.875	13.5	0.999999999992086	0.799971766911252	-3.55044564572264e-05	15.1990288293563	0.999999999999129
56.125	13.5	0.999999999993163	0.799972242903986	-3.50436409460107e-05	14.9990358280526	0.999999999999248
56.375	13.5	0.999999999994077	0.799972711812472	-3.45926570838493e-05	14.7990427086492	0.999999999999349
56.625	13.5	0.999999999994854	0.799973173760832	-3.41513097826694e-05	14.5990494729013	0.999999999999434
56.875	13.5	0.999999999995513	0.799973628867314	-3.37194055379724e-05	14.3990561225339	0.999999999999507
57.125	13.5	0.999999999996074	0.799974077244566	-3.32967521427631e-05	14.199062659243	0.999999999999568
57.375	13.5	0.999999999996552	0.799974518999972	-3.28831584111619e-05	13.9990690846973	0.999999999999621
57.625	13.5	0.999999999996957	0.799974954235866	-3.24784338689851e-05	13.7990754005393	0.999999999999665
57.875	13.5	0.999999999997301	0.799975383049875	-3.2082388446186e-05	13.5990816083864	0.999999999999703
58.125	13.5	0.999999999997597	0.799975805535201	-3.16948321601997e-05	13.3990877098323	0.999999999999736
58.375	13.5	0.999999999997849	0.799976221780975	-3.1315574775678e-05	13.1990937064477	0.999999999999763
58.625	13.5	0.999999999998064	0.799976631872568	-3.09444254687304e-05	12.9990995997818	0.999999999999787
58.875	13.5	0.999999999998248	0.799977035891963	-3.0581192470007e-05	12.7991053913627	0.999999999999807
59.125	13.5	0.999999999998405	0.799977433918135	-3.022568271354e-05	12.5991110826986	0.999999999999825
59.375	13.5	0.99999999999854	0.799977826027488	-2.98777014592669e-05	12.3991166752781	0.999999999999839
59.625	13.5	0.999999999998659	0.799978212294282	-2.95370519367606e-05	12.199122170571	0.999999999999852
59.875	13.5	0.999999999998762	0.799978592791097	-2.92035349614379e-05	11.999127570029	0.999999999999864
60.125	13.5	0.999999999998851	0.799978967589438	-2.88769485756106e-05	11.7991328750857	0.999999999999874
60.375	13.5	0.999999999998928	0.799979336760188	-2.85570876657521e-05	11.5991380871568	0.999999999999882
60.625	13.5	0.999999999998994	0.799979700374334	-2.82437436188125e-05	11.3991432076405	0.999999999999889
60.875	13.5	0.999999999999053	0.799980058503572	-2.79367039716646e-05	11.1991482379171	0.999999999999896
61.125	13.5	0.999999999999106	0.799980411221056	-2.76357520867891e-05	10.9991531793489	0.999999999999902
61.375	13.5	0.999999999999154	0.799980758602197	-2.73406668498294e-05	10.7991580332797	0.999999999999907
61.625	13.5	0.999999999999197	0.799981100725485	-2.70512224066773e-05	10.5991628010341	0.999999999999912
61.875	13.5	0.999999999999238	0.799981437673463	-2.67671879372438e-05	10.3991674839166	0.999999999999916
62.125	13.5	0.999999999999277	0.799981769533663	-2.64883274788395e-05	10.1991720832105	0.999999999999921
62.375	13.5	0.999999999999312	0.799982096399728	-2.62143998276036e-05	9.99917660017652	0.999999999999924
62.625	13.5	0.99999999999934	0.79998241837248	-2.59451584881663e-05	9.79918103605122	0.999999999999927
62.875	13.5	0.999999999999361	0.799982735561205	-2.56803517379608e-05	9.59918539204492	0.99999999999993
63.125	13.5	0.99999999999937	0.799983048084895	-2.54197227763945e-05	9.39918966933948	0.999999999999931
63.375	13.5	0.999999999999364	0.799983356073588	-2.51630100022954e-05	9.19919386908576	0.99999999999993
63.625	13.5	0.99999999999935	0.799983659669815	-2.49099474306358e-05	8.9991979924006	0.999999999999929
63.875	13.5	0.999999999999346	0.79998395903006	-2.46602652477018e-05	8.79920204036358	0.999999999999928
64.125	13.5	0.999999999999376	0.799984254326239	-2.44136905584575e-05	8.59920601401332	0.999999999999931
64.375	13.5	0.999999999999467	0.799984545747289	-2.41699483205242e-05	8.39920991434344	0.999999999999941
64.625	13.5	0.999999999999643	0.799984833500704	-2.3928762488319e-05	8.19921374229808	0.999999999999961
64.875	13.5	0.999999999999894	0.799985117814082	-2.3689857400743e-05	7.99921749876713	0.999999999999988
65.125	13.5	1.00000000000016	0.799985398936643	-2.34529594184914e-05	7.79922118458095	1.00000000000002
65.375	13.5	1.00000000000031	0.799985677140702	-2.32177988336533e-05	7.59922480050478	1.00000000000003
65.625	13.5	1.00000000000014	0.799985952723014	-2.29841120784936e-05	7.39922834723286	1.00000000000002
65.875	13.5	0.999999999999422	0.799986226005995	-2.27516442290589e-05	7.19923182538207	0.999999999999936
66.125	13.5	0.999999999998024	0.79998649733878	-2.25201518321809e-05	6.99923523548544	0.999999999999783
66.375	13.5	0.999999999996068	0.799986767098008	-2.22894060536959e-05	6.79923857798531	0.999999999999567
66.625	13.5	0.999999999994147	0.799987035688385	-2.20591961456291e-05	6.59924185322636	0.999999999999356
66.875	13.5	0.999999999993456	0.799987303542811	-2.18293332313036e-05	6.39924506144857	0.99999999999928
67.125	13.5	0.99999999999573	0.799987571122191	-2.15996543852782e-05	6.19924820278013	0.99999999999953
67.375	13.5	1.00000000000274	0.799987838914705	-2.13700269899413e-05	5.99925127723049	1.0000000000003
67.625	13.5	1.00000000001525	0.799988107434571	-2.11403533160049e-05	5.79925428468367	1.00000000000168
67.875	13.5	1.0000000000314	0.799988377220212	-2.09105752945283e-05	5.59925722489197	1.00000000000345
68.125	13.5	1.00000000004496	0.799988648831734	-2.06806793889731e-05	5.39926009747031	1.00000000000495
68.375	13.5	1.00000000004448	0.799988922847723	-2.04507014962607e-05	5.1992629018912	1.00000000000489
68.625	13.5	1.00000000001488	0.799989199861239	-2.02207317773049e-05	4.99926563748076	1.00000000000164
68.875	13.5	0.999999999943356	0.799989480474965	-1.99909192906375e-05	4.79926830341567	0.999999999993769
69.125	13.5	0.999999999830645	0.799989765295482	-1.97614762984836e-05	4.59927089872126	0.999999999981371
69.375	13.5	0.999999999706141	0.799990054926541	-1.95326821072333e-05	4.39927342227088	0.999999999967676
69.625	13.5	0.999999999640981	0.799990349961436	-1.93048862736008e-05	4.1992758727867	0.999999999960508
69.875	13.5	0.99999999974727	0.799990650974426	-1.90785110054048e-05	3.99927824884231	0.9999999999722
70.125	13.5	1.00000000014723	0.799990958511532	-1.88540525616278e-05	3.79928054886781	1.0000000000162
70.375	13.5	1.00000000089796	0.799991273080999	-1.86320814418342e-05	3.59928277115841	1.00000000009878
70.625	13.5	1.00000000187209	0.799991595144076	-1.84132411509843e-05	3.39928491388758	1.00000000020593
70.875	13.5	1.00000000262746	0.799991925106537	-1.8198245333196e-05	3.19928697512551	1.00000000028902
71.125	13.5	1.0000000023478	0.799992263311264	-1.79878731564374e-05	2.99928895286223	1.00000000025826
71.375	13.5	0.999999999985892	0.799992610031297	-1.77829629368177e-05	2.79929084503243	0.999999999998448
71.625	13.5	0.999999994754128	0.799992965461705	-1.75844042008059e-05	2.5992926495357	0.999999999422954
71.875	13.5	0.999999987031283	0.799993329707356	-1.73931285340562e-05	2.39929436424384	0.999999998573441
72.125	13.5	0.999999979531519	0.799993702763387	-1.721009962858e-05	2.19929598698736	0.999999997748467
72.375	13.5	0.999999978196512	0.799994084486859	-1.70363026571251e-05	1.99929751552106	0.999999997601616
72.625	13.5	0.999999991805067	0.799994474563612	-1.68727324139451e-05	1.79929894748549	0.999999999098557
72.875	13.5	1.0000000289903	0.799994872483413	-1.67203784990685e-05	1.59930028040628	1.00000000318893
73.125	13.5	1.00000009163729	0.799995277548006	-1.65802046636701e-05	1.39930151179925	1.0000000100801
73.375	13.5	1.00000016502324	0.79999568894414	-1.64531190890821e-05	1.19930263945621	1.00000001815256
73.625	13.5	1.00000020790667	0.799996105907283	-1.63399342919941e-05	0.999303661947389	1.00000002286973
73.875	13.5	1.00000014978636	0.799996527968802	-1.62413209154867e-05	0.799304579261508	1.0000000164765
74.125	13.5	0.999999906241799	0.799996955211387	-1.615776939117e-05	0.599305393305159	0.999999989686598
74.375	13.5	0.999999423540555	0.799997388425728	-1.60895853295094e-05	0.399306107740207	0.999999936589461
74.625	13.5	0.999998756145717	0.799998023855591	-1.60369542545415e-05	0.19930672644205	0.999999863176029
74.875	13.5	0.99999816124968	0.399997703369056	-1.60048746483745e-05	-0.000692847705199524	0.999999797737465
0.125	14.5	3.98468659697062e-07	0.399985253315637	0.000807404996711228	58.6042038172485	0.890000043831553
0.375	14.5	-5.55145362735038e-06	0.799956077225926	0.000808841692861995	58.4262103707575	0.889999389340101
0.625	14.5	-1.86736477054596e-05	0.799926884574287	0.000811730975628782	58.2482236071349	0.889997945898752
0.875	14.5	-3.99052527083802e-05	0.799897589721234	0.000816106540193931	58.0702437286897	0.889995610422202
1.125	14.5	-6.88055920429493e-05	0.799868217979354	0.000822012986962373	57.8922709353185	0.889992431384875
1.375	14.5	-0.000102521966916523	0.799838759362036	0.000829504898462576	57.7143053986403	0.889988722583639
1.625	14.5	-0.000134811938073068	0.799809204074661	0.000838643988616794	57.5363471974648	0.889985170686812
1.875	14.5	-0.000155209237748674	0.799779540525674	0.00084949543401543	57.3583962331437	0.889982926983848
2.125	14.5	-0.000148453206868655	0.799749753538106	0.000862123616247887	57.1804521292622	0.889983670147245
2.375	14.5	-9.42986446376408e-05	0.79971982343638	0.000876587601662053	57.0025141227248	0.88998962714909
2.625	14.5	3.22061572681468e-05	0.799689726496127	0.000892936766349093	56.824580955529	0.8900035426773
2.875	14.5	0.000259933044209074	0.799659437038726	0.000911207020035882	56.6466507779224	0.890028592634863
3.125	14.5	0.000620396905512079	0.799628931224106	0.00093141808389695	56.4687210738722	0.890068243659606
3.375	14.5	0.00114606422588357	0.799598192380607	0.000953572232687652	56.2907886187368	0.890126067064847
3.625	14.5	0.00186837457624217	0.799567217537039	0.000977654825915072	56.1128494767766	0.890205521203387
3.875	14.5	0.00281563835230268	0.799536024725539	0.00100363683319085	55.9348990429378	0.890309720218753
4.125	14.5	0.00401099084731174	0.799504660608089	0.00103147941426937	55.7569321295517	0.890441208993204
4.375	14.5	0.00547057915895295	0.799473208041046	0.00106114044757297	55.5789430946591	0.890601763707485
4.625	14.5	0.0072021363257098	0.799441793311194	0.00109258271666318	55.4009260050087	0.890792234995828
4.875	14.5	0.00920406060093912	0.799410592922847	0.00112578326111651	55.2228748237698	0.891012446666103
5.125	14.5	0.0114650724271767	0.799379839959209	0.0011607431808698	55.0447836108812	0.891261157966989
5.375	14.5	0.0139644734846744	0.799349830159527	0.00119749695863413	54.8666467228799	0.891536092083314
5.625	14.5	0.016672986907721	0.799320927920935	0.00123612015039103	54.6884589990071	0.891834028559849
5.875	14.5	0.0195541202865256	0.799293572443155	0.00127673411321882	54.5102159212708	0.892150953231518
6.125	14.5	0.0225659669920211	0.79926828417509	0.00131950632333831	54.3319137377454	0.892482256369122
6.375	14.5	0.0256633486144403	0.799245671597674	0.00136464481863377	54.1535495404411	0.892822968347588
6.625	14.5	0.02880020195345	0.799226438196419	0.00141238540595548	53.9751212912917	0.89316802221488
6.875	14.5	0.0319321261864102	0.799211389257088	0.00146297052541439	53.7966277919129	0.893512533880505
7.125	14.5	0.0350190260820108	0.799201437882453	0.0015166190626409	53.6180685945567	0.893852092869021
7.375	14.5	0.0380278109546768	0.79919760940895	0.00157348693181514	53.439443853002	0.894183059205015
7.625	14.5	0.0409351320781551	0.799201043224546	0.0016336188769615	53.260754112939	0.894502864528597
7.875	14.5	0.0437301604527351	0.799212990867873	0.00169689259999603	53.0820000417813	0.894810317649801
8.125	14.5	0.0464174216785748	0.799234809219223	0.00176295694755852	52.9031820978545	0.895105916384643
8.375	14.5	0.0490197181158531	0.799267947535953	0.00183116640192572	52.7243001386556	0.895392168992744
8.625	14.5	0.0515811867575777	0.799313926970147	0.00190051446668322	52.5453529673109	0.895673930543334
8.875	14.5	0.0541705728680606	0.799374310934832	0.00196956869907463	52.3663378153346	0.895958763015487
9.125	14.5	0.0568848531497645	0.799450664138417	0.0020364101687858	52.1872497579388	0.896257333846474
9.375	14.5	0.0598534234734523	0.799544497170286	0.0020985801590602	52.008081054978	0.89658387658208
9.625	14.5	0.0632431726262583	0.799657192075791	0.00215303722869114	51.8288204055881	0.896956748988888
9.875	14.5	0.067264878230275	0.799789902321051	0.00219612870871974	51.6494520973598	0.89739913660533
10.125	14.5	0.0721814429267455	0.799943417855726	0.00222358283315632	51.4699550217216	0.897939958721942
10.375	14.5	0.0783184581070786	0.800117982668006	0.00223053161576499	51.290301517594	0.898615030391779
10.625	14.5	0.0860772984629573	0.800313048599169	0.00221158089017292	51.1104559991054	0.899468502830925
10.875	14.5	0.0959501866634979	0.800526946361775	0.00216095293884274	50.9303733278252	0.900554520532985
11.125	14.5	0.108535094747905	0.800756455782297	0.00207273823160359	50.7499969189701	0.90193886042227
11.375	14.5	0.12454557468912	0.800996269624915	0.00194130322952378	50.5692566452663	0.903700013215803
11.625	14.5	0.14480636820113	0.801238383619978	0.00176190419872257	50.3880667492914	0.905928700502124
11.875	14.5	0.170220298679413	0.801471532499544	0.00153153958158185	50.2063242214789	0.908724232854736
12.125	14.5	0.201687458169466	0.801680948497595	0.00125001656103366	50.023908447575	0.912185620398641
12.375	14.5	0.239958851434162	0.801848922892324	0.000921093200702267	49.8406833048429	0.916395473657758
12.625	14.5	0.285421199886001	0.801956761501008	0.000553391776635526	49.6565030858758	0.92139633198746
12.875	14.5	0.337844301993235	0.801988436258206	0.000160626893703511	49.4712232956632	0.927162873219256
13.125	14.5	0.396172143314426	0.801935268104991	-0.000239305010774096	49.2847161345023	0.933578935764587
13.375	14.5	0.45847457228801	0.801799637315647	-0.0006265232051252	49.0968883586413	0.940432202951681
13.625	14.5	0.522150936451	0.801595266718357	-0.000982215515354021	48.9076970349335	0.94743660300961
13.875	14.5	0.584370195887268	0.801343262264144	-0.0012915854789435	48.7171580104533	0.954280721547599
14.125	14.5	0.642598804985912	0.801065959558892	-0.00154568718846981	48.5253438217309	0.96068586854845
14.375	14.5	0.695012812848158	0.800781966564967	-0.00174167926776539	48.3323716369511	0.966451409413297
14.625	14.5	0.740662843467357	0.800504312680026	-0.00188176016833017	48.1383853916825	0.971472912781409
14.875	14.5	0.779396206314902	0.800241153739098	-0.00197147367034373	47.9435375088474	0.975733582694639
15.125	14.5	0.811636353091609	0.799997372681283	-0.00201804275849866	47.7479743077684	0.979279998840077
15.375	14.5	0.838133521615877	0.799775884417759	-0.00202910066708814	47.551826795818	0.982194687377746
15.625	14.5	0.859759928650973	0.799578340423305	-0.00201189925852074	47.3552064954522	0.984573592151607
15.875	14.5	0.877374349599748	0.799405423384558	-0.00197291034687187	47.1582049364687	0.986511178455972
16.125	14.5	0.89174956509496	0.799256986367602	-0.00191768850064684	46.9608953023794	0.988092452160446
16.375	14.5	0.903544281820727	0.799132180517626	-0.00185088082848937	46.7633350387578	0.98938987100028
16.625	14.5	0.913301300278766	0.799029609906446	-0.00177630547568634	46.5655686599558	0.990463143030664
16.875	14.5	0.921458498630827	0.798947500957631	-0.00169705338197776	46.3676303494317	0.991360434849391
17.125	14.5	0.928364359134741	0.798883863216462	-0.00161559059766692	46.1695461890467	0.992120079504822
17.375	14.5	0.934293672043181	0.79883662498267	-0.00153385185890161	45.9713359885649	0.99277230392475
17.625	14.5	0.939461520536947	0.798803737120707	-0.0014533229996294	45.7730147508043	0.993340767259064
17.875	14.5	0.944035005657533	0.798783245606155	-0.00137511275304705	45.5745938300851	0.993843850622329
18.125	14.5	0.948142809249907	0.798773337232346	-0.00130001541426926	45.3760818425735	0.99429570901749
18.375	14.5	0.951882927031558	0.798772364231453	-0.00122856581783816	45.1774853793248	0.994707121973471
18.625	14.5	0.955328936549499	0.79877885343006	-0.00116108774071194	44.9788095628901	0.995086183020445
18.875	14.5	0.958535114044279	0.798791504750922	-0.00109773646965714	44.7800584792427	0.995438862544871
19.125	14.5	0.961540641676516	0.798809182870235	-0.00103853599430464	44.5812355095282	0.995769470584417
19.375	14.5	0.964373080169921	0.798830904880716	-0.000983411128607561	44.3823435807697	0.996081038818691
19.625	14.5	0.967051231372963	0.798855825995953	-0.000932214809518909	44.183385350832	0.996375635451026
19.875	14.5	0.969587481195464	0.79888322468331	-0.000884750838888709	43.9843633402319	0.996654622931501
20.125	14.5	0.971989692715216	0.798912488121474	-0.000840792389032641	43.7852800213944	0.996918866198674
20.375	14.5	0.97426270785985	0.798943098520598	-0.000800096656144836	43.5861378744023	0.997168897864584
20.625	14.5	0.976409510191372	0.798974620590778	-0.000762416099172557	43.3869394169872	0.997405046121051
20.875	14.5	0.978432098080346	0.799006690275068	-0.000727506733786008	43.1876872153509	0.997627530788838
21.125	14.5	0.980332115052846	0.799039004754376	-0.000695133958453699	42.9883838813359	0.997836532655813
21.375	14.5	0.982111281272732	0.799071313666767	-0.000665076373086149	42.7890320604722	0.998032240940001
21.625	14.5	0.98377166656717	0.799103411448304	-0.000637128016030173	42.5896344145144	0.998214883322389
21.875	14.5	0.985315841112146	0.799135130687266	-0.000611099397124539	42.3901936012665	0.998384742522336
22.125	14.5	0.986746935091737	0.799166336381114	-0.000586817649839222	42.1907122537752	0.998542162860091
22.375	14.5	0.988068633639257	0.79919692098939	-0.000564126069593516	41.9911929603673	0.998687549700318
22.625	14.5	0.989285128462548	0.799226800183178	-0.000542883251061004	41.7916382465097	0.99882136413088
22.875	14.5	0.990401042992884	0.799255909202026	-0.000522961988824398	41.5920505590746	0.998944114729217
23.125	14.5	0.991421343842042	0.799284199737742	-0.000504248063472238	41.3924322532932	0.999056347822625
23.375	14.5	0.992351247892213	0.799311637274771	-0.000486639000100739	41.1927855824586	0.999158637268143
23.625	14.5	0.993196131499831	0.799338198823583	-0.00047004285822838	40.9931126902842	0.999251574464981
23.875	14.5	0.993961446039451	0.799363870993725	-0.000454377090432359	40.7934156057251	0.99933575906434
24.125	14.5	0.994652642288644	0.799388648357206	-0.00043956749069166	40.5936962400107	0.999411790651751
24.375	14.5	0.995275104883419	0.799412532061437	-0.000425547242204108	40.3939563856068	0.999480261537176
24.625	14.5	0.995834097174935	0.799435528654337	-0.00041225606597311	40.1941977168244	0.999541750689243
24.875	14.5	0.996334716214664	0.799457649091239	-0.000399639466849891	39.9944217917957	0.999596818783613
25.125	14.5	0.996781857215812	0.799478907895298	-0.00038764807013307	39.7946300555605	0.999646004293739
25.375	14.5	0.997180186625062	0.799499322448559	-0.000376237040793098	39.5948238440283	0.999689820528757
25.625	14.5	0.997534122841101	0.799518912393952	-0.000365365576324225	39.3950043886066	0.999728753512521
25.875	14.5	0.99784782359772	0.799537699130251	-0.000354996464624955	39.1951728213134	0.999763260595749
26.125	14.5	0.998125179060505	0.79955570538634	-0.0003450956986377	38.9953301802165	0.999793769696656
26.375	14.5	0.998369809747066	0.79957295486235	-0.000335632140375662	38.7954774150658	0.999820679072177
26.625	14.5	0.998585068456715	0.799589471927109	-0.000326577227467981	38.5956153930071	0.999844357530239
26.875	14.5	0.9987740454771	0.799605281363483	-0.000317904716459274	38.3957449042842	0.999865145002481
27.125	14.5	0.998939576416914	0.799620408154057	-0.000309590457619284	38.1958666678534	0.999883353405861
27.375	14.5	0.999084252091479	0.799634877301826	-0.000301612196930057	37.9959813368517	0.999899267730063
27.625	14.5	0.999210429960522	0.799648713679416	-0.000293949401332428	37.7960895038687	0.999913147295658
27.875	14.5	0.999320246683808	0.799661941904241	-0.000286583104054322	37.5961917059889	0.999925227135219
28.125	14.5	0.999415631420614	0.799674586234485	-0.000279495767207234	37.3962884295762	0.999935719456268
28.375	14.5	0.999498319553745	0.799686670484105	-0.000272671159272165	37.1963801147849	0.999944815150912
28.625	14.5	0.999569866567823	0.799698217953075	-0.000266094245418784	36.9964671597851	0.999952685322461
28.875	14.5	0.999631661856055	0.799709251372082	-0.000259751089078696	36.7965499246991	0.999959482804166
29.125	14.5	0.999684942269641	0.799719792858614	-0.000253628763094343	36.5966287352486	0.999965343649661
29.375	14.5	0.999730805259582	0.799729863883396	-0.000247715269372623	36.3967038861181	0.999970388578554
29.625	14.5	0.999770221492887	0.799739485245756	-0.000241999465948018	36.1967756440419	0.999974724364218
29.875	14.5	0.999804046853298	0.799748677056735	-0.000236471000443098	35.9968442506256	0.999978445153863
30.125	14.5	0.999833033762041	0.799757458728468	-0.000231120249361264	35.7969099249142	0.999981633713825
30.375	14.5	0.99985784177579	0.799765848969672	-0.000225938262326077	35.5969728657217	0.999984362595337
30.625	14.5	0.999879047438103	0.799773865785754	-0.00022091671096621	35.3970332537361	0.999986695218191
30.875	14.5	0.999897153376569	0.799781526482945	-0.000216047841747129	35.1970912534154	0.999988686871423
31.125	14.5	0.999912596651554	0.799788847676277	-0.000211324432489721	34.9971470146909	0.999990385631671
31.375	14.5	0.999925756373345	0.799795845300034	-0.000206739752135604	34.7972006744928	0.999991833201068
31.625	14.5	0.999936960613395	0.799802534621074	-0.000202287523646726	34.5972523581126	0.999993065667473
31.875	14.5	0.999946492642154	0.799808930253708	-0.000197961889483346	34.397302180419	0.999994114190637
32.125	14.5	0.999954596530943	0.799815046176458	-0.000193757379741562	34.1973502469383	0.999995005618404
32.375	14.5	0.999961482158758	0.799820895749933	-0.000189668882543114	33.9973966548153	0.999995763037463
32.625	14.5	0.999967329666884	0.799826491735562	-0.000185691616650681	33.7974414936654	0.999996406263357
32.875	14.5	0.999972293405094	0.799831846315205	-0.000181821106043998	33.5974848463296	0.99999695227456
33.125	14.5	0.999976505413019	0.799836971110988	-0.000178053156402449	33.3975267895437	0.999997415595432
33.375	14.5	0.999980078479433	0.79984187720539	-0.00017438383331457	33.1975673945301	0.999997808632738
33.625	14.5	0.999983108820589	0.799846575161713	-0.000170809442132356	32.9976067275223	0.999998141970265
33.875	14.5	0.999985678416816	0.799851075044108	-0.000167326509382584	32.7976448502292	0.99999842462585
34.125	14.5	0.999987857044136	0.799855386437492	-0.000163931765529464	32.5976818202461	0.999998664274855
34.375	14.5	0.99998970403525	0.799859518467479	-0.000160622129140218	32.3977176914204	0.999998867443878
34.625	14.5	0.999991269801401	0.799863479819481	-0.000157394692323744	32.1977525141748	0.999999039678154
34.875	14.5	0.999992597144025	0.799867278757883	-0.00015424670721031	31.9977863357963	0.999999185685843
35.125	14.5	0.999993722382362	0.799870923144212	-0.000151175573665951	31.797819200693	0.99999930946206
35.375	14.5	0.999994676320552	0.799874420455235	-0.000148178827924422	31.5978511506235	0.999999414395261
35.625	14.5	0.999995485075344	0.799877777800314	-0.00014525413217334	31.3978822249024	0.999999503358288
35.875	14.5	0.999996170783122	0.799881001938084	-0.000142399265035487	31.1979124605848	0.999999578786143
36.125	14.5	0.99999675220279	0.799884099292809	-0.000139612112829946	30.9979418926322	0.999999642742307
36.375	14.5	0.999997245229098	0.799887075969903	-0.000136890661599323	30.7979705540624	0.999999696975201
36.625	14.5	0.999997663329102	0.799889937770988	-0.000134232989808332	30.597998476085	0.999999742966201
36.875	14.5	0.999998017912857	0.799892690208351	-0.000131637261671148	30.3980256882245	0.999999781970414
37.125	14.5	0.999998318647962	0.799895338518815	-0.000129101721085642	30.1980522184326	0.999999815051276
37.375	14.5	0.999998573726229	0.799897887677006	-0.000126624686074145	29.9980780931901	0.999999843109885
37.625	14.5	0.999998790089638	0.799900342408015	-0.000124204543709452	29.7981033376009	0.99999986690986
37.875	14.5	0.999998973621702	0.7999027071997	-0.000121839745521793	29.5981279754778	0.999999887098387
38.125	14.5	0.999999129309479	0.799904986314236	-0.000119528803261373	29.398152029422	0.999999904224043
38.375	14.5	0.999999261380716	0.79990718379925	-0.00011727028507363	29.198175520896	0.999999918751879
38.625	14.5	0.999999373419925	0.799909303498433	-0.00011506281200058	28.998198470291	0.999999931076192
38.875	14.5	0.999999468466613	0.799911349061733	-0.000112905054754768	28.79822089699	0.999999941531327
39.125	14.5	0.999999549098456	0.799913323954929	-0.000110795730830417	28.5982428194257	0.99999995040083
39.375	14.5	0.999999617501684	0.799915231468947	-0.000108733601820233	28.3982642551346	0.999999957925185
39.625	14.5	0.999999675530701	0.799917074728493	-0.000106717470968437	28.1982852208078	0.999999964308377
39.875	14.5	0.99999972475856	0.799918856700612	-0.000104746180944169	27.9983057323379	0.999999969723442
40.125	14.5	0.999999766519738	0.799920580202496	-0.000102818611791864	27.7983258048632	0.999999974317171
40.375	14.5	0.999999801946363	0.799922247909103	-0.000100933679040203	27.5983454528091	0.9999999782141
40.625	14.5	0.999999831998937	0.799923862360417	-9.90903319914567e-05	27.3983646899266	0.999999981519883
40.875	14.5	0.999999857492365	0.799925425968255	-9.72875521060871e-05	27.1983835293288	0.99999998432416
41.125	14.5	0.99999987911803	0.799926941022829	-9.55243515526423e-05	26.998401983525	0.999999986702983
41.375	14.5	0.999999897462517	0.799928409698911	-9.37997718458493e-05	26.7984200644528	0.999999988720877
41.625	14.5	0.999999913023498	0.799929834061758	-9.21128825821296e-05	26.5984377835082	0.999999990432585
41.875	14.5	0.999999926223201	0.799931216072735	-9.04627802899912e-05	26.3984551515743	0.999999991884552
42.125	14.5	0.999999937419843	0.799932557594558	-8.88485873277325e-05	26.1984721790479	0.999999993116183
42.375	14.5	0.999999946917317	0.799933860396478	-8.72694508959929e-05	25.998488875865	0.999999994160905
42.625	14.5	0.999999954973437	0.799935126158943	-8.57245420718855e-05	25.7985052515243	0.999999995047078
42.875	14.5	0.999999961806917	0.799936356478267	-8.42130549476346e-05	25.5985213151103	0.999999995798761
43.125	14.5	0.999999967603289	0.79993755287093	-8.27342057936906e-05	25.398537075314	0.999999996436362
43.375	14.5	0.999999972519946	0.79993871677764	-8.12872322857819e-05	25.1985525404533	0.999999996977194
43.625	14.5	0.999999976690396	0.799939849567324	-7.98713927616213e-05	24.9985677184921	0.999999997435944
43.875	14.5	0.99999998022789	0.799940952540714	-7.84859655518163e-05	24.798582617058	0.999999997825068
44.125	14.5	0.999999983228493	0.799942026933965	-7.71302483041022e-05	24.5985972434594	0.999999998155134
44.375	14.5	0.999999985773691	0.799943073921965	-7.58035573802848e-05	24.3986116047016	0.999999998435106
44.625	14.5	0.999999987932604	0.799944094621416	-7.45052272490597e-05	24.1986257075021	0.999999998672586
44.875	14.5	0.999999989763861	0.799945090093906	-7.32346099495015e-05	23.9986395583047	0.999999998874025
45.125	14.5	0.999999991317192	0.799946061348788	-7.19910745340916e-05	23.7986531632935	0.999999999044891
45.375	14.5	0.99999999263478	0.799947009345734	-7.07740065716795e-05	23.5986665284056	0.999999999189826
45.625	14.5	0.999999993752405	0.79994793499745	-6.9582807649302e-05	23.3986796593433	0.999999999312765
45.875	14.5	0.999999994700412	0.799948839171988	-6.84168949159746e-05	23.1986925615857	0.999999999417045
46.125	14.5	0.999999995504548	0.79994972269508	-6.72757006131537e-05	22.9987052403999	0.9999999995055
46.375	14.5	0.999999996186646	0.799950586352313	-6.61586716620223e-05	22.7987177008509	0.999999999580531
46.625	14.5	0.999999996765227	0.799951430891195	-6.50652692256439e-05	22.598729947812	0.999999999644175
46.875	14.5	0.999999997256002	0.799952257023082	-6.39949683309859e-05	22.3987419859739	0.99999999969816
47.125	14.5	0.999999997672296	0.799953065425064	-6.29472574530989e-05	22.1987538198532	0.999999999743952
47.375	14.5	0.999999998025415	0.799953856741712	-6.19216381626221e-05	21.9987654538015	0.999999999782796
47.625	14.5	0.999999998324942	0.799954631586707	-6.09176247351201e-05	21.7987768920129	0.999999999815744
47.875	14.5	0.999999998579011	0.799955390544427	-5.99347438296597e-05	21.5987881385316	0.999999999843691
48.125	14.5	0.999999998794524	0.799956134171474	-5.89725341121325e-05	21.398799197259	0.999999999867398
48.375	14.5	0.999999998977331	0.799956862998016	-5.80305459511086e-05	21.1988100719607	0.999999999887506
48.625	14.5	0.999999999132395	0.799957577529175	-5.71083410754074e-05	20.9988207662731	0.999999999904563
48.875	14.5	0.999999999263929	0.799958278246301	-5.62054922527874e-05	20.7988312837087	0.999999999919032
49.125	14.5	0.999999999375503	0.799958965608077	-5.53215830096675e-05	20.5988416276631	0.999999999931305
49.375	14.5	0.999999999470142	0.799959640051796	-5.44562072970985e-05	20.3988518014194	0.999999999941716
49.625	14.5	0.999999999550418	0.799960301994296	-5.36089692056e-05	20.1988618081543	0.999999999950546
49.875	14.5	0.99999999961851	0.799960951833029	-5.27794826980788e-05	19.9988716509425	0.999999999958036
50.125	14.5	0.999999999676272	0.799961589947087	-5.19673713006894e-05	19.7988813327618	0.99999999996439
50.375	14.5	0.999999999725266	0.799962216697978	-5.11722678412152e-05	19.5988908564972	0.999999999969779
50.625	14.5	0.999999999766828	0.799962832430585	-5.03938141651557e-05	19.3989002249458	0.999999999974351
50.875	14.5	0.999999999802081	0.799963437473942	-4.96316608838649e-05	19.1989094408202	0.999999999978229
51.125	14.5	0.999999999831985	0.799964032142053	-4.88854671017543e-05	18.9989185067526	0.999999999981518
51.375	14.5	0.99999999985735	0.799964616734479	-4.81549001557469e-05	18.7989274252987	0.999999999984309
51.625	14.5	0.999999999878867	0.799965191537248	-4.74396353654864e-05	18.5989361989411	0.999999999986675
51.875	14.5	0.999999999897117	0.799965756823303	-4.67393557818961e-05	18.3989448300924	0.999999999988683
52.125	14.5	0.999999999912598	0.799966312853238	-4.60537519193269e-05	18.1989533210984	0.999999999990386
52.375	14.5	0.999999999925729	0.799966859875843	-4.53825215311609e-05	17.9989616742416	0.99999999999183
52.625	14.5	0.999999999936868	0.799967398128681	-4.47253693501264e-05	17.7989698917434	0.999999999993056
52.875	14.5	0.999999999946319	0.799967927838561	-4.40820068483495e-05	17.5989779757674	0.999999999994095
53.125	14.5	0.999999999954335	0.799968449222105	-4.34521519864312e-05	17.3989859284218	0.999999999994977
53.375	14.5	0.999999999961135	0.799968962486191	-4.28355289827944e-05	17.1989937517617	0.999999999995725
53.625	14.5	0.999999999966903	0.799969467828427	-4.22318680526646e-05	16.9990014477918	0.999999999996359
53.875	14.5	0.999999999971798	0.799969965437482	-4.16409051963358e-05	16.7990090184686	0.999999999996898
54.125	14.5	0.99999999997595	0.799970455493651	-4.10623819136941e-05	16.5990164657023	0.999999999997355
54.375	14.5	0.999999999979472	0.799970938169124	-4.04960449894517e-05	16.3990237913592	0.999999999997742
54.625	14.5	0.99999999998246	0.799971413628437	-3.99416462539209e-05	16.1990309972635	0.999999999998071
54.875	14.5	0.999999999984996	0.799971882028739	-3.93989423080244e-05	15.9990380851993	0.99999999999835
55.125	14.5	0.999999999987147	0.799972343520275	-3.88676943000446e-05	15.7990450569122	0.999999999998586
55.375	14.5	0.99999999998897	0.799972798246573	-3.83476676649265e-05	15.599051914111	0.999999999998787
55.625	14.5	0.999999999990518	0.799973246344871	-3.78386318715411e-05	15.3990586584696	0.999999999998957
55.875	14.5	0.999999999991834	0.799973687946394	-3.73403601730325e-05	15.1990652916284	0.999999999999102
56.125	14.5	0.999999999992951	0.79997412317668	-3.68526293441033e-05	14.9990718151954	0.999999999999225
56.375	14.5	0.999999999993898	0.799974552155862	-3.63752194247647e-05	14.7990782307483	0.999999999999329
56.625	14.5	0.999999999994701	0.799974974998993	-3.59079134549758e-05	14.5990845398353	0.999999999999417
56.875	14.5	0.999999999995384	0.799975391816337	-3.54504972103927e-05	14.3990907439762	0.999999999999492
57.125	14.5	0.999999999995965	0.799975802713679	-3.50027589316675e-05	14.1990968446642	0.999999999999556
57.375	14.5	0.999999999996458	0.799976207792619	-3.45644890600125e-05	13.9991028433663	0.99999999999961
57.625	14.5	0.999999999996877	0.79997660715089	-3.41354799563331e-05	13.7991087415248	0.999999999999656
57.875	14.5	0.999999999997233	0.799977000882695	-3.37155256384482e-05	13.5991145405579	0.999999999999696
58.125	14.5	0.999999999997537	0.799977389078978	-3.33044214918479e-05	13.3991202418608	0.999999999999729
58.375	14.5	0.999999999997797	0.79997777182783	-3.29019640050723e-05	13.1991258468062	0.999999999999758
58.625	14.5	0.999999999998019	0.799978149214781	-3.25079504980997e-05	12.9991313567452	0.999999999999782
58.875	14.5	0.999999999998208	0.799978521323221	-3.21221788431969e-05	12.7991367730078	0.999999999999803
59.125	14.5	0.99999999999837	0.799978888234739	-3.17444471994606e-05	12.5991420969034	0.999999999999821
59.375	14.5	0.99999999999851	0.799979250029569	-3.13745537590446e-05	12.3991473297212	0.999999999999836
59.625	14.5	0.99999999999863	0.799979606786981	-3.10122964846977e-05	12.1991524727306	0.999999999999849
59.875	14.5	0.999999999998732	0.799979958585752	-3.06574728692242e-05	11.999157527181	0.999999999999861
60.125	14.5	0.999999999998821	0.799980305504652	-3.03098797058055e-05	11.7991624943024	0.99999999999987
60.375	14.5	0.999999999998899	0.79998064762297	-2.99693128814174e-05	11.599167375305	0.999999999999879
60.625	14.5	0.999999999998966	0.799980985020998	-2.96355671729075e-05	11.399172171379	0.999999999999886
60.875	14.5	0.999999999999024	0.799981317780658	-2.93084360916659e-05	11.1991768836944	0.999999999999893
61.125	14.5	0.999999999999074	0.799981645986094	-2.89877117317926e-05	10.9991815134007	0.999999999999898
61.375	14.5	0.999999999999118	0.799981969724305	-2.86731846841812e-05	10.7991860616256	0.999999999999903
61.625	14.5	0.999999999999159	0.799982289085839	-2.83646439600429e-05	10.5991905294751	0.999999999999908
61.875	14.5	0.999999999999196	0.799982604165493	-2.80618769781792e-05	10.3991949180319	0.999999999999912
62.125	14.5	0.999999999999231	0.799982915063061	-2.77646696169712e-05	10.1991992283543	0.999999999999915
62.375	14.5	0.999999999999261	0.799983221884132	-2.74728062980814e-05	9.99920346147523	0.999999999999919
62.625	14.5	0.999999999999287	0.799983524740894	-2.7186070171833e-05	9.7992076184002	0.999999999999922
62.875	14.5	0.999999999999301	0.799983823752966	-2.69042433549175e-05	9.59921170010596	0.999999999999923
63.125	14.5	0.999999999999302	0.799984119048297	-2.6627107284228e-05	9.39921570753833	0.999999999999923
63.375	14.5	0.99999999999929	0.799984410763989	-2.63544431412588e-05	9.19921964161004	0.999999999999922
63.625	14.5	0.999999999999269	0.79998469904726	-2.60860323920393e-05	8.99922350319836	0.99999999999992
63.875	14.5	0.999999999999257	0.79998498405629	-2.58216574594814e-05	8.79922729314242	0.999999999999918
64.125	14.5	0.999999999999278	0.79998526596113	-2.55611025018277e-05	8.5992310122404	0.999999999999921
64.375	14.5	0.999999999999363	0.799985544944536	-2.53041543299173e-05	8.39923466124641	0.99999999999993
64.625	14.5	0.999999999999535	0.799985821202857	-2.5050603488022e-05	8.19923824086724	0.999999999999949
64.875	14.5	0.999999999999786	0.799986094946713	-2.4800245457514e-05	7.99924175175884	0.999999999999976
65.125	14.5	1.00000000000005	0.799986366401793	-2.45528820480838e-05	7.79924519452268	1.00000000000001
65.375	14.5	1.00000000000019	0.79998663580938	-2.43083229342312e-05	7.59924856970189	1.00000000000002
65.625	14.5	0.999999999999988	0.799986903426881	-2.40663873676039e-05	7.39925187777729	0.999999999999999
65.875	14.5	0.999999999999222	0.799987169528146	-2.38269060508081e-05	7.19925511916333	0.999999999999914
66.125	14.5	0.999999999997757	0.799987434403634	-2.35897231796489e-05	6.99925829420392	0.999999999999753
66.375	14.5	0.999999999995736	0.799987698360387	-2.33546986346221e-05	6.79926140316827	0.999999999999531
66.625	14.5	0.999999999993783	0.799987961721724	-2.31217103232528e-05	6.59926444624678	0.999999999999316
66.875	14.5	0.99999999999314	0.799988224826746	-2.28906566450733e-05	6.39926742354697	0.999999999999245
67.125	14.5	0.999999999995564	0.799988488029439	-2.26614590638231e-05	6.19927033508965	0.999999999999512
67.375	14.5	1.00000000000282	0.799988751697539	-2.24340647509641e-05	5.99927318080528	1.00000000000031
67.625	14.5	1.0000000000156	0.799989016210991	-2.22084492772498e-05	5.79927596053069	1.00000000000172
67.875	14.5	1.00000000003189	0.799989281960033	-2.19846192910222e-05	5.59927867400637	1.00000000000351
68.125	14.5	1.00000000004533	0.799989549342915	-2.17626151464419e-05	5.39928132087412	1.00000000000499
68.375	14.5	1.00000000004441	0.799989818763156	-2.15425134142896e-05	5.19928390067557	1.00000000000489
68.625	14.5	1.00000000001418	0.799990090626391	-2.13244292174091e-05	4.9992864128513	1.00000000000156
68.875	14.5	0.99999999994218	0.799990365336787	-2.11085183021653e-05	4.79928885674075	0.99999999999364
69.125	14.5	0.999999999829529	0.799990643292914	-2.0894978796652e-05	4.59929123158299	0.999999999981248
69.375	14.5	0.999999999705628	0.799990924883168	-2.06840525535148e-05	4.39929353651814	0.999999999967619
69.625	14.5	0.99999999964064	0.799991210480671	-2.04760260122974e-05	4.19929577058976	0.99999999996047
69.875	14.5	0.99999999974434	0.799991500437758	-2.02712304859159e-05	3.99929793274832	0.999999999971877
70.125	14.5	1.00000000013581	0.799991795080274	-2.00700417783038e-05	3.7993000218564	1.00000000001494
70.375	14.5	1.00000000087045	0.79999209470196	-1.98728790212717e-05	3.59930203669632	1.00000000009575
70.625	14.5	1.00000000182504	0.799992399559495	-1.96802026135496e-05	3.39930397598133	1.00000000020075
70.875	14.5	1.0000000025728	0.799992709868566	-1.94925111764177e-05	3.19930583837085	1.00000000028301
71.125	14.5	1.00000000232721	0.799993025801131	-1.93103374954875e-05	2.99930762248908	1.00000000025599
71.375	14.5	1.00000000007993	0.799993347483247	-1.91342435484497e-05	2.79930932694405	1.00000000000879
71.625	14.5	0.999999995070593	0.799993674991754	-1.89648149043624e-05	2.59931095034131	0.999999999457765
71.875	14.5	0.99999998765311	0.79999400834688	-1.88026549155245e-05	2.39931249128393	0.999999998641842
72.125	14.5	0.999999980410744	0.799994347497587	-1.86483791568727e-05	2.19931394835178	0.999999997845182
72.375	14.5	0.999999979006097	0.799994692298123	-1.850261021275e-05	1.9993153200598	0.999999997690671
72.625	14.5	0.999999991809224	0.799995042479341	-1.83659721320276e-05	1.79931660481156	0.999999999099015
72.875	14.5	1.00000002705919	0.799995397627161	-1.82390826024331e-05	1.59931780088831	1.00000000297651
73.125	14.5	1.00000008658453	0.799995757191354	-1.8122539590371e-05	1.39931890653815	1.0000000095243
73.375	14.5	1.0000001564289	0.799996120554976	-1.80168988072553e-05	1.199319920237	1.00000001720718
73.625	14.5	1.00000019743025	0.799996487188773	-1.79226403364707e-05	0.999320841155498	1.00000002171733
73.875	14.5	1.00000014261363	0.799996856883612	-1.78401286153545e-05	0.799321669757312	1.0000000156875
74.125	14.5	0.999999911761023	0.799997229989513	-1.77695802331954e-05	0.599322408264552	0.999999990293713
74.375	14.5	0.999999453779756	0.799997607559386	-1.77110665556905e-05	0.399323060495459	0.999999939915773
74.625	14.5	0.999998820318087	0.799998176273956	-1.76645885223738e-05	0.199323630393692	0.99999987023499
74.875	14.5	0.99999825555375	0.399997836716173	-1.76352951039396e-05	-0.000675974080334115	0.999999808110912
0.125	15.5	4.50821174535293e-07	0.399988284475505	0.000911818497772957	58.6034333828932	0.890000049590329
0.375	15.5	-5.21288016107757e-06	0.799965174784513	0.000913332987892803	58.4254385863842	0.889999426583182
0.625	15.5	-1.77296189870532e-05	0.799942109599481	0.000916374933573111	58.2474491094721	0.889998049741912
0.875	15.5	-3.80163338702469e-05	0.799919048353028	0.000920970065554188	58.0694651276614	0.889995818203274
1.125	15.5	-6.56747157776099e-05	0.79989605688933	0.00092715171574765	57.8914868055075	0.889992775781265
1.375	15.5	-9.80009830396623e-05	0.799873168424426	0.000934959631264953	57.7135142716616	0.889989219891866
1.625	15.5	-0.00012904740058914	0.799850417403278	0.000944437026986166	57.535547556923	0.889985804785935
1.875	15.5	-0.000148819537543471	0.799827837536223	0.000955626803682113	57.3575865129467	0.88998362985087
2.125	15.5	-0.000142724568559819	0.79980545984288	0.000968567146287297	57.1796307158764	0.889984300297459
2.375	15.5	-9.13830799706641e-05	0.799783311312466	0.000983286817077614	57.0016793616779	0.889989947861203
2.625	15.5	2.91110683356664e-05	0.799761414616106	0.000999800540359796	56.823731162117	0.890003202217517
2.875	15.5	0.000246444059718138	0.799739789117943	0.00101810491976346	56.6457842516779	0.890027108846569
3.125	15.5	0.000590865530802894	0.799718453221725	0.00103817532560099	56.4678361159579	0.890064995208388
3.375	15.5	0.00109357574875328	0.79969742788765	0.00105996413687433	56.2898835510713	0.890120293332363
3.625	15.5	0.00178483950911594	0.799676740992154	0.00108340062507809	56.1119226614254	0.890196332346003
3.875	15.5	0.00269198454241243	0.799656432106924	0.00110839263690099	55.9339489001372	0.890296118299665
4.125	15.5	0.00383745827779062	0.799636557251691	0.00113483008124484	55.7559571526999	0.890422120410557
4.375	15.5	0.0052371128619165	0.7996171932263	0.00116259006691108	55.5779418607186	0.890576082414811
4.625	15.5	0.00689886608096943	0.799598441226646	0.00119154337761788	55.3998971790276	0.890758875268907
4.875	15.5	0.00882184932801462	0.799580429579411	0.00122156181789682	55.2218171566478	0.890970403426082
5.125	15.5	0.0109961085303707	0.799563315556269	0.00125252581874834	55.0436959300877	0.891209571938341
5.375	15.5	0.0134028761468501	0.799547286334946	0.00128433155850305	54.8655279165685	0.891474316376153
5.625	15.5	0.0160153879377037	0.799532559237477	0.00131689673688015	54.6873079948586	0.891761692673147
5.875	15.5	0.0188001823549581	0.799519381387662	0.0013501640482408	54.5090316624018	0.892068020059045
6.125	15.5	0.0217187968980983	0.799508028881965	0.00138410134784694	54.3306951591026	0.892389067658791
6.375	15.5	0.0247297666482607	0.79949880546391	0.00141869751238706	54.1522955501836	0.892720274331309
6.625	15.5	0.0277908353778477	0.799492040541234	0.00145395308450874	53.9738307626544	0.893056991891563
6.875	15.5	0.0308613069344073	0.799488086204362	0.00148986497869206	53.7952995718235	0.893394743762785
7.125	15.5	0.0339044899512417	0.799487312730384	0.00152640482596276	53.6167015357208	0.893729493894637
7.375	15.5	0.036890217110299	0.799490101919727	0.00156349094786153	53.4380368761579	0.894057923882133
7.625	15.5	0.0397974459057336	0.79949683756168	0.00160095446361075	53.2593063054037	0.894377719049631
7.875	15.5	0.0426169672260601	0.799507892393762	0.00163850062198037	53.0805107972022	0.894687866394867
8.125	15.5	0.0453542599377641	0.799523611130835	0.0016756670708816	52.901651300226	0.894988968593154
8.375	15.5	0.0480325365901219	0.799544289493039	0.00171178138758773	52.7227283911853	0.895283579024913
8.625	15.5	0.0506960338495954	0.799570149623742	0.00174592074599768	52.5437418637129	0.895576563723456
8.875	15.5	0.0534136207682777	0.799601312801763	0.00177687706193858	52.3646902476884	0.895875498284511
9.125	15.5	0.0562828387313978	0.799637770826716	0.00180313132839633	52.1855702514773	0.896191112260454
9.375	15.5	0.0594345563867815	0.799679357781033	0.00182284115894411	52.0063761161	0.896537801202546
9.625	15.5	0.063038520663606	0.799725723900105	0.00183384587084906	51.8270988649652	0.896934237272997
9.875	15.5	0.0673101957171366	0.799776312797331	0.00183369386052942	51.6477254250379	0.897404121528885
10.125	15.5	0.0725193641648697	0.799830341974834	0.00181969765184808	51.4682375852983	0.897977130058136
10.375	15.5	0.0790009363334468	0.799886783907715	0.00178902285261792	51.2886107475648	0.898690102996679
10.625	15.5	0.0871681252755556	0.799944340429572	0.00173881814914336	51.1088124172284	0.899588493780311
10.875	15.5	0.0975273567481521	0.800001396332486	0.00166639379215751	50.9288003854462	0.900728009242297
11.125	15.5	0.110692643193521	0.800055930097157	0.00156945446589845	50.7485205847134	0.902176190751287
11.375	15.5	0.127394241845555	0.800105355519318	0.00144638670791417	50.5679046797855	0.904013366603011
11.625	15.5	0.148471967510422	0.800146280752566	0.00129658801101165	50.3868676167153	0.906331916426146
11.875	15.5	0.174837971877384	0.800174225067592	0.00112080152045018	50.2053056238006	0.909232176906512
12.125	15.5	0.207389326173984	0.800183455521894	0.000921387487582769	50.0230955404779	0.912812825879138
12.375	15.5	0.246852594884765	0.800167286899853	0.00070243025820226	49.8400967632173	0.917153785437324
12.625	15.5	0.293559047367081	0.800119304703342	0.000469571901193868	49.6561573124425	0.922291495210379
12.875	15.5	0.347186877444863	0.800035735276427	0.000229514320242461	49.471125148324	0.928190556518935
13.125	15.5	0.406558831191834	0.799918344708988	-1.07439142730699e-05	49.2848645053105	0.934721471431102
13.375	15.5	0.469616890214441	0.799776137377525	-0.000244718121828381	49.0972747222784	0.941657857923589
13.625	15.5	0.533660998616409	0.799623976696338	-0.000467012614990869	48.9083067631913	0.948702709847805
13.875	15.5	0.595820828422629	0.799478043706866	-0.0006734913044997	48.7179720055559	0.955540291126489
14.125	15.5	0.653594474796888	0.79935060309993	-0.000861110854391404	48.5263400219295	0.961895392227658
14.375	15.5	0.705245228967091	0.799247165271965	-0.00102765205433984	48.3335261746641	0.96757697518638
14.625	15.5	0.749935750485883	0.79916708615434	-0.00117155728723135	48.1396734446874	0.972492932553447
14.875	15.5	0.787620491197525	0.79910622535424	-0.00129192306886882	47.9449340031164	0.976638254031728
15.125	15.5	0.81880714397643	0.799059641916218	-0.00138856575309129	47.7494545903906	0.980068785837407
15.375	15.5	0.844302073908402	0.799023214646159	-0.00146205546439767	47.5533672966469	0.982873228129924
15.625	15.5	0.86500870434221	0.798994149183729	-0.00151366454781421	47.3567853272899	0.985150957477643
15.875	15.5	0.881798658073617	0.798970822763679	-0.00154523563084883	47.1598023711689	0.986997852388098
16.125	15.5	0.895445813692508	0.798952403542625	-0.00155900516504382	46.9624940842627	0.988499039506176
16.375	15.5	0.906603441035843	0.798938492374139	-0.00155742097715303	46.7649205294809	0.989726378513943
16.625	15.5	0.915805933223342	0.798928872635505	-0.00154298080352562	46.5671288339762	0.990738652654568
16.875	15.5	0.92348197036316	0.798923367488975	-0.00151810493896743	46.3691556721312	0.991583016739948
17.125	15.5	0.929971232759855	0.79892177463337	-0.00148504566888898	46.1710294126094	0.992296835603584
17.375	15.5	0.935540645775541	0.798923847428337	-0.00144583012471814	45.9727718977734	0.99290947103531
17.625	15.5	0.94039851836269	0.798929299397555	-0.00140223063086712	45.7743998853109	0.993443837019896
17.875	15.5	0.944706210091131	0.798937817841942	-0.0013557561378307	45.5759262034994	0.993917683110024
18.125	15.5	0.948587537783047	0.798949078845186	-0.00130765889406068	45.3773606729596	0.994344629156135
18.375	15.5	0.952136323109718	0.798962760125768	-0.00125895144348307	45.1787108408193	0.994734995542069
18.625	15.5	0.955422485553666	0.798978550562877	-0.00121043001249675	44.9799825642242	0.995096473410903
18.875	15.5	0.958497014754141	0.798996156426498	-0.00116270123389374	44.7811804719033	0.995434671622956
19.125	15.5	0.961396070889857	0.799015304861118	-0.00111620990845744	44.5823083260075	0.995753567797884
19.375	15.5	0.964144387343213	0.799035745317072	-0.00107126613367934	44.3833693017178	0.996055882607753
19.625	15.5	0.966758094762758	0.799057249582919	-0.00102807064822918	44.1843661988252	0.996343390423903
19.875	15.5	0.969247049486687	0.799079610956358	-0.000986737665623953	43.9853015972093	0.996617175443536
20.125	15.5	0.971616728243301	0.799102642952155	-0.000947314811808724	43.7861779665014	0.996877840106763
20.375	15.5	0.973869740383766	0.799126177820599	-0.000909800046376039	43.586997738935	0.997125671442214
20.625	15.5	0.976007004374405	0.799150065046605	-0.000874155644393757	43.3877633532802	0.997360770481185
20.875	15.5	0.978028633621034	0.799174169921488	-0.000840319451082021	43.1884772767261	0.997583149698314
21.125	15.5	0.979934575740009	0.79919837222862	-0.000808213705311877	42.9891420105813	0.997792803331401
21.375	15.5	0.981725047904527	0.799222565050818	-0.000777751768669627	42.7897600847007	0.997989755269498
21.625	15.5	0.983400808377161	0.799246653690696	-0.000748843104553978	42.590334044629	0.998174088921488
21.875	15.5	0.984963300770642	0.799270554687871	-0.000721396836396457	42.3908664346147	0.998345963084771
22.125	15.5	0.986414703209936	0.799294194916633	-0.000695324183424282	42.1913597788876	0.998505617353093
22.375	15.5	0.987757909761247	0.799317510749145	-0.000670540033610495	41.9918165629464	0.998653370073737
22.625	15.5	0.988996466611022	0.799340447273549	-0.000646963871963186	41.7922392160577	0.998789611327212
22.875	15.5	0.990134480822608	0.799362957559298	-0.000624520241581014	41.5926300957272	0.998914792890487
23.125	15.5	0.991176515285292	0.79938500196564	-0.000603138877807458	41.3929914745679	0.999029416681382
23.375	15.5	0.992127479826199	0.79940654748989	-0.000582754623422143	41.1933255297277	0.999134022780882
23.625	15.5	0.992992525428327	0.7994275671549	-0.000563307205356315	40.9936343348634	0.999229177797116
23.875	15.5	0.993776946077704	0.79944803943461	-0.000544740931642515	40.7939198545221	0.999315464068547
24.125	15.5	0.994486090898916	0.799467947717396	-0.00052700434974348	40.5941839407147	0.999393469998881
24.375	15.5	0.995125287858251	0.79948727980625	-0.000510049894096743	40.3944283314271	0.999463781664408
24.625	15.5	0.995699779335095	0.799506027455083	-0.000493833541203137	40.1946546507986	0.999526975726861
24.875	15.5	0.996214669204295	0.79952418594006	-0.000478314482962964	39.9948644106979	0.999583613612472
25.125	15.5	0.996674880659646	0.799541753663869	-0.000463454824454689	39.7950590134438	0.999634236872561
25.375	15.5	0.997085123777956	0.799558731792182	-0.000449219308621529	39.5952397554354	0.999679363615575
25.625	15.5	0.997449871720943	0.799575123919565	-0.000435575068304678	39.3954078314832	0.999719485889304
25.875	15.5	0.997773344456921	0.799590935763755	-0.000422491404690035	39.1955643396549	0.999755067890261
26.125	15.5	0.998059498924608	0.799606174885629	-0.000409939590411324	38.9957102864775	0.999786544881707
26.375	15.5	0.998312024633998	0.79962085043409	-0.000397892695117301	38.795846592358	0.99981432270974
26.625	15.5	0.998534343788448	0.799634972913147	-0.000386325431392576	38.5959740971094	0.999838777816729
26.875	15.5	0.998729615107068	0.799648553970155	-0.00037521401862281	38.3960935654841	0.999860257661777
27.125	15.5	0.99890074062053	0.799661606203611	-0.000364536062805128	38.1962056926401	0.999879081468258
27.375	15.5	0.999050374802871	0.799674142989087	-0.000354270450267279	37.9963111094744	0.999895541228316
27.625	15.5	0.999180935484398	0.799686178321934	-0.000344397253494704	37.7964103877754	0.999909902903284
27.875	15.5	0.999294616066239	0.79969772667557	-0.00033489764754977	37.5965040451574	0.999922407767286
28.125	15.5	0.999393398625074	0.799708802874437	-0.000325753835516337	37.3965925497482	0.999933273848758
28.375	15.5	0.999479067557537	0.799719421980428	-0.000316948981780753	37.1966763246121	0.999942697431329
28.625	15.5	0.999553223468552	0.799729599191698	-0.000308467152120797	36.9967557518953	0.999950854581541
28.875	15.5	0.999617297056759	0.79973934975313	-0.000300293259400182	36.79683117669	0.999957902676244
29.125	15.5	0.999672562793833	0.799748688877699	-0.000292413014290045	36.5969029106149	0.999963981907322
29.375	15.5	0.999720152233475	0.799757631677203	-0.000284812880170663	36.3969712351176	0.999969216745682
29.625	15.5	0.999761066820453	0.799766193102883	-0.000277480031534045	36.1970364045051	0.99997371735025
29.875	15.5	0.99979619010072	0.799774387893571	-0.000270402315569931	35.9970986487132	0.999977580911079
30.125	15.5	0.99982629926045	0.799782230532016	-0.000263568216270801	35.7971581758268	0.99998089291865
30.375	15.5	0.999852075945359	0.799789735207867	-0.000256966820856098	35.5972151743635	0.99998372835399
30.625	15.5	0.999874116331846	0.799796915787084	-0.000250587788140318	35.3972698153372	0.999986152796503
30.875	15.5	0.999892940438613	0.799803785786918	-0.00024442131863208	35.1973222541143	0.999988223448247
31.125	15.5	0.999909000681871	0.799810358356184	-0.000238458126159172	34.9973726320804	0.999989990075006
31.375	15.5	0.999922689689042	0.799816646259731	-0.000232689410901335	34.7974210781308	0.999991495865795
31.625	15.5	0.999934347395186	0.79982266186747	-0.000227106833621894	34.5974677100008	0.99999277821347
31.875	15.5	0.99994426745382	0.799828417146474	-0.000221702491112554	34.39751263545	0.99999386941992
32.125	15.5	0.999952702999148	0.799833923656669	-0.000216468892732305	34.1975559533148	0.999994797329906
32.375	15.5	0.999959871800434	0.799839192548977	-0.000211398937962841	33.9975977544414	0.999995585898048
32.625	15.5	0.999965960851552	0.799844234566106	-0.000206485894985338	33.7976381225124	0.999996255693671
32.875	15.5	0.999971130439824	0.799849060045018	-0.000201723380228112	33.5976771347781	0.999996824348381
33.125	15.5	0.999975517738275	0.799853678921734	-0.000197105338839495	33.3977148627024	0.99999730695121
33.375	15.5	0.99997923996458	0.799858100736996	-0.000192626026112838	33.197751372534	0.999997716396104
33.625	15.5	0.999982397148602	0.799862334643761	-0.000188279989756135	32.9977867258104	0.999998063686346
33.875	15.5	0.999985074548444	0.799866389415201	-0.000184062053139974	32.7978209798039	0.999998358200329
34.125	15.5	0.999987344752545	0.799870273453963	-0.000179967299311173	32.5978541879154	0.99999860792278
34.375	15.5	0.999989269502886	0.799873994801887	-0.000175991055921952	32.3978864000227	0.999998819645317
34.625	15.5	0.999990901271624	0.799877561150127	-0.00017212888094068	32.19791766279	0.999998999139879
34.875	15.5	0.999992284620745	0.79988097985002	-0.000168376549198827	31.9979480199414	0.999999151308282
35.125	15.5	0.999993457371605	0.799884257923834	-0.000164730039653873	31.797977512505	0.999999280310877
35.375	15.5	0.999994451608561	0.799887402075984	-0.0001611855234508	31.5980061790303	0.999999389676942
35.625	15.5	0.999995294538383	0.799890418704047	-0.000157739352687389	31.3980340557817	0.999999482399222
35.875	15.5	0.999996009224714	0.799893313910115	-0.000154388049849186	31.1980611769131	0.999999561014719
36.125	15.5	0.999996615214671	0.799896093511784	-0.000151128297912234	30.9980875746233	0.999999627673614
36.375	15.5	0.99999712907257	0.799898763053241	-0.000147956931066134	30.7981132792974	0.999999684197983
36.625	15.5	0.999997564833934	0.799901327816106	-0.000144870926040156	30.5981383196337	0.999999732131733
36.875	15.5	0.99999793439122	0.799903792830154	-0.000141867393966306	30.3981627227588	0.999999772783034
37.125	15.5	0.999998247821242	0.799906162883653	-0.000138943572789907	30.198186514333	0.999999807260337
37.375	15.5	0.999998513662831	0.799908442533799	-0.000136096820171592	29.9982097186457	0.999999836502911
37.625	15.5	0.999998739152181	0.799910636116375	-0.000133324606843279	29.7982323587027	0.99999986130674
37.875	15.5	0.999998930422205	0.79991274775573	-0.000130624510421134	29.5982544563071	0.999999882346443
38.125	15.5	0.999999092671349	0.799914781373928	-0.000127994209607769	29.3982760321331	0.999999900193848
38.375	15.5	0.99999923030652	0.799916740699952	-0.000125431478799898	29.1982971057938	0.999999915333717
38.625	15.5	0.999999347064058	0.799918629278488	-0.000122934182992346	28.998317695905	0.999999928177046
38.875	15.5	0.999999446112165	0.799920450478321	-0.000120500273111966	28.7983378201432	0.999999939072338
39.125	15.5	0.999999530137573	0.799922207500584	-0.000118127781542341	28.5983574953005	0.999999948315133
39.375	15.5	0.999999601418959	0.799923903386617	-0.00011581481803595	28.3983767373345	0.999999956156086
39.625	15.5	0.999999661889082	0.799925541025474	-0.000113559565807708	28.1983955614164	0.999999962807799
39.875	15.5	0.99999971318742	0.799927123161255	-0.000111360277932342	27.9984139819743	0.999999968450616
40.125	15.5	0.999999756704758	0.79992865240001	-0.000109215273946178	27.7984320127352	0.999999973237523
40.375	15.5	0.999999793620974	0.799930131216488	-0.000107122936652213	27.598449666763	0.999999977298307
40.625	15.5	0.999999824937048	0.799931561960454	-0.000105081709126124	27.3984669564953	0.999999980743075
40.875	15.5	0.999999851502212	0.799932946862898	-0.000103090091916076	27.1984838937773	0.999999983665243
41.125	15.5	0.999999874036963	0.799934288041834	-0.000101146640386692	26.9985004898936	0.999999986144066
41.375	15.5	0.999999893152573	0.799935587507906	-9.92499622407194e-05	26.7985167555987	0.999999988246783
41.625	15.5	0.999999909367653	0.799936847169766	-9.7398715171361e-05	26.5985327011451	0.999999990030442
41.875	15.5	0.999999923122195	0.799938068839108	-9.55916046469269e-05	26.39854833631	0.999999991543441
42.125	15.5	0.999999934789472	0.79993925423565	-9.38273818343071e-05	26.1985636704207	0.999999992826842
42.375	15.5	0.99999994468616	0.799940404991613	-9.21048416190093e-05	25.9985787123783	0.999999993915478
42.625	15.5	0.99999995308091	0.799941522656315	-9.04228207490492e-05	25.7985934706799	0.9999999948389
42.875	15.5	0.999999960201626	0.799942608700268	-8.87801960671675e-05	25.5986079534401	0.999999995622179
43.125	15.5	0.999999966241643	0.799943664519197	-8.71758828427386e-05	25.3986221684109	0.999999996286581
43.375	15.5	0.999999971364966	0.799944691437971	-8.560883318913e-05	25.1986361230004	0.999999996850146
43.625	15.5	0.999999975710719	0.799945690714057	-8.40780345701743e-05	24.9986498242908	0.999999997328179
43.875	15.5	0.999999979396907	0.799946663541116	-8.25825083519422e-05	24.7986632790557	0.99999999773366
44.125	15.5	0.999999982523637	0.79994761105225	-8.1121308470211e-05	24.5986764937751	0.9999999980776
44.375	15.5	0.999999985175819	0.799948534323087	-7.96935201312292e-05	24.3986894746515	0.99999999836934
44.625	15.5	0.999999987425477	0.799949434374799	-7.82982585899377e-05	24.1987022276236	0.999999998616802
44.875	15.5	0.999999989333709	0.799950312176866	-7.69346679749674e-05	23.99871475838	0.999999998826708
45.125	15.5	0.999999990952332	0.799951168649792	-7.5601920178475e-05	23.7987270723719	0.999999999004757
45.375	15.5	0.999999992325298	0.799952004667659	-7.42992137958604e-05	23.5987391748256	0.999999999155783
45.625	15.5	0.999999993489895	0.799952821060459	-7.30257731176325e-05	23.3987510707533	0.999999999283888
45.875	15.5	0.999999994477748	0.799953618616504	-7.17808471458275e-05	23.1987627649644	0.999999999392552
46.125	15.5	0.999999995315681	0.799954398084471	-7.05637086799835e-05	22.9987742620757	0.999999999484725
46.375	15.5	0.999999996026444	0.799955160175509	-6.93736534317976e-05	22.7987855665212	0.999999999562909
46.625	15.5	0.999999996629341	0.799955905565262	-6.82099991758826e-05	22.5987966825611	0.999999999629227
46.875	15.5	0.999999997140742	0.799956634895599	-6.70720849346708e-05	22.3988076142905	0.999999999685482
47.125	15.5	0.999999997574532	0.799957348776458	-6.59592702185842e-05	22.1988183656481	0.999999999733199
47.375	15.5	0.99999999794249	0.799958047787438	-6.48709342494622e-05	21.9988289404235	0.999999999773674
47.625	15.5	0.999999998254604	0.799958732479464	-6.38064752873316e-05	21.798839342265	0.999999999808006
47.875	15.5	0.999999998519352	0.799959403376203	-6.27653099036883e-05	21.5988495746864	0.999999999837129
48.125	15.5	0.99999999874392	0.79996006097549	-6.17468723614012e-05	21.3988596410736	0.999999999861831
48.375	15.5	0.999999998934411	0.799960705750736	-6.07506139445951e-05	21.1988695446912	0.999999999882785
48.625	15.5	0.999999999095991	0.799961338152063	-5.97760023726655e-05	20.9988792886882	0.999999999900559
48.875	15.5	0.99999999923305	0.799961958607665	-5.88225212201423e-05	20.798888876104	0.999999999915635
49.125	15.5	0.999999999349308	0.799962567524825	-5.78896693273308e-05	20.5988983098733	0.999999999928424
49.375	15.5	0.999999999447924	0.799963165291044	-5.69769602775233e-05	20.3989075928315	0.999999999939272
49.625	15.5	0.999999999531572	0.799963752275059	-5.60839218731948e-05	20.1989167277195	0.999999999948473
49.875	15.5	0.999999999602527	0.799964328827766	-5.5210095615109e-05	19.9989257171883	0.999999999956278
50.125	15.5	0.999999999662712	0.79996489528324	-5.43550362284332e-05	19.7989345638032	0.999999999962898
50.375	15.5	0.999999999713764	0.799965451959483	-5.35183111782748e-05	19.598943270048	0.999999999968514
50.625	15.5	0.999999999757071	0.799965999159258	-5.26995002336392e-05	19.3989518383291	0.999999999973278
50.875	15.5	0.999999999793806	0.799966537170968	-5.18981950011198e-05	19.1989602709787	0.999999999977319
51.125	15.5	0.999999999824964	0.799967066269283	-5.11139985119988e-05	18.998968570259	0.999999999980746
51.375	15.5	0.999999999851396	0.799967586715882	-5.03465248101954e-05	18.7989767383649	0.999999999983654
51.625	15.5	0.999999999873817	0.79996809876009	-4.95953985321827e-05	18.5989847774276	0.99999999998612
51.875	15.5	0.999999999892833	0.799968602639526	-4.88602545293509e-05	18.3989926895173	0.999999999988212
52.125	15.5	0.999999999908962	0.799969098580679	-4.81407374972265e-05	18.1990004766465	0.999999999989986
52.375	15.5	0.999999999922646	0.799969586799473	-4.74365015772558e-05	17.9990081407722	0.999999999991491
52.625	15.5	0.999999999934254	0.799970067501836	-4.6747210022271e-05	17.7990156837986	0.999999999992768
52.875	15.5	0.999999999944101	0.79997054088412	-4.60725348217659e-05	17.5990231075799	0.999999999993851
53.125	15.5	0.999999999952457	0.799971007133647	-4.54121563818672e-05	17.3990304139222	0.99999999999477
53.375	15.5	0.999999999959543	0.799971466429206	-4.4765763169051e-05	17.1990376045859	0.99999999999555
53.625	15.5	0.999999999965553	0.799971918941359	-4.41330513972358e-05	16.9990446812878	0.999999999996211
53.875	15.5	0.999999999970651	0.799972364833008	-4.35137246832781e-05	16.7990516457029	0.999999999996772
54.125	15.5	0.999999999974976	0.799972804259658	-4.29074937540862e-05	16.5990584994665	0.999999999997247
54.375	15.5	0.999999999978646	0.799973237369915	-4.23140761265778e-05	16.399065244176	0.999999999997651
54.625	15.5	0.999999999981758	0.799973664305778	-4.17331957972153e-05	16.1990718813924	0.999999999997993
54.875	15.5	0.999999999984399	0.799974085202988	-4.11645829456243e-05	15.999078412642	0.999999999998284
55.125	15.5	0.999999999986639	0.79997450019145	-4.06079736446235e-05	15.799084839418	0.99999999999853
55.375	15.5	0.99999999998854	0.799974909395453	-4.00631095558695e-05	15.5990911631816	0.999999999998739
55.625	15.5	0.999999999990152	0.799975312934059	-3.95297376584201e-05	15.399097385364	0.999999999998917
55.875	15.5	0.999999999991522	0.799975710921413	-3.90076099499207e-05	15.1991035073668	0.999999999999067
56.125	15.5	0.999999999992682	0.799976103467019	-3.84964831782739e-05	14.9991095305641	0.999999999999195
56.375	15.5	0.999999999993668	0.79997649067607	-3.79961185612098e-05	14.799115456303	0.999999999999303
56.625	15.5	0.999999999994505	0.799976872649724	-3.75062815186237e-05	14.5991212859047	0.999999999999396
56.875	15.5	0.999999999995216	0.799977249485429	-3.70267413955487e-05	14.3991270206657	0.999999999999474
57.125	15.5	0.99999999999582	0.799977621277188	-3.65572712094515e-05	14.1991326618587	0.99999999999954
57.375	15.5	0.999999999996333	0.799977988115889	-3.60976473881629e-05	13.9991382107331	0.999999999999597
57.625	15.5	0.999999999996769	0.799978350089565	-3.56476495122916e-05	13.7991436685162	0.999999999999645
57.875	15.5	0.99999999999714	0.799978707283749	-3.52070600735179e-05	13.5991490364133	0.999999999999685
58.125	15.5	0.999999999997453	0.799979059781747	-3.4775664230312e-05	13.3991543156089	0.99999999999972
58.375	15.5	0.999999999997722	0.799979407664956	-3.43532495736233e-05	13.1991595072668	0.999999999999749
58.625	15.5	0.999999999997951	0.79997975101323	-3.39396058999288e-05	12.9991646125308	0.999999999999775
58.875	15.5	0.999999999998148	0.799980089905164	-3.35345249992076e-05	12.7991696325246	0.999999999999796
59.125	15.5	0.999999999998315	0.799980424418477	-3.31378004487422e-05	12.5991745683528	0.999999999999815
59.375	15.5	0.99999999999846	0.799980754630363	-3.27492274150049e-05	12.3991794211003	0.999999999999831
59.625	15.5	0.999999999998582	0.799981080617849	-3.23686024859284e-05	12.199184191833	0.999999999999844
59.875	15.5	0.999999999998687	0.79998140245822	-3.19957235079067e-05	11.9991888815973	0.999999999999856
60.125	15.5	0.999999999998777	0.799981720229391	-3.16303894342803e-05	11.7991934914206	0.999999999999865
60.375	15.5	0.999999999998854	0.799982034010322	-3.12724002232521e-05	11.5991980223103	0.999999999999874
60.625	15.5	0.999999999998922	0.799982343881505	-3.09215567235033e-05	11.3992024752541	0.999999999999881
60.875	15.5	0.99999999999898	0.799982649925342	-3.05776606223484e-05	11.1992068512194	0.999999999999888
61.125	15.5	0.999999999999029	0.799982952226698	-3.02405144049125e-05	10.9992111511526	0.999999999999893
61.375	15.5	0.999999999999072	0.799983250873292	-2.99099213510726e-05	10.7992153759787	0.999999999999898
61.625	15.5	0.99999999999911	0.799983545956315	-2.95856855788365e-05	10.5992195266003	0.999999999999902
61.875	15.5	0.999999999999144	0.799983837570839	-2.92676121238089e-05	10.3992236038967	0.999999999999906
62.125	15.5	0.999999999999175	0.799984125816395	-2.89555070647275e-05	10.1992276087229	0.999999999999909
62.375	15.5	0.999999999999202	0.799984410797517	-2.86491777157086e-05	9.99923154190862	0.999999999999912
62.625	15.5	0.999999999999221	0.799984692624262	-2.83484328589121e-05	9.79923540425658	0.999999999999914
62.875	15.5	0.99999999999923	0.799984971412764	-2.80530830501207e-05	9.59923919654135	0.999999999999915
63.125	15.5	0.999999999999224	0.79998524728577	-2.77629409818996e-05	9.39924291950766	0.999999999999915
63.375	15.5	0.999999999999205	0.799985520373175	-2.74778219340223e-05	9.1992465738687	0.999999999999913
63.625	15.5	0.999999999999179	0.799985790812555	-2.71975442810204e-05	8.99925016030424	0.99999999999991
63.875	15.5	0.999999999999161	0.799986058749637	-2.69219300965837e-05	8.7992536794587	0.999999999999908
64.125	15.5	0.999999999999176	0.799986324338771	-2.66508058340125e-05	8.59925713193898	0.999999999999909
64.375	15.5	0.999999999999258	0.799986587743365	-2.63840030931743e-05	8.39926051831233	0.999999999999918
64.625	15.5	0.99999999999943	0.799986849136213	-2.61213594816844e-05	8.19926383910396	0.999999999999937
64.875	15.5	0.999999999999679	0.799987108699857	-2.58627195759325e-05	7.99926709479469	0.999999999999965
65.125	15.5	0.999999999999941	0.799987366626754	-2.56079359426782e-05	7.7992702858185	0.999999999999994
65.375	15.5	1.00000000000007	0.799987623119444	-2.53568702872e-05	7.59927341255996	1.00000000000001
65.625	15.5	0.99999999999985	0.799987878390574	-2.51093946608048e-05	7.39927647535179	0.999999999999983
65.875	15.5	0.999999999999047	0.799988132662782	-2.48653927649754e-05	7.19927947447227	0.999999999999895
66.125	15.5	0.999999999997535	0.799988386168488	-2.46247613159304e-05	6.99928241014279	0.999999999999729
66.375	15.5	0.999999999995475	0.799988639149488	-2.43874114804579e-05	6.79928528252545	0.999999999999502
66.625	15.5	0.999999999993518	0.799988891856397	-2.41532703544676e-05	6.59928809172072	0.999999999999287
66.875	15.5	0.999999999992931	0.799989144547896	-2.39222824793541e-05	6.39929083776537	0.999999999999222
67.125	15.5	0.999999999995486	0.799989397489788	-2.36944113661833e-05	6.19929352063048	0.999999999999504
67.375	15.5	1.00000000000292	0.799989650953833	-2.34696410135658e-05	5.99929614021984	1.00000000000032
67.625	15.5	1.00000000001584	0.799989905216361	-2.32479773874422e-05	5.79929869636859	1.00000000000174
67.875	15.5	1.00000000003213	0.799990160556673	-2.30294498328721e-05	5.59930118884231	1.00000000000353
68.125	15.5	1.00000000004535	0.799990417255205	-2.28141123845867e-05	5.39930361733659	1.00000000000499
68.375	15.5	1.00000000004403	0.799990675591481	-2.26020449401371e-05	5.19930598147709	1.00000000000484
68.625	15.5	1.00000000001344	0.799990935841815	-2.23933542500342e-05	4.99930828082014	1.00000000000148
68.875	15.5	0.999999999941576	0.799991198276805	-2.21881746946829e-05	4.79931051485389	0.999999999993573
69.125	15.5	0.999999999829899	0.799991463158542	-2.19866688061532e-05	4.5993126829999	0.999999999981289
69.375	15.5	0.999999999707602	0.799991730737553	-2.17890274843381e-05	4.39931478461522	0.999999999967836
69.625	15.5	0.999999999643419	0.79999200124949	-2.15954699014175e-05	4.19931681899487	0.999999999960776
69.875	15.5	0.999999999744133	0.799992274911636	-2.14062430132023e-05	3.99931878537504	0.999999999971855
70.125	15.5	1.00000000012499	0.799992551919336	-2.12216206565749e-05	3.79932068293742	1.00000000001375
70.375	15.5	1.00000000083935	0.799992832442802	-2.10419021488598e-05	3.59932251081545	1.00000000009233
70.625	15.5	1.00000000176857	0.79999311662455	-2.08674103318672e-05	3.39932426810338	1.00000000019454
70.875	15.5	1.00000000250303	0.799993404577955	-2.06984889932925e-05	3.19932595386862	1.00000000027533
71.125	15.5	1.00000000228926	0.799993696386949	-2.05354996923779e-05	2.99932756716674	1.00000000025182
71.375	15.5	1.00000000016207	0.799993992106219	-2.03788181208931e-05	2.79932910705636	1.00000000001783
71.625	15.5	0.999999995392019	0.799994291760205	-2.02288303158273e-05	2.59933057260817	0.999999999493122
71.875	15.5	0.999999988308237	0.799994595338096	-2.00859291841323e-05	2.39933196290065	0.999999998713906
72.125	15.5	0.999999981355979	0.799994902781718	-1.99505117803762e-05	2.19933327699545	0.999999997949158
72.375	15.5	0.999999979901604	0.799995213964821	-1.98229774308431e-05	1.99933451389254	0.999999997789176
72.625	15.5	0.999999991880067	0.799995528667066	-1.9703725904564e-05	1.79933567248056	0.999999999106807
72.875	15.5	1.000000025109	0.799995846554372	-1.95931535044227e-05	1.59933675152053	1.00000000276199
73.125	15.5	1.00000008135025	0.79999616718741	-1.94916435549319e-05	1.39933774972416	1.00000000894853
73.375	15.5	1.00000014744838	0.799996490086856	-1.93995473406532e-05	1.19933866599462	1.00000001621932
73.625	15.5	1.00000018642762	0.799996814878304	-1.93171536083052e-05	0.999339499862118	1.00000002050704
73.875	15.5	1.00000013502731	0.799997141510243	-1.92446509095873e-05	0.799340252043949	1.000000014853
74.125	15.5	0.999999917461538	0.799997470477673	-1.91820978231524e-05	0.599340924879549	0.999999990920769
74.375	15.5	0.999999485429998	0.79999780295482	-1.91294292971323e-05	0.399341522173289	0.9999999433973
74.625	15.5	0.999998887633722	0.799998315379797	-1.90865382007431e-05	0.199342047802635	0.999999877639709
74.875	15.5	0.999998354562002	0.399997969998951	-1.90587569729966e-05	-0.000657585019634675	0.99999981900182
0.125	16.5	4.81319472138436e-07	0.399991304622887	0.000992090880968107	58.602580779959	0.890000052945142
0.375	16.5	-4.94975779164706e-06	0.79997423525455	0.000993544786555374	58.4245846388134	0.889999455526643
0.625	16.5	-1.69704685815553e-05	0.799957249604325	0.000996461375338959	58.2465924630543	0.889998133248456
0.875	16.5	-3.64789103565247e-05	0.799940336230703	0.00100085751264585	58.0686044094023	0.889995987319861
1.125	16.5	-6.31116900823274e-05	0.799923585784795	0.00100675414152493	57.8906206183868	0.889993057714091
1.375	16.5	-9.42911147521724e-05	0.799907057579157	0.00101417515499241	57.7126411903808	0.889989627977377
1.625	16.5	-0.000124320114498729	0.799890811861615	0.00102314480621644	57.5346661260957	0.889986324787405
1.875	16.5	-0.000143605815130603	0.799874907618339	0.00103368440506908	57.3566952484462	0.889984203360336
2.125	16.5	-0.000138122830583192	0.799859400238503	0.00104580849283075	57.1787281098795	0.889984806488636
2.375	16.5	-8.92247632846485e-05	0.799844339606018	0.00105952077659285	57.0007638916835	0.889990185276039
2.625	16.5	2.61142789835947e-05	0.799829769030708	0.00107481017765492	56.8228013038883	0.890002872570688
2.875	16.5	0.000234590286517308	0.799815725257933	0.00109164738702339	56.6448384956896	0.890025804931517
3.125	16.5	0.000565407808669491	0.799802239603765	0.00110998231713832	56.4668729865629	0.890062194858954
3.375	16.5	0.00104873681871192	0.79978934007261	0.00112974279025921	56.2889016272825	0.890115361050058
3.625	16.5	0.00171390629801377	0.79977705415438	0.00115083471586785	56.1109205979727	0.890188529692782
3.875	16.5	0.00258748681328773	0.79976541189359	0.00117314389322914	55.9329254473345	0.890284623549462
4.125	16.5	0.00369143021789961	0.79975444878259	0.00119653944367977	55.7549111736576	0.890406057323969
4.375	16.5	0.00504143101750982	0.79974420805228	0.0012208787433724	55.5768723445642	0.890554557411926
4.625	16.5	0.00664565239101998	0.799734742006223	0.00124601360121741	55.3988032490496	0.890731021763012
4.875	16.5	0.00850392413731392	0.799726112145893	0.00127179731471694	55.2206980726361	0.890935431655105
5.125	16.5	0.0106074752505312	0.799718387950937	0.00129809213911995	55.0425510846004	0.891166822277558
5.375	16.5	0.0129392164690413	0.799711644288578	0.00132477662300606	54.8643568253995	0.891423313811595
5.625	16.5	0.015474544042284	0.799705957514476	0.0013517521932367	54.6861102825955	0.891702199844651
5.875	16.5	0.0181826004849202	0.799701400384285	0.00137894831652261	54.5078070446458	0.892000086053341
6.125	16.5	0.0210279053317792	0.799698035901522	0.00140632552747284	54.3294434236351	0.892313069586496
6.375	16.5	0.0239722611574885	0.79969591018963	0.00143387560508385	54.1510165400874	0.892636948727324
6.625	16.5	0.026976847473986	0.799695044385699	0.00146161821439326	53.9725243650656	0.892967453222138
6.875	16.5	0.030004435330961	0.799695425432751	0.00148959342254149	53.7939657165397	0.893300487886406
7.125	16.5	0.0330216842081919	0.799696995521054	0.00151784966178404	53.6153402082387	0.893632385262901
7.375	16.5	0.0360015144495583	0.799699639832423	0.00154642695061814	53.436648149766	0.893960166589451
7.625	16.5	0.0389255772283099	0.799703172227579	0.00157533549404562	53.2578903966404	0.894281813495114
7.875	16.5	0.0417868653422337	0.799707318620633	0.00160453014543704	53.0790681482329	0.894596555187646
8.125	16.5	0.0445925202728315	0.799711698053143	0.00163388159149868	52.9001826904687	0.894905177230012
8.375	16.5	0.0473668959891278	0.799715801924112	0.00166314546931515	52.7212350788208	0.895210358558804
8.625	16.5	0.0501549441191511	0.799718972461152	0.00169193088012489	52.5422257556043	0.895517043853107
8.875	16.5	0.053025997808266	0.799720382302542	0.00171966986562485	52.3631540937842	0.895832859758909
9.125	16.5	0.0560780634366633	0.799719017963472	0.00174558930274727	52.1840178570917	0.896168586978033
9.375	16.5	0.0594427885585729	0.799713670908335	0.00176868632195555	52.0048125626614	0.896538706741443
9.625	16.5	0.0632913614424989	0.799702940828771	0.00178770777482434	51.8255307269838	0.896962049758675
9.875	16.5	0.0678416976108325	0.799685256326849	0.0018011335543149	51.6461609681924	0.897462586737192
10.125	16.5	0.0733673403416307	0.799658918138541	0.00180716289618577	51.4666869276584	0.898070407437579
10.375	16.5	0.0802084601220444	0.799622168652018	0.00180370251151876	51.2870859630153	0.898822930613425
10.625	16.5	0.0887850297350825	0.799573287809226	0.00178835609269151	51.1073275571885	0.899766353270859
10.875	16.5	0.0996114285347648	0.799510708476404	0.00175841727713761	50.9273713923795	0.900957257138824
11.125	16.5	0.113310033324178	0.799433133894704	0.00171087374989096	50.747165069745	0.90246410366566
11.375	16.5	0.130618368128856	0.799339629050278	0.00164244014532606	50.5666415391076	0.904368020494174
11.625	16.5	0.152379868593389	0.799229657418562	0.00154965239998512	50.3857164707712	0.906761785545273
11.875	16.5	0.179502791961107	0.799103066228682	0.00142907413523881	50.2042860835372	0.909745307115722
12.125	16.5	0.21286765073134	0.798960113002165	0.00127767814506876	50.0222263386109	0.913415441580447
12.375	16.5	0.253166259375638	0.798801767215166	0.0010934546509982	49.8393948313681	0.91784828853132
12.625	16.5	0.300673418810903	0.798630601149697	0.000876235697600925	49.6556369211972	0.923074076069199
12.875	16.5	0.354991461447207	0.798452347920923	0.000628594253762196	49.4707972292742	0.929049060759193
13.125	16.5	0.414859646608409	0.798277458008644	0.000356508004741844	49.2847362192945	0.935634561126925
13.375	16.5	0.478149665650273	0.798121120051061	6.9382970576992e-05	49.0973492397805	0.94259646322153
13.625	16.5	0.542126895743082	0.798000387771291	-0.000220841495834534	48.9085831468516	0.949633958531739
13.875	16.5	0.603934633598669	0.797928980546762	-0.000501405685404382	48.7184451062558	0.956432809695854
14.125	16.5	0.661127596479775	0.797912570114684	-0.000760733335111292	48.5270004185019	0.962724035612775
14.375	16.5	0.71204909108658	0.797947394262702	-0.0009900417784362	48.3343603015253	0.968325400019524
14.625	16.5	0.755942376252291	0.798022605319852	-0.00118410633461927	48.1406640536844	0.973153661387752
14.875	16.5	0.792827118007442	0.79812440349306	-0.00134115175654919	47.9460609914627	0.977210982980819
15.125	16.5	0.82325490976794	0.798239675233524	-0.0014621627743372	47.7506960873028	0.980558040074473
15.375	16.5	0.848056323879832	0.798358032230893	-0.00154998494525016	47.5547008257935	0.983286195626782
15.625	16.5	0.868144315929471	0.798472345442033	-0.00160849016161451	47.3581888712332	0.985495874752242
15.875	16.5	0.884390702643702	0.79857837753072	-0.0016419363776374	47.161255224587	0.987282977290807
16.125	16.5	0.897564454371001	0.798674077710787	-0.00165454104124427	46.9639774522121	0.98873208998081
16.375	16.5	0.908311693809367	0.798758875860088	-0.00165023203058917	46.7664178796173	0.98991428631903
16.625	16.5	0.9171591535578	0.798833114244717	-0.00163252471760277	46.568626041009	0.990887506891358
16.875	16.5	0.92452827225513	0.798897640765158	-0.00160447926861814	46.3706410031864	0.991698109948064
17.125	16.5	0.930752337885025	0.798953539615768	-0.00156870440915923	46.1724934008831	0.992382757167353
17.375	16.5	0.936092863591388	0.799001963624914	-0.00152738557891649	45.9742071450099	0.992970214995053
17.625	16.5	0.940753688740146	0.799044036104836	-0.00148232426516923	45.7758008251531	0.993482905761416
17.875	16.5	0.944892521832355	0.799080797784796	-0.00143498117309472	45.5772888496718	0.993938177401559
18.125	16.5	0.948630187597051	0.799113181817363	-0.00138651942056081	45.3786823693532	0.994349320635676
18.375	16.5	0.952058011739479	0.799142005613608	-0.0013378458948828	45.1799900250211	0.994726381291343
18.625	16.5	0.955243767279932	0.799167972340195	-0.0012896499000301	44.9812185517384	0.995076814400792
18.875	16.5	0.95823652713991	0.79919167764505	-0.00124243868565341	44.7823732650548	0.99540601798539
19.125	16.5	0.9610706757428	0.799213618944813	-0.00119656965370917	44.5834584490912	0.995717774331708
19.375	16.5	0.963769253273691	0.799234205717138	-0.00115227913653096	44.3844776621991	0.996014617860106
19.625	16.5	0.966346747967503	0.799253769918017	-0.00110970770901907	44.1854339731785	0.996298142276425
19.875	16.5	0.968811413869291	0.799272576043867	-0.00106892206590154	43.9863301391935	0.996569255525622
20.125	16.5	0.971167169842682	0.799290830586512	-0.00102993356984826	43.7871687352276	0.996828388682695
20.375	16.5	0.973415125196707	0.799308690756236	-0.000992713651080587	43.5879522439077	0.997075663771638
20.625	16.5	0.975554773610114	0.799326272415077	-0.000957206305130808	43.3886831136173	0.997311025097113
20.875	16.5	0.977584896518608	0.799343657203368	-0.000923337986663539	43.1893637919312	0.997534338617047
21.125	16.5	0.97950421738953	0.799360898863949	-0.000891025228308463	42.9899967404989	0.997745463912848
21.375	16.5	0.981311847947686	0.799378028786448	-0.000860180324658505	42.7905844365869	0.997944303274245
21.625	16.5	0.983007565832523	0.799395060806799	-0.000830715414566368	42.5911293655964	0.998130832241578
21.875	16.5	0.984591960297012	0.799411995308071	-0.000802545273490936	42.3916340080144	0.998305115632671
22.125	16.5	0.986066478654203	0.799428822677425	-0.000775589096174202	42.1921008234847	0.998467312651962
22.375	16.5	0.987433401628677	0.799445526179357	-0.000749771512660707	41.9925322339938	0.998617674179154
22.625	16.5	0.988695770982736	0.799462084309235	-0.00072502304185335	41.7929306075901	0.998756534808101
22.875	16.5	0.989857288110372	0.799478472690833	-0.000701280148659985	41.5932982435762	0.998884301692141
23.125	16.5	0.990922197983236	0.799494665580317	-0.000678485035797432	41.3936373597358	0.999001441778156
23.375	16.5	0.991895169054331	0.799510637035284	-0.000656585270645317	41.1939500818749	0.999108468595976
23.625	16.5	0.992781176551225	0.799526361802948	-0.000635533321519515	40.9942384357432	0.999205929420635
23.875	16.5	0.993585394029779	0.799541815975202	-0.000615286056540297	40.7945043412604	0.999294393343276
24.125	16.5	0.994313096071468	0.799556977453806	-0.000595804241599262	40.5947496088773	0.999374440567861
24.375	16.5	0.994969573525221	0.799571826261405	-0.000577052060903824	40.3949759378473	0.999446653087774
24.625	16.5	0.995560061636904	0.799586344730561	-0.000558996674202741	40.1951849161583	0.999511606780059
24.875	16.5	0.996089680693723	0.799600517596086	-0.000541607817973249	39.9953780218696	0.99956986487631
25.125	16.5	0.996563388359362	0.799614332013031	-0.000524857452980113	39.7955566256085	0.99962197271953
25.375	16.5	0.996985942620908	0.799627777517503	-0.000508719457606119	39.595721993995	0.9996684536883
25.625	16.5	0.997361874154221	0.799640845945779	-0.000493169364454315	39.3958752937878	0.999709806156964
25.875	16.5	0.997695466895571	0.799653531322097	-0.000478184136555483	39.1960175965668	0.999746501358513
26.125	16.5	0.997990745649842	0.799665829725838	-0.000463741979057874	38.9961498837901	0.999778982021483
26.375	16.5	0.998251469644148	0.799677739144592	-0.000449822182150287	38.7962730520897	0.999807661660856
26.625	16.5	0.998481131032839	0.799689259319412	-0.000436404991172075	38.5963879186869	0.999832924413612
26.875	16.5	0.998682957463604	0.799700391586854	-0.000423471499917831	38.3964952268328	0.999855125320997
27.125	16.5	0.998859917917351	0.799711138721233	-0.00041100356383859	38.196595651191	0.999874590970909
27.375	16.5	0.999014731132277	0.799721504780009	-0.000398983729784243	37.9966898031014	0.99989162042455
27.625	16.5	0.999149876012907	0.799731494954156	-0.000387395179683576	37.796778235672	0.99990648636142
27.875	16.5	0.999267603507009	0.799741115425055	-0.000376221685576238	37.5968614486597	0.999919436385771
28.125	16.5	0.999369949507258	0.799750373229351	-0.000365447574018036	37.3969398931131	0.999930694445798
28.375	16.5	0.999458748400602	0.799759276131845	-0.000355057697942301	37.1970139757547	0.999940462324066
28.625	16.5	0.999535646947306	0.799767832507274	-0.000345037414420902	36.9970840630917	0.999948921164204
28.875	16.5	0.999602118224241	0.799776051231392	-0.000335372567105183	36.7971504852482	0.999956233004667
29.125	16.5	0.999659475413648	0.799783941580456	-0.000326049472086274	36.5972135395177	0.999962542295501
29.375	16.5	0.999708885260278	0.799791513140194	-0.000317054906328372	36.3972734936396	0.999967977378631
29.625	16.5	0.999751381056536	0.799798775722966	-0.000308376097954571	36.1973305888064	0.999972651916219
29.875	16.5	0.999787875047678	0.79980573929352	-0.00030000071764972	35.9973850424107	0.999976666255245
30.125	16.5	0.999819170177668	0.799812413902381	-0.000291916870770406	35.7974370505439	0.999980108719543
30.375	16.5	0.999845971121053	0.799818809627103	-0.000284113089785384	35.5974867902608	0.999983056823316
30.625	16.5	0.999868894567512	0.799824936519894	-0.000276578326679338	35.3975344216231	0.999985578402426
30.875	16.5	0.999888478743971	0.799830804562612	-0.000269301945225933	35.1975800895368	0.999987732661837
31.125	16.5	0.999905192174288	0.799836423626867	-0.000262273712835368	34.9976239254007	0.999989571139172
31.375	16.5	0.999919441689203	0.799841803440523	-0.000255483792083724	34.7976660485785	0.999991138585812
31.625	16.5	0.999931579709055	0.799846953558613	-0.000248922731657008	34.5977065677113	0.999992473767996
31.875	16.5	0.999941910829815	0.799851883339319	-0.000242581456936884	34.3977455818845	0.99999361019128
32.125	16.5	0.999950697748699	0.799856601923859	-0.000236451260033852	34.1977831816627	0.999994576752357
32.375	16.5	0.999958166569717	0.799861118220238	-0.000230523789497135	33.997819450006	0.999995398322669
32.625	16.5	0.999964511532186	0.799865440890477	-0.000224791039615343	33.7978544630795	0.99999609626854
32.875	16.5	0.999969899206414	0.799869578340588	-0.000219245339428574	33.5978882909687	0.999996688912706
33.125	16.5	0.999974472201056	0.799873538713401	-0.000213879341609741	33.3979209983088	0.999997191942116
33.375	16.5	0.999978352425984	0.799877329883863	-0.000208686011056248	33.1979526448406	0.999997618766858
33.625	16.5	0.99998164395311	0.799880959455896	-0.000203658613597643	32.9979832858996	0.999997980834842
33.875	16.5	0.999984435515732	0.799884434761805	-0.000198790704509173	32.7980129728467	0.999998287906731
34.125	16.5	0.999986802684698	0.799887762862382	-0.000194076117265731	32.5980417534479	0.999998548295317
34.375	16.5	0.999988809757227	0.799890950549269	-0.000189508952279096	32.3980696722093	0.999998769073295
34.625	16.5	0.999990511391314	0.799894004347608	-0.0001850835658749	32.1980967706729	0.999998956253045
34.875	16.5	0.999991954016154	0.799896930520251	-0.00018079455949443	31.9981230876778	0.999999114941777
35.125	16.5	0.999993177046076	0.799899735072577	-0.000176636769108814	31.798148659592	0.999999249475068
35.375	16.5	0.999994213922892	0.799902423757898	-0.000172605254949809	31.5981735205182	0.999999363531518
35.625	16.5	0.999995093008929	0.799905002083571	-0.000168695291539445	31.3981977024765	0.999999460230982
35.875	16.5	0.999995838350646	0.79990747531752	-0.000164902358038688	31.1982212355683	0.999999542218571
36.125	16.5	0.999996470330392	0.799909848494928	-0.000161222128977818	30.998244148122	0.999999611736343
36.375	16.5	0.999997006221811	0.799912126425454	-0.000157650465281859	30.7982664668246	0.999999670684399
36.625	16.5	0.999997460662498	0.799914313700427	-0.000154183405690688	30.5982882168399	0.999999720672875
36.875	16.5	0.999997846055701	0.799916414700277	-0.000150817158529015	30.3983094219151	0.999999763066127
37.125	16.5	0.999998172911414	0.79991843360185	-0.000147548093809411	30.1983301044782	0.999999799020255
37.375	16.5	0.999998450135744	0.799920374386035	-0.000144372735724794	29.9983502857258	0.999999829514932
37.625	16.5	0.999998685276191	0.799922240845087	-0.000141287755441043	29.7983699857034	0.999999855380381
37.875	16.5	0.999998884729515	0.799924036589955	-0.000138289964237836	29.5983892233796	0.999999877320247
38.125	16.5	0.999999053917754	0.799925765057585	-0.000135376307000646	29.3984080167131	0.999999895930953
38.375	16.5	0.999999197437293	0.799927429518077	-0.00013254385596403	29.1984263827152	0.999999911718102
38.625	16.5	0.999999319185041	0.799929033081671	-0.000129789804827415	28.9984443375075	0.999999925110355
38.875	16.5	0.999999422465259	0.799930578705536	-0.000127111463096479	28.7984618963748	0.999999936471178
39.125	16.5	0.999999510080002	0.79993206920044	-0.000124506250746695	28.5984790738147	0.9999999461088
39.375	16.5	0.999999584405681	0.799933507237342	-0.000121971693122959	28.3984958835832	0.999999954284625
39.625	16.5	0.999999647457903	0.799934895353487	-0.000119505416110573	28.1985123387381	0.999999961220369
39.875	16.5	0.999999700946376	0.799936235958676	-0.000117105141531395	27.9985284516781	0.999999967104101
40.125	16.5	0.999999746321428	0.799937531341034	-0.000114768682767764	27.7985442341806	0.999999972095357
40.375	16.5	0.999999784813409	0.799938783672729	-0.000112493940619562	27.5985596974366	0.999999976329475
40.625	16.5	0.99999981746611	0.799939995015471	-0.000110278899352338	27.3985748520834	0.999999979921272
40.875	16.5	0.999999845165065	0.799941167325697	-0.000108121622939541	27.1985897082352	0.999999982968157
41.125	16.5	0.999999868661554	0.799942302459771	-0.000106020251500594	26.998604275512	0.999999985552771
41.375	16.5	0.99999988859296	0.799943402178687	-0.000103972997915775	26.7986185630668	0.999999987745226
41.625	16.5	0.999999905500039	0.799944468152849	-0.000101978144572335	26.598632579611	0.999999989605004
41.875	16.5	0.999999919841567	0.79994550196655	-0.00010003404033177	26.3986463334387	0.999999991182572
42.125	16.5	0.99999993200675	0.799946505122105	-9.81390975887137e-05	26.1986598324491	0.999999992520742
42.375	16.5	0.999999942325786	0.799947479044098	-9.62917894887785e-05	25.9986730841678	0.999999993655836
42.625	16.5	0.999999951078787	0.79994842508324	-9.44906473038367e-05	25.7986860957671	0.999999994618667
42.875	16.5	0.999999958503384	0.799949344520072	-9.27342578947361e-05	25.5986988740852	0.999999995435372
43.125	16.5	0.999999964801164	0.799950238568569	-9.1021261328466e-05	25.3987114256437	0.999999996128128
43.375	16.5	0.999999970143124	0.799951108379522	-8.93503485818844e-05	25.1987237566647	0.999999996715744
43.625	16.5	0.999999974674328	0.799951955043781	-8.77202593707805e-05	24.9987358730868	0.999999997214176
43.875	16.5	0.999999978517823	0.799952779595342	-8.61297800870649e-05	24.7987477805806	0.999999997636961
44.125	16.5	0.999999981777984	0.799953583014279	-8.45777418070663e-05	24.5987594845623	0.999999997995578
44.375	16.5	0.999999984543345	0.799954366229568	-8.30630184119942e-05	24.3987709902076	0.999999998299768
44.625	16.5	0.999999986889005	0.79995513012173	-8.15845248008921e-05	24.1987823024644	0.999999998557791
44.875	16.5	0.999999988878664	0.799955875525338	-8.01412151613022e-05	23.998793426065	0.999999998776653
45.125	16.5	0.999999990566353	0.799956603231464	-7.8732081341363e-05	23.7988043655371	0.999999998962299
45.375	16.5	0.999999991997905	0.799957313989935	-7.73561512982214e-05	23.5988151252149	0.99999999911977
45.625	16.5	0.999999993212194	0.799958008511522	-7.60124875839463e-05	23.3988257092495	0.999999999253341
45.875	16.5	0.999999994242196	0.799958687469998	-7.47001859497624e-05	23.198836121618	0.999999999366642
46.125	16.5	0.999999995115881	0.799959351504092	-7.34183739742441e-05	22.9988463661328	0.999999999462747
46.375	16.5	0.999999995856969	0.7999600012193	-7.21662097603456e-05	22.7988564464507	0.999999999544267
46.625	16.5	0.999999996485588	0.799960637189749	-7.09428807110081e-05	22.5988663660803	0.999999999613415
46.875	16.5	0.999999997018808	0.799961259959764	-6.9747602329337e-05	22.3988761283903	0.999999999672069
47.125	16.5	0.999999997471103	0.799961870045491	-6.85796170816454e-05	22.1988857366166	0.999999999721821
47.375	16.5	0.999999997854759	0.79996246793643	-6.74381933354963e-05	21.998895193869	0.999999999764024
47.625	16.5	0.99999999818019	0.7999630540968	-6.63226243021915e-05	21.7989045031381	0.999999999799821
47.875	16.5	0.999999998456232	0.799963628966928	-6.52322270506171e-05	21.5989136673013	0.999999999830186
48.125	16.5	0.999999998690383	0.799964192964473	-6.41663415528169e-05	21.3989226891286	0.999999999855942
48.375	16.5	0.999999998888999	0.799964746485731	-6.31243297879531e-05	21.1989315712881	0.99999999987779
48.625	16.5	0.999999999057471	0.799965289906656	-6.21055748556845e-05	20.9989403163516	0.999999999896322
48.875	16.5	0.999999999200375	0.79996582358407	-6.11094801473461e-05	20.7989489267988	0.999999999912041
49.125	16.5	0.999999999321591	0.799966347856582	-6.01354685433923e-05	20.5989574050229	0.999999999925375
49.375	16.5	0.999999999424411	0.799966863045624	-5.91829816549365e-05	20.3989657533344	0.999999999936685
49.625	16.5	0.999999999511628	0.799967369456354	-5.82514790684897e-05	20.1989739739652	0.999999999946279
49.875	16.5	0.999999999585608	0.799967867378515	-5.73404376560107e-05	19.9989820690733	0.999999999954417
50.125	16.5	0.99999999964836	0.799968357087279	-5.64493508912148e-05	19.7989900407458	0.99999999996132
50.375	16.5	0.99999999970159	0.799968838844037	-5.55777281962933e-05	19.5989978910028	0.999999999967175
50.625	16.5	0.999999999746743	0.799969312897054	-5.47250943101584e-05	19.3990056218007	0.999999999972142
50.875	16.5	0.999999999785044	0.799969779482333	-5.38909887048018e-05	19.1990132350353	0.999999999976355
51.125	16.5	0.999999999817531	0.799970238824085	-5.30749649705034e-05	18.9990207325452	0.999999999979928
51.375	16.5	0.999999999845089	0.799970691135486	-5.22765902989991e-05	18.7990281161139	0.99999999998296
51.625	16.5	0.999999999868466	0.799971136619274	-5.14954449130194e-05	18.5990353874733	0.999999999985531
51.875	16.5	0.999999999888295	0.79997157546821	-5.07311215684402e-05	18.3990425483056	0.999999999987712
52.125	16.5	0.999999999905115	0.799972007865715	-4.99832250375924e-05	18.1990496002462	0.999999999989563
52.375	16.5	0.999999999919382	0.799972433986309	-4.92513716489659e-05	17.9990565448858	0.999999999991132
52.625	16.5	0.999999999931484	0.799972853996177	-4.85351887962002e-05	17.7990633837723	0.999999999992463
52.875	16.5	0.99999999994175	0.799973268053508	-4.78343145091372e-05	17.5990701184132	0.999999999993593
53.125	16.5	0.999999999950461	0.79997367630905	-4.71483970082806e-05	17.3990767502776	0.999999999994551
53.375	16.5	0.99999999995785	0.799974078906437	-4.64770942779196e-05	17.1990832807974	0.999999999995363
53.625	16.5	0.999999999964116	0.79997447598261	-4.58200736762039e-05	16.9990897113699	0.999999999996053
53.875	16.5	0.99999999996943	0.799974867668255	-4.51770115257399e-05	16.7990960433586	0.999999999996637
54.125	16.5	0.999999999973939	0.799975254088053	-4.4547592743242e-05	16.5991022780954	0.999999999997133
54.375	16.5	0.999999999977761	0.799975635361111	-4.39315104491172e-05	16.3991084168815	0.999999999997554
54.625	16.5	0.999999999981005	0.799976011601281	-4.33284656289626e-05	16.1991144609891	0.999999999997911
54.875	16.5	0.999999999983758	0.799976382917472	-4.27381667666978e-05	15.9991204116625	0.999999999998213
55.125	16.5	0.999999999986092	0.799976749413923	-4.21603295217973e-05	15.7991262701197	0.99999999999847
55.375	16.5	0.999999999988072	0.799977111190597	-4.15946763887308e-05	15.5991320375526	0.999999999998688
55.625	16.5	0.999999999989753	0.799977468343361	-4.10409363771061e-05	15.3991377151293	0.999999999998873
55.875	16.5	0.99999999999118	0.799977820964373	-4.04988447106263e-05	15.1991433039938	0.99999999999903
56.125	16.5	0.99999999999239	0.799978169142276	-3.99681425148778e-05	14.999148805268	0.999999999999163
56.375	16.5	0.999999999993418	0.799978512962541	-3.94485765344753e-05	14.7991542200519	0.999999999999276
56.625	16.5	0.999999999994289	0.799978852507695	-3.89398988408687e-05	14.5991595494242	0.999999999999372
56.875	16.5	0.999999999995028	0.799979187857608	-3.84418665710921e-05	14.3991647944439	0.999999999999453
57.125	16.5	0.999999999995657	0.799979519089734	-3.79542416550713e-05	14.1991699561499	0.999999999999522
57.375	16.5	0.999999999996191	0.799979846279432	-3.74767905627515e-05	13.9991750355622	0.999999999999581
57.625	16.5	0.999999999996645	0.799980169500174	-3.70092840609086e-05	13.7991800336821	0.999999999999631
57.875	16.5	0.99999999999703	0.799980488823837	-3.65514969793358e-05	13.5991849514929	0.999999999999673
58.125	16.5	0.99999999999736	0.799980804320993	-3.61032079908614e-05	13.39918978996	0.99999999999971
58.375	16.5	0.99999999999764	0.799981116061165	-3.56641993961249e-05	13.1991945500314	0.99999999999974
58.625	16.5	0.999999999997879	0.799981424113089	-3.52342569289333e-05	12.9991992326377	0.999999999999767
58.875	16.5	0.999999999998081	0.79998172854504	-3.48131695725752e-05	12.7992038386925	0.999999999999789
59.125	16.5	0.999999999998255	0.799982029425092	-3.44007293911308e-05	12.5992083690923	0.999999999999808
59.375	16.5	0.999999999998402	0.799982326821424	-3.39967313760791e-05	12.3992128247167	0.999999999999824
59.625	16.5	0.999999999998528	0.799982620802615	-3.36009733055953e-05	12.1992172064281	0.999999999999838
59.875	16.5	0.999999999998634	0.799982911437964	-3.32132556356463e-05	11.9992215150719	0.99999999999985
60.125	16.5	0.999999999998725	0.799983198797802	-3.28333814055959e-05	11.7992257514757	0.99999999999986
60.375	16.5	0.999999999998804	0.799983482953829	-3.2461156152836e-05	11.5992299164496	0.999999999999868
60.625	16.5	0.99999999999887	0.799983763979406	-3.20963878801032e-05	11.3992340107857	0.999999999999876
60.875	16.5	0.999999999998927	0.799984041949937	-3.17388870188527e-05	11.1992380352573	0.999999999999882
61.125	16.5	0.999999999998975	0.799984316943187	-3.13884664473681e-05	10.9992419906187	0.999999999999887
61.375	16.5	0.999999999999017	0.799984589039613	-3.10449415225455e-05	10.7992458776043	0.999999999999892
61.625	16.5	0.999999999999053	0.799984858322765	-3.07081301503543e-05	10.5992496969284	0.999999999999896
61.875	16.5	0.999999999999085	0.799985124879566	-3.03778529011383e-05	10.3992534492835	0.999999999999899
62.125	16.5	0.999999999999114	0.799985388800698	-3.00539331449323e-05	10.1992571353402	0.999999999999903
62.375	16.5	0.999999999999139	0.799985650180963	-2.97361972488508e-05	9.999260755746	0.999999999999905
62.625	16.5	0.999999999999156	0.799985909119569	-2.94244747938254e-05	9.79926431112404	0.999999999999907
62.875	16.5	0.999999999999162	0.799986165720496	-2.91185988654073e-05	9.59926780207212	0.999999999999908
63.125	16.5	0.999999999999153	0.799986420092769	-2.88184063691235e-05	9.39927122916143	0.999999999999907
63.375	16.5	0.99999999999913	0.799986672350808	-2.85237384011395e-05	9.19927459293526	0.999999999999904
63.625	16.5	0.999999999999099	0.799986922614624	-2.8234440674378e-05	8.99927789390759	0.999999999999901
63.875	16.5	0.999999999999077	0.799987171010094	-2.79503640005716e-05	8.7992811325617	0.999999999999898
64.125	16.5	0.999999999999089	0.799987417669165	-2.76713648060944e-05	8.59928430934865	0.9999999999999
64.375	16.5	0.999999999999168	0.799987662729959	-2.73973057281396e-05	8.39928742468574	0.999999999999909
64.625	16.5	0.999999999999338	0.799987906336934	-2.7128056235942e-05	8.19929047895497	0.999999999999927
64.875	16.5	0.999999999999588	0.799988148640893	-2.68634933130108e-05	7.99929347250142	0.999999999999955
65.125	16.5	0.999999999999849	0.799988389798965	-2.66035022003148e-05	7.79929640563167	0.999999999999983
65.375	16.5	0.999999999999971	0.799988629974529	-2.63479771565499e-05	7.59929927861226	0.999999999999997
65.625	16.5	0.999999999999734	0.799988869336992	-2.6096822275562e-05	7.39930209166808	0.999999999999971
65.875	16.5	0.999999999998907	0.799989108061552	-2.58499523317737e-05	7.19930484498097	0.99999999999988
66.125	16.5	0.999999999997369	0.799989346328807	-2.5607293645507e-05	6.99930753868825	0.999999999999711
66.375	16.5	0.999999999995293	0.799989584324269	-2.53687849667523e-05	6.79931017288147	0.999999999999482
66.625	16.5	0.999999999993351	0.799989822237769	-2.51343783604349e-05	6.59931274760518	0.999999999999269
66.875	16.5	0.999999999992827	0.799990060262728	-2.49040400856684e-05	6.39931526285598	0.999999999999211
67.125	16.5	0.999999999995486	0.79999029859531	-2.46777514459042e-05	6.19931771858167	0.999999999999503
67.375	16.5	1.00000000000302	0.799990537433436	-2.44555096050081e-05	5.99932011468069	1.00000000000033
67.625	16.5	1.00000000001597	0.79999077697568	-2.42373283390145e-05	5.79932245100179	1.00000000000176
67.875	16.5	1.00000000003214	0.799991017420019	-2.40232387175988e-05	5.59932472734412	1.00000000000354
68.125	16.5	1.00000000004505	0.799991258962512	-2.38132896804747e-05	5.39932694345755	1.00000000000495
68.375	16.5	1.00000000004335	0.799991501795787	-2.36075484958598e-05	5.19932909904346	1.00000000000477
68.625	16.5	1.00000000001269	0.799991746107503	-2.34061010747227e-05	4.99933119375592	1.0000000000014
68.875	16.5	0.999999999941521	0.799991992078624	-2.32090521221435e-05	4.79933322720312	0.999999999993567
69.125	16.5	0.99999999983165	0.799992239881573	-2.30165251079756e-05	4.59933519894915	0.999999999981482
69.375	16.5	0.999999999711848	0.799992489678242	-2.28286620429905e-05	4.39933710851592	0.999999999968303
69.625	16.5	0.999999999648996	0.799992741617817	-2.26456230367942e-05	4.19933895538531	0.99999999996139
69.875	16.5	0.999999999746287	0.799992995834564	-2.24675856341958e-05	3.99934073900169	0.999999999972092
70.125	16.5	1.00000000011452	0.799993252445595	-2.22947438760027e-05	3.79934245877527	1.0000000000126
70.375	16.5	1.00000000080471	0.799993511549026	-2.21273070560409e-05	3.59934411408699	1.00000000008852
70.625	16.5	1.00000000170329	0.799993773222817	-2.19654981026516e-05	3.39934570429577	1.00000000018736
70.875	16.5	1.00000000241946	0.799994037524614	-2.18095515625868e-05	3.19934722874857	1.00000000026614
71.125	16.5	1.00000000223586	0.79999430449268	-2.16597111948046e-05	2.99934868679267	1.00000000024594
71.375	16.5	1.00000000023438	0.799994574147223	-2.15162273492285e-05	2.79935007778747	1.00000000002578
71.625	16.5	0.99999999571971	0.799994846490486	-2.13793544451959e-05	2.59935140111055	0.999999999529168
71.875	16.5	0.99999998899609	0.799995121502966	-2.12493490312596e-05	2.39935265615078	0.99999999878957
72.125	16.5	0.999999982363869	0.799995399132799	-2.11264688750338e-05	2.19935384228212	0.999999998060026
72.375	16.5	0.999999980876995	0.799995679276896	-2.101097314092e-05	1.99935495881814	0.999999997896469
72.625	16.5	0.999999992010763	0.799995961756921	-2.09031227856067e-05	1.79935600496199	0.999999999121184
72.875	16.5	1.00000002313615	0.799996246301016	-2.08031788964888e-05	1.5993569797875	1.00000000254498
73.125	16.5	1.00000007593944	0.799996532551724	-2.07113952299236e-05	1.39935788230941	1.00000000835334
73.375	16.5	1.00000013809889	0.799996820126898	-2.06280007632674e-05	1.1993587117061	1.00000001519088
73.625	16.5	1.00000017492513	0.799997108755042	-2.05531702352842e-05	0.999359467725548	1.00000001924176
73.875	16.5	1.00000012704696	0.799997398478888	-2.04869870693776e-05	0.799360151208204	1.00000001397517
74.125	16.5	0.999999923323525	0.799997689863944	-2.04294143318896e-05	0.599360764492996	0.999999991565588
74.375	16.5	0.999999518387471	0.799997984121079	-2.03803031489929e-05	0.399361311267829	0.999999947022622
74.625	16.5	0.999998957867942	0.799998446868391	-2.03394793350083e-05	0.19936179526229	0.999999885365474
74.875	16.5	0.999998457939046	0.399998104800142	-2.03124666411671e-05	-0.000637864866260384	0.999999830373295
0.125	17.5	4.98229194521313e-07	0.399994095086467	0.00104917190361974	58.6016674607335	0.890000054805211
0.375	17.5	-4.75205762098346e-06	0.799982602613459	0.0010504847400862	58.4236700774595	0.889999477273662
0.625	17.5	-1.63843531902618e-05	0.799971211938654	0.00105311501579803	58.2456754116576	0.889998197721149
0.875	17.5	-3.52786830631007e-05	0.799959925882503	0.00105707120276367	58.0676836090343	0.889996119344863
1.125	17.5	-6.10950352624095e-05	0.799948845867174	0.00106236270545042	57.8896947968269	0.889993279546121
1.375	17.5	-9.13502410519028e-05	0.799938042846331	0.0010689989656339	57.7117090606365	0.889989951473484
1.625	17.5	-0.000120539881747935	0.799927588406757	0.0010769874705555	57.5337263868638	0.889986740613008
1.875	17.5	-0.000139383717720831	0.799917552519695	0.00108633122972456	57.3557465870752	0.889984667791051
2.125	17.5	-0.000134302352633322	0.799908001126076	0.00109702587850436	57.1777692082498	0.88998522674121
2.375	17.5	-8.72304216419399e-05	0.799898994100045	0.00110905663950193	56.9997934352046	0.889990404653619
2.625	17.5	2.41541757642896e-05	0.79989058398864	0.00112239543210712	56.8218179935365	0.890002656959334
2.875	17.5	0.000225748027739249	0.79988281576314	0.00113699845350451	56.6438410626993	0.890024832283051
3.125	17.5	0.000545901972546688	0.799875727632548	0.00115280455393648	56.4658602090725	0.89006004921698
3.375	17.5	0.00101393116428679	0.799869352788971	0.00116973469367566	56.2878723479569	0.890111532428072
3.625	17.5	0.00165837024970193	0.79986372180048	0.00118769270371851	56.1098737414063	0.890182420727467
3.875	17.5	0.0025051215945383	0.799858865268293	0.00120656748408752	55.9318600359058	0.890275563375399
4.125	17.5	0.00357565998417035	0.799854816325499	0.00122623667424855	55.7538263404695	0.890393322598259
4.375	17.5	0.00488545364779232	0.799851612579803	0.00124657172887202	55.5757673421664	0.890537399901257
4.625	17.5	0.00644274017047821	0.799849297173656	0.00126744423681245	55.3976774527961	0.890708701418753
4.875	17.5	0.00824776049442794	0.799847918742394	0.00128873323630625	55.2195509777726	0.890907253654387
5.125	17.5	0.0102925099695427	0.799847530169658	0.00131033320549172	55.0413822964972	0.89113217609665
5.375	17.5	0.0125610182976622	0.799848186156745	0.00133216234201451	54.8631660427356	0.891381712012743
5.625	17.5	0.0150301263053784	0.799849939722942	0.00135417068690483	54.6848972737505	0.891653313893592
5.875	17.5	0.0176706922644791	0.799852837820223	0.00137634759292146	54.5065716180673	0.891943776149093
6.125	17.5	0.0204491382211273	0.799856916271242	0.00139872798862782	54.3281853935043	0.892249405204324
6.375	17.5	0.0233292399629446	0.799862194212337	0.00142139685179072	54.1497356891905	0.892566216395924
6.625	17.5	0.0262740730736163	0.799868668145548	0.00144449128813075	53.9712204073611	0.892890148038098
6.875	17.5	0.0292480497915312	0.799876305585952	0.00146819962666787	53.7926382624555	0.893217285477068
7.125	17.5	0.0322190126689621	0.79988503815199	0.00149275700010499	53.6139887361861	0.893544091393586
7.375	17.5	0.0351603853543329	0.799894753825899	0.00151843698404684	53.4352719876604	0.893867642388977
7.625	17.5	0.0380534118613687	0.799905288045037	0.00154553901547709	53.2564887173285	0.894185875304751
7.875	17.5	0.040889538244284	0.799916413322868	0.00157437147686221	53.0776399826087	0.894497849206871
8.125	17.5	0.0436730021250175	0.799927827268909	0.00160523047581168	52.898726961722	0.894804030233752
8.375	17.5	0.0464236973201817	0.799939139206781	0.0016383744051209	52.7197506607662	0.89510660670522
8.625	17.5	0.0491803785000516	0.799949856073184	0.00167399425043863	52.5407115575155	0.895409841635006
8.875	17.5	0.0520042737047537	0.799959368891151	0.00171217922180309	52.3616091738224	0.895720470107523
9.125	17.5	0.0549831918481663	0.799966941795111	0.00175287652238311	52.1824415665587	0.896048151103298
9.375	17.5	0.0582362579362236	0.799971706256021	0.0017958428561678	52.0032047242819	0.896405988372985
9.625	17.5	0.0619194844273985	0.799972663685252	0.00184058360275686	51.8238918525803	0.896811143287014
9.875	17.5	0.0662324839905373	0.799968699784234	0.00188627356798272	51.6444925247537	0.897285573238959
10.125	17.5	0.0714267153427002	0.799958613522916	0.00193165121199941	51.4649916659325	0.897856938687697
10.375	17.5	0.0778156613157314	0.799941161958184	0.00197487705759933	51.2853683288791	0.898559722744731
10.625	17.5	0.0857871403220227	0.799915118512863	0.00201334812499979	51.1055942116153	0.899436585435422
10.875	17.5	0.0958173384924323	0.799879336100898	0.00204346641273956	50.9256318674967	0.900539907234168
11.125	17.5	0.108484805753994	0.799832797664603	0.00206037486849875	50.745432580085	0.901933328632939
11.375	17.5	0.124480191005829	0.799774628064287	0.00205770457776543	50.564933938759	0.903692821010641
11.625	17.5	0.144603580240591	0.799704041800459	0.00202742718827062	50.3840572852179	0.905906393826465
11.875	17.5	0.16973614231431	0.79962022944422	0.00195997587908161	50.2027054364789	0.908670975654574
12.125	17.5	0.200767978639766	0.799522266953872	0.00184486760823133	50.0207614382355	0.912084477650374
12.375	17.5	0.238463841023048	0.799409271467805	0.00167207623170669	49.8380895119062	0.916231022512535
12.625	17.5	0.283260056026602	0.79928114728544	0.0014342784311611	49.6545396511746	0.921158606162926
12.875	17.5	0.33501697177754	0.799140147234593	0.00112973141907036	49.4699571581649	0.926851866895529
13.125	17.5	0.392799330833174	0.798992863295343	0.000764972906859003	49.2841973825294	0.933207926391649
13.375	17.5	0.454797390779619	0.798851304902836	0.000356055138654838	49.09714392163	0.940027712985758
13.625	17.5	0.518488814767341	0.798731379860364	-7.28501978758347e-05	48.9087261999928	0.947033769624408
13.875	17.5	0.581046945593093	0.798648433992916	-0.000493616477622733	48.7189311268833	0.95391516401524
14.125	17.5	0.639866486478252	0.798611936370012	-0.000879774890213118	48.5278047740893	0.960385313512608
14.375	17.5	0.693004532012688	0.79862247278115	-0.00121141774331903	48.3354435394899	0.966230498521396
14.625	17.5	0.739387523094146	0.79867256459617	-0.00147770243807881	48.1419780791374	0.971332627540356
14.875	17.5	0.778766443566775	0.798750174107918	-0.00167661676844476	47.9475551791855	0.975664308792345
15.125	17.5	0.811509851714239	0.798842586095641	-0.00181285984769277	47.7523220609319	0.979266083688566
15.375	17.5	0.838351195335157	0.798939056291167	-0.00189508649983094	47.556415453856	0.982218631486867
15.625	17.5	0.860172319694474	0.799031888242556	-0.00193346610965962	47.3599556477327	0.984618955166392
15.875	17.5	0.877855512567862	0.799116379236687	-0.00193798081996834	47.163044482441	0.986564106382465
16.125	17.5	0.892201438372867	0.799190225043381	-0.00191747808267129	46.9657658795034	0.988142158221015
16.375	17.5	0.903895394628315	0.799252804904908	-0.00187929624810469	46.7681877055998	0.989428493409115
16.625	17.5	0.913502930874484	0.79930455682588	-0.00182924646270767	46.5703641302601	0.990485322396193
16.875	17.5	0.921480256694039	0.799346508534121	-0.0017717758878062	46.3723379898326	0.991362828236344
17.125	17.5	0.928190184452242	0.799379957552839	-0.00171019727251642	46.1741429226037	0.992100920289747
17.375	17.5	0.933918588327471	0.799406268722699	-0.00164692078785007	45.9758051941233	0.992731044716022
17.625	17.5	0.938889128412459	0.799426755196485	-0.0015836586180693	45.7773452125195	0.99327780412537
17.875	17.5	0.943275553245685	0.799442614960839	-0.00152159303506299	45.5787787682107	0.993760310857025
18.125	17.5	0.947211655575845	0.799454902464868	-0.00146150890991471	45.3801180418105	0.994193282113343
18.375	17.5	0.950799248617706	0.799464521417993	-0.00140389581159262	45.1813724215893	0.994587917347948
18.625	17.5	0.954114580775919	0.79947222966611	-0.0013490258146774	44.9825491652065	0.994952603885351
18.875	17.5	0.957213552323926	0.799478650426463	-0.0012970126245384	44.7836539333417	0.995293490755632
19.125	17.5	0.960136011793757	0.799484286402041	-0.00124785659084186	44.5846912168965	0.995614961297313
19.375	17.5	0.962909328310166	0.799489534734488	-0.00120147909938861	44.3856646749847	0.995920026114118
19.625	17.5	0.965551372432612	0.799494701652008	-0.00115774890787472	44.1865773978174	0.996210650967587
19.875	17.5	0.968072994554642	0.799500016209002	-0.00111650228052985	43.9874321064733	0.996488029401011
20.125	17.5	0.97048006366556	0.799505642833408	-0.00107755826503377	43.7882313000671	0.996752807003212
20.375	17.5	0.972775115648418	0.79951169257486	-0.00104073010497608	43.5889773596988	0.997005262721326
20.625	17.5	0.974958654629845	0.799518233046315	-0.00100583354793369	43.3896726175963	0.997245452009283
20.875	17.5	0.977030149400072	0.79952529710307	-0.000972692654450364	43.1903193989295	0.997473316434008
21.125	17.5	0.978988766866232	0.799532890331366	-0.000941143607985292	42.9909200428431	0.997688764355286
21.375	17.5	0.980833884215258	0.799540997434158	-0.000911036948687165	42.7914769083068	0.997891727263678
21.625	17.5	0.982565420124692	0.79954958760859	-0.000882238592156591	42.591992369456	0.998082196213716
21.875	17.5	0.984184022759639	0.799558619016479	-0.000854629940393919	42.3924688042038	0.99826024250356
22.125	17.5	0.985691148600271	0.799568042447021	-0.000828107343192317	42.1929085790878	0.99842602634603
22.375	17.5	0.98708906170936	0.799577804273025	-0.000802581122107203	41.9933140325878	0.99857979678803
22.625	17.5	0.988380778276505	0.799587848795958	-0.000777974327210159	41.7936874585265	0.998721885610416
22.875	17.5	0.989569976528352	0.799598120070095	-0.000754221358701829	41.5940310906511	0.998852697418119
23.125	17.5	0.990660887654262	0.799608563289441	-0.000731266552193791	41.3943470890804	0.998972697641969
23.375	17.5	0.991658179451054	0.79961912581214	-0.000709062798290287	41.1946375289843	0.999082399739616
23.625	17.5	0.992566841035288	0.799629757888531	-0.000687570243918326	40.9949043916314	0.999182352513882
23.875	17.5	0.993392074231986	0.799640413150596	-0.000666755104395512	40.7951495577702	0.999273128165518
24.125	17.5	0.994139195096477	0.799651048911642	-0.00064658860128467	40.5953748032041	0.999355311460613
24.375	17.5	0.994813547400321	0.799661626317489	-0.00062704603069688	40.3955817963504	0.999429490214035
24.625	17.5	0.995420428734652	0.799672110383587	-0.000608105959559768	40.1957720975411	0.999496247160812
24.875	17.5	0.995965029072078	0.799682469945355	-0.000589749542524911	39.9959471598123	0.999556153197929
25.125	17.5	0.996452381102343	0.799692677545142	-0.000571959949514734	39.7961083309292	0.999609761921258
25.375	17.5	0.996887321346535	0.799702709273255	-0.000554721892451299	39.5962568564156	0.999657605348119
25.625	17.5	0.99727446090031	0.79971254457782	-0.00053802123923498	39.3963938833684	0.999700190699034
25.875	17.5	0.997618164610169	0.799722166054195	-0.000521844703477743	39.1965204648682	0.999737998107119
26.125	17.5	0.997922537511388	0.799731559223367	-0.000506179599006419	38.9966375648157	0.999771479126253
26.375	17.5	0.998191417423676	0.799740712305071	-0.0004910136493467	38.7967460630493	0.999801055916604
26.625	17.5	0.998428372691849	0.799749615991892	-0.000476334843055931	38.5968467606217	0.999827120996103
26.875	17.5	0.998636704159919	0.799758263227003	-0.000462131327323091	38.3969403851306	0.999850037457591
27.125	17.5	0.998819450569377	0.799766648989216	-0.00044839133273907	38.19702759602	0.999870139562631
27.375	17.5	0.998979396671231	0.799774770086892	-0.000435103123499474	37.9971089897817	0.999887733633835
27.625	17.5	0.999119083433141	0.799782624962238	-0.000422254967967516	37.7971851050042	0.999903099177646
27.875	17.5	0.999240819807071	0.799790213507104	-0.000409835125257202	37.5972564272235	0.999916490178778
28.125	17.5	0.999346695598677	0.799797536890183	-0.000397831844222748	37.3973233935472	0.999928136515855
28.375	17.5	0.99943859504771	0.799804597396793	-0.000386233371928125	37.1973863970267	0.999938245455248
28.625	17.5	0.999518210789385	0.79981139828023	-0.000375027968865543	36.9974457907645	0.999947003186832
28.875	17.5	0.999587057920724	0.79981794362531	-0.000364203928973442	36.7975018917474	0.99995457637128
29.125	17.5	0.999646487944095	0.799824238223307	-0.000353749602730226	36.5975549844037	0.999961113673851
29.375	17.5	0.999697702402874	0.799830287458004	-0.000343653421831707	36.3976053238859	0.999966747264316
29.625	17.5	0.999741766062014	0.799836097202471	-0.00033390392441315	36.1976531390862	0.999971594266821
29.875	17.5	0.999779619519805	0.799841673725776	-0.000324489779922471	35.9976986353911	0.999975758147179
30.125	17.5	0.999812091166378	0.79984702360921	-0.000315399812974893	35.7977419971884	0.999979330028302
30.375	17.5	0.999839908430043	0.799852153671757	-0.000306623025636242	35.5977833901391	0.999982389927305
30.625	17.5	0.99986370827472	0.799857070903032	-0.000298148617856845	35.3978229632269	0.999985007910219
30.875	17.5	0.99988404693032	0.799861782404871	-0.000289966005739736	35.1978608506012	0.999987245162335
31.125	17.5	0.999901408853928	0.799866295339196	-0.000282064837608709	34.9978971732293	0.999989154973932
31.375	17.5	0.999916214932501	0.799870616882773	-0.000274435007648046	34.7979320403704	0.999990783642575
31.625	17.5	0.999928829948396	0.799874754187966	-0.000267066667348581	34.5979655508901	0.999992171294324
31.875	17.5	0.999939569337197	0.799878714348431	-0.000259950234656586	34.3979977944261	0.999993352627092
32.125	17.5	0.99994870527361	0.799882504370317	-0.0002530764009727	34.1980288524219	0.999994357580097
32.375	17.5	0.999956472125398	0.799886131147467	-0.000246436136147568	33.9980587990396	0.999995211933794
32.625	17.5	0.999963071318402	0.799889601440644	-0.000240020691619126	33.7980877019664	0.999995937845024
32.875	17.5	0.999968675656989	0.799892921860564	-0.000233821601868658	33.5981156231237	0.999996554322269
33.125	17.5	0.99997343314479	0.799896098853802	-0.000227830684256668	33.3981426192917	0.999997077645927
33.375	17.5	0.999977470349983	0.799899138691747	-0.000222040037646878	33.198168742658	0.999997521738498
33.625	17.5	0.99998089535816	0.799902047461911	-0.000216442039642328	32.9981940412992	0.999997898489398
33.875	17.5	0.999983800354021	0.799904831061467	-0.000211029342985102	32.7982185596045	0.999998218038942
34.125	17.5	0.999986263870821	0.799907495193016	-0.000205794870867217	32.5982423386467	0.99999848902579
34.375	17.5	0.999988352744066	0.79991004536147	-0.000200731811673996	32.3982654165088	0.999998718801847
34.625	17.5	0.999990123803242	0.799912486872918	-0.000195833612972737	32.1982878285712	0.999998913618357
34.875	17.5	0.999991625332539	0.799914824834546	-0.000191093975090291	31.9983096077636	0.999999078786579
35.125	17.5	0.999992898328865	0.799917064155667	-0.00018650684427922	31.7983307847887	0.999999218816175
35.375	17.5	0.999993977582601	0.79991920954969	-0.000182066405576387	31.5983513883182	0.999999337534086
35.625	17.5	0.999994892604059	0.799921265536929	-0.000177767075458229	31.3983714451673	0.999999438186446
35.875	17.5	0.999995668416027	0.799923236447936	-0.000173603494390607	31.1983909804496	0.999999523525763
36.125	17.5	0.999996326230538	0.799925126427554	-0.000169570519269012	30.998410017714	0.999999595885359
36.375	17.5	0.99999688402585	0.799926939439308	-0.000165663215868974	30.7984285790685	0.999999657242844
36.625	17.5	0.999997357037596	0.799928679270174	-0.000161876851329958	30.5984466852895	0.999999709274136
36.875	17.5	0.999997758176388	0.79993034953561	-0.000158206886714072	30.398464355921	0.999999753399403
37.125	17.5	0.999998098382505	0.799931953684861	-0.000154648969663055	30.1984816093637	0.999999790822076
37.375	17.5	0.999998386926858	0.79993349500631	-0.000151198927187238	29.9984984629559	0.999999822561954
37.625	17.5	0.999998631666186	0.799934976633103	-0.00014785275862899	29.7985149330461	0.99999984948328
37.875	17.5	0.999998839259342	0.799936401548587	-0.000144606628777088	29.5985310350603	0.999999872318528
38.125	17.5	0.999999015350492	0.79993777259197	-0.000141456861185083	29.3985467835625	0.999999891688554
38.375	17.5	0.999999164724262	0.799939092463862	-0.000138399931658903	29.1985621923107	0.999999908119669
38.625	17.5	0.999999291437102	0.799940363731837	-0.000135432461999666	28.9985772743081	0.999999922058081
38.875	17.5	0.999999398928492	0.799941588835755	-0.000132551213874239	28.7985920418505	0.999999933882134
39.125	17.5	0.999999490115091	0.799942770093265	-0.000129753082984791	28.5986065065699	0.99999994391266
39.375	17.5	0.999999567470459	0.799943909704992	-0.000127035093357712	28.3986206794749	0.999999952421751
39.625	17.5	0.999999633092558	0.799945009759593	-0.000124394391923512	28.1986345709883	0.999999959640181
39.875	17.5	0.999999688760924	0.799946072238881	-0.00012182824323931	27.9986481909821	0.999999965763702
40.125	17.5	0.999999735985086	0.799947099022608	-0.000119334024449729	27.7986615488099	0.999999970958359
40.375	17.5	0.999999776045605	0.799948091893134	-0.000116909220446499	27.5986746533375	0.999999975365017
40.625	17.5	0.999999810028851	0.799949052540059	-0.000114551419196507	27.398687512971	0.999999979103174
40.875	17.5	0.999999838856465	0.799949982564601	-0.000112258307296875	27.1987001356834	0.999999982274211
41.125	17.5	0.999999863310357	0.799950883483769	-0.000110027665674519	26.9987125290397	0.999999984964139
41.375	17.5	0.999999884053898	0.799951756734573	-0.000107857365504684	26.7987247002201	0.999999987245929
41.625	17.5	0.999999901649876	0.799952603677805	-0.000105745364276685	26.598736656042	0.999999989181486
41.875	17.5	0.999999916575761	0.799953425601935	-0.000103689702030961	26.3987484029803	0.999999990823334
42.125	17.5	0.999999929236623	0.799954223726668	-0.00010168849775689	26.1987599471871	0.999999992216029
42.375	17.5	0.999999939976112	0.799954999206396	-9.97399459728553e-05	25.9987712945096	0.999999993397372
42.625	17.5	0.99999994908576	0.799955753133565	-9.78423134053615e-05	25.7987824505078	0.999999994399434
42.875	17.5	0.999999956812872	0.7999564865418	-9.59939358650304e-05	25.5987934204698	0.999999995249416
43.125	17.5	0.999999963367249	0.799957200408927	-9.41932152187919e-05	25.3988042094278	0.999999995970397
43.375	17.5	0.999999968926864	0.799957895659942	-9.24386165279511e-05	25.1988148221718	0.999999996581955
43.625	17.5	0.999999973642686	0.799958573169679	-9.0728665290571e-05	24.9988252632635	0.999999997100695
43.875	17.5	0.999999977642774	0.799959233765459	-8.90619448187101e-05	24.7988355370492	0.999999997540705
44.125	17.5	0.999999981035758	0.799959878229647	-8.74370937246995e-05	24.5988456476712	0.999999997913933
44.375	17.5	0.999999983913782	0.799960507301982	-8.58528035301987e-05	24.3988555990796	0.999999998230516
44.625	17.5	0.999999986355002	0.799961121681841	-8.43078163744943e-05	24.1988653950429	0.99999999849905
44.875	17.5	0.999999988425714	0.799961722030463	-8.28009228175449e-05	23.9988750391582	0.999999998726829
45.125	17.5	0.999999990182157	0.799962308972925	-8.13309597774168e-05	23.7988845348604	0.999999998920037
45.375	17.5	0.999999991672024	0.799962883100088	-7.98968084937164e-05	23.5988938854316	0.999999999083923
45.625	17.5	0.999999992935779	0.799963444970537	-7.8497392661061e-05	23.398903094009	0.999999999222936
45.875	17.5	0.999999994007738	0.799963995112234	-7.7131676586191e-05	23.1989121635938	0.999999999340851
46.125	17.5	0.999999994917008	0.799964534024247	-7.57986634528074e-05	22.9989210970577	0.999999999440871
46.375	17.5	0.999999995688285	0.799965062178273	-7.44973936713952e-05	22.7989298971511	0.999999999525711
46.625	17.5	0.999999996342506	0.799965580020201	-7.32269432746185e-05	22.5989385665087	0.999999999597676
46.875	17.5	0.999999996897441	0.799966087971496	-7.19864224252709e-05	22.398947107657	0.999999999658718
47.125	17.5	0.99999999736816	0.799966586430557	-7.07749739453589e-05	22.1989555230193	0.999999999710498
47.375	17.5	0.999999997767438	0.799967075773945	-6.95917719503114e-05	21.9989638149221	0.999999999754418
47.625	17.5	0.99999999810612	0.799967556357658	-6.84360205131402e-05	21.7989719856001	0.999999999791673
47.875	17.5	0.999999998393404	0.799968028518268	-6.73069524151354e-05	21.5989800372011	0.999999999823274
48.125	17.5	0.999999998637089	0.799968492573932	-6.62038279355504e-05	21.3989879717911	0.99999999985008
48.375	17.5	0.999999998843793	0.799968948825475	-6.51259336852693e-05	21.1989957913586	0.999999999872817
48.625	17.5	0.999999999019125	0.799969397557388	-6.40725815216198e-05	20.9990034978189	0.999999999892104
48.875	17.5	0.999999999167849	0.799969839038637	-6.30431074772707e-05	20.7990110930179	0.999999999908463
49.125	17.5	0.999999999294	0.79997027352366	-6.20368707654852e-05	20.5990185787363	0.99999999992234
49.375	17.5	0.999999999401007	0.799970701253078	-6.10532528041908e-05	20.3990259566926	0.999999999934111
49.625	17.5	0.999999999491774	0.799971122454549	-6.00916562985738e-05	20.1990332285469	0.999999999944095
49.875	17.5	0.999999999568765	0.799971537343444	-5.91515043533763e-05	19.999040395904	0.999999999952564
50.125	17.5	0.999999999634072	0.799971946123594	-5.82322396225575e-05	19.7990474603161	0.999999999959748
50.375	17.5	0.999999999689471	0.799972348987928	-5.73333235173268e-05	19.5990544232858	0.999999999965842
50.625	17.5	0.999999999736461	0.799972746119041	-5.6454235402734e-05	19.3990612862689	0.999999999971011
50.875	17.5	0.999999999776322	0.799973137689871	-5.55944718706305e-05	19.1990680506768	0.999999999975395
51.125	17.5	0.999999999810134	0.799973523864207	-5.47535460374709e-05	18.9990747178786	0.999999999979115
51.375	17.5	0.999999999838814	0.799973904797221	-5.3930986828388e-05	18.7990812892038	0.99999999998227
51.625	17.5	0.999999999863142	0.799974280635954	-5.31263383533985e-05	18.5990877659438	0.999999999984946
51.875	17.5	0.999999999883777	0.799974651519813	-5.23391592594355e-05	18.3990941493546	0.999999999987216
52.125	17.5	0.99999999990128	0.799975017581029	-5.15690221331887e-05	18.1991004406579	0.999999999989141
52.375	17.5	0.999999999916129	0.799975378945015	-5.08155129244643e-05	17.9991066410435	0.999999999990774
52.625	17.5	0.999999999928724	0.799975735730881	-5.00782303806615e-05	17.7991127516706	0.99999999999216
52.875	17.5	0.999999999939406	0.799976088051688	-4.93567855233064e-05	17.5991187736691	0.999999999993335
53.125	17.5	0.999999999948468	0.799976436014941	-4.86508011248492e-05	17.3991247081417	0.999999999994332
53.375	17.5	0.999999999956156	0.799976779722819	-4.79599112186054e-05	17.1991305561648	0.999999999995177
53.625	17.5	0.999999999962676	0.799977119272618	-4.72837606230571e-05	16.9991363187898	0.999999999995894
53.875	17.5	0.999999999968206	0.799977454756942	-4.66220044846792e-05	16.7991419970444	0.999999999996503
54.125	17.5	0.999999999972899	0.79997778626416	-4.5974307829344e-05	16.5991475919338	0.999999999997019
54.375	17.5	0.99999999997688	0.799978113878531	-4.53403451616878e-05	16.3991531044415	0.999999999997457
54.625	17.5	0.999999999980255	0.799978437680639	-4.47198000365455e-05	16.1991585355305	0.999999999997828
54.875	17.5	0.999999999983119	0.799978757747526	-4.41123646801524e-05	15.9991638861441	0.999999999998143
55.125	17.5	0.999999999985548	0.799979074153055	-4.35177395952412e-05	15.7991691572067	0.99999999999841
55.375	17.5	0.99999999998761	0.799979386968113	-4.29356332233137e-05	15.5991743496247	0.999999999998637
55.625	17.5	0.999999999989358	0.799979696260843	-4.23657615773039e-05	15.3991794642871	0.999999999998829
55.875	17.5	0.999999999990842	0.799980002096924	-4.18078479138427e-05	15.1991845020661	0.999999999998993
56.125	17.5	0.999999999992101	0.799980304539783	-4.12616224108595e-05	14.9991894638179	0.999999999999131
56.375	17.5	0.99999999999317	0.799980603650805	-4.07268218592149e-05	14.7991943503831	0.999999999999249
56.625	17.5	0.999999999994075	0.799980899489609	-4.02031893694215e-05	14.5991991625872	0.999999999999348
56.875	17.5	0.999999999994844	0.799981192114202	-3.96904740847998e-05	14.3992039012408	0.999999999999433
57.125	17.5	0.999999999995498	0.799981481581259	-3.91884309145903e-05	14.1992085671404	0.999999999999505
57.375	17.5	0.999999999996054	0.799981767946289	-3.869682027755e-05	13.9992131610685	0.999999999999566
57.625	17.5	0.999999999996526	0.799982051263917	-3.82154078660108e-05	13.7992176837938	0.999999999999618
57.875	17.5	0.999999999996926	0.799982331588051	-3.77439644050738e-05	13.5992221360714	0.999999999999662
58.125	17.5	0.999999999997268	0.799982608972098	-3.72822654436455e-05	13.3992265186429	0.999999999999699
58.375	17.5	0.999999999997558	0.799982883469221	-3.68300911606503e-05	13.199230832237	0.999999999999731
58.625	17.5	0.999999999997805	0.799983155132531	-3.63872261681391e-05	12.9992350775685	0.999999999999759
58.875	17.5	0.999999999998015	0.79998342401532	-3.59534593489768e-05	12.7992392553396	0.999999999999782
59.125	17.5	0.999999999998193	0.79998369017128	-3.55285836992085e-05	12.5992433662386	0.999999999999801
59.375	17.5	0.999999999998344	0.799983953654716	-3.51123961983819e-05	12.3992474109406	0.999999999999818
59.625	17.5	0.999999999998473	0.799984214520819	-3.47046976854321e-05	12.199251390107	0.999999999999832
59.875	17.5	0.999999999998584	0.799984472825828	-3.430529275904e-05	11.9992553043851	0.999999999999844
60.125	17.5	0.999999999998678	0.79998472862733	-3.39139897055562e-05	11.7992591544082	0.999999999999855
60.375	17.5	0.999999999998756	0.799984981984435	-3.35306004283145e-05	11.5992629407949	0.999999999999863
60.625	17.5	0.999999999998823	0.799985232958051	-3.3154940429847e-05	11.399266664149	0.999999999999871
60.875	17.5	0.999999999998879	0.799985481611083	-3.27868287825539e-05	11.1992703250586	0.999999999999877
61.125	17.5	0.999999999998925	0.79998572800869	-3.24260881486828e-05	10.999273924096	0.999999999999882
61.375	17.5	0.999999999998965	0.799985972218492	-3.20725448171376e-05	10.7992774618167	0.999999999999886
61.625	17.5	0.999999999999	0.799986214310809	-3.17260287703831e-05	10.5992809387591	0.99999999999989
61.875	17.5	0.999999999999031	0.799986454358863	-3.13863737720416e-05	10.3992843554438	0.999999999999893
62.125	17.5	0.999999999999059	0.799986692439017	-3.10534174991663e-05	10.1992877123726	0.999999999999896
62.375	17.5	0.99999999999908	0.799986928630935	-3.07270016802952e-05	9.99929101002761	0.999999999999899
62.625	17.5	0.999999999999096	0.799987163017803	-3.04069722993736e-05	9.79929424887093	0.999999999999901
62.875	17.5	0.999999999999102	0.799987395686475	-3.00931797918555e-05	9.59929742934323	0.999999999999901
63.125	17.5	0.999999999999092	0.799987626727637	-2.97854793063183e-05	9.39930055186304	0.9999999999999
63.375	17.5	0.999999999999068	0.799987856235967	-2.94837309751942e-05	9.19930361682573	0.999999999999897
63.625	17.5	0.999999999999034	0.799988084310173	-2.91878002441069e-05	8.99930662460249	0.999999999999894
63.875	17.5	0.99999999999901	0.799988311053122	-2.88975581940601e-05	8.79930957553933	0.999999999999891
64.125	17.5	0.999999999999021	0.79998853657187	-2.86128819382783e-05	8.599312469956	0.999999999999892
64.375	17.5	0.999999999999099	0.799988760977667	-2.83336550139538e-05	8.399315308145	0.999999999999901
64.625	17.5	0.99999999999927	0.799988984385889	-2.80597678271091e-05	8.19931809037047	0.99999999999992
64.875	17.5	0.99999999999952	0.799989206916013	-2.77911180979655e-05	7.99932081686719	0.999999999999947
65.125	17.5	0.99999999999978	0.799989428691394	-2.75276113513666e-05	7.79932348783958	0.999999999999976
65.375	17.5	0.999999999999897	0.799989649839158	-2.72691614092499e-05	7.59932610346073	0.999999999999989
65.625	17.5	0.999999999999649	0.799989870489887	-2.70156909021937e-05	7.39932866387153	0.999999999999961
65.875	17.5	0.999999999998807	0.799990090777324	-2.67671317843611e-05	7.19933116917979	0.999999999999869
66.125	17.5	0.999999999997257	0.799990310837974	-2.65234258571618e-05	6.99933361945952	0.999999999999698
66.375	17.5	0.999999999995186	0.799990530810656	-2.62845252737551e-05	6.79933601475029	0.99999999999947
66.625	17.5	0.999999999993276	0.799990750835941	-2.60503930418711e-05	6.59933835505671	0.99999999999926
66.875	17.5	0.999999999992818	0.799990971055562	-2.58210034923471e-05	6.39934064034802	0.99999999999921
67.125	17.5	0.999999999995555	0.799991191611707	-2.55963427191375e-05	6.19934287055792	0.999999999999511
67.375	17.5	1.00000000000313	0.799991412646241	-2.53764089745143e-05	5.99934504558448	1.00000000000034
67.625	17.5	1.00000000001601	0.799991634299894	-2.51612130097002e-05	5.79934716529038	1.00000000000176
67.875	17.5	1.00000000003193	0.799991856711324	-2.49507783438508e-05	5.59934922950332	1.00000000000351
68.125	17.5	1.00000000004444	0.799992080016172	-2.47451414579551e-05	5.39935123801675	1.00000000000489
68.375	17.5	1.00000000004242	0.799992304346045	-2.4544351886824e-05	5.19935319059085	1.00000000000467
68.625	17.5	1.00000000001192	0.79999252982745	-2.43484722181958e-05	4.99935508695375	1.00000000000131
68.875	17.5	0.999999999941968	0.799992756580638	-2.41575779683822e-05	4.79935692680297	0.999999999993616
69.125	17.5	0.999999999834638	0.799992984718444	-2.39717573400916e-05	4.59935870980702	0.99999999998181
69.375	17.5	0.999999999718095	0.799993214344916	-2.37911108591771e-05	4.39936043560692	0.99999999996899
69.625	17.5	0.999999999656988	0.799993445553932	-2.36157508804909e-05	4.19936210381789	0.999999999962269
69.875	17.5	0.999999999750382	0.799993678427722	-2.34458009540066e-05	3.9993637140312	0.999999999972542
70.125	17.5	1.0000000001041	0.799993913035477	-2.32813950282453e-05	3.7993652658166	1.00000000001145
70.375	17.5	1.00000000076657	0.799994149432284	-2.31226764454935e-05	3.59936675872608	1.00000000008432
70.625	17.5	1.00000000162977	0.799994387658722	-2.29697966812586e-05	3.39936819229972	1.00000000017927
70.875	17.5	1.00000000232333	0.799994627741396	-2.28229137855243e-05	3.19936956607401	1.00000000025557
71.125	17.5	1.00000000216877	0.799994869694425	-2.26821905685915e-05	2.999370879592	1.00000000023856
71.375	17.5	1.00000000029865	0.79999511352126	-2.25477926851964e-05	2.79937213241298	1.00000000003285
71.625	17.5	0.999999996054647	0.799995359215271	-2.24198869603868e-05	2.59937332411645	0.999999999566011
71.875	17.5	0.999999989715791	0.799995606756637	-2.22986404499739e-05	2.39937445429397	0.999999998868737
72.125	17.5	0.999999983430973	0.799995856102757	-2.21842206835384e-05	2.19937552252269	0.999999998177407
72.375	17.5	0.999999981926637	0.799996107170889	-2.20767971335609e-05	1.99937652832091	0.99999999801193
72.625	17.5	0.999999992195738	0.799996359815877	-2.1976542981894e-05	1.79937747109919	0.999999999141531
72.875	17.5	1.00000002113949	0.799996613813143	-2.1883634779087e-05	1.59937835014074	1.00000000232534
73.125	17.5	1.00000007036081	0.799996868865962	-2.17982460800167e-05	1.39937916466475	1.00000000773969
73.375	17.5	1.00000012840246	0.799997124661968	-2.17205306703714e-05	1.19937991403225	1.00000001412427
73.625	17.5	1.00000016295422	0.799997380998829	-2.16505932506545e-05	0.999380598122744	1.00000001792496
73.875	17.5	1.00000011869588	0.799997637973283	-2.1588452118911e-05	0.799381217820078	1.00000001305655
74.125	17.5	0.999999929327464	0.799997896174624	-2.15340100832853e-05	0.599381775389469	0.999999992226021
74.375	17.5	0.999999552543031	0.799998156797532	-2.14870641405539e-05	0.399382274337312	0.999999950779733
74.625	17.5	0.99999903078395	0.799998574138126	-2.14473962082267e-05	0.199382718192887	0.999999893386235
74.875	17.5	0.999998565331966	0.399998241921117	-2.14207163641536e-05	-0.000616968750279549	0.999999842186516
0.125	18.5	5.09558158963215e-07	0.399996551846007	0.00108530197620991	58.6007132535563	0.890000056051398
0.375	18.5	-4.61443515528716e-06	0.799989965768993	0.00108644702208828	58.422714776775	0.889999492412133
0.625	18.5	-1.59747498998054e-05	0.799983481090385	0.00108873790097829	58.2447179218228	0.889998242777511
0.875	18.5	-3.44383142950874e-05	0.799977101836521	0.00109217517797395	58.0667228305661	0.889996211785428
1.125	18.5	-5.96818298938995e-05	0.799970928244182	0.00109675748273476	57.8887296267505	0.889993434998712
1.375	18.5	-8.92902565172177e-05	0.799965030777183	0.00110248081407881	57.7107383934057	0.889990178071783
1.625	18.5	-0.00011789862069165	0.799959480491246	0.00110933711500775	57.5327491166581	0.889987031151724
1.875	18.5	-0.000136453881920233	0.799954346884809	0.00111731248505441	57.3547616118683	0.889984990072989
2.125	18.5	-0.000131702114317095	0.799949695631205	0.00112638515037655	57.1767754359279	0.889985512767425
2.375	18.5	-8.60039353173743e-05	0.799945586736544	0.00113652336771458	56.9987897918471	0.889990539567115
2.625	18.5	2.24440022717006e-05	0.799942073525561	0.00114768348379032	56.8208034337527	0.89000246884025
2.875	18.5	0.000218945170339072	0.799939202701079	0.00115980839756105	56.6428145816712	0.890024083968737
3.125	18.5	0.000531211501015363	0.79993701554436	0.00117282667381107	56.4648208557036	0.890058433265112
3.375	18.5	0.000987910527049258	0.799935550148737	0.00118665253163066	56.286819238297	0.890108670157975
3.625	18.5	0.00161696350485462	0.799934844431376	0.00120118688380295	56.1088060713357	0.890177865985534
3.875	18.5	0.00244373916187229	0.799934939573816	0.00121631953830383	55.9307770919357	0.890268811307806
4.125	18.5	0.00348930285352436	0.799935883510554	0.00123193259962425	55.7527275074579	0.890383823313888
4.375	18.5	0.00476887726716616	0.79993773411564	0.00124790503299321	55.5746521067645	0.890524576499388
4.625	18.5	0.00629064961233389	0.799940561818376	0.00126411828496411	55.3965454015208	0.890691971457357
4.875	18.5	0.00805502498889834	0.799944451497276	0.00128046279267808	55.2184017887504	0.890886052748779
5.125	18.5	0.0100543814183765	0.799949503633504	0.00129684516209494	55.0402157241285	0.891105981956021
5.375	18.5	0.0122733348138292	0.799955834838952	0.00131319575021366	54.8619818947898	0.891350066829521
5.625	18.5	0.0146894780688573	0.799963577986072	0.00132947634393167	54.6836953807218	0.891615842587574
5.875	18.5	0.0172745230800857	0.799972882246247	0.00134568758604925	54.5053517949933	0.891900197538809
6.125	18.5	0.0199957523381173	0.799983913368102	0.00136187575566412	54.3269473948882	0.892199532757193
6.375	18.5	0.0228176804099576	0.799996854491218	0.00137813846787485	54.1484791581509	0.892509944845095
6.625	18.5	0.0257038355834667	0.800011907685766	0.00139462882349434	53.9699448206676	0.892827421914181
6.875	18.5	0.0286185959927326	0.800029296241851	0.00141155752125187	53.7913428736503	0.893148045559201
7.125	18.5	0.0315290481238093	0.800049267526606	0.00142919245173583	53.6126725195233	0.893468195293619
7.375	18.5	0.0344068723851524	0.800072096011925	0.00144785532806797	53.4339335860696	0.893784755962367
7.625	18.5	0.0372302934875423	0.800098085896233	0.00146791496777481	53.2551263980017	0.89409533228363
7.875	18.5	0.0399861567086699	0.800127572638213	0.00148977690317474	53.0762516041075	0.894398477237954
8.125	18.5	0.0426722012468183	0.800160922724682	0.00151386902482178	52.897309956743	0.89469394213715
8.375	18.5	0.0452995991905049	0.800198531117937	0.00154062289468043	52.718302038983	0.894982955910956
8.625	18.5	0.0478958180738836	0.800240816050463	0.00157045012217228	52.5392279334199	0.895268539988127
8.875	18.5	0.0505078557027658	0.800288211104752	0.00160371268372609	52.3600868254963	0.895555864127304
9.125	18.5	0.0532058998308997	0.800341154736702	0.00164068518821894	52.1808765332228	0.895852648981399
9.375	18.5	0.0560874943264029	0.800400077442446	0.00168150577056933	52.0015929537436	0.896169624375904
9.625	18.5	0.0592823558704352	0.800465386462601	0.00172611051038363	51.8222294148746	0.896521059145748
9.875	18.5	0.0629580801006902	0.800537447050436	0.00177414411817987	51.6427759157318	0.896925388811076
10.125	18.5	0.0673270863665154	0.80061655763674	0.00182483743021246	51.4632182344274	0.897405979500317
10.375	18.5	0.0726552322807098	0.800702913381813	0.00187684074031082	51.283536872707	0.897992075550878
10.625	18.5	0.0792724975727923	0.800796548277934	0.00192800262868694	51.1037057989148	0.898719974733007
10.875	18.5	0.0875858425893702	0.800897240009936	0.00197508932655676	50.9236909459216	0.899634442684831
11.125	18.5	0.0980935537207154	0.80100435484963	0.00201345400333439	50.7434484278654	0.900790290909279
11.375	18.5	0.111398761738736	0.80111660475188	0.00203669462745696	50.5629224730428	0.902253863791261
11.625	18.5	0.128216979012462	0.801231693024207	0.00203638963994641	50.3820431519074	0.904103867691371
11.875	18.5	0.149368236821449	0.801345853850407	0.00200207479618779	50.2007241367879	0.906430506050359
12.125	18.5	0.17573921255384	0.801453368407771	0.00192170945233259	50.0188609880298	0.909331313380922
12.375	18.5	0.208196805681841	0.801546286243647	0.00178293137269523	49.8363308147708	0.912901648625003
12.625	18.5	0.247436946436211	0.801614768925565	0.00157532471484903	49.652994524987	0.917218064107983
12.875	18.5	0.293768605214214	0.801648559141059	0.00129360960426759	49.4687030415522	0.922314546573564
13.125	18.5	0.346868696752955	0.801639774548146	0.000941063069372889	49.2833084613587	0.928155556642825
13.375	18.5	0.405591662623724	0.80158631846213	0.000531811800512933	49.0966798360064	0.93461508288861
13.625	18.5	0.467947175157024	0.801494078104019	9.04366253109655e-05	48.9087211296645	0.941474189267273
13.875	18.5	0.531326278713941	0.801375955279198	-0.000351860913083423	48.7193868423567	0.948445890658534
14.125	18.5	0.592947253813901	0.80124754913729	-0.000763597547904821	48.5286902638803	0.955224197919529
14.375	18.5	0.650367742611209	0.801121843142139	-0.00111945694213108	48.3367013186726	0.961540451687233
14.625	18.5	0.701868282002693	0.801005976421852	-0.00140438965617042	48.1435347344717	0.967205511020296
14.875	18.5	0.746590961492867	0.800901326451004	-0.00161429191176754	47.9493326213434	0.972125005764215
15.125	18.5	0.784447441934608	0.800805765381555	-0.00175389239547285	47.7542466312253	0.976289218612807
15.375	18.5	0.815897043389727	0.800716175066602	-0.00183337025337483	47.5584236039222	0.97974867477287
15.625	18.5	0.841703493848773	0.800630053772674	-0.00186510155424174	47.3619963255826	0.982587384323365
15.875	18.5	0.86273816089285	0.800546070824613	-0.00186128777239901	47.1650791088025	0.984901197698213
16.125	18.5	0.879851410144768	0.800463949939813	-0.00183260651881623	46.9677669336538	0.986783655115924
16.375	18.5	0.893804628571663	0.800384098703568	-0.00178768152331266	46.7701367377037	0.988318509142883
16.625	18.5	0.905244781148643	0.800307240648334	-0.00173307410730799	46.572249724125	0.989576925926351
16.875	18.5	0.914703880628269	0.800234149758403	-0.00167353990392827	46.3741539482636	0.99061742686911
17.125	18.5	0.922610480766416	0.800165496474659	-0.00161237800436541	46.1758867770215	0.991487152884306
17.375	18.5	0.929305287969861	0.800101779070565	-0.00155177573465443	45.9774770433565	0.992223581676685
17.625	18.5	0.935056744740495	0.800043309180972	-0.00149310537146763	45.7789468506158	0.992856241921454
17.875	18.5	0.940074808500794	0.799990226633575	-0.00143716036303708	45.5803130467556	0.993408228935087
18.125	18.5	0.944522448311002	0.799942527093941	-0.0013843342749251	45.3815884135772	0.99389746931421
18.375	18.5	0.948524990621004	0.799900092879934	-0.00133475187224987	45.1827826201831	0.994337748968311
18.625	18.5	0.952177662865101	0.799862721965262	-0.00128836292872303	44.9839029847667	0.994739542915161
18.875	18.5	0.95555170688521	0.799830153033477	-0.00124500826557658	44.7849550810293	0.995110687757373
19.125	18.5	0.958699377502722	0.799802086020684	-0.00120446568089822	44.5859432179982	0.995456931525299
19.375	18.5	0.961658065149126	0.799778198374487	-0.00116648156632911	44.3868708159102	0.995782387166404
19.625	18.5	0.964453712700873	0.799758157587864	-0.00113079242308922	44.1877406962786	0.996089908397096
19.875	18.5	0.967103644941145	0.79974163065132	-0.00109713925862851	43.9885553010166	0.996381400943526
20.125	18.5	0.969618894812094	0.799728291031356	-0.00106527694392816	43.7893168531813	0.99665807842933
20.375	18.5	0.972006090453878	0.799717823697206	-0.00103497997797477	43.5900274701886	0.996920669949927
20.625	18.5	0.974268956579435	0.799709928623319	-0.00100604567310103	43.3906892389714	0.997169585223738
20.875	18.5	0.976409479007739	0.799704323105808	-0.000978295484480769	43.1913042613532	0.997405042690851
21.125	18.5	0.978428779103668	0.799700743157084	-0.000951575012157265	42.9918746767858	0.997627165701403
21.375	18.5	0.980327743412771	0.799698944187265	-0.000925753072206882	42.79240266853	0.997836051775405
21.625	18.5	0.982107451803663	0.799698701134795	-0.000900720140515255	42.5928904583281	0.998031819698403
21.875	18.5	0.983769444494336	0.799699808178267	-0.00087638640443996	42.3933402936599	0.998214638894377
22.125	18.5	0.985315864448758	0.799702078134904	-0.000852679604348323	42.193754430789	0.998384745089363
22.375	18.5	0.986749507043379	0.799705341633884	-0.000829542804316099	41.9941351160313	0.998542445774772
22.625	18.5	0.988073803970907	0.799709446134358	-0.000806932195429006	41.7944845670076	0.9986881184368
22.875	18.5	0.989292763417351	0.799714254848226	-0.000784815005628619	41.5948049550903	0.998822203975909
23.125	18.5	0.990410883898848	0.799719645613034	-0.000763167565402141	41.3950983898069	0.998945197228873
23.375	18.5	0.991433054974144	0.799725509753072	-0.000741973558794655	41.1953669056228	0.999057636047156
23.625	18.5	0.992364454465607	0.799731750956334	-0.000721222473602872	40.9956124512678	0.999160089991217
23.875	18.5	0.993210448862932	0.799738284188251	-0.000700908252829683	40.7958368815882	0.999253149374922
24.125	18.5	0.993976501229918	0.799745034656956	-0.000681028140930607	40.5960419517863	0.999337415135291
24.375	18.5	0.99466808913067	0.799751936839429	-0.000661581712692946	40.3962293138328	0.999413489804374
24.625	18.5	0.995290633761136	0.799758933573264	-0.000642570068942238	40.1964005147959	0.999481969713725
24.875	18.5	0.995849440533324	0.799765975216895	-0.00062399518161058	39.9965569968191	0.999543438458666
25.125	18.5	0.996349650730872	0.799773018877431	-0.000605859370236744	39.7967000984803	0.999598461580396
25.375	18.5	0.996796203463743	0.799780027704204	-0.000588164892186712	39.5968310572786	0.999647582381012
25.625	18.5	0.997193806933164	0.799786970245082	-0.000570913630169228	39.3969510130175	0.999691318762648
25.875	18.5	0.997546917924752	0.799793819861665	-0.000554106861734595	39.1970610118761	0.999730160971723
26.125	18.5	0.997859728437364	0.799800554199056	-0.000537745097306831	38.997162010986	0.99976457012811
26.375	18.5	0.99813615839786	0.799807154706314	-0.000521827974481005	38.7972548833548	0.999794977423765
26.625	18.5	0.998379853484993	0.799813606203021	-0.000506354198336218	38.5973404230033	0.999821783883349
26.875	18.5	0.9985941871742	0.799819896488168	-0.000491321518539946	38.3974193502013	0.999845360589162
27.125	18.5	0.998782266208936	0.799826015987619	-0.000476726735652423	38.1974923167101	0.999866049282983
27.375	18.5	0.998946938796681	0.799831957436574	-0.000462565730035409	37.9975599109553	0.999884163267635
27.625	18.5	0.999090804915822	0.799837715593504	-0.000448833507868035	37.7976226630673	0.99989998854074
27.875	18.5	0.999216228200768	0.799843286983577	-0.00043552425973353	37.597681049744	0.999913785102085
28.125	18.5	0.999325348946776	0.799848669667651	-0.000422631427878698	37.3977354988979	0.999925788384145
28.375	18.5	0.999420097842753	0.79985386303535	-0.000410147779080409	37.1977863940617	0.999936210762703
28.625	18.5	0.999502210100215	0.799858867619739	-0.000398065480499521	36.9978340785362	0.999945243111024
28.875	18.5	0.999573239700183	0.799863684931403	-0.000386376176528146	36.7978788592673	0.99995305636702
29.125	18.5	0.999634573527682	0.799868317310625	-0.000375071064814216	36.5979210104497	0.999959803088045
29.375	18.5	0.999687445206089	0.799872767795206	-0.000364140970377363	36.3979607768575	0.99996561897267
29.625	18.5	0.999732948481528	0.799877040003534	-0.000353576416594833	36.1979983769051	0.999970624332968
29.875	18.5	0.999772050040868	0.799881138030373	-0.000343367692497112	35.9980340054476	0.999974925504496
30.125	18.5	0.999805601676457	0.799885066354939	-0.000333504915708145	35.7980678363308	0.99997861618441
30.375	18.5	0.99983435173656	0.799888829759945	-0.000323978090775869	35.5981000247022	0.999981778691022
30.625	18.5	0.999858955822535	0.799892433260117	-0.000314777162642233	35.3981307090982	0.999984485140479
30.875	18.5	0.999879986712977	0.799895882039892	-0.000305892065159704	35.1981600133201	0.999986798538428
31.125	18.5	0.999897943511193	0.799899181399006	-0.000297312764778218	34.9981880481162	0.999988773786231
31.375	18.5	0.99991326002547	0.799902336705112	-0.000289029299369602	34.7982149126827	0.999990458602802
31.625	18.5	0.999926312402597	0.799905353353014	-0.000281031812511671	34.5982406960011	0.999991894364286
31.875	18.5	0.999937426043407	0.799908236729542	-0.000273310583283292	34.3982654780235	0.999993116864775
32.125	18.5	0.999946881835675	0.799910992183696	-0.000265856051987084	34.1982893307232	0.999994157001924
32.375	18.5	0.999954921744238	0.799913625001237	-0.000258658841949727	33.9983123190215	0.999995041391866
32.625	18.5	0.999961753801234	0.799916140383281	-0.00025170977776122	33.7983345016044	0.999995792918136
32.875	18.5	0.999967556541137	0.799918543428934	-0.000244999900234101	33.598355931641	0.999996431219525
33.125	18.5	0.999972482925616	0.799920839120456	-0.000238520478334064	33.3983766574138	0.999996973121818
33.375	18.5	0.999976663802991	0.799923032311878	-0.000232263018439962	33.1983967228715	0.999997433018329
33.625	18.5	0.999980210945786	0.799925127719664	-0.000226219271184541	32.9984161681132	0.999997823204037
33.875	18.5	0.999983219708179	0.799927129915687	-0.000220381236092934	32.7984350298122	0.9999981541679
34.125	18.5	0.999985771342918	0.79992904332209	-0.000214741164390516	32.5984533415868	0.999998434847721
34.375	18.5	0.99998793501483	0.799930872207901	-0.000209291560071474	32.3984711343247	0.999998672851631
34.625	18.5	0.999989769545319	0.799932620686638	-0.000204025179588011	32.1984884364669	0.999998874649985
34.875	18.5	0.99999132491949	0.799934292715823	-0.000198935030211202	31.9985052742564	0.999999045741144
35.125	18.5	0.999992643584727	0.799935892096906	-0.00019401436738784	31.7985216719564	0.99999919079432
35.375	18.5	0.999993761566901	0.799937422476371	-0.000189256691174196	31.5985376520419	0.999999313772359
35.625	18.5	0.999994709427579	0.799938887347593	-0.000184655741934478	31.3985532353679	0.999999418037034
35.875	18.5	0.99999551308325	0.799940290053316	-0.00018020549537889	31.1985684413181	0.999999506439157
36.125	18.5	0.99999619450512	0.799941633788476	-0.00017590015715474	30.9985832879359	0.999999581395563
36.375	18.5	0.99999677231592	0.799942921603745	-0.000171734156997441	30.798597792041	0.999999644954751
36.625	18.5	0.999997262298103	0.799944156409149	-0.000167702142621164	30.5986119693322	0.999999698852791
36.875	18.5	0.999997677826043	0.799945340978145	-0.000163798973330786	30.3986258344797	0.999999744560865
37.125	18.5	0.999998030233219	0.799946477951696	-0.000160019713536846	30.1986394012072	0.999999783325654
37.375	18.5	0.999998329123828	0.79994756984279	-0.000156359626129004	29.9986526823659	0.999999816203621
37.625	18.5	0.999998582637089	0.799948619040741	-0.000152814165841148	29.7986656900004	0.99999984409008
37.875	18.5	0.999998797671227	0.799949627815782	-0.000149378972602003	29.598678435409	0.999999867743835
38.125	18.5	0.999998980073268	0.799950598323567	-0.000146049864905248	29.3986909291979	0.999999887808059
38.375	18.5	0.999999134799744	0.799951532609656	-0.000142822833295162	29.1987031813303	0.999999904827972
38.625	18.5	0.999999266052792	0.799952432614103	-0.000139694033893159	28.9987152011715	0.999999919265807
38.875	18.5	0.999999377395371	0.799953300175831	-0.000136659782097101	28.7987269975298	0.999999931513491
39.125	18.5	0.999999471848812	0.799954137036978	-0.000133716546343883	28.5987385786943	0.999999941903369
39.375	18.5	0.999999551975408	0.799954944847236	-0.00013086094209489	28.3987499524693	0.999999950717295
39.625	18.5	0.999999619948348	0.799955725167987	-0.000128089725913813	28.1987611262063	0.999999958194318
39.875	18.5	0.999999677610961	0.799956479476429	-0.000125399789754393	27.9987721068334	0.999999964537206
40.125	18.5	0.999999726526876	0.799957209169415	-0.000122788155400001	27.7987829008822	0.999999969917956
40.375	18.5	0.999999768022537	0.799957915567427	-0.000120251969077836	27.5987935145137	0.999999974482479
40.625	18.5	0.999999803223228	0.799958599918191	-0.000117788496253024	27.398803953541	0.999999978354555
40.875	18.5	0.999999833083605	0.799959263400258	-0.000115395116611376	27.1988142234516	0.999999981639197
41.125	18.5	0.999999858413585	0.799959907126497	-0.000113069319208447	26.9988243294273	0.999999984425494
41.375	18.5	0.999999879900295	0.799960532147357	-0.000110808697783049	26.7988342763635	0.999999986789032
41.625	18.5	0.999999898126687	0.799961139454076	-0.000108610946290005	26.5988440688867	0.999999988793936
41.875	18.5	0.999999913587327	0.799961729981701	-0.000106473854553856	26.398853711371	0.999999990494606
42.125	18.5	0.999999926701795	0.799962304612088	-0.000104395304135166	26.1988632079536	0.999999991937197
42.375	18.5	0.999999937826049	0.799962864176587	-0.000102373264312626	25.9988725625492	0.999999993160865
42.625	18.5	0.999999947262062	0.799963409458797	-0.000100405788290622	25.7988817788636	0.999999994198827
42.875	18.5	0.999999955266005	0.799963941197083	-9.84910095022559e-05	25.5988908604064	0.999999995079261
43.125	18.5	0.999999962055197	0.799964460087048	-9.66271381015107e-05	25.398899810503	0.999999995826072
43.375	18.5	0.999999967813981	0.799964966783778	-9.48124575941644e-05	25.1989086323058	0.999999996459538
43.625	18.5	0.999999972698737	0.799965461904112	-9.304532161045e-05	24.9989173288043	0.999999996996861
43.875	18.5	0.999999976842116	0.799965946028772	-9.13241508159112e-05	24.7989259028357	0.999999997452633
44.125	18.5	0.999999980356637	0.799966419704265	-8.9647429955433e-05	24.5989343570934	0.99999999783923
44.375	18.5	0.999999983337746	0.79996688344486	-8.80137050266867e-05	24.3989426941362	0.999999998167152
44.625	18.5	0.999999985866406	0.799967337734393	-8.64215805769267e-05	24.1989509163963	0.999999998445305
44.875	18.5	0.999999988011285	0.799967783027903	-8.48697171219186e-05	23.998959026187	0.999999998681241
45.125	18.5	0.999999989830633	0.799968219753389	-8.33568286692886e-05	23.79896702571	0.99999999888137
45.375	18.5	0.999999991373859	0.799968648313201	-8.1881680370351e-05	23.5989749170619	0.999999999051124
45.625	18.5	0.999999992682868	0.79996906908566	-8.04430862543456e-05	23.3989827022411	0.999999999195116
45.875	18.5	0.999999993793214	0.799969482426283	-7.90399070782997e-05	23.1989903831533	0.999999999317254
46.125	18.5	0.999999994735046	0.799969888669205	-7.76710482744908e-05	22.9989979616175	0.999999999420855
46.375	18.5	0.999999995533941	0.79997028812838	-7.63354579831896e-05	22.7990054393711	0.999999999508734
46.625	18.5	0.999999996211589	0.799970681098802	-7.50321251712407e-05	22.5990128180748	0.999999999583275
46.875	18.5	0.999999996786395	0.799971067857502	-7.3760077847772e-05	22.3990200993177	0.999999999646504
47.125	18.5	0.999999997273965	0.799971448664723	-7.25183813570327e-05	22.1990272846212	0.999999999700136
47.375	18.5	0.999999997687539	0.799971823764854	-7.13061367315554e-05	21.9990343754434	0.999999999745629
47.625	18.5	0.99999999803835	0.799972193387398	-7.01224791515053e-05	21.7990413731831	0.999999999784218
47.875	18.5	0.99999999833592	0.799972557747805	-6.89665764415426e-05	21.5990482791832	0.999999999816951
48.125	18.5	0.999999998588329	0.79997291704836	-6.78376276504438e-05	21.3990550947343	0.999999999844716
48.375	18.5	0.999999998802432	0.799973271479	-6.67348617067245e-05	21.1990618210777	0.999999999868268
48.625	18.5	0.999999998984044	0.799973621217941	-6.56575361027702e-05	20.9990684594087	0.999999999888245
48.875	18.5	0.999999999138093	0.799973966432561	-6.46049356872824e-05	20.7990750108794	0.99999999990519
49.125	18.5	0.999999999268761	0.799974307279915	-6.35763714379814e-05	20.5990814766013	0.999999999919564
49.375	18.5	0.999999999379597	0.799974643907418	-6.25711793811994e-05	20.3990878576475	0.999999999931756
49.625	18.5	0.999999999473613	0.799974976453504	-6.15887194824018e-05	20.1990941550557	0.999999999942097
49.875	18.5	0.999999999553362	0.799975305048054	-6.06283746208689e-05	19.9991003698298	0.99999999995087
50.125	18.5	0.999999999621007	0.799975629813034	-5.96895496205456e-05	19.7991065029423	0.999999999958311
50.375	18.5	0.999999999678387	0.799975950862962	-5.87716702840264e-05	19.5991125553361	0.999999999964623
50.625	18.5	0.999999999727057	0.79997626830537	-5.78741825188482e-05	19.3991185279264	0.999999999969976
50.875	18.5	0.999999999768344	0.799976582241247	-5.69965514604426e-05	19.1991244216022	0.999999999974518
51.125	18.5	0.999999999803365	0.799976892765494	-5.6138260659382e-05	18.9991302372281	0.99999999997837
51.375	18.5	0.99999999983307	0.799977199967293	-5.52988112895463e-05	18.7991359756457	0.999999999981638
51.625	18.5	0.999999999858266	0.799977503930447	-5.44777213996404e-05	18.5991416376749	0.999999999984409
51.875	18.5	0.99999999987964	0.799977804733854	-5.36745251955657e-05	18.3991472241154	0.99999999998676
52.125	18.5	0.99999999989777	0.799978102451689	-5.28887723519142e-05	18.1991527357477	0.999999999988755
52.375	18.5	0.999999999913149	0.799978397153871	-5.21200273446895e-05	17.9991581733342	0.999999999990446
52.625	18.5	0.999999999926195	0.79997868890624	-5.136786883847e-05	17.7991635376205	0.999999999991881
52.875	18.5	0.999999999937261	0.799978977770924	-5.06318890686172e-05	17.5991688293362	0.999999999993099
53.125	18.5	0.999999999946649	0.799979263806615	-4.99116932686842e-05	17.3991740491956	0.999999999994131
53.375	18.5	0.99999999995461	0.799979547068718	-4.92068991159388e-05	17.1991791978991	0.999999999995007
53.625	18.5	0.999999999961361	0.799979827609809	-4.85171362099948e-05	16.9991842761332	0.99999999999575
53.875	18.5	0.999999999967089	0.799980105479637	-4.78420455493514e-05	16.7991892845721	0.99999999999638
54.125	18.5	0.99999999997195	0.799980380725506	-4.71812790655427e-05	16.5991942238773	0.999999999996914
54.375	18.5	0.999999999976071	0.799980653392419	-4.65344991434726e-05	16.3991990946994	0.999999999997368
54.625	18.5	0.999999999979568	0.799980923523344	-4.59013781784755e-05	16.1992038976774	0.999999999997752
54.875	18.5	0.999999999982533	0.799981191159344	-4.52815981585035e-05	15.9992086334404	0.999999999998079
55.125	18.5	0.999999999985049	0.799981456339847	-4.4674850253198e-05	15.7992133026069	0.999999999998355
55.375	18.5	0.999999999987184	0.799981719102747	-4.40808344162281e-05	15.5992179057862	0.99999999999859
55.625	18.5	0.999999999988995	0.799981979484676	-4.34992590237697e-05	15.399222443578	0.99999999999879
55.875	18.5	0.999999999990532	0.79998223752109	-4.2929840516538e-05	15.1992269165731	0.999999999998959
56.125	18.5	0.999999999991836	0.79998249324654	-4.23723030548119e-05	14.9992313253535	0.999999999999102
56.375	18.5	0.999999999992943	0.799982746694744	-4.18263782006956e-05	14.7992356704929	0.999999999999224
56.625	18.5	0.999999999993882	0.799982997898835	-4.12918046137491e-05	14.5992399525563	0.999999999999327
56.875	18.5	0.999999999994678	0.799983246891459	-4.07683277514805e-05	14.3992441721008	0.999999999999415
57.125	18.5	0.999999999995354	0.79998349370499	-4.02556996010266e-05	14.1992483296752	0.999999999999489
57.375	18.5	0.999999999995929	0.799983738371642	-3.97536784121103e-05	13.9992524258203	0.999999999999552
57.625	18.5	0.999999999996417	0.799983980923691	-3.92620284553447e-05	13.7992564610689	0.999999999999606
57.875	18.5	0.99999999999683	0.79998422139354	-3.87805197929987e-05	13.5992604359455	0.999999999999651
58.125	18.5	0.999999999997181	0.799984459813986	-3.83089280605053e-05	13.3992643509668	0.99999999999969
58.375	18.5	0.999999999997479	0.799984696218277	-3.78470342718007e-05	13.1992682066411	0.999999999999723
58.625	18.5	0.999999999997733	0.799984930640351	-3.73946246349661e-05	12.9992720034681	0.999999999999751
58.875	18.5	0.999999999997948	0.799985163114933	-3.69514903824412e-05	12.7992757419393	0.999999999999774
59.125	18.5	0.999999999998132	0.799985393677699	-3.6517427629091e-05	12.5992794225371	0.999999999999794
59.375	18.5	0.999999999998288	0.799985622365492	-3.60922372268149e-05	12.3992830457351	0.999999999999812
59.625	18.5	0.99999999999842	0.799985849216385	-3.56757246602366e-05	12.1992866119973	0.999999999999826
59.875	18.5	0.999999999998534	0.799986074269895	-3.526769993957e-05	11.9992901217783	0.999999999999839
60.125	18.5	0.999999999998631	0.799986297567134	-3.48679775245277e-05	11.7992935755223	0.999999999999849
60.375	18.5	0.999999999998712	0.799986519150927	-3.4476376269427e-05	11.5992969736632	0.999999999999858
60.625	18.5	0.999999999998779	0.799986739065995	-3.40927193637501e-05	11.399300316624	0.999999999999866
60.875	18.5	0.999999999998835	0.799986957359075	-3.37168343274374e-05	11.1993036048162	0.999999999999872
61.125	18.5	0.999999999998882	0.799987174079053	-3.33485530026721e-05	10.9993068386395	0.999999999999877
61.375	18.5	0.999999999998923	0.799987389277143	-3.29877115687475e-05	10.7993100184808	0.999999999999882
61.625	18.5	0.999999999998959	0.799987603006951	-3.26341505894055e-05	10.5993131447142	0.999999999999886
61.875	18.5	0.999999999998991	0.79998781532466	-3.22877150669576e-05	10.3993162176999	0.999999999999889
62.125	18.5	0.999999999999018	0.799988026289077	-3.19482545318085e-05	10.1993192377838	0.999999999999892
62.375	18.5	0.99999999999904	0.799988235961771	-3.16156231429089e-05	9.99932220529686	0.999999999999894
62.625	18.5	0.999999999999054	0.799988444407131	-3.12896798152011e-05	9.79932512055411	0.999999999999896
62.875	18.5	0.999999999999058	0.799988651692478	-3.09702883735962e-05	9.59932798385423	0.999999999999896
63.125	18.5	0.999999999999047	0.799988857888043	-3.06573177152579e-05	9.39933079547871	0.999999999999895
63.375	18.5	0.999999999999022	0.799989063067058	-3.03506420028182e-05	9.19933355569108	0.999999999999892
63.625	18.5	0.999999999998988	0.799989267305764	-3.00501408782575e-05	8.9993362647362	0.999999999999889
63.875	18.5	0.999999999998961	0.799989470683334	-2.97556996890227e-05	8.79933892283949	0.999999999999886
64.125	18.5	0.999999999998971	0.799989673281889	-2.94672097330965e-05	8.59934153020623	0.999999999999887
64.375	18.5	0.999999999999049	0.799989875186412	-2.91845685290538e-05	8.39934408702079	0.999999999999895
64.625	18.5	0.99999999999922	0.79999007648461	-2.89076800761001e-05	8.19934659344593	0.999999999999914
64.875	18.5	0.999999999999469	0.799990277266804	-2.86364551615729e-05	7.99934904962218	0.999999999999942
65.125	18.5	0.999999999999725	0.799990477625732	-2.83708116326743e-05	7.79935145566715	0.99999999999997
65.375	18.5	0.999999999999836	0.799990677656341	-2.81106747097287e-05	7.59935381167499	0.999999999999982
65.625	18.5	0.999999999999582	0.799990877455508	-2.78559772800163e-05	7.39935611771587	0.999999999999954
65.875	18.5	0.999999999998735	0.799991077121747	-2.76066601933876e-05	7.19935837383549	0.999999999999861
66.125	18.5	0.999999999997189	0.799991276754863	-2.73626725441906e-05	6.99936058005477	0.999999999999691
66.375	18.5	0.999999999995139	0.799991476455542	-2.71239719471485e-05	6.79936273636953	0.999999999999465
66.625	18.5	0.999999999993275	0.799991676324903	-2.68905247884142e-05	6.59936484275034	0.99999999999926
66.875	18.5	0.999999999992881	0.799991876464016	-2.66623064495364e-05	6.39936689914242	0.999999999999217
67.125	18.5	0.99999999999567	0.799992076973366	-2.64393015069869e-05	6.19936890546576	0.999999999999524
67.375	18.5	1.00000000000323	0.799992277952255	-2.62215038829953e-05	5.99937086161527	1.00000000000036
67.625	18.5	1.00000000001594	0.799992479498202	-2.60089169582577e-05	5.79937276746119	1.00000000000175
67.875	18.5	1.00000000003151	0.799992681706284	-2.58015536299597e-05	5.59937462284968	1.00000000000347
68.125	18.5	1.00000000004357	0.79999288466847	-2.55994363052221e-05	5.39937642760356	1.00000000000479
68.375	18.5	1.00000000004125	0.799993088472929	-2.54025968338648e-05	5.19937818152325	1.00000000000454
68.625	18.5	1.00000000001116	0.799993293203313	-2.52110763597825e-05	4.99937988438798	1.00000000000123
68.875	18.5	0.999999999942871	0.799993498938022	-2.50249251055471e-05	4.79938153595696	0.999999999993716
69.125	18.5	0.999999999838732	0.799993705749389	-2.48442020711991e-05	4.59938313597064	0.999999999982261
69.375	18.5	0.999999999726111	0.799993913702824	-2.46689746663697e-05	4.39938468415198	0.999999999969872
69.625	18.5	0.999999999667075	0.799994122855848	-2.4499318266537e-05	4.19938618020752	0.999999999963378
69.875	18.5	0.99999999975608	0.799994333257108	-2.43353156837002e-05	3.99938762382874	0.999999999973169
70.125	18.5	1.0000000000935	0.799994544945467	-2.4177056541939e-05	3.7993890146937	1.00000000001028
70.375	18.5	1.000000000725	0.799994757949414	-2.40246364978406e-05	3.59939035247001	1.00000000007975
70.625	18.5	1.00000000154857	0.799994972287057	-2.38781562709405e-05	3.39939163681951	1.00000000017034
70.875	18.5	1.00000000221573	0.799995187966985	-2.37377204363045e-05	3.19939286740524	1.00000000024373
71.125	18.5	1.00000000208948	0.799995404989983	-2.36034360194433e-05	2.99939404390006	1.00000000022984
71.375	18.5	1.00000000035624	0.799995623350992	-2.34754110613664e-05	2.79939516599466	1.00000000003919
71.625	18.5	0.999999996397243	0.799995843039908	-2.33537535037115e-05	2.59939623340023	0.999999999603697
71.875	18.5	0.999999990465874	0.799996064038857	-2.32385708981508e-05	2.39939724583974	0.999999998951246
72.125	18.5	0.999999984553413	0.799996286313463	-2.31299713985738e-05	2.19939820302216	0.999999998300875
72.375	18.5	0.999999983044876	0.799996509796845	-2.30280660646088e-05	1.99939910460005	0.999999998134936
72.625	18.5	0.999999992430104	0.799996734369059	-2.2932971498214e-05	1.79939995012288	0.999999999167311
72.875	18.5	1.00000001911955	0.79999695984133	-2.2844810307434e-05	1.5994007390176	1.00000000210315
73.125	18.5	1.00000006462591	0.799997185962717	-2.27637053212204e-05	1.39940147064605	1.00000000710885
73.375	18.5	1.00000011838494	0.799997412472152	-2.26897630120848e-05	1.19940214449409	1.00000001302234
73.625	18.5	1.00000015055044	0.799997639214305	-2.26230438998913e-05	0.999402760518898	1.00000001656055
73.875	18.5	1.00000011000065	0.799997866313845	-2.25635246284178e-05	0.799403319597238	1.00000001210007
74.125	18.5	0.999999935454539	0.799998094353692	-2.25110684849492e-05	0.599403823873308	0.999999992899999
74.375	18.5	0.999999587783908	0.7999983244782	-2.24654359111076e-05	0.39940427662878	0.99999995465623
74.625	18.5	0.999999106136001	0.799998699221249	-2.2426378687125e-05	0.199404681157259	0.99999990167496
74.875	18.5	0.999998676374603	0.399998381696507	-2.23997813377489e-05	-0.000595032429477605	0.999999854401206
0.125	19.5	4.96817815157505e-07	0.399998672587555	0.00110314602729223	58.5997356227831	0.89000005464996
0.375	19.5	-4.5593507846118e-06	0.799996318394696	0.00110414579642484	58.421736202552	0.889999498471414
0.625	19.5	-1.57668743223408e-05	0.799994047438298	0.00110614321156313	58.243737461709	0.889998265643825
0.875	19.5	-3.39793398366491e-05	0.799991852113605	0.00110913173802436	58.0657395451809	0.889996262272618
1.125	19.5	-5.88774050974667e-05	0.799989819380128	0.00111310040149116	57.8877425825965	0.889993523485439
1.375	19.5	-8.80804887376778e-05	0.799988006343641	0.00111803314924624	57.7097466661326	0.889990311146239
1.625	19.5	-0.000116301285757363	0.79998647017091	0.00112390780044139	57.5317517952606	0.889987206858567
1.875	19.5	-0.00013461854299951	0.799985265992697	0.00113069473892441	57.3537578040808	0.88998519196027
2.125	19.5	-0.000129971647745891	0.799984444780109	0.0011383554287022	57.1757642750055	0.889985703118748
2.375	19.5	-8.4978315856527e-05	0.799984051749855	0.00114684087538175	56.9977704448006	0.889990652385256
2.625	19.5	2.18480366515814e-05	0.799984125711229	0.00115609019113135	56.8197751109545	0.890002403284032
2.875	19.5	0.000215445518663906	0.799984699610894	0.00116602944057678	56.6417765475715	0.890023699007053
3.125	19.5	0.000523129867831372	0.799985802352482	0.00117657094587574	56.4637724402137	0.890057544285461
3.375	19.5	0.000973165004911578	0.799987461792527	0.00118761320964977	56.2857598482272	0.89010704815054
3.625	19.5	0.00159308844755893	0.799989708668741	0.00119904157581653	56.1077352011358	0.890175239729232
3.875	19.5	0.00240793393202601	0.799992581125327	0.00121072969553374	55.9296943328892	0.890264872732523
4.125	19.5	0.00343850842979014	0.799996129474572	0.00122254180457763	55.7516325544348	0.890378235927277
4.375	19.5	0.00469987699329817	0.800000420873895	0.00123433575670284	55.5735447616449	0.890516986469263
4.625	19.5	0.00620018770205381	0.800005543691802	0.00124596670308381	55.3954255724609	0.890682020647226
4.875	19.5	0.0079399338270066	0.80001161146821	0.00125729126477243	55.217269484565	0.890873392720971
5.125	19.5	0.00991170620229357	0.800018766523057	0.00126817201717637	55.0390710432114	0.891090287682252
5.375	19.5	0.0121004415977206	0.800027183415249	0.00127848209183161	54.8608250081724	0.891331048575749
5.625	19.5	0.0144841287451037	0.800037072575692	0.00128810969809479	54.6825265090844	0.891593254161961
5.875	19.5	0.0170348982638399	0.800048684521248	0.00129696237051251	54.5041711796934	0.891873838809022
6.125	19.5	0.0197204006297059	0.800062315074245	0.00130497075273979	54.325755263351	0.892169244069268
6.375	19.5	0.0225053703591706	0.800078311958198	0.00131209173189405	54.1472756842857	0.892475590739509
6.625	19.5	0.0253532852566937	0.800097083001465	0.00131831074030153	53.9687300813167	0.892788861378236
6.875	19.5	0.0282280547881167	0.800119105968042	0.00132364304680098	53.790116802441	0.893105086026693
7.125	19.5	0.031095706755637	0.800144939762854	0.00132813387387668	53.6114348598515	0.89342052774312
7.375	19.5	0.0339260798886151	0.80017523646422	0.00133185720192151	53.4326838452832	0.893731868787748
7.625	19.5	0.036694564378783	0.800210753360749	0.00133491315773715	53.25386380515	0.894036402081666
7.875	19.5	0.0393839561961464	0.800252363951238	0.00133742392149689	53.0749750738829	0.894332235181576
8.125	19.5	0.0419865000879496	0.800301066743489	0.00133952810571756	52.8960180624903	0.894618515009674
8.375	19.5	0.0445061902390243	0.800357990658683	0.00134137353320573	52.7169929979596	0.894895680926293
8.625	19.5	0.0469613811097411	0.800424395893419	0.00134310822932835	52.5378996079955	0.895165751922071
8.875	19.5	0.0493877429917096	0.800501669133882	0.0013448692037457	52.3587367448798	0.895432651729088
9.125	19.5	0.0518415896803577	0.800591311946986	0.00134676818250534	52.1795019418667	0.895702574864839
9.375	19.5	0.0544036226560827	0.800694920835668	0.001348872822564	52.0001908951421	0.895984398492169
9.625	19.5	0.0571831881388395	0.800814156658973	0.00135118108178078	51.8207968633821	0.896290150695272
9.875	19.5	0.0603232343646882	0.800950699672359	0.00135358535287845	51.6413099745932	0.896635555780116
10.125	19.5	0.0640062780633062	0.80110618413504	0.00135582181878007	51.4617164255327	0.897040690586964
10.375	19.5	0.0684618129831566	0.801282103041434	0.00135739953313534	51.2819975522962	0.897530799428147
10.625	19.5	0.0739756595666606	0.801479668924652	0.00135750355119328	51.1021287423063	0.898137322552333
10.875	19.5	0.0809016550440137	0.801699610915306	0.00135486809302605	50.9220781503616	0.898899182054842
11.125	19.5	0.089675636741245	0.801941882038219	0.00134762097777054	50.7418051800838	0.899864320041537
11.375	19.5	0.100830602549883	0.802205246423351	0.0013331120396993	50.561258707196	0.901091366280487
11.625	19.5	0.115009873077228	0.802486719547031	0.0013077590867379	50.380375069347	0.902651086038495
11.875	19.5	0.132971663030961	0.802780858125537	0.00126697738704926	50.1990759527631	0.904626882933406
12.125	19.5	0.155573641026541	0.803078961254097	0.00120529994074985	50.0172664966978	0.907113100512919
12.375	19.5	0.183720778329903	0.803368377557394	0.00111683089325989	49.8348342295471	0.910209285616289
12.625	19.5	0.218257166951135	0.803632322354938	0.000996167431609462	49.6516498182209	0.914008288364625
12.875	19.5	0.259788733695874	0.803850821715049	0.000839820219499928	49.4675709278676	0.918576760706546
13.125	19.5	0.308446889296509	0.804003385287518	0.000647914445704999	49.2824504763062	0.923929157822616
13.375	19.5	0.363646011556649	0.804073414139307	0.000425608341056961	49.0961498425773	0.930001061271231
13.625	19.5	0.423935268659402	0.804053076246673	0.000183436480458712	48.9085559120997	0.936632879552534
13.875	19.5	0.487058119990968	0.803946193393144	-6.40149902527516e-05	48.7195985685578	0.943576393199006
14.125	19.5	0.550269836099421	0.803767058504375	-0.000300957829080602	48.5292635873964	0.950529681970936
14.375	19.5	0.610835275096067	0.803535528902495	-0.000513756505015582	48.3375963453502	0.957191880260567
14.625	19.5	0.666521436625669	0.803271271573457	-0.00069344127769046	48.1446947455563	0.963317358028824
14.875	19.5	0.715902863968952	0.802990137035031	-0.000836545769497625	47.9506937658384	0.968749315036585
15.125	19.5	0.758409505779537	0.802703464539363	-0.000944352072070337	47.7557466729852	0.973425045635749
15.375	19.5	0.794172615548062	0.802419131852009	-0.00102126174888401	47.5600079375848	0.977358987710287
15.625	19.5	0.823782512236506	0.802142848765329	-0.00107308053708233	47.3636208978204	0.980616076346016
15.875	19.5	0.848056090170376	0.801878961683141	-0.0011057032447746	47.1667108511217	0.983286169918741
16.125	19.5	0.867864041760026	0.801630764491205	-0.00112433577218528	46.9693826513852	0.985465044593603
16.375	19.5	0.884026109663317	0.801400572285581	-0.0011331720611045	46.771721302635	0.987242872062965
16.625	19.5	0.897260882709726	0.801189763639457	-0.00113536940823574	46.57379415011	0.98869869709807
16.875	19.5	0.908171177926361	0.800998873861168	-0.00113317858917419	46.3756536649697	0.9898988295719
17.125	19.5	0.917248905541181	0.800827739726211	-0.00112812921440172	46.1773402263032	0.99089737960953
17.375	19.5	0.924888503310409	0.800675666905126	-0.00112121377124145	45.978884610619	0.991737735364145
17.625	19.5	0.931402643022359	0.800541592258212	-0.00111304469539958	45.7803100900314	0.992454290732459
17.875	19.5	0.937037117183222	0.800424224005527	-0.00110397720935776	45.5816341416039	0.993074082890154
18.125	19.5	0.941983717550263	0.800322153188498	-0.00109419989975611	45.3828698140019	0.993618208930529
18.375	19.5	0.946390901227582	0.800233936694396	-0.0010837986323346	45.1840268094547	0.994102999135034
18.625	19.5	0.950372465979462	0.800158155572577	-0.00107280005476249	44.9851123358243	0.994540971257741
18.875	19.5	0.954014583174398	0.800093453533148	-0.00106120025241022	44.7861317749154	0.994941604149184
19.125	19.5	0.957381524539865	0.800038560407753	-0.00104898300084133	44.5870892038238	0.995311967699385
19.375	19.5	0.960520356444895	0.799992304683491	-0.0010361309360684	44.3879877980823	0.995657239208938
19.625	19.5	0.963464806537165	0.799953618389535	-0.00102263201451662	44.1888301391544	0.995981128719088
19.875	19.5	0.96623845033077	0.799921536831682	-0.00100848290067383	43.9896184442655	0.996286229536385
20.125	19.5	0.968857324426544	0.799895195003772	-0.000993690386205131	43.7903547332944	0.99657430568692
20.375	19.5	0.971332046897517	0.799873821979648	-0.000978271570596933	43.5910409450426	0.996846525158727
20.625	19.5	0.97366951021146	0.799856734191103	-0.000962253281248502	43.3916790133613	0.997103646123261
20.875	19.5	0.975874203912474	0.799843328205431	-0.000945671045217515	43.1922709120944	0.997346162430372
21.125	19.5	0.977949219864347	0.799833073409198	-0.000928567817359088	42.9928186764677	0.997574414185078
21.375	19.5	0.979896989862487	0.799825504859062	-0.000910992600862388	42.7933244073415	0.997788668884874
21.625	19.5	0.981719802466039	0.799820216461494	-0.000892999051712465	42.5937902636253	0.997989178271264
21.875	19.5	0.983420142340828	0.799816854577231	-0.000874644129224583	42.3942184471214	0.998176215657491
22.125	19.5	0.98500089109782	0.799815112100274	-0.000855986834344003	42.1946111831414	0.99835009802076
22.375	19.5	0.986465423720327	0.799814723032707	-0.000837087062876075	41.9949706994174	0.998511196609236
22.625	19.5	0.987817629489966	0.799815457555734	-0.000818004589552991	41.79529920514	0.998659939243896
22.875	19.5	0.989061881161661	0.799817117584672	-0.000798798190400818	41.5955988713732	0.998796806927783
23.125	19.5	0.990202971271083	0.799819532786222	-0.000779524904097733	41.3958718136366	0.998922326839819
23.375	19.5	0.991246030077548	0.799822557030964	-0.000760239428021551	41.1961200770846	0.99903706330853
23.625	19.5	0.99219643586368	0.799826065249353	-0.000740993641078878	40.9963456244486	0.999141607945005
23.875	19.5	0.993059725170314	0.799829950659313	-0.000721836242740511	40.7965503267152	0.999236569768735
24.125	19.5	0.993841508025562	0.799834122330592	-0.00070281249639442	40.5967359563877	0.999322565882812
24.375	19.5	0.994547391277376	0.799838503053271	-0.000683964064410678	40.3969041830991	0.999400213040511
24.625	19.5	0.99518291168465	0.799843027478218	-0.000665328922310787	40.1970565713022	0.999470120285312
24.875	19.5	0.995753479379576	0.799847640498299	-0.000646941339963195	39.9971945797481	0.999532882731753
25.125	19.5	0.996264331601055	0.799852295842638	-0.000628831918320142	39.7973195624673	0.999589076476116
25.375	19.5	0.996720496140552	0.799856954857574	-0.000611027671544189	39.5974327709821	0.999639254575461
25.625	19.5	0.997126763672128	0.799861585450724	-0.000593552145140099	39.3975353575016	0.999683944003934
25.875	19.5	0.997487668004301	0.799866161176488	-0.000576425562058647	39.1976283788778	0.999723643480473
26.125	19.5	0.997807473249923	0.799870660445287	-0.000559664989639692	38.997712801125	0.999758822057492
26.375	19.5	0.998090166929273	0.799875065838714	-0.000543284521479478	38.7977895043341	0.99978991836222
26.625	19.5	0.998339458077225	0.799879363517112	-0.00052729546903539	38.5978592878378	0.999817340388495
26.875	19.5	0.998558779500958	0.799883542706344	-0.000511706558695961	38.3979228755042	0.999841465745105
27.125	19.5	0.998751293418798	0.799887595253623	-0.000496524130881486	38.1979809210586	0.999862642276068
27.375	19.5	0.998919899796465	0.799891515241995	-0.000481752338131083	37.9980340133519	0.999881188977611
27.625	19.5	0.999067246779534	0.799895298656419	-0.000467393339923396	37.7980826815083	0.999897397145749
27.875	19.5	0.99919574269837	0.799898943094181	-0.000453447492219408	37.5981273999018	0.999911531696821
28.125	19.5	0.999307569193	0.799902447513246	-0.000439913530405651	37.3981685929216	0.99992383261123
28.375	19.5	0.999404695069781	0.799905812014259	-0.000426788744287765	37.1982066394965	0.999934516457676
28.625	19.5	0.999488890560195	0.799909037651363	-0.000414069144465665	36.99824187736	0.999943777961621
28.875	19.5	0.999561741704378	0.799912126267975	-0.000401749619270064	36.7982746070432	0.999951791587482
29.125	19.5	0.999624664628908	0.799915080354868	-0.00038982408211021	36.5983050955886	0.99995871310918
29.375	19.5	0.999678919530406	0.799917902926886	-0.000378285608748329	36.3983335799864	0.999964681148345
29.625	19.5	0.999725624213838	0.799920597416846	-0.000367126564671786	36.1983602703351	0.999969818663522
29.875	19.5	0.999765767067692	0.799923167583834	-0.000356338722405637	35.998385352735	0.999974234377446
30.125	19.5	0.999800219387507	0.799925617434172	-0.000345913369166982	35.7984089919248	0.999978024132626
30.375	19.5	0.999829746984891	0.799927951153903	-0.000335841404880262	35.5984313336717	0.999981272168338
30.625	19.5	0.99985502104166	0.799930173050928	-0.000326113431100456	35.3984525069317	0.999984052314583
30.875	19.5	0.999876628187668	0.799932287505603	-0.000316719831079603	35.1984726257913	0.999986429100644
31.125	19.5	0.999895079797333	0.799934298929157	-0.000307650841516798	34.9984917912087	0.999988458777707
31.375	19.5	0.999910820513246	0.799936211728417	-0.000298896616400621	34.7985100925678	0.999990190256457
31.625	19.5	0.999924236016228	0.799938030276373	-0.000290447283434073	34.5985276090621	0.999991665961785
31.875	19.5	0.99993566006999	0.799939758887774	-0.000282292993618002	34.3985444109216	0.999992922607699
32.125	19.5	0.999945380875104	0.799941401799031	-0.000274423964397398	34.1985605604988	0.999993991896261
32.375	19.5	0.999953646771834	0.799942963152128	-0.000266830516933123	33.9985761132263	0.999994901144902
32.625	19.5	0.999960671334591	0.799944446981225	-0.000259503108008746	33.7985911184601	0.999995673846805
32.875	19.5	0.999966637902601	0.799945857202965	-0.000252432356994184	33.5986056202194	0.999996330169286
33.125	19.5	0.999971703592064	0.799947197608369	-0.000245609068395648	33.3986196578361	0.999996887395127
33.375	19.5	0.999976002834741	0.799948471857471	-0.000239024250348828	33.1986332665217	0.999997360311822
33.625	19.5	0.999979650486821	0.799949683475462	-0.000232669129585801	32.9986464778633	0.99999776155355
33.875	19.5	0.999982744550333	0.799950835850348	-0.000226535163131288	32.7986593202569	0.999998101900537
34.125	19.5	0.999985368547074	0.799951932231887	-0.000220614047191223	32.598671819284	0.999998390540178
34.375	19.5	0.999987593582728	0.799952975731912	-0.000214897723550282	32.3986839980411	0.9999986352941
34.625	19.5	0.999989480135983	0.799953969325183	-0.000209378383722274	32.1986958774254	0.999998842814958
34.875	19.5	0.999991079604953	0.799954915851222	-0.000204048471268419	31.998707476385	0.999999018756545
35.125	19.5	0.99999243564013	0.799955818016591	-0.000198900682381083	31.7987188121364	0.999999167920414
35.375	19.5	0.999993585290513	0.799956678398021	-0.00019392796508463	31.5987299003538	0.999999294381956
35.625	19.5	0.999994559986852	0.799957499445501	-0.000189123517222906	31.3987407553351	0.999999401598554
35.875	19.5	0.999995386383382	0.799958283486013	-0.000184480783421276	31.198751390147	0.999999492502172
36.125	19.5	0.999996087077032	0.799959032727325	-0.000179993451166734	30.9987618167511	0.999999569578473
36.375	19.5	0.999996681220924	0.799959749262107	-0.000175655446224564	30.7987720461158	0.999999634934302
36.625	19.5	0.999997185046885	0.799960435071978	-0.000171460927423462	30.598782088314	0.999999690355157
36.875	19.5	0.999997612309907	0.799961092031845	-0.000167404281026289	30.3987919526091	0.99999973735409
37.125	19.5	0.999997974665763	0.799961721914038	-0.000163480114705773	30.1988016475312	0.999999777213234
37.375	19.5	0.999998281991533	0.799962326392677	-0.000159683251268802	29.9988111809449	0.999999811019069
37.625	19.5	0.999998542657465	0.799962907047891	-0.000156008722177607	29.7988205601085	0.999999839692321
37.875	19.5	0.999998763757404	0.799963465369902	-0.000152451760923722	29.5988297917283	0.999999864013315
38.125	19.5	0.999998951304004	0.799964002763219	-0.000149007796366354	29.3988388820056	0.99999988464344
38.375	19.5	0.999999110394071	0.799964520550663	-0.00014567244601929	29.1988478366797	0.999999902143348
38.625	19.5	0.999999245348554	0.799965019977232	-0.000142441509345576	28.9988566610663	0.999999916988341
38.875	19.5	0.999999359831074	0.799965502213917	-0.000139310961134773	28.798865360092	0.999999929581418
39.125	19.5	0.999999456948252	0.79996596836151	-0.000136276944939641	28.5988739383259	0.999999940264308
39.375	19.5	0.999999539334674	0.79996641945397	-0.000133335766608407	28.3988824000076	0.999999949326814
39.625	19.5	0.999999609224819	0.799966856462087	-0.00013048388798161	28.1988907490732	0.99999995701473
39.875	19.5	0.999999668513972	0.799967280296677	-0.000127717920673489	27.9988989891786	0.999999963536537
40.125	19.5	0.999999718809836	0.799967691811759	-0.000125034620062692	27.798907123721	0.999999969069082
40.375	19.5	0.999999761476229	0.799968091807683	-0.000122430879388267	27.5989151558588	0.999999973762385
40.625	19.5	0.99999979767014	0.799968481034057	-0.000119903724082737	27.398923088529	0.999999977743715
40.875	19.5	0.999999828373128	0.799968860192466	-0.00011745030620912	27.198930924464	0.999999981121044
41.125	19.5	0.999999854417929	0.799969229939271	-0.000115067899138091	26.9989386662071	0.999999983985972
41.375	19.5	0.999999876511038	0.799969590888037	-0.000112753892367914	26.7989463161258	0.999999986416214
41.625	19.5	0.99999989525184	0.799969943612097	-0.000110505786539126	26.5989538764254	0.999999988477702
41.875	19.5	0.999999911148844	0.799970288646757	-0.000108321188630622	26.3989613491607	0.999999990226373
42.125	19.5	0.999999924633465	0.799970626491579	-0.00010619780733003	26.1989687362466	0.999999991709681
42.375	19.5	0.999999936071697	0.799970957612413	-0.000104133448590036	25.9989760394693	0.999999992967887
42.625	19.5	0.999999945774035	0.799971282443454	-0.000102126011341045	25.7989832604948	0.999999994035144
42.875	19.5	0.999999954003881	0.799971601389098	-0.000100173483398629	25.5989904008783	0.999999994940427
43.125	19.5	0.999999960984678	0.799971914825685	-9.82739375141347e-05	25.3989974620721	0.999999995708315
43.375	19.5	0.999999966905982	0.79997222310329	-9.64255276098616e-05	25.1990044454335	0.999999996359658
43.625	19.5	0.999999971928587	0.799972526547255	-9.46264851490524e-05	24.9990113522314	0.999999996912145
43.875	19.5	0.999999976188884	0.7999728254597	-9.28751156734337e-05	24.7990181836532	0.999999997380777
44.125	19.5	0.999999979802571	0.799973120121064	-9.11697954888218e-05	24.5990249408109	0.999999997778283
44.375	19.5	0.999999982867793	0.799973410791318	-8.95089684914166e-05	24.3990316247465	0.999999998115457
44.625	19.5	0.999999985467794	0.799973697711365	-8.78911431310838e-05	24.1990382364377	0.999999998401457
44.875	19.5	0.999999987673182	0.79997398110417	-8.63148895071628e-05	23.9990447768025	0.99999999864405
45.125	19.5	0.999999989543854	0.799974261175964	-8.47788365958502e-05	23.7990512467039	0.999999998849824
45.375	19.5	0.99999999113061	0.799974538117283	-8.32816696099355e-05	23.5990576469542	0.999999999024367
45.625	19.5	0.999999992476545	0.799974812104036	-8.18221274496628e-05	23.3990639783188	0.99999999917242
45.875	19.5	0.999999993618211	0.799975083298369	-8.03990003054012e-05	23.1990702415202	0.999999999298003
46.125	19.5	0.999999994586605	0.799975351849633	-7.901112733749e-05	22.9990764372413	0.999999999404527
46.375	19.5	0.99999999540803	0.799975617895309	-7.76573944704107e-05	22.7990825661284	0.999999999494883
46.625	19.5	0.999999996104791	0.79997588156162	-7.63367323121759e-05	22.5990886287944	0.999999999571527
46.875	19.5	0.999999996695808	0.799976142964462	-7.50481141233177e-05	22.3990946258216	0.999999999636539
47.125	19.5	0.999999997197129	0.799976402210038	-7.37905539073847e-05	22.1991005577642	0.999999999691684
47.375	19.5	0.999999997622366	0.799976659395498	-7.25631046039474e-05	21.9991064251506	0.99999999973846
47.625	19.5	0.999999997983068	0.799976914609644	-7.13648563215189e-05	21.7991122284859	0.999999999778137
47.875	19.5	0.999999998289029	0.799977167933436	-7.01949346862943e-05	21.5991179682536	0.999999999811793
48.125	19.5	0.999999998548555	0.79997741944064	-6.90524992672098e-05	21.3991236449177	0.999999999840341
48.375	19.5	0.999999998768695	0.799977669198259	-6.7936742034866e-05	21.1991292589247	0.999999999864556
48.625	19.5	0.999999998955424	0.799977917267058	-6.68468859511219e-05	20.9991348107046	0.999999999885097
48.875	19.5	0.999999999113815	0.799978163702059	-6.57821835670188e-05	20.7991403006733	0.99999999990252
49.125	19.5	0.999999999248166	0.799978408552906	-6.4741915736607e-05	20.5991457292333	0.999999999917298
49.375	19.5	0.99999999936213	0.799978651864309	-6.37253903262306e-05	20.3991510967752	0.999999999929834
49.625	19.5	0.999999999458798	0.799978893676481	-6.27319410609652e-05	20.199156403679	0.999999999940468
49.875	19.5	0.999999999540796	0.799979134025352	-6.17609263574666e-05	19.9991616503152	0.999999999949488
50.125	19.5	0.999999999610349	0.79997937294304	-6.08117282495205e-05	19.7991668370456	0.999999999957138
50.375	19.5	0.999999999669342	0.799979610458095	-5.98837513411444e-05	19.5991719642246	0.999999999963628
50.625	19.5	0.999999999719384	0.799979846595832	-5.89764218243402e-05	19.3991770321997	0.999999999969132
50.875	19.5	0.999999999761833	0.799980081378581	-5.80891865301044e-05	19.1991820413125	0.999999999973802
51.125	19.5	0.999999999797843	0.799980314825983	-5.7221512022067e-05	18.9991869918993	0.999999999977763
51.375	19.5	0.999999999828384	0.799980546955175	-5.63728837492167e-05	18.7991918842917	0.999999999981122
51.625	19.5	0.99999999985429	0.799980777781104	-5.55428052134037e-05	18.5991967188176	0.999999999983972
51.875	19.5	0.999999999876265	0.799981007316675	-5.47307971827839e-05	18.3992014958011	0.999999999986389
52.125	19.5	0.999999999894906	0.799981235572996	-5.39363969484508e-05	18.1992062155634	0.99999999998844
52.375	19.5	0.999999999910716	0.799981462559538	-5.31591576089566e-05	17.9992108784232	0.999999999990179
52.625	19.5	0.999999999924127	0.799981688284392	-5.23986473899929e-05	17.7992154846968	0.999999999991654
52.875	19.5	0.999999999935505	0.799981912754312	-5.16544489792672e-05	17.599220034699	0.999999999992906
53.125	19.5	0.999999999945155	0.799982135975034	-5.09261589239358e-05	17.3992245287426	0.999999999993967
53.375	19.5	0.999999999953342	0.79998235795131	-5.0213387023086e-05	17.1992289671394	0.999999999994868
53.625	19.5	0.999999999960285	0.799982578687085	-4.95157557538241e-05	16.9992333502002	0.999999999995631
53.875	19.5	0.999999999966174	0.7999827981857	-4.88328997569467e-05	16.7992376782345	0.999999999996279
54.125	19.5	0.99999999997117	0.799983016449933	-4.8164465284847e-05	16.5992419515513	0.999999999996829
54.375	19.5	0.999999999975408	0.799983233482217	-4.75101097291497e-05	16.3992461704591	0.999999999997295
54.625	19.5	0.999999999979004	0.799983449284679	-4.68695011473592e-05	16.1992503352655	0.99999999999769
54.875	19.5	0.999999999982054	0.799983663859326	-4.62423178075739e-05	15.9992544462779	0.999999999998026
55.125	19.5	0.999999999984642	0.799983877208107	-4.56282477676249e-05	15.7992585038028	0.999999999998311
55.375	19.5	0.999999999986837	0.799984089333091	-4.50269884625131e-05	15.5992625081467	0.999999999998552
55.625	19.5	0.999999999988699	0.799984300236496	-4.44382463147958e-05	15.3992664596153	0.999999999998757
55.875	19.5	0.999999999990278	0.799984509920857	-4.3861736367542e-05	15.1992703585137	0.999999999998931
56.125	19.5	0.999999999991618	0.799984718389085	-4.32971819365496e-05	14.9992742051463	0.999999999999078
56.375	19.5	0.999999999992755	0.799984925644608	-4.27443142705436e-05	14.799277999817	0.999999999999203
56.625	19.5	0.99999999999372	0.799985131691439	-4.22028722399346e-05	14.5992817428283	0.999999999999309
56.875	19.5	0.99999999999454	0.799985336534277	-4.1672602035488e-05	14.399285434482	0.999999999999399
57.125	19.5	0.999999999995236	0.799985540178639	-4.11532568912901e-05	14.1992890750785	0.999999999999476
57.375	19.5	0.999999999995824	0.799985742630894	-4.0644596813734e-05	13.9992926649168	0.999999999999541
57.625	19.5	0.999999999996325	0.799985943898411	-4.01463883369062e-05	13.799296204294	0.999999999999596
57.875	19.5	0.99999999999675	0.79998614398964	-3.96584042872798e-05	13.5992996935054	0.999999999999643
58.125	19.5	0.99999999999711	0.799986342914195	-3.91804235685177e-05	13.3993031328439	0.999999999999682
58.375	19.5	0.999999999997416	0.799986540682941	-3.87122309566088e-05	13.1993065226001	0.999999999999716
58.625	19.5	0.999999999997677	0.799986737308096	-3.82536169225155e-05	12.9993098630614	0.999999999999745
58.875	19.5	0.999999999997897	0.799986932803358	-3.78043774590344e-05	12.7993131545123	0.999999999999769
59.125	19.5	0.999999999998083	0.799987127183909	-3.73643139204162e-05	12.5993163972333	0.999999999999789
59.375	19.5	0.999999999998242	0.799987320466603	-3.69332328974671e-05	12.3993195915013	0.999999999999807
59.625	19.5	0.999999999998377	0.799987512669975	-3.65109460876865e-05	12.1993227375886	0.999999999999821
59.875	19.5	0.999999999998492	0.799987703814377	-3.6097270197316e-05	11.9993258357625	0.999999999999834
60.125	19.5	0.999999999998589	0.799987893922017	-3.56920268418476e-05	11.7993288862853	0.999999999999845
60.375	19.5	0.999999999998672	0.799988083017096	-3.52950424843618e-05	11.5993318894132	0.999999999999854
60.625	19.5	0.999999999998742	0.799988271125824	-3.49061483703392e-05	11.3993348453963	0.999999999999862
60.875	19.5	0.9999999999988	0.799988458276536	-3.45251804976901e-05	11.1993377544779	0.999999999999868
61.125	19.5	0.999999999998848	0.799988644499732	-3.41519795809719e-05	10.9993406168938	0.999999999999873
61.375	19.5	0.999999999998888	0.799988829828149	-3.37863910563732e-05	10.799343432872	0.999999999999878
61.625	19.5	0.999999999998924	0.799989014296823	-3.34282650800855e-05	10.599346202632	0.999999999999882
61.875	19.5	0.999999999998954	0.7999891979431	-3.30774565698423e-05	10.3993489263842	0.999999999999885
62.125	19.5	0.99999999999898	0.799989380806723	-3.27338252225119e-05	10.1993516043296	0.999999999999888
62.375	19.5	0.999999999999002	0.799989562929802	-3.23972355984346e-05	9.99935423665869	0.99999999999989
62.625	19.5	0.999999999999017	0.799989744356885	-3.20675571721299e-05	9.79935682355125	0.999999999999892
62.875	19.5	0.999999999999019	0.799989925134884	-3.17446644311723e-05	9.59935936517564	0.999999999999892
63.125	19.5	0.999999999999008	0.799990105313131	-3.1428436971051e-05	9.39936186168815	0.999999999999891
63.375	19.5	0.999999999998981	0.799990284943323	-3.11187596210378e-05	9.19936431323247	0.999999999999888
63.625	19.5	0.999999999998946	0.799990464079435	-3.08155225515523e-05	8.99936671993906	0.999999999999884
63.875	19.5	0.99999999999892	0.799990642777704	-3.05186214238553e-05	8.7993690819246	0.999999999999881
64.125	19.5	0.99999999999893	0.799990821096524	-3.02279575360185e-05	8.59937139929145	0.999999999999882
64.375	19.5	0.99999999999901	0.799990999096299	-2.99434379715459e-05	8.3993736721271	0.999999999999891
64.625	19.5	0.999999999999181	0.799991176839371	-2.96649757570458e-05	8.19937590050368	0.99999999999991
64.875	19.5	0.999999999999431	0.799991354389799	-2.93924900304055e-05	7.99937808447752	0.999999999999937
65.125	19.5	0.999999999999685	0.799991531813211	-2.9125906200375e-05	7.79938022408873	0.999999999999965
65.375	19.5	0.999999999999792	0.799991709176571	-2.88651561076317e-05	7.59938231936083	0.999999999999977
65.625	19.5	0.999999999999535	0.799991886547964	-2.86101781832634e-05	7.39938437030046	0.999999999999949
65.875	19.5	0.999999999998689	0.799992063996278	-2.83609175932837e-05	7.1993863768971	0.999999999999856
66.125	19.5	0.999999999997156	0.799992241590966	-2.81173263835678e-05	6.99938833912294	0.999999999999687
66.375	19.5	0.99999999999514	0.799992419401684	-2.78793635964738e-05	6.79939025693277	0.999999999999465
66.625	19.5	0.999999999993334	0.799992597497926	-2.76469953753765e-05	6.59939213026393	0.999999999999267
66.875	19.5	0.999999999993003	0.79999277594867	-2.74201950519246e-05	6.39939395903643	0.99999999999923
67.125	19.5	0.999999999995823	0.799992954821949	-2.71989431927738e-05	6.19939574315308	0.99999999999954
67.375	19.5	1.00000000000331	0.799993134184422	-2.69832276354319e-05	5.9993974824998	1.00000000000036
67.625	19.5	1.00000000001577	0.799993314100927	-2.67730434707933e-05	5.79939917694599	1.00000000000174
67.875	19.5	1.0000000000309	0.799993494634026	-2.65683929983612e-05	5.59940082634513	1.0000000000034
68.125	19.5	1.00000000004245	0.799993675843531	-2.63692856326796e-05	5.39940243053548	1.00000000000467
68.375	19.5	1.0000000000399	0.799993857786048	-2.61757377640133e-05	5.19940398934086	1.00000000000439
68.625	19.5	1.00000000001041	0.799994040514493	-2.59877725700055e-05	4.9994055025717	1.00000000000114
68.875	19.5	0.999999999944204	0.799994224077602	-2.58054197736606e-05	4.79940697002593	0.999999999993862
69.125	19.5	0.999999999843832	0.799994408519393	-2.56287153644551e-05	4.59940839149003	0.999999999982822
69.375	19.5	0.999999999735707	0.799994593878585	-2.5457701268697e-05	4.39940976673984	0.999999999970928
69.625	19.5	0.999999999678996	0.799994780187927	-2.52924249847656e-05	4.19941109554129	0.99999999996469
69.875	19.5	0.999999999763115	0.799994967473494	-2.51329391766605e-05	3.99941237765125	0.999999999973943
70.125	19.5	1.00000000008258	0.799995155754106	-2.4979301194051e-05	3.79941361281869	1.00000000000908
70.375	19.5	1.00000000068014	0.799995345040959	-2.4831572483505e-05	3.5994148007869	1.00000000007482
70.625	19.5	1.00000000146024	0.799995535337869	-2.46898178347444e-05	3.39941594129738	1.00000000016063
70.875	19.5	1.00000000209769	0.799995726642254	-2.4554104424067e-05	3.19941703409572	1.00000000023075
71.125	19.5	1.00000000199928	0.799995918946861	-2.44245006911544e-05	2.99941807893902	1.00000000021992
71.375	19.5	1.00000000040821	0.79999611224174	-2.4301075222932e-05	2.79941907560259	1.0000000000449
71.625	19.5	0.999999996747506	0.799996306515053	-2.41838960067864e-05	2.5994200238818	0.999999999642226
71.875	19.5	0.999999991244427	0.79999650175066	-2.40730305669385e-05	2.39942092358328	0.999999999036887
72.125	19.5	0.999999985726954	0.799996697920121	-2.39685474540644e-05	2.19942177450048	0.999999998429965
72.375	19.5	0.999999984225975	0.79999689496807	-2.38705191048454e-05	1.99942257637381	0.999999998264857
72.625	19.5	0.999999992709395	0.799997092793341	-2.37790250535933e-05	1.79942332884704	0.999999999198033
72.875	19.5	1.000000017078	0.799997291234535	-2.36941528971706e-05	1.59942403144858	1.00000000187858
73.125	19.5	1.00000005874828	0.799997490076048	-2.36159928113521e-05	1.39942468364327	1.00000000646231
73.375	19.5	1.00000010807484	0.79999768909562	-2.35446209233328e-05	1.199425285005	1.00000001188823
73.625	19.5	1.00000013775233	0.799997888170205	-2.34800692540909e-05	0.999425835534131	1.00000001515276
73.875	19.5	1.00000010099015	0.799998087435175	-2.34222870562726e-05	0.799426336067508	1.00000001110892
74.125	19.5	0.999999941686313	0.799998287447087	-2.33711108020969e-05	0.599426788596593	0.999999993585494
74.375	19.5	0.999999623994403	0.799998489277212	-2.33262752885884e-05	0.399427196148439	0.999999958639384
74.625	19.5	0.999999183671345	0.799998823311346	-2.32875107702575e-05	0.199427561756064	0.999999910203848
74.875	19.5	0.999998790690483	0.399998524173193	-2.32608604780552e-05	-0.000572178482834194	0.999999866975953
0.125	20.5	4.35511079243685e-07	0.400000551823292	0.00110499961790505	58.5987496531852	0.890000047906219
0.375	20.5	-4.6119703400246e-06	0.800001945376023	0.00110592034396919	58.4207493980429	0.889999492683263
0.625	20.5	-1.57803316437924e-05	0.800003389529363	0.00110775867591026	58.242748990421	0.889998264163519
0.875	20.5	-3.39045015277988e-05	0.80000485415474	0.0011105033676839	58.0647485840413	0.889996270504832
1.125	20.5	-5.86535976068641e-05	0.800006402428853	0.00111413724379909	57.8867483221313	0.889993548104263
1.375	20.5	-8.76485185783778e-05	0.800008066295575	0.00111863650902253	57.7087483157422	0.889990358662956
1.625	20.5	-0.000115623108754574	0.800009876021197	0.00112396986503634	57.5307485892068	0.889987281458037
1.875	20.5	-0.000133703013263131	0.800011857843605	0.00113009739830718	57.3527490083962	0.889985292668541
2.125	20.5	-0.000128904388944045	0.800014031660725	0.00113696927813715	57.1747491954907	0.889985820517216
2.375	20.5	-8.39524705547046e-05	0.800016409326484	0.00114452433925449	56.9967484362049	0.889990765228239
2.625	20.5	2.25043919213648e-05	0.800018993979047	0.00115268865134362	56.8187455873306	0.890002475483111
2.875	20.5	0.000215249946925334	0.800021780670373	0.00116137419448052	56.6407389936737	0.890023677494162
3.125	20.5	0.000521438557809364	0.800024758385556	0.00117047776166403	56.4627264236837	0.890057358241359
3.375	20.5	0.000969181646826477	0.800027913366246	0.00117988019638454	56.2847050321931	0.890106609981151
3.625	20.5	0.0015858908917751	0.800031233501115	0.00118944604365745	56.1066713567634	0.890174447998095
3.875	20.5	0.00239651850708517	0.800034713450246	0.00119902365047148	55.9286213513703	0.890263617035779
4.125	20.5	0.00342184964912956	0.800038360132872	0.00120844570040604	55.7505504578975	0.890376403461404
4.375	20.5	0.00467699845231029	0.80004219823314	0.00121753011334356	55.5724537125171	0.890514469829754
4.625	20.5	0.00617023858697727	0.800046275456206	0.0012260811919751	55.3943258809076	0.890678726244568
4.875	20.5	0.00790226485244245	0.800050667382594	0.00123389085917034	55.2161616137482	0.890869249133769
5.125	20.5	0.00986593902764942	0.800055481909511	0.00124073981042018	55.0379556122593	0.891085253293041
5.375	20.5	0.0120465267132703	0.800060863417655	0.00124639840721805	54.8597027928877	0.89132511793846
5.625	20.5	0.0144223881672598	0.800066996940784	0.00125062716194054	54.6813984405505	0.891586462698399
5.875	20.5	0.0169660507560089	0.800074112731238	0.00125317670998417	54.5030383410393	0.891866265583161
6.125	20.5	0.0196455682255259	0.800082491676713	0.00125378722631157	54.3246188850091	0.892161012504808
6.375	20.5	0.0224260655096877	0.800092472018274	0.00125218731529558	54.1461371381233	0.892466867206066
6.625	20.5	0.0252713779496443	0.800104457727862	0.0012480924774192	53.967590874036	0.892779851574461
6.875	20.5	0.0281457186624851	0.800118928726268	0.00124120333073071	53.7889785686323	0.893096029052873
7.125	20.5	0.0310153428000321	0.800136452873474	0.0012312038345602	53.6102993550451	0.893411687708003
7.375	20.5	0.0338502159714868	0.800157699375203	0.00121775982950277	53.4315529392706	0.893723523756864
7.625	20.5	0.0366257286968902	0.800183452965142	0.00120051827478182	53.2527394757398	0.894028830156658
7.875	20.5	0.0393245226963462	0.800214627981098	0.00117910763886274	53.0738594011069	0.894325697496598
8.125	20.5	0.0419385038830978	0.800252281288868	0.00115313999512605	52.8949132231012	0.894613235427141
8.375	20.5	0.0444711108620289	0.800297622914994	0.00112221550541535	52.7159012598661	0.894891822194823
8.625	20.5	0.0469398910453453	0.800352023195387	0.00108593016153362	52.5368233240877	0.895163388014988
8.875	20.5	0.0493794182699057	0.80041701515285	0.00104388791643993	52.3576783455435	0.89543173600969
9.125	20.5	0.0518445783966459	0.800494290559878	0.000995718689724886	52.1784639254048	0.895702903623631
9.375	20.5	0.0544142660292165	0.80058568756668	0.000941104182151258	51.999175815372	0.895985569263214
9.625	20.5	0.057195586966428	0.800693166698863	0.000879813961047175	51.8198073139191	0.896291514566307
9.875	20.5	0.0603287513487018	0.800818770250786	0.000811754820386996	51.6403485698545	0.896636162648357
10.125	20.5	0.0639929636364477	0.80096455742052	0.000737036827678247	51.4607857793768	0.897039226000009
10.375	20.5	0.0684137400600466	0.80113250376277	0.000656059452723958	51.2811002565591	0.897525511406605
10.625	20.5	0.0738721539548431	0.801324348588137	0.000569620192518948	51.101267349331	0.898125936935033
10.875	20.5	0.0807164190668423	0.801541367976321	0.000479045243779922	50.9212551659037	0.898878806097353
11.125	20.5	0.089375794737977	0.801784045004319	0.000386335590962775	50.7410230754165	0.899831337421177
11.375	20.5	0.100375765878192	0.802051605201157	0.000294310402457177	50.5605199611625	0.901041334246601
11.625	20.5	0.114351453393155	0.802341390280952	0.000206710790717536	50.379682251203	0.902578659873247
11.875	20.5	0.132052881040748	0.802648069381907	0.000128200143653767	50.1984318527918	0.904525816914482
12.125	20.5	0.154330987213176	0.802962755577815	6.41666169989629e-05	50.0166743009071	0.90697640859345
12.375	20.5	0.18208801249909	0.803272232558178	2.02139597623184e-05	49.8342977146788	0.9100296813749
12.625	20.5	0.216173069693126	0.803558709705946	1.24999364836418e-06	49.6511735140127	0.913779037666244
12.875	20.5	0.257209305382916	0.803800742691553	1.01916561282391e-05	49.4671601624795	0.918293023592121
13.125	20.5	0.305361007850733	0.803975953745468	4.65274608307668e-05	49.28211120686	0.923589710863581
13.375	20.5	0.360090653804504	0.804065606452422	0.000105256093292761	49.095888203183	0.929609971918495
13.625	20.5	0.420003557774385	0.804059811731036	0.000176862646749942	48.9083775039775	0.936200391355182
13.875	20.5	0.482893455028031	0.803960881407734	0.000248753433550567	48.719507648011	0.943118280053083
14.125	20.5	0.546044355361302	0.803782585990994	0.000307904179584896	48.5292624021628	0.950064879089743
14.375	20.5	0.6067190314672	0.803545423705836	0.000343763079320975	48.337684845362	0.956739093461392
14.625	20.5	0.66265395225159	0.803270656341549	0.00035025978096251	48.1448707420862	0.962891934747675
14.875	20.5	0.712376757737293	0.802976207050097	0.000326287807835748	47.950953427197	0.968361443351102
15.125	20.5	0.755268682003077	0.802675470966133	0.000274827810797757	47.7560851427099	0.973079555020338
15.375	20.5	0.791420971453357	0.802378030435295	0.000201385492776301	47.560419882183	0.977056306859869
15.625	20.5	0.821396882169534	0.802090808009296	0.000112429945675984	47.3641008851925	0.980353657038649
15.875	20.5	0.845998532145856	0.801818870799986	1.4232122564578e-05	47.1672535537734	0.983059838536044
16.125	20.5	0.866091124190952	0.80156581446523	-8.78020381246336e-05	46.9699829204067	0.985270023661005
16.375	20.5	0.882494845518019	0.801333936035286	-0.000189391447448522	46.7723741693285	0.987074433006982
16.625	20.5	0.895931942181471	0.801124374875588	-0.000287376630929439	46.5744948001741	0.988552513639962
16.875	20.5	0.907010250150006	0.800937291638854	-0.000379581127142082	46.3763974121169	0.989771127516501
17.125	20.5	0.916226957848308	0.800772081009577	-0.000464624926221599	46.1781224971165	0.990784965363314
17.375	20.5	0.923981464326738	0.800627589194576	-0.000541739426847921	45.9797009428944	0.991637961075941
17.625	20.5	0.930590835269881	0.800502310374397	-0.00061060657125734	45.7811561421034	0.992364991879687
17.875	20.5	0.936304620912582	0.800394548119732	-0.000671228928680892	45.5825057085802	0.992993508300384
18.125	20.5	0.941317756828201	0.800302538308941	-0.000723829481976398	45.3837628469764	0.993544953251102
18.375	20.5	0.945781291327945	0.800224536610972	-0.000768776639208574	45.1849374346295	0.994035942046074
18.625	20.5	0.949811133808707	0.800158876546769	-0.000806529291831334	44.9860368714829	0.994479224718958
18.875	20.5	0.953495159482026	0.800104004774747	-0.000837597190212113	44.7870667450862	0.994884467543023
19.125	20.5	0.956899001391908	0.800058499665304	-0.00086251274869249	44.5880313481559	0.99525889015311
19.375	20.5	0.960070801971447	0.800021078173559	-0.000881811263716836	44.3889340779276	0.995607788216859
19.625	20.5	0.963045129164831	0.79999059489535	-0.000896017280720415	44.1897777401319	0.995934964208131
19.875	20.5	0.965846205494141	0.799966036184022	-0.000905635442079547	43.9905647757413	0.996243082604356
20.125	20.5	0.968490557625636	0.79994651138362	-0.000911144597775492	43.7912974252602	0.99653396133882
20.375	20.5	0.970989167746643	0.79993124259724	-0.000912994289592309	43.5919778428797	0.996808808452131
20.625	20.5	0.973349192772427	0.799919553937677	-0.000911602957528082	43.3926081709353	0.997068411204967
20.875	20.5	0.975575309143358	0.799910860866392	-0.000907357387113646	43.1931905835762	0.997313284005769
21.125	20.5	0.977670736480556	0.799904659992034	-0.000900613039526244	42.9937273072198	0.997543781012861
21.375	20.5	0.979637990329464	0.799900519535813	-0.000891694995674019	42.7942206241538	0.997760178936241
21.625	20.5	0.981479411241421	0.799898070568029	-0.00088089931165309	42.5946728645359	0.997962735236556
21.875	20.5	0.98319751386521	0.799896999049848	-0.000868494632766716	42.3950863910155	0.998151726525173
22.125	20.5	0.984795195396953	0.799897038674054	-0.000854723951651631	42.1954635792839	0.998327471493665
22.375	20.5	0.986275837823015	0.799897964472151	-0.000839806425527506	41.9958067970491	0.998490342160532
22.625	20.5	0.987643333179224	0.799899587143244	-0.000823939190843502	41.7961183832364	0.998640766649715
22.875	20.5	0.988902055857349	0.799901748050294	-0.000807299131812209	41.5964006286486	0.998779226144308
23.125	20.5	0.99005680108728	0.799904314828706	-0.000790044573401087	41.3966557588562	0.998906248119601
23.375	20.5	0.991112704306887	0.799907177550065	-0.000772316880392269	41.1968859197341	0.999022397473758
23.625	20.5	0.992075152315084	0.799910245386348	-0.000754241952207857	40.9970931657966	0.999128266754659
23.875	20.5	0.992949693928949	0.799913443720905	-0.000735931609560928	40.7972794512958	0.999224466332184
24.125	20.5	0.993741955317839	0.799916711656774	-0.000717484873255047	40.5974466239187	0.999311615084962
24.375	20.5	0.994457563213892	0.799919999875043	-0.000698989138553332	40.3975964208464	0.999390331953528
24.625	20.5	0.995102077723947	0.799923268800425	-0.000680521250478429	40.1977304668944	0.999461228549634
24.875	20.5	0.995680935409228	0.799926487034806	-0.000662148486465067	39.9978502744387	0.999524902895015
25.125	20.5	0.99619940257353	0.799929630023193	-0.000643929453622154	39.7979572448399	0.999581934283088
25.375	20.5	0.996662538232009	0.799932678920008	-0.000625914907513946	39.5980526710893	0.999632879205521
25.625	20.5	0.997075165955298	0.799935619628269	-0.000608148499648754	39.3981377414265	0.999678268255083
25.875	20.5	0.997441853643648	0.799938441986209	-0.000590667460075396	39.1982135437041	0.999718603900801
26.125	20.5	0.997766900239757	0.799941139080154	-0.000573503221376402	38.9982810703009	0.999754359026373
26.375	20.5	0.998054328404442	0.7999437066646	-0.000556681989332409	38.7983412234143	0.999785976124489
26.625	20.5	0.998307882232363	0.799946142673802	-0.000540225265533079	38.5983948205862	0.99981386704556
26.875	20.5	0.998531029158298	0.799948446810336	-0.000524150326134867	38.3984426003397	0.999838413207413
27.125	20.5	0.998726965287039	0.799950620199326	-0.000508470660788954	38.1984852278271	0.999859966181574
27.375	20.5	0.998898623464153	0.79995266509833	-0.000493196375197795	37.9985233004055	0.999878848581057
27.625	20.5	0.999048683486329	0.799954584653759	-0.000478334560331384	37.7985573530751	0.999895355183496
27.875	20.5	0.999179583926512	0.799956382697199	-0.000463889631022894	37.5985878637273	0.999909754231916
28.125	20.5	0.999293535119375	0.799958063575364	-0.000449863636223544	37.3986152581652	0.999922288863131
28.375	20.5	0.999392532916609	0.79995963200812	-0.000436256543196339	37.198639914866	0.999933178620827
28.625	20.5	0.99947837287936	0.799961092971061	-0.000423066497362505	36.9986621694667	0.99994262101673
28.875	20.5	0.999552664627167	0.799962451598002	-0.000410290059635865	36.7986823189616	0.999950793108988
29.125	20.5	0.999616846109393	0.799963713100954	-0.000397922422751555	36.5987006256058	0.999957853072033
29.375	20.5	0.999672197607066	0.799964882704767	-0.00038595760797924	36.3987173205246	0.999963941736777
29.625	20.5	0.999719855310369	0.799965965593916	-0.000374388643613584	36.1987326070341	0.999969184084141
29.875	20.5	0.99976082435037	0.799966966869956	-0.000363207726450027	35.9987466636797	0.999973690678541
30.125	20.5	0.999795991193045	0.799967891517919	-0.000352406367393741	35.7987596470048	0.999977559031235
30.375	20.5	0.999826135329516	0.799968744379968	-0.000341975522325271	35.5987716940611	0.999980874886247
30.625	20.5	0.999851940219106	0.799969530135425	-0.000331905709295313	35.3987829246762	0.999983713424102
30.875	20.5	0.999874003461202	0.799970253286259	-0.000322187113005744	35.1987934434921	0.999986140380732
31.125	20.5	0.999892846188443	0.799970918146861	-0.000312809677550066	34.9988033417926	0.999988213080729
31.375	20.5	0.999908921687635	0.799971528837517	-0.000303763188395706	34.7988126991346	0.99998998138564
31.625	20.5	0.999922623266051	0.799972089280944	-0.000295037344358381	34.5988215847983	0.999991488559266
31.875	20.5	0.999934291389758	0.79997260320148	-0.000286621820529291	34.3988300590747	0.999992772052873
32.125	20.5	0.999944220127568	0.799973074126157	-0.000278506322851123	34.1988381744022	0.999993864214032
32.375	20.5	0.999952662939349	0.799973505387488	-0.000270680635193522	33.9988459763698	0.999994792923328
32.625	20.5	0.999959837850766	0.799973900127622	-0.000263134659510811	33.7988535045983	0.999995582163584
32.875	20.5	0.999965932058676	0.79997426130344	-0.000255858449875731	33.598860793513	0.999996252526454
33.125	20.5	0.999971106012195	0.799974591692525	-0.00024884224092816	33.3988678730196	0.999996821661341
33.375	20.5	0.999975497014333	0.799974893899743	-0.000242076471398497	33.1988747690954	0.999997304671577
33.625	20.5	0.999979222388128	0.799975170363978	-0.000235551803115832	32.9988815043028	0.999997714462694
33.875	20.5	0.999982382249669	0.799975423365496	-0.000229259136184905	32.7988880982373	0.999998062047464
34.125	20.5	0.999985061928264	0.799975655033136	-0.000223189620621856	32.5988945679164	0.999998356812109
34.375	20.5	0.999987334071713	0.79997586735174	-0.00021733466498934	32.398900928117	0.999998606747888
34.625	20.5	0.999989260471855	0.799976062169558	-0.00021168594232147	32.1989071916677	0.999998818651904
34.875	20.5	0.999990893643061	0.79997624120527	-0.000206235393766201	31.9989133697024	0.999998998300737
35.125	20.5	0.999992278183236	0.799976406055285	-0.000200975230218183	31.7989194718799	0.999999150600156
35.375	20.5	0.999993451944457	0.79997655820052	-0.000195897932232458	31.5989255065737	0.99999927971389
35.625	20.5	0.999994447037424	0.799976699013061	-0.000190996248456698	31.3989314810367	0.999999389174117
35.875	20.5	0.999995290691538	0.799976829762674	-0.000186263192858065	31.1989374015436	0.999999481976069
36.125	20.5	0.999996005989909	0.799976951622916	-0.000181692040886422	30.9989432735142	0.99999956065889
36.375	20.5	0.99999661249639	0.799977065677028	-0.000177276324793734	30.7989491016208	0.999999627374603
36.625	20.5	0.999997126789677	0.799977172923663	-0.000173009828242	30.598954889881	0.999999683946865
36.875	20.5	0.999997562917624	0.799977274282131	-0.000168886580357043	30.3989606417383	0.999999731920939
37.125	20.5	0.999997932783253	0.799977370597605	-0.000164900849331948	30.1989663601324	0.999999772606158
37.375	20.5	0.999998246472397	0.799977462645885	-0.000161047135702042	29.9989720475606	0.999999807111964
37.625	20.5	0.999998512531581	0.799977551137968	-0.000157320165351429	29.7989777061309	0.999999836378474
37.875	20.5	0.999998738203538	0.799977636724458	-0.000153714882397829	29.598983337609	0.999999861202389
38.125	20.5	0.999998929626736	0.799977719999487	-0.000150226441907485	29.398988943459	0.999999882258941
38.375	20.5	0.99999909200432	0.79997780150468	-0.000146850202626614	29.1989945248796	0.999999900120475
38.625	20.5	0.999999229747158	0.799977881732725	-0.000143581719693759	28.999000082835	0.999999915272187
38.875	20.5	0.999999346594945	0.799977961130771	-0.000140416737394339	28.7990056180835	0.999999928125444
39.125	20.5	0.999999445718689	0.799978040103644	-0.000137351182002854	28.5990111312012	0.999999939029056
39.375	20.5	0.999999529807497	0.799978119016802	-0.000134381154749269	28.3990166226043	0.999999948278825
39.625	20.5	0.999999601142026	0.799978198199189	-0.000131502924870723	28.1990220925681	0.999999956125623
39.875	20.5	0.999999661656701	0.79997827794585	-0.000128712922884513	27.9990275412439	0.999999962782237
40.125	20.5	0.999999712992398	0.799978358520424	-0.00012600773395302	27.7990329686744	0.999999968429164
40.375	20.5	0.999999756541066	0.799978440157411	-0.000123384091498983	27.5990383748068	0.999999973219517
40.625	20.5	0.99999979348356	0.799978523064422	-0.000120838870943516	27.3990437595053	0.999999977283192
40.875	20.5	0.999999824821678	0.79997860742412	-0.000118369083686501	27.1990491225614	0.999999980730385
41.125	20.5	0.999999851405341	0.799978693396106	-0.000115971871252399	26.9990544637039	0.999999983654588
41.375	20.5	0.999999873955614	0.799978781118834	-0.000113644499653249	26.7990597826071	0.999999986135118
41.625	20.5	0.999999893084256	0.799978870711052	-0.000111384353950016	26.5990650788988	0.999999988239268
41.875	20.5	0.999999909310274	0.799978962273496	-0.000109188933005061	26.399070352167	0.99999999002413
42.125	20.5	0.999999923073996	0.799979055890322	-0.00010705584443266	26.1990756019664	0.999999991538139
42.375	20.5	0.999999934748979	0.799979151630363	-0.000104982799771145	25.9990808278235	0.999999992822388
42.625	20.5	0.999999944652138	0.799979249548415	-0.000102967609809635	25.7990860292421	0.999999993911735
42.875	20.5	0.999999953052321	0.799979349686521	-0.000101008180127244	25.5990912057074	0.999999994835755
43.125	20.5	0.999999960177602	0.799979452074856	-9.91025068118862e-05	25.3990963566903	0.999999995619536
43.375	20.5	0.999999966221452	0.799979556732905	-9.72486723586095e-05	25.1991014816509	0.99999999628436
43.625	20.5	0.999999971347994	0.799979663670345	-9.54448417311563e-05	24.9991065800419	0.999999996848279
43.875	20.5	0.999999975696446	0.799979772887901	-9.3689258619627e-05	24.7991116513113	0.999999997326609
44.125	20.5	0.999999979384906	0.799979884378229	-9.19802418352255e-05	24.5991166949054	0.99999999773234
44.375	20.5	0.999999982513546	0.799979998126611	-9.03161818700563e-05	24.3991217102705	0.99999999807649
44.625	20.5	0.99999998516733	0.799980114111651	-8.86955376188211e-05	24.1991266968559	0.999999998368406
44.875	20.5	0.999999987418337	0.799980232306073	-8.71168332424271e-05	23.999131654115	0.999999998616017
45.125	20.5	0.999999989327699	0.799980352677103	-8.55786551637638e-05	23.7991365815074	0.999999998826047
45.375	20.5	0.999999990947272	0.799980475187222	-8.40796492145149e-05	23.5991414785003	0.9999999990042
45.625	20.5	0.999999992321038	0.799980599794622	-8.26185179090042e-05	23.3991463445698	0.999999999155314
45.875	20.5	0.999999993486307	0.799980726453665	-8.11940178276568e-05	23.1991511792019	0.999999999283494
46.125	20.5	0.999999994474727	0.799980855115388	-7.98049571465774e-05	22.9991559818941	0.99999999939222
46.375	20.5	0.999999995313135	0.799980985727848	-7.84501932691563e-05	22.7991607521554	0.999999999484445
46.625	20.5	0.9999999960243	0.799981118236644	-7.71286305443686e-05	22.5991654895079	0.999999999562673
46.875	20.5	0.999999996627532	0.799981252585059	-7.58392181425709e-05	22.3991701934872	0.999999999629029
47.125	20.5	0.999999997139217	0.799981388714622	-7.45809479936194e-05	22.1991748636426	0.999999999685314
47.375	20.5	0.999999997573245	0.799981526565234	-7.33528528163792e-05	21.9991794995382	0.999999999733057
47.625	20.5	0.999999997941403	0.799981666075576	-7.21540042704908e-05	21.799184100753	0.999999999773554
47.875	20.5	0.999999998253685	0.799981807183235	-7.0983511175925e-05	21.599188666881	0.999999999807905
48.125	20.5	0.999999998518574	0.799981949825104	-6.98405178033631e-05	21.399193197532	0.999999999837043
48.375	20.5	0.999999998743262	0.799982093937459	-6.87242022923364e-05	21.1991976923313	0.999999999861759
48.625	20.5	0.999999998933853	0.799982239456216	-6.76337750832257e-05	20.9992021509202	0.999999999882724
48.875	20.5	0.999999999095518	0.799982386317159	-6.65684774628729e-05	20.7992065729557	0.999999999900507
49.125	20.5	0.99999999923265	0.799982534456053	-6.55275801711638e-05	20.599210958111	0.999999999915592
49.375	20.5	0.999999999348969	0.799982683808813	-6.45103820730823e-05	20.3992153060751	0.999999999928387
49.625	20.5	0.999999999447633	0.799982834311658	-6.35162088778754e-05	20.199219616553	0.99999999993924
49.875	20.5	0.999999999531324	0.799982985901233	-6.2544411945453e-05	19.9992238892655	0.999999999948446
50.125	20.5	0.999999999602313	0.799983138514733	-6.15943671290451e-05	19.7992281239492	0.999999999956254
50.375	20.5	0.999999999662529	0.79998329209006	-6.0665473677443e-05	19.5992323203561	0.999999999962878
50.625	20.5	0.999999999713605	0.799983446565804	-5.97571531919373e-05	19.3992364782538	0.999999999968497
50.875	20.5	0.999999999756929	0.799983601881453	-5.8868848628995e-05	19.199240597425	0.999999999973262
51.125	20.5	0.99999999979368	0.79998375797746	-5.80000233493153e-05	18.9992446776674	0.999999999977305
51.375	20.5	0.999999999824851	0.799983914795233	-5.71501602236402e-05	18.7992487187935	0.999999999980734
51.625	20.5	0.999999999851291	0.799984072277343	-5.63187607468824e-05	18.5992527206302	0.999999999983642
51.875	20.5	0.99999999987372	0.799984230367428	-5.55053442427682e-05	18.3992566830186	0.999999999986109
52.125	20.5	0.999999999892746	0.799984389010426	-5.47094470692314e-05	18.199260605814	0.999999999988202
52.375	20.5	0.999999999908886	0.799984548152494	-5.39306218653152e-05	17.9992644888848	0.999999999989977
52.625	20.5	0.999999999922574	0.799984707741074	-5.31684368464256e-05	17.7992683321132	0.999999999991483
52.875	20.5	0.999999999934186	0.799984867725051	-5.24224751251273e-05	17.599272135394	0.99999999999276
53.125	20.5	0.999999999944037	0.799985028054662	-5.16923340670468e-05	17.3992758986348	0.999999999993844
53.375	20.5	0.999999999952391	0.7999851886816	-5.09776246659355e-05	17.1992796217553	0.999999999994763
53.625	20.5	0.999999999959476	0.79998534955904	-5.02779709741863e-05	16.9992833046873	0.999999999995542
53.875	20.5	0.999999999965488	0.79998551064166	-4.95930095139585e-05	16.7992869473739	0.999999999996204
54.125	20.5	0.999999999970587	0.799985671885734	-4.89223887786622e-05	16.5992905497695	0.999999999996765
54.375	20.5	0.99999999997491	0.799985833249073	-4.82657687046136e-05	16.399294111839	0.99999999999724
54.625	20.5	0.999999999978581	0.799985994691107	-4.76228201883356e-05	16.199297633558	0.999999999997644
54.875	20.5	0.999999999981694	0.79998615617294	-4.69932246375119e-05	15.9993011149118	0.999999999997986
55.125	20.5	0.999999999984333	0.799986317657291	-4.63766735221291e-05	15.7993045558951	0.999999999998277
55.375	20.5	0.999999999986574	0.799986479108613	-4.57728679670395e-05	15.599307956512	0.999999999998523
55.625	20.5	0.999999999988473	0.799986640493098	-4.51815183584613e-05	15.3993113167752	0.999999999998732
55.875	20.5	0.999999999990085	0.799986801778642	-4.46023439608103e-05	15.1993146367054	0.999999999998909
56.125	20.5	0.999999999991454	0.799986962934957	-4.40350725682969e-05	14.9993179163314	0.99999999999906
56.375	20.5	0.999999999992614	0.799987123933564	-4.34794401690871e-05	14.7993211556892	0.999999999999188
56.625	20.5	0.999999999993598	0.7999872847478	-4.29351906193828e-05	14.5993243548216	0.999999999999296
56.875	20.5	0.999999999994431	0.799987445352877	-4.24020753565006e-05	14.3993275137781	0.999999999999387
57.125	20.5	0.999999999995139	0.799987605725892	-4.18798531012919e-05	14.199330632614	0.999999999999465
57.375	20.5	0.99999999999574	0.799987765845882	-4.1368289601475e-05	13.99933371139	0.999999999999531
57.625	20.5	0.99999999999625	0.799987925693802	-4.08671573783162e-05	13.799336750172	0.999999999999588
57.875	20.5	0.999999999996683	0.799988085252634	-4.03762354919977e-05	13.5993397490303	0.999999999999635
58.125	20.5	0.999999999997052	0.799988244507318	-3.98953093281238e-05	13.3993427080391	0.999999999999676
58.375	20.5	0.999999999997364	0.799988403444869	-3.94241703921235e-05	13.1993456272763	0.99999999999971
58.625	20.5	0.999999999997628	0.799988562054356	-3.89626161181169e-05	12.9993485068228	0.999999999999739
58.875	20.5	0.999999999997853	0.79998872032695	-3.85104497047473e-05	12.7993513467618	0.999999999999764
59.125	20.5	0.999999999998043	0.799988878255958	-3.80674799558899e-05	12.5993541471785	0.999999999999785
59.375	20.5	0.999999999998205	0.799989035836819	-3.76335211317854e-05	12.3993569081596	0.999999999999803
59.625	20.5	0.999999999998343	0.79998919306719	-3.72083928332694e-05	12.1993596297927	0.999999999999818
59.875	20.5	0.999999999998459	0.799989349946887	-3.6791919875559e-05	11.9993623121655	0.99999999999983
60.125	20.5	0.999999999998557	0.799989506477995	-3.63839321989274e-05	11.7993649553656	0.999999999999841
60.375	20.5	0.999999999998642	0.799989662664818	-3.59842647741462e-05	11.5993675594798	0.999999999999851
60.625	20.5	0.999999999998712	0.799989818513951	-3.55927575430185e-05	11.3993701245936	0.999999999999858
60.875	20.5	0.999999999998771	0.799989974034238	-3.52092553476581e-05	11.1993726507904	0.999999999999865
61.125	20.5	0.999999999998819	0.799990129236827	-3.48336078963445e-05	10.9993751381513	0.99999999999987
61.375	20.5	0.999999999998861	0.799990284135142	-3.44656697224178e-05	10.7993775867542	0.999999999999875
61.625	20.5	0.999999999998895	0.799990438744902	-3.41053001766972e-05	10.5993799966734	0.999999999999878
61.875	20.5	0.999999999998926	0.799990593084097	-3.37523634069886e-05	10.3993823679789	0.999999999999882
62.125	20.5	0.999999999998953	0.799990747172965	-3.34067283802811e-05	10.199384700736	0.999999999999885
62.375	20.5	0.999999999998976	0.799990901033979	-3.30682688818241e-05	9.99938699500483	0.999999999999887
62.625	20.5	0.999999999998991	0.79999105469182	-3.27368635591793e-05	9.79938925083928	0.999999999999889
62.875	20.5	0.999999999998995	0.799991208173279	-3.24123959447866e-05	9.59939146828703	0.99999999999989
63.125	20.5	0.999999999998985	0.799991361507287	-3.20947545151854e-05	9.39939364738873	0.999999999999888
63.375	20.5	0.99999999999896	0.799991514724749	-3.17838327330638e-05	9.19939578817755	0.999999999999886
63.625	20.5	0.999999999998927	0.799991667858557	-3.14795291214878e-05	8.99939789067868	0.999999999999882
63.875	20.5	0.999999999998902	0.799991820943397	-3.1181747323942e-05	8.79939995490887	0.999999999999879
64.125	20.5	0.999999999998915	0.7999919740157	-3.08903961786483e-05	8.59940198087595	0.999999999999881
64.375	20.5	0.999999999998995	0.799992127113533	-3.06053897918896e-05	8.39940396857844	0.999999999999889
64.625	20.5	0.999999999999164	0.799992280276378	-3.03266476245927e-05	8.19940591800516	0.999999999999908
64.875	20.5	0.999999999999409	0.799992433545033	-3.00540945557997e-05	7.99940782913488	0.999999999999935
65.125	20.5	0.999999999999657	0.799992586961432	-2.97876609701819e-05	7.79940970193602	0.999999999999962
65.375	20.5	0.999999999999759	0.799992740568419	-2.95272828223761e-05	7.5994115363664	0.999999999999973
65.625	20.5	0.999999999999498	0.79999289440957	-2.92729017057656e-05	7.399413332373	0.999999999999945
65.875	20.5	0.999999999998658	0.799993048528951	-2.90244649072142e-05	7.19941508989188	0.999999999999852
66.125	20.5	0.99999999999715	0.799993202970856	-2.87819254546355e-05	6.99941680884801	0.999999999999686
66.375	20.5	0.999999999995181	0.799993357779569	-2.85452421515756e-05	6.79941848915529	0.99999999999947
66.625	20.5	0.999999999993441	0.799993512999067	-2.83143795960595e-05	6.59942013071653	0.999999999999279
66.875	20.5	0.999999999993171	0.799993668672723	-2.80893081780059e-05	6.39942173342362	0.999999999999249
67.125	20.5	0.999999999995997	0.799993824842999	-2.78700040671799e-05	6.19942329715765	0.99999999999956
67.375	20.5	1.00000000000336	0.799993981551134	-2.76564491628806e-05	5.99942482178919	1.00000000000037
67.625	20.5	1.00000000001551	0.79999413883679	-2.74486310370497e-05	5.79942630717866	1.00000000000171
67.875	20.5	1.00000000003012	0.799994296737756	-2.72465428303279e-05	5.59942775317676	1.00000000000331
68.125	20.5	1.0000000000411	0.799994455289625	-2.70501831317219e-05	5.39942915962514	1.00000000000452
68.375	20.5	1.00000000003836	0.799994614525434	-2.68595558206724e-05	5.19943052635699	1.00000000000422
68.625	20.5	1.00000000000967	0.799994774475407	-2.66746698720391e-05	4.99943185319785	1.00000000000106
68.875	20.5	0.999999999945925	0.799994935166574	-2.64955391395383e-05	4.79943313996635	0.999999999994052
69.125	20.5	0.999999999849837	0.799995096622435	-2.63221821016174e-05	4.59943438647493	0.999999999983482
69.375	20.5	0.99999999974671	0.799995258862532	-2.61546215996894e-05	4.39943559253035	0.999999999972138
69.625	20.5	0.999999999692527	0.799995421901976	-2.59928845522535e-05	4.19943675793415	0.999999999966178
69.875	20.5	0.999999999771276	0.79999558575093	-2.58370016453124e-05	3.99943788248308	0.99999999997484
70.125	20.5	1.00000000007124	0.799995750414187	-2.56870069793886e-05	3.7994389659699	1.00000000000784
70.375	20.5	1.00000000063216	0.799995915891006	-2.55429376253979e-05	3.59944000818508	1.00000000006954
70.625	20.5	1.00000000136538	0.7999960821754	-2.54048330228555e-05	3.39944100892002	1.00000000015019
70.875	20.5	1.0000000019702	0.799996249257159	-2.52727342025294e-05	3.19944196797208	1.00000000021672
71.125	20.5	1.00000000189935	0.799996417123537	-2.51466828503459e-05	2.99944288515097	1.00000000020893
71.375	20.5	1.00000000045541	0.799996585761058	-2.50267204041248e-05	2.79944376028452	1.0000000000501
71.625	20.5	0.999999997105153	0.799996755156334	-2.49128875505201e-05	2.59944459321988	0.999999999681567
71.875	20.5	0.999999992049224	0.799996925293851	-2.48052246462288e-05	2.39944538381502	0.999999999125415
72.125	20.5	0.999999986947116	0.799997096148739	-2.47037735474988e-05	2.19944613191601	0.999999998564183
72.375	20.5	0.999999985464153	0.79999726767348	-2.46085808523379e-05	1.99944683732026	0.999999998401057
72.625	20.5	0.999999993029471	0.799997439780802	-2.4519701503709e-05	1.79944749973633	0.999999999233242
72.875	20.5	1.00000001501738	0.799997612330601	-2.44372000809525e-05	1.59944811876636	1.00000000165191
73.125	20.5	1.00000005274288	0.799997785135371	-2.43611454579408e-05	1.3994486939525	1.00000000580172
73.375	20.5	1.00000009750269	0.799997958003194	-2.42915940163852e-05	1.1994492249328	1.0000000107253
73.625	20.5	1.00000012460058	0.799998130833425	-2.42285590668655e-05	0.999449711728295	1.00000001370606
73.875	20.5	1.00000009169495	0.799998303760568	-2.41719714334493e-05	0.799450155113993	1.00000001008644
74.125	20.5	0.999999948004562	0.799998477301265	-2.41216488867382e-05	0.599450556906714	0.999999994280502
74.375	20.5	0.999999661056605	0.799998652438121	-2.40773076930094e-05	0.399450919857509	0.999999962716226
74.625	20.5	0.999999263132029	0.799998947073401	-2.40386622734723e-05	0.199451246720657	0.999999918944523
74.875	20.5	0.99999890789551	0.399998669216248	-2.40118966029053e-05	-0.000548520269780204	0.999999879868506
0.125	21.5	2.89113826503579e-07	0.400002363000684	0.00109208899113892	58.5977687230254	0.890000031802521
0.375	21.5	-4.78777479372081e-06	0.80000736833876	0.00109302728683769	58.4197676651298	0.889999473344773
0.625	21.5	-1.59729123945048e-05	0.800012383849076	0.00109490219950823	58.2417656547794	0.889998242979637
0.875	21.5	-3.40610481788121e-05	0.800017350906682	0.00109770270110395	58.0637628571373	0.8899962532847
1.125	21.5	-5.86792889828524e-05	0.800022302733756	0.00110141221109617	57.8857594323465	0.889993545278212
1.375	21.5	-8.74059983473333e-05	0.800027238620832	0.00110600785232209	57.7077555143839	0.889990385340182
1.625	21.5	-0.000114935992647712	0.800032153156734	0.0011114595306438	57.5297511571581	0.889987357040809
1.875	21.5	-0.000132364675439136	0.800037033433338	0.00111772874502545	57.3517462636196	0.889985439885702
2.125	21.5	-0.000126692029396345	0.800041856369165	0.00112476714117987	57.1737405015996	0.889986063876766
2.375	21.5	-8.06452971755215e-05	0.800046586722554	0.00113251485609977	56.9957332122809	0.889991129017311
2.625	21.5	2.71050938752543e-05	0.800051176210397	0.00114089872707235	56.8177233191129	0.890002981560326
2.875	21.5	0.000221301937974846	0.800055563976045	0.00114983045635129	56.6397092461725	0.890024343213177
3.125	21.5	0.000529044577166511	0.800059678461109	0.00115920482996343	56.4616888551882	0.890058194903488
3.375	21.5	0.000978383917233402	0.800063440544821	0.00116889808451086	56.2836594095662	0.890107622230896
3.625	21.5	0.0015966776865522	0.80006676765478	0.00117876649865743	56.1056175718469	0.890175634545521
3.875	21.5	0.00240884561759824	0.80006957844541	0.00118864525729527	55.9275594382861	0.890264973017936
4.125	21.5	0.00343567865903581	0.800071797595244	0.0011983475958231	55.7494806110217	0.890377924652494
4.375	21.5	0.0046923526755357	0.800073360293377	0.00120766418329355	55.5713763049372	0.890516158794309
4.625	21.5	0.00618727657654878	0.800074216060151	0.00121636264892416	55.3932414832502	0.89068060042342
4.875	21.5	0.00792137079321781	0.800074331664816	0.00122418710381263	55.2150710133753	0.890871350787254
5.125	21.5	0.00988782935246346	0.800073693047749	0.0012308574669898	55.0368598329706	0.891087661228771
5.375	21.5	0.0120723731549461	0.800072306316763	0.00123606838246944	54.8586031154122	0.891327961047044
5.625	21.5	0.0144539593053023	0.800070198044158	0.00123948752225541	54.6802964242425	0.891589935523583
5.875	21.5	0.0170058769061275	0.800067415230948	0.00124075311633238	54.5019358472802	0.891870646459674
6.125	21.5	0.0196971380279221	0.800064025405281	0.00123947063499537	54.3235181028387	0.892166685183071
6.375	21.5	0.0224940663859774	0.800060117361079	0.00123520866647081	54.1450406125536	0.892474347302458
6.625	21.5	0.0253619961800917	0.800055803014245	0.00122749417052849	53.9665015373304	0.89278981957981
6.875	21.5	0.0282670176373905	0.800051220749166	0.00121580743247527	53.7878997745548	0.893109371940113
7.125	21.5	0.0311777396202905	0.800046540465595	0.00119957717851906	53.609234915704	0.893429551358232
7.375	21.5	0.0340670769245618	0.800041970344797	0.00117817644056179	53.4305071637136	0.893747378461702
7.625	21.5	0.036914103582789	0.800037765170267	0.00115091988449355	53.2517172088928	0.894060551394107
7.875	21.5	0.0397060374357578	0.800034235898033	0.00111706346879191	53.0728660609984	0.894367664117933
8.125	21.5	0.0424404317731256	0.800031760103633	0.00107580752092194	52.8939548335231	0.894668447495044
8.375	21.5	0.045127647187073	0.800030792930226	0.00102630466686776	52.7149844746372	0.894964041190578
8.625	21.5	0.0477936657051745	0.800031878195552	0.000967674590627595	52.535955437783	0.895257303227569
8.875	21.5	0.0504832988057524	0.800035659309427	0.000899028410744256	52.3568672837718	0.895553162868633
9.125	21.5	0.0532638428894098	0.800042889493471	0.00081950660689563	52.1777182052518	0.895859022717835
9.375	21.5	0.0562292621146003	0.800054440329952	0.000728335958283729	51.9985044632354	0.896185218832606
9.625	21.5	0.0595050373834237	0.800071306699213	0.000624912853741616	51.8192197234305	0.896545554112177
9.875	21.5	0.0632539109322463	0.800094604461718	0.000508922459748971	51.6398542767603	0.896957930202547
10.125	21.5	0.0676828616943844	0.800125554525446	0.000380505185996009	51.4603941232608	0.897445114786382
10.375	21.5	0.0730517245066645	0.800165442921764	0.000240482780777773	51.2808198917211	0.898035689695733
10.625	21.5	0.0796838325355011	0.800215540993608	9.06544863665935e-05	51.1011055605821	0.898765221578905
10.875	21.5	0.0879787716929224	0.800276962978899	-6.58340843930578e-05	50.9212169427394	0.899677664886221
11.125	21.5	0.0984265591246272	0.800350431438396	-0.000224065217086614	50.7411099059495	0.900826921503709
11.375	21.5	0.111620973247273	0.800435918048745	-0.000376918348180162	50.5607283351265	0.9022783070572
11.625	21.5	0.128267008931435	0.800532137115129	-0.000514746252464887	50.3800019234532	0.904109370982458
11.875	21.5	0.149173314663877	0.800635908371056	-0.000625355272595347	50.1988440316841	0.906409064613027
12.125	21.5	0.175215476747301	0.800741497746091	-0.0006945793436041	50.0171501010795	0.909273702442203
12.375	21.5	0.207252241186663	0.800840206105193	-0.000707782623291514	49.8347974385347	0.912797746530533
12.625	21.5	0.245978949295824	0.800920673148324	-0.000652517783799225	49.6516475333761	0.917057684422541
12.875	21.5	0.291717813998518	0.800970444907286	-0.000522181514609199	49.4675522096021	0.922088959539837
13.125	21.5	0.344178639372698	0.800979030760657	-0.000319822233041286	49.2823645313226	0.927859650330997
13.375	21.5	0.402269694067092	0.800941741617192	-6.0536788221738e-05	49.0959541479306	0.93424966634738
13.625	21.5	0.464067991280079	0.800862434775449	0.000229244108022722	48.9082247539191	0.941047479040809
13.875	21.5	0.527028988890887	0.800753079038763	0.000516282585083641	48.7191293603109	0.947973188777998
14.125	21.5	0.588413328041306	0.800629735267845	0.000767681739927502	48.5286785290722	0.954725466084544
14.375	21.5	0.64578710128502	0.800507111120275	0.000957928145083465	48.3369385617626	0.961036581141352
14.625	21.5	0.697406778681574	0.800394795272349	0.00107316213355465	48.1440202204821	0.966714745654973
14.875	21.5	0.742370033096419	0.800296657406209	0.00111161381809006	47.9500618363312	0.971660703640606
15.125	21.5	0.780538902221988	0.800212566446035	0.00108100674120608	47.7552118138911	0.975859279244419
15.375	21.5	0.812329277475745	0.80014064458237	0.000994658477826972	47.5596144072023	0.979356220522332
15.625	21.5	0.838472980971563	0.80007885606118	0.000867818090726121	47.3634004551483	0.982232027906872
15.875	21.5	0.85982141611481	0.800025685110685	0.000715046994336771	47.1666828686055	0.984580355772629
16.125	21.5	0.877214745911198	0.79998019399448	0.000548770466745811	46.9695556683529	0.986493622050232
16.375	21.5	0.891411020189765	0.799941825296181	0.000378754357839925	46.7720951890768	0.988055212220874
16.625	21.5	0.903058144160294	0.799910181020128	0.000212164296360111	46.5743623234174	0.989336395857632
16.875	21.5	0.912691417562184	0.799884871286111	5.39163643620626e-05	46.3764050613708	0.99039605593184
17.125	21.5	0.92074374222288	0.799865442639406	-9.28757934586194e-05	46.1782609126018	0.991281811644517
17.375	21.5	0.927560447677966	0.799851364104261	-0.00022646616709796	45.979959028891	0.992031649244576
17.625	21.5	0.933414429934239	0.799842045032525	-0.000346102677179729	45.7815219787071	0.992675587292766
17.875	21.5	0.938519700367586	0.799836865116208	-0.000451728152282104	45.5829671930416	0.993237167040435
18.125	21.5	0.943042779931748	0.799835204725659	-0.000543751931054589	45.3843081277544	0.993734705792492
18.375	21.5	0.947112014801637	0.799836469824943	-0.000622881013926484	45.1855551921657	0.99418232162818
18.625	21.5	0.950825129851399	0.799840109595864	-0.000689998294446795	44.9867164885579	0.994590764283654
18.875	21.5	0.954255373773878	0.799845627020026	-0.000746076556480176	44.7877983992629	0.994968091115127
19.125	21.5	0.957456561224074	0.799852583621989	-0.000792118950138537	44.5888060502584	0.995320221734648
19.375	21.5	0.960467245364755	0.799860599851979	-0.000829118739585078	44.389743673873	0.995651396990123
19.625	21.5	0.963314187597547	0.79986935250734	-0.000858032917720137	44.1906148884921	0.99596456063573
19.875	21.5	0.966015240539184	0.799878570356354	-0.000879765717030797	43.9914229098096	0.99626167645931
20.125	21.5	0.968581726521175	0.799888028854314	-0.000895159132797479	43.7921707058141	0.996543989917329
20.375	21.5	0.971020374034341	0.799897544579098	-0.000904988375675942	43.5928611059853	0.996812241143778
20.625	21.5	0.973334864397245	0.799906969796007	-0.000909960749261723	43.3934968738228	0.997066835083697
20.875	21.5	0.975527036546931	0.7999161873927	-0.000910716864298203	43.1940807506756	0.997307974020162
21.125	21.5	0.977597796148328	0.799925106303038	-0.000907833399459107	42.9946154777648	0.997535757576316
21.375	21.5	0.979547774123636	0.799933657457442	-0.000901826833811618	42.7951038022756	0.9977502551536
21.625	21.5	0.981377778047931	0.799941790248581	-0.000893157733508576	42.5955484724088	0.997951555585272
21.875	21.5	0.9830890771733	0.799949469472947	-0.000882235290891944	42.3959522253596	0.998139798489063
22.125	21.5	0.984683558127195	0.799956672698372	-0.00086942190117516	42.1963177713413	0.998315191393991
22.375	21.5	0.986163783840092	0.799963388005326	-0.000855037627168186	41.9966477760177	0.99847801622241
22.625	21.5	0.987532983355365	0.799969612052666	-0.000839364452255987	41.7969448430533	0.99862862816909
22.875	21.5	0.988794995220901	0.79997534842419	-0.00082265025917419	41.5972114979532	0.998767449474299
23.125	21.5	0.989954182456164	0.799980606218413	-0.000805112500482085	41.3974501739263	0.998894960070178
23.375	21.5	0.991015332840603	0.799985398848582	-0.000786941547161847	41.1976632001685	0.999011686612466
23.625	21.5	0.991983554601411	0.799989743026525	-0.000768303716813528	40.9978527927109	0.999118191006155
23.875	21.5	0.992864174535865	0.79999365790554	-0.000749343993110369	40.7980210478006	0.999215059198945
24.125	21.5	0.993662643172319	0.799997164362537	-0.00073018845484817	40.5981699376606	0.999302890748955
24.375	21.5	0.994384449702424	0.800000284401041	-0.000710946436870062	40.3983013084036	0.999382289467267
24.625	21.5	0.99503504803081	0.800003040659283	-0.000691712446892045	40.1984168798344	0.999453855283389
24.875	21.5	0.995619794304343	0.800005456008544	-0.000672567862838803	39.9985182468653	0.999518177373478
25.125	21.5	0.996143895619746	0.800007553229939	-0.000653582434292833	39.7986068822706	0.999575828518172
25.375	21.5	0.9966123691906	0.800009354757322	-0.000634815610563876	39.5986841405217	0.999627360610966
25.625	21.5	0.997030011018633	0.800010882476554	-0.00061631771602206	39.3987512624684	0.99967330121205
25.875	21.5	0.997401373006878	0.800012157572654	-0.000598130991264463	39.1988093806551	0.999714151030757
26.125	21.5	0.997730747431852	0.800013200416048	-0.000580290516858715	38.9988595250874	0.999750382217504
26.375	21.5	0.998022157727462	0.800014030482071	-0.000562825034355733	38.7989026292889	0.999782437350021
26.625	21.5	0.998279354601485	0.800014666297191	-0.000545757677297068	38.598939536515	0.999810729006163
26.875	21.5	0.99850581659051	0.800015125407389	-0.00052910662347293	38.3989710060094	0.999835639824956
27.125	21.5	0.998704754250423	0.800015424364171	-0.000512885677970384	38.1989977192092	0.999857522967546
27.375	21.5	0.998879117270432	0.800015578724656	-0.000497104795295594	37.9990202858251	0.999876702899748
27.625	21.5	0.99903160388491	0.800015603063148	-0.000481770547620716	37.7990392497346	0.99989347642734
27.875	21.5	0.999164672037657	0.800015510991086	-0.000466886545360819	37.5990550946422	0.999908113924142
28.125	21.5	0.999280551826381	0.800015315183909	-0.000452453815113828	37.3990682494719	0.999920860700902
28.375	21.5	0.999381258821383	0.800015027412957	-0.000438471139574522	37.199079093467	0.999931938470352
28.625	21.5	0.999468607912061	0.800014658580884	-0.000424935363254719	36.999087960981	0.999941546870327
28.875	21.5	0.999544227388246	0.80001421875968	-0.000411841667402965	36.7990951459505	0.999949865012707
29.125	21.5	0.999609573011431	0.800013717230454	-0.00039918381694296	36.5991009060476	0.999957053031257
29.375	21.5	0.999665941873828	0.800013162524156	-0.000386954382140183	36.3991054665137	0.999963253606121
29.625	21.5	0.999714485881556	0.800012562462404	-0.00037514493716749	36.1991090236826	0.999968593446971
29.875	21.5	0.999756224732534	0.800011924198454	-0.000363746237698234	35.9991117482001	0.999973184720579
30.125	21.5	0.999792058289887	0.800011254257595	-0.000352748379230043	35.7991137879555	0.999977126411888
30.375	21.5	0.999822778278415	0.800010558576666	-0.000342140937975451	35.5991152707372	0.999980505610626
30.625	21.5	0.999849079255069	0.800009842542681	-0.000331913095601701	35.3991163066292	0.999983398718058
30.875	21.5	0.999871568824449	0.800009111029993	-0.000322053749510279	35.1991169901651	0.999985872570689
31.125	21.5	0.999890777087632	0.80000836843646	-0.000312551609618149	34.9991174022565	0.99998798547964
31.375	21.5	0.999907165326993	0.800007618717651	-0.000303395283116662	34.799117611913	0.999989788185969
31.625	21.5	0.99992113394162	0.800006865420035	-0.000294573348126298	34.5991176777714	0.999991324733578
31.875	21.5	0.99993302965745	0.800006111712109	-0.00028607441734194	34.3991176494501	0.99999263326232
32.125	21.5	0.999943152043584	0.800005360414196	-0.000277887192695324	34.1991175687452	0.999993746724794
32.375	21.5	0.9999517593719	0.80000461402651	-0.000270000511756111	33.9991174706837	0.999994693530909
32.625	21.5	0.999959073860721	0.800003874755465	-0.000262403386926505	33.7991173844473	0.999995498124679
32.875	21.5	0.999965286345853	0.800003144538629	-0.00025508503796359	33.5991173341818	0.999996181498044
33.125	21.5	0.999970560423308	0.800002425067937	-0.000248034918745135	33.3991173397034	0.999996761646564
33.375	21.5	0.999975036108218	0.800001717811252	-0.000241242738771883	33.1991174171134	0.999997253971904
33.625	21.5	0.9999788330536	0.800001024032741	-0.000234698480146559	32.9991175793333	0.999997671635896
33.875	21.5	0.999982053371299	0.800000344811564	-0.000228392410451774	32.7991178365675	0.999998025870843
34.125	21.5	0.999984784095435	0.799999681059286	-0.000222315092129517	32.5991181967048	0.999998326250498
34.375	21.5	0.999987099326442	0.799999033535814	-0.00021645738875973	32.3991186656644	0.999998580925909
34.625	21.5	0.999989062091139	0.799998402864517	-0.000210810468702106	32.1991192476946	0.999998796830025
34.875	21.5	0.999990725951661	0.799997789545619	-0.000205365806407075	31.9991199456297	0.999998979854683
35.125	21.5	0.999992136393294	0.799997193968855	-0.000200115181799769	31.7991207611111	0.999999135003262
35.375	21.5	0.999993332018461	0.799996616424924	-0.000195050677979537	31.5991216947769	0.999999266522031
35.625	21.5	0.999994345571508	0.799996057116071	-0.000190164677546157	31.3991227464245	0.999999378012866
35.875	21.5	0.999995204816363	0.799995516165627	-0.000185449857743965	31.1991239151502	0.9999994725298
36.125	21.5	0.999995933286649	0.799994993626814	-0.000180899184683271	30.9991251994683	0.999999552661531
36.375	21.5	0.999996550925699	0.799994489490684	-0.000176505906768931	30.7991265974127	0.999999620601827
36.625	21.5	0.999997074631703	0.799994003693463	-0.000172263547537824	30.5991281066246	0.999999678209487
36.875	21.5	0.99999751872146	0.799993536122987	-0.00016816589801335	30.3991297244266	0.999999727059361
37.125	21.5	0.999997895324379	0.799993086624783	-0.000164207008735707	30.1991314478859	0.999999768485682
37.375	21.5	0.999998214716871	0.799992655007419	-0.000160381181507389	29.9991332738685	0.999999803618856
37.625	21.5	0.999998485605943	0.799992241047371	-0.000156682961017193	29.7991351990853	0.999999833416654
37.875	21.5	0.999998715369523	0.799991844493415	-0.000153107126376528	29.599137220131	0.999999858690647
38.125	21.5	0.999998910260019	0.799991465070642	-0.00014964868263454	29.3991393335173	0.999999880128602
38.375	21.5	0.999999075576663	0.799991102483941	-0.000146302852328811	29.1991415357013	0.999999898313433
38.625	21.5	0.999999215811419	0.799990756421228	-0.000143065067136011	28.9991438231093	0.999999913739256
38.875	21.5	0.999999334772441	0.799990426556393	-0.00013993095961993	28.7991461921565	0.999999926824969
39.125	21.5	0.999999435688592	0.799990112551782	-0.000136896355155322	28.5991486392648	0.999999937925745
39.375	21.5	0.999999521297891	0.799989814060488	-0.000133957264004531	28.3991511608763	0.999999947342768
39.625	21.5	0.999999593922377	0.799989530728487	-0.00013110987361833	28.1991537534657	0.999999955331461
39.875	21.5	0.999999655531508	0.799989262196422	-0.000128350541116412	27.99915641355	0.999999962108466
40.125	21.5	0.999999707795829	0.799989008101224	-0.000125675786011088	27.7991591376969	0.999999967857541
40.375	21.5	0.999999752132438	0.799988768077592	-0.000123082283140271	27.5991619225316	0.999999972734568
40.625	21.5	0.999999789743505	0.799988541759182	-0.000120566855876109	27.3991647647419	0.999999976871786
40.875	21.5	0.999999821648904	0.799988328779929	-0.000118126469520318	27.1991676610832	0.999999980381379
41.125	21.5	0.999999848713885	0.799988128774835	-0.000115758224963492	26.9991706083817	0.999999983358527
41.375	21.5	0.99999987167253	0.799987941380931	-0.00011345935260851	26.7991736035372	0.999999985883978
41.625	21.5	0.999999891147636	0.799987766238126	-0.000111227206464823	26.599176643525	0.99999998802624
41.875	21.5	0.999999907667589	0.799987602989729	-0.000109059258548195	26.3991797253975	0.999999989843435
42.125	21.5	0.999999921680664	0.799987451283136	-0.000106953093463592	26.1991828462851	0.999999991384873
42.375	21.5	0.999999933567175	0.799987310770299	-0.000104906403217222	25.9991860033969	0.999999992692389
42.625	21.5	0.999999943649766	0.799987181108136	-0.00010291698227204	25.7991891940206	0.999999993801474
42.875	21.5	0.999999952202148	0.79998706195894	-0.000100982722782012	25.5991924155224	0.999999994742236
43.125	21.5	0.999999959456525	0.799986952990659	-9.91016100737845e-05	25.399195665347	0.999999995540218
43.375	21.5	0.999999965609871	0.799986853877207	-9.72717182739718e-05	25.1991989410165	0.999999996217086
43.625	21.5	0.999999970829284	0.799986764298529	-9.54912061888688e-05	24.9992022401298	0.999999996791221
43.875	21.5	0.999999975256506	0.799986683941003	-9.37583133325063e-05	24.7992055603618	0.999999997278216
44.125	21.5	0.99999997901177	0.799986612497379	-9.20713561350798e-05	24.5992088994619	0.999999997691295
44.375	21.5	0.999999982197066	0.799986549666967	-9.04287243651488e-05	24.3992122552532	0.999999998041677
44.625	21.5	0.999999984898909	0.799986495155733	-8.88288776483003e-05	24.1992156256312	0.99999999833888
44.875	21.5	0.999999987190673	0.799986448676292	-8.72703422149864e-05	23.9992190085622	0.999999998590974
45.125	21.5	0.999999989134601	0.799986409947964	-8.57517077690183e-05	23.799222402082	0.999999998804806
45.375	21.5	0.999999990783492	0.799986378696745	-8.42716244908697e-05	23.5992258042946	0.999999998986184
45.625	21.5	0.999999992182125	0.799986354655397	-8.28288002094013e-05	23.3992292133705	0.999999999140034
45.875	21.5	0.999999993368487	0.799986337563298	-8.14219976886216e-05	23.1992326275453	0.999999999270534
46.125	21.5	0.999999994374792	0.799986327166452	-8.00500320582052e-05	22.9992360451181	0.999999999381227
46.375	21.5	0.999999995228368	0.79998632321748	-7.87117683475973e-05	22.7992394644502	0.999999999475121
46.625	21.5	0.999999995952399	0.799986325475487	-7.74061191577391e-05	22.5992428839631	0.999999999554764
46.875	21.5	0.999999996566547	0.799986333705997	-7.61320424324706e-05	22.3992463021375	0.99999999962232
47.125	21.5	0.999999997087489	0.799986347680969	-7.48885393293117e-05	22.1992497175114	0.999999999679624
47.375	21.5	0.999999997529368	0.799986367178548	-7.36746522208932e-05	21.9992531286787	0.99999999972823
47.625	21.5	0.999999997904184	0.799986391983122	-7.24894627671282e-05	21.7992565342877	0.99999999976946
47.875	21.5	0.999999998222117	0.799986421885185	-7.13320900682485e-05	21.5992599330395	0.999999999804433
48.125	21.5	0.999999998491799	0.799986456681148	-7.0201688963521e-05	21.3992633236869	0.999999999834098
48.375	21.5	0.999999998720554	0.799986496173363	-6.9097448345066e-05	21.1992667050324	0.999999999859261
48.625	21.5	0.99999999891459	0.799986540169969	-6.80185895883428e-05	20.9992700759271	0.999999999880605
48.875	21.5	0.999999999079178	0.799986588484736	-6.69643650636015e-05	20.7992734352693	0.99999999989871
49.125	21.5	0.999999999218786	0.799986640937031	-6.59340567003079e-05	20.5992767820029	0.999999999914067
49.375	21.5	0.999999999337209	0.799986697351682	-6.49269746211562e-05	20.3992801151164	0.999999999927093
49.625	21.5	0.999999999437659	0.799986757558848	-6.39424558717049e-05	20.1992834336412	0.999999999938142
49.875	21.5	0.999999999522864	0.799986821393919	-6.29798631698005e-05	19.9992867366504	0.999999999947515
50.125	21.5	0.999999999595137	0.79998688869744	-6.20385837334169e-05	19.7992900232577	0.999999999955465
50.375	21.5	0.999999999656441	0.799986959314971	-6.11180281902285e-05	19.5992932926158	0.999999999962209
50.625	21.5	0.999999999708443	0.799987033096988	-6.02176294852375e-05	19.3992965439154	0.999999999967929
50.875	21.5	0.999999999752551	0.799987109898768	-5.93368418924802e-05	19.1992997763841	0.999999999972781
51.125	21.5	0.999999999789965	0.799987189580307	-5.84751400547357e-05	18.9993029892849	0.999999999976896
51.375	21.5	0.999999999821702	0.799987272006183	-5.76320180447928e-05	18.7993061819152	0.999999999980387
51.625	21.5	0.999999999848622	0.799987357045502	-5.68069885327491e-05	18.5993093536057	0.999999999983348
51.875	21.5	0.999999999871455	0.799987444571804	-5.59995819201061e-05	18.3993125037192	0.99999999998586
52.125	21.5	0.999999999890822	0.79998753446286	-5.52093455661238e-05	18.1993156316497	0.99999999998799
52.375	21.5	0.999999999907249	0.799987626600746	-5.44358430520121e-05	17.9993187368211	0.999999999989797
52.625	21.5	0.999999999921183	0.799987720871606	-5.36786534372719e-05	17.7993218186861	0.99999999999133
52.875	21.5	0.999999999933004	0.79998781716566	-5.29373706044155e-05	17.5993248767258	0.99999999999263
53.125	21.5	0.999999999943032	0.799987915377059	-5.22116025894518e-05	17.3993279104477	0.999999999993734
53.375	21.5	0.999999999951538	0.799988015403844	-5.1500970989501e-05	17.1993309193856	0.999999999994669
53.625	21.5	0.999999999958753	0.799988117147826	-5.08051103514854e-05	16.9993339030982	0.999999999995463
53.875	21.5	0.999999999964874	0.799988220514577	-5.01236676446186e-05	16.7993368611683	0.999999999996136
54.125	21.5	0.999999999970065	0.799988325413271	-4.94563016941598e-05	16.5993397932018	0.999999999996707
54.375	21.5	0.999999999974466	0.799988431756661	-4.88026827118905e-05	16.3993426988269	0.999999999997191
54.625	21.5	0.9999999999782	0.799988539461019	-4.81624917891e-05	16.1993455776933	0.999999999997602
54.875	21.5	0.999999999981367	0.799988648446056	-4.7535420461765e-05	15.9993484294708	0.99999999999795
55.125	21.5	0.999999999984055	0.799988758634839	-4.69211702686033e-05	15.7993512538493	0.999999999998246
55.375	21.5	0.999999999986335	0.799988869953788	-4.6319452340036e-05	15.5993540505372	0.999999999998497
55.625	21.5	0.99999999998827	0.799988982332564	-4.57299870105992e-05	15.399356819261	0.99999999999871
55.875	21.5	0.999999999989911	0.799989095704051	-4.51525034507633e-05	15.1993595597645	0.99999999999889
56.125	21.5	0.999999999991305	0.799989210004277	-4.45867393203005e-05	14.9993622718075	0.999999999999044
56.375	21.5	0.999999999992486	0.799989325172434	-4.40324404284619e-05	14.7993649551658	0.999999999999173
56.625	21.5	0.999999999993487	0.799989441150703	-4.3489360432913e-05	14.5993676096299	0.999999999999284
56.875	21.5	0.999999999994336	0.799989557884372	-4.29572605381453e-05	14.3993702350043	0.999999999999377
57.125	21.5	0.999999999995057	0.799989675321671	-4.24359092172786e-05	14.1993728311068	0.999999999999456
57.375	21.5	0.999999999995668	0.7999897934138	-4.19250819567902e-05	13.9993753977679	0.999999999999523
57.625	21.5	0.999999999996186	0.799989912114862	-4.14245610027756e-05	13.7993779348297	0.999999999999581
57.875	21.5	0.999999999996627	0.799990031381852	-4.09341351396458e-05	13.5993804421457	0.999999999999629
58.125	21.5	0.999999999997002	0.799990151174599	-4.04535994702969e-05	13.3993829195795	0.99999999999967
58.375	21.5	0.999999999997318	0.799990271455793	-3.9982755214895e-05	13.1993853670047	0.999999999999705
58.625	21.5	0.999999999997587	0.799990392190855	-3.95214095302422e-05	12.9993877843037	0.999999999999735
58.875	21.5	0.999999999997815	0.79999051334801	-3.90693753375001e-05	12.799390171367	0.99999999999976
59.125	21.5	0.999999999998007	0.799990634898213	-3.86264711581981e-05	12.5993925280932	0.999999999999781
59.375	21.5	0.99999999999817	0.799990756815099	-3.81925209784193e-05	12.3993948543874	0.999999999999799
59.625	21.5	0.999999999998308	0.799990879075007	-3.77673541100243e-05	12.199397150161	0.999999999999814
59.875	21.5	0.999999999998427	0.799991001656923	-3.73508050701738e-05	11.9993994153313	0.999999999999827
60.125	21.5	0.999999999998527	0.799991124542424	-3.69427134860618e-05	11.79940164982	0.999999999999838
60.375	21.5	0.999999999998612	0.79999124771572	-3.65429239870635e-05	11.5994038535537	0.999999999999847
60.625	21.5	0.999999999998682	0.799991371163535	-3.6151286128647e-05	11.399406026462	0.999999999999855
60.875	21.5	0.999999999998742	0.799991494875124	-3.57676543165276e-05	11.1994081684781	0.999999999999862
61.125	21.5	0.999999999998792	0.79999161884224	-3.53918877506433e-05	10.999410279537	0.999999999999867
61.375	21.5	0.999999999998835	0.799991743059037	-3.50238503689682e-05	10.799412359576	0.999999999999872
61.625	21.5	0.99999999999887	0.79999186752209	-3.4663410811254e-05	10.5994144085331	0.999999999999876
61.875	21.5	0.999999999998902	0.799991992230292	-3.43104423835947e-05	10.3994164263471	0.999999999999879
62.125	21.5	0.99999999999893	0.799992117184824	-3.39648230421983e-05	10.1994184129567	0.999999999999882
62.375	21.5	0.999999999998952	0.799992242389095	-3.36264353731365e-05	9.99942036830022	0.999999999999885
62.625	21.5	0.999999999998969	0.799992367848631	-3.3295166587896e-05	9.79942229231459	0.999999999999887
62.875	21.5	0.999999999998975	0.799992493571065	-3.29709085284291e-05	9.59942418493523	0.999999999999887
63.125	21.5	0.999999999998966	0.799992619565988	-3.26535576660147e-05	9.39942604609538	0.999999999999886
63.375	21.5	0.999999999998943	0.799992745844891	-3.23430151221139e-05	9.19942787572564	0.999999999999884
63.625	21.5	0.999999999998911	0.799992872421078	-3.20391866753104e-05	8.99942967375349	0.99999999999988
63.875	21.5	0.999999999998888	0.799992999309487	-3.17419827940682e-05	8.79943144010289	0.999999999999878
64.125	21.5	0.999999999998901	0.799993126526651	-3.14513186452617e-05	8.59943317469385	0.999999999999879
64.375	21.5	0.999999999998981	0.799993254090521	-3.11671141272557e-05	8.39943487744206	0.999999999999888
64.625	21.5	0.999999999999149	0.799993382020319	-3.08892938870442e-05	8.19943654825857	0.999999999999906
64.875	21.5	0.999999999999392	0.799993510336414	-3.06177873486881e-05	7.99943818704944	0.999999999999933
65.125	21.5	0.999999999999635	0.799993639060146	-3.03525287259927e-05	7.79943979371554	0.99999999999996
65.375	21.5	0.999999999999731	0.799993768213635	-3.00934570420041e-05	7.59944136815227	0.99999999999997
65.625	21.5	0.99999999999947	0.79999389781963	-2.98405161360163e-05	7.39944291024943	0.999999999999942
65.875	21.5	0.999999999998642	0.799994027901286	-2.95936546681175e-05	7.19944441989108	0.999999999999851
66.125	21.5	0.999999999997164	0.79999415848199	-2.93528261102053e-05	6.99944589695545	0.999999999999688
66.375	21.5	0.999999999995251	0.799994289585109	-2.91179887313826e-05	6.79944734131489	0.999999999999478
66.625	21.5	0.999999999993584	0.799994421233798	-2.88891055703584e-05	6.59944875283595	0.999999999999294
66.875	21.5	0.999999999993372	0.799994553450753	-2.86661443919959e-05	6.39945013137937	0.999999999999271
67.125	21.5	0.999999999996185	0.799994686257977	-2.84490776343791e-05	6.1994514768003	0.99999999999958
67.375	21.5	1.00000000000339	0.799994819676533	-2.82378823366099e-05	5.99945278894843	1.00000000000037
67.625	21.5	1.00000000001515	0.799994953726316	-2.80325400464196e-05	5.79945406766828	1.00000000000167
67.875	21.5	1.00000000002917	0.799995088425798	-2.78330367153397e-05	5.59945531279961	1.00000000000321
68.125	21.5	1.00000000003956	0.799995223791827	-2.76393625648786e-05	5.39945652417781	1.00000000000435
68.375	21.5	1.00000000003666	0.799995359839371	-2.74515119351147e-05	5.19945770163447	1.00000000000403
68.625	21.5	1.00000000000896	0.799995496581346	-2.72694831080527e-05	4.99945884499791	1.00000000000099
68.875	21.5	0.999999999948007	0.799995634028352	-2.70932781158043e-05	4.79945995409378	0.999999999994281
69.125	21.5	0.99999999985666	0.799995772188423	-2.69229025382954e-05	4.59946102874547	0.999999999984233
69.375	21.5	0.999999999758971	0.799995911066738	-2.67583652848999e-05	4.39946206877449	0.999999999973487
69.625	21.5	0.999999999707473	0.79999605066524	-2.65996783860517e-05	4.19946307400058	0.999999999967822
69.875	21.5	0.999999999780385	0.79999619098226	-2.64468567666447e-05	3.99946404424197	0.999999999975842
70.125	21.5	1.00000000005945	0.799996332012209	-2.62999179887301e-05	3.79946497931579	1.00000000000654
70.375	21.5	1.00000000058129	0.799996473745469	-2.61588819064482e-05	3.59946587903947	1.00000000006394
70.625	21.5	1.00000000126456	0.799996616168768	-2.6023770185944e-05	3.39946674323334	1.0000000001391
70.875	21.5	1.00000000183419	0.799996759266124	-2.5894605641418e-05	3.19946757172503	1.00000000020176
71.125	21.5	1.00000000179076	0.79999690302042	-2.57714114289771e-05	2.99946836435499	1.00000000019698
71.375	21.5	1.00000000049852	0.799997047415046	-2.56542102831077e-05	2.79946912098137	1.00000000005484
71.625	21.5	0.999999997469677	0.799997192434627	-2.55430241772183e-05	2.5994698414809	0.999999999721664
71.875	21.5	0.999999992877798	0.799997338063046	-2.54378749408689e-05	2.39947052574088	0.999999999216558
72.125	21.5	0.999999988209229	0.79999748427693	-2.53387863239025e-05	2.19947117363845	0.999999998703015
72.375	21.5	0.999999986753598	0.799997631033748	-2.52457875131654e-05	1.99947178500721	0.999999998542896
72.625	21.5	0.999999993386438	0.799997778256529	-2.51589170106267e-05	1.79947235960082	0.999999999272508
72.875	21.5	1.00000001294083	0.799997925822147	-2.50782241414969e-05	1.59947289707685	1.00000000142349
73.125	21.5	1.00000004662577	0.799998073566199	-2.50037637706087e-05	1.39947339703787	1.00000000512883
73.375	21.5	1.00000008670045	0.799998221321358	-2.49355793117565e-05	1.19947385917043	1.00000000953705
73.625	21.5	1.00000011113742	0.799998369002703	-2.48736716415084e-05	0.999474283501378	1.00000001222512
73.875	21.5	1.00000008214679	0.799998516735984	-2.48179589785525e-05	0.799474670728937	1.00000000903615
74.125	21.5	0.999999954391257	0.799998664988583	-2.47682457944999e-05	0.599475022479811	0.999999994983038
74.375	21.5	0.99999969885113	0.799998814643538	-2.47242347100898e-05	0.399475341213386	0.999999966873624
74.625	21.5	0.999999344256629	0.799999070832188	-2.46856282910083e-05	0.199475629391675	0.999999927868229
74.875	21.5	0.999999027600533	0.399998816574031	-2.46587320162943e-05	-0.000524164483316727	0.999999893036059
0.125	22.5	1.03906199667764e-07	0.400004318656704	0.00106410602368032	58.5968057343704	0.890000011429682
0.375	22.5	-4.98405434475176e-06	0.800013226204595	0.00106516048641213	58.4188038102824	0.889999451754022
0.625	22.5	-1.61331815446398e-05	0.800022110215245	0.00106727066780082	58.2408000680121	0.88999822535003
0.875	22.5	-3.40808795966854e-05	0.800030888444679	0.00107043263978791	58.0627946811174	0.889996251103244
1.125	22.5	-5.83953297580214e-05	0.800039568427948	0.00107463955189854	57.8847878222725	0.889993576513727
1.375	22.5	-8.65980531305837e-05	0.800048120931479	0.00107988082428787	57.7067796426908	0.889990474214156
1.625	22.5	-0.00011333639313087	0.800056508790251	0.00108614087765814	57.5287702190041	0.889987532996756
1.875	22.5	-0.000129676951202654	0.800064683750667	0.00109339748887305	57.3507594834357	0.889985735535368
2.125	22.5	-0.000122619470472783	0.800072583541177	0.00110161981720186	57.1727471409859	0.889986511858248
2.375	22.5	-7.49285393920739e-05	0.800080129725291	0.00111076619125186	56.9947325795102	0.889991757860667
2.625	22.5	3.46438540620322e-05	0.800087226706249	0.00112078178147329	56.8167147804486	0.890003810823947
2.875	22.5	0.000230712029019872	0.800093762054493	0.00113159630488465	56.6386922391352	0.890025378323192
3.125	22.5	0.000540202620589622	0.800099608110616	0.00114312191309139	56.4606629038209	0.890059422288265
3.375	22.5	0.000990958896368312	0.800104624605555	0.00115525140062058	56.2826241416572	0.890109005478601
3.625	22.5	0.00161011278266738	0.800108661871875	0.00116785683977631	56.1045727379841	0.890177112406093
3.875	22.5	0.00242236454370119	0.800111564113476	0.0011807887013082	55.9265049325461	0.890266460099807
4.125	22.5	0.00344832371353934	0.800113172177905	0.00119387546246856	55.7484164930574	0.890379315608489
4.375	22.5	0.00470306035934679	0.800113325324073	0.00120692363850438	55.5703028232275	0.890517336639528
4.625	22.5	0.00619499445312554	0.800111861591964	0.00121971810648284	55.3921590993272	0.890681449389844
4.875	22.5	0.00792521666957482	0.800108616530882	0.00123202252737026	55.213980426958	0.890871773833653
5.125	22.5	0.00988729144209844	0.800103420211226	0.00124357962216872	55.0357620081023	0.891087602058631
5.375	22.5	0.0120675484534111	0.800096092603887	0.0012541110291319	54.8574993079104	0.891327430329875
5.625	22.5	0.0144458277478211	0.800086437551831	0.00126331647027064	54.6791882109939	0.89158904105226
5.875	22.5	0.0169966114922858	0.800074235660734	0.00127087199211609	54.5008251581135	0.891869627264151
6.125	22.5	0.0196904560101297	0.800059236502449	0.00127642711857475	54.3224072558341	0.892165950161114
6.375	22.5	0.0224956332795072	0.800041150545876	0.00127960085654177	54.1439323536657	0.892474519660746
6.625	22.5	0.0253799017697766	0.800019641214154	0.00127997661656832	53.9653990850754	0.892791789194675
6.875	22.5	0.0283123501904401	0.799994317417799	0.00127709623784788	53.7868068702433	0.893114358520948
7.125	22.5	0.0312652902792311	0.799964726848731	0.00127045342910861	53.6081558792783	0.893439181930715
7.375	22.5	0.034216210488024	0.799930350263848	0.00125948705408821	53.4294469546927	0.893763783153683
7.625	22.5	0.0371498351915802	0.799890596968909	0.00124357481651763	53.2506814912372	0.894086481871074
7.875	22.5	0.0400603585957183	0.799844801769001	0.00122202806584182	53.0718612698449	0.894406639445529
8.125	22.5	0.0429539359873795	0.799792223810171	0.00119408870240145	52.8929882406386	0.894724932958612
8.375	22.5	0.0458515180961738	0.799732048018147	0.00115892957373593	52.7140642479462	0.895043666990579
8.625	22.5	0.0487921120903823	0.799663390237997	0.00111566040079246	52.5350906882212	0.895367132329942
8.875	22.5	0.0518365538791425	0.799585307671023	0.00106334223746072	52.3560680896901	0.895702020926706
9.125	22.5	0.05507189178031	0.799496816723182	0.00100101482922717	52.1769956002468	0.896057908095834
9.375	22.5	0.0586165208751714	0.799396920827815	0.000927743053804687	51.9978703671472	0.896447817296269
9.625	22.5	0.0626262738190943	0.799284651024385	0.000842690894124744	51.8186867878508	0.8968888901201
9.875	22.5	0.0673017570290395	0.79915912181793	0.000745233958684859	51.6394356053929	0.897403193273194
10.125	22.5	0.0728972858969915	0.799019603733749	0.000635123969322747	51.4601028139443	0.898018701448669
10.375	22.5	0.0797317434627795	0.798865611440174	0.000512719829987342	51.2806683319248	0.898770491780906
10.625	22.5	0.0882014261907024	0.798697001633204	0.000379297775598214	51.1011043947348	0.899702156880977
10.875	22.5	0.0987942235523472	0.798514067488723	0.000237443928453085	50.9213736244145	0.900867364590758
11.125	22.5	0.112102980164879	0.798317607021219	9.15104297610559e-05	50.7414267629732	0.902331327818137
11.375	22.5	0.128833227979194	0.798108935078067	-5.19266417090856e-05	50.561200131255	0.904171655077711
11.625	22.5	0.149796404693412	0.797889813761275	-0.000183739898945706	50.3806130246154	0.906477604516275
11.875	22.5	0.175874583565935	0.797662313896566	-0.000292281655304253	50.1995655077555	0.909346204192253
12.125	22.5	0.20793859524638	0.79742871325387	-0.000364092923361805	50.017937425955	0.912873245477102
12.375	22.5	0.246702907483327	0.79719167804376	-0.000385622628878236	49.8355898390277	0.917137319823166
12.625	22.5	0.292515170815165	0.796955060383741	-0.000346098554297215	49.652370306487	0.922176668789668
12.875	22.5	0.345112123240909	0.796725441159254	-0.000241189756766091	49.4681231576736	0.9279623335565
13.125	22.5	0.403421123773878	0.79651385121012	-7.63615787673046e-05	49.2827047067223	0.934376323615127
13.375	22.5	0.465519484274567	0.796336205196787	0.000131727523105839	49.0960013156994	0.941207143270202
13.625	22.5	0.528837713821642	0.79621092613236	0.000357155442257404	48.9079460443619	0.948172148520381
13.875	22.5	0.590589727660034	0.796153880024269	0.000569975186804426	48.7185288034746	0.954964870042604
14.125	22.5	0.64828627437535	0.796173083288341	0.000742962208882426	48.5277965511056	0.961311490181288
14.375	22.5	0.700136109374928	0.796266250171985	0.000857208291133667	48.3358436369358	0.967014972031242
14.625	22.5	0.745208224906827	0.796422269115149	0.000904646238766169	48.142795858317	0.971972904739751
14.875	22.5	0.783357859347539	0.796625157779699	0.000887286543876477	47.9487932038123	0.976169364528229
15.125	22.5	0.815011807923381	0.796858172927687	0.000814329393595102	47.7539753213316	0.979651298871572
15.375	22.5	0.840923272234297	0.797106590060718	0.000698693305136967	47.5584716317838	0.982501559945773
15.625	22.5	0.861968664088952	0.797358898470322	0.000554077169341809	47.3623960872777	0.984816553049785
15.875	22.5	0.879012008984252	0.797606862746847	0.000393014824959119	47.1658455108521	0.986691320988268
16.125	22.5	0.892831591611896	0.797845020870317	0.000225890745129511	46.9689002027979	0.988211475077309
16.375	22.5	0.904091208460306	0.798070026236657	6.06621044090703e-05	46.7716257084109	0.989450032930634
16.625	22.5	0.913338051544851	0.798280043306538	-9.69965146847355e-05	46.5740749959658	0.990467185669934
16.875	22.5	0.921013727710603	0.79847427010768	-0.000243348601192952	46.3762906145149	0.991311510048166
17.125	22.5	0.927469967609356	0.798652590717637	-0.000376194789571041	46.1783066287882	0.992021696437029
17.375	22.5	0.932984506304119	0.798815334195109	-0.000494493423202725	45.9801502656019	0.992628295693453
17.625	22.5	0.937775152643297	0.798963111738248	-0.000598036608970475	45.7818432769518	0.993155266790763
17.875	22.5	0.94201148538754	0.799096707837426	-0.000687190398391692	45.583403054447	0.993621263392629
18.125	22.5	0.945824297488649	0.799217007313083	-0.000762695086045133	45.3848435367877	0.994040672723751
18.375	22.5	0.949313164910296	0.799324945723057	-0.000825516569853796	45.1861759486899	0.994424448140133
18.625	22.5	0.952552551320834	0.799421474935978	-0.000876738699239954	44.9874094028146	0.994780780645292
18.875	22.5	0.95559680003115	0.799507538700035	-0.000917487368872176	44.7885513892846	0.995115648003427
19.125	22.5	0.958484277596527	0.799584055041417	-0.000948878606254073	44.5896081716322	0.995433270535618
19.375	22.5	0.961240852227214	0.799651903584726	-0.000971984465045751	44.3905851038425	0.995736493744994
19.625	22.5	0.963882827169287	0.799711916632592	-0.000987811926126961	44.191486880334	0.996027110988622
19.875	22.5	0.966419406582935	0.799764873257355	-0.000997291152568671	43.9923177289176	0.996306134724123
20.125	22.5	0.968854746287108	0.799811495872708	-0.00100127034804502	43.7930815556017	0.996574022091582
20.375	22.5	0.971189629435515	0.799852448854306	-0.00100051516608495	43.5937820492893	0.996830859237907
20.625	22.5	0.973422803066514	0.799888338826564	-0.000995711150777638	43.3944227537251	0.997076508337317
20.875	22.5	0.975552011624288	0.799919716260007	-0.00098746809453664	43.1950071133725	0.997310721278672
21.125	22.5	0.977574765135992	0.799947078048918	-0.000976325505483924	42.9955384991836	0.997533224164959
21.375	22.5	0.9794888809561	0.799970870770439	-0.000962758609280669	42.7960202194622	0.997743776905171
21.625	22.5	0.981292837943603	0.799991494364936	-0.0009471844850925	42.5964555202295	0.997942212173796
21.875	22.5	0.982985980358731	0.800009306020425	-0.000929968066403475	42.3968475787139	0.99812845783946
22.125	22.5	0.984568605810505	0.800024624088461	-0.000911427834324374	42.1971994928478	0.998302546639156
22.375	22.5	0.986041967628085	0.800037731901696	-0.000891841102203618	41.99751426897	0.998464616439089
22.625	22.5	0.987408217511342	0.800048881402374	-0.000871448840972505	41.7977948093455	0.998614903926248
22.875	22.5	0.988670309653041	0.800058296522551	-0.000850460030260201	41.5980439006096	0.998753734061835
23.125	22.5	0.989831883049086	0.800066176285088	-0.000829055544348148	41.3982642038454	0.998881507135399
23.375	22.5	0.990897134655986	0.800072697613388	-0.000807391596920569	41.1984582466822	0.998998684812158
23.625	22.5	0.991870692549394	0.800078017852673	-0.000785602777896351	40.9986284175718	0.999105776180433
23.875	22.5	0.992757495336269	0.800082277016287	-0.000763804719697927	40.7987769622286	0.99920332448699
24.125	22.5	0.993562681765865	0.800085599776087	-0.000742096431751439	40.5989059821061	0.999291894994245
24.375	22.5	0.994291492721241	0.800088097219017	-0.000720562341049373	40.3990174347138	0.999372064199337
24.625	22.5	0.99494918648017	0.800089868393749	-0.000699274074581376	40.1991131355416	0.999444410512819
24.875	22.5	0.995540967230351	0.800091001670234	-0.000678292016514091	39.9991947613428	0.999509506395339
25.125	22.5	0.996071926228308	0.800091575934381	-0.000657666669591185	39.7992638545333	0.999567911885114
25.375	22.5	0.996546994630379	0.800091661637747	-0.000637439847236597	39.5993218284741	0.999620169409342
25.625	22.5	0.996970906835026	0.800091321721001	-0.000617645719278033	39.3993699734276	0.999666799751853
25.875	22.5	0.997348173106698	0.80009061242636	-0.000598311731449163	39.1994094629971	0.999708299041737
26.125	22.5	0.997683060262513	0.800089584014426	-0.000579459415889534	38.9994413608846	0.999745136628876
26.375	22.5	0.997979579263265	0.800088281396686	-0.000561105107517753	38.7994666278262	0.999777753718959
26.625	22.5	0.998241478638855	0.800086744695259	-0.00054326057891561	38.5994861285819	0.999806562650274
26.875	22.5	0.998472242779056	0.800085009738793	-0.000525933604499136	38.3995006388825	0.999831946705696
27.125	22.5	0.998675094224573	0.800083108502681	-0.000509128463031186	38.1995108522486	0.999854260364703
27.375	22.5	0.998852999194271	0.800081069500698	-0.000492846386320929	37.9995173866177	0.99987382991137
27.625	22.5	0.999008675679007	0.800078918133851	-0.000477085960493864	37.7995207907254	0.999890954324691
27.875	22.5	0.999144603519083	0.800076677001994	-0.000461843485443833	37.5995215502023	0.999905906387099
28.125	22.5	0.999263035960977	0.800074366182544	-0.000447113297188352	37.3995200933566	0.999918933955707
28.375	22.5	0.99936601225935	0.800072003479961	-0.000432888056974169	37.1995167966238	0.999930261348528
28.625	22.5	0.999455370953592	0.800069604650241	-0.000419159010742149	36.9995119896699	0.999940090804895
28.875	22.5	0.999532763504572	0.80006718360239	-0.000405916221653455	36.7995059601448	0.999948603985503
29.125	22.5	0.999599668027798	0.80006475258007	-0.000393148778415173	36.5994989580852	0.999955963483058
29.375	22.5	0.999657402904341	0.800062322325743	-0.000380844981534113	36.3994911999727	0.999962314319478
29.625	22.5	0.999707140091289	0.80005990222857	-0.000368992509440659	36.1994828724555	0.999967785410042
29.875	22.5	0.999749917989254	0.800057500458773	-0.000357578566278032	35.9994741357471	0.999972490978818
30.125	22.5	0.99978665375657	0.800055124088927	-0.000346590012879795	35.7994651267146	0.999976531913223
30.375	22.5	0.999818154987786	0.800052779204329	-0.000336013482436846	35.5994559616746	0.999979997048656
30.625	22.5	0.999845130698786	0.800050471002975	-0.000325835482095485	35.3994467389125	0.999982964376867
30.875	22.5	0.999868201582165	0.800048203886586	-0.000316042481707918	35.1994375409451	0.999985502174038
31.125	22.5	0.999887909514743	0.800045981543162	-0.000306620990918285	34.9994284365432	0.999987670046622
31.375	22.5	0.999904726314616	0.800043807022016	-0.000297557625541147	34.7994194825339	0.999989519894608
31.625	22.5	0.999919061757728	0.800041682802314	-0.000288839164303055	34.5994107254008	0.99999109679335
31.875	22.5	0.999931270874388	0.80003961085486	-0.000280452596825438	34.3994022026991	0.999992439796183
32.125	22.5	0.999941660554237	0.800037592698667	-0.000272385163649019	34.1993939443041	0.999993582660966
32.375	22.5	0.999950495494273	0.800035629452105	-0.000264624389271393	33.999385973507	0.99999455450437
32.625	22.5	0.999958003528898	0.800033721879384	-0.000257158108739418	33.7993783079756	0.999995380388179
32.875	22.5	0.999964380383861	0.800031870432548	-0.000249974488645722	33.5993709605936	0.999996081842225
33.125	22.5	0.9999697938974	0.800030075289745	-0.000243062043144387	33.39936394019	0.999996677328714
33.375	22.5	0.999974387752399	0.800028336389635	-0.000236409645514959	33.1993572521738	0.999997182652764
33.625	22.5	0.99997828476287	0.800026653462361	-0.000230006535922274	32.9993508990821	0.999997611323916
33.875	22.5	0.999981589756825	0.800025026057798	-0.000223842325816314	32.7993448810544	0.999997974873251
34.125	22.5	0.999984392095918	0.800023453570587	-0.000217906999440497	32.5993391962403	0.999998283130551
34.375	22.5	0.999986767870058	0.800021935262929	-0.000212190912859739	32.3993338411496	0.999998544465706
34.625	22.5	0.999988781802672	0.800020470284722	-0.000206684790917075	32.1993288109526	0.999998765998294
34.875	22.5	0.999990488899714	0.800019057691861	-0.000201379722393443	31.9993240997362	0.999998953778969
35.125	22.5	0.999991935872888	0.800017696462291	-0.000196267153753771	31.7993197007222	0.999999112946018
35.375	22.5	0.999993162364658	0.800016385510492	-0.000191338881650521	31.5993156064533	0.999999247860112
35.625	22.5	0.999994202000105	0.800015123700186	-0.000186587044489815	31.3993118089495	0.999999362220012
35.875	22.5	0.999995083288083	0.800013909855731	-0.00018200411325462	31.199308299842	0.999999459161689
36.125	22.5	0.999995830391654	0.800012742772027	-0.000177582881723775	30.9993050704844	0.999999541343082
36.375	22.5	0.999996463785569	0.800011621223271	-0.000173316456302055	30.7993021120471	0.999999611016413
36.625	22.5	0.999997000816431	0.800010543970742	-0.000169198245556736	30.5992994155956	0.999999670089807
36.875	22.5	0.99999745617925	0.800009509769397	-0.000165221949576878	30.3992969721563	0.999999720179717
37.125	22.5	0.99999784232235	0.800008517373741	-0.000161381549263532	30.1992947727709	0.999999762655459
37.375	22.5	0.999998169791048	0.800007565542929	-0.000157671295658933	29.9992928085406	0.999999798677015
37.625	22.5	0.999998447519095	0.800006653044977	-0.000154085699312569	29.7992910706634	0.9999998292271
37.875	22.5	0.999998683075651	0.800005778660525	-0.000150619519808274	29.5992895504637	0.999999855138322
38.125	22.5	0.99999888287444	0.800004941186064	-0.000147267755478506	29.399288239416	0.999999877116188
38.375	22.5	0.999999052350847	0.800004139436434	-0.000144025633321575	29.1992871291641	0.999999895758593
38.625	22.5	0.999999196111769	0.800003372247099	-0.000140888599183175	28.9992862115359	0.999999911572295
38.875	22.5	0.999999318062458	0.80000263847598	-0.000137852308203007	28.7992854785551	0.99999992498687
39.125	22.5	0.999999421513831	0.800001937004853	-0.000134912615553458	28.5992849224486	0.999999936366521
39.375	22.5	0.999999509273281	0.800001266740589	-0.000132065567478884	28.3992845356533	0.999999946020061
39.625	22.5	0.99999958372154	0.800000626615959	-0.000129307392639627	28.1992843108194	0.999999954209369
39.875	22.5	0.999999646877744	0.800000015590376	-0.000126634493774655	27.9992842408127	0.999999961156552
40.125	22.5	0.999999700454503	0.799999432650299	-0.000124043439671269	27.7992843187148	0.999999967049995
40.375	22.5	0.99999974590455	0.799998876809504	-0.000121530957479093	27.5992845378227	0.9999999720495
40.625	22.5	0.999999784460246	0.799998347109258	-0.000119093925269283	27.3992848916475	0.999999976290627
40.875	22.5	0.999999817167074	0.799997842618281	-0.000116729364978128	27.1992853739112	0.999999979888378
41.125	22.5	0.999999844911987	0.799997362432611	-0.00011443443559024	26.9992859785444	0.999999982940319
41.375	22.5	0.999999868447476	0.799996905675427	-0.000112206426647296	26.7992866996823	0.999999985529222
41.625	22.5	0.999999888411962	0.799996471496667	-0.00011004275203317	26.5992875316608	0.999999987725316
41.875	22.5	0.999999905347079	0.799996059072798	-0.000107940944030832	26.3992884690118	0.999999989588179
42.125	22.5	0.999999919712353	0.799995667606255	-0.000105898647654478	26.1992895064593	0.999999991168359
42.375	22.5	0.999999931897633	0.799995296325014	-0.000103913615242851	25.9992906389138	0.99999999250874
42.625	22.5	0.999999942233662	0.79999494448213	-0.000101983701295032	25.799291861468	0.999999993645703
42.875	22.5	0.999999951001026	0.799994611355123	-0.000100106857555503	25.5992931693915	0.999999994610113
43.125	22.5	0.999999958437755	0.7999942962454	-9.82811283189066e-05	25.3992945581258	0.999999995428153
43.375	22.5	0.999999964745777	0.799993998477819	-9.65046459730358e-05	25.1992960232793	0.999999996122035
43.625	22.5	0.999999970096384	0.799993717399852	-9.47756267400597e-05	24.9992975606222	0.999999996710602
43.875	22.5	0.999999974634883	0.799993452381197	-9.30923666277959e-05	24.7992991660817	0.999999997209837
44.125	22.5	0.999999978484531	0.799993202813047	-9.14532375841135e-05	24.5993008357367	0.999999997633298
44.375	22.5	0.999999981749882	0.799992968107526	-8.9856683812804e-05	24.3993025658133	0.999999997992487
44.625	22.5	0.999999984519619	0.79999274769706	-8.83012183024e-05	24.19930435268	0.999999998297158
44.875	22.5	0.999999986868969	0.799992541033749	-8.67854195086491e-05	23.9993061928425	0.999999998555587
45.125	22.5	0.999999988861738	0.799992347588879	-8.53079281776416e-05	23.79930808294	0.999999998774791
45.375	22.5	0.999999990552051	0.799992166852131	-8.38674443693682e-05	23.59931001974	0.999999998960726
45.625	22.5	0.999999991985819	0.799991998331237	-8.24627245831601e-05	23.3993120001341	0.99999999911844
45.875	22.5	0.99999999320198	0.799991841551213	-8.10925790693931e-05	23.1993140211341	0.999999999252218
46.125	22.5	0.999999994233561	0.799991696053908	-7.97558692262803e-05	22.9993160798674	0.999999999365692
46.375	22.5	0.999999995108578	0.799991561397396	-7.84515051562103e-05	22.7993181735734	0.999999999461944
46.625	22.5	0.999999995850798	0.799991437155521	-7.71784433447691e-05	22.5993202995992	0.999999999543588
46.875	22.5	0.999999996480369	0.799991322917297	-7.59356844301629e-05	22.3993224553963	0.999999999612841
47.125	22.5	0.99999999701439	0.7999912182864	-7.47222711243139e-05	22.1993246385164	0.999999999671583
47.375	22.5	0.999999997467364	0.799991122880786	-7.35372861687467e-05	21.9993268466083	0.99999999972141
47.625	22.5	0.999999997851591	0.799991036332077	-7.23798504705949e-05	21.7993290774142	0.999999999763675
47.875	22.5	0.999999998177507	0.799990958285128	-7.12491212860039e-05	21.5993313287666	0.999999999799526
48.125	22.5	0.999999998453959	0.799990888397664	-7.01442904972135e-05	21.3993335985846	0.999999999829935
48.375	22.5	0.999999998688457	0.799990826339767	-6.9064582972315e-05	21.1993358848715	0.99999999985573
48.625	22.5	0.999999998887366	0.799990771793414	-6.80092550372282e-05	20.9993381857112	0.99999999987761
48.875	22.5	0.999999999056085	0.79999072445218	-6.69775929766412e-05	20.7993404992656	0.999999999896169
49.125	22.5	0.999999999199199	0.799990684020763	-6.59689116359464e-05	20.5993428237717	0.999999999911912
49.375	22.5	0.999999999320592	0.799990650214609	-6.49825531140802e-05	20.3993451575387	0.999999999925265
49.625	22.5	0.999999999423563	0.799990622759582	-6.40178854531839e-05	20.1993474989457	0.999999999936592
49.875	22.5	0.999999999510907	0.799990601391576	-6.30743014765327e-05	19.9993498464389	0.9999999999462
50.125	22.5	0.999999999584997	0.799990585856184	-6.21512176131089e-05	19.7993521985294	0.99999999995435
50.375	22.5	0.999999999647838	0.799990575908341	-6.1248072825825e-05	19.5993545537904	0.999999999961262
50.625	22.5	0.999999999701145	0.799990571312081	-6.03643275777547e-05	19.3993569108554	0.999999999967126
50.875	22.5	0.999999999746361	0.799990571840109	-5.9499462840729e-05	19.1993592684156	0.9999999999721
51.125	22.5	0.999999999784715	0.79999057727363	-5.86529791568737e-05	18.999361625218	0.999999999976319
51.375	22.5	0.999999999817246	0.799990587401988	-5.78243957659037e-05	18.7993639800633	0.999999999979897
51.625	22.5	0.999999999844841	0.799990602022418	-5.70132497420265e-05	18.5993663318037	0.999999999982932
51.875	22.5	0.999999999868248	0.799990620939785	-5.62190952043645e-05	18.3993686793411	0.999999999985507
52.125	22.5	0.999999999888102	0.799990643966298	-5.54415025464152e-05	18.1993710216254	0.999999999987691
52.375	22.5	0.999999999904943	0.799990670921347	-5.46800577025579e-05	17.9993733576523	0.999999999989544
52.625	22.5	0.999999999919228	0.799990701631162	-5.39343614749091e-05	17.799375686462	0.999999999991115
52.875	22.5	0.999999999931345	0.799990735928694	-5.32040288630283e-05	17.5993780071372	0.999999999992448
53.125	22.5	0.999999999941622	0.799990773653338	-5.2488688448949e-05	17.3993803188014	0.999999999993578
53.375	22.5	0.99999999995034	0.799990814650719	-5.17879817884557e-05	17.1993826206177	0.999999999994537
53.625	22.5	0.999999999957735	0.799990858772561	-5.11015628746001e-05	16.9993849117867	0.999999999995351
53.875	22.5	0.999999999964008	0.799990905876429	-5.04290975692072e-05	16.7993871915456	0.999999999996041
54.125	22.5	0.99999999996933	0.799990955825587	-4.97702631263228e-05	16.5993894591664	0.999999999996626
54.375	22.5	0.999999999973844	0.799991008488794	-4.91247476858352e-05	16.3993917139546	0.999999999997123
54.625	22.5	0.999999999977672	0.799991063740183	-4.84922498295826e-05	16.1993939552477	0.999999999997544
54.875	22.5	0.99999999998092	0.799991121459078	-4.78724781349147e-05	15.9993961824141	0.999999999997901
55.125	22.5	0.999999999983674	0.799991181529838	-4.7265150768815e-05	15.7993983948518	0.999999999998204
55.375	22.5	0.999999999986011	0.799991243841703	-4.6669995099622e-05	15.599400591987	0.999999999998461
55.625	22.5	0.999999999987993	0.799991308288687	-4.60867473162048e-05	15.3994027732729	0.999999999998679
55.875	22.5	0.999999999989675	0.799991374769442	-4.55151520861216e-05	15.1994049381888	0.999999999998864
56.125	22.5	0.999999999991102	0.799991443187085	-4.49549622150922e-05	14.9994070862386	0.999999999999021
56.375	22.5	0.999999999992311	0.799991513449136	-4.44059383434798e-05	14.7994092169501	0.999999999999154
56.625	22.5	0.999999999993337	0.799991585467379	-4.38678486354203e-05	14.5994113298733	0.999999999999267
56.875	22.5	0.999999999994208	0.799991659157759	-4.33404685123643e-05	14.3994134245802	0.999999999999363
57.125	22.5	0.999999999994945	0.799991734440233	-4.28235803806549e-05	14.1994155006628	0.999999999999444
57.375	22.5	0.999999999995571	0.799991811238754	-4.23169733852381e-05	13.999417557733	0.999999999999513
57.625	22.5	0.999999999996103	0.79999188948109	-4.18204431784249e-05	13.799419595421	0.999999999999571
57.875	22.5	0.999999999996553	0.799991969098776	-4.13337916976872e-05	13.5994216133747	0.999999999999621
58.125	22.5	0.999999999996935	0.799992050027034	-4.08568269624549e-05	13.3994236112587	0.999999999999663
58.375	22.5	0.99999999999726	0.799992132204634	-4.03893628837692e-05	13.1994255887531	0.999999999999699
58.625	22.5	0.999999999997536	0.799992215573866	-3.99312190848734e-05	12.9994275455532	0.999999999999729
58.875	22.5	0.99999999999777	0.799992300080448	-3.94822207311233e-05	12.799429481368	0.999999999999755
59.125	22.5	0.999999999997968	0.799992385673395	-3.90421983848889e-05	12.5994313959198	0.999999999999777
59.375	22.5	0.999999999998137	0.799992472305026	-3.86109878594591e-05	12.3994332889432	0.999999999999795
59.625	22.5	0.999999999998279	0.79999255993083	-3.81884300822998e-05	12.1994351601843	0.999999999999811
59.875	22.5	0.999999999998399	0.799992648509383	-3.77743709919966e-05	11.9994370094	0.999999999999824
60.125	22.5	0.9999999999985	0.799992738002332	-3.73686614090138e-05	11.799438836357	0.999999999999835
60.375	22.5	0.999999999998587	0.79999282837426	-3.69711569561504e-05	11.5994406408316	0.999999999999845
60.625	22.5	0.99999999999866	0.799992919592638	-3.65817179524359e-05	11.3994424226081	0.999999999999853
60.875	22.5	0.99999999999872	0.799993011627752	-3.62002093477418e-05	11.1994441814788	0.999999999999859
61.125	22.5	0.999999999998772	0.799993104452623	-3.58265006419712e-05	10.9994459172433	0.999999999999865
61.375	22.5	0.999999999998815	0.799993198042905	-3.54604658303155e-05	10.7994476297071	0.99999999999987
61.625	22.5	0.999999999998851	0.799993292376847	-3.51019833391926e-05	10.599449318682	0.999999999999874
61.875	22.5	0.999999999998885	0.799993387435176	-3.47509359894254e-05	10.3994509839847	0.999999999999877
62.125	22.5	0.999999999998913	0.79999348320101	-3.44072109499509e-05	10.1994526254361	0.99999999999988
62.375	22.5	0.999999999998937	0.799993579659799	-3.40706997043907e-05	9.99945424286163	0.999999999999883
62.625	22.5	0.999999999998953	0.799993676799194	-3.3741298021699e-05	9.79945583608959	0.999999999999885
62.875	22.5	0.999999999998959	0.799993774608972	-3.34189059395764e-05	9.59945740495131	0.999999999999886
63.125	22.5	0.999999999998952	0.799993873080917	-3.31034277344298e-05	9.39945894928039	0.999999999999885
63.375	22.5	0.99999999999893	0.79999397220872	-3.2794771913205e-05	9.1994604689122	0.999999999999882
63.625	22.5	0.999999999998899	0.799994071987865	-3.24928512045355e-05	8.9994619636835	0.999999999999879
63.875	22.5	0.999999999998878	0.799994172415513	-3.21975825337938e-05	8.79946343343194	0.999999999999877
64.125	22.5	0.999999999998893	0.799994273490383	-3.19088870263888e-05	8.59946487799568	0.999999999999878
64.375	22.5	0.999999999998974	0.799994375212564	-3.16266899954474e-05	8.39946629721301	0.999999999999887
64.625	22.5	0.999999999999139	0.79999447758349	-3.13509209301256e-05	8.19946769092204	0.999999999999905
64.875	22.5	0.999999999999377	0.799994580605683	-3.10815134842918e-05	7.99946905896037	0.999999999999931
65.125	22.5	0.999999999999614	0.799994684282661	-3.08184054625676e-05	7.79947040116482	0.999999999999958
65.375	22.5	0.999999999999706	0.799994788618785	-3.05615388036549e-05	7.59947171737124	0.999999999999968
65.625	22.5	0.999999999999446	0.799994893619071	-3.0310859555828e-05	7.39947300741429	0.999999999999939
65.875	22.5	0.999999999998634	0.799994999289059	-3.00663178525344e-05	7.1994742711273	0.99999999999985
66.125	22.5	0.999999999997195	0.799995105634597	-2.98278678726033e-05	6.9994755083422	0.999999999999691
66.375	22.5	0.999999999995346	0.799995212661715	-2.95954678037887e-05	6.79947671888937	0.999999999999488
66.625	22.5	0.999999999993757	0.799995320376396	-2.93690797870193e-05	6.59947790259773	0.999999999999313
66.875	22.5	0.999999999993603	0.799995428784426	-2.91486698605052e-05	6.39947905929464	0.999999999999296
67.125	22.5	0.999999999996384	0.799995537891189	-2.89342078880943e-05	6.19948018880607	0.999999999999602
67.375	22.5	1.00000000000338	0.799995647701482	-2.8725667477284e-05	5.99948129095662	1.00000000000037
67.625	22.5	1.0000000000147	0.799995758219344	-2.85230258875967e-05	5.79948236556981	1.00000000000162
67.875	22.5	1.00000000002807	0.799995869447863	-2.83262639214924e-05	5.59948341246822	1.00000000000309
68.125	22.5	1.00000000003784	0.799995981389031	-2.81353658020982e-05	5.39948443147392	1.00000000000416
68.375	22.5	1.00000000003483	0.799996094043575	-2.79503190353991e-05	5.19948542240875	1.00000000000383
68.625	22.5	1.00000000000827	0.799996207410806	-2.77711142600348e-05	4.9994863850948	1.00000000000091
68.875	22.5	0.999999999950421	0.799996321488459	-2.75977450836292e-05	4.79948731935476	0.999999999994546
69.125	22.5	0.999999999864224	0.799996436272497	-2.74302079161624e-05	4.59948822501217	0.999999999985065
69.375	22.5	0.999999999772355	0.799996551756889	-2.72685018136279e-05	4.39948910189161	0.999999999974959
69.625	22.5	0.999999999723666	0.799996667933307	-2.71126283101774e-05	4.19948994981865	0.999999999969603
69.875	22.5	0.999999999790302	0.799996784790839	-2.69625912737968e-05	3.99949076861987	0.999999999976933
70.125	22.5	1.00000000004719	0.799996902315739	-2.68183967051701e-05	3.79949155812314	1.00000000000519
70.375	22.5	1.00000000052777	0.79999702049139	-2.66800524822187e-05	3.59949231815861	1.00000000005805
70.625	22.5	1.00000000115837	0.799997139298661	-2.65475679542153e-05	3.39949304856097	1.00000000012742
70.875	22.5	1.00000000169058	0.799997258716788	-2.64209533588807e-05	3.19949374917319	1.00000000018596
71.125	22.5	1.00000000167451	0.799997378724771	-2.63002191062642e-05	2.99949441985128	1.0000000001842
71.375	22.5	1.00000000053807	0.799997499302842	-2.61853751064668e-05	2.79949506046849	1.00000000005919
71.625	22.5	0.999999997840415	0.799997620433086	-2.60764305400764e-05	2.5994956709159	0.999999999762446
71.875	22.5	0.999999993727515	0.799997742097678	-2.59733946149892e-05	2.3994962510951	0.999999999310027
72.125	22.5	0.999999989508502	0.799997864273118	-2.58762787985305e-05	2.19949680089966	0.999999998845935
72.375	22.5	0.999999988088495	0.799997986919734	-2.57851005293132e-05	1.99949732018534	0.999999998689734
72.625	22.5	0.999999993776596	0.799998109968253	-2.56998872994754e-05	1.79949780873769	0.999999999315426
72.875	22.5	1.00000001085198	0.799998233309529	-2.56206783072078e-05	1.59949826625753	1.00000000119372
73.125	22.5	1.00000004041376	0.799998356798839	-2.55475191876421e-05	1.39949869239669	1.00000000444551
73.375	22.5	1.00000007570105	0.799998480289541	-2.54804448156657e-05	1.19949908687997	1.00000000832712
73.625	22.5	1.00000009740614	0.799998603707912	-2.54194477595394e-05	0.999499449730036	1.00000001071468
73.875	22.5	1.00000007237821	0.799998727165536	-2.53644375434942e-05	0.799499781558074	1.0000000079616
74.125	22.5	0.99999996082854	0.799998851074006	-2.53152090980102e-05	0.599500083789575	0.999999995691139
74.375	22.5	0.999999737257827	0.799998976209074	-2.52714549314618e-05	0.399500358580643	0.999999971098361
74.625	22.5	0.999999426781885	0.799999194690297	-2.523286869664e-05	0.199500608090831	0.999999936946007
74.875	22.5	0.99999914941377	0.399998965919657	-2.52058574350046e-05	-0.000499212798103939	0.999999906435515
0.125	23.5	2.60589388548485e-08	0.400006591177397	0.00101921795064972	58.5958746139296	0.890000002866483
0.375	23.5	-4.98923198552615e-06	0.800020038275454	0.00102044123831134	58.4178716802825	0.889999451184482
0.625	23.5	-1.59549523127135e-05	0.800033455317144	0.00102289282409095	58.2398659164293	0.889998244955245
0.875	23.5	-3.35756155290569e-05	0.800046756054314	0.00102658134565201	58.0618574947147	0.889996306682292
1.125	23.5	-5.7405440728347e-05	0.800059941585001	0.00103151691775558	57.8838465874001	0.88999368540152
1.375	23.5	-8.4986121625425e-05	0.800072975293763	0.00103771029104203	57.7058333467399	0.889990651526621
1.625	23.5	-0.000111034848712189	0.800085810939626	0.00104517103491613	57.5278178531271	0.889987786166642
1.875	23.5	-0.000126751649961839	0.800098389208215	0.00105390521397634	57.3498000469319	0.889986057318504
2.125	23.5	-0.000119343262383389	0.800110634486694	0.00106391268592718	57.1717796476911	0.889986872241138
2.375	23.5	-7.18587456963256e-05	0.800122452397332	0.00107518421356897	56.9937560664186	0.889992095537973
2.625	23.5	3.6591794060489e-05	0.800133728436955	0.00108769863554944	56.815728318647	0.890004025097347
2.875	23.5	0.000230203360018324	0.800144327868821	0.00110142036664657	56.6376949469604	0.890025322369602
3.125	23.5	0.000535443075832426	0.800154096789934	0.00111629749257471	56.459653961975	0.890058898738342
3.375	23.5	0.000979683047419085	0.800162864086574	0.00113226068456526	56.2816028098607	0.890107765135216
3.625	23.5	0.00158960666363896	0.800170443813545	0.00114922308934854	56.1035383726325	0.890174856733
3.875	23.5	0.00238952592208083	0.80017663742552	0.0011670812604436	55.9254570047749	0.890262847851429
4.125	23.5	0.00339976080559351	0.800181235252955	0.00118571709749843	55.7473546066297	0.890373973688615
4.375	23.5	0.00463522734129253	0.800184016657874	0.00120500066569435	55.5692267317302	0.890509875007542
4.625	23.5	0.00610436012192417	0.800184748403752	0.00122479368676875	55.3910687223085	0.890671479613412
4.875	23.5	0.00780846133229271	0.800183180914268	0.00124495343532754	55.2128758648255	0.890858930746552
5.125	23.5	0.00974152676690169	0.800179042251113	0.00126533674063256	55.0346435558413	0.891071567944359
5.375	23.5	0.0118905557233056	0.80017202979186	0.00128580378464147	54.8563674679267	0.891307961129564
5.625	23.5	0.0142363117435868	0.800161799723025	0.00130622139573816	54.678043705637	0.891565994291795
5.875	23.5	0.0167544699925117	0.800147954568668	0.00132646555882479	54.499668942654	0.891842991699176
6.125	23.5	0.0194170683929424	0.800130029050457	0.00134642288894236	54.3212405328446	0.892135877523224
6.375	23.5	0.0221941755730493	0.800107474620509	0.00136599084190222	54.1427565898645	0.892441359313035
6.625	23.5	0.0250556992846612	0.800079643026145	0.00138507645784215	53.964216031732	0.892756126921313
6.875	23.5	0.0279732821717018	0.800045769272235	0.00140359345054529	53.7856185882074	0.893077061038887
7.125	23.5	0.0309222636216993	0.800004954349932	0.00142145746819456	53.6069647695845	0.893401448998387
7.375	23.5	0.0338837216090158	0.799956148134309	0.00143857936635992	53.4282557955084	0.893727209376992
7.625	23.5	0.0368466412871259	0.799898132940415	0.00145485636133456	53.2494934816491	0.894053130541584
7.875	23.5	0.0398102829232937	0.79982950841405	0.00147016098930619	53.0706800805866	0.894379131121562
8.125	23.5	0.0427868382408343	0.799748678751885	0.00148432790331439	52.8918180712722	0.894706552206492
8.375	23.5	0.0458044724346345	0.799653843738244	0.00149713871979214	52.7129098891016	0.89503849196781
8.625	23.5	0.048910854054899	0.799542995782242	0.00150830539821481	52.5339575860887	0.895380193946039
8.875	23.5	0.0521772849504576	0.799413926066645	0.00151745301401928	52.3549624078006	0.89573950134455
9.125	23.5	0.0557035672430317	0.799264244089919	0.00152410326896417	52.1759242703526	0.896127392396733
9.375	23.5	0.0596237912409162	0.799091416287751	0.00152766066289478	51.9968411163703	0.896558617036501
9.625	23.5	0.0641132963215861	0.798892830989072	0.00152740390263173	51.8177081228325	0.897052462595375
9.875	23.5	0.0693971276244295	0.798665898503723	0.0015224858060635	51.6385167256927	0.897633684038687
10.125	23.5	0.0757603350969126	0.798408196212096	0.00151194559743127	51.4592534164547	0.89833363686066
10.375	23.5	0.0835603368264076	0.798117668283839	0.00149473793776318	51.2798982564091	0.899191637050905
10.625	23.5	0.09324111652665	0.797792886735391	0.00146978300017968	51.1004230501211	0.900256522817932
10.875	23.5	0.105347962463241	0.797433373258658	0.00143604082428962	50.920789131357	0.901588275870957
11.125	23.5	0.120539396278795	0.797039968665878	0.00139261012149514	50.740944760081	0.903259333590667
11.375	23.5	0.139589494515714	0.796615221296123	0.00133884530589494	50.5608222359053	0.905354844396729
11.625	23.5	0.163368908619294	0.79616375732659	0.00127447446834963	50.3803350352405	0.907970579948122
11.875	23.5	0.192787552826017	0.79569261454603	0.00119968536674026	50.1993756016888	0.911206630810862
12.125	23.5	0.228679454247143	0.795211585331215	0.00111513057600957	50.0178148420304	0.915154739967186
12.375	23.5	0.271617231844618	0.794733698618879	0.00102179882207308	49.8355047759136	0.919877895502908
12.625	23.5	0.321668465371901	0.794275939357626	0.000920727257165517	49.6522858609666	0.925383531190909
12.875	23.5	0.378151403738739	0.793859933810815	0.000812605321772285	49.4679998391842	0.931596654411261
13.125	23.5	0.439496144321266	0.793511609837326	0.000697429196439392	49.2825072317845	0.938344575875339
13.375	23.5	0.503327018255247	0.793258439854467	0.000574434186654094	49.0957061817149	0.945365972008077
13.625	23.5	0.56681069594512	0.793123874601316	0.000442461607203216	48.907547463785	0.952349176553963
13.875	23.5	0.627178696179274	0.793120903444761	0.000300687559410959	48.7180407472985	0.95898965657972
14.125	23.5	0.682226352574541	0.793248175308625	0.000149394518372814	48.5272500924	0.965044898783199
14.375	23.5	0.730604589578514	0.79349081764075	-9.59091781420653e-06	48.3352806947994	0.970366504853637
14.625	23.5	0.771843444270166	0.793825089505417	-0.000172981904065522	48.1422616367534	0.974902778869718
14.875	23.5	0.806174855583756	0.794224149266637	-0.000336546687760329	47.9483295519798	0.978679234114213
15.125	23.5	0.834275498490737	0.794662616882094	-0.000495799138744555	47.7536162957226	0.981770304833981
15.375	23.5	0.8570282613564	0.795119091121558	-0.000646617565499994	47.5582414722012	0.984273108749204
15.625	23.5	0.875349674494283	0.795576927013583	-0.000785656563809571	47.3623091259311	0.986288464194371
15.875	23.5	0.890088515829436	0.796023966826371	-0.000910531618320502	47.1659072994862	0.987909736741238
16.125	23.5	0.901979911939179	0.79645182089798	-0.00101982410347651	46.9691092122095	0.98921779031331
16.375	23.5	0.911634787791771	0.796855060509183	-0.00111297428749992	46.7719751443391	0.990279826657095
16.625	23.5	0.919548058978678	0.797230491390284	-0.00119012153555298	46.5745544666471	0.991150286487655
16.875	23.5	0.926114521059521	0.797576561493779	-0.001251932723288	46.3768875294042	0.991872597316547
17.125	23.5	0.931646184451426	0.797892902141733	-0.00129944253426822	46.1790072988781	0.992481080289657
17.375	23.5	0.936388087340575	0.798179981705641	-0.00133391666567631	45.9809407247032	0.993002689607463
17.625	23.5	0.940531554309923	0.798438847377912	-0.0013567411535376	45.7827098646021	0.993458470974092
17.875	23.5	0.944224858508558	0.79867093336306	-0.0013693368510538	45.5843328064989	0.993864734435941
18.125	23.5	0.947581660726669	0.798877918293777	-0.00137309621817188	45.3858244270954	0.994233982679934
18.375	23.5	0.950687703640867	0.799061618978562	-0.00136933898471876	45.187197019347	0.994575647400495
18.625	23.5	0.953606198311762	0.799223911114898	-0.00135928327688725	44.98846081363	0.994896681814294
18.875	23.5	0.956382245828631	0.799366670276904	-0.00134402908207975	44.7896244107892	0.995202047041149
19.125	23.5	0.959046537530719	0.79949172841766	-0.00132455129080871	44.5906951403722	0.995495119128379
19.375	23.5	0.961618493651539	0.79960084247081	-0.0013016999232465	44.3916793541184	0.995778034301669
19.625	23.5	0.964108939114903	0.799695672543117	-0.00127620549943994	44.1925826628431	0.996051983302639
19.875	23.5	0.966522375741563	0.79977776778723	-0.00124868784353642	43.9934101238232	0.996317461331572
20.125	23.5	0.968858888215685	0.799848558435048	-0.00121966692418532	43.7941663852704	0.996574477703725
20.375	23.5	0.971115711769684	0.799909352732257	-0.00118957462511147	43.5948557941846	0.996822728294665
20.625	23.5	0.973288487916842	0.799961337699421	-0.00115876660738914	43.3954824736253	0.997061733670853
20.875	23.5	0.975372236818327	0.800005582791447	-0.00112753366365673	43.1960503751115	0.997290946050016
21.125	23.5	0.977362078219789	0.800043045654147	-0.00109611216968523	42.9965633114174	0.997509828604177
21.375	23.5	0.979253735580314	0.800074579295357	-0.00106469340768	42.7970249744849	0.997717910913835
21.625	23.5	0.98104385916252	0.800100940104244	-0.00103343166750929	42.5974389425497	0.997914824507877
21.875	23.5	0.982730203221542	0.800122796260209	-0.00100245113005552	42.3978086799165	0.99810032235437
22.125	23.5	0.984311690204617	0.800140736175852	-0.000971851603105532	42.1981375321633	0.998274285922508
22.375	23.5	0.985788391453782	0.800155276708602	-0.000941713221268165	41.9984287189443	0.998436723059916
22.625	23.5	0.98716144976607	0.800166870956191	-0.000912100241646206	41.7986853260055	0.998587759474268
22.875	23.5	0.988432964753607	0.800175915515792	-0.000883064072454571	41.5989102975584	0.998727626122897
23.125	23.5	0.989605857622741	0.800182757140829	-0.000854645666162628	41.3991064297654	0.998856644338502
23.375	23.5	0.990683728015537	0.800187698769341	-0.000826877397820727	41.1992763657834	0.998975210081709
23.625	23.5	0.991670712084465	0.800191004928646	-0.000799784533513593	40.9994225925773	0.999083778329291
23.875	23.5	0.992571348072623	0.80019290654089	-0.000773386378288553	40.799547439543	0.999182848287989
24.125	23.5	0.993390453350233	0.800193605168378	-0.000747697176866473	40.5996530788637	0.999272949868526
24.375	23.5	0.994133015073571	0.800193276744601	-0.000722726826251733	40.3997415274476	0.999354631658093
24.625	23.5	0.994804095317446	0.800192074839835	-0.000698481446703774	40.1998146502521	0.999428450484919
24.875	23.5	0.995408750609178	0.800190133511908	-0.000674963846848245	39.9998741647813	0.99949496256701
25.125	23.5	0.995951965181497	0.800187569788573	-0.00065217391027897	39.79992164654	0.999554716169965
25.375	23.5	0.99643859689105	0.800184485827138	-0.000630108923837606	39.5999585352391	0.999608245658016
25.625	23.5	0.996873334554886	0.800180970790905	-0.000608763862547261	39.3999861415598	0.999656066801037
25.875	23.5	0.997260665387145	0.80017710248032	-0.000588131642065595	39.2000056543051	0.999698673192586
26.125	23.5	0.997604851231051	0.800172948750246	-0.00056820334619868	39.0000181477873	0.999736533635416
26.375	23.5	0.997909912345969	0.800168568742225	-0.000548968435150193	38.8000245893216	0.999770090358057
26.625	23.5	0.998179617603181	0.800164013957098	-0.000530414938035186	38.6000258467144	0.99979975793635
26.875	23.5	0.998417480051433	0.800159329189191	-0.000512529632365123	38.4000226956543	0.999825922805658
27.125	23.5	0.998626756923799	0.800154553340708	-0.000495298212150667	38.2000158269308	0.999848943261618
27.375	23.5	0.998810453265004	0.800149720133264	-0.000478705445713479	38.0000058534189	0.99986914985915
27.625	23.5	0.998971328458883	0.80014485872956	-0.000462735324009583	37.7999933167833	0.999886846130477
27.875	23.5	0.999111905028112	0.800139994278167	-0.00044737119971613	37.5999786938659	0.999902309553092
28.125	23.5	0.999234479162109	0.800135148390712	-0.000432595917467004	37.3999624027303	0.999915792707832
28.375	23.5	0.999341132503871	0.8001303395614	-0.000418391935389818	37.1999448083479	0.999927524575426
28.625	23.5	0.999433744794016	0.800125583535871	-0.000404741437859855	36.9999262279139	0.999937711927342
28.875	23.5	0.999514007030399	0.800120893636202	-0.0003916264397683	36.7999069357924	0.999946540773344
29.125	23.5	0.999583434855208	0.80011628104753	-0.000379028882137336	36.5998871680912	0.999954177834073
29.375	23.5	0.999643381929731	0.80011175507153	-0.00036693071942105	36.3998671268735	0.99996077201227
29.625	23.5	0.999695053099783	0.800107323350698	-0.000355313998433139	36.1998469840178	0.999966455840976
29.875	23.5	0.999739517192968	0.800102992066929	-0.000344160929154601	35.9998268847382	0.999971346891226
30.125	23.5	0.999777719322996	0.800098766118035	-0.00033345394770257	35.7998069507809	0.99997554912553
30.375	23.5	0.999810492606199	0.800094649274185	-0.000323175771615522	35.599787283315	0.999979154186682
30.625	23.5	0.999838569221806	0.800090644317379	-0.000313309447897527	35.3997679655353	0.999982242614399
30.875	23.5	0.999862590770322	0.800086753165282	-0.000303838394035031	35.1997490649961	0.999984884984735
31.125	23.5	0.999883117904013	0.800082976981616	-0.000294746432575909	34.9997306356963	0.999987142969441
31.375	23.5	0.999900639220246	0.800079316274495	-0.000286017819429207	34.799712719934	0.999989070314227
31.625	23.5	0.999915579422186	0.800075770984034	-0.000277637266612386	34.599695349951	0.999990713736441
31.875	23.5	0.999928306762722	0.800072340560529	-0.000269589959625828	34.3996785493846	0.9999921137439
32.125	23.5	0.999939139796515	0.800069024033654	-0.000261861570102452	34.1996623345449	0.999993305377617
32.375	23.5	0.999948353471902	0.800065820074736	-0.000254438264120737	33.9996467155354	0.999994318881909
32.625	23.5	0.999956184599471	0.800062727051561	-0.000247306706580507	33.7996316972307	0.999995180305942
32.875	23.5	0.999962836737543	0.800059743077343	-0.000240454062185478	33.5996172801286	0.99999591204113
33.125	23.5	0.999968484536801	0.800056866054177	-0.000233867993349908	33.399603461089	0.999996533299048
33.375	23.5	0.999973277587142	0.800054093711458	-0.000227536655474955	33.199590233973	0.999997060534586
33.625	23.5	0.999977343809754	0.80005142363981	-0.00022144868997032	32.9995775901929	0.999997507819073
33.875	23.5	0.999980792436389	0.800048853321124	-0.000215593215367834	32.7995655191848	0.999997887168003
34.125	23.5	0.999983716616391	0.800046380155027	-0.000209959816800813	32.5995540088132	0.999998208827803
34.375	23.5	0.999986195689859	0.800044001481845	-0.000204538534241616	32.3995430457154	0.999998481525884
34.625	23.5	0.999988297163231	0.800041714603021	-0.000199319849672894	32.1995326155944	0.999998712687955
34.875	23.5	0.999990078420767	0.800039516798585	-0.000194294673455367	31.999522703466	0.999998908626284
35.125	23.5	0.999991588203007	0.800037405342506	-0.000189454330130279	31.799513293868	0.999999074702331
35.375	23.5	0.999992867880354	0.800035377515982	-0.000184790543815672	31.5995043710343	0.999999215466839
35.625	23.5	0.999993952547477	0.800033430618547	-0.000180295423376615	31.3994959190417	0.999999334780222
35.875	23.5	0.999994871961535	0.800031561977872	-0.000175961447489274	31.1994879219301	0.999999435915769
36.125	23.5	0.999995651344789	0.80002976895791	-0.000171781449743525	30.9994803638028	0.999999521647927
36.375	23.5	0.999996312069927	0.800028048965614	-0.000167748603861477	30.799473228908	0.999999594327692
36.625	23.5	0.999996872244199	0.800026399456747	-0.000163856409137663	30.5994665017049	0.999999655946862
36.875	23.5	0.99999734720658	0.800024817940409	-0.000160098676158056	30.3994601669172	0.999999708192724
37.125	23.5	0.999997749950328	0.800023301982769	-0.00015646951283861	30.1994542095746	0.999999752494536
37.375	23.5	0.999998091481745	0.800021849209996	-0.000152963310860677	29.9994486150458	0.999999790062992
37.625	23.5	0.999998381124472	0.80002045731038	-0.000149574732526362	29.7994433690631	0.999999821923692
37.875	23.5	0.999998626777383	0.800019124036037	-0.000146298698031931	29.5994384577409	0.999999848945512
38.125	23.5	0.999998835133048	0.800017847203851	-0.000143130373187387	29.3994338675878	0.999999871864635
38.375	23.5	0.999999011862672	0.800016624696102	-0.000140065157634197	29.1994295855153	0.999999891304894
38.625	23.5	0.999999161772629	0.800015454460642	-0.00013709867350123	28.9994255988415	0.999999907794989
38.875	23.5	0.999999288936923	0.800014334510769	-0.000134226754534648	28.7994218952921	0.999999921783062
39.125	23.5	0.999999396809273	0.800013262924702	-0.000131445435701724	28.5994184629994	0.99999993364902
39.375	23.5	0.999999488317948	0.800012237844949	-0.000128750943245192	28.3994152904983	0.999999943714974
39.625	23.5	0.999999565946018	0.800011257477398	-0.000126139685186382	28.1994123667207	0.999999952254062
39.875	23.5	0.999999631799279	0.800010320090219	-0.00012360824225607	27.9994096809893	0.999999959497921
40.125	23.5	0.999999687663757	0.800009424012623	-0.000121153359284871	27.7994072230095	0.999999965643013
40.375	23.5	0.999999735054393	0.800008567633555	-0.000118771936944993	27.5994049828606	0.999999970855983
40.625	23.5	0.999999775256268	0.800007749400331	-0.000116461023959521	27.3994029509868	0.99999997527819
40.875	23.5	0.999999809359554	0.800006967816996	-0.000114217809622529	27.1994011181874	0.999999979029551
41.125	23.5	0.9999998382891	0.800006221442932	-0.000112039616760367	26.9993994756066	0.999999982211801
41.375	23.5	0.999999862829532	0.800005508891204	-0.00010992389496187	26.7993980147232	0.999999984911249
41.625	23.5	0.999999883646519	0.800004828826907	-0.000107868214228079	26.5993967273403	0.999999987201117
41.875	23.5	0.999999901304816	0.800004179965684	-0.000105870258875508	26.3993956055749	0.99999998914353
42.125	23.5	0.999999916283557	0.800003561071997	-0.0001039278217928	26.1993946418476	0.999999990791191
42.375	23.5	0.999999928989234	0.800002970957548	-0.000102038798968183	25.999393828872	0.999999992188816
42.625	23.5	0.999999939766701	0.800002408479739	-0.000100201184291309	25.7993931596448	0.999999993374337
42.875	23.5	0.999999948908518	0.80000187253997	-9.84130646422215e-05	25.5993926274358	0.999999994379937
43.125	23.5	0.999999956662874	0.800001362082234	-9.66726152146257e-05	25.3993922257783	0.999999995232916
43.375	23.5	0.999999963240317	0.800000876091535	-9.49780950768972e-05	25.199391948459	0.999999995956435
43.625	23.5	0.999999968819455	0.800000413592361	-9.33278429879568e-05	24.9993917895095	0.99999999657014
43.875	23.5	0.999999973551794	0.799999973647294	-9.17202733905097e-05	24.7993917431964	0.999999997090697
44.125	23.5	0.999999977565857	0.799999555355598	-9.01538726443531e-05	24.5993918040133	0.999999997532244
44.375	23.5	0.999999980970662	0.799999157851779	-8.86271954274407e-05	24.3993919666716	0.999999997906773
44.625	23.5	0.999999983858686	0.79999878030429	-8.71388613587849e-05	24.1993922260928	0.999999998224456
44.875	23.5	0.999999986308366	0.799998421914276	-8.56875517359944e-05	23.9993925773999	0.99999999849392
45.125	23.5	0.999999988386237	0.799998081914228	-8.42720065165404e-05	23.7993930159105	0.999999998722486
45.375	23.5	0.999999990148733	0.799997759566872	-8.28910213794008e-05	23.5993935371285	0.999999998916361
45.625	23.5	0.999999991643723	0.799997454163867	-8.15434450170538e-05	23.3993941367375	0.999999999080809
45.875	23.5	0.999999992911811	0.799997165024832	-8.02281764785309e-05	23.1993948105935	0.999999999220299
46.125	23.5	0.999999993987438	0.799996891496132	-7.89441627303016e-05	22.9993955547186	0.999999999338618
46.375	23.5	0.999999994899814	0.799996632949868	-7.76903962943441e-05	22.799396365294	0.999999999438979
46.625	23.5	0.999999995673719	0.799996388782847	-7.6465913018773e-05	22.5993972386544	0.999999999524109
46.875	23.5	0.999999996330167	0.799996158415653	-7.52697899727938e-05	22.3993981712817	0.999999999596318
47.125	23.5	0.999999996886987	0.799995941291637	-7.41011434334522e-05	22.1993991597992	0.999999999657569
47.375	23.5	0.9999999973593	0.799995736876095	-7.29591270028404e-05	21.9994002009665	0.999999999709523
47.625	23.5	0.999999997759931	0.799995544655322	-7.18429297761412e-05	21.7994012916735	0.999999999753592
47.875	23.5	0.999999998099758	0.799995364135826	-7.07517746606583e-05	21.599402428936	0.999999999790973
48.125	23.5	0.99999999838801	0.799995194843517	-6.96849167216814e-05	21.3994036098904	0.999999999822681
48.375	23.5	0.999999998632515	0.799995036322934	-6.86416416630418e-05	21.199404831789	0.999999999849577
48.625	23.5	0.999999998839915	0.799994888136523	-6.76212643500723e-05	20.9994060919956	0.999999999872391
48.875	23.5	0.999999999015835	0.7999947498639	-6.6623127432564e-05	20.7994073879809	0.999999999891742
49.125	23.5	0.999999999165058	0.799994621101204	-6.56466000228378e-05	20.5994087173187	0.999999999908156
49.375	23.5	0.999999999291634	0.799994501460424	-6.46910764343236e-05	20.3994100776816	0.99999999992208
49.625	23.5	0.999999999399	0.799994390568796	-6.3755975013435e-05	20.1994114668369	0.99999999993389
49.875	23.5	0.999999999490072	0.799994288068169	-6.28407369866427e-05	19.9994128826437	0.999999999943908
50.125	23.5	0.999999999567322	0.79999419361448	-6.19448254204357e-05	19.7994143230481	0.999999999952405
50.375	23.5	0.999999999632848	0.799994106877173	-6.10677241735155e-05	19.5994157860811	0.999999999959613
50.625	23.5	0.99999999968843	0.799994027538691	-6.02089369585039e-05	19.3994172698543	0.999999999965727
50.875	23.5	0.999999999735575	0.799993955293948	-5.93679863982375e-05	19.199418772557	0.999999999970913
51.125	23.5	0.999999999775565	0.799993889849863	-5.8544413185681e-05	18.9994202924534	0.999999999975312
51.375	23.5	0.999999999809485	0.799993830924918	-5.77377752278219e-05	18.7994218278794	0.999999999979043
51.625	23.5	0.999999999838256	0.799993778248662	-5.6947646880283e-05	18.5994233772398	0.999999999982208
51.875	23.5	0.999999999862664	0.799993731561359	-5.61736181989098e-05	18.3994249390056	0.999999999984893
52.125	23.5	0.999999999883368	0.799993690613535	-5.54152942236875e-05	18.1994265117117	0.99999999998717
52.375	23.5	0.999999999900927	0.799993655165579	-5.4672294310067e-05	17.9994280939537	0.999999999989102
52.625	23.5	0.999999999915819	0.79999362498743	-5.39442514946244e-05	17.7994296843861	0.99999999999074
52.875	23.5	0.999999999928452	0.799993599858161	-5.32308118810276e-05	17.5994312817198	0.99999999999213
53.125	23.5	0.999999999939167	0.799993579565688	-5.25316340728553e-05	17.3994328847195	0.999999999993308
53.375	23.5	0.999999999948259	0.799993563906434	-5.18463886234594e-05	17.1994344922022	0.999999999994309
53.625	23.5	0.999999999955971	0.799993552684958	-5.11747575090955e-05	16.9994361030345	0.999999999995157
53.875	23.5	0.999999999962513	0.799993545713781	-5.051643365285e-05	16.7994377161309	0.999999999995876
54.125	23.5	0.999999999968061	0.799993542812974	-4.9871120443753e-05	16.5994393304519	0.999999999996487
54.375	23.5	0.999999999972766	0.799993543809996	-4.92385312937768e-05	16.3994409450019	0.999999999997004
54.625	23.5	0.999999999976758	0.799993548539364	-4.86183892290967e-05	16.1994425588276	0.999999999997443
54.875	23.5	0.999999999980143	0.799993556842399	-4.80104264807123e-05	15.9994441710163	0.999999999997816
55.125	23.5	0.999999999983015	0.79999356856707	-4.74143841099981e-05	15.7994457806939	0.999999999998132
55.375	23.5	0.999999999985451	0.799993583567675	-4.68300116480688e-05	15.5994473870236	0.9999999999984
55.625	23.5	0.999999999987518	0.799993601704679	-4.62570667615195e-05	15.3994489892045	0.999999999998627
55.875	23.5	0.99999999998927	0.799993622844507	-4.5695314928948e-05	15.1994505864693	0.99999999999882
56.125	23.5	0.999999999990757	0.799993646859303	-4.51445291381165e-05	14.9994521780839	0.999999999998983
56.375	23.5	0.999999999992017	0.799993673626787	-4.46044895994766e-05	14.799453763345	0.999999999999122
56.625	23.5	0.999999999993087	0.799993703030066	-4.40749834735395e-05	14.5994553415795	0.99999999999924
56.875	23.5	0.999999999993995	0.799993734957422	-4.35558046153404e-05	14.3994569121428	0.999999999999339
57.125	23.5	0.999999999994765	0.799993769302211	-4.30467533426626e-05	14.1994584744175	0.999999999999424
57.375	23.5	0.999999999995418	0.799993805962632	-4.25476361920754e-05	13.9994600278123	0.999999999999496
57.625	23.5	0.999999999995971	0.799993844841625	-4.2058265723725e-05	13.7994615717607	0.999999999999557
57.875	23.5	0.999999999996442	0.799993885846727	-4.15784603102709e-05	13.59946310572	0.999999999999609
58.125	23.5	0.999999999996841	0.799993928889868	-4.11080439509018e-05	13.3994646291699	0.999999999999653
58.375	23.5	0.999999999997177	0.799993973887319	-4.06468460957094e-05	13.1994661416117	0.999999999999689
58.625	23.5	0.999999999997464	0.799994020759479	-4.01947014882852e-05	12.999467642567	0.999999999999721
58.875	23.5	0.999999999997707	0.799994069430824	-3.97514499986594e-05	12.7994691315768	0.999999999999748
59.125	23.5	0.999999999997913	0.799994119829705	-3.9316936499307e-05	12.5994706082007	0.99999999999977
59.375	23.5	0.999999999998089	0.799994171888316	-3.8891010710881e-05	12.3994720720154	0.99999999999979
59.625	23.5	0.999999999998237	0.799994225542485	-3.84735271004014e-05	12.1994735226143	0.999999999999806
59.875	23.5	0.999999999998361	0.799994280731618	-3.80643447542486e-05	11.9994749596062	0.99999999999982
60.125	23.5	0.999999999998467	0.799994337398575	-3.76633272802175e-05	11.799476382615	0.999999999999831
60.375	23.5	0.999999999998557	0.79999439548955	-3.72703427062203e-05	11.5994777912779	0.999999999999841
60.625	23.5	0.999999999998633	0.79999445495397	-3.68852634002168e-05	11.3994791852456	0.99999999999985
60.875	23.5	0.999999999998696	0.799994515744371	-3.65079659821878e-05	11.1994805641809	0.999999999999857
61.125	23.5	0.99999999999875	0.799994577816311	-3.61383312553424e-05	10.9994819277581	0.999999999999862
61.375	23.5	0.999999999998795	0.799994641128253	-3.57762441380294e-05	10.7994832756621	0.999999999999867
61.625	23.5	0.999999999998833	0.799994705641456	-3.54215936065635e-05	10.5994846075879	0.999999999999872
61.875	23.5	0.999999999998867	0.799994771319854	-3.5074272636523e-05	10.3994859232401	0.999999999999875
62.125	23.5	0.999999999998896	0.799994838129977	-3.47341781548838e-05	10.1994872223315	0.999999999999879
62.375	23.5	0.999999999998921	0.799994906040805	-3.440121099715e-05	9.99948850458345	0.999999999999881
62.625	23.5	0.999999999998939	0.799994975023688	-3.40752758694252e-05	9.79948976972439	0.999999999999883
62.875	23.5	0.999999999998946	0.799995045052218	-3.37562813012257e-05	9.59949101748982	0.999999999999884
63.125	23.5	0.999999999998939	0.799995116102088	-3.34441396302257e-05	9.3994922476215	0.999999999999883
63.375	23.5	0.999999999998919	0.799995188151021	-3.31387669533682e-05	9.19949345986703	0.999999999999881
63.625	23.5	0.999999999998891	0.799995261178595	-3.2840083106975e-05	8.99949465397935	0.999999999999878
63.875	23.5	0.999999999998872	0.799995335166201	-3.25480116384619e-05	8.79949582971624	0.999999999999876
64.125	23.5	0.999999999998887	0.799995410096809	-3.22624797801108e-05	8.59949698683995	0.999999999999878
64.375	23.5	0.999999999998967	0.799995485954905	-3.19834184158339e-05	8.39949812511678	0.999999999999886
64.625	23.5	0.99999999999913	0.799995562726364	-3.17107620622558e-05	8.19949924431674	0.999999999999904
64.875	23.5	0.999999999999363	0.799995640398291	-3.14444488282158e-05	7.99950034421318	0.99999999999993
65.125	23.5	0.999999999999593	0.799995718958872	-3.11844203947114e-05	7.79950142458257	0.999999999999955
65.375	23.5	0.999999999999679	0.799995798397268	-3.09306219724821e-05	7.59950248520416	0.999999999999965
65.625	23.5	0.999999999999423	0.799995878703435	-3.06830022676672e-05	7.39950352585985	0.999999999999936
65.875	23.5	0.999999999998632	0.79999595986802	-3.04415134378789e-05	7.19950454633392	0.99999999999985
66.125	23.5	0.999999999997239	0.799996041882179	-3.02061110452897e-05	6.99950554641295	0.999999999999696
66.375	23.5	0.999999999995463	0.799996124737434	-2.99767540060613e-05	6.79950652588566	0.999999999999501
66.625	23.5	0.999999999993957	0.799996208425537	-2.97534045303346e-05	6.59950748454285	0.999999999999335
66.875	23.5	0.999999999993856	0.79999629293831	-2.9536028058125e-05	6.39950842217733	0.999999999999324
67.125	23.5	0.999999999996588	0.799996378267475	-2.93245931875061e-05	6.19950933858394	0.999999999999625
67.375	23.5	1.00000000000334	0.799996464404539	-2.91190715949413e-05	5.99951023355958	1.00000000000037
67.625	23.5	1.00000000001417	0.799996551340624	-2.89194379476001e-05	5.79951110690327	1.00000000000156
67.875	23.5	1.00000000002685	0.799996639066348	-2.8725669804621e-05	5.59951195841634	1.00000000000295
68.125	23.5	1.00000000003596	0.799996727571685	-2.85377475108385e-05	5.39951278790262	1.00000000000396
68.375	23.5	1.00000000003289	0.79999681684587	-2.83556540752886e-05	5.19951359516869	1.00000000000362
68.625	23.5	1.00000000000762	0.799996906877275	-2.81793750451283e-05	4.99951438002412	1.00000000000084
68.875	23.5	0.999999999953141	0.799996997653275	-2.80088983729587e-05	4.79951514228175	0.999999999994846
69.125	23.5	0.999999999872455	0.799997089160114	-2.78442142848988e-05	4.59951588175779	0.99999999998597
69.375	23.5	0.999999999786736	0.799997181382721	-2.76853151595926e-05	4.39951659827181	0.999999999976541
69.625	23.5	0.999999999740951	0.79999727430445	-2.75321954177884e-05	4.19951729164662	0.999999999971505
69.875	23.5	0.999999999800897	0.799997367906875	-2.7384851414903e-05	3.99951796170814	0.999999999978099
70.125	23.5	1.00000000003445	0.799997462169566	-2.72432813071299e-05	3.7995186082855	1.00000000000379
70.375	23.5	1.00000000047183	0.799997557070093	-2.71074848442868e-05	3.59951923121185	1.0000000000519
70.625	23.5	1.00000000104739	0.799997652584357	-2.69774630212494e-05	3.3995198303262	1.00000000011521
70.875	23.5	1.00000000154026	0.799997748687376	-2.68532175568026e-05	3.19952040547664	1.00000000016943
71.125	23.5	1.00000000155154	0.799997845354496	-2.67347502286482e-05	2.99952095652438	1.00000000017067
71.375	23.5	1.00000000057453	0.799997942562664	-2.66220622718763e-05	2.79952148334739	1.0000000000632
71.625	23.5	0.99999999821658	0.799998040290943	-2.6515154221866e-05	2.59952198584072	0.999999999803824
71.875	23.5	0.999999994595628	0.799998138518939	-2.64140267678327e-05	2.39952246391006	0.999999999405519
72.125	23.5	0.999999990840081	0.799998237221823	-2.63186831104278e-05	2.19952291745547	0.999999998992409
72.375	23.5	0.99999998946306	0.799998336361265	-2.62291328201945e-05	1.99952334634542	0.999999998840937
72.625	23.5	0.999999994196429	0.79999843587388	-2.6145396063692e-05	1.79952375038855	0.999999999361607
72.875	23.5	1.00000000875481	0.799998535662436	-2.60675053582442e-05	1.59952412932081	1.00000000096303
73.125	23.5	1.0000000341242	0.799998635599572	-2.59955002962077e-05	1.39952448283602	1.00000000375366
73.375	23.5	1.0000000645381	0.799998735556714	-2.59294101606518e-05	1.19952481069043	1.00000000709919
73.625	23.5	1.00000008345066	0.799998835468259	-2.58692219914095e-05	0.999525112895861	1.00000000917957
73.875	23.5	1.00000006242227	0.799998935427908	-2.58148393315515e-05	0.799525389969384	1.00000000686645
74.125	23.5	0.999999967298804	0.7999990357869	-2.57660503016453e-05	0.599525643127309	0.999999996402868
74.375	23.5	0.999999776156491	0.799999137208217	-2.57225399869636e-05	0.399525874213869	0.999999975377214
74.625	23.5	0.999999510444273	0.799999318604203	-2.56839954226831e-05	0.199526085078504	0.99999994614887
74.875	23.5	0.999999272943122	0.399999116878341	-2.56569049461526e-05	-0.000473762925724072	0.999999920023743
0.125	24.5	9.55031533615584e-08	0.400009209692585	0.000954797981961348	58.5949915260559	0.890000010505347
0.375	24.5	-4.73144743990969e-06	0.800027892648142	0.000956157107469634	58.4169874256418	0.889999479540782
0.625	24.5	-1.53091965456342e-05	0.800046574692582	0.000958884689766392	58.238979322019	0.88999831598838
0.875	24.5	-3.2340248197147e-05	0.800065191636173	0.000963002662584832	58.0609673735483	0.889996442572698
1.125	24.5	-5.54209099015109e-05	0.800083763838126	0.000968539271614059	57.882951734829	0.889993903699911
1.375	24.5	-8.22091484339048e-05	0.800102275866583	0.000975528324955376	57.7049325374173	0.889990956993672
1.625	24.5	-0.000107638908911894	0.800120703507865	0.000984006971900924	57.5269098397353	0.88998815972002
1.875	24.5	-0.000123247835169202	0.80013901034878	0.000994012871263902	57.3488835611852	0.889986442738131
2.125	24.5	-0.000116712466377946	0.800157144488019	0.00100558094964163	57.1708534039798	0.889987161628698
2.375	24.5	-7.16832141405956e-05	0.800175035895306	0.00101874003122706	56.9928187682483	0.889992114846444
2.625	24.5	3.20113484432064e-05	0.800192594770276	0.00103350968690621	56.8147786677613	0.890003521248329
2.875	24.5	0.000217759109315282	0.800209711072315	0.00104989768400309	56.6367316547408	0.890023953502025
3.125	24.5	0.000511172356051089	0.800226255192088	0.00106789840949782	56.4586757624257	0.890056228959166
3.375	24.5	0.000938770785256484	0.800242079536093	0.00108749258719962	56.28060847324	0.890103264786378
3.625	24.5	0.00152644271962163	0.8002570206262	0.00110864852038777	56.1025267186232	0.890167908699158
3.875	24.5	0.00229781713566909	0.800270901198611	0.00113132497698191	55.9244269140089	0.890252759884924
4.125	24.5	0.00327269277407161	0.800283531731456	0.00115547571247893	55.7463050294049	0.890359996205148
4.375	24.5	0.00446566711005211	0.800294710841154	0.00118105551021064	55.568156692877	0.890491223382106
4.625	24.5	0.00588508843251203	0.800304224054376	0.0012080275234516	55.3899773213495	0.890647359727576
4.875	24.5	0.00753242194482307	0.800311840572652	0.00123637163514947	55.2117622708171	0.890828566413931
5.125	24.5	0.00940208037192771	0.800317307783425	0.00126609350819834	55.0335069965457	0.891034228840912
5.375	24.5	0.0114817265529146	0.800320343422944	0.00129723397493123	54.85520721324	0.891262989920821
5.625	24.5	0.0137530155576611	0.800320625443818	0.00132987839728164	54.6768590454665	0.891512831711343
5.875	24.5	0.0161927121210142	0.8003177797745	0.00136416560556537	54.4984591597148	0.891781198333312
6.125	24.5	0.0187740996567803	0.800311366266081	0.00140029598364101	54.3200048711275	0.892065150962246
6.375	24.5	0.0214685921633889	0.800300863195133	0.001438538204826	54.141494219841	0.892361545137973
6.625	24.5	0.0242474702713522	0.800285650733186	0.00147923403699635	53.9629260137086	0.892667221729849
6.875	24.5	0.0270836855949895	0.800264993807619	0.00152280053183639	53.7842998356354	0.892979205415449
7.125	24.5	0.0299537094956571	0.800238024785613	0.00156972880379379	53.6056160145724	0.893294908044522
7.375	24.5	0.0328394379937578	0.800203726437385	0.00162057849886229	53.4268755592633	0.893612338179313
7.625	24.5	0.0357301981538111	0.800160915708195	0.00167596696177295	53.2480800530822	0.893930321796919
7.875	24.5	0.0386249279942813	0.800108228981089	0.00173655203290346	53.0692315068401	0.894248742079371
8.125	24.5	0.0415346192605996	0.800044109775922	0.00180300732866772	52.8903321644468	0.894568808118666
8.375	24.5	0.044485120948481	0.799966800224938	0.00187598874450172	52.7113842539896	0.894893363304333
8.625	24.5	0.0475204057048405	0.799874338208725	0.00195609070190778	52.5323896742663	0.895227244627532
8.875	24.5	0.0507064088496386	0.799764562739039	0.00204379024037653	52.3533496040807	0.89557770497346
9.125	24.5	0.054135570021776	0.799635131037858	0.00213937630661544	52.1742640184708	0.895954912702395
9.375	24.5	0.0579322480342846	0.799483551763538	0.00224286038844848	51.9951310920825	0.896372547283771
9.625	24.5	0.0622592413904465	0.799307239922311	0.00235386289879307	51.8159464645816	0.896848516552949
9.875	24.5	0.0673257164297578	0.799103600013496	0.00247146750838239	51.6367023358994	0.897405828807273
10.125	24.5	0.0733968820704193	0.79887014456293	0.00259403335899644	51.4573863503595	0.898073657027746
10.375	24.5	0.0808056702399822	0.798604654788123	0.00271895380587132	51.2779802198053	0.898888623726398
10.625	24.5	0.0899663318254752	0.79830538777383	0.00284235218755327	51.0984580308527	0.899896296500802
10.875	24.5	0.10138899295926	0.797971329161869	0.0029587139713202	50.9187841888536	0.901152789225519
11.125	24.5	0.115692487897935	0.797602481701415	0.00306047657815243	50.7389109863704	0.902726173668773
11.375	24.5	0.133609807943904	0.797200170677105	0.00313764126795879	50.5587758706623	0.90469707887383
11.625	24.5	0.155976107805224	0.796767346194069	0.00317754263540205	50.3782986535423	0.907157371858575
11.875	24.5	0.183684031310989	0.796308886847347	0.00316500792791293	50.1973791848011	0.910205243444209
12.125	24.5	0.217587661596979	0.795831976400165	0.00308323169973844	50.0158963914546	0.913934642775668
12.375	24.5	0.258340129628735	0.79534671585939	0.00291570553123759	49.8337099782883	0.918417414259161
12.625	24.5	0.306168687320394	0.794867131320199	0.0026493536196848	49.6506662543629	0.923678555605243
12.875	24.5	0.360629683735433	0.794412421138394	0.00227852568807428	49.4666091164285	0.929669265210898
13.125	24.5	0.420434305059274	0.794007553913595	0.00180876017486644	49.2813958484646	0.93624777355652
13.375	24.5	0.483459614516454	0.793681670939245	0.00125866201808186	49.0949152141784	0.94318055759681
13.625	24.5	0.547014366421592	0.79346326814752	0.00065846228053927	48.907103288009	0.950171580306375
13.875	24.5	0.608310989529007	0.793373279896667	4.51067454746385e-05	48.7179520904936	0.956914208848191
14.125	24.5	0.664975347294522	0.793419335380646	-0.000544573436022948	48.5275082058035	0.963147288202397
14.375	24.5	0.715402157444745	0.79359420568028	-0.00108012543068255	48.3358622498761	0.968694237318922
14.625	24.5	0.758857259246662	0.793878800181568	-0.0015411953405506	48.1431331389203	0.973474298517133
14.875	24.5	0.795358312477435	0.794247570655217	-0.00191816661775582	47.9494519458426	0.977489414372518
15.125	24.5	0.825441245110598	0.79467373435541	-0.00221047441538111	47.7549488425916	0.980798536962166
15.375	24.5	0.849917802662425	0.795132857142521	-0.00242386070854337	47.5597445278589	0.983490958292867
15.625	24.5	0.869685467484305	0.795604615646276	-0.00256763112393926	47.3639458547969	0.985665401423274
15.875	24.5	0.88560634445702	0.796073222329238	-0.00265248761945161	47.167644556458	0.987416697890272
16.125	24.5	0.898445210371719	0.796527098839857	-0.00268908502852146	46.9709178585887	0.988828973140889
16.375	24.5	0.908848154856685	0.796958232596093	-0.00268721695444732	46.7738300198736	0.989973297034235
16.625	24.5	0.917344563436113	0.797361469399465	-0.00265545299616849	46.5764341740564	0.990907901977972
16.875	24.5	0.924360060656029	0.797733862625969	-0.00260105645619215	46.3787741295225	0.991679606672163
17.125	24.5	0.930232896400322	0.798074122808961	-0.00253005332837028	46.1808859725272	0.992325618604035
17.375	24.5	0.935229869598987	0.798382173230691	-0.00244736816160133	45.9827994307487	0.992875285655889
17.625	24.5	0.939560154547977	0.798658800912531	-0.00235697795750774	45.7845390084037	0.993351617000278
17.875	24.5	0.943386644831606	0.798905387283547	-0.00226205939643801	45.5861249251212	0.993772530931477
18.125	24.5	0.946835019374331	0.799123702775414	-0.00216511929839206	45.3875738940879	0.994151852131176
18.375	24.5	0.950000945144324	0.799315751566425	-0.00206810613580932	45.1888997705557	0.994500103965876
18.625	24.5	0.952955846960967	0.799483655212405	-0.0019725041023264	44.9901140951039	0.994825143165706
18.875	24.5	0.955751607229979	0.799629566307537	-0.00187941250939689	44.7912265497118	0.995132676795298
19.125	24.5	0.958424467494936	0.799755605358131	-0.00178961331490542	44.592245339756	0.995426691424443
19.375	24.5	0.960998318942518	0.799863815673943	-0.00170362909849369	44.3931775116517	0.995709815083677
19.625	24.5	0.963487502278565	0.799956132311352	-0.00162177318552491	44.1940292137929	0.995983625250642
19.875	24.5	0.965899191047676	0.800034362009431	-0.00154419307885585	43.9948059073372	0.996248911015244
20.125	24.5	0.968235404178821	0.800100171715582	-0.00147090796093468	43.7955125328661	0.99650589445967
20.375	24.5	0.970494679106926	0.800155083773	-0.00140184078300823	43.5961536387379	0.996754414701762
20.625	24.5	0.972673431746632	0.800200476195859	-0.00133684533886135	43.3967334768055	0.99699407749213
20.875	24.5	0.974767029904406	0.800237586728657	-0.0012757286882824	43.1972560709894	0.997224373289485
21.125	24.5	0.976770609326486	0.80026751960828	-0.00121826931349947	42.9977252638903	0.997444767025913
21.375	24.5	0.978679664384559	0.800291254136298	-0.00116423142895257	42.7981447462018	0.997654763082301
21.625	24.5	0.980490447172388	0.80030965433521	-0.00111337590009692	42.5985180731593	0.997853949188963
21.875	24.5	0.98220020900243	0.800323479111876	-0.00106546824674423	42.3988486716664	0.998042022990267
22.125	24.5	0.98380731692304	0.800333392482802	-0.00102028420713396	42.199139841131	0.998218804861534
22.375	24.5	0.985311275194384	0.800339973532033	-0.000977613318929631	41.9993947504409	0.998384240271382
22.625	24.5	0.986712678073305	0.80034372587069	-0.000937260938017456	41.7996164329568	0.998538394588064
22.875	24.5	0.988013116193902	0.800345086448317	-0.000899049068349516	41.5998077809095	0.998681442781329
23.125	24.5	0.989215054671938	0.800344433631736	-0.000862816323329643	41.3999715401722	0.998813656013913
23.375	24.5	0.990321697100789	0.800342094517823	-0.000828417284270842	41.200110306041	0.998935386681087
23.625	24.5	0.99133684604238	0.800338351482525	-0.000795721469160843	41.0002265203854	0.999047053064662
23.875	24.5	0.992264767557847	0.800333447995704	-0.000764612077171826	40.8003224703354	0.999149124431363
24.125	24.5	0.993110064807017	0.800327593747975	-0.000734984632695999	40.600400288523	0.999242107128772
24.375	24.5	0.993877563758526	0.800320969145039	-0.000706745617817215	40.4004619547977	0.999326532013438
24.625	24.5	0.994572212544087	0.8003137292299	-0.000679811153811317	40.2005092992744	0.99940294337985
24.875	24.5	0.995198994894881	0.800306007094349	-0.000654105770291913	40.0005440065367	0.999471889438437
25.125	24.5	0.995762857340868	0.800297916837993	-0.000629561283761911	39.8005676208041	0.999533914307495
25.375	24.5	0.996268649364047	0.800289556130558	-0.000606115795352882	39.6005815518723	0.999589551430045
25.625	24.5	0.99672107540946	0.800281008427394	-0.000583712808785544	39.4005870816417	0.999639318295041
25.875	24.5	0.997124657517717	0.800272344884681	-0.00056230046421252	39.2005853710695	0.999683712326949
26.125	24.5	0.997483707305709	0.800263626013448	-0.000541830879986705	39.0005774673907	0.999723207803628
26.375	24.5	0.997802306052237	0.800254903109244	-0.000522259592566295	38.8005643114793	0.999758253665746
26.625	24.5	0.998084291717171	0.800246219487488	-0.000503545083891341	38.6005467452347	0.999789272088889
26.875	24.5	0.998333251816824	0.800237611552104	-0.000485648385820558	38.4005255188974	0.999816657699851
27.125	24.5	0.998552521182331	0.800229109720067	-0.000468532751230156	38.2005012982163	0.999840777330056
27.375	24.5	0.998745183732939	0.800220739222512	-0.000452163382560155	38.0004746714014	0.999861970210623
27.625	24.5	0.998914077497469	0.800212520798936	-0.000436507209031826	37.8004461558122	0.999880548524722
27.875	24.5	0.999061802212043	0.800204471299962	-0.000421532705056944	37.6004162043429	0.999896798243325
28.125	24.5	0.999190728909044	0.800196604210473	-0.000407209742912778	37.4003852114745	0.999910980179995
28.375	24.5	0.999303010991096	0.800188930104939	-0.000393509473837072	37.200353518976	0.999923331209021
28.625	24.5	0.999400596354823	0.800181457043379	-0.000380404232411734	37.0003214212414	0.999934065599031
28.875	24.5	0.999485240192993	0.800174190916472	-0.000367867459808683	36.8002891702581	0.999943376421229
29.125	24.5	0.999558518160551	0.800167135746527	-0.00035587364215164	36.6002569802084	0.999951436997661
29.375	24.5	0.999621839641346	0.80016029395003	-0.000344398260764733	36.4002250317071	0.999958402360548
29.625	24.5	0.999676460897987	0.800153666567132	-0.000333417751643578	36.200193475687	0.999964410698779
29.875	24.5	0.999723497928025	0.800147253462172	-0.000322909472001989	36.0001624369432	0.999969584772083
30.125	24.5	0.999763938885923	0.800141053499062	-0.000312851671892675	35.8001320173521	0.999974033277451
30.375	24.5	0.999798655962435	0.800135064694711	-0.000303223469549126	35.6001022987806	0.999977852155868
30.625	24.5	0.999828416641068	0.800129284353339	-0.000294004829192212	35.4000733457055	0.999981125830517
30.875	24.5	0.999853894276	0.800123709184217	-0.000285176540392297	35.2000452075602	0.99998392837036
31.125	24.5	0.999875677957032	0.800118335404254	-0.000276720198200711	35.0000179208288	0.999986324575273
31.375	24.5	0.999894281645071	0.800113158828191	-0.000268618183629338	34.7999915109074	0.999988370980958
31.625	24.5	0.999910152576943	0.800108174947323	-0.000260853643957896	34.5999659937515	0.999990116783464
31.875	24.5	0.999923678950555	0.800103378998036	-0.000253410472726064	34.3999413773272	0.999991604684561
32.125	24.5	0.999935196911647	0.800098766021785	-0.000246273289235008	34.1999176628859	0.999992871660281
32.375	24.5	0.999944996870967	0.800094330917276	-0.000239427417434315	33.9998948460785	0.999993949655806
32.625	24.5	0.999953329186503	0.80009006848575	-0.000232858864265493	33.7998729179256	0.999994866210515
32.875	24.5	0.999960409249662	0.800085973470041	-0.000226554297479991	33.5998518656589	0.999995645017463
33.125	24.5	0.999966422016621	0.800082040588662	-0.000220501022934889	33.3998316734481	0.999996306421828
33.375	24.5	0.999971526027541	0.800078264564807	-0.00021468696168921	33.1998123230258	0.999996867863029
33.625	24.5	0.999975856956497	0.800074640151018	-0.000209100626704121	32.9997937942226	0.999997344265215
33.875	24.5	0.999979530734384	0.800071162150763	-0.000203731099531797	32.7997760654238	0.999997748380782
34.125	24.5	0.999982646285721	0.800067825435883	-0.00019856800704302	32.5997591139566	0.999998091091429
34.375	24.5	0.999985287918537	0.800064624961871	-0.000193601498192662	32.3997429164168	0.999998381671039
34.625	24.5	0.999987527404157	0.800061555779982	-0.000188822221144398	32.1997274489435	0.999998628014457
34.875	24.5	0.99998942578139	0.800058613047535	-0.000184221300679008	31.9997126874483	0.999998836835953
35.125	24.5	0.999991034916976	0.800055792035996	-0.000179790316078196	31.7996986078055	0.999999013840867
35.375	24.5	0.999992398851397	0.800053088137266	-0.000175521279535084	31.5996851860087	0.999999163873654
35.625	24.5	0.999993554956641	0.80005049686861	-0.000171406615132793	31.3996723982981	0.999999291045231
35.875	24.5	0.999994534929736	0.800048013876085	-0.000167439138502301	31.1996602212639	0.999999398842271
36.125	24.5	0.999995365643542	0.800045634936961	-0.000163612037138721	30.9996486319285	0.99999949022079
36.375	24.5	0.999996069873831	0.800043355960957	-0.000159918851460301	30.7996376078108	0.999999567686121
36.625	24.5	0.999996666919548	0.800041172990768	-0.000156353456590088	30.5996271269762	0.99999963336115
36.875	24.5	0.999997173131102	0.80003908220174	-0.000152910044916521	30.3996171680731	0.999999689044421
37.125	24.5	0.999997602359677	0.800037079900996	-0.000149583109397572	30.1996077103595	0.999999736259564
37.375	24.5	0.999997966338962	0.800035162525924	-0.000146367427628077	29.9995987337207	0.999999776297286
37.625	24.5	0.999998275009066	0.800033326642299	-0.000143258046643581	29.7995902186799	0.999999810250997
37.875	24.5	0.999998536791195	0.800031568941985	-0.000140250268481399	29.5995821464021	0.999999839047031
38.125	24.5	0.999998758820401	0.800029886240384	-0.000137339636461747	29.3995744986937	0.999999863470244
38.375	24.5	0.999998947142679	0.800028275473547	-0.000134521922138738	29.1995672579982	0.999999884185695
38.625	24.5	0.999999106881852	0.800026733695162	-0.000131793112953836	28.999560407388	0.999999901757004
38.875	24.5	0.99999924238081	0.800025258073396	-0.000129149400539883	28.7995539305542	0.999999916661889
39.125	24.5	0.999999357321021	0.800023845887522	-0.00012658716963592	28.5995478117941	0.999999929305312
39.375	24.5	0.999999454823681	0.800022494524704	-0.000124102987619514	28.399542035997	0.999999940030605
39.625	24.5	0.999999537535314	0.800021201476389	-0.000121693594580753	28.1995365886295	0.999999949128885
39.875	24.5	0.999999607700213	0.80001996433502	-0.000119355893995262	27.9995314557186	0.999999956847023
40.125	24.5	0.999999667221771	0.800018780790546	-0.000117086943855077	27.7995266238358	0.999999963394395
40.375	24.5	0.999999717714397	0.80001764862699	-0.000114883948324256	27.5995220800796	0.999999968948584
40.625	24.5	0.999999760547501	0.800016565719087	-0.000112744249860229	27.3995178120583	0.999999973660225
40.875	24.5	0.999999796882737	0.800015530028947	-0.000110665321769869	27.1995138078729	0.999999977657101
41.125	24.5	0.999999827705571	0.800014539602805	-0.000108644761176327	26.9995100560994	0.999999981047613
41.375	24.5	0.999999853852026	0.800013592567763	-0.000106680282405344	26.7995065457723	0.999999983923723
41.625	24.5	0.999999876031361	0.800012687128689	-0.000104769710704063	26.5995032663675	0.99999998636345
41.875	24.5	0.999999894845303	0.800011821565164	-0.000102910976354297	26.3995002077856	0.999999988432983
42.125	24.5	0.999999910804346	0.800010994228519	-0.000101102109082226	26.1994973603363	0.999999990188478
42.375	24.5	0.999999924341576	0.800010203538901	-9.93412328029177e-05	25.9994947147221	0.999999991677573
42.625	24.5	0.999999935824418	0.800009447982569	-9.76265606458287e-05	25.7994922620236	0.999999992940686
42.875	24.5	0.99999994556457	0.800008726109104	-9.59563902727543e-05	25.5994899936841	0.999999994012103
43.125	24.5	0.999999953826463	0.800008036528858	-9.43290994279376e-05	25.3994879014954	0.999999994920911
43.375	24.5	0.999999960834421	0.80000737791042	-9.27431417786097e-05	25.1994859775841	0.999999995691786
43.625	24.5	0.999999966778733	0.800006748978121	-9.11970429434728e-05	24.999484214398	0.999999996345661
43.875	24.5	0.999999971820826	0.800006148509858	-8.96893967694239e-05	24.7994826046931	0.999999996900291
44.125	24.5	0.999999976097627	0.800005575334651	-8.82188617971771e-05	24.599481141521	0.999999997370739
44.375	24.5	0.999999979725293	0.800005028330587	-8.6784157936414e-05	24.3994798182173	0.999999997769782
44.625	24.5	0.99999998280235	0.800004506422741	-8.5384063296294e-05	24.1994786283895	0.999999998108258
44.875	24.5	0.99999998541237	0.80000400858114	-8.40174112357473e-05	23.9994775659061	0.999999998395361
45.125	24.5	0.99999998762624	0.800003533818866	-8.2683087509032e-05	23.7994766248861	0.999999998638886
45.375	24.5	0.999999989504094	0.800003081190226	-8.13800276461596e-05	23.5994757996883	0.99999999884545
45.625	24.5	0.999999991096932	0.800002649788964	-8.01072143867791e-05	23.3994750849019	0.999999999020663
45.875	24.5	0.999999992448017	0.800002238746624	-7.88636753369852e-05	23.1994744753366	0.999999999169282
46.125	24.5	0.99999999359404	0.800001847230854	-7.76484806859484e-05	22.9994739660138	0.999999999295344
46.375	24.5	0.999999994566127	0.800001474443934	-7.64607410939596e-05	22.7994735521579	0.999999999402274
46.625	24.5	0.999999995390678	0.800001119621259	-7.52996056531035e-05	22.5994732291878	0.999999999492975
46.875	24.5	0.999999996090087	0.800000782029935	-7.41642599877628e-05	22.399472992709	0.99999999956991
47.125	24.5	0.999999996683347	0.800000460967376	-7.30539244393165e-05	22.1994728385058	0.999999999635168
47.375	24.5	0.999999997186569	0.800000155760093	-7.19678523533567e-05	21.9994727625342	0.999999999690523
47.625	24.5	0.999999997613415	0.79999986576236	-7.09053284605254e-05	21.7994727609146	0.999999999737476
47.875	24.5	0.999999997975481	0.79999959035512	-6.9865667324728e-05	21.5994728299252	0.999999999777303
48.125	24.5	0.999999998282595	0.799999328944733	-6.88482118987734e-05	21.3994729659954	0.999999999811085
48.375	24.5	0.999999998543099	0.799999080962027	-6.78523321492095e-05	21.1994731656998	0.999999999839741
48.625	24.5	0.999999998764069	0.799998845861167	-6.68774237336023e-05	20.9994734257521	0.999999999864048
48.875	24.5	0.999999998951504	0.799998623118688	-6.59229067636333e-05	20.7994737429994	0.999999999884665
49.125	24.5	0.99999999911049	0.799998412232549	-6.49882246449854e-05	20.5994741144169	0.999999999902154
49.375	24.5	0.999999999245347	0.799998212721264	-6.40728429390521e-05	20.3994745371025	0.999999999916988
49.625	24.5	0.999999999359737	0.799998024122983	-6.31762483322832e-05	20.199475008272	0.999999999929571
49.875	24.5	0.999999999456767	0.799997845994707	-6.22979476162522e-05	19.9994755252541	0.999999999940244
50.125	24.5	0.999999999539072	0.799997677911461	-6.14374667467203e-05	19.7994760854858	0.999999999949298
50.375	24.5	0.999999999608886	0.799997519465628	-6.05943499455634e-05	19.5994766865082	0.999999999956977
50.625	24.5	0.999999999668102	0.799997370266089	-5.97681588308412e-05	19.3994773259621	0.999999999963491
50.875	24.5	0.999999999718331	0.799997229937666	-5.89584716320376e-05	19.1994780015841	0.999999999969016
51.125	24.5	0.999999999760939	0.799997098120409	-5.81648824054996e-05	18.9994787112024	0.999999999973703
51.375	24.5	0.999999999797079	0.799996974468985	-5.73870003025857e-05	18.7994794527336	0.999999999977679
51.625	24.5	0.999999999827734	0.799996858652028	-5.66244488889e-05	18.5994802241786	0.999999999981051
51.875	24.5	0.999999999853737	0.799996750351678	-5.5876865486286e-05	18.3994810236195	0.999999999983911
52.125	24.5	0.999999999875794	0.799996649262937	-5.51439005439535e-05	18.199481849216	0.999999999986337
52.375	24.5	0.999999999894503	0.799996555093178	-5.44252170563221e-05	17.9994826992029	0.999999999988395
52.625	24.5	0.999999999910374	0.799996467561665	-5.37204899954478e-05	17.7994835718861	0.999999999990141
52.875	24.5	0.999999999923833	0.799996386399038	-5.3029405790245e-05	17.5994844656406	0.999999999991622
53.125	24.5	0.99999999993525	0.799996311346931	-5.23516618045436e-05	17.3994853789072	0.999999999992877
53.375	24.5	0.999999999944935	0.79999624215745	-5.16869658934669e-05	17.19948631019	0.999999999993943
53.625	24.5	0.999999999953152	0.799996178592848	-5.10350359057764e-05	16.9994872580536	0.999999999994847
53.875	24.5	0.99999999996012	0.799996120425044	-5.0395599286751e-05	16.7994882211211	0.999999999995613
54.125	24.5	0.99999999996603	0.79999606743531	-4.97683926642185e-05	16.5994891980711	0.999999999996263
54.375	24.5	0.999999999971044	0.799996019413883	-4.91531614561725e-05	16.399490187636	0.999999999996815
54.625	24.5	0.999999999975297	0.799995976159643	-4.85496595045748e-05	16.1994911885994	0.999999999997283
54.875	24.5	0.999999999978902	0.79999593747974	-4.79576487430121e-05	15.9994921997941	0.999999999997679
55.125	24.5	0.999999999981962	0.799995903189324	-4.73768988456755e-05	15.7994932201002	0.999999999998016
55.375	24.5	0.999999999984557	0.799995873111222	-4.68071869415484e-05	15.5994942484429	0.999999999998301
55.625	24.5	0.999999999986759	0.799995847075676	-4.62482973037064e-05	15.3994952837909	0.999999999998543
55.875	24.5	0.999999999988626	0.79999582492002	-4.57000210756276e-05	15.1994963251543	0.999999999998749
56.125	24.5	0.99999999999021	0.799995806488479	-4.5162156012873e-05	14.999497371583	0.999999999998923
56.375	24.5	0.999999999991554	0.799995791631866	-4.46345062284122e-05	14.7994984221652	0.999999999999071
56.625	24.5	0.999999999992693	0.799995780207376	-4.4116881967057e-05	14.5994994760253	0.999999999999196
56.875	24.5	0.99999999999366	0.799995772078327	-4.36090993750895e-05	14.3995005323228	0.999999999999303
57.125	24.5	0.99999999999448	0.799995767113971	-4.31109802969098e-05	14.1995015902505	0.999999999999393
57.375	24.5	0.999999999995174	0.79999576518926	-4.2622352082836e-05	13.9995026490333	0.999999999999469
57.625	24.5	0.999999999995765	0.799995766184646	-4.21430473972954e-05	13.7995037079266	0.999999999999534
57.875	24.5	0.999999999996266	0.799995769985902	-4.1672904048222e-05	13.599504766215	0.999999999999589
58.125	24.5	0.99999999999669	0.79999577648391	-4.12117648297166e-05	13.399505823211	0.999999999999636
58.375	24.5	0.99999999999705	0.799995785574503	-4.07594773628771e-05	13.1995068782536	0.999999999999675
58.625	24.5	0.999999999997354	0.799995797158273	-4.03158939544235e-05	12.9995079307076	0.999999999999709
58.875	24.5	0.999999999997613	0.799995811140408	-3.98808714677889e-05	12.7995089799618	0.999999999999737
59.125	24.5	0.999999999997833	0.79999582743056	-3.94542711896399e-05	12.5995100254282	0.999999999999762
59.375	24.5	0.999999999998019	0.799995845942634	-3.90359587255487e-05	12.3995110665408	0.999999999999782
59.625	24.5	0.999999999998177	0.799995866594658	-3.86258038843613e-05	12.1995121027546	0.999999999999799
59.875	24.5	0.99999999999831	0.799995889308676	-3.82236805766684e-05	11.9995131335446	0.999999999999814
60.125	24.5	0.999999999998424	0.799995914010535	-3.78294667245509e-05	11.799514158405	0.999999999999827
60.375	24.5	0.99999999999852	0.799995940629785	-3.74430441786033e-05	11.5995151768478	0.999999999999837
60.625	24.5	0.999999999998601	0.799995969099541	-3.70642986322707e-05	11.3995161884021	0.999999999999846
60.875	24.5	0.999999999998668	0.799995999356342	-3.66931195482086e-05	11.1995171926137	0.999999999999853
61.125	24.5	0.999999999998725	0.799996031339998	-3.63294000953333e-05	10.9995181890434	0.99999999999986
61.375	24.5	0.999999999998773	0.799996064993498	-3.59730370818387e-05	10.7995191772668	0.999999999999865
61.625	24.5	0.999999999998816	0.799996100262859	-3.562393089542e-05	10.5995201568736	0.99999999999987
61.875	24.5	0.999999999998852	0.799996137096988	-3.52819854565939e-05	10.3995211274661	0.999999999999874
62.125	24.5	0.999999999998883	0.799996175447569	-3.49471081609454e-05	10.1995220886597	0.999999999999877
62.375	24.5	0.999999999998909	0.799996215268946	-3.4619209839254e-05	9.99952304008084	0.99999999999988
62.625	24.5	0.999999999998929	0.799996256517984	-3.42982047094382e-05	9.79952398136757	0.999999999999882
62.875	24.5	0.999999999998938	0.799996299153925	-3.39840103420588e-05	9.5995249121682	0.999999999999883
63.125	24.5	0.999999999998934	0.799996343138316	-3.36765476156279e-05	9.39952583214095	0.999999999999883
63.375	24.5	0.999999999998915	0.799996388434815	-3.33757406853037e-05	9.19952674095341	0.999999999999881
63.625	24.5	0.999999999998889	0.799996435009117	-3.30815169452798e-05	8.99952763828198	0.999999999999878
63.875	24.5	0.999999999998872	0.799996482828826	-3.27938069960507e-05	8.79952852381138	0.999999999999876
64.125	24.5	0.999999999998888	0.799996531863263	-3.25125446084187e-05	8.59952939723423	0.999999999999878
64.375	24.5	0.999999999998967	0.799996582083443	-3.22376666900545e-05	8.39953025825058	0.999999999999886
64.625	24.5	0.999999999999126	0.799996633461847	-3.19691132502771e-05	8.19953110656754	0.999999999999904
64.875	24.5	0.999999999999351	0.799996685972351	-3.17068273666657e-05	7.99953194189891	0.999999999999929
65.125	24.5	0.999999999999573	0.799996739590086	-3.14507551408012e-05	7.79953276396488	0.999999999999953
65.375	24.5	0.999999999999654	0.799996794291298	-3.12008456646114e-05	7.59953357249168	0.999999999999962
65.625	24.5	0.999999999999402	0.799996850053213	-3.09570509739485e-05	7.39953436721138	0.999999999999934
65.875	24.5	0.999999999998635	0.79999690685395	-3.07193260024756e-05	7.19953514786161	0.99999999999985
66.125	24.5	0.999999999997295	0.799996964672314	-3.04876285369424e-05	6.99953591418538	0.999999999999702
66.375	24.5	0.999999999995598	0.799997023487752	-3.02619191590261e-05	6.79953666593093	0.999999999999516
66.625	24.5	0.999999999994181	0.799997083280148	-3.00421611896022e-05	6.59953740285153	0.99999999999936
66.875	24.5	0.999999999994131	0.799997144029751	-2.98283206293057e-05	6.39953812470544	0.999999999999355
67.125	24.5	0.999999999996798	0.799997205717005	-2.96203660889161e-05	6.19953883125579	0.999999999999648
67.375	24.5	1.00000000000328	0.799997268322452	-2.94182687217992e-05	5.99953952227053	1.00000000000036
67.625	24.5	1.00000000001357	0.799997331826602	-2.92220021422624e-05	5.79954019752246	1.00000000000149
67.875	24.5	1.0000000000255	0.799997396209837	-2.90315423442321e-05	5.59954085678931	1.00000000000281
68.125	24.5	1.00000000003395	0.799997461452293	-2.88468676052251e-05	5.39954149985376	1.00000000000373
68.375	24.5	1.00000000003085	0.799997527533788	-2.8667958391854e-05	5.1995421265037	1.00000000000339
68.625	24.5	1.00000000000701	0.799997594433727	-2.84947972505011e-05	4.99954273653227	1.00000000000077
68.875	24.5	0.999999999956139	0.799997662130999	-2.83273687005961e-05	4.79954332973804	0.999999999995175
69.125	24.5	0.999999999881279	0.799997730603852	-2.81656591360121e-05	4.59954390592499	0.999999999986941
69.375	24.5	0.999999999801993	0.799997799829749	-2.80096567354063e-05	4.39954446490244	0.999999999978219
69.625	24.5	0.99999999975918	0.799997869785162	-2.78593513870481e-05	4.19954500648476	0.99999999997351
69.875	24.5	0.99999999981206	0.799997940445363	-2.77147346245609e-05	3.99954553049125	0.999999999979327
70.125	24.5	1.00000000002126	0.799998011784294	-2.75757995299858e-05	3.79954603674603	1.00000000000234
70.375	24.5	1.00000000041375	0.799998083774557	-2.74425405703851e-05	3.59954652507875	1.00000000004551
70.625	24.5	1.0000000009322	0.799998156387701	-2.73149532915237e-05	3.39954699532608	1.00000000010254
70.875	24.5	1.00000000138408	0.799998229594925	-2.71930338319332e-05	3.19954744733437	1.00000000015225
71.125	24.5	1.00000000142272	0.799998303368078	-2.70767783034279e-05	2.99954788096318	1.0000000001565
71.375	24.5	1.00000000060828	0.799998377680728	-2.69661822277512e-05	2.7995482960882	1.00000000006691
71.625	24.5	0.999999998597296	0.799998452508569	-2.68612404390143e-05	2.59954869260153	0.999999999845703
71.875	24.5	0.999999995479301	0.799998527828053	-2.67619480054073e-05	2.39954907040615	0.999999999502723
72.125	24.5	0.999999992199059	0.799998603612198	-2.6668302677117e-05	2.19954942940199	0.999999999141896
72.375	24.5	0.99999999087154	0.799998679822975	-2.65803088538676e-05	1.99954976946394	0.999999998995869
72.625	24.5	0.999999994642553	0.799998756401675	-2.64979819152159e-05	1.79955009041789	0.999999999410681
72.875	24.5	1.00000000665355	0.799998833261603	-2.6421350050729e-05	1.59955039202967	1.00000000073189
73.125	24.5	1.00000002777475	0.799998910291221	-2.63504489637757e-05	1.39955067403028	1.00000000305522
73.375	24.5	1.00000005324551	0.799998987378283	-2.62853043391228e-05	1.19955093620304	1.00000000585701
73.625	24.5	1.00000006931519	0.799999064463252	-2.62258995978896e-05	0.999551178544541	1.00000000762467
73.875	24.5	1.00000005231223	0.799999141619416	-2.61721342505413e-05	0.799551401472885	1.00000000575435
74.125	24.5	0.999999973784728	0.799999219134485	-2.61237916775442e-05	0.599551605989577	0.99999999711632
74.375	24.5	0.999999815427521	0.799999297554833	-2.6080551687242e-05	0.39955179362074	0.999999979697027
74.625	24.5	0.999999594981467	0.799999442434598	-2.60420965737563e-05	0.199551965900101	0.999999955447961
74.875	24.5	0.99999939779833	0.399999269046043	-2.60149756411003e-05	-0.000447909276849382	0.999999933757816
0.125	25.5	2.51053788228451e-07	0.400012014274074	0.000868743839904612	58.594175073139	0.890000027615917
0.375	25.5	-4.29318013307256e-06	0.800036308987967	0.000870117893222697	58.4161697212639	0.889999527750185
0.625	25.5	-1.43043938371711e-05	0.800060661217259	0.000872878528919385	58.2381591045483	0.889998426516678
0.875	25.5	-3.04940657059955e-05	0.800085050535959	0.000877056673157313	58.0601433564639	0.889996645652772
1.125	25.5	-5.2527394411779e-05	0.800109537945442	0.000882693060477044	57.8821225989424	0.889994221986615
1.375	25.5	-7.82325126615553e-05	0.80013415302641	0.000889837630391811	57.7040969236013	0.889991394423607
1.625	25.5	-0.000102850302086276	0.800158919790298	0.000898547180814038	57.526066343655	0.889988686466771
1.875	25.5	-0.000118389752586376	0.800183853814788	0.000908882370412001	57.3480307306088	0.889986977127215
2.125	25.5	-0.000113179357980924	0.800208959416647	0.000920904305005154	57.1699897390558	0.889987550270622
2.375	25.5	-7.17033683055722e-05	0.800234227350172	0.000934671030288322	56.9919427248633	0.889992112629486
2.625	25.5	2.52099044189084e-05	0.80025963337524	0.000950234326852451	56.8138886637597	0.890002773089486
2.875	25.5	0.000199816513900723	0.800285137882954	0.000967637242693375	56.6358260784186	0.890021979816529
3.125	25.5	0.000476514998046167	0.800310686588849	0.000986912793140496	56.4577529823449	0.890052416649785
3.375	25.5	0.000880592603990794	0.800336212128479	0.00100808420628345	56.2796668480877	0.890096865186439
3.625	25.5	0.00143675794056163	0.8003616362403	0.00103116700137894	56.1015646055934	0.890158043373462
3.875	25.5	0.00216758697017654	0.800386872119045	0.00105617307013353	55.9234426740385	0.890238434566719
4.125	25.5	0.00309202269754498	0.800411826479504	0.00108311680251455	55.7452970275564	0.89034012249673
4.375	25.5	0.00422406575855382	0.800436400888633	0.00111202317539809	55.5671232922255	0.890464647233441
4.625	25.5	0.00557177429266089	0.800460491993564	0.00114293761584169	55.3889168688864	0.890612895172193
4.875	25.5	0.00713665997065738	0.800483990380819	0.00117593736711944	55.2106730741082	0.890785032596772
5.125	25.5	0.00891352730931832	0.800506777934046	0.00121114402364423	55.0323872901598	0.890980488004025
5.375	25.5	0.0108907607554365	0.800528723696811	0.00124873685275652	54.854055114287	0.891197983683098
5.625	25.5	0.0130510240097345	0.800549678377128	0.00128896647331594	54.6756724979465	0.891435612641071
5.875	25.5	0.0153723038416135	0.800569467743768	0.00133216839801049	54.4972358677967	0.891690953422578
6.125	25.5	0.01782921038244	0.800587885241193	0.00137877585424684	54.3187422219666	0.891961213142068
6.375	25.5	0.0203944401857929	0.800604684190145	0.0014293311696344	54.1401891971305	0.892243388420437
6.625	25.5	0.0230403178042238	0.800619569938238	0.00148449484227631	53.9615751038705	0.892534434958465
6.875	25.5	0.0257403546077509	0.80063219228789	0.00154505122382686	53.7828989294025	0.892831439006853
7.125	25.5	0.028470796283117	0.800642138470213	0.00161190954253991	53.6041603077007	0.893131787591143
7.375	25.5	0.0312121675258286	0.800648926876684	0.00168609880615655	53.4253594572345	0.893433338427841
7.625	25.5	0.0339508578188964	0.800652001727392	0.00176875496957332	53.2464970858853	0.893734594360079
7.875	25.5	0.0366808203801481	0.800650728869721	0.00186109863364633	53.0675742612497	0.894034890241816
8.125	25.5	0.0394054736970858	0.800644392977206	0.0019644014399071	52.888592242641	0.894334602106679
8.375	25.5	0.0421399008554645	0.800632196553408	0.0020799391834276	52.7095522689482	0.894635389094101
8.625	25.5	0.0449134390103239	0.800613261323487	0.00220892937962518	52.5304552943085	0.894940478291136
8.875	25.5	0.0477727462857343	0.800586632768675	0.00235245043845476	52.3513016614508	0.895255002091431
9.125	25.5	0.0507854351108589	0.800551288664416	0.0025113385306255	52.1720907005221	0.895586397862195
9.375	25.5	0.0540443789812989	0.80050615242	0.00268605647540713	51.9928202390021	0.895944881687943
9.625	25.5	0.0576728405132621	0.800450111665083	0.00287652639518459	51.813486005523	0.896344012456459
9.875	25.5	0.0618306313041595	0.800382041722632	0.00308191450216817	51.6340809065829	0.896801369443458
10.125	25.5	0.0667215824554711	0.800300832150591	0.00330035263353574	51.4545941499872	0.897339374070102
10.375	25.5	0.0726026371737797	0.800205412221963	0.00352857821424249	51.2750101827	0.897986290089116
10.625	25.5	0.0797947918378979	0.800094767925783	0.00376147471277612	51.0953074052842	0.898777427102169
10.875	25.5	0.0886957678622691	0.79996793906323	0.00399150301178871	50.9154566242354	0.89975653446485
11.125	25.5	0.0997934739214134	0.799823981582694	0.00420803810676397	50.7354192150297	0.900977282131356
11.375	25.5	0.113677719325289	0.799661881017775	0.00439667611770483	50.5551450056935	0.902504549125782
11.625	25.5	0.131044955971505	0.799480415524874	0.00453866588486309	50.3745699723525	0.904414945156865
11.875	25.5	0.152686961416193	0.799278004851614	0.00461075286152768	50.1936139876265	0.906795565755781
12.125	25.5	0.179449949921179	0.799052660335461	0.00458588128505943	50.0121790970635	0.90973949449133
12.375	25.5	0.212147791457379	0.798802272417715	0.00443531076650144	49.8301491059978	0.913336257060312
12.625	25.5	0.251416384894574	0.798525584326169	0.00413261562241246	49.6473915582671	0.917655802338403
12.875	25.5	0.297512148725851	0.798224149060851	0.00365955406639656	49.4637632881261	0.922726336359844
13.125	25.5	0.350089933725518	0.797905118479842	0.00301283317230026	49.2791203359536	0.928509892709807
13.375	25.5	0.4080366207607	0.797583797908917	0.00220963965314267	49.0933318901652	0.934884028283677
13.625	25.5	0.46945913704158	0.797284033346516	0.00128923415930337	48.906296159028	0.941640505074574
13.875	25.5	0.531893628319154	0.79703479371848	0.000308769487273518	48.7179544202574	0.948508299115107
14.125	25.5	0.592708153506656	0.796863361266308	-0.000666190021262978	48.5282991007823	0.955197896885732
14.375	25.5	0.649565938726766	0.796788057077702	-0.00157346455505615	48.3373733168817	0.961452253259944
14.625	25.5	0.700780620027824	0.796814022308965	-0.00236437382371261	48.1452622643768	0.967085868203061
14.875	25.5	0.745458897615191	0.796933576665499	-0.00300926639737857	47.9520795266204	0.972000478737671
15.125	25.5	0.783435783204217	0.797130011537506	-0.00349783701055378	47.7579523553762	0.976177936152464
15.375	25.5	0.815084663055482	0.79738246650593	-0.00383557839123915	47.5630091618871	0.979659312936103
15.625	25.5	0.841096949838421	0.797670025601142	-0.004038506360292	47.3673707757553	0.982520664482226
15.875	25.5	0.862295175658085	0.797974287405774	-0.00412799237635131	47.1711455201135	0.984852469322389
16.125	25.5	0.879504128601321	0.79828050608444	-0.00412673556373928	46.9744273020741	0.986745454146145
16.375	25.5	0.893477568884402	0.79857774320319	-0.00405615335283583	46.7772956898804	0.988282532577284
16.625	25.5	0.904866376457628	0.798858476651426	-0.00393501013685322	46.5798170848414	0.989535301410339
16.875	25.5	0.914212646179505	0.79911799005316	-0.00377893061993836	46.3820463581658	0.990563391079746
17.125	25.5	0.921957501705405	0.79935373446698	-0.00360045122551329	46.1840285718161	0.991415325187595
17.375	25.5	0.928454568553184	0.799564756703645	-0.00340934476067275	45.9858005868926	0.99213000254085
17.625	25.5	0.933984510210173	0.799751228563528	-0.00321304590036095	45.7873924797916	0.992738296123119
17.875	25.5	0.938768399228521	0.799914079258308	-0.0030170798234564	45.5888287509353	0.993264523915137
18.125	25.5	0.942979109631165	0.800054718843388	-0.00282544728146466	45.3901293412642	0.993727702059428
18.375	25.5	0.946750658519977	0.800174835885677	-0.00264094993670753	45.1913104823231	0.994142572437198
18.625	25.5	0.950185749267538	0.800276252868749	-0.00246545594165581	44.9923854064181	0.994520432419429
18.875	25.5	0.953361861553241	0.800360825142787	-0.00230011285980602	44.7933649398218	0.994869804770856
19.125	25.5	0.956336213572267	0.8004303720596	-0.00214551710813681	44.5942579975182	0.995196983492949
19.375	25.5	0.959149858314548	0.800486631593851	-0.00200184868853356	44.3950719939655	0.9955064844146
19.625	25.5	0.961831105613257	0.800531231965906	-0.00186897857205451	44.1958131813278	0.995801421617458
19.875	25.5	0.964398401596375	0.800565675508969	-0.0017465545056138	43.9964869245746	0.996083824175601
20.125	25.5	0.966862752861935	0.80059133130887	-0.00163406959496262	43.7970979215755	0.996354902814813
20.375	25.5	0.969229753859674	0.800609434079023	-0.00153091690975637	43.5976503755548	0.996615272924564
20.625	25.5	0.971501259666821	0.800621087398527	-0.00143643255718504	43.3981481267811	0.99686513856335
20.875	25.5	0.973676738876108	0.800627269918348	-0.00134992912793213	43.1985947499731	0.997104441276372
21.125	25.5	0.975754339178116	0.800628843483521	-0.00127072106312991	42.9989936234918	0.997332977309593
21.375	25.5	0.977731698623159	0.800626562374712	-0.00119814325883458	42.7993479759098	0.997550486848548
21.625	25.5	0.979606536533813	0.800621083065608	-0.00113156406474028	42.5996609149843	0.997756719018719
21.875	25.5	0.981377058437318	0.800612974047615	-0.00107039370995664	42.3999354434348	0.997951476428105
22.125	25.5	0.98304220866234	0.800602725394095	-0.00101408907891657	42.200174465269	0.998134642952857
22.375	25.5	0.984601802313827	0.800590757837078	-0.00096215565390567	42.0003807857401	0.998306198254521
22.625	25.5	0.986056565396907	0.800577431209871	-0.000914147332868588	41.8005571073969	0.99846622219366
22.875	25.5	0.987408108231829	0.800563052171449	-0.000869664723876514	41.6007060241188	0.998614891905501
23.125	25.5	0.988658853340992	0.80054788117936	-0.000828352412968704	41.4008300145291	0.998752473867509
23.375	25.5	0.989811935012527	0.800532138713032	-0.00078989560366315	41.2009314357667	0.998879312851378
23.625	25.5	0.990871083997813	0.800516010776578	-0.000754016437553309	41.0010125182496	0.998995819239759
23.875	25.5	0.991840507446663	0.80049965372631	-0.000720470227260222	40.8010753618042	0.999102455819133
24.125	25.5	0.992724771313084	0.800483198479376	-0.000689041767170564	40.6011219333277	0.999199724844439
24.375	25.5	0.993528690103595	0.800466754163544	-0.000659541833711706	40.4011540660113	0.999288155911395
24.625	25.5	0.994257226971411	0.800450411269641	-0.000631803944106649	40.2011734600488	0.999368294966855
24.875	25.5	0.99491540573669	0.800434244366585	-0.000605681410407047	40.0011816846932	0.999440694631036
25.125	25.5	0.995508235372724	0.800418314433186	-0.000581044701656892	39.8011801814912	0.999505905891
25.375	25.5	0.996040646772869	0.800402670859182	-0.000557779110382747	39.6011702685046	0.999564471145016
25.625	25.5	0.996517441137414	0.800387353159577	-0.000535782708780376	39.4011531453326	0.999616918525115
25.875	25.5	0.996943249033758	0.800372392443197	-0.000514964573029013	39.201129898751	0.999663757393713
26.125	25.5	0.997322499036917	0.800357812671075	-0.000495243251044205	39.0011015088035	0.999705474894061
26.375	25.5	0.997659394808529	0.800343631733778	-0.000476545447398473	38.8010688551938	0.999742533428938
26.625	25.5	0.997957899489238	0.800329862375163	-0.000458804900072798	38.601032723846	0.999775368943816
26.875	25.5	0.998221726336936	0.800316512984387	-0.000441961424335124	38.4009938135221	0.999804389897063
27.125	25.5	0.998454334624047	0.800303588275348	-0.000425960101597426	38.200952742397	0.999829976808645
27.375	25.5	0.998658929898734	0.800291089869886	-0.000410750592796229	38.0009100545155	0.999852482288861
27.625	25.5	0.99883846780959	0.800279016798549	-0.000396286558371001	37.8008662260636	0.999872231459055
27.875	25.5	0.998995660785463	0.800267365931012	-0.000382525168852998	37.6008216714047	0.999889522686401
28.125	25.5	0.999132986949354	0.800256132345449	-0.000369426692320744	37.4007767488405	0.999904628564429
28.375	25.5	0.999252700726	0.800245309646576	-0.0003569541466112	37.2007317660688	0.99991779707986
28.625	25.5	0.999356844676341	0.80023489023808	-0.000345073006066082	37.0006869853173	0.999929252914397
28.875	25.5	0.999447262158852	0.800224865557397	-0.000333750953892245	36.8006426281429	0.999939198837474
29.125	25.5	0.99952561047777	0.800215226276524	-0.000322957672602634	36.6005988798904	0.999947817152555
29.375	25.5	0.999593374232354	0.800205962474731	-0.000312664666086	36.4005558938107	0.999955271165559
29.625	25.5	0.999651878629702	0.800197063786086	-0.000302845107919519	36.2005137948452	0.999961706649267
29.875	25.5	0.999702302566868	0.800188519525893	-0.000293473711304625	36.000472683084	0.999967253282355
30.125	25.5	0.999745691326585	0.800180318798369	-0.000284526616774992	35.8004326369097	0.999972026045924
30.375	25.5	0.999782968765023	0.800172450588436	-0.000275981294450057	35.6003937158429	0.999976126564152
30.625	25.5	0.999814948900065	0.800164903839474	-0.00026781645825819	35.4003559631034	0.999979644379007
30.875	25.5	0.999842346834857	0.800157667519205	-0.000260011989822365	35.2003194079058	0.999982658151834
31.125	25.5	0.99986578897412	0.800150730674962	-0.000252548870212139	35.0002840675069	0.999985236787153
31.375	25.5	0.999885822510086	0.800144082479897	-0.000245409118217223	34.8002499490235	0.999987440476109
31.625	25.5	0.999902924171338	0.800137712271453	-0.000238575733778598	34.6002170510395	0.999989321658847
31.875	25.5	0.999917508241335	0.800131609582808	-0.000232032645834541	34.4001853650186	0.999990925906547
32.125	25.5	0.999929933864469	0.800125764168696	-0.000225764663666923	34.2001548765424	0.999992292725092
32.375	25.5	0.999940511665943	0.800120166025639	-0.000219757431233679	34.0001255663895	0.999993456283254
32.625	25.5	0.999949509718555	0.800114805408276	-0.000213997384094196	33.8000974114709	0.999994446069041
32.875	25.5	0.999957158893976	0.800109672841479	-0.000208471708488851	33.6000703856388	0.999995287478337
33.125	25.5	0.999963657639362	0.800104759129122	-0.000203168302393856	33.4000444603804	0.99999600234033
33.375	25.5	0.999969176221877	0.800100055360296	-0.000198075738282127	33.2000196054115	0.999996609384406
33.625	25.5	0.999973860484285	0.800095552912821	-0.000193183227589708	32.999995789181	0.999997124653271
33.875	25.5	0.999977835154454	0.800091243454743	-0.000188480586591191	32.7999729792969	0.99999756186699
34.125	25.5	0.999981206750557	0.800087118943953	-0.000183958203825707	32.5999511428846	0.999997932742561
34.375	25.5	0.999984066122017	0.800083171626438	-0.000179607008868346	32.3999302468854	0.999998247273422
34.625	25.5	0.999986490664271	0.800079394033148	-0.000175418442463252	32.1999102583033	0.99999851397307
34.875	25.5	0.999988546242911	0.800075778975797	-0.000171384428014975	31.9998911444079	0.99999874008672
35.125	25.5	0.999990288860296	0.800072319541802	-0.000167497344365766	31.7998728728987	0.999998931774633
35.375	25.5	0.999991766094928	0.800069009088504	-0.000163749999858368	31.599855412037	0.999999094270442
35.625	25.5	0.999993018341339	0.800065841236731	-0.000160135607672997	31.3998387307497	0.999999232017547
35.875	25.5	0.999994079875471	0.800062809864075	-0.000156647762386585	31.19982279871	0.999999348786302
36.125	25.5	0.99999497976808	0.80005990909758	-0.000153280417733649	30.9998075863977	0.999999447774489
36.375	25.5	0.99999574266622	0.800057133306401	-0.000150027865545539	30.799793065143	0.999999531693284
36.625	25.5	0.999996389460623	0.800054477094071	-0.00014688471583997	30.5997792071566	0.999999602840668
36.875	25.5	0.999996937854682	0.800051935290894	-0.000143845877983621	30.3997659855476	0.999999663164015
37.125	25.5	0.999997402848837	0.80004950294601	-0.000140906542950759	30.1997533743324	0.999999714313372
37.375	25.5	0.999997797152429	0.800047175319771	-0.000138062166577106	29.9997413484354	0.999999757686767
37.625	25.5	0.999998131533462	0.800044947875901	-0.000135308453801316	29.7997298836836	0.999999794468681
37.875	25.5	0.999998415115389	0.800042816273855	-0.000132641343845928	29.5997189567958	0.999999825662693
38.125	25.5	0.999998655628763	0.800040776361369	-0.00013005699626771	29.3997085453676	0.999999852119164
38.375	25.5	0.999998859624459	0.800038824166942	-0.000127551777880939	29.1996986278538	0.999999874558691
38.625	25.5	0.999999032654267	0.800036955892691	-0.000125122250450793	28.9996891835476	0.999999893591969
38.875	25.5	0.999999179423822	0.800035167907253	-0.000122765159168821	28.7996801925582	0.99999990973662
39.125	25.5	0.999999303922042	0.800033456738864	-0.000120477421822764	28.5996716357876	0.999999923431425
39.375	25.5	0.999999409530703	0.800031819068798	-0.000118256118650115	28.3996634949053	0.999999935048377
39.625	25.5	0.999999499117184	0.800030251724783	-0.000116098482821871	28.1996557523238	0.99999994490289
39.875	25.5	0.999999575112979	0.800028751674826	-0.000114001891511065	27.9996483911727	0.999999953262428
40.125	25.5	0.999999639580162	0.800027316021083	-0.000111963857540686	27.7996413952734	0.999999960353818
40.375	25.5	0.99999969426766	0.800025941994134	-0.000109982021531507	27.5996347491136	0.999999966369443
40.625	25.5	0.999999740658929	0.800024626947246	-0.00010805414454035	27.3996284378226	0.999999971472482
40.875	25.5	0.999999780012318	0.800023368351061	-0.00010617810117864	27.1996224471463	0.999999975801355
41.125	25.5	0.999999813395279	0.800022163788362	-0.000104351873131103	26.999616763423	0.999999979473481
41.375	25.5	0.999999841713365	0.800021010949074	-0.000102573543091574	26.7996113735603	0.99999998258847
41.625	25.5	0.999999865734799	0.800019907625468	-0.000100841289068923	26.5996062650119	0.999999985230828
41.875	25.5	0.99999988611132	0.800018851707643	-9.91533790414928e-05	26.3996014257553	0.999999987472245
42.125	25.5	0.999999903395832	0.800017841179031	-9.75081659396999e-05	26.1995968442704	0.999999989373542
42.375	25.5	0.999999918057401	0.800016874112213	-9.59040829320362e-05	25.9995925095189	0.999999990986314
42.625	25.5	0.999999930493964	0.800015948664965	-9.43396389986365e-05	25.7995884109237	0.999999992354336
42.875	25.5	0.999999941043113	0.800015063076242	-9.28134147639692e-05	25.5995845383499	0.999999993514742
43.125	25.5	0.999999949991236	0.800014215662689	-9.13240585984013e-05	25.3995808820862	0.999999994499036
43.375	25.5	0.999999957581279	0.80001340481494	-8.98702829310814e-05	25.1995774328268	0.999999995333941
43.625	25.5	0.99999996401934	0.80001262899437	-8.84508607872137e-05	24.9995741816544	0.999999996042127
43.875	25.5	0.999999969480248	0.800011886729804	-8.70646225363136e-05	24.7995711200234	0.999999996642827
44.125	25.5	0.9999999741123	0.80001117661454	-8.57104528230591e-05	24.5995682397444	0.999999997152353
44.375	25.5	0.999999978041297	0.800010497303309	-8.43872876779853e-05	24.3995655329687	0.999999997584543
44.625	25.5	0.999999981373951	0.800009847509534	-8.30941118087664e-05	24.1995629921738	0.999999997951135
44.875	25.5	0.999999984200774	0.800009226002717	-8.18299560199707e-05	23.9995606101498	0.999999998262085
45.125	25.5	0.999999986598544	0.80000863160577	-8.05938948129862e-05	23.7995583799855	0.99999999852584
45.375	25.5	0.999999988632383	0.800008063192681	-7.93850440932628e-05	23.5995562950559	0.999999998749562
45.625	25.5	0.99999999035753	0.800007519686178	-7.82025590309974e-05	23.3995543490101	0.999999998939328
45.875	25.5	0.99999999182084	0.800007000055564	-7.70456320362851e-05	23.1995525357595	0.999999999100292
46.125	25.5	0.999999993062057	0.800006503314458	-7.59134908290771e-05	22.9995508494662	0.999999999236826
46.375	25.5	0.999999994114888	0.800006028519013	-7.48053966388569e-05	22.799549284533	0.999999999352638
46.625	25.5	0.999999995007928	0.80000557476581	-7.37206425206843e-05	22.5995478355927	0.999999999450872
46.875	25.5	0.999999995765429	0.80000514119015	-7.26585517081296e-05	22.3995464974984	0.999999999534197
47.125	25.5	0.999999996407964	0.800004726964291	-7.16184761096066e-05	22.1995452653142	0.999999999604876
47.375	25.5	0.999999996952982	0.800004331295743	-7.05997948616554e-05	21.9995441343062	0.999999999664828
47.625	25.5	0.99999999741528	0.800003953425759	-6.96019129799135e-05	21.7995430999339	0.999999999715681
47.875	25.5	0.999999997807419	0.800003592627772	-6.8624260062691e-05	21.5995421578423	0.999999999758816
48.125	25.5	0.999999998140041	0.800003248206015	-6.76662890770309e-05	21.3995413038534	0.999999999795405
48.375	25.5	0.999999998422183	0.800002919494087	-6.67274752024317e-05	21.1995405339597	0.99999999982644
48.625	25.5	0.999999998661504	0.800002605853755	-6.58073147484532e-05	20.9995398443162	0.999999999852765
48.875	25.5	0.999999998864502	0.800002306673566	-6.49053241283403e-05	20.7995392312338	0.999999999875095
49.125	25.5	0.999999999036694	0.800002021367793	-6.40210388726156e-05	20.5995386911732	0.999999999894036
49.375	25.5	0.999999999182751	0.800001749375245	-6.31540127157339e-05	20.399538220738	0.999999999910103
49.625	25.5	0.999999999306642	0.800001490158201	-6.23038167073065e-05	20.199537816669	0.999999999923731
49.875	25.5	0.999999999411731	0.800001243201396	-6.1470038414301e-05	19.9995374758386	0.99999999993529
50.125	25.5	0.999999999500868	0.800001008011014	-6.06522811030121e-05	19.7995371952453	0.999999999945095
50.375	25.5	0.999999999576478	0.800000784113802	-5.98501630138437e-05	19.5995369720081	0.999999999953413
50.625	25.5	0.999999999640613	0.800000571056143	-5.90633166648935e-05	19.3995368033619	0.999999999960467
50.875	25.5	0.999999999695014	0.800000368403217	-5.82913881745017e-05	19.1995366866526	0.999999999966452
51.125	25.5	0.999999999741159	0.800000175738209	-5.75340366217171e-05	18.9995366193324	0.999999999971528
51.375	25.5	0.999999999780302	0.799999992661539	-5.67909334836786e-05	18.7995365989555	0.999999999975833
51.625	25.5	0.999999999813504	0.799999818790111	-5.60617620280006e-05	18.5995366231739	0.999999999979486
51.875	25.5	0.999999999841668	0.799999653756591	-5.53462167926808e-05	18.3995366897332	0.999999999982583
52.125	25.5	0.999999999865557	0.799999497208809	-5.46440030926346e-05	18.1995367964691	0.999999999985211
52.375	25.5	0.999999999885819	0.799999348809112	-5.39548365123394e-05	17.9995369413033	0.99999999998744
52.625	25.5	0.999999999903005	0.79999920823362	-5.32784424664536e-05	17.7995371222403	0.999999999989331
52.875	25.5	0.999999999917585	0.799999075171874	-5.26145557638576e-05	17.5995373373635	0.999999999990934
53.125	25.5	0.999999999929951	0.799998949326094	-5.19629201887193e-05	17.3995375848328	0.999999999992295
53.375	25.5	0.999999999940438	0.799998830410721	-5.13232881227342e-05	17.1995378628805	0.999999999993448
53.625	25.5	0.999999999949338	0.799998718151964	-5.06954201768604e-05	16.9995381698091	0.999999999994427
53.875	25.5	0.999999999956885	0.799998612287222	-5.00790848375224e-05	16.799538503988	0.999999999995257
54.125	25.5	0.999999999963285	0.799998512564733	-4.94740581415613e-05	16.5995388638508	0.999999999995961
54.375	25.5	0.999999999968713	0.799998418742993	-4.88801233529596e-05	16.3995392478928	0.999999999996558
54.625	25.5	0.999999999973317	0.799998330590519	-4.82970706950038e-05	16.1995396546685	0.999999999997065
54.875	25.5	0.999999999977223	0.799998247885294	-4.77246970324648e-05	15.9995400827888	0.999999999997495
55.125	25.5	0.999999999980537	0.799998170414485	-4.71628056379227e-05	15.7995405309192	0.999999999997859
55.375	25.5	0.999999999983347	0.799998097974029	-4.66112059251094e-05	15.5995409977771	0.999999999998168
55.625	25.5	0.999999999985732	0.799998030368304	-4.6069713222525e-05	15.3995414821299	0.999999999998431
55.875	25.5	0.999999999987755	0.799997967409808	-4.55381485431695e-05	15.1995419827928	0.999999999998653
56.125	25.5	0.999999999989471	0.799997908918798	-4.50163383730406e-05	14.9995424986271	0.999999999998842
56.375	25.5	0.999999999990925	0.799997854723067	-4.4504114481766e-05	14.7995430285379	0.999999999999002
56.625	25.5	0.99999999999216	0.799997804657561	-4.40013137234629e-05	14.5995435714724	0.999999999999138
56.875	25.5	0.999999999993207	0.799997758564175	-4.35077778662908e-05	14.3995441264183	0.999999999999253
57.125	25.5	0.999999999994096	0.799997716291434	-4.3023353424191e-05	14.1995446924019	0.999999999999351
57.375	25.5	0.99999999999485	0.799997677694284	-4.25478915020586e-05	13.9995452684866	0.999999999999433
57.625	25.5	0.999999999995489	0.799997642633811	-4.20812476420867e-05	13.7995458537712	0.999999999999504
57.875	25.5	0.999999999996031	0.799997610977029	-4.16232816963201e-05	13.5995464473886	0.999999999999563
58.125	25.5	0.99999999999649	0.799997582596642	-4.11738576821867e-05	13.3995470485042	0.999999999999614
58.375	25.5	0.99999999999688	0.799997557370845	-4.07328436749669e-05	13.1995476563143	0.999999999999657
58.625	25.5	0.99999999999721	0.799997535183085	-4.03001116868808e-05	12.9995482700454	0.999999999999693
58.875	25.5	0.99999999999749	0.799997515921899	-3.98755375551084e-05	12.799548888952	0.999999999999724
59.125	25.5	0.999999999997727	0.79999749948069	-3.94590008527056e-05	12.5995495123162	0.99999999999975
59.375	25.5	0.999999999997929	0.799997485757555	-3.90503847898081e-05	12.3995501394461	0.999999999999772
59.625	25.5	0.9999999999981	0.799997474655095	-3.86495761202408e-05	12.1995507696746	0.999999999999791
59.875	25.5	0.999999999998245	0.799997466080268	-3.82564650760844e-05	11.9995514023583	0.999999999999807
60.125	25.5	0.999999999998368	0.799997459944173	-3.78709452776728e-05	11.7995520368769	0.99999999999982
60.375	25.5	0.999999999998471	0.799997456161924	-3.74929136672492e-05	11.5995526726315	0.999999999999832
60.625	25.5	0.999999999998559	0.799997454652496	-3.71222704474848e-05	11.399553309044	0.999999999999841
60.875	25.5	0.999999999998632	0.799997455338524	-3.67589190164058e-05	11.1995539455561	0.99999999999985
61.125	25.5	0.999999999998695	0.799997458146182	-3.64027659148194e-05	10.9995545816284	0.999999999999856
61.375	25.5	0.99999999999875	0.79999746300506	-3.6053720765424e-05	10.7995552167395	0.999999999999862
61.625	25.5	0.999999999998796	0.799997469847959	-3.57116962340848e-05	10.5995558503851	0.999999999999868
61.875	25.5	0.999999999998835	0.799997478610799	-3.53766079742295e-05	10.3995564820777	0.999999999999872
62.125	25.5	0.999999999998867	0.799997489232446	-3.50483745898913e-05	10.1995571113448	0.999999999999875
62.375	25.5	0.999999999998895	0.799997501654617	-3.47269175915782e-05	9.99955773772945	0.999999999999878
62.625	25.5	0.999999999998918	0.799997515821678	-3.44121613633507e-05	9.79955836078849	0.999999999999881
62.875	25.5	0.999999999998929	0.799997531680597	-3.41040331149654e-05	9.59955898009253	0.999999999999882
63.125	25.5	0.999999999998926	0.799997549180717	-3.38024628570207e-05	9.3995595952251	0.999999999999882
63.375	25.5	0.999999999998912	0.799997568273695	-3.35073833617414e-05	9.19956020578209	0.99999999999988
63.625	25.5	0.99999999999889	0.799997588913359	-3.3218730133158e-05	8.9995608113712	0.999999999999878
63.875	25.5	0.999999999998876	0.799997611055547	-3.2936441364513e-05	8.79956141161141	0.999999999999876
64.125	25.5	0.999999999998894	0.799997634658025	-3.26604579217365e-05	8.59956200613249	0.999999999999878
64.375	25.5	0.999999999998972	0.799997659680337	-3.23907232918469e-05	8.39956259457455	0.999999999999887
64.625	25.5	0.999999999999127	0.799997686083661	-3.21271835595122e-05	8.19956317658758	0.999999999999904
64.875	25.5	0.999999999999345	0.799997713830732	-3.18697873719983e-05	7.9995637518311	0.999999999999928
65.125	25.5	0.999999999999559	0.799997742885685	-3.16184858965313e-05	7.79956431997373	0.999999999999951
65.375	25.5	0.999999999999634	0.79999777321394	-3.13732327874123e-05	7.59956488069293	0.99999999999996
65.625	25.5	0.999999999999387	0.799997804782087	-3.11339841417786e-05	7.39956543367461	0.999999999999933
65.875	25.5	0.999999999998647	0.799997837557765	-3.0900698461149e-05	7.19956597861294	0.999999999999851
66.125	25.5	0.999999999997363	0.79999787150954	-3.06733366040632e-05	6.99956651521003	0.99999999999971
66.375	25.5	0.999999999995751	0.7999979066068	-3.04518617343429e-05	6.79956704317576	0.999999999999533
66.625	25.5	0.999999999994427	0.799997942819616	-3.02362392803226e-05	6.59956756222754	0.999999999999387
66.875	25.5	0.999999999994426	0.799997980118661	-3.0026436870375e-05	6.39956807209018	0.999999999999387
67.125	25.5	0.999999999997015	0.799998018475067	-2.98224242839989e-05	6.19956857249572	0.999999999999672
67.375	25.5	1.0000000000032	0.799998057860338	-2.96241733875262e-05	5.99956906318333	1.00000000000035
67.625	25.5	1.00000000001291	0.799998098246246	-2.94316580690709e-05	5.79956954389926	1.00000000000142
67.875	25.5	1.00000000002406	0.799998139604739	-2.92448541707366e-05	5.5995700143968	1.00000000000265
68.125	25.5	1.00000000003181	0.799998181907856	-2.90637394112956e-05	5.39957047443632	1.0000000000035
68.375	25.5	1.00000000002873	0.799998225127659	-2.8888293302105e-05	5.1995709237853	1.00000000000316
68.625	25.5	1.00000000000643	0.799998269236148	-2.87184970656758e-05	4.9995713622184	1.00000000000071
68.875	25.5	0.999999999959391	0.799998314205185	-2.85543335521272e-05	4.79957178951748	0.999999999995533
69.125	25.5	0.999999999890629	0.799998360006377	-2.8395787159004e-05	4.59957220547149	0.999999999987969
69.375	25.5	0.99999999981802	0.799998406610963	-2.82428437746539e-05	4.39957260987636	0.999999999979982
69.625	25.5	0.999999999778225	0.799998453989613	-2.80954907319936e-05	4.19957300253466	0.999999999975605
69.875	25.5	0.999999999823698	0.799998502112294	-2.7953716766936e-05	3.99957338325534	0.999999999980607
70.125	25.5	1.00000000000765	0.799998550948132	-2.7817511968556e-05	3.79957375185367	1.00000000000084
70.375	25.5	1.00000000035379	0.799998600465424	-2.76868676316645e-05	3.59957410815173	1.00000000003892
70.625	25.5	1.00000000081338	0.799998650631893	-2.75617759882666e-05	3.39957445197958	1.00000000008947
70.875	25.5	1.00000000122288	0.799998701415253	-2.74422297469813e-05	3.19957478317756	1.00000000013452
71.125	25.5	1.00000000128891	0.799998752784034	-2.73282215033697e-05	2.9995751015991	1.00000000014178
71.375	25.5	1.00000000063963	0.799998804708426	-2.72197432082054e-05	2.79957540711318	1.00000000007036
71.625	25.5	0.999999998981617	0.799998857160569	-2.71167861076523e-05	2.59957569960447	0.999999999887978
71.875	25.5	0.999999996375652	0.79999891011342	-2.70193417170233e-05	2.3995759789688	0.999999999601322
72.125	25.5	0.999999993580528	0.799998963537325	-2.69274043375542e-05	2.1995762451017	0.999999999293858
72.375	25.5	0.999999992308242	0.799999017393909	-2.68409750975747e-05	1.99957649788042	0.999999999153907
72.625	25.5	0.999999995111715	0.799999071628364	-2.67600663641868e-05	1.79957673714435	0.999999999462289
72.875	25.5	1.00000000455259	0.799999126163653	-2.66847036180727e-05	1.59957696268582	1.00000000050078
73.125	25.5	1.00000002138322	0.799999180903083	-2.66149201461594e-05	1.39957717427004	1.00000000235215
73.375	25.5	1.00000004185727	0.799999235749607	-2.65507393943845e-05	1.19957737170455	1.0000000046043
73.625	25.5	1.00000005504391	0.799999290648413	-2.64921425075296e-05	0.999577554967932	1.00000000605483
73.875	25.5	1.00000004208139	0.799999345650683	-2.64390264023852e-05	0.799577724376099	1.00000000462895
74.125	25.5	0.999999980269353	0.799999400978467	-2.63911713538858e-05	0.599577880711936	0.999999997829629
74.375	25.5	0.999999854952531	0.799999457058933	-2.63482536761191e-05	0.399578025179157	0.999999984044778
74.625	25.5	0.999999680133689	0.799999565980516	-2.63099525176199e-05	0.199578158991878	0.999999964814706
74.875	25.5	0.999999523592969	0.399999422002576	-2.62828579498046e-05	-0.00042174336122871	0.999999947595227
0.125	26.5	4.49506162104645e-07	0.400014686449241	0.000760856624159375	58.5934451616051	0.890000049445678
0.375	26.5	-3.77904557157033e-06	0.800044330957849	0.000762064931523835	58.4154386162458	0.889999584304987
0.625	26.5	-1.31659946488638e-05	0.800074106557241	0.000764494392016789	58.2374256006165	0.889998551740589
0.875	26.5	-2.84410734601353e-05	0.800104047581735	0.000768177115114282	58.0594062181859	0.889996871481919
1.125	26.5	-4.93543538489264e-05	0.8001342668793	0.000773155759583463	57.8813805510134	0.889994571021077
1.375	26.5	-7.39306391800282e-05	0.800164851499403	0.000779483059437628	57.7033486413816	0.88999186762969
1.625	26.5	-9.77574744632831e-05	0.800195887407552	0.000787219671355206	57.5253104457158	0.889989246677809
1.875	26.5	-0.000113369803005977	0.800227457371458	0.000796431423108583	57.3472657738688	0.889987529321669
2.125	26.5	-0.000109818053186676	0.800259638753653	0.000807186188913917	57.1692142168768	0.88998792001415
2.375	26.5	-7.25048496287158e-05	0.8002925016647	0.000819550699037333	56.9911550681879	0.889992024466541
2.625	26.5	1.66448546400759e-05	0.800326107816373	0.000833587659959641	56.813087245018	0.89000183093401
2.875	26.5	0.000178649519426824	0.800360510291404	0.000849353598791117	56.6350092175398	0.890019651447137
3.125	26.5	0.000436583950915104	0.800395754299331	0.000866897840903279	56.4569189538198	0.890048024234601
3.375	26.5	0.000814394188056233	0.800431878844843	0.00088626298309131	56.2788138876827	0.890089583360686
3.625	26.5	0.00133550743586689	0.800468919108159	0.000907487140029816	56.100690915048	0.890146905817945
3.875	26.5	0.0020213578095876	0.800506909252428	0.000930608133667275	55.9225464219122	0.890222349359055
4.125	26.5	0.0028899618905035	0.800545885337599	0.00095566967577867	55.7443763443351	0.890317895807955
4.375	26.5	0.00395467535928824	0.800585888035422	0.000982729479188712	55.5661762578501	0.890435014289522
4.625	26.5	0.00522324398786122	0.800626964899096	0.00101186913301018	55.3879414910126	0.890574556838665
4.875	26.5	0.0066972317156841	0.800669172035017	0.00104320549744072	55.2096672556252	0.890736695488725
5.125	26.5	0.00837186955327695	0.800712575136374	0.00107690331293229	55.0313487847779	0.89092090565086
5.375	26.5	0.0102363266868668	0.80075724995858	0.00111318866793437	54.8529814693266	0.891125995935555
5.625	26.5	0.0122743647844136	0.800803282431302	0.00115236291606207	54.6745609838467	0.891350180126286
5.875	26.5	0.0144653032884866	0.800850768696138	0.00119481656029849	54.4960833943112	0.891591183361733
6.125	26.5	0.0167852018017978	0.8008998154161	0.00124104251478509	54.317545241573	0.891846372198198
6.375	26.5	0.0192081585348723	0.800950540715165	0.00129164800365732	54.1389435968802	0.892112897438836
6.625	26.5	0.0217076323058767	0.801003076054833	0.00134736416272351	53.9602760877875	0.892387839553646
6.875	26.5	0.0242577186274749	0.801057569250208	0.00140905218452294	53.7815408946279	0.892668349049022
7.125	26.5	0.0268343445699563	0.801114188669815	0.00147770461482615	53.6027367188758	0.892951777902695
7.375	26.5	0.0294163870356962	0.801173128479316	0.00155444019905967	53.4238627250965	0.893235802573927
7.625	26.5	0.0319867584009612	0.801234614599325	0.00164049052221734	53.2449184576735	0.893518543424106
7.875	26.5	0.0345335357982116	0.801298910881517	0.00173717660611249	53.0659037322145	0.893798688937803
8.125	26.5	0.0370512305636063	0.801366324882016	0.00184587362262147	52.8868184996841	0.894075635361997
8.375	26.5	0.0395423000033508	0.801437212528699	0.00196796191489579	52.7076626791836	0.894349653000369
8.625	26.5	0.0420189954412361	0.801511980920298	0.00210476250992096	52.5284359532283	0.894622089498536
8.875	26.5	0.0445056229758129	0.801591088410066	0.00225745512733743	52.3491375176269	0.894895618527339
9.125	26.5	0.0470412742808928	0.801675040938107	0.00242697617034585	52.1697657768021	0.895174540170898
9.375	26.5	0.0496830740722255	0.80176438316829	0.00261389313609974	51.9903179745661	0.895465138147945
9.625	26.5	0.0525099986969752	0.8018596822233	0.00281825014103739	51.8107897497426	0.895776099856667
9.875	26.5	0.0556273542693909	0.801961500538717	0.00303937676149518	51.6311746051877	0.896119008969633
10.125	26.5	0.0591720641376789	0.802070352422767	0.0032756493160453	51.4514632772043	0.896508927055145
10.375	26.5	0.0633189940982815	0.802186636223558	0.003524190679672	51.2716429896602	0.896965089350811
10.625	26.5	0.0682886111283096	0.802310530631633	0.00378049311124064	51.0916965732955	0.897511747224114
10.875	26.5	0.0743562705783291	0.80244184000103	0.00403795104231259	50.911601426588	0.898179189763616
11.125	26.5	0.0818632590588523	0.802579770796816	0.00428730185597834	50.731328292463	0.899004958496474
11.375	26.5	0.0912292299208059	0.802722621846179	0.00451599939511191	50.5508398298303	0.900035215291289
11.625	26.5	0.102964633781305	0.802867379703073	0.00470759667017403	50.3700889785869	0.901326109715944
11.875	26.5	0.11767990221836	0.803009235011641	0.00484130047436368	50.1890171638578	0.90294478924402
12.125	26.5	0.136085281367349	0.803141087311057	0.00489198376277569	50.0075524763631	0.904969380950408
12.375	26.5	0.158971455495731	0.803253194945257	0.00483108170930566	49.8256081175686	0.90748686010453
12.625	26.5	0.187157428611771	0.80333325218683	0.00462888850943032	49.643081616499	0.910587317147295
12.875	26.5	0.22139112505726	0.803367298573278	0.00425868416491807	49.4598555821377	0.914353023756299
13.125	26.5	0.262194441504316	0.803341875255983	0.00370268363208256	49.2758009571916	0.918841388565475
13.375	26.5	0.309663386761865	0.80324755108951	0.00295892590617418	49.0907837000727	0.924062972543805
13.625	26.5	0.363266603856496	0.803083189333959	0.00204711738486063	48.9046752973293	0.929959326424215
13.875	26.5	0.421720583893619	0.802859280349114	0.00101075943696023	48.7173663491771	0.936389264228298
14.125	26.5	0.483029593065814	0.802598096529339	-8.65547535051184e-05	48.5287808919395	0.94313325523724
14.375	26.5	0.544733940926993	0.802329362980773	-0.00117074050969314	48.3388878714769	0.949920733501969
14.625	26.5	0.604316405681554	0.802082621577368	-0.00217014563519544	48.1477062434569	0.956474804624971
14.875	26.5	0.659629627868232	0.801879728681151	-0.00302762036892514	47.9553019621082	0.962559259065506
15.125	26.5	0.70919478950338	0.801730855282265	-0.00370804020334923	47.7617778647225	0.968011426845372
15.375	26.5	0.752294451945819	0.801634995022535	-0.00419976801381081	47.5672596475401	0.97275238971404
15.625	26.5	0.788881791161965	0.801583505408877	-0.00451099620979324	47.3718816861956	0.976776997027816
15.875	26.5	0.819388820280343	0.801564369554485	-0.00466335037827043	47.1757754829168	0.980132770230838
16.125	26.5	0.844518767956346	0.801565549037344	-0.004685194986372	46.9790619331881	0.982897064475198
16.375	26.5	0.865076117423723	0.80157689899999	-0.0046062370466941	46.7818472703682	0.98515837291661
16.625	26.5	0.881852508642961	0.801590855833039	-0.00445400228403203	46.5842218364134	0.987003775950726
16.875	26.5	0.895563751671922	0.801602356498996	-0.004252034053782	46.3862606696496	0.988512012683911
17.125	26.5	0.906823988069323	0.801608400146294	-0.00401934466908206	46.1880250570351	0.989750638687626
17.375	26.5	0.916142641063694	0.801607519392077	-0.00377062040288602	45.9895644566581	0.990775690517006
17.625	26.5	0.923933117953141	0.801599298324599	-0.00351679060101012	45.7909184352804	0.991632642974845
17.875	26.5	0.930526129687053	0.801583988233113	-0.00326570871598357	45.5921184412762	0.992357874265576
18.125	26.5	0.936183637632767	0.801562225960828	-0.00302280685704096	45.3931893439968	0.992980200139604
18.375	26.5	0.941111545598284	0.801534840001165	-0.00279166245127581	45.1941507315177	0.993522270015811
18.625	26.5	0.945470489591921	0.801502724108183	-0.002574460532947	44.9950179871508	0.994001753855111
18.875	26.5	0.949384708509666	0.801466759486545	-0.002372357696822	44.7958031747978	0.994432317936063
19.125	26.5	0.952949243173138	0.801427770260571	-0.00218576269298138	44.5965157634803	0.994824416749045
19.375	26.5	0.956235777424686	0.801386500827945	-0.00201455032357688	44.3971632177621	0.995185935516716
19.625	26.5	0.959297409012139	0.801343607056265	-0.00185822366059203	44.1977514762345	0.995522714991335
19.875	26.5	0.96217257968936	0.801299655869361	-0.00171603683631924	43.9982853361163	0.99583898376583
20.125	26.5	0.964888333682986	0.80125512964388	-0.00158708785678769	43.7987687587614	0.996137716705128
20.375	26.5	0.967463024277112	0.801210433131407	-0.00147038850666179	43.5992051084692	0.996420932670482
20.625	26.5	0.969908553047638	0.801165901488263	-0.00136491656988598	43.3995973352625	0.99668994083524
20.875	26.5	0.972232203902518	0.801121808557123	-0.00126965424304532	43.1999481110168	0.996945542429277
21.125	26.5	0.974438121434163	0.801078374900408	-0.0011836156699618	43.0002599272953	0.997188193357758
21.375	26.5	0.976528476801382	0.801035775308797	-0.00110586586938719	42.8005351623395	0.997418132448152
21.625	26.5	0.978504361567159	0.800994145643837	-0.00103553286971126	42.6007761238045	0.997635479772388
21.875	26.5	0.980366448527794	0.800953588957728	-0.000971814535162756	42.4009850729734	0.997840309338057
22.125	26.5	0.982115457255396	0.800914180885188	-0.000913981316931411	42.2011642353454	0.998032700298094
22.375	26.5	0.983752460159747	0.80087597433353	-0.000861375958651853	42.0013158016721	0.998212770617572
22.625	26.5	0.985279062148472	0.800839003516541	-0.000813411011432477	41.8014419227422	0.998380696836332
22.875	26.5	0.986697483513707	0.800803287388909	-0.000769564858766588	41.6015447005074	0.998536723186508
23.125	26.5	0.988010571739875	0.800768832543575	-0.000729376813655553	41.401626177517	0.998681162891386
23.375	26.5	0.989221763797264	0.80073563563589	-0.000692441727912273	41.2016883260899	0.998814394017699
23.625	26.5	0.990335016426407	0.800703685397192	-0.000658404446564978	41.0017330382078	0.998936851806905
23.875	26.5	0.991354718137328	0.80067296429658	-0.000626954349581994	40.8017621167586	0.999049018995106
24.125	26.5	0.992285593285727	0.800643449905246	-0.000597820147934636	40.6017772684792	0.99915141526143
24.375	26.5	0.993132605718171	0.800615116012163	-0.000570765040410747	40.4017800987424	0.999244586628999
24.625	26.5	0.993900867119113	0.800587933533373	-0.000545582290813194	40.2017721081855	0.999329095383102
24.875	26.5	0.994595553321658	0.800561871251485	-0.00052209124990597	40.0017546910771	0.999405510865382
25.125	26.5	0.995221830413424	0.800536896417109	-0.000500133821286811	39.8017291352581	0.999474401345477
25.375	26.5	0.995784791415815	0.800512975237001	-0.000479571353197385	39.6016966234582	0.99953632705574
25.625	26.5	0.996289403573635	0.800490073271316	-0.000460281927411873	39.401658235776	0.9995918343931
25.875	26.5	0.996740465797047	0.800468155756946	-0.000442158010604201	39.2016149531136	0.999641451237675
26.125	26.5	0.997142575491992	0.800447187870556	-0.000425104430806629	39.001567661364	0.999685683304119
26.375	26.5	0.997500103848315	0.800427134943433	-0.000409036641921559	38.8015171561697	0.999725011423315
26.625	26.5	0.997817178586733	0.800407962636367	-0.000393879240423902	38.6014641480858	0.999759889644541
26.875	26.5	0.998097673164429	0.800389637082103	-0.000379564701338646	38.4014092680064	0.999790744048087
27.125	26.5	0.998345201480418	0.800372125001121	-0.000366032303286336	38.2013530727276	0.999817972162846
27.375	26.5	0.998563117188433	0.800355393794701	-0.000353227215881311	38.0012960505449	0.999841942890728
27.625	26.5	0.998754516804424	0.800339411619682	-0.000341099725697211	37.8012386267964	0.999862996848487
27.875	26.5	0.998922245879876	0.800324147447404	-0.000329604580240388	37.6011811692825	0.999881447046786
28.125	26.5	0.999068907595545	0.800309571108978	-0.00031870043197373	37.4011239935055	0.99989757983551
28.375	26.5	0.999196873209953	0.800295653329453	-0.000308349367030064	37.2010673676847	0.999911656053095
28.625	26.5	0.999308293871428	0.800282365752171	-0.000298516505357051	37.0010115175173	0.999923912325857
28.875	26.5	0.999405113370769	0.800269680954414	-0.000289169661056638	36.8009566306593	0.999934562470784
29.125	26.5	0.99948908147382	0.800257572456144	-0.000280279053284006	36.6009028609147	0.99994379896212
29.375	26.5	0.99956176752947	0.800246014722435	-0.000271817059542532	36.4008503321241	0.999951794428242
29.625	26.5	0.999624574099103	0.800234983160434	-0.000263758004544711	36.2007991417522	0.999958703150901
29.875	26.5	0.999678750398834	0.800224454111761	-0.000256077978670932	36.0007493641765	0.999964662543872
30.125	26.5	0.999725405386257	0.800214404841235	-0.000248754681271807	35.8007010536861	0.999969794592488
30.375	26.5	0.999765520359165	0.800204813522085	-0.000241767284639828	35.6006542471991	0.999974207239508
30.625	26.5	0.999799960965571	0.800195659218362	-0.000235096315063627	35.4006089667132	0.999977995706213
30.875	26.5	0.99982948855178	0.800186921865342	-0.000228723548354623	35.2005652215033	0.999981243740696
31.125	26.5	0.999854770799477	0.800178582247671	-0.0002226319172518	35.0005230100811	0.999984024787943
31.375	26.5	0.99987639162321	0.80017062197651	-0.000216805428816856	34.8004823219351	0.999986403078553
31.625	26.5	0.999894860317228	0.800163023465052	-0.000211229090176627	34.6004431390664	0.999988434634895
31.875	26.5	0.999910619955122	0.80015576990343	-0.000205888841295117	34.400405437337	0.999990168195063
32.125	26.5	0.999924055057339	0.800148845232963	-0.000200771493677029	34.2003691876486	0.999991646056307
32.375	26.5	0.99993549855131	0.800142234120132	-0.000195864674147223	34.0003343569665	0.999992904840644
32.625	26.5	0.999945238055981	0.800135921930153	-0.000191156772968659	33.8003009092043	0.999993976186158
32.875	26.5	0.999953521527806	0.800129894700752	-0.000186636895733364	33.6002688059845	0.999994887368059
33.125	26.5	0.999960562308951	0.800124139115964	-0.000182294818576225	33.4002380072876	0.999995661853985
33.375	26.5	0.999966543620556	0.800118642480395	-0.000178120946336203	33.2002084720036	0.999996319798261
33.625	26.5	0.999971622544845	0.800113392693534	-0.000174106273341795	33.0001801583964	0.999996878479933
33.875	26.5	0.99997593353979	0.800108378224891	-0.000170242346650505	32.8001530244925	0.999997352689377
34.125	26.5	0.99997959152921	0.800103588089473	-0.000166521231459837	32.6001270284031	0.999997755068213
34.375	26.5	0.999982694609499	0.800099011823954	-0.000162935478586475	32.4001021285889	0.999998096407045
34.625	26.5	0.999985326412408	0.800094639463491	-0.000159478093860271	32.2000782840753	0.999998385905365
34.875	26.5	0.999987558160705	0.800090461519171	-0.000156142509360618	32.0000554546249	0.999998631397678
35.125	26.5	0.999989450451213	0.800086468956465	-0.000152922556259187	31.8000336008728	0.999998839549633
35.375	26.5	0.999991054796829	0.800082653174012	-0.000149812439404967	31.6000126844318	0.999999016027651
35.625	26.5	0.999992414956558	0.800079005983412	-0.000146806713344487	31.399992667971	0.999999165645221
35.875	26.5	0.999993568079804	0.800075519589864	-0.00014390025984794	31.1999735152714	0.999999292488779
36.125	26.5	0.999994545688619	0.800072186573388	-0.00014108826681257	30.9999551912643	0.999999400025748
36.375	26.5	0.999995374519043	0.800068999870882	-0.000138366208480651	30.7999376620539	0.999999491197095
36.625	26.5	0.999996077240404	0.800065952758908	-0.000135729826913618	30.5999208949262	0.999999568496444
36.875	26.5	0.99999667306919	0.800063038837339	-0.000133175114651273	30.3999048583494	0.999999634037611
37.125	26.5	0.99999717829216	0.800060252013494	-0.00013069829848711	30.1998895219642	0.999999689612138
37.375	26.5	0.999997606711522	0.800057586487246	-0.000128295824324312	29.9998748565681	0.999999736738267
37.625	26.5	0.999997970023312	0.800055036736621	-0.00012596434302093	29.7998608340945	0.999999776702564
37.875	26.5	0.999998278138709	0.800052597504108	-0.000123700697162187	29.5998474275874	0.999999810595258
38.125	26.5	0.999998539456653	0.800050263783753	-0.000121501908753957	29.3998346111727	0.999999839340232
38.375	26.5	0.999998761094999	0.80004803080861	-0.000119365167724521	29.1998223600276	0.99999986372045
38.625	26.5	0.999998949086398	0.800045894039011	-0.000117287821205843	28.9998106503484	0.999999884399504
38.875	26.5	0.999999108544226	0.800043849151363	-0.000115267363556887	28.7997994593168	0.999999901939865
39.125	26.5	0.99999924380312	0.800041892027376	-0.000113301427052493	28.5997887650656	0.999999916818343
39.375	26.5	0.999999358537963	0.800040018744016	-0.000111387773220693	28.399778546645	0.999999929439176
39.625	26.5	0.999999455864633	0.800038225563764	-0.000109524284756886	28.1997687839877	0.99999994014511
39.875	26.5	0.999999538425293	0.800036508925498	-0.000107708958019902	27.9997594578755	0.999999949226782
40.125	26.5	0.999999608460626	0.800034865435748	-0.000105939895981802	27.7997505499053	0.999999956930669
40.375	26.5	0.999999667870993	0.800033291860441	-0.000104215301728281	27.5997420424571	0.999999963465809
40.625	26.5	0.999999718268244	0.800031785117095	-0.000102533472336926	27.3997339186613	0.999999969009507
40.875	26.5	0.999999761019598	0.800030342267235	-0.000100892793211082	27.1997261623681	0.999999973712156
41.125	26.5	0.999999797284825	0.800028960509417	-9.92917327632303e-05	26.999718758117	0.999999977701331
41.375	26.5	0.999999828047769	0.800027637172473	-9.77288374782905e-05	26.7997116911079	0.999999981085255
41.625	26.5	0.999999854143047	0.800026369709141	-9.62027272856886e-05	26.5997049471726	0.999999983955735
41.875	26.5	0.999999876278705	0.800025155689927	-9.47120912398767e-05	26.3996985127479	0.999999986390658
42.125	26.5	0.999999895055411	0.800023992797531	-9.32556835039707e-05	26.1996923748492	0.999999988456095
42.375	26.5	0.999999910982735	0.800022878821137	-9.18323195617917e-05	25.9996865210454	0.999999990208101
42.625	26.5	0.999999924492976	0.800021811651481	-9.04408727017065e-05	25.799680939435	0.999999991694227
42.875	26.5	0.999999935952873	0.800020789275735	-8.90802707120248e-05	25.5996756186226	0.999999992954816
43.125	26.5	0.999999945673531	0.800019809772996	-8.77494927893048e-05	25.3996705476969	0.999999994024088
43.375	26.5	0.999999953918873	0.800018871309681	-8.64475666485935e-05	25.1996657162092	0.999999994931076
43.625	26.5	0.999999960912783	0.800017972135451	-8.5173565810416e-05	24.9996611141533	0.999999995700406
43.875	26.5	0.999999966845182	0.800017110579201	-8.39266070431453e-05	24.799656731946	0.99999999635297
44.125	26.5	0.999999971877171	0.80001628504516	-8.27058479963976e-05	24.5996525604083	0.999999996906489
44.375	26.5	0.999999976145409	0.800015494009402	-8.15104849503032e-05	24.3996485907477	0.999999997375995
44.625	26.5	0.999999979765815	0.800014736016363	-8.03397507114957e-05	24.1996448145411	0.99999999777424
44.875	26.5	0.999999982836717	0.800014009675597	-7.91929126329916e-05	23.9996412237188	0.999999998112039
45.125	26.5	0.999999985441516	0.800013313658678	-7.80692707677408e-05	23.7996378105486	0.999999998398567
45.375	26.5	0.999999987650964	0.800012646696288	-7.69681561099107e-05	23.5996345676212	0.999999998641606
45.625	26.5	0.999999989525069	0.800012007575415	-7.58889289615235e-05	23.3996314878361	0.999999998847758
45.875	26.5	0.999999991114726	0.800011395136684	-7.48309773710983e-05	23.1996285643879	0.99999999902262
46.125	26.5	0.999999992463111	0.800010808271879	-7.37937156962616e-05	22.9996257907533	0.999999999170942
46.375	26.5	0.999999993606849	0.800010245921507	-7.27765832218576e-05	22.7996231606793	0.999999999296753
46.625	26.5	0.999999994576995	0.800009707072541	-7.17790428597131e-05	22.5996206681708	0.99999999940347
46.875	26.5	0.999999995399902	0.800009190756276	-7.08005799421595e-05	22.3996183074798	0.999999999493989
47.125	26.5	0.999999996097915	0.800008696046258	-6.98407010789318e-05	22.1996160730944	0.999999999570771
47.375	26.5	0.99999999668999	0.800008222056266	-6.8898933058027e-05	21.9996139597289	0.999999999635899
47.625	26.5	0.999999997192203	0.800007767938584	-6.79748218303715e-05	21.7996119623137	0.999999999691142
47.875	26.5	0.9999999976182	0.800007332882158	-6.70679315495778e-05	21.5996100759862	0.999999999738002
48.125	26.5	0.99999999797954	0.800006916110836	-6.61778436506385e-05	21.3996082960817	0.999999999777749
48.375	26.5	0.999999998286041	0.800006516881948	-6.53041560082005e-05	21.1996066181252	0.999999999811464
48.625	26.5	0.999999998546023	0.800006134484636	-6.44464821076395e-05	20.9996050378229	0.999999999840063
48.875	26.5	0.999999998766549	0.800005768238446	-6.36044502845701e-05	20.7996035510549	0.99999999986432
49.125	26.5	0.999999998953608	0.800005417492003	-6.2777702996797e-05	20.5996021538673	0.999999999884897
49.375	26.5	0.999999999112276	0.800005081621627	-6.19658961453837e-05	20.3996008424656	0.99999999990235
49.625	26.5	0.999999999246864	0.800004760030107	-6.11686984309494e-05	20.1995996132076	0.999999999917155
49.875	26.5	0.999999999361024	0.80000445214555	-6.0385790715519e-05	19.9995984625971	0.999999999929713
50.125	26.5	0.999999999457858	0.800004157420212	-5.96168654840516e-05	19.7995973872777	0.999999999940364
50.375	26.5	0.999999999539997	0.800003875329436	-5.8861626261417e-05	19.5995963840269	0.9999999999494
50.625	26.5	0.999999999609666	0.800003605370586	-5.81197871136379e-05	19.3995954497506	0.999999999957063
50.875	26.5	0.999999999668763	0.800003347062192	-5.73910721533982e-05	19.1995945814776	0.999999999963564
51.125	26.5	0.999999999718895	0.800003099942866	-5.66752150815306e-05	18.9995937763544	0.999999999969078
51.375	26.5	0.999999999761416	0.800002863570505	-5.59719587303469e-05	18.7995930316403	0.999999999973756
51.625	26.5	0.999999999797484	0.800002637521459	-5.52810546758487e-05	18.5995923447027	0.999999999977723
51.875	26.5	0.99999999982808	0.800002421389671	-5.46022628286102e-05	18.399591713013	0.999999999981089
52.125	26.5	0.999999999854032	0.800002214785975	-5.39353510642658e-05	18.1995911341415	0.999999999983944
52.375	26.5	0.999999999876042	0.800002017337305	-5.32800948725881e-05	17.9995906057539	0.999999999986365
52.625	26.5	0.999999999894712	0.800001828686032	-5.26362770331849e-05	17.7995901256073	0.999999999988418
52.875	26.5	0.99999999991055	0.800001648489329	-5.20036872889475e-05	17.599589691546	0.999999999990161
53.125	26.5	0.999999999923983	0.800001476418474	-5.13821220643832e-05	17.3995893014986	0.999999999991638
53.375	26.5	0.999999999935377	0.800001312158342	-5.07713841595876e-05	17.1995889534737	0.999999999992891
53.625	26.5	0.999999999945043	0.800001155406696	-5.01712825111595e-05	16.9995886455573	0.999999999993955
53.875	26.5	0.999999999953242	0.800001005873797	-4.95816319253043e-05	16.7995883759094	0.999999999994857
54.125	26.5	0.999999999960195	0.800000863281752	-4.90022528384578e-05	16.5995881427607	0.999999999995622
54.375	26.5	0.999999999966093	0.800000727364102	-4.84329711145508e-05	16.39958794441	0.99999999999627
54.625	26.5	0.999999999971097	0.800000597865305	-4.787361779977e-05	16.1995877792215	0.999999999996821
54.875	26.5	0.999999999975341	0.800000474540282	-4.73240289439349e-05	15.9995876456216	0.999999999997288
55.125	26.5	0.999999999978941	0.800000357154016	-4.67840454080415e-05	15.799587542097	0.999999999997684
55.375	26.5	0.999999999981994	0.800000245481109	-4.6253512681201e-05	15.5995874671918	0.999999999998019
55.625	26.5	0.999999999984583	0.800000139305396	-4.57322807156398e-05	15.3995874195052	0.999999999998304
55.875	26.5	0.99999999998678	0.800000038419583	-4.52202037676447e-05	15.1995873976893	0.999999999998546
56.125	26.5	0.999999999988644	0.799999942624862	-4.47171402429452e-05	14.9995874004472	0.999999999998751
56.375	26.5	0.999999999990224	0.799999851730584	-4.42229525598848e-05	14.7995874265303	0.999999999998925
56.625	26.5	0.999999999991565	0.799999765553935	-4.37375070220355e-05	14.599587474737	0.999999999999072
56.875	26.5	0.999999999992702	0.799999683919603	-4.3260673681568e-05	14.3995875439101	0.999999999999197
57.125	26.5	0.999999999993667	0.799999606659498	-4.27923262284108e-05	14.1995876329356	0.999999999999303
57.375	26.5	0.999999999994485	0.799999533612448	-4.23323418794959e-05	13.9995877407404	0.999999999999393
57.625	26.5	0.999999999995179	0.799999464623923	-4.18806012776808e-05	13.7995878662912	0.99999999999947
57.875	26.5	0.999999999995767	0.799999399545788	-4.14369883848336e-05	13.599588008592	0.999999999999534
58.125	26.5	0.999999999996266	0.79999933823603	-4.10013904110133e-05	13.3995881666836	0.999999999999589
58.375	26.5	0.999999999996689	0.799999280558516	-4.05736977012392e-05	13.1995883396411	0.999999999999636
58.625	26.5	0.999999999997048	0.799999226382778	-4.01538036798524e-05	12.9995885265732	0.999999999999675
58.875	26.5	0.999999999997352	0.799999175583767	-3.97416047668432e-05	12.7995887266204	0.999999999999709
59.125	26.5	0.999999999997611	0.799999128041649	-3.93370003056058e-05	12.5995889389538	0.999999999999737
59.375	26.5	0.99999999999783	0.799999083641573	-3.89398925032078e-05	12.3995891627739	0.999999999999761
59.625	26.5	0.999999999998018	0.799999042273529	-3.85501863674916e-05	12.1995893973092	0.999999999999782
59.875	26.5	0.999999999998176	0.799999003832059	-3.81677896503972e-05	11.9995896418152	0.999999999999799
60.125	26.5	0.99999999999831	0.799998968216181	-3.77926127979446e-05	11.7995898955731	0.999999999999814
60.375	26.5	0.999999999998422	0.799998935329117	-3.7424568893577e-05	11.5995901578889	0.999999999999826
60.625	26.5	0.999999999998518	0.79999890507815	-3.70635736260082e-05	11.3995904280922	0.999999999999837
60.875	26.5	0.999999999998599	0.799998877374472	-3.67095452353815e-05	11.1995907055353	0.999999999999846
61.125	26.5	0.999999999998667	0.799998852133007	-3.63624044731238e-05	10.9995909895924	0.999999999999853
61.375	26.5	0.999999999998725	0.799998829272231	-3.60220745759231e-05	10.7995912796583	0.99999999999986
61.625	26.5	0.999999999998774	0.799998808714031	-3.56884812138684e-05	10.5995915751477	0.999999999999865
61.875	26.5	0.999999999998817	0.79999879038356	-3.53615524739155e-05	10.3995918754945	0.99999999999987
62.125	26.5	0.999999999998855	0.799998774209096	-3.50412188175957e-05	10.1995921801511	0.999999999999874
62.375	26.5	0.999999999998887	0.799998760121855	-3.47274130569433e-05	9.99959248858719	0.999999999999878
62.625	26.5	0.999999999998911	0.799998748055898	-3.44200703205699e-05	9.79959280028937	0.99999999999988
62.875	26.5	0.999999999998924	0.799998737947957	-3.41191280339859e-05	9.5995931147604	0.999999999999882
63.125	26.5	0.999999999998925	0.799998729737323	-3.3824525881908e-05	9.39959343151853	0.999999999999882
63.375	26.5	0.999999999998913	0.799998723365708	-3.35362057949136e-05	9.19959375009687	0.99999999999988
63.625	26.5	0.999999999998894	0.79999871877711	-3.32541119102595e-05	8.99959407004281	0.999999999999878
63.875	26.5	0.999999999998883	0.799998715917667	-3.29781905566815e-05	8.79959439091746	0.999999999999877
64.125	26.5	0.999999999998901	0.799998714735563	-3.27083902164816e-05	8.59959471229513	0.999999999999879
64.375	26.5	0.999999999998978	0.799998715180888	-3.24446615112326e-05	8.39959503376285	0.999999999999888
64.625	26.5	0.999999999999129	0.799998717205519	-3.21869571661672e-05	8.19959535491988	0.999999999999904
64.875	26.5	0.99999999999934	0.799998720763008	-3.19352319780671e-05	7.99959567537729	0.999999999999927
65.125	26.5	0.999999999999544	0.799998725808428	-3.16894427947516e-05	7.79959599475759	0.99999999999995
65.375	26.5	0.999999999999614	0.799998732298317	-3.14495484760805e-05	7.59959631269432	0.999999999999957
65.625	26.5	0.999999999999373	0.799998740190521	-3.12155098637593e-05	7.3995966288317	0.999999999999931
65.875	26.5	0.999999999998661	0.799998749444099	-3.09872897458491e-05	7.19959694282437	0.999999999999853
66.125	26.5	0.999999999997437	0.799998760019212	-3.07648528157008e-05	6.99959725433703	0.999999999999718
66.375	26.5	0.999999999995914	0.799998771877015	-3.0548165644016e-05	6.79959756304422	0.999999999999551
66.625	26.5	0.999999999994685	0.799998784979565	-3.0337196623721e-05	6.59959786863008	0.999999999999415
66.875	26.5	0.999999999994729	0.799998799289683	-3.0131915936766e-05	6.39959817078808	0.99999999999942
67.125	26.5	0.999999999997227	0.7999988147709	-2.99322955072985e-05	6.19959846922089	0.999999999999695
67.375	26.5	1.00000000000308	0.799998831387327	-2.97383089479558e-05	5.9995987636402	1.00000000000034
67.625	26.5	1.00000000001218	0.79999884910359	-2.95499315166978e-05	5.79959905376656	1.00000000000134
67.875	26.5	1.00000000002252	0.799998867884731	-2.93671400515197e-05	5.59959933932934	1.00000000000248
68.125	26.5	1.00000000002957	0.799998887696155	-2.91899129194325e-05	5.39959962006667	1.00000000000325
68.375	26.5	1.00000000002653	0.799998908503549	-2.90182299462702e-05	5.19959989572543	1.00000000000292
68.625	26.5	1.00000000000589	0.799998930272826	-2.88520723494976e-05	4.99960016606118	1.00000000000065
68.875	26.5	0.999999999962865	0.799998952970036	-2.86914226783309e-05	4.79960043083818	0.999999999995915
69.125	26.5	0.999999999900437	0.799998976561277	-2.85362647548134e-05	4.59960068982918	0.999999999989048
69.375	26.5	0.999999999834702	0.799999001012584	-2.83865836337709e-05	4.39960094281526	0.999999999981817
69.625	26.5	0.999999999797955	0.799999026289779	-2.82423655885124e-05	4.19960118958543	0.999999999977775
69.875	26.5	0.999999999835715	0.799999052358331	-2.81035980905818e-05	3.99960142993644	0.999999999981929
70.125	26.5	0.999999999993652	0.799999079183258	-2.79702697804349e-05	3.79960166367259	0.999999999999302
70.375	26.5	1.0000000002922	0.799999106729164	-2.78423703491351e-05	3.59960189060607	1.00000000003214
70.625	26.5	1.00000000069147	0.799999134960414	-2.77198902872472e-05	3.39960211055799	1.00000000007606
70.875	26.5	1.00000000105746	0.799999163841601	-2.76028204506004e-05	3.19960232336011	1.00000000011632
71.125	26.5	1.00000000115087	0.799999193338162	-2.74911514861123e-05	2.99960252885715	1.0000000001266
71.375	26.5	1.00000000066884	0.79999922341701	-2.73848733271183e-05	2.79960272690868	1.00000000007357
71.625	26.5	0.999999999368548	0.799999254046714	-2.7283975160628e-05	2.59960291738927	0.99999999993054
71.875	26.5	0.999999997281776	0.799999285196581	-2.71884464408325e-05	2.3996031001849	0.999999999700995
72.125	26.5	0.999999994979609	0.799999316834036	-2.70982794508871e-05	2.19960327518408	0.999999999447757
72.375	26.5	0.99999999376756	0.799999348920001	-2.70134734015227e-05	1.99960344226395	0.999999999314432
72.625	26.5	0.999999995600782	0.799999381403124	-2.69340388915451e-05	1.79960360127511	0.999999999516086
72.875	26.5	1.00000000245643	0.799999414215512	-2.68599998162175e-05	1.59960375203436	1.00000000027021
73.125	26.5	1.00000001496743	0.799999447274722	-2.67913880505582e-05	1.39960389433924	1.00000000164642
73.375	26.5	1.00000003040721	0.799999480498212	-2.6728225737651e-05	1.19960402801992	1.00000000334479
73.625	26.5	1.00000004068071	0.799999513835049	-2.667049269928e-05	0.999604153035186	1.00000000447488
73.875	26.5	1.00000003176281	0.799999547313248	-2.66180843566385e-05	0.799604269596837	1.00000000349391
74.125	26.5	0.999999986736129	0.79999958108784	-2.65707792134024e-05	0.599604378266771	0.999999998540974
74.375	26.5	0.99999989461491	0.799999615465172	-2.65282516201051e-05	0.399604479923627	0.99999998840764
74.625	26.5	0.999999765644947	0.799999689002961	-2.64901789784675e-05	0.199604575459496	0.999999974220944
74.875	26.5	0.999999649946277	0.399999575321069	-2.64631722053552e-05	-0.000395354013175717	0.99999996149409
0.125	27.5	6.26153650357677e-07	0.400016827365487	0.000633790133365456	58.5928207479009	0.890000068876902
0.375	27.5	-3.32668585620821e-06	0.800050759352348	0.000634640732036788	58.4148132459474	0.889999634064556
0.625	27.5	-1.21694056799456e-05	0.800084889494721	0.000636351783342234	58.2367983063728	0.889998661365375
0.875	27.5	-2.66481737425874e-05	0.800119301921835	0.000638947909494622	58.0587760056333	0.889997068700888
1.125	27.5	-4.65867836924179e-05	0.800154156824062	0.000642461893445914	57.8807463897126	0.889994875453794
1.375	27.5	-7.01799834919933e-05	0.800189593634685	0.000646934326588056	57.7027094560608	0.889992280201816
1.625	27.5	-9.3314299186219e-05	0.800225754794519	0.000652411996141356	57.5246651091972	0.889989735427089
1.875	27.5	-0.000108977833104916	0.800262784339664	0.000658945825974534	57.3466131021661	0.889988012438358
2.125	27.5	-0.000106842711024084	0.800300826286482	0.000666588541782615	57.168552966767	0.889988247301787
2.375	27.5	-7.31023182025977e-05	0.800340023237221	0.000675392292921134	56.990483937317	0.889991958744998
2.625	27.5	9.37390864246006e-06	0.800380515541436	0.000685406514842916	56.812404874297	0.890001031129951
2.875	27.5	0.00016053787845824	0.800422441247949	0.000696676344440023	56.6343141952546	0.89001765916663
3.125	27.5	0.000402322423586258	0.80046593696314	0.000709241896876162	56.4562098205469	0.890044255466594
3.375	27.5	0.000757514834402664	0.800511139607635	0.000723138676696358	56.2780891408112	0.890083326631784
3.625	27.5	0.00124843318292251	0.800558188955992	0.000738399332313478	56.0999490114752	0.890137327650122
3.875	27.5	0.00189552119675459	0.800607230770623	0.000755056880070211	55.9217857773407	0.890208507331643
4.125	27.5	0.0027159905139555	0.800658420310597	0.000773149433117907	55.743595327546	0.890298758956535
4.375	27.5	0.00372263673445032	0.800711926011706	0.000792726382248032	55.565373178368	0.89040949004079
4.625	27.5	0.0049229383251474	0.800767933188476	0.000813855898890151	55.387114578694	0.890541523215766
4.875	27.5	0.00631851757567791	0.800826647694154	0.000836633569786491	55.2088146308889	0.890695036933325
5.125	27.5	0.00790500433522714	0.800888299576261	0.000861191927288426	55.0304684184245	0.890869550476875
5.375	27.5	0.00967230102309889	0.80095314687322	0.000887710603278811	54.8520711311793	0.891063953112541
5.625	27.5	0.0116052066548407	0.801021479794307	0.000916426797484933	54.6736181797725	0.891276572732033
5.875	27.5	0.0136843235276287	0.801093625597858	0.000947645699337139	54.495105291585	0.891505275588039
6.125	27.5	0.0158871472935404	0.801169954513328	0.000981750423346515	54.3165285830461	0.891747586202289
6.375	27.5	0.0181892327379614	0.801250887023275	0.00101921090165942	54.1378846050514	0.892000815601176
6.625	27.5	0.0205653352297323	0.801336902724267	0.001060591023194	53.9591703606871	0.892262186875271
6.875	27.5	0.022990450893055	0.801428550807915	0.00110655312550355	53.7803832964313	0.892528949598236
7.125	27.5	0.0254407141103058	0.801526461961598	0.00115785875299196	53.6015212693762	0.892798478552134
7.375	27.5	0.0278941539440818	0.801631361188949	0.00121536442460403	53.4225824935565	0.893068356933849
7.625	27.5	0.0303313549616599	0.801744080731734	0.00128001103659912	53.2435654680791	0.893336449045783
7.875	27.5	0.0327361058011892	0.801865571960669	0.00135280549235423	53.0644688884992	0.893600971638131
8.125	27.5	0.0350961444322668	0.801996914833427	0.00143479321318477	52.8852915409705	0.893860575887549
8.375	27.5	0.0374041181862758	0.802139323314055	0.00152702033294215	52.7060321764279	0.89411445300049
8.625	27.5	0.0396588679801828	0.802294145020785	0.00163048456966984	52.5266893598283	0.89436247547782
8.875	27.5	0.0418671220388909	0.80246285330514	0.00174607392121604	52.3472612876324	0.894605383424278
9.125	27.5	0.0440456508389337	0.802647029922419	0.00187449233478607	52.1677455655516	0.894845021592283
9.375	27.5	0.0462239011357557	0.802848336355391	0.00201617121987082	51.9881389382273	0.895084629124933
9.625	27.5	0.0484471039942647	0.80306847159597	0.0021711649801685	51.8084369628625	0.895329181439369
9.875	27.5	0.0507798511097717	0.803309113640813	0.00233902754594076	51.6286336195766	0.895585783622075
10.125	27.5	0.0533101645670471	0.803571840984778	0.0025186652032887	51.4487208518534	0.895864118102375
10.375	27.5	0.056154151549479	0.80385802889032	0.00270815903546542	51.2686880302551	0.896176956670443
10.625	27.5	0.0594614325764182	0.804168713141388	0.00290454850511619	51.088521330897	0.896540757583406
10.875	27.5	0.0634216412451403	0.804504411476649	0.00310356709972162	50.9082030166096	0.896976380536965
11.125	27.5	0.0682723764586854	0.804864890350682	0.00329932326424601	50.7277106033377	0.897509961410455
11.375	27.5	0.0743089755229229	0.805248862987101	0.00348392788007783	50.5470158882769	0.898173987307522
11.625	27.5	0.0818962542218359	0.805653605596262	0.00364708756108228	50.3660838123228	0.899008587964402
11.875	27.5	0.0914817523069881	0.806074485169251	0.00377571669826956	50.1848711331064	0.900062992753769
12.125	27.5	0.103608783323163	0.806504409391595	0.00385367653557421	50.0033249055783	0.901396966165548
12.375	27.5	0.118925426727774	0.8069332442504	0.00386182944636544	49.8213808192015	0.903081796940055
12.625	27.5	0.138182312267762	0.807347306873824	0.00377869248447247	49.6389615434717	0.905200054349454
12.875	27.5	0.162207842673892	0.807729136828497	0.00358205213622758	49.4559754061786	0.907842862694128
13.125	27.5	0.191845654096097	0.808057871299907	0.00325188586423868	49.2723159775495	0.911103021950571
13.375	27.5	0.227838834814735	0.808310652062652	0.00277470575108268	49.0878634219604	0.915062271829621
13.625	27.5	0.270654241424909	0.808465455084971	0.00214888224975536	48.9024886867473	0.91977196655674
13.875	27.5	0.320264042961189	0.808505360382578	0.00138965301886793	48.7160614912103	0.925229044725731
14.125	27.5	0.375939981332934	0.808423428281985	0.000531729422292749	48.5284623656346	0.931353397946623
14.375	27.5	0.436152218602424	0.808226269825879	-0.000372627961150185	48.3395975377641	0.937976744046267
14.625	27.5	0.49866473320555	0.80793400639079	-0.00126089466008049	48.1494136431318	0.944853120652611
14.875	27.5	0.560854434613223	0.807575633790836	-0.0020713831064205	47.9579080541639	0.951693987807455
15.125	27.5	0.620170348733902	0.807181509955152	-0.00275452922681151	47.7651312054527	0.958218738360729
15.375	27.5	0.674567180973119	0.806776584723081	-0.00328047420595999	47.5711798301258	0.964202389907043
15.625	27.5	0.722762241929155	0.806377214191066	-0.0036408849613287	47.3761832499083	0.969503846612207
15.875	27.5	0.764263999693953	0.805991779767183	-0.00384558929664533	47.1802869246481	0.974069039966335
16.125	27.5	0.79922544629323	0.80562333177297	-0.00391636974141113	46.9836374303511	0.977914799092255
16.375	27.5	0.828221978286732	0.805272313155735	-0.00388047012057332	46.7863714353432	0.98110441761154
16.625	27.5	0.852038761212925	0.804938373164702	-0.00376548316280582	46.5886093184553	0.983724263733422
16.875	27.5	0.871511496813197	0.804621201698543	-0.00359617413992481	46.3904527311104	0.985866264649452
17.125	27.5	0.887428542263056	0.804320724635766	-0.00339302546516442	46.1919848691808	0.987617139648936
17.375	27.5	0.900482966367995	0.804037014122711	-0.00317197493316079	45.9932722644118	0.989053126300479
17.625	27.5	0.911257811413413	0.80377013637495	-0.00294482296829943	45.7943672079553	0.990238359255475
17.875	27.5	0.920229973936689	0.803520034661651	-0.00271992106431295	45.595310253895	0.991225297133036
18.125	27.5	0.927782569721257	0.803286470366118	-0.00250290590315464	45.396132515415	0.992056082669338
18.375	27.5	0.934219774841941	0.803069012690473	-0.00229736124329127	45.1968576393836	0.992764175232614
18.625	27.5	0.939781090416128	0.802867059341129	-0.00210536420298295	44.997503442411	0.993375919945774
18.875	27.5	0.944653788362103	0.802679872522405	-0.00192791280120917	44.7980832375654	0.993911916719831
19.125	27.5	0.948983264082147	0.802506619339752	-0.00176524954646007	44.598606897121	0.994388159049036
19.375	27.5	0.952881463011563	0.802346410159553	-0.00161710122985638	44.3990816976663	0.994816960931272
19.625	27.5	0.956433696073269	0.802198331713911	-0.00148285433083601	44.1995129884526	0.99520770656806
19.875	27.5	0.95970416464269	0.802061473804269	-0.00136168231149357	43.9999047167238	0.995567458110696
20.125	27.5	0.962740464899183	0.801934949643119	-0.00125263747552471	43.8002598371073	0.99590145113891
20.375	27.5	0.965577278756125	0.801817910471244	-0.00115471684336038	43.6005806267063	0.996213500663174
20.625	27.5	0.968239403494459	0.801709555330083	-0.00106690892115919	43.4008689233819	0.99650633438439
20.875	27.5	0.970744230954242	0.801609136912636	-0.000988226320291328	43.2011263016122	0.996781865404967
21.125	27.5	0.973103759353444	0.801515964351292	-0.000917727810156089	43.0013541979907	0.997041413528879
21.375	27.5	0.975326203610525	0.801429403693851	-0.000854532429406168	42.8015539965987	0.997285882397158
21.625	27.5	0.977417260027378	0.801348876696004	-0.000797827619942232	42.6017270829879	0.997515898603012
21.875	27.5	0.979381075356358	0.801273858440115	-0.000746872887551725	42.4018748742011	0.997731918289199
22.125	27.5	0.981220966421848	0.801203874185109	-0.000701000164929824	42.2019988310784	0.997934306306403
22.375	27.5	0.98293993318279	0.801138495760886	-0.000659611808243771	42.0021004580226	0.998123392650107
22.625	27.5	0.984541004659964	0.801077337744579	-0.00062217696803853	41.8021812944119	0.998299510512596
22.875	27.5	0.98602745324271	0.801020053596347	-0.000588226920685306	41.6022429009655	0.998463019856698
23.125	27.5	0.98740290856545	0.800966331880293	-0.000557349817730891	41.4022868435919	0.9986143199422
23.375	27.5	0.988671397591485	0.800915892658793	-0.000529185201737241	41.202314676582	0.998753853735063
23.625	27.5	0.989837332994421	0.800868484117239	-0.000503418546072626	41.0023279264569	0.998882106629386
23.875	27.5	0.990905467604997	0.800823879451639	-0.000479776000311821	40.8023280773286	0.99899960143655
24.125	27.5	0.991880828759487	0.80078187403513	-0.000458019461466033	40.6023165582814	0.999106891163544
24.375	27.5	0.9927686429503	0.800742282864191	-0.000437942042916424	40.4022947330162	0.999204550724533
24.625	27.5	0.993574258285552	0.800704938277741	-0.000419363975476914	40.2022638918052	0.999293168411411
24.875	27.5	0.994303069909578	0.800669687934385	-0.000402128948014731	40.002225245671	0.999373337690054
25.125	27.5	0.994960451684317	0.800636393029308	-0.000386100875536047	39.8021799226183	0.999445649685275
25.375	27.5	0.995551696023669	0.800604926730996	-0.000371161070226192	39.6021289656971	0.999510686562604
25.625	27.5	0.996081962741399	0.800575172815085	-0.00035720578331161	39.40207333265	0.999569015901554
25.875	27.5	0.996556237048438	0.800547024475289	-0.000344144081947551	39.2020138968972	0.999621186075328
26.125	27.5	0.996979296351719	0.800520383289691	-0.000331896024411621	39.001951449616	0.999667722598689
26.375	27.5	0.997355685206384	0.800495158323852	-0.000320391097775076	38.8018867026926	0.999709125372702
26.625	27.5	0.997689697606992	0.800471265353068	-0.000309566884453417	38.6018202923436	0.999745866736769
26.875	27.5	0.997985365732399	0.800448626187292	-0.00029936792674096	38.4017527832279	0.999778390230564
27.125	27.5	0.998246454251968	0.800427168084935	-0.000289744761651321	38.2016846728926	0.999807109967716
27.375	27.5	0.998476459334931	0.800406823242926	-0.000280653101502576	38.0016163964218	0.999832410526842
27.625	27.5	0.998678611563184	0.800387528351632	-0.000272053138752123	37.8015483311756	0.99985464727195
27.875	27.5	0.998855882018961	0.800369224205886	-0.000263908956378193	37.6014808015272	0.999874147022086
28.125	27.5	0.999010990894666	0.800351855362911	-0.000256188027889943	37.401414083524	0.999891208998413
28.375	27.5	0.99914641804834	0.800335369841016	-0.000248860792891648	37.2013484094123	0.999906105985317
28.625	27.5	0.999264415000672	0.800319718852476	-0.000241900296755087	37.001283971981	0.999919085650074
28.875	27.5	0.999367017937715	0.800304856565811	-0.000235281884041839	36.8012209286883	0.999930371973149
29.125	27.5	0.999456061346113	0.800290739893132	-0.000228982937423507	36.6011594055498	0.999940166748072
29.375	27.5	0.999533191964797	0.800277328298898	-0.000222982654704117	36.4010995007686	0.999948651116128
29.625	27.5	0.99959988278877	0.800264583626652	-0.000217261857922232	36.2010412881026	0.999955987106765
29.875	27.5	0.99965744690691	0.800252469942355	-0.00021180282932979	36.0009848199639	0.99996231915976
30.125	27.5	0.999707050997354	0.800240953390613	-0.000206589169926903	35.8009301302534	0.999967775609709
30.375	27.5	0.99974972834086	0.800230002063107	-0.000201605676889521	35.6008772369367	0.999972470117495
30.625	27.5	0.999786391245105	0.800219585877755	-0.000196838236862119	35.4008261443708	0.999976503036962
30.875	27.5	0.99981784280159	0.800209676466327	-0.00019227373245718	35.2007768453932	0.999979962708175
31.125	27.5	0.999844787921715	0.800200247070896	-0.000187899959959785	35.0007293231859	0.999982926671389
31.375	27.5	0.999867843619851	0.800191272446895	-0.00018370555630579	34.8006835529299	0.999985462798184
31.625	27.5	0.999887548529538	0.800182728773257	-0.000179679934050902	34.6006395032651	0.999987630338249
31.875	27.5	0.999904371653991	0.800174593567994	-0.000175813222888968	34.4005971375703	0.999989480881939
32.125	27.5	0.999918720364582	0.800166845609419	-0.000172096216923785	34.2005564150792	0.999991059240104
32.375	27.5	0.999930947670869	0.80015946486199	-0.000168520326746649	34.0005172918483	0.999992404243796
32.625	27.5	0.999941358793421	0.800152432407086	-0.000165077535671992	33.8004797215897	0.999993549467276
32.875	27.5	0.999950217076401	0.800145730377495	-0.000161760359594941	33.6004436563833	0.999994523878404
33.125	27.5	0.99995774928084	0.800139341896332	-0.000158561810030988	33.4004090472828	0.999995352420892
33.375	27.5	0.99996415030189	0.800133251019046	-0.000155475359920439	33.2003758448253	0.999996056533208
33.625	27.5	0.999969587354654	0.800127442679211	-0.0001524949119428	33.0003439994579	0.999996654609012
33.875	27.5	0.99997420367318	0.800121902637475	-0.000149614769078942	32.8003134618909	0.99999716240405
34.125	27.5	0.999978121766463	0.800116617433305	-0.000146829607184363	32.6002841833866	0.999997593394311
34.375	27.5	0.999981446273993	0.800111574339711	-0.000144134449454222	32.4002561159934	0.999997959090139
34.625	27.5	0.999984266461233	0.800106761320834	-0.000141524642614058	32.2002292127315	0.999998269310736
34.875	27.5	0.999986658393294	0.80010216699164	-0.000138995834633649	32.0002034277386	0.999998532423262
35.125	27.5	0.999988686822404	0.800097780580246	-0.000136543954045862	31.8001787163794	0.999998755550464
35.375	27.5	0.999990406822	0.800093591892553	-0.000134165190524655	31.6001550353276	0.99999894475042
35.625	27.5	0.999991865197702	0.800089591278802	-0.000131855976850507	31.4001323426213	0.999999105171747
35.875	27.5	0.999993101702467	0.800085769602241	-0.000129612972057302	31.200110597699	0.999999241187271
36.125	27.5	0.999994150080689	0.800082118209669	-0.000127433045736488	31.0000897614178	0.999999356508876
36.375	27.5	0.999995038963374	0.800078628903678	-0.000125313263423462	30.8000697960576	0.999999454285971
36.625	27.5	0.999995792634135	0.80007529391669	-0.000123250872972346	30.600050665314	0.999999537189755
36.875	27.5	0.999996431683511	0.800072105886464	-0.000121243291919334	30.4000323342823	0.999999607485186
37.125	27.5	0.999996973566961	0.800069057833123	-0.00011928809570496	30.2000147694329	0.999999667092366
37.375	27.5	0.999997433080097	0.800066143137481	-0.00011738300674177	29.9999979385828	0.999999717638811
37.625	27.5	0.999997822762896	0.800063355520907	-0.000115525884273529	29.7999818108611	0.999999760503919
37.875	27.5	0.99999815324317	0.800060689026107	-0.000113714714953986	29.5999663566721	0.999999796856749
38.125	27.5	0.999998433528162	0.800058137999307	-0.000111947604109665	29.3999515476557	0.999999827688098
38.375	27.5	0.999998671251903	0.800055697073353	-0.000110222767633315	29.199937356647	0.999999853837709
38.625	27.5	0.999998872884941	0.800053361151897	-0.000108538524481899	28.9999237576334	0.999999876017344
38.875	27.5	0.999999043912081	0.800051125394559	-0.000106893289708702	28.7999107257133	0.999999894830329
39.125	27.5	0.999999188982951	0.800048985202885	-0.000105285568011258	28.5998982370532	0.999999910788125
39.375	27.5	0.999999312039542	0.800046936207204	-0.000103713947745476	28.3998862688459	0.99999992432435
39.625	27.5	0.999999416424221	0.800044974254232	-0.000102177095406439	28.1998747992692	0.999999935806664
39.875	27.5	0.999999504971192	0.800043095395439	-0.000100673750450622	27.9998638074458	0.999999945546831
40.125	27.5	0.999999580083971	0.800041295876095	-9.92027205709717e-05	27.7998532734028	0.999999953809237
40.375	27.5	0.999999643800993	0.800039572124916	-9.77628772534598e-05	27.5998431780344	0.999999960818109
40.625	27.5	0.999999697851179	0.800037920744333	-9.63531516896944e-05	27.3998335030639	0.99999996676363
40.875	27.5	0.999999743701022	0.800036338501356	-9.49725309752302e-05	27.1998242310081	0.999999971807112
41.125	27.5	0.99999978259448	0.800034822318917	-9.36200545702496e-05	26.9998153451422	0.999999976085393
41.375	27.5	0.999999815586788	0.80003336926775	-9.229481102432e-05	26.7998068294668	0.999999979714547
41.625	27.5	0.999999843573109	0.800031976558676	-9.09959349249686e-05	26.5997986686754	0.999999982793042
41.875	27.5	0.999999867312834	0.800030641535378	-8.97226040765819e-05	26.3997908481237	0.999999985404412
42.125	27.5	0.999999887450189	0.800029361667581	-8.8474036841432e-05	26.1997833538	0.999999987619521
42.375	27.5	0.999999904531683	0.800028134544521	-8.72494897061959e-05	25.9997761722968	0.999999989498485
42.625	27.5	0.999999919020951	0.800026957869019	-8.60482549774689e-05	25.7997692907837	0.999999991092305
42.875	27.5	0.999999931311301	0.80002582945149	-8.48696586622153e-05	25.5997626969813	0.999999992444243
43.125	27.5	0.999999941736389	0.800024747204676	-8.371305848534e-05	25.3997563791368	0.999999993591003
43.375	27.5	0.99999995057926	0.800023709138477	-8.25778420183871e-05	25.1997503259998	0.999999994563719
43.625	27.5	0.999999958080018	0.800022713354981	-8.14634249646306e-05	24.9997445268	0.999999995388802
43.875	27.5	0.999999964442345	0.800021758044003	-8.0369249532452e-05	24.7997389712254	0.999999996088658
44.125	27.5	0.999999969839017	0.800020841478624	-7.92947829307909e-05	24.5997336494019	0.999999996682292
44.375	27.5	0.999999974416591	0.800019962011147	-7.82395159441615e-05	24.3997285518732	0.999999997185825
44.625	27.5	0.999999978299384	0.800019118069147	-7.72029616188745e-05	24.1997236695827	0.999999997612932
44.875	27.5	0.999999981592849	0.800018308151788	-7.61846540176767e-05	23.9997189938549	0.999999997975213
45.125	27.5	0.999999984386434	0.800017530826354	-7.5184147068968e-05	23.7997145163789	0.999999998282508
45.375	27.5	0.999999986756015	0.800016784724895	-7.42010134592511e-05	23.5997102291916	0.999999998543162
45.625	27.5	0.999999988765948	0.800016068541079	-7.3234843630987e-05	23.3997061246628	0.999999998764254
45.875	27.5	0.999999990470822	0.800015381027314	-7.22852448101777e-05	23.1997021954797	0.99999999895179
46.125	27.5	0.999999991916937	0.800014720991763	-7.13518401238977e-05	22.9996984346335	0.999999999110863
46.375	27.5	0.999999993143569	0.800014087295778	-7.04342677322911e-05	22.7996948354054	0.999999999245793
46.625	27.5	0.999999994184029	0.800013478851366	-6.95321800558925e-05	22.5996913913539	0.999999999360243
46.875	27.5	0.999999995066575	0.80001289461872	-6.86452430222766e-05	22.399688096303	0.999999999457323
47.125	27.5	0.999999995815178	0.800012333603958	-6.77731353570651e-05	22.1996849443299	0.99999999953967
47.375	27.5	0.999999996450165	0.80001179485696	-6.69155479358549e-05	21.9996819297542	0.999999999609518
47.625	27.5	0.999999996988781	0.800011277469301	-6.60721831528038e-05	21.7996790471274	0.999999999668766
47.875	27.5	0.999999997445648	0.800010780572299	-6.52427543406819e-05	21.5996762912226	0.999999999719021
48.125	27.5	0.999999997833176	0.800010303335152	-6.44269852273891e-05	21.399673657025	0.999999999761649
48.375	27.5	0.999999998161889	0.80000984496315	-6.36246093959785e-05	21.1996711397226	0.999999999797808
48.625	27.5	0.999999998440715	0.800009404696075	-6.28353698212696e-05	20.9996687346973	0.999999999828479
48.875	27.5	0.999999998677223	0.800008981806477	-6.20590183921832e-05	20.799666437517	0.999999999854495
49.125	27.5	0.999999998877839	0.800008575598314	-6.12953154884811e-05	20.599664243927	0.999999999876562
49.375	27.5	0.999999999048007	0.800008185405363	-6.05440295568096e-05	20.3996621498427	0.999999999895281
49.625	27.5	0.999999999192349	0.80000781058998	-5.98049367391862e-05	20.1996601513426	0.999999999911158
49.875	27.5	0.999999999314784	0.800007450541696	-5.907782051162e-05	19.9996582446605	0.999999999924626
50.125	27.5	0.999999999418638	0.800007104676065	-5.83624713179049e-05	19.79965642618	0.99999999993605
50.375	27.5	0.999999999506729	0.800006772433424	-5.76586862698082e-05	19.5996546924271	0.99999999994574
50.625	27.5	0.99999999958145	0.800006453277766	-5.69662688334746e-05	19.3996530400648	0.999999999953959
50.875	27.5	0.999999999644832	0.800006146695763	-5.62850285385908e-05	19.1996514658873	0.999999999960932
51.125	27.5	0.999999999698594	0.80000585219566	-5.56147806989535e-05	18.9996499668142	0.999999999966845
51.375	27.5	0.999999999744196	0.800005569306333	-5.4955346181862e-05	18.7996485398853	0.999999999971862
51.625	27.5	0.999999999782877	0.800005297576398	-5.43065511356335e-05	18.5996471822557	0.999999999976116
51.875	27.5	0.999999999815689	0.800005036573325	-5.36682267832422e-05	18.399645891191	0.999999999979726
52.125	27.5	0.999999999843517	0.800004785882585	-5.30402091852973e-05	18.1996446640624	0.999999999982787
52.375	27.5	0.999999999867122	0.800004545106866	-5.24223390648551e-05	17.9996434983427	0.999999999985383
52.625	27.5	0.999999999887147	0.800004313865346	-5.18144615889478e-05	17.7996423916019	0.999999999987586
52.875	27.5	0.999999999904133	0.800004091792932	-5.12164262011009e-05	17.599641341503	0.999999999989455
53.125	27.5	0.99999999991854	0.800003878539612	-5.06280864503867e-05	17.3996403457986	0.999999999991039
53.375	27.5	0.999999999930762	0.80000367376979	-5.00492998235061e-05	17.1996394023267	0.999999999992384
53.625	27.5	0.999999999941128	0.800003477161634	-4.94799276095457e-05	16.9996385090076	0.999999999993524
53.875	27.5	0.99999999994992	0.800003288406529	-4.89198347345033e-05	16.7996376638403	0.999999999994491
54.125	27.5	0.999999999957376	0.800003107208475	-4.83688896441169e-05	16.5996368648993	0.999999999995311
54.375	27.5	0.999999999963699	0.800002933283598	-4.78269641739227e-05	16.3996361103317	0.999999999996007
54.625	27.5	0.999999999969064	0.800002766359577	-4.72939334137767e-05	16.1996353983538	0.999999999996597
54.875	27.5	0.999999999973617	0.800002606175183	-4.67696756329449e-05	15.9996347272489	0.999999999997098
55.125	27.5	0.999999999977478	0.800002452479803	-4.62540721334186e-05	15.7996340953641	0.999999999997523
55.375	27.5	0.999999999980754	0.800002305033021	-4.5747007179161e-05	15.5996335011077	0.999999999997883
55.625	27.5	0.999999999983532	0.800002163604158	-4.52483678882398e-05	15.399632942947	0.999999999998188
55.875	27.5	0.999999999985887	0.800002027971863	-4.47580441526402e-05	15.1996324194059	0.999999999998448
56.125	27.5	0.999999999987885	0.800001897923767	-4.42759285607325e-05	14.9996319290624	0.999999999998667
56.375	27.5	0.99999999998958	0.800001773256064	-4.38019163082405e-05	14.7996314705462	0.999999999998854
56.625	27.5	0.999999999991018	0.800001653773179	-4.33359051366689e-05	14.5996310425374	0.999999999999012
56.875	27.5	0.999999999992237	0.800001539287441	-4.28777952641743e-05	14.3996306437637	0.999999999999146
57.125	27.5	0.999999999993271	0.800001429618712	-4.24274893241946e-05	14.1996302729987	0.99999999999926
57.375	27.5	0.999999999994149	0.80000132459415	-4.19848923034107e-05	13.9996299290603	0.999999999999356
57.625	27.5	0.999999999994894	0.800001224047835	-4.15499114902115e-05	13.7996296108086	0.999999999999438
57.875	27.5	0.999999999995525	0.800001127820537	-4.11224564285991e-05	13.5996293171444	0.999999999999508
58.125	27.5	0.999999999996061	0.800001035759422	-4.07024388586952e-05	13.3996290470073	0.999999999999567
58.375	27.5	0.999999999996515	0.800000947717799	-4.02897726891239e-05	13.1996287993746	0.999999999999617
58.625	27.5	0.9999999999969	0.800000863554852	-3.98843739432841e-05	12.9996285732594	0.999999999999659
58.875	27.5	0.999999999997228	0.80000078313542	-3.94861607315986e-05	12.7996283677092	0.999999999999695
59.125	27.5	0.999999999997505	0.80000070632976	-3.90950532081942e-05	12.5996281818047	0.999999999999726
59.375	27.5	0.999999999997741	0.800000633013323	-3.87109735463217e-05	12.3996280146583	0.999999999999752
59.625	27.5	0.999999999997941	0.800000563066518	-3.83338459083201e-05	12.199627865413	0.999999999999774
59.875	27.5	0.999999999998111	0.800000496374562	-3.79635964079588e-05	11.9996277332411	0.999999999999792
60.125	27.5	0.999999999998254	0.800000432827204	-3.76001530972754e-05	11.7996276173428	0.999999999999808
60.375	27.5	0.999999999998376	0.800000372318619	-3.7243445943518e-05	11.5996275169456	0.999999999999821
60.625	27.5	0.999999999998478	0.800000314747137	-3.6893406792907e-05	11.3996274313027	0.999999999999833
60.875	27.5	0.999999999998564	0.800000260015142	-3.65499693650203e-05	11.1996273596922	0.999999999999842
61.125	27.5	0.999999999998639	0.800000208028832	-3.62130692280669e-05	10.9996273014163	0.99999999999985
61.375	27.5	0.999999999998701	0.800000158698103	-3.58826437821662e-05	10.7996272558	0.999999999999857
61.625	27.5	0.999999999998756	0.800000111936365	-3.55586322434997e-05	10.5996272221905	0.999999999999863
61.875	27.5	0.999999999998803	0.800000067660378	-3.52409756249868e-05	10.3996271999561	0.999999999999868
62.125	27.5	0.999999999998844	0.800000025790121	-3.49296167251006e-05	10.1996271884855	0.999999999999873
62.375	27.5	0.999999999998879	0.799999986248605	-3.4624500109831e-05	9.99962718718728	0.999999999999877
62.625	27.5	0.999999999998905	0.799999948961779	-3.43255721027939e-05	9.79962719548852	0.99999999999988
62.875	27.5	0.999999999998921	0.799999913858348	-3.40327807649472e-05	9.59962721283466	0.999999999999881
63.125	27.5	0.999999999998924	0.79999988086967	-3.37460758888204e-05	9.39962723868861	0.999999999999882
63.375	27.5	0.999999999998915	0.799999849929585	-3.34654089720085e-05	9.19962727253008	0.999999999999881
63.625	27.5	0.999999999998899	0.79999982097431	-3.31907332127539e-05	8.99962731385505	0.999999999999879
63.875	27.5	0.999999999998891	0.799999793942324	-3.29220034924465e-05	8.79962736217513	0.999999999999878
64.125	27.5	0.999999999998913	0.799999768774206	-3.26591763540976e-05	8.59962741701705	0.99999999999988
64.375	27.5	0.99999999999899	0.799999745412537	-3.2402209994291e-05	8.39962747792215	0.999999999999889
64.625	27.5	0.999999999999137	0.79999972380179	-3.21510642333652e-05	8.19962754444584	0.999999999999905
64.875	27.5	0.999999999999339	0.799999703888218	-3.190570051204e-05	7.99962761615723	0.999999999999927
65.125	27.5	0.999999999999533	0.799999685619695	-3.16660818562488e-05	7.79962769263863	0.999999999999949
65.375	27.5	0.999999999999595	0.799999668945666	-3.14321728640617e-05	7.59962777348517	0.999999999999955
65.625	27.5	0.999999999999361	0.799999653817014	-3.12039396800001e-05	7.39962785830447	0.99999999999993
65.875	27.5	0.999999999998679	0.799999640185953	-3.09813499689752e-05	7.19962794671623	0.999999999999855
66.125	27.5	0.999999999997517	0.799999628005933	-3.07643728939766e-05	6.99962803835195	0.999999999999727
66.375	27.5	0.999999999996086	0.799999617231539	-3.05529790800553e-05	6.79962813285461	0.999999999999569
66.625	27.5	0.999999999994953	0.799999607818396	-3.03471405943763e-05	6.59962822987841	0.999999999999445
66.875	27.5	0.999999999995039	0.799999599723073	-3.01468309090266e-05	6.39962832908851	0.999999999999454
67.125	27.5	0.999999999997435	0.799999592902982	-2.9952024866399e-05	6.19962843016076	0.999999999999718
67.375	27.5	1.00000000000295	0.799999587316325	-2.97626986490509e-05	5.99962853278155	1.00000000000032
67.625	27.5	1.0000000000114	0.799999582921966	-2.95788297375322e-05	5.79962863664763	1.00000000000125
67.875	27.5	1.00000000002089	0.799999579679407	-2.94003968714806e-05	5.59962874146596	1.0000000000023
68.125	27.5	1.00000000002724	0.799999577548681	-2.92273800001389e-05	5.3996288469536	1.000000000003
68.375	27.5	1.00000000002428	0.799999576490328	-2.90597602372957e-05	5.19962895283767	1.00000000000267
68.625	27.5	1.00000000000538	0.799999576465312	-2.88975198078045e-05	4.99962905885526	1.00000000000059
68.875	27.5	0.999999999966531	0.799999577434936	-2.87406420005525e-05	4.79962916475329	0.999999999996318
69.125	27.5	0.999999999910631	0.7999995793608	-2.85891111310868e-05	4.59962927028835	0.999999999990169
69.375	27.5	0.999999999851931	0.799999582204645	-2.84429125234646e-05	4.39962937522645	0.999999999983712
69.625	27.5	0.999999999818245	0.799999585928263	-2.83020325082135e-05	4.19962947934269	0.999999999980007
69.875	27.5	0.999999999848025	0.799999590493384	-2.81664584276014e-05	3.99962958242095	0.999999999983283
70.125	27.5	0.9999999999793	0.799999595861589	-2.80361786183379e-05	3.79962968425376	0.999999999997723
70.375	27.5	1.00000000022925	0.799999601994346	-2.79111823212171e-05	3.59962978464254	1.00000000002522
70.625	27.5	1.00000000056704	0.799999608853156	-2.77914594398432e-05	3.39962988339834	1.00000000006237
70.875	27.5	1.0000000008886	0.799999616399868	-2.76770001255753e-05	3.19962998034318	1.00000000009775
71.125	27.5	1.00000000100938	0.799999624597129	-2.75677942179176e-05	2.99963007531175	1.00000000011103
71.375	27.5	1.00000000069613	0.799999633408779	-2.74638307601707e-05	2.79963016815287	1.00000000007657
71.625	27.5	0.999999999757064	0.799999642799917	-2.73650979869533e-05	2.59963025872957	0.999999999973277
71.875	27.5	0.999999998194763	0.799999652736228	-2.72715843670917e-05	2.39963034691657	0.999999999801424
72.125	27.5	0.999999996391461	0.799999663182162	-2.71832811956491e-05	2.19963043259394	0.999999999603061
72.375	27.5	0.999999995243971	0.799999674097795	-2.71001867272067e-05	1.99963051563734	0.999999999476837
72.625	27.5	0.999999996106724	0.799999685435042	-2.70223106678481e-05	1.79963059590735	0.99999999957174
72.875	27.5	1.00000000036961	0.79999969713489	-2.6949676101528e-05	1.59963067324406	1.00000000004066
73.125	27.5	1.00000000854506	0.799999709128826	-2.68823141750562e-05	1.39963074747642	1.00000000093996
73.375	27.5	1.00000001892878	0.799999721348416	-2.68202463656759e-05	1.19963081845622	1.00000000208217
73.625	27.5	1.00000002626892	0.799999733746118	-2.67634518600294e-05	0.999630886121601	1.00000000288958
73.875	27.5	1.00000002138918	0.799999746326171	-2.67118254406698e-05	0.79963095057922	1.00000000235281
74.125	27.5	0.999999993168966	0.799999759175851	-2.66651449621272e-05	0.599631012168843	0.999999999248586
74.375	27.5	0.999999934300314	0.799999772479851	-2.66230841594876e-05	0.399631071442793	0.999999992773035
74.625	27.5	0.999999851264133	0.799999811241554	-2.65853199409312e-05	0.19963112897004	0.999999983639055
74.875	27.5	0.999999776484791	0.399999728574941	-2.65584645405834e-05	-0.000368827502413199	0.999999975413327
0.125	28.5	7.35962961877135e-07	0.400018073441231	0.00049323069008653	58.5923170147055	0.890000080955926
0.375	28.5	-3.04745300913608e-06	0.800054501195608	0.000493575293960293	58.4143089558323	0.889999664780169
0.625	28.5	-1.15563146426861e-05	0.800091168743348	0.000494268877064059	58.2362928957706	0.889998728805389
0.875	28.5	-2.55480475746951e-05	0.800128191040715	0.000495321929281037	58.0582688942775	0.889997189714767
1.125	28.5	-4.4893945449299e-05	0.800165757591149	0.000496748320181734	57.8802369750521	0.889995061666001
1.375	28.5	-6.78968285282205e-05	0.800204040213898	0.00049856507244446	57.7021971078928	0.889992531348862
1.625	28.5	-9.06323228572049e-05	0.800243216197426	0.000500791566344584	57.5241491653798	0.889990030444486
1.875	28.5	-0.000106374175209564	0.800283467278919	0.000503448529750703	57.3460928657201	0.889988298840727
2.125	28.5	-0.000105185237619848	0.800324978338928	0.000506556894216469	57.1680277045636	0.889988429623862
2.375	28.5	-7.37542635101079e-05	0.800367936213591	0.000510136627633307	56.9899528803906	0.889991887031014
2.625	28.5	4.46004625042993e-06	0.800412528958107	0.000514205679668245	56.8118672196295	0.890000490605088
2.875	28.5	0.000148747780393112	0.80045894581114	0.000518779189520507	56.633769108662	0.890016362255843
3.125	28.5	0.000380338427197774	0.800507378010988	0.000523869104000053	56.4556564400876	0.890041837226992
3.375	28.5	0.000721313101840236	0.800558020505916	0.000529484336340184	56.2775265799439	0.890079344441202
3.625	28.5	0.00119332429934447	0.800611074508852	0.000535631564564336	56.0993763610494	0.890131265672928
3.875	28.5	0.00181623548094506	0.800666750778277	0.000542316727045078	55.9212021054131	0.890199785902904
4.125	28.5	0.00260680575613885	0.800725273478849	0.000549547227243466	55.7429996759896	0.890286748633175
4.375	28.5	0.00357754278350727	0.800786884482905	0.000557334815262619	55.5647645552777	0.890393529706186
4.625	28.5	0.00473583022383712	0.800851848015559	0.000565699075400071	55.3864919456827	0.890520941324622
4.875	28.5	0.0060834069248866	0.800920455613673	0.000574671419283628	55.2081768845012	0.890669174761738
5.125	28.5	0.00761623719862615	0.800993031448641	0.000584299464393693	55.0298143650589	0.890837786091849
5.375	28.5	0.00932476969963091	0.801069938153658	0.000594651664563977	54.8513994550978	0.891025724666959
5.625	28.5	0.0111945416146477	0.801151583374554	0.000605822048475632	54.6729274039848	0.891231399577611
5.875	28.5	0.0132070502087183	0.801238427329081	0.000617934906545348	54.4943937316375	0.891452775522959
6.125	28.5	0.015340789827185	0.80133099168321	0.000631149238374026	54.3157942940379	0.89168748688099
6.375	28.5	0.017572342772549	0.801429870024954	0.000645662727250987	54.1371253225729	0.89193295770498
6.625	28.5	0.0198774190056753	0.801535740108286	0.000661714941687175	53.9583834368581	0.892186516090624
6.875	28.5	0.0222317622177589	0.801649377850009	0.000679589381263697	53.7795656328307	0.892445493843953
7.125	28.5	0.0246118759829621	0.801771672777775	0.000699613895487361	53.6006692494081	0.892707306358126
7.375	28.5	0.0269955686699771	0.801903644274004	0.000722158924106778	53.4216919176735	0.892969512553697
7.625	28.5	0.0293623630620129	0.802046457559112	0.000747632954911332	53.2426314962397	0.893229859936821
7.875	28.5	0.0316938588834161	0.80220143795391	0.00077647458602797	53.0634859952022	0.893486324477176
8.125	28.5	0.0339741666887332	0.802370081603348	0.000809140624640737	52.8842534890988	0.893737158335761
8.375	28.5	0.0361905444763668	0.802554060575934	0.000846089751827841	52.7049320168723	0.8939809598924
8.625	28.5	0.0383343613107809	0.802755220109664	0.000887761418173484	52.5255194643823	0.894216779744186
8.875	28.5	0.0404024860718512	0.802975565772734	0.000934549773782305	52.3460134229509	0.894444273467904
9.125	28.5	0.0423991589710551	0.803217238428818	0.000986772531940937	52.1664110161156	0.894663907486816
9.375	28.5	0.0443383571106854	0.803482475099053	0.00104463465761038	51.9867086864076	0.894877219282175
9.625	28.5	0.0462466243617455	0.803773554013288	0.0011081865989504	51.8069019345899	0.895087128679792
9.875	28.5	0.0481663128048206	0.804092722232682	0.00117727638986778	51.626985005126	0.89529829440853
10.125	28.5	0.0501591898977216	0.804442104072412	0.00125149432229716	51.446950513213	0.895517510888749
10.375	28.5	0.0523104113978733	0.804823588035295	0.00133010804526878	51.2667890097833	0.895754145253766
10.625	28.5	0.0547329482597742	0.805238688970337	0.0014119850094998	51.0864884806266	0.896020624308575
10.875	28.5	0.0575726810465519	0.805688380651832	0.00149549838628857	50.9060337733829	0.896332994915121
11.125	28.5	0.06101452016607	0.80617289195828	0.00157841240445088	50.7254059410316	0.896711597218268
11.375	28.5	0.0652900382665534	0.806691457494307	0.00165774424232501	50.544581482596	0.897181904209321
11.625	28.5	0.0706871474741955	0.807242011244738	0.00172960343370574	50.3635314520637	0.897775586222162
11.875	28.5	0.0775622087053961	0.807820810530748	0.0017890180874409	50.1822203976661	0.898531842957594
12.125	28.5	0.0863544449242661	0.808421978855081	0.00182977268222312	50.0006050912352	0.899498988941669
12.375	28.5	0.0976013771043078	0.809036963565266	0.00184430774366832	49.8186330213612	0.900736151481474
12.625	28.5	0.111951859244082	0.809653924053377	0.00182376923362786	49.6362406707555	0.902314704516849
12.875	28.5	0.130169821540073	0.810257109717823	0.00175834214850643	49.453351700744	0.904318680369408
13.125	28.5	0.153117038584222	0.810826370661005	0.00163804399810031	49.2698753506499	0.906842874244264
13.375	28.5	0.181698161169936	0.811337083186613	0.00145415326402165	49.0857056425068	0.909986797728693
13.625	28.5	0.2167490733624	0.811760954109882	0.0012013426439373	48.9007223335505	0.913842398069864
13.875	28.5	0.258856566150274	0.812068295571975	0.000880307158338408	48.7147948540296	0.91847422227653
14.125	28.5	0.308121116728922	0.812232194007525	0.000500219453118813	48.5277904354496	0.923893322840181
14.375	28.5	0.363917506933475	0.812234220425378	7.98894699242446e-05	48.3395869037145	0.930030925762682
14.625	28.5	0.424754356014198	0.812069960639632	-0.000353539255922198	48.1500889634751	0.936722979161562
14.875	28.5	0.488343816848147	0.811751581159744	-0.000768767087372947	47.9592446073104	0.943717819853296
15.125	28.5	0.551927236514085	0.811305379039256	-0.0011363811309876	47.7670567472629	0.950711996016549
15.375	28.5	0.612774744806999	0.810765073648176	-0.00143457475854438	47.5735857291731	0.95740522192877
15.625	28.5	0.668672618692316	0.810164272409541	-0.00165240568952286	47.3789413896346	0.963553988056155
15.875	28.5	0.718219927060114	0.809531492980021	-0.00178977123698557	47.1832672213489	0.969004191976613
16.125	28.5	0.760868680302423	0.808888685595826	-0.00185484375301342	46.9867216845238	0.973695554833267
16.375	28.5	0.796765665701158	0.808252010210536	-0.00186049019107923	46.789461562596	0.977644223227127
16.625	28.5	0.826509671992243	0.807633220680406	-0.00182101155061358	46.5916302301841	0.980916063919147
16.875	28.5	0.850920460326534	0.807040766236181	-0.00174987594006644	46.3933513626435	0.983601250635919
17.125	28.5	0.870867956594298	0.806480478122569	-0.00165851636043083	46.1947270766998	0.985795475225373
17.375	28.5	0.887169153271643	0.80595601425684	-0.00155594457909264	45.9958389595561	0.987588606859881
17.625	28.5	0.900539004099185	0.805469224274063	-0.00144886107699202	45.7967505880529	0.98905929045091
17.875	28.5	0.911576438586811	0.805020502950688	-0.00134199922759551	45.5975105498442	0.990273408244549
18.125	28.5	0.920769565640648	0.804609134493602	-0.00123853427342614	45.3981553894796	0.991284652220471
18.375	28.5	0.928509299136403	0.804233608102323	-0.0011404669411968	45.198712206823	0.992136022905004
18.625	28.5	0.935105197103963	0.803891887829909	-0.00104894463721459	44.9992008227739	0.992861571681436
18.875	28.5	0.940800460907845	0.803581629636402	-0.00096451306094843	44.7996355252256	0.993488050699863
19.125	28.5	0.945784912539982	0.803300347065024	-0.000887305115436464	44.6000264493802	0.994036340379398
19.375	28.5	0.950205737378527	0.803045531905296	-0.000817178817705407	44.4003806566239	0.994522631111638
19.625	28.5	0.954176202736606	0.802814738048797	-0.000753816109276562	44.2007029717432	0.994959382301027
19.875	28.5	0.957782692872043	0.802605636658632	-0.000696792753997692	44.0009966286979	0.995356096215925
20.125	28.5	0.961090395014	0.802416049765361	-0.000645627310909008	43.8012637651002	0.99571994345154
20.375	28.5	0.964147914522773	0.802243968096986	-0.00059981512842005	43.6015057968593	0.996056270597505
20.625	28.5	0.966991032902166	0.802087557686936	-0.000558851648804227	43.4017236976242	0.996369013619238
20.875	28.5	0.969645767573593	0.801945158715707	-0.000522248063730203	43.2019182025251	0.996661034433095
21.125	28.5	0.972130851812935	0.801815279164957	-0.000489541464862383	43.0020899519124	0.996934393699423
21.375	28.5	0.974459725908248	0.801696585181646	-0.000460301009327981	42.8022395879389	0.997190569849907
21.625	28.5	0.976642113209361	0.801587889529983	-0.000434131191689996	42.602367814611	0.99743063245303
21.875	28.5	0.978685243900112	0.801488139120977	-0.000410673022528463	42.4024754301394	0.997655376829012
22.125	28.5	0.980594782227602	0.80139640231563	-0.000389603711524938	42.2025633388926	0.997865426045036
22.375	28.5	0.982375507591815	0.801311856483623	-0.000370635310416395	42.0026325489366	0.9980613058351
22.625	28.5	0.984031795140641	0.80123377613624	-0.000353512665294716	41.8026841599723	0.998243497465471
22.875	28.5	0.985567936737837	0.801161521834338	-0.000338010947676284	41.6027193454592	0.998412473041162
23.125	28.5	0.986988338198476	0.801094529984313	-0.000323932969370149	41.4027393318238	0.998568717201832
23.375	28.5	0.988297623583991	0.801032303570729	-0.000311106434732046	41.202745376889	0.998712738594239
23.625	28.5	0.989500672292103	0.800974403829479	-0.000299381241624561	41.0027387490349	0.998845073952131
23.875	28.5	0.990602609862392	0.800920442832484	-0.000288626908063212	40.8027207080877	0.998966287084863
24.125	28.5	0.991608769012892	0.800870076934711	-0.000278730174358435	40.6026924885338	0.999076964591418
24.375	28.5	0.992524633539749	0.800823001020642	-0.000269592808845557	40.4026552853521	0.999177709689372
24.625	28.5	0.993355774407183	0.800778943480174	-0.000261129629500305	40.2026102425332	0.99926913518479
24.875	28.5	0.9941077846344	0.800737661842001	-0.000253266741452996	40.0025584442021	0.999351856309784
25.125	28.5	0.99478621741756	0.800698938992791	-0.000245939982568638	39.8025009081567	0.999426483915932
25.375	28.5	0.995396530251438	0.800662579913411	-0.000239093563718507	39.6024385815788	0.999493618327658
25.625	28.5	0.995944036566381	0.80062840886829	-0.0002326788874599	39.4023723386414	0.999553844022302
25.875	28.5	0.996433865498131	0.800596266988837	-0.000226653527380756	39.2023029797335	0.999607725204794
26.125	28.5	0.996870929789264	0.800566010198176	-0.000220980350171224	39.002231232029	0.999655802276819
26.375	28.5	0.997259901418007	0.800537507429241	-0.000215626763232676	38.8021577511472	0.999698589155981
26.625	28.5	0.997605194307655	0.800510639094825	-0.000210564071602476	38.6020831236714	0.999736571373842
26.875	28.5	0.997910953343416	0.80048529577283	-0.000205766929543564	38.402007870323	0.999770204867776
27.125	28.5	0.998181048876896	0.800461377075111	-0.000201212873572045	38.2019324496116	0.999799915376459
27.375	28.5	0.998419075905363	0.800438790672265	-0.000196881925261202	38.0018572618068	0.99982609834959
27.625	28.5	0.998628357152881	0.800417451451347	-0.000192756253616869	37.8017826531037	0.999849119286817
27.875	28.5	0.998811949339153	0.800397280785812	-0.000188819888241898	37.6017089198741	0.999869314427307
28.125	28.5	0.998972651990405	0.800378205901491	-0.000185058475529464	37.4016363129145	0.999886991718945
28.375	28.5	0.999113018217131	0.800360159323217	-0.000181459071476848	37.2015650416214	0.999902432003884
28.625	28.5	0.999235366953884	0.80034307839067	-0.000178009965427265	37.001495278037	0.999915890364927
28.875	28.5	0.999341796222659	0.800326904832572	-0.000174700529974802	36.8014271607241	0.999927597584492
29.125	28.5	0.999434197043296	0.800311584390831	-0.000171521093007411	36.6013607984374	0.999937761674763
29.375	28.5	0.999514267671154	0.800297066487234	-0.000168462828369496	36.4012962735713	0.999946569443827
29.625	28.5	0.999583527893948	0.800283303926595	-0.000165517662277515	36.2012336453689	0.999954188068334
29.875	28.5	0.999643333166218	0.800270252631044	-0.000162678192938803	36.0011729528867	0.999960766648284
30.125	28.5	0.999694888401588	0.800257871401299	-0.000159937621310744	35.8011142177124	0.999966437724175
30.375	28.5	0.999739261280316	0.800246121701201	-0.000157289691240671	35.6010574464409	0.999971318740835
30.625	28.5	0.99977739496242	0.800234967462432	-0.00015472863745202	35.4010026329124	0.999975513445866
30.875	28.5	0.999810120125771	0.800224374906856	-0.000152249140155232	35.2009497602257	0.999979113213835
31.125	28.5	0.999838166273678	0.800214312384469	-0.000149846285209758	35.0008988025345	0.999982198290105
31.375	28.5	0.999862172278263	0.800204750224822	-0.0001475155290183	34.800849726643	0.999984838950609
31.625	28.5	0.99988269614439	0.800195660600555	-0.000145252667297661	34.6008024934122	0.999987096575883
31.875	28.5	0.999900223994424	0.800187017401905	-0.00014305380728494	34.4007570589932	0.999989024639387
32.125	28.5	0.999915178286769	0.800178796120703	-0.000140915342740084	34.2007133759005	0.999990669611545
32.375	28.5	0.999927925291376	0.800170973743032	-0.000138833931401784	34.0006713939413	0.999992071782051
32.625	28.5	0.999938781853285	0.800163528650155	-0.000136806474526524	33.8006310610131	0.999993266003861
32.875	28.5	0.999948021481293	0.800156440526114	-0.000134830098244915	33.6005923237847	0.999994282362942
33.125	28.5	0.999955879802869	0.800149690272322	-0.00013290213651867	33.4005551282718	0.999995146778316
33.375	28.5	0.999962559429058	0.800143259927882	-0.000131020115447661	33.2005194203204	0.999995881537196
33.625	28.5	0.999968234274459	0.800137132595646	-0.000129181738855205	33.0004851460082	0.999996505770191
33.875	28.5	0.999973053377585	0.8001312923733	-0.000127384874976672	32.8004522519745	0.999997035871534
34.125	28.5	0.999977144266139	0.800125724289123	-0.000125627544091383	32.6004206856882	0.999997485869275
34.375	28.5	0.999980615910446	0.800120414242325	-0.000123907907169425	32.4003903956612	0.999997867750149
34.625	28.5	0.99998356130637	0.800115348947209	-0.00012222425521216	32.2003613316165	0.999998191743701
34.875	28.5	0.999986059726664	0.800110515881238	-0.000120574999517684	32.0003334446159	0.999998466569933
35.125	28.5	0.999988178677224	0.800105903236752	-0.000118958662523538	31.8003066871544	0.999998699654495
35.375	28.5	0.999989975591893	0.800101499875682	-0.000117373869381225	31.6002810132265	0.999998897315108
35.625	28.5	0.999991499296756	0.800097295287502	-0.000115819340126341	31.4002563783687	0.999999064922643
35.875	28.5	0.999992791272048	0.800093279549988	-0.000114293882421005	31.2002327396817	0.999999207039925
36.125	28.5	0.999993886737058	0.800089443292628	-0.000112796384832241	31.0002100558375	0.999999327541076
36.375	28.5	0.999994815580853	0.800085777662471	-0.000111325810622038	30.8001882870721	0.999999429713894
36.625	28.5	0.999995603159122	0.800082274292221	-0.000109881191985362	30.6001673951685	0.999999516347503
36.875	28.5	0.999996270975209	0.800078925270659	-0.000108461624744675	30.4001473434305	0.999999589807273
37.125	28.5	0.999996837261187	0.800075723114798	-0.000107066263446708	30.2001280966503	0.999999652098731
37.375	28.5	0.999997317472978	0.800072660744076	-0.000105694316820385	30.0001096210709	0.999999704922027
37.625	28.5	0.99999772471166	0.800069731456177	-0.000104345043621413	29.8000918843446	0.999999749718283
37.875	28.5	0.999998070081618	0.80006692890453	-0.0001030177487796	29.600074855489	0.999999787708978
38.125	28.5	0.999998362994697	0.800064247077238	-0.000101711779867198	29.4000585048409	0.999999819929417
38.375	28.5	0.999998611428327	0.800061680277328	-0.000100426523827826	29.2000428040097	0.999999847257116
38.625	28.5	0.99999882214443	0.800059223104498	-9.91614039948045e-05	29.0000277258297	0.999999870435887
38.875	28.5	0.999999000874981	0.800056870437823	-9.79158773250173e-05	28.8000132443128	0.999999890096248
39.125	28.5	0.999999152479253	0.800054617419749	-9.66894318733991e-05	28.5999993346016	0.999999906772718
39.375	28.5	0.999999281077032	0.80005245944099	-9.54815844707595e-05	28.3999859729229	0.999999920918474
39.625	28.5	0.999999390161457	0.800050392126457	-9.42918785583613e-05	28.1999731365426	0.99999993291776
39.875	28.5	0.999999482694585	0.800048411322123	-9.31198822603642e-05	27.9999608037214	0.999999943096404
40.125	28.5	0.999999561188346	0.800046513082643	-9.19651865434345e-05	27.7999489536718	0.999999951730718
40.375	28.5	0.999999627773095	0.800044693659685	-9.0827403573595e-05	27.5999375665167	0.99999995905504
40.625	28.5	0.999999684255711	0.80004294949121	-8.97061651897206e-05	27.3999266232489	0.999999965268128
40.875	28.5	0.99999973216879	0.800041277191154	-8.86011214832661e-05	27.199916105693	0.999999970538567
41.125	28.5	0.999999772812343	0.800039673539921	-8.75119395253563e-05	26.9999059964672	0.999999975009358
41.375	28.5	0.999999807289147	0.800038135475404	-8.64383021614539e-05	26.7998962789488	0.999999978801806
41.625	28.5	0.999999836534684	0.80003666008444	-8.53799069320815e-05	26.5998869372386	0.999999982018815
41.875	28.5	0.999999861342537	0.800035244594963	-8.43364650457751e-05	26.399877956129	0.999999984747679
42.125	28.5	0.999999882385926	0.800033886368506	-8.33077004614544e-05	26.1998693210723	0.999999987062452
42.375	28.5	0.999999900235964	0.800032582893139	-8.22933490214691e-05	25.9998610181503	0.999999989025956
42.625	28.5	0.999999915377149	0.80003133177685	-8.12931576724557e-05	25.7998530340461	0.999999990691486
42.875	28.5	0.999999928220489	0.80003013074133	-8.03068837254546e-05	25.5998453560164	0.999999992104254
43.125	28.5	0.99999993911465	0.800028977616056	-7.93342941739075e-05	25.3998379718652	0.999999993302612
43.375	28.5	0.999999948355412	0.800027870332764	-7.83751650850711e-05	25.1998308699191	0.999999994319095
43.625	28.5	0.999999956193679	0.800026806920188	-7.7429281002192e-05	24.9998240390033	0.999999995181305
43.875	28.5	0.999999962842292	0.800025785499176	-7.64964344321258e-05	24.7998174684189	0.999999995912652
44.125	28.5	0.9999999684818	0.800024804277973	-7.55764253262582e-05	24.5998111479214	0.999999996532998
44.375	28.5	0.999999973265355	0.800023861547816	-7.46690606402416e-05	24.3998050676998	0.999999997059189
44.625	28.5	0.999999977322872	0.800022955678805	-7.37741538936408e-05	24.1997992183572	0.999999997505516
44.875	28.5	0.999999980764545	0.800022085115951	-7.28915247887715e-05	23.9997935908919	0.9999999978841
45.125	28.5	0.999999983683845	0.800021248375415	-7.2020998828689e-05	23.7997881766797	0.999999998205223
45.375	28.5	0.999999986160059	0.800020444041102	-7.11624069806804e-05	23.5997829674566	0.999999998477607
45.625	28.5	0.999999988260442	0.800019670761185	-7.03155853719382e-05	23.3997779553029	0.999999998708649
45.875	28.5	0.999999990042036	0.800018927245013	-6.94803749726667e-05	23.1997731326277	0.999999998904624
46.125	28.5	0.999999991553228	0.800018212260178	-6.86566213362578e-05	22.999768492154	0.999999999070855
46.375	28.5	0.99999999283506	0.800017524629616	-6.78441743480162e-05	22.7997640269051	0.999999999211857
46.625	28.5	0.999999993922343	0.800016863228935	-6.70428879720998e-05	22.5997597301907	0.999999999331458
46.875	28.5	0.999999994844607	0.800016226983899	-6.62526200480325e-05	22.3997555955947	0.999999999432907
47.125	28.5	0.999999995626897	0.800015614868	-6.54732320599004e-05	22.1997516169626	0.999999999518959
47.375	28.5	0.999999996290459	0.800015025900202	-6.47045889792443e-05	21.9997477883904	0.999999999591951
47.625	28.5	0.999999996853313	0.800014459142773	-6.39465590545636e-05	21.7997441042134	0.999999999653864
47.875	28.5	0.999999997330741	0.800013913699129	-6.31990136607345e-05	21.5997405589955	0.999999999706382
48.125	28.5	0.999999997735708	0.800013388712059	-6.24618271432621e-05	21.3997371475197	0.999999999750928
48.375	28.5	0.999999998079216	0.800012883361748	-6.17348766704675e-05	21.1997338647779	0.999999999788714
48.625	28.5	0.999999998370589	0.800012396864069	-6.10180420887766e-05	20.9997307059625	0.999999999820765
48.875	28.5	0.99999999861774	0.800011928468867	-6.03112058186688e-05	20.7997276664571	0.999999999847951
49.125	28.5	0.999999998827383	0.800011477458455	-5.9614252716091e-05	20.5997247418288	0.999999999871012
49.375	28.5	0.999999999005209	0.800011043146018	-5.89270699847046e-05	20.3997219278197	0.999999999890573
49.625	28.5	0.999999999156048	0.800010624874272	-5.82495470543419e-05	20.1997192203402	0.999999999907165
49.875	28.5	0.999999999283991	0.800010222014018	-5.75815754843992e-05	19.9997166154608	0.999999999921239
50.125	28.5	0.999999999392517	0.800009833962926	-5.69230489033792e-05	19.799714109406	0.999999999933177
50.375	28.5	0.999999999484572	0.800009460144238	-5.62738629017068e-05	19.5997116985478	0.999999999943303
50.625	28.5	0.999999999562655	0.800009100005654	-5.56339149582548e-05	19.3997093793987	0.999999999951892
50.875	28.5	0.999999999628889	0.800008753018238	-5.50031043767892e-05	19.1997071486067	0.999999999959178
51.125	28.5	0.999999999685072	0.800008418675254	-5.43813322232997e-05	18.9997050029488	0.999999999965358
51.375	28.5	0.999999999732727	0.800008096491276	-5.37685012445501e-05	18.7997029393262	0.9999999999706
51.625	28.5	0.999999999773149	0.800007786001201	-5.31645158452863e-05	18.5997009547586	0.999999999975046
51.875	28.5	0.999999999807434	0.800007486759284	-5.25692819924624e-05	18.3996990463796	0.999999999978818
52.125	28.5	0.999999999836519	0.800007198338386	-5.19827072126808e-05	18.1996972114318	0.999999999982017
52.375	28.5	0.99999999986119	0.800006920329005	-5.14047005137865e-05	17.9996954472623	0.999999999984731
52.625	28.5	0.999999999882116	0.800006652338601	-5.08351723524889e-05	17.7996937513185	0.999999999987033
52.875	28.5	0.999999999899864	0.800006393990824	-5.02740346060724e-05	17.5996921211437	0.999999999988985
53.125	28.5	0.999999999914918	0.800006144924789	-4.97212005241019e-05	17.3996905543733	0.999999999990641
53.375	28.5	0.999999999927687	0.800005904794366	-4.91765847129174e-05	17.1996890487312	0.999999999992046
53.625	28.5	0.999999999938519	0.800005673267629	-4.86401030762078e-05	16.9996876020258	0.999999999993237
53.875	28.5	0.999999999947708	0.800005450026132	-4.81116728318418e-05	16.799686212147	0.999999999994248
54.125	28.5	0.9999999999555	0.800005234764426	-4.75912124456084e-05	16.5996848770623	0.999999999995105
54.375	28.5	0.999999999962112	0.800005027189377	-4.70786416321522e-05	16.3996835948143	0.999999999995832
54.625	28.5	0.999999999967719	0.80000482701975	-4.65738813407476e-05	16.1996823635173	0.999999999996449
54.875	28.5	0.999999999972475	0.800004633985653	-4.60768537125815e-05	15.9996811813542	0.999999999996972
55.125	28.5	0.99999999997651	0.800004447828051	-4.55874820903833e-05	15.7996800465743	0.999999999997416
55.375	28.5	0.999999999979932	0.800004268298273	-4.51056909900594e-05	15.5996789574902	0.999999999997792
55.625	28.5	0.999999999982834	0.800004095157654	-4.46314060925203e-05	15.3996779124754	0.999999999998112
55.875	28.5	0.999999999985295	0.800003928177017	-4.41645542368298e-05	15.1996769099618	0.999999999998382
56.125	28.5	0.999999999987383	0.800003767136356	-4.37050634043884e-05	14.9996759484375	0.999999999998612
56.375	28.5	0.999999999989154	0.800003611824376	-4.32528627173052e-05	14.7996750264444	0.999999999998807
56.625	28.5	0.999999999990656	0.800003462038188	-4.28078824276186e-05	14.5996741425763	0.999999999998972
56.875	28.5	0.99999999999193	0.800003317582918	-4.23700539166963e-05	14.3996732954766	0.999999999999112
57.125	28.5	0.999999999993011	0.800003178271405	-4.19393096877175e-05	14.1996724838364	0.999999999999231
57.375	28.5	0.999999999993927	0.800003043923828	-4.15155833683321e-05	13.9996717063928	0.999999999999332
57.625	28.5	0.999999999994705	0.800002914367466	-4.10988097035248e-05	13.7996709619266	0.999999999999418
57.875	28.5	0.999999999995364	0.800002789436353	-4.06889245562609e-05	13.5996702492613	0.99999999999949
58.125	28.5	0.999999999995923	0.800002668971015	-4.02858649094042e-05	13.399669567261	0.999999999999552
58.375	28.5	0.999999999996398	0.800002552818203	-3.98895688736073e-05	13.1996689148286	0.999999999999604
58.625	28.5	0.9999999999968	0.800002440830632	-3.94999756711987e-05	12.9996682909049	0.999999999999648
58.875	28.5	0.999999999997142	0.800002332866726	-3.91170256545623e-05	12.7996676944666	0.999999999999686
59.125	28.5	0.999999999997432	0.800002228790402	-3.87406603079235e-05	12.599667124525	0.999999999999718
59.375	28.5	0.999999999997679	0.800002128470792	-3.83708222439903e-05	12.3996665801251	0.999999999999745
59.625	28.5	0.999999999997888	0.800002031782093	-3.80074552089073e-05	12.1996660603435	0.999999999999768
59.875	28.5	0.999999999998065	0.800001938603311	-3.76505040954452e-05	11.9996655642881	0.999999999999787
60.125	28.5	0.999999999998217	0.800001848818044	-3.72999149373798e-05	11.7996650910962	0.999999999999804
60.375	28.5	0.999999999998344	0.800001762314347	-3.6955634920568e-05	11.5996646399336	0.999999999999818
60.625	28.5	0.999999999998452	0.800001678984471	-3.6617612383055e-05	11.3996642099936	0.99999999999983
60.875	28.5	0.999999999998545	0.800001598724735	-3.62857968262717e-05	11.1996638004961	0.99999999999984
61.125	28.5	0.999999999998623	0.800001521435342	-3.59601389172458e-05	10.9996634106862	0.999999999999849
61.375	28.5	0.999999999998689	0.80000144702017	-3.5640590485693e-05	10.7996630398335	0.999999999999856
61.625	28.5	0.999999999998746	0.800001375386666	-3.53271045441409e-05	10.5996626872313	0.999999999999862
61.875	28.5	0.999999999998796	0.800001306445637	-3.50196352785072e-05	10.3996623521955	0.999999999999868
62.125	28.5	0.999999999998838	0.800001240111164	-3.47181380574725e-05	10.1996620340638	0.999999999999872
62.375	28.5	0.999999999998876	0.80000117630034	-3.4422569435616e-05	9.99966173219529	0.999999999999876
62.625	28.5	0.999999999998904	0.800001114933273	-3.41328871536059e-05	9.79966144596911	0.999999999999879
62.875	28.5	0.999999999998922	0.800001055932814	-3.38490501438163e-05	9.59966117478415	0.999999999999881
63.125	28.5	0.999999999998927	0.800000999224497	-3.35710185253876e-05	9.3996609180582	0.999999999999882
63.375	28.5	0.999999999998919	0.800000944736415	-3.32987536119813e-05	9.19966067522739	0.999999999999881
63.625	28.5	0.999999999998905	0.800000892399026	-3.30322179059912e-05	8.99966044574546	0.99999999999988
63.875	28.5	0.999999999998899	0.800000842145099	-3.27713750979993e-05	8.79966022908328	0.999999999999879
64.125	28.5	0.999999999998923	0.800000793909552	-3.25161900600611e-05	8.59966002472825	0.999999999999881
64.375	28.5	0.999999999998998	0.800000747629371	-3.22666288479935e-05	8.39965983218374	0.99999999999989
64.625	28.5	0.999999999999139	0.800000703243448	-3.2022658693085e-05	8.19965965096867	0.999999999999905
64.875	28.5	0.999999999999331	0.800000660692516	-3.17842479895838e-05	7.99965948061697	0.999999999999926
65.125	28.5	0.999999999999513	0.800000619919024	-3.1551366298538e-05	7.79965932067718	0.999999999999946
65.375	28.5	0.999999999999569	0.800000580867026	-3.13239843231154e-05	7.59965917071202	0.999999999999953
65.625	28.5	0.999999999999342	0.800000543482102	-3.11020739077876e-05	7.39965903029799	0.999999999999928
65.875	28.5	0.999999999998693	0.800000507711241	-3.08856080200134e-05	7.19965889902503	0.999999999999856
66.125	28.5	0.999999999997597	0.800000473502754	-3.06745607374898e-05	6.99965877649617	0.999999999999736
66.375	28.5	0.999999999996263	0.800000440806181	-3.04689072324131e-05	6.79965866232718	0.999999999999589
66.625	28.5	0.999999999995228	0.800000409572202	-3.02686237499662e-05	6.5996585561463	0.999999999999475
66.875	28.5	0.999999999995354	0.800000379752542	-3.00736875926226e-05	6.39965845759396	0.999999999999489
67.125	28.5	0.999999999997637	0.800000351299901	-2.98840771001752e-05	6.19965836632247	0.99999999999974
67.375	28.5	1.00000000000278	0.80000032416787	-2.96997716243967e-05	5.99965828199587	1.00000000000031
67.625	28.5	1.00000000001057	0.800000298310839	-2.95207515043638e-05	5.79965820428967	1.00000000000116
67.875	28.5	1.00000000001919	0.800000273683976	-2.93469980384919e-05	5.59965813289069	1.00000000000211
68.125	28.5	1.00000000002482	0.800000250243107	-2.91784934529614e-05	5.39965806749696	1.00000000000273
68.375	28.5	1.00000000002197	0.80000022794472	-2.90152208651925e-05	5.19965800781753	1.00000000000242
68.625	28.5	1.00000000000491	0.800000206745863	-2.88571642470928e-05	4.99965795357243	1.00000000000054
68.875	28.5	0.999999999970359	0.800000186604082	-2.87043083930389e-05	4.79965790449246	0.999999999996739
69.125	28.5	0.99999999992115	0.800000167477359	-2.85566388988559e-05	4.59965786031899	0.999999999991326
69.375	28.5	0.999999999869611	0.800000149324005	-2.8414142155385e-05	4.39965782080372	0.999999999985657
69.625	28.5	0.999999999838984	0.800000132102556	-2.82768053640205e-05	4.19965778570833	0.999999999982288
69.875	28.5	0.999999999860555	0.800000115771704	-2.81446165618221e-05	3.9996577548042	0.999999999984661
70.125	28.5	0.999999999964647	0.800000100290232	-2.80175646161842e-05	3.79965772787229	0.999999999996111
70.375	28.5	1.00000000016521	0.800000085617044	-2.78956391473745e-05	3.59965770470327	1.00000000001817
70.625	28.5	1.00000000044061	0.800000071711264	-2.77788303050797e-05	3.39965768509803	1.00000000004847
70.875	28.5	1.00000000071707	0.800000058532438	-2.7667128360556e-05	3.19965766886861	1.00000000007888
71.125	28.5	1.00000000086517	0.800000046040768	-2.75605231682875e-05	2.99965765583938	1.00000000009517
71.375	28.5	1.00000000072169	0.8000000341973	-2.74590036898249e-05	2.79965764584798	1.00000000007939
71.625	28.5	1.00000000014613	0.800000022963888	-2.73625580033785e-05	2.59965763874543	1.00000000001607
71.875	28.5	0.999999999111736	0.80000001230275	-2.72711743624008e-05	2.39965763439462	0.999999999902291
72.125	28.5	0.999999997811329	0.80000000217544	-2.71848438090258e-05	2.19965763266664	0.999999999759246
72.375	28.5	0.999999996732083	0.799999992541237	-2.71035643231924e-05	1.99965763343511	0.999999999640529
72.625	28.5	0.999999996626628	0.799999983355291	-2.70273453255516e-05	1.79965763657004	0.999999999628929
72.875	28.5	0.999999998296668	0.799999974567395	-2.69562096135082e-05	1.59965764193437	0.999999999812634
73.125	28.5	1.00000000213359	0.799999966122824	-2.68901880573488e-05	1.39965764938793	1.00000000023469
73.375	28.5	1.00000000745491	0.799999957967063	-2.68293018973806e-05	1.19965765880379	1.00000000082004
73.625	28.5	1.00000001185114	0.799999950055722	-2.67735301806718e-05	0.999657670099075	1.00000000130363
73.875	28.5	1.00000001099268	0.799999942368999	-2.67227677350968e-05	0.799657683275061	1.00000000120919
74.125	28.5	0.999999999552318	0.799999934926161	-2.66767927317974e-05	0.599657698449267	0.999999999950755
74.375	28.5	0.999999973897148	0.799999927790083	-2.66352794995913e-05	0.399657715847735	0.999999997128686
74.625	28.5	0.999999936746038	0.799999932426391	-2.65979055934012e-05	0.1996577357164	0.999999993042064
74.875	28.5	0.999999902843822	0.399999881343119	-2.65712655235752e-05	-0.000342247571753204	0.99999998931282
0.125	29.5	7.35359178417571e-07	0.400018199458637	0.000347206727148345	58.5919427968157	0.89000008088951
0.375	29.5	-3.02449240682947e-06	0.80005487921678	0.000346983234177805	58.413934681878	0.889999667305835
0.625	29.5	-1.14818174294945e-05	0.800091802539814	0.000346534304197838	58.2359185086511	0.889998737000083
0.875	29.5	-2.53908570788775e-05	0.800129087186176	0.000345853815139204	58.0578943350058	0.889997207005721
1.125	29.5	-4.4625271141526e-05	0.800166925003273	0.00034493336744719	57.8798621822313	0.889995091220174
1.375	29.5	-6.74998268341357e-05	0.800205490271158	0.000343762196607594	57.7018220173011	0.889992575019048
1.625	29.5	-9.01153937014791e-05	0.80024496271138	0.000342327312709229	57.5237737098161	0.889990087306693
1.875	29.5	-0.000105787288704405	0.800285526472472	0.000340613689957002	57.3457169751861	0.889988363398243
2.125	29.5	-0.000104638107501527	0.800327368831109	0.000338604480268338	57.167651306838	0.889988489808175
2.375	29.5	-7.3434705801766e-05	0.80037067901216	0.000336281219813807	56.9895759020173	0.889991922182362
2.625	29.5	4.26958226710291e-06	0.800415647459068	0.000333623991630523	56.8114895873021	0.890000469654049
2.875	29.5	0.000147657671977953	0.800462465806429	0.000330611504111735	56.6333907509391	0.890016242343918
3.125	29.5	0.000377845402467637	0.800511327706335	0.000327221045907797	56.4552772893252	0.890041562994272
3.375	29.5	0.000716801574420346	0.800562430554425	0.000323428281776771	56.2771465742863	0.890078848173186
3.625	29.5	0.00118607673044179	0.800615978068568	0.00031920686156597	56.0989954462863	0.890130468440349
3.875	29.5	0.00180545232223329	0.800672183606779	0.000314527823549848	55.9208202364872	0.890198599755446
4.125	29.5	0.00259163480876916	0.80073127408123	0.000309358783258819	55.7426168179318	0.890285079828965
4.375	29.5	0.00355711711589281	0.800793494335492	0.000303662907982102	55.5643806833542	0.890391282882748
4.625	29.5	0.00470931318764797	0.800859111892211	0.000297397684785322	55.3861070445596	0.890518024450641
4.875	29.5	0.00605004233095559	0.800928422048741	0.000290513496252808	55.2077909462619	0.890665504656405
5.125	29.5	0.00757540236221306	0.801001753380614	0.00028295202407353	55.0294273859512	0.890833294259843
5.375	29.5	0.0092760287995218	0.801079473802983	0.000274644507546422	54.8510114309265	0.891020363167947
5.625	29.5	0.0111376965616312	0.801161997426902	0.000265509894866368	54.6725383241147	0.891225146621779
5.875	29.5	0.0131421858955129	0.801249792511492	0.000255452941540895	54.4940035716149	0.891445640448506
6.125	29.5	0.0152683101461897	0.80134339084509	0.000244362334847283	54.315403006893	0.891679514116081
6.375	29.5	0.0174929930828843	0.801443398859987	0.000232108957625986	54.1367328289211	0.891924229239117
6.625	29.5	0.0197922898085806	0.801550510683266	0.000218544447438862	53.9579896139902	0.892177151878944
6.875	29.5	0.0221422677404966	0.801665523134407	0.000203500256811431	53.7791703030676	0.892435649451455
7.125	29.5	0.0245197003402643	0.801789352395776	0.000186787471681848	53.6002721681003	0.892697167037429
7.375	29.5	0.0269025715018291	0.801923051720633	0.00016819769183711	53.4212927613461	0.892959282865201
7.625	29.5	0.0292704363003017	0.802067829131628	0.00014750531221325	53.2422298515124	0.893219747993033
7.875	29.5	0.0316047268136921	0.802225063641909	0.000124471559935594	53.0630813492419	0.893476519949506
8.125	29.5	0.0338891228857046	0.802396318150728	9.88506363421627e-05	52.8838452224738	0.893727803517428
8.375	29.5	0.0361101214708638	0.802583346870816	7.03982843342253e-05	52.7045193997571	0.893972113361795
8.625	29.5	0.0382579317262199	0.802788094975055	3.88830571874459e-05	52.5251016570992	0.894208372489884
8.875	29.5	0.0403277969082457	0.803012688122881	4.10051671405404e-06	52.3455894818271	0.894436057659907
9.125	29.5	0.0423218029265057	0.803259409630115	-3.41094452584927e-05	52.1659799055924	0.894655398321916
9.375	29.5	0.0442511852900454	0.803530663244642	-7.58419671607677e-05	51.986269298289	0.894867630381905
9.625	29.5	0.0461391023582701	0.80382891969731	-0.000121103008749921	51.8064531153151	0.89507530125941
9.875	29.5	0.0480238159810337	0.804156645309881	-0.000169781200428242	51.6265255920605	0.895282619757914
10.125	29.5	0.0499622231281188	0.804516210823562	-0.000221615195060571	51.4464793812618	0.895495844544093
10.375	29.5	0.0520337236265642	0.804909778134789	-0.000276155754181322	51.2663051302313	0.895723709598922
10.625	29.5	0.0543444940911834	0.805339161673446	-0.000332721631868619	51.0859909950813	0.89597789435003
10.875	29.5	0.0570323629892915	0.80580565967367	-0.000390348329212421	50.9055220870756	0.896273559928822
11.125	29.5	0.0602726314462891	0.806309848580484	-0.000447729203490218	50.7248798414793	0.896629989459092
11.375	29.5	0.0642853268879356	0.80685133144084	-0.000503149582173131	50.5440412915601	0.897071385957673
11.625	29.5	0.0693444538259837	0.807428428668925	-0.000554416981382796	50.3629782204018	0.897627889920858
11.875	29.5	0.0757897184522318	0.808037797727243	-0.000598795005459162	50.1816561532172	0.898336869029746
12.125	29.5	0.0840407876474889	0.808673968411894	-0.000632955938979269	50.0000331477691	0.899244486641224
12.375	29.5	0.0946131462395296	0.809328785400152	-0.000652978330749858	49.8180583494261	0.900407446086348
12.625	29.5	0.108132692157342	0.809990765172091	-0.000654431202570745	49.635670315417	0.901894596137308
12.875	29.5	0.12534298657056	0.810644410915246	-0.00063260385549074	49.4527952024122	0.903787728522762
13.125	29.5	0.147094421977931	0.81126960366207	-0.000582952552349833	49.2693450800276	0.906180386417572
13.375	29.5	0.174299215337368	0.811841320578089	-0.00050182695526777	49.0852169009454	0.909172913687111
13.625	29.5	0.207832748382083	0.812330123506529	-0.00038748431146452	48.9002930105876	0.912861602322029
13.875	29.5	0.24836606899985	0.812704041175563	-0.000241270956271477	48.7144444118667	0.917320267589984
14.125	29.5	0.296134382713894	0.812932417450586	-6.86509299641011e-05	48.5275380663268	0.922574782098528
14.375	29.5	0.350686695063011	0.812991667725212	0.000120428370155175	48.339448937922	0.928575536456931
14.625	29.5	0.410711254977069	0.812871536978307	0.000312343720344796	48.1500759793306	0.935178238047478
14.875	29.5	0.47405379394324	0.812579081414693	0.000491923176881282	47.9593590520671	0.942145917333756
15.125	29.5	0.537996079428848	0.812137758571127	0.00064537648848578	47.767291947298	0.949179568737173
15.375	29.5	0.599739382303111	0.811581520723619	0.000762970741959401	47.5739267683496	0.955971332053342
15.625	29.5	0.656917273341055	0.810946911652495	0.000840443801717308	47.3793676135806	0.962260900067516
15.875	29.5	0.707943984705043	0.810266921152697	0.000878806032918843	47.1837555157936	0.967873838317555
16.125	29.5	0.752104585718302	0.809568281096846	0.000882943039646221	46.9872495360627	0.972731504429013
16.375	29.5	0.789425665687998	0.808871430283269	0.00085979155242259	46.7900092297901	0.97683682322568
16.625	29.5	0.820437848726368	0.808191545164499	0.000816738515044453	46.5921818368862	0.980248163359901
16.875	29.5	0.845935142176558	0.807539586688909	0.000760549799781995	46.3938950908965	0.983052865639421
17.125	29.5	0.866789655612907	0.806923076623085	0.000696837070750773	46.1952547844822	0.98534686211742
17.375	29.5	0.883835545853801	0.806346686636731	0.000629922483959766	45.9963455301382	0.987221910043918
17.625	29.5	0.897810798158997	0.805812758916822	0.000562935687340248	45.7972332264147	0.98875918779749
17.875	29.5	0.909337864070844	0.805321804518852	0.000498013089243388	45.5979681456287	0.990027165047793
18.125	29.5	0.918926218007953	0.804872970842008	0.000436518148234838	45.3985879948776	0.991081883980875
18.375	29.5	0.926985014825117	0.804464454443698	0.000379241326195167	45.1991206354774	0.991968351630763
18.625	29.5	0.933838854855064	0.804093842844288	0.000326564165463887	44.99958635547	0.992722274034057
18.875	29.5	0.939743109517939	0.80375838166217	0.000278585973717047	44.7999997013774	0.993371742046973
19.125	29.5	0.944897353120561	0.803455173056869	0.000235217840579823	44.6003709235843	0.993938708843262
19.375	29.5	0.949456555987417	0.80318131633461	0.000196250568620876	44.4007071027192	0.994440221158616
19.625	29.5	0.953540196149578	0.802934002757301	0.000161402848986756	44.2010130206639	0.994889421576454
19.875	29.5	0.957239617208975	0.802710575671069	0.000130354950996153	44.0012918299384	0.995296357892987
20.125	29.5	0.960623971596554	0.80250856525767	0.000102771987167475	43.8015455644629	0.995668636875621
20.375	29.5	0.96374503810203	0.80232570524476	7.83197427743018e-05	43.6017755253157	0.996011954191223
20.625	29.5	0.966641138812802	0.802159937139903	5.66752112164687e-05	43.4019825676765	0.996330525269408
20.875	29.5	0.969340324285184	0.802009406102159	3.75333482270241e-05	43.2021673095583	0.99662743567137
21.125	29.5	0.971862953198493	0.801872451437725	2.06111126918902e-05	43.0023302787855	0.996904924851834
21.375	29.5	0.974223763469858	0.801747593857187	5.64955420094874e-06	42.8024720115906	0.997164613981684
21.625	29.5	0.976433512861899	0.801633521005774	-7.585502636936e-06	42.6025931138189	0.997407686414809
21.875	29.5	0.978500255115316	0.801529072321431	-1.93037703952493e-05	42.4026942938243	0.997635028062685
22.125	29.5	0.980430309711315	0.801433223941256	-2.96915013858675e-05	42.2027763745428	0.997847334068245
22.375	29.5	0.982228977475586	0.801345074138044	-3.89129461290133e-05	42.0028402908557	0.998045187522314
22.625	29.5	0.98390104908547	0.801263829592858	-4.71120879911405e-05	41.802887077152	0.998229115399402
22.875	29.5	0.985451148494215	0.801188792683489	-5.44145162418542e-05	41.602917848951	0.998399626334364
23.125	29.5	0.986883948118529	0.801119349879461	-6.09293343267238e-05	41.4029337815361	0.998557234293038
23.375	29.5	0.988204287383965	0.801054961268065	-6.67510278754091e-05	41.2029360877772	0.998702471612236
23.625	29.5	0.989417221044554	0.800995151192246	-7.19612398988413e-05	41.0029259966816	0.998835894314901
23.875	29.5	0.990528018774864	0.800939499950298	-7.66304191676628e-05	40.8029047336892	0.998958082065235
24.125	29.5	0.991542133035966	0.800887636488064	-8.08193223381251e-05	40.6028735033248	0.999069634633956
24.375	29.5	0.992465148252334	0.800839232002955	-8.45803617042393e-05	40.4028334745082	0.999171166307757
24.625	29.5	0.99330272096019	0.800793994374264	-8.7958798674417e-05	40.2027857685957	0.999263299305621
24.875	29.5	0.994060517804546	0.800751663333467	-9.09937890896483e-05	40.0027314500706	0.9993466569585
25.125	29.5	0.99474415603986	0.80071200629109	-9.37192900996265e-05	39.8026715196963	0.999421857164385
25.375	29.5	0.995359149470219	0.800674814740076	-9.61648407815634e-05	39.6026069098837	0.999489506441724
25.625	29.5	0.995910861478628	0.800639901163581	-9.8356229543093e-05	39.4025384819976	0.999550194762649
25.875	29.5	0.996404465866308	0.80060709637934	-0.000100316061524367	39.2024670253161	0.999604491245294
26.125	29.5	0.996844915579898	0.800576247261678	-0.000102064238869228	39.0023932573696	0.999652940713789
26.375	29.5	0.997236918982317	0.800547214787429	-0.000103618365673662	38.8023178253997	0.999696061088055
26.625	29.5	0.997584923065968	0.800519872359706	-0.0001049940884676	38.6022413087046	0.999734341537256
26.875	29.5	0.997893102868934	0.800494104368403	-0.000106205381994439	38.4021642216631	0.999768241315583
27.125	29.5	0.99816535630013	0.800469804952495	-0.00010726478864384	38.2020870172546	0.999798189193014
27.375	29.5	0.998405303579616	0.800446876933929	-0.000108183619013421	38.0020100909196	0.999824583393758
27.625	29.5	0.998616290535527	0.800425230897164	-0.000108972119847445	37.8019337846291	0.999847791958908
27.875	29.5	0.998801395054419	0.800404784392364	-0.000109639614761257	37.6018583910534	0.999868153455986
28.125	29.5	0.99896343604737	0.80038546124316	-0.000110194622296462	37.4017841577395	0.999885977965211
28.375	29.5	0.999104984363064	0.80036719094392	-0.000110644955125756	37.2017112912255	0.999901548279937
28.625	29.5	0.99922837514767	0.800349908132038	-0.000110997803594171	37.0016399610351	0.999915121266244
28.875	29.5	0.999335721216535	0.800333552124597	-0.00011125980633263	36.8015703035072	0.999926929333819
29.125	29.5	0.999428927063826	0.800318066510105	-0.000111437110013133	36.6015024254301	0.999937181977021
29.375	29.5	0.999509703192318	0.800303398786356	-0.000111535420278657	36.401436407456	0.999946067351155
29.625	29.5	0.99957958049662	0.800289500038663	-0.00011156004521362	36.2013723072825	0.999953753854628
29.875	29.5	0.999639924479321	0.800276324652115	-0.000111515932718308	36.0013101625934	0.999960391692725
30.125	29.5	0.999691949120926	0.800263830053395	-0.000111407702784809	35.8012499937563	0.999966114403302
30.375	29.5	0.999736730261448	0.800251976478361	-0.000111239675510048	35.60119180628	0.999971040328759
30.625	29.5	0.999775218384227	0.800240726761381	-0.000111015895614875	35.4011355930388	0.999975274022265
30.875	29.5	0.999808250721495	0.800230046144227	-0.000110740154017433	35.2010813362712	0.999978907579364
31.125	29.5	0.99983656262625	0.800219902101936	-0.000110416006919735	35.0010290093658	0.999982021888888
31.375	29.5	0.999860798176675	0.80021026418354	-0.000110046792816826	34.8009785784462	0.999984687799434
31.625	29.5	0.999881519997901	0.800201103865912	-0.000109635647811936	34.6009300037689	0.999986967199769
31.875	29.5	0.999899218301235	0.800192394419735	-0.000109185519366211	34.4008832409487	0.999988914013136
32.125	29.5	0.999914319153842	0.800184110785541	-0.000108699178834774	34.2008382420251	0.999990575106923
32.375	29.5	0.999927192002033	0.800176229459703	-0.000108179232888762	34.0007949563857	0.999991991120224
32.625	29.5	0.99993815647924	0.800168728388695	-0.000107628134009016	33.8007533315579	0.999993197212716
32.875	29.5	0.999947488535745	0.800161586871449	-0.000107048190128868	33.6007133138852	0.999994223738932
33.125	29.5	0.999955425931383	0.800154785468389	-0.000106441573573041	33.4006748490983	0.999995096852452
33.375	29.5	0.99996217313509	0.800148305917546	-0.000105810329350106	33.2006378827946	0.99999583904486
33.625	29.5	0.999967905676446	0.800142131056148	-0.000105156382862045	33.0006023608353	0.999996469624409
33.875	29.5	0.999972773994635	0.800136244748173	-0.000104481547079127	32.8005682296728	0.99999700513941
34.125	29.5	0.999976906829567	0.800130631816636	-0.000103787529284752	32.6005354366147	0.999997459751252
34.375	29.5	0.999980414198537	0.800125277980747	-0.000103075937340529	32.4005039300352	0.999997845561839
34.625	29.5	0.999983389999943	0.800120169797592	-0.000102348285602672	32.2004736595399	0.999998172899994
34.875	29.5	0.999985914283137	0.80011529460747	-0.000101606000420231	32.0004445760915	0.999998450571145
35.125	29.5	0.999988055221113	0.800110640483522	-0.000100850425332745	31.8004166321024	0.999998686074322
35.375	29.5	0.99998987081985	0.800106196184349	-0.000100082825937985	31.6003897814981	0.999998885790184
35.625	29.5	0.999991410395413	0.800101951110227	-9.93043944574466e-05	31.4003639797587	0.999999055143495
35.875	29.5	0.999992715847083	0.800097895262267	-9.85162540303797e-05	31.2003391839393	0.999999198743179
36.125	29.5	0.999993822752095	0.800094019204254	-9.7719462750974e-05	31.0003153526751	0.99999932050273
36.375	29.5	0.999994761304914	0.800090314027315	-9.69150174434016e-05	30.8002924461736	0.999999423743541
36.625	29.5	0.999995557121553	0.800086771316875	-9.61038572412648e-05	30.6002704261957	0.999999511283371
36.875	29.5	0.999996231927043	0.800083383121871	-9.52868669134383e-05	30.4002492560287	0.999999585511975
37.125	29.5	0.999996804142101	0.800080141926178	-9.44648800035494e-05	30.2002289004529	0.999999648455631
37.375	29.5	0.999997289383052	0.800077040621885	-9.3638681798439e-05	30.0002093257031	0.999999701832136
37.625	29.5	0.999997700887293	0.8000740724844	-9.28090120800331e-05	29.8001904994263	0.999999747097602
37.875	29.5	0.999998049874999	0.800071231149275	-9.19765677312105e-05	29.600172390637	0.99999978548625
38.125	29.5	0.999998345856325	0.800068510590561	-9.1142005180186e-05	29.4001549696706	0.999999818044196
38.375	29.5	0.999998596892143	0.800065905100657	-9.03059426998492e-05	29.2001382081361	0.999999845658136
38.625	29.5	0.999998809815166	0.800063409271429	-8.94689625617185e-05	29.000122078868	0.999999869079668
38.875	29.5	0.999998990417425	0.800061017976635	-8.86316130518054e-05	28.8001065558785	0.999999888945917
39.125	29.5	0.999999143609134	0.80005872635553	-8.77944103927651e-05	28.6000916143106	0.999999905797005
39.375	29.5	0.99999927355328	0.800056529797464	-8.69578405072239e-05	28.4000772303907	0.999999920090861
39.625	29.5	0.999999383779633	0.80005442392758	-8.61223607196041e-05	28.2000633813837	0.99999993221576
39.875	29.5	0.999999477281313	0.800052404593339	-8.52884013179757e-05	28.0000500455484	0.999999942500944
40.125	29.5	0.99999955659659	0.800050467851958	-8.44563670521264e-05	27.8000372020942	0.999999951225625
40.375	29.5	0.999999623878157	0.800048609958706	-8.3626638518452e-05	27.6000248311394	0.999999958626597
40.625	29.5	0.999999680951827	0.800046827355791	-8.27995734802812e-05	27.4000129136712	0.999999964904701
40.875	29.5	0.999999729366257	0.800045116662069	-8.19755081044573e-05	27.2000014315065	0.999999970230288
41.125	29.5	0.999999770435082	0.800043474663386	-8.11547581204785e-05	26.9999903672548	0.999999974747859
41.375	29.5	0.999999805272618	0.800041898303377	-8.03376199180469e-05	26.7999797042823	0.999999978579988
41.625	29.5	0.999999834824149	0.800040384675053	-7.95243715742343e-05	26.5999694266776	0.999999981830656
41.875	29.5	0.999999859891566	0.800038931012673	-7.87152738369167e-05	26.399959519219	0.999999984588072
42.125	29.5	0.999999881155135	0.800037534684224	-7.79105710280451e-05	26.1999499673425	0.999999986927065
42.375	29.5	0.999999899191945	0.800036193184393	-7.71104919137137e-05	25.9999407571124	0.999999988911114
42.625	29.5	0.999999914491561	0.800034904127797	-7.63152505275245e-05	25.7999318751921	0.999999990594072
42.875	29.5	0.999999927469292	0.80003366524275	-7.55250469232488e-05	25.5999233088171	0.999999992021622
43.125	29.5	0.99999993847745	0.800032474365352	-7.4740067916082e-05	25.3999150457684	0.99999999323252
43.375	29.5	0.999999947814909	0.800031329433847	-7.39604877650537e-05	25.1999070743476	0.99999999425964
43.625	29.5	0.999999955735201	0.800030228483447	-7.318646881554e-05	24.9998993833538	0.999999995130872
43.875	29.5	0.999999962453392	0.800029169641324	-7.24181621244469e-05	24.7998919620597	0.999999995869873
44.125	29.5	0.999999968151923	0.800028151121911	-7.16557080347247e-05	24.5998848001913	0.999999996496711
44.375	29.5	0.999999972985542	0.800027171222521	-7.08992367128008e-05	24.3998778879062	0.99999999702841
44.625	29.5	0.999999977085525	0.800026228319132	-7.01488686965477e-05	24.1998712157747	0.999999997479408
44.875	29.5	0.999999980563218	0.800025320862453	-6.94047153569476e-05	23.9998647747609	0.999999997861954
45.125	29.5	0.999999983513072	0.800024447374274	-6.86668793817027e-05	23.7998585562048	0.999999998186438
45.375	29.5	0.999999986015202	0.80002360644376	-6.79354552261105e-05	23.5998525518052	0.999999998461672
45.625	29.5	0.999999988137569	0.800022796724306	-6.72105295024531e-05	23.3998467536042	0.999999998695133
45.875	29.5	0.999999989937811	0.800022016930259	-6.64921814097154e-05	23.1998411539709	0.999999998893159
46.125	29.5	0.999999991464819	0.800021265833953	-6.57804830969417e-05	22.9998357455877	0.99999999906113
46.375	29.5	0.999999992760069	0.800020542262911	-6.50755000158775e-05	22.7998305214353	0.999999999203608
46.625	29.5	0.999999993858733	0.800019845097147	-6.43772912859716e-05	22.5998254747806	0.999999999324461
46.875	29.5	0.99999999479065	0.800019173266607	-6.36859099836968e-05	22.3998205991627	0.999999999426971
47.125	29.5	0.99999999558113	0.800018525748781	-6.30014034854527e-05	22.1998158883822	0.999999999513924
47.375	29.5	0.999999996251638	0.800017901566414	-6.23238137368383e-05	21.9998113364884	0.99999999958768
47.625	29.5	0.99999999682038	0.800017299785363	-6.16531775403029e-05	21.7998069377694	0.999999999650242
47.875	29.5	0.999999997302806	0.800016719512475	-6.09895268250889e-05	21.5998026867411	0.999999999703309
48.125	29.5	0.999999997712016	0.800016159893766	-6.03328888855885e-05	21.3997985781373	0.999999999748322
48.375	29.5	0.999999998059121	0.800015620112404	-5.96832866388514e-05	21.1997946069003	0.999999999786503
48.625	29.5	0.999999998353542	0.80001509938714	-5.90407388562247e-05	20.9997907681718	0.99999999981889
48.875	29.5	0.99999999860328	0.800014596970455	-5.84052603592764e-05	20.7997870572844	0.999999999846361
49.125	29.5	0.999999998815119	0.800014112147143	-5.77768622540541e-05	20.5997834697531	0.999999999869663
49.375	29.5	0.999999998994807	0.800013644232697	-5.71555521145125e-05	20.3997800012679	0.999999999889429
49.625	29.5	0.999999999147223	0.800013192571949	-5.65413341810665e-05	20.1997766476859	0.999999999906194
49.875	29.5	0.999999999276505	0.800012756537658	-5.59342095458449e-05	19.9997734050243	0.999999999920416
50.125	29.5	0.999999999386167	0.800012335529252	-5.53341763136769e-05	19.7997702694536	0.999999999932478
50.375	29.5	0.999999999479187	0.800011928971628	-5.47412297792647e-05	19.5997672372912	0.999999999942711
50.625	29.5	0.999999999558089	0.800011536313914	-5.41553625784044e-05	19.3997643049951	0.99999999995139
50.875	29.5	0.999999999625017	0.80001115702844	-5.35765648539746e-05	19.199761469158	0.999999999958752
51.125	29.5	0.999999999681785	0.800010790609658	-5.30048243803622e-05	18.9997587265015	0.999999999964996
51.375	29.5	0.999999999729937	0.800010436573101	-5.24401267231655e-05	18.7997560738711	0.999999999970293
51.625	29.5	0.999999999770783	0.800010094454478	-5.18824553509054e-05	18.5997535082307	0.999999999974786
51.875	29.5	0.999999999805431	0.800009763808757	-5.13317917879793e-05	18.3997510266577	0.999999999978597
52.125	29.5	0.999999999834818	0.800009444209264	-5.07881157158321e-05	18.1997486263384	0.99999999998183
52.375	29.5	0.999999999859745	0.800009135246952	-5.02514051020237e-05	17.9997463045636	0.999999999984572
52.625	29.5	0.999999999880888	0.800008836529526	-4.97216363058697e-05	17.7997440587242	0.999999999986898
52.875	29.5	0.999999999898823	0.800008547680706	-4.91987841910743e-05	17.599741886307	0.999999999988871
53.125	29.5	0.999999999914038	0.800008268339596	-4.8682822226088e-05	17.399739784891	0.999999999990544
53.375	29.5	0.999999999926942	0.80000799815992	-4.81737225873698e-05	17.1997377521435	0.999999999991964
53.625	29.5	0.999999999937887	0.800007736809428	-4.76714562537516e-05	16.9997357858166	0.999999999993168
53.875	29.5	0.999999999947171	0.800007483969302	-4.7175993092163e-05	16.7997338837436	0.999999999994189
54.125	29.5	0.999999999955045	0.800007239333475	-4.66873019542308e-05	16.599732043836	0.999999999995055
54.375	29.5	0.999999999961727	0.800007002608195	-4.62053507559542e-05	16.3997302640803	0.99999999999579
54.625	29.5	0.999999999967393	0.800006773511409	-4.57301065644607e-05	16.1997285425349	0.999999999996413
54.875	29.5	0.999999999972196	0.800006551772302	-4.52615356657201e-05	15.9997268773271	0.999999999996942
55.125	29.5	0.999999999976271	0.800006337130801	-4.47996036569464e-05	15.7997252666506	0.99999999999739
55.375	29.5	0.999999999979727	0.800006129337101	-4.4344275503314e-05	15.5997237087631	0.99999999999777
55.625	29.5	0.999999999982659	0.800005928151245	-4.3895515615336e-05	15.399722201983	0.999999999998093
55.875	29.5	0.999999999985147	0.800005733342679	-4.34532879184705e-05	15.1997207446879	0.999999999998366
56.125	29.5	0.999999999987257	0.800005544689899	-4.30175559145089e-05	14.9997193353117	0.999999999998598
56.375	29.5	0.999999999989046	0.80000536198002	-4.25882827431818e-05	14.7997179723426	0.999999999998795
56.625	29.5	0.999999999990564	0.800005185008424	-4.21654312465015e-05	14.5997166543208	0.999999999998962
56.875	29.5	0.999999999991852	0.800005013578429	-4.17489640285363e-05	14.399715379837	0.999999999999104
57.125	29.5	0.999999999992945	0.800004847500933	-4.13388435045312e-05	14.1997141475298	0.999999999999224
57.375	29.5	0.999999999993871	0.800004686594116	-4.09350319633582e-05	13.9997129560843	0.999999999999326
57.625	29.5	0.999999999994657	0.80000453068311	-4.05374916130323e-05	13.79971180423	0.999999999999412
57.875	29.5	0.999999999995324	0.800004379599724	-4.01461846358075e-05	13.5997106907395	0.999999999999486
58.125	29.5	0.999999999995889	0.800004233182168	-3.97610732399718e-05	13.3997096144265	0.999999999999548
58.375	29.5	0.999999999996368	0.800004091274769	-3.93821196942783e-05	13.1997085741442	0.999999999999601
58.625	29.5	0.999999999996775	0.800003953727734	-3.90092863911661e-05	12.9997075687843	0.999999999999645
58.875	29.5	0.99999999999712	0.800003820396876	-3.86425358772876e-05	12.799706597275	0.999999999999683
59.125	29.5	0.999999999997415	0.800003691143419	-3.82818308983971e-05	12.59970565858	0.999999999999716
59.375	29.5	0.999999999997664	0.800003565833722	-3.79271344412669e-05	12.3997047516969	0.999999999999743
59.625	29.5	0.999999999997877	0.800003444339122	-3.75784097758926e-05	12.1997038756561	0.999999999999767
59.875	29.5	0.999999999998057	0.80000332653565	-3.72356204902046e-05	11.9997030295196	0.999999999999786
60.125	29.5	0.999999999998208	0.800003212303912	-3.68987305227582e-05	11.7997022123799	0.999999999999803
60.375	29.5	0.999999999998338	0.800003101528838	-3.65677042021191e-05	11.5997014233587	0.999999999999817
60.625	29.5	0.999999999998447	0.800002994099514	-3.62425062793589e-05	11.3997006616059	0.999999999999829
60.875	29.5	0.999999999998542	0.800002889909011	-3.59231019559503e-05	11.1996999262986	0.99999999999984
61.125	29.5	0.99999999999862	0.800002788854195	-3.56094569169557e-05	10.9996992166403	0.999999999999848
61.375	29.5	0.999999999998686	0.800002690835595	-3.53015373638536e-05	10.7996985318596	0.999999999999856
61.625	29.5	0.999999999998743	0.800002595757193	-3.49993100293751e-05	10.5996978712098	0.999999999999862
61.875	29.5	0.999999999998793	0.800002503526324	-3.47027422158265e-05	10.3996972339676	0.999999999999867
62.125	29.5	0.999999999998837	0.800002414053494	-3.44118018105745e-05	10.1996966194324	0.999999999999872
62.375	29.5	0.999999999998874	0.800002327252218	-3.41264573162784e-05	9.99969602692569	0.999999999999876
62.625	29.5	0.999999999998904	0.800002243038951	-3.38466778612047e-05	9.79969545579022	0.999999999999879
62.875	29.5	0.999999999998923	0.800002161332866	-3.35724332316755e-05	9.59969490538923	0.999999999999882
63.125	29.5	0.99999999999893	0.800002082055788	-3.33036938782359e-05	9.39969437510585	0.999999999999882
63.375	29.5	0.999999999998924	0.80000200513206	-3.30404309393629e-05	9.1996938643424	0.999999999999882
63.625	29.5	0.999999999998913	0.800001930488371	-3.27826162497396e-05	8.99969337251986	0.99999999999988
63.875	29.5	0.999999999998908	0.800001858053708	-3.253022235812e-05	8.7996928990772	0.99999999999988
64.125	29.5	0.999999999998931	0.800001787759201	-3.2283222542716e-05	8.59969244347089	0.999999999999882
64.375	29.5	0.999999999999003	0.800001719538004	-3.20415908043096e-05	8.39969200517435	0.99999999999989
64.625	29.5	0.999999999999138	0.800001653325225	-3.18053018941467e-05	8.19969158367746	0.999999999999905
64.875	29.5	0.999999999999321	0.800001589057796	-3.15743313034822e-05	7.99969117848609	0.999999999999925
65.125	29.5	0.999999999999492	0.800001526674367	-3.13486552782832e-05	7.79969078912165	0.999999999999944
65.375	29.5	0.99999999999954	0.800001466115235	-3.11282508189033e-05	7.59969041512069	0.999999999999949
65.625	29.5	0.99999999999932	0.800001407322227	-3.09130956773713e-05	7.39969005603448	0.999999999999925
65.875	29.5	0.999999999998705	0.800001350238632	-3.07031683612795e-05	7.19968971142865	0.999999999999858
66.125	29.5	0.999999999997679	0.800001294809068	-3.04984481280009e-05	6.99968938088284	0.999999999999745
66.375	29.5	0.999999999996443	0.800001240979461	-3.0298914979679e-05	6.79968906399035	0.999999999999609
66.625	29.5	0.999999999995508	0.800001188696905	-3.01045496622473e-05	6.59968876035787	0.999999999999506
66.875	29.5	0.99999999999567	0.800001137909613	-2.99153336537844e-05	6.39968846960513	0.999999999999524
67.125	29.5	0.999999999997832	0.800001088566823	-2.97312491567509e-05	6.19968819136467	0.999999999999762
67.375	29.5	1.0000000000026	0.80000104061874	-2.95522790878863e-05	5.99968792528154	1.00000000000029
67.625	29.5	1.0000000000097	0.80000099401646	-2.93784070669762e-05	5.79968767101317	1.00000000000107
67.875	29.5	1.00000000001743	0.800000948711913	-2.92096173963048e-05	5.59968742822909	1.00000000000192
68.125	29.5	1.00000000002235	0.800000904657804	-2.90458950457797e-05	5.3996871966108	1.00000000000246
68.375	29.5	1.00000000001963	0.800000861807565	-2.88872256238713e-05	5.19968697585164	1.00000000000216
68.625	29.5	1.00000000000447	0.800000820115277	-2.8733595359557e-05	4.99968676565661	1.00000000000049
68.875	29.5	0.999999999974336	0.800000779535645	-2.85849910790698e-05	4.79968656574223	0.999999999997177
69.125	29.5	0.99999999993194	0.800000740023877	-2.84414001979389e-05	4.59968637583624	0.999999999992513
69.375	29.5	0.999999999887651	0.800000701535643	-2.83028107302047e-05	4.39968619567743	0.999999999987642
69.625	29.5	0.999999999860069	0.800000664026955	-2.81692113170243e-05	4.19968602501528	0.999999999984608
69.875	29.5	0.999999999873239	0.800000627454154	-2.80405912616165e-05	3.99968586360971	0.999999999986056
70.125	29.5	0.999999999949745	0.800000591773844	-2.79169405388919e-05	3.79968571123099	0.999999999994472
70.375	29.5	1.00000000010035	0.80000055694293	-2.7798249730107e-05	3.59968556765975	1.00000000001104
70.625	29.5	1.00000000031273	0.800000522918676	-2.76845098085443e-05	3.39968543268732	1.0000000000344
70.875	29.5	1.00000000054359	0.800000489658769	-2.75757117465747e-05	3.19968530611624	1.0000000000598
71.125	29.5	1.00000000071893	0.800000457121375	-2.74718459843598e-05	2.9996851877609	1.00000000007908
71.375	29.5	1.00000000074568	0.800000425265086	-2.73729019701325e-05	2.79968507744801	1.00000000008202
71.625	29.5	1.0000000005347	0.800000394048813	-2.72788681841462e-05	2.59968497501676	1.00000000005882
71.875	29.5	1.00000000002985	0.800000363431547	-2.71897332064499e-05	2.39968488031832	1.00000000000328
72.125	29.5	0.999999999234539	0.800000333372155	-2.7105488340417e-05	2.19968479321484	0.999999999915799
72.375	29.5	0.999999998226623	0.80000030382927	-2.70261317625507e-05	1.99968471357793	0.999999999804928
72.625	29.5	0.999999997157676	0.800000274761378	-2.69516730188027e-05	1.79968464128699	0.999999999687344
72.875	29.5	0.999999996242114	0.800000246127117	-2.68821349609764e-05	1.59968457622769	0.999999999586633
73.125	29.5	0.99999999575014	0.800000217885534	-2.68175484674165e-05	1.39968451829069	0.999999999532515
73.375	29.5	0.999999996017843	0.80000018999597	-2.67579348160273e-05	1.19968446737025	0.999999999561963
73.625	29.5	0.999999997469033	0.800000162417116	-2.6703273269995e-05	0.999684423362559	0.999999999721594
73.875	29.5	1.00000000060479	0.800000135105137	-2.66534592581405e-05	0.799684386163886	1.00000000006653
74.125	29.5	1.00000000587119	0.800000108011432	-2.66082721135253e-05	0.599684355670284	1.00000000064583
74.375	29.5	1.00000001329691	0.800000081077441	-2.65673878566929e-05	0.399684331782692	1.00000000146266
74.625	29.5	1.00000002185215	0.800000052286545	-2.65304857390935e-05	0.199684314425192	1.00000000240374
74.875	29.5	1.00000002866866	0.400000033213933	-2.65041240654051e-05	-0.000315695430654044	1.00000000315355
0.125	30.5	6.26502170690618e-07	0.400017184236151	0.000204727468749507	58.591698986297	0.890000068915239
0.375	30.5	-3.25494621186739e-06	0.800051829927012	0.000203976456796475	58.4136913255282	0.889999641955917
0.625	30.5	-1.19423653099557e-05	0.800086685413607	0.000202467069136024	58.2356760652063	0.889998686339816
0.875	30.5	-2.61734633946617e-05	0.800121843479156	0.000200179107787648	58.0576532760401	0.889997120919027
1.125	30.5	-4.5780963060511e-05	0.80015747166325	0.000197085338452655	57.8796229966658	0.889994964094063
1.375	30.5	-6.89982801265922e-05	0.800193717200982	0.000193151551502785	57.7015852159087	0.889992410189186
1.625	30.5	-9.17916709934865e-05	0.800230730353947	0.000188337540186885	57.5235398291706	0.889989902916191
1.875	30.5	-0.000107279185980239	0.800268663003522	0.000182598362276483	57.3454865808993	0.889988199289542
2.125	30.5	-0.000105318570960757	0.800307667027133	0.000175885765341417	57.1674249960031	0.889988414957194
2.375	30.5	-7.23447877632262e-05	0.800347892872473	0.000168149617497255	56.9893543048712	0.889992042073346
2.625	30.5	8.48115398491235e-06	0.800389488664773	0.000159339152193992	56.8112733682295	0.890000932926938
2.875	30.5	0.000156782244141338	0.800432600084803	0.000149403817310782	56.6331806090626	0.890017246046856
3.125	30.5	0.000394144082717201	0.800477371144184	0.000138293521187716	56.4550739590423	0.890043355849099
3.375	30.5	0.000743012766708574	0.800523945866326	0.000125958092279345	56.2769508262149	0.890081731404338
3.625	30.5	0.00122539917772005	0.800572470779224	0.000112345811038726	56.0988080891581	0.890134793909549
3.875	30.5	0.00186150328614458	0.800623098053541	9.74009266114272e-05	55.920642120571	0.890204765361476
4.125	30.5	0.00266838498054086	0.80067598908997	8.10601293062122e-05	55.7424488405847	0.89029352234786
4.375	30.5	0.00365880561248349	0.800731318369979	6.32480040138767e-05	55.5642237972773	0.890402468617373
4.625	30.5	0.00484034742108814	0.800789277433776	4.38715361702165e-05	55.3859622692961	0.89053243821632
4.875	30.5	0.00621488862763994	0.800850078928011	2.28137756765823e-05	55.2076593834113	0.89068363774904
5.125	30.5	0.00777847404562761	0.800913960760546	-7.32108422259785e-08	55.0293102384997	0.890855632145019
5.375	30.5	0.00952157923019072	0.800981190507762	-2.49759479456117e-05	54.8509100270069	0.891047373715321
5.625	30.5	0.011429725619186	0.801052070317844	-5.21275411689914e-05	54.6724541454003	0.89125726981811
5.875	30.5	0.0134843698724375	0.801126942639569	-8.18158267310519e-05	54.4939382864193	0.891483280685968
6.125	30.5	0.0156639672216208	0.801206197151688	-0.000114391387657616	54.3153585078643	0.891723036394378
6.375	30.5	0.0179450995246846	0.801290279263017	-0.000150275037726441	54.1367112749673	0.891973960947715
6.625	30.5	0.0203035656384755	0.801379700476067	-0.000189964234117128	53.9579934757317	0.892233392220232
6.875	30.5	0.0227153543380749	0.801475050749175	-0.000234037712332752	53.7792024106602	0.892498688977188
7.125	30.5	0.02515745561024	0.801577012755742	-0.000283157459113199	53.6003357597099	0.892767320117126
7.375	30.5	0.027608509873489	0.801686377636419	-0.000338066973480605	53.4213915298864	0.893036936086084
7.625	30.5	0.0300493400433702	0.801804061498743	-0.000399584639193517	53.2423679865156	0.893305427404771
7.875	30.5	0.0324634512541841	0.801931121571639	-0.000468590966031543	53.0632635699592	0.89357097963796
8.125	30.5	0.0348376109097987	0.802068770607036	-0.000546008464912214	52.8840767975619	0.893832137200078
8.375	30.5	0.0371626327985566	0.802218387866268	-0.000632772995605474	52.7048061482514	0.894087889607841
8.625	30.5	0.0394344813527677	0.802381524849963	-0.000729795534996475	52.5254499248547	0.894337792948805
8.875	30.5	0.0416557874030211	0.802559903821458	-0.000837913398880657	52.3460060872316	0.894582136614332
9.125	30.5	0.043837830349754	0.802755407100411	-0.000957829925000765	52.1664720480926	0.894822161338473
9.375	30.5	0.0460030023597267	0.80297005498983	-0.0010900413879746	51.9868444230263	0.89506033025957
9.625	30.5	0.0481877390994374	0.803205969949559	-0.00123474936637506	51.8071187267873	0.895300651300938
9.875	30.5	0.0504458905130458	0.803465324100648	-0.00139175585073029	51.6272890090126	0.895549047956435
10.125	30.5	0.052852524628058	0.803750266199027	-0.00156033707544705	51.4473474237537	0.895813777709086
10.375	30.5	0.0555082136026009	0.804062822715399	-0.00173909052599768	51.2672837278619	0.896105903496286
10.625	30.5	0.0585439432473295	0.804404765533475	-0.00192574819546268	51.0870847026436	0.896439833757206
10.875	30.5	0.0621269029901756	0.804777436084727	-0.00211694869360206	50.9067334907162	0.896833959328919
11.125	30.5	0.0664675242042391	0.805181512775944	-0.00230796256479659	50.7262088354508	0.897311427662466
11.375	30.5	0.0718281880748982	0.805616706041624	-0.00249237128909807	50.5454842043363	0.897901100688239
11.625	30.5	0.0785339304048223	0.806081364675972	-0.00266171414434079	50.3645267719052	0.898638732344531
11.875	30.5	0.0869850880573509	0.806571980750381	-0.00280514275801139	50.183296236475	0.899568359686309
12.125	30.5	0.0976709501954997	0.807082592504262	-0.00290916564548953	50.0017434550571	0.900743804521505
12.375	30.5	0.111181821555777	0.80760411132573	-0.00295762739053039	49.8198089140053	0.902230000371135
12.625	30.5	0.1282141970308	0.808123648676871	-0.0029321451465472	49.6374211262243	0.904103561673388
12.875	30.5	0.149559915949519	0.808624000310781	-0.00281329714196411	49.4544951794824	0.906451590754447
13.125	30.5	0.176065821345797	0.809083560903024	-0.00258287114023402	49.2709318705198	0.909367240348038
13.375	30.5	0.208547687439028	0.809477071728725	-0.00222734417712086	49.0866181369849	0.912940245618293
13.625	30.5	0.247645389009767	0.809777672115119	-0.00174237263513426	48.9014297721735	0.917240992791074
13.875	30.5	0.293621745522979	0.809960570695163	-0.00113739360109158	48.7152374990261	0.922298392007528
14.125	30.5	0.346139325318437	0.810008065142608	-0.000438675251582397	48.5279171061991	0.928075325785028
14.375	30.5	0.404090754846726	0.80991458972369	0.000311166992357516	48.3393632495493	0.93444998303314
14.625	30.5	0.465582329821254	0.80968950052339	0.00105841820941114	48.1495047688822	0.941214056280338
14.875	30.5	0.528140997228357	0.809355543925235	0.00174757167865578	47.9583176799874	0.948095509695119
15.125	30.5	0.58912025959127	0.808943028428336	0.00233182477215769	47.7658315904065	0.95480322855504
15.375	30.5	0.646171232676235	0.808482383150175	0.00278103290627483	47.5721269723526	0.961078835594386
15.625	30.5	0.697605042984222	0.807998614190421	0.00308460896671421	47.3773239367038	0.966736554728264
15.875	30.5	0.742536862482964	0.807509400875073	0.00324930235683909	47.1815660740944	0.971679054873126
16.125	30.5	0.780816279155948	0.807026096328805	0.00329379307923404	46.9850039509776	0.975889790707154
16.375	30.5	0.812830011029156	0.806555802845739	0.00324258223846509	46.7877818099693	0.979411301213207
16.625	30.5	0.839275983828254	0.806103153354031	0.00312097182909851	46.5900290167904	0.982320358221108
16.875	30.5	0.86097451526146	0.805671359798048	0.00295184381163114	46.3918560407823	0.984707196678761
17.125	30.5	0.878740654697631	0.805262675391036	0.00275412648526593	46.1933538237108	0.986661472016739
17.375	30.5	0.893313602346957	0.804878559099971	0.00254246551860411	45.9945952124476	0.988264496258165
17.625	30.5	0.905327624925564	0.804519749782666	0.00232758418737936	45.7956373718279	0.989586038741812
17.875	30.5	0.915308217663257	0.804186343974932	0.00211694031256335	45.5965244563052	0.990683903942958
18.125	30.5	0.923681121243745	0.803877898268985	0.0019154376087156	45.3972901384506	0.991604923336812
18.375	30.5	0.930786310911874	0.803593546726652	0.00172606875937652	45.1979598154587	0.992386494200306
18.625	30.5	0.936892639515959	0.803332118027646	0.00155044443462218	44.9985524471477	0.993058190346755
18.875	30.5	0.942211146175572	0.80309224100244	0.00138920428621938	44.7990820457668	0.993643226079313
19.125	30.5	0.946906367558295	0.80287243284455	0.00124232467221221	44.5995588645493	0.994159700431412
19.375	30.5	0.951105643898632	0.802671168668974	0.00110934350775722	44.3999903371021	0.99462162082885
19.625	30.5	0.954906675451759	0.802486933679635	0.000989521913259469	44.2003818151582	0.995039734299693
19.875	30.5	0.958383646075768	0.802318260410007	0.000881959125840395	44.0007371444643	0.995422201068334
20.125	30.5	0.961592202206206	0.802163753823312	0.000785673446519837	43.8010591107867	0.995775142242683
20.375	30.5	0.964573518479118	0.8020221069149	0.000699658690968933	43.6013497814274	0.996103087032703
20.625	30.5	0.967357624536574	0.801892109110718	0.000622922975876379	43.4016107624993	0.996409338699023
20.875	30.5	0.969966122112968	0.801772649354198	0.000554514708841805	43.2018433883496	0.996696273432427
21.125	30.5	0.972414389311417	0.801662715389742	0.000493539247247106	43.0020488566193	0.996965582824256
21.375	30.5	0.974713348052643	0.801561390418763	0.000439168717462692	42.8022283202067	0.997218468285791
21.625	30.5	0.976870857826541	0.801467848026893	0.000390646817172013	42.6023829456196	0.997455794360919
21.875	30.5	0.978892791042201	0.801381346059127	0.000347289963355617	42.402513945698	0.997678207014642
22.125	30.5	0.9807838400781	0.801301219945946	0.000308485825885829	42.2026225933793	0.997886222408591
22.375	30.5	0.982548101969678	0.801226875844543	0.000273690052007953	42.0027102220016	0.998080291216665
22.625	30.5	0.984189482640881	0.80115778385684	0.000242421809216756	41.8027782165878	0.998260843090497
22.875	30.5	0.985711958293574	0.801093471503896	0.000214258633972127	41.6028279996161	0.998428315412293
23.125	30.5	0.987119726965376	0.801033517574233	0.000188830959220505	41.4028610139621	0.998583169966191
23.375	30.5	0.98841727848815	0.800977546418536	0.000165816599619395	41.2028787049968	0.998725900633696
23.625	30.5	0.989609406333227	0.800925222726817	0.000144935395311682	41.0028825032399	0.998857034696655
23.875	30.5	0.990701180321408	0.800876246799445	0.000125944151247393	40.8028738084983	0.998977129835355
24.125	30.5	0.991697895070002	0.800830350303609	0.00010863195797696	40.6028539760442	0.9990867684577
24.375	30.5	0.992605005446595	0.800787292495582	9.28159400198519e-05	40.4028243051091	0.999186550599125
24.625	30.5	0.993428057257981	0.800746856878873	7.83374474843607e-05	40.2027860297626	0.999277086298378
24.875	30.5	0.994172618911886	0.800708848264509	6.50586852349919e-05	40.0027403121014	0.999358988080307
25.125	30.5	0.994844217819686	0.800673090197083	5.28597586960781e-05	39.8026882375827	0.999432863960165
25.375	30.5	0.995448283800828	0.800639422708804	4.16361061900864e-05	39.6026308122799	0.999499311218091
25.625	30.5	0.99599010063559	0.800607700366164	3.12962824862875e-05	39.4025689618112	0.999558911069915
25.875	30.5	0.996474766120882	0.800577790574132	2.17600563666396e-05	39.202503531688	0.999612224273297
26.125	30.5	0.996907160447042	0.800549572106575	1.29567851392692e-05	39.0024352888354	0.999659787649175
26.375	30.5	0.99729192237167	0.800522933833257	4.82403090050816e-06	38.8023649240545	0.999702111460884
26.625	30.5	0.997633432468686	0.800497773617514	-2.69361414395116e-06	38.6022930552162	0.999739677571555
26.875	30.5	0.997935802635685	0.800473997360966	-9.64552269063233e-06	38.4022202310017	0.999772938289925
27.125	30.5	0.998202871017905	0.800451518174902	-1.60758741014474e-05	38.2021469350267	0.99980231581197
27.375	30.5	0.998438201527844	0.80043025566021	-2.20243656980616e-05	38.002073590212	0.999828202168063
27.625	30.5	0.998645087188536	0.800410135280167	-2.75268138052572e-05	37.8020005632813	0.999850959590739
27.875	30.5	0.998826556592236	0.800391087812746	-3.26156615561358e-05	37.6019281692922	0.999870921225146
28.125	30.5	0.998985382837234	0.800373048870651	-3.73204082249119e-05	37.4018566761186	0.999888392112096
28.375	30.5	0.999124094377216	0.800355958479339	-4.16679726375981e-05	37.2017863088227	0.999903650381494
28.625	30.5	0.999244987287629	0.800339760704418	-4.56830011558317e-05	37.0017172538675	0.999916948601639
28.875	30.5	0.999350138519312	0.800324403321599	-4.93881292111403e-05	36.8016496631315	0.999928515237124
29.125	30.5	0.9994414197706	0.800309837522452	-5.28042040505122e-05	36.6015836576995	0.999938556174766
29.375	30.5	0.999520511664998	0.800296017651465	-5.59504748227468e-05	36.4015193314117	0.99994725628315
29.625	30.5	0.999588917972043	0.800282900969993	-5.88447554742022e-05	36.2014567541595	0.999954780976925
29.875	30.5	0.999647979654658	0.800270447442772	-6.15035648704592e-05	36.0013959749246	0.999961277762012
30.125	30.5	0.999698888567174	0.800258619544915	-6.3942247900697e-05	35.8013370245617	0.999966877742389
30.375	30.5	0.999742700664701	0.80024738208604	-6.61750805703968e-05	35.6012799183302	0.999971697073117
30.625	30.5	0.999780348616737	0.800236702049617	-6.82153618591482e-05	35.4012246581822	0.999975838347841
30.875	30.5	0.999812653746467	0.800226548445676	-7.00754943063032e-05	35.2011712348177	0.999979391912111
31.125	30.5	0.999840337241842	0.80021689217532	-7.17670553259079e-05	35.0011196295205	0.999982437096603
31.375	30.5	0.999864030605888	0.80020770590592	-7.33008605132888e-05	34.8010698157875	0.999985043366648
31.625	30.5	0.99988428533196	0.800198963955195	-7.46870203701023e-05	34.6010217607656	0.999987271386516
31.875	30.5	0.999901581804722	0.800190642184301	-7.59349913430915e-05	34.4009754265128	0.999989173998519
32.125	30.5	0.999916337440263	0.800182717898256	-7.70536220283881e-05	34.200930771097	0.999990797118429
32.375	30.5	0.999928914088693	0.800175169753172	-7.80511952876598e-05	34.000887749548	0.999992180549756
32.625	30.5	0.999939624730418	0.800167977670156	-7.89354667259998e-05	33.8008463146762	0.999993358720346
32.875	30.5	0.999948739503033	0.800161122754902	-7.97137001585504e-05	33.6008064177732	0.999994361345334
33.125	30.5	0.999956491099873	0.800154587222404	-8.03927002212907e-05	33.4007680092053	0.999995214020986
33.375	30.5	0.99996307958378	0.800148354326979	-8.09788426706373e-05	33.2007310389138	0.999995938754216
33.625	30.5	0.999968676660901	0.800142408296777	-8.14781024636372e-05	33.0006954568316	0.999996554432699
33.875	30.5	0.999973429459495	0.800136734272489	-8.18960798837064e-05	32.8006612132276	0.999997077240544
34.125	30.5	0.999977463858013	0.800131318250109	-8.22380249475639e-05	32.6006282589887	0.999997521024381
34.375	30.5	0.999980887405403	0.800126147027364	-8.25088601148645e-05	32.4005965458452	0.999997897614594
34.625	30.5	0.999983791874561	0.800121208153844	-8.27132015702142e-05	32.2005660265512	0.999998217106202
34.875	30.5	0.99998625548764	0.800116489884044	-8.28553790431673e-05	32.0005366550231	0.99999848810364
35.125	30.5	0.999988344849322	0.800111981133721	-8.29394544522133e-05	31.8005083864449	0.999998717933425
35.375	30.5	0.999990116621436	0.800107671438983	-8.29692392095859e-05	31.6004811773436	0.999998912828358
35.625	30.5	0.999991618969561	0.800103550918102	-8.29483105116264e-05	31.4004549856413	0.999999078086652
35.875	30.5	0.999992892809484	0.800099610235713	-8.28800265023381e-05	31.2004297706861	0.999999218209043
36.125	30.5	0.999993972878646	0.800095840569554	-8.27675404754329e-05	31.000405493267	0.999999337016651
36.375	30.5	0.999994888655177	0.800092233579173	-8.26138141409713e-05	30.8003821156146	0.999999437752069
36.625	30.5	0.999995665144616	0.800088781376755	-8.24216300003247e-05	30.6003596013905	0.999999523165908
36.875	30.5	0.999996323552172	0.800085476500004	-8.21936029116779e-05	30.4003379156687	0.999999595590739
37.125	30.5	0.999996881856263	0.800082311886466	-8.19321908939208e-05	30.2003170249089	0.999999657004189
37.375	30.5	0.999997355297114	0.800079280849912	-8.16397051675019e-05	30.0002968969251	0.999999709082683
37.625	30.5	0.999997756792493	0.80007637705798	-8.1318319565652e-05	29.8002775008495	0.999999753247174
37.875	30.5	0.999998097291069	0.800073594511354	-8.0970079264504e-05	29.6002588070935	0.999999790702018
38.125	30.5	0.999998386072462	0.800070927524363	-8.05969089640084e-05	29.4002407873073	0.999999822467971
38.375	30.5	0.999998631001866	0.800068370706725	-8.02006204701863e-05	29.2002234143368	0.999999849410205
38.625	30.5	0.999998838745941	0.800065918946519	-7.97829197831996e-05	29.0002066621811	0.999999872262054
38.875	30.5	0.999999014955844	0.800063567394248	-7.93454137106912e-05	28.8001905059488	0.999999891645143
39.125	30.5	0.999999164422287	0.800061311447912	-7.88896160062001e-05	28.600174921815	0.999999908086452
39.375	30.5	0.999999291206903	0.800059146738984	-7.84169531076636e-05	28.4001598869784	0.999999922032759
39.625	30.5	0.999999398753508	0.80005706911933	-7.79287694887694e-05	28.2001453796198	0.999999933862886
39.875	30.5	0.999999489982331	0.800055074648942	-7.74263326226356e-05	28.0001313788603	0.999999943898056
40.125	30.5	0.99999956736983	0.800053159584381	-7.69108376518123e-05	27.8001178647222	0.999999952410681
40.375	30.5	0.99999963301628	0.800051320367965	-7.63834117037269e-05	27.6001048180894	0.999999959631791
40.625	30.5	0.999999688703044	0.800049553617618	-7.58451179508722e-05	27.4000922206706	0.999999965757335
40.875	30.5	0.999999735941085	0.800047856117374	-7.529695937508e-05	27.2000800549623	0.999999970953519
41.125	30.5	0.999999776012071	0.800046224808366	-7.47398823001405e-05	27.0000683042146	0.999999975361328
41.375	30.5	0.99999981000322	0.80004465678046	-7.41747796842795e-05	26.8000569523973	0.999999979100354
41.625	30.5	0.999999838836818	0.800043149264237	-7.3602494212246e-05	26.6000459841676	0.99999998227205
41.875	30.5	0.999999863295255	0.800041699623695	-7.30238211626035e-05	26.4000353848393	0.999999984962478
42.125	30.5	0.999999884042265	0.800040305349084	-7.24395111204903e-05	26.2000251403533	0.999999987244649
42.375	30.5	0.999999901640909	0.800038964050364	-7.1850272488212e-05	26.0000152372491	0.9999999891805
42.625	30.5	0.999999916568854	0.800037673451002	-7.12567738628286e-05	25.8000056626377	0.999999990822574
42.875	30.5	0.999999929231317	0.800036431382015	-7.06596462558841e-05	25.599996404176	0.999999992215445
43.125	30.5	0.999999939972056	0.800035235776565	-7.00594851670488e-05	25.3999874500416	0.999999993396926
43.375	30.5	0.99999994908268	0.800034084664596	-6.94568525428013e-05	25.1999787889096	0.999999994399095
43.625	30.5	0.999999956810559	0.800032976167988	-6.88522786178566e-05	24.99997040993	0.999999995249161
43.875	30.5	0.99999996336554	0.800031908495862	-6.82462636225245e-05	24.7999623027059	0.999999995970209
44.125	30.5	0.999999968925629	0.800030879940231	-6.76392794157318e-05	24.5999544572736	0.999999996581819
44.375	30.5	0.999999973641822	0.800029888871743	-6.70317710192461e-05	24.3999468640823	0.9999999971006
44.625	30.5	0.9999999776422	0.800028933735907	-6.64241580315726e-05	24.1999395139762	0.999999997540642
44.875	30.5	0.999999981035404	0.800028013049159	-6.58168359942029e-05	23.9999323981765	0.999999997913894
45.125	30.5	0.999999983913591	0.800027125395568	-6.52101776668748e-05	23.7999255082641	0.999999998230495
45.375	30.5	0.999999986354935	0.800026269423338	-6.46045342239968e-05	23.5999188361641	0.999999998499043
45.625	30.5	0.999999988425739	0.800025443841779	-6.40002363863456e-05	23.39991237413	0.999999998726831
45.875	30.5	0.999999990182242	0.800024647418208	-6.33975955084287e-05	23.1999061147292	0.999999998920047
46.125	30.5	0.999999991672153	0.800023878975202	-6.27969045568218e-05	22.9999000508292	0.999999999083937
46.375	30.5	0.999999992935932	0.800023137387914	-6.21984391053826e-05	22.7998941755839	0.999999999222953
46.625	30.5	0.999999994007903	0.800022421581469	-6.16024581930594e-05	22.5998884824215	0.999999999340869
46.875	30.5	0.99999999491718	0.800021730528651	-6.10092052254959e-05	22.3998829650318	0.99999999944089
47.125	30.5	0.999999995688455	0.80002106324754	-6.04189087369511e-05	22.1998776173553	0.99999999952573
47.375	30.5	0.999999996342673	0.800020418799362	-5.98317831881133e-05	21.9998724335717	0.999999999597694
47.625	30.5	0.999999996897599	0.800019796286496	-5.92480296757212e-05	21.79986740809	0.999999999658736
47.875	30.5	0.999999997368305	0.800019194850426	-5.86678366203263e-05	21.599862535538	0.999999999710514
48.125	30.5	0.999999997767574	0.800018613669964	-5.80913804193949e-05	21.3998578107531	0.999999999754433
48.375	30.5	0.999999998106246	0.800018051959475	-5.75188260575845e-05	21.1998532287733	0.999999999791687
48.625	30.5	0.999999998393517	0.800017508967162	-5.69503276943604e-05	20.9998487848282	0.999999999823287
48.875	30.5	0.99999999863719	0.800016983973562	-5.63860292242919e-05	20.7998444743313	0.999999999850091
49.125	30.5	0.999999998843881	0.800016476289966	-5.58260647957913e-05	20.5998402928718	0.999999999872827
49.375	30.5	0.999999999019202	0.800015985257076	-5.52705593165952e-05	20.399836236207	0.999999999892112
49.625	30.5	0.999999999167913	0.800015510243485	-5.4719628926087e-05	20.1998323002557	0.99999999990847
49.875	30.5	0.999999999294056	0.800015050644596	-5.41733814454095e-05	19.9998284810906	0.999999999922346
50.125	30.5	0.999999999401056	0.80001460588124	-5.36319168115872e-05	19.7998247749325	0.999999999934116
50.375	30.5	0.999999999491815	0.800014175398523	-5.30953274780203e-05	19.5998211781437	0.9999999999441
50.625	30.5	0.9999999995688	0.800013758664818	-5.25636988080621e-05	19.3998176872224	0.999999999952568
50.875	30.5	0.999999999634099	0.800013355170559	-5.20371094448409e-05	19.1998142987965	0.999999999959751
51.125	30.5	0.999999999689488	0.800012964427394	-5.15156316584048e-05	18.9998110096187	0.999999999965844
51.375	30.5	0.999999999736469	0.800012585967067	-5.09993316825145e-05	18.7998078165613	0.999999999971012
51.625	30.5	0.999999999776324	0.800012219340654	-5.04882700295888e-05	18.599804716611	0.999999999975396
51.875	30.5	0.999999999810131	0.800011864117594	-4.99825018031236e-05	18.3998017068643	0.999999999979114
52.125	30.5	0.999999999838806	0.800011519884924	-4.94820769718736e-05	18.1997987845233	0.999999999982269
52.375	30.5	0.999999999863128	0.800011186246466	-4.8987040661212e-05	17.999795946891	0.999999999984944
52.625	30.5	0.99999999988376	0.800010862822105	-4.84974334061669e-05	17.7997931913674	0.999999999987214
52.875	30.5	0.999999999901259	0.800010549247014	-4.80132913976947e-05	17.5997905154456	0.999999999989139
53.125	30.5	0.999999999916102	0.80001024517109	-4.75346467391309e-05	17.399787916708	0.999999999990771
53.375	30.5	0.999999999928694	0.800009950258172	-4.70615276465111e-05	17.1997853928228	0.999999999992156
53.625	30.5	0.999999999939375	0.800009664185536	-4.65939586933322e-05	16.9997829415403	0.999999999993331
53.875	30.5	0.999999999948433	0.800009386643272	-4.61319609979722e-05	16.79978056069	0.999999999994328
54.125	30.5	0.999999999956117	0.800009117333707	-4.56755524336615e-05	16.5997782481774	0.999999999995173
54.375	30.5	0.999999999962633	0.800008855970892	-4.52247478150978e-05	16.3997760019807	0.99999999999589
54.625	30.5	0.99999999996816	0.800008602280071	-4.47795590701892e-05	16.1997738201483	0.999999999996498
54.875	30.5	0.999999999972846	0.800008355997251	-4.43399954219054e-05	15.9997717007959	0.999999999997013
55.125	30.5	0.999999999976823	0.800008116868676	-4.39060635535396e-05	15.7997696421038	0.99999999999745
55.375	30.5	0.999999999980196	0.80000788465042	-4.34777677567536e-05	15.5997676423146	0.999999999997822
55.625	30.5	0.999999999983057	0.800007659107972	-4.30551100947269e-05	15.3997656997305	0.999999999998136
55.875	30.5	0.999999999985483	0.800007440015809	-4.26380905351424e-05	15.1997638127114	0.999999999998403
56.125	30.5	0.999999999987543	0.800007227157049	-4.22267070892042e-05	14.9997619796723	0.99999999999863
56.375	30.5	0.999999999989288	0.800007020323034	-4.18209559550697e-05	14.7997601990814	0.999999999998822
56.625	30.5	0.999999999990769	0.80000681931303	-4.14208316279661e-05	14.5997584694581	0.999999999998985
56.875	30.5	0.999999999992025	0.800006623933883	-4.10263270261828e-05	14.3997567893711	0.999999999999123
57.125	30.5	0.999999999993091	0.800006433999657	-4.06374336122773e-05	14.1997551574363	0.99999999999924
57.375	30.5	0.999999999993997	0.800006249331392	-4.02541414928062e-05	13.9997535723152	0.99999999999934
57.625	30.5	0.999999999994764	0.800006069756763	-3.98764395320635e-05	13.7997520327133	0.999999999999424
57.875	30.5	0.999999999995415	0.80000589510984	-3.95043154523418e-05	13.5997505373783	0.999999999999496
58.125	30.5	0.999999999995967	0.80000572523078	-3.91377559209007e-05	13.3997490850987	0.999999999999556
58.375	30.5	0.999999999996436	0.800005559965589	-3.87767466561968e-05	13.199747674702	0.999999999999608
58.625	30.5	0.999999999996834	0.800005399165902	-3.84212725051104e-05	12.9997463050536	0.999999999999652
58.875	30.5	0.999999999997172	0.800005242688704	-3.80713175338261e-05	12.7997449750555	0.999999999999689
59.125	30.5	0.999999999997458	0.800005090396142	-3.77268651071696e-05	12.5997436836444	0.99999999999972
59.375	30.5	0.999999999997701	0.800004942155274	-3.73878979620649e-05	12.3997424297911	0.999999999999747
59.625	30.5	0.999999999997908	0.800004797837893	-3.70543982867973e-05	12.1997412124991	0.99999999999977
59.875	30.5	0.999999999998083	0.800004657320321	-3.67263477869254e-05	11.9997400308031	0.999999999999789
60.125	30.5	0.999999999998233	0.800004520483199	-3.64037277536569e-05	11.7997388837683	0.999999999999806
60.375	30.5	0.999999999998359	0.800004387211314	-3.60865191313406e-05	11.5997377704894	0.99999999999982
60.625	30.5	0.999999999998465	0.80000425739346	-3.57747025743352e-05	11.3997366900891	0.999999999999831
60.875	30.5	0.999999999998555	0.80000413092218	-3.54682585089693e-05	11.1997356417176	0.999999999999841
61.125	30.5	0.999999999998631	0.800004007693707	-3.51671671823847e-05	10.9997346245513	0.999999999999849
61.375	30.5	0.999999999998695	0.800003887607721	-3.48714087234324e-05	10.7997336377924	0.999999999999857
61.625	30.5	0.999999999998752	0.80000377056726	-3.4580963184022e-05	10.5997326806675	0.999999999999863
61.875	30.5	0.999999999998802	0.800003656478516	-3.42958105955601e-05	10.399731752427	0.999999999999868
62.125	30.5	0.999999999998846	0.800003545250757	-3.40159310085482e-05	10.1997308523447	0.999999999999873
62.375	30.5	0.999999999998882	0.800003436796139	-3.37413045311122e-05	9.99972997971643	0.999999999999877
62.625	30.5	0.99999999999891	0.800003331029603	-3.34719113776305e-05	9.7997291338596	0.99999999999988
62.875	30.5	0.999999999998928	0.800003227868744	-3.32077318960674e-05	9.59972831411269	0.999999999999882
63.125	30.5	0.999999999998935	0.800003127233674	-3.29487466120402e-05	9.39972751983438	0.999999999999883
63.375	30.5	0.99999999999893	0.800003029046929	-3.2694936256117e-05	9.19972675040304	0.999999999999882
63.625	30.5	0.999999999998918	0.80000293323334	-3.24462817914884e-05	8.9997260052161	0.999999999999881
63.875	30.5	0.999999999998914	0.800002839719925	-3.22027644523926e-05	8.7997252836895	0.999999999999881
64.125	30.5	0.999999999998936	0.80000274843577	-3.19643657555413e-05	8.59972458525716	0.999999999999883
64.375	30.5	0.999999999999005	0.800002659311963	-3.17310675373008e-05	8.39972390937049	0.999999999999891
64.625	30.5	0.999999999999133	0.800002572281456	-3.15028519643286e-05	8.19972325549785	0.999999999999905
64.875	30.5	0.999999999999304	0.800002487278982	-3.12797015611604e-05	7.99972262312416	0.999999999999924
65.125	30.5	0.999999999999463	0.800002404240963	-3.10615992189411e-05	7.79972201175045	0.999999999999941
65.375	30.5	0.999999999999505	0.800002323105434	-3.08485282180375e-05	7.59972142089339	0.999999999999946
65.625	30.5	0.999999999999293	0.800002243811936	-3.06404722373726e-05	7.39972085008501	0.999999999999922
65.875	30.5	0.999999999998712	0.80000216630144	-3.04374153639302e-05	7.19972029887224	0.999999999999858
66.125	30.5	0.999999999997755	0.800002090516268	-3.0239342106761e-05	6.99971976681659	0.999999999999753
66.375	30.5	0.99999999999662	0.800002016400012	-3.00462374004798e-05	6.79971925349384	0.999999999999628
66.625	30.5	0.999999999995785	0.800001943897457	-2.98580866109317e-05	6.5997187584937	0.999999999999536
66.875	30.5	0.999999999995983	0.80000187295451	-2.96748755430937e-05	6.39971828141953	0.999999999999558
67.125	30.5	0.999999999998015	0.800001803518131	-2.94965904385516e-05	6.19971782188806	0.999999999999782
67.375	30.5	1.00000000000239	0.800001735536262	-2.9323217981582e-05	5.99971737952912	1.00000000000026
67.625	30.5	1.00000000000879	0.800001668957765	-2.91547452929106e-05	5.79971695398546	1.00000000000097
67.875	30.5	1.00000000001562	0.800001603732372	-2.89911599290522e-05	5.59971654491248	1.00000000000172
68.125	30.5	1.00000000001982	0.800001539810641	-2.88324498649576e-05	5.39971615197812	1.00000000000218
68.375	30.5	1.00000000001727	0.800001477143879	-2.86786034939416e-05	5.19971577486267	1.0000000000019
68.625	30.5	1.00000000000407	0.800001415684116	-2.85296096055468e-05	4.99971541325857	1.00000000000045
68.875	30.5	0.999999999978434	0.800001355384021	-2.83854573778828e-05	4.79971506687026	0.999999999997628
69.125	30.5	0.999999999942944	0.800001296196837	-2.82461363855409e-05	4.59971473541393	0.999999999993724
69.375	30.5	0.999999999905964	0.800001238076329	-2.81116366152371e-05	4.39971441861729	0.999999999989656
69.625	30.5	0.999999999881401	0.800001180976697	-2.79819485057311e-05	4.19971411621928	0.999999999986954
69.875	30.5	0.999999999886021	0.800001124852575	-2.78570629944963e-05	3.99971382796988	0.999999999987462
70.125	30.5	0.999999999934658	0.800001069658993	-2.77369715397864e-05	3.79971355362998	0.999999999992812
70.375	30.5	1.00000000003492	0.800001015351426	-2.76216660597245e-05	3.59971329297139	1.00000000000384
70.625	30.5	1.00000000018391	0.800000961885783	-2.75111387311574e-05	3.39971304577692	1.00000000002023
70.875	30.5	1.00000000036891	0.800000909218368	-2.74053816064912e-05	3.19971281184056	1.00000000004058
71.125	30.5	1.00000000057132	0.800000857305729	-2.73043860921534e-05	2.99971259096752	1.00000000006285
71.375	30.5	1.00000000076825	0.800000806104405	-2.72081425042497e-05	2.79971238297433	1.00000000008451
71.625	30.5	1.00000000092173	0.800000755570699	-2.71166400973246e-05	2.59971218768894	1.00000000010139
71.875	30.5	1.0000000009463	0.800000705660699	-2.70298681458817e-05	2.39971200495139	1.00000000010409
72.125	30.5	1.00000000065653	0.800000656330859	-2.69478185604798e-05	2.19971183461535	1.00000000007222
72.375	30.5	0.99999999972246	0.800000607539396	-2.68704900248144e-05	1.99971167655079	0.999999999969471
72.625	30.5	0.999999997697152	0.800000559248315	-2.67978924720367e-05	1.79971153064678	0.999999999746687
72.875	30.5	0.999999994210375	0.80000051142521	-2.67300490124912e-05	1.59971139681194	0.999999999363141
73.125	30.5	0.999999989411462	0.800000464042954	-2.66669906901715e-05	1.39971127496785	0.999999998835261
73.375	30.5	0.999999984649001	0.800000417074754	-2.66087389813159e-05	1.19971116503011	0.99999999831139
73.625	30.5	0.999999983163194	0.800000370482439	-2.65552736167256e-05	0.999711066874355	0.999999998147951
73.875	30.5	0.999999990256231	0.800000324198334	-2.6506491081969e-05	0.799710980292705	0.999999998928185
74.125	30.5	1.00000001211118	0.800000278106439	-2.64621726214312e-05	0.599710904961323	1.00000000133223
74.375	30.5	1.00000005239451	0.800000232027625	-2.64219969541437e-05	0.399710840458273	1.0000000057634
74.625	30.5	1.00000010635138	0.800000170556106	-2.63856459993147e-05	0.199710786387976	1.00000001169865
74.875	30.5	1.00000015361563	0.400000183788023	-2.63596239915901e-05	-0.000289249725067736	1.00000001689772
0.125	31.5	4.45886852009062e-07	0.40001520933098	7.41658619751457e-05	58.5915783815151	0.890000049047554
0.375	31.5	-3.66074406116342e-06	0.800045899270036	7.30143203531475e-05	58.4135716035529	0.889999597318153
0.625	31.5	-1.27811604446044e-05	0.800076739347078	7.07007705176177e-05	58.2355581174218	0.889998594072351
0.875	31.5	-2.7628974409258e-05	0.800107778258094	6.71973691382737e-05	58.0575380169682	0.889996960812815
1.125	31.5	-4.79669739035461e-05	0.800139141099497	6.24667510277331e-05	57.8795113719353	0.889994723632871
1.375	31.5	-7.18822208376648e-05	0.800170928111597	5.6462276869739e-05	57.7014782100924	0.889992092955708
1.625	31.5	-9.50931755111421e-05	0.800203238704192	4.91296177988553e-05	57.5234384724185	0.889989539750694
1.875	31.5	-0.000110350042226019	0.800236169398434	4.04087911680124e-05	57.3453919540311	0.889987861495355
2.125	31.5	-0.0001070126442755	0.800269811642877	3.02364664916559e-05	57.1673382338707	0.88998822860913
2.375	31.5	-7.088863876172e-05	0.800304249940998	1.85482986848793e-05	56.9892765979935	0.889992202249736
2.625	31.5	1.56048991196471e-05	0.800339560621741	5.28099083297232e-06	56.8112059629323	0.890001716538903
2.875	31.5	0.000172926607545279	0.800375811468107	-9.626241431644e-06	56.6331248066088	0.89001902192683
3.125	31.5	0.00042355363671906	0.800413062283971	-2.62311286825836e-05	56.4550311144828	0.890046590900039
3.375	31.5	0.000790835352412217	0.800451366342715	-4.45890166655392e-05	56.2769223479087	0.890086991888765
3.625	31.5	0.00129764853137876	0.800490772543095	-6.4754964678966e-05	56.0987954400708	0.890142741338452
3.875	31.5	0.0019649716173777	0.800531328015083	-8.67874044293038e-05	55.9206468225633	0.890216146877912
4.125	31.5	0.00281050851582389	0.800573080882881	-0.000110753395149006	55.7424724829289	0.890309155936741
4.375	31.5	0.00384748970360358	0.80061608290198	-0.000136735421066016	55.5642680506084	0.890423223867396
4.625	31.5	0.00508376078315534	0.800660391739	-0.000164839604737366	55.3860289061182	0.890559213686147
4.875	31.5	0.00652123859424075	0.800706072746491	-0.000195205158657995	55.2077503061581	0.890717336245367
5.125	31.5	0.00815577662219876	0.800753200189329	-0.000228014867520378	55.0294275160001	0.890897135428442
5.375	31.5	0.00997743960204196	0.800801857996123	-0.000263506374824108	54.8510559400391	0.891097518356225
5.625	31.5	0.0119711471653997	0.800852140222712	-0.000301984024837615	54.6726312418202	0.891316826188194
5.875	31.5	0.0141176131746805	0.800904151519634	-0.000343830965532918	54.4941494461021	0.891552937449215
6.125	31.5	0.0163944854150721	0.800958007967554	-0.000389521132628776	54.3156070173664	0.891803393395658
6.375	31.5	0.018777582680766	0.801013838677352	-0.000439630597342133	54.1370009113631	0.892065534094884
6.625	31.5	0.0212421343371344	0.80107178852282	-0.000494847570262113	53.9583285984552	0.892336634777085
6.875	31.5	0.0237639503215769	0.801132022287528	-0.000555980122409058	53.7795880593676	0.892614034535373
7.125	31.5	0.0263204841645232	0.801194730359546	-0.000623960434352048	53.6007777551476	0.892895253258098
7.375	31.5	0.0288917928282883	0.801260135921754	-0.000699844146770704	53.4218965735279	0.893178097211112
7.625	31.5	0.0314614385649798	0.801328503382037	-0.00078480319044946	53.2429437533576	0.893460758242148
7.875	31.5	0.0340174129379949	0.801400147597414	-0.000880110344003421	53.0639187874084	0.893741915423179
8.125	31.5	0.0365531860228926	0.801475443291865	-0.000987113703822049	52.8848213018873	0.894020850462518
8.375	31.5	0.0390689912473432	0.801554833959701	-0.00110719922686898	52.7056509086867	0.894297589037208
8.625	31.5	0.0415734481958972	0.801638839474246	-0.00124173945474131	52.5264070241382	0.894573079301549
8.875	31.5	0.0440856055147286	0.801728061547653	-0.00139202633599957	52.347088646125	0.89484941660662
9.125	31.5	0.0466374608300788	0.801823186041357	-0.00155918558213965	52.167694080058	0.895130120691309
9.375	31.5	0.0492769939826909	0.801924980802372	-0.00174406904024899	51.9882206034741	0.895420469338096
9.625	31.5	0.0520717444742795	0.802034287055553	-0.00194711997344047	51.8086640587121	0.895727891892171
9.875	31.5	0.0551129829405464	0.802152001241104	-0.00216820380362009	51.6290183628854	0.89606242812346
10.125	31.5	0.0585205740901731	0.802279042365924	-0.00240639386413033	51.4492749237299	0.896437263149919
10.375	31.5	0.0624487002467786	0.802416297263458	-0.00265969845020757	51.2694219483707	0.896869357027146
10.625	31.5	0.0670926910024385	0.802564532569075	-0.00292471299342488	51.0894436294283	0.897380196010268
10.875	31.5	0.0726972434087695	0.802724257926669	-0.00319618162337929	50.9093191895924	0.897996696774965
11.125	31.5	0.0795662428402019	0.802895520735929	-0.00346645946448926	50.7290217634041	0.898752286712422
11.375	31.5	0.0880740844453563	0.803077610576882	-0.00372488678768229	50.5485170969615	0.899688149288989
11.625	31.5	0.0986776681254291	0.803268655224744	-0.00395712720562711	50.3677620588016	0.900854543493797
11.875	31.5	0.111926863018345	0.80346510680417	-0.00414459444074822	50.1867029881038	0.902311954932018
12.125	31.5	0.128468981723851	0.803661156482488	-0.00426420223024749	50.0052739731764	0.904131587989624
12.375	31.5	0.149039616752957	0.803848191073242	-0.00428881071705629	49.8233952692903	0.906394357842825
12.625	31.5	0.174428563969974	0.804014520443543	-0.00418886530376781	49.6409722406952	0.909187142036697
12.875	31.5	0.205407128641716	0.804145740698332	-0.00393572677586478	49.4578954372853	0.912594784150589
13.125	31.5	0.24260526530506	0.804226179148135	-0.00350691407885291	49.2740426363598	0.916686579183557
13.375	31.5	0.286338615536321	0.80424174017376	-0.00289278296005494	49.089283764752	0.921497247708995
13.625	31.5	0.336410181026859	0.804183952761453	-0.00210310776014452	48.9034893613213	0.927005119912955
13.875	31.5	0.391945070142926	0.804054092250285	-0.00117108451990914	48.7165424439637	0.933113957715722
14.125	31.5	0.451341103791813	0.803865359929351	-0.000152231875543473	48.5283523131948	0.939647521417099
14.375	31.5	0.51240414579286	0.803641193658312	0.000882890034014718	48.33886739745	0.946364456037215
14.625	31.5	0.572669574747664	0.803409496594477	0.00186067670256215	48.1480835826434	0.952993653222243
14.875	31.5	0.629818445669899	0.803195087620945	0.00271748942387653	47.9560453218446	0.959280029023689
15.125	31.5	0.682042992412644	0.803013904244235	0.00340949229645021	47.7628390791519	0.965024729165391
15.375	31.5	0.728244830925247	0.802871234006893	0.00391669024343227	47.5685811841057	0.970106931401777
15.625	31.5	0.768037154159168	0.802763702647249	0.0042410893751926	47.3734036045759	0.974484086957509
15.875	31.5	0.801604075599927	0.802683049222655	0.00440094262502464	47.1774409571878	0.978176448315992
16.125	31.5	0.829501908464423	0.802619706699171	0.00442372081659453	46.9808207774604	0.981245209931086
16.375	31.5	0.852471812466576	0.802565167155279	0.00433989814382508	46.7836575858808	0.983771899371323
16.625	31.5	0.871299231997633	0.802513043363181	0.00417857446523218	46.58605024802	0.98584291551974
16.875	31.5	0.886726451554055	0.80245920429029	0.00396503040340123	46.3880816866653	0.987539909670946
17.125	31.5	0.89940877197483	0.802401427709622	0.00371980230450466	46.1898200029506	0.988934964917231
17.375	31.5	0.909900216369928	0.802338895127518	0.00345873038049708	45.9913202727748	0.990089023800692
17.625	31.5	0.91865622095675	0.802271709570845	0.00319351160440227	45.7926265362237	0.991052184305242
17.875	31.5	0.926044372437583	0.802200509903757	0.00293243595455854	45.5937737076767	0.991864880968134
18.125	31.5	0.932357735148374	0.802126194407313	0.00268112079537167	45.3947892795796	0.992559350866321
18.375	31.5	0.937827893013363	0.802049738985289	0.00244315592410744	45.1956947802497	0.99316106823147
18.625	31.5	0.942636467939032	0.801972087289795	0.00222063124114105	44.9965069917967	0.993690011473293
18.875	31.5	0.946924786518155	0.801894091102801	0.00201455001871025	44.7972389539293	0.994161726516997
19.125	31.5	0.950801802281906	0.801816483606335	0.00182514389766151	44.597900784739	0.99458819825101
19.375	31.5	0.95435054108559	0.801739872889648	0.00165210905035543	44.3985003480397	0.994978559519415
19.625	31.5	0.957633356965872	0.801664747052377	0.00149478157204316	44.1990437928098	0.995339669266246
19.875	31.5	0.960696245731234	0.80159148529665	0.00135226705077282	43.9995359859321	0.995676587030436
20.125	31.5	0.963572407357337	0.801520371536481	0.00122353592002153	43.7999808556624	0.995992964809307
20.375	31.5	0.966285196628332	0.801451608481751	0.00110749326957964	43.6003816603201	0.996291371629117
20.625	31.5	0.968850561920255	0.801385331070668	0.00100302947660463	43.4007411944968	0.996573561811228
20.875	31.5	0.971279045287377	0.801321618690481	0.000909056302297536	43.2010619434245	0.996840694981612
21.125	31.5	0.973577400803983	0.801260505960886	0.000824531875283755	43.0013461948455	0.997093514088438
21.375	31.5	0.97574987926743	0.801201992045785	0.000748477129489073	42.8015961166182	0.997332486719417
21.625	31.5	0.977799222919351	0.801146048559386	0.00067998567155999	42.6018138072877	0.997557914521129
21.875	31.5	0.979727411483154	0.801092626184147	0.000618228634798597	42.4020013258922	0.997770015263147
22.125	31.5	0.981536199002012	0.801041660137331	0.00056245577024163	42.2021607063479	0.997968981890221
22.375	31.5	0.983227478824225	0.800993074628611	0.000511993789846509	42.0022939608701	0.998155022670665
22.625	31.5	0.984803511273598	0.800946786445883	0.000466242785761917	41.8024030760526	0.998328386240096
22.875	31.5	0.986267045057271	0.800902707799212	0.000424671388279828	41.6024900044688	0.9984893749563
23.125	31.5	0.987621359490225	0.800860748541035	0.000386811187015125	41.4025566539839	0.998638349543925
23.375	31.5	0.988870250418482	0.800820817868913	0.000352250819556441	41.2026048763867	0.998775727546033
23.625	31.5	0.990017978563396	0.80078282560518	0.000320630029729303	41.0026364564698	0.998901977641974
23.875	31.5	0.99106919510248	0.80074668313522	0.000291633911344996	40.8026531022936	0.999017611461273
24.125	31.5	0.992028855797307	0.800712304074317	0.000264987482795995	40.6026564370702	0.999123174137704
24.375	31.5	0.992902131965305	0.800679604722086	0.000240450681444199	40.4026479928705	0.999219234516184
24.625	31.5	0.993694324088062	0.800648504352772	0.000217813823535301	40.2026292061942	0.999306375649687
24.875	31.5	0.994410781848853	0.800618925382563	0.000196893543021325	40.0026014153288	0.999385186003374
25.125	31.5	0.995056832846638	0.800590793444199	0.000177529199869059	39.8025658593487	0.99945625161313
25.375	31.5	0.995637721083844	0.800564037395294	0.000159579733184156	39.6025236785678	0.999520149319223
25.625	31.5	0.996158555504423	0.800538589279669	0.000142920925317798	39.4024759162349	0.999577441105487
25.875	31.5	0.996624268298807	0.800514384256062	0.000127443038116458	39.2024235212631	0.999628669512869
26.125	31.5	0.997039582338965	0.800491360506593	0.000113048781275951	39.0023673517892	0.999674354057286
26.375	31.5	0.997408986902234	0.800469459131749	9.96515731308711e-05	38.8023081793757	0.999714988559246
26.625	31.5	0.997736720746791	0.800448624039313	8.71740566243709e-05	38.602246693684	0.999751039282147
26.875	31.5	0.998026761580815	0.800428801829998	7.55468360663797e-05	38.4021835074715	0.99978294377389
27.125	31.5	0.998282820994646	0.800409941683858	6.47074037031942e-05	38.2021191617797	0.999811110309411
27.375	31.5	0.998508343982238	0.800391995248119	5.45992286691073e-05	38.0020541312056	0.999835917838046
27.625	31.5	0.998706512250905	0.800374916528712	4.51709841934494e-05	37.8019888291629	0.999857716347599
27.875	31.5	0.998880250597966	0.800358661785241	3.63758921792017e-05	37.6019236130569	0.999876827565776
28.125	31.5	0.999032235713279	0.800343189429872	2.81711671269764e-05	37.4018587893147	0.999893545928461
28.375	31.5	0.999164906844386	0.800328459930833	2.05175439235688e-05	37.2017946182195	0.999908139752882
28.625	31.5	0.999280477833937	0.800314435719618	1.33788763882243e-05	37.001731318516	0.999920852561733
28.875	31.5	0.999380950106415	0.800301081101903	6.72179520936941e-06	36.8016690717597	0.999931904511706
29.125	31.5	0.999468126242732	0.800288362172688	5.15415948339599e-07	36.6016080263925	0.999941493886701
29.375	31.5	0.999543623836842	0.80027624673448	-5.26891107253577e-06	36.4015483015349	0.999949798622053
29.625	31.5	0.999608889378844	0.800264704218799	-1.06578157584011e-05	36.2014899904909	0.999956977831673
29.875	31.5	0.999665211954014	0.800253705611028	-1.56760937627443e-05	36.0014331639671	0.999963173314942
30.125	31.5	0.999713736587437	0.800243223377917	-2.03468674024477e-05	35.8013778730109	0.999968511024618
30.375	31.5	0.99975547709976	0.8002332313981	-2.46917260139682e-05	35.6013241516773	0.999973102480974
30.625	31.5	0.999791328371229	0.800223704894966	-2.87308490277979e-05	35.4012720194354	0.999977046120835
30.875	31.5	0.999822077938915	0.800214620372386	-3.24831146485613e-05	35.2012214833279	0.999980428573281
31.125	31.5	0.999848416876268	0.800205955552701	-3.59661964302163e-05	35.0011725398987	0.999983325856389
31.375	31.5	0.999870949924835	0.800197689317095	-3.91966496900108e-05	34.8011251769044	0.999985804491732
31.625	31.5	0.999890204865735	0.800189801648561	-4.21899893045639e-05	34.6010793748246	0.999987922535231
31.875	31.5	0.999906641133139	0.800182273576678	-4.4960760317964e-05	34.4010351081898	0.999989730524645
32.125	31.5	0.999920657684088	0.800175087124962	-4.75226022561913e-05	34.2009923467397	0.99999127234525
32.375	31.5	0.999932600148662	0.800168225260268	-4.98883082285304e-05	34.0009510564302	0.999992586016353
32.625	31.5	0.999942767291875	0.800161671844356	-5.20698793166374e-05	33.8009112003032	0.999993704402106
32.875	31.5	0.99995141682429	0.800155411587343	-5.40785750299262e-05	33.6008727392324	0.999994655850672
33.125	31.5	0.999958770602019	0.800149430003691	-5.5924960177457e-05	33.4008356325604	0.999995464766222
33.375	31.5	0.999965019259252	0.800143713369468	-5.76189485334685e-05	33.2007998386384	0.999996152118518
33.625	31.5	0.999970326317361	0.800138248682317	-5.91698437216633e-05	33.0007653152799	0.99999673589491
33.875	31.5	0.999974831814827	0.800133023622786	-6.05863774802268e-05	32.8007320201397	0.999997231499631
34.125	31.5	0.999978655501383	0.800128026517749	-6.1876745509696e-05	32.6006999110272	0.999997652105152
34.375	31.5	0.999981899638266	0.800123246305475	-6.30486411678157e-05	32.4006689461631	0.999998008960209
34.625	31.5	0.999984651444613	0.800118672502758	-6.41092870870818e-05	32.2006390843867	0.999998311658907
34.875	31.5	0.999986985227615	0.800114295173273	-6.5065464897487e-05	32.0006102853216	0.999998568375038
35.125	31.5	0.99998896423158	0.800110104897969	-6.59235430714371e-05	31.8005825095047	0.999998786065474
35.375	31.5	0.999990642238314	0.800106092746713	-6.66895031803076e-05	31.6005557184856	0.999998970646215
35.625	31.5	0.999992064948461	0.800102250251699	-6.73689644399727e-05	31.4005298748995	0.999999127144331
35.875	31.5	0.999993271170817	0.800098569382042	-6.79672067824104e-05	31.2005049425182	0.99999925982879
36.125	31.5	0.99999429384389	0.800095042520004	-6.84891924744406e-05	31.0004808862845	0.999999372322828
36.375	31.5	0.999995160911508	0.800091662438306	-6.89395863697605e-05	30.8004576723296	0.999999467700266
36.625	31.5	0.999995896071847	0.800088422278835	-6.93227748727021e-05	30.6004352679799	0.999999548567903
36.875	31.5	0.999996519417066	0.800085315532473	-6.96428836933976e-05	30.4004136417528	0.999999617135877
37.125	31.5	0.999997047978669	0.800082336020149	-6.99037944151648e-05	30.200392763345	0.999999675277654
37.375	31.5	0.999997496191833	0.800079477874807	-7.01091600341154e-05	30.0003726036139	0.999999724581102
37.625	31.5	0.999997876290267	0.800076735524527	-7.02624194182279e-05	29.8003531345545	0.999999766391929
37.875	31.5	0.999998198641664	0.800074103676572	-7.03668108487928e-05	29.6003343292718	0.999999801850583
38.125	31.5	0.999998472032423	0.800071577302337	-7.0425384640466e-05	29.4003161619508	0.999999831923566
38.375	31.5	0.999998703909133	0.800069151623105	-7.04410149243459e-05	29.2002986078241	0.999999857430005
38.625	31.5	0.999998900583306	0.800066822096725	-7.04164106370901e-05	29.0002816431386	0.999999879064164
38.875	31.5	0.999999067404816	0.80006458440494	-7.03541257820723e-05	28.8002652451201	0.99999989741453
39.125	31.5	0.999999208908846	0.800062434441532	-7.0256568964047e-05	28.600249391939	0.999999912979973
39.375	31.5	0.999999328940326	0.800060368301035	-7.01260123510122e-05	28.4002340626749	0.999999926183436
39.625	31.5	0.9999994307593	0.800058382268205	-6.99645999554543e-05	28.2002192372817	0.999999937383523
39.875	31.5	0.99999951713018	0.800056472807985	-6.97743554246693e-05	28.000204896553	0.99999994688432
40.125	31.5	0.999999590397284	0.800054636556122	-6.95571892639995e-05	27.8001910220887	0.999999954943701
40.375	31.5	0.99999965254885	0.800052870310241	-6.93149056121749e-05	27.6001775962614	0.999999961780374
40.625	31.5	0.99999970527124	0.800051171021423	-6.90492085428047e-05	27.4001646021846	0.999999967579836
40.875	31.5	0.999999749994854	0.800049535786375	-6.87617079656262e-05	27.2001520236811	0.999999972499434
41.125	31.5	0.99999978793304	0.800047961839792	-6.8453925138846e-05	27.0001398452532	0.999999976672634
41.375	31.5	0.999999820115072	0.800046446547473	-6.81272978101459e-05	26.8001280520531	0.999999980212658
41.625	31.5	0.999999847414104	0.800044987399444	-6.77831850375448e-05	26.6001166298546	0.999999983215551
41.875	31.5	0.999999870570859	0.800043582003747	-6.74228716919297e-05	26.4001055650266	0.999999985762794
42.125	31.5	0.999999890213722	0.800042228080515	-6.70475726807729e-05	26.2000948445064	0.999999987923509
42.375	31.5	0.999999906875776	0.800040923456189	-6.66584368893113e-05	26.0000844557751	0.999999989756335
42.625	31.5	0.999999921009261	0.80003966605827	-6.6256550896772e-05	25.8000743868332	0.999999991311019
42.875	31.5	0.999999932997831	0.800038453910267	-6.58429424288607e-05	25.6000646261782	0.999999992629761
43.125	31.5	0.99999994316694	0.800037285126887	-6.54185836377536e-05	25.4000551627822	0.999999993748363
43.375	31.5	0.999999951792684	0.800036157909471	-6.49843941326441e-05	25.2000459860707	0.999999994697195
43.625	31.5	0.999999959109271	0.800035070541783	-6.45412438715603e-05	25.0000370859031	0.99999999550202
43.875	31.5	0.999999965315376	0.800034021385904	-6.40899558535202e-05	24.8000284525529	0.999999996184691
44.125	31.5	0.999999970579536	0.800033008878363	-6.36313086499981e-05	24.6000200766894	0.999999996763749
44.375	31.5	0.99999997504471	0.800032031526594	-6.31660388022609e-05	24.4000119493606	0.999999997254918
44.625	31.5	0.999999978832163	0.800031087905299	-6.26948430459529e-05	24.2000040619758	0.999999997671538
44.875	31.5	0.999999982044762	0.800030176653362	-6.22183804600847e-05	23.9999964062902	0.999999998024924
45.125	31.5	0.999999984769758	0.800029296470605	-6.17372744313554e-05	23.7999889743893	0.999999998324673
45.375	31.5	0.99999998708116	0.800028446114945	-6.12521145394827e-05	23.5999817586743	0.999999998578928
45.625	31.5	0.999999989041742	0.800027624399486	-6.07634583491197e-05	23.3999747518487	0.999999998794592
45.875	31.5	0.999999990704754	0.800026830189984	-6.02718330514163e-05	23.1999679469045	0.999999998977523
46.125	31.5	0.999999992115362	0.800026062402238	-5.97777370762391e-05	22.9999613371096	0.99999999913269
46.375	31.5	0.999999993311875	0.800025319999754	-5.92816415452656e-05	22.7999549159963	0.999999999264306
46.625	31.5	0.99999999432679	0.800024601991423	-5.8783991720828e-05	22.5999486773492	0.999999999375947
46.875	31.5	0.99999999518767	0.800023907429453	-5.82852083136157e-05	22.3999426151945	0.999999999470644
47.125	31.5	0.99999999591789	0.800023235407248	-5.77856887552384e-05	22.1999367237897	0.999999999550968
47.375	31.5	0.999999996537287	0.800022585057493	-5.72858083789508e-05	21.9999309976131	0.999999999619102
47.625	31.5	0.999999997062677	0.800021955550273	-5.6785921557477e-05	21.7999254313549	0.999999999676894
47.875	31.5	0.99999999750833	0.800021346091392	-5.62863627735279e-05	21.5999200199079	0.999999999725916
48.125	31.5	0.999999997886346	0.800020755920662	-5.57874476193596e-05	21.3999147583587	0.999999999767498
48.375	31.5	0.999999998206991	0.800020184310285	-5.52894737736396e-05	21.1999096419794	0.999999999802769
48.625	31.5	0.999999998478973	0.800019630563412	-5.47927219002222e-05	20.9999046662203	0.999999999832687
48.875	31.5	0.999999998709677	0.800019094012673	-5.42974565109906e-05	20.7998998267015	0.999999999858064
49.125	31.5	0.999999998905365	0.800018574018816	-5.38039267830029e-05	20.5998951192066	0.99999999987959
49.375	31.5	0.999999999071354	0.800018069969438	-5.33123673452577e-05	20.3998905396751	0.999999999897849
49.625	31.5	0.999999999212153	0.800017581277719	-5.28229989965225e-05	20.1998860841965	0.999999999913337
49.875	31.5	0.99999999933158	0.800017107381257	-5.23360294262195e-05	19.9998817490036	0.999999999926474
50.125	31.5	0.999999999432885	0.800016647741009	-5.18516538556162e-05	19.7998775304669	0.999999999937617
50.375	31.5	0.999999999518816	0.800016201840156	-5.13700556897331e-05	19.5998734250886	0.99999999994707
50.625	31.5	0.999999999591703	0.800015769183082	-5.08914071161239e-05	19.3998694294975	0.999999999955087
50.875	31.5	0.999999999653528	0.800015349294535	-5.04158696406658e-05	19.1998655404434	0.999999999961888
51.125	31.5	0.999999999705971	0.800014941718581	-4.99435946796949e-05	18.9998617547926	0.999999999967657
51.375	31.5	0.999999999750455	0.800014546017802	-4.94747240423887e-05	18.799858069523	0.99999999997255
51.625	31.5	0.999999999788187	0.800014161772467	-4.90093904232978e-05	18.5998544817194	0.999999999976701
51.875	31.5	0.999999999820191	0.800013788579676	-4.85477178776315e-05	18.3998509885696	0.999999999980221
52.125	31.5	0.999999999847339	0.800013426052725	-4.80898222672928e-05	18.1998475873598	0.999999999983207
52.375	31.5	0.999999999870366	0.800013073820293	-4.76358116631029e-05	17.999844275471	0.99999999998574
52.625	31.5	0.999999999889901	0.800012731525775	-4.71857867730598e-05	17.7998410503751	0.999999999987889
52.875	31.5	0.999999999906467	0.800012398826708	-4.67398413035345e-05	17.5998379096314	0.999999999989711
53.125	31.5	0.99999999992052	0.800012075394035	-4.62980623300847e-05	17.399834850883	0.999999999991257
53.375	31.5	0.999999999932442	0.80001176091162	-4.58605306505494e-05	17.1998318718536	0.999999999992569
53.625	31.5	0.999999999942554	0.800011455075614	-4.54273211064538e-05	16.9998289703445	0.999999999993681
53.875	31.5	0.999999999951128	0.80001115759398	-4.49985029053855e-05	16.7998261442313	0.999999999994624
54.125	31.5	0.9999999999584	0.8000108681859	-4.45741399220539e-05	16.5998233914612	0.999999999995424
54.375	31.5	0.999999999964571	0.800010586581406	-4.41542909666501e-05	16.3998207100502	0.999999999996103
54.625	31.5	0.999999999969804	0.800010312520769	-4.37390100788857e-05	16.1998180980806	0.999999999996678
54.875	31.5	0.999999999974242	0.800010045754187	-4.33283467827741e-05	15.9998155536982	0.999999999997167
55.125	31.5	0.999999999978006	0.80000978604131	-4.2922346324376e-05	15.7998130751101	0.999999999997581
55.375	31.5	0.999999999981199	0.80000953315081	-4.25210499206592e-05	15.5998106605824	0.999999999997932
55.625	31.5	0.999999999983907	0.80000928686002	-4.21244949789547e-05	15.3998083084378	0.99999999999823
55.875	31.5	0.999999999986205	0.800009046954607	-4.173271530854e-05	15.1998060170538	0.999999999998483
56.125	31.5	0.999999999988153	0.800008813228133	-4.13457413363785e-05	14.9998037848602	0.999999999998697
56.375	31.5	0.999999999989806	0.800008585481804	-4.09636002909678e-05	14.7998016103375	0.999999999998879
56.625	31.5	0.99999999999121	0.80000836352408	-4.05863163993945e-05	14.5997994920153	0.999999999999033
56.875	31.5	0.9999999999924	0.800008147170448	-4.02139110561813e-05	14.3997974284697	0.999999999999164
57.125	31.5	0.999999999993408	0.80000793624303	-3.98464030015806e-05	14.1997954183225	0.999999999999275
57.375	31.5	0.999999999994265	0.800007730570399	-3.94838084814093e-05	13.9997934602387	0.999999999999369
57.625	31.5	0.999999999994992	0.80000752998724	-3.91261414001883e-05	13.7997915529259	0.999999999999449
57.875	31.5	0.999999999995608	0.800007334334148	-3.87734134690347e-05	13.5997896951318	0.999999999999517
58.125	31.5	0.99999999999613	0.800007143457334	-3.8425634349986e-05	13.3997878856435	0.999999999999574
58.375	31.5	0.999999999996575	0.800006957208414	-3.80828117864165e-05	13.1997861232858	0.999999999999623
58.625	31.5	0.999999999996951	0.800006775444199	-3.77449517388311e-05	12.99978440692	0.999999999999665
58.875	31.5	0.999999999997272	0.800006598026456	-3.74120584993814e-05	12.7997827354424	0.9999999999997
59.125	31.5	0.999999999997544	0.80000642482169	-3.70841348095227e-05	12.5997811077833	0.99999999999973
59.375	31.5	0.999999999997774	0.800006255700997	-3.67611819818129e-05	12.3997795229059	0.999999999999755
59.625	31.5	0.999999999997971	0.800006090539819	-3.6443199994043e-05	12.199777979805	0.999999999999777
59.875	31.5	0.999999999998137	0.800005929217779	-3.61301875960317e-05	11.999776477506	0.999999999999795
60.125	31.5	0.999999999998278	0.800005771618526	-3.58221424079963e-05	11.7997750150639	0.999999999999811
60.375	31.5	0.999999999998397	0.800005617629545	-3.55190610110209e-05	11.5997735915622	0.999999999999824
60.625	31.5	0.999999999998499	0.800005467141999	-3.52209390312725e-05	11.3997722061122	0.999999999999835
60.875	31.5	0.999999999998584	0.800005320050576	-3.49277712296231e-05	11.1997708578519	0.999999999999844
61.125	31.5	0.999999999998657	0.800005176253336	-3.46395515795346e-05	10.9997695459452	0.999999999999852
61.375	31.5	0.999999999998718	0.800005035651586	-3.43562733361969e-05	10.799768269581	0.999999999999859
61.625	31.5	0.99999999999877	0.800004898149703	-3.40779291221059e-05	10.5997670279727	0.999999999999865
61.875	31.5	0.999999999998816	0.800004763655023	-3.38045109763339e-05	10.3997658203569	0.99999999999987
62.125	31.5	0.999999999998857	0.800004632077744	-3.35360104346063e-05	10.1997646459932	0.999999999999874
62.375	31.5	0.999999999998891	0.800004503330745	-3.32724185854504e-05	9.99976350416333	0.999999999999878
62.625	31.5	0.999999999998918	0.800004377329492	-3.30137261203371e-05	9.79976239417042	0.999999999999881
62.875	31.5	0.999999999998935	0.800004253991927	-3.27599234042827e-05	9.59976131533839	0.999999999999883
63.125	31.5	0.999999999998941	0.800004133238354	-3.2511000508774e-05	9.39976026701141	0.999999999999883
63.375	31.5	0.999999999998935	0.800004014991335	-3.22669472753449e-05	9.19975924855327	0.999999999999883
63.625	31.5	0.999999999998924	0.800003899175583	-3.2027753354052e-05	8.99975825934683	0.999999999999882
63.875	31.5	0.999999999998921	0.800003785717856	-3.17934082403549e-05	8.79975729879354	0.999999999999881
64.125	31.5	0.999999999998942	0.800003674546851	-3.15639013284534e-05	8.59975636631288	0.999999999999884
64.375	31.5	0.999999999999008	0.800003565593166	-3.1339221935309e-05	8.39975546134194	0.999999999999891
64.625	31.5	0.99999999999913	0.800003458789136	-3.11193593449184e-05	8.19975458333491	0.999999999999904
64.875	31.5	0.99999999999929	0.800003354068781	-3.09043028333601e-05	7.9997537317627	0.999999999999922
65.125	31.5	0.999999999999436	0.800003251367745	-3.06940417010585e-05	7.79975290611249	0.999999999999938
65.375	31.5	0.999999999999469	0.800003150623171	-3.04885652988759e-05	7.59975210588738	0.999999999999942
65.625	31.5	0.999999999999265	0.800003051773653	-3.0287863053202e-05	7.39975133060597	0.999999999999919
65.875	31.5	0.99999999999872	0.800002954759147	-3.00919244889308e-05	7.19975057980207	0.999999999999859
66.125	31.5	0.999999999997834	0.800002859520909	-2.99007392472381e-05	6.9997498530243	0.999999999999762
66.375	31.5	0.999999999996802	0.800002766001416	-2.97142971068695e-05	6.79974914983585	0.999999999999648
66.625	31.5	0.999999999996069	0.800002674144287	-2.9532587998614e-05	6.5997484698141	0.999999999999568
66.875	31.5	0.999999999996299	0.800002583894247	-2.9355602021048e-05	6.39974781255038	0.999999999999593
67.125	31.5	0.999999999998197	0.800002495197036	-2.918332945282e-05	6.1997471776497	0.999999999999802
67.375	31.5	1.00000000000216	0.800002407999359	-2.90157607657578e-05	5.99974656473048	1.00000000000024
67.625	31.5	1.00000000000785	0.800002322248834	-2.88528866285142e-05	5.79974597342435	1.00000000000086
67.875	31.5	1.00000000001378	0.800002237893948	-2.86946979140356e-05	5.59974540337595	1.00000000000152
68.125	31.5	1.00000000001726	0.800002154883988	-2.85411857036816e-05	5.39974485424272	1.0000000000019
68.375	31.5	1.0000000000149	0.800002073169018	-2.83923412759176e-05	5.19974432569476	1.00000000000164
68.625	31.5	1.00000000000369	0.800001992699812	-2.82481561123903e-05	4.99974381741465	1.00000000000041
68.875	31.5	0.999999999982625	0.800001913427795	-2.81086218939758e-05	4.79974332909723	0.999999999998089
69.125	31.5	0.9999999999541	0.80000183530498	-2.79737305142237e-05	4.5997428604494	0.999999999994951
69.375	31.5	0.999999999924456	0.800001758283923	-2.78434741069355e-05	4.39974241118988	0.99999999999169
69.625	31.5	0.999999999902875	0.800001682317672	-2.77178450987628e-05	4.19974198104902	0.999999999989316
69.875	31.5	0.999999999898832	0.800001607359764	-2.75968362604501e-05	3.99974156976861	0.999999999988872
70.125	31.5	0.99999999991943	0.800001533364251	-2.74804407367402e-05	3.79974117710181	0.999999999991137
70.375	31.5	0.999999999969178	0.800001460285705	-2.73686519972105e-05	3.59974080281307	0.99999999999661
70.625	31.5	1.00000000005464	0.800001388079196	-2.72614636405055e-05	3.39974044667806	1.00000000000601
70.875	31.5	1.00000000019369	0.800001316700112	-2.71588690199283e-05	3.19974010848341	1.00000000002131
71.125	31.5	1.00000000042299	0.80000124610382	-2.70608607366986e-05	2.99973978802629	1.00000000004653
71.375	31.5	1.0000000007895	0.800001176245205	-2.69674302006102e-05	2.79973948511405	1.00000000008684
71.625	31.5	1.00000000130619	0.800001107078352	-2.68785676764411e-05	2.59973919956434	1.00000000014368
71.875	31.5	1.00000000185836	0.800001038556788	-2.67942633584545e-05	2.39973893120689	1.00000000020442
72.125	31.5	1.00000000207285	0.800000970634882	-2.67145099798581e-05	2.19973867988765	1.00000000022801
72.375	31.5	1.00000000121462	0.800000903270714	-2.66393069190927e-05	1.99973844547556	1.00000000013361
72.625	31.5	0.999999998242442	0.800000836430034	-2.6568664644071e-05	1.79973822786987	0.999999999806669
72.875	31.5	0.999999992205787	0.80000077008954	-2.65026066204039e-05	1.59973802700246	0.999999999142636
73.125	31.5	0.999999983133839	0.800000704236006	-2.6441164122069e-05	1.39973784282605	0.999999998144722
73.375	31.5	0.999999973378908	0.800000638856565	-2.63843588972017e-05	1.19973767527785	0.99999999707168
73.625	31.5	0.999999968973022	0.800000573916298	-2.63321713144488e-05	0.999737524213509	0.999999996587032
73.875	31.5	0.999999979976839	0.800000509324041	-2.62844992944529e-05	0.799737389322276	0.999999997797452
74.125	31.5	1.00000001825851	0.800000444897136	-2.62411266627111e-05	0.599737270062711	1.00000000200844
74.375	31.5	1.00000009108856	0.800000380337167	-2.62017357646564e-05	0.399737165693191	1.00000001001974
74.625	31.5	1.0000001900206	0.800000286978394	-2.61660120907014e-05	0.199737075501602	1.00000002090227
74.875	31.5	1.00000027735291	0.400000332680428	-2.6140388600658e-05	-0.000262986497836406	1.00000003050882
0.125	32.5	2.50288300923065e-07	0.400012596521454	-3.8104596554883e-05	58.5915669706785	0.890000027531713
0.375	32.5	-4.11429833925274e-06	0.800038054066252	-3.94829996773974e-05	58.4135613597199	0.889999547427183
0.625	32.5	-1.37338871283511e-05	0.800063593942273	-4.22509408732913e-05	58.2355502176565	0.889998489272416
0.875	32.5	-2.92955232234817e-05	0.800089214993456	-4.6435804882342e-05	58.0575336647542	0.889996777492445
1.125	32.5	-5.04793212385378e-05	0.8001149945887	-5.20742187407371e-05	57.8795118061306	0.889994447274664
1.375	32.5	-7.51967482112038e-05	0.800140980380243	-5.92116094340082e-05	57.7014847135709	0.889991728357697
1.625	32.5	-9.88674123061532e-05	0.800167215262663	-6.79003574994138e-05	57.5234523791005	0.889989124584646
1.875	32.5	-0.000113797033597414	0.800193734732267	-7.81974182488928e-05	57.3454146538534	0.889987482326304
2.125	32.5	-0.000108743901435191	0.800220564255584	-9.01615974122374e-05	57.1673711754254	0.889988038170842
2.375	32.5	-6.8759520213544e-05	0.800247717106387	-0.00010385074084407	56.989321288809	0.889992436452776
2.625	32.5	2.46317375595146e-05	0.800275192990225	-0.00011931916140515	56.8112639676672	0.890002709491132
2.875	32.5	0.000192883961244414	0.800302977625165	-0.000136615662878374	56.6331977437574	0.890021217235737
3.125	32.5	0.000459524797380165	0.800331043276251	-0.000155782520810005	56.4551206525136	0.890050547727712
3.375	32.5	0.000848951185340653	0.800359350072813	-0.000176855741648806	56.2770302020395	0.890093384630387
3.625	32.5	0.00138502133180937	0.80038784779751	-0.000199866848988651	56.0989233710979	0.890152352346499
3.875	32.5	0.00208956621682258	0.80041647774199	-0.00022484634904636	55.9207966392839	0.890229852283851
4.125	32.5	0.00298095678231435	0.800445174193031	-0.000251828921364269	55.7426460497224	0.890327905246055
4.375	32.5	0.00407285949301523	0.8004738651392	-0.0002808602775625	55.5644673016793	0.890448014544232
4.625	32.5	0.00537329405835233	0.800502471868852	-0.000312005544992677	55.3862558677656	0.890591062346419
4.875	32.5	0.00688407569418486	0.800530907244224	-0.000345358968394076	55.2080071282598	0.89075724832636
5.125	32.5	0.00860068482229407	0.800559072569691	-0.00038105468314107	55.0297165136937	0.890946075330452
5.375	32.5	0.0105125648618991	0.80058685310332	-0.000419278289123057	54.8513796463683	0.891156382134809
5.625	32.5	0.0126038092766175	0.800614112379434	-0.000460278933256394	54.672992471892	0.891386419020428
5.875	32.5	0.0148541674233339	0.800640685597912	-0.000504381571138207	54.4945513730389	0.891633958416567
6.125	32.5	0.0172402791089382	0.800666372388967	-0.000551999009139191	54.3160532600034	0.891896430701983
6.375	32.5	0.0197370426898417	0.800690929277047	-0.000603643213966537	54.1374956331763	0.892171074695883
6.625	32.5	0.0223190316988147	0.800714062142862	-0.000659935215048476	53.9588766165629	0.89245509348687
6.875	32.5	0.0249618988527119	0.800735418926732	-0.000721612723571969	53.7801949615788	0.892745808873798
7.125	32.5	0.0276437403009137	0.80075458274429	-0.000789534369609346	53.6014500219264	0.893040811433101
7.375	32.5	0.0303464318831696	0.80077106551334	-0.000864679240280629	53.4226417004075	0.893338107507149
7.625	32.5	0.0330569868932767	0.800784302142806	-0.000948140211399098	53.2437703678152	0.89363626855826
7.875	32.5	0.0357690155583232	0.800793645334737	-0.0010411094164842	53.0648367525589	0.893934591711416
8.125	32.5	0.0384843858003705	0.800798361119585	-0.0011448540823658	52.8858417976161	0.894233282438041
8.375	32.5	0.0412151911533834	0.800797625393723	-0.00126068083779197	52.7067864790358	0.894533671026872
8.625	32.5	0.0439861267250716	0.800790521958989	-0.00138988638501857	52.5276715778139	0.894838473939758
8.875	32.5	0.0468373632516086	0.800776042848254	-0.00153369197738724	52.3484973947223	0.895152109957677
9.125	32.5	0.0498280010804537	0.800753092021693	-0.00169315828498999	52.1692633956282	0.89548108011885
9.375	32.5	0.0530401902523379	0.800720493751417	-0.00186907574243253	51.98996777284	0.895834420927757
9.625	32.5	0.0565840282629978	0.800677007073538	-0.0020618231591424	51.8106069056994	0.89622424310893
9.875	32.5	0.0606033964035268	0.800621347420846	-0.00227118414174302	51.6311747005138	0.896666373604388
10.125	32.5	0.0652829597069782	0.80055221575014	-0.00249610690481985	51.4516617855816	0.897181125567768
10.375	32.5	0.0708566044234241	0.80046833389739	-0.00273438906789133	51.2720545315056	0.897794226486577
10.625	32.5	0.0776175567433486	0.800368482262956	-0.00298226682330362	51.0923338612452	0.898537931241768
10.875	32.5	0.0859302022366162	0.8002515321549	-0.00323389095254851	50.9124738113564	0.899452322246028
11.125	32.5	0.0962430220980027	0.800116460710632	-0.00348068680938259	50.7324398117488	0.90058673243078
11.375	32.5	0.109100815933976	0.799962333391363	-0.0037106312975352	50.5521866768909	0.902001089752737
11.625	32.5	0.125152184081333	0.799788243006374	-0.00390754967599276	50.3716563635007	0.903766740248947
11.875	32.5	0.145144894624949	0.799593215743445	-0.00405064968485709	50.1907756702469	0.905965938408744
12.125	32.5	0.169897546110651	0.799376149392144	-0.00411466637263972	50.0094542544689	0.908688730072172
12.375	32.5	0.200232329094674	0.799135948051364	-0.00407114500429284	49.8275836212173	0.912025556200414
12.625	32.5	0.23685421839851	0.79887213877653	-0.00389142818007659	49.6450380507088	0.916053964023836
12.875	32.5	0.280172322760258	0.798586293888375	-0.00355164944025583	49.4616786264702	0.920818955503628
13.125	32.5	0.330084704533002	0.798284330932257	-0.00303929757650546	49.2773613521895	0.92630931749863
13.375	32.5	0.385786387877689	0.797979049720547	-0.00235977570908407	49.0919495195815	0.932436502666546
13.625	32.5	0.44569229944704	0.797691329964831	-0.00154039136586904	48.9053289550169	0.939026152939174
13.875	32.5	0.507558349479589	0.797448156893393	-0.000629290022222152	48.7174230091647	0.945831418442755
14.125	32.5	0.568812634174895	0.797276997709901	0.000311484430415959	48.5282031943201	0.952569389759238
14.375	32.5	0.627002578150402	0.797198533962418	0.00121701174716873	48.3376921775632	0.958970283596544
14.625	32.5	0.680197134516616	0.797221229147344	0.0020309005239823	48.1459583422087	0.964821684796828
14.875	32.5	0.727210593833133	0.797340135745041	0.00271342444593702	47.953104012819	0.969993165321645
15.125	32.5	0.767612342857802	0.797539738380877	0.00324454301968795	47.7592511011404	0.974437357714358
15.375	32.5	0.801579651060018	0.797798772497106	0.00362220475439375	47.5645277551351	0.978173761616602
15.625	32.5	0.829686471043097	0.798094855439121	0.00385776608249492	47.369058187973	0.981265511814741
15.875	32.5	0.852704089071617	0.798407735881296	0.00397059473015685	47.1729562767213	0.983797449797878
16.125	32.5	0.87145184869563	0.798720965281319	0.00398333785950868	46.9763224407291	0.985859703356519
16.375	32.5	0.886704504731255	0.799022340553292	0.00391852447117617	46.7792428697583	0.987537495520438
16.625	32.5	0.899145884570011	0.79930359838272	0.00379654494544373	46.581790180187	0.988906047302701
16.875	32.5	0.909353801939282	0.799559760023575	0.00363472642712191	46.3840247887076	0.990028918213321
17.125	32.5	0.917802914938569	0.799788387694636	0.00344713946396065	46.1859965380404	0.990958320643243
17.375	32.5	0.924876070924016	0.79998889410012	0.00324481870028857	45.9877463099224	0.991736367801642
17.625	32.5	0.930878360284378	0.80016196506597	0.00303617140450682	45.7893074979666	0.992396619631282
17.875	32.5	0.936050825867344	0.800309107922368	0.0028274345150817	45.5907072952623	0.992965590845408
18.125	32.5	0.940582509839615	0.800432314829838	0.00262310613683771	45.3919677948472	0.993464076082358
18.375	32.5	0.944620494087261	0.800533821290818	0.00242631965627253	45.1931069201868	0.993908254349599
18.625	32.5	0.948278063019733	0.800615938870129	0.00223915279037438	44.9941392083975	0.994310586932171
18.875	32.5	0.951641295106116	0.800680943458368	0.00206287586817718	44.7950764681276	0.994680542461673
19.125	32.5	0.954774412010275	0.80073100390679	0.00189814834321536	44.5959283307918	0.99502518532113
19.375	32.5	0.957724167979252	0.800768139361587	0.00174517333271682	44.3967027103333	0.995349658477718
19.625	32.5	0.960523495451905	0.800794196634642	0.00160381897981874	44.1974061837578	0.99565758449971
19.875	32.5	0.96319455982507	0.80081084133295	0.00147371382800845	43.9980443025645	0.995951401580758
20.125	32.5	0.965751326758761	0.80081955826373	0.00135432178549054	43.7986218438267	0.996232645943464
20.375	32.5	0.9682017112607	0.800821657938535	0.00124500089590492	43.5991430088202	0.996502188238677
20.625	32.5	0.970549357136402	0.800818286927505	0.00114504908889528	43.3996115765461	0.996760429285004
20.875	32.5	0.972795084809524	0.800810440471827	0.00105373933262874	43.2000310190731	0.997007459329048
21.125	32.5	0.974938041447221	0.800798976222225	0.000970346091725888	43.0004045851977	0.997243184559194
21.375	32.5	0.97697658673501	0.800784628301836	0.000894164639674701	42.8007353584341	0.997467424540851
21.625	32.5	0.978908948295729	0.800768021129718	0.000824524529192957	42.6010262947762	0.99767998431253
21.875	32.5	0.980733681206375	0.8007496826196	0.000760798341968032	42.401280245035	0.997880704932701
22.125	32.5	0.982449965592396	0.800730056502098	0.000702406692648371	42.2014999658726	0.998069496215163
22.375	32.5	0.98405777464378	0.80070951362183	0.000648820332488837	42.001688122966	0.998246355210816
22.625	32.5	0.985557942706711	0.800688362137972	0.000599560078038383	41.8018472890741	0.998411373697738
22.875	32.5	0.986952159643113	0.800666856617036	0.000554195175827643	41.601979939172	0.998564737560742
23.125	32.5	0.988242913762577	0.800645206047246	0.000512340606268948	41.4020884442771	0.998706720513883
23.375	32.5	0.989433401643139	0.800623580835311	0.000473653730482758	41.202175065137	0.998837674180745
23.625	32.5	0.99052741933443	0.800602118863209	0.00043783059394986	41.0022419465672	0.998958016126787
23.875	32.5	0.991529245965188	0.800580930693915	0.00040460212284318	40.8022911129315	0.999068217056171
24.125	32.5	0.992443527767112	0.800560104018562	0.000373730382763309	40.6023244650258	0.999168788054382
24.375	32.5	0.993275168022487	0.800539707435481	0.000345005015303933	40.40234377846	0.999260268482474
24.625	32.5	0.994029226437693	0.800519793647755	0.00031823992516665	40.2023507035111	0.999343214908146
24.875	32.5	0.994710829900026	0.800500402160066	0.000293270257290454	40.0023467663455	0.999418191289003
25.125	32.5	0.995325095431817	0.800481561545981	0.000269949679406935	39.8023333714605	0.9994857604975
25.375	32.5	0.995877065347143	0.800463291350788	0.000248147968183993	39.6023118051681	0.999546477188186
25.625	32.5	0.996371654074802	0.800445603685633	0.000227748885676571	39.4022832399417	0.999600881948228
25.875	32.5	0.996813605778395	0.800428504561764	0.000208648325690881	39.2022487394451	0.999649496635623
26.125	32.5	0.997207461720627	0.800411995006229	0.000190752705983799	39.0022092640772	0.999692820789269
26.375	32.5	0.997557536247314	0.800396071994528	0.000173977580835136	38.8021656768785	0.999731328987205
26.625	32.5	0.997867900265979	0.800380729229959	0.000158246448482417	38.6021187496652	0.999765469029258
26.875	32.5	0.998142371143299	0.80036595779489	0.000143489729333318	38.4020691692715	0.999795660825763
27.125	32.5	0.998384508020489	0.800351746694523	0.000129643892635319	38.2020175438001	0.999822295882254
27.375	32.5	0.998597611635105	0.800338083311233	0.00011665071115928	38.0019644087972	0.999845737279861
27.625	32.5	0.998784727831812	0.800324953783691	0.000104456625994402	37.8019102332814	0.999866320061499
27.875	32.5	0.998948654037551	0.800312343322677	9.30122052898855e-05	37.6018554255723	0.999884351944131
28.125	32.5	0.999091948064811	0.800300236474797	8.22716831665818e-05	37.4018003388746	0.999900114287129
28.375	32.5	0.999216938688784	0.800288617341196	7.21925665928149e-05	37.2017452765856	0.999913863255766
28.625	32.5	0.999325737519204	0.800277469759289	6.27352997653941e-05	37.0016904973024	0.999925831127113
28.875	32.5	0.999420251755675	0.800266777453153	5.38629770673802e-05	36.8016362195148	0.999936227693124
29.125	32.5	0.999502197476627	0.800256524157315	4.55410968881236e-05	36.6015826259745	0.999945241722429
29.375	32.5	0.999573113167122	0.800246693718205	3.77373497153854e-05	36.4015298677396	0.999953042448383
29.625	32.5	0.999634373240033	0.800237270177085	3.04214350092961e-05	36.2014780678967	0.999959781056404
29.875	32.5	0.999687201349283	0.800228237836629	2.35649020446012e-05	36.001427324968	0.999965592148421
30.125	32.5	0.999732683333049	0.800219581314596	1.71410108244391e-05	35.8013777160132	0.999970595166635
30.375	32.5	0.999771779659753	0.800211285585665	1.11246096529426e-05	35.6013292994396	0.999974895762573
30.625	32.5	0.999805337280328	0.80020333601396	5.49202663956944e-06	35.4012821175341	0.999978587100836
30.875	32.5	0.999834100817161	0.800195718377614	2.20972711827849e-07	35.2012361987355	0.999981751089888
31.125	32.5	0.999858723043511	0.800188418886167	-4.70954566063303e-06	35.0011915596609	0.999984459534786
31.375	32.5	0.999879774627104	0.800181424192649	-9.31930576247633e-06	34.8011482069077	0.999986775208981
31.625	32.5	0.999897753128546	0.800174721400388	-1.36269411330293e-05	34.6011061386453	0.99998875284414
31.875	32.5	0.999913091259346	0.800168298066394	-1.76500083199021e-05	34.4010653460165	0.999990440038528
32.125	32.5	0.999926164415612	0.800162142200738	-2.14050489257705e-05	34.2010258143647	0.999991878085717
32.375	32.5	0.999937297512656	0.80015624226374	-2.49076472803067e-05	34.0009875243034	0.999993102726392
32.625	32.5	0.999946771152782	0.800150587160425	-2.81724846890457e-05	33.8009504526437	0.999994144826806
32.875	32.5	0.99995482716336	0.800145166233442	-3.12133903074396e-05	33.6009145731953	0.99999503098797
33.125	32.5	0.999961673545929	0.80013996925424	-3.40433892707251e-05	33.4008798574538	0.999995784090052
33.375	32.5	0.999967488878983	0.80013498641309	-3.66747482179454e-05	33.200846275188	0.999996423776688
33.625	32.5	0.999972426217896	0.80013020830833	-3.91190183624977e-05	33.0008137949383	0.999996966883969
33.875	32.5	0.999976616535411	0.800125625934724	-4.13870764412224e-05	32.8007823844375	0.999997427818895
34.125	32.5	0.999980171744942	0.800121230671361	-4.34891634876482e-05	32.600752010964	0.999997818891944
34.375	32.5	0.999983187347636	0.800117014269148	-4.54349217132698e-05	32.4007226416357	0.99999815060824
34.625	32.5	0.999985744741911	0.800112968838123	-4.72334294396509e-05	32.2006942436523	0.99999843192161
34.875	32.5	0.999987913231914	0.800109086834701	-4.88932342300393e-05	32.0006667844939	0.99999867045551
35.125	32.5	0.999989751768786	0.800105361048871	-5.04223843221544e-05	31.8006402320819	0.999998872694567
35.375	32.5	0.999991310455934	0.800101784591404	-5.18284583290396e-05	31.600614554907	0.999999044150153
35.625	32.5	0.999992631846791	0.80009835088137	-5.31185933492809e-05	31.4005897221302	0.999999189503147
35.875	32.5	0.999993752060883	0.800095053633654	-5.42995115262646e-05	31.2005657036597	0.999999312726697
36.125	32.5	0.999994701741465	0.800091886846852	-5.53775451024592e-05	31.0005424702094	0.999999417191561
36.375	32.5	0.999995506875461	0.800088844791451	-5.63586600255782e-05	30.8005199933398	0.999999505756301
36.625	32.5	0.999996189494203	0.800085921998256	-5.72484781967466e-05	30.6004982454858	0.999999580844362
36.875	32.5	0.999996768271272	0.800083113247149	-5.80522983722058e-05	30.400477199973	0.99999964450984
37.125	32.5	0.999997259031762	0.800080413556253	-5.87751158453228e-05	30.2004568310244	0.999999698493494
37.375	32.5	0.99999767518553	0.800077818171427	-5.94216408818786e-05	30.0004371137602	0.999999744270408
37.625	32.5	0.999998028095352	0.800075322556093	-5.99963160602087e-05	29.8004180241904	0.999999783090489
37.875	32.5	0.999998327389473	0.800072922381512	-6.05033325177761e-05	29.6003995392033	0.999999816012842
38.125	32.5	0.999998581226707	0.80007061351731	-6.09466451544274e-05	29.4003816365496	0.999999843934938
38.375	32.5	0.99999879652117	0.800068392022504	-6.13299869204309e-05	29.2003642948238	0.999999867617329
38.625	32.5	0.999998979132685	0.800066254136781	-6.16568821543781e-05	29.0003474934428	0.999999887704595
38.875	32.5	0.999999134028067	0.800064196272224	-6.19306590930101e-05	28.8003312126234	0.999999904743087
39.125	32.5	0.999999265417668	0.800062215005262	-6.21544615811489e-05	28.6003154333579	0.999999919195943
39.375	32.5	0.999999376870985	0.800060307069159	-6.23312599971616e-05	28.4003001373894	0.999999931455808
39.625	32.5	0.999999471414542	0.800058469346607	-6.24638615355685e-05	28.2002853071868	0.9999999418556
39.875	32.5	0.999999551614745	0.800056698862773	-6.25549197714664e-05	28.0002709259185	0.999999950677622
40.125	32.5	0.999999619648042	0.80005499277869	-6.26069436525154e-05	27.8002569774278	0.999999958161285
40.375	32.5	0.999999677360337	0.800053348384819	-6.26223058971367e-05	27.600243446207	0.999999964509637
40.625	32.5	0.999999726317303	0.800051763094977	-6.26032508640625e-05	27.4002303173728	0.999999969894903
40.875	32.5	0.999999767847006	0.800050234440587	-6.25519019089973e-05	27.2002175766418	0.999999974463171
41.125	32.5	0.999999803076018	0.800048760065111	-6.24702683072199e-05	27.0002052103065	0.999999978338362
41.375	32.5	0.999999832960024	0.800047337718757	-6.23602517072798e-05	26.8001932052121	0.999999981625603
41.625	32.5	0.999999858309767	0.800045965253508	-6.22236521983765e-05	26.600181548734	0.999999984414074
41.875	32.5	0.999999879813036	0.80004464061821	-6.20621739976245e-05	26.4001702287559	0.999999986779434
42.125	32.5	0.999999898053326	0.800043361854182	-6.18774307846035e-05	26.2001592336483	0.999999988785866
42.375	32.5	0.999999913525647	0.800042127090681	-6.16709507184294e-05	26.0001485522486	0.999999990487821
42.625	32.5	0.99999992664994	0.800040934540885	-6.14441811219082e-05	25.800138173841	0.999999991931493
42.875	32.5	0.999999937782459	0.800039782497888	-6.11984929171784e-05	25.6001280881377	0.99999999315607
43.125	32.5	0.999999947225427	0.80003866933089	-6.09351847678467e-05	25.4001182852608	0.999999994194797
43.375	32.5	0.999999955235222	0.800037593481747	-6.06554870040689e-05	25.2001087557244	0.999999995075874
43.625	32.5	0.999999962029337	0.80003655346144	-6.03605652632446e-05	25.0000994904185	0.999999995823227
43.875	32.5	0.999999967792265	0.800035547846852	-6.00515239814629e-05	24.8000904805924	0.999999996457149
44.125	32.5	0.999999972680504	0.800034575277728	-5.97294096349844e-05	24.6000817178391	0.999999996994856
44.375	32.5	0.999999976826812	0.800033634453654	-5.93952138017069e-05	24.4000731940813	0.999999997450949
44.625	32.5	0.999999980343792	0.800032724131319	-5.90498760764019e-05	24.2000649015566	0.999999997837817
44.875	32.5	0.999999983326964	0.800031843121807	-5.86942867833568e-05	24.0000568328041	0.999999998165966
45.125	32.5	0.999999985857355	0.800030990288046	-5.83292895410563e-05	23.8000489806517	0.999999998444309
45.375	32.5	0.999999988003687	0.800030164542457	-5.79556837216419e-05	23.6000413382036	0.999999998680406
45.625	32.5	0.999999989824256	0.800029364844556	-5.75742267094356e-05	23.4000338988284	0.999999998880668
45.875	32.5	0.9999999913685	0.80002859019883	-5.7185636093927e-05	23.2000266561479	0.999999999050535
46.125	32.5	0.999999992678368	0.800027839652618	-5.67905916990344e-05	23.0000196040264	0.99999999919462
46.375	32.5	0.999999993789431	0.800027112294156	-5.63897375416218e-05	22.8000127365602	0.999999999316837
46.625	32.5	0.999999994731867	0.800026407250626	-5.59836836402049e-05	22.6000060480678	0.999999999420505
46.875	32.5	0.999999995531266	0.80002572368644	-5.5573007752782e-05	22.3999995330806	0.999999999508439
47.125	32.5	0.999999996209339	0.800025060801402	-5.51582570273284e-05	22.1999931863339	0.999999999583027
47.375	32.5	0.999999996784501	0.80002441782924	-5.47399495434977e-05	21.9999870027581	0.999999999646295
47.625	32.5	0.999999997272371	0.800023794035924	-5.43185757924258e-05	21.7999809774708	0.999999999699961
47.875	32.5	0.999999997686198	0.800023188718189	-5.38946000532791e-05	21.5999751057688	0.999999999745482
48.125	32.5	0.999999998037218	0.800022601202213	-5.34684617363613e-05	21.3999693831208	0.999999999784094
48.375	32.5	0.999999998334965	0.800022030842205	-5.30405766130939e-05	21.19996380516	0.999999999816846
48.625	32.5	0.999999998587523	0.800021477019124	-5.26113380208753e-05	20.9999583676775	0.999999999844628
48.875	32.5	0.999999998801752	0.800020939139534	-5.2181117971227e-05	20.7999530666156	0.999999999868193
49.125	32.5	0.999999998983468	0.800020416634341	-5.17502682419806e-05	20.599947898062	0.999999999888181
49.375	32.5	0.999999999137604	0.800019908957785	-5.13191213570652e-05	20.3999428582433	0.999999999905136
49.625	32.5	0.999999999268348	0.800019415586329	-5.08879915839506e-05	20.1999379435197	0.999999999919518
49.875	32.5	0.999999999379249	0.800018936017667	-5.04571758259261e-05	19.9999331503795	0.999999999931717
50.125	32.5	0.999999999473318	0.800018469769802	-5.0026954498046e-05	19.7999284754338	0.999999999942065
50.375	32.5	0.999999999553112	0.800018016380088	-4.95975923505589e-05	19.5999239154117	0.999999999950842
50.625	32.5	0.999999999620796	0.800017575404446	-4.91693392439854e-05	19.3999194671557	0.999999999958288
50.875	32.5	0.999999999678207	0.800017146416419	-4.87424309150987e-05	19.1999151276169	0.999999999964603
51.125	32.5	0.999999999726902	0.800016729006485	-4.83170896523734e-05	18.9999108938508	0.999999999969959
51.375	32.5	0.999999999768209	0.800016322781308	-4.78935250002703e-05	18.7999067630131	0.999999999974503
51.625	32.5	0.999999999803244	0.800015927362939	-4.74719343810138e-05	18.599902732356	0.999999999978357
51.875	32.5	0.999999999832964	0.800015542388205	-4.70525037112973e-05	18.3998987992242	0.999999999981626
52.125	32.5	0.999999999858174	0.800015167508068	-4.66354079701402e-05	18.1998949610514	0.999999999984399
52.375	32.5	0.999999999879556	0.800014802386997	-4.62208117634692e-05	17.9998912153568	0.999999999986751
52.625	32.5	0.999999999897694	0.800014446702325	-4.58088698365788e-05	17.7998875597418	0.999999999988746
52.875	32.5	0.999999999913081	0.800014100143762	-4.53997275847791e-05	17.5998839918868	0.999999999990439
53.125	32.5	0.999999999926131	0.800013762412808	-4.49935215120023e-05	17.3998805095485	0.999999999991874
53.375	32.5	0.999999999937199	0.800013433222304	-4.45903797033754e-05	17.1998771105566	0.999999999993092
53.625	32.5	0.999999999946589	0.800013112295875	-4.41904222355275e-05	16.9998737928111	0.999999999994125
53.875	32.5	0.999999999954551	0.800012799367485	-4.37937615941894e-05	16.7998705542799	0.999999999995001
54.125	32.5	0.999999999961305	0.800012494181026	-4.3400503073853e-05	16.5998673929963	0.999999999995744
54.375	32.5	0.999999999967034	0.800012196489865	-4.30107451301916e-05	16.399864307056	0.999999999996374
54.625	32.5	0.999999999971892	0.800011906056482	-4.26245797557401e-05	16.1998612946156	0.999999999996908
54.875	32.5	0.999999999976014	0.800011622651986	-4.22420928003007e-05	15.9998583538897	0.999999999997362
55.125	32.5	0.99999999997951	0.800011346055879	-4.18633642982767e-05	15.7998554831492	0.999999999997746
55.375	32.5	0.999999999982474	0.800011076055605	-4.14884687774664e-05	15.599852680719	0.999999999998072
55.625	32.5	0.999999999984989	0.800010812446249	-4.11174755468765e-05	15.3998499449762	0.999999999998349
55.875	32.5	0.999999999987124	0.800010555030235	-4.07504489817477e-05	15.1998472743483	0.999999999998584
56.125	32.5	0.999999999988934	0.800010303616994	-4.0387448780071e-05	14.9998446673112	0.999999999998783
56.375	32.5	0.999999999990469	0.80001005802268	-4.00285302205413e-05	14.7998421223875	0.999999999998952
56.625	32.5	0.999999999991771	0.800009818069889	-3.96737444025227e-05	14.5998396381451	0.999999999999095
56.875	32.5	0.999999999992877	0.80000958358739	-3.93231384788665e-05	14.3998372131953	0.999999999999217
57.125	32.5	0.999999999993816	0.800009354409891	-3.89767558716786e-05	14.1998348461916	0.99999999999932
57.375	32.5	0.999999999994611	0.800009130377744	-3.8634636475456e-05	13.999832535828	0.999999999999407
57.625	32.5	0.999999999995286	0.800008911336773	-3.8296816872846e-05	13.7998302808377	0.999999999999481
57.875	32.5	0.999999999995857	0.800008697138001	-3.79633305077135e-05	13.599828079992	0.999999999999544
58.125	32.5	0.999999999996343	0.800008487637472	-3.76342078754317e-05	13.3998259320985	0.999999999999598
58.375	32.5	0.999999999996756	0.800008282696	-3.7309476692937e-05	13.1998238360003	0.999999999999643
58.625	32.5	0.999999999997106	0.800008082179035	-3.69891620637732e-05	12.9998217905748	0.999999999999682
58.875	32.5	0.999999999997403	0.800007885956401	-3.66732866338034e-05	12.7998197947323	0.999999999999714
59.125	32.5	0.999999999997656	0.800007693902188	-3.63618707435289e-05	12.5998178474152	0.999999999999742
59.375	32.5	0.99999999999787	0.800007505894526	-3.60549325687701e-05	12.3998159475969	0.999999999999766
59.625	32.5	0.999999999998052	0.800007321815424	-3.57524882558668e-05	12.1998140942807	0.999999999999786
59.875	32.5	0.999999999998206	0.800007141550651	-3.54545520501396e-05	11.999812286499	0.999999999999803
60.125	32.5	0.999999999998337	0.800006964989529	-3.51611364274866e-05	11.7998105233122	0.999999999999817
60.375	32.5	0.999999999998448	0.800006792024822	-3.48722521963252e-05	11.5998088038079	0.999999999999829
60.625	32.5	0.999999999998541	0.800006622552577	-3.45879086266781e-05	11.3998071271002	0.999999999999839
60.875	32.5	0.999999999998621	0.800006456471985	-3.43081135422473e-05	11.1998054923289	0.999999999999848
61.125	32.5	0.999999999998689	0.800006293685267	-3.40328734299003e-05	10.9998038986583	0.999999999999856
61.375	32.5	0.999999999998746	0.80000613409755	-3.37621935324743e-05	10.7998023452769	0.999999999999862
61.625	32.5	0.999999999998795	0.800005977616696	-3.34960779434563e-05	10.5998008313968	0.999999999999867
61.875	32.5	0.999999999998836	0.800005824153261	-3.32345296876386e-05	10.3997993562525	0.999999999999872
62.125	32.5	0.999999999998872	0.800005673620321	-3.2977550809352e-05	10.1997979191005	0.999999999999876
62.375	32.5	0.999999999998903	0.800005525933394	-3.27251424465639e-05	9.99979651921908	0.999999999999879
62.625	32.5	0.999999999998928	0.800005381010323	-3.24773049126669e-05	9.79979515590698	0.999999999999882
62.875	32.5	0.999999999998944	0.800005238771189	-3.22340377505738e-05	9.59979382848337	0.999999999999884
63.125	32.5	0.999999999998949	0.800005099138183	-3.19953398181374e-05	9.39979253628708	0.999999999999884
63.375	32.5	0.999999999998943	0.800004962035551	-3.17612093364792e-05	9.19979127867614	0.999999999999884
63.625	32.5	0.999999999998933	0.800004827389483	-3.15316439565943e-05	8.99979005502726	0.999999999999883
63.875	32.5	0.999999999998931	0.800004695128027	-3.13066408128781e-05	8.79978886473537	0.999999999999882
64.125	32.5	0.999999999998951	0.800004565180993	-3.10861965745755e-05	8.59978770721317	0.999999999999885
64.375	32.5	0.999999999999014	0.800004437479892	-3.08703074984613e-05	8.39978658189068	0.999999999999892
64.625	32.5	0.999999999999126	0.800004311957864	-3.06589694663032e-05	8.19978548821483	0.999999999999904
64.875	32.5	0.999999999999274	0.800004188549556	-3.04521780414146e-05	7.99978442564907	0.99999999999992
65.125	32.5	0.999999999999407	0.800004067191107	-3.02499284997458e-05	7.79978339367301	0.999999999999935
65.375	32.5	0.999999999999433	0.800003947820031	-3.00522158690541e-05	7.59978239178203	0.999999999999938
65.625	32.5	0.999999999999236	0.80000383037518	-2.98590349657084e-05	7.39978141948698	0.999999999999916
65.875	32.5	0.999999999998727	0.800003714796666	-2.96703804258097e-05	7.19978047631383	0.99999999999986
66.125	32.5	0.999999999997915	0.80000360102578	-2.94862467354642e-05	6.99977956180338	0.999999999999771
66.375	32.5	0.999999999996986	0.800003489004974	-2.93066282600557e-05	6.79977867551092	0.999999999999668
66.625	32.5	0.999999999996354	0.80000337867775	-2.91315192688569e-05	6.59977781700604	0.999999999999599
66.875	32.5	0.999999999996614	0.800003269988636	-2.8960913958337e-05	6.39977698587227	0.999999999999628
67.125	32.5	0.999999999998373	0.80000316288312	-2.87948064784191e-05	6.19977618170687	0.999999999999821
67.375	32.5	1.00000000000193	0.800003057307602	-2.86331909461409e-05	5.99977540412063	1.00000000000021
67.625	32.5	1.00000000000689	0.800002953209336	-2.84760614658926e-05	5.79977465273759	1.00000000000076
67.875	32.5	1.00000000001191	0.800002850536398	-2.83234121424387e-05	5.59977392719491	1.00000000000131
68.125	32.5	1.00000000001469	0.800002749237647	-2.81752370908687e-05	5.39977322714267	1.00000000000162
68.375	32.5	1.00000000001253	0.800002649262661	-2.80315304392167e-05	5.19977255224368	1.00000000000138
68.625	32.5	1.00000000000336	0.800002550561706	-2.78922863378632e-05	4.99977190217336	1.00000000000037
68.875	32.5	0.999999999986892	0.80000245308567	-2.77574989643101e-05	4.79977127661949	0.999999999998558
69.125	32.5	0.999999999965361	0.800002356786014	-2.76271625469817e-05	4.59977067528203	0.99999999999619
69.375	32.5	0.999999999943049	0.800002261614727	-2.75012714011983e-05	4.39977009787293	0.999999999993735
69.625	32.5	0.999999999924405	0.8000021675243	-2.73798199828478e-05	4.19976954411598	0.999999999991685
69.875	32.5	0.999999999911625	0.800002074467768	-2.72628029546337e-05	3.99976901374669	0.999999999990279
70.125	32.5	0.999999999904125	0.800001982398732	-2.71502152176595e-05	3.79976850651221	0.999999999989454
70.375	32.5	0.999999999903374	0.800001891271385	-2.70420518689698e-05	3.59976802217128	0.999999999989371
70.625	32.5	0.999999999925423	0.800001801040436	-2.69383080157696e-05	3.3997675604939	0.999999999991797
70.875	32.5	1.0000000000186	0.800001711660808	-2.68389784076676e-05	3.19976712126074	1.00000000000205
71.125	32.5	1.00000000027454	0.800001623087117	-2.67440569424084e-05	2.99976670426221	1.0000000000302
71.375	32.5	1.00000000080954	0.800001535273001	-2.6653536238068e-05	2.79976630929763	1.00000000008905
71.625	32.5	1.00000000168707	0.800001448170705	-2.65674076827041e-05	2.59976593617547	1.00000000018558
71.875	32.5	1.00000000276336	0.800001361731575	-2.64856625114066e-05	2.39976558471614	1.00000000030397
72.125	32.5	1.0000000034792	0.800001275908229	-2.64082943894097e-05	2.19976525475876	1.00000000038271
72.375	32.5	1.00000000269827	0.800001190658913	-2.63353034819571e-05	1.99976494617203	1.00000000029681
72.625	32.5	0.999999998791021	0.800001105953355	-2.62667008471001e-05	1.79976465886593	0.999999999867012
72.875	32.5	0.999999990232562	0.800001021777522	-2.62025103256572e-05	1.59976439279601	0.999999998925582
73.125	32.5	0.99999997693304	0.800000938132168	-2.61427634093595e-05	1.39976414794636	0.999999997462634
73.375	32.5	0.999999962237088	0.800000855018399	-2.60874821259837e-05	1.19976392427609	0.99999999584608
73.625	32.5	0.999999954936608	0.800000772404715	-2.60366475896899e-05	0.999763721621573	0.999999995043027
73.875	32.5	0.999999969795499	0.800000690176917	-2.59901594705526e-05	0.799763539570819	0.999999996677505
74.125	32.5	1.00000002430005	0.800000608086654	-2.59478047791089e-05	0.599763377367692	1.00000000267301
74.375	32.5	1.0000001292815	0.800000525717876	-2.59092703454172e-05	0.399763233954971	1.00000001422096
74.625	32.5	1.00000027264507	0.800000401308767	-2.58742460730116e-05	0.199763108308001	1.00000002999096
74.875	32.5	1.00000039956116	0.400000479522029	-2.58490771312706e-05	-0.000236979149404865	1.00000004395173
0.125	33.5	1.46798782940762e-07	0.400009710590537	-0.00012843917874723	58.5916462073244	0.890000016147866
0.375	33.5	-4.43793567127419e-06	0.800029391025605	-0.000129877134041504	58.4136418828818	0.889999511827076
0.625	33.5	-1.45041303079559e-05	0.800049099046342	-0.000132762939142332	58.235633323594	0.889998404545666
0.875	33.5	-3.07367008728473e-05	0.800068793333456	-0.000137117109343408	58.0576206720265	0.889996618962904
1.125	33.5	-5.27662363478499e-05	0.800088513696194	-0.000142966943862374	57.8796040630909	0.889994195714002
1.375	33.5	-7.83744089548356e-05	0.800108267030226	-0.00015034590980758	57.701583605402	0.889991378815015
1.625	33.5	-0.000102742216316106	0.800128053214081	-0.000159291837227572	57.5235593332019	0.889988698356205
1.875	33.5	-0.000117805516567374	0.800147862069458	-0.000169844575339406	57.3455311431013	0.889987041393178
2.125	33.5	-0.000111808173785214	0.800167670396556	-0.000182043255513051	57.16749871898	0.889987701100884
2.375	33.5	-6.91414480439417e-05	0.800187439565008	-0.000195923376679309	56.9894614503636	0.889992394440715
2.625	33.5	2.94635290000744e-05	0.800207113985093	-0.000211513989604643	56.8114183513079	0.89000324098819
2.875	33.5	0.000206359576256406	0.800226620613182	-0.000228835292836081	56.6333679879069	0.890022699553388
3.125	33.5	0.000486037380520329	0.800245869454582	-0.000247896958494059	56.4553084227389	0.890053464111857
3.375	33.5	0.000893868946742323	0.800264754843259	-0.000268697476975862	56.2772371837794	0.890098325584142
3.625	33.5	0.0014546399775762	0.800283157118949	-0.000291224749687435	56.0991512635808	0.890160010397533
3.875	33.5	0.00219099903838156	0.800300944217627	-0.000315458076990262	55.921047152045	0.890241009894222
4.125	33.5	0.00312196446525856	0.800317972650508	-0.000341371592481895	55.7429209031773	0.890343416091179
4.375	33.5	0.00426162628423778	0.800334087366964	-0.000368939098782327	55.5647682331767	0.890468778891266
4.625	33.5	0.00561816095210182	0.800349120074341	-0.00039814017013964	55.3865846444319	0.890617997704731
4.875	33.5	0.00719324462953743	0.80036288569708	-0.000428967313387991	55.2083655677797	0.890791256909249
5.125	33.5	0.00898191061053989	0.800375176793417	-0.000461433921745085	55.0301065139605	0.890988010167159
5.375	33.5	0.0109728539608157	0.800385755878196	-0.000495582716025499	54.8518032246957	0.89120701393569
5.625	33.5	0.0131491470228485	0.800394345722358	-0.000531494339469729	54.673451814209	0.891446406172513
5.875	33.5	0.0154892983847629	0.800400617796897	-0.000569295747267455	54.4950488931829	0.891703822822324
6.125	33.5	0.0179685692274305	0.800404179091279	-0.00060916800055103	54.316591668864	0.891976542615017
6.375	33.5	0.0205604570551419	0.800404557568935	-0.000651353027155383	54.1380780169968	0.892261650276066
6.625	33.5	0.0232382680327469	0.800401186520231	-0.000696158841603324	53.9595065231455	0.892556209483602
6.875	33.5	0.0259767236412255	0.800393388052053	-0.000743962624134591	53.7808764924372	0.892857439600535
7.125	33.5	0.0287535812182962	0.800380355926669	-0.000795210949589017	53.6021879275742	0.893162893934013
7.375	33.5	0.031551285759724	0.800361137955648	-0.000850416345676041	53.4234414749567	0.89347064143357
7.625	33.5	0.0343587061335108	0.800334618199449	-0.000910149264409988	53.2446383379133	0.893779457674686
7.875	33.5	0.0371730372575175	0.800299499346961	-0.000975024486101686	53.0657801544431	0.894089034098327
8.125	33.5	0.0400019674195219	0.80025428589223	-0.00104568094740703	52.8868688347256	0.894400216416147
8.375	33.5	0.0428662164803447	0.800197269112589	-0.001122753977183	52.7079063511904	0.894715283812838
8.625	33.5	0.0458025496585207	0.800126515414719	-0.00120683888922098	52.5288944713474	0.895038280462437
8.875	33.5	0.0488673700583869	0.800039860370266	-0.00129844473560899	52.3498344209276	0.895375410706423
9.125	33.5	0.0521410006532042	0.799934911739246	-0.00139793664779233	52.1707264620586	0.895735510071852
9.375	33.5	0.0557327926042365	0.79980906597178	-0.00150546444151658	51.9915693678233	0.896130607186466
9.625	33.5	0.0597872468392103	0.799659544087599	-0.00162087390459	51.8123597700883	0.896576597152313
9.875	33.5	0.0644914041428622	0.799483454366017	-0.00174359536227051	51.6330913513548	0.897094054455715
10.125	33.5	0.070083819250084	0.79927789072645	-0.00187250185722604	51.453753843305	0.897709220117509
10.375	33.5	0.0768654244993216	0.799040076564754	-0.00200572710989369	51.2743317853743	0.898455196694925
10.625	33.5	0.085212389429221	0.798767563279064	-0.00214043258623158	51.0948029887163	0.899373362837214
10.875	33.5	0.0955904918740138	0.798458489519654	-0.00227251594794962	50.9151366506081	0.900514954106142
11.125	33.5	0.108569227565413	0.7981119001006	-0.00239626415896544	50.7352910836829	0.901942615032195
11.375	33.5	0.12483151064882	0.797728112708646	-0.00250397998988338	50.5552110834645	0.90373146617137
11.625	33.5	0.14517103328918	0.797309110575574	-0.00258565829713326	50.3748250852192	0.90596881366181
11.875	33.5	0.170464322370837	0.796858942655764	-0.00262886302512397	50.1940424889377	0.908751075460792
12.125	33.5	0.201599768534154	0.796384148801314	-0.00261904874200995	50.0127518746424	0.912175974538757
12.375	33.5	0.239345477317159	0.795894301997014	-0.00254064172111536	49.8308212454048	0.916328002504888
12.625	33.5	0.284148858929473	0.795402813951758	-0.00237915763253462	49.6481017566521	0.921256374482242
12.875	33.5	0.335890845848492	0.794928009309594	-0.00212436677459891	49.4644362890738	0.926947993043334
13.125	33.5	0.39366487310308	0.794493939742693	-0.00177396657113028	49.2796732952159	0.933303136041339
13.375	33.5	0.455691677258032	0.794129649112951	-0.00133655621018659	49.0936844462949	0.940126084498384
13.625	33.5	0.51947087246807	0.793865501131399	-0.000832405419490838	48.906382296398	0.947141795971488
13.875	33.5	0.582179507254978	0.793726689921275	-0.000291070795773377	48.7177328480281	0.954039745798048
14.125	33.5	0.641194389041908	0.793726501981794	0.000253712705847256	48.5277588916386	0.96053138279461
14.375	33.5	0.694538490779816	0.793862846152095	0.000770089171450778	48.3365332407564	0.96639923398578
14.625	33.5	0.741098968651391	0.794119675799085	0.00123296435136161	48.1441646684156	0.971520886551653
14.875	33.5	0.780593325236034	0.794471964934419	0.00162641563526104	47.9507813150085	0.975865265775964
15.125	33.5	0.813369030537692	0.794891496150235	0.00194360339696913	47.7565158707915	0.979470593359146
15.375	33.5	0.840152148596178	0.795351377633248	0.00218503318742224	47.561494892295	0.98241673634558
15.625	33.5	0.861828429030971	0.795828612960093	0.00235620451136889	47.3658326184417	0.984801127193407
15.875	33.5	0.879291406590446	0.796305026662919	0.00246540342684377	47.1696284347282	0.986722054724949
16.125	33.5	0.893356532022041	0.796767159522508	0.00252200208650364	46.9729667523743	0.988269218522424
16.375	33.5	0.904724599598266	0.79720566453913	0.00253532969434009	46.775918205666	0.989519705955809
16.625	33.5	0.913975680668548	0.797614543433363	0.00251402440448862	46.578541394974	0.99053732487354
16.875	33.5	0.921578793362998	0.797990401957442	0.00246572895557134	46.3808847175796	0.99137366726993
17.125	33.5	0.927907731663766	0.798331800057611	0.00239700353719178	46.1829880593363	0.992069850483014
17.375	33.5	0.933257729456699	0.798638718003172	0.00231336057842534	45.9848842627995	0.992658350240237
17.625	33.5	0.937860481301809	0.798912133766069	0.00221935824885745	45.7866003631898	0.993164652943199
17.875	33.5	0.941896697398805	0.799153696770765	0.00211871491622864	45.5881586167463	0.993608636713869
18.125	33.5	0.945506209374311	0.799365480699902	0.00201442434741243	45.3895773555816	0.994005683031174
18.375	33.5	0.948795990704616	0.799549799075345	0.00190886234335322	45.190871701407	0.994367558977508
18.625	33.5	0.951846537742263	0.799709069689891	0.00180388164195282	44.9920541645656	0.994703119151649
18.875	33.5	0.954717015091472	0.799845716587982	0.00170089498802203	44.7931351483672	0.995018871660062
19.125	33.5	0.957449482111436	0.799962100714871	0.0016009475180483	44.5941233733319	0.995319443032258
19.375	33.5	0.960072426648151	0.800060472386511	0.0015047798902635	44.3950262320787	0.995607966931297
19.625	33.5	0.962603756012066	0.800142940349318	0.0014128834361032	44.1958500831408	0.995886413161327
19.875	33.5	0.965053339447913	0.800211453434063	0.00132554832035204	43.9966004906142	0.99615586733927
20.125	33.5	0.967425160124639	0.800267791729076	0.00124290542534278	43.7972824158911	0.99641676761371
20.375	33.5	0.969719114343822	0.800313564881168	0.00116496248176671	43.5979003674593	0.99666910257782
20.625	33.5	0.971932486692888	0.800350215635175	0.00109163486280628	43.3984585146204	0.996912573536218
20.875	33.5	0.974061127965567	0.800379027108104	0.00102277142386151	43.1989607708342	0.997146724076212
21.125	33.5	0.976100364332866	0.800401132590752	0.000958175780777716	42.9994108521444	0.997371040076615
21.375	33.5	0.978045668940999	0.800417526913271	0.000897623451270986	42.7998123157625	0.99758502358351
21.625	33.5	0.979893129246991	0.8004290786133	0.000840875316715726	42.6001685833863	0.997788244217169
21.875	33.5	0.981639744174907	0.800436542318794	0.000787687882874873	42.4004829532503	0.99798037185924
22.125	33.5	0.983283584367138	0.800440570904059	0.000737820821598726	42.2007586042821	0.998161194280385
22.375	33.5	0.984823846575867	0.800441727104352	0.000691042260649783	42.0009985951201	0.998330623123345
22.625	33.5	0.986260829950295	0.800440494376903	0.000647132257453461	41.8012058601566	0.998488691294532
22.875	33.5	0.987595858052007	0.800437286883387	0.000605884849465944	41.6013832042464	0.998635544385721
23.125	33.5	0.988831166275787	0.80043245853246	0.000567109023253833	41.4015332972605	0.998771428290337
23.375	33.5	0.989969770294267	0.800426311074347	0.000530628891440956	41.2016586692873	0.998896674732369
23.625	33.5	0.991015327415831	0.80041910127365	0.000496283314408429	41.00176170698	0.999011686015741
23.875	33.5	0.991971999488138	0.80041104721221	0.000463925155407576	40.8018446513153	0.999116919943695
24.125	33.5	0.992844323257543	0.80040233378891	0.000433420314498191	40.6019095968589	0.99921287555833
24.375	33.5	0.993637091911198	0.800393117490977	0.000404646650256751	40.4019584925092	0.999300080110232
24.625	33.5	0.994355249845636	0.800383530513942	0.000377492867464546	40.2019931436125	0.99937907748302
24.875	33.5	0.995003801461969	0.800373684305471	0.000351857425038739	40.0020152152977	0.999450418160817
25.125	33.5	0.995587733911171	0.800363672605054	0.000327647499258129	39.8020262368474	0.999514650730229
25.375	33.5	0.99611195313057	0.800353574045316	0.000304778023311385	39.6020276069235	0.999572314844363
25.625	33.5	0.996581232156167	0.800343454374906	0.000283170813815598	39.402020599462	0.999623935537178
25.875	33.5	0.997000170506729	0.800333368355436	0.000262753787676083	39.202006370067	0.99967001875574
26.125	33.5	0.997373163365055	0.800323361380093	0.000243460267745066	39.0019859627494	0.999711047970156
26.375	33.5	0.997704379290681	0.800313470853739	0.000225228372639875	38.8019603168711	0.999747481721975
26.625	33.5	0.997997745259352	0.800303727370412	0.000208000484413743	38.601930274176	0.999779751978529
26.875	33.5	0.998256937912207	0.8002941557176	0.000191722786721548	38.4018965858053	0.999808263170343
27.125	33.5	0.998485379999601	0.800284775733806	0.000176344865950632	38.201859919212	0.999833391799956
27.375	33.5	0.998686241112055	0.800275603041064	0.000161819367983982	38.0018208649035	0.999855486522326
27.625	33.5	0.998862441894222	0.800266649671083	0.000148101703522847	37.8017799429582	0.999874868608364
27.875	33.5	0.999016661036183	0.800257924601072	0.000135149795628538	37.6017376092687	0.99989183271398
28.125	33.5	0.999151344426727	0.800249434212569	0.000122923863408257	37.401694261482	0.99990664788694
28.375	33.5	0.999268715935679	0.800241182684872	0.000111386236775726	37.2016502446101	0.999919558752925
28.625	33.5	0.999370789366635	0.800233172332296	0.000100501197469205	37.0016058562981	0.99993078683033
28.875	33.5	0.999459381188115	0.800225403894305	9.02348422379209e-05	36.8015613517397	0.999940531930693
29.125	33.5	0.999536123710722	0.800217876784292	8.05549646063844e-05	36.6015169482388	0.999948973608179
29.375	33.5	0.999602478431583	0.800210589304124	7.14309520801957e-05	36.4014728294204	0.999956272627474
29.625	33.5	0.999659749314801	0.80020353882849	6.28336960832046e-05	36.2014291490968	0.999962572424628
29.875	33.5	0.999709095819331	0.800196721963952	5.47355123894914e-05	36.0013860348014	0.999968000540126
30.125	33.5	0.999751545523543	0.800190134685677	4.7110070019997e-05	35.8013435910018	0.99997267000759
30.375	33.5	0.999788006229158	0.800183772455786	3.99323270304017e-05	35.6013019020086	0.999976680685207
30.625	33.5	0.999819277456729	0.800177630324958	3.31784718424189e-05	35.4012610345967	0.99998012052024
30.875	33.5	0.999846061270638	0.800171703020228	2.68258689623217e-05	35.2012210403571	0.99998306673977
31.125	33.5	0.999868972393702	0.800165985020574	2.08530082329967e-05	35.0011819577973	0.999985586963307
31.375	33.5	0.999888547590518	0.800160470621974	1.52394569047207e-05	34.8011438142098	0.999987740234957
31.625	33.5	0.999905254314655	0.800155153993471	9.96581394033387e-06	34.6011066273274	0.999989577974612
31.875	33.5	0.999919498627923	0.800150029224983	5.01366615644544e-06	34.4010704067825	0.999991144849072
32.125	33.5	0.999931632410667	0.800145090368468	3.65545903369669e-07	34.2010351553896	0.999992479565173
32.375	33.5	0.999941959890371	0.800140331473078	-3.99510999061463e-06	34.001000870267	0.999993615587941
32.625	33.5	0.999950743522163	0.800135746614884	-8.0840000662866e-06	33.8009675438144	0.999994581787438
32.875	33.5	0.999958209259313	0.800131329922196	-1.19159971133447e-05	33.6009351645602	0.999995403018524
33.125	33.5	0.99996455125477	0.800127075596633	-1.55051859457385e-05	33.4009037178948	0.999996100638025
33.375	33.5	0.999969936036444	0.800122977930915	-1.88649002416077e-05	33.2008731867007	0.999996692964009
33.625	33.5	0.999974506199315	0.800119031323562	-2.2007758363819e-05	33.0008435518926	0.999997195681925
33.875	33.5	0.999978383657148	0.800115230290696	-2.49456981439897e-05	32.8008147928779	0.999997622202286
34.125	33.5	0.999981672495311	0.800111569475813	-2.76900106275538e-05	32.6007868879473	0.999997983974484
34.375	33.5	0.999984461464614	0.800108043657091	-3.02513727568713e-05	32.4007598146058	0.999998290761108
34.625	33.5	0.999986826153812	0.800104647753473	-3.2639878846408e-05	32.200733549849	0.999998550876919
34.875	33.5	0.999988830876102	0.800101376828695	-3.48650710460879e-05	32.0007080703956	0.999998771396371
35.125	33.5	0.999990530302254	0.800098226094158	-3.69359684907498e-05	31.800683352879	0.999998958333248
35.375	33.5	0.999991970870471	0.800095190910691	-3.8861095377861e-05	31.6006593740062	0.999999116795752
35.625	33.5	0.999993192000244	0.800092266789305	-4.0648507771132e-05	31.4006361106863	0.999999251120027
35.875	33.5	0.999994227134921	0.800089449390917	-4.23058192481457e-05	31.2006135401361	0.999999364984841
36.125	33.5	0.99999510463518	0.800086734525571	-4.38402253356526e-05	31.0005916399625	0.99999946150987
36.375	33.5	0.999995848543159	0.800084118150857	-4.52585267775166e-05	30.800570388229	0.999999543339747
36.625	33.5	0.999996479234755	0.80008159636992	-4.65671516397032e-05	30.6005497635057	0.999999612715823
36.875	33.5	0.999997013975586	0.800079165428972	-4.77721762774441e-05	30.4005297449079	0.999999671537315
37.125	33.5	0.999997467394116	0.80007682171446	-4.88793451955194e-05	30.2005103121228	0.999999721413353
37.375	33.5	0.999997851883811	0.800074561749944	-4.98940898688291e-05	30.0004914454285	0.999999763707219
37.625	33.5	0.999998177944591	0.800072382192716	-5.08215464790276e-05	29.8004731257053	0.999999799573905
37.875	33.5	0.999998454472491	0.800070279830358	-5.16665727076683e-05	29.6004553344404	0.999999829991974
38.125	33.5	0.999998689005196	0.800068251576878	-5.24337635445152e-05	29.4004380537289	0.999999855790571
38.375	33.5	0.999998887930056	0.800066294469166	-5.31274662145449e-05	29.2004212662692	0.999999877672306
38.625	33.5	0.999999056660266	0.800064405662961	-5.37517942208968e-05	29.0004049553569	0.999999896232629
38.875	33.5	0.999999199783979	0.800062582429152	-5.43106405734651e-05	28.8003891048745	0.999999911976238
39.125	33.5	0.999999321190558	0.80006082214973	-5.48076902410593e-05	28.6003736992801	0.999999925330961
39.375	33.5	0.999999424177406	0.800059122314081	-5.52464318673629e-05	28.4003587235939	0.999999936659515
39.625	33.5	0.999999511540404	0.800057480515056	-5.56301687853851e-05	28.2003441633844	0.999999946269444
39.875	33.5	0.999999585650446	0.800055894445232	-5.59620293852e-05	28.0003300047523	0.999999954421549
40.125	33.5	0.999999648518244	0.800054361893161	-5.62449768600086e-05	27.8003162343155	0.999999961337007
40.375	33.5	0.999999701849197	0.800052880739744	-5.64818183691563e-05	27.6003028391919	0.999999967203412
40.625	33.5	0.999999747089855	0.800051448954621	-5.66752136545483e-05	27.4002898069839	0.999999972179884
40.875	33.5	0.999999785467281	0.800050064592706	-5.68276831565351e-05	27.200277125761	0.999999976401401
41.125	33.5	0.999999818022406	0.8000487257908	-5.69416156410889e-05	27.000264784044	0.999999979982465
41.375	33.5	0.999999845638289	0.800047430764222	-5.70192753707215e-05	26.8002527707883	0.999999983020212
41.625	33.5	0.999999869064085	0.800046177803685	-5.70628088580494e-05	26.6002410753682	0.999999985597049
41.875	33.5	0.999999888935356	0.800044965272142	-5.70742512375994e-05	26.4002296875608	0.999999987782889
42.125	33.5	0.999999905791287	0.800043791601814	-5.70555322281477e-05	26.2002185975308	0.999999989637042
42.375	33.5	0.999999920089314	0.800042655291207	-5.70084818019485e-05	26.0002077958155	0.999999991209825
42.625	33.5	0.999999932217503	0.800041554902453	-5.69348354666356e-05	25.8001972733104	0.999999992543925
42.875	33.5	0.99999994250507	0.800040489058452	-5.68362393057034e-05	25.6001870212546	0.999999993675558
43.125	33.5	0.999999951231308	0.800039456440364	-5.67142546767336e-05	25.4001770312174	0.999999994635444
43.375	33.5	0.999999958633143	0.800038455785113	-5.65703626659025e-05	25.2001672950853	0.999999995449646
43.625	33.5	0.999999964911558	0.800037485882908	-5.64059683064639e-05	25.0001578050487	0.999999996140271
43.875	33.5	0.999999970237047	0.80003654557502	-5.62224045274924e-05	24.80014855359	0.999999996726075
44.125	33.5	0.999999974754233	0.800035633751468	-5.60209359055407e-05	24.6001395334716	0.999999997222966
44.375	33.5	0.999999978585801	0.800034749348984	-5.58027622052364e-05	24.4001307377245	0.999999997644438
44.625	33.5	0.999999981835811	0.800033891348876	-5.55690217160736e-05	24.2001221596373	0.999999998001939
44.875	33.5	0.999999984592532	0.80003305877514	-5.53207943984522e-05	24.0001137927458	0.999999998305179
45.125	33.5	0.999999986930841	0.800032250692546	-5.50591048985396e-05	23.8001056308227	0.999999998562393
45.375	33.5	0.999999988914242	0.800031466204852	-5.47849253427684e-05	23.600097667868	0.999999998780567
45.625	33.5	0.999999990596607	0.800030704453086	-5.44991780263973e-05	23.4000898980999	0.999999998965627
45.875	33.5	0.99999999202363	0.800029964613883	-5.42027379423851e-05	23.2000823159456	0.999999999122599
46.125	33.5	0.999999993234066	0.800029245897923	-5.38964351632409e-05	23.0000749160327	0.999999999255747
46.375	33.5	0.999999994260789	0.80002854754844	-5.35810571170784e-05	22.8000676931815	0.999999999368687
46.625	33.5	0.999999995131682	0.800027868839706	-5.3257350732896e-05	22.6000606423966	0.999999999464485
46.875	33.5	0.999999995870399	0.800027209075795	-5.29260244770145e-05	22.4000537588597	0.999999999545744
47.125	33.5	0.999999996497	0.800026567589087	-5.25877502727369e-05	22.2000470379226	0.99999999961467
47.375	33.5	0.999999997028502	0.800025943739181	-5.22431653390962e-05	22.0000404750998	0.999999999673135
47.625	33.5	0.999999997479338	0.800025336911539	-5.18928739126161e-05	21.8000340660624	0.999999999722727
47.875	33.5	0.999999997861752	0.800024746516497	-5.15374489054946e-05	21.6000278066319	0.999999999764793
48.125	33.5	0.999999998186127	0.800024171988024	-5.11774334540213e-05	21.4000216927735	0.999999999800474
48.375	33.5	0.999999998461275	0.800023612782757	-5.08133423959181e-05	21.200015720591	0.99999999983074
48.625	33.5	0.999999998694659	0.800023068378984	-5.04456636876253e-05	21.0000098863213	0.999999999856413
48.875	33.5	0.999999998892626	0.80002253827568	-5.00748597310647e-05	20.8000041863286	0.999999999878189
49.125	33.5	0.99999999906055	0.800022021991625	-4.97013686295378e-05	20.5999986170999	0.999999999896661
49.375	33.5	0.999999999202988	0.80002151906447	-4.93256054152137e-05	20.39999317524	0.999999999912329
49.625	33.5	0.999999999323809	0.800021029050015	-4.89479631656204e-05	20.1999878574666	0.999999999925619
49.875	33.5	0.999999999426293	0.800020551521258	-4.85688141042266e-05	19.9999826606066	0.999999999936892
50.125	33.5	0.999999999513225	0.800020086067841	-4.81885106297627e-05	19.7999775815911	0.999999999946455
50.375	33.5	0.999999999586958	0.800019632295155	-4.78073862841302e-05	19.5999726174519	0.999999999954565
50.625	33.5	0.999999999649504	0.80001918982374	-4.7425756704554e-05	19.3999677653174	0.999999999961446
50.875	33.5	0.999999999702558	0.800018758288591	-4.70439204909643e-05	19.1999630224091	0.999999999967281
51.125	33.5	0.999999999747557	0.800018337338575	-4.66621600672985e-05	18.9999583860377	0.999999999972231
51.375	33.5	0.999999999785729	0.800017926635779	-4.62807424532387e-05	18.7999538536001	0.99999999997643
51.625	33.5	0.999999999818107	0.800017525854982	-4.58999200644553e-05	18.5999494225763	0.999999999979992
51.875	33.5	0.999999999845571	0.800017134683098	-4.55199314010325e-05	18.3999450905255	0.999999999983013
52.125	33.5	0.999999999868866	0.800016752818629	-4.51410017584546e-05	18.199940855084	0.999999999985575
52.375	33.5	0.999999999888627	0.800016379971209	-4.4763343881301e-05	17.9999367139621	0.999999999987749
52.625	33.5	0.999999999905387	0.80001601586113	-4.43871585826023e-05	17.7999326649412	0.999999999989593
52.875	33.5	0.999999999919605	0.800015660218841	-4.401263533226e-05	17.5999287058712	0.999999999991157
53.125	33.5	0.999999999931665	0.800015312784579	-4.36399528441334e-05	17.3999248346683	0.999999999992483
53.375	33.5	0.999999999941894	0.800014973307888	-4.32692795899314e-05	17.1999210493125	0.999999999993608
53.625	33.5	0.999999999950573	0.800014641547355	-4.29007743288041e-05	16.999917347845	0.999999999994563
53.875	33.5	0.999999999957931	0.800014317270029	-4.25345865836875e-05	16.7999137283665	0.999999999995372
54.125	33.5	0.999999999964172	0.800014000251251	-4.21708571177857e-05	16.5999101890347	0.999999999996059
54.375	33.5	0.999999999969464	0.80001369027423	-4.18097183669648e-05	16.3999067280627	0.999999999996641
54.625	33.5	0.999999999973954	0.800013387129728	-4.14512948702419e-05	16.1999033437165	0.999999999997135
54.875	33.5	0.999999999977764	0.800013090615715	-4.10957036592265e-05	15.9999000343139	0.999999999997554
55.125	33.5	0.999999999980995	0.800012800537136	-4.07430546608174e-05	15.7998967982218	0.999999999997909
55.375	33.5	0.999999999983736	0.80001251670559	-4.03934510368976e-05	15.5998936338554	0.999999999998211
55.625	33.5	0.99999999998606	0.800012238939017	-4.0046989551416e-05	15.3998905396762	0.999999999998467
55.875	33.5	0.999999999988032	0.800011967061514	-3.97037608909231e-05	15.1998875141901	0.999999999998684
56.125	33.5	0.999999999989704	0.800011700903046	-3.93638499855273e-05	14.9998845559466	0.999999999998867
56.375	33.5	0.999999999991123	0.800011440299189	-3.90273363029984e-05	14.7998816635367	0.999999999999024
56.625	33.5	0.999999999992327	0.800011185090946	-3.86942941417342e-05	14.599878835592	0.999999999999156
56.875	33.5	0.999999999993349	0.800010935124492	-3.83647929008572e-05	14.3998760707831	0.999999999999268
57.125	33.5	0.999999999994215	0.800010690250973	-3.80388973347733e-05	14.1998733678185	0.999999999999364
57.375	33.5	0.99999999999495	0.800010450326329	-3.77166678188584e-05	13.9998707254431	0.999999999999444
57.625	33.5	0.999999999995574	0.800010215211064	-3.7398160556799e-05	13.7998681424375	0.999999999999513
57.875	33.5	0.999999999996104	0.800009984770094	-3.70834278337908e-05	13.5998656176165	0.999999999999571
58.125	33.5	0.999999999996552	0.800009758872554	-3.67725182158816e-05	13.399863149828	0.999999999999621
58.375	33.5	0.999999999996933	0.800009537391634	-3.64654767588079e-05	13.1998607379523	0.999999999999663
58.625	33.5	0.999999999997258	0.800009320204411	-3.61623451969425e-05	12.9998583809008	0.999999999999698
58.875	33.5	0.999999999997534	0.800009107191706	-3.5863162141451e-05	12.7998560776152	0.999999999999729
59.125	33.5	0.999999999997768	0.800008898237931	-3.5567963244617e-05	12.5998538270665	0.999999999999754
59.375	33.5	0.999999999997967	0.800008693230939	-3.52767813738807e-05	12.3998516282541	0.999999999999776
59.625	33.5	0.999999999998134	0.800008492061874	-3.49896467734909e-05	12.1998494802052	0.999999999999795
59.875	33.5	0.999999999998276	0.800008294625076	-3.47065872168654e-05	11.9998473819736	0.99999999999981
60.125	33.5	0.999999999998396	0.800008100817932	-3.44276281479203e-05	11.7998453326393	0.999999999999824
60.375	33.5	0.999999999998498	0.800007910540743	-3.41527928239985e-05	11.5998433313074	0.999999999999835
60.625	33.5	0.999999999998585	0.80000772369661	-3.38821024503171e-05	11.3998413771077	0.999999999999844
60.875	33.5	0.99999999999866	0.800007540191358	-3.36155762988161e-05	11.1998394691938	0.999999999999853
61.125	33.5	0.999999999998723	0.800007359933368	-3.33532318321733e-05	10.9998376067427	0.99999999999986
61.375	33.5	0.999999999998775	0.800007182833523	-3.30950848153462e-05	10.7998357889537	0.999999999999865
61.625	33.5	0.99999999999882	0.800007008805073	-3.28411494261757e-05	10.5998340150483	0.99999999999987
61.875	33.5	0.999999999998857	0.800006837763563	-3.25914383569773e-05	10.3998322842692	0.999999999999874
62.125	33.5	0.999999999998891	0.800006669626704	-3.23459629110211e-05	10.1998305958802	0.999999999999878
62.375	33.5	0.999999999998919	0.80000650431433	-3.21047330964294e-05	9.99982894916515	0.999999999999881
62.625	33.5	0.999999999998941	0.800006341748277	-3.18677577131938e-05	9.7998273434278	0.999999999999884
62.875	33.5	0.999999999998955	0.800006181852302	-3.16350444355865e-05	9.59982577799119	0.999999999999885
63.125	33.5	0.99999999999896	0.800006024552007	-3.14065999008566e-05	9.39982425219717	0.999999999999886
63.375	33.5	0.999999999998956	0.800005869774775	-3.11824297621074e-05	9.19982276540597	0.999999999999885
63.625	33.5	0.999999999998947	0.800005717449676	-3.09625387854828e-05	8.99982131699574	0.999999999999884
63.875	33.5	0.999999999998944	0.800005567507379	-3.07469308980102e-05	8.79981990636219	0.999999999999884
64.125	33.5	0.999999999998963	0.800005419880114	-3.05356092575644e-05	8.59981853291813	0.999999999999886
64.375	33.5	0.999999999999022	0.800005274501602	-3.03285763180701e-05	8.39981719609313	0.999999999999892
64.625	33.5	0.999999999999126	0.800005131306958	-3.01258338768041e-05	8.19981589533317	0.999999999999904
64.875	33.5	0.999999999999263	0.800004990232649	-2.99273831291572e-05	7.99981463010024	0.999999999999919
65.125	33.5	0.999999999999382	0.800004851216439	-2.97332247234535e-05	7.79981339987208	0.999999999999932
65.375	33.5	0.9999999999994	0.800004714197314	-2.95433588033337e-05	7.59981220414182	0.999999999999934
65.625	33.5	0.999999999999212	0.80000457911543	-2.93577850535539e-05	7.39981104241769	0.999999999999913
65.875	33.5	0.999999999998741	0.800004445912067	-2.91765027415099e-05	7.19980991422276	0.999999999999862
66.125	33.5	0.999999999998004	0.800004314529557	-2.89995107526214e-05	6.99980881909461	0.99999999999978
66.375	33.5	0.999999999997179	0.800004184911246	-2.88268076303854e-05	6.79980775658514	0.99999999999969
66.625	33.5	0.999999999996648	0.800004057001441	-2.86583916083945e-05	6.59980672626026	0.999999999999631
66.875	33.5	0.999999999996936	0.800003930745352	-2.84942606427877e-05	6.39980572769968	0.999999999999663
67.125	33.5	0.999999999998551	0.800003806089057	-2.8334412440763e-05	6.1998047604967	0.999999999999841
67.375	33.5	1.00000000000169	0.800003682979451	-2.81788444873519e-05	5.99980382425796	1.00000000000019
67.625	33.5	1.00000000000592	0.800003561364217	-2.80275540736811e-05	5.79980291860328	1.00000000000065
67.875	33.5	1.00000000001003	0.800003441191776	-2.78805383131204e-05	5.5998020431655	1.0000000000011
68.125	33.5	1.0000000000121	0.800003322411257	-2.7737794155915e-05	5.39980119759028	1.00000000000133
68.375	33.5	1.00000000001017	0.800003204972447	-2.75993184083832e-05	5.19980038153596	1.00000000000112
68.625	33.5	1.00000000000306	0.800003088825768	-2.74651077363445e-05	4.99979959467341	1.00000000000034
68.875	33.5	0.999999999991213	0.8000029739222	-2.73351586908259e-05	4.7997988366858	0.999999999999033
69.125	33.5	0.999999999976675	0.800002860213248	-2.72094677243282e-05	4.59979810726848	0.999999999997434
69.375	33.5	0.999999999961663	0.800002747650909	-2.70880312414828e-05	4.3997974061288	0.999999999995783
69.625	33.5	0.999999999945902	0.80000263618767	-2.69708456590984e-05	4.19979673298598	0.999999999994049
69.875	33.5	0.999999999924346	0.800002525776581	-2.68579074710634e-05	3.99979608757115	0.999999999991678
70.125	33.5	0.999999999888798	0.800002416371289	-2.67492132912625e-05	3.79979546962724	0.999999999987768
70.375	33.5	0.999999999837751	0.80000230792608	-2.66447598137376e-05	3.59979487890888	0.999999999982153
70.625	33.5	0.999999999796723	0.800002200395736	-2.65445436346821e-05	3.39979431518194	0.99999999997764
70.875	33.5	0.999999999844295	0.800002093735146	-2.64485608933096e-05	3.19979377822254	0.999999999982872
71.125	33.5	1.00000000012657	0.800001987898572	-2.63568067866766e-05	2.99979326781564	1.00000000001392
71.375	33.5	1.00000000082848	0.800001882838799	-2.62692751555392e-05	2.7997927837538	1.00000000009113
71.625	33.5	1.00000000206336	0.800001778506605	-2.61859585398027e-05	2.59979232583743	1.00000000022697
71.875	33.5	1.00000000365871	0.800001674851511	-2.61068492441282e-05	2.39979189387872	1.00000000040246
72.125	33.5	1.00000000487139	0.80000157182473	-2.60319418985965e-05	2.19979148771093	1.00000000053585
72.375	33.5	1.00000000416877	0.800001469384971	-2.5961237468013e-05	1.9997911072033	1.00000000045856
72.625	33.5	0.999999999340476	0.800001367506175	-2.58947475888634e-05	1.79979075227719	0.999999999927452
72.875	33.5	0.999999988294791	0.80000126618371	-2.58324964292637e-05	1.59979042291213	0.999999998712427
73.125	33.5	0.999999970824298	0.800001165432368	-2.57745156336569e-05	1.3997901191238	0.999999996790673
73.375	33.5	0.999999951252025	0.800001065267263	-2.57208274646429e-05	1.19978984089348	0.999999994637723
73.625	33.5	0.999999941090693	0.800000965660481	-2.56714138404161e-05	0.999789588039068	0.999999993519976
73.875	33.5	0.999999959740107	0.800000866475325	-2.56261764437341e-05	0.799789360049236	0.999999995571412
74.125	33.5	1.0000000302233	0.800000767398914	-2.55849060158906e-05	0.599789155956643	1.00000000332456
74.375	33.5	1.00000016687977	0.800000667899531	-2.55472946680897e-05	0.399788974393372	1.00000001835677
74.625	33.5	1.00000035401873	0.80000051331633	-2.55130375029092e-05	0.199788814027041	1.00000003894206
74.875	33.5	1.00000051993393	0.40000062396044	-2.54883760907027e-05	-0.000211298405265461	1.00000005719273
0.125	34.5	1.603433726791e-07	0.400006849441559	-0.000195830451755176	58.5917955920493	0.890000017637771
0.375	34.5	-4.56849076030735e-06	0.800020804887313	-0.000197209757787454	58.41379254052	0.889999497466016
0.625	34.5	-1.49529613089144e-05	0.800034756333636	-0.000199975790342616	58.2357865348928	0.889998355174256
0.875	34.5	-3.17012636139583e-05	0.800048639490627	-0.000204140165624066	58.0577777319097	0.889996512861002
1.125	34.5	-5.44349246417851e-05	0.800062473947382	-0.00020971804478311	57.8797662852589	0.88999401215829
1.375	34.5	-8.08701610660067e-05	0.8000762455868	-0.000216727374658381	57.7017523263255	0.889991104282283
1.625	34.5	-0.000106043576742025	0.800089933355759	-0.000225187245155877	57.5237359145973	0.889988335206558
1.875	34.5	-0.000121648704997404	0.800103506207113	-0.000235115740992636	57.3457169724222	0.88998661864245
2.125	34.5	-0.000115576487845645	0.800116920142735	-0.00024652738329055	57.1676952075685	0.889987286586337
2.375	34.5	-7.17510162618738e-05	0.80013011586351	-0.000259430318946093	56.9896700290649	0.889992107388211
2.625	34.5	2.9670597288579e-05	0.800143017371594	-0.000273823468431087	56.8116404635646	0.890003263765702
2.875	34.5	0.000211702610237262	0.80015553169682	-0.000289693875434189	56.6336050805917	0.890023287287126
3.125	34.5	0.000499553345330146	0.800167549722554	-0.00030701450842698	56.4555619352303	0.890054950867986
3.375	34.5	0.000919327089652462	0.800178947897195	-0.000325742741504781	56.2775085360108	0.890101125979862
3.625	34.5	0.00149650709555361	0.800189590451353	-0.000345819692762633	56.099441843972	0.890164615780511
3.875	34.5	0.00225435078849732	0.800199331631545	-0.000367170526821972	55.9213583063386	0.890247978586735
4.125	34.5	0.0032123417914902	0.800208017409531	-0.000389705743785933	55.7432539252416	0.890353357597064
4.375	34.5	0.00438483975207499	0.800215486144168	-0.000413323386189613	55.5651243587953	0.890482332372728
4.625	34.5	0.00578004926839901	0.800221567740519	-0.000437912009686815	55.3869650489852	0.890635805419524
4.875	34.5	0.007399396641575	0.800226080960922	-0.000463354187880461	55.2087713685404	0.890813933630573
5.125	34.5	0.00923736245543304	0.80022882867869	-0.000489530264157255	55.030538777492	0.891016109870098
5.375	34.5	0.0112817746878217	0.800229591004605	-0.000516322027322348	54.8522629795667	0.89124099521566
5.625	34.5	0.0135145269567975	0.800228116353956	-0.000543615974129177	54.6739400689415	0.891486597965248
5.875	34.5	0.0159126548840293	0.800224110634912	-0.000571305829628883	54.4955666590376	0.891750392037243
6.125	34.5	0.0184496845784635	0.80021722482315	-0.000599294018826426	54.3171399867462	0.892029465303631
6.375	34.5	0.0210971633649348	0.80020704123446	-0.000627491814891957	54.1386579874373	0.892320687970143
6.625	34.5	0.0238262944161136	0.800193058813136	-0.000655817919147599	53.960119337962	0.892620892385772
6.875	34.5	0.0266096218614829	0.800174677733999	-0.000684195252103187	53.7815234663099	0.892927058404763
7.125	34.5	0.0294227470480462	0.800151183584328	-0.000712545750152545	53.6028705273542	0.893236502175285
7.375	34.5	0.0322460941707843	0.800121731374919	-0.000740782977519404	53.4241613440831	0.893547070358786
7.625	34.5	0.0350667782299525	0.800085329667557	-0.000768802394396074	53.2453973128449	0.893857345605295
7.875	34.5	0.0378806548030794	0.800040825227396	-0.000796469195352415	53.0665802695565	0.894166872028339
8.125	34.5	0.0406946462973786	0.799986888856476	-0.000823603778836828	52.887712311741	0.894476411092712
8.375	34.5	0.0435294434716163	0.799922003460057	-0.000849965160763061	52.7087955689138	0.894788238781878
8.625	34.5	0.0464226784442198	0.799844455973619	-0.000875233029306643	52.5298319114112	0.895106494628864
8.875	34.5	0.0494326642934879	0.799752335541179	-0.000898989670839619	52.3508225852857	0.895437593072284
9.125	34.5	0.0526428072455	0.799643541303848	-0.000920703681662471	52.1717677582048	0.895790708797005
9.375	34.5	0.0561668304290997	0.799515804319001	-0.000939718204612673	51.9926659579496	0.896178351347201
9.625	34.5	0.0601550083077995	0.79936672945662	-0.00095524736365094	51.8135133804978	0.896617050913858
9.875	34.5	0.064801691183124	0.799193864486948	-0.000966385553766586	51.6343030381556	0.897128186030144
10.125	34.5	0.0703544699760674	0.798994804712261	-0.000972135159072827	51.4550237095187	0.897738991697367
10.375	34.5	0.077125324629646	0.798767341814117	-0.000971458874103838	51.275658642966	0.898483785709261
10.625	34.5	0.0855038852138521	0.798509664081935	-0.000963362599558255	51.0961839569185	0.899405427373524
10.875	34.5	0.0959722934271971	0.798220610395355	-0.000947012952199295	50.9165666801097	0.900556952276992
11.125	34.5	0.109119752292731	0.797899970870056	-0.000921888212519773	50.7367623968334	0.9020031727522
11.375	34.5	0.125652275657334	0.797548813303623	-0.000887950792908013	50.5567125274635	0.903821750322307
11.625	34.5	0.146389058919077	0.797169802037154	-0.000845810665524821	50.3763414146147	0.906102796481098
11.875	34.5	0.172231504928109	0.796767479751801	-0.00079682211990226	50.195553634	0.908945465542092
12.125	34.5	0.204085986904678	0.796348526503558	-0.000743026477338751	50.0142323206929	0.912449458559515
12.375	34.5	0.242721476944533	0.795922102918416	-0.000686839559848462	49.832239743067	0.916699362463899
12.625	34.5	0.288556073752195	0.795500460846825	-0.000630419736779166	49.6494216785176	0.921741168112741
12.875	34.5	0.341399944537535	0.795099869281815	-0.000574778433818916	49.4656169810416	0.927553993899129
13.125	34.5	0.400233183485198	0.794741341692707	-0.000518906663115636	49.2806726488485	0.934025650183372
13.375	34.5	0.463137903160273	0.794449867085409	-0.000459382602802255	49.0944625818214	0.94094516934763
13.625	34.5	0.52748562928657	0.794250815472948	-0.000390894723605833	48.9069057664674	0.948023419221523
13.875	34.5	0.590376527823108	0.794163837641435	-0.000307730050730105	48.717978394899	0.954941418060542
14.125	34.5	0.649185864397119	0.794196998644802	-0.00020570362013871	48.5277157958017	0.961410445083683
14.375	34.5	0.702005026085492	0.794344483615011	-8.3676648190856e-05	48.3362037499022	0.967220552869404
14.625	34.5	0.747830286446547	0.794588965114651	5.59746895305295e-05	48.1435626404747	0.97226133150912
14.875	34.5	0.786493712178859	0.794906825728097	0.000207992313346141	47.9499296872678	0.976514308339674
15.125	34.5	0.818437112873424	0.795273453802619	0.000365523233332642	47.7554436958921	0.980028082416077
15.375	34.5	0.844449918348748	0.795666853087604	0.000521482556925692	47.5602345282818	0.982889491018362
15.625	34.5	0.865451381813815	0.79606927819804	0.000669593102001994	47.3644174017433	0.98519965199952
15.875	34.5	0.882345781469831	0.796467444168858	0.000804966480096979	47.1680909403342	0.987058035961681
16.125	34.5	0.895944861882221	0.79685199683612	0.00092427997926863	46.9713376061451	0.988553934807044
16.375	34.5	0.906938213758421	0.797216738470891	0.00102568079583517	46.7742253518444	0.989763203513426
16.625	34.5	0.915892006299628	0.797557871493072	0.00110854789026381	46.5768097096387	0.990748120692959
16.875	34.5	0.923261473217742	0.797873362899911	0.001173207058883	46.3791358706565	0.991558762053952
17.125	34.5	0.929408098076476	0.798162447868543	0.00122065638999908	46.1812405476168	0.992234890788412
17.375	34.5	0.934616714103869	0.798425256361831	0.00125232963758545	45.9831535559844	0.992807838551426
17.625	34.5	0.939110464491016	0.798662537267316	0.00126990628161549	45.7848991210838	0.993302151094012
17.875	34.5	0.943063085780335	0.798875455908208	0.00127516694380015	45.5864969478247	0.993736939435837
18.125	34.5	0.946608698352388	0.799065445381403	0.00126988836703455	45.3879630957842	0.994126956818763
18.375	34.5	0.949849550747115	0.799234097045588	0.0012557708808007	45.189310698039	0.994483450582183
18.625	34.5	0.952862192986559	0.799383079564029	0.00123439153215448	44.9905505544296	0.994814841228521
18.875	34.5	0.955702481719305	0.799514079010878	0.00120717692601473	44.7916916223218	0.995127272989124
19.125	34.5	0.95840971912785	0.79962875479202	0.00117539081759145	44.5927414218193	0.995425069104063
19.375	34.5	0.961010133063551	0.799728707683783	0.00114013243118749	44.393706368044	0.995711114636991
19.625	34.5	0.963519831596441	0.799815457344109	0.00110234228183237	44.1945920403217	0.995987181475608
19.875	34.5	0.965947313716732	0.799890427338652	0.00106281294724035	43.9954033964831	0.996254204508841
20.125	34.5	0.968295586579604	0.799954936171824	0.00102220279743352	43.7961449395995	0.996512514523756
20.375	34.5	0.970563923663398	0.800010193103529	0.000981051157836708	43.5968208439764	0.996762031602974
20.625	34.5	0.972749292464457	0.800057297728846	0.000939793775077429	43.397435046877	0.99700242217109
20.875	34.5	0.974847480474506	0.800097242443837	0.000898777782826761	43.1979913120882	0.997233222852196
21.125	34.5	0.976853950800722	0.800130917040546	0.000858275635050984	42.9984932710052	0.997453934588079
21.375	34.5	0.978764461610617	0.800159114783381	0.000818497690117897	42.7989444463608	0.997664090777168
21.625	34.5	0.980575485301994	0.800182539421297	0.000779603296794434	42.5993482631074	0.997863303383219
21.875	34.5	0.982284463367402	0.800201812691297	0.000741710356951754	42.399708050278	0.998051290970414
22.125	34.5	0.983889931327455	0.800217481959676	0.000704903426139448	42.2000270369755	0.99822789244602
22.375	34.5	0.985391545148267	0.800230027734582	0.000669240468245503	42.0003083449847	0.998393069966309
22.625	34.5	0.986790036676239	0.800239870857051	0.000634758410802732	41.8005549799047	0.998546904034386
22.875	34.5	0.98808712127678	0.800247379242133	0.000601477659494546	41.6007698221833	0.998689583340446
23.125	34.5	0.989285376451841	0.800252874093221	0.000569405728889493	41.400955618995	0.998821391409702
23.375	34.5	0.990388106039558	0.800256635553305	0.000538540136829655	41.2011149775546	0.998942691664351
23.625	34.5	0.991399200868506	0.800258907788294	0.000508870694706711	41.0012503601855	0.999053912095536
23.875	34.5	0.992323003557104	0.800259903517569	0.000480381309195542	40.8013640812579	0.999155530391281
24.125	34.5	0.993164182547564	0.800259808023421	0.000453051393218054	40.6014583059708	0.999248060080232
24.375	34.5	0.99392761842144	0.800258782678208	0.000426856967604845	40.4015350508538	0.999332038026358
24.625	34.5	0.994618304004702	0.800256968033038	0.00040177151990742	40.2015961858087	0.999408013440517
24.875	34.5	0.995241258659768	0.800254486513352	0.000377766673857068	40.0016434374803	0.999476538452574
25.125	34.5	0.995801456401757	0.800251444764608	0.000354812711970197	39.8016783937358	0.999538160204193
25.375	34.5	0.996303766989595	0.80024793569032	0.000332878984801787	39.6017025090371	0.999593414368856
25.625	34.5	0.996752908862272	0.800244040220511	0.000311934232831932	39.4017171105031	0.99964281997485
25.875	34.5	0.997153412658481	0.800239828844631	0.000291946841342908	39.201723404476	0.999686875392433
26.125	34.5	0.997509594028364	0.800235362941272	0.000272885043714797	39.0017224834272	0.99972605534312
26.375	34.5	0.997825534483119	0.800230695930414	0.000254717085254414	38.8017153330608	0.999760808793143
26.625	34.5	0.998105069105507	0.800225874273248	0.000237411356487104	38.6017028394889	0.999791557601606
26.875	34.5	0.998351780042102	0.800220938340238	0.000220936502979455	38.4016857963777	0.999818695804631
27.125	34.5	0.998568994806191	0.800215923165125	0.000205261516870516	38.201664911978	0.999842589428681
27.375	34.5	0.998759788526416	0.800210859100852	0.000190355814054893	38.0016408159698	0.999863576737906
27.625	34.5	0.998926989378702	0.800205772391088	0.000176189299973035	37.8016140660665	0.999881968831657
27.875	34.5	0.999073186534982	0.800200685668204	0.000162732426103417	37.6015851543357	0.999898050518848
28.125	34.5	0.999200740049007	0.800195618388906	0.000149956238890983	37.4015545132044	0.999912081405391
28.375	34.5	0.999311792178344	0.800190587214568	0.000137832422061124	37.2015225211273	0.999924297139618
28.625	34.5	0.999408279712504	0.800185606345311	0.000126333333243744	37.0014895079035	0.999934910768375
28.875	34.5	0.999491946940563	0.800180687812622	0.000115432035523394	36.8014557596352	0.999944114163462
29.125	34.5	0.99956435894841	0.800175841737183	0.000105102324149174	36.6014215233274	0.999952079484325
29.375	34.5	0.999626914986621	0.800171076555594	9.53187488227417e-05	36.401387011132	0.999958960648528
29.625	34.5	0.999680861695222	0.800166399220909	8.60566317744031e-05	36.2013524042457	0.999964894786474
29.875	34.5	0.999727306012246	0.800161815379516	7.72920816685876e-05	36.001317856472	0.999970003661347
30.125	34.5	0.999767227628806	0.800157329528046	6.90020036420661e-05	35.8012834974618	0.999974395039169
30.375	34.5	0.999801490885277	0.800152945152449	6.11641055242537e-05	35.6012494356491	0.99997816399738
30.625	34.5	0.999830856031074	0.800148664851409	5.37569004138757e-05	35.4012157608983	0.999981394163418
30.875	34.5	0.999855989794854	0.800144490446436	4.67597058533001e-05	35.2011825468821	0.999984158877434
31.125	34.5	0.999877475232939	0.800140423079428	4.01526397226738e-05	35.0011498532087	0.999986522275623
31.375	34.5	0.999895820841443	0.800136463299891	3.39166130901086e-05	34.8011177273177	0.999988540292559
31.625	34.5	0.999911468932604	0.800132611142675	2.80333203132663e-05	34.601086206162	0.999990261582586
31.875	34.5	0.999924803287932	0.800128866197205	2.24852265322995e-05	34.4010553176965	0.999991728361672
32.125	34.5	0.999936156110582	0.80012522766916	1.72555529946183e-05	34.2010250821884	0.999992977172164
32.375	34.5	0.99994581430698	0.800121694435869	1.23282602731788e-05	34.0009955133685	0.999994039573768
32.625	34.5	0.999954025133233	0.800118265095125	7.6880298032326e-06	33.8009666194384	0.999994942764656
32.875	34.5	0.99996100124584	0.800114938009053	3.3202439846058e-06	33.6009384039479	0.999995710137042
33.125	34.5	0.999966925198657	0.800111711343031	-7.89034968191404e-07	33.4009108665584	0.999996361771852
33.375	34.5	0.999971953429135	0.800108583100262	-4.65308708005297e-06	33.2008840037028	0.999996914877205
33.625	34.5	0.999976219777075	0.800105551152408	-8.28455738517498e-06	33.0008578091559	0.999997384175478
33.875	34.5	0.999979838578355	0.800102613266768	-1.16954791738313e-05	32.8008322745245	0.999997782243619
34.125	34.5	0.999982907374694	0.800099767130225	-1.4897297559925e-05	32.6008073896678	0.999998119811216
34.375	34.5	0.999985509278659	0.800097010370502	-1.79008930580434e-05	32.4007831430566	0.999998406020652
34.625	34.5	0.999987715030807	0.80009434057438	-2.07166051967848e-05	32.2007595220785	0.999998648653389
34.875	34.5	0.999989584783379	0.800091755304384	-2.33542558338597e-05	32.0007365132977	0.999998854326172
35.125	34.5	0.999991169642307	0.800089252112525	-2.58231721884547e-05	31.8007141026733	0.999999028660654
35.375	34.5	0.999992512996554	0.800086828552799	-2.81322093641244e-05	31.6006922757442	0.999999176429621
35.625	34.5	0.999993651661239	0.800084482191675	-3.0289772420432e-05	31.4006710177834	0.999999301682736
35.875	34.5	0.999994616858254	0.800082210617244	-3.23038377607646e-05	31.2006503139264	0.999999407854408
36.125	34.5	0.999995435055687	0.800080011446918	-3.41819738924843e-05	31.0006301492779	0.999999497856126
36.375	34.5	0.999996128684962	0.800077882333965	-3.59313614798631e-05	30.8006105089999	0.999999574155346
36.625	34.5	0.999996716752429	0.800075820973002	-3.75588126327132e-05	30.6005913783835	0.999999638842767
36.875	34.5	0.999997215360134	0.800073825104499	-3.90707894693302e-05	30.400572742907	0.999999693689615
37.125	34.5	0.99999763814864	0.800071892518411	-4.0473421882847e-05	30.2005545882825	0.99999974019635
37.375	34.5	0.999997996673128	0.800070021057191	-4.17725245449633e-05	30.0005369004932	0.999999779634044
37.625	34.5	0.999998300722529	0.800068208617942	-4.29736131397531e-05	29.8005196658215	0.999999813079478
37.875	34.5	0.999998558590052	0.800066453154228	-4.40819198532173e-05	29.600502870871	0.999999841444906
38.125	34.5	0.99999877730242	0.800064752677162	-4.51024081041404e-05	29.4004865025826	0.999999865503266
38.375	34.5	0.999998962813974	0.800063105256244	-4.60397865445881e-05	29.2004705482451	0.999999885909537
38.625	34.5	0.999999120170981	0.800061509019623	-4.68985223934198e-05	29.0004549955027	0.999999903218808
38.875	34.5	0.999999253650717	0.800059962154216	-4.76828540472393e-05	28.8004398323579	0.999999917901579
39.125	34.5	0.999999366879133	0.800058462905399	-4.83968030844673e-05	28.6004250471732	0.999999930356705
39.375	34.5	0.999999462930448	0.800057009576574	-4.90441856031636e-05	28.400410628669	0.999999940922349
39.625	34.5	0.999999544411426	0.800055600528385	-4.96286229930454e-05	28.2003965659207	0.999999949885257
39.875	34.5	0.999999613532702	0.800054234177951	-5.01535521070791e-05	28.0003828483538	0.999999957488597
40.125	34.5	0.999999672169169	0.800052908997719	-5.06222349113842e-05	27.8003694657378	0.999999963938609
40.375	34.5	0.999999721911107	0.80005162351447	-5.10377676109422e-05	27.6003564081794	0.999999969410222
40.625	34.5	0.999999764107476	0.800050376307979	-5.14030892853468e-05	27.4003436661148	0.999999974051822
40.875	34.5	0.999999799902606	0.800049166009797	-5.17209900507626e-05	27.2003312303014	0.999999977989287
41.125	34.5	0.999999830267283	0.800047991301772	-5.19941187867603e-05	27.0003190918092	0.999999981329401
41.375	34.5	0.999999856025092	0.800046850914771	-5.22249904503047e-05	26.8003072420122	0.99999998416276
41.625	34.5	0.99999987787474	0.80004574362713	-5.24159929907032e-05	26.6002956725787	0.999999986566221
41.875	34.5	0.999999896409004	0.800044668263281	-5.25693938754717e-05	26.4002843754625	0.99999998860499
42.125	34.5	0.999999912130791	0.800043623692262	-5.26873463088185e-05	26.2002733428938	0.999999990334387
42.375	34.5	0.999999925466758	0.800042608826199	-5.27718950576381e-05	26.0002625673697	0.999999991801343
42.625	34.5	0.999999936778866	0.800041622618915	-5.28249820116323e-05	25.8002520416456	0.999999993045675
42.875	34.5	0.999999946374187	0.800040664064458	-5.28484514242157e-05	25.6002417587258	0.999999994101161
43.125	34.5	0.99999995451322	0.800039732195705	-5.28440548666617e-05	25.400231711855	0.999999994996454
43.375	34.5	0.999999961416958	0.800038826082867	-5.28134559438162e-05	25.2002218945097	0.999999995755865
43.625	34.5	0.999999967272866	0.800037944832261	-5.27582347455899e-05	25.0002123003899	0.999999996400015
43.875	34.5	0.999999972239967	0.800037087584791	-5.26798920445633e-05	24.8002029234106	0.999999996946396
44.125	34.5	0.999999976453159	0.800036253514783	-5.25798533138368e-05	24.6001937576942	0.999999997409848
44.375	34.5	0.99999998002687	0.800035441828621	-5.24594724924246e-05	24.4001847975627	0.999999997802956
44.625	34.5	0.999999983058156	0.800034651763534	-5.23200355767292e-05	24.2001760375303	0.999999998136397
44.875	34.5	0.999999985629352	0.800033882586328	-5.21627640331365e-05	24.0001674722961	0.999999998419229
45.125	34.5	0.999999987810293	0.800033133592312	-5.19888179951118e-05	23.8001590967374	0.999999998659132
45.375	34.5	0.999999989660212	0.800032404104063	-5.17992993417468e-05	23.6001509059024	0.999999998862623
45.625	34.5	0.999999991229354	0.800031693470428	-5.15952545864988e-05	23.4001428950044	0.999999999035229
45.875	34.5	0.999999992560339	0.800031001065344	-5.13776776155304e-05	23.2001350594153	0.999999999181637
46.125	34.5	0.999999993689315	0.800030326286907	-5.11475123214107e-05	23.0001273946593	0.999999999305825
46.375	34.5	0.999999994646941	0.800029668556368	-5.09056550570217e-05	22.8001198964078	0.999999999411164
46.625	34.5	0.999999995459226	0.800029027317137	-5.06529569849909e-05	22.6001125604729	0.999999999500515
46.875	34.5	0.999999996148231	0.80002840203395	-5.0390226322152e-05	22.4001053828032	0.999999999576305
47.125	34.5	0.999999996732667	0.800027792191868	-5.01182304443909e-05	22.2000983594776	0.999999999640593
47.375	34.5	0.999999997228402	0.800027197295599	-4.98376978967994e-05	22.000091486701	0.999999999695124
47.625	34.5	0.999999997648899	0.800026616868488	-4.95493203089833e-05	21.8000847607996	0.999999999741379
47.875	34.5	0.999999998005578	0.800026050451909	-4.92537542076482e-05	21.6000781782159	0.999999999780614
48.125	34.5	0.999999998308123	0.800025497604402	-4.89516227256411e-05	21.4000717355049	0.999999999813894
48.375	34.5	0.999999998564754	0.800024957901023	-4.86435172730504e-05	21.2000654293294	0.999999999842123
48.625	34.5	0.999999998782435	0.80002443093263	-4.83299990463856e-05	21.0000592564565	0.999999999866068
48.875	34.5	0.999999998967079	0.800023916305215	-4.80116005419695e-05	20.8000532137533	0.999999999886379
49.125	34.5	0.9999999991237	0.800023413639251	-4.76888269508975e-05	20.6000472981837	0.999999999903607
49.375	34.5	0.999999999256552	0.800022922569167	-4.73621574899531e-05	20.4000415068042	0.999999999918221
49.625	34.5	0.999999999369241	0.800022442742693	-4.7032046676479e-05	20.2000358367614	0.999999999930617
49.875	34.5	0.999999999464827	0.800021973820277	-4.66989255404112e-05	20.0000302852878	0.999999999941131
50.125	34.5	0.999999999545907	0.800021515474689	-4.63632027569696e-05	19.8000248496994	0.99999999995005
50.375	34.5	0.999999999614681	0.800021067390381	-4.60252657668782e-05	19.6000195273926	0.999999999957615
50.625	34.5	0.999999999673019	0.80002062926301	-4.56854817814224e-05	19.4000143158408	0.999999999964032
50.875	34.5	0.999999999722502	0.80002020079907	-4.53441987987637e-05	19.2000092125924	0.999999999969475
51.125	34.5	0.999999999764475	0.800019781715331	-4.50017465296772e-05	19.0000042152678	0.999999999974092
51.375	34.5	0.999999999800081	0.800019371738509	-4.46584373043472e-05	18.7999993215568	0.999999999978009
51.625	34.5	0.999999999830279	0.800018970604762	-4.43145669042569e-05	18.5999945292164	0.999999999981331
51.875	34.5	0.999999999855896	0.800018578059405	-4.39704153961652e-05	18.3999898360681	0.999999999984149
52.125	34.5	0.999999999877626	0.800018193856441	-4.36262478884433e-05	18.1999852399964	0.999999999986539
52.375	34.5	0.999999999896059	0.800017817758255	-4.32823152618301e-05	17.9999807389459	0.999999999988566
52.625	34.5	0.999999999911692	0.800017449535291	-4.29388548846825e-05	17.7999763309196	0.999999999990286
52.875	34.5	0.999999999924952	0.800017088965652	-4.25960912732352e-05	17.599972013977	0.999999999991745
53.125	34.5	0.999999999936201	0.800016735834909	-4.22542367055169e-05	17.3999677862319	0.999999999992982
53.375	34.5	0.99999999994574	0.800016389935615	-4.19134918540996e-05	17.1999636458512	0.999999999994031
53.625	34.5	0.999999999953832	0.80001605106727	-4.15740463409654e-05	16.9999595910523	0.999999999994922
53.875	34.5	0.999999999960698	0.800015719035777	-4.12360792917289e-05	16.7999556201023	0.999999999995677
54.125	34.5	0.999999999966519	0.800015393653434	-4.08997598498625e-05	16.5999517313157	0.999999999996317
54.375	34.5	0.999999999971458	0.800015074738467	-4.05652476857009e-05	16.3999479230534	0.99999999999686
54.625	34.5	0.999999999975647	0.800014762114974	-4.02326934576308e-05	16.1999441937208	0.999999999997321
54.875	34.5	0.9999999999792	0.800014455612539	-3.99022392676606e-05	15.9999405417667	0.999999999997712
55.125	34.5	0.999999999982213	0.800014155066134	-3.95740190827726e-05	15.7999369656819	0.999999999998043
55.375	34.5	0.999999999984768	0.800013860315836	-3.92481591554916e-05	15.5999334639975	0.999999999998324
55.625	34.5	0.999999999986936	0.80001357120666	-3.89247784037337e-05	15.3999300352842	0.999999999998563
55.875	34.5	0.999999999988777	0.800013287588357	-3.86039887843866e-05	15.1999266781509	0.999999999998766
56.125	34.5	0.999999999990339	0.800013009315222	-3.828589564942e-05	14.9999233912431	0.999999999998937
56.375	34.5	0.999999999991662	0.800012736245954	-3.79705980771973e-05	14.7999201732426	0.999999999999083
56.625	34.5	0.999999999992786	0.800012468243409	-3.76581891964053e-05	14.5999170228657	0.999999999999206
56.875	34.5	0.999999999993738	0.800012205174536	-3.7348756491889e-05	14.3999139388627	0.999999999999311
57.125	34.5	0.999999999994546	0.800011946910153	-3.70423820959356e-05	14.1999109200165	0.9999999999994
57.375	34.5	0.99999999999523	0.800011693324805	-3.67391430605348e-05	13.9999079651418	0.999999999999475
57.625	34.5	0.99999999999581	0.800011444296662	-3.64391116342282e-05	13.7999050730843	0.999999999999539
57.875	34.5	0.999999999996304	0.800011199707324	-3.61423554984552e-05	13.5999022427197	0.999999999999593
58.125	34.5	0.999999999996724	0.800010959441742	-3.58489380183683e-05	13.3998994729528	0.99999999999964
58.375	34.5	0.99999999999708	0.800010723388048	-3.555891847137e-05	13.1998967627169	0.999999999999679
58.625	34.5	0.999999999997382	0.800010491437476	-3.52723522581358e-05	12.9998941109727	0.999999999999712
58.875	34.5	0.999999999997638	0.800010263484198	-3.49892911151733e-05	12.7998915167078	0.99999999999974
59.125	34.5	0.999999999997855	0.800010039425244	-3.47097833161666e-05	12.5998889789359	0.999999999999764
59.375	34.5	0.99999999999804	0.800009819160387	-3.44338738515959e-05	12.3998864966962	0.999999999999784
59.625	34.5	0.999999999998198	0.80000960259204	-3.41616046157888e-05	12.1998840690523	0.999999999999802
59.875	34.5	0.999999999998331	0.800009389625144	-3.38930145747406e-05	11.9998816950922	0.999999999999816
60.125	34.5	0.999999999998443	0.800009180167091	-3.36281399276359e-05	11.7998793739272	0.999999999999829
60.375	34.5	0.999999999998538	0.800008974127601	-3.33670142694671e-05	11.5998771046915	0.999999999999839
60.625	34.5	0.999999999998619	0.800008771418669	-3.31096687242265e-05	11.3998748865415	0.999999999999848
60.875	34.5	0.999999999998688	0.800008571954453	-3.28561321032814e-05	11.1998727186555	0.999999999999856
61.125	34.5	0.999999999998746	0.800008375651201	-3.26064310241041e-05	10.9998706002328	0.999999999999862
61.375	34.5	0.999999999998794	0.800008182427164	-3.23605900488344e-05	10.7998685304934	0.999999999999867
61.625	34.5	0.999999999998836	0.800007992202524	-3.21186317922124e-05	10.5998665086777	0.999999999999872
61.875	34.5	0.999999999998871	0.800007804899318	-3.18805770558062e-05	10.3998645340456	0.999999999999876
62.125	34.5	0.999999999998902	0.800007620441365	-3.16464449141429e-05	10.1998626058763	0.999999999999879
62.375	34.5	0.999999999998928	0.800007438754185	-3.14162528407897e-05	9.99986072346785	0.999999999999882
62.625	34.5	0.999999999998949	0.800007259764959	-3.11900167906679e-05	9.79985888613677	0.999999999999884
62.875	34.5	0.999999999998963	0.800007083402437	-3.09677513057002e-05	9.59985709321752	0.999999999999886
63.125	34.5	0.999999999998968	0.800006909596879	-3.07494695929276e-05	9.39985534406218	0.999999999999887
63.375	34.5	0.999999999998964	0.800006738280011	-3.05351836180934e-05	9.19985363804009	0.999999999999886
63.625	34.5	0.999999999998957	0.800006569384948	-3.03249041801481e-05	8.99985197453747	0.999999999999885
63.875	34.5	0.999999999998955	0.800006402846128	-3.01186409922107e-05	8.79985035295711	0.999999999999885
64.125	34.5	0.999999999998973	0.800006238599298	-2.99164027473629e-05	8.599848772718	0.999999999999887
64.375	34.5	0.999999999999027	0.800006076581422	-2.97181971885915e-05	8.39984723325506	0.999999999999893
64.625	34.5	0.999999999999123	0.800005916730622	-2.95240311768254e-05	8.19984573401879	0.999999999999904
64.875	34.5	0.999999999999247	0.800005758986174	-2.93339107494178e-05	7.99984427447505	0.999999999999917
65.125	34.5	0.999999999999354	0.800005603288413	-2.91478411731972e-05	7.79984285410471	0.999999999999929
65.375	34.5	0.999999999999364	0.800005449578716	-2.89658270052974e-05	7.59984147240344	0.99999999999993
65.625	34.5	0.999999999999185	0.800005297799432	-2.87878721403548e-05	7.39984012888145	0.99999999999991
65.875	34.5	0.999999999998752	0.800005147893867	-2.86139798576207e-05	7.19983882306322	0.999999999999863
66.125	34.5	0.999999999998089	0.800004999806211	-2.84441528694114e-05	6.9998375544873	0.99999999999979
66.375	34.5	0.999999999997368	0.800004853481514	-2.82783933607515e-05	6.79983632270609	0.99999999999971
66.625	34.5	0.999999999996936	0.800004708865651	-2.8116703030712e-05	6.5998351272856	0.999999999999663
66.875	34.5	0.999999999997251	0.800004565905254	-2.79590831308089e-05	6.39983396780528	0.999999999999698
67.125	34.5	0.99999999999872	0.800004424547714	-2.78055344990605e-05	6.19983284385779	0.999999999999859
67.375	34.5	1.00000000000144	0.800004284741109	-2.76560575969398e-05	5.99983175504888	1.00000000000016
67.625	34.5	1.00000000000495	0.800004146434202	-2.75106525333929e-05	5.79983070099714	1.00000000000054
67.875	34.5	1.00000000000814	0.800004009576403	-2.73693190940076e-05	5.59982968133397	1.0000000000009
68.125	34.5	1.00000000000953	0.800003874117718	-2.72320567625866e-05	5.39982869570332	1.00000000000105
68.375	34.5	1.00000000000783	0.800003740008751	-2.70988647394389e-05	5.19982774376162	1.00000000000086
68.625	34.5	1.00000000000279	0.800003607200624	-2.69697419576247e-05	4.99982682517759	1.00000000000031
68.875	34.5	0.999999999995567	0.800003475644958	-2.68446871021303e-05	4.79982593963209	0.999999999999512
69.125	34.5	0.999999999987992	0.80000334529382	-2.67236986472525e-05	4.599825086818	0.999999999998679
69.375	34.5	0.999999999980223	0.800003216099715	-2.66067749004656e-05	4.39982426644005	0.999999999997825
69.625	34.5	0.999999999967282	0.800003088015611	-2.64939140669728e-05	4.19982347821486	0.999999999996401
69.875	34.5	0.99999999993695	0.800002960995011	-2.63851143229493e-05	3.99982272187089	0.999999999993064
70.125	34.5	0.999999999873507	0.800002834992055	-2.62803738625617e-05	3.79982199714854	0.999999999986086
70.375	34.5	0.999999999772542	0.800002709961525	-2.61796908582373e-05	3.5998213037999	0.99999999997498
70.625	34.5	0.999999999668993	0.800002585858684	-2.60830632904194e-05	3.39982064158816	0.999999999963589
70.875	34.5	0.999999999671381	0.800002462638753	-2.59904885980347e-05	3.19982001028625	0.999999999963852
71.125	34.5	0.999999999979626	0.800002340256008	-2.59019632043392e-05	2.99981940967496	0.999999999997759
71.375	34.5	1.00000000084636	0.800002218662726	-2.5817482114365e-05	2.79981883954129	1.0000000000931
71.625	34.5	1.00000000243411	0.800002097808579	-2.57370389717125e-05	2.59981829967876	1.00000000026775
71.875	34.5	1.00000000454191	0.800001977641592	-2.56606271180239e-05	2.39981778989239	1.00000000049961
72.125	34.5	1.00000000624541	0.800001858111902	-2.55882421086589e-05	2.19981731001053	1.00000000068699
72.375	34.5	1.00000000562164	0.800001739178958	-2.55198856659658e-05	1.99981685990379	1.00000000061838
72.625	34.5	0.999999999888489	0.800001620821113	-2.54555699377517e-05	1.79981643950541	0.999999999987734
72.875	34.5	0.99999998639642	0.800001503043247	-2.53953193250997e-05	1.59981604881923	0.999999998503606
73.125	34.5	0.999999964822277	0.800001385874196	-2.53391655150291e-05	1.39981568789263	0.99999999613045
73.375	34.5	0.999999940451118	0.800001269343076	-2.52871309215217e-05	1.19981535672924	0.999999993449623
73.625	34.5	0.999999927470601	0.800001153425715	-2.52391982867213e-05	0.999815055129336	0.999999992021766
73.875	34.5	0.999999949837507	0.800001037963516	-2.51952715268078e-05	0.79981478248438	0.999999994482126
74.125	34.5	1.00000003601642	0.800000922580384	-2.51551456102982e-05	0.599814537619837	1.00000000396181
74.375	34.5	1.00000020379387	0.800000806631195	-2.51185186692953e-05	0.399814318862771	1.00000002241733
74.625	34.5	1.00000043394435	0.800000622784767	-2.50850917403181e-05	0.19981412457864	1.00000004773388
74.875	34.5	1.00000063817787	0.400000765660438	-2.50609877000863e-05	-0.000186012293997223	1.00000007019957
0.125	35.5	2.49652716776975e-07	0.400004188742465	-0.000241161558273193	58.5919947851681	0.890000027461799
0.375	35.5	-4.55544250789663e-06	0.800012822774815	-0.000242424035569895	58.4139929156851	0.889999498901324
0.625	35.5	-1.51343804934725e-05	0.800021442437946	-0.000244953967930319	58.2359892794754	0.889998335218146
0.875	35.5	-3.22316090069616e-05	0.80002997615046	-0.000248756294839576	58.0579840397299	0.889996454523009
1.125	35.5	-5.54850596689826e-05	0.800038438839428	-0.000253836984760039	57.8799773583311	0.889993896643436
1.375	35.5	-8.25916868082505e-05	0.800046812808921	-0.000260202249841721	57.7019693759046	0.889990914914451
1.625	35.5	-0.000108516998391935	0.800055075326153	-0.000267857110668754	57.5239601608761	0.889988063130177
1.875	35.5	-0.000124817228801336	0.800063195912455	-0.000276803512002704	57.3459496424588	0.889986270104832
2.125	35.5	-0.000119169697962225	0.800071133759034	-0.000287038050942169	57.1679375310842	0.889986891333224
2.375	35.5	-7.52050008152784e-05	0.800078835794811	-0.000298549431863478	56.9899232318659	0.88999172744991
2.625	35.5	2.72883021627854e-05	0.800086235778577	-0.000311315806211738	56.8119057584982	0.890003001713238
2.875	35.5	0.000211753909975831	0.800093254613402	-0.000325302182825226	56.633883656126	0.890023292930097
3.125	35.5	0.00050386697032132	0.800099801889438	-0.000340458099596807	56.455854941933	0.890055425366735
3.375	35.5	0.000930204142150199	0.800105778470885	-0.000356715728699924	56.2778170713682	0.890102322455637
3.625	35.5	0.0015166883032441	0.800111079782003	-0.000373988545643659	56.0997669361146	0.890166835713357
3.875	35.5	0.00228694148940718	0.800115599341465	-0.000392170631483177	55.9217008973085	0.890251563563835
4.125	35.5	0.00326069343696352	0.800119232051691	-0.000411136603198149	55.7436148544362	0.890358676278066
4.375	35.5	0.00445238940438767	0.800121876778027	-0.000430742087708197	55.5655043471454	0.890489762834483
4.625	35.5	0.00587012084772218	0.800123437831499	-0.000450824577180533	55.3873646842844	0.890645713293249
4.875	35.5	0.00751496924445695	0.800123825096351	-0.000471204435240671	55.2091910921337	0.89082664661689
5.125	35.5	0.00938081168703821	0.800122952689349	-0.000491685772813063	55.0309788722829	0.891031889285574
5.375	35.5	0.0114545924727562	0.800120736193329	-0.000512056884557771	54.8527235590284	0.891260005172003
5.625	35.5	0.0137170236853685	0.800117088650091	-0.000532089937272268	54.674421066536	0.891508872605391
5.875	35.5	0.0161436451263371	0.800111915614228	-0.000551539631889735	54.4960678171927	0.891775800963897
6.125	35.5	0.0187061542328328	0.800105109645618	-0.000570140619929015	54.3176608443235	0.892057676965612
6.375	35.5	0.0213739124119929	0.800096544642053	-0.000587603536148109	54.1391978644643	0.892351130365319
6.625	35.5	0.0241155458975172	0.800086070386974	-0.000603609605527354	53.9606773163078	0.892652710048727
6.875	35.5	0.0269005846941735	0.800073507610618	-0.000617803882233496	53.7820983649529	0.892959064316359
7.125	35.5	0.0297011179857537	0.80005864375985	-0.000629787277792923	53.6034608709274	0.893267122978433
7.375	35.5	0.0324934823995539	0.800041229566556	-0.000639107635031545	53.4247653234796	0.893574283063951
7.625	35.5	0.0352600339845667	0.800020976431117	-0.000645250218132893	53.2460127368507	0.893878603738302
7.875	35.5	0.0379910797270304	0.799997554634761	-0.000647628144434365	53.0672045067815	0.894179018769973
8.125	35.5	0.0406870562989511	0.799970592483853	-0.000645573522350814	52.8883422226281	0.894475576192885
8.375	35.5	0.0433610425629594	0.799939676689245	-0.000638330437229802	52.7094274284446	0.894769714681926
8.625	35.5	0.0460416825572624	0.799904354581119	-0.000625051505948834	52.5304613244785	0.895064585081299
8.875	35.5	0.0487765858708642	0.799864139119382	-0.000604800572143909	52.3514443988127	0.895365424445795
9.125	35.5	0.0516362740162041	0.799818518018341	-0.000576565301615496	52.1723759772543	0.895679990141782
9.375	35.5	0.0547187665049144	0.799766968560992	-0.00053928501770661	51.993253677632	0.896019064315541
9.625	35.5	0.0581549571459713	0.799708979696147	-0.00049190110452653	51.8140727518199	0.896397045286057
9.875	35.5	0.0621150186970572	0.799644082593583	-0.000433439633361918	51.6348252943731	0.896832652056676
10.125	35.5	0.0668161741553862	0.799571889685157	-0.000363138273492403	51.4554992901578	0.897349779157092
10.375	35.5	0.0725322382040637	0.799492139919079	-0.00028063138616392	51.276077465043	0.897978546202447
10.625	35.5	0.0796052681975412	0.799404743946767	-0.000186207099867204	51.0965358953894	0.898756579501729
10.875	35.5	0.0884593053242819	0.79930981668957	-8.11455273973637e-05	50.9168423283729	0.899730523585671
11.125	35.5	0.0996152711636589	0.799207676253019	3.18663149723712e-05	50.7369541754337	0.900957679828002
11.375	35.5	0.113704247944267	0.799098779554627	0.000148276440882604	50.5568161815065	0.902507467273869
11.625	35.5	0.131473216046633	0.798983563290571	0.000261252471192313	50.3763578675968	0.90446205376513
11.875	35.5	0.15377268972415	0.798862179628825	0.000361474011186745	50.1954910241985	0.906914995869657
12.125	35.5	0.181510299322864	0.798734184279766	0.000437393521256717	50.0141078224081	0.909966132925515
12.375	35.5	0.215550917734778	0.798598370560723	0.000476293100150434	49.8320804957262	0.913710600950826
12.625	35.5	0.256548221611854	0.798453114746019	0.000466406650339292	49.6492639238456	0.918220304377304
12.875	35.5	0.304712789823931	0.798297645304503	0.000400066595589358	49.4655025646781	0.923518406880632
13.125	35.5	0.359562574801983	0.798134279191337	0.000277218423416798	49.2806426390192	0.929551883228218
13.375	35.5	0.419751340226483	0.797970736256167	0.000107935543105143	49.0945489535094	0.936172647424913
13.625	35.5	0.483092499445047	0.797820700650324	-8.76780457133039e-05	48.9071234506313	0.943140174938955
13.875	35.5	0.546844792275472	0.797701122420996	-0.00028301585309592	48.7183205758945	0.950152927150302
14.125	35.5	0.608201753059787	0.79762690671149	-0.000451044815319673	48.5281544223767	0.956902192836577
14.375	35.5	0.664806740352484	0.797605931481406	-0.000570550305443677	48.3366951078202	0.963128741438773
14.625	35.5	0.715099002251107	0.797637258007463	-0.000630089579463762	48.1440558238749	0.968660890247622
14.875	35.5	0.758398452498696	0.797712954511225	-0.000628574452008258	47.9503750995758	0.973423829774857
15.125	35.5	0.794770160233361	0.797821704677676	-0.000573106458853453	47.7557994242275	0.97742471762567
15.375	35.5	0.824781691578207	0.797952083666124	-0.000475581933771558	47.5604697723435	0.980725986073603
15.625	35.5	0.849259127233626	0.798094471009616	-0.000349458347209864	47.3645132521533	0.983418503995699
15.875	35.5	0.869100319243974	0.798241656554804	-0.000207429321072296	47.1680393369516	0.985601035116837
16.125	35.5	0.885158839161155	0.798388654786056	-6.01420567104747e-05	46.9711393506378	0.987367472307727
16.375	35.5	0.898186680614545	0.798532212951536	8.42526947833346e-05	46.7738878429248	0.9888005348676
16.625	35.5	0.908816218525199	0.798670302261696	0.000220022733468606	46.5763448109704	0.989969784037772
16.875	35.5	0.917564087864891	0.798801709951396	0.000343511005034821	46.378558109571	0.990932049665138
17.125	35.5	0.924844914292745	0.79892575195563	0.000452704475217176	46.1805657030807	0.991732940572202
17.375	35.5	0.930987793541786	0.7990420856891	0.000546815597379823	45.9823976168969	0.992408657289596
17.625	35.5	0.936251971104368	0.799150593589849	0.000625922184171082	45.7840775613607	0.99298771682148
17.875	35.5	0.940840334785624	0.799251312044333	0.000690679056622633	45.5856242552019	0.993492436826419
18.125	35.5	0.944910474213932	0.799344387442191	0.000742098281079022	45.387052494508	0.993940152163533
18.375	35.5	0.948583567073838	0.799430047576783	0.000781387958271198	45.1883740141259	0.994344192378122
18.625	35.5	0.951951507258848	0.799508581378838	0.000809837912434818	44.9895981819637	0.994714665798473
18.875	35.5	0.955082677178302	0.799580323125057	0.000828741451815977	44.7907325584267	0.995059094489613
19.125	35.5	0.958026689041613	0.799645639194161	0.000839344090578583	44.5917833457783	0.995382935794577
19.375	35.5	0.960818331573004	0.799704916537424	0.000842811973156155	44.3927557464228	0.99569001647303
19.625	35.5	0.963480883009681	0.799758552590534	0.000840214401393566	44.1936542449817	0.995982897131065
19.875	35.5	0.966028895903577	0.799806946595679	0.000832516233734823	43.9944828262786	0.996263178549393
20.125	35.5	0.968470523606199	0.799850492365589	0.000820577006285774	43.7952451395235	0.996531757596682
20.375	35.5	0.970809438389097	0.799889572494518	0.00080515445891111	43.5959446177547	0.996789038222801
20.625	35.5	0.973046382095752	0.799924553964119	0.000786910783350744	43.3965845606592	0.997035102030533
20.875	35.5	0.975180387610432	0.79995578503282	0.000766420389359936	43.1971681880762	0.997269842637148
21.125	35.5	0.977209709809645	0.799983593251977	0.000744178344343346	42.997698670691	0.997493068079061
21.375	35.5	0.979132505670183	0.800008284427433	0.000720608910083434	42.7981791436126	0.99770457562372
21.625	35.5	0.980947303470821	0.800030142338571	0.0006960737987144	42.5986127076947	0.99790420338179
21.875	35.5	0.982653299947854	0.800049429036527	0.00067087991476355	42.3990024226348	0.998091862994264
22.125	35.5	0.984250521789059	0.800066385561252	0.000645286454206744	42.1993512950948	0.998267557396797
22.375	35.5	0.985739884236798	0.800081232942034	0.000619511304310935	41.9996622643568	0.998431387266048
22.625	35.5	0.987123175220058	0.800094173372177	0.000593736737732033	41.799938187385	0.998583549274206
22.875	35.5	0.988402988768074	0.80010539147265	0.000568114426356449	41.6001818246124	0.998724328764488
23.125	35.5	0.989582626839687	0.800115055582795	0.000542769820095162	41.40039582732	0.998854088952365
23.375	35.5	0.990665984406596	0.800123319033041	0.000517805946156366	41.2005827271159	0.998973258284725
23.625	35.5	0.991657428830957	0.800130321370853	0.000493306688726058	41.0007449277514	0.999082317171405
23.875	35.5	0.992561681365224	0.800136189521729	0.000469339608709724	40.8008846993113	0.999181784950175
24.125	35.5	0.993383705992231	0.800141038874904	0.000445958361019639	40.6010041746785	0.999272207659145
24.375	35.5	0.994128608782848	0.800144974290728	0.000423204762238161	40.4011053480849	0.999354146966113
24.625	35.5	0.994801549414767	0.800148091028548	0.000401110556852302	40.2011900755132	0.999428170435624
24.875	35.5	0.995407665390257	0.800150475598542	0.0003796989248596	40.0012600766875	0.999494843192928
25.125	35.5	0.995952008732497	0.800152206540754	0.000358985768498451	39.8013169383926	0.999554720960575
25.375	35.5	0.996439494451871	0.800153355136336	0.00033898081085423	39.6013621188682	0.999608344389706
25.625	35.5	0.996874859788371	0.800153986055804	0.000319688534814935	39.4013969530471	0.999656234576721
25.875	35.5	0.997262633096405	0.800154157949453	0.000301108986552477	39.2014226584238	0.999698889640604
26.125	35.5	0.99760711119915	0.800153923984559	0.000283238464426242	39.0014403413712	0.999736782231907
26.375	35.5	0.997912344065865	0.800153332334259	0.000266070110790411	38.8014510037415	0.999770357847245
26.625	35.5	0.998182125731332	0.800152426622077	0.000249594421658187	38.6014555496152	0.999800033830447
26.875	35.5	0.998419990463993	0.8001512463259	0.000233799686744898	38.4014547920818	0.999826198951039
27.125	35.5	0.998629213285755	0.800149827145904	0.000218672370397756	38.2014494599577	0.999849213461433
27.375	35.5	0.998812814043808	0.800148201338827	0.000204197442182712	38.0014402043619	0.999869409544819
27.625	35.5	0.998973564328776	0.800146398022172	0.000190358664506774	37.8014276050881	0.999887092076165
27.875	35.5	0.999113996621191	0.800144443451344	0.000177138843403447	37.6014121767251	0.999902539628331
28.125	35.5	0.999236415128745	0.800142361271647	0.000164520047497791	37.4013943744889	0.999916005664162
28.375	35.5	0.999342907849986	0.800140172748471	0.000152483799500488	37.2013745997406	0.999927719863498
28.625	35.5	0.999435359465904	0.800137896976867	0.000141011243663149	37.0013532051724	0.99993788954125
28.875	35.5	0.999515464720333	0.800135551072997	0.000130083292174424	36.8013304996544	0.999946701119237
29.125	35.5	0.999584742003207	0.800133150349154	0.000119680752994673	36.6013067527361	0.999954321620353
29.375	35.5	0.999644546898539	0.800130708473775	0.000109784441226961	36.4012821988073	0.999960900158839
29.625	35.5	0.999696085501771	0.800128237617899	0.000100375275730763	36.2012570409246	0.999966569405195
29.875	35.5	0.999740427349248	0.800125748589262	9.14343625780093e-05	36.0012314543124	0.999971447008417
30.125	35.5	0.999778517836534	0.80012325095554	8.29430666838906e-05	35.8012055895535	0.999975636962019
30.375	35.5	0.999811190032338	0.800120753157084	7.48830727161292e-05	35.6011795754819	0.999979230903557
30.625	35.5	0.999839175821037	0.800118262610578	6.72364364219592e-05	35.4011535217971	0.999982309340314
30.875	35.5	0.99986311632973	0.800115785804285	5.99856272091854e-05	35.2011275214152	0.99998494279627
31.125	35.5	0.999883571615272	0.800113328385298	5.31135629165966e-05	35.0011016525758	0.99998719287768
31.375	35.5	0.999901029603471	0.800110895239809	4.6603637516447e-05	34.8010759807238	0.999989113256382
31.625	35.5	0.999915914286322	0.800108490566913	4.04397424895554e-05	34.6010505601825	0.999990750571495
31.875	35.5	0.999928593194451	0.800106117946127	3.46062825544067e-05	34.4010254356379	0.99999214525139
32.125	35.5	0.999939384170785	0.800103780399394	2.90881863293433e-05	34.201000643449	0.999993332258786
32.375	35.5	0.999948561478399	0.800101480448048	2.38709125782643e-05	34.000976212803	0.999994341762624
32.625	35.5	0.999956361280186	0.800099220164778	1.89404525212048e-05	33.8009521667283	0.999995199740821
32.875	35.5	0.999962986531621	0.800097001221364	1.42833287480268e-05	33.6009285229824	0.999995928518478
33.125	35.5	0.999968611329521	0.800094824932084	9.8865911954121e-06	33.4009052948266	0.999996547246247
33.375	35.5	0.999973384760637	0.800092692293408	5.73781056603661e-06	33.2008824916994	0.99999707232367
33.625	35.5	0.999977434293558	0.800090604020313	1.82506968223755e-06	33.0008601198027	0.999997517772291
33.875	35.5	0.999980868756496	0.800088560579013	-1.86304698913723e-06	32.8008381826081	0.999997895563215
34.125	35.5	0.999983780941778	0.800086562216866	-5.33746523582915e-06	32.6008166812953	0.999998215903596
34.375	35.5	0.999986249875946	0.800084608989562	-8.60863413226151e-06	32.4007956151285	0.999998487486354
34.625	35.5	0.999988342791759	0.800082700785529	-1.16865400533217e-05	32.2007749817817	0.999998717707093
34.875	35.5	0.999990116836055	0.800080837347939	-1.45807212623388e-05	32.0007547776164	0.999998912851966
35.125	35.5	0.999991620544468	0.800079018294887	-1.73002830347583e-05	31.8007349979201	0.999999078259892
35.375	35.5	0.999992895111429	0.800077243137125	-1.98539130767074e-05	31.6007156371094	0.999999218462257
35.625	35.5	0.999993975481134	0.800075511294186	-2.22498970443672e-05	31.4006966889034	0.999999337302925
35.875	35.5	0.999994891282584	0.800073822108766	-2.44961341208892e-05	31.2006781464714	0.999999438041084
36.125	35.5	0.999995667629278	0.800072174859599	-2.6600152491441e-05	31.0006600025574	0.999999523439221
36.375	35.5	0.999996325801874	0.800070568772843	-2.85691246017587e-05	30.8006422495858	0.999999595838206
36.625	35.5	0.999996883829969	0.800069003032287	-3.04098821994994e-05	30.6006248797512	0.999999657221297
36.875	35.5	0.999997356987167	0.800067476788374	-3.2128931022644e-05	30.4006078850928	0.999999709268588
37.125	35.5	0.999997758211799	0.800065989166035	-3.37324651248969e-05	30.2005912575578	0.999999753403298
37.375	35.5	0.999998098464081	0.800064539271805	-3.52263807911793e-05	30.0005749890536	0.999999790831049
37.625	35.5	0.999998387029038	0.800063126199874	-3.66162900352385e-05	29.8005590714918	0.999999822573194
37.875	35.5	0.999998631773209	0.800061749037503	-3.79075335962979e-05	29.6005434968241	0.999999849495053
38.125	35.5	0.999998839362093	0.800060406869633	-3.91051935194049e-05	29.4005282570723	0.99999987232983
38.375	35.5	0.999999015444252	0.800059098782946	-4.02141052319866e-05	29.2005133443523	0.999999891698868
38.625	35.5	0.999999164807105	0.800057823869321	-4.12388691411029e-05	29.000498750894	0.999999908128782
38.875	35.5	0.999999291508789	0.800056581228823	-4.21838617735052e-05	28.8004844690568	0.999999922065967
39.125	35.5	0.999999398989723	0.800055369972213	-4.30532464315614e-05	28.6004704913419	0.99999993388887
39.375	35.5	0.999999490167032	0.800054189223121	-4.3850983396801e-05	28.4004568104018	0.999999943918374
39.625	35.5	0.999999567514424	0.800053038119712	-4.45808396704416e-05	28.2004434190477	0.999999952426587
39.875	35.5	0.999999633129833	0.800051915816284	-4.52463983055157e-05	28.0004303102542	0.999999959644282
40.125	35.5	0.999999688792673	0.800050821484345	-4.58510672770357e-05	27.8004174771628	0.999999965767194
40.375	35.5	0.999999736012313	0.800049754313627	-4.63980879666309e-05	27.6004049130842	0.999999970961354
40.625	35.5	0.999999776069143	0.800048713512764	-4.6890543231122e-05	27.4003926114987	0.999999975367606
40.875	35.5	0.999999810049369	0.800047698309843	-4.73313651299366e-05	27.2003805660562	0.999999979105431
41.125	35.5	0.999999838874489	0.800046707952811	-4.77233422217146e-05	27.0003687705751	0.999999982276194
41.375	35.5	0.999999863326303	0.800045741709689	-4.80691265751527e-05	26.8003572190409	0.999999984965893
41.625	35.5	0.999999884068081	0.800044798868632	-4.83712404009561e-05	26.6003459056037	0.999999987247489
41.875	35.5	0.999999901662549	0.800043878738015	-4.86320823812638e-05	26.4003348245755	0.99999998918288
42.125	35.5	0.999999916587115	0.800042980646326	-4.88539336909491e-05	26.2003239704275	0.999999990824583
42.375	35.5	0.99999992924681	0.80004210394192	-4.90389637096768e-05	26.0003133377866	0.999999992217149
42.625	35.5	0.99999993998525	0.800041247992914	-4.91892354875715e-05	25.8003029214318	0.999999993398377
42.875	35.5	0.999999949093947	0.800040412186768	-4.93067109108708e-05	25.6002927162909	0.999999994400334
43.125	35.5	0.999999956820199	0.800039595930085	-4.93932556311384e-05	25.4002827174364	0.999999995250222
43.375	35.5	0.999999963373795	0.800038798648096	-4.94506437587231e-05	25.2002729200819	0.999999995971117
43.625	35.5	0.999999968932697	0.800038019784383	-4.94805623023014e-05	25.000263319578	0.999999996582597
43.875	35.5	0.999999973647866	0.800037258800355	-4.94846154194779e-05	24.8002539114087	0.999999997101265
44.125	35.5	0.999999977647363	0.800036515174905	-4.94643284419832e-05	24.6002446911873	0.99999999754121
44.375	35.5	0.999999981039811	0.800035788403824	-4.94211516988946e-05	24.4002356546526	0.999999997914379
44.625	35.5	0.99999998391735	0.800035077999392	-4.93564641760615e-05	24.2002267976653	0.999999998230908
44.875	35.5	0.999999986358133	0.800034383489979	-4.92715769645354e-05	24.0002181162041	0.999999998499395
45.125	35.5	0.999999988428458	0.800033704419419	-4.91677365676162e-05	23.8002096063619	0.99999999872713
45.375	35.5	0.999999990184551	0.800033040346629	-4.9046128024878e-05	23.6002012643426	0.999999998920301
45.625	35.5	0.999999991674109	0.800032390845108	-4.89078778985897e-05	23.4001930864573	0.999999999084152
45.875	35.5	0.999999992937588	0.80003175550244	-4.87540571086864e-05	23.2001850691209	0.999999999223135
46.125	35.5	0.999999994009304	0.80003113391989	-4.85856836211844e-05	23.000177208849	0.999999999341023
46.375	35.5	0.999999994918363	0.800030525711877	-4.84037250225533e-05	22.8001695022544	0.99999999944102
46.625	35.5	0.999999995689453	0.800029930505532	-4.82091009475387e-05	22.6001619460441	0.99999999952584
46.875	35.5	0.999999996343513	0.80002934794029	-4.80026854105209e-05	22.4001545370163	0.999999999597787
47.125	35.5	0.999999996898309	0.800028777667459	-4.77853090036493e-05	22.2001472720573	0.999999999658814
47.375	35.5	0.999999997368904	0.800028219349732	-4.75577610044181e-05	22.000140148139	0.999999999710579
47.625	35.5	0.999999997768077	0.800027672660888	-4.73207913677831e-05	21.8001331623157	0.999999999754488
47.875	35.5	0.999999998106666	0.80002713728525	-4.70751126246264e-05	21.6001263117217	0.999999999791733
48.125	35.5	0.99999999839387	0.800026612917458	-4.68214017005748e-05	21.4001195935687	0.999999999823326
48.375	35.5	0.999999998637484	0.800026099261975	-4.65603016287841e-05	21.2001130051433	0.999999999850123
48.625	35.5	0.999999998844126	0.80002559603274	-4.62924231813723e-05	21.0001065438047	0.999999999872854
48.875	35.5	0.999999999019409	0.800025102952897	-4.60183464544735e-05	20.8001002069821	0.999999999892135
49.125	35.5	0.999999999168087	0.800024619754368	-4.57386223157313e-05	20.6000939921729	0.99999999990849
49.375	35.5	0.999999999294203	0.800024146177536	-4.54537738397924e-05	20.4000878969402	0.999999999922362
49.625	35.5	0.999999999401177	0.800023681970994	-4.51642976441818e-05	20.200081918911	0.999999999934129
49.875	35.5	0.999999999491916	0.800023226891157	-4.48706651699146e-05	20.000076055774	0.999999999944111
50.125	35.5	0.999999999568883	0.800022780702034	-4.45733238973613e-05	19.8000703052778	0.999999999952577
50.375	35.5	0.999999999634169	0.800022343174901	-4.42726985065826e-05	19.6000646652291	0.999999999959759
50.625	35.5	0.999999999689548	0.800021914088087	-4.39691919776532e-05	19.4000591334905	0.99999999996585
50.875	35.5	0.999999999736523	0.800021493226602	-4.36631866444205e-05	19.2000537079797	0.999999999971018
51.125	35.5	0.999999999776369	0.800021080382019	-4.33550451940532e-05	19.0000483866667	0.999999999975401
51.375	35.5	0.999999999810166	0.800020675352128	-4.30451116124154e-05	18.8000431675733	0.999999999979118
51.625	35.5	0.999999999838835	0.800020277940791	-4.27337121051172e-05	18.6000380487706	0.999999999982272
51.875	35.5	0.999999999863153	0.800019887957615	-4.2421155939694e-05	18.4000330283783	0.999999999984947
52.125	35.5	0.999999999883779	0.800019505217866	-4.21077362861118e-05	18.2000281045628	0.999999999987216
52.375	35.5	0.999999999901276	0.800019129542095	-4.17937309969144e-05	18.0000232755362	0.99999999998914
52.625	35.5	0.999999999916117	0.80001876075613	-4.14794033378314e-05	17.8000185395545	0.999999999990773
52.875	35.5	0.999999999928704	0.800018398690766	-4.11650027189228e-05	17.6000138949167	0.999999999992157
53.125	35.5	0.999999999939383	0.800018043181563	-4.08507653516499e-05	17.4000093399636	0.999999999993332
53.375	35.5	0.99999999994844	0.80001769406878	-4.05369149047134e-05	17.2000048730764	0.999999999994328
53.625	35.5	0.999999999956122	0.800017351197117	-4.02236631152268e-05	17.0000004926758	0.999999999995173
53.875	35.5	0.999999999962641	0.800017014415579	-3.99112103701237e-05	16.7999961972204	0.999999999995891
54.125	35.5	0.999999999968168	0.800016683577317	-3.95997462655307e-05	16.5999919852066	0.999999999996498
54.375	35.5	0.999999999972858	0.800016358539499	-3.92894501372575e-05	16.3999878551664	0.999999999997014
54.625	35.5	0.999999999976836	0.800016039163154	-3.89804915584471e-05	16.1999838056674	0.999999999997452
54.875	35.5	0.999999999980208	0.800015725313003	-3.86730308344964e-05	15.9999798353113	0.999999999997823
55.125	35.5	0.999999999983069	0.800015416857405	-3.8367219449904e-05	15.7999759427333	0.999999999998138
55.375	35.5	0.999999999985495	0.800015113668151	-3.80632005120219e-05	15.599972126601	0.999999999998404
55.625	35.5	0.999999999987554	0.800014815620365	-3.77611091640342e-05	15.3999683856135	0.999999999998631
55.875	35.5	0.999999999989301	0.800014522592418	-3.74610729787468e-05	15.1999647185008	0.999999999998823
56.125	35.5	0.999999999990783	0.800014234465779	-3.71632123390391e-05	14.9999611240231	0.999999999998986
56.375	35.5	0.999999999992039	0.800013951124926	-3.68676408086295e-05	14.7999576009694	0.999999999999124
56.625	35.5	0.999999999993106	0.800013672457216	-3.65744654522904e-05	14.5999541481577	0.999999999999242
56.875	35.5	0.99999999999401	0.800013398352836	-3.62837871834549e-05	14.3999507644336	0.999999999999341
57.125	35.5	0.999999999994777	0.800013128704652	-3.59957010643827e-05	14.1999474486696	0.999999999999425
57.375	35.5	0.999999999995427	0.800012863408135	-3.57102966076053e-05	13.999944199765	0.999999999999497
57.625	35.5	0.999999999995978	0.800012602361277	-3.54276580578518e-05	13.7999410166447	0.999999999999558
57.875	35.5	0.999999999996446	0.800012345464529	-3.5147864660629e-05	13.5999378982589	0.999999999999609
58.125	35.5	0.999999999996844	0.800012092620634	-3.48709909211308e-05	13.3999348435823	0.999999999999653
58.375	35.5	0.999999999997181	0.800011843734654	-3.45971068434302e-05	13.1999318516137	0.99999999999969
58.625	35.5	0.999999999997468	0.800011598713812	-3.43262781742327e-05	12.9999289213752	0.999999999999721
58.875	35.5	0.999999999997711	0.800011357467458	-3.40585666152893e-05	12.799926051912	0.999999999999748
59.125	35.5	0.999999999997916	0.800011119906976	-3.37940300344933e-05	12.5999232422917	0.999999999999771
59.375	35.5	0.99999999999809	0.800010885945727	-3.35327226787973e-05	12.3999204916037	0.99999999999979
59.625	35.5	0.999999999998239	0.800010655498974	-3.32746953521631e-05	12.1999177989589	0.999999999999806
59.875	35.5	0.999999999998365	0.800010428483821	-3.30199956099477e-05	11.9999151634891	0.99999999999982
60.125	35.5	0.999999999998473	0.800010204819149	-3.27686679276188e-05	11.7999125843465	0.999999999999832
60.375	35.5	0.999999999998563	0.800009984425552	-3.25207538650101e-05	11.5999100607037	0.999999999999842
60.625	35.5	0.99999999999864	0.800009767225267	-3.22762922295885e-05	11.3999075917525	0.99999999999985
60.875	35.5	0.999999999998705	0.800009553142151	-3.20353192234022e-05	11.1999051767042	0.999999999999858
61.125	35.5	0.99999999999876	0.800009342101585	-3.17978685856202e-05	10.9999028147889	0.999999999999864
61.375	35.5	0.999999999998807	0.800009134030451	-3.15639717335649e-05	10.7999005052551	0.999999999999869
61.625	35.5	0.999999999998847	0.800008928857044	-3.13336578865206e-05	10.5998982473696	0.999999999999873
61.875	35.5	0.999999999998881	0.800008726511074	-3.11069541917292e-05	10.3998960404167	0.999999999999877
62.125	35.5	0.999999999998912	0.800008526923562	-3.0883885844886e-05	10.1998938836982	0.99999999999988
62.375	35.5	0.999999999998937	0.800008330026818	-3.06644761943592e-05	9.99989177653291	0.999999999999883
62.625	35.5	0.999999999998957	0.800008135754416	-3.04487468548344e-05	9.79988971825657	0.999999999999885
62.875	35.5	0.99999999999897	0.800007944041093	-3.02367178048968e-05	9.59988770822124	0.999999999999887
63.125	35.5	0.999999999998974	0.800007754822755	-3.00284074781669e-05	9.39988574579519	0.999999999999887
63.375	35.5	0.999999999998971	0.800007568036423	-2.98238328664243e-05	9.19988383036256	0.999999999999887
63.625	35.5	0.999999999998965	0.800007383620178	-2.96230095947329e-05	8.9998819613231	0.999999999999886
63.875	35.5	0.999999999998963	0.800007201513113	-2.9425952003488e-05	8.79988013809191	0.999999999999886
64.125	35.5	0.99999999999898	0.80000702165533	-2.92326732360561e-05	8.59987836009921	0.999999999999888
64.375	35.5	0.999999999999031	0.800006843987881	-2.90431853021477e-05	8.39987662679002	0.999999999999893
64.625	35.5	0.99999999999912	0.800006668452708	-2.88574991513203e-05	8.19987493762404	0.999999999999903
64.875	35.5	0.999999999999232	0.80000649499267	-2.86756247405255e-05	7.99987329207533	0.999999999999916
65.125	35.5	0.999999999999326	0.800006323551419	-2.8497571094625e-05	7.79987168963214	0.999999999999926
65.375	35.5	0.999999999999329	0.800006154073452	-2.83233463674622e-05	7.59987012979671	0.999999999999926
65.625	35.5	0.999999999999159	0.800005986504027	-2.81529578934817e-05	7.39986861208506	0.999999999999908
65.875	35.5	0.999999999998765	0.800005820789148	-2.79864122462016e-05	7.19986713602678	0.999999999999864
66.125	35.5	0.999999999998175	0.80000565687553	-2.78237152821733e-05	6.99986570116489	0.999999999999799
66.375	35.5	0.999999999997558	0.800005494710569	-2.76648721930786e-05	6.79986430705564	0.999999999999731
66.625	35.5	0.999999999997225	0.80000533424231	-2.75098875471908e-05	6.59986295326832	0.999999999999695
66.875	35.5	0.999999999997566	0.80000517541942	-2.73587653333912e-05	6.39986163938514	0.999999999999732
67.125	35.5	0.999999999998886	0.800005018191161	-2.7211508999833e-05	6.19986036500106	0.999999999999877
67.375	35.5	1.00000000000118	0.80000486250736	-2.70681214925891e-05	5.99985912972363	1.00000000000013
67.625	35.5	1.00000000000397	0.800004708318404	-2.69286052877624e-05	5.79985793317288	1.00000000000044
67.875	35.5	1.00000000000626	0.800004555575191	-2.67929624221979e-05	5.59985677498121	1.00000000000069
68.125	35.5	1.00000000000697	0.800004404229125	-2.6661194520238e-05	5.39985565479323	1.00000000000077
68.375	35.5	1.00000000000552	0.800004254232077	-2.65333028113718e-05	5.19985457226568	1.00000000000061
68.625	35.5	1.00000000000256	0.800004105536364	-2.6409288158515e-05	4.99985352706727	1.00000000000028
68.875	35.5	0.999999999999925	0.800003958094672	-2.62891510763754e-05	4.79985251887855	0.999999999999992
69.125	35.5	0.999999999999258	0.80000381186007	-2.61728917697123e-05	4.59985154739178	0.999999999999918
69.375	35.5	0.999999999998648	0.800003666785978	-2.60605101835118e-05	4.39985061231092	0.999999999999851
69.625	35.5	0.99999999998846	0.800003522826234	-2.59520060738566e-05	4.1998497133516	0.999999999998731
69.875	35.5	0.999999999949386	0.800003379935194	-2.584737907766e-05	3.99984885024128	0.999999999994432
70.125	35.5	0.999999999858301	0.800003238067834	-2.57466287623758e-05	3.79984802271926	0.999999999984413
70.375	35.5	0.999999999707973	0.800003097179791	-2.5649754593806e-05	3.59984723053653	0.999999999967877
70.625	35.5	0.999999999542671	0.800002957227135	-2.55567557678294e-05	3.39984647345488	0.999999999949694
70.875	35.5	0.999999999500454	0.800002818165746	-2.54676308729408e-05	3.19984575124531	0.99999999994505
71.125	35.5	0.999999999834239	0.800002679950219	-2.53823774239977e-05	2.99984506368561	0.999999999981766
71.375	35.5	1.00000000086327	0.800002542532638	-2.53009914712064e-05	2.79984441055833	1.00000000009496
71.625	35.5	1.00000000279836	0.800002405861869	-2.52234676637462e-05	2.59984379165118	1.00000000030782
71.875	35.5	1.00000000541055	0.800002269884759	-2.51498002882717e-05	2.399843206763	1.00000000059516
72.125	35.5	1.00000000759737	0.800002134550637	-2.50799857453306e-05	2.19984265571814	1.00000000083571
72.375	35.5	1.00000000705258	0.800001999819951	-2.50140264223584e-05	1.99984213838928	1.00000000077578
72.625	35.5	1.00000000043283	0.800001865675626	-2.49519348713749e-05	1.79984165472203	1.00000000004761
72.875	35.5	0.99999998454124	0.800001732132106	-2.48937355960327e-05	1.5998412047447	0.999999998299536
73.125	35.5	0.99999995894105	0.800001599232223	-2.48394601840814e-05	1.39984078853634	0.999999995483515
73.375	35.5	0.999999929860645	0.800001467019037	-2.47891310888827e-05	1.19984040612306	0.999999992284671
73.625	35.5	0.999999914110214	0.800001335472241	-2.47427318664447e-05	0.999840057288318	0.999999990552124
73.875	35.5	0.999999940113489	0.800001204411973	-2.47001688521136e-05	0.799839741328735	0.999999993412484
74.125	35.5	1.0000000416682	0.800001073400382	-2.46612416948645e-05	0.599839456867051	1.0000000045835
74.375	35.5	1.00000023993837	0.80000094168145	-2.46256552368354e-05	0.399839201931698	1.00000002639322
74.625	35.5	1.00000051223359	0.800000729512493	-2.45931171357732e-05	0.199838974592255	1.00000005634569
74.875	35.5	1.00000075401288	0.400000904304006	-2.45696171928717e-05	-0.00016118613780503	1.00000008294142
0.125	36.5	3.55029551945836e-07	0.400001790483241	-0.000266272254146225	58.5922248592742	0.890000039053251
0.375	36.5	-4.49866236982036e-06	0.800005630198255	-0.000267404121607837	58.4142240546982	0.889999505147139
0.625	36.5	-1.52172160075441e-05	0.800009456796581	-0.000269671202351831	58.2362225517778	0.889998326106239
0.875	36.5	-3.25833564070464e-05	0.800013199634228	-0.000273076169923449	58.0582205159881	0.889996415830795
1.125	36.5	-5.62601220072131e-05	0.800016876954014	-0.000277621750224987	57.8802181116305	0.889993811386579
1.375	36.5	-8.39448144933263e-05	0.800020475951453	-0.000283310060773885	57.7022154812393	0.889990766070406
1.625	36.5	-0.000110565896582635	0.800023981063155	-0.000290141386405014	57.5242126934961	0.889987837751376
1.875	36.5	-0.000127593364515751	0.800027371648699	-0.000298112574002793	57.3462096747087	0.889985964729903
2.125	36.5	-0.000122560167869619	0.800030619797351	-0.000307215100814563	57.1682061274094	0.889986518381534
2.375	36.5	-7.88902418297606e-05	0.800033688807125	-0.000317432915614188	56.9902014417491	0.889991322073399
2.625	36.5	2.38946293238367e-05	0.800036532736195	-0.000328740188733775	56.812194607203	0.890002628409226
2.875	36.5	0.000209555579922731	0.800039097261712	-0.000341099130082854	56.6341841332653	0.890023051113792
3.125	36.5	0.000504118882516774	0.800041321895431	-0.000354458037969317	56.4561679880206	0.890055453077077
3.375	36.5	0.00093452205047464	0.800043143423277	-0.000368749725110285	56.27814356264	0.890102797425552
3.625	36.5	0.00152702878730545	0.800044500281342	-0.000383890432297665	56.1001076680037	0.890167973166604
3.875	36.5	0.00230554807275026	0.80004533747966	-0.000399779287810984	55.9220565670046	0.890253610288003
4.125	36.5	0.0032900067651945	0.800045611649187	-0.000416298307956476	55.7439860429545	0.890361900744171
4.375	36.5	0.00449492147636832	0.800045295814737	-0.000433312865942046	55.5658915012625	0.890494441362401
4.625	36.5	0.00592829519628969	0.800044383582842	-0.000450672489917332	55.3877680985664	0.890652112471592
4.875	36.5	0.00759093042057505	0.800042892559885	-0.000468211791914735	55.2096108911001	0.890835002346263
5.125	36.5	0.00947620812484123	0.800040866969116	-0.000485751283388702	55.0314149925227	0.891042382893732
5.375	36.5	0.0115703365189911	0.800038379594495	-0.000503097806476338	54.853175730833	0.891272737017089
5.625	36.5	0.0138530310429699	0.800035533330588	-0.000520044305928534	54.6748887943634	0.891523833414727
5.875	36.5	0.0162985531096348	0.800032462735656	-0.000536368689841119	54.4965503580518	0.89179284084206
6.125	36.5	0.0188770142040215	0.800029336055662	-0.000551831576199526	54.3181571829988	0.892076471562442
6.375	36.5	0.021555846960156	0.800026358189269	-0.000566172795505359	54.1397066844137	0.892371143165617
6.625	36.5	0.024301356328276	0.800023774988776	-0.000579106610407874	53.9611969650778	0.89267314919611
6.875	36.5	0.027080289871446	0.800021879143673	-0.000590315715180323	53.7826268130767	0.892978831885859
7.125	36.5	0.0298614020027528	0.800021017687002	-0.000599444184699414	53.6039956635054	0.893284754220303
7.375	36.5	0.0326170260671404	0.800021600930208	-0.000606089653660024	53.4253035239865	0.893587872867386
7.625	36.5	0.0353247032619424	0.800024112410715	-0.000609795128425414	53.2465508631809	0.893885717358814
7.875	36.5	0.0379689418856983	0.800029119265443	-0.000610040982664004	53.0677384601598	0.894176583607427
8.125	36.5	0.0405431900956296	0.800037282347462	-0.000606237889435185	52.8888672108415	0.894459750910519
8.375	36.5	0.0430520998269905	0.800049365392257	-0.000597721732536211	52.7099378860017	0.894735730980969
8.625	36.5	0.0455141429846301	0.800066242577436	-0.000583751960407455	52.5309508339441	0.895006555728309
8.875	36.5	0.0479646221977485	0.800088903847008	-0.000563515442288868	52.3519056199246	0.895276108441752
9.125	36.5	0.0504591094571254	0.800118457276392	-0.000536138703892931	52.1728005938066	0.895550502040284
9.375	36.5	0.0530773600763048	0.800156127393995	-0.000500712495155671	51.9936323768556	0.895838509608394
9.625	36.5	0.0559277976805013	0.800203247574874	-0.000456333987583492	51.8143952574806	0.896152057744855
9.875	36.5	0.0591527527837615	0.8002612431679	-0.000402173471628151	51.6350804833742	0.896506802806214
10.125	36.5	0.0629347550569772	0.800331599673971	-0.000337574058058973	51.4556754332017	0.896922823056267
10.375	36.5	0.0675042992016687	0.800415806804089	-0.00026219417498622	51.2761626444755	0.897425472912184
10.625	36.5	0.0731495655638063	0.800515264371902	-0.000176202727697571	51.0965186662091	0.898046452212019
10.875	36.5	0.0802284675949728	0.800631129686449	-8.05340119128164e-05	50.9167126979008	0.898825131435447
11.125	36.5	0.0891829324554488	0.800764079000951	2.27989848579188e-05	50.7367049760033	0.899810122570099
11.375	36.5	0.10055421349537	0.800913949926918	0.000130352708353961	50.5564448858424	0.901060963484491
11.625	36.5	0.114995905456835	0.801079233509115	0.000236916275769276	50.3758688282873	0.902649549600252
11.875	36.5	0.133277814520784	0.801256406615452	0.000335297026605474	50.1948979811599	0.904660559597286
12.125	36.5	0.156268893706014	0.801439159610671	0.000416405377042515	50.0134362936699	0.907189578307662
12.375	36.5	0.184882132717294	0.801617708214082	0.000469878907243146	49.8313693545133	0.910337034598902
12.625	36.5	0.219961875996431	0.801778588522434	0.000485483898830999	49.6485651499569	0.914195806359607
12.875	36.5	0.262100989939883	0.801905542350325	0.00045537317572597	49.4648780428602	0.918831108893387
13.125	36.5	0.311399723206929	0.801982066155842	0.000376883921598723	49.2801572705784	0.924253969552762
13.375	36.5	0.367222398280548	0.801995570015431	0.000254991936695968	49.0942604887562	0.93039446381086
13.625	36.5	0.428055788411637	0.801941812790762	0.000103136392294209	48.9070711513793	0.93708613672528
13.875	36.5	0.491582987827279	0.80182717221736	-5.85962176282615e-05	48.7185162111147	0.944074128661001
14.125	36.5	0.555018228356777	0.801666854832187	-0.000207790404999423	48.5285790068765	0.951052005119245
14.375	36.5	0.615616319247948	0.801479689616049	-0.000324964571543157	48.3373027762223	0.957717795117274
14.625	36.5	0.671165111441274	0.801282564315238	-0.000397631756462021	48.1447833262611	0.96382816225854
14.875	36.5	0.720280237950346	0.801087384975114	-0.000421762445111435	47.9511534254846	0.969230826174538
15.125	36.5	0.762438616996646	0.800901081630349	-0.000400696211406124	47.7565640322411	0.973868247869631
15.375	36.5	0.797813063293359	0.800727231167012	-0.000342596974121459	47.5611673589106	0.97775943696227
15.625	36.5	0.827024617747441	0.800567703373932	-0.000257708480376629	47.3651047288556	0.980972707952218
15.875	36.5	0.850909598045489	0.800423619840516	-0.000156216096066939	47.1684998249388	0.983600055785004
16.125	36.5	0.870349043035485	0.800295684735985	-4.69651290941314e-05	46.9714563702587	0.985738394733903
16.375	36.5	0.886166907953658	0.800184204277004	6.30767020755988e-05	46.7740587331127	0.987478359874902
16.625	36.5	0.899082444793392	0.800089043467757	0.000168857499409749	46.5763740774055	0.988899068927273
16.875	36.5	0.909697446597729	0.800009628666433	0.000267012684014598	46.3784550780053	0.99006671912575
17.125	36.5	0.918502275677802	0.79994500993435	0.000355535334057835	46.1803426232082	0.991035250324558
17.375	36.5	0.925889924716324	0.799893959586085	0.000433442208486248	45.9820682263857	0.991847891718796
17.625	36.5	0.932171988684635	0.799855079543262	0.000500481607121629	45.783656054464	0.99253891875531
17.875	36.5	0.937593596979996	0.799826898672362	0.00055689821245061	45.5851245784425	0.9931352956678
18.125	36.5	0.942346218094077	0.799807951002212	0.000603253888981281	45.3864878926776	0.993658083990348
18.375	36.5	0.946578199385838	0.799796832694969	0.00064029653817505	45.1877567603269	0.994123601932442
18.625	36.5	0.950403305808267	0.799792239561966	0.000668867298146856	44.9889394385714	0.994544363638909
18.875	36.5	0.953907631036455	0.79979298859664	0.000689836960144	44.7900423283172	0.99492983941401
19.125	36.5	0.957155230378746	0.799798027336458	0.000704063949652391	44.5910704836758	0.995287075341662
19.375	36.5	0.960192754219057	0.799806434534599	0.000712367844915209	44.3920280085296	0.995621202964096
19.625	36.5	0.963053286287006	0.79981741502403	0.000715513862255573	44.1929183613884	0.995935861491571
19.875	36.5	0.965759530244476	0.799830291010715	0.000714204926733032	43.9937445853524	0.996233548326892
20.125	36.5	0.968326445161803	0.799844491448093	0.000709078869892456	43.7945094769081	0.996515908967798
20.375	36.5	0.970763403559684	0.799859540654259	0.000700708991785651	43.5952157050936	0.996783974391565
20.625	36.5	0.9730759307311	0.799875046949556	0.000689606739044724	43.3958658909186	0.997038352380421
20.875	36.5	0.975267076752542	0.799890691803886	0.000676225626584023	43.1964626555872	0.99727937844278
21.125	36.5	0.977338469384353	0.79990621977242	0.000660965802819244	42.9970086448996	0.997507231632279
21.375	36.5	0.979291094398044	0.799921429356862	0.000644178854147174	42.7975065361143	0.997722020383785
21.625	36.5	0.981125848189055	0.799936164832645	0.000626172583632867	42.5979590325281	0.997923843300796
21.875	36.5	0.982843905069709	0.799950309023372	0.000607215597421029	42.3983688500627	0.998112829557668
22.125	36.5	0.984446938189036	0.799963776970823	0.000587541600896749	42.1987386992559	0.998289163200794
22.375	36.5	0.985937228739567	0.799976510429701	0.000567353353768477	41.9990712652605	0.998453095161352
22.625	36.5	0.987317693300318	0.799988473110661	0.00054682626489213	41.799369187757	0.998604946263035
22.875	36.5	0.988591854184403	0.799999646593936	0.000526111628265865	41.5996350421074	0.998745103960284
23.125	36.5	0.989763772825346	0.800010026839123	0.000505339514874788	41.3998713226012	0.998874015010788
23.375	36.5	0.990837961788631	0.800019621221184	0.000484621342317617	41.2000804282748	0.998992175796749
23.625	36.5	0.99181928708601	0.800028446028727	0.000464052148572084	41.0002646515046	0.999100121579461
23.875	36.5	0.992712869171828	0.800036524365365	0.000443712597434347	40.8004261693721	0.999198415608901
24.125	36.5	0.993523988320557	0.800043884401655	0.000423670743253532	40.6005670376607	0.999287638715261
24.375	36.5	0.994257997984315	0.800050557929237	0.000403983581470188	40.4006891872588	0.999368379778275
24.625	36.5	0.994920248142203	0.800056579175052	0.000384698409760114	40.2007944226935	0.999441227295642
24.875	36.5	0.995516019500083	0.800061983836999	0.00036585402251182	40.0008844225015	0.999506762145009
25.125	36.5	0.996050468598039	0.800066808307905	0.000347481759278253	39.8009607411435	0.999565551545784
25.375	36.5	0.996528583356079	0.800071089057917	0.00032960642575763	39.601024812181	0.999618144169169
25.625	36.5	0.996955148268437	0.800074862149923	0.000312247103496995	39.4010779524582	0.999665066309528
25.875	36.5	0.99733471828689	0.800078162865209	0.000295417862943493	39.2011213670566	0.999706819011558
26.125	36.5	0.997671600367399	0.80008102542102	0.000279128392306868	39.0011561548155	0.999743876040414
26.375	36.5	0.997969841657645	0.800083482762513	0.000263384553275265	38.8011833142418	0.999776682582341
26.625	36.5	0.998233223349321	0.800085566416403	0.000248188873034971	38.6012037496575	0.999805654568425
26.875	36.5	0.99846525928961	0.800087306393948	0.0002335409808046	38.4012182774547	0.999831178521857
27.125	36.5	0.998669198528654	0.800088731133453	0.000219437995835745	38.2012276323541	0.999853611838152
27.375	36.5	0.998848031065784	0.800089867474838	0.000205874872962106	38.001232473579	0.999873283417236
27.625	36.5	0.999004496141346	0.800090740658741	0.000192844710741722	37.8012333908744	0.999890494575548
27.875	36.5	0.999141092500823	0.800091374345422	0.000180339026679859	37.6012309103175	0.99990552017509
28.125	36.5	0.999260090131689	0.800091790648255	0.000168348003150224	37.4012254998769	0.999918609914486
28.375	36.5	0.999363543041223	0.8000920101789	0.000156860707291912	37.2012175746906	0.999929989734535
28.625	36.5	0.999453302704742	0.80009205210042	0.000145865287622287	37.0012075020411	0.999939863297522
28.875	36.5	0.999531031869412	0.800091934186699	0.000135349149626307	36.8011956060148	0.999948413505635
29.125	36.5	0.999598218448672	0.800091672885481	0.000125299112546027	36.6011821718412	0.999955804029354
29.375	36.5	0.999656189287449	0.80009128338431	0.000115701548919246	36.4011674499095	0.999962180821619
29.625	36.5	0.999706123618698	0.800090779677441	0.000106542508666187	36.2011516594688	0.999967673598057
29.875	36.5	0.999749066067987	0.800090174633065	9.78078289357372e-05	36.00113499202	0.999972397267479
30.125	36.5	0.999785939094897	0.800089480060014	8.94832310487055e-05	35.8011176144098	0.999976453300439
30.375	36.5	0.999817554788508	0.800088706773606	8.15544056441062e-05	35.6010996716421	0.999979931026736
30.625	36.5	0.999844625959053	0.800087864659561	7.40070870468151e-05	35.4010812894202	0.999982908855496
30.875	36.5	0.999867776489456	0.800086962736154	6.68271178203684e-05	35.2010625764375	0.99998545541384
31.125	36.5	0.999887550928922	0.800086009214097	6.00005043382177e-05	35.0010436264343	0.999987630602181
31.375	36.5	0.999904423326264	0.800085011554206	5.35134642388046e-05	34.8010245200357	0.999989486565889
31.625	36.5	0.999918805313651	0.800083976522075	4.73524665085392e-05	34.6010053263906	0.999991068584502
31.875	36.5	0.999931053461774	0.800082910240484	4.15042648247731e-05	34.4009861046275	0.999992415880795
32.125	36.5	0.999941475935556	0.80008181823896	3.59559249606104e-05	34.2009669051428	0.999993562352911
32.375	36.5	0.999950338485886	0.800080705500557	3.069484675688e-05	34.0009477707393	0.999994537233447
32.625	36.5	0.99995786981696	0.800079576505962	2.57087812573071e-05	33.8009287376275	0.999995365679866
32.875	36.5	0.999964266371826	0.800078435275046	2.09858436001855e-05	33.6009098363053	0.999996069300901
33.125	36.5	0.999969696580205	0.800077285405347	1.65145220922443e-05	33.4008910923289	0.999996666623823
33.375	36.5	0.999974304612941	0.800076130108629	1.22836839845631e-05	33.2008725269857	0.999997173507423
33.625	36.5	0.999978213687037	0.800074972244546	8.28257831653954e-06	33.0008541578817	0.999997603505574
33.875	36.5	0.999981528963925	0.800073814351771	4.50083626842623e-06	32.8008359994522	0.999997968186032
34.125	36.5	0.999984340081751	0.800072658677418	9.28469347955064e-07	32.6008180634061	0.999998277408993
34.375	36.5	0.999986723360337	0.800071507203678	-2.44413428558364e-06	32.4008003591107	0.999998539569637
34.625	36.5	0.999988743714932	0.80007036167265	-5.62621501620342e-06	32.2007828939254	0.999998761808643
34.875	36.5	0.99999045631213	0.800069223609308	-8.62664828610916e-06	32.0007656734899	0.999998950194334
35.125	36.5	0.999991907998631	0.800068094342491	-1.14539521636192e-05	31.8007487019733	0.999999109879849
35.375	36.5	0.99999313853081	0.800066975023988	-1.41162957677844e-05	31.6007319822894	0.999999245238389
35.625	36.5	0.999994181630228	0.800065866646376	-1.66215083650164e-05	31.4007155162821	0.999999359979325
35.875	36.5	0.999995065887741	0.800064770059065	-1.89770889984951e-05	31.200699304885	0.999999457247652
36.125	36.5	0.999995815536346	0.800063685982953	-2.11902164778178e-05	31.0006833482589	0.999999539708998
36.375	36.5	0.999996451110614	0.800062615023939	-2.32677596454071e-05	30.8006676459108	0.999999609622168
36.625	36.5	0.999996990008438	0.800061557684971	-2.52162877787409e-05	30.6006521967949	0.999999668900928
36.875	36.5	0.999997446968891	0.800060514377184	-2.70420810872286e-05	30.4006369994011	0.999999719166578
37.125	36.5	0.999997834478216	0.800059485429936	-2.87511411785777e-05	30.2006220518296	0.999999761792604
37.375	36.5	0.999998163114396	0.800058471099806	-3.03492014706796e-05	30.0006073518559	0.999999797942584
37.625	36.5	0.999998441839332	0.800057471578902	-3.18417374725197e-05	29.8005928969866	0.999999828602327
37.875	36.5	0.999998678246455	0.80005648700218	-3.32339769146325e-05	29.6005786845068	0.99999985460711
38.125	36.5	0.99999887877042	0.800055517454184	-3.45309096671882e-05	29.4005647115214	0.999999876664746
38.375	36.5	0.999999048864636	0.800054562974983	-3.57372974420124e-05	29.2005509749901	0.99999989537511
38.625	36.5	0.999999193151528	0.800053623565704	-3.68576832475951e-05	29.0005374717577	0.999999911246668
38.875	36.5	0.999999315549701	0.800052699193218	-3.78964005583442e-05	28.8005241985802	0.999999924710467
39.125	36.5	0.99999941938155	0.80005178979462	-3.88575822449342e-05	28.6005111521464	0.99999993613197
39.375	36.5	0.999999507464324	0.800050895281127	-3.9745169189841e-05	28.4004983290973	0.999999945821076
39.625	36.5	0.999999582187205	0.800050015541457	-4.05629186270694e-05	28.2004857260424	0.999999954040593
39.875	36.5	0.999999645576558	0.80004915044506	-4.13144121825762e-05	28.0004733395733	0.999999961013421
40.125	36.5	0.999999699351184	0.800048299844853	-4.20030636371728e-05	27.8004611662754	0.99999996692863
40.375	36.5	0.999999744969097	0.800047463579636	-4.26321263847552e-05	27.6004492027381	0.999999971946601
40.625	36.5	0.999999783667177	0.800046641476449	-4.32047006145277e-05	27.4004374455635	0.99999997620339
40.875	36.5	0.999999816494745	0.800045833352337	-4.37237401935193e-05	27.200425891373	0.999999979814422
41.125	36.5	0.999999844342028	0.800045039016224	-4.41920593099421e-05	27.0004145368139	0.999999982877623
41.375	36.5	0.999999867964303	0.800044258270376	-4.46123388073609e-05	26.800403378564	0.999999985476073
41.625	36.5	0.999999888002355	0.800043490911808	-4.49871322664621e-05	26.6003924133363	0.999999987680259
41.875	36.5	0.999999904999833	0.800042736733415	-4.53188718606671e-05	26.4003816378819	0.999999989549982
42.125	36.5	0.999999919417965	0.800041995525042	-4.56098739155637e-05	26.2003710489933	0.999999991135976
42.375	36.5	0.999999931648053	0.800041267074515	-4.58623442637665e-05	26.0003606435064	0.999999992481286
42.625	36.5	0.99999994202206	0.800040551168263	-4.60783833611593e-05	25.8003504183027	0.999999993622427
42.875	36.5	0.999999950821618	0.800039847592117	-4.62599911667058e-05	25.6003403703103	0.999999994590378
43.125	36.5	0.99999995828564	0.800039156132005	-4.64090718251424e-05	25.4003304965051	0.99999999541142
43.375	36.5	0.999999964616798	0.800038476574326	-4.65274381186286e-05	25.200320793912	0.999999996107848
43.625	36.5	0.99999996998702	0.800037808706535	-4.66168157523866e-05	25.0003112596048	0.999999996698572
43.875	36.5	0.99999997454215	0.800037152317445	-4.66788474133376e-05	24.8003018907069	0.999999997199636
44.125	36.5	0.999999978405898	0.800036507197656	-4.67150966621037e-05	24.6002926843914	0.999999997624649
44.375	36.5	0.9999999816832	0.800035873139786	-4.67270516651042e-05	24.4002836378809	0.999999997985152
44.625	36.5	0.999999984463074	0.800035249938726	-4.67161287057425e-05	24.2002747484477	0.999999998290938
44.875	36.5	0.999999986821019	0.800034637391784	-4.66836756004817e-05	24.0002660134129	0.999999998550312
45.125	36.5	0.999999988821081	0.800034035299043	-4.66309749049741e-05	23.8002574301468	0.999999998770319
45.375	36.5	0.999999990517579	0.800033443463223	-4.65592470025688e-05	23.6002489960679	0.999999998956934
45.625	36.5	0.999999991956587	0.800032861690029	-4.64696530381123e-05	23.4002407086424	0.999999999115225
45.875	36.5	0.99999999317719	0.800032289788115	-4.63632977122564e-05	23.2002325653841	0.999999999249491
46.125	36.5	0.999999994212537	0.800031727569163	-4.62412319656731e-05	23.0002245638532	0.999999999363379
46.375	36.5	0.999999995090748	0.800031174847967	-4.61044555095482e-05	22.8002167016561	0.999999999459982
46.625	36.5	0.999999995835675	0.800030631442429	-4.59539192738509e-05	22.6002089764444	0.999999999541924
46.875	36.5	0.999999996467543	0.800030097173591	-4.57905276945516e-05	22.4002013859145	0.99999999961143
47.125	36.5	0.999999997003512	0.800029571865642	-4.56151409469154e-05	22.2001939278066	0.999999999670386
47.375	36.5	0.99999999745814	0.80002905534591	-4.54285770277415e-05	22.0001865999042	0.999999999720395
47.625	36.5	0.999999997843769	0.800028547444847	-4.52316137735083e-05	21.8001794000332	0.999999999762815
47.875	36.5	0.999999998170873	0.800028047996011	-4.50249907615773e-05	21.6001723260614	0.999999999798796
48.125	36.5	0.999999998448332	0.800027556836045	-4.48094111442248e-05	21.4001653758974	0.999999999829317
48.375	36.5	0.999999998683681	0.800027073804612	-4.45855433580221e-05	21.2001585474903	0.999999999855205
48.625	36.5	0.999999998883314	0.800026598744447	-4.43540228162044e-05	21.0001518388286	0.999999999877164
48.875	36.5	0.999999999052648	0.800026131501132	-4.41154534360188e-05	20.8001452479397	0.999999999895791
49.125	36.5	0.999999999196282	0.800025671923335	-4.38704091849183e-05	20.600138772889	0.999999999911591
49.375	36.5	0.999999999318116	0.80002521986243	-4.36194354869214e-05	20.4001324117795	0.999999999924993
49.625	36.5	0.999999999421462	0.80002477517276	-4.33630505884667e-05	20.2001261627506	0.999999999936361
49.875	36.5	0.999999999509125	0.800024337711369	-4.3101746857149e-05	20.000120023978	0.999999999946004
50.125	36.5	0.999999999583482	0.800023907338034	-4.28359920302647e-05	19.8001139936726	0.999999999954183
50.375	36.5	0.999999999646553	0.800023483915241	-4.25662303715536e-05	19.60010807008	0.999999999961121
50.625	36.5	0.999999999700053	0.800023067308083	-4.22928838250243e-05	19.4001022514798	0.999999999967006
50.875	36.5	0.999999999745431	0.800022657384184	-4.20163530569424e-05	19.2000965361849	0.999999999971997
51.125	36.5	0.999999999783924	0.800022254013745	-4.17370184897586e-05	19.0000909225411	0.999999999976232
51.375	36.5	0.999999999816576	0.800021857069419	-4.14552412685671e-05	18.8000854089261	0.999999999979823
51.625	36.5	0.999999999844271	0.800021466426231	-4.11713641943686e-05	18.6000799937493	0.99999999998287
51.875	36.5	0.999999999867762	0.800021081961623	-4.08857126014747e-05	18.400074675451	0.999999999985454
52.125	36.5	0.999999999887689	0.800020703555319	-4.05985951946302e-05	18.2000694525018	0.999999999987646
52.375	36.5	0.999999999904591	0.800020331089302	-4.03103048545262e-05	18.0000643234019	0.999999999989505
52.625	36.5	0.999999999918927	0.800019964447762	-4.0021119397063e-05	17.800059286681	0.999999999991082
52.875	36.5	0.999999999931089	0.80001960351707	-3.97313023017848e-05	17.6000543408974	0.99999999999242
53.125	36.5	0.999999999941406	0.800019248185696	-3.94411034060274e-05	17.4000494846373	0.999999999993555
53.375	36.5	0.999999999950157	0.800018898344177	-3.91507595683737e-05	17.2000447165148	0.999999999994517
53.625	36.5	0.999999999957579	0.800018553885065	-3.88604952808688e-05	17.000040035171	0.999999999995334
53.875	36.5	0.999999999963875	0.8000182147029	-3.8570523296193e-05	16.8000354392736	0.999999999996026
54.125	36.5	0.999999999969215	0.80001788069413	-3.82810451672901e-05	16.6000309275164	0.999999999996614
54.375	36.5	0.999999999973746	0.800017551757112	-3.79922518156371e-05	16.4000264986188	0.999999999997112
54.625	36.5	0.99999999997759	0.800017227792006	-3.77043240376542e-05	16.2000221513255	0.999999999997535
54.875	36.5	0.99999999998085	0.80001690870082	-3.74174330030497e-05	16.0000178844059	0.999999999997893
55.125	36.5	0.999999999983614	0.800016594387295	-3.71317407201727e-05	15.8000136966537	0.999999999998198
55.375	36.5	0.999999999985959	0.800016284756874	-3.68474004925849e-05	15.6000095868861	0.999999999998455
55.625	36.5	0.999999999987948	0.800015979716715	-3.65645573395204e-05	15.4000055539443	0.999999999998674
55.875	36.5	0.999999999989635	0.800015679175576	-3.6283348409588e-05	15.2000015966922	0.99999999999886
56.125	36.5	0.999999999991066	0.800015383043837	-3.60039033651801e-05	14.9999977140161	0.999999999999017
56.375	36.5	0.999999999992278	0.800015091233443	-3.57263447456211e-05	14.7999939048249	0.999999999999151
56.625	36.5	0.999999999993307	0.800014803657866	-3.54507883348208e-05	14.5999901680491	0.999999999999264
56.875	36.5	0.999999999994179	0.800014520232051	-3.51773434843252e-05	14.3999865026407	0.99999999999936
57.125	36.5	0.99999999999492	0.800014240872423	-3.49061134428665e-05	14.1999829075727	0.999999999999441
57.375	36.5	0.999999999995549	0.800013965496803	-3.46371956528996e-05	13.9999793818389	0.99999999999951
57.625	36.5	0.999999999996083	0.800013694024423	-3.43706820454841e-05	13.7999759244536	0.999999999999569
57.875	36.5	0.999999999996536	0.800013426375858	-3.41066593206612e-05	13.5999725344507	0.999999999999619
58.125	36.5	0.999999999996919	0.800013162472987	-3.38452092041168e-05	13.3999692108843	0.999999999999661
58.375	36.5	0.999999999997245	0.800012902239022	-3.35864087058325e-05	13.1999659528274	0.999999999999697
58.625	36.5	0.99999999999752	0.800012645598385	-3.33303303550639e-05	12.9999627593725	0.999999999999727
58.875	36.5	0.999999999997755	0.800012392476744	-3.30770424273896e-05	12.7999596296303	0.999999999999753
59.125	36.5	0.999999999997953	0.800012142800984	-3.28266091746701e-05	12.5999565627305	0.999999999999775
59.375	36.5	0.999999999998124	0.800011896499112	-3.2579091012816e-05	12.3999535578205	0.999999999999794
59.625	36.5	0.999999999998268	0.800011653500301	-3.2334544739218e-05	12.1999506140658	0.999999999999809
59.875	36.5	0.99999999999839	0.800011413734841	-3.20930237024345e-05	11.9999477306493	0.999999999999823
60.125	36.5	0.999999999998492	0.800011177134067	-3.18545779986597e-05	11.7999449067712	0.999999999999834
60.375	36.5	0.999999999998578	0.800010943630385	-3.16192546291993e-05	11.599942141649	0.999999999999844
60.625	36.5	0.999999999998652	0.800010713157233	-3.1387097673316e-05	11.3999394345166	0.999999999999852
60.875	36.5	0.999999999998714	0.800010485649024	-3.11581484331266e-05	11.1999367846247	0.999999999999859
61.125	36.5	0.999999999998767	0.800010261041159	-3.09324455901717e-05	10.99993419124	0.999999999999864
61.375	36.5	0.999999999998813	0.800010039269959	-3.07100253396093e-05	10.7999316536456	0.999999999999869
61.625	36.5	0.99999999999885	0.800009820272695	-3.04909215297933e-05	10.5999291711399	0.999999999999874
61.875	36.5	0.999999999998883	0.80000960398748	-3.02751657811008e-05	10.3999267430374	0.999999999999877
62.125	36.5	0.999999999998913	0.800009390353355	-3.0062787616784e-05	10.1999243686676	0.99999999999988
62.375	36.5	0.999999999998937	0.800009179310147	-2.98538145709123e-05	9.99992204737529	0.999999999999883
62.625	36.5	0.999999999998956	0.800008970798518	-2.9648272300298e-05	9.79991977852012	0.999999999999885
62.875	36.5	0.999999999998967	0.800008764759936	-2.94461846885328e-05	9.59991756147653	0.999999999999886
63.125	36.5	0.999999999998973	0.800008561136629	-2.92475739444604e-05	9.39991539563346	0.999999999999887
63.375	36.5	0.999999999998971	0.800008359871547	-2.90524606989794e-05	9.19991328039422	0.999999999999887
63.625	36.5	0.999999999998966	0.800008160908397	-2.88608640891408e-05	8.99991121517628	0.999999999999886
63.875	36.5	0.999999999998967	0.800007964191564	-2.86728018524554e-05	8.7999091994111	0.999999999999886
64.125	36.5	0.999999999998984	0.800007769666108	-2.84882903936387e-05	8.59990723254394	0.999999999999888
64.375	36.5	0.999999999999033	0.800007577277761	-2.83073448751731e-05	8.39990531403373	0.999999999999894
64.625	36.5	0.999999999999116	0.800007386972868	-2.81299792813537e-05	8.19990344335288	0.999999999999903
64.875	36.5	0.999999999999217	0.800007198698404	-2.79562064869892e-05	7.99990161998712	0.999999999999914
65.125	36.5	0.999999999999298	0.800007012401909	-2.77860383302518e-05	7.79989984343538	0.999999999999923
65.375	36.5	0.999999999999294	0.800006828031522	-2.76194856643971e-05	7.59989811320962	0.999999999999922
65.625	36.5	0.999999999999133	0.800006645535922	-2.74565584231109e-05	7.39989642883471	0.999999999999905
65.875	36.5	0.999999999998776	0.800006464864311	-2.72972656735007e-05	7.19989478984826	0.999999999999865
66.125	36.5	0.99999999999826	0.800006285966405	-2.7141615668382e-05	6.99989319580055	0.999999999999809
66.375	36.5	0.999999999997746	0.800006108792422	-2.6989615896706e-05	6.79989164625432	0.999999999999752
66.625	36.5	0.999999999997511	0.800005933293039	-2.68412731314543e-05	6.59989014078473	0.999999999999726
66.875	36.5	0.999999999997874	0.80000575941939	-2.66965934698609e-05	6.39988867897917	0.999999999999766
67.125	36.5	0.999999999999044	0.800005587123047	-2.65555823828866e-05	6.19988726043722	0.999999999999895
67.375	36.5	1.00000000000092	0.800005416356004	-2.6418244748865e-05	5.99988588477047	1.0000000000001
67.625	36.5	1.00000000000298	0.800005247070658	-2.62845848932324e-05	5.7998845516025	1.00000000000033
67.875	36.5	1.00000000000439	0.800005079219804	-2.61546066200558e-05	5.59988326056873	1.00000000000048
68.125	36.5	1.00000000000443	0.800004912756613	-2.60283132371391e-05	5.39988201131637	1.00000000000049
68.375	36.5	1.00000000000325	0.800004747634598	-2.59057075852214e-05	5.19988080350429	1.00000000000036
68.625	36.5	1.00000000000235	0.800004583807602	-2.57867920578551e-05	4.99987963680293	1.00000000000026
68.875	36.5	1.00000000000428	0.800004421229749	-2.56715686308397e-05	4.79987851089418	1.00000000000047
69.125	36.5	1.00000000001043	0.800004259855415	-2.55600388975789e-05	4.59987742547128	1.00000000000115
69.375	36.5	1.00000000001687	0.800004099639273	-2.54522041247597e-05	4.39987638023888	1.00000000000186
69.625	36.5	1.00000000000936	0.800003940536334	-2.53480653191049e-05	4.19987537491307	1.00000000000103
69.875	36.5	0.999999999961612	0.80000378250209	-2.52476233070338e-05	3.9998744092216	0.999999999995777
70.125	36.5	0.999999999843239	0.800003625492658	-2.51508787746121e-05	3.79987348290397	0.999999999982756
70.375	36.5	0.999999999644264	0.800003469464795	-2.50578322469033e-05	3.59987259571121	0.999999999960869
70.625	36.5	0.999999999418174	0.80000331437564	-2.49684839202915e-05	3.39987174740488	0.999999999935999
70.875	36.5	0.999999999332076	0.800003160181984	-2.48828333335502e-05	3.19987093775507	0.999999999926528
71.125	36.5	0.999999999690917	0.800003006839009	-2.48008789146503e-05	2.99987016653759	0.999999999966001
71.375	36.5	1.00000000087926	0.800002854298839	-2.4722617602631e-05	2.79986943353154	1.00000000009672
71.625	36.5	1.00000000315521	0.800002702509801	-2.4648044908848e-05	2.59986873851973	1.00000000034707
71.875	36.5	1.0000000062623	0.80000255141782	-2.45771559404183e-05	2.39986808129574	1.00000000068885
72.125	36.5	1.00000000892356	0.800002400971669	-2.45099478213117e-05	2.19986746168069	1.00000000098159
72.375	36.5	1.00000000845745	0.80000225113298	-2.44464234829983e-05	1.99986687954995	1.00000000093032
72.625	36.5	1.00000000097137	0.800002101889372	-2.43865957431388e-05	1.79986633486184	1.00000000010685
72.875	36.5	0.999999982732887	0.800001953264842	-2.43304890525763e-05	1.59986582766917	0.999999998100618
73.125	36.5	0.999999953194098	0.800001805316104	-2.4278134736288e-05	1.39986535808248	0.999999994851351
73.375	36.5	0.999999919505764	0.800001658100031	-2.42295551541095e-05	1.19986492615034	0.999999991145634
73.625	36.5	0.999999901041963	0.800001511600275	-2.41847346437924e-05	0.999864531640213	0.999999989114616
73.875	36.5	0.999999930592758	0.800001365616358	-2.41435821182906e-05	0.799864173756373	0.999999992365203
74.125	36.5	1.00000004716804	0.800001219650249	-2.41059023222342e-05	0.599863850923755	1.00000000518848
74.375	36.5	1.00000027523188	0.800001072837781	-2.40714074507922e-05	0.399863560879209	1.00000003027551
74.625	36.5	1.00000058870689	0.800000833312263	-2.40398124275142e-05	0.199863301403381	1.00000006475776
74.875	36.5	1.00000086717193	0.400001039590066	-2.40169602983867e-05	-0.000136882555948229	1.00000009538891
0.125	37.5	4.03089587987873e-07	0.399999654328598	-0.000273259154303242	58.5924687494454	0.890000044339855
0.375	37.5	-4.51420534846938e-06	0.79999922497248	-0.000274261280007165	58.4144688944009	0.889999503437412
0.625	37.5	-1.53868063194248e-05	0.799998782965339	-0.000276267926711867	58.2364692929567	0.889998307451305
0.875	37.5	-3.30202269363749e-05	0.79999825750116	-0.000279282997888161	58.0584701129986	0.889996367775037
1.125	37.5	-5.70844409738516e-05	0.799997668495785	-0.000283310701200062	57.8804715212539	0.889993720711493
1.375	37.5	-8.52553736082592e-05	0.799997005268428	-0.000288355115084955	57.7024736622239	0.889990621908903
1.625	37.5	-0.000112399337269507	0.799996255401548	-0.000294419161838806	57.5244766051291	0.8899876360729
1.875	37.5	-0.000129872382133473	0.799995402596492	-0.000301503274009348	57.3464802741147	0.889985714037965
2.125	37.5	-0.00012503386492848	0.799994424662024	-0.000309603823994764	57.1684843653221	0.889986246274858
2.375	37.5	-8.10714477748555e-05	0.799993292198276	-0.000318711425610239	56.9904882565877	0.889991082140745
2.625	37.5	2.2788993660781e-05	0.799991968391068	-0.000328809248518207	56.812490917403	0.890002506789303
2.875	37.5	0.000210654361884406	0.799990410168922	-0.000339871505451568	56.634490827943	0.890023171979807
3.125	37.5	0.000508930121374932	0.79998857078897	-0.00035186227421043	56.4564859161914	0.890055982313351
3.375	37.5	0.000944944103589896	0.799986403736446	-0.000364734799753934	56.2784735213304	0.890103943851395
3.625	37.5	0.00154533471709928	0.799983867669973	-0.000378431388451872	56.1004503896882	0.890169986818881
3.875	37.5	0.00233434071309693	0.799980932045086	-0.000392883960602539	55.9224127068537	0.890256777478441
4.125	37.5	0.00333214396389879	0.799977583017045	-0.000408015273266149	55.7443561663773	0.890366535836029
4.375	37.5	0.00455341307958207	0.799973829256521	-0.000423740769262177	55.566276072177	0.890500875438754
4.625	37.5	0.00600617519390512	0.799969707404154	-0.000439970953454696	55.3881674687282	0.89066067927133
4.875	37.5	0.00769110913185472	0.799965287022188	-0.00045661414841867	55.2100252906714	0.890846022004504
5.125	37.5	0.00960131022552347	0.799960675060251	-0.000473579440097322	55.0318445218759	0.891056144124808
5.375	37.5	0.0117225309821434	0.799956020015974	-0.000490779591071658	54.8536203533759	0.891289478408036
5.625	37.5	0.0140338586136164	0.799951516121072	-0.000508133676608457	54.6753483299506	0.891543724447498
5.875	37.5	0.0165087557420211	0.799947407998419	-0.000525569186037591	54.4970244763348	0.891815963131622
6.125	37.5	0.0191163690200587	0.799943996293509	-0.000543023331037676	54.3186453958796	0.892102800592206
6.375	37.5	0.0218230048822549	0.799941644765873	-0.000560443313348721	54.1402083366175	0.892400530537048
6.625	37.5	0.0245936828148086	0.799940789220869	-0.000577785327474203	53.961711221773	0.892705305109629
6.875	37.5	0.027393702383466	0.799941948471193	-0.000595012110212446	53.7831526434488	0.893013307262181
7.125	37.5	0.0301901961654752	0.799945737257043	-0.000612088897894168	53.6045318192483	0.893320921578202
7.375	37.5	0.0329536800576657	0.799952880753678	-0.000628977714770739	53.425848511825	0.893624904806343
7.625	37.5	0.0356596476811687	0.799964229998014	-0.000645629991478386	53.247102910777	0.893922561244929
7.875	37.5	0.0382902799774816	0.799980777309299	-0.00066197759960336	53.0682954751176	0.894211930797523
8.125	37.5	0.0408363501846204	0.800003670591738	-0.000677922483835144	52.8894267330219	0.894491998520308
8.375	37.5	0.0432993976370402	0.800034225291578	-0.00069332517008779	52.7104970340357	0.894762933740074
8.625	37.5	0.0456942253844339	0.800073932705128	-0.000707992517942227	52.5315062477478	0.895026364792288
8.875	37.5	0.0480517552414229	0.800124463224863	-0.00072166515626482	52.3524534022412	0.895285693076557
9.125	37.5	0.0504222618321383	0.800187662851166	-0.000734005082453818	52.1733362554269	0.895546448801535
9.375	37.5	0.0528790180457722	0.800265540738825	-0.00074458391239833	51.994150792302	0.895816691985035
9.625	37.5	0.0555224297703424	0.800360244512031	-0.00075287224809879	51.8148906407006	0.896107467274738
9.875	37.5	0.0584848236291194	0.800474018378587	-0.000758230608909578	51.6355463964738	0.896433330599203
10.125	37.5	0.0619361725586818	0.800609136513171	-0.000759902408598663	51.4561048455037	0.896812978981455
10.375	37.5	0.0660911774850608	0.800767800588553	-0.000757009648952654	51.2765480640949	0.897270029523357
10.625	37.5	0.0712182181368749	0.800951985620689	-0.000748552488951589	51.0968523714445	0.897834003995056
10.875	37.5	0.0776506475856599	0.801163212577551	-0.000733414834742619	50.9169870999439	0.898541571234423
11.125	37.5	0.0858005727032191	0.801402220202766	-0.000710379814652694	50.7369131454994	0.899438062997354
11.375	37.5	0.0961743840309164	0.801668504359658	-0.000678161647499183	50.55658126961	0.900579182243401
11.625	37.5	0.109387519868048	0.801959696148064	-0.000635463930345842	50.375930162432	0.902032627185485
11.875	37.5	0.126172874563978	0.802270771126698	-0.000581078040999761	50.1948843637784	0.903879016202038
12.125	37.5	0.147372689834495	0.802593141013514	-0.000514037062023712	50.0133523047395	0.906210995881794
12.375	37.5	0.1738982876236	0.802913803459358	-0.00043383607225544	49.831224998949	0.909128811638596
12.625	37.5	0.206638049961956	0.803214931618319	-0.000340712291245844	49.6483762687185	0.912730185495815
12.875	37.5	0.246297084408529	0.803474526312485	-0.000235942579175959	49.4646657421562	0.917092679284938
13.125	37.5	0.293170149308686	0.803668833880392	-0.000122064440198911	49.2799459656527	0.922248716423955
13.375	37.5	0.346888219228437	0.803776791715597	-2.88440244033991e-06	49.094074466888	0.928157704115128
13.625	37.5	0.406229535000083	0.803785559971496	0.000116847781726738	48.9069301548117	0.934685248850009
13.875	37.5	0.469113700711114	0.803694746043833	0.000232109039806985	48.718431213784	0.941602507078223
14.125	37.5	0.532855907921564	0.803516704322443	0.000338446451286103	48.5285496608786	0.948614149871372
14.375	37.5	0.594639197783825	0.80327234350861	0.000432693708554903	48.3373175560612	0.955410311756221
14.625	37.5	0.652036121824187	0.802984842381344	0.000513300667712076	48.1448223207758	0.961723973400661
14.875	37.5	0.703380403341751	0.802674687332869	0.000580213951542012	47.9511926694283	0.967371844367593
15.125	37.5	0.747881593841613	0.802357691009496	0.000634452200513363	47.7565798743838	0.972266975322577
15.375	37.5	0.785511011211344	0.802045313117887	0.000677598927017905	47.5611397267095	0.976406211233248
15.625	37.5	0.816768072175852	0.801745760120039	0.000711382983466748	47.3650188616373	0.979844487939344
15.875	37.5	0.842435754480483	0.8014648846785	0.000737413911639916	47.1683466447806	0.982667932992853
16.125	37.5	0.86338865827428	0.801206683353128	0.000757060266281039	46.9712319408022	0.984972752410171
16.375	37.5	0.880470814801906	0.800973561585092	0.000771425449102554	46.7737632686657	0.98685178962821
16.625	37.5	0.894433120515838	0.800766547439188	0.000781375094422911	46.5760108444149	0.988387643256742
16.875	37.5	0.905911406824619	0.800585532125295	0.000787583262323597	46.3780293883142	0.989650254750708
17.125	37.5	0.915427708387417	0.800429536378633	0.000790578982252976	46.1798610064651	0.990697047922616
17.375	37.5	0.923402385737847	0.800296973348774	0.000790785119503718	45.9815377988922	0.991574262431163
17.625	37.5	0.930169726729414	0.800185881309659	0.000788547637823325	45.7830840658855	0.992318669940236
17.875	37.5	0.935993257350715	0.800094112133192	0.000784156238906699	45.5845181041259	0.992959258308579
18.125	37.5	0.941079203044961	0.800019472946986	0.000777858355377178	45.3858536377611	0.993518712334946
18.375	37.5	0.945587721436942	0.799959825467034	0.000769868503213666	45.1871009457786	0.994014649358064
18.625	37.5	0.949642063147727	0.799913150581524	0.000760374634016943	44.9882677450096	0.99446062694625
18.875	37.5	0.95333599856803	0.799877586263551	0.000749542669701308	44.7893598791174	0.994866959842483
19.125	37.5	0.956739858837174	0.799851446066622	0.000737519988674055	44.5903818537165	0.995241384472089
19.375	37.5	0.959905482933672	0.799833224136869	0.000724438312735693	44.391337248792	0.995589603122704
19.625	37.5	0.962870292519411	0.799821591314643	0.000710416221822254	44.1922290325765	0.995915732177135
19.875	37.5	0.96566065493882	0.799815385696888	0.000695561385778726	43.99305979588	0.99622267204327
20.125	37.5	0.968294649607675	0.7998136000612	0.000679972528767785	43.7938319221862	0.996512411456844
20.375	37.5	0.970784323397954	0.799815367804545	0.000663741112453516	43.5945477061725	0.996786275573775
20.625	37.5	0.973137503043832	0.799819948496224	0.000646952722047528	43.395209431324	0.997045125334821
20.875	37.5	0.975359223008714	0.799826713746836	0.000629688151129897	43.195819415723	0.997289514530958
21.125	37.5	0.977452822165364	0.799835133817035	0.000612024197758766	42.9963800337398	0.99751981043819
21.375	37.5	0.979420759491212	0.799844765199549	0.000594034199850945	42.7968937201351	0.997736283544033
21.625	37.5	0.981265196163315	0.799855239283407	0.000575788348984251	42.5973629619634	0.997939171577965
21.875	37.5	0.982988388132198	0.799866252127078	0.000557353827744493	42.3977902826427	0.998128722694542
22.125	37.5	0.984592929206843	0.799877555318905	0.000538794816961815	42.1981782216254	0.998305222212753
22.375	37.5	0.986081879988091	0.799888947871907	0.000520172416130926	41.998529312282	0.99846900679869
22.625	37.5	0.987458812911858	0.799900269084469	0.000501544514995898	41.7988460599012	0.998620469420304
22.875	37.5	0.988727798521249	0.799911392290289	0.000482965647335579	41.599130921121	0.998760057837337
23.125	37.5	0.989893353161922	0.799922219417193	0.000464486850537551	41.3993862856263	0.998888268847811
23.375	37.5	0.990960363802481	0.799932676276938	0.000446155547874089	41.1996144605762	0.999005640018273
23.625	37.5	0.991934001755284	0.799942708507994	0.000428015463919872	40.999817657946	0.999112740193081
23.875	37.5	0.992819633771171	0.799952278099222	0.000410106578829633	40.7999979847654	0.999210159714829
24.125	37.5	0.993622736304506	0.799961360426503	0.000392465122929653	40.6001574360998	0.999298500993496
24.375	37.5	0.994348816647884	0.799969941738107	0.00037512361052107	40.4002978905365	0.999378369831267
24.625	37.5	0.995003343051101	0.799978017031911	0.000358110909624582	40.2004211078893	0.999450367735621
24.875	37.5	0.995591684785309	0.79998558827184	0.000341452343249832	40.0005287288177	0.999515085326384
25.125	37.5	0.996119062308669	0.7999926628961	0.000325169817461656	39.8006222760602	0.999573096853954
25.375	37.5	0.996590507157764	0.799999252575736	0.000309281970952535	39.6007031569926	0.999624955787354
25.625	37.5	0.99701083086208	0.800005372186352	0.000293804341376519	39.4007726672469	0.999671191394829
25.875	37.5	0.997384602000911	0.800011038960787	0.000278749543922143	39.2008319951532	0.9997123062201
26.125	37.5	0.997716130447975	0.800016271794494	0.000264127457972539	39.0008822267938	0.999748774349277
26.375	37.5	0.998009457844176	0.800021090679526	0.000249945418388086	38.8009243514866	0.999781040362859
26.625	37.5	0.998268353377589	0.800025516246025	0.000236208408334932	38.6009592675433	0.999809518871535
26.875	37.5	0.998496314013541	0.800029569393904	0.000222919251144045	38.4009877881694	0.999834594541489
27.125	37.5	0.998696568393496	0.800033270999332	0.000210078799011948	38.2010106473983	0.999856622523285
27.375	37.5	0.998872083702045	0.800036641683329	0.000197686116976769	38.0010285059676	0.999875929207225
27.625	37.5	0.999025574880757	0.800039701631913	0.000185738660679741	37.8010419570677	0.999892813236883
27.875	37.5	0.999159515643034	0.800042470458816	0.000174232446884482	37.6010515319043	0.999907546720734
28.125	37.5	0.999276150814665	0.80004496710279	0.000163162216058344	37.4010577050318	0.999920376589613
28.375	37.5	0.999377509589164	0.800047209754241	0.000152521586267724	37.2010608994246	0.999931526054808
28.625	37.5	0.999465419345992	0.800049215804689	0.000142303198129278	37.0010614912652	0.999941196128059
28.875	37.5	0.999541519732874	0.800051001815584	0.000132498850569563	36.801059814433	0.999949567170616
29.125	37.5	0.999607276761552	0.800052583502876	0.000123099627201872	36.6010561646889	0.999956800443771
29.375	37.5	0.999663996709711	0.800053975733504	0.000114096013485691	36.4010508035523	0.999963039638068
29.625	37.5	0.999712839660555	0.800055192532229	0.000105478004625847	36.2010439618756	0.999968412362661
29.875	37.5	0.999754832546493	0.800056247096228	9.72352045446551e-05	36.0010358431228	0.999973031580114
30.125	37.5	0.999790881594113	0.800057151815815	8.93569161132494e-05	35.8010266263625	0.999976996975352
30.375	37.5	0.999821784095118	0.80005791829969	8.18322229464974e-05	35.6010164689894	0.999980396250463
30.625	37.5	0.999848239451689	0.800058557404147	7.46500631664824e-05	35.4010055091862	0.999983306339686
30.875	37.5	0.999870859465398	0.80005907926414	6.7799295518549e-05	35.2009938681448	0.999985794541194
31.125	37.5	0.999890177856575	0.800059493326466	6.12687582580662e-05	35.0009816520606	0.999987919564223
31.375	37.5	0.999906659015744	0.800059808384002	5.50473212003592e-05	34.8009689539172	0.999989732491732
31.625	37.5	0.999920706001035	0.800060032609867	4.91239314307798e-05	34.6009558550794	0.999991277660114
31.875	37.5	0.999932667805216	0.800060173592147	4.34876531686284e-05	34.4009424267091	0.999992593458574
32.125	37.5	0.999942845923764	0.800060238367978	3.81277020827281e-05	34.2009287310204	0.999993713051614
32.375	37.5	0.999951500260943	0.80006023345681	3.30334746623796e-05	34.00091482239	0.999994665028704
32.625	37.5	0.999958854414922	0.800060164893081	2.81945730032907e-05	33.8009007483359	0.999995473985641
32.875	37.5	0.999965100385368	0.800060038257485	2.36008253830773e-05	33.6008865503786	0.999996161042391
33.125	37.5	0.999970402748256	0.800059858707319	1.92423030838177e-05	33.4008722647972	0.999996744302308
33.375	37.5	0.999974902342643	0.80005963100515	1.51093338987014e-05	33.2008579232917	0.999997239257691
33.625	37.5	0.999978719513572	0.80005935954645	1.11925124599386e-05	33.0008435535625	0.999997659146493
33.875	37.5	0.999981956953728	0.800059048385601	7.48270799616294e-06	32.8008291798164	0.99999801526491
34.125	37.5	0.999984702184582	0.800058701260501	3.97106961834531e-06	32.6008148232078	0.999998317240304
34.375	37.5	0.99998702971547	0.80005832161573	6.49029560110786e-07	32.4008005022233	0.999998573268702
34.625	37.5	0.999989002916414	0.800057912624497	-2.49169547178908e-06	32.2007862330163	0.999998790320806
34.875	37.5	0.999990675637781	0.800057477208776	-5.45910449155594e-06	32.0007720296983	0.999998974320156
35.125	37.5	0.999992093607114	0.800057018058607	-8.26091385717998e-06	31.8007579045922	0.999999130296783
35.375	37.5	0.999993295630669	0.800056537649732	-1.09045600271297e-05	31.6007438684523	0.999999262519374
35.625	37.5	0.999994314624512	0.800056038260227	-1.33972033391072e-05	31.400729930656	0.999999374608696
35.875	37.5	0.999995178497423	0.80005552198583	-1.57457326085654e-05	31.20071609937	0.999999469634717
36.125	37.5	0.999995910905391	0.800054990754188	-1.79567704361803e-05	31.0007023816959	0.999999550199593
36.375	37.5	0.999996531895245	0.800054446338059	-2.00366790746793e-05	30.8006887837956	0.999999618508477
36.625	37.5	0.999997058452854	0.800053890367533	-2.19915667527283e-05	30.6006753110022	0.999999676429814
36.875	37.5	0.999997504969384	0.800053324341349	-2.38272943403496e-05	30.4006619679152	0.999999725546632
37.125	37.5	0.999997883637388	0.800052749637211	-2.55494823034077e-05	30.2006487584848	0.999999767200113
37.375	37.5	0.99999820478696	0.800052167521448	-2.71635178414082e-05	30.0006356860854	0.999999802526566
37.625	37.5	0.99999847717078	0.800051579157875	-2.86745621469824e-05	29.8006227535795	0.999999832488786
37.875	37.5	0.999998708205673	0.800050985615824	-3.008755774187e-05	29.6006099633742	0.999999857902624
38.125	37.5	0.999998904177178	0.800050387877776	-3.14072358441336e-05	29.4005973174711	0.99999987945949
38.375	37.5	0.999999070412777	0.80004978684614	-3.26381236900247e-05	29.2005848175096	0.999999897745405
38.625	37.5	0.999999211428507	0.800049183349581	-3.37845518290042e-05	29.0005724648054	0.999999913257136
38.875	37.5	0.999999331053064	0.800048578148939	-3.48506613414367e-05	28.8005602603849	0.999999926415837
39.125	37.5	0.999999432532813	0.800047971942435	-3.58404108886437e-05	28.6005482050152	0.999999937578609
39.375	37.5	0.999999518620695	0.800047365370674	-3.67575837269274e-05	28.4005362992305	0.999999947048276
39.625	37.5	0.999999591651475	0.800046759021088	-3.76057944852454e-05	28.2005245433564	0.999999955081662
39.875	37.5	0.999999653605452	0.800046153432145	-3.83884958543946e-05	28.0005129375308	0.9999999618966
40.125	37.5	0.999999706162403	0.800045549097066	-3.91089850657604e-05	27.8005014817228	0.999999967677864
40.375	37.5	0.999999750747281	0.800044946467384	-3.97704102008451e-05	27.6004901757498	0.999999972582201
40.625	37.5	0.999999788568949	0.800044345956131	-4.03757763361423e-05	27.4004790192926	0.999999976742584
40.875	37.5	0.999999820652974	0.800043747940723	-4.09279514796394e-05	27.2004680119087	0.999999980271827
41.125	37.5	0.999999847869444	0.80004315276577	-4.14296723284598e-05	27.0004571530451	0.999999983265639
41.375	37.5	0.999999870956547	0.800042560745504	-4.18835498297949e-05	26.8004464420488	0.99999998580522
41.625	37.5	0.999999890540577	0.800041972166061	-4.22920745678719e-05	26.6004358781771	0.999999987959463
41.875	37.5	0.999999907152882	0.800041387287625	-4.26576219286504e-05	26.4004254606063	0.999999989786817
42.125	37.5	0.99999992124426	0.800040806346321	-4.29824571142387e-05	26.2004151884403	0.999999991336869
42.375	37.5	0.999999933197159	0.800040229556041	-4.32687399581026e-05	26.0004050607177	0.999999992651687
42.625	37.5	0.999999943336032	0.800039657110024	-4.35185295401617e-05	25.8003950764184	0.999999993766964
42.875	37.5	0.999999951936136	0.800039089182457	-4.37337886502515e-05	25.6003852344701	0.999999994712975
43.125	37.5	0.999999959230972	0.800038525929836	-4.39163880655843e-05	25.4003755337536	0.999999995515407
43.375	37.5	0.999999965418622	0.800037967492195	-4.40681106574702e-05	25.2003659731081	0.999999996196048
43.625	37.5	0.999999970667118	0.800037413994369	-4.41906553307538e-05	25.0003565513355	0.999999996773383
43.875	37.5	0.999999975118999	0.80003686554708	-4.4285640814792e-05	24.8003472672052	0.99999999726309
44.125	37.5	0.999999978895173	0.800036322247938	-4.43546092804784e-05	24.6003381194576	0.999999997678469
44.375	37.5	0.999999982098198	0.800035784182382	-4.43990298120538e-05	24.400329106808	0.999999998030802
44.625	37.5	0.999999984815069	0.800035251424545	-4.44203017515155e-05	24.2003202279495	0.999999998329658
44.875	37.5	0.999999987119578	0.80003472403808	-4.44197578586379e-05	24.0003114815563	0.999999998583154
45.125	37.5	0.999999989074316	0.800034202076896	-4.43986673823648e-05	23.8003028662868	0.999999998798175
45.375	37.5	0.99999999073237	0.800033685585825	-4.43582389704971e-05	23.6002943807853	0.999999998980561
45.625	37.5	0.999999992138771	0.800033174601319	-4.4299623462554e-05	23.4002860236854	0.999999999135265
45.875	37.5	0.999999993331719	0.800032669152006	-4.42239165524538e-05	23.2002777936113	0.999999999266489
46.125	37.5	0.99999999434361	0.800032169259235	-4.41321613517991e-05	23.0002696891805	0.999999999377797
46.375	37.5	0.999999995201926	0.800031674937649	-4.40253508109199e-05	22.8002617090052	0.999999999472212
46.625	37.5	0.999999995929976	0.800031186195595	-4.39044300663844e-05	22.6002538516943	0.999999999552297
46.875	37.5	0.999999996547531	0.800030703035627	-4.37702986584949e-05	22.4002461158549	0.999999999620228
47.125	37.5	0.999999997071362	0.800030225454881	-4.36238126568128e-05	22.2002385000936	0.99999999967785
47.375	37.5	0.999999997515692	0.800029753445496	-4.34657866906692e-05	22.0002310030182	0.999999999726726
47.625	37.5	0.999999997892588	0.800029286994969	-4.32969958886264e-05	21.8002236232387	0.999999999768185
47.875	37.5	0.999999998212283	0.800028826086466	-4.31181777304126e-05	21.6002163593687	0.999999999803351
48.125	37.5	0.999999998483458	0.80002837069917	-4.29300338070567e-05	21.400209210026	0.99999999983318
48.375	37.5	0.999999998713478	0.800027920808596	-4.27332315126856e-05	21.2002021738342	0.999999999858483
48.625	37.5	0.999999998908588	0.800027476386763	-4.25284056462799e-05	21.0001952494233	0.999999999879945
48.875	37.5	0.999999999074087	0.800027037402597	-4.23161599544376e-05	20.8001884354303	0.99999999989815
49.125	37.5	0.999999999214469	0.800026603822062	-4.20970685896628e-05	20.6001817305005	0.999999999913592
49.375	37.5	0.999999999333547	0.800026175608459	-4.18716775032079e-05	20.400175133288	0.99999999992669
49.625	37.5	0.99999999943455	0.800025752722574	-4.16405057919464e-05	20.2001686424561	0.999999999937801
49.875	37.5	0.999999999520226	0.800025335122902	-4.14040469484328e-05	20.0001622566783	0.999999999947225
50.125	37.5	0.999999999592899	0.800024922765856	-4.11627700869545e-05	19.8001559746387	0.999999999955219
50.375	37.5	0.99999999965454	0.800024515605927	-4.09171210962121e-05	19.6001497950324	0.999999999961999
50.625	37.5	0.999999999706827	0.800024113595826	-4.06675237322938e-05	19.4001437165662	0.999999999967751
50.875	37.5	0.999999999751178	0.800023716686662	-4.04143806837798e-05	19.2001377379587	0.99999999997263
51.125	37.5	0.999999999788798	0.800023324828071	-4.01580745637436e-05	19.000131857941	0.999999999976768
51.375	37.5	0.999999999820709	0.800022937968381	-3.98989688660897e-05	18.8001260752571	0.999999999980278
51.625	37.5	0.999999999847779	0.80002255605466	-3.96374088674279e-05	18.6001203886638	0.999999999983256
51.875	37.5	0.999999999870741	0.800022179032942	-3.93737225199364e-05	18.4001147969314	0.999999999985781
52.125	37.5	0.999999999890217	0.800021806848282	-3.91082212475502e-05	18.2001092988437	0.999999999987924
52.375	37.5	0.999999999906734	0.800021439444822	-3.88412007571405e-05	18.0001038931984	0.999999999989741
52.625	37.5	0.999999999920745	0.800021076765943	-3.85729417774013e-05	17.8000985788074	0.999999999991282
52.875	37.5	0.999999999932631	0.800020718754371	-3.83037107818903e-05	17.6000933544965	0.999999999992589
53.125	37.5	0.999999999942714	0.800020365352202	-3.80337606804911e-05	17.4000882191062	0.999999999993699
53.375	37.5	0.999999999951267	0.800020016501039	-3.77633314379642e-05	17.2000831714914	0.999999999994639
53.625	37.5	0.999999999958524	0.800019672141997	-3.74926507410929e-05	17.0000782105217	0.999999999995438
53.875	37.5	0.999999999964679	0.800019332215849	-3.72219345514227e-05	16.8000733350815	0.999999999996115
54.125	37.5	0.999999999969898	0.800018996663075	-3.69513876890558e-05	16.6000685440699	0.999999999996689
54.375	37.5	0.999999999974325	0.800018665423889	-3.66812043617224e-05	16.4000638364009	0.999999999997176
54.625	37.5	0.999999999978078	0.800018338438298	-3.6411568682165e-05	16.2000592110038	0.999999999997589
54.875	37.5	0.999999999981262	0.800018015646192	-3.61426551498313e-05	16.0000546668226	0.999999999997939
55.125	37.5	0.999999999983965	0.800017696987374	-3.58746291307884e-05	15.8000502028164	0.999999999998236
55.375	37.5	0.999999999986257	0.800017382401599	-3.56076472791994e-05	15.6000458179593	0.999999999998488
55.625	37.5	0.999999999988201	0.800017071828633	-3.53418579789918e-05	15.4000415112407	0.999999999998702
55.875	37.5	0.999999999989848	0.800016765208275	-3.50774017350412e-05	15.2000372816648	0.999999999998883
56.125	37.5	0.999999999991246	0.800016462480401	-3.48144115647403e-05	15.000033128251	0.999999999999037
56.375	37.5	0.999999999992431	0.800016163585008	-3.4553013359444e-05	14.8000290500336	0.999999999999167
56.625	37.5	0.999999999993437	0.800015868462231	-3.42933262370002e-05	14.6000250460619	0.999999999999278
56.875	37.5	0.99999999999429	0.800015577052377	-3.40354628701191e-05	14.4000211154003	0.999999999999372
57.125	37.5	0.999999999995015	0.800015289295958	-3.37795298042071e-05	14.2000172571279	0.999999999999452
57.375	37.5	0.99999999999563	0.800015005133703	-3.35256277640254e-05	14.0000134703387	0.999999999999519
57.625	37.5	0.999999999996151	0.80001472450659	-3.32738519341802e-05	13.8000097541416	0.999999999999577
57.875	37.5	0.999999999996593	0.80001444735588	-3.30242922416367e-05	13.6000061076601	0.999999999999625
58.125	37.5	0.999999999996969	0.800014173623084	-3.27770336122585e-05	13.4000025300324	0.999999999999667
58.375	37.5	0.999999999997287	0.800013903250049	-3.25321562173235e-05	13.1999990204112	0.999999999999702
58.625	37.5	0.999999999997557	0.800013636178914	-3.2289735718016e-05	12.9999955779639	0.999999999999731
58.875	37.5	0.999999999997786	0.800013372352169	-3.20498434882963e-05	12.799992201872	0.999999999999756
59.125	37.5	0.999999999997981	0.800013111712627	-3.1812546829269e-05	12.5999888913317	0.999999999999778
59.375	37.5	0.999999999998147	0.80001285420346	-3.15779091796789e-05	12.3999856455532	0.999999999999796
59.625	37.5	0.999999999998287	0.800012599768214	-3.13459903033603e-05	12.1999824637609	0.999999999999811
59.875	37.5	0.999999999998405	0.800012348350782	-3.11168464868245e-05	11.9999793451935	0.999999999999824
60.125	37.5	0.999999999998503	0.800012099895438	-3.08905307060134e-05	11.7999762891032	0.999999999999835
60.375	37.5	0.999999999998588	0.800011854346848	-3.06670928050779e-05	11.5999732947566	0.999999999999845
60.625	37.5	0.99999999999866	0.800011611650058	-3.04465796494413e-05	11.3999703614338	0.999999999999853
60.875	37.5	0.999999999998722	0.800011371750483	-3.02290352900995e-05	11.1999674884286	0.999999999999859
61.125	37.5	0.999999999998775	0.800011134593958	-3.00145010980382e-05	10.9999646750484	0.999999999999865
61.375	37.5	0.999999999998818	0.800010900126688	-2.98030159129053e-05	10.7999619206143	0.99999999999987
61.625	37.5	0.999999999998855	0.80001066829528	-2.95946161692823e-05	10.5999592244604	0.999999999999874
61.875	37.5	0.999999999998887	0.80001043904672	-2.93893360315607e-05	10.3999565859346	0.999999999999878
62.125	37.5	0.999999999998915	0.800010212328395	-2.91872075040674e-05	10.1999540043975	0.999999999999881
62.375	37.5	0.99999999999894	0.800009988088089	-2.89882605506376e-05	9.99995147922314	0.999999999999883
62.625	37.5	0.999999999998958	0.800009766273952	-2.87925232053108e-05	9.79994900979847	0.999999999999885
62.875	37.5	0.999999999998971	0.800009546834517	-2.86000216747011e-05	9.59994659552334	0.999999999999887
63.125	37.5	0.999999999998976	0.800009329718721	-2.84107804341706e-05	9.3999442358104	0.999999999999887
63.375	37.5	0.999999999998974	0.800009114875842	-2.82248223277163e-05	9.19994193008507	0.999999999999887
63.625	37.5	0.99999999999897	0.800008902255563	-2.80421686466001e-05	8.99993967778537	0.999999999999887
63.875	37.5	0.999999999998973	0.80000869180789	-2.78628392246636e-05	8.79993747836184	0.999999999999887
64.125	37.5	0.99999999999899	0.800008483483235	-2.76868525167899e-05	8.5999353312775	0.999999999999889
64.375	37.5	0.999999999999034	0.800008277232326	-2.75142256687983e-05	8.39993323600772	0.999999999999894
64.625	37.5	0.999999999999109	0.800008073006267	-2.73449745978562e-05	8.19993119204012	0.999999999999902
64.875	37.5	0.999999999999199	0.800007870756475	-2.71791140592059e-05	7.99992919887452	0.999999999999912
65.125	37.5	0.999999999999267	0.800007670434719	-2.70166577075334e-05	7.79992725602283	0.999999999999919
65.375	37.5	0.999999999999256	0.800007471993087	-2.68576181644024e-05	7.599925363009	0.999999999999918
65.625	37.5	0.999999999999104	0.800007275383995	-2.67020070753698e-05	7.39992351936889	0.999999999999902
65.875	37.5	0.999999999998785	0.800007080560164	-2.65498351638668e-05	7.19992172465022	0.999999999999866
66.125	37.5	0.999999999998344	0.800006887474622	-2.64011122866493e-05	6.99991997841251	0.999999999999818
66.375	37.5	0.999999999997932	0.800006696080686	-2.62558474819256e-05	6.79991828022697	0.999999999999773
66.625	37.5	0.999999999997792	0.80000650633197	-2.61140490173897e-05	6.59991662967644	0.999999999999757
66.875	37.5	0.999999999998177	0.80000631818236	-2.59757244384221e-05	6.39991502635531	0.999999999999799
67.125	37.5	0.999999999999197	0.800006131586015	-2.58408806083241e-05	6.19991346986946	0.999999999999912
67.375	37.5	1.00000000000066	0.800005946497362	-2.570952374789e-05	5.99991195983619	1.00000000000007
67.625	37.5	1.00000000000201	0.800005762871092	-2.55816594744979e-05	5.79991049588419	1.00000000000022
67.875	37.5	1.00000000000254	0.800005580662141	-2.54572928345879e-05	5.59990907765343	1.00000000000028
68.125	37.5	1.00000000000193	0.800005399825706	-2.53364283318027e-05	5.39990770479515	1.00000000000021
68.375	37.5	1.00000000000102	0.800005220317195	-2.52190699549783e-05	5.19990637697175	1.00000000000011
68.625	37.5	1.00000000000217	0.800005042092216	-2.51052211972003e-05	4.9999050938567	1.00000000000024
68.875	37.5	1.00000000000859	0.800004865106551	-2.49948850908306e-05	4.79990385513452	1.00000000000095
69.125	37.5	1.00000000002147	0.800004689316138	-2.48880642417854e-05	4.59990266050063	1.00000000000236
69.375	37.5	1.00000000003483	0.800004514677105	-2.47847608824815e-05	4.39990150966152	1.00000000000383
69.625	37.5	1.00000000002991	0.80000434114586	-2.46849769451432e-05	4.19990040233483	1.00000000000329
69.875	37.5	0.999999999973596	0.800004168679244	-2.45887141322244e-05	3.99989933824963	0.999999999997096
70.125	37.5	0.999999999828379	0.800003997234709	-2.44959739667252e-05	3.79989831714663	0.999999999981122
70.375	37.5	0.999999999581633	0.800003826770331	-2.44067577650611e-05	3.59989733877781	0.99999999995398
70.625	37.5	0.999999999295913	0.800003657244508	-2.43210664773212e-05	3.39989640290538	0.99999999992255
70.875	37.5	0.999999999166797	0.800003488615127	-2.42389003653408e-05	3.19989550929938	0.999999999908348
71.125	37.5	0.999999999550149	0.800003320838126	-2.41602585662827e-05	2.99989465773447	0.999999999950516
71.375	37.5	1.00000000089438	0.800003153865886	-2.40851387179131e-05	2.79989384798706	1.00000000009838
71.625	37.5	1.00000000350378	0.800002987646382	-2.40135370281917e-05	2.59989307983588	1.00000000038542
71.875	37.5	1.00000000709492	0.800002822124822	-2.3945449271221e-05	2.39989235306995	1.00000000078044
72.125	37.5	1.0000000102204	0.800002657249617	-2.38808731524726e-05	2.19989166750788	1.00000000112424
72.375	37.5	1.00000000983232	0.800002492983731	-2.38198120015718e-05	1.99989102302818	1.00000000108155
72.625	37.5	1.00000000150207	0.80000232931953	-2.37622787468356e-05	1.79989041960205	1.00000000016523
72.875	37.5	0.999999980974851	0.800002166290488	-2.37082976139261e-05	1.59988985730668	0.999999997907234
73.125	37.5	0.999999947594313	0.800002003967006	-2.36578994874134e-05	1.39988933628376	0.999999994235374
73.375	37.5	0.99999990941052	0.800001842419578	-2.36111064891273e-05	1.19988885660415	0.999999990035157
73.625	37.5	0.999999888296831	0.80000168163585	-2.35679036901828e-05	0.999888418020076	0.999999987712651
73.875	37.5	0.999999921298943	0.800001521395391	-2.35282027179733e-05	0.799888019646139	0.999999991342884
74.125	37.5	1.00000005250595	0.800001361141675	-2.34918137956286e-05	0.599887659714771	1.00000000577565
74.375	37.5	1.00000030959697	0.800001199905328	-2.34584570742431e-05	0.39988733567891	1.00000003405567
74.625	37.5	1.00000066319342	0.800000934010362	-2.34278553470209e-05	0.199887045037843	1.00000007295128
74.875	37.5	1.0000009774009	0.400001171233955	-2.34056919121775e-05	-0.000113161480300984	1.0000001075141
0.125	38.5	3.65139434875445e-07	0.399997782147276	-0.00026423280538922	58.5927112602444	0.890000040165338
0.375	38.5	-4.65119221508824e-06	0.799993612339427	-0.000265096832800018	58.4147122391556	0.889999488368856
0.625	38.5	-1.57279213044226e-05	0.799989424330553	-0.000266826285952678	58.2367143074034	0.889998269928656
0.875	38.5	-3.36730207643098e-05	0.79998514205727	-0.000269426558766459	58.0587176373466	0.889996295967716
1.125	38.5	-5.81376580225656e-05	0.799980781468412	-0.000272903692468223	57.8807224007714	0.889993604857618
1.375	38.5	-8.6742358837685e-05	0.799976326618682	-0.000277264169983503	57.7027287475862	0.889990458340528
1.625	38.5	-0.000114247716717939	0.799971758950753	-0.000282514082315817	57.524736751974	0.889987432751161
1.875	38.5	-0.000131842458111186	0.799967054944332	-0.000288658067268701	57.3467463415716	0.889985497329608
2.125	38.5	-0.000126649564131307	0.799962183895526	-0.000295698111137375	57.1687572133489	0.889986068547945
2.375	38.5	-8.15490319158286e-05	0.799957106397287	-0.000303632335623099	56.9907687420509	0.889991029606489
2.625	38.5	2.46082699857806e-05	0.799951773939677	-0.000312453920123915	56.8127798889619	0.890002706909698
2.875	38.5	0.000216361106772701	0.799946129880008	-0.000322150323492384	56.6347891199434	0.890023799721745
3.125	38.5	0.000520586992809667	0.799940111843389	-0.000332702967692357	56.4567943419114	0.890057264569209
3.375	38.5	0.000965104186001285	0.799933655426113	-0.000344087526756947	56.2787928660533	0.89010616146046
3.625	38.5	0.00157703454181551	0.799926698915481	-0.000356274931334986	56.1007814041768	0.8901734737996
3.875	38.5	0.00238106635431187	0.799919188636686	-0.000369233157020578	55.922756101866	0.890261917298974
4.125	38.5	0.00339777081949079	0.799911084495844	-0.000382929818743117	55.7447126088883	0.890373754790144
4.375	38.5	0.00464212218337809	0.799902365318197	-0.000397335548969237	55.5666461839565	0.890510633440172
4.625	38.5	0.00612235112275575	0.799893033663806	-0.000412428097916185	55.3885518278638	0.890673458623503
4.875	38.5	0.00783922674568309	0.799883119930604	-0.000428197058910174	55.2104244365352	0.890862314942025
5.125	38.5	0.00978581962350093	0.799872685712096	-0.000444649090376986	55.0322589639008	0.891076440158585
5.375	38.5	0.0119477521809371	0.799861826539228	-0.000461813473299891	54.8540505838416	0.891314252739903
5.625	38.5	0.0143038995184023	0.799850674294653	-0.000479747805331634	54.6757948407804	0.891573428947024
5.875	38.5	0.0168274688808519	0.799839399715265	-0.000498543588197256	54.4974877796659	0.891851021576894
6.125	38.5	0.0194873640614787	0.799828215477855	-0.000518331412354057	54.3191260479005	0.892143610046763
6.375	38.5	0.0222497349046459	0.799817380375295	-0.000539285387224111	54.1407069638654	0.892447470839511
6.625	38.5	0.0250796223656031	0.799807205020973	-0.000561626411406173	53.9622285487616	0.892758758460216
6.875	38.5	0.0279426343064071	0.799798059370235	-0.000585623833786997	53.7836895201695	0.893073689773705
7.125	38.5	0.0308066218345398	0.799790382134652	-0.000611595028981389	53.6050892467684	0.893388728401799
7.375	38.5	0.0336433640757279	0.799784691911546	-0.000639902400097134	53.4264276639119	0.89370077004833
7.625	38.5	0.0364303036032348	0.799781599600834	-0.000670947322500383	53.2477051492347	0.894007333396356
7.875	38.5	0.039152398899351	0.799781821465479	-0.000705160533402013	53.0689223563154	0.894306763878929
8.125	38.5	0.0418041702254783	0.799786192035892	-0.000742988423238119	52.8900800029349	0.894598458724803
8.375	38.5	0.0443920109871836	0.799795675964445	-0.000784874545341188	52.7111786089447	0.89488312120859
8.625	38.5	0.0469368225449248	0.799811377865021	-0.000831235371312181	52.5322181774978	0.895163050479942
8.875	38.5	0.0494770152714166	0.799834549056529	-0.000882428808825162	52.353197812516	0.895442471679856
9.125	38.5	0.052071914413354	0.799866589851412	-0.000938713201845169	52.1741152647066	0.895727910585469
9.375	38.5	0.0548056285760303	0.799909045438938	-0.00100019340304525	51.9949663978578	0.896028619143363
9.625	38.5	0.0577914912288557	0.79996359233134	-0.00106674905680941	51.8157445659726	0.896357064035174
9.875	38.5	0.0611772740311387	0.800032010556094	-0.00113793858101482	51.6364398893572	0.896729500143425
10.125	38.5	0.0651514842397954	0.800116134083074	-0.00121287082273591	51.4570384134876	0.897166663266378
10.375	38.5	0.0699511646254608	0.80021776817208	-0.00129003570020091	51.2775211282133	0.897694628108801
10.625	38.5	0.0758716469087896	0.8003385573391	-0.00136708667687319	51.0978628175609	0.898345881159967
10.875	38.5	0.0832785505905229	0.800479781738438	-0.0014405739743678	50.918030704929	0.899160640564957
11.125	38.5	0.0926217754366189	0.800642054112597	-0.00150564167766975	50.7379828608818	0.900188395298028
11.375	38.5	0.10445002230745	0.800824887264788	-0.00155572930870474	50.5576663619529	0.901489502453819
11.625	38.5	0.11942213255913	0.801026110425865	-0.00158236416358098	50.3770152462683	0.903136434581504
11.875	38.5	0.138307949798355	0.80124114563613	-0.00157519594961934	50.1959484292367	0.905213874477819
12.125	38.5	0.161966582232612	0.801462233577124	-0.00152249834220528	50.0143679453234	0.907816324045587
12.375	38.5	0.191285150693114	0.801677843348394	-0.00141240402007255	49.8321581798335	0.911041366576242
12.625	38.5	0.227059884838168	0.801872703692056	-0.00123507206623197	49.6491871063138	0.914976587332199
12.875	38.5	0.269810219813154	0.802029053167406	-0.000985706569993241	49.4653108048524	0.919679124179447
13.125	38.5	0.319542611294429	0.802129573748928	-0.000667807985451516	49.2803824176895	0.925149687242387
13.375	38.5	0.375524423072857	0.802161742920001	-0.00029541095521462	49.0942658426779	0.931307686538014
13.625	38.5	0.436170659213764	0.80212207761057	0.000107185793696318	48.9068527191407	0.937978772513514
13.875	38.5	0.499147145745531	0.802017869000419	0.00050902461506206	48.7180791017605	0.944906186032008
14.125	38.5	0.561719342440843	0.801864856246118	0.00087868952058676	48.5279368962405	0.951789127668493
14.375	38.5	0.621249666917815	0.801681854673697	0.00119083895805785	48.3364759757055	0.95833746336096
14.625	38.5	0.675656787085303	0.80148543144488	0.00143054666923631	48.1437960186867	0.964322246579383
14.875	38.5	0.723673981749334	0.801287217114372	0.00159418214381417	47.9500308597403	0.969604137992427
15.125	38.5	0.764859579466472	0.801094106280945	0.00168732027049772	47.7553303179292	0.974134553741312
15.375	38.5	0.799426705448149	0.800909882514215	0.00172121344356654	47.559844134836	0.977936937599296
15.625	38.5	0.828003537488767	0.80073678100165	0.00170932771866924	47.3637106389881	0.981080389123764
15.875	38.5	0.851412764037839	0.80057637059207	0.00166479587597642	47.1670505584482	0.983655404044162
16.125	38.5	0.870512090929342	0.800429840410104	0.00159897222116633	46.9699650023035	0.985756330002228
16.375	38.5	0.886099922251183	0.800297997102835	0.00152088215488581	46.7725361674509	0.98747099144763
16.625	38.5	0.89887178105131	0.800181206739016	0.00143724281717114	46.5748294739325	0.988875895915644
16.875	38.5	0.909409174344425	0.800079383135864	0.00135277162310973	46.376896213551	0.990035009177887
17.125	38.5	0.918185866316067	0.799992036039957	0.00127059092322055	46.1787761741734	0.991000445294767
17.375	38.5	0.925581556527783	0.79991835722664	0.00119262186917424	45.9804999815302	0.991813971218056
17.625	38.5	0.931897278216229	0.799857318561484	0.00111992005849199	45.78209107286	0.992508700603785
17.875	38.5	0.937369778508623	0.799807763763351	0.00105294041770239	45.5835673075247	0.993110675635948
18.125	38.5	0.942183871354076	0.799768484579731	0.000991736048212115	45.3849422584857	0.993640225848948
18.375	38.5	0.946482635902748	0.799738278658014	0.000936102386355389	45.1862262386521	0.994113089949302
18.625	38.5	0.950375705783124	0.799715990180248	0.000885679078671954	44.9874271127609	0.994541327636144
18.875	38.5	0.953945996896839	0.799700536032788	0.000840020552722408	44.7885509372973	0.994934059658652
19.125	38.5	0.957255199612913	0.79969092071798	0.000798644062693346	44.589602462295	0.99529807195742
19.375	38.5	0.960348296450201	0.799686243000624	0.000761061815791447	44.3905855214675	0.995638312609522
19.625	38.5	0.963257298114213	0.799685696795645	0.000726801958492477	44.1915033314414	0.995958302792563
19.875	38.5	0.966004335186911	0.799688568260926	0.000695421793463032	43.992358716738	0.99626047687056
20.125	38.5	0.968604203656182	0.79969423055676	0.0006665155706775	43.7931542742033	0.99654646240218
20.375	38.5	0.971066437959375	0.799702137316702	0.000639718476134177	43.5938924884483	0.996817308175531
20.625	38.5	0.973396971455803	0.799711815545452	0.000614707950075058	43.394575808214	0.997073666860138
20.875	38.5	0.975599437270548	0.799722858414936	0.000591203136996356	43.1952066922106	0.99731593809976
21.125	38.5	0.97767615901665	0.799734918253678	0.000568963049003748	42.995787631774	0.997544377491832
21.375	38.5	0.979628878723209	0.799747699903664	0.000547783874362583	42.7963211565556	0.997759176659553
21.625	38.5	0.981459267011143	0.799760954536785	0.000527495758393183	42.5968098284164	0.997960519371226
21.875	38.5	0.983169257534595	0.799774473972995	0.000507959306994189	42.3972562277115	0.998148618328805
22.125	38.5	0.984761243819549	0.799788085508654	0.000489062003494125	42.197662935267	0.99832373682015
22.375	38.5	0.986238172056683	0.799801647245415	0.00047071468213169	41.998032512552	0.998486198926235
22.625	38.5	0.987603558452104	0.799815043898888	0.000452848161775377	41.7983674818745	0.998636391429731
22.875	38.5	0.988861454738997	0.799828183059772	0.000435410110974694	41.5986703078598	0.99877476002129
23.125	38.5	0.990016380689682	0.799840991877711	0.000418362188685595	41.3989433810096	0.998901801875865
23.375	38.5	0.991073238149585	0.799853414135474	0.000401677483179022	41.1991890037903	0.999018056196454
23.625	38.5	0.992037217365381	0.799865407681854	0.000385338255124967	40.9994093794237	0.999124093910192
23.875	38.5	0.9929137032496	0.799876942190644	0.000369333978014174	40.799606603369	0.999220507357456
24.125	38.5	0.99370818670479	0.799887997214175	0.000353659660573802	40.5997826573518	0.999307900537527
24.375	38.5	0.994426184174035	0.799898560501671	0.000338314429586227	40.399939405715	0.999386880259144
24.625	38.5	0.99507316712026	0.799908626552609	0.000323300348638728	40.2000785938256	0.999458048383229
24.875	38.5	0.995654502083294	0.799918195378446	0.00030862144694185	40.0002018482499	0.999521995229162
25.125	38.5	0.996175401240223	0.799927271447441	0.000294282932027133	39.8003106784165	0.999579294136425
25.375	38.5	0.996640882926535	0.799935862789208	0.000280290561761262	39.6004064794951	0.999630497121919
25.625	38.5	0.997055741297971	0.799943980237915	0.000266650152514289	39.4004905362446	0.999676131542777
25.875	38.5	0.997424524172209	0.799951636795649	0.000253367202309141	39.2005640276073	0.999716697658943
26.125	38.5	0.99775151804296	0.799958847098634	0.000240446610401035	39.0006280318512	0.999752666984726
26.375	38.5	0.998040739274095	0.799965626971919	0.000227892476499089	38.8006835320923	0.99978448132015
26.625	38.5	0.99829593053374	0.799971993059511	0.000215707965486992	38.6007314220493	0.999812552358711
26.875	38.5	0.998520561601885	0.799977962518324	0.000203895225092371	38.4007725119091	0.999837261776207
27.125	38.5	0.998717833767706	0.79998355276684	0.000192455346124132	38.2008075342003	0.999858961714448
27.375	38.5	0.99889068711716	0.799988781279705	0.000181388356171077	38.0008371495925	0.999877975582888
27.625	38.5	0.999041810093553	0.79999366542118	0.000170693239465069	37.800861952554	0.999894599110291
27.875	38.5	0.999173650790855	0.79999822231158	0.000160367976591915	37.6008824768139	0.999909101586994
28.125	38.5	0.999288429510815	0.800002468721192	0.000150409598740131	37.4008992005912	0.99992172724619
28.375	38.5	0.99938815217977	0.80000642098769	0.000140814252490954	37.2009125515587	0.999932696739775
28.625	38.5	0.999474624279814	0.800010094952573	0.000131577271397086	37.0009229115234	0.99994220867078
28.875	38.5	0.999549465002084	0.800013505914605	0.000122693251646308	36.8009306208103	0.999950441150229
29.125	38.5	0.999614121377672	0.800016668596397	0.000114156129602753	36.6009359823439	0.999957553351544
29.375	38.5	0.999669882184615	0.800019597122616	0.000105959259222264	36.4009392654271	0.999963687040308
29.625	38.5	0.999717891467815	0.800022305007552	9.8095488162617e-05	36.2009407092226	0.99996896806146
29.875	38.5	0.999759161543031	0.800024805150578	9.05572313354141e-05	36.0009405259437	0.999973507769733
30.125	38.5	0.999794585386586	0.800027109837792	8.33365411383738e-05	35.8009389037655	0.999977404392524
30.375	38.5	0.99982494833917	0.800029230749143	7.64251738923942e-05	35.6009360094701	0.999980744317309
30.625	38.5	0.999850939075707	0.800031178969505	6.98146518916811e-05	35.40093199084	0.999983603298328
30.875	38.5	0.999873159813234	0.800032965003247	6.3496321008982e-05	35.2009269788147	0.999986047579456
31.125	38.5	0.999892135746197	0.80003459879123	5.74614036331464e-05	35.0009210894281	0.999988134932082
31.375	38.5	0.999908323712922	0.80003608972977	5.17010470305181e-05	34.8009144255415	0.999989915608421
31.625	38.5	0.999922120108774	0.800037446691161	4.62063670446226e-05	34.6009070783902	0.999991433211965
31.875	38.5	0.999933868071161	0.800038678045096	4.09684874391983e-05	34.4008991289583	0.999992725487828
32.125	38.5	0.999943863968725	0.800039791680459	3.59785749099064e-05	34.2008906491984	0.99999382503656
32.375	38.5	0.999952363232607	0.800040795027833	3.12278700810344e-05	34.0008817031099	0.999994759955587
32.625	38.5	0.999959585571288	0.800041695081543	2.67077146544457e-05	33.8008723476911	0.999995554412842
32.875	38.5	0.999965719612875	0.800042498421947	2.24095750064508e-05	33.600862633777	0.999996229157416
33.125	38.5	0.999970927019684	0.800043211236875	1.83250624932156e-05	33.4008526067759	0.999996801972165
33.375	38.5	0.99997534612001	0.800043839343007	1.44459505987245e-05	33.2008423073156	0.999997288073201
33.625	38.5	0.999979095101053	0.800044388206332	1.0764189428936e-05	33.0008317718097	0.999997700461116
33.875	38.5	0.999982274805591	0.800044862961914	7.27191753760567e-06	32.8008210329525	0.999998050228615
34.125	38.5	0.999984971172825	0.800045268433037	3.96147151037808e-06	32.6008101201526	0.999998346829011
34.375	38.5	0.999987257361605	0.800045609149504	8.25393409613728e-07	32.4007990599116	0.999998598309777
34.625	38.5	0.999989195591501	0.800045889364807	-2.14356355807595e-06	32.2007878761539	0.999998811515065
34.875	38.5	0.999990838734528	0.800046113073094	-4.95243114319738e-06	32.0007765905165	0.999998992260798
35.125	38.5	0.999992231687513	0.800046284024427	-7.60802352738476e-06	31.8007652226006	0.999999145485626
35.375	38.5	0.999993412552303	0.800046405740011	-1.01169361715593e-05	31.6007537901922	0.999999275380753
35.625	38.5	0.999994413648344	0.800046481526105	-1.24855457546747e-05	31.4007423094555	0.999999385501318
35.875	38.5	0.999995262379564	0.800046514487275	-1.47200111212869e-05	31.2007307951014	0.999999478861752
36.125	38.5	0.999995981975092	0.800046507538892	-1.68262750854587e-05	31.0007192605358	0.99999955801726
36.375	38.5	0.999996592121067	0.800046463418875	-1.88100669728056e-05	30.8007077179898	0.999999625133317
36.625	38.5	0.999997109498695	0.800046384698729	-2.06769057785631e-05	30.6006961786342	0.999999682044856
36.875	38.5	0.999997548241878	0.800046273793768	-2.24321038564785e-05	30.4006846526803	0.999999730306607
37.125	38.5	0.99999792032596	0.80004613297301	-2.40807710616215e-05	30.2006731494693	0.999999771235856
37.375	38.5	0.999998235897648	0.800045964368027	-2.56278192359893e-05	30.000661677551	0.999999805948741
37.625	38.5	0.999998503554775	0.80004576998167	-2.70779670016759e-05	29.8006502447543	0.999999835391025
37.875	38.5	0.999998730583374	0.80004555169582	-2.84357447647481e-05	29.6006388582495	0.999999860364171
38.125	38.5	0.9999989231585	0.800045311279018	-2.97054999083994e-05	29.4006275246037	0.999999881547435
38.375	38.5	0.999999086514261	0.80004505039328	-3.08914021196613e-05	29.2006162498312	0.999999899516569
38.625	38.5	0.999999225087747	0.800044770600674	-3.19974487754628e-05	29.0006050394379	0.999999914759652
38.875	38.5	0.999999342640883	0.800044473369429	-3.3027470397068e-05	28.8005938984619	0.999999927690497
39.125	38.5	0.999999442363544	0.800044160079594	-3.39851361258812e-05	28.6005828315093	0.99999993865999
39.375	38.5	0.999999526960841	0.800043832028373	-3.48739591534944e-05	28.4005718427877	0.999999947965693
39.625	38.5	0.999999598727044	0.800043490435117	-3.56973021592616e-05	28.2005609361359	0.999999955859975
39.875	38.5	0.999999659608131	0.800043136445968	-3.64583826663412e-05	28.0005501150507	0.999999962556894
40.125	38.5	0.999999711254798	0.80004277113821	-3.71602783199751e-05	27.8005393827121	0.999999968238028
40.375	38.5	0.999999755067354	0.800042395524419	-3.78059321118622e-05	27.6005287420057	0.999999973057409
40.625	38.5	0.99999979223375	0.800042010556192	-3.83981574576427e-05	27.4005181955436	0.999999977145713
40.875	38.5	0.999999823761819	0.800041617127771	-3.893964320655e-05	27.2005077456833	0.9999999806138
41.125	38.5	0.999999850506609	0.800041216079391	-3.94329584937872e-05	27.0004973945456	0.999999983555727
41.375	38.5	0.999999873193548	0.800040808200438	-3.98805575217392e-05	26.8004871440301	0.99999998605129
41.625	38.5	0.999999892438091	0.800040394232384	-4.02847841557066e-05	26.6004769958308	0.99999998816819
41.875	38.5	0.9999999087624	0.800039974871516	-4.06478764249881e-05	26.4004669514499	0.999999989963864
42.125	38.5	0.999999922609468	0.800039550771557	-4.09719708749635e-05	26.2004570122101	0.999999991487042
42.375	38.5	0.999999934355124	0.800039122546167	-4.12591067770189e-05	26.000447179267	0.999999992779064
42.625	38.5	0.999999944318205	0.800038690771059	-4.15112302221545e-05	25.8004374536203	0.999999993875003
42.875	38.5	0.999999952769194	0.800038255986315	-4.17301980500464e-05	25.6004278361236	0.999999994804611
43.125	38.5	0.999999959937549	0.800037818698351	-4.19177816671576e-05	25.4004183274945	0.99999999559313
43.375	38.5	0.999999966017921	0.800037379381742	-4.20756707160234e-05	25.2004089283234	0.999999996261971
43.625	38.5	0.999999971175428	0.800036938481127	-4.22054766046039e-05	25.0003996390821	0.999999996829297
43.875	38.5	0.999999975550135	0.800036496412775	-4.23087359250062e-05	24.8003904601314	0.999999997310515
44.125	38.5	0.999999979260851	0.800036053566295	-4.23869137228687e-05	24.6003813917288	0.999999997718694
44.375	38.5	0.999999982408361	0.80003561030598	-4.24414066554471e-05	24.400372434035	0.99999999806492
44.625	38.5	0.999999985078145	0.800035166972304	-4.247354601582e-05	24.2003635871209	0.999999998358596
44.875	38.5	0.999999987342715	0.800034723883267	-4.24846006495627e-05	24.0003548509733	0.999999998607699
45.125	38.5	0.999999989263576	0.800034281335576	-4.24757797290955e-05	23.8003462255009	0.999999998818993
45.375	38.5	0.999999990892898	0.800033839605812	-4.2448235450728e-05	23.6003377105394	0.999999998998219
45.625	38.5	0.999999992274931	0.80003339895163	-4.24030655896582e-05	23.4003293058569	0.999999999150242
45.875	38.5	0.999999993447211	0.80003295961276	-4.23413159730357e-05	23.2003210111583	0.999999999279193
46.125	38.5	0.999999994441573	0.800032521811956	-4.22639828191074e-05	23.0003128260903	0.999999999388573
46.375	38.5	0.999999995285022	0.800032085755976	-4.21720150183704e-05	22.800304750245	0.999999999481352
46.625	38.5	0.99999999600046	0.800031651636506	-4.20663162788103e-05	22.6002967831643	0.999999999560051
46.875	38.5	0.999999996607317	0.800031219630909	-4.19477471997395e-05	22.4002889243438	0.999999999626805
47.125	38.5	0.999999997122075	0.800030789903055	-4.18171272465697e-05	22.2002811732356	0.999999999683428
47.375	38.5	0.999999997558709	0.800030362604114	-4.16752366492628e-05	22.0002735292527	0.999999999731458
47.625	38.5	0.999999997929074	0.800029937873159	-4.15228182150099e-05	21.8002659917712	0.999999999772198
47.875	38.5	0.999999998243231	0.800029515837972	-4.1360579050936e-05	21.6002585601338	0.999999999806755
48.125	38.5	0.99999999850971	0.800029096615505	-4.11891922144681e-05	21.4002512336523	0.999999999836068
48.375	38.5	0.999999998735745	0.800028680312676	-4.10092983068544e-05	21.2002440116105	0.999999999860932
48.625	38.5	0.999999998927475	0.800028267026782	-4.0821506974012e-05	21.0002368932666	0.999999999882022
48.875	38.5	0.999999999090108	0.800027856846067	-4.06263983440339e-05	20.8002298778554	0.999999999899912
49.125	38.5	0.99999999922806	0.800027449850315	-4.04245244121757e-05	20.6002229645907	0.999999999915087
49.375	38.5	0.999999999345074	0.800027046111243	-4.02164103503804e-05	20.4002161526673	0.999999999927958
49.625	38.5	0.99999999944433	0.800026645692978	-4.0002555761741e-05	20.2002094412629	0.999999999938876
49.875	38.5	0.999999999528522	0.800026248652473	-3.97834358803683e-05	20.0002028295401	0.999999999948137
50.125	38.5	0.999999999599938	0.800025855040004	-3.95595027145012e-05	19.8001963166481	0.999999999955993
50.375	38.5	0.999999999660512	0.800025464899432	-3.93311861426747e-05	19.6001899017241	0.999999999962656
50.625	38.5	0.999999999711893	0.800025078268675	-3.90988949357527e-05	19.4001835838954	0.999999999968308
50.875	38.5	0.999999999755476	0.800024695179955	-3.88630177738613e-05	19.2001773622802	0.999999999973102
51.125	38.5	0.999999999792446	0.800024315660281	-3.86239241737995e-05	19.0001712359894	0.999999999977169
51.375	38.5	0.999999999823806	0.800023939731565	-3.83819654108638e-05	18.8001652041279	0.999999999980619
51.625	38.5	0.999999999850404	0.80002356741108	-3.8137475370439e-05	18.6001592657955	0.999999999983544
51.875	38.5	0.999999999872964	0.800023198711653	-3.78907713618063e-05	18.4001534200885	0.999999999986026
52.125	38.5	0.999999999892103	0.800022833641985	-3.76421549297909e-05	18.2001476661002	0.999999999988131
52.375	38.5	0.999999999908335	0.800022472206856	-3.73919125644388e-05	18.0001420029223	0.999999999989917
52.625	38.5	0.999999999922103	0.800022114407364	-3.71403164544127e-05	17.800136429646	0.999999999991431
52.875	38.5	0.999999999933784	0.800021760241232	-3.68876251389815e-05	17.6001309453624	0.999999999992716
53.125	38.5	0.999999999943693	0.800021409702871	-3.66340841588958e-05	17.4001255491637	0.999999999993806
53.375	38.5	0.999999999952099	0.80002106278375	-3.63799266938926e-05	17.2001202401438	0.999999999994731
53.625	38.5	0.999999999959228	0.800020719472464	-3.61253741295113e-05	17.0001150173992	0.999999999995515
53.875	38.5	0.999999999965274	0.80002037975499	-3.58706366311853e-05	16.8001098800295	0.99999999999618
54.125	38.5	0.999999999970402	0.800020043614794	-3.56159136770974e-05	16.6001048271381	0.999999999996744
54.375	38.5	0.999999999974753	0.800019711033051	-3.53613945748227e-05	16.4000998578329	0.999999999997223
54.625	38.5	0.999999999978441	0.800019381988766	-3.51072589389799e-05	16.2000949712268	0.999999999997629
54.875	38.5	0.999999999981571	0.800019056458966	-3.4853677163675e-05	16.0000901664381	0.999999999997973
55.125	38.5	0.999999999984225	0.800018734418725	-3.46008108580858e-05	15.8000854425912	0.999999999998265
55.375	38.5	0.999999999986476	0.800018415841444	-3.43488132761485e-05	15.6000807988169	0.999999999998512
55.625	38.5	0.999999999988386	0.80001810069885	-3.40978297114018e-05	15.4000762342528	0.999999999998722
55.875	38.5	0.999999999990005	0.800017788961195	-3.38479978898899e-05	15.2000717480439	0.999999999998901
56.125	38.5	0.99999999999138	0.800017480597311	-3.35994483229272e-05	15.0000673393427	0.999999999999052
56.375	38.5	0.999999999992545	0.800017175574729	-3.33523046719942e-05	14.8000630073098	0.99999999999918
56.625	38.5	0.999999999993535	0.800016873859806	-3.31066840647469e-05	14.6000587511138	0.999999999999289
56.875	38.5	0.999999999994375	0.800016575417768	-3.28626974265863e-05	14.4000545699321	0.999999999999381
57.125	38.5	0.999999999995086	0.800016280212828	-3.26204497690563e-05	14.2000504629509	0.999999999999459
57.375	38.5	0.99999999999569	0.80001598820827	-3.23800404888104e-05	14.0000464293654	0.999999999999526
57.625	38.5	0.999999999996202	0.800015699366499	-3.21415636380552e-05	13.80004246838	0.999999999999582
57.875	38.5	0.999999999996638	0.80001541364914	-3.19051081821862e-05	13.6000385792089	0.99999999999963
58.125	38.5	0.999999999997007	0.800015131017082	-3.16707582537254e-05	13.4000347610756	0.999999999999671
58.375	38.5	0.999999999997319	0.80001485143059	-3.14385933949988e-05	13.2000310132138	0.999999999999705
58.625	38.5	0.999999999997583	0.80001457484929	-3.12086887720513e-05	13.0000273348671	0.999999999999734
58.875	38.5	0.999999999997808	0.800014301232299	-3.0981115405057e-05	12.800023725289	0.999999999999759
59.125	38.5	0.999999999997999	0.800014030538212	-3.07559403584858e-05	12.6000201837438	0.99999999999978
59.375	38.5	0.999999999998161	0.800013762725211	-3.0533226950335e-05	12.4000167095057	0.999999999999798
59.625	38.5	0.999999999998297	0.800013497751076	-3.03130349350982e-05	12.2000133018598	0.999999999999813
59.875	38.5	0.999999999998412	0.80001323557323	-3.00954206832961e-05	12.0000099601016	0.999999999999825
60.125	38.5	0.999999999998512	0.800012976148789	-2.98804373451789e-05	11.8000066835372	0.999999999999836
60.375	38.5	0.999999999998596	0.800012719434613	-2.96681350194805e-05	11.6000034714837	0.999999999999846
60.625	38.5	0.999999999998667	0.800012465387286	-2.94585609103901e-05	11.4000003232689	0.999999999999853
60.875	38.5	0.999999999998728	0.80001221396323	-2.92517594580065e-05	11.1999972382314	0.99999999999986
61.125	38.5	0.999999999998778	0.800011965118667	-2.90477725024514e-05	10.9999942157208	0.999999999999866
61.375	38.5	0.999999999998822	0.800011718809673	-2.88466393970127e-05	10.7999912550976	0.99999999999987
61.625	38.5	0.99999999999886	0.800011474992212	-2.86483971473539e-05	10.5999883557335	0.999999999999875
61.875	38.5	0.999999999998892	0.800011233622149	-2.84530805253666e-05	10.399985517011	0.999999999999878
62.125	38.5	0.99999999999892	0.800010994655283	-2.82607221884363e-05	10.1999827383236	0.999999999999881
62.375	38.5	0.999999999998943	0.800010758047336	-2.80713527892151e-05	9.99998001907614	0.999999999999884
62.625	38.5	0.999999999998961	0.800010523754019	-2.78850010790274e-05	9.79997735868427	0.999999999999886
62.875	38.5	0.999999999998974	0.800010291731021	-2.77016940068567e-05	9.59997475657483	0.999999999999887
63.125	38.5	0.999999999998979	0.800010061934014	-2.75214568166243e-05	9.39997221218573	0.999999999999888
63.375	38.5	0.99999999999898	0.800009834318698	-2.73443131294413e-05	9.19996972496593	0.999999999999888
63.625	38.5	0.999999999998978	0.800009608840804	-2.71702850408846e-05	8.99996729437549	0.999999999999888
63.875	38.5	0.99999999999898	0.800009385456084	-2.69993931973565e-05	8.79996491988551	0.999999999999888
64.125	38.5	0.999999999998998	0.80000916412033	-2.68316568683158e-05	8.59996260097818	0.99999999999989
64.375	38.5	0.99999999999904	0.800008944789439	-2.6667094027161e-05	8.39996033714669	0.999999999999894
64.625	38.5	0.999999999999107	0.800008727419311	-2.6505721420915e-05	8.19995812789528	0.999999999999902
64.875	38.5	0.999999999999185	0.800008511965965	-2.63475546318576e-05	7.99995597273919	0.99999999999991
65.125	38.5	0.999999999999239	0.800008298385494	-2.61926081445348e-05	7.79995387120465	0.999999999999916
65.375	38.5	0.999999999999221	0.800008086634059	-2.60408954038073e-05	7.59995182282884	0.999999999999914
65.625	38.5	0.999999999999079	0.800007876667928	-2.58924288745262e-05	7.39994982715993	0.999999999999899
65.875	38.5	0.999999999998798	0.800007668443462	-2.57472200915816e-05	7.19994788375696	0.999999999999868
66.125	38.5	0.999999999998429	0.800007461917123	-2.56052797140267e-05	6.9999459921899	0.999999999999827
66.375	38.5	0.999999999998117	0.800007257045463	-2.54666175730577e-05	6.79994415203958	0.999999999999793
66.625	38.5	0.999999999998071	0.80000705378516	-2.5331242717016e-05	6.59994236289767	0.999999999999788
66.875	38.5	0.999999999998477	0.800006852092974	-2.51991634592457e-05	6.39994062436666	0.999999999999832
67.125	38.5	0.999999999999348	0.800006651925784	-2.50703874160969e-05	6.19993893605982	0.999999999999928
67.375	38.5	1.0000000000004	0.800006453240587	-2.49449215480387e-05	5.9999372976012	1.00000000000004
67.625	38.5	1.00000000000105	0.800006255994481	-2.48227721967682e-05	5.79993570862558	1.00000000000012
67.875	38.5	1.00000000000072	0.800006060144696	-2.47039451135219e-05	5.59993416877848	1.00000000000008
68.125	38.5	0.999999999999482	0.800005865648568	-2.45884454934836e-05	5.39993267771611	0.999999999999943
68.375	38.5	0.999999999998836	0.800005672463526	-2.44762779956577e-05	5.1999312351053	0.999999999999872
68.625	38.5	1.00000000000202	0.800005480547087	-2.4367446771048e-05	4.99992984062346	1.00000000000022
68.875	38.5	1.00000000001286	0.800005289856813	-2.42619554870931e-05	4.79992849395854	1.00000000000142
69.125	38.5	1.00000000003233	0.80000510035032	-2.41598073674609e-05	4.599927194809	1.00000000000356
69.375	38.5	1.00000000005245	0.800004911985328	-2.40610052435263e-05	4.39992594288392	1.00000000000577
69.625	38.5	1.00000000005005	0.800004724719754	-2.39655516262825e-05	4.19992473790326	1.00000000000551
69.875	38.5	0.999999999985298	0.800004538511923	-2.38734487735119e-05	3.99992357959816	0.999999999998383
70.125	38.5	0.999999999813773	0.800004353320725	-2.37846987421474e-05	3.79992246771115	0.999999999979515
70.375	38.5	0.999999999520282	0.800004169105669	-2.36993033581128e-05	3.59992140199589	0.999999999947231
70.625	38.5	0.999999999176272	0.800003985826532	-2.36172640633693e-05	3.39992038221583	0.99999999990939
70.875	38.5	0.999999999005133	0.800003803442396	-2.35385816040949e-05	3.19991940814158	0.999999999890565
71.125	38.5	0.999999999412394	0.800003621910091	-2.34632556003592e-05	2.99991847954722	0.999999999935363
71.375	38.5	1.00000000090868	0.80000344118236	-2.33912841910057e-05	2.79991759620709	1.00000000009996
71.625	38.5	1.00000000384321	0.800003261206979	-2.33226640972133e-05	2.59991675789644	1.00000000042275
71.875	38.5	1.00000000790627	0.800003081928581	-2.32573915955321e-05	2.39991596440037	1.00000000086969
72.125	38.5	1.00000001148448	0.800002903295357	-2.31954648157162e-05	2.19991521553541	1.00000000126329
72.375	38.5	1.00000001117339	0.80000272527169	-2.3136887329713e-05	1.99991451118354	1.00000000122907
72.625	38.5	1.00000000202301	0.800002547854679	-2.30816720111229e-05	1.79991385132892	1.00000000022253
72.875	38.5	0.999999979270459	0.800002371087137	-2.30298426802022e-05	1.59991323607278	0.999999997719751
73.125	38.5	0.999999942154001	0.800002195052879	-2.29814295991256e-05	1.39991266558742	0.99999999363694
73.375	38.5	0.999999899597852	0.800002019835737	-2.29364544981454e-05	1.19991213996567	0.999999988955764
73.625	38.5	0.999999875904383	0.800001845427349	-2.28949031284594e-05	0.999911658945249	0.999999986349482
73.875	38.5	0.999999912254622	0.800001671587996	-2.28566899496624e-05	0.799911221553873	0.999999990348008
74.125	38.5	1.00000005767252	0.800001497704416	-2.28216310208338e-05	0.599910825837137	1.00000000634398
74.375	38.5	1.00000034296012	0.800001322705179	-2.27894550128818e-05	0.399910468972325	1.00000003772561
74.625	38.5	1.00000073553079	0.800001031445509	-2.2759893158435e-05	0.199910148185515	1.00000008090839
74.875	38.5	1.00000108445829	0.400001298966714	-2.27384566805189e-05	-9.00801814306497e-05	1.00000011929041
0.125	39.5	2.53933577342549e-07	0.399996206250379	-0.000241440891196334	58.5929390835198	0.890000027932694
0.375	39.5	-4.87982403738773e-06	0.799988889317444	-0.000242146868759968	58.4149407661516	0.889999463219356
0.625	39.5	-1.61776561742709e-05	0.799981546098907	-0.000243558525107799	58.2369442424819	0.889998220457821
0.875	39.5	-3.44306745187015e-05	0.799974093001049	-0.000245679777396358	58.0589496899365	0.889996212625803
1.125	39.5	-5.92490456829208e-05	0.799966539255585	-0.000248514539662275	57.880957285995	0.889993482604975
1.375	39.5	-8.81719267926675e-05	0.799958859783678	-0.000252066615766446	57.7029671868141	0.889990301088053
1.625	39.5	-0.000115824957430804	0.799951024801078	-0.000256339050362197	57.5249794727532	0.889987259254683
1.875	39.5	-0.000133198457428339	0.799942997044583	-0.000261333329146219	57.3469940767598	0.889985348169683
2.125	39.5	-0.000127148095045823	0.799934729122992	-0.000267048524118804	57.1690106993783	0.889986013709545
2.375	39.5	-8.02176567398124e-05	0.799926161561765	-0.00027348050613924	56.9910287163547	0.889991176057759
2.625	39.5	2.91410233596889e-05	0.79991722194908	-0.000280621368213401	56.8130470867287	0.89000320551257
2.875	39.5	0.000225916502359933	0.799907825411037	-0.000288459211485954	56.6350642705086	0.89002485081526
3.125	39.5	0.000537469607150289	0.799897876443472	-0.000296978437212791	56.4570781652331	0.890059121656787
3.375	39.5	0.000992114519406093	0.799887271930603	-0.000306160662735043	56.2790860698398	0.890109132597135
3.625	39.5	0.00161745904256851	0.799875905010981	-0.00031598634078448	56.101084682328	0.890177920494683
3.875	39.5	0.00243864543474972	0.799863669337215	-0.000326437116530831	55.9230701349428	0.890268250997822
4.125	39.5	0.00347664773694801	0.799850463226557	-0.000337498913416294	55.7450380673498	0.890382431251064
4.375	39.5	0.00474677784018493	0.799836193216431	-0.000349165704126716	55.5669837348902	0.89052214556242
4.625	39.5	0.00625753187537287	0.799820776613026	-0.000361443902141654	55.3889021458984	0.890688328506291
4.875	39.5	0.00800987429927756	0.799804142743276	-0.000374357300299499	55.2107882195659	0.89088108617292
5.125	39.5	0.0099970142172138	0.799786232766822	-0.000387952482130086	55.0326369541801	0.891099671563894
5.375	39.5	0.012204682760163	0.799766998074251	-0.000402304628055524	54.8544435948834	0.891342515103618
5.625	39.5	0.0146118775966973	0.799746397458649	-0.000417523622089718	54.6762037903867	0.891607306535637
5.875	39.5	0.0171920063109822	0.799724393395951	-0.000433760326363712	54.4979137291947	0.891891120694208
6.125	39.5	0.0199143387408955	0.799700947878784	-0.000451212828104176	54.319570247636	0.892190577261499
6.375	39.5	0.022745672095867	0.79967601830549	-0.00047013237955825	54.1411709040173	0.892502023930545
6.625	39.5	0.0256521222322833	0.799649553918382	-0.00049082865726884	53.962714015207	0.892821733445551
6.875	39.5	0.0286009778666029	0.799621493216747	-0.00051367387372177	53.7841986535617	0.893146107565326
7.125	39.5	0.0315625874257893	0.799591762651541	-0.000539105193369444	53.6056246030939	0.893471884616837
7.375	39.5	0.0345122846389639	0.799560276767549	-0.000567624836840333	53.4269922739938	0.893796351310286
7.625	39.5	0.0374323922674191	0.799526939833766	-0.000599797189945996	53.2483025740618	0.894117563149416
7.875	39.5	0.0403143678904451	0.799491648923028	-0.000636242140104068	53.0695567344165	0.894434580467949
8.125	39.5	0.0431611682470363	0.799454298399431	-0.000677623692603864	52.890756085246	0.894747728507174
8.375	39.5	0.0459899098660158	0.799414785854711	-0.000724632606929551	52.7119017756271	0.895058890085262
8.625	39.5	0.0488348985058891	0.799373019685139	-0.000777961253021634	52.5329944297526	0.895371838835648
8.875	39.5	0.0517510970592969	0.799328928676335	-0.000838268023053291	52.3540337303298	0.895692620676523
9.125	39.5	0.0548181120808895	0.799282474082268	-0.000906127347431118	52.1750179182759	0.896029992328898
9.375	39.5	0.0581448132661374	0.7992336646326	-0.000981959584167798	51.9959431957465	0.896395929459275
9.625	39.5	0.0618747631789706	0.799182574509764	-0.00106593278413253	51.8168030164204	0.896806223949687
9.875	39.5	0.0661927200357644	0.799129363374454	-0.00115782576253729	51.6375872422758	0.897281199203934
10.125	39.5	0.071332557859882	0.79907429566974	-0.00125683956551373	51.4582811396514	0.897846581364587
10.375	39.5	0.0775869661157365	0.799017753304929	-0.00136134349755229	51.2788641799383	0.898534566272731
10.625	39.5	0.0853191339085874	0.798960231029909	-0.00146854467601791	51.0993086044198	0.899385104729945
10.875	39.5	0.0949761069021009	0.798902297330012	-0.00157408062164944	50.919577714381	0.900447371759231
11.125	39.5	0.107102351503248	0.798844496719273	-0.00167155891363618	50.73962386743	0.901781258665357
11.375	39.5	0.122349919366507	0.798787166116355	-0.00175211451323148	50.5593862164873	0.903458491130316
11.625	39.5	0.141478172515112	0.798730148614853	-0.00180413094144342	50.3787883434833	0.905562598976662
11.875	39.5	0.1653314034915	0.798672430484165	-0.00181337333840616	50.1977361418262	0.908186454384065
12.125	39.5	0.194778094541188	0.798611823315975	-0.00176388018691573	50.0161166020237	0.911425590399531
12.375	39.5	0.230594417731015	0.798544964123544	-0.00163997829173163	49.8337985155105	0.915365385950412
12.625	39.5	0.273283078714261	0.798468038259445	-0.00142959107411699	49.650636392348	0.920061138658569
12.875	39.5	0.322843708703894	0.798378540439008	-0.0011284790371364	49.4664788092439	0.925512807957428
13.125	39.5	0.378552977531682	0.798277822898699	-0.000744234148204615	49.2811816099246	0.931640827528485
13.375	39.5	0.43885348817072	0.798173194440658	-0.00029816809995336	49.0946247034451	0.938273883698779
13.625	39.5	0.501451800332467	0.798077725610291	0.000176593320761043	48.9067290783802	0.945159698036571
13.875	39.5	0.563655238198724	0.798006814610914	0.000641055785951606	48.7174692523318	0.95200207620186
14.125	39.5	0.622855937643355	0.797972876234471	0.00105849503474353	48.5268770061732	0.958514153140769
14.375	39.5	0.676982860251261	0.797981179311839	0.00140167565647687	48.3350351044436	0.964468114627639
14.625	39.5	0.724762095096193	0.798029035644096	0.0016566118442113	48.142063304371	0.969723830460581
14.875	39.5	0.765735546402607	0.798108087775988	0.00182225083254589	47.9481012177684	0.974230910104287
15.125	39.5	0.800099545255087	0.798207766267346	0.00190726658554487	47.7532925199689	0.97801094997806
15.375	39.5	0.828470603355153	0.798318121954296	0.00192583431961721	47.5577732498397	0.981131766369067
15.625	39.5	0.85166630153966	0.798431322622294	0.00189387467227465	47.3616648853642	0.983683293169363
15.875	39.5	0.870544556299616	0.798541994842087	0.00182646273854991	47.1650714733896	0.985759901192958
16.125	39.5	0.885907142431911	0.798646908223244	0.00173644244006784	46.9680795463495	0.98744978566751
16.375	39.5	0.898454195667729	0.798744429869561	0.00163395792464367	46.7707596141666	0.98882996152345
16.625	39.5	0.908771840125431	0.798833994742435	0.00152654744998813	46.5731683343727	0.989964902413797
16.875	39.5	0.91733787856259	0.798915688610106	0.00141951099363059	46.3753508052914	0.990907166641885
17.125	39.5	0.924535328796269	0.798989956403144	0.00131636244076061	46.1773426936285	0.99169888616759
17.375	39.5	0.930667897164969	0.799057414390358	0.00121926276752317	45.9791720803274	0.992373468688147
17.625	39.5	0.935974490233831	0.799118737091401	0.00112938890683484	45.7808610045759	0.992957193925721
17.875	39.5	0.940641669619571	0.799174593527385	0.00104722679358497	45.5824267308759	0.993470583658153
18.125	39.5	0.94481389474735	0.799225614044197	0.000972793819570172	45.3838827795831	0.993929528422208
18.375	39.5	0.948601806028137	0.799272375098386	0.000905802411784298	45.1852397619854	0.994346198663095
18.625	39.5	0.952088918447813	0.799315394074904	0.000845777524106816	44.9865060555889	0.994729781029259
18.875	39.5	0.955337075849129	0.799355129414869	0.000792139473158139	44.7876883484672	0.995087078343404
19.125	39.5	0.958390946102761	0.799391983382118	0.000744261383410726	44.5887920753864	0.995423004071304
19.375	39.5	0.961281761058241	0.799426306040542	0.00070150833085758	44.3898217636435	0.995740993716406
19.625	39.5	0.964030441654826	0.799458399718107	0.000663263413663507	44.1907813031362	0.996043348582031
19.875	39.5	0.966650203236989	0.799488523611928	0.000628944518116519	43.9916741528286	0.996331522356069
20.125	39.5	0.969148707688338	0.799516898369503	0.000598014461986849	43.7925034941556	0.996606357845717
20.375	39.5	0.971529813552867	0.799543710559815	0.000569986419099085	43.5932723407052	0.996868279490815
20.625	39.5	0.973794968449537	0.799569116974024	0.000544425984361007	43.3939836125295	0.997117446529449
20.875	39.5	0.975944285971666	0.799593248702593	0.000520950862732806	43.1946401825194	0.997353871456883
21.125	39.5	0.977977349039445	0.799616214940579	0.000499228906384992	42.995244901371	0.997577508394339
21.375	39.5	0.979893781504185	0.799638106477771	0.000478975043095074	42.7958006067658	0.99778831596546
21.625	39.5	0.981693628717886	0.799658998843182	0.000459947508497809	42.5963101214803	0.997986299158968
21.875	39.5	0.983377585461021	0.799678955085338	0.000441943697558599	42.3967762442739	0.998171534400712
22.125	39.5	0.984947106162077	0.799698028186097	0.000424795875189545	42.1972017365968	0.998344181677828
22.375	39.5	0.986404428064329	0.799716263118161	0.000408366925139672	41.9975893074326	0.998504487087076
22.625	39.5	0.987752533292144	0.799733698567337	0.000392546267164693	41.7979415979639	0.998652778662136
22.875	39.5	0.988995071014702	0.799750368349538	0.000377246031714616	41.5982611672265	0.998789457811617
23.125	39.5	0.990136256398027	0.7997663025565	0.000362397548499656	41.3985504794944	0.998914988203783
23.375	39.5	0.991180758983631	0.799781528465692	0.000347948179086133	41.1988118938081	0.999029883488199
23.625	39.5	0.992133589649078	0.799796071250882	0.000333858503257683	40.9990476558173	0.999134694861399
23.875	39.5	0.992999992432646	0.799809954526213	0.000320099853694602	40.7992598919291	0.999229999167591
24.125	39.5	0.993785345223521	0.799823200754892	0.000306652182727748	40.5994506056396	0.999316387974587
24.375	39.5	0.994495071576853	0.799835831548877	0.000293502237955125	40.3996216758497	0.999394457873454
24.625	39.5	0.995134564634819	0.799847867882677	0.000280642019195557	40.199774856928	0.99946480210983
24.875	39.5	0.995709123239159	0.79985933024064	0.000268067487404569	39.9999117802704	0.999528003556308
25.125	39.5	0.996223899727202	0.799870238713129	0.000255777496173942	39.8000339571025	0.999584628969992
25.375	39.5	0.99668385854057	0.799880613054803	0.000243772917194696	39.6001427822902	0.999635224439463
25.625	39.5	0.99709374458127	0.799890472714834	0.00023205593301004	39.4002395389372	0.99968031190394
25.875	39.5	0.997458060173332	0.799899836847109	0.000220629472607445	39.2003254035752	0.999720386619066
26.125	39.5	0.997781049491149	0.799908724306308	0.000209496767845365	39.0004014517726	0.999755915444026
26.375	39.5	0.998066689367287	0.79991715363511	0.000198661011295902	38.8004686640136	0.999787335830402
26.625	39.5	0.998318685472973	0.799925143045421	0.000188125098373626	38.600527931721	0.999815055402027
26.875	39.5	0.998540472957397	0.799932710396777	0.000177891439092894	38.4005800633139	0.999839452025314
27.125	39.5	0.998735220729388	0.799939873173538	0.00016796182669792	38.2006257902154	0.999860874280233
27.375	39.5	0.998905838659831	0.799946648462368	0.000158337352505735	38.0006657727356	0.999879642252581
27.625	39.5	0.999054987072659	0.799953052931471	0.000149018357694436	37.8007006057743	0.999896048577993
27.875	39.5	0.999185087974526	0.799959102811126	0.000140004414429916	37.6007308242989	0.999910359677198
28.125	39.5	0.999298337548261	0.799964813877411	0.000131294329935603	37.4007569085638	0.999922817130309
28.375	39.5	0.999396719502439	0.799970201438207	0.000122886168009683	37.2007792890477	0.999933639145268
28.625	39.5	0.999482018930057	0.799975280322231	0.000114777283745463	37.0007983510938	0.999943022082306
28.875	39.5	0.999555836383557	0.799980064870904	0.000106964367719498	36.8008144392439	0.999951142002191
29.125	39.5	0.99961960192193	0.799984568933144	9.94434966117101e-05	36.6008278612634	0.999958156211412
29.375	39.5	0.999674588929123	0.799988805862604	9.22101880185751e-05	36.4008388918613	0.999964204782204
29.625	39.5	0.999721927541617	0.799992788517671	8.52594573005262e-05	36.2008477761087	0.999969412029578
29.875	39.5	0.999762617557623	0.799996529263856	7.85858751132757e-05	36.0008547325686	0.999973887931339
30.125	39.5	0.999797540730688	0.800000039978042	7.21836243252697e-05	35.8008599561456	0.999977729480376
30.375	39.5	0.999827472377428	0.800003332054923	6.60465553771286e-05	35.6008636206729	0.999981021961517
30.625	39.5	0.999853092252376	0.800006416415051	6.01682394530783e-05	35.4008658812486	0.999983840147761
30.875	39.5	0.999874994663045	0.800009303514143	5.45420188890846e-05	35.2008668763399	0.999986249412935
31.125	39.5	0.999893697815408	0.800012003354066	4.91610545451237e-05	35.0008667296703	0.999988306759695
31.375	39.5	0.999909652394315	0.800014525494391	4.40183698313702e-05	34.8008655519075	0.999990061763375
31.625	39.5	0.99992324939494	0.800016879065111	3.91068913763478e-05	34.6008634421666	0.999991557433443
31.875	39.5	0.999934827230843	0.800019072779924	3.44194861931469e-05	34.4008604893477	0.999992830995393
32.125	39.5	0.999944678151328	0.80002111494984	2.9948995500945e-05	34.20085677332	0.999993914596646
32.375	39.5	0.999953054006072	0.800023013497436	2.56882651442382e-05	34.0008523659697	0.999994835940668
32.625	39.5	0.99996017139864	0.800024775971006	2.16301728851373e-05	33.8008473321239	0.99999561885385
32.875	39.5	0.999966216272687	0.800026409558943	1.77676525620204e-05	33.6008417303646	0.999996283789996
33.125	39.5	0.999971347975623	0.800027921104078	1.40937154343387e-05	33.4008356137433	0.999996848277318
33.375	39.5	0.999975702844345	0.800029317117892	1.06014687399955e-05	33.2008290304095	0.999997327312878
33.625	39.5	0.999979397356881	0.800030603794387	7.28413181890737e-06	33.0008220241604	0.999997733709257
33.875	39.5	0.999982530892165	0.800031787024042	4.13504984327567e-06	32.8008146349234	0.999998078398138
34.125	39.5	0.999985188138144	0.800032872406923	1.14770541119987e-06	32.6008068991778	0.999998370695196
34.375	39.5	0.999987441186021	0.800033865266019	-1.68427175272739e-06	32.4007988503248	0.999998618530462
34.625	39.5	0.999989351345863	0.800034770659772	-4.3670969901885e-06	32.2007905190101	0.999998828648045
34.875	39.5	0.999990970716029	0.800035593394219	-6.90682439361069e-06	32.0007819334081	0.999999006778763
35.125	39.5	0.999992343536087	0.80003633803511	-9.30934205021288e-06	31.8007731194692	0.99999915778897
35.375	39.5	0.999993507350115	0.800037008918936	-1.15803684863139e-05	31.6007641011382	0.999999285808513
35.625	39.5	0.999994494004664	0.800037610164082	-1.37254503492944e-05	31.4007549005453	0.999999394340513
35.875	39.5	0.999995330503028	0.800038145681217	-1.57499610857697e-05	31.200745538175	0.999999486355333
36.125	39.5	0.999996039735144	0.800038619183361	-1.76591005201268e-05	31.0007360330139	0.999999564370866
36.375	39.5	0.999996641100085	0.800039034195458	-1.94578952502602e-05	30.8007264026826	0.999999630521009
36.625	39.5	0.999997151036197	0.800039394063576	-2.11511997207324e-05	30.600716663552	0.999999686613982
36.875	39.5	0.999997583471961	0.800039701963648	-2.27436979165185e-05	30.4007068308462	0.999999734181916
37.125	39.5	0.999997950208979	0.800039960909811	-2.42399055673734e-05	30.2006969187351	0.999999774522988
37.375	39.5	0.999998261246996	0.800040173762381	-2.5644172785523e-05	30.0006869404167	0.99999980873717
37.625	39.5	0.999998525059531	0.80004034323545	-2.6960687079129e-05	29.8006769081907	0.999999837756548
37.875	39.5	0.999998748827439	0.800040471904059	-2.81934767152864e-05	29.6006668335251	0.999999862371018
38.125	39.5	0.999998938636768	0.800040562211105	-2.93464142859891e-05	29.4006567271161	0.999999883250045
38.375	39.5	0.999999099646273	0.800040616473885	-3.04232205041269e-05	29.2006465989424	0.99999990096109
38.625	39.5	0.999999236229244	0.800040636890286	-3.14274681878478e-05	29.0006364583148	0.999999915985217
38.875	39.5	0.999999352093564	0.800040625544722	-3.23625863150879e-05	28.8006263139204	0.999999928730292
39.125	39.5	0.999999450383313	0.800040584413741	-3.32318642270939e-05	28.6006161738647	0.999999939542164
39.375	39.5	0.999999533764797	0.800040515371389	-3.40384558475476e-05	28.4006060457084	0.999999948714128
39.625	39.5	0.999999604499375	0.800040420194282	-3.47853839687862e-05	28.2005959365022	0.999999956494931
39.875	39.5	0.999999664505127	0.800040300566476	-3.54755444969588e-05	28.0005858528193	0.999999963095564
40.125	39.5	0.999999715409086	0.80004015808397	-3.61117107562417e-05	27.800575800784	0.999999968695
40.375	39.5	0.999999758591478	0.800039994259162	-3.66965376969376e-05	27.6005657860997	0.999999973445063
40.625	39.5	0.999999795223213	0.800039810524995	-3.72325661108092e-05	27.4005558140739	0.999999977474553
40.875	39.5	0.999999826297668	0.800039608238831	-3.77222267490043e-05	27.200545889642	0.999999980892743
41.125	39.5	0.999999852657617	0.800039388686263	-3.81678444129072e-05	27.0005360173891	0.999999983792338
41.375	39.5	0.999999875018076	0.800039153084681	-3.85716419261304e-05	26.8005262015707	0.999999986251988
41.625	39.5	0.999999893985664	0.800038902586642	-3.8935744047078e-05	26.6005164461318	0.999999988338423
41.875	39.5	0.999999910075035	0.800038638283049	-3.92621812988597e-05	26.4005067547249	0.999999990108254
42.125	39.5	0.999999923722815	0.800038361206332	-3.95528936712347e-05	26.2004971307268	0.99999999160951
42.375	39.5	0.999999935299428	0.800038072333248	-3.98097342586773e-05	26.0004875772547	0.999999992882937
42.625	39.5	0.999999945119124	0.800037772587674	-4.00344727657113e-05	25.8004780971807	0.999999993963104
42.875	39.5	0.9999999534485	0.800037462843297	-4.022879892912e-05	25.6004686931461	0.999999994879335
43.125	39.5	0.999999960513709	0.800037143926045	-4.03943258253307e-05	25.4004593675747	0.999999995656508
43.375	39.5	0.999999966506594	0.800036816616482	-4.05325930672482e-05	25.2004501226847	0.999999996315725
43.625	39.5	0.999999971589898	0.800036481652153	-4.06450699074177e-05	25.000440960501	0.999999996874889
43.875	39.5	0.999999975901671	0.80003613972958	-4.07331582130613e-05	24.8004318828662	0.999999997349184
44.125	39.5	0.999999979559011	0.800035791506456	-4.07981953765381e-05	24.6004228914508	0.999999997751491
44.375	39.5	0.999999982661248	0.800035437603548	-4.08414570635107e-05	24.4004139877633	0.999999998092737
44.625	39.5	0.999999985292636	0.800035078606444	-4.08641599123856e-05	24.2004051731595	0.99999999838219
44.875	39.5	0.999999987524644	0.800034715067515	-4.08674640992729e-05	24.0003964488512	0.999999998627711
45.125	39.5	0.999999989417888	0.800034347507387	-4.08524758363922e-05	23.8003878159151	0.999999998835968
45.375	39.5	0.999999991023784	0.800033976416685	-4.08202497227605e-05	23.6003792753001	0.999999999012616
45.625	39.5	0.99999999238595	0.800033602257432	-4.07717910578839e-05	23.400370827835	0.999999999162455
45.875	39.5	0.999999993541381	0.80003322546459	-4.07080580356158e-05	23.200362474236	0.999999999289552
46.125	39.5	0.99999999452145	0.800032846447362	-4.0629963835674e-05	23.0003542151129	0.99999999939736
46.375	39.5	0.999999995352773	0.800032465590509	-4.05383786683956e-05	22.8003460509756	0.999999999488805
46.625	39.5	0.999999996057928	0.800032083255592	-4.04341316881702e-05	22.6003379822405	0.999999999566372
46.875	39.5	0.999999996656064	0.800031699782185	-4.03180128718321e-05	22.4003300092358	0.999999999632167
47.125	39.5	0.999999997163423	0.800031315488964	-4.01907747878659e-05	22.2003221322071	0.999999999687977
47.375	39.5	0.999999997593782	0.800030930674729	-4.00531342940025e-05	22.0003143513228	0.999999999735316
47.625	39.5	0.999999997958825	0.800030545619532	-3.99057741830235e-05	21.8003066666783	0.999999999775471
47.875	39.5	0.999999998268465	0.800030160585514	-3.97493447148158e-05	21.6002990783014	0.999999999809531
48.125	39.5	0.999999998531114	0.800029775817932	-3.95844651441182e-05	21.4002915861561	0.999999999838422
48.375	39.5	0.999999998753901	0.80002939154599	-3.9411725116554e-05	21.2002841901473	0.999999999862929
48.625	39.5	0.999999998942877	0.800029007983578	-3.92316860470404e-05	21.000276890124	0.999999999883717
48.875	39.5	0.999999999103172	0.800028625330288	-3.90448824243263e-05	20.8002696858837	0.999999999901349
49.125	39.5	0.999999999239142	0.800028243771874	-3.88518230463004e-05	20.6002625771756	0.999999999916306
49.375	39.5	0.999999999354473	0.800027863481218	-3.86529922271376e-05	20.4002555637041	0.999999999928992
49.625	39.5	0.999999999452303	0.800027484618883	-3.84488509096126e-05	20.2002486451319	0.999999999939753
49.875	39.5	0.999999999535286	0.800027107333745	-3.82398377843637e-05	20.0002418210827	0.999999999948881
50.125	39.5	0.999999999605673	0.80002673176368	-3.80263702935171e-05	19.8002350911447	0.999999999956624
50.375	39.5	0.999999999665378	0.800026358036102	-3.7808845633691e-05	19.6002284548728	0.999999999963192
50.625	39.5	0.999999999716021	0.800025986268492	-3.75876417162329e-05	19.4002219117913	0.999999999968762
50.875	39.5	0.999999999758979	0.80002561656903	-3.73631180450391e-05	19.2002154613962	0.999999999973488
51.125	39.5	0.999999999795417	0.800025249036934	-3.71356165895851e-05	19.0002091031576	0.999999999977496
51.375	39.5	0.999999999826324	0.800024883763095	-3.69054626056269e-05	18.800202836522	0.999999999980896
51.625	39.5	0.999999999852541	0.800024520830437	-3.66729654198566e-05	18.600196660914	0.99999999998378
51.875	39.5	0.99999999987478	0.800024160314355	-3.6438419176807e-05	18.4001905757385	0.999999999986226
52.125	39.5	0.999999999893644	0.800023802283163	-3.62021035459899e-05	18.2001845803824	0.999999999988301
52.375	39.5	0.999999999909643	0.800023446798446	-3.59642844168922e-05	18.0001786742165	0.999999999990061
52.625	39.5	0.999999999923215	0.800023093915436	-3.57252145366926e-05	17.8001728565968	0.999999999991554
52.875	39.5	0.999999999934727	0.800022743683375	-3.54851341315297e-05	17.6001671268664	0.99999999999282
53.125	39.5	0.99999999994449	0.800022396145828	-3.52442715039826e-05	17.4001614843568	0.999999999993894
53.375	39.5	0.999999999952774	0.800022051341025	-3.50028435860762e-05	17.2001559283893	0.999999999994805
53.625	39.5	0.999999999959798	0.800021709302142	-3.47610564842504e-05	17.0001504582761	0.999999999995578
53.875	39.5	0.999999999965759	0.800021370057567	-3.45191059926067e-05	16.8001450733221	0.999999999996233
54.125	39.5	0.999999999970816	0.800021033631224	-3.42771780739888e-05	16.6001397728252	0.99999999999679
54.375	39.5	0.999999999975102	0.800020700042762	-3.40354493359935e-05	16.4001345560783	0.999999999997261
54.625	39.5	0.999999999978739	0.80002036930788	-3.37940874668228e-05	16.2001294223696	0.999999999997661
54.875	39.5	0.999999999981823	0.800020041438465	-3.35532516635539e-05	16.000124370984	0.999999999998
55.125	39.5	0.999999999984441	0.800019716442881	-3.33130930348239e-05	15.8001194012038	0.999999999998288
55.375	39.5	0.999999999986661	0.800019394326151	-3.30737549870859e-05	15.6001145123097	0.999999999998533
55.625	39.5	0.999999999988543	0.800019075090154	-3.28353735934518e-05	15.4001097035815	0.99999999999874
55.875	39.5	0.99999999999014	0.8000187587338	-3.25980779372868e-05	15.2001049742991	0.999999999998915
56.125	39.5	0.999999999991494	0.800018445253251	-3.23619904609516e-05	15.0001003237426	0.999999999999064
56.375	39.5	0.999999999992643	0.800018134642021	-3.21272272632496e-05	14.8000957511938	0.999999999999191
56.625	39.5	0.999999999993617	0.800017826891199	-3.18938984237177e-05	14.6000912559364	0.999999999999298
56.875	39.5	0.999999999994443	0.800017521989548	-3.16621082769383e-05	14.4000868372563	0.999999999999389
57.125	39.5	0.999999999995144	0.80001721992369	-3.14319557013348e-05	14.2000824944429	0.999999999999466
57.375	39.5	0.999999999995739	0.800016920678224	-3.12035343695321e-05	14.0000782267888	0.999999999999531
57.625	39.5	0.999999999996244	0.800016624235815	-3.09769330106686e-05	13.8000740335911	0.999999999999587
57.875	39.5	0.999999999996672	0.800016330577403	-3.07522356437209e-05	13.6000699141512	0.999999999999634
58.125	39.5	0.999999999997035	0.800016039682225	-3.05295218106306e-05	13.4000658677755	0.999999999999674
58.375	39.5	0.999999999997344	0.800015751527963	-3.03088667823275e-05	13.2000618937759	0.999999999999708
58.625	39.5	0.999999999997605	0.800015466090871	-3.00903417840305e-05	13.00005799147	0.999999999999737
58.875	39.5	0.999999999997829	0.800015183345828	-2.98740141752363e-05	12.8000541601815	0.999999999999761
59.125	39.5	0.999999999998017	0.80001490326644	-2.96599476547198e-05	12.6000503992405	0.999999999999782
59.375	39.5	0.999999999998177	0.800014625825148	-2.94482024263473e-05	12.400046707984	0.999999999999799
59.625	39.5	0.999999999998313	0.800014350993283	-2.92388353799344e-05	12.2000430857559	0.999999999999814
59.875	39.5	0.999999999998428	0.800014078741137	-2.90319002477952e-05	12.0000395319075	0.999999999999827
60.125	39.5	0.999999999998526	0.800013809038087	-2.88274477676004e-05	11.8000360457974	0.999999999999838
60.375	39.5	0.999999999998609	0.800013541852587	-2.86255258288404e-05	11.6000326267924	0.999999999999847
60.625	39.5	0.999999999998679	0.800013277152305	-2.84261796044744e-05	11.4000292742668	0.999999999999855
60.875	39.5	0.999999999998737	0.800013014904111	-2.82294517064917e-05	11.2000259876036	0.999999999999861
61.125	39.5	0.999999999998787	0.800012755074201	-2.8035382292885e-05	11.0000227661937	0.999999999999867
61.375	39.5	0.999999999998829	0.800012497628109	-2.7844009202748e-05	10.8000196094368	0.999999999999871
61.625	39.5	0.999999999998866	0.800012242530769	-2.76553680736269e-05	10.6000165167413	0.999999999999875
61.875	39.5	0.999999999998896	0.800011989746558	-2.74694924414046e-05	10.4000134875242	0.999999999999879
62.125	39.5	0.999999999998923	0.800011739239338	-2.72864138654278e-05	10.2000105212118	0.999999999999881
62.375	39.5	0.999999999998947	0.80001149097252	-2.710616200776e-05	10.0000076172393	0.999999999999884
62.625	39.5	0.999999999998964	0.800011244909075	-2.69287647482795e-05	9.80000477505112	0.999999999999886
62.875	39.5	0.999999999998977	0.800011001011574	-2.67542482613809e-05	9.600001994101	0.999999999999887
63.125	39.5	0.999999999998983	0.800010759242234	-2.65826371142479e-05	9.39999927385209	0.999999999999888
63.375	39.5	0.999999999998984	0.800010519562941	-2.64139543442174e-05	9.19999661377704	0.999999999999888
63.625	39.5	0.999999999998984	0.800010281935282	-2.62482215441888e-05	8.99999401335804	0.999999999999888
63.875	39.5	0.999999999998988	0.800010046320584	-2.60854589238837e-05	8.79999147208695	0.999999999999889
64.125	39.5	0.999999999999006	0.800009812679914	-2.59256853966476e-05	8.59998898946528	0.999999999999891
64.375	39.5	0.999999999999044	0.800009580974117	-2.57689186434076e-05	8.39998656500437	0.999999999999895
64.625	39.5	0.999999999999104	0.800009351163849	-2.56151751710042e-05	8.1999841982253	0.999999999999901
64.875	39.5	0.999999999999171	0.800009123209581	-2.54644703814103e-05	7.99998188865906	0.999999999999909
65.125	39.5	0.999999999999214	0.800008897071633	-2.53168186277051e-05	7.79997963584653	0.999999999999914
65.375	39.5	0.999999999999188	0.800008672710172	-2.51722332690347e-05	7.59997743933852	0.999999999999911
65.625	39.5	0.999999999999055	0.800008450085251	-2.5030726721267e-05	7.39997529869582	0.999999999999896
65.875	39.5	0.999999999998809	0.800008229156806	-2.48923105136375e-05	7.19997321348922	0.999999999999869
66.125	39.5	0.999999999998511	0.800008009884681	-2.47569953309647e-05	6.99997118329954	0.999999999999836
66.375	39.5	0.999999999998297	0.800007792228642	-2.46247910587581e-05	6.79996920771764	0.999999999999813
66.625	39.5	0.999999999998342	0.800007576148375	-2.44957068315763e-05	6.59996728634445	0.999999999999818
66.875	39.5	0.999999999998766	0.800007361603511	-2.43697510690221e-05	6.39996541879099	0.999999999999864
67.125	39.5	0.999999999999491	0.800007148553634	-2.4246931518214e-05	6.19996360467835	0.999999999999944
67.375	39.5	1.00000000000014	0.800006936958288	-2.41272552876551e-05	5.99996184363775	1.00000000000002
67.625	39.5	1.0000000000001	0.800006726776998	-2.40107288845092e-05	5.79996013531055	1.00000000000001
67.875	39.5	0.999999999998931	0.800006517969275	-2.38973582435578e-05	5.59995847934822	0.999999999999882
68.125	39.5	0.999999999997084	0.800006310494603	-2.37871487515352e-05	5.39995687541237	0.999999999999679
68.375	39.5	0.999999999996716	0.80000610431246	-2.36801052731699e-05	5.19995532317471	0.999999999999639
68.625	39.5	1.00000000000188	0.800005899382275	-2.35762321719812e-05	4.99995382231703	1.00000000000021
68.875	39.5	1.00000000001707	0.800005695663422	-2.34755333392913e-05	4.79995237253114	1.00000000000188
69.125	39.5	1.00000000004296	0.800005493115222	-2.33780122254421e-05	4.59995097351892	1.00000000000473
69.375	39.5	1.00000000006968	0.800005291697002	-2.32836718987502e-05	4.3999496249925	1.00000000000766
69.625	39.5	1.0000000000697	0.800005091368237	-2.31925151017731e-05	4.19994832667454	1.00000000000767
69.875	39.5	0.999999999996685	0.800004892088751	-2.31045443283183e-05	3.99994707829863	0.999999999999635
70.125	39.5	0.999999999799473	0.80000469381892	-2.30197618658441e-05	3.79994587960955	0.999999999977942
70.375	39.5	0.999999999460408	0.800004496519719	-2.29381697690832e-05	3.59994473036296	0.999999999940645
70.625	39.5	0.999999999059623	0.800004300152323	-2.28597697100598e-05	3.39994363032392	0.999999999896559
70.875	39.5	0.99999999884758	0.800004104677067	-2.27845626732969e-05	3.19994257926398	0.999999999873234
71.125	39.5	0.999999999278087	0.800003910051701	-2.27125485416111e-05	2.999941576957	0.99999999992059
71.375	39.5	1.00000000092219	0.800003716229406	-2.26437257502867e-05	2.79994062317568	1.00000000010144
71.625	39.5	1.0000000041727	0.800003523157827	-2.25780913490498e-05	2.59993971769219	1.000000000459
71.875	39.5	1.00000000869431	0.800003330781122	-2.2515641948139e-05	2.39993886028809	1.00000000095637
72.125	39.5	1.00000001271253	0.800003139047339	-2.24563759428577e-05	2.19993805077823	1.00000000139838
72.375	39.5	1.00000001247707	0.800002947922307	-2.24002969893515e-05	1.99993728904822	1.00000000137248
72.625	39.5	1.00000000253231	0.800002757407791	-2.23474177385933e-05	1.79993657509501	1.00000000027855
72.875	39.5	0.999999977622883	0.800002567555717	-2.22977614265874e-05	1.59993590904337	0.999999997538517
73.125	39.5	0.999999936884884	0.800002378462972	-2.22513575102329e-05	1.39993529109552	0.999999993057337
73.375	39.5	0.999999890089609	0.800002190226374	-2.22082271797188e-05	1.1999347213658	0.999999987909857
73.625	39.5	0.999999863892776	0.800002002841479	-2.21683568038031e-05	0.999934199578059	0.999999985028205
73.875	39.5	0.999999903481309	0.800001816049951	-2.21316637844238e-05	0.799933724676025	0.999999989382944
74.125	39.5	1.00000006265887	0.80000162918364	-2.20979703492894e-05	0.599933294524476	1.00000000689248
74.375	39.5	1.00000037525154	0.800001441072371	-2.20670142226029e-05	0.399932906033841	1.00000004127767
74.625	39.5	1.00000080556486	0.800001125467562	-2.20385356127321e-05	0.199932556165702	1.00000008861213
74.875	39.5	1.0000011881148	0.400001422534247	-2.20178619823175e-05	-6.76933029817982e-05	1.00000013069263
0.125	40.5	1.31922228118961e-07	0.399994970381339	-0.000207426921544662	58.593141024713	0.890000014511445
0.375	40.5	-5.08679337291936e-06	0.799985186847096	-0.000207960333046915	58.4151432599908	0.889999440452729
0.625	40.5	-1.65307803392201e-05	0.799975375647842	-0.00020902514124699	58.2371478403799	0.889998181614163
0.875	40.5	-3.49633645950577e-05	0.799965450827579	-0.000210619539736203	58.0591549451578	0.889996154029895
1.125	40.5	-5.9945952702913e-05	0.799955419526197	-0.000212739853928718	57.8811647530809	0.889993405945203
1.375	40.5	-8.89359475838067e-05	0.799945252521078	-0.000215380437480583	57.7031774209406	0.889990217045766
1.625	40.5	-0.000116435630832711	0.799934914113742	-0.000218533304615424	57.5251930286193	0.889987192080608
1.875	40.5	-0.000133265449263114	0.799924359148706	-0.000222187682921142	57.3472115069066	0.889985340800581
2.125	40.5	-0.000126064295253495	0.799913530199652	-0.000226329541650896	57.1692325519185	0.889986132927522
2.375	40.5	-7.71170697600445e-05	0.799902355476604	-0.000230941166908568	56.9912555321916	0.889991517122326
2.625	40.5	3.54153567901517e-05	0.799890747820456	-0.000236000868542114	56.813279396462	0.890003895689247
2.875	40.5	0.000236830097832284	0.7998786049477	-0.000241482908549837	56.6353025913417	0.890026051310762
3.125	40.5	0.000554796861016891	0.799865810888683	-0.000247357735443057	56.4573229983096	0.890061027654712
3.375	40.5	0.00101792138116364	0.799852238349249	-0.000253592592754768	56.2793378985206	0.890111971351928
3.625	40.5	0.00165407042431695	0.79983775155801	-0.000260152545376336	56.101343971967	0.890181947746675
3.875	40.5	0.00248860240976725	0.799822209056385	-0.000267001938150104	55.9233373347294	0.890273746265074
4.125	40.5	0.00354266162854943	0.799805465866562	-0.000274106273864986	55.7453136147553	0.89038969277914
4.375	40.5	0.00483168935997399	0.799787374523192	-0.000281434476628389	55.5672680632004	0.890531485829597
4.625	40.5	0.00636428342774936	0.799767784564738	-0.00028896149539447	55.3891956952527	0.890700071177052
4.875	40.5	0.00814150267307003	0.799746540226448	-0.000296671202180561	55.2110914518695	0.890895565294038
5.125	40.5	0.0101566697219792	0.799723476233428	-0.000304559545895047	55.0329503722161	0.891117233669418
5.375	40.5	0.0123956802221751	0.799698411741255	-0.000312637929851613	54.8547677659349	0.891363524824439
5.625	40.5	0.0148377852635301	0.79967114259738	-0.000320936781552074	54.6765393746586	0.891632156378988
5.875	40.5	0.0174567810905149	0.799641432191059	-0.000329509269518078	54.4982615132857	0.891920245919957
6.125	40.5	0.0202225203168546	0.799609001221307	-0.000338435092190856	54.3199311832189	0.892224477234854
6.375	40.5	0.0231026538168601	0.799573516736916	-0.000347824218324595	54.1415461517156	0.892541291919855
6.625	40.5	0.0260645224181471	0.799534580796713	-0.000357820403261112	53.963104993395	0.892867097465996
6.875	40.5	0.0290771404083457	0.799491719063814	-0.000368604248198587	53.7846070914578	0.893198485444918
7.125	40.5	0.0321132446355101	0.799444369603299	-0.000380395515395755	53.6060525970795	0.893532456909906
7.375	40.5	0.03515141813776	0.799391872117389	-0.000393454362251323	53.4274423455712	0.893866655995154
7.625	40.5	0.0381783298827592	0.799333457860523	-0.000408081104058245	53.2487777272797	0.894199616287104
7.875	40.5	0.0411911573905331	0.799268240566344	-0.000424614041410348	53.0700605098982	0.894531027312959
8.125	40.5	0.0442002742313647	0.799195208932469	-0.000443424766053849	52.891292607092	0.89486203016545
8.375	40.5	0.0472322907178446	0.799113221578357	-0.000464910148717117	52.712475786294	0.895195551978963
8.625	40.5	0.0503335387292623	0.799021005948104	-0.000489479864800968	52.5336113063267	0.895536689260219
8.875	40.5	0.0535740991952707	0.798917163373702	-0.000517537769730775	52.3546994731122	0.89589315091148
9.125	40.5	0.0570524934590541	0.798800183439603	-0.000549454635757324	52.1757390988961	0.896275774280496
9.375	40.5	0.0609012053564469	0.798668471839802	-0.00058552865825379	51.9967268466331	0.896699132589209
9.625	40.5	0.0652932689867058	0.798520396989974	-0.00062592873274979	51.8176564359076	0.897182259588538
9.875	40.5	0.0704502304495476	0.798354361521226	-0.000670613906371133	51.6385176795569	0.89774952534945
10.125	40.5	0.0766518231388935	0.79816890499734	-0.000719220967012071	51.4592953113219	0.898431700545278
10.375	40.5	0.0842475901591012	0.797962843015221	-0.000770911638864957	51.279967556209	0.899267234917501
10.625	40.5	0.0936702763343236	0.797735444153112	-0.000824172847327867	51.1005043915901	0.900303730396776
10.875	40.5	0.105449832228609	0.797486638856158	-0.000876570689666619	50.9208654580586	0.901599481545147
11.125	40.5	0.120224964112836	0.797217243154582	-0.000924475206981314	50.7409976214933	0.903224746052412
11.375	40.5	0.138745958644744	0.796929168538945	-0.000962803882351243	50.5608322870283	0.905262055450922
11.625	40.5	0.161857927858897	0.796625588241007	-0.000984880602859039	50.3802827528804	0.907804372064479
11.875	40.5	0.190448538469987	0.796311059732488	-0.000982569333694072	50.1992421910428	0.910949339231699
12.125	40.5	0.225341652546948	0.795991681799257	-0.000946894119854064	50.0175832360025	0.914787581780164
12.375	40.5	0.267124082678409	0.795675468098141	-0.0008693434297609	49.8351605381517	0.919383649094625
12.625	40.5	0.315914685829258	0.795373117742011	-0.000743894614817625	49.6518177282878	0.924750615441218
12.875	40.5	0.371126425059028	0.795099030983653	-0.000569429114543474	49.4673996480447	0.930823906756493
13.125	40.5	0.431318861415453	0.794871697758739	-0.000351730953509232	49.281769135109	0.9374450747557
13.375	40.5	0.494252732372573	0.79471204737398	-0.000103989203584244	49.0948253689406	0.944367800560983
13.625	40.5	0.557198941684839	0.794639052354194	0.00015493866267305	48.906518900938	0.951291883585332
13.875	40.5	0.617429477833366	0.794663992078757	0.000404245688593309	48.7168585284553	0.95791724256167
14.125	40.5	0.672709358658332	0.794786471320764	0.000625537543963413	48.5259077308662	0.963998029452417
14.375	40.5	0.721607559168163	0.794994499586456	0.000806159309896793	48.3337722323156	0.969376831508498
14.625	40.5	0.763552168130632	0.795268258388328	0.000940466766629976	48.140583106282	0.97399073849437
14.875	40.5	0.79868079915712	0.795585211613163	0.00102911167007164	47.946480273124	0.977854887907283
15.125	40.5	0.82759847065919	0.79592430877765	0.00107716109733096	47.7515996622725	0.981035831772511
15.375	40.5	0.851142087129255	0.796268331486172	0.00109198235252087	47.55606513993	0.983625629584218
15.625	40.5	0.870203714381393	0.796604573314121	0.00108150933390808	47.3599846927844	0.985722408581953
15.875	40.5	0.885622648964632	0.796924493019713	0.00105311240083916	47.1634496505317	0.98741849138611
16.125	40.5	0.89813346740024	0.797222930115193	0.00101302588230389	46.9665357024094	0.988794681414026
16.375	40.5	0.908350995736639	0.797497252582238	0.000966176394116937	46.7693047538793	0.98991860953103
16.625	40.5	0.9167756408052	0.797746610519371	0.000916248599506458	46.5718070166651	0.990845320488572
16.875	40.5	0.923807677999746	0.797971348393299	0.000865863361378116	46.3740830058402	0.991618844579972
17.125	40.5	0.929763828513785	0.798172569973402	0.000816788706397286	46.1761653033586	0.992274021136516
17.375	40.5	0.934892824445432	0.79835182881921	0.00077014053911437	45.9780800529994	0.992838210688998
17.625	40.5	0.93938870052907	0.798510914138135	0.000726554287522902	45.7798482026884	0.993332757058198
17.875	40.5	0.943401627071708	0.798651705879927	0.000686322652277323	45.5814865289998	0.993774178977888
18.125	40.5	0.94704657251479	0.798776078756848	0.000649501620963366	45.3830084809787	0.994175122976627
18.375	40.5	0.950410225004616	0.79888584030094	0.000615989698390258	45.1844248757747	0.994545124750508
18.625	40.5	0.953556582592037	0.798982692417497	0.000585585847928501	44.9857444720653	0.994891224085124
18.875	40.5	0.956531540397026	0.799068209127748	0.000558031139342357	44.786974441271	0.995218469443673
19.125	40.5	0.959366711890197	0.799143825489644	0.000533038226602148	44.5881207519669	0.995530338307922
19.375	40.5	0.962082643597567	0.799210834260746	0.000510311871302551	44.3891884797329	0.995829090795732
19.625	40.5	0.964691525528916	0.799270387924714	0.00048956293239434	44.190182052683	0.996116067808181
19.875	40.5	0.967199462970261	0.79932350439955	0.000470517603835704	43.9911054416984	0.996391940926729
20.125	40.5	0.969608354991089	0.799371075205954	0.000452923197234582	43.7919623036264	0.99665691904902
20.375	40.5	0.971917416157895	0.79941387518123	0.00043655141136454	43.5927560851334	0.996910915777368
20.625	40.5	0.974124375931953	0.799452573039103	0.000421199776685008	43.39349009436	0.997153681352515
20.875	40.5	0.976226391424679	0.79948774223562	0.000406691784179356	43.1941675469256	0.997384903056715
21.125	40.5	0.978220711064064	0.799519871727859	0.000392876081121217	42.9947915921451	0.997604278217047
21.375	40.5	0.980105127794997	0.799549376317289	0.000379625025976721	42.7953653245742	0.99781156405745
21.625	40.5	0.981878260024255	0.799576606359257	0.000366832827866712	42.595891785208	0.998006608602668
21.875	40.5	0.983539696537669	0.799601856698271	0.000354413445192743	42.3963739558827	0.998189366619144
22.125	40.5	0.985090038323403	0.799625374749145	0.000342298377789819	42.1968147496881	0.998359904215574
22.375	40.5	0.986530866056013	0.799647367698649	0.000330434454580916	41.9972169995328	0.998518395266161
22.625	40.5	0.987864657384979	0.799668008838991	0.000318781691381565	41.7975834464218	0.998665112312348
22.875	40.5	0.98909467352934	0.799687443074021	0.000307311271753144	41.5979167285219	0.998800414088227
23.125	40.5	0.990224830312923	0.799705791657612	0.000296003685115171	41.3982193716978	0.998924731334422
23.375	40.5	0.991259564884364	0.799723156234621	0.000284847041980164	41.1984937818994	0.99903855213728
23.625	40.5	0.992203706058631	0.79973962226008	0.000273835574500175	40.9987422395554	0.999142407666449
23.875	40.5	0.993062353521114	0.799755261870963	0.000262968321963306	40.7989668959677	0.999236858887322
24.125	40.5	0.993840769025542	0.799770136284594	0.000252247994340397	40.5991697715928	0.99932248459281
24.375	40.5	0.994544281132187	0.799784297789034	0.000241680003060239	40.3993527560315	0.999399870924541
24.625	40.5	0.99517820389406	0.799797791387603	0.000231271645103518	40.1995176095138	0.999469602428347
24.875	40.5	0.995747769123341	0.799810656150927	0.000221031425534377	39.9996659656495	0.999532254603568
25.125	40.5	0.996258071377265	0.799822926324216	0.000210968502905305	39.7997993352218	0.999588387851499
25.375	40.5	0.996714024521992	0.799834632229832	0.00020109224236698	39.5999191108099	0.999638542697419
25.625	40.5	0.997120328603993	0.799845801000803	0.000191411862031888	39.4000265720457	0.999683236146439
25.875	40.5	0.997481445734071	0.799856457174048	0.00018193615934923	39.2001228913316	0.999722959030748
26.125	40.5	0.997801583731237	0.799866623168836	0.000172673305145561	39.0002091398644	0.999758174210436
26.375	40.5	0.998084686356055	0.799876319670163	0.000163630694613634	38.8002862938362	0.999789315499166
26.625	40.5	0.998334429065709	0.799885565935807	0.000154814845601795	38.6003552406996	0.999816787197228
26.875	40.5	0.998554219333292	0.799894380039874	0.000146231335793664	38.4004167854038	0.999840964126662
27.125	40.5	0.998747200683251	0.799902779065724	0.000137884771532546	38.2004716565261	0.999862192075158
27.375	40.5	0.998916259698946	0.799910779257875	0.000129778782063626	38.0005205122361	0.999880788566884
27.625	40.5	0.999064035354164	0.799918396140367	0.000121916033844424	37.800563946045	0.999897043888958
27.875	40.5	0.999192930107571	0.799925644609148	0.000114298260416389	37.6006024923007	0.999911222311833
28.125	40.5	0.999305122277206	0.799932539003204	0.000106926304050014	37.4006366314046	0.999923563450493
28.375	40.5	0.999402579282161	0.799939093158774	9.980016606814e-05	37.2006667947286	0.999934283721038
28.625	40.5	0.999487071400764	0.799945320451309	9.29190630650913e-05	37.0006933692218	0.999943577854084
28.875	40.5	0.999560185750161	0.799951233826328	8.62814869796165e-05	36.8007167017034	0.999951620432518
29.125	40.5	0.999623340241654	0.79995684582358	7.98852672046688e-05	36.600737102839	0.999958567426582
29.375	40.5	0.999677797310146	0.799962168594552	7.37276332986497e-05	36.4007548508083	0.999964557704116
29.625	40.5	0.99972467725533	0.799967213916114	6.78052771740285e-05	36.2007701946693	0.999969714498086
29.875	40.5	0.999764971066894	0.799971993200748	6.21144138769602e-05	36.0007833574324	0.999974146817358
30.125	40.5	0.999799552636793	0.79997651750492	5.66508402053749e-05	35.8007945388561	0.999977950790047
30.375	40.5	0.999829190288454	0.799980797535464	5.14099907559388e-05	35.6008039179795	0.99998121093173
30.625	40.5	0.999854557576206	0.799984843655594	4.63869909363398e-05	35.4008116554079	0.999984001333383
30.875	40.5	0.999876243328403	0.799988665889902	4.15767067657149e-05	35.2008178953679	0.999986386766124
31.125	40.5	0.999894760924625	0.799992273929419	3.69737912574035e-05	35.0008227675483	0.999988423701709
31.375	40.5	0.999910556811688	0.799995677136686	3.25727273450631e-05	34.8008263887448	0.999990161249286
31.625	40.5	0.999924018274869	0.799998884550722	2.83678673893709e-05	34.6008288643242	0.999991642010236
31.875	40.5	0.999935480489845	0.800001904892554	2.43534692262059e-05	34.400830289524	0.999992902853883
32.125	40.5	0.999945232888138	0.800004746570619	2.05237289395465e-05	34.2008307506045	0.999993975617695
32.375	40.5	0.999953524874064	0.800007417687017	1.68728104267158e-05	34.0008303258654	0.999994887736147
32.625	40.5	0.999960570934683	0.800009926043455	1.33948719285969e-05	33.8008290865429	0.999995662802815
32.875	40.5	0.99996655518641	0.800012279147949	1.00840896992549e-05	33.6008270975995	0.999996321070505
33.125	40.5	0.999971635402932	0.80001448422164	6.93467886932708e-06	33.4008244184168	0.999996879894323
33.375	40.5	0.999975946568816	0.800016548205618	3.94091194964381e-06	33.2008211034049	0.99999735412257
33.625	40.5	0.999979604002464	0.800018477768327	1.09713480248459e-06	33.0008172025361	0.999997756440271
33.875	40.5	0.99998270609035	0.800020279312873	-1.60221942243921e-06	32.8008127618125	0.999998097669939
34.125	40.5	0.999985336672563	0.800021958984382	-4.16261843072917e-06	32.600807823676	0.999998387033982
34.375	40.5	0.999987567117136	0.800023522677575	-6.58942071785391e-06	32.4008024273673	0.999998632382885
34.625	40.5	0.999989458118249	0.800024976044464	-8.88786717393053e-06	32.2007966092408	0.999998840393007
34.875	40.5	0.999991061250375	0.800026324501756	-1.1063074224407e-05	32.0007904030408	0.999999016737541
35.125	40.5	0.999992420307975	0.800027573238544	-1.31200282781969e-05	31.800783840144	0.999999166233877
35.375	40.5	0.99999357245731	0.800028727223754	-1.50635814691662e-05	31.6007769497734	0.999999292970304
35.625	40.5	0.999994549224478	0.800029791213577	-1.68984484754679e-05	31.4007697591858	0.999999400414693
35.875	40.5	0.999995377341154	0.800030769758899	-1.86292042793058e-05	31.2007622938389	0.999999491507527
36.125	40.5	0.999996079467148	0.800031667212446	-2.02602828698935e-05	31.000754577538	0.999999568741386
36.375	40.5	0.999996674806645	0.800032487735957	-2.17959766558585e-05	30.8007466325674	0.999999634228731
36.625	40.5	0.999997179632975	0.800033235307216	-2.3240436586634e-05	30.6007384798065	0.999999689759627
36.875	40.5	0.999997607734898	0.800033913726785	-2.459767285101e-05	30.4007301388347	0.999999736850839
37.125	40.5	0.999997970795733	0.800034526624788	-2.58715560994698e-05	30.2007216280244	0.999999776787531
37.375	40.5	0.999998278715076	0.800035077467407	-2.70658190939777e-05	30.0007129646257	0.999999810658658
37.625	40.5	0.999998539881634	0.800035569563247	-2.81840587776658e-05	29.8007041648425	0.99999983938698
37.875	40.5	0.999998761404431	0.800036006069498	-2.9229738606861e-05	29.6006952439015	0.999999863754487
38.125	40.5	0.999998949308657	0.800036389998017	-3.02061912055984e-05	29.4006862161152	0.999999884423952
38.375	40.5	0.999999108701496	0.80003672422113	-3.11166212306684e-05	29.2006770949391	0.999999901957165
38.625	40.5	0.999999243912531	0.800037011477295	-3.1964108383165e-05	29.000667893025	0.999999916830378
38.875	40.5	0.99999935861258	0.800037254376645	-3.27516106404188e-05	28.8006586222685	0.999999929447384
39.125	40.5	0.999999455914294	0.800037455406285	-3.34819675212012e-05	28.6006492938549	0.999999940150572
39.375	40.5	0.999999538457315	0.800037616935359	-3.41579034763187e-05	28.4006399182994	0.999999949230305
39.625	40.5	0.999999608480379	0.800037741220201	-3.47820313370623e-05	28.2006305054862	0.999999956932842
39.875	40.5	0.999999667882368	0.800037830408917	-3.53568557870528e-05	28.0006210647043	0.99999996346706
40.125	40.5	0.999999718274016	0.800037886546203	-3.58847768432142e-05	27.8006116046801	0.999999969010142
40.375	40.5	0.999999761021719	0.800037911577699	-3.63680933421378e-05	27.6006021336092	0.999999973712389
40.625	40.5	0.999999797284647	0.800037907354367	-3.68090064137355e-05	27.4005926591852	0.999999977701311
40.875	40.5	0.999999828046209	0.800037875636554	-3.720962291151e-05	27.2005831886273	0.999999981085083
41.125	40.5	0.999999854140717	0.800037818098058	-3.75719588015763e-05	27.0005737287056	0.999999983955479
41.375	40.5	0.999999876276	0.800037736329945	-3.7897942502588e-05	26.8005642857656	0.99999998639036
41.625	40.5	0.999999895052578	0.800037631844205	-3.81894181791458e-05	26.6005548657508	0.999999988455784
41.875	40.5	0.99999991097993	0.800037506077348	-3.84481489314524e-05	26.4005454742242	0.999999990207792
42.125	40.5	0.999999924490289	0.800037360393772	-3.86758199532705e-05	26.2005361163887	0.999999991693932
42.375	40.5	0.999999935950347	0.800037196089021	-3.88740415835644e-05	26.0005267971062	0.999999992954538
42.625	40.5	0.999999945671188	0.800037014392985	-3.90443522985141e-05	25.8005175209155	0.999999994023831
42.875	40.5	0.999999953916719	0.80003681647282	-3.91882216050139e-05	25.6005082920498	0.999999994930839
43.125	40.5	0.999999960910814	0.800036603435912	-3.93070528558413e-05	25.400499114453	0.99999999570019
43.375	40.5	0.999999966843392	0.80003637633258	-3.94021859799203e-05	25.2004899917945	0.999999996352773
43.625	40.5	0.999999971875551	0.800036136158755	-3.94749001193015e-05	25.0004809274848	0.999999996906311
43.875	40.5	0.999999976143943	0.800035883858499	-3.95264161917086e-05	24.8004719246883	0.999999997375834
44.125	40.5	0.999999979764493	0.800035620326461	-3.95578993452505e-05	24.6004629863372	0.999999997774094
44.375	40.5	0.999999982835531	0.800035346410132	-3.95704613542328e-05	24.4004541151438	0.999999998111908
44.625	40.5	0.999999985440459	0.800035062912183	-3.95651629047484e-05	24.200445313612	0.99999999839845
44.875	40.5	0.99999998765002	0.800034770592459	-3.95430158074178e-05	24.0004365840491	0.999999998641502
45.125	40.5	0.999999989524227	0.800034470170083	-3.9504985126919e-05	23.8004279285762	0.999999998847665
45.375	40.5	0.999999991113981	0.800034162325405	-3.94519912378476e-05	23.6004193491382	0.999999999022538
45.625	40.5	0.999999992462455	0.800033847701833	-3.93849117752826e-05	23.4004108475137	0.99999999917087
45.875	40.5	0.999999993606271	0.800033526907614	-3.93045835432534e-05	23.2004024253242	0.99999999929669
46.125	40.5	0.999999994576488	0.800033200517527	-3.92118043221112e-05	23.0003940840425	0.999999999403414
46.375	40.5	0.999999995399458	0.800032869074479	-3.91073346074755e-05	22.8003858250012	0.99999999949394
46.625	40.5	0.999999996097527	0.800032533091114	-3.89918992928699e-05	22.6003776494007	0.999999999570728
46.875	40.5	0.999999996689653	0.800032193051238	-3.88661892512965e-05	22.4003695583162	0.999999999635862
47.125	40.5	0.999999997191912	0.800031849411206	-3.87308628930507e-05	22.2003615527053	0.99999999969111
47.375	40.5	0.999999997617946	0.800031502601312	-3.85865476242916e-05	22.0003536334145	0.999999999737974
47.625	40.5	0.999999997979321	0.800031153027047	-3.84338412408558e-05	21.8003458011854	0.999999999777725
47.875	40.5	0.999999998285851	0.800030801070351	-3.8273313313417e-05	21.6003380566614	0.999999999811444
48.125	40.5	0.999999998545861	0.80003044709072	-3.81055064300402e-05	21.4003304003927	0.999999999840045
48.375	40.5	0.999999998766411	0.800030091426356	-3.79309374709129e-05	21.2003228328425	0.999999999864305
48.625	40.5	0.999999998953489	0.800029734395253	-3.77500987557444e-05	21.0003153543917	0.999999999884884
48.875	40.5	0.999999999112174	0.800029376296122	-3.75634591881931e-05	20.8003079653441	0.999999999902339
49.125	40.5	0.999999999246778	0.800029017409458	-3.73714653407684e-05	20.6003006659312	0.999999999917145
49.375	40.5	0.999999999360952	0.800028657998393	-3.71745424517529e-05	20.4002934563163	0.999999999929705
49.625	40.5	0.999999999457796	0.800028298309545	-3.69730954570957e-05	20.200286336599	0.999999999940358
49.875	40.5	0.999999999539944	0.800027938573956	-3.67675098788455e-05	20.0002793068193	0.999999999949394
50.125	40.5	0.999999999609625	0.800027579007739	-3.65581527650655e-05	19.8002723669612	0.999999999957059
50.375	40.5	0.999999999668731	0.800027219813017	-3.63453735289257e-05	19.6002655169564	0.99999999996356
50.625	40.5	0.999999999718868	0.800026861178406	-3.6129504763991e-05	19.400258756688	0.999999999969075
50.875	40.5	0.999999999761394	0.800026503279948	-3.59108630282271e-05	19.2002520859932	0.999999999973753
51.125	40.5	0.999999999797465	0.800026146281591	-3.56897495924918e-05	19.0002455046668	0.999999999977721
51.375	40.5	0.999999999828062	0.800025790335864	-3.54664511618122e-05	18.8002390124642	0.999999999981087
51.625	40.5	0.999999999854014	0.800025435584467	-3.52412405253505e-05	18.600232609104	0.999999999983942
51.875	40.5	0.999999999876028	0.800025082158889	-3.50143772391603e-05	18.4002262942704	0.999999999986363
52.125	40.5	0.999999999894702	0.800024730180791	-3.47861082228495e-05	18.2002200676165	0.999999999988417
52.375	40.5	0.999999999910542	0.800024379762701	-3.45566683586041e-05	18.0002139287655	0.99999999999016
52.625	40.5	0.999999999923977	0.800024031008351	-3.43262810493034e-05	17.8002078773142	0.999999999991637
52.875	40.5	0.999999999935373	0.800023684013212	-3.40951587572512e-05	17.600201912834	0.999999999992891
53.125	40.5	0.999999999945041	0.800023338864937	-3.38635035191782e-05	17.4001960348739	0.999999999993955
53.375	40.5	0.99999999995324	0.800022995643725	-3.36315074335494e-05	17.2001902429615	0.999999999994856
53.625	40.5	0.999999999960194	0.80002265442275	-3.33993531255877e-05	17.0001845366056	0.999999999995621
53.875	40.5	0.999999999966093	0.800022315268552	-3.31672141900375e-05	16.8001789152973	0.99999999999627
54.125	40.5	0.999999999971098	0.800021978241352	-3.2935255626287e-05	16.600173378512	0.999999999996821
54.375	40.5	0.999999999975342	0.800021643395436	-3.27036342198017e-05	16.4001679257107	0.999999999997288
54.625	40.5	0.999999999978942	0.800021310779424	-3.24724989610774e-05	16.2001625563418	0.999999999997684
54.875	40.5	0.999999999981996	0.800020980436653	-3.22419913769737e-05	16.000157269842	0.99999999999802
55.125	40.5	0.999999999984586	0.800020652405395	-3.20122459161835e-05	15.8001520656378	0.999999999998304
55.375	40.5	0.999999999986784	0.800020326719183	-3.178339025671e-05	15.6001469431468	0.999999999998546
55.625	40.5	0.999999999988647	0.800020003407023	-3.15555456380118e-05	15.4001419017789	0.999999999998751
55.875	40.5	0.999999999990227	0.800019682493708	-3.13288271719984e-05	15.2001369409372	0.999999999998925
56.125	40.5	0.999999999991569	0.800019363999991	-3.1103344110635e-05	15.0001320600189	0.999999999999073
56.375	40.5	0.999999999992706	0.800019047942868	-3.08792001496629e-05	14.8001272584169	0.999999999999198
56.625	40.5	0.999999999993671	0.800018734335742	-3.06564936747612e-05	14.6001225355201	0.999999999999304
56.875	40.5	0.999999999994489	0.800018423188647	-3.0435318021102e-05	14.4001178907144	0.999999999999394
57.125	40.5	0.999999999995185	0.80001811450845	-3.02157617098127e-05	14.2001133233838	0.99999999999947
57.375	40.5	0.999999999995774	0.800017808299025	-2.99979086801101e-05	14.0001088329108	0.999999999999535
57.625	40.5	0.999999999996272	0.800017504561388	-2.97818385072083e-05	13.8001044186773	0.99999999999959
57.875	40.5	0.999999999996696	0.800017203293933	-2.95676266099394e-05	13.6001000800655	0.999999999999637
58.125	40.5	0.999999999997057	0.800016904492531	-2.93553444472129e-05	13.400095816458	0.999999999999676
58.375	40.5	0.999999999997363	0.800016608150695	-2.91450597165698e-05	13.2000916272391	0.99999999999971
58.625	40.5	0.999999999997622	0.80001631425972	-2.89368365225575e-05	13.0000875117946	0.999999999999738
58.875	40.5	0.999999999997842	0.800016022808801	-2.87307355579196e-05	12.800083469513	0.999999999999763
59.125	40.5	0.999999999998029	0.80001573378521	-2.85268142684222e-05	12.6000794997859	0.999999999999783
59.375	40.5	0.999999999998187	0.800015447174306	-2.83251270033731e-05	12.4000756020078	0.999999999999801
59.625	40.5	0.999999999998323	0.80001516295979	-2.81257251694155e-05	12.2000717755777	0.999999999999815
59.875	40.5	0.999999999998437	0.800014881123673	-2.79286573766807e-05	12.0000680198985	0.999999999999828
60.125	40.5	0.999999999998534	0.800014601646472	-2.77339695665435e-05	11.8000643343778	0.999999999999839
60.375	40.5	0.999999999998615	0.800014324507258	-2.75417051488427e-05	11.6000607184284	0.999999999999848
60.625	40.5	0.999999999998684	0.80001404968377	-2.73519051228975e-05	11.4000571714685	0.999999999999855
60.875	40.5	0.999999999998743	0.80001377715248	-2.71646081927512e-05	11.2000536929218	0.999999999999862
61.125	40.5	0.999999999998793	0.800013506888678	-2.69798508888445e-05	11.0000502822185	0.999999999999867
61.375	40.5	0.999999999998835	0.800013238866546	-2.67976676620145e-05	10.8000469387945	0.999999999999872
61.625	40.5	0.99999999999887	0.800012973059256	-2.66180909974817e-05	10.6000436620928	0.999999999999876
61.875	40.5	0.999999999998901	0.800012709438981	-2.64411515070976e-05	10.400040451563	0.999999999999879
62.125	40.5	0.999999999998927	0.800012447977016	-2.62668780225363e-05	10.2000373066619	0.999999999999882
62.375	40.5	0.999999999998949	0.80001218864381	-2.60952976860766e-05	10.0000342268533	0.999999999999884
62.625	40.5	0.999999999998966	0.800011931409007	-2.59264360316986e-05	9.80003121160884	0.999999999999886
62.875	40.5	0.999999999998979	0.800011676241551	-2.57603170702775e-05	9.60002826040766	0.999999999999888
63.125	40.5	0.999999999998986	0.800011423109678	-2.55969633614838e-05	9.40002537273677	0.999999999999889
63.375	40.5	0.999999999998989	0.800011171980986	-2.54363960931358e-05	9.20002254809122	0.999999999999889
63.625	40.5	0.999999999998989	0.800010922822487	-2.52786351401014e-05	9.00001978597422	0.999999999999889
63.875	40.5	0.999999999998994	0.800010675600669	-2.51236991435935e-05	8.80001708589732	0.999999999999889
64.125	40.5	0.99999999999901	0.800010430281449	-2.4971605566208e-05	8.6000144473805	0.999999999999891
64.375	40.5	0.999999999999045	0.800010186830341	-2.48223707541282e-05	8.40001186995231	0.999999999999895
64.625	40.5	0.999999999999097	0.800009945212356	-2.4676009994162e-05	8.20000935315	0.999999999999901
64.875	40.5	0.999999999999153	0.800009705392142	-2.45325375690409e-05	8.0000068965196	0.999999999999907
65.125	40.5	0.999999999999183	0.800009467333952	-2.4391966807421e-05	7.80000449961604	0.99999999999991
65.375	40.5	0.999999999999152	0.800009231001692	-2.42543101362258e-05	7.60000216200322	0.999999999999907
65.625	40.5	0.99999999999903	0.800008996358953	-2.41195791247237e-05	7.39999988325411	0.999999999999893
65.875	40.5	0.999999999998821	0.800008763369023	-2.39877845277299e-05	7.19999766295083	0.99999999999987
66.125	40.5	0.999999999998594	0.800008531994927	-2.38589363338683e-05	6.9999955006847	0.999999999999845
66.375	40.5	0.999999999998476	0.800008302199428	-2.37330437995282e-05	6.79999339605631	0.999999999999832
66.625	40.5	0.999999999998612	0.800008073945074	-2.36101154912317e-05	6.59999134867559	0.999999999999847
66.875	40.5	0.999999999999053	0.800007847194177	-2.34901593195369e-05	6.39998935816185	0.999999999999896
67.125	40.5	0.999999999999633	0.800007621908885	-2.33731825782533e-05	6.19998742414387	0.99999999999996
67.375	40.5	0.999999999999884	0.800007398051163	-2.32591919731089e-05	5.9999855462599	0.999999999999987
67.625	40.5	0.999999999999176	0.80000717558282	-2.31481936548514e-05	5.79998372415772	0.999999999999909
67.875	40.5	0.999999999997192	0.80000695446554	-2.30401932433714e-05	5.59998195749472	0.999999999999691
68.125	40.5	0.999999999994753	0.800006734660865	-2.29351958531872e-05	5.39998024593786	0.999999999999423
68.375	40.5	0.99999999999466	0.800006516130213	-2.28332061132274e-05	5.1999785891637	0.999999999999413
68.625	40.5	1.00000000000178	0.800006298834846	-2.27342281868389e-05	4.99997698685838	1.0000000000002
68.875	40.5	1.00000000002118	0.800006082735864	-2.26382657949583e-05	4.79997543871761	1.00000000000233
69.125	40.5	1.00000000005334	0.800005867794232	-2.25453222522701e-05	4.59997394444675	1.00000000000587
69.375	40.5	1.00000000008646	0.800005653970832	-2.24554005096412e-05	4.399972503761	1.00000000000951
69.625	40.5	1.0000000000888	0.800005441226627	-2.23685032217431e-05	4.1999711163858	1.00000000000977
69.875	40.5	1.00000000000772	0.800005229522896	-2.22846328112525e-05	3.99996978205728	1.00000000000085
70.125	40.5	0.999999999785521	0.800005018821452	-2.22037915091379e-05	3.79996850052252	0.999999999976407
70.375	40.5	0.999999999402192	0.800004809084692	-2.2125981331108e-05	3.59996727153929	0.999999999934241
70.625	40.5	0.999999998946314	0.800004600275158	-2.20512039285167e-05	3.39996609487437	0.999999999884094
70.875	40.5	0.999999998694607	0.800004392354395	-2.19794602930467e-05	3.19996497030034	0.999999999856407
71.125	40.5	0.999999999147645	0.80000418528106	-2.19107503566327e-05	2.99996389759103	0.999999999906241
71.375	40.5	1.00000000093495	0.80000397900877	-2.18450726552919e-05	2.79996287651767	1.00000000010284
71.625	40.5	1.00000000449146	0.800003773485064	-2.17824243911482e-05	2.59996190684957	1.00000000049406
71.875	40.5	1.00000000945707	0.80000356865365	-2.17228023455742e-05	2.39996098836505	1.00000000104028
72.125	40.5	1.00000001390145	0.800003364462461	-2.16662050261929e-05	2.19996012087743	1.00000000152916
72.375	40.5	1.00000001373992	0.800003160878752	-2.16126360214932e-05	1.99995930427597	1.00000000151139
72.625	40.5	1.00000000302823	0.800002957908813	-2.15621075991761e-05	1.79995853857008	1.00000000033311
72.875	40.5	0.99999997603516	0.800002755613401	-2.15146422380525e-05	1.59995782390744	0.999999997363868
73.125	40.5	0.999999931798137	0.800002554102042	-2.14702684159701e-05	1.39995716051926	0.999999992497795
73.375	40.5	0.999999880906596	0.800002353484112	-2.14290066366283e-05	1.19995654854078	0.999999986899725
73.625	40.5	0.999999852288804	0.800002153758977	-2.13908438298721e-05	0.99995598768259	0.999999983751768
73.875	40.5	0.999999894999502	0.800001954650334	-2.135570044063e-05	0.799955476807412	0.999999988449945
74.125	40.5	1.00000006745664	0.800001755437074	-2.13234051811291e-05	0.599955013605553	1.00000000742023
74.375	40.5	1.00000040640504	0.80000155485375	-2.12937053331201e-05	0.3999545947299	1.00000004470455
74.625	40.5	1.00000087314941	0.800001215936132	-2.12663505884324e-05	0.199954216886772	1.00000009604643
74.875	40.5	1.00000128815292	0.40000154169641	-2.12464735796782e-05	-4.60529017858966e-05	1.00000014169682
0.125	41.5	1.37763924315221e-07	0.399994078884062	-0.000164914850529269	58.5933083031251	0.890000015154032
0.375	41.5	-5.08798192716656e-06	0.799982518738029	-0.000165297043900067	58.4153109349905	0.889999440321988
0.625	41.5	-1.65496688914074e-05	0.799970949150549	-0.000166058318154855	58.2373163061519	0.889998179536422
0.875	41.5	-3.50138568270615e-05	0.799959296343942	-0.000167189176957003	58.0593245907758	0.889996148475749
1.125	41.5	-6.00430307708657e-05	0.799947579856315	-0.000168675935500163	57.8813359598076	0.889993395266615
1.375	41.5	-8.90915784662289e-05	0.799935782928787	-0.000170500577968125	57.7033505594567	0.889990199926369
1.625	41.5	-0.000116652630842377	0.799923882429062	-0.000172640717381601	57.5253684561152	0.889987168210607
1.875	41.5	-0.000133529431045535	0.799911845831655	-0.000175069528843612	57.3473895639985	0.889985311762585
2.125	41.5	-0.000126334110756945	0.799899628327762	-0.000177755637001669	57.1694135593623	0.889986103247817
2.375	41.5	-7.73144501229836e-05	0.79988717061163	-0.000180662943213269	56.99143978739	0.889991495410486
2.625	41.5	3.54160318741357e-05	0.799874397705293	-0.000183750382237269	56.8134671697893	0.890003895763506
2.875	41.5	0.000237210835898676	0.799861218981829	-0.000186971604959423	56.6354941223429	0.890026093191949
3.125	41.5	0.000555802824637315	0.799847529329472	-0.000190274592138471	56.457518491868	0.89006113831071
3.375	41.5	0.00101986443796648	0.799833211187555	-0.000193601214563188	56.2795375211189	0.890112185088176
3.625	41.5	0.00165732877018897	0.799818137019266	-0.000196886764813579	56.1015478482001	0.890182306164721
3.875	41.5	0.00249361588620922	0.799802171682821	-0.000200059493487245	55.9235455442463	0.890274297747483
4.125	41.5	0.00354992273956877	0.799785174139266	-0.000203040184085489	55.745526189823	0.890390491501353
4.375	41.5	0.00484173040018639	0.799766997985198	-0.000205741795555841	55.5674849870857	0.890532590344021
4.625	41.5	0.00637766053879709	0.799747490406697	-0.000208069186917149	55.3894169016166	0.890701542659268
4.875	41.5	0.00815877804146073	0.799726489291553	-0.000209918918582288	55.2113168253507	0.890897465584561
5.125	41.5	0.0101783935238135	0.799703818389289	-0.000211179102200785	55.0331797503671	0.89111962328762
5.375	41.5	0.0124223743252165	0.799679280552964	-0.000211729253530644	54.8550009426435	0.891366461175774
5.625	41.5	0.0148699311339469	0.79965264921657	-0.000211440095843478	54.6767761051604	0.891635692424734
5.875	41.5	0.0174948148332619	0.799623658354667	-0.000210173271058251	54.4985015208353	0.891924429631659
6.125	41.5	0.0202668383024685	0.799591991230584	-0.000207780941747363	54.3201741674442	0.892229352213271
6.375	41.5	0.0231536328894484	0.799557268268227	-0.000204105307696118	54.141791798632	0.892546899617839
6.625	41.5	0.0261225591946775	0.799519034380783	-0.000198978108430915	53.9633529869956	0.892873481511415
6.875	41.5	0.0291427146113935	0.799476746070049	-0.000192220230646504	53.7848571267314	0.893205698607253
7.125	41.5	0.0321870117013975	0.799429758579369	-0.000183641581503176	53.6063043942285	0.893540571287154
7.375	41.5	0.0352343364965707	0.79937731337248	-0.000173041423564181	53.4276956651179	0.893875777014623
7.625	41.5	0.0382718283738252	0.799318526245273	-0.000160209399535307	53.2490323856473	0.894209901121121
7.875	41.5	0.0412973484203924	0.799252376503065	-0.000144927515965749	53.0703163949363	0.894542708326243
8.125	41.5	0.0443222187984378	0.799177697889642	-0.000126973421294245	52.8915496928673	0.894875444067828
8.375	41.5	0.0473743227605619	0.799093172376393	-0.000106125426995943	52.712734146268	0.895211175503662
8.625	41.5	0.0505016589653951	0.79899732854035	-8.2169906514649e-05	52.5338711237523	0.895555182486193
8.875	41.5	0.0537764533217178	0.798888547089703	-5.49119938273457e-05	52.3549610470588	0.895915409865389
9.125	41.5	0.0572999567767476	0.798765077135127	-2.41909200664452e-05	52.1760028436744	0.896302995245442
9.375	41.5	0.0612081056703446	0.798625068010991	1.00981060102256e-05	51.9969932814646	0.896732891623738
9.625	41.5	0.0656782911529238	0.798466622721641	4.79728568227581e-05	51.8179261603659	0.897224612026822
9.875	41.5	0.0709375564375846	0.798287880191068	8.93204788246626e-05	51.6387913285416	0.897803131208134
10.125	41.5	0.0772725645349559	0.798087133960163	0.000133837250702932	51.4595734811154	0.898499982098845
10.375	41.5	0.0850415530358352	0.797862993963295	0.000180947544960298	51.2802506907226	0.899354570833942
10.625	41.5	0.0946880385454684	0.797614594263856	0.00022969917262414	51.1007926158237	0.900415684240002
10.875	41.5	0.106754973572987	0.797341841737088	0.00027863655402435	50.921158345363	0.901743047093029
11.125	41.5	0.12189601904942	0.797045688265874	0.000325662566508629	50.7412938848188	0.903408562095436
11.375	41.5	0.140877206553345	0.796728395416768	0.000367917112938071	50.5611293957481	0.905496492720868
11.625	41.5	0.164557489341029	0.796393756984633	0.000401727000585067	50.3805765009326	0.908101323827513
11.875	41.5	0.193831549946662	0.796047272103544	0.000422714399491782	50.1995262832086	0.911321470494133
12.125	41.5	0.229516002535312	0.795696338051966	0.000426175534641393	50.0178490155967	0.915246760278884
12.375	41.5	0.272167199652603	0.795350629557146	0.000407825581585557	49.8353970353857	0.919938391961786
12.625	41.5	0.321843221473816	0.795022812070177	0.000364905847121235	49.6520122259561	0.92540275436212
12.875	41.5	0.377866485851556	0.794729374636507	0.000297442448457395	49.4675388853089	0.931565313443671
13.125	41.5	0.438690128372079	0.794490646969835	0.000209194693091492	49.2818410664202	0.938255914120929
13.375	41.5	0.501979841665516	0.794328627979462	0.000107721658717663	49.0948211111481	0.945217782583207
13.625	41.5	0.564953582222327	0.79426215354513	3.23466889462805e-06	48.9064342941842	0.952144894044456
13.875	41.5	0.624890552800828	0.794301128914158	-9.3521773745895e-05	48.7166947840862	0.958737960808091
14.125	41.5	0.679618117426796	0.794443015024498	-0.000173566483592785	48.5256709718351	0.964757992916948
14.375	41.5	0.727798590114604	0.794673599523349	-0.000231268867462119	48.3334721597064	0.970057844912606
14.625	41.5	0.768955495998662	0.794971284206646	-0.000264774971091584	48.140231292104	0.974585104559853
14.875	41.5	0.803303328256375	0.795312361971256	-0.000275417023528779	47.9460885735851	0.978363366108201
15.125	41.5	0.831497449944728	0.795675117062276	-0.000266602810152757	47.7511790522692	0.98146471949392
15.375	41.5	0.854400432305623	0.796041976975816	-0.00024267878092184	47.5556250457443	0.983984047553619
15.625	41.5	0.872911819333902	0.79640002951478	-0.000208057808546917	47.3595327489516	0.986020300126729
15.875	41.5	0.887867248540484	0.796740582923969	-0.000166689680046467	47.1629917476277	0.987665397339453
16.125	41.5	0.899992103345415	0.797058345841813	-0.000121823196363529	46.9660761966906	0.988999131367996
16.375	41.5	0.909890172901726	0.797350571419714	-7.59648306927986e-05	46.7688467417272	0.99008791901919
16.625	41.5	0.918051055170074	0.79761631911376	-3.09456465454936e-05	46.5713526126397	0.990985616068708
16.875	41.5	0.924865402244526	0.797855875524141	1.19666324310174e-05	46.3736335919764	0.991735194246898
17.125	41.5	0.930641792432907	0.79807032392934	5.19481190974624e-05	46.1757217367326	0.99237059716762
17.375	41.5	0.935622248777185	0.798261234787631	8.85106693939648e-05	45.9776428299454	0.99291844736549
17.625	41.5	0.939995341053879	0.798430448037463	0.000121412247163236	45.7794175837516	0.993399487515927
17.875	41.5	0.943906794276639	0.798579922464174	0.000150586418792006	45.5810626309333	0.99382974737043
18.125	41.5	0.947467943599686	0.798711633055595	0.00017608875292463	45.3825913423883	0.994221473795965
18.375	41.5	0.950762483977139	0.798827502358272	0.000198056975337565	45.1840145023904	0.994583873237485
18.625	41.5	0.953851926567925	0.798929355865303	0.000216681782704039	44.9853408666495	0.994923711922472
18.875	41.5	0.956780085304939	0.799018894438612	0.000232185674269307	44.7865776221719	0.995245809383543
19.125	41.5	0.95957682360886	0.799097678877408	0.000244807713888984	44.5877307634264	0.995553450596975
19.375	41.5	0.962261213573247	0.799167123200239	0.000254792646218778	44.3888053963165	0.995848733493057
19.625	41.5	0.964844204133792	0.799228494191198	0.000262383209471123	44.189805979611	0.996132862454717
19.875	41.5	0.967330859512423	0.799282915420975	0.000267814806142066	43.990736512407	0.996406394546366
20.125	41.5	0.969722210261856	0.799331374396545	0.000271311925589109	43.7916006755487	0.996669443128804
20.375	41.5	0.972016751448393	0.799374731800472	0.000273085876165781	43.5924019344346	0.996921842659323
20.625	41.5	0.974211621287285	0.79941373200233	0.000273333498991297	43.3931436101717	0.997163278341601
20.875	41.5	0.976303495276308	0.799449014197576	0.00027223661447352	43.1938289254799	0.997393384480394
21.125	41.5	0.978289233083535	0.799481123669164	0.000269962008910125	42.9944610310981	0.997611815639189
21.375	41.5	0.980166316693151	0.799510522788848	0.000266661809423701	42.7950430177236	0.997818294836247
21.625	41.5	0.98193311797673	0.79953760147758	0.000262474127135195	42.5955779177406	0.99801264297744
21.875	41.5	0.983589031886823	0.799562686935844	0.000257523873301649	42.396068700236	0.998194793507551
22.125	41.5	0.985134508156319	0.799586052528284	0.000251923674317611	42.1965182620659	0.998364795897195
22.375	41.5	0.986571010176051	0.79960792576866	0.000245774828654802	41.9969294170837	0.998522811119366
22.625	41.5	0.987900925081189	0.799628495398659	0.00023916826379017	41.7973048850636	0.998669101758931
22.875	41.5	0.989127444411454	0.799647917588362	0.00023218546324378	41.5976472813757	0.99880401888526
23.125	41.5	0.990254430329826	0.79966632131087	0.000224899344073909	41.3979591080844	0.998927987336281
23.375	41.5	0.991286278490257	0.79968381295807	0.000217375072813578	41.1982427468416	0.999041490633928
23.625	41.5	0.992227785342102	0.799700480272506	0.000209670814281519	40.9985004537259	0.999145056387631
23.875	41.5	0.993084024973614	0.799716395672642	0.000201838411902494	40.7987343560209	0.999239242747098
24.125	41.5	0.993860238501136	0.799731619046434	0.000193924001420691	40.5989464508192	0.999324626235125
24.375	41.5	0.994561737441708	0.799746200085296	0.000185968561937332	40.3991386052789	0.999401791118588
24.625	41.5	0.995193821384327	0.799760180222659	0.000178008409413919	40.199312558319	0.999471320352276
24.875	41.5	0.995761709514937	0.79977359423702	0.000170075638167768	39.9994699235339	0.999533788046643
25.125	41.5	0.996270485071276	0.799786471570585	0.000162198516221649	39.799612193105	0.99958975335784
25.375	41.5	0.996725051535281	0.799798837408891	0.000154401839885212	39.5997407425039	0.999639755668881
25.625	41.5	0.997130099252376	0.799810713560618	0.000146707252761628	39.3998568357958	0.999684310917761
25.875	41.5	0.997490081151039	0.799822119171169	0.000139133533562704	39.1999616313738	0.999723908926614
26.125	41.5	0.997809196285543	0.799833071297835	0.000131696856986248	39.0000561879774	0.99975901159141
26.375	41.5	0.998091380012685	0.799843585370797	0.000124411030852761	38.8001414708663	0.999790051801395
26.625	41.5	0.998340299720639	0.799853675560385	0.000117287712617309	38.6002183580423	0.99981743296927
26.875	41.5	0.998559355141742	0.799863355067014	0.000110336607639617	38.4002876464302	0.999841529065592
27.125	41.5	0.998751682393338	0.799872636348125	0.000103565651336409	38.2003500579426	0.999862685063267
27.375	41.5	0.99892016099692	0.799881531293729	9.69811768685882e-05	38.0004062453719	0.999881217709661
27.625	41.5	0.999067423223378	0.79989005136079	9.05880698823458e-05	37.8004567980597	0.999897416554572
27.875	41.5	0.999195865200441	0.799898207673756	8.43899114149169e-05	37.6005022473123	0.999911545172048
28.125	41.5	0.999307659297803	0.799906011098447	7.83891100517299e-05	37.4005430715325	0.999923842522758
28.375	41.5	0.999404767375716	0.799913472294959	7.25870240446836e-05	37.2005797010537	0.999934524411329
28.625	41.5	0.999488954546003	0.799920601753712	6.69840742918545e-05	37.0006125226647	0.99994378500006
28.875	41.5	0.999561803150163	0.799927409818406	6.15798486413407e-05	36.8006418838204	0.999951798346518
29.125	41.5	0.999624726709025	0.799933906699254	5.63731981944583e-05	36.6006680965408	0.999958719937993
29.375	41.5	0.999678983642717	0.799940102478635	5.1362326001718e-05	36.400691441003	0.999964688200699
29.625	41.5	0.999725690598974	0.799946007111224	4.65448687066585e-05	36.2007121688334	0.999969825965887
29.875	41.5	0.999765835262631	0.799951630420287	4.19179714607733e-05	36.0007305061143	0.999974241878889
30.125	41.5	0.99980028854992	0.79995698209119	3.74783566007208e-05	35.8007466561148	0.999978031740491
30.375	41.5	0.999829816118022	0.799962071663343	3.32223863303609e-05	35.6007608017641	0.999981279772982
30.625	41.5	0.99985508914368	0.799966908521296	2.91461199519612e-05	35.4007731078811	0.999984059805805
30.875	41.5	0.999876694344868	0.799971501885399	2.52453657588007e-05	35.2007837231776	0.999986436377935
31.125	41.5	0.999895143236339	0.79997586080263	2.15157281410551e-05	35.0007927820522	0.999988465755997
31.375	41.5	0.999910880624212	0.799979994137885	1.79526500950257e-05	34.8008004061909	0.999990196868663
31.625	41.5	0.999924292356252	0.79998391056608	1.45514514554539e-05	34.6008067059919	0.999991672159188
31.875	41.5	0.99993571235371	0.799987618564813	1.13073631840908e-05	34.4008117818293	0.999992928358908
32.125	41.5	0.999945428957658	0.799991126408248	8.21555798769761e-06	34.2008157251722	0.999993997185342
32.375	41.5	0.999953690627973	0.79999444216173	5.27117758618722e-06	34.0008186195723	0.999994905969077
32.625	41.5	0.999960711036578	0.799997573677547	2.46935672174908e-06	33.8008205415353	0.999995678214024
32.875	41.5	0.999966673598673	0.800000528591649	-1.9475558259223e-07	33.6008215612863	0.999996334095854
33.125	41.5	0.999971735486585	0.800003314321123	-2.72597747010607e-06	33.4008217434435	0.999996890903524
33.375	41.5	0.99997603117066	0.800005938062896	-5.12907809051753e-06	33.2008211476087	0.999997363428773
33.625	41.5	0.99997967553073	0.800008406792961	-7.40876369692081e-06	33.0008198288854	0.99999776430838
33.875	41.5	0.999982766580163	0.800010727266524	-9.56966568043588e-06	32.800817838333	0.999998104323818
34.125	41.5	0.999985387842295	0.800012906018814	-1.16163304489806e-05	32.6008152233651	0.999998392662652
34.375	41.5	0.999987610416807	0.800014949366686	-1.35532109751713e-05	32.4008120280989	0.999998637145849
34.625	41.5	0.999989494770888	0.800016863410547	-1.53846597639081e-05	32.2008082936613	0.999998844424798
34.875	41.5	0.999991092287305	0.800018654037012	-1.71149232010384e-05	32.0008040584587	0.999999020151604
35.125	41.5	0.999992446598798	0.800020326921982	-1.87481370739426e-05	31.8007993584141	0.999999169125868
35.375	41.5	0.999993594735309	0.80002188753401	-2.02883231254324e-05	31.6007942271762	0.999999295420884
35.625	41.5	0.999994568108137	0.800023341138198	-2.17393865917723e-05	31.4007886963044	0.999999402491895
35.875	41.5	0.999995393352306	0.800024692800237	-2.31051145581151e-05	31.2007827954327	0.999999493268754
36.125	41.5	0.999996093046274	0.800025947390796	-2.43891750286649e-05	31.0007765524158	0.99999957023509
36.375	41.5	0.999996686325744	0.800027109590074	-2.55951166572926e-05	30.800769993459	0.999999635495832
36.625	41.5	0.999997189406396	0.800028183892591	-2.67263690593697e-05	30.6007631432349	0.999999690834704
36.875	41.5	0.999997616028433	0.800029174611996	-2.7786243579353e-05	30.4007560249881	0.999999737763128
37.125	41.5	0.999997977834256	0.800030085886107	-2.87779344977058e-05	30.2007486606297	0.999999777561768
37.375	41.5	0.999998284688958	0.800030921681931	-2.97045205993121e-05	30.0007410708232	0.999999811315785
37.625	41.5	0.999998544952135	0.800031685800813	-3.05689670453728e-05	29.8007332750621	0.999999839944735
37.875	41.5	0.999998765708218	0.800032381883513	-3.13741274913605e-05	29.6007252917414	0.999999864227904
38.125	41.5	0.999998952961618	0.800033013415376	-3.21227464540968e-05	29.4007171382225	0.999999884825778
38.375	41.5	0.999999111801944	0.80003358373141	-3.28174618062459e-05	29.2007088308935	0.999999902298214
38.625	41.5	0.999999246543893	0.800034096021387	-3.34608074595041e-05	29.0007003852244	0.999999917119828
38.875	41.5	0.999999360845678	0.800034553334902	-3.40552161096868e-05	28.8006918158186	0.999999929693025
39.125	41.5	0.99999945780926	0.800034958586243	-3.46030221074087e-05	28.6006831364603	0.999999940359019
39.375	41.5	0.999999540065212	0.800035314559367	-3.51064643663523e-05	28.4006743601592	0.999999949407173
39.625	41.5	0.999999609844575	0.800035623912663	-3.55676892965813e-05	28.2006654991919	0.999999957082903
39.875	41.5	0.999999669039701	0.800035889183693	-3.59887537871949e-05	28.0006565651407	0.999999963594367
40.125	41.5	0.999999719255774	0.800036112793749	-3.63716281645883e-05	27.80064756893	0.999999969118135
40.375	41.5	0.999999761854471	0.800036297052458	-3.67181991584059e-05	27.6006385208609	0.999999973803992
40.625	41.5	0.99999979799096	0.800036444162067	-3.70302728172228e-05	27.4006294306432	0.999999977779006
40.875	41.5	0.999999828645243	0.800036556221758	-3.73095774341745e-05	27.2006203074259	0.999999981150977
41.125	41.5	0.999999854648738	0.80003663523187	-3.75577663789672e-05	27.0006111598262	0.999999984011361
41.375	41.5	0.999999876706817	0.800036683097872	-3.77764209249252e-05	26.8006019959563	0.99999998643775
41.625	41.5	0.999999895417911	0.800036701634296	-3.79670529848393e-05	26.6005928234496	0.99999998849597
41.875	41.5	0.999999911289727	0.800036692568563	-3.81311078116198e-05	26.4005836494847	0.99999999024187
42.125	41.5	0.999999924752986	0.800036657544646	-3.82699666147314e-05	26.200574480809	0.999999991722828
42.375	41.5	0.999999936173102	0.800036598126615	-3.83849491203219e-05	26.0005653237601	0.999999992979041
42.625	41.5	0.999999945860074	0.800036515802072	-3.84773160555529e-05	25.8005561842872	0.999999994044608
42.875	41.5	0.999999954076883	0.800036411985504	-3.85482715634455e-05	25.6005470679707	0.999999994948457
43.125	41.5	0.999999961046628	0.800036288021419	-3.85989655286701e-05	25.4005379800409	0.999999995715129
43.375	41.5	0.999999966958558	0.800036145187474	-3.86304958550304e-05	25.2005289253961	0.999999996365441
43.625	41.5	0.999999971973209	0.800035984697412	-3.86439106509576e-05	25.0005199086193	0.999999996917053
43.875	41.5	0.999999976226758	0.800035807703928	-3.86402103441504e-05	24.800510933995	0.999999997384943
44.125	41.5	0.999999979834723	0.800035615301422	-3.86203497048271e-05	24.6005020055239	0.999999997781819
44.375	41.5	0.999999982895087	0.800035408528625	-3.85852398398506e-05	24.4004931269381	0.99999999811846
44.625	41.5	0.999999985490962	0.800035188371105	-3.85357500619589e-05	24.2004843017147	0.999999998404006
44.875	41.5	0.999999987692851	0.800034955763737	-3.84727097268084e-05	24.0004755330894	0.999999998646214
45.125	41.5	0.999999989560552	0.80003471159306	-3.83969099777168e-05	23.8004668240688	0.999999998851661
45.375	41.5	0.999999991144789	0.800034456699393	-3.8309105431017e-05	23.6004581774425	0.999999999025927
45.625	41.5	0.999999992488584	0.800034191879132	-3.82100158021658e-05	23.4004495957947	0.999999999173744
45.875	41.5	0.99999999362843	0.800033917886711	-3.81003274408384e-05	23.2004410815151	0.999999999299127
46.125	41.5	0.999999994595282	0.80003363543657	-3.79806948366167e-05	23.0004326368091	0.999999999405481
46.375	41.5	0.999999995415398	0.800033345205082	-3.7851742039321e-05	22.8004242637077	0.999999999495694
46.625	41.5	0.999999996111045	0.800033047832321	-3.77140640290941e-05	22.6004159640769	0.999999999572215
46.875	41.5	0.999999996701118	0.800032743923795	-3.75682280285312e-05	22.4004077396267	0.999999999637123
47.125	41.5	0.999999997201638	0.800032434052101	-3.74147747536038e-05	22.2003995919196	0.99999999969218
47.375	41.5	0.999999997626195	0.80003211875848	-3.72542196249584e-05	22.0003915223787	0.999999999738881
47.625	41.5	0.999999997986317	0.80003179855433	-3.70870539078193e-05	21.800383532295	0.999999999778495
47.875	41.5	0.999999998291785	0.800031473922698	-3.69137458147264e-05	21.6003756228355	0.999999999812096
48.125	41.5	0.999999998550894	0.800031145319566	-3.67347415704708e-05	21.4003677950494	0.999999999840598
48.375	41.5	0.999999998770681	0.800030813175197	-3.65504663872384e-05	21.2003600498752	0.999999999864775
48.625	41.5	0.999999998957111	0.800030477895455	-3.63613254644778e-05	21.0003523881467	0.999999999885282
48.875	41.5	0.999999999115245	0.800030139862878	-3.61677048858526e-05	20.8003448105992	0.999999999902677
49.125	41.5	0.99999999924938	0.800029799437913	-3.59699724903258e-05	20.6003373178749	0.999999999917432
49.375	41.5	0.99999999936316	0.800029456959993	-3.5768478733547e-05	20.4003299105288	0.999999999929948
49.625	41.5	0.999999999459671	0.800029112748524	-3.55635574642944e-05	20.2003225890332	0.999999999940564
49.875	41.5	0.999999999541533	0.800028767103945	-3.53555267112675e-05	20.0003153537833	0.999999999949569
50.125	41.5	0.999999999610972	0.800028420308609	-3.51446893990096e-05	19.8003082051011	0.999999999957207
50.375	41.5	0.999999999669873	0.80002807262771	-3.49313340479403e-05	19.6003011432403	0.999999999963686
50.625	41.5	0.999999999719835	0.800027724310172	-3.47157354397414e-05	19.4002941683905	0.999999999969182
50.875	41.5	0.999999999762215	0.800027375589413	-3.44981552569338e-05	19.2002872806807	0.999999999973844
51.125	41.5	0.999999999798165	0.800027026684163	-3.42788426921921e-05	19.0002804801837	0.999999999977798
51.375	41.5	0.999999999828657	0.800026677799169	-3.40580350011718e-05	18.8002737669193	0.999999999981152
51.625	41.5	0.999999999854519	0.800026329125943	-3.38359580927621e-05	18.6002671408576	0.999999999983997
51.875	41.5	0.999999999876457	0.800025980843418	-3.361282702769e-05	18.4002606019228	0.99999999998641
52.125	41.5	0.999999999895065	0.800025633118563	-3.33888465295836e-05	18.2002541499954	0.999999999988457
52.375	41.5	0.999999999910848	0.800025286107036	-3.31642114640147e-05	18.0002477849161	0.999999999990193
52.625	41.5	0.999999999924235	0.800024939953754	-3.29391073005138e-05	17.8002415064878	0.999999999991666
52.875	41.5	0.999999999935592	0.800024594793421	-3.27137105336838e-05	17.6002353144783	0.999999999992915
53.125	41.5	0.999999999945226	0.800024250751059	-3.24881891199367e-05	17.4002292086233	0.999999999993975
53.375	41.5	0.999999999953397	0.80002390794255	-3.22627028650468e-05	17.2002231886282	0.999999999994874
53.625	41.5	0.999999999960327	0.800023566475056	-3.20374037919698e-05	17.0002172541706	0.999999999995636
53.875	41.5	0.999999999966207	0.800023226447532	-3.18124365160539e-05	16.8002114049024	0.999999999996283
54.125	41.5	0.999999999971191	0.800022887951072	-3.1587938589032e-05	16.6002056404516	0.999999999996831
54.375	41.5	0.999999999975421	0.80002255106939	-3.13640408234344e-05	16.4001999604247	0.999999999997296
54.625	41.5	0.99999999997901	0.800022215879226	-3.11408675964118e-05	16.2001943644078	0.999999999997691
54.875	41.5	0.999999999982053	0.800021882450621	-3.09185371761891e-05	16.0001888519689	0.999999999998026
55.125	41.5	0.999999999984636	0.800021550847349	-3.06971619717904e-05	15.8001834226591	0.99999999999831
55.375	41.5	0.999999999986827	0.800021221127249	-3.04768488393488e-05	15.6001780760146	0.999999999998551
55.625	41.5	0.999999999988684	0.80002089334248	-3.02576993134438e-05	15.4001728115576	0.999999999998755
55.875	41.5	0.99999999999026	0.800020567539906	-3.00398098725886e-05	15.200167628798	0.999999999998929
56.125	41.5	0.999999999991598	0.800020243761325	-2.98232721699248e-05	15.0001625272348	0.999999999999076
56.375	41.5	0.999999999992731	0.800019922043758	-2.96081732560162e-05	14.800157506357	0.9999999999992
56.625	41.5	0.999999999993691	0.800019602419701	-2.93945957991473e-05	14.600152565645	0.999999999999306
56.875	41.5	0.999999999994506	0.800019284917399	-2.918261828322e-05	14.4001477045714	0.999999999999396
57.125	41.5	0.999999999995199	0.800018969561053	-2.89723152122663e-05	14.2001429226027	0.999999999999472
57.375	41.5	0.999999999995787	0.800018656371026	-2.87637572918888e-05	14.0001382191993	0.999999999999537
57.625	41.5	0.999999999996285	0.8000183453641	-2.85570116078978e-05	13.8001335938175	0.999999999999591
57.875	41.5	0.999999999996707	0.800018036553637	-2.83521417955877e-05	13.6001290459095	0.999999999999638
58.125	41.5	0.999999999997065	0.800017729949791	-2.81492082039979e-05	13.4001245749247	0.999999999999677
58.375	41.5	0.999999999997369	0.800017425559667	-2.79482680553748e-05	13.2001201803102	0.999999999999711
58.625	41.5	0.999999999997628	0.8000171233875	-2.77493755759945e-05	13.0001158615119	0.999999999999739
58.875	41.5	0.999999999997847	0.800016823434842	-2.75525821619364e-05	12.8001116179749	0.999999999999763
59.125	41.5	0.999999999998033	0.800016525700662	-2.73579364888891e-05	12.6001074491442	0.999999999999784
59.375	41.5	0.999999999998191	0.800016230181544	-2.71654846620906e-05	12.4001033544655	0.999999999999801
59.625	41.5	0.999999999998326	0.800015936871787	-2.69752703235788e-05	12.2000993333854	0.999999999999816
59.875	41.5	0.99999999999844	0.800015645763548	-2.67873347728125e-05	12.0000953853524	0.999999999999828
60.125	41.5	0.999999999998535	0.800015356846995	-2.66017170871695e-05	11.8000915098173	0.999999999999839
60.375	41.5	0.999999999998617	0.800015070110365	-2.64184542123719e-05	11.6000877062333	0.999999999999848
60.625	41.5	0.999999999998687	0.80001478554013	-2.62375810805561e-05	11.400083974057	0.999999999999856
60.875	41.5	0.999999999998746	0.80001450312104	-2.60591306964416e-05	11.2000803127485	0.999999999999862
61.125	41.5	0.999999999998796	0.800014222836328	-2.58831342340328e-05	11.000076721772	0.999999999999868
61.375	41.5	0.999999999998839	0.800013944667678	-2.57096211248945e-05	10.800073200596	0.999999999999872
61.625	41.5	0.999999999998874	0.800013668595386	-2.55386191389242e-05	10.6000697486939	0.999999999999876
61.875	41.5	0.999999999998904	0.800013394598456	-2.53701544727274e-05	10.400066365544	0.999999999999879
62.125	41.5	0.999999999998931	0.800013122654623	-2.5204251816285e-05	10.20006305063	0.999999999999882
62.375	41.5	0.999999999998953	0.800012852740483	-2.50409344354999e-05	10.0000598034416	0.999999999999885
62.625	41.5	0.99999999999897	0.800012584831533	-2.48802242339918e-05	9.80005662347421	0.999999999999887
62.875	41.5	0.99999999999898	0.800012318902252	-2.47221418261901e-05	9.60005351022958	0.999999999999888
63.125	41.5	0.999999999998988	0.800012054926145	-2.45667065970846e-05	9.40005046321599	0.999999999999889
63.375	41.5	0.99999999999899	0.800011792875828	-2.44139367627874e-05	9.20004748194844	0.999999999999889
63.625	41.5	0.999999999998991	0.80001153272308	-2.42638494335253e-05	9.00004456594887	0.999999999999889
63.875	41.5	0.999999999998996	0.800011274438878	-2.4116460659781e-05	8.80004171474641	0.99999999999989
64.125	41.5	0.999999999999012	0.800011017993473	-2.39717854941737e-05	8.60003892787751	0.999999999999891
64.375	41.5	0.999999999999044	0.800010763356405	-2.38298380306269e-05	8.40003620488616	0.999999999999895
64.625	41.5	0.99999999999909	0.800010510496587	-2.36906314659007e-05	8.20003354532404	0.9999999999999
64.875	41.5	0.999999999999136	0.800010259382336	-2.35541781323804e-05	8.00003094875068	0.999999999999905
65.125	41.5	0.999999999999156	0.800010009981368	-2.3420489547853e-05	7.80002841473361	0.999999999999907
65.375	41.5	0.99999999999912	0.800009762260909	-2.32895764568912e-05	7.60002594284849	0.999999999999903
65.625	41.5	0.999999999999007	0.800009516187688	-2.31614488657153e-05	7.40002353267923	0.999999999999891
65.875	41.5	0.999999999998834	0.800009271727964	-2.30361160836647e-05	7.20002118381814	0.999999999999872
66.125	41.5	0.999999999998675	0.80000902884758	-2.29135867555451e-05	7.00001889586601	0.999999999999854
66.375	41.5	0.999999999998649	0.800008787511982	-2.27938688983601e-05	6.80001666843219	0.999999999999851
66.625	41.5	0.999999999998871	0.800008547686251	-2.26769699316107e-05	6.60001450113474	0.999999999999876
66.875	41.5	0.99999999999933	0.800008309335113	-2.25628967094002e-05	6.40001239360049	0.999999999999926
67.125	41.5	0.999999999999767	0.800008072422994	-2.24516555494807e-05	6.20001034546513	0.999999999999974
67.375	41.5	0.999999999999633	0.800007836914026	-2.2343252262435e-05	6.00000835637327	0.99999999999996
67.625	41.5	0.999999999998273	0.800007602772078	-2.22376921721707e-05	5.80000642597855	0.99999999999981
67.875	41.5	0.999999999995498	0.800007369960783	-2.21349801446067e-05	5.60000455394369	0.999999999999505
68.125	41.5	0.99999999999249	0.800007138443529	-2.20351206038428e-05	5.40000273994052	0.999999999999174
68.375	41.5	0.999999999992672	0.80000690818348	-2.19381175484922e-05	5.20000098365	0.999999999999194
68.625	41.5	1.00000000000169	0.800006679143563	-2.18439745678604e-05	4.99999928476222	1.00000000000019
68.875	41.5	1.00000000002519	0.800006451286443	-2.17526948635895e-05	4.79999764297645	1.00000000000277
69.125	41.5	1.00000000006342	0.800006224574566	-2.16642812778689e-05	4.59999605800118	1.00000000000698
69.375	41.5	1.00000000010272	0.800005998970215	-2.15787363382648e-05	4.39999452955444	1.0000000000113
69.625	41.5	1.00000000010729	0.800005774435723	-2.1496062316093e-05	4.19999305736418	1.0000000000118
69.875	41.5	1.00000000001837	0.800005550933697	-2.14162612863892e-05	3.99999164116884	1.00000000000202
70.125	41.5	0.999999999771968	0.800005328427267	-2.13393351666685e-05	3.79999028071765	0.999999999974917
70.375	41.5	0.999999999345816	0.800005106880134	-2.12652856902199e-05	3.59998897577028	0.99999999992804
70.625	41.5	0.999999998836683	0.800004886256101	-2.11941142614201e-05	3.39998772609511	0.999999999872035
70.875	41.5	0.999999998546661	0.800004666517833	-2.11258216687879e-05	3.19998653146565	0.999999999840133
71.125	41.5	0.999999999021457	0.800004447624815	-2.10604077002677e-05	2.99998539165562	0.99999999989236
71.375	41.5	1.00000000094698	0.800004229531035	-2.09978708154066e-05	2.7999843064348	1.00000000010417
71.625	41.5	1.00000000479874	0.800004012183892	-2.0938208210358e-05	2.59998327556974	1.00000000052786
71.875	41.5	1.00000001019269	0.800003795526634	-2.08814166893421e-05	2.39998229883557	1.0000000011212
72.125	41.5	1.00000001504826	0.800003579507049	-2.08274947334994e-05	2.19998137604412	1.00000000165531
72.375	41.5	1.00000001495867	0.800003364093737	-2.07764457240745e-05	1.99998050708817	1.00000000164545
72.625	41.5	1.00000000350909	0.800003149297325	-2.07282813986363e-05	1.79997969198916	1.000000000386
72.875	41.5	0.999999974510169	0.800002935187044	-2.06830233197731e-05	1.59997893091679	0.999999997196119
73.125	41.5	0.999999926904375	0.800002721884564	-2.06406988242779e-05	1.39997822413021	0.999999991959481
73.375	41.5	0.99999987206858	0.800002509511323	-2.0601327595027e-05	1.19997757178483	0.999999985927544
73.625	41.5	0.99999984111794	0.800002298070323	-2.05648970708282e-05	0.999976973578477	0.999999982522974
73.875	41.5	0.9999998868287	0.800002087267959	-2.05313308386037e-05	0.799976428295993	0.999999987551157
74.125	41.5	1.00000007205798	0.800001876332151	-2.05004643964936e-05	0.599975933459848	1.00000000792638
74.375	41.5	1.00000043635795	0.80000166390582	-2.04720550634386e-05	0.399975485475195	1.00000004799937
74.625	41.5	1.00000093814583	0.800001302719181	-2.04458624970259e-05	0.199975080802819	1.00000010319604
74.875	41.5	1.00000138436651	0.400001656226073	-2.04268140196467e-05	-2.52084909415553e-05	1.00000015228032
0.125	42.5	2.84661394334242e-07	0.399993434483888	-0.000116251086782576	58.5934345728419	0.890000031312753
0.375	42.5	-4.86852003656203e-06	0.799980592762058	-0.000116556500051517	58.4154374882337	0.889999464462796
0.625	42.5	-1.62199791446932e-05	0.799967778848717	-0.000117163551374651	58.2374434232713	0.889998215802294
0.875	42.5	-3.4573976083166e-05	0.799954945461968	-0.000118057930424327	58.0594525402945	0.889996196862631
1.125	42.5	-5.95470070991509e-05	0.79994213899597	-0.000119219662707794	57.8814649937073	0.889993449829219
1.375	42.5	-8.86715594267282e-05	0.79992937202887	-0.000120622822371697	57.7034809083166	0.889990246128463
1.625	42.5	-0.000116546907911539	0.799916653096373	-0.000122235563520681	57.5255003243544	0.88998717984013
1.875	42.5	-0.00013411095694631	0.79990398387113	-0.000124020129254268	57.3475231252134	0.889985247794736
2.125	42.5	-0.000128135911977054	0.799891356351203	-0.000125932781632114	57.1695489516998	0.889985905049683
2.375	42.5	-8.10484102344167e-05	0.799878750609167	-0.000127923597723063	56.991577108845	0.889991084674874
2.625	42.5	2.88500300241639e-05	0.799866133496349	-0.000129936079170527	56.813606473261	0.890003173503303
2.875	42.5	0.000226727312939355	0.799853458522071	-0.000131906529583112	56.6356354102422	0.890024940004423
3.125	42.5	0.000540144873640095	0.799840666934108	-0.00013376316728517	56.4576617100354	0.8900594159361
3.375	42.5	0.000997627803301599	0.799827689834418	-0.000135424958287627	56.2796825518058	0.890109739058363
3.625	42.5	0.00162699182866398	0.799814451000073	-0.000136800173136797	56.1016945018799	0.890178969101153
3.875	42.5	0.00245356970863981	0.799800869968785	-0.00013778468669014	55.9236935500629	0.89026989266795
4.125	42.5	0.00349849433884918	0.799786864898473	-0.000138260047696511	55.7456751845364	0.890384834377273
4.375	42.5	0.00477719221657157	0.799772354726471	-0.000138091341444203	55.5676345024302	0.890525491143823
4.625	42.5	0.00629822019656828	0.799757260221518	-0.000137124854748868	55.3895663500248	0.890692804221623
4.875	42.5	0.00806254413135117	0.799741503633394	-0.00013518553084363	55.2114654840141	0.890886879854449
5.125	42.5	0.0100633150194417	0.799725006782116	-0.0001320741820144	55.0333267435785	0.891106964652139
5.375	42.5	0.012286152461295	0.799707687579764	-0.000127564419543267	54.855145222323	0.891351476770742
5.625	42.5	0.0147099024482466	0.799689455128258	-0.000121399276619347	54.6769164294071	0.891618089269307
5.875	42.5	0.0173078021852757	0.799670203669217	-0.000113287546400833	54.4986364303103	0.89190385824038
6.125	42.5	0.0200489630624565	0.799649805766568	-0.000102899936847859	54.3203019594024	0.89220538593687
6.375	42.5	0.0229000766345717	0.799628105157562	-8.98652500360927e-05	54.1419104985068	0.892519008429803
6.625	42.5	0.0258272579497801	0.79960490971645	-7.37669130411577e-05	53.9634603176183	0.892840998374476
6.875	42.5	0.028797963757283	0.79957998492995	-5.41403071702788e-05	53.7849504755377	0.893167776013301
7.125	42.5	0.0317829557052112	0.799553048208527	-3.04714482139094e-05	53.6063807791543	0.893496125127573
7.375	42.5	0.0347583146671331	0.799523764274753	-2.19766025858709e-06	53.4277517003109	0.893823414613385
7.625	42.5	0.0377075453838669	0.799491741816038	3.12890319268079e-05	53.2490642486065	0.894147829992225
7.875	42.5	0.0406238352659264	0.799456531597786	7.06349656674823e-05	53.0703197972659	0.894468621879252
8.125	42.5	0.0435125446156411	0.799417626333507	0.000116513369442195	52.891519857546	0.894786379907721
8.375	42.5	0.0463940086115749	0.799374462809921	0.000169607083124319	52.7126657952892	0.895103340947273
8.625	42.5	0.0493067293391082	0.799326427063043	0.000230583709506607	52.5337584813546	0.895423740227302
8.875	42.5	0.0523110378763102	0.799272863755889	0.000300060665596119	52.3547978657698	0.895754214166394
9.125	42.5	0.0554933228277416	0.799213091258237	0.000378556459501939	52.1757824633369	0.896104265511052
9.375	42.5	0.0589709622824903	0.799146424171634	0.000466422943912256	51.9967087356759	0.896486805851074
9.625	42.5	0.0628981644045635	0.799072205016425	0.000563751305733621	51.8175703507001	0.896918798084502
9.875	42.5	0.0674730078388192	0.798989846266002	0.000670242327935781	51.6383572947916	0.89742203086227
10.125	42.5	0.0729460435452654	0.79889888250513	0.000785029529137755	51.4590548054307	0.898024064789979
10.375	42.5	0.0796308026045724	0.798799029688293	0.000906443307527841	51.2796420838468	0.898759388286503
10.625	42.5	0.0879163186850858	0.798690243680784	0.0010317074163037	51.1000907417533	0.899670795055359
10.875	42.5	0.0982811038685841	0.798572763134885	0.00115656983867787	50.920362940544	0.900810921425544
11.125	42.5	0.111306598627754	0.79844711321152	0.00127489431117026	50.7404092084247	0.902243725849053
11.375	42.5	0.127685574656755	0.79831404096883	0.00137828377281162	50.5601659913481	0.904045413212243
11.625	42.5	0.148217040119082	0.798174361312471	0.00145587856971661	50.379553134866	0.906303874413099
11.875	42.5	0.173774196231608	0.798028734056487	0.00149456545652477	50.1984717332513	0.909115161585477
12.125	42.5	0.205227705920525	0.797877490065715	0.00147991632994389	50.0168031240696	0.912575047651258
12.375	42.5	0.243307340576238	0.797720771474511	0.00139816959296022	49.8344101889511	0.916763807463386
12.625	42.5	0.288398133175282	0.797559350248807	0.00123934828697154	49.6511423581516	0.921723794649281
12.875	42.5	0.340298945181108	0.797396309952732	0.00100107879713065	49.4668454735219	0.927432883969922
13.125	42.5	0.398017883863089	0.797239096164646	0.000691925840720598	49.2813765784025	0.93378196722494
13.375	42.5	0.459714288360428	0.797100496085118	0.000332539352899288	49.0946217276921	0.940568571719647
13.625	42.5	0.522877684129162	0.796996898321963	-4.67312625753804e-05	48.906512740794	0.947516545254208
13.875	42.5	0.584738091086858	0.79694365996028	-0.000411624281546833	48.7170378538041	0.954321190019554
14.125	42.5	0.642775236876323	0.796949788923248	-0.000731192109911895	48.526242629767	0.960705276056395
14.375	42.5	0.69513323028079	0.797015038744399	-0.00098367762465024	48.3342209202665	0.966464655330887
14.625	42.5	0.740805275598075	0.797130793908908	-0.0011590918810754	48.1410991973568	0.971488580315788
14.875	42.5	0.779579411214473	0.797283574526954	-0.00125833330072102	47.9470191885617	0.975753735233592
15.125	42.5	0.811834213640054	0.797458923189001	-0.00129010877033561	47.7521229843586	0.979301763500406
15.375	42.5	0.838294955487671	0.797644125666982	-0.00126727744260256	47.556542723606	0.982212445103644
15.625	42.5	0.859826412126331	0.797829419724816	-0.00120377218767149	47.3603949908039	0.984580905333896
15.875	42.5	0.877291720929983	0.798008087294279	-0.00111256141262459	47.1637789173597	0.986502089302298
16.125	42.5	0.891474150960532	0.798175980122787	-0.00100460690407879	46.9667766680459	0.988062156605658
16.375	42.5	0.903044911451523	0.798330883323338	-0.00088854784108646	46.7694551771632	0.989334940259668
16.625	42.5	0.91255896080611	0.798471928002134	-0.00077081639563035	46.5718683496037	0.990381485688672
16.875	42.5	0.920464962261057	0.798599127701588	-0.000655956418034743	46.3740592699321	0.991251145848716
17.125	42.5	0.927120570527102	0.798713042747446	-0.000546999854374934	46.1760621993352	0.991983262757981
17.375	42.5	0.932808250911385	0.798814549684655	-0.00044582307230368	45.9779042847905	0.992608907600252
17.625	42.5	0.937749465937517	0.798904688212073	-0.000353449934232791	45.7796069804995	0.993152441253127
17.875	42.5	0.942116560577423	0.79898456191531	-0.000270293882634976	45.5811872140093	0.993632821663517
18.125	42.5	0.946042409725376	0.799055275058516	-0.000196343684038414	45.3826583380696	0.994064665069791
18.375	42.5	0.949628175464288	0.799117893092259	-0.000131302162017594	45.1840309067523	0.994459099301072
18.625	42.5	0.952949572598528	0.799173418665519	-7.46879222040094e-05	44.9853133078981	0.994824452985838
18.875	42.5	0.956061989474861	0.799222777822818	-2.59089610078304e-05	44.7865122771472	0.995166818842235
19.125	42.5	0.959004728665305	0.799266812990678	1.5684635115611e-05	44.587633313148	0.995490520153184
19.375	42.5	0.961804553228275	0.799306280583214	5.07633643603517e-05	44.3886810093693	0.99579850085511
19.625	42.5	0.964478662618732	0.799341851816632	7.99922440294881e-05	44.1896593151071	0.99609265288806
19.875	42.5	0.967037180355336	0.799374115778939	0.000104013002746122	43.9905717364213	0.996374089839087
20.125	42.5	0.969485210597106	0.799403584071324	0.000123432354498613	43.7914214865029	0.996643373165682
20.375	42.5	0.971824508310496	0.799430696504671	0.000138814772322873	43.5922115940661	0.996900695914155
20.625	42.5	0.974054803131559	0.79945582743768	0.000150678596665377	43.3929449775809	0.997146028344471
20.875	42.5	0.976174816532071	0.799479292422696	0.000159494605557757	43.1936244923999	0.997379229818528
21.125	42.5	0.978183012734381	0.799501354886674	0.000165686379534058	42.9942529570304	0.997600131400782
21.375	42.5	0.98007812428184	0.799522232634962	0.000169631943092333	42.7948331639693	0.997808593671002
21.625	42.5	0.981859492419437	0.799542104016743	0.000171666275846117	42.5953678796663	0.998004544166138
21.875	42.5	0.983527260259458	0.799561113641042	0.000172084373710674	42.3958598373504	0.99818799862854
22.125	42.5	0.985082453279581	0.799579377575371	0.000171144610785917	42.1963117256732	0.998359069860754
22.375	42.5	0.986526977403137	0.799596987994806	0.000169072211101389	41.9967261754212	0.998517967514345
22.625	42.5	0.987863560175333	0.799614017278218	0.000166062688090939	41.797105745939	0.998664991619287
22.875	42.5	0.989095655768528	0.79963052157052	0.000162285150324765	41.5974529123953	0.998800522134538
23.125	42.5	0.990227330033632	0.799646543843864	0.000157885405367347	41.3977700546138	0.9989250063037
23.375	42.5	0.991263137770864	0.799662116500611	0.000152988820407506	41.1980594478733	0.999038945154795
23.625	42.5	0.992208000935562	0.799677263565404	0.000147702919164585	40.9983232558409	0.999142880102912
23.875	42.5	0.993067093658474	0.799692002514371	0.000142119710202932	40.7985635256376	0.999237380302432
24.125	42.5	0.993845737723366	0.799706345788749	0.000136317753267917	40.5987821849188	0.99932303114957
24.375	42.5	0.994549310449792	0.799720302037148	0.000130363977642082	40.398981040783	0.999400424149477
24.625	42.5	0.995183165697272	0.799733877126085	0.000124315271478504	40.1991617802858	0.9994701482267
24.875	42.5	0.995752567855279	0.79974707495555	0.000118219863381836	39.9993259723203	0.999532782464081
25.125	42.5	0.996262638129807	0.799759898109945	0.000112118518322177	39.7994750706292	0.999588890194279
25.375	42.5	0.996718312108947	0.799772348372847	0.000106045569748277	39.5996104177242	0.999639014331984
25.625	42.5	0.99712430742514	0.799784427127976	0.00010002980834338	39.3997332495095	0.999683673816765
25.875	42.5	0.997485100280206	0.799796135667195	9.40952464847803e-05	39.1998447004252	0.999723361030823
26.125	42.5	0.997804909622288	0.799807475421169	8.82617754829917e-05	38.999945808951	0.999758540058452
26.375	42.5	0.998087687832181	0.799818448128289	8.25457307697452e-05	38.8000375233318	0.99978964566154
26.625	42.5	0.998337116869839	0.799829055952298	7.69603782815222e-05	38.6001207074095	0.999817082855682
26.875	42.5	0.998556608935525	0.799839301559558	7.15163335802922e-05	38.4001961464598	0.999841226982908
27.125	42.5	0.998749310805551	0.799849188163638	6.62219236117401e-05	38.2002645529581	0.999862424188611
27.375	42.5	0.9989181111038	0.799858719544164	6.10834994257817e-05	38.0003265722056	0.999880992221418
27.625	42.5	0.999065649864631	0.799867900046021	5.61057072128224e-05	37.8003827877661	0.99989722148511
27.875	42.5	0.999194329829043	0.799876734562905	5.12917235297391e-05	37.6004337266736	0.999911376281195
28.125	42.5	0.999306328993599	0.799885228509711	4.66434599768587e-05	37.4004798643818	0.999923696189296
28.375	42.5	0.999403614001459	0.799893387786639	4.21617416268148e-05	37.2005216294341	0.999934397540161
28.625	42.5	0.99948795402693	0.799901218737553	3.78464628125058e-05	37.0005594078433	0.999943674942962
28.875	42.5	0.999560934860591	0.799908728105013	3.3696723446089e-05	36.8005935471723	0.999951702834665
29.125	42.5	0.999623972951296	0.799915922983108	2.97109483401398e-05	36.600624360317	0.999958637024643
29.375	42.5	0.99967832920565	0.799922810769952	2.58869919259621e-05	36.4006521289943	0.999964616212621
29.625	42.5	0.999725122384403	0.799929399120672	2.22222300817514e-05	36.2006771069416	0.999969763462284
29.875	42.5	0.999765341970115	0.799935695901526	1.87136408084251e-05	36.0006995228399	0.999974187616713
30.125	42.5	0.999799860410875	0.799941709145951	1.53578749818656e-05	35.8007195829705	0.999977984645196
30.375	42.5	0.999829444671722	0.799947447012955	1.2151318560892e-05	35.6007374736214	0.999981238913889
30.625	42.5	0.999854767048579	0.799952917748072	9.09014701757363e-06	35.4007533632576	0.999984024375344
30.875	42.5	0.999876415219628	0.799958129647031	6.17037316774442e-06	35.2007674044712	0.999986405674159
31.125	42.5	0.999894901525725	0.799963091022327	3.38788886446491e-06	35.0007797357277	0.99998843916783
31.375	42.5	0.999910671485788	0.799967810172777	7.3850151413375e-07	34.8007904829253	0.999990173863437
31.625	42.5	0.999924111564436	0.799972295355774	-1.78203424958032e-06	34.6007997607814	0.999991652272088
31.875	42.5	0.999935556218242	0.799976554762348	-4.17798895253252e-06	34.4008076740643	0.999992911184007
32.125	42.5	0.999945294254132	0.799980596495131	-6.45363450921214e-06	34.2008143186826	0.999993982367954
32.375	42.5	0.99995357453834	0.7999844285486	-8.61322371457887e-06	34.000819782648	0.999994893199217
32.625	42.5	0.999960611098021	0.799988058791855	-1.0660972683243e-05	33.8008241469235	0.999995667220782
32.875	42.5	0.999966587659475	0.799991494953749	-1.26010459425765e-05	33.6008274861702	0.999996324642542
33.125	42.5	0.999971661667827	0.799994744609969	-1.44375438276647e-05	33.4008298694039	0.999996882783461
33.375	42.5	0.999975967832863	0.799997815172228	-1.61744919792843e-05	33.2008313605711	0.999997356461615
33.625	42.5	0.999979621244732	0.800000713879278	-1.78158325962626e-05	33.0008320190553	0.999997758336921
33.875	42.5	0.999982720101516	0.800003447789294	-1.93654174086222e-05	32.8008319001202	0.999998099211167
34.125	42.5	0.999985348088764	0.800006023774155	-2.08270019860436e-05	32.6008310552997	0.999998388289764
34.375	42.5	0.999987576448518	0.800008448514985	-2.22042413726918e-05	32.4008295327398	0.999998633409337
34.625	42.5	0.9999894657728	0.800010728498613	-2.35006867811314e-05	32.2008273774994	0.999998841235008
34.875	42.5	0.999991067553722	0.800012870015777	-2.47197832731853e-05	32.0008246318153	0.999999017430909
35.125	42.5	0.99999242551965	0.800014879159749	-2.58648682640909e-05	31.8008213353355	0.999999166807161
35.375	42.5	0.999993576784045	0.800016761826098	-2.69391708036235e-05	31.6008175253261	0.999999293446245
35.625	42.5	0.999994552831005	0.800018523713355	-2.79458114139286e-05	31.4008132368545	0.999999400811411
35.875	42.5	0.999995380358918	0.800020170324169	-2.88878025481911e-05	31.2008085029524	0.999999491839481
36.125	42.5	0.999996082001261	0.800021706967235	-2.97680494659498e-05	31.000803354761	0.999999569020139
36.375	42.5	0.999996676941439	0.800023138759667	-3.05893515375102e-05	30.8007978216619	0.999999634463558
36.625	42.5	0.999997181436392	0.800024470629933	-3.13544038370515e-05	30.6007919313936	0.999999689958003
36.875	42.5	0.999997609261963	0.80002570732104	-3.20657990780842e-05	30.4007857101583	0.999999737018816
37.125	42.5	0.999997972091254	0.80002685339425	-3.27260297141949e-05	30.2007791827169	0.999999776930038
37.375	42.5	0.999998279815775	0.800027913232966	-3.33374902628368e-05	30.0007723724771	0.999999810779735
37.625	42.5	0.999998540817801	0.800028891046851	-3.39024797752272e-05	29.8007653015732	0.999999839489958
37.875	42.5	0.999998762201208	0.800029790876123	-3.44232044160112e-05	29.6007579909391	0.999999863842133
38.125	42.5	0.999998949987045	0.800030616596161	-3.49017801069446e-05	29.4007504603763	0.999999884498575
38.375	42.5	0.999999109279132	0.800031371922037	-3.53402352789157e-05	29.2007427286163	0.999999902020705
38.625	42.5	0.999999244404308	0.800032060413162	-3.57405136228042e-05	29.0007348133784	0.999999916884474
38.875	42.5	0.999999359031122	0.800032685478061	-3.61044768650089e-05	28.8007267314239	0.999999929493423
39.125	42.5	0.99999945627034	0.800033250379194	-3.64339075687243e-05	28.6007184986066	0.999999940189737
39.375	42.5	0.999999538760027	0.800033758237622	-3.67305118885576e-05	28.4007101299196	0.999999949263603
39.625	42.5	0.999999608737585	0.800034212037866	-3.69959223227134e-05	28.2007016395401	0.999999956961134
39.875	42.5	0.999999668100769	0.800034614632491	-3.72317004385118e-05	28.0006930408706	0.999999963491085
40.125	42.5	0.999999718459345	0.800034968746917	-3.7439339533403e-05	27.8006843465783	0.999999969030528
40.375	42.5	0.999999761178884	0.800035276983997	-3.76202672535502e-05	27.6006755686322	0.999999973729677
40.625	42.5	0.999999797417853	0.800035541828448	-3.777584817585e-05	27.4006667183382	0.999999977715964
40.875	42.5	0.99999982815905	0.80003576565145	-3.79073862792694e-05	27.2006578063719	0.999999981097495
41.125	42.5	0.99999985423626	0.800035950714893	-3.8016127427097e-05	27.0006488428101	0.999999983965989
41.375	42.5	0.999999876356867	0.800036099175722	-3.81032617065284e-05	26.800639837161	0.999999986399255
41.625	42.5	0.999999895121003	0.800036213090051	-3.81699257454704e-05	26.6006307983918	0.99999998846331
41.875	42.5	0.999999911037814	0.800036294417248	-3.82172049376125e-05	26.4006217349562	0.99999999021416
42.125	42.5	0.999999924539246	0.80003634502381	-3.8246135615101e-05	26.2006126548193	0.999999991699317
42.375	42.5	0.999999935991749	0.800036366687255	-3.82577071226902e-05	26.0006035654825	0.999999992959092
42.625	42.5	0.9999999457062	0.800036361099834	-3.82528638448552e-05	25.8005944740062	0.999999994027682
42.875	42.5	0.999999953946329	0.80003632987208	-3.82325071296001e-05	25.6005853870317	0.999999994934096
43.125	42.5	0.999999960935857	0.800036274536319	-3.81974971960541e-05	25.4005763108027	0.999999995702944
43.375	42.5	0.999999966864572	0.800036196550027	-3.81486548978741e-05	25.2005672511846	0.999999996355103
43.625	42.5	0.999999971893466	0.800036097299064	-3.80867634817123e-05	25.0005582136838	0.999999996908281
43.875	42.5	0.999999976159101	0.80003597810082	-3.80125702422208e-05	24.8005492034658	0.999999997377501
44.125	42.5	0.999999979777321	0.800035840207226	-3.79267881271903e-05	24.6005402253722	0.999999997775505
44.375	42.5	0.999999982846386	0.800035684807662	-3.78300972658713e-05	24.4005312839376	0.999999998113102
44.625	42.5	0.999999985449644	0.800035513031748	-3.77231464451171e-05	24.2005223834045	0.999999998399461
44.875	42.5	0.999999987657798	0.800035325952034	-3.76065545217115e-05	24.000513527739	0.999999998642358
45.125	42.5	0.999999989530815	0.800035124586625	-3.74809117701843e-05	23.8005047206442	0.99999999884839
45.375	42.5	0.999999991119562	0.800034909901565	-3.73467811758384e-05	23.6004959655745	0.999999999023152
45.625	42.5	0.999999992467182	0.800034682813346	-3.72046996768776e-05	23.4004872657478	0.99999999917139
45.875	42.5	0.999999993610274	0.800034444191094	-3.70551793498759e-05	23.2004786241584	0.99999999929713
46.125	42.5	0.999999994579881	0.800034194858796	-3.68987085466941e-05	23.0004700435879	0.999999999403787
46.375	42.5	0.999999995402331	0.80003393559743	-3.67357529653373e-05	22.8004615266173	0.999999999494256
46.625	42.5	0.999999996099963	0.800033667146932	-3.656675670504e-05	22.6004530756366	0.999999999570996
46.875	42.5	0.999999996691717	0.80003339020814	-3.63921432308155e-05	22.4004446928557	0.999999999636089
47.125	42.5	0.999999997193663	0.800033105444642	-3.62123163528259e-05	22.2004363803135	0.999999999691303
47.375	42.5	0.99999999761943	0.800032813484553	-3.60276610961593e-05	22.0004281398873	0.999999999738137
47.625	42.5	0.99999999798058	0.800032514922167	-3.58385445848943e-05	21.8004199733014	0.999999999777864
47.875	42.5	0.999999998286919	0.800032210319611	-3.56453168578558e-05	21.6004118821354	0.999999999811561
48.125	42.5	0.999999998546767	0.800031900208341	-3.5448311653157e-05	21.4004038678322	0.999999999840144
48.375	42.5	0.999999998767177	0.800031585090696	-3.5247847165882e-05	21.2003959317052	0.999999999864389
48.625	42.5	0.999999998954138	0.800031265441183	-3.50442267529393e-05	21.0003880749458	0.999999999884955
48.875	42.5	0.999999999112726	0.800030941707968	-3.4837739624177e-05	20.80038029863	0.9999999999024
49.125	42.5	0.999999999247243	0.800030614314031	-3.46286614848037e-05	20.6003726037248	0.999999999917197
49.375	42.5	0.999999999361346	0.800030283658453	-3.44172551761219e-05	20.4003649910946	0.999999999929748
49.625	42.5	0.999999999458134	0.800029950117606	-3.42037712428769e-05	20.2003574615066	0.999999999940395
49.875	42.5	0.99999999954023	0.800029614046186	-3.39884485199173e-05	20.0003500156369	0.999999999949425
50.125	42.5	0.999999999609867	0.80002927577838	-3.37715146588002e-05	19.8003426540753	0.999999999957085
50.375	42.5	0.999999999668935	0.800028935628823	-3.35531866429273e-05	19.6003353773306	0.999999999963583
50.625	42.5	0.999999999719038	0.800028593893548	-3.33336712891289e-05	19.4003281858353	0.999999999969094
50.875	42.5	0.999999999761539	0.800028250850931	-3.31131657003257e-05	19.2003210799502	0.999999999973769
51.125	42.5	0.999999999797588	0.800027906762606	-3.28918577169906e-05	19.0003140599683	0.999999999977735
51.375	42.5	0.999999999828168	0.80002756187424	-3.26699263521648e-05	18.8003071261196	0.999999999981098
51.625	42.5	0.999999999854104	0.800027216416356	-3.24475421860638e-05	18.6003002785743	0.999999999983952
51.875	42.5	0.999999999876106	0.80002687060514	-3.22248677496524e-05	18.4002935174471	0.999999999986372
52.125	42.5	0.999999999894767	0.800026524643045	-3.20020579006567e-05	18.2002868428002	0.999999999988424
52.375	42.5	0.999999999910596	0.800026178719614	-3.17792601818643e-05	18.0002802546468	0.999999999990166
52.625	42.5	0.999999999924025	0.800025833012062	-3.15566151378707e-05	17.8002737529543	0.999999999991643
52.875	42.5	0.999999999935415	0.800025487685918	-3.13342566548563e-05	17.6002673376475	0.999999999992896
53.125	42.5	0.999999999945073	0.800025142895607	-3.11123122506168e-05	17.4002610086109	0.999999999993958
53.375	42.5	0.999999999953267	0.800024798785053	-3.08909033693322e-05	17.200254765692	0.999999999994859
53.625	42.5	0.999999999960219	0.80002445548814	-3.06701456649361e-05	17.0002486087034	0.999999999995624
53.875	42.5	0.999999999966115	0.800024113129354	-3.04501492661806e-05	16.8002425374257	0.999999999996273
54.125	42.5	0.999999999971114	0.800023771824136	-3.02310190147793e-05	16.6002365516092	0.999999999996823
54.375	42.5	0.999999999975356	0.800023431679394	-3.00128547212062e-05	16.4002306509767	0.999999999997289
54.625	42.5	0.999999999978954	0.800023092794012	-2.97957513958132e-05	16.2002248352251	0.999999999997685
54.875	42.5	0.999999999982007	0.800022755259149	-2.95797994523792e-05	16.0002191040277	0.999999999998021
55.125	42.5	0.999999999984595	0.800022419158738	-2.93650849329128e-05	15.800213457036	0.999999999998305
55.375	42.5	0.999999999986792	0.800022084569818	-2.91516896963257e-05	15.6002078938811	0.999999999998547
55.625	42.5	0.999999999988654	0.80002175156289	-2.89396916228293e-05	15.4002024141761	0.999999999998752
55.875	42.5	0.999999999990233	0.800021420202276	-2.87291647783761e-05	15.2001970175169	0.999999999998926
56.125	42.5	0.999999999991573	0.800021090546458	-2.85201796043628e-05	15.0001917034842	0.999999999999073
56.375	42.5	0.99999999999271	0.800020762648351	-2.83128030703266e-05	14.8001864716449	0.999999999999198
56.625	42.5	0.999999999993675	0.800020436555635	-2.81070988402854e-05	14.6001813215531	0.999999999999304
56.875	42.5	0.999999999994493	0.800020112310992	-2.79031274236588e-05	14.4001762527519	0.999999999999394
57.125	42.5	0.999999999995187	0.800019789952422	-2.77009463122317e-05	14.2001712647741	0.999999999999471
57.375	42.5	0.999999999995776	0.800019469513439	-2.75006101289848e-05	14.0001663571437	0.999999999999535
57.625	42.5	0.999999999996275	0.800019151023377	-2.73021707480722e-05	13.8001615293768	0.99999999999959
57.875	42.5	0.999999999996698	0.800018834507546	-2.71056774266852e-05	13.6001567809828	0.999999999999637
58.125	42.5	0.999999999997058	0.800018519987495	-2.69111769287844e-05	13.4001521114651	0.999999999999676
58.375	42.5	0.999999999997362	0.800018207481209	-2.67187136257225e-05	13.2001475203222	0.99999999999971
58.625	42.5	0.999999999997622	0.800017897003285	-2.65283296267491e-05	13.0001430070485	0.999999999999738
58.875	42.5	0.999999999997842	0.800017588565157	-2.63400648615738e-05	12.8001385711355	0.999999999999763
59.125	42.5	0.999999999998027	0.800017282175198	-2.61539571971751e-05	12.6001342120717	0.999999999999783
59.375	42.5	0.999999999998185	0.800016977838981	-2.59700425204837e-05	12.4001299293442	0.9999999999998
59.625	42.5	0.99999999999832	0.800016675559342	-2.57883548396887e-05	12.200125722439	0.999999999999815
59.875	42.5	0.999999999998434	0.800016375336616	-2.56089263661142e-05	12.0001215908417	0.999999999999828
60.125	42.5	0.99999999999853	0.800016077168716	-2.54317875955492e-05	11.8001175340381	0.999999999999838
60.375	42.5	0.999999999998612	0.80001578105128	-2.52569673964347e-05	11.6001135515149	0.999999999999847
60.625	42.5	0.999999999998683	0.800015486977839	-2.50844930737425e-05	11.40010964276	0.999999999999855
60.875	42.5	0.999999999998743	0.800015194939866	-2.4914390452772e-05	11.2001058072633	0.999999999999862
61.125	42.5	0.999999999998794	0.800014904926964	-2.47466839377316e-05	11.0001020445171	0.999999999999867
61.375	42.5	0.999999999998837	0.800014616926927	-2.45813965909396e-05	10.8000983540164	0.999999999999872
61.625	42.5	0.999999999998874	0.800014330925862	-2.44185501843799e-05	10.6000947352596	0.999999999999876
61.875	42.5	0.999999999998904	0.80001404690827	-2.42581652665014e-05	10.4000911877488	0.999999999999879
62.125	42.5	0.999999999998929	0.800013764857168	-2.41002612159013e-05	10.2000877109899	0.999999999999882
62.375	42.5	0.999999999998951	0.800013484754134	-2.39448563034337e-05	10.0000843044936	0.999999999999885
62.625	42.5	0.999999999998968	0.800013206579448	-2.37919677391374e-05	9.80008096777514	0.999999999999887
62.875	42.5	0.99999999999898	0.800012930312098	-2.3641611722309e-05	9.60007770035487	0.999999999999888
63.125	42.5	0.999999999998988	0.800012655929927	-2.34938034942824e-05	9.40007450175858	0.999999999999889
63.375	42.5	0.999999999998992	0.800012383409633	-2.33485573776725e-05	9.20007137151777	0.999999999999889
63.625	42.5	0.999999999998994	0.800012112726908	-2.32058868299522e-05	9.00006830916986	0.999999999999889
63.875	42.5	0.999999999999	0.800011843856426	-2.30658044750532e-05	8.80006531425848	0.99999999999989
64.125	42.5	0.999999999999016	0.800011576771968	-2.29283221523598e-05	8.60006238633371	0.999999999999892
64.375	42.5	0.999999999999045	0.800011311446451	-2.27934509476317e-05	8.40005952495229	0.999999999999895
64.625	42.5	0.999999999999083	0.800011047851952	-2.26612012327482e-05	8.20005672967785	0.999999999999899
64.875	42.5	0.999999999999117	0.800010785959815	-2.25315827050007e-05	8.00005400008109	0.999999999999903
65.125	42.5	0.999999999999126	0.800010525740658	-2.24046044078853e-05	7.80005133573995	0.999999999999904
65.375	42.5	0.999999999999083	0.800010267164424	-2.2280274776923e-05	7.60004873623983	0.999999999999899
65.625	42.5	0.999999999998979	0.800010010200452	-2.21586016603237e-05	7.4000462011737	0.999999999999888
65.875	42.5	0.99999999999884	0.800009754817463	-2.20395923520815e-05	7.20004373014229	0.999999999999872
66.125	42.5	0.999999999998746	0.800009500983655	-2.19232536169561e-05	7.00004132275419	0.999999999999862
66.375	42.5	0.999999999998812	0.800009248666694	-2.18095917174107e-05	6.80003897862603	0.999999999999869
66.625	42.5	0.999999999999117	0.800008997833784	-2.16986124414908e-05	6.60003669738257	0.999999999999903
66.875	42.5	0.999999999999591	0.800008748451657	-2.15903211226697e-05	6.40003447865683	0.999999999999955
67.125	42.5	0.99999999999989	0.800008500486656	-2.14847226642996e-05	6.20003232209021	0.999999999999988
67.375	42.5	0.999999999999382	0.800008253904718	-2.1381821563673e-05	6.00003022733256	0.999999999999932
67.625	42.5	0.999999999997393	0.800008008671446	-2.12816219289187e-05	5.80002819404232	0.999999999999713
67.875	42.5	0.999999999993855	0.800007764752105	-2.1184127496808e-05	5.6000262218866	0.999999999999324
68.125	42.5	0.9999999999903	0.800007522111641	-2.10893416457698e-05	5.4000243105412	0.999999999998933
68.375	42.5	0.999999999990757	0.800007280714701	-2.09972674096369e-05	5.20002245969067	0.999999999998983
68.625	42.5	1.00000000000161	0.800007040525601	-2.09079074904414e-05	5.00002066902832	1.00000000000018
68.875	42.5	1.00000000002908	0.800006801508328	-2.08212642708182e-05	4.80001893825626	1.0000000000032
69.125	42.5	1.00000000007316	0.800006563626588	-2.07373398425094e-05	4.60001726708552	1.00000000000805
69.375	42.5	1.00000000011842	0.800006326843865	-2.06561360442436e-05	4.40001565523636	1.00000000001303
69.625	42.5	1.00000000012512	0.800006091123641	-2.05776545136735e-05	4.20001410243874	1.00000000001376
69.875	42.5	1.00000000002861	0.800005856429658	-2.05018967452257e-05	4.00001260843293	1.00000000000315
70.125	42.5	0.999999999758863	0.80000562272619	-2.0428864122611e-05	3.80001117296986	0.999999999973475
70.375	42.5	0.999999999291454	0.800005389978068	-2.03585578904254e-05	3.60000979581075	0.99999999992206
70.625	42.5	0.999999998731054	0.800005158150192	-2.02909790132772e-05	3.40000847672517	0.999999999860416
70.875	42.5	0.999999998404172	0.800004927206197	-2.02261278994589e-05	3.20000721548729	0.999999999824459
71.125	42.5	0.9999999988999	0.800004697106251	-2.01640040262285e-05	3.00000601187049	0.999999999878989
71.375	42.5	1.0000000009583	0.800004467804621	-2.01046056299686e-05	2.80000486564293	1.00000000010541
71.625	42.5	1.00000000509383	0.800004239248476	-2.00479297612064e-05	2.60000377656831	1.00000000056032
71.875	42.5	1.00000001089937	0.800004011380539	-1.999397312552e-05	2.40000274441854	1.00000000119893
72.125	42.5	1.00000001615015	0.800003784148391	-1.99427340601435e-05	2.20000176900388	1.00000000177652
72.375	42.5	1.00000001613022	0.800003557521849	-1.98942156180523e-05	2.00000085022035	1.00000000177432
72.625	42.5	1.00000000397331	0.800003331515632	-1.98484288788781e-05	1.79999998810078	1.00000000043706
72.875	42.5	0.999999973050647	0.800003106207034	-1.98053943480099e-05	1.59999918283595	0.999999997035571
73.125	42.5	0.999999922213679	0.800002881729306	-1.97651380768199e-05	1.39999843471172	0.999999991443505
73.375	42.5	0.999999863594327	0.800002658215388	-1.97276788090841e-05	1.19999774390275	0.999999984995376
73.625	42.5	0.999999830404357	0.800002435671707	-1.96930044498132e-05	0.999997110094646	0.999999981344479
73.875	42.5	0.999999878987416	0.800002213788014	-1.9661041828182e-05	0.799996531997528	0.999999986688616
74.125	42.5	1.00000007645544	0.800001991743323	-1.96316335187974e-05	0.599996006972977	1.0000000084101
74.375	42.5	1.00000046505088	0.800001768092704	-1.96045473359712e-05	0.399995531188688	1.0000000511556
74.625	42.5	1.00000100042286	0.800001385691695	-1.95795533631512e-05	0.199995100870106	1.00000011004651
74.875	42.5	1.00000147656028	0.400001765908224	-1.95613636958641e-05	-5.2070831203462e-06	1.00000016242163
0.125	43.5	4.58680761803537e-07	0.399992841662612	-6.26166428940811e-05	58.5935152297686	0.890000050454884
0.375	43.5	-4.59073929560229e-06	0.799978820668957	-6.29503620134813e-05	58.4155184051375	0.889999495018677
0.625	43.5	-1.57717780549278e-05	0.799964868242329	-6.36148637234527e-05	58.2375248565569	0.889998265104414
0.875	43.5	-3.39267087943686e-05	0.799950966946056	-6.45975262895309e-05	58.0595347326954	0.889996268062033
1.125	43.5	-5.87280785664181e-05	0.799937193473791	-6.58806852698405e-05	57.8815481689467	0.889993539911358
1.375	43.5	-8.77928490647048e-05	0.799923594323269	-6.74411784811947e-05	57.7035652654284	0.889990342786603
1.625	43.5	-0.000115839604898846	0.799910215559369	-6.92501265747864e-05	57.5255860319848	0.889987257643461
1.875	43.5	-0.000133963599018217	0.79989710057387	-7.12726303027856e-05	57.3476103158698	0.889985264004108
2.125	43.5	-0.000129132533314086	0.799884287775271	-7.34673456520004e-05	57.1696377158634	0.889985795421336
2.375	43.5	-8.40037767777121e-05	0.799871808754404	-7.57859082315692e-05	56.9916674888124	0.889990759584554
2.625	43.5	2.28608181524312e-05	0.799859687327736	-7.8172186523055e-05	56.8136984565338	0.890002514689997
2.875	43.5	0.000216346956170089	0.799847939705422	-8.05613522430688e-05	56.6357289222434	0.890023798165179
3.125	43.5	0.000523720947439718	0.799836575852302	-8.28787638607177e-05	56.4577566058987	0.890057609304218
3.375	43.5	0.00097320889125068	0.799825601934213	-8.50386652541703e-05	56.2797786069645	0.890107052978038
3.625	43.5	0.00159233170720674	0.799815023593243	-8.69427032576639e-05	56.1017914011706	0.890175156487793
3.875	43.5	0.00240613754328991	0.799804849695696	-8.84782635708099e-05	55.9237908750583	0.890264675129762
4.125	43.5	0.00343548799562866	0.79979509615946	-8.95166138436789e-05	55.745772398817	0.890377903679519
4.375	43.5	0.0046955511100142	0.799785789488542	-8.99108268749038e-05	55.5677309344988	0.890516510622102
4.625	43.5	0.00619463347157298	0.799776969717046	-8.9493439069171e-05	55.3896611735522	0.890681409681873
4.875	43.5	0.00793344918778982	0.799768692574415	-8.80737854729791e-05	55.2115576950741	0.890872679410657
5.125	43.5	0.00990488014366754	0.799761030815648	-8.54349497747129e-05	55.0334151345047	0.891089536815803
5.375	43.5	0.0120942353386696	0.799754074800354	-8.13302841894779e-05	54.8552283518006	0.891330365887254
5.625	43.5	0.0144799734047362	0.799747932530656	-7.54794959047862e-05	54.6769925884309	0.891592797074521
5.875	43.5	0.0170348171455359	0.799742729464208	-6.75643687377327e-05	54.4987036037219	0.891873829886009
6.125	43.5	0.0197271666728198	0.799738608475758	-5.72242885613063e-05	54.3203577828859	0.89216998833401
6.375	43.5	0.0225227112942699	0.799735730345784	-4.40518640111597e-05	54.1419522112043	0.89247749824237
6.625	43.5	0.0253861503127554	0.79973427508956	-2.75890680055877e-05	53.9634847109274	0.892792476534403
6.875	43.5	0.0282829573201224	0.799734444314715	-7.32445812851933e-06	53.7849538391687	0.893111125305213
7.125	43.5	0.0311811568956254	0.799736464624189	1.73078481264944e-05	53.6063588461505	0.893429927258519
7.375	43.5	0.0340531204619258	0.799740591891878	4.69266696545758e-05	53.4276995934369	0.893745843250812
7.625	43.5	0.0368774223200717	0.799747116072035	8.21988755613627e-05	53.2489764312843	0.894056516455208
7.875	43.5	0.0396408213448749	0.799756366092591	0.000123830180774726	53.0701900330908	0.894360490347936
8.125	43.5	0.0423404447454378	0.799768714356148	0.000172550567715267	52.8913411833888	0.894657448921998
8.375	43.5	0.0449862478242603	0.799784580425517	0.000229093067377555	52.7124305142063	0.894948487260669
8.625	43.5	0.0476038125105333	0.79980443358383	0.000294164259561655	52.533458183167	0.895236419376159
8.875	43.5	0.0502375365963121	0.799828794056461	0.000368404237936382	52.3544234855154	0.895526129025594
9.125	43.5	0.0529542669231583	0.799858232665858	0.000452332854272386	52.1753243912242	0.895824969361547
9.375	43.5	0.0558474554115218	0.799893368413089	0.000546277760198787	51.9961569970982	0.896143220095267
9.625	43.5	0.0590419753005411	0.799934862771346	0.00065027812123085	51.8169148817405	0.89649461728306
9.875	43.5	0.0626998263049199	0.799983408113305	0.000763956046279223	51.637588347739	0.896896980893541
10.125	43.5	0.0670270658670392	0.800039705436977	0.000886346180009609	51.4581635299553	0.897372977245374
10.375	43.5	0.0722823880285127	0.800104423134557	0.00101567345126831	51.2786213415124	0.897951062683136
10.625	43.5	0.0787877500194287	0.800178123767755	0.0011490713769097	51.0989362214133	0.898666652502137
10.875	43.5	0.0869411767777254	0.800261139792992	0.00128224156565802	50.919074643529	0.89956352944555
11.125	43.5	0.0972311278701858	0.800353372985961	0.00140907381118277	50.7389933536796	0.90069542406572
11.375	43.5	0.110250266372362	0.800453989294291	0.00152128165777814	50.5586373331474	0.90212752930096
11.625	43.5	0.126703751244141	0.800560988917495	0.00160816663298375	50.3779375637982	0.903937412636855
11.875	43.5	0.147403055883198	0.800670665825863	0.00165670572824727	50.1968088186153	0.906214336147152
12.125	43.5	0.173231214895107	0.800777054162973	0.00165224354773437	50.0151479458031	0.909055433638462
12.375	43.5	0.205061311795036	0.800871608401564	0.00158010916000465	49.8328334524609	0.912556744297454
12.625	43.5	0.243611618907606	0.800943552181925	0.00142836627317313	49.6497275519756	0.916797278079837
12.875	43.5	0.289235431351451	0.800981416459371	0.00119152273546231	49.4656820181456	0.92181589744866
13.125	43.5	0.341677333877997	0.800975990347579	0.000874347323467949	49.2805488503003	0.92758450672658
13.375	43.5	0.399874877180959	0.800924006250545	0.000494228117480223	49.0941955586423	0.933986236489906
13.625	43.5	0.461917197250549	0.800830718825604	8.03601098232073e-05	48.9065228510926	0.94081089169756
13.875	43.5	0.52524624590236	0.80070929027422	-0.000330964701884906	48.7174804272508	0.94777708704926
14.125	43.5	0.587084135087858	0.800576561078996	-0.00070378533325486	48.5270758916837	0.954579254859664
14.375	43.5	0.644944148430518	0.800447410808709	-0.00100984611996853	48.3353735386288	0.960943856327357
14.625	43.5	0.697031093378146	0.800330929628446	-0.0012331517116522	48.142483380762	0.966673420271596
14.875	43.5	0.742404440760128	0.800229959733875	-0.0013705483731248	47.9485442200242	0.971664488483614
15.125	43.5	0.780906276268585	0.800143103063639	-0.00142910876000652	47.7537058634557	0.975899690389544
15.375	43.5	0.812948762810894	0.800067278430558	-0.00142209564508914	47.5581145166902	0.979424363909198
15.625	43.5	0.839270819628956	0.799999521607653	-0.00136511778892309	47.3619031707634	0.982319790159185
15.875	43.5	0.860736199744706	0.799937753461379	-0.00127334231496244	47.1651868355309	0.984680981971918
16.125	43.5	0.878198562435152	0.799880832498831	-0.00115991804930624	46.9680614244021	0.986601841867867
16.375	43.5	0.892428249997873	0.799828297355282	-0.00103536748250763	46.7706048841567	0.988167107499766
16.625	43.5	0.904083276353868	0.799780066073791	-0.000907596060653786	46.5728794167888	0.989449160398925
16.875	43.5	0.913706727281248	0.799736206039656	-0.000782216650706359	46.374934026649	0.990507740000937
17.125	43.5	0.921737241580781	0.799696794809099	-0.000662984834331946	46.1768069656994	0.991391096573886
17.375	43.5	0.928524250157795	0.799661853343004	-0.000552229877927474	45.9785278854128	0.992137667517358
17.625	43.5	0.934343523827815	0.799631325472918	-0.000451228710305353	45.7801196426391	0.99277778762106
17.875	43.5	0.939411066183578	0.799605082117744	-0.000360507222153898	45.5815997762326	0.993335217280194
18.125	43.5	0.943894772109694	0.799582936041369	-0.000280071919965554	45.3829816985735	0.993828424932066
18.375	43.5	0.947923935089956	0.799564659052078	-0.000209582564611785	45.1842756511934	0.994271632859895
18.625	43.5	0.951596934323832	0.799549997682613	-0.000148478082132702	44.9854894689308	0.994675662775621
18.875	43.5	0.954987470718644	0.799538685851913	-9.60669646089665e-05	44.7866291891822	0.995048621779051
19.125	43.5	0.958149670096175	0.799530454313094	-5.15913563514571e-05	44.587699535144	0.995396463710579
19.375	43.5	0.961122296884399	0.79952503728589	-1.4271916225987e-05	44.3887042956759	0.995723452657284
19.625	43.5	0.963932252069782	0.79952217686672	1.66612737439401e-05	44.1896466197563	0.996032547727676
19.875	43.5	0.96659747612438	0.799521625804868	4.19479216290619e-05	43.9905292401984	0.996325722373682
20.125	43.5	0.969129342120946	0.799523149140315	6.22841012444072e-05	43.7913546389804	0.996604227633304
20.375	43.5	0.971534603219487	0.799526525081187	7.83142023964555e-05	43.5921251648508	0.996868806354144
20.625	43.5	0.973816947821402	0.799531545388461	9.06268108372907e-05	43.3928431125403	0.997119864260354
20.875	43.5	0.975978210870047	0.799538015446057	9.97534508202285e-05	43.1935107717576	0.997357603195705
21.125	43.5	0.978019287843193	0.799545754126299	0.000106169387858201	42.9941304530759	0.997582121662751
21.375	43.5	0.979940796781006	0.799554593518671	0.000110295877304441	42.7947044967824	0.997793487645911
21.625	43.5	0.981743531999611	0.799564378558585	0.000112503383382264	42.595235269768	0.997991788519957
21.875	43.5	0.983428750447889	0.799574966580249	0.000113115398861953	42.395725154591	0.998177162549268
22.125	43.5	0.984998327948398	0.799586226809332	0.000112412579687898	42.1961765339791	0.998349816074324
22.375	43.5	0.986454818069238	0.799598039807432	0.000110636977155224	41.9965917732585	0.998510029987616
22.625	43.5	0.987801441460144	0.799610296881471	0.000107996206474147	41.7969732025273	0.998658158560616
22.875	43.5	0.989042028514178	0.799622899469141	0.000104667437418848	41.5973230998334	0.99879462313656
23.125	43.5	0.990180933486056	0.79963575851218	0.000100801130354731	41.3976436761622	0.998919902683466
23.375	43.5	0.991222933923055	0.799648793828653	9.65244718475455e-05	41.1979370626924	0.999034522731536
23.625	43.5	0.992173125568878	0.799661933493198	9.19444874546597e-05	40.9982053005096	0.999139043812577
23.875	43.5	0.993036819832049	0.799675113233551	8.71508273252267e-05	40.7984503327841	0.999234050181525
24.125	43.5	0.993819448456497	0.799688275849374	8.22182333035231e-05	40.5986739992886	0.999320139330215
24.375	43.5	0.994526478141233	0.799701370657799	7.72087046373458e-05	40.3988780330531	0.999397912595536
24.625	43.5	0.995163336454825	0.799714352968394	7.21733852080961e-05	40.1990640589097	0.999467967010031
24.875	43.5	0.995735349395125	0.799727183589269	6.71541979394043e-05	39.999233593665	0.999530888433464
25.125	43.5	0.996247690273782	0.799739828364506	6.21852528460362e-05	39.7993880476362	0.999587245930116
25.375	43.5	0.996705339182799	0.799752257742615	5.72940551447865e-05	39.5995287273008	0.999637587310108
25.625	43.5	0.997113052062232	0.799764446374615	5.25025380518287e-05	39.3996568388302	0.999682435726845
25.875	43.5	0.997475338280414	0.799776372740975	4.78279435616904e-05	39.1997734923011	0.999722287210845
26.125	43.5	0.997796445619094	0.799788018805431	4.3283571790576e-05	38.9998797064016	0.9997576090181
26.375	43.5	0.998080351593297	0.799799369693743	3.88794176352464e-05	38.7999764134765	0.999788838675263
26.625	43.5	0.998330760106735	0.799810413396419	3.46227109666759e-05	38.6000644647766	0.999816383611741
26.875	43.5	0.998551102531597	0.799821140493246	3.05183747181185e-05	38.4001446358008	0.999840621278476
27.125	43.5	0.998744542395949	0.799831543898146	2.65694129430506e-05	38.2002176316364	0.999861899663554
27.375	43.5	0.998913982955875	0.799841618623506	2.27772397004887e-05	38.0002840922235	0.999880538125146
27.625	43.5	0.999062077018727	0.799851361561861	1.91419574206897e-05	37.8003445974815	0.99989682847206
27.875	43.5	0.999191238466865	0.79986077128462	1.56625927074524e-05	37.6003996722514	0.999911036231355
28.125	43.5	0.99930365500675	0.799869847855986	1.23372959148735e-05	37.4004497910169	0.999923402050742
28.375	43.5	0.999401301736601	0.799878592662002	9.1635099850245e-06	37.2004953823798	0.999934143191026
28.625	43.5	0.999485955187031	0.799887008252682	6.13811330316678e-06	37.0005368332711	0.999943455070573
28.875	43.5	0.999559207544072	0.799895098197514	3.25754042594866e-06	36.800574492888	0.999951512829848
29.125	43.5	0.999622480812999	0.79990286695261	5.17884000317936e-07	36.6006086763525	0.99995847288943
29.375	43.5	0.999677040725105	0.799910319739557	-2.08501928439155e-06	36.4006396680923	0.999964474479762
29.625	43.5	0.99972401022859	0.799917462434536	-4.55551635284467e-06	36.200667724949	0.999969641125145
29.875	43.5	0.999764382439133	0.799924301467557	-6.89807702845234e-06	36.0006930790212	0.999974082068305
30.125	43.5	0.999799032956283	0.799930843730941	-9.11724314980164e-06	35.8007159402538	0.999977893625191
30.375	43.5	0.999828731478357	0.799937096496258	-1.121758619611e-05	35.6007364987859	0.999981160462619
30.625	43.5	0.999854152671817	0.799943067339734	-1.3203672066909e-05	35.4007549270706	0.9999839567939
30.875	43.5	0.999875886270822	0.799948764074576	-1.50800320743671e-05	35.2007713817821	0.99998634748979
31.125	43.5	0.999894446399603	0.79995419469072	-1.68511391328866e-05	35.0007860055256	0.999988389103956
31.375	43.5	0.999910280124224	0.799959367300697	-1.85213885179608e-05	34.8007989283649	0.999990130813665
31.625	43.5	0.999923775251728	0.799964290091475	-2.00950823875003e-05	34.6008102691827	0.99999161527769
31.875	43.5	0.999935267403688	0.799968971281836	-2.15764176481428e-05	34.4008201368894	0.999992879414406
32.125	43.5	0.999945046398207	0.799973419084487	-2.29694765372202e-05	34.2008286314942	0.999993955103803
32.375	43.5	0.999953361979311	0.799977641673166	-2.42782196450925e-05	34.0008358450516	0.999994869817724
32.625	43.5	0.999960428936195	0.799981647153386	-2.55064808810403e-05	33.800841862497	0.999995647182982
32.875	43.5	0.999966431656711	0.799985443537505	-2.66579642040096e-05	33.6008467623831	0.999996307482238
33.125	43.5	0.999971528160279	0.799989038722822	-2.77362417008252e-05	33.4008506175274	0.999996868097631
33.375	43.5	0.999975853655138	0.799992440473182	-2.87447529729992e-05	33.2008534955818	0.999997343902065
33.625	43.5	0.999979523663928	0.799995656403183	-2.96868054094478e-05	33.0008554595337	0.999997747603032
33.875	43.5	0.999982636759875	0.799998693964831	-3.05655753805381e-05	32.8008565681453	0.999998090043586
34.125	43.5	0.999985276953786	0.800001560437083	-3.13841100502905e-05	32.6008568763411	0.999998380464917
34.375	43.5	0.999987515769555	0.80000426291662	-3.21453297442677e-05	32.4008564355479	0.999998626734651
34.625	43.5	0.99998941404325	0.800006808311192	-3.28520308191556e-05	32.200855293995	0.999998835544758
34.875	43.5	0.999991023478165	0.800009203334352	-3.35068887737861e-05	32.0008534969788	0.999999012582598
35.125	43.5	0.999992387985253	0.800011454501522	-3.41124617384064e-05	31.800851087097	0.999999162678378
35.375	43.5	0.999993544835709	0.800013568127571	-3.46711940540546e-05	31.6008481044564	0.999999289931928
35.625	43.5	0.999994525649749	0.800015550325563	-3.51854200845304e-05	31.4008445868574	0.999999397821472
35.875	43.5	0.999995357243116	0.800017407006348	-3.56573680465606e-05	31.2008405699589	0.999999489296743
36.125	43.5	0.999996062350364	0.800019143879223	-3.60891639240724e-05	31.0008360874262	0.99999956685854
36.375	43.5	0.999996660241857	0.80002076645329	-3.64828353725368e-05	30.8008311710633	0.999999632626604
36.625	43.5	0.999997167249275	0.800022280039484	-3.68403156347186e-05	30.600825850933	0.99999968839742
36.875	43.5	0.999997597212623	0.800023689753212	-3.71634473694523e-05	30.4008201554654	0.999999735693389
37.125	43.5	0.999997961860034	0.800025000517513	-3.74539864652709e-05	30.2008141115564	0.999999775804604
37.375	43.5	0.999998271130162	0.800026217066572	-3.77136057703937e-05	30.0008077446587	0.999999809824318
37.625	43.5	0.999998533445628	0.80002734394963	-3.79438986777723e-05	29.8008010788639	0.999999838679019
37.875	43.5	0.999998755944803	0.800028385535225	-3.81463826977681e-05	29.6007941369793	0.999999863153928
38.125	43.5	0.999998944678201	0.800029346015561	-3.83225028627064e-05	29.4007869405982	0.999999883914602
38.375	43.5	0.999999104774804	0.800030229411179	-3.84736350451591e-05	29.2007795101656	0.999999901525228
38.625	43.5	0.99999924058289	0.800031039575709	-3.86010891472842e-05	29.000771865039	0.999999916464118
38.875	43.5	0.99999935578928	0.800031780200741	-3.8706112192965e-05	28.800764023545	0.999999929136821
39.125	43.5	0.999999453520302	0.800032454820721	-3.87898912756476e-05	28.6007560030332	0.999999939887233
39.375	43.5	0.999999536427261	0.800033066818046	-3.88535564171398e-05	28.4007478199255	0.999999949006999
39.625	43.5	0.999999606758824	0.800033619427923	-3.88981832907624e-05	28.2007394897635	0.999999956743471
39.875	43.5	0.999999666422311	0.800034115743387	-3.89247958311652e-05	28.0007310272527	0.999999963306454
40.125	43.5	0.999999717035627	0.800034558720346	-3.89343687276606e-05	27.8007224463041	0.999999968873919
40.375	43.5	0.999999759971243	0.800034951182329	-3.89278298271402e-05	27.600713760074	0.999999973596837
40.625	43.5	0.999999796393492	0.800035295825423	-3.89060624043298e-05	27.4007049810015	0.999999977603284
40.875	43.5	0.999999827290144	0.800035595223054	-3.88699073447209e-05	27.2006961208435	0.999999981001916
41.125	43.5	0.999999853499215	0.80003585183052	-3.88201652081781e-05	27.0006871907089	0.999999983884914
41.375	43.5	0.999999875731666	0.80003606798973	-3.87575982160849e-05	26.8006782010901	0.999999986330483
41.625	43.5	0.999999894590668	0.800036245933596	-3.86829321340314e-05	26.6006691618938	0.999999988404974
41.875	43.5	0.999999910587946	0.800036387790346	-3.85968580660939e-05	26.4006600824693	0.999999990164674
42.125	43.5	0.999999924157631	0.800036495587872	-3.85000341448463e-05	26.2006509716367	0.999999991657339
42.375	43.5	0.99999993566803	0.800036571257793	-3.83930871779564e-05	26.0006418377123	0.999999992923483
42.625	43.5	0.999999945431594	0.80003661663945	-3.82766141677124e-05	25.8006326885342	0.999999993997475
42.875	43.5	0.99999995371338	0.800036633483825	-3.81511837910438e-05	25.6006235314853	0.999999994908472
43.125	43.5	0.999999960738248	0.800036623457272	-3.80173377887844e-05	25.4006143735163	0.999999995681207
43.375	43.5	0.99999996669694	0.80003658814516	-3.78755922906221e-05	25.2006052211673	0.999999996336663
43.625	43.5	0.999999971751265	0.800036529055414	-3.77264390710832e-05	25.0005960805879	0.999999996892639
43.875	43.5	0.999999976038473	0.800036447621783	-3.75703467337652e-05	24.8005869575571	0.999999997364232
44.125	43.5	0.999999979674993	0.800036345207285	-3.74077618716054e-05	24.6005778575014	0.999999997764249
44.375	43.5	0.99999998275958	0.800036223107173	-3.72391101150325e-05	24.4005687855133	0.999999998103554
44.625	43.5	0.999999985376007	0.800036082552125	-3.70647971697213e-05	24.2005597463675	0.999999998391361
44.875	43.5	0.999999987595332	0.800035924710957	-3.68852097792886e-05	24.0005507445372	0.999999998635486
45.125	43.5	0.999999989477824	0.800035750693664	-3.67007166542059e-05	23.8005417842096	0.999999998842561
45.375	43.5	0.999999991074609	0.800035561553903	-3.65116693427596e-05	23.6005328693005	0.999999999018207
45.625	43.5	0.999999992429047	0.800035358291626	-3.63184030557747e-05	23.4005240034677	0.999999999167195
45.875	43.5	0.999999993577925	0.800035141855634	-3.6121237466584e-05	23.2005151901252	0.999999999293572
46.125	43.5	0.999999994552439	0.800034913145852	-3.5920477442012e-05	23.0005064324551	0.999999999400768
46.375	43.5	0.999999995379051	0.800034673015629	-3.57164137708417e-05	22.8004977334196	0.999999999491696
46.625	43.5	0.999999996080212	0.800034422273955	-3.5509323822406e-05	22.6004890957731	0.999999999568823
46.875	43.5	0.999999996674962	0.800034161687493	-3.52994722048478e-05	22.4004805220726	0.999999999634246
47.125	43.5	0.999999997179451	0.800033891982581	-3.50871113423986e-05	22.200472014688	0.99999999968974
47.375	43.5	0.999999997607373	0.800033613847178	-3.48724820917245e-05	22.0004635758125	0.999999999736811
47.625	43.5	0.99999999797035	0.800033327932684	-3.46558142561551e-05	21.8004552074714	0.999999999776738
47.875	43.5	0.999999998278242	0.800033034855598	-3.44373271239036e-05	21.6004469115318	0.999999999810607
48.125	43.5	0.999999998539407	0.800032735199333	-3.4217229963572e-05	21.4004386897103	0.999999999839335
48.375	43.5	0.999999998760934	0.800032429515665	-3.39957224779483e-05	21.2004305435818	0.999999999863703
48.625	43.5	0.999999998948844	0.800032118326345	-3.37729952704528e-05	21.0004224745868	0.999999999884373
48.875	43.5	0.999999999108236	0.800031802124551	-3.354923025582e-05	20.800414484039	0.999999999901906
49.125	43.5	0.999999999243435	0.800031481376231	-3.33246010665399e-05	20.6004065731322	0.999999999916778
49.375	43.5	0.999999999358115	0.800031156521397	-3.30992734319327e-05	20.4003987429468	0.999999999929393
49.625	43.5	0.999999999455391	0.800030827975528	-3.28734055566325e-05	20.2003909944564	0.999999999940093
49.875	43.5	0.999999999537903	0.800030496130602	-3.26471484534513e-05	20.0003833285337	0.999999999949169
50.125	43.5	0.999999999607892	0.800030161356378	-3.24206462670948e-05	19.8003757459561	0.999999999956868
50.375	43.5	0.999999999667259	0.800029824001425	-3.21940366074267e-05	19.6003682474113	0.999999999963399
50.625	43.5	0.999999999717616	0.800029484394145	-3.1967450833265e-05	19.4003608335024	0.999999999968938
50.875	43.5	0.999999999760331	0.800029142843871	-3.17410143363789e-05	19.2003535047527	0.999999999973636
51.125	43.5	0.999999999796565	0.800028799641679	-3.1514846816796e-05	19.0003462616106	0.999999999977622
51.375	43.5	0.9999999998273	0.80002845506141	-3.12890625344304e-05	18.800339104454	0.999999999981003
51.625	43.5	0.999999999853368	0.800028109360474	-3.1063770557828e-05	18.6003320335941	0.99999999998387
51.875	43.5	0.99999999987548	0.800027762780637	-3.08390749891182e-05	18.4003250492802	0.999999999986303
52.125	43.5	0.999999999894235	0.800027415548896	-3.06150752066467e-05	18.2003181517025	0.999999999988366
52.375	43.5	0.999999999910146	0.800027067878144	-3.03918660471717e-05	18.0003113409968	0.999999999990116
52.625	43.5	0.99999999992364	0.800026719967908	-3.01695380224768e-05	17.8003046172469	0.9999999999916
52.875	43.5	0.999999999935088	0.800026372005022	-2.99481775159723e-05	17.6002979804887	0.99999999999286
53.125	43.5	0.999999999944798	0.800026024164241	-2.97278669625588e-05	17.4002914307127	0.999999999993928
53.375	43.5	0.999999999953034	0.800025676608911	-2.9508685005544e-05	17.2002849678672	0.999999999994834
53.625	43.5	0.99999999996002	0.800025329491498	-2.92907066983692e-05	17.0002785918613	0.999999999995602
53.875	43.5	0.999999999965946	0.800024982954163	-2.90740036235573e-05	16.8002723025668	0.999999999996254
54.125	43.5	0.99999999997097	0.800024637129253	-2.88586440741589e-05	16.6002660998217	0.999999999996807
54.375	43.5	0.999999999975234	0.800024292139896	-2.86446931855108e-05	16.400259983432	0.999999999997276
54.625	43.5	0.99999999997885	0.80002394810032	-2.84322130691027e-05	16.2002539531737	0.999999999997673
54.875	43.5	0.999999999981919	0.800023605116485	-2.8221262957597e-05	16.0002480087958	0.999999999998011
55.125	43.5	0.99999999998452	0.800023263286388	-2.80118993173333e-05	15.8002421500214	0.999999999998297
55.375	43.5	0.999999999986727	0.800022922700495	-2.78041759755048e-05	15.6002363765504	0.99999999999854
55.625	43.5	0.999999999988599	0.800022583442156	-2.75981442360364e-05	15.4002306880608	0.999999999998746
55.875	43.5	0.999999999990188	0.800022245587986	-2.7393852981753e-05	15.2002250842106	0.999999999998921
56.125	43.5	0.999999999991536	0.800021909208172	-2.71913487819777e-05	15.0002195646397	0.999999999999069
56.375	43.5	0.999999999992679	0.80002157436681	-2.69906760030509e-05	14.800214128971	0.999999999999195
56.625	43.5	0.999999999993649	0.800021241122291	-2.67918768867691e-05	14.6002087768122	0.999999999999301
56.875	43.5	0.99999999999447	0.800020909527516	-2.65949916546934e-05	14.400203507757	0.999999999999392
57.125	43.5	0.999999999995168	0.800020579630232	-2.64000585902167e-05	14.2001983213868	0.999999999999468
57.375	43.5	0.99999999999576	0.800020251473289	-2.62071141228408e-05	14.0001932172713	0.999999999999534
57.625	43.5	0.999999999996263	0.80001992509491	-2.6016192910051e-05	13.8001881949705	0.999999999999589
57.875	43.5	0.999999999996689	0.80001960052892	-2.58273279159352e-05	13.6001832540351	0.999999999999636
58.125	43.5	0.999999999997051	0.800019277804992	-2.56405504753542e-05	13.400178394008	0.999999999999676
58.375	43.5	0.999999999997357	0.800018956948869	-2.54558903755585e-05	13.2001736144252	0.999999999999709
58.625	43.5	0.999999999997616	0.800018637982559	-2.52733759174464e-05	13.0001689148167	0.999999999999738
58.875	43.5	0.999999999997836	0.800018320924562	-2.50930339787709e-05	12.8001642947074	0.999999999999762
59.125	43.5	0.999999999998023	0.80001800579003	-2.49148900812639e-05	12.6001597536181	0.999999999999783
59.375	43.5	0.999999999998182	0.800017692590975	-2.47389684467494e-05	12.4001552910661	0.9999999999998
59.625	43.5	0.999999999998316	0.800017381336405	-2.45652920498576e-05	12.2001509065663	0.999999999999815
59.875	43.5	0.999999999998431	0.800017072032527	-2.43938826803481e-05	12.0001465996315	0.999999999999827
60.125	43.5	0.999999999998528	0.800016764682874	-2.42247609900744e-05	11.8001423697734	0.999999999999838
60.375	43.5	0.999999999998612	0.800016459288457	-2.4057946541001e-05	11.600138216503	0.999999999999847
60.625	43.5	0.999999999998681	0.800016155847901	-2.38934578595285e-05	11.4001341393314	0.999999999999855
60.875	43.5	0.999999999998741	0.80001585435759	-2.37313124751575e-05	11.2001301377706	0.999999999999862
61.125	43.5	0.999999999998792	0.80001555481177	-2.35715269694115e-05	11.0001262113334	0.999999999999867
61.375	43.5	0.999999999998835	0.800015257202691	-2.34141170142509e-05	10.8001223595345	0.999999999999872
61.625	43.5	0.999999999998871	0.80001496152069	-2.32590974183321e-05	10.6001185818906	0.999999999999876
61.875	43.5	0.999999999998902	0.800014667754328	-2.31064821547747e-05	10.4001148779214	0.999999999999879
62.125	43.5	0.999999999998928	0.800014375890468	-2.295628441259e-05	10.2001112471493	0.999999999999882
62.375	43.5	0.99999999999895	0.800014085914393	-2.2808516618736e-05	10.0001076891005	0.999999999999884
62.625	43.5	0.999999999998966	0.800013797809865	-2.26631904786179e-05	9.80010420330467	0.999999999999886
62.875	43.5	0.999999999998978	0.800013511559231	-2.25203170128908e-05	9.60010078929614	0.999999999999888
63.125	43.5	0.999999999998987	0.800013227143527	-2.23799065754115e-05	9.4000974466136	0.999999999999889
63.375	43.5	0.999999999998992	0.800012944542482	-2.22419689024107e-05	9.2000941748007	0.999999999999889
63.625	43.5	0.999999999998996	0.80001266373469	-2.21065131197578e-05	9.0000909734063	0.99999999999989
63.875	43.5	0.999999999999004	0.800012384697586	-2.19735477891523e-05	8.80008784198474	0.99999999999989
64.125	43.5	0.999999999999019	0.800012107407582	-2.18430809214524e-05	8.60008478009616	0.999999999999892
64.375	43.5	0.999999999999044	0.800011831840075	-2.17151200099057e-05	8.40008178730672	0.999999999999895
64.625	43.5	0.999999999999077	0.800011557969567	-2.15896720505448e-05	8.20007886318882	0.999999999999899
64.875	43.5	0.999999999999103	0.800011285769638	-2.14667435611961e-05	8.0000760073214	0.999999999999901
65.125	43.5	0.999999999999101	0.800011015213085	-2.13463406194529e-05	7.80007321929005	0.999999999999901
65.375	43.5	0.999999999999052	0.800010746271908	-2.12284688606672e-05	7.60007049868731	0.999999999999896
65.625	43.5	0.999999999998956	0.800010478917392	-2.1113133518937e-05	7.40006784511278	0.999999999999885
65.875	43.5	0.99999999999885	0.800010213120136	-2.10003394323177e-05	7.20006525817334	0.999999999999874
66.125	43.5	0.99999999999882	0.800009948850103	-2.08900910684873e-05	7.0000627374833	0.99999999999987
66.375	43.5	0.999999999998971	0.800009686076658	-2.07823925411181e-05	6.80006028266454	0.999999999999887
66.625	43.5	0.999999999999355	0.800009424768588	-2.06772476256335e-05	6.60005789334669	0.999999999999929
66.875	43.5	0.999999999999843	0.800009164894174	-2.05746597762264e-05	6.40005556916724	0.999999999999983
67.125	43.5	1.00000000000001	0.800008906421209	-2.04746321437799e-05	6.20005330977166	1
67.375	43.5	0.999999999999141	0.800008649317009	-2.03771675882849e-05	6.00005111481357	0.999999999999905
67.625	43.5	0.999999999996546	0.8000083935485	-2.02822686913537e-05	5.80004898395482	0.99999999999962
67.875	43.5	0.999999999992277	0.8000081390822	-2.01899377706834e-05	5.60004691686559	0.99999999999915
68.125	43.5	0.999999999988199	0.800007885884252	-2.01001768856945e-05	5.40004491322446	0.999999999998702
68.375	43.5	0.999999999988924	0.800007633920433	-2.00129878447586e-05	5.20004297271845	0.999999999998782
68.625	43.5	1.00000000000155	0.800007383156129	-1.99283722122468e-05	5.00004109504305	1.00000000000017
68.875	43.5	1.00000000003284	0.800007133556361	-1.9846331323079e-05	4.80003927990228	1.00000000000361
69.125	43.5	1.00000000008254	0.800006885085788	-1.97668662959266e-05	4.60003752700882	1.00000000000908
69.375	43.5	1.0000000001335	0.800006637708822	-1.9689978075033e-05	4.40003583608436	1.00000000001469
69.625	43.5	1.00000000014222	0.80000639138985	-1.96156674703543e-05	4.20003420686013	1.00000000001564
69.875	43.5	1.0000000000384	0.800006146093501	-1.95439352103442e-05	4.00003263907753	1.00000000000422
70.125	43.5	0.999999999746242	0.800005901784955	-1.94747819760738e-05	3.80003113248857	0.999999999972087
70.375	43.5	0.999999999239261	0.800005658429956	-1.94082083599969e-05	3.60002968685541	0.999999999916319
70.625	43.5	0.999999998629727	0.800005415994285	-1.93442147372118e-05	3.40002830194833	0.99999999984927
70.875	43.5	0.999999998267541	0.800005174442344	-1.92828009939713e-05	3.20002697754166	0.99999999980943
71.125	43.5	0.999999998783323	0.800004933734827	-1.9223966171483e-05	3.00002571340808	0.999999999866166
71.375	43.5	1.00000000096894	0.800004693826108	-1.91677081659301e-05	2.80002450931382	1.00000000010658
71.625	43.5	1.00000000537605	0.800004454663018	-1.91140237798278e-05	2.60002336501955	1.00000000059137
71.875	43.5	1.00000001157544	0.800004216187658	-1.90629095223741e-05	2.40002228029378	1.0000000012733
72.125	43.5	1.00000001720443	0.80000397834729	-1.90143634956535e-05	2.20002125494502	1.00000000189249
72.375	43.5	1.00000001725162	0.800003741112787	-1.89683883319954e-05	2.00002028887212	1.00000000189768
72.625	43.5	1.00000000441937	0.800003504502676	-1.89249943473801e-05	1.80001938211862	1.00000000048613
72.875	43.5	0.999999971659201	0.800003268601851	-1.8884200872808e-05	1.60001853489524	0.999999996882512
73.125	43.5	0.999999917735623	0.800003033554524	-1.88460325514734e-05	1.40001774751319	0.999999990950919
73.375	43.5	0.999999855501641	0.800002799504523	-1.88105070883256e-05	1.20001702016542	0.999999984105181
73.625	43.5	0.999999820170978	0.800002566461453	-1.87776128256363e-05	1.00001635252572	0.999999980218808
73.875	43.5	0.999999871493215	0.800002334099083	-1.87472799387034e-05	0.800015743232809	0.999999985864254
74.125	43.5	1.00000008064206	0.800002101549658	-1.87193583619702e-05	0.600015189494596	1.00000000887063
74.375	43.5	1.00000049242767	0.800001867284327	-1.86936268452355e-05	0.400014687252037	1.00000005416704
74.625	43.5	1.00000105985626	0.80000146473449	-1.86698663373832e-05	0.200014232505889	1.00000011658419
74.875	43.5	1.00000156454941	0.400001870539135	-1.86525643313341e-05	1.39067684745423e-05	1.00000017210044
0.125	44.5	5.99934320041525e-07	0.399992084178298	-3.56020974740721e-06	58.593546030187	0.890000065992775
0.375	44.5	-4.38523828489219e-06	0.799976552602776	-4.01378778919148e-06	58.415549539529	0.889999517623789
0.625	44.5	-1.54714074965041e-05	0.799961117106388	-4.92145551118315e-06	58.2375566572223	0.889998298145175
0.875	44.5	-3.35338933117704e-05	0.799945780720719	-6.27958551485234e-06	58.0595675231233	0.889996311271736
1.125	44.5	-5.82876935688103e-05	0.799930641640661	-8.08274997991729e-06	57.8815822601899	0.889993588353707
1.375	44.5	-8.74064385289768e-05	0.799915771090277	-1.03231790101321e-05	57.7036009520254	0.889990385291762
1.625	44.5	-0.000115681589543006	0.799901243311293	-1.29900773016821e-05	57.5256235875283	0.88998727502515
1.875	44.5	-0.000134297689767205	0.7998871339007	-1.60687320489835e-05	57.3476499881079	0.889985227254126
2.125	44.5	-0.000130327170957943	0.799873518013556	-1.95394245686895e-05	57.1696797212006	0.889985664011194
2.375	44.5	-8.65459328860826e-05	0.799860468969311	-2.33761840675409e-05	56.9917120060733	0.889990479947383
2.625	44.5	1.83536247009509e-05	0.799848057670396	-2.75454436247222e-05	56.8137456198579	0.890002018898717
2.875	44.5	0.000209116064574447	0.799836353097445	-3.20046726982864e-05	56.6357788129948	0.890023002767103
3.125	44.5	0.000512856586084379	0.799825423980093	-3.67010654647038e-05	56.4578092434948	0.890056414224469
3.375	44.5	0.000957639747941739	0.799815341577648	-4.15703574017676e-05	56.2798339385472	0.890105340372274
3.625	44.5	0.00157081284999116	0.799806183364833	-4.65358242329177e-05	56.101849290058	0.890172789413499
3.875	44.5	0.00237723558957129	0.799798037327373	-5.15074880624987e-05	55.9238510879165	0.890261495914853
4.125	44.5	0.00339756264276001	0.799791006541269	-5.63815189512441e-05	55.745834591474	0.890373731890704
4.375	44.5	0.00464673236344652	0.799785213734918	-6.10397801604936e-05	55.5677946362886	0.890511140559979
4.625	44.5	0.00613279395944813	0.799780805608188	-6.53494274141282e-05	55.3897257700156	0.890674607335539
4.875	44.5	0.00785617062007779	0.799777956790017	-6.91624423942098e-05	55.2116224087775	0.890864178768209
5.125	44.5	0.00980941204359974	0.799776873439051	-7.23149638922347e-05	55.0334790036621	0.891079035324796
5.375	44.5	0.0119774424721822	0.799777796616302	-7.46262824932992e-05	54.8552902063299	0.89131751867194
5.625	44.5	0.0143382657858617	0.799781005662491	-7.58973886604875e-05	54.6770510230586	0.891577209236445
5.875	44.5	0.0168640531785085	0.799786821883131	-7.5909012791655e-05	54.4987569477955	0.891855045849636
6.125	44.5	0.0195225161676464	0.799795612856046	-7.44191685829413e-05	54.3204040666875	0.892147476778441
6.375	44.5	0.0222784612128983	0.799807797618194	-7.11603033418216e-05	54.1419891287997	0.892450630733419
6.625	44.5	0.0250954327621008	0.799823852849953	-6.58362674838627e-05	53.9635095799398	0.892760497603831
6.875	44.5	0.027937377142422	0.79984431996134	-5.81194304231237e-05	53.7849635583432	0.893073111485666
7.125	44.5	0.0307702957411735	0.799869812714726	-4.76483860550168e-05	53.6063498521492	0.893384732531529
7.375	44.5	0.0335638956905808	0.799901024731175	-3.40268003850753e-05	53.4276678189715	0.893692028525964
7.625	44.5	0.0362932822002272	0.799938735967338	-1.6824055384234e-05	53.2489172674167	0.893992261042025
7.875	44.5	0.0389407618834381	0.799983817062662	4.42155960222694e-06	53.0700982993128	0.894283483807178
8.125	44.5	0.0414978364339853	0.80003723038083	3.01962519446699e-05	52.8912111099322	0.894564762007738
8.375	44.5	0.0439674602637419	0.800100026613445	6.09997340909447e-05	52.712255741987	0.894836420629012
8.625	44.5	0.0463666183976554	0.80017333595753	9.73286529425183e-05	52.5332317879219	0.895100328023742
8.875	44.5	0.0487292608837785	0.800258353055095	0.000139652974670682	52.3541380342099	0.895360218697216
9.125	44.5	0.0511096195214057	0.800356314996822	0.000188383454733578	52.1749720408868	0.895622058147355
9.375	44.5	0.0535859453105898	0.800468471597437	0.000243827778346227	51.9957296491323	0.895894453984165
9.625	44.5	0.0562647520836935	0.800596046694347	0.000306132283933509	51.8164044087058	0.896189122729206
9.875	44.5	0.0592857383626734	0.800740188215664	0.000375205456397173	51.6369869147232	0.896521431219894
10.125	44.5	0.0628276791911711	0.800901903029517	0.000450618788845722	51.4574640388822	0.896911044711029
10.375	44.5	0.0671157072666973	0.801081969918029	0.000531480555084355	51.2778180334071	0.897382727799337
10.625	44.5	0.0724304832771534	0.801280820262363	0.000616279254399117	51.0980254771657	0.897967353160487
10.875	44.5	0.0791196877630409	0.801498371139341	0.000702697270414341	50.9180560247129	0.898703165653934
11.125	44.5	0.087611880125947	0.801733789955221	0.000787403676519466	50.7378709154203	0.899637306813854
11.375	44.5	0.0984317984988311	0.801985165176276	0.000865851001875752	50.5574212108825	0.900827497834871
11.625	44.5	0.112214250716219	0.802249058782299	0.00093212736043665	50.376645770554	0.902343567578784
11.875	44.5	0.129710479742624	0.802519933102897	0.000978954249985409	50.195469071944	0.904268152771689
12.125	44.5	0.1517761352198	0.80278949671874	0.000997966825600726	50.0137991617737	0.906695374874178
12.375	44.5	0.179324511381935	0.803046127097176	0.000980448066215557	49.8315263100608	0.909725696252013
12.625	44.5	0.213225316447803	0.803274715166882	0.0009186672431104	49.6485233131773	0.913454784809258
12.875	44.5	0.254133855995495	0.803457485290839	0.000807830134067916	49.4646487439683	0.917954724159504
13.125	44.5	0.30225641224874	0.803576370803651	0.000648332579064654	49.279754515984	0.923248205347361
13.375	44.5	0.357099216304224	0.803617027508539	0.00044757738863148	49.0936985228135	0.929280913793465
13.625	44.5	0.41729855943609	0.80357338627003	0.000220328250732671	48.9063615330981	0.93590284153797
13.875	44.5	0.480650323914081	0.803450420489074	-1.31728640231455e-05	48.7176652149604	0.942871535630549
14.125	44.5	0.544403442795335	0.803262992232609	-0.000231149458893644	48.527586267156	0.949884378707487
14.375	44.5	0.605754805094031	0.803030940144777	-0.000414951499344502	48.3361617307438	0.956633028560343
14.625	44.5	0.66236359704867	0.802773233633014	-0.000552599411637997	48.1434833069467	0.962859995675354
14.875	44.5	0.712690813631808	0.802504334030022	-0.00064001420876848	47.9496826145503	0.968395989499499
15.125	44.5	0.756075698566189	0.802233714877033	-0.000679982471155329	47.7549123175685	0.973168326842281
15.375	44.5	0.792594487657525	0.80196729341068	-0.00067982671445813	47.5593283934645	0.977185393642328
15.625	44.5	0.82281631592575	0.801709083609644	-0.000648901069489328	47.3630769548534	0.980509794751832
15.875	44.5	0.847561128754289	0.801462204457649	-0.000596634410295039	47.1662865888876	0.983231724162972
16.125	44.5	0.86771614874834	0.801229225397527	-0.000531346133511548	46.9690654222154	0.985448776362317
16.375	44.5	0.884122752684357	0.801012164571455	-0.000459733954553947	46.7715014089417	0.987253502795279
16.625	44.5	0.897521105630178	0.800812412883202	-0.000386813832124362	46.5736643895177	0.98872732161932
16.875	44.5	0.90853302812054	0.800630711344728	-0.000316103160306899	46.3756088528154	0.989938633093259
17.125	44.5	0.917666058702392	0.800467202651508	-0.000249898569885077	46.1773767534443	0.990943266457263
17.375	44.5	0.925326996701782	0.800321532591169	-0.000189561334879348	45.9790000604976	0.991785969637196
17.625	44.5	0.93183809411941	0.800192970170152	-0.000135768782302265	45.7805029197577	0.992502190353135
17.875	44.5	0.93745250662821	0.800080523782467	-8.87178297183816e-05	45.5819034226213	0.993119775729103
18.125	44.5	0.942367677734441	0.799983041306515	-4.82812152368445e-05	45.3832150245076	0.993660444550789
18.375	44.5	0.946736406948673	0.799899289929964	-1.4123115201356e-05	45.184447670313	0.994141004764354
18.625	44.5	0.950675824763953	0.799828016151757	1.42175541441598e-05	44.9856086825262	0.994574340724035
18.875	44.5	0.954274642201022	0.799767988594313	3.72683862496155e-05	44.7867034593025	0.994970210642112
19.125	44.5	0.957599034065115	0.799718026931353	5.55828414192176e-05	44.5877360204044	0.995335893747163
19.375	44.5	0.960697449625967	0.799677020127549	6.97127080613947e-05	44.3887094306769	0.995676719458856
19.625	44.5	0.96360457042608	0.799643936744801	8.01899386787552e-05	44.1896261243045	0.995996502746869
19.875	44.5	0.966344572618647	0.799617829538323	8.75151497937145e-05	43.9904881483688	0.996297902988051
20.125	44.5	0.968933806210427	0.799597836064357	9.2150844268268e-05	43.7912973408348	0.996582718683147
20.375	44.5	0.971382974524268	0.799583176594233	9.45179725032907e-05	43.5920554556191	0.996852127197669
20.625	44.5	0.97369888022827	0.799573150286078	9.49948449265246e-05	43.392764245513	0.99710687682511
20.875	44.5	0.975885795193943	0.799567130300905	9.39176848101669e-05	43.193425512188	0.997347437471334
21.125	44.5	0.977946506700532	0.799564558351228	9.15823029882852e-05	42.9940411311719	0.997574115737059
21.375	44.5	0.979883089552101	0.79956493902292	8.82465119120072e-05	42.7946130584554	0.997787139850731
21.625	44.5	0.981697450947859	0.799567834105459	8.41329930348883e-05	42.5951433242574	0.997986719604265
21.875	44.5	0.983391691665728	0.799572857088498	7.94324034174827e-05	42.3956340184257	0.99817308608323
22.125	44.5	0.984968323063506	0.799579667927852	7.43065612290275e-05	42.1960872710019	0.998346515536986
22.375	44.5	0.98643037469016	0.799587968145205	6.88915923313349e-05	41.9965052306378	0.998507341215918
22.625	44.5	0.987781422213876	0.799597496295824	6.33009537362187e-05	41.796890042827	0.998655956443526
22.875	44.5	0.989025560235065	0.799608023820111	5.76282764086767e-05	41.5972438293151	0.998792811625857
23.125	44.5	0.990167339647227	0.799619351277968	5.19499915821094e-05	41.3975686695643	0.998918407361195
23.375	44.5	0.991211684748807	0.799631304956014	4.63277214790227e-05	41.1978665847689	0.999033285322369
23.625	44.5	0.992163801425453	0.799643733829158	4.08104282227548e-05	40.9981395246349	0.9991380181568
23.875	44.5	0.993029084469045	0.799656506853528	3.54363246368283e-05	40.7983893569314	0.999233199291595
24.125	44.5	0.993813029473192	0.799669510565739	3.02345570349478e-05	40.5986178596816	0.999319433242051
24.375	44.5	0.994521152698269	0.799682646960143	2.52266750270146e-05	40.3988267157755	0.99939732679681
24.625	44.5	0.995158920761446	0.799695831618287	2.0427905755017e-05	40.1990175097349	0.999467481283759
24.875	44.5	0.995731690896793	0.799708992062788	1.58482513492753e-05	39.9991917263455	0.999530485998647
25.125	44.5	0.996244661764506	0.799722066311189	1.14934286845659e-05	39.7993507508664	0.999586912794096
25.375	44.5	0.996702834290003	0.799735001606028	7.3656696500928e-06	39.5994958705435	0.9996373117719
25.625	44.5	0.997110981715395	0.799747753300113	3.46439950888483e-06	39.3996282771736	0.999682207988693
25.875	44.5	0.997473627892626	0.799760283877269	-2.13190800341809e-07	39.19974907049	0.999722099068189
26.125	44.5	0.997795032793903	0.799772562091491	-3.67166396287516e-06	38.9998592621702	0.999757453607329
26.375	44.5	0.9980791842274	0.799784562209656	-6.91693409999094e-06	38.7999597802885	0.999788710265014
26.625	44.5	0.998329794798805	0.799796263343858	-9.95593187157692e-06	38.6000514740668	0.999816277427869
26.875	44.5	0.998550303234509	0.799807648862362	-1.27963268286327e-05	38.4001351187953	0.999840533355796
27.125	44.5	0.998743879267705	0.79981870586881	-1.54462982498831e-05	38.20021142082	0.999861826719448
27.375	44.5	0.998913431376425	0.799829424741295	-1.79143472375576e-05	38.0002810225096	0.999880477451407
27.625	44.5	0.999061616747803	0.799839798723507	-2.02091434063771e-05	37.8003445071344	0.999896777842258
27.875	44.5	0.999190852923206	0.799849823561794	-2.23394009005043e-05	37.6004024036002	0.999910993821553
28.125	44.5	0.999303330652653	0.799859497182775	-2.43137789380199e-05	37.4004551909969	0.999923366371792
28.375	44.5	0.99940102755417	0.799868819406197	-2.61408029184765e-05	37.2005033029297	0.999934113030959
28.625	44.5	0.999485722234358	0.799877791689662	-2.78288028470315e-05	37.000547131611	0.999943429445779
28.875	44.5	0.999559008581002	0.79988641690107	-2.93858660707618e-05	36.8005870316989	0.99995149094391
29.125	44.5	0.999622309987258	0.799894699116032	-3.08198019862104e-05	36.6006233238749	0.999958454098598
29.375	44.5	0.999676893310556	0.799902643437543	-3.21381166694179e-05	36.4006562981587	0.999964458264161
29.625	44.5	0.999723882408295	0.799910255835371	-3.33479956756493e-05	36.2006862169628	0.999969627064912
29.875	44.5	0.999764271126697	0.799917543003278	-3.44562935892453e-05	36.0007133178924	0.999974069823937
30.125	44.5	0.999798935649694	0.799924512232188	-3.54695290562005e-05	35.8007378163005	0.999977882921466
30.375	44.5	0.999828646141213	0.799931171297716	-3.63938842508901e-05	35.6007599076085	0.999981151075533
30.625	44.5	0.999854077637501	0.79993752836033	-3.72352079698156e-05	35.400779769406	0.999983948540125
30.875	44.5	0.99987582016574	0.799943591877487	-3.79990215370716e-05	35.2007975633419	0.999986340218231
31.125	44.5	0.999894388082117	0.799949370525764	-3.86905269408019e-05	35.0008134368233	0.999988382689033
31.375	44.5	0.999910228636437	0.799954873132529	-3.93146167021345e-05	34.8008275245354	0.999990125150008
31.625	44.5	0.999923729781662	0.799960108616094	-3.98758849635481e-05	34.6008399497979	0.999991610275983
31.875	44.5	0.999935227255837	0.799965085933293	-4.03786395645619e-05	34.4008508257709	0.999992874998142
32.125	44.5	0.999945010970756	0.799969814033921	-4.08269146618702e-05	34.2008602565263	0.999993951206783
32.375	44.5	0.999953330746555	0.799974301821206	-4.12244837730574e-05	34.000868337996	0.999994866382121
32.625	44.5	0.999960401435079	0.799978558117853	-4.15748729184103e-05	33.8008751588104	0.999995644157859
32.875	44.5	0.99996640747649	0.79998259163686	-4.18813738004497e-05	33.6008808010382	0.999996304822414
33.125	44.5	0.999971506934586	0.79998641095686	-4.21470568455507e-05	33.4008853408392	0.999996865762804
33.375	44.5	0.999975835055856	0.799990024501054	-4.23747839321398e-05	33.200888849039	0.999997341856144
33.625	44.5	0.999979507396423	0.799993440520001	-4.2567220900083e-05	33.0008913916359	0.999997745813607
33.875	44.5	0.999982622559206	0.799996667077375	-4.2726849541967e-05	32.8008930302464	0.999998088481513
34.125	44.5	0.999985264581627	0.799999712038214	-4.28559792141732e-05	32.6008938224988	0.999998379103979
34.375	44.5	0.999987505011638	0.800002583060037	-4.29567579832215e-05	32.4008938223801	0.99999862555128
34.625	44.5	0.999989404707207	0.800005287585765	-4.30311831822676e-05	32.2008930805419	0.999998834517793
34.875	44.5	0.9999910153916	0.800007832838711	-4.30811115686029e-05	32.000891644572	0.999999011693076
35.125	44.5	0.999992380994032	0.800010225819206	-4.31082688435907e-05	31.8008895592351	0.999999161909343
35.375	44.5	0.999993538802375	0.800012473302616	-4.31142587345714e-05	31.600886866686	0.999999289268261
35.625	44.5	0.999994520452085	0.800014581838787	-4.31005715087455e-05	31.4008836066609	0.999999397249729
35.875	44.5	0.999995352772761	0.80001655775239	-4.30685920091713e-05	31.200879816648	0.999999488805004
36.125	44.5	0.999996058511549	0.800018407144425	-4.30196071815041e-05	31.0008755320408	0.99999956643627
36.375	44.5	0.999996656950197	0.800020135894401	-4.2954813140041e-05	30.8008707862761	0.999999632264522
36.625	44.5	0.999997164430648	0.800021749663332	-4.28753217717685e-05	30.6008656109591	0.999999688087371
36.875	44.5	0.999997594802113	0.800023253897221	-4.2782166887936e-05	30.4008600359772	0.999999735428233
37.125	44.5	0.999997959800955	0.800024653831141	-4.26763099860368e-05	30.2008540896034	0.999999775578105
37.375	44.5	0.999998269373148	0.800025954493638	-4.25586455804383e-05	30.0008477985911	0.999999809631046
37.625	44.5	0.999998531947809	0.800027160711625	-4.24300062035571e-05	29.8008411882612	0.999999838514259
37.875	44.5	0.999998754669049	0.800028277115334	-4.22911670068246e-05	29.6008342825829	0.999999863013595
38.125	44.5	0.999998943592425	0.800029308143653	-4.21428500593149e-05	29.4008271042478	0.999999883795167
38.375	44.5	0.99999910385134	0.800030258049566	-4.19857283151126e-05	29.2008196747391	0.999999901423647
38.625	44.5	0.999999239797936	0.800031130905682	-4.18204293035055e-05	29.0008120143959	0.999999916377773
38.875	44.5	0.999999355122399	0.800031930609911	-4.1647538529665e-05	28.8008041424737	0.999999929063464
39.125	44.5	0.999999452953978	0.800032660891053	-4.14676026346736e-05	28.6007960772004	0.999999939824938
39.375	44.5	0.999999535946502	0.800033325314548	-4.1281132296705e-05	28.4007878358293	0.999999948954115
39.625	44.5	0.999999606350821	0.800033927288017	-4.10886049366166e-05	28.2007794346887	0.99999995669859
39.875	44.5	0.999999666076136	0.800034470067037	-4.08904671938794e-05	28.0007708892292	0.999999963268375
40.125	44.5	0.999999716741962	0.800034956760475	-4.06871372196401e-05	27.8007622140674	0.999999968841616
40.375	44.5	0.999999759722159	0.800035390336117	-4.04790067965437e-05	27.6007534230279	0.999999973569437
40.625	44.5	0.99999979618224	0.800035773625973	-4.02664432913459e-05	27.4007445291831	0.999999977580046
40.875	44.5	0.999999827110995	0.800036109331495	-4.00497914431693e-05	27.2007355448905	0.999999980982209
41.125	44.5	0.999999853347293	0.800036400028814	-3.98293750398036e-05	27.0007264818281	0.999999983868202
41.375	44.5	0.999999875602834	0.800036648173667	-3.96054984309016e-05	26.8007173510283	0.999999986316312
41.625	44.5	0.999999894481415	0.800036856106344	-3.93784479432014e-05	26.6007081629101	0.999999988392956
41.875	44.5	0.999999910495293	0.80003702605644	-3.91484931780545e-05	26.4006989273092	0.999999990154482
42.125	44.5	0.999999924079057	0.800037160147438	-3.89158882081327e-05	26.2006896535071	0.999999991648696
42.375	44.5	0.999999935601393	0.800037260401167	-3.86808726764224e-05	26.0006803502587	0.999999992916153
42.625	44.5	0.999999945375078	0.800037328742213	-3.84436728103819e-05	25.8006710258184	0.999999993991259
42.875	44.5	0.999999953665446	0.800037367002056	-3.82045023637496e-05	25.600661687965	0.999999994903199
43.125	44.5	0.99999996069759	0.800037376923073	-3.79635634701933e-05	25.4006523440256	0.999999995676735
43.375	44.5	0.999999966662453	0.80003736016251	-3.77210474455781e-05	25.2006430008979	0.99999999633287
43.625	44.5	0.99999997172201	0.800037318296219	-3.74771355148552e-05	25.0006336650717	0.999999996889421
43.875	44.5	0.999999976013655	0.800037252822288	-3.72319994867979e-05	24.8006243426499	0.999999997361502
44.125	44.5	0.999999979653941	0.800037165164446	-3.69858023769357e-05	24.6006150393672	0.999999997761933
44.375	44.5	0.999999982741721	0.800037056675595	-3.67386989867404e-05	24.4006057606094	0.999999998101589
44.625	44.5	0.999999985360856	0.800036928640822	-3.64908364274812e-05	24.2005965114305	0.999999998389694
44.875	44.5	0.999999987582477	0.800036782280656	-3.62423546103663e-05	24.00058729657	0.999999998634073
45.125	44.5	0.99999998946692	0.800036618753937	-3.59933867021989e-05	23.8005781204686	0.999999998841361
45.375	44.5	0.999999991065358	0.800036439160678	-3.57440595336556e-05	23.6005689872835	0.999999999017189
45.625	44.5	0.999999992421198	0.80003624454487	-3.54944939967332e-05	23.4005599009033	0.999999999166332
45.875	44.5	0.999999993571265	0.800036035896946	-3.52448053847522e-05	23.2005508649614	0.999999999292839
46.125	44.5	0.999999994546788	0.800035814156458	-3.49951037467638e-05	23.0005418828494	0.999999999400147
46.375	44.5	0.999999995374257	0.800035580214347	-3.47454941646325e-05	22.8005329577296	0.999999999491168
46.625	44.5	0.999999996076148	0.800035334915272	-3.44960770532443e-05	22.6005240925469	0.999999999568376
46.875	44.5	0.999999996671514	0.800035079059824	-3.42469484205503e-05	22.4005152900403	0.999999999633867
47.125	44.5	0.999999997176522	0.800034813406592	-3.39982001054068e-05	22.2005065527537	0.999999999689417
47.375	44.5	0.999999997604887	0.80003453867417	-3.37499200070446e-05	22.0004978830461	0.999999999736538
47.625	44.5	0.999999997968242	0.800034255543103	-3.35021922925654e-05	21.8004892831012	0.999999999776507
47.875	44.5	0.999999998276451	0.800033964657693	-3.32550975939394e-05	21.6004807549375	0.99999999981041
48.125	44.5	0.999999998537886	0.80003366662771	-3.30087131795621e-05	21.400472300416	0.999999999839167
48.375	44.5	0.999999998759644	0.800033362030116	-3.2763113142003e-05	21.2004639212499	0.999999999863561
48.625	44.5	0.999999998947747	0.800033051410639	-3.25183685394673e-05	21.0004556190117	0.999999999884252
48.875	44.5	0.999999999107303	0.800032735285266	-3.22745475407756e-05	20.800447395141	0.999999999901803
49.125	44.5	0.999999999242644	0.800032414141719	-3.20317155733326e-05	20.6004392509524	0.999999999916691
49.375	44.5	0.999999999357445	0.800032088440823	-3.17899354507687e-05	20.4004311876414	0.999999999929319
49.625	44.5	0.999999999454823	0.800031758617814	-3.15492674763717e-05	20.200423206292	0.999999999940031
49.875	44.5	0.99999999953742	0.800031425083599	-3.13097695726783e-05	20.000415307882	0.999999999949116
50.125	44.5	0.999999999607482	0.800031088225968	-3.10714973848678e-05	19.8004074932896	0.999999999956823
50.375	44.5	0.999999999666911	0.800030748410727	-3.08345043670618e-05	19.6003997632989	0.99999999996336
50.625	44.5	0.999999999717319	0.800030405982774	-3.05988418891894e-05	19.400392118605	0.999999999968905
50.875	44.5	0.999999999760079	0.800030061267129	-3.03645593119421e-05	19.2003845598193	0.999999999973609
51.125	44.5	0.999999999796348	0.800029714569929	-3.01317040823106e-05	19.0003770874747	0.999999999977598
51.375	44.5	0.999999999827115	0.800029366179373	-2.99003218017618e-05	18.8003697020293	0.999999999980983
51.625	44.5	0.999999999853212	0.800029016366616	-2.96704563005562e-05	18.6003624038716	0.999999999983853
51.875	44.5	0.999999999875346	0.800028665386598	-2.94421497139824e-05	18.4003551933244	0.999999999986288
52.125	44.5	0.999999999894122	0.800028313478877	-2.9215442534872e-05	18.2003480706487	0.999999999988353
52.375	44.5	0.999999999910049	0.800027960868408	-2.89903736862173e-05	18.0003410360474	0.999999999990105
52.625	44.5	0.999999999923558	0.800027607766219	-2.87669805846703e-05	17.800334089669	0.999999999991591
52.875	44.5	0.999999999935017	0.800027254370195	-2.85452991867657e-05	17.6003272316108	0.999999999992852
53.125	44.5	0.999999999944736	0.800026900865683	-2.83253640307451e-05	17.4003204619224	0.999999999993921
53.375	44.5	0.99999999995298	0.800026547426121	-2.810720832713e-05	17.2003137806085	0.999999999994828
53.625	44.5	0.999999999959973	0.800026194213701	-2.78908639619691e-05	17.0003071876318	0.999999999995597
53.875	44.5	0.999999999965908	0.800025841379864	-2.76763615732146e-05	16.8003006829161	0.99999999999625
54.125	44.5	0.999999999970939	0.800025489065899	-2.74637305840825e-05	16.6002942663482	0.999999999996803
54.375	44.5	0.999999999975204	0.800025137403434	-2.72529992453855e-05	16.4002879377812	0.999999999997273
54.625	44.5	0.999999999978823	0.800024786514936	-2.7044194677643e-05	16.2002816970363	0.999999999997671
54.875	44.5	0.999999999981894	0.800024436514162	-2.68373429070295e-05	16.0002755439053	0.999999999998008
55.125	44.5	0.9999999999845	0.800024087506673	-2.6632468910656e-05	15.8002694781523	0.999999999998295
55.375	44.5	0.99999999998671	0.800023739590152	-2.64295966484233e-05	15.6002634995165	0.999999999998538
55.625	44.5	0.999999999988585	0.800023392854873	-2.62287490901811e-05	15.4002576077132	0.999999999998744
55.875	44.5	0.999999999990177	0.800023047384101	-2.60299482591764e-05	15.2002518024363	0.99999999999892
56.125	44.5	0.999999999991527	0.800022703254371	-2.58332152633396e-05	15.0002460833596	0.999999999999068
56.375	44.5	0.999999999992672	0.800022360535938	-2.56385703209298e-05	14.8002404501386	0.999999999999194
56.625	44.5	0.999999999993643	0.800022019293032	-2.54460327896441e-05	14.6002349024121	0.999999999999301
56.875	44.5	0.999999999994465	0.800021679584183	-2.5255621206005e-05	14.4002294398035	0.999999999999391
57.125	44.5	0.999999999995163	0.800021341462548	-2.50673533005194e-05	14.2002240619221	0.999999999999468
57.375	44.5	0.999999999995755	0.80002100497616	-2.48812460305184e-05	14.0002187683649	0.999999999999533
57.625	44.5	0.999999999996258	0.800020670168201	-2.46973156102068e-05	13.8002135587173	0.999999999999588
57.875	44.5	0.999999999996684	0.800020337077288	-2.45155775283043e-05	13.6002084325545	0.999999999999635
58.125	44.5	0.999999999997045	0.800020005737657	-2.43360465740206e-05	13.4002033894426	0.999999999999675
58.375	44.5	0.999999999997352	0.800019676179446	-2.41587368674359e-05	13.2001984289397	0.999999999999709
58.625	44.5	0.999999999997612	0.800019348428877	-2.39836618746098e-05	13.0001935505969	0.999999999999737
58.875	44.5	0.999999999997834	0.8000190225085	-2.38108344344437e-05	12.8001887539592	0.999999999999762
59.125	44.5	0.999999999998021	0.800018698437332	-2.36402667773102e-05	12.6001840385664	0.999999999999782
59.375	44.5	0.999999999998181	0.800018376231102	-2.34719705463342e-05	12.4001794039539	0.9999999999998
59.625	44.5	0.999999999998317	0.800018055902402	-2.3305956823751e-05	12.2001748496537	0.999999999999815
59.875	44.5	0.999999999998433	0.800017737460861	-2.3142236141667e-05	12.0001703751949	0.999999999999828
60.125	44.5	0.99999999999853	0.800017420913269	-2.29808185076643e-05	11.8001659801046	0.999999999999838
60.375	44.5	0.999999999998612	0.800017106263806	-2.28217134192574e-05	11.6001616639087	0.999999999999847
60.625	44.5	0.999999999998683	0.800016793514101	-2.26649298851225e-05	11.4001574261321	0.999999999999855
60.875	44.5	0.999999999998743	0.800016482663424	-2.25104764431541e-05	11.2001532662998	0.999999999999862
61.125	44.5	0.999999999998793	0.800016173708806	-2.23583611750281e-05	11.0001491839371	0.999999999999867
61.375	44.5	0.999999999998835	0.800015866645136	-2.2208591721642e-05	10.8001451785706	0.999999999999872
61.625	44.5	0.999999999998872	0.800015561465296	-2.20611753024698e-05	10.6001412497281	0.999999999999876
61.875	44.5	0.999999999998902	0.800015258160294	-2.1916118732414e-05	10.4001373969397	0.999999999999879
62.125	44.5	0.999999999998928	0.800014956719315	-2.17734284336052e-05	10.2001336197377	0.999999999999882
62.375	44.5	0.999999999998951	0.80001465712987	-2.16331104492232e-05	10.0001299176576	0.999999999999885
62.625	44.5	0.999999999998968	0.80001435937787	-2.14951704613354e-05	9.80012629023806	0.999999999999887
62.875	44.5	0.999999999998981	0.800014063447714	-2.1359613802548e-05	9.60012273702149	0.999999999999888
63.125	44.5	0.999999999998989	0.800013769322364	-2.12264454754113e-05	9.40011925755439	0.999999999999889
63.375	44.5	0.999999999998994	0.800013476983457	-2.10956701512457e-05	9.2001158513877	0.999999999999889
63.625	44.5	0.999999999999	0.800013186411352	-2.09672921986587e-05	9.00011251807709	0.99999999999989
63.875	44.5	0.999999999999009	0.80001289758522	-2.08413156881489e-05	8.80010925718331	0.999999999999891
64.125	44.5	0.999999999999024	0.800012610483094	-2.0717744402007e-05	8.60010606827245	0.999999999999893
64.375	44.5	0.999999999999047	0.80001232508194	-2.05965818540725e-05	8.40010295091625	0.999999999999895
64.625	44.5	0.999999999999074	0.800012041357742	-2.0477831290122e-05	8.2000999046923	0.999999999999898
64.875	44.5	0.99999999999909	0.800011759285542	-2.03614957122611e-05	8.00009692918435	0.9999999999999
65.125	44.5	0.999999999999078	0.800011478839464	-2.02475778704464e-05	7.80009402398248	0.999999999999899
65.375	44.5	0.999999999999025	0.800011199992832	-2.01360802924938e-05	7.60009118868335	0.999999999999893
65.625	44.5	0.999999999998938	0.800010922718168	-2.00270052807717e-05	7.4000884228904	0.999999999999883
65.875	44.5	0.999999999998865	0.800010646987262	-1.99203549267138e-05	7.20008572621401	0.999999999999875
66.125	44.5	0.999999999998895	0.800010372771207	-1.98161311176686e-05	7.00008309827174	0.999999999999878
66.375	44.5	0.999999999999129	0.80001010004044	-1.97143355485464e-05	6.80008053868841	0.999999999999904
66.625	44.5	0.999999999999588	0.8000098287648	-1.96149697265066e-05	6.60007804709633	0.999999999999955
66.875	44.5	1.00000000000009	0.800009558913539	-1.95180349847827e-05	6.40007562313542	1.00000000000001
67.125	44.5	1.00000000000012	0.800009290455385	-1.94235324859464e-05	6.20007326645338	1.00000000000001
67.375	44.5	0.99999999999891	0.800009023358571	-1.93314632312003e-05	6.00007097670577	0.99999999999988
67.625	44.5	0.999999999995735	0.800008757590862	-1.92418280691114e-05	5.80006875355621	0.999999999999531
67.875	44.5	0.999999999990765	0.8000084931196	-1.91546276964934e-05	5.6000665966764	0.999999999998984
68.125	44.5	0.99999999998619	0.800008229911709	-1.90698626640362e-05	5.40006450574628	0.999999999998481
68.375	44.5	0.999999999987176	0.80000796793371	-1.89875333764543e-05	5.200062480454	0.999999999998589
68.625	44.5	1.00000000000151	0.800007707151694	-1.89076400942954e-05	5.00006052049599	1.00000000000017
68.875	44.5	1.00000000003644	0.800007447531348	-1.88301829394392e-05	4.80005862557703	1.00000000000401
69.125	44.5	1.00000000009151	0.800007189037966	-1.8755161913205e-05	4.60005679541037	1.00000000001007
69.375	44.5	1.00000000014792	0.80000693163657	-1.86825769186196e-05	4.40005502971817	1.00000000001627
69.625	44.5	1.00000000015855	0.800006675292153	-1.86124278055338e-05	4.200053328232	1.00000000001744
69.875	44.5	1.00000000004774	0.800006419969953	-1.85447144158658e-05	4.00005169069357	1.00000000000525
70.125	44.5	0.999999999734158	0.800006165635774	-1.84794366019349e-05	3.80005011685517	0.999999999970757
70.375	44.5	0.999999999189402	0.800005912256015	-1.84165942001267e-05	3.6000486064792	0.999999999910834
70.625	44.5	0.999999998532995	0.800005659797094	-1.83561868907746e-05	3.40004715933597	0.99999999983863
70.875	44.5	0.999999998137153	0.800005408223954	-1.82982139467559e-05	3.20004577519942	0.999999999795087
71.125	44.5	0.99999999867206	0.800005157497591	-1.82426738857373e-05	3.00004445384102	0.999999999853927
71.375	44.5	1.0000000009789	0.80000490757232	-1.81895641871175e-05	2.80004319502469	1.00000000010768
71.625	44.5	1.00000000564473	0.800004658394481	-1.81388813376273e-05	2.60004199850776	1.00000000062092
71.875	44.5	1.00000001221928	0.800004409905425	-1.80906215899451e-05	2.40004086405515	1.00000000134412
72.125	44.5	1.00000001820857	0.800004162051964	-1.80447827503226e-05	2.20003979147329	1.00000000200294
72.375	44.5	1.00000001832008	0.800003914805839	-1.80013669664083e-05	2.00003878066344	1.00000000201521
72.625	44.5	1.00000000484588	0.800003668189061	-1.79603837144781e-05	1.80003783167904	1.00000000053305
72.875	44.5	0.999999970338309	0.800003422293623	-1.79218510602992e-05	1.60003694474948	0.999999996737214
73.125	44.5	0.999999913479279	0.800003177274038	-1.78857921424171e-05	1.40003612020991	0.999999990482721
73.375	44.5	0.999999847807387	0.800002933284356	-1.78522235478491e-05	1.20003535827045	0.999999983258813
73.625	44.5	0.999999810439519	0.800002690337086	-1.78211340443794e-05	1.00003465859351	0.999999979148347
73.875	44.5	0.999999864362745	0.800002448090697	-1.77924572647575e-05	0.800034019749822	0.999999985079902
74.125	44.5	1.00000008461124	0.800002205632873	-1.77660507812713e-05	0.60003343880111	1.00000000930724
74.375	44.5	1.00000051843524	0.800001961354915	-1.7741704703975e-05	0.400032911472749	1.00000005702788
74.625	44.5	1.00000111632859	0.80000153973322	-1.77192112689118e-05	0.200032433551884	1.00000012279615
74.875	44.5	1.00000164815921	0.40000196992565	-1.77028245112106e-05	3.20909337646008e-05	1.00000018129751
0.125	45.5	6.61683540928279e-07	0.399991017324487	6.27975179384995e-05	58.5935215666704	0.89000007278519
0.375	45.5	-4.35586604776524e-06	0.799973352498835	6.21910028919455e-05	58.4155255494038	0.889999520854735
0.625	45.5	-1.55320625239285e-05	0.799955781428238	6.09720940498178e-05	58.2375336164587	0.889998291473122
0.875	45.5	-3.3764177424077e-05	0.799938305841104	5.91299809025126e-05	58.0595459100389	0.889996285940483
1.125	45.5	-5.87793857571168e-05	0.799921024396988	5.66503785743557e-05	57.8815625558655	0.889993534267567
1.375	45.5	-8.82458801140385e-05	0.799904010100151	5.35160770676858e-05	57.7035836402158	0.889990292953188
1.625	45.5	-0.000116923887328391	0.799887340835352	4.97081988609877e-05	57.5256091537187	0.889987138372394
1.875	45.5	-0.000135933744971122	0.799871098039859	4.5207829595216e-05	57.3476389174647	0.889985047288053
2.125	45.5	-0.000132246003551935	0.799855365231992	3.99979378416303e-05	57.1696724952052	0.889985452939609
2.375	45.5	-8.84961287371957e-05	0.799840226940285	3.40654533877814e-05	56.9917090977008	0.889990265425839
2.625	45.5	1.67984812652911e-05	0.799825768451654	2.74033345843722e-05	56.8137474872601	0.890001847832939
2.875	45.5	0.00020858257948597	0.799812076654827	2.00124316255751e-05	56.635785891758	0.890022944083743
3.125	45.5	0.000514182056627827	0.799799242092316	1.19029504476636e-05	56.4578219376605	0.890056560026229
3.375	45.5	0.000961863385020976	0.799787362170052	3.09534257396026e-06	56.2798526106824	0.890105804972352
3.625	45.5	0.00157914440592387	0.799776545338267	-6.37951133719498e-06	56.1018742507425	0.890173705884652
3.875	45.5	0.00239099975656019	0.799766915966873	-1.64808973635692e-05	55.9238825850473	0.890263009973222
4.125	45.5	0.00341811947220848	0.799758619608926	-2.71596468215884e-05	55.7458727997853	0.890375993141943
4.375	45.5	0.0046753758288657	0.79975182837234	-3.83602275765621e-05	55.567839647428	0.890514291341175
4.625	45.5	0.0061706324427109	0.799746746193158	-5.00234077312679e-05	55.3897775834233	0.890678769568698
4.875	45.5	0.00790399437363217	0.799743613909171	-6.20892891864323e-05	55.2116809234779	0.8908694393811
5.125	45.5	0.009867553447533	0.799742714149988	-7.45004572488676e-05	55.0335440109192	0.891085430879229
5.375	45.5	0.0120456350922563	0.79974437617451	-8.720495306318e-05	54.8553613829434	0.891325019860148
5.625	45.5	0.0144155078233492	0.799748980877566	-0.000100158749582717	54.6771279249108	0.891585705860568
5.875	45.5	0.016948479907781	0.799756966234438	-0.00011332739813369	54.4988390031089	0.891864332789856
6.125	45.5	0.019611284450039	0.799768833436489	-0.000126686514358991	54.3204905683465	0.892157241289504
6.375	45.5	0.0223676472645347	0.799785153875535	-0.000140220792475828	54.142079225032	0.892460441199099
6.625	45.5	0.0251799421861611	0.799806576948696	-0.000153921281185581	53.9636022626764	0.892769793640478
6.875	45.5	0.0280108639872242	0.799833838388599	-0.000167780729293673	53.7850576486797	0.893081195038595
7.125	45.5	0.0308250851950583	0.79986776849938	-0.00018178691846214	53.6064439825404	0.893390759371456
7.375	45.5	0.0335909031256285	0.799909299334224	-0.00019591404611432	53.4277604121046	0.893694999343819
7.625	45.5	0.036281919709166	0.799959469545448	-0.000210112398960514	53.2490065121407	0.893991011168008
7.875	45.5	0.038878822176845	0.800019425418849	-0.000224296757222542	53.0701821245396	0.894276670439453
8.125	45.5	0.0413713427718032	0.800090416518795	-0.000238334175009561	52.8912871580856	0.894550847704898
8.375	45.5	0.0437604695898079	0.800173784437691	-0.000252031973914759	52.7123213443399	0.894813651654879
8.625	45.5	0.046060962461023	0.800270943340345	-0.000265126942416595	52.5332839450481	0.895066705870713
8.875	45.5	0.0483042061320939	0.800383351275691	-0.000277276832550854	52.3541734057771	0.89531346267453
9.125	45.5	0.0505414201853104	0.800512471490694	-0.000288055270022831	52.1749869501652	0.895559556220384
9.375	45.5	0.0528472547417775	0.800659723108212	-0.000296951137544564	51.9957201088836	0.895813198021596
9.625	45.5	0.0553238448932061	0.800826420372943	-0.000303373352291494	51.8163661765868	0.896085622938253
9.875	45.5	0.0581054811919597	0.801013699075986	-0.000306661750899625	51.6369155879638	0.896391602931116
10.125	45.5	0.0613641741706125	0.801222427580953	-0.000306104539697674	51.4573551997063	0.896750059158767
10.375	45.5	0.0653165266832682	0.801453097918982	-0.00030096249201681	51.2776674582581	0.897184817935159
10.625	45.5	0.0702324312900895	0.8017056895318	-0.000290499805666024	51.0978294237958	0.89772556744191
10.875	45.5	0.0764460916059309	0.801979494282027	-0.00027402129091307	50.9178116106884	0.898409070076652
11.125	45.5	0.084369572599724	0.802272886455227	-0.000250915343178247	50.7375765979138	0.89928065298597
11.375	45.5	0.0945082690285192	0.802583016650365	-0.000220701944306553	50.5570773680422	0.900395909593137
11.625	45.5	0.107475988996951	0.802905406992678	-0.000183084681521261	50.3762553652181	0.901822358789665
11.875	45.5	0.124004363494759	0.803233435298485	-0.000138005395006527	50.1950383439861	0.903640479984423
12.125	45.5	0.144936749003002	0.80355773459302	-8.56994315304062e-05	50.0133382416639	0.90594304239033
12.375	45.5	0.171191146832898	0.803865628346795	-2.6748344901287e-05	49.8310495745301	0.908831026151619
12.625	45.5	0.20367217000865	0.804140894364652	3.78752173862315e-05	49.648049229664	0.912403938700951
12.875	45.5	0.243114079423138	0.804364374572063	0.000106779416626232	49.4641989148334	0.916742548736545
13.125	45.5	0.289853751021105	0.804516060326979	0.000178156455133148	49.2793517061811	0.921883912612321
13.375	45.5	0.343570731688495	0.804578942406636	0.000249837235918276	49.0933637080512	0.927792780485734
13.625	45.5	0.403083990321793	0.804543841871298	0.000319417177490345	48.9061104390762	0.934339238935397
13.875	45.5	0.466327894057787	0.804413042599082	0.000384458115253681	48.7175052675404	0.941296068346357
14.125	45.5	0.530593975094836	0.804200241409187	0.000442739849185199	48.5275150218534	0.948365337260432
14.375	45.5	0.593005626010614	0.80392626046419	0.000492501692151591	48.3361674508941	0.955230618861168
14.625	45.5	0.651057700135281	0.803612912736028	0.00053260560700415	48.1435475321391	0.961616347014881
14.875	45.5	0.703011879700762	0.803278445462977	0.000562580700775816	47.9497837940497	0.967331306767084
15.125	45.5	0.748028571732418	0.802936155054446	0.000582556201354346	47.7550293378991	0.972283142890566
15.375	45.5	0.786057860105095	0.802595304724371	0.000593125222783873	47.5594431497937	0.97646636461156
15.625	45.5	0.817600925260181	0.802262625276025	0.000595188760421799	47.363175678101	0.97993610177862
15.875	45.5	0.843456468153633	0.801943345220352	0.000589815413159641	47.1663600949158	0.9827802114969
16.125	45.5	0.864520334119452	0.801641601302998	0.000578132895403174	46.9691086528174	0.98509723675314
16.375	45.5	0.88165757595377	0.801360502955628	0.000561252895276008	46.771512631688	0.986982333354915
16.625	45.5	0.895636925797292	0.801102122616038	0.000540223675355984	46.5736443232105	0.988520061837702
16.875	45.5	0.907107913769575	0.800867542689386	0.000516003029256107	46.3755598717192	0.989781870514653
17.125	45.5	0.916602330434767	0.800656978034673	0.000489445089973835	46.177302235915	0.990826256347824
17.375	45.5	0.924547042620492	0.800469944651452	0.000461296157013686	45.9789038935587	0.991700174688254
17.625	45.5	0.931280400661566	0.80030543918436	0.000432196260964673	45.7803891438638	0.992440844072772
17.875	45.5	0.937068278147376	0.800162104392857	0.000402684333323589	45.5817759906878	0.993077510596211
18.125	45.5	0.942118116657875	0.800038368206196	0.000373205602574911	45.3830776484296	0.993632992832366
18.375	45.5	0.946590590633692	0.79993255309741	0.000344120297461705	45.1843037315134	0.994124964969706
18.625	45.5	0.950609070189853	0.799842957687477	0.000315713010790587	44.9854611876815	0.994566997720884
18.875	45.5	0.954267248364919	0.799767914761654	0.000288202242870702	44.7865550268892	0.994969397320141
19.125	45.5	0.957635308163837	0.79970583041473	0.000261749754847803	44.5875888875203	0.995339883898022
19.375	45.5	0.960764943617944	0.799655208709608	0.000236469449331124	44.388565472601	0.995684143797974
19.625	45.5	0.963693473528201	0.799614665560794	0.000212435571277197	44.1894868815206	0.996006282088102
19.875	45.5	0.966447220669915	0.799582934819621	0.000189690092595826	43.9903548574344	0.996309194273691
20.125	45.5	0.969044280391295	0.799558868867935	0.000168249207530963	43.7911709666541	0.996594870843042
20.375	45.5	0.971496770160704	0.799541435466175	0.00014810892157888	43.5919367235136	0.996864644717677
20.625	45.5	0.973812632046185	0.799529712154795	0.000129249761838756	43.3926536720556	0.99711938952508
20.875	45.5	0.975997049125115	0.799522879159345	0.000111640670103961	43.1933234341695	0.997359675403763
21.125	45.5	0.978053530756871	0.799520211487919	9.52421622245322e-05	42.9939477323374	0.997585888383256
21.375	45.5	0.979984717834236	0.799521070710605	8.00088485377551e-05	42.794528393839	0.997798318961766
21.625	45.5	0.981792955864002	0.799524896763806	6.58914131495657e-05	42.5950673420693	0.99799722514504
21.875	45.5	0.983480680130782	0.799531200013784	5.28381458783092e-05	42.3955665795317	0.998182874814386
22.125	45.5	0.985050652969481	0.799539553732249	4.07961126449455e-05	42.1960281660959	0.998355571826643
22.375	45.5	0.986506088371487	0.799549587079958	2.97120392285304e-05	41.9964541952412	0.998515669720864
22.625	45.5	0.987850694019986	0.799560978647617	1.95329717431472e-05	41.7968467702768	0.998663576342198
22.875	45.5	0.989088655687099	0.799573450574562	1.02067656585671e-05	41.5972079819096	0.998799752125581
23.125	45.5	0.99022458400095	0.799586763241671	1.682444752054e-06	41.3975398880434	0.998924704240105
23.375	45.5	0.991263439110172	0.799600710517981	-6.08953795704783e-06	41.1978444963018	0.999038978302119
23.625	45.5	0.992210444863962	0.799615115532007	-1.31571127955625e-05	40.9981237494837	0.999143148935036
23.875	45.5	0.993071000843554	0.79962982692942	-1.95664611988472e-05	40.7983795139488	0.999237810092791
24.125	45.5	0.993850597922109	0.799644715577063	-2.53619253740802e-05	40.5986135707904	0.999323565771432
24.375	45.5	0.994554740950816	0.799659671670619	-3.05859498477784e-05	40.3988276095661	0.99940102150459
24.625	45.5	0.995188880599498	0.799674602204422	-3.52790480045163e-05	40.1990232243044	0.999470776865945
24.875	45.5	0.995758355240087	0.799689428763142	-3.94797883231176e-05	39.9992019114875	0.99953341907641
25.125	45.5	0.99626834296884	0.799704085597952	-4.32247966504698e-05	39.7993650697111	0.999589517726572
25.375	45.5	0.996723823341629	0.799718517951863	-4.65487715793077e-05	39.5995140007344	0.999639620567579
25.625	45.5	0.997129548079196	0.799732680603465	-4.948451078976e-05	39.3996499116563	0.999684250288712
25.875	45.5	0.997490019829557	0.799746536600265	-5.20629466113563e-05	39.1997739179805	0.999723902181251
26.125	45.5	0.997809478008236	0.799760056156985	-5.43131892416591e-05	38.9998870473578	0.999759042580906
26.375	45.5	0.998091890738706	0.799773215696764	-5.62625764684431e-05	38.7999902438239	0.999790107981258
26.625	45.5	0.998340951960045	0.799785997015529	-5.79367286376179e-05	38.6000843723772	0.999817504715605
26.875	45.5	0.998560082837561	0.799798386554028	-5.93596080049869e-05	38.400170223761	0.999841609112132
27.125	45.5	0.998752436692713	0.799810374761933	-6.05535814138753e-05	38.2002485193447	0.999862768036198
27.375	45.5	0.998920906752772	0.79982195554245	-6.15394855423825e-05	38.0003199160085	0.999881299742805
27.625	45.5	0.999068136103233	0.799833125766251	-6.23366939729015e-05	37.8003850109615	0.999897494971356
27.875	45.5	0.999196529304019	0.799843884846254	-6.29631853154039e-05	37.600444346434	0.999911618223442
28.125	45.5	0.999308265202908	0.799854234364627	-6.34356118556763e-05	37.4004984141979	0.99992390917232
28.375	45.5	0.999405310545612	0.799864177745882	-6.37693682059907e-05	37.2005476598826	0.999934584160017
28.625	45.5	0.999489434041572	0.799873719970404	-6.39786593521106e-05	37.0005924870618	0.999943837744573
28.875	45.5	0.999562220598577	0.7998828673225	-6.40765678462895e-05	36.8006332610946	0.999951844265843
29.125	45.5	0.999625085487339	0.799891627170231	-6.40751196488998e-05	36.6006703127128	0.999958759403607
29.375	45.5	0.999679288240543	0.799900007771587	-6.39853484180887e-05	36.4007039413499	0.99996472170646
29.625	45.5	0.999725946129308	0.799908018105299	-6.38173579634295e-05	36.2007344182148	0.999969854074224
29.875	45.5	0.999766047094278	0.799915667722499	-6.3580382607235e-05	36.000761989113	0.999974265180371
30.125	45.5	0.999800462038664	0.799922966617131	-6.32828453955464e-05	35.8007868770257	0.999978050824253
30.375	45.5	0.999829956417108	0.799929925113119	-6.29324139372271e-05	35.6008092844563	0.999981295205882
30.625	45.5	0.999855201077179	0.799936553766031	-6.25360538202455e-05	35.400829395556	0.99998407211849
30.875	45.5	0.999876782330041	0.799942863277714	-6.21000795596549e-05	35.2008473780427	0.999986446056304
31.125	45.5	0.99989521124354	0.799948864422897	-6.16302030331798e-05	35.000863384927	0.999988473236789
31.375	45.5	0.999910932164807	0.79995456798521	-6.11315793544753e-05	34.8008775560589	0.999990202538129
31.625	45.5	0.999924330490805	0.799959984703247	-6.06088502627276e-05	34.6008900195111	0.999991676353989
31.875	45.5	0.999935739714225	0.79996512522373	-6.00661850334858e-05	34.400900892811	0.999992931368565
32.125	45.5	0.999945447778988	0.799970000062541	-5.95073188992975e-05	34.2009102840377	0.999993999255689
32.375	45.5	0.999953702784514	0.799974619571279	-5.8935589136073e-05	34.000918292794	0.999994907306297
32.625	45.5	0.999960718081383	0.799978993910124	-5.83539688279737e-05	33.8009250110688	0.999995678988952
32.875	45.5	0.999966676802805	0.799983133024883	-5.77650983387506e-05	33.6009305239991	0.999996334448308
33.125	45.5	0.999971735877176	0.799987046628796	-5.71713147210461e-05	33.4009349105444	0.999996890946489
33.375	45.5	0.999976029566657	0.799990744187843	-5.6574678973794e-05	33.2009382440815	0.999997363252332
33.625	45.5	0.999979672575684	0.799994234909565	-5.59770013732871e-05	33.00094059293	0.999997763983325
33.875	45.5	0.999982762771668	0.799997527734384	-5.53798649173899e-05	32.8009420208167	0.999998103904884
34.125	45.5	0.999985383558014	0.800000631330102	-5.47846469848276e-05	32.6009425872854	0.999998392191382
34.375	45.5	0.999987605937098	0.800003554087744	-5.41925393122942e-05	32.4009423480596	0.999998636653081
34.625	45.5	0.999989490298195	0.800006304119906	-5.36045663914367e-05	32.2009413553636	0.999998843932801
34.875	45.5	0.99999108796258	0.800008889260638	-5.30216023409238e-05	32.000939658208	0.999999019675884
35.125	45.5	0.999992442515166	0.800011317066284	-5.2444386445275e-05	31.8009373026421	0.999999168676668
35.375	45.5	0.999993590949392	0.800013594818253	-5.18735373187567e-05	31.6009343319806	0.999999295004433
35.625	45.5	0.999994564649221	0.800015729526048	-5.13095658763191e-05	31.4009307870046	0.999999402111414
35.875	45.5	0.999995390229714	0.800017727931628	-5.07528871713519e-05	31.2009267061431	0.999999492925268
36.125	45.5	0.999996090255204	0.800019596514323	-5.02038311649478e-05	31.0009221256353	0.999999569928072
36.375	45.5	0.999996683851815	0.800021341496292	-4.96626525241955e-05	30.8009170796777	0.9999996352237
36.625	45.5	0.999997187229137	0.800022968848518	-4.9129539523414e-05	30.6009116005571	0.999999690595205
36.875	45.5	0.999997614123913	0.800024484297156	-4.86046220856403e-05	30.4009057187711	0.99999973755363
37.125	45.5	0.999997976177002	0.800025893330145	-4.80879790733798e-05	30.200899463139	0.99999977737947
37.375	45.5	0.999998283253334	0.800027201204102	-4.75796448705766e-05	30.0008928609025	0.999999811157867
37.625	45.5	0.999998543713289	0.800028412951277	-4.70796152985801e-05	29.8008859378182	0.999999839808462
37.875	45.5	0.999998764642706	0.800029533386695	-4.65878529603583e-05	29.600878718244	0.999999864110698
38.125	45.5	0.999998952047762	0.800030567115304	-4.61042920069612e-05	29.4008712252173	0.999999884725254
38.375	45.5	0.999999111020021	0.800031518539131	-4.56288424323521e-05	29.2008634805291	0.999999902212202
38.625	45.5	0.999999245876189	0.800032391864397	-4.5161393902584e-05	29.0008555047919	0.999999917046381
38.875	45.5	0.999999360276444	0.800033191108623	-4.47018191854709e-05	28.8008473175034	0.999999929630409
39.125	45.5	0.999999457324625	0.80003392010757	-4.42499771546875e-05	28.6008389371065	0.999999940305709
39.375	45.5	0.999999539653049	0.800034582522167	-4.38057155280549e-05	28.4008303810445	0.999999949361835
39.625	45.5	0.999999609494347	0.800035181845236	-4.33688732274006e-05	28.2008216658138	0.999999957044378
39.875	45.5	0.999999668742292	0.800035721408106	-4.29392824918796e-05	28.0008128070132	0.999999963561652
40.125	45.5	0.999999719003336	0.800036204387084	-4.25167707368005e-05	27.8008038193901	0.999999969090367
40.375	45.5	0.999999761640274	0.800036633809745	-4.21011621736034e-05	27.6007947168844	0.99999997378043
40.625	45.5	0.999999797809247	0.800037012561052	-4.16922792116259e-05	27.4007855126698	0.999999977759017
40.875	45.5	0.999999828491105	0.800037343389355	-4.12899437262058e-05	27.2007762191928	0.999999981134022
41.125	45.5	0.999999854517997	0.800037628912066	-4.08939780825816e-05	27.0007668482098	0.99999998399698
41.375	45.5	0.999999876595918	0.800037871621352	-4.0504206073993e-05	26.800757410822	0.999999986425551
41.625	45.5	0.999999895323837	0.800038073889471	-4.01204537071944e-05	26.6007479175086	0.999999988485622
41.875	45.5	0.999999911209914	0.800038237974037	-3.97425498418824e-05	26.4007383781583	0.999999990233091
42.125	45.5	0.999999924685266	0.800038366023033	-3.93703267636197e-05	26.2007288020992	0.999999991715379
42.375	45.5	0.999999936115636	0.800038460079629	-3.90036206395252e-05	26.000719198127	0.99999999297272
42.625	45.5	0.999999945811304	0.800038522086969	-3.86422718963448e-05	25.8007095745321	0.999999994039243
42.875	45.5	0.999999954035492	0.800038553892577	-3.82861255200177e-05	25.6006999391251	0.999999994943904
43.125	45.5	0.999999961011495	0.800038557252675	-3.79350312788727e-05	25.4006902992608	0.999999995711264
43.375	45.5	0.999999966928733	0.80003853383641	-3.75888439256948e-05	25.2006806618621	0.999999996362161
43.625	45.5	0.999999971947888	0.800038485229787	-3.7247423292954e-05	25.0006710334409	0.999999996914268
43.875	45.5	0.99999997620526	0.800038412939536	-3.69106344152608e-05	24.8006614201197	0.999999997382579
44.125	45.5	0.999999979816469	0.800038318396722	-3.6578347526582e-05	24.6006518276515	0.999999997779812
44.375	45.5	0.999999982879588	0.800038202960325	-3.62504380886816e-05	24.4006422614379	0.999999998116755
44.625	45.5	0.999999985477803	0.800038067920578	-3.59267867899392e-05	24.200632726548	0.999999998402558
44.875	45.5	0.999999987681679	0.800037914502204	-3.56072794638063e-05	24.0006232277349	0.999999998644985
45.125	45.5	0.999999989551064	0.800037743867472	-3.52918070446509e-05	23.8006137694521	0.999999998850617
45.375	45.5	0.99999999113673	0.800037557119207	-3.49802654754537e-05	23.6006043558688	0.99999999902504
45.625	45.5	0.99999999248174	0.800037355303547	-3.46725556096997e-05	23.4005949908851	0.999999999172991
45.875	45.5	0.999999993622621	0.800037139412658	-3.43685830978843e-05	23.2005856781452	0.999999999298488
46.125	45.5	0.999999994590352	0.800036910387376	-3.40682582568216e-05	23.0005764210513	0.999999999404939
46.375	45.5	0.999999995411211	0.800036669119554	-3.37714959458586e-05	22.8005672227759	0.999999999495233
46.625	45.5	0.999999996107492	0.800036416454507	-3.34782154300396e-05	22.6005580862742	0.999999999571824
46.875	45.5	0.999999996698101	0.800036153193226	-3.31883402275821e-05	22.4005490142951	0.999999999636791
47.125	45.5	0.999999997199073	0.8000358800945	-3.29017979788037e-05	22.2005400093924	0.999999999691898
47.375	45.5	0.999999997624017	0.800035597876956	-3.26185202689637e-05	22.0005310739348	0.999999999738642
47.625	45.5	0.999999997984467	0.800035307221093	-3.23384425201686e-05	21.8005222101163	0.999999999778291
47.875	45.5	0.999999998290213	0.800035008770993	-3.20615037950674e-05	21.6005134199649	0.999999999811923
48.125	45.5	0.999999998549558	0.800034703136221	-3.17876466842944e-05	21.4005047053519	0.999999999840451
48.375	45.5	0.999999998769545	0.800034390893467	-3.15168171403138e-05	21.2004960680004	0.99999999986465
48.625	45.5	0.999999998956146	0.800034072588106	-3.12489643216922e-05	21.0004875094929	0.999999999885176
48.875	45.5	0.999999999114428	0.800033748735877	-3.09840404774049e-05	20.8004790312796	0.999999999902587
49.125	45.5	0.999999999248687	0.800033419824113	-3.07220007784918e-05	20.600470634685	0.999999999917356
49.375	45.5	0.999999999362569	0.800033086313394	-3.04628031923908e-05	20.4004623209152	0.999999999929883
49.625	45.5	0.999999999459166	0.800032748638694	-3.02064083431364e-05	20.2004540910644	0.999999999940508
49.875	45.5	0.999999999541106	0.800032407210676	-2.9952779378706e-05	20.0004459461211	0.999999999949522
50.125	45.5	0.999999999610611	0.800032062416981	-2.97018818473776e-05	19.8004378869741	0.999999999957167
50.375	45.5	0.999999999669566	0.800031714623199	-2.9453683578996e-05	19.6004299144179	0.999999999963652
50.625	45.5	0.999999999719573	0.800031364174193	-2.92081545467284e-05	19.4004220291582	0.999999999969153
50.875	45.5	0.999999999761989	0.800031011394946	-2.8965266775062e-05	19.2004142318173	0.999999999973819
51.125	45.5	0.999999999797969	0.800030656591595	-2.87249942095123e-05	19.0004065229384	0.999999999977777
51.375	45.5	0.99999999982849	0.800030300052435	-2.8487312617337e-05	18.8003989029905	0.999999999981134
51.625	45.5	0.999999999854376	0.800029942048722	-2.82521994845159e-05	18.6003913723726	0.999999999983981
51.875	45.5	0.999999999876335	0.800029582835638	-2.80196339183877e-05	18.4003839314181	0.999999999986397
52.125	45.5	0.99999999989496	0.800029222652939	-2.77895965468092e-05	18.2003765803984	0.999999999988446
52.375	45.5	0.999999999910759	0.800028861725878	-2.75620694320111e-05	18.0003693195269	0.999999999990184
52.625	45.5	0.999999999924161	0.800028500265876	-2.73370359852006e-05	17.8003621489624	0.999999999991658
52.875	45.5	0.999999999935528	0.800028138471194	-2.71144808708092e-05	17.6003550688126	0.999999999992908
53.125	45.5	0.999999999945169	0.800027776527645	-2.68943899557958e-05	17.4003480791371	0.999999999993969
53.375	45.5	0.999999999953349	0.800027414609169	-2.66767502009103e-05	17.2003411799508	0.999999999994868
53.625	45.5	0.999999999960287	0.80002705287849	-2.64615496065387e-05	17.0003343712262	0.999999999995631
53.875	45.5	0.999999999966172	0.800026691487643	-2.62487771498979e-05	16.8003276528967	0.999999999996279
54.125	45.5	0.999999999971161	0.800026330578557	-2.60384227051106e-05	16.600321024859	0.999999999996828
54.375	45.5	0.999999999975396	0.800025970283504	-2.58304769834694e-05	16.4003144869756	0.999999999997294
54.625	45.5	0.999999999978987	0.800025610725662	-2.56249314933767e-05	16.2003080390768	0.999999999997689
54.875	45.5	0.999999999982033	0.800025252019543	-2.54217784647809e-05	16.0003016809635	0.999999999998024
55.125	45.5	0.999999999984617	0.800024894271411	-2.52210108014601e-05	15.800295412409	0.999999999998308
55.375	45.5	0.99999999998681	0.800024537579772	-2.50226220384872e-05	15.6002892331609	0.999999999998549
55.625	45.5	0.999999999988669	0.800024182035707	-2.48266062869096e-05	15.4002831429432	0.999999999998754
55.875	45.5	0.999999999990246	0.800023827723284	-2.46329581968118e-05	15.200277141458	0.999999999998927
56.125	45.5	0.999999999991583	0.800023474719918	-2.44416729110899e-05	15.0002712283873	0.999999999999074
56.375	45.5	0.999999999992718	0.800023123096705	-2.42527460251161e-05	14.8002654033945	0.999999999999199
56.625	45.5	0.999999999993681	0.80002277291875	-2.40661735576626e-05	14.600259666126	0.999999999999305
56.875	45.5	0.999999999994498	0.800022424245473	-2.38819519027957e-05	14.4002540162126	0.999999999999395
57.125	45.5	0.99999999999519	0.800022077130932	-2.3700077815427e-05	14.200248453271	0.999999999999471
57.375	45.5	0.999999999995777	0.800021731624046	-2.35205483634447e-05	14.0002429769051	0.999999999999535
57.625	45.5	0.999999999996277	0.800021387768918	-2.33433609055125e-05	13.8002375867071	0.99999999999959
57.875	45.5	0.999999999996702	0.800021045605066	-2.31685130687871e-05	13.6002322822588	0.999999999999637
58.125	45.5	0.999999999997063	0.800020705167629	-2.29960027204303e-05	13.4002270631325	0.999999999999677
58.375	45.5	0.999999999997368	0.800020366487659	-2.2825827939799e-05	13.2002219288926	0.999999999999711
58.625	45.5	0.999999999997627	0.800020029592288	-2.26579870037118e-05	13.0002168790959	0.999999999999739
58.875	45.5	0.999999999997847	0.800019694504957	-2.24924783639798e-05	12.800211913293	0.999999999999763
59.125	45.5	0.999999999998035	0.800019361245589	-2.23293006246021e-05	12.6002070310293	0.999999999999784
59.375	45.5	0.999999999998193	0.800019029830782	-2.21684525307962e-05	12.4002022318454	0.999999999999801
59.625	45.5	0.999999999998329	0.800018700274022	-2.20099329460607e-05	12.2001975152781	0.999999999999816
59.875	45.5	0.999999999998444	0.80001837258579	-2.18537408426739e-05	12.0001928808613	0.999999999999829
60.125	45.5	0.999999999998542	0.800018046773763	-2.16998752849644e-05	11.8001883281269	0.99999999999984
60.375	45.5	0.999999999998624	0.800017722842944	-2.15483354153422e-05	11.6001838566048	0.999999999999849
60.625	45.5	0.999999999998692	0.800017400795803	-2.13991204471938e-05	11.4001794658242	0.999999999999856
60.875	45.5	0.999999999998749	0.800017080632433	-2.12522296472538e-05	11.2001751553139	0.999999999999862
61.125	45.5	0.999999999998798	0.800016762350661	-2.11076623325427e-05	11.0001709246031	0.999999999999868
61.375	45.5	0.999999999998839	0.800016445946175	-2.09654178584337e-05	10.8001667732218	0.999999999999872
61.625	45.5	0.999999999998875	0.80001613141264	-2.08254956068864e-05	10.600162700701	0.999999999999876
61.875	45.5	0.999999999998907	0.800015818741804	-2.06878949859265e-05	10.4001587065741	0.99999999999988
62.125	45.5	0.999999999998933	0.800015507923608	-2.05526154146702e-05	10.2001547903763	0.999999999999883
62.375	45.5	0.999999999998956	0.80001519894628	-2.04196563265871e-05	10.0001509516458	0.999999999999885
62.625	45.5	0.999999999998973	0.800014891796443	-2.02890171553173e-05	9.80014718992381	0.999999999999887
62.875	45.5	0.999999999998987	0.80001458645918	-2.0160697335433e-05	9.60014350475522	0.999999999999889
63.125	45.5	0.999999999998996	0.800014282918135	-2.00346962945626e-05	9.40013989568872	0.99999999999989
63.375	45.5	0.999999999999002	0.800013981155591	-1.99110134518041e-05	9.20013636227731	0.99999999999989
63.625	45.5	0.999999999999009	0.800013681152538	-1.97896482129294e-05	9.00013290407858	0.999999999999891
63.875	45.5	0.999999999999018	0.800013382888766	-1.96705999687683e-05	8.80012952065501	0.999999999999892
64.125	45.5	0.999999999999033	0.80001308634291	-1.95538680907292e-05	8.60012621157429	0.999999999999894
64.375	45.5	0.999999999999053	0.800012791492527	-1.94394519304688e-05	8.4001229764096	0.999999999999896
64.625	45.5	0.999999999999072	0.800012498314135	-1.93273508141459e-05	8.20011981473985	0.999999999999898
64.875	45.5	0.999999999999079	0.800012206783322	-1.92175640493228e-05	8.00011672614994	0.999999999999899
65.125	45.5	0.999999999999057	0.800011916874767	-1.91100909144811e-05	7.80011371023099	0.999999999999896
65.375	45.5	0.999999999998998	0.800011628562271	-1.90049306618015e-05	7.60011076658056	0.99999999999989
65.625	45.5	0.999999999998919	0.800011341818858	-1.89020825163952e-05	7.40010789480288	0.999999999999881
65.875	45.5	0.999999999998877	0.800011056616787	-1.88015456765128e-05	7.20010509450898	0.999999999999876
66.125	45.5	0.999999999998966	0.800010772927605	-1.87033193113807e-05	7.00010236531695	0.999999999999886
66.375	45.5	0.99999999999928	0.800010490722192	-1.86074025617203e-05	6.80009970685206	0.999999999999921
66.625	45.5	0.999999999999813	0.800010209970802	-1.85137945390174e-05	6.60009711874694	0.999999999999979
66.875	45.5	1.00000000000032	0.800009930643098	-1.84224943299308e-05	6.40009460064173	1.00000000000004
67.125	45.5	1.00000000000023	0.800009652708202	-1.83335009917265e-05	6.20009215218425	1.00000000000003
67.375	45.5	0.999999999998689	0.800009376134718	-1.82468135566327e-05	6.00008977303009	0.999999999999856
67.625	45.5	0.99999999999496	0.800009100890778	-1.81624310286907e-05	5.8000874628428	0.999999999999446
67.875	45.5	0.999999999989324	0.800008826944079	-1.80803523846218e-05	5.60008522129394	0.999999999998826
68.125	45.5	0.999999999984279	0.800008554261878	-1.80005765673815e-05	5.4000830480632	0.999999999998271
68.375	45.5	0.999999999985517	0.80000828281101	-1.79231024854283e-05	5.2000809428384	0.999999999998407
68.625	45.5	1.00000000000148	0.800008012557883	-1.78479290086286e-05	5.00007890531554	1.00000000000016
68.875	45.5	1.00000000003988	0.800007743468465	-1.77750549668009e-05	4.80007693519887	1.00000000000439
69.125	45.5	1.00000000010006	0.800007475508329	-1.7704479160953e-05	4.60007503220109	1.00000000001101
69.375	45.5	1.00000000016164	0.800007208642776	-1.76362003858928e-05	4.40007319604366	1.00000000001778
69.625	45.5	1.00000000017407	0.800006942837055	-1.75702174640709e-05	4.20007142645753	1.00000000001915
69.875	45.5	1.00000000005659	0.800006678056721	-1.75065292827482e-05	4.00006972318377	1.00000000000622
70.125	45.5	0.999999999722644	0.800006414267902	-1.74451348126413e-05	3.80006808597408	0.999999999969491
70.375	45.5	0.999999999142014	0.800006151437368	-1.73860330747213e-05	3.60006651459029	0.999999999905622
70.625	45.5	0.999999998441125	0.800005889531904	-1.73292230089671e-05	3.40006500880204	0.999999999828524
70.875	45.5	0.999999998013361	0.800005628516731	-1.72747032266193e-05	3.2000635683822	0.99999999978147
71.125	45.5	0.999999998566418	0.800005368352931	-1.72224716853509e-05	3.00006219310048	0.999999999842306
71.375	45.5	1.0000000009882	0.800005108994548	-1.71725254138083e-05	2.80006088271807	1.0000000001087
71.625	45.5	1.00000000589928	0.800004850387273	-1.71248605565572e-05	2.60005963698859	1.00000000064892
71.875	45.5	1.00000001282937	0.800004592471561	-1.70794730858301e-05	2.40005845567308	1.00000000141123
72.125	45.5	1.00000001916016	0.800004335193629	-1.70363604888744e-05	2.20005733857562	1.00000000210762
72.375	45.5	1.00000001933297	0.800004078525876	-1.69955243977335e-05	2.00005628559935	1.00000000212663
72.625	45.5	1.00000000525149	0.800003822493452	-1.6956973404995e-05	1.80005529680672	1.00000000057766
72.875	45.5	0.999999969090322	0.800003567194921	-1.69207242509054e-05	1.60005437244453	0.999999996599935
73.125	45.5	0.999999909453229	0.800003312794393	-1.68867985008572e-05	1.40005351287028	0.999999990039855
73.375	45.5	0.999999840527506	0.800003059455454	-1.68552115718708e-05	1.20005271831013	0.999999982458026
73.625	45.5	0.999999801230502	0.800002807193224	-1.68259526636344e-05	1.00005198841553	0.999999978135355
73.875	45.5	0.999999857611742	0.800002555651564	-1.6798958987654e-05	0.800051321692739	0.999999984337292
74.125	45.5	1.0000000883568	0.800002303875892	-1.67740960297042e-05	0.600050715065074	1.00000000971925
74.375	45.5	1.00000054302346	0.800002050181884	-1.67511656723127e-05	0.400050164053893	1.00000005973258
74.625	45.5	1.00000116972897	0.800001610577636	-1.67299718448427e-05	0.200049664244229	1.00000012867019
74.875	45.5	1.0000017272247	0.400002063884607	-1.67145267727824e-05	4.93056758980094e-05	1.00000018999472
0.125	46.5	6.09001698141969e-07	0.399989657515551	0.000138838537265568	58.5934342503382	0.890000066990187
0.375	46.5	-4.56520975128996e-06	0.79996926820878	0.000138139913331649	58.4154388393456	0.889999497826927
0.625	46.5	-1.60651107848788e-05	0.799948930841507	0.000136731220135513	58.2374481268454	0.889998232837814
0.875	46.5	-3.47910415982144e-05	0.799928616900851	0.000134586174630619	58.0594622719385	0.889996172985424
1.125	46.5	-6.04380594771933e-05	0.799908397113471	0.000131669274172586	57.8814814229904	0.889993351813457
1.375	46.5	-9.05830857268378e-05	0.799888314899255	0.000127936225935018	57.7035056941888	0.88999003586057
1.625	46.5	-0.000119815079926556	0.799868417786171	0.000123335645966191	57.5255351079543	0.889986820341208
1.875	46.5	-0.000138987048049306	0.799848756057139	0.000117811263591491	57.3475695192641	0.889984711424715
2.125	46.5	-0.000134697321071303	0.799829381358082	0.000111304479451239	57.1696085257756	0.889985183294682
2.375	46.5	-8.91050242587803e-05	0.799810345836532	0.000103757063560609	56.9916513699698	0.889990198447332
2.625	46.5	1.98409492284383e-05	0.799791702242242	9.51137261481085e-05	56.8136968415608	0.890002182504415
2.875	46.5	0.000217722412953759	0.799773505259582	8.5324262769333e-05	56.6357431896874	0.890023949465425
3.125	46.5	0.00053253644309997	0.799755814164914	7.43449738609241e-05	56.4577880546353	0.890058579008741
3.375	46.5	0.000993211636726908	0.799738696724291	6.21390885039408e-05	56.2798284279206	0.89010925328004
3.625	46.5	0.00162787000938008	0.799722234102049	4.8675980391735e-05	56.1018606475421	0.890179065701032
3.875	46.5	0.0024619814897194	0.799706526461344	3.39290430714721e-05	55.9238804323199	0.890270817963869
4.125	46.5	0.00351657340264193	0.799691698915707	1.78721843570126e-05	55.7458829558052	0.890386823074291
4.375	46.5	0.00480665368980323	0.799677907531492	4.74999944970992e-07	55.5678629566857	0.890528731905878
4.625	46.5	0.00633998514662711	0.799665345176306	-1.83032126882491e-05	55.3898148793247	0.890697398366129
4.875	46.5	0.0081163121771037	0.799654247132633	-3.85203369925169e-05	55.2117330354117	0.890892794339481
5.125	46.5	0.0101270965913033	0.799644896530796	-6.02588509457512e-05	55.033611775939	0.891113980625043
5.375	46.5	0.0123557707681525	0.799637629777244	-8.36333015046209e-05	54.8554456619748	0.891359134784497
5.625	46.5	0.0147784712224718	0.799632842239812	-0.000108797262478652	54.6772296230084	0.891625631834472
5.875	46.5	0.0173651789176831	0.799630994485425	-0.000135949092398889	54.498959092854	0.891910169680945
6.125	46.5	0.0200811691089701	0.799632619325964	-0.000165335711504914	54.3206301149986	0.892208928601987
6.375	46.5	0.0228886659136148	0.799638329807467	-0.000197253543799371	54.1422394115479	0.892517753250498
6.625	46.5	0.0257486057605554	0.799648828071719	-0.000232045737818285	53.9637844122072	0.892832346633661
6.875	46.5	0.0286224373921244	0.799664914737124	-0.000270094809502162	53.7852632416968	0.893148468113134
7.125	46.5	0.0314739197321359	0.79968749811447	-0.000311809957056326	53.6066746653794	0.893462131170535
7.375	46.5	0.0342709163721111	0.799717602228195	-0.000357608487619675	53.4280179935008	0.893769800800932
7.625	46.5	0.0369872195603707	0.799756372300862	-0.000407891060580712	53.24929294433	0.894068594151641
7.875	46.5	0.0396044610721319	0.799805076126651	-0.000463010765474366	53.0704994657472	0.894356490717935
8.125	46.5	0.0421141781369364	0.799865099636175	-0.000523236367360639	52.8916375137273	0.894632559595063
8.375	46.5	0.0445200994922842	0.799937934952227	-0.000588710307303042	52.7127067850057	0.894897210944151
8.625	46.5	0.0468407038352689	0.80002515932631	-0.000659402167587836	52.5337064002353	0.89515247742188
8.875	46.5	0.0491120890986277	0.800128403465116	-0.000735058232521086	52.3546345332859	0.895402329800849
9.125	46.5	0.0513911877889776	0.800249307809141	-0.000815147446154947	52.1754879818985	0.895653030656788
9.375	46.5	0.0537593836515592	0.800389465189586	-0.000898803480029673	51.9962616743391	0.895913532201671
9.625	46.5	0.0563266382868109	0.800550347843068	-0.0009847618356742	51.8169481054133	0.896195930211549
9.875	46.5	0.0592363266513232	0.80073321588596	-0.0010712900818083	51.6375366924671	0.896515995931646
10.125	46.5	0.0626710995746453	0.800939002961536	-0.00115610878101307	51.4580130371155	0.896893820953211
10.375	46.5	0.0668602127119294	0.801168172821219	-0.00123630094288739	51.2783580710676	0.897354623398312
10.625	46.5	0.0720888284719316	0.801420538116164	-0.0013082098379225	51.0985470550729	0.897929771131913
10.875	46.5	0.0787097081197519	0.801695029851934	-0.00136733008208932	50.9185483908386	0.898658067893173
11.125	46.5	0.0871572936609265	0.8019894034423	-0.00140820700924375	50.738322201745	0.899587302302702
11.375	46.5	0.0979631668040305	0.802299866896643	-0.00142437691626193	50.5578186488336	0.900775948348443
11.625	46.5	0.111769900015809	0.802620622820714	-0.00140840794858368	50.3769759899659	0.902294689001739
11.875	46.5	0.129336996172906	0.802943338148363	-0.00135213780438705	50.1957184861578	0.90422706957902
12.125	46.5	0.151527825049809	0.803256611033762	-0.00124724223453429	50.0139544390699	0.906668060755479
12.375	46.5	0.179261015545958	0.803545615684725	-0.00108628422692107	49.8315749291988	0.909718711710055
12.625	46.5	0.213406531435823	0.80379228137387	-0.000864341666130363	49.6484541978664	0.913474718457941
12.875	46.5	0.254611691414276	0.803976541128413	-0.000581128810319825	49.4644529651809	0.91800728605557
13.125	46.5	0.303063996609728	0.804079163011567	-0.000243180796246833	49.2794260365233	0.92333703962707
13.375	46.5	0.358239968527256	0.804086120105587	0.000134748318891994	49.0932349281224	0.929406396537998
13.625	46.5	0.418739337038608	0.803993243541952	0.000530119568102928	48.9057646447668	0.936061327074247
13.875	46.5	0.482323018918079	0.803808732866765	0.000915507733753051	48.7169414368066	0.943055532080989
14.125	46.5	0.546216553044625	0.803551441156101	0.00126350201828309	48.5267465085711	0.950083820834909
14.375	46.5	0.60761158262846	0.803245309979457	0.0015519635898493	48.3352208250163	0.956837274089131
14.625	46.5	0.664179850990565	0.802913009491	0.00176766030210786	48.1424589820919	0.963059783608962
14.875	46.5	0.714406198999266	0.802572023313945	0.00190715719867048	47.9485942103598	0.968584681889919
15.125	46.5	0.757656457898639	0.802234089251986	0.00197522367670734	47.7537794980749	0.97334221036885
15.375	46.5	0.794029651780917	0.801906664253457	0.00198193704722843	47.5581700594561	0.977343261695901
15.625	46.5	0.824110956058847	0.801594666513913	0.00193972491372313	47.3619104605942	0.980652205166473
15.875	46.5	0.848729601845603	0.801301599109742	0.00186110114849598	47.1651272706993	0.983360256203016
16.125	46.5	0.868776824097831	0.801030018184207	0.00175730047296251	46.967926387621	0.985565450650761
16.375	46.5	0.88509452499463	0.800781646043312	0.00163767405770573	46.7703935151948	0.987360397749409
16.625	46.5	0.898421396451312	0.800557392331809	0.00150959256669869	46.5725963452695	0.988826353609644
16.875	46.5	0.909376818408755	0.800357407233862	0.00137862376424334	46.3745873915584	0.990031450024963
17.125	46.5	0.918465554782534	0.800181188855169	0.00124882116306363	46.1764068429781	0.991031211026079
17.375	46.5	0.926091652667332	0.800027723884047	0.00112302837362552	45.9780851251608	0.991870081793407
17.625	46.5	0.932574821614154	0.79989563434421	0.00100315320426084	45.7796450609319	0.992583230377557
17.875	46.5	0.938165977217893	0.799783311198592	0.000890395460725282	45.581103628725	0.993198257493968
18.125	46.5	0.943060666657218	0.79968902534952	0.000785427898891779	45.3824733653181	0.993736673332294
18.375	46.5	0.94741014957118	0.799611013764757	0.00068853637740589	45.1837634727618	0.99421511645283
18.625	46.5	0.951330367566967	0.799547542540603	0.000599727033251808	44.9849806866455	0.994646340432366
18.875	46.5	0.954909174881072	0.799496950483257	0.000518807835894341	44.7861299540763	0.995040009236918
19.125	46.5	0.958212192027161	0.799457677187258	0.000445450596961748	44.5872149600565	0.995403341122988
19.375	46.5	0.961287578544456	0.799428279290807	0.000379238127763309	44.3882385325034	0.99574163363989
19.625	46.5	0.964169947253463	0.799407438022818	0.000319700041725658	44.1892029495618	0.996058694197881
19.875	46.5	0.966883580385353	0.799393960537542	0.000266339773580095	43.9901101679821	0.996357193842389
20.125	46.5	0.969445062896637	0.799386776970946	0.000218654716639361	43.7909619878156	0.99663895691863
20.375	46.5	0.97186541886752	0.799384934678024	0.000176150912758151	43.5917601660947	0.996905196075427
20.625	46.5	0.974151819327523	0.799387590730961	0.000138353409758073	43.3925064901915	0.997156700126028
20.875	46.5	0.976308920053436	0.799394003462439	0.000104813180291605	43.193202819944	0.997393981205878
21.125	46.5	0.978339882439031	0.799403523613235	7.51113375455074e-05	42.9938511062539	0.997617387068294
21.375	46.5	0.980247126969246	0.799415585475926	4.88612617909688e-05	42.7944533926173	0.997827183966617
21.625	46.5	0.98203286563331	0.799429698299771	2.57091524137041e-05	42.5950118049085	0.998023615219664
21.875	46.5	0.983699456018757	0.799445438131671	5.3334336494198e-06	42.3955285337019	0.998206940162063
22.125	46.5	0.985249615610881	0.799462440200344	-1.25566345516669e-05	42.1960058124848	0.998377457717197
22.375	46.5	0.986686530073814	0.799480391902068	-2.82228583574212e-05	41.9964458942947	0.99853551830812
22.625	46.5	0.988013884259477	0.799499026411364	-4.19003038957565e-05	41.7968510286171	0.998681527268542
22.875	46.5	0.989235839667154	0.799518116914656	-5.37996159408827e-05	41.5972234398046	0.998815942363387
23.125	46.5	0.990356977316638	0.799537471447674	-6.41093397176483e-05	41.397565307807	0.99893926750483
23.375	46.5	0.991382220691338	0.799556928304708	-7.29981614847172e-05	41.1978787516488	0.999052044276047
23.625	46.5	0.99231674966923	0.799576351981134	-8.06170135855025e-05	40.9981658158157	0.999154842463615
23.875	46.5	0.993165913234084	0.799595629605366	-8.71010127488447e-05	40.7984284595239	0.999248250455749
24.125	46.5	0.993935146238394	0.799614667815595	-9.25712174670333e-05	40.598668548712	0.999332866086223
24.375	46.5	0.994629893525208	0.799633390035468	-9.71362028528797e-05	40.3988878505195	0.999409288287773
24.625	46.5	0.995255543239724	0.799651734105829	-0.000100893459332992	40.1990880299688	0.99947810975637
24.875	46.5	0.995817370093295	0.799669650230928	-0.000103930626959038	39.9992706485538	0.999539910710262
25.125	46.5	0.996320488603823	0.799687099200576	-0.000106326579770197	39.7994371644401	0.999595253746421
25.375	46.5	0.996769815853198	0.799704050853818	-0.000108152375928057	39.5995889339964	0.999644679743852
25.625	46.5	0.997170043011074	0.799720482752562	-0.000109472089268056	39.3997272143994	0.999688704731218
25.875	46.5	0.997525614721348	0.799736379036637	-0.00011034353718553	39.1998531670815	0.999727817619348
26.125	46.5	0.997840715390604	0.799751729436645	-0.000110818918632616	38.9999678618149	0.999762478692966
26.375	46.5	0.998119261424429	0.799766528421686	-0.000110945374558061	38.8000722812571	0.999793118756687
26.625	46.5	0.998364898503256	0.799780774464411	-0.000110765481695861	38.6001673258047	0.999820138835358
26.875	46.5	0.998581003057462	0.799794469406059	-0.000110317689086239	38.4002538186274	0.999843910336321
27.125	46.5	0.998770687179991	0.799807617908547	-0.000109636705585419	38.2003325107761	0.999864775589799
27.375	46.5	0.998936806296146	0.799820226980768	-0.000108753845172428	38.0004040862772	0.999883048692576
27.625	46.5	0.999081968990037	0.79983230556924	-0.000107697335958288	37.8004691671415	0.999899016588904
27.875	46.5	0.999208548462325	0.7998438642045	-0.000106492597865402	37.6005283182327	0.999912940330856
28.125	46.5	0.999318695163869	0.799854914695176	-0.000105162493072459	37.4005820519509	0.999925056468026
28.375	46.5	0.999414350213483	0.799865469863923	-0.000103727552744559	37.2006308326996	0.999935578523483
28.625	46.5	0.999497259265874	0.79987554331959	-0.000102206182949933	37.0006750811123	0.999944698519246
28.875	46.5	0.999568986548094	0.799885149260584	-0.000100614852236818	36.8007151780244	0.99995258852029
29.125	46.5	0.999630928829668	0.799894302305908	-9.89682628802719e-05	36.6007514681825	0.999959402171263
29.375	46.5	0.999684329133765	0.799903017349815	-9.72795076426744e-05	36.4007842636863	0.999965276204714
29.625	46.5	0.999730290034358	0.799911309437789	-9.55602133621492e-05	36.2008138471683	0.999970331903779
29.875	46.5	0.999769786417909	0.799919193660422	-9.38206728589913e-05	36.0008404747142	0.99997467650597
30.125	46.5	0.99980367761775	0.799926685063621	-9.20699660040829e-05	35.800864378534	0.999978404537953
30.375	46.5	0.999832718855346	0.799933798572594	-9.03160710655786e-05	35.6008857693945	0.999981599074088
30.625	46.5	0.999857571945313	0.799940548928342	-8.85659670909047e-05	35.4009048388253	0.999984332913984
30.875	46.5	0.999878815240613	0.799946950634729	-8.68257280185197e-05	35.2009217611128	0.999986669676467
31.125	46.5	0.999896952810782	0.799953017915028	-8.51006092054862e-05	35.0009366950949	0.999988664809186
31.375	46.5	0.999912422859846	0.79995876467667	-8.33951269466342e-05	34.8009497857738	0.999990366514583
31.625	46.5	0.99992560540185	0.799964204483154	-8.17131315120503e-05	34.6009611657579	0.999991816594204
31.875	46.5	0.999936829220775	0.799969350532055	-8.00578740892451e-05	34.4009709565511	0.999993051214285
32.125	46.5	0.999946378148463	0.799974215638568	-7.84320682491245e-05	34.2009792697	0.999994101596331
32.375	46.5	0.99995449669919	0.799978812223773	-7.68379461336273e-05	34.0009862078147	0.999994994636911
32.625	46.5	0.999961395102794	0.799983152306539	-7.52773099041611e-05	33.800991865475	0.999995753461307
32.875	46.5	0.999967253780266	0.799987247499362	-7.37515787128595e-05	33.600996330033	0.999996397915829
33.125	46.5	0.999972227306442	0.79999110900675	-7.22618315199119e-05	33.4009996823249	0.999996945003709
33.375	46.5	0.999976447904201	0.79999474762637	-7.08088461445335e-05	33.2010019973005	0.999997409269462
33.625	46.5	0.9999800285136	0.799998173752018	-6.93931346971402e-05	33.0010033445801	0.999997803136496
33.875	46.5	0.999983065477696	0.800001397378732	-6.80149758170001e-05	32.8010037889478	0.999998137202546
34.125	46.5	0.999985640884753	0.800004428108907	-6.66744438801229e-05	32.6010033907879	0.999998420497323
34.375	46.5	0.999987824604023	0.800007275160048	-6.5371435368976e-05	32.4010022064717	0.999998660706442
34.625	46.5	0.999989676049772	0.800009947373021	-6.41056927275654e-05	32.2010002887009	0.999998864365475
34.875	46.5	0.999991245705371	0.800012453221647	-6.28768258971089e-05	32.0009976868122	0.999999037027591
35.125	46.5	0.999992576436543	0.800014800822229	-6.16843316096603e-05	31.8009944470493	0.99999918340802
35.375	46.5	0.999993704620134	0.800016997944152	-6.05276107739209e-05	31.600990612805	0.999999307508215
35.625	46.5	0.999994661112078	0.800019052020362	-5.94059840056344e-05	31.4009862248376	0.999999412722329
35.875	46.5	0.999995472075733	0.800020970158209	-5.83187055331456e-05	31.2009813214659	0.999999501928331
36.125	46.5	0.999996159689402	0.800022759150509	-5.72649755818762e-05	31.0009759387434	0.999999577565834
36.375	46.5	0.999996742749632	0.800024425486405	-5.62439513924174e-05	30.8009701106167	0.999999641702459
36.625	46.5	0.999997237184859	0.800025975362393	-5.52547569554471e-05	30.6009638690678	0.999999696090334
36.875	46.5	0.999997656492205	0.800027414693225	-5.42964916834278e-05	30.400957244244	0.999999742214143
37.125	46.5	0.999998012108445	0.800028749122601	-5.33682379804157e-05	30.2009502645761	0.999999781331929
37.375	46.5	0.999998313724823	0.800029984033758	-5.24690679205041e-05	30.0009429568865	0.999999814509731
37.625	46.5	0.999998569553985	0.800031124559825	-5.159804909619e-05	29.800935346488	0.999999842650938
37.875	46.5	0.999998786556193	0.800032175593959	-5.075424966033e-05	29.6009274572748	0.999999866521181
38.125	46.5	0.999998970630935	0.800033141799251	-4.99367427514314e-05	29.4009193118071	0.999999886769403
38.375	46.5	0.999999126779171	0.800034027618326	-4.91446102572622e-05	29.2009109313879	0.999999903945709
38.625	46.5	0.999999259240696	0.800034837282671	-4.83769460511087e-05	29.000902336136	0.999999918516477
38.875	46.5	0.999999371610422	0.800035574821737	-4.76328587103217e-05	28.8008935450523	0.999999930877146
39.125	46.5	0.999999466936815	0.80003624407164	-4.69114738503264e-05	28.6008845760824	0.99999994136305
39.375	46.5	0.999999547805223	0.800036848683702	-4.62119360100638e-05	28.4008754461752	0.999999950258575
39.625	46.5	0.999999616408448	0.800037392132599	-4.55334102117191e-05	28.200866171337	0.999999957804929
39.875	46.5	0.999999674606498	0.800037877724208	-4.48750832110596e-05	28.0008567666826	0.999999964206715
40.125	46.5	0.999999723977194	0.800038308603284	-4.42361644864538e-05	27.8008472464835	0.999999969637491
40.375	46.5	0.999999765859062	0.800038687760696	-4.3615886954976e-05	27.600837624213	0.999999974244497
40.625	46.5	0.999999801387664	0.800039018040426	-4.30135075159101e-05	27.4008279125881	0.999999978152643
40.875	46.5	0.999999831526407	0.800039302146402	-4.24283073685922e-05	27.20081812361	0.999999981467905
41.125	46.5	0.999999857092655	0.800039542648942	-4.18595922029541e-05	27.0008082686016	0.999999984280192
41.375	46.5	0.99999987877987	0.800039741990851	-4.13066922212513e-05	26.8007983582429	0.999999986665786
41.625	46.5	0.999999897176392	0.800039902493515	-4.07689620559348e-05	26.6007884026048	0.999999988689403
41.875	46.5	0.999999912781372	0.800040026362514	-4.02457805714497e-05	26.4007784111807	0.999999990405951
42.125	46.5	0.999999926018285	0.800040115693145	-3.97365505833552e-05	26.2007683929168	0.999999991862011
42.375	46.5	0.9999999372464	0.800040172475486	-3.92406985005721e-05	26.0007583562403	0.999999993097104
42.625	46.5	0.999999946770502	0.800040198599602	-3.8757673879365e-05	25.8007483090865	0.999999994144755
42.875	46.5	0.999999954849157	0.800040195860101	-3.82869489780498e-05	25.6007382589241	0.999999995033407
43.125	46.5	0.999999961701707	0.800040165960865	-3.78280182147274e-05	25.4007282127796	0.999999995787188
43.375	46.5	0.999999967514222	0.800040110519306	-3.7380397602792e-05	25.2007181772604	0.999999996426564
43.625	46.5	0.999999972444542	0.800040031070517	-3.69436241865902e-05	25.000708158576	0.9999999969689
43.875	46.5	0.999999976626556	0.800039929071295	-3.65172554106795e-05	24.8006981625592	0.999999997428921
44.125	46.5	0.999999980173841	0.800039805903897	-3.6100868517506e-05	24.6006881946854	0.999999997819123
44.375	46.5	0.999999983182733	0.800039662879627	-3.5694059907789e-05	24.400678260091	0.999999998150101
44.625	46.5	0.99999998573495	0.800039501242342	-3.52964444886197e-05	24.2006683635916	0.999999998430845
44.875	46.5	0.999999987899809	0.800039322171641	-3.49076550527501e-05	24.0006585096983	0.999999998668979
45.125	46.5	0.999999989736096	0.800039126786145	-3.4527341621257e-05	23.8006487026337	0.999999998870971
45.375	46.5	0.999999991293686	0.800038916146279	-3.41551708231192e-05	23.6006389463468	0.999999999042305
45.625	46.5	0.999999992614879	0.800038691257291	-3.37908252565805e-05	23.4006292445281	0.999999999187637
45.875	46.5	0.999999993735556	0.800038453071873	-3.34340028569371e-05	23.200619600622	0.999999999310911
46.125	46.5	0.999999994686147	0.800038202492782	-3.30844163183901e-05	23.000610017841	0.999999999415476
46.375	46.5	0.999999995492469	0.800037940375224	-3.27417924677047e-05	22.800600499177	0.999999999504172
46.625	46.5	0.999999996176419	0.800037667529294	-3.24058716859583e-05	22.6005910474134	0.999999999579406
46.875	46.5	0.999999996756569	0.800037384722131	-3.20764073402378e-05	22.4005816651364	0.999999999643223
47.125	46.5	0.999999997248671	0.800037092680064	-3.17531652287459e-05	22.2005723547449	0.999999999697354
47.375	46.5	0.999999997666089	0.800036792090601	-3.14359230391369e-05	22.0005631184612	0.99999999974327
47.625	46.5	0.999999998020159	0.800036483604429	-3.11244698175627e-05	21.80055395834	0.999999999782218
47.875	46.5	0.999999998320494	0.800036167837135	-3.0818605472217e-05	21.6005448762776	0.999999999815254
48.125	46.5	0.999999998575246	0.800035845371044	-3.0518140267691e-05	21.4005358740206	0.999999999843277
48.375	46.5	0.999999998791333	0.800035516756774	-3.02228943560563e-05	21.2005269531736	0.999999999867047
48.625	46.5	0.999999998974628	0.800035182514907	-2.99326973308692e-05	21.0005181152078	0.999999999887209
48.875	46.5	0.999999999130105	0.800034843137428	-2.96473877546615e-05	20.8005093614672	0.999999999904312
49.125	46.5	0.999999999261988	0.800034499089165	-2.93668127657157e-05	20.6005006931766	0.999999999918819
49.375	46.5	0.999999999373854	0.800034150809124	-2.90908276459946e-05	20.4004921114477	0.999999999931124
49.625	46.5	0.999999999468743	0.800033798711842	-2.88192954375172e-05	20.2004836172854	0.999999999941562
49.875	46.5	0.99999999954923	0.800033443188533	-2.85520865590769e-05	20.0004752115941	0.999999999950415
50.125	46.5	0.999999999617502	0.800033084608288	-2.8289078447903e-05	19.800466895183	0.999999999957925
50.375	46.5	0.999999999675413	0.800032723319188	-2.8030155211294e-05	19.6004586687717	0.999999999964295
50.625	46.5	0.999999999724536	0.800032359649347	-2.77752072837309e-05	19.4004505329954	0.999999999969699
50.875	46.5	0.999999999766202	0.800031993907934	-2.75241311256984e-05	19.2004424884097	0.999999999974282
51.125	46.5	0.999999999801544	0.800031626386109	-2.7276828903644e-05	19.000434535495	0.99999999997817
51.375	46.5	0.999999999831523	0.800031257357879	-2.70332081953342e-05	18.8004266746611	0.999999999981468
51.625	46.5	0.999999999856952	0.800030887081075	-2.67931817325878e-05	18.6004189062517	0.999999999984265
51.875	46.5	0.99999999987852	0.800030515798076	-2.65566671026167e-05	18.4004112305475	0.999999999986637
52.125	46.5	0.999999999896815	0.800030143736593	-2.63235865236396e-05	18.2004036477709	0.99999999998865
52.375	46.5	0.999999999912334	0.800029771110461	-2.60938665886813e-05	18.0003961580888	0.999999999990357
52.625	46.5	0.999999999925498	0.800029398120283	-2.5867438022591e-05	17.8003887616166	0.999999999991805
52.875	46.5	0.999999999936665	0.80002902495416	-2.56442354883581e-05	17.6003814584211	0.999999999993033
53.125	46.5	0.999999999946137	0.800028651788238	-2.54241973516638e-05	17.4003742485233	0.999999999994075
53.375	46.5	0.999999999954168	0.800028278787411	-2.52072654962852e-05	17.200367131902	0.999999999994958
53.625	46.5	0.999999999960983	0.800027906105812	-2.49933851293197e-05	17.000360108496	0.999999999995708
53.875	46.5	0.999999999966761	0.80002753388741	-2.47825045886228e-05	16.8003531782067	0.999999999996344
54.125	46.5	0.999999999971665	0.800027162266508	-2.45745751919956e-05	16.6003463409011	0.999999999996883
54.375	46.5	0.999999999975826	0.800026791368213	-2.43695510668432e-05	16.4003395964134	0.999999999997341
54.625	46.5	0.999999999979354	0.80002642130895	-2.41673889704741e-05	16.2003329445479	0.999999999997729
54.875	46.5	0.999999999982346	0.800026052196902	-2.39680481766857e-05	16.0003263850808	0.999999999998058
55.125	46.5	0.999999999984882	0.800025684132347	-2.37714903129171e-05	15.8003199177621	0.999999999998337
55.375	46.5	0.999999999987034	0.800025317208178	-2.35776792406153e-05	15.600313542318	0.999999999998574
55.625	46.5	0.99999999998886	0.80002495151022	-2.33865809173966e-05	15.4003072584521	0.999999999998775
55.875	46.5	0.999999999990408	0.800024587117584	-2.31981632816208e-05	15.2003010658475	0.999999999998945
56.125	46.5	0.999999999991722	0.800024224103043	-2.30123961426196e-05	15.0002949641683	0.99999999999909
56.375	46.5	0.999999999992837	0.800023862533338	-2.28292510658654e-05	14.8002889530613	0.999999999999212
56.625	46.5	0.999999999993783	0.800023502469502	-2.26487012788688e-05	14.6002830321572	0.999999999999316
56.875	46.5	0.999999999994585	0.800023143967136	-2.2470721566495e-05	14.4002772010721	0.999999999999404
57.125	46.5	0.999999999995265	0.800022787076707	-2.2295288181842e-05	14.2002714594091	0.999999999999479
57.375	46.5	0.999999999995844	0.800022431843796	-2.21223787653821e-05	14.0002658067591	0.999999999999543
57.625	46.5	0.999999999996334	0.800022078309372	-2.1951972257742e-05	13.8002602427023	0.999999999999597
57.875	46.5	0.99999999999675	0.800021726510021	-2.17840488194827e-05	13.6002547668091	0.999999999999643
58.125	46.5	0.999999999997104	0.800021376478168	-2.16185897662572e-05	13.4002493786413	0.999999999999681
58.375	46.5	0.999999999997404	0.800021028242307	-2.1455577491983e-05	13.2002440777533	0.999999999999714
58.625	46.5	0.999999999997659	0.800020681827173	-2.1294995405841e-05	13.0002388636927	0.999999999999743
58.875	46.5	0.999999999997875	0.80002033725401	-2.11368278758924e-05	12.8002337360012	0.999999999999766
59.125	46.5	0.999999999998061	0.800019994540659	-2.09810601594873e-05	12.6002286942161	0.999999999999787
59.375	46.5	0.999999999998218	0.800019653701814	-2.08276783604793e-05	12.4002237378701	0.999999999999804
59.625	46.5	0.999999999998351	0.800019314749156	-2.06766693718404e-05	12.2002188664929	0.999999999999819
59.875	46.5	0.999999999998463	0.800018977691502	-2.05280208226149e-05	12.0002140796116	0.999999999999831
60.125	46.5	0.999999999998558	0.800018642534977	-2.03817210404654e-05	11.8002093767516	0.999999999999841
60.375	46.5	0.999999999998638	0.800018309283155	-2.0237759002082e-05	11.6002047574368	0.99999999999985
60.625	46.5	0.999999999998705	0.800017977937172	-2.00961242969122e-05	11.4002002211906	0.999999999999858
60.875	46.5	0.999999999998762	0.800017648495876	-1.99568070851239e-05	11.2001957675366	0.999999999999864
61.125	46.5	0.99999999999881	0.800017320955959	-1.98197980607e-05	11.0001913959988	0.999999999999869
61.375	46.5	0.999999999998851	0.800016995312039	-1.96850884226727e-05	10.8001871061022	0.999999999999874
61.625	46.5	0.999999999998887	0.800016671556789	-1.955266983887e-05	10.6001828973737	0.999999999999878
61.875	46.5	0.999999999998917	0.80001634968106	-1.94225344190499e-05	10.400178769342	0.999999999999881
62.125	46.5	0.999999999998943	0.800016029673945	-1.92946746797846e-05	10.2001747215383	0.999999999999884
62.375	46.5	0.999999999998964	0.800015711522906	-1.91690835296584e-05	10.000170753497	0.999999999999886
62.625	46.5	0.999999999998981	0.800015395213835	-1.90457542351682e-05	9.80016686475561	0.999999999999888
62.875	46.5	0.999999999998994	0.800015080731155	-1.89246803998094e-05	9.60016305485534	0.999999999999889
63.125	46.5	0.999999999999002	0.800014768057898	-1.88058559448338e-05	9.40015932334159	0.99999999999989
63.375	46.5	0.99999999999901	0.800014457175783	-1.86892750870929e-05	9.20015566976412	0.999999999999891
63.625	46.5	0.999999999999017	0.800014148065285	-1.85749323194019e-05	9.00015209367741	0.999999999999892
63.875	46.5	0.999999999999027	0.800013840705711	-1.84628223940257e-05	8.80014859464098	0.999999999999893
64.125	46.5	0.999999999999042	0.800013535075247	-1.83529403036232e-05	8.60014517221967	0.999999999999895
64.375	46.5	0.999999999999061	0.800013231151041	-1.82452812719265e-05	8.4001418259839	0.999999999999897
64.625	46.5	0.999999999999076	0.800012928909267	-1.81398407328447e-05	8.20013855550994	0.999999999999898
64.875	46.5	0.999999999999075	0.80001262832514	-1.80366143155527e-05	8.00013536038011	0.999999999999898
65.125	46.5	0.999999999999045	0.80001232937302	-1.79355978421895e-05	7.80013224018307	0.999999999999895
65.375	46.5	0.999999999998982	0.800012032026427	-1.78367873052324e-05	7.60012919451397	0.999999999999888
65.625	46.5	0.999999999998911	0.80001173625811	-1.77401788608499e-05	7.40012622297468	0.99999999999988
65.875	46.5	0.999999999998897	0.800011442040077	-1.76457688202861e-05	7.20012332517401	0.999999999999879
66.125	46.5	0.999999999999041	0.800011149343654	-1.75535536378014e-05	7.0001205007278	0.999999999999894
66.375	46.5	0.999999999999428	0.800010858139506	-1.74635299013933e-05	6.80011774925919	0.999999999999937
66.625	46.5	1.00000000000003	0.800010568397686	-1.73756943285798e-05	6.60011507039869	1
66.875	46.5	1.00000000000055	0.800010280087688	-1.72900437560844e-05	6.4001124637844	1.00000000000006
67.125	46.5	1.00000000000034	0.800009993178457	-1.72065751325533e-05	6.20010992906211	1.00000000000004
67.375	46.5	0.999999999998483	0.800009707638461	-1.71252855170451e-05	6.00010746588545	0.999999999999833
67.625	46.5	0.999999999994231	0.800009423435684	-1.7046172065308e-05	5.80010507391603	0.999999999999365
67.875	46.5	0.999999999987966	0.800009140537693	-1.69692320273623e-05	5.60010275282352	0.999999999998676
68.125	46.5	0.999999999982477	0.800008858911632	-1.68944627365254e-05	5.40010050228572	0.999999999998072
68.375	46.5	0.999999999983957	0.800008578524226	-1.68218615996909e-05	5.2000983219886	0.999999999998235
68.625	46.5	1.00000000000146	0.800008299341777	-1.67514260901636e-05	5.00009621162633	1.00000000000016
68.875	46.5	1.00000000004315	0.800008021330145	-1.66831537425248e-05	4.80009417090133	1.00000000000475
69.125	46.5	1.00000000010816	0.800007744454822	-1.66170421578929e-05	4.60009219952447	1.0000000000119
69.375	46.5	1.00000000017461	0.80000746868101	-1.65530890185669e-05	4.40009029721547	1.00000000001921
69.625	46.5	1.00000000018873	0.800007193973912	-1.64912921191488e-05	4.20008846370354	1.00000000002076
69.875	46.5	1.00000000006493	0.800006920299052	-1.64316493939995e-05	4.00008669872817	1.00000000000714
70.125	46.5	0.999999999711742	0.800006647622584	-1.63741589350679e-05	3.80008500203959	0.999999999968292
70.375	46.5	0.999999999097243	0.800006375911348	-1.63188189515112e-05	3.60008337339821	0.999999999900697
70.625	46.5	0.999999998354382	0.800006105132213	-1.62656276454925e-05	3.40008181257225	0.999999999818982
70.875	46.5	0.999999997896516	0.800005835250425	-1.6214582976618e-05	3.20008031933284	0.999999999768617
71.125	46.5	0.999999998466701	0.800005566226892	-1.61656823506813e-05	3.00007889344738	0.999999999831337
71.375	46.5	1.00000000099687	0.800005298015199	-1.61189223621406e-05	2.80007753467384	1.00000000010966
71.625	46.5	1.00000000613911	0.800005030560198	-1.6074298829218e-05	2.60007624276183	1.0000000006753
71.875	46.5	1.00000001340429	0.800004763801313	-1.60318074623583e-05	2.4000750174682	1.00000000147447
72.125	46.5	1.00000002005696	0.800004497684007	-1.59914454452619e-05	2.20007385859437	1.00000000220627
72.375	46.5	1.00000002028782	0.800004232181118	-1.59532139007351e-05	2.0000727660448	1.00000000223166
72.625	46.5	1.00000000563496	0.800003967320584	-1.59171205297823e-05	1.8000717398901	1.00000000061985
72.875	46.5	0.999999967917461	0.800003703206988	-1.58831807221238e-05	1.60007078039312	0.999999996470921
73.125	46.5	0.999999905665573	0.800003440013317	-1.58514144337958e-05	1.40006988793209	0.999999989623213
73.375	46.5	0.999999833677038	0.800003177911982	-1.58218358879081e-05	1.20006906274805	0.999999981704474
73.625	46.5	0.999999792563279	0.800002916920412	-1.57944347455349e-05	1.00006830448193	0.999999977181961
73.875	46.5	0.999999851255039	0.800002656668594	-1.57691519300532e-05	0.80006761157912	0.999999983638054
74.125	46.5	1.00000009187289	0.800002396162051	-1.5745861119156e-05	0.600066980832609	1.00000001010602
74.375	46.5	1.00000056614511	0.800002133645207	-1.57243763683902e-05	0.400066407571706	1.00000006227596
74.625	46.5	1.0000012199529	0.800001677161142	-1.57045136941132e-05	0.200065887191222	1.00000013419482
74.875	46.5	1.00000180159043	0.400002152242435	-1.5690035651699e-05	6.55136290799046e-05	1.00000019817495
0.125	47.5	4.48849098926362e-07	0.399988232997251	0.000225964192018957	58.5932744338127	0.890000049373401
0.375	47.5	-4.99493285006737e-06	0.799964985283918	0.000225335109201337	58.415279660254	0.889999450557386
0.625	47.5	-1.70301291196682e-05	0.799941712555944	0.000224062239193089	58.2372902351272	0.889998126685797
0.875	47.5	-3.65439736605002e-05	0.799918329953816	0.000222108510370156	58.0593063474352	0.889995980162897
1.125	47.5	-6.31629701035885e-05	0.799894854373724	0.000219423576900071	57.881328186065	0.889993052073289
1.375	47.5	-9.43025462425134e-05	0.799871270623753	0.00021594398250616	57.7033559160398	0.889989626719913
1.625	47.5	-0.000124265664284636	0.799847563835547	0.000211594929521244	57.5253896192763	0.889986330776929
1.875	47.5	-0.000143470713728839	0.799823717535673	0.000206292572067142	57.3474292167739	0.88998421822149
2.125	47.5	-0.000137919110641285	0.799799711842643	0.000199946638712181	57.1694743762858	0.889984828897829
2.375	47.5	-8.90104639780134e-05	0.799775522405665	0.000192463126282056	56.9915244119169	0.889990208848962
2.625	47.5	2.6213369730051e-05	0.79975112053757	0.000183746750677687	56.8135781841672	0.89000288347067
2.875	47.5	0.000234357704327463	0.799726474812506	0.000173702808110168	56.6356340102378	0.890025779347476
3.125	47.5	0.000564513528913637	0.799701554192649	0.000162238099652184	56.4576895946508	0.89006209648818
3.375	47.5	0.00104671516255142	0.799676332551984	0.000149260603323876	56.2797419892804	0.890115138667881
3.625	47.5	0.00171013460223154	0.799650794299108	0.000134677635688216	56.1017875898178	0.890188114806245
3.875	47.5	0.00258116392405532	0.799624940702245	0.000118392323985484	55.9238221727256	0.890283928031646
4.125	47.5	0.00368155299809139	0.799598796490684	0.000100298301988439	55.7458409732219	0.89040497082979
4.375	47.5	0.00502676639426998	0.799572416352288	8.02726455389837e-05	55.5678388011766	0.89055294430337
4.625	47.5	0.00662470208925678	0.799545891047211	5.81671774143966e-05	55.3898101884211	0.890728717229818
4.875	47.5	0.00847487906714705	0.799519352998103	3.37983987667422e-05	55.2117495582084	0.890932236697386
5.125	47.5	0.0105681562760585	0.799492981370663	6.93645093158461e-06	55.0336514056766	0.891162497190366
5.375	47.5	0.0128869975380097	0.799467006803363	-2.27063203811464e-05	54.8555104773054	0.891417569729181
5.625	47.5	0.0154062518450345	0.799441716065568	-5.54864390291843e-05	54.6773219375131	0.891694687702954
5.875	47.5	0.0180943813821148	0.799417456995159	-9.18390538029456e-05	54.4990815116106	0.891990381952033
6.125	47.5	0.0209150448363714	0.799394644079615	-0.00013228522909533	54.3207855960871	0.892300654932001
6.375	47.5	0.0238289336565346	0.7993737649848	-0.000177435466226631	54.1424313293549	0.892621182702219
6.625	47.5	0.0267957643945647	0.799355388203147	-0.000227988051192501	53.9640166183001	0.892947534083402
6.875	47.5	0.0297763492616637	0.799340171790057	-0.000284720806480381	53.7855401179516	0.893275398418783
7.125	47.5	0.0327346955773843	0.799328872905104	-0.000348474904966469	53.6070011630579	0.893600816513512
7.375	47.5	0.0356401173587228	0.799322357596234	-0.00042012957887651	53.4283996511769	0.89392041290946
7.625	47.5	0.0384693729015477	0.799321609985098	-0.000500566802270126	53.2497358770525	0.89423163101917
7.875	47.5	0.0412088658116175	0.799327739757374	-0.000590625285486312	53.0710103176426	0.894532975239278
8.125	47.5	0.0438569608796144	0.799341986625453	-0.000691043311187566	52.8922233664017	0.894824265696758
8.375	47.5	0.0464264713141681	0.799365720194698	-0.000802389955205799	52.7133750144976	0.895106911844558
8.625	47.5	0.0489473749453095	0.799400433360042	-0.000924983955064531	52.534464475748	0.895384211243984
8.875	47.5	0.051469822328479	0.799447726898866	-0.00105879881417137	52.3554897512156	0.895661680456133
9.125	47.5	0.0540675193084166	0.799509282179757	-0.00120335161531859	52.1764471284555	0.895947427123926
9.375	47.5	0.0568416097913209	0.799586817754798	-0.00135757152583167	51.9973306090122	0.896252577077045
9.625	47.5	0.0599252558612816	0.79968202393355	-0.00151964236150512	51.8181312554115	0.896591778144741
9.875	47.5	0.0634892069982131	0.799796467205496	-0.0016868123889745	51.6388364450773	0.896983812769803
10.125	47.5	0.0677487466588225	0.799931453673147	-0.00185516481172164	51.459429013073	0.89745236213247
10.375	47.5	0.0729724554181531	0.800087837796126	-0.00201934583439985	51.279886258713	0.898026970095997
10.625	47.5	0.0794931475337857	0.800265760480183	-0.00217225655775864	51.1001787846356	0.898744246228716
10.875	47.5	0.0877209751078899	0.800464300398948	-0.0023047341551642	50.9202691348251	0.899649307261868
11.125	47.5	0.0981578246539391	0.80068102731023	-0.00240528174677094	50.7401102079182	0.900797360711933
11.375	47.5	0.111410446165589	0.800911461208585	-0.00245995958624968	50.5596434566907	0.902255149078215
11.625	47.5	0.128196923912684	0.801148475012204	-0.00245262244348699	50.3787969629534	0.904101661630395
11.875	47.5	0.149336986486989	0.801381743221087	-0.00236576585851214	50.1974836229044	0.906427068513569
12.125	47.5	0.175711840938193	0.801597446021593	-0.00218228651961026	50.0155999107672	0.909328302503201
12.375	47.5	0.208175901807006	0.801778581935339	-0.00188838886866315	49.8330260004098	0.912899349198771
12.625	47.5	0.24740576159172	0.801906361527814	-0.00147757096379584	49.6496283378867	0.917214633775089
12.875	47.5	0.293688048189623	0.801963084843468	-0.00095502861536883	49.4652658754975	0.922305685300859
13.125	47.5	0.346682307947128	0.801936395002919	-0.000341051134092621	49.2798007815516	0.928135053874184
13.375	47.5	0.405240288873688	0.801823754236251	0.000328499782417375	49.093113235847	0.934576431776106
13.625	47.5	0.467389679098596	0.801634929726518	0.00100607540872773	48.9051179899155	0.941412864700846
13.875	47.5	0.530557346610863	0.801390420936559	0.00164045541725362	48.7157785179638	0.948361308127195
14.125	47.5	0.59200311645864	0.801115845599829	0.00218650005162482	48.5251141558896	0.95512034281045
14.375	47.5	0.64931698286594	0.800835014495597	0.00261312434211055	48.3331974973561	0.961424868115253
14.625	47.5	0.700793191196745	0.800565180943586	0.00290685208737334	48.1401428067236	0.967087251031642
14.875	47.5	0.745568633578589	0.80031601723493	0.00307054574015365	47.9460893072302	0.972012549693645
15.125	47.5	0.783537330714604	0.800091336352607	0.00311890642775413	47.7511842004148	0.976189106378606
15.375	47.5	0.815136641838121	0.799891598371359	0.00307301268032076	47.5555690838287	0.979665030602193
15.625	47.5	0.841110102616432	0.799715854660752	0.00295563077621609	47.3593712867411	0.982522111287808
15.875	47.5	0.862313631489456	0.799562785494627	0.00278805556220286	47.1626998287763	0.98485449946384
16.125	47.5	0.879587393096879	0.799431066399005	0.00258846488563055	46.9656447832139	0.986754613240657
16.375	47.5	0.893686987396768	0.799319406138867	0.00237139809872313	46.7682786823282	0.988305568613644
16.625	47.5	0.905256742859736	0.799226490588384	0.00214791063579697	46.570658873039	0.989578241714571
16.875	47.5	0.914828008686283	0.799150938227859	0.00192605024140733	46.3728301096018	0.990631080955491
17.125	47.5	0.922829758402501	0.799091293102853	0.00171142771747599	46.1748269940635	0.991511273424275
17.375	47.5	0.929603621338893	0.79904604743086	0.00150776055549209	45.9766760967131	0.992256398347278
17.625	47.5	0.935419138230537	0.799013678593448	0.0013173378671055	45.778397717408	0.992896105205359
17.875	47.5	0.940487387494469	0.798992688188381	0.00114139466821623	45.5800073118842	0.993453612624392
18.125	47.5	0.944972435120011	0.798981635918674	0.000980402575075105	45.3815166310476	0.993946967863201
18.375	47.5	0.949000686565252	0.798979165268589	0.000834290912760387	45.182934624593	0.994390075522178
18.625	47.5	0.952668454231492	0.798984020553207	0.000702613017695006	44.9842681547087	0.994793529965464
18.875	47.5	0.956048091979788	0.798995056295465	0.000584670664108225	44.7855225574025	0.995165290117777
19.125	47.5	0.9591930024596	0.799011240423295	0.000479606933815357	44.5867020811122	0.995511230270556
19.375	47.5	0.962141753998352	0.799031652848341	0.00038647535637308	44.387810225828	0.995835592939819
19.625	47.5	0.964921479428403	0.79905548082791	0.000304291098473825	44.188850001117	0.996141362737124
19.875	47.5	0.967550679598117	0.799082012262375	0.000232068431664186	43.9898241179399	0.996430574755793
20.125	47.5	0.97004152053001	0.799110627821236	0.000168847594585557	43.7907351266367	0.996704567258301
20.375	47.5	0.972401692471083	0.799140792555006	0.000113713390099535	43.5915855115887	0.996964186171819
20.625	47.5	0.974635887561516	0.799172047454374	6.58073232675685e-05	43.3923777515877	0.997209947631767
20.875	47.5	0.976746946880349	0.799204001263765	2.43347138073823e-05	43.1931143536858	0.997442164156838
21.125	47.5	0.978736724391229	0.799236322740628	-1.14320532570172e-05	42.9937978671668	0.997661039683035
21.375	47.5	0.980606712919133	0.799268733469609	-4.21531806554404e-05	42.7944308832258	0.997866738421105
21.625	47.5	0.982358474659099	0.799301001281189	-6.84232253630594e-05	42.5950160249593	0.998059432212501
21.875	47.5	0.983993915402895	0.799332934287496	-9.07743305676006e-05	42.3955559313585	0.998239330694318
22.125	47.5	0.985515437635213	0.7993643755229	-0.000109680400462322	42.1960532381804	0.998406698139873
22.375	47.5	0.986926003095847	0.799395198161825	-0.000125561805374831	41.9965105578521	0.998561860340543
22.625	47.5	0.988229130620106	0.799425301277515	-0.000138790301137824	41.7969304599485	0.998705204368212
22.875	47.5	0.989428850348328	0.799454606101481	-0.000149693929237143	41.5973154532855	0.998837173538316
23.125	47.5	0.990529630976994	0.799483052741114	-0.000158561733624385	41.3976679702595	0.998958259407469
23.375	47.5	0.991536292774967	0.799510597313031	-0.000165648186371317	41.1979903537638	0.999068992205246
23.625	47.5	0.992453915700462	0.799537209450259	-0.000171177258645477	40.9982848467745	0.999169930727051
23.875	47.5	0.993287749155038	0.799562870144147	-0.000175346107510842	40.7985535845442	0.999261652407054
24.125	47.5	0.994043127678763	0.799587569882709	-0.000178328373415798	40.5987985892312	0.999344744044664
24.375	47.5	0.99472539517307	0.799611307050444	-0.000180277100696413	40.3990217667279	0.999419793469038
24.625	47.5	0.995339838963695	0.799634086557796	-0.000181327304143028	40.1992249054219	0.999487382286006
24.875	47.5	0.99589163410868	0.799655918670147	-0.000181598211370604	39.9994096766103	0.999548079751955
25.125	47.5	0.996385797740819	0.79967681801022	-0.000181195213539386	39.7995776362978	0.99960243775149
25.375	47.5	0.996827152842292	0.799696802709717	-0.000180211557477827	39.5997302281205	0.999650986812652
25.625	47.5	0.997220300623149	0.799715893689624	-0.000178729811267398	39.3998687871643	0.999694233068546
25.875	47.5	0.997569600567142	0.79973411405045	-0.000176823132931804	39.1999945444673	0.999732656062386
26.125	47.5	0.997879157180556	0.799751488556501	-0.000174556369268094	39.0001086320246	0.999766707289861
26.375	47.5	0.998152812503882	0.799768043200163	-0.000171987009076574	38.800212088135	0.999796809375427
26.625	47.5	0.998394143501378	0.799783804834403	-0.000169166011570829	38.6003058629563	0.999823355785152
26.875	47.5	0.998606463515474	0.799798800863526	-0.00016613852855811	38.4003908241544	0.999846710986702
27.125	47.5	0.998792827051979	0.799813058982715	-0.000162944535808732	38.2004677625523	0.999867210975718
27.375	47.5	0.998956037241461	0.799826606960465	-0.000159619387140089	38.0005373977018	0.999885164096561
27.625	47.5	0.999098655399158	0.799839472456145	-0.000156194302392316	37.8006003833161	0.999900852093907
27.875	47.5	0.999223012177524	0.79985168286864	-0.000152696798788104	37.6006573125144	0.999914531339528
28.125	47.5	0.999331219872011	0.799863265210927	-0.000149151073803518	37.4007087228417	0.999926434185921
28.375	47.5	0.999425185501118	0.799874246007479	-0.00014557834608913	37.2007551010366	0.999936770405123
28.625	47.5	0.999506624336718	0.799884651210547	-0.00014199716013481	37.0007968875293	0.999945728677039
28.875	47.5	0.999577073610471	0.799894506133547	-0.000138423659374453	36.8008344806571	0.999953478097152
29.125	47.5	0.999637906166855	0.799903835398342	-0.000134871831681138	36.6008682405939	0.999960169678354
29.375	47.5	0.999690343873925	0.799912662895355	-0.000131353730512239	36.4008984929931	0.999965937826132
29.625	47.5	0.999735470639129	0.799921011753854	-0.000127879674671191	36.2009255323475	0.999970901770304
29.875	47.5	0.99977424490998	0.799928904321705	-0.000124458428861737	36.0009496250754	0.999975166940098
30.125	47.5	0.99980751156822	0.799936362153197	-0.000121097367204125	35.8009710123418	0.999978826272504
30.375	47.5	0.999836013151544	0.799943406003115	-0.000117802621458394	35.6009899126274	0.99998196144667
30.625	47.5	0.999860400359215	0.799950055827064	-0.000114579215353807	35.4010065240597	0.999984644039514
30.875	47.5	0.999881241817012	0.799956330786642	-0.0001114311864877	35.2010210265205	0.999986936599871
31.125	47.5	0.999899033093267	0.799962249258427	-0.000108361696827839	35.0010335835444	0.999988893640259
31.375	47.5	0.999914204971487	0.799967828846751	-0.000105373132884171	34.801044344026	0.999990562546864
31.625	47.5	0.999927130996113	0.799973086399238	-0.000102467196485641	34.6010534437481	0.999991984409572
31.875	47.5	0.999938134316891	0.79997803802453	-9.96449869325185e-05	34.4010610067494	0.999993194774858
32.125	47.5	0.999947493864257	0.79998269911215	-9.69070752798801e-05	34.2010671465431	0.999994224325068
32.375	47.5	0.999955449893034	0.799987084353262	-9.42535714762188e-05	34.0010719672024	0.999995099488234
32.625	47.5	0.999962208935293	0.799991207763088	-9.16841848345627e-05	33.8010755643256	0.999995842982882
32.875	47.5	0.999967948205081	0.799995082703882	-8.91982785884816e-05	33.6010780258925	0.999996474302559
33.125	47.5	0.999972819498745	0.799998721907967	-8.67949188480802e-05	33.401079433024	0.999997010144862
33.375	47.5	0.999976952634265	0.800002137501794	-8.44729185827092e-05	33.2010798606556	0.999997464789769
33.625	47.5	0.999980458472203	0.800005341029329	-8.22308770313238e-05	33.0010793781338	0.999997850431942
33.875	47.5	0.999983431559283	0.80000834347568	-8.00672148687828e-05	32.8010780497447	0.999998177471521
34.125	47.5	0.999985952433547	0.800011155290516	-7.79802055844991e-05	32.6010759351825	0.99999845476769
34.375	47.5	0.999988089627763	0.800013786410741	-7.59680034343931e-05	32.4010730899653	0.999998689859054
34.625	47.5	0.999989901405101	0.800016246283132	-7.40286681891748e-05	32.2010695658036	0.999998889154561
34.875	47.5	0.999991437258491	0.800018543886088	-7.21601870519122e-05	32.0010654109287	0.999999058098434
35.125	47.5	0.999992739202292	0.800020687750896	-7.03604939794344e-05	31.8010606703844	0.999999201312252
35.375	47.5	0.999993842882246	0.800022685982444	-6.86274866810356e-05	31.6010553862877	0.999999322717047
35.625	47.5	0.999994778527053	0.800024546278972	-6.6959041495528e-05	31.4010495980617	0.999999425637976
35.875	47.5	0.999995571762472	0.800026275951448	-6.53530263505896e-05	31.2010433426442	0.999999512893872
36.125	47.5	0.999996244306457	0.800027881941897	-6.38073120504476e-05	31.0010366546755	0.99999958687371
36.375	47.5	0.999996814561707	0.80002937084124	-6.23197819800636e-05	30.8010295666667	0.999999649601788
36.625	47.5	0.999997298120019	0.800030748906358	-6.08883404759941e-05	30.6010221091528	0.999999702793202
36.875	47.5	0.999997708191	0.80003202207632	-5.9510919918759e-05	30.4010143108306	0.99999974790101
37.125	47.5	0.999998055966075	0.800033195988033	-5.81854867764653e-05	30.2010061986844	0.999999786156268
37.375	47.5	0.999998350927277	0.800034275991208	-5.69100466106803e-05	30.0009977981	0.999999818602
37.625	47.5	0.999998601108988	0.800035267162554	-5.56826482534891e-05	29.8009891329696	0.999999846121989
37.875	47.5	0.999998813319677	0.800036174319328	-5.45013871998116e-05	29.6009802257874	0.999999869465164
38.125	47.5	0.999998993329665	0.800037002032454	-5.33644082936646e-05	29.4009710977371	0.999999889266263
38.375	47.5	0.99999914603006	0.800037754638676	-5.226990783782e-05	29.2009617687736	0.999999906063307
38.625	47.5	0.999999275567271	0.800038436252449	-5.12161351528178e-05	29.0009522576971	0.9999999203124
38.875	47.5	0.999999385456874	0.800039050777082	-5.0201393676303e-05	28.8009425822228	0.999999932400256
39.125	47.5	0.999999478679954	0.800039601915364	-4.92240416525345e-05	28.6009327590446	0.999999942654795
39.375	47.5	0.999999557764658	0.800040093179791	-4.82824924620017e-05	28.4009228038949	0.999999951354112
39.625	47.5	0.99999962485524	0.800040527902072	-4.73752146490028e-05	28.2009127316004	0.999999958734076
39.875	47.5	0.999999681770515	0.800040909242343	-4.65007316775684e-05	28.0009025561333	0.999999964994757
40.125	47.5	0.999999730053364	0.800041240197877	-4.5657621453123e-05	27.8008922906599	0.99999997030587
40.375	47.5	0.999999771012674	0.80004152361133	-4.48445156676094e-05	27.600881947586	0.999999974811394
40.625	47.5	0.999999805758876	0.800041762178565	-4.40600989597657e-05	27.4008715385992	0.999999978633476
40.875	47.5	0.999999835234071	0.800041958456141	-4.3303107944269e-05	27.2008610747084	0.999999981875748
41.125	47.5	0.99999986023755	0.800042114868435	-4.25723301310272e-05	27.0008505662812	0.99999998462613
41.375	47.5	0.999999881447456	0.800042233714256	-4.18666027433056e-05	26.8008400230794	0.99999998695922
41.625	47.5	0.999999899439139	0.800042317173297	-4.11848114570988e-05	26.6008294542915	0.999999988938305
41.875	47.5	0.999999914700739	0.800042367312197	-4.05258891081107e-05	26.4008188685637	0.999999990617081
42.125	47.5	0.999999927646397	0.80004238609029	-3.98888143124388e-05	26.20080827403	0.999999992041104
42.375	47.5	0.999999938627462	0.800042375365046	-3.92726100871662e-05	26.0007976783387	0.999999993249021
42.625	47.5	0.999999947942008	0.800042336897242	-3.86763424483018e-05	25.8007870886795	0.999999994273621
42.875	47.5	0.999999955842905	0.800042272355923	-3.8099118966463e-05	25.6007765118073	0.99999999514272
43.125	47.5	0.99999996254467	0.800042183323037	-3.7540087367475e-05	25.400765954066	0.999999995879914
43.375	47.5	0.999999968229276	0.800042071297897	-3.6998434100341e-05	25.2007554214103	0.99999999650522
43.625	47.5	0.999999973051093	0.80004193770133	-3.64733829284595e-05	25.0007449194263	0.99999999703562
43.875	47.5	0.999999977141069	0.800041783879721	-3.59641935432042e-05	24.8007344533515	0.999999997485518
44.125	47.5	0.99999998061028	0.800041611108763	-3.54701601719441e-05	24.600724028093	0.999999997867131
44.375	47.5	0.999999983552943	0.800041420597105	-3.49906102642551e-05	24.4007136482456	0.999999998190824
44.625	47.5	0.999999986048982	0.800041213489649	-3.45249031229076e-05	24.2007033181081	0.999999998465388
44.875	47.5	0.999999988166182	0.800040990870976	-3.40724286485979e-05	24.000693041699	0.99999999869828
45.125	47.5	0.999999989962046	0.800040753768176	-3.36326060625838e-05	23.8006828227721	0.999999998895825
45.375	47.5	0.999999991485344	0.800040503153949	-3.32048826862963e-05	23.6006726648298	0.999999999063388
45.625	47.5	0.999999992777449	0.800040239949352	-3.27887327356715e-05	23.4006625711372	0.999999999205519
45.875	47.5	0.99999999387345	0.800039965026297	-3.23836561829554e-05	23.2006525447345	0.99999999932608
46.125	47.5	0.999999994803114	0.800039679210187	-3.19891776074917e-05	23.0006425884494	0.999999999428343
46.375	47.5	0.999999995591683	0.800039383282181	-3.16048451435527e-05	22.8006327049079	0.999999999515085
46.625	47.5	0.999999996260573	0.800039077981534	-3.12302294027193e-05	22.600622896546	0.999999999588663
46.875	47.5	0.999999996827948	0.800038764007602	-3.08649224812523e-05	22.4006131656193	0.999999999651074
47.125	47.5	0.999999997309214	0.800038442021992	-3.05085369701073e-05	22.2006035142132	0.999999999704014
47.375	47.5	0.99999999771744	0.80003811265037	-3.01607050227848e-05	22.0005939442519	0.999999999748918
47.625	47.5	0.999999998063715	0.80003777648438	-2.98210774508011e-05	21.8005844575073	0.999999999787009
47.875	47.5	0.999999998357436	0.800037434083274	-2.94893228469663e-05	21.6005750556073	0.999999999819318
48.125	47.5	0.999999998606579	0.800037085975657	-2.91651267597212e-05	21.4005657400438	0.999999999846724
48.375	47.5	0.999999998817909	0.80003673266095	-2.88481908827147e-05	21.2005565121801	0.99999999986997
48.625	47.5	0.999999998997166	0.800036374610908	-2.85382322846006e-05	21.000547373258	0.999999999889688
48.875	47.5	0.999999999149219	0.800036012271063	-2.82349826761309e-05	20.8005383244046	0.999999999906414
49.125	47.5	0.999999999278197	0.800035646061947	-2.79381877032701e-05	20.6005293666388	0.999999999920602
49.375	47.5	0.999999999387601	0.800035276380509	-2.76476062592216e-05	20.4005205008774	0.999999999932636
49.625	47.5	0.999999999480402	0.800034903601171	-2.73630098559202e-05	20.2005117279405	0.999999999942844
49.875	47.5	0.999999999559118	0.800034528077051	-2.70841819823601e-05	20.0005030485575	0.999999999951503
50.125	47.5	0.999999999625888	0.800034150141015	-2.68109175328579e-05	19.8004944633719	0.999999999958848
50.375	47.5	0.999999999682524	0.800033770106709	-2.65430222217019e-05	19.6004859729467	0.999999999965078
50.625	47.5	0.999999999730561	0.800033388269568	-2.62803120556592e-05	19.4004775777684	0.999999999970362
50.875	47.5	0.999999999771312	0.800033004907662	-2.60226128082149e-05	19.2004692782521	0.999999999974844
51.125	47.5	0.999999999805877	0.800032620282617	-2.57697595370815e-05	19.0004610747454	0.999999999978647
51.375	47.5	0.999999999835196	0.800032234640527	-2.55215961129534e-05	18.8004529675323	0.999999999981872
51.625	47.5	0.999999999860065	0.800031848212605	-2.52779747521521e-05	18.6004449568375	0.999999999984607
51.875	47.5	0.999999999881162	0.800031461216023	-2.50387556157552e-05	18.4004370428295	0.999999999986928
52.125	47.5	0.999999999899055	0.800031073854639	-2.48038063831365e-05	18.200429225624	0.999999999988896
52.375	47.5	0.999999999914231	0.80003068631959	-2.45730018733197e-05	18.0004215052877	0.999999999990565
52.625	47.5	0.999999999927106	0.800030298790013	-2.43462236757067e-05	17.8004138818409	0.999999999991982
52.875	47.5	0.999999999938024	0.800029911433657	-2.41233597951034e-05	17.6004063552605	0.999999999993183
53.125	47.5	0.999999999947286	0.800029524407417	-2.39043043130554e-05	17.400398925483	0.999999999994201
53.375	47.5	0.999999999955142	0.800029137857908	-2.3688957078154e-05	17.2003915924067	0.999999999995066
53.625	47.5	0.999999999961806	0.800028751921989	-2.34772233912881e-05	17.0003843558949	0.999999999995799
53.875	47.5	0.999999999967458	0.800028366727268	-2.32690137383941e-05	16.8003772157776	0.99999999999642
54.125	47.5	0.999999999972251	0.800027982392548	-2.30642434905841e-05	16.600370171854	0.999999999996948
54.375	47.5	0.999999999976318	0.800027599028325	-2.28628326536246e-05	16.4003632238948	0.999999999997395
54.625	47.5	0.999999999979769	0.800027216737159	-2.26647056334546e-05	16.200356371644	0.999999999997775
54.875	47.5	0.999999999982695	0.800026835614104	-2.24697909891793e-05	16.0003496148209	0.999999999998097
55.125	47.5	0.999999999985177	0.800026455747107	-2.2278021201435e-05	15.8003429531222	0.99999999999837
55.375	47.5	0.999999999987283	0.800026077217312	-2.20893324762104e-05	15.6003363862231	0.999999999998601
55.625	47.5	0.999999999989069	0.800025700099508	-2.19036645370333e-05	15.4003299137795	0.999999999998798
55.875	47.5	0.999999999990585	0.800025324462354	-2.17209604367182e-05	15.2003235354295	0.999999999998964
56.125	47.5	0.999999999991871	0.800024950368755	-2.15411663677499e-05	15.0003172507946	0.999999999999106
56.375	47.5	0.999999999992961	0.800024577876134	-2.13642315029905e-05	14.8003110594814	0.999999999999226
56.625	47.5	0.999999999993886	0.800024207036733	-2.11901078196866e-05	14.6003049610826	0.999999999999327
56.875	47.5	0.999999999994671	0.800023837897849	-2.1018749957952e-05	14.4002989551788	0.999999999999414
57.125	47.5	0.999999999995337	0.800023470502116	-2.08501150628151e-05	14.200293041339	0.999999999999487
57.375	47.5	0.999999999995903	0.800023104887728	-2.06841626530367e-05	14.0002872191225	0.999999999999549
57.625	47.5	0.999999999996384	0.800022741088699	-2.05208544832091e-05	13.8002814880793	0.999999999999602
57.875	47.5	0.999999999996791	0.80002237913502	-2.03601544278223e-05	13.6002758477515	0.999999999999647
58.125	47.5	0.999999999997136	0.800022019052933	-2.02020283538038e-05	13.4002702976742	0.999999999999685
58.375	47.5	0.999999999997429	0.800021660865099	-2.00464440133995e-05	13.2002648373763	0.999999999999717
58.625	47.5	0.999999999997677	0.800021304590755	-1.98933709392099e-05	13.0002594663817	0.999999999999744
58.875	47.5	0.999999999997887	0.800020950245939	-1.97427803414301e-05	12.8002541842096	0.999999999999768
59.125	47.5	0.999999999998067	0.800020597843634	-1.95946450161851e-05	12.6002489903759	0.999999999999787
59.375	47.5	0.999999999998221	0.800020247393937	-1.94489392519577e-05	12.4002438843933	0.999999999999804
59.625	47.5	0.99999999999835	0.800019898904176	-1.93056387465331e-05	12.2002388657726	0.999999999999818
59.875	47.5	0.99999999999846	0.800019552379116	-1.91647205291434e-05	12.000233934023	0.999999999999831
60.125	47.5	0.999999999998554	0.800019207821042	-1.90261628824785e-05	11.8002290886527	0.999999999999841
60.375	47.5	0.999999999998634	0.800018865229909	-1.88899452694115e-05	11.6002243291698	0.99999999999985
60.625	47.5	0.9999999999987	0.800018524603471	-1.87560482686086e-05	11.4002196550826	0.999999999999857
60.875	47.5	0.999999999998756	0.800018185937378	-1.86244535094153e-05	11.2002150659004	0.999999999999863
61.125	47.5	0.999999999998804	0.800017849225312	-1.84951436073832e-05	11.0002105611335	0.999999999999868
61.375	47.5	0.999999999998845	0.800017514459066	-1.83681021190394e-05	10.8002061402944	0.999999999999873
61.625	47.5	0.99999999999888	0.800017181628656	-1.82433134730307e-05	10.6002018028976	0.999999999999877
61.875	47.5	0.99999999999891	0.800016850722441	-1.81207629290647e-05	10.4001975484604	0.99999999999988
62.125	47.5	0.999999999998935	0.80001652172716	-1.80004365289512e-05	10.2001933765032	0.999999999999883
62.375	47.5	0.999999999998956	0.800016194628061	-1.78823210470398e-05	10.0001892865501	0.999999999999885
62.625	47.5	0.999999999998973	0.800015869408967	-1.77664039562664e-05	9.80018527812874	0.999999999999887
62.875	47.5	0.999999999998987	0.800015546052336	-1.76526733767096e-05	9.6001813507712	0.999999999999889
63.125	47.5	0.999999999998997	0.800015224539381	-1.75411180460912e-05	9.40017750401403	0.99999999999989
63.375	47.5	0.999999999999004	0.800014904850098	-1.74317272838749e-05	9.20017373739866	0.99999999999989
63.625	47.5	0.999999999999013	0.800014586963314	-1.73244909538101e-05	9.00017005047165	0.999999999999891
63.875	47.5	0.999999999999024	0.800014270856826	-1.72193994353019e-05	8.80016644278499	0.999999999999893
64.125	47.5	0.999999999999038	0.800013956507397	-1.71164435945041e-05	8.60016291389635	0.999999999999894
64.375	47.5	0.999999999999054	0.800013643890811	-1.70156147519261e-05	8.40015946336935	0.999999999999896
64.625	47.5	0.999999999999064	0.800013332981961	-1.6916904666846e-05	8.20015609077376	0.999999999999897
64.875	47.5	0.999999999999055	0.800013023754887	-1.68203054959094e-05	8.00015279568574	0.999999999999896
65.125	47.5	0.999999999999016	0.800012716182809	-1.67258097900719e-05	7.80014957768804	0.999999999999892
65.375	47.5	0.999999999998949	0.800012410238202	-1.6633410455978e-05	7.60014643637022	0.999999999999884
65.625	47.5	0.999999999998885	0.800012105892799	-1.65431007443709e-05	7.40014337132878	0.999999999999877
65.875	47.5	0.999999999998897	0.800011803117678	-1.64548742307044e-05	7.20014038216741	0.999999999999879
66.125	47.5	0.999999999999093	0.800011501883271	-1.63687247942257e-05	7.00013746849708	0.9999999999999
66.375	47.5	0.999999999999551	0.800011202159405	-1.62846466040864e-05	6.80013462993624	0.999999999999951
66.625	47.5	1.00000000000021	0.80001090391535	-1.6202634105456e-05	6.60013186611094	1.00000000000002
66.875	47.5	1.00000000000075	0.800010607119846	-1.61226819980577e-05	6.400129176655	1.00000000000008
67.125	47.5	1.00000000000043	0.80001031174114	-1.60447852335168e-05	6.20012656121012	1.00000000000005
67.375	47.5	0.999999999998276	0.800010017747022	-1.59689389913632e-05	6.00012401942601	0.99999999999981
67.625	47.5	0.999999999993533	0.800009725104864	-1.58951386780811e-05	5.80012155096053	0.999999999999289
67.875	47.5	0.999999999986678	0.800009433781627	-1.5823379903095e-05	5.60011915547973	0.999999999998535
68.125	47.5	0.999999999980775	0.800009143743895	-1.57536584728344e-05	5.40011683265796	0.999999999997885
68.375	47.5	0.999999999982486	0.800008854957866	-1.56859703713163e-05	5.20011458217784	0.999999999998073
68.625	47.5	1.00000000000144	0.800008567389315	-1.56203117523502e-05	5.00011240373033	1.00000000000016
68.875	47.5	1.00000000004622	0.800008281003634	-1.55566789274697e-05	4.80011029701475	1.00000000000508
69.125	47.5	1.00000000011575	0.800007995765842	-1.54950683645822e-05	4.60010826173896	1.00000000001273
69.375	47.5	1.00000000018678	0.800007711640718	-1.54354767035447e-05	4.40010629761982	1.00000000002055
69.625	47.5	1.00000000020248	0.800007428593054	-1.53779007728213e-05	4.20010440438383	1.00000000002227
69.875	47.5	1.00000000007273	0.800007146588039	-1.53223376208776e-05	4.00010258176795	1.000000000008
70.125	47.5	0.999999999701478	0.800006865591542	-1.52687845186642e-05	3.80010082952004	0.999999999967163
70.375	47.5	0.999999999055205	0.800006585570175	-1.5217238925934e-05	3.60009914739836	0.999999999896073
70.625	47.5	0.99999999827299	0.800006306490609	-1.51676983675022e-05	3.40009753516893	0.999999999810029
70.875	47.5	0.999999997786915	0.800006028317837	-1.51201602117035e-05	3.20009599260054	0.999999999756561
71.125	47.5	0.99999999837316	0.800005751012371	-1.50746213758122e-05	3.00009451945772	0.999999999821048
71.375	47.5	1.00000000100487	0.800005474527114	-1.50310780801366e-05	2.80009311549483	1.00000000011054
71.625	47.5	1.00000000636365	0.800005198805921	-1.49895258819729e-05	2.60009178045715	1.0000000007
71.875	47.5	1.00000001394265	0.800004923787029	-1.49499602936146e-05	2.40009051409711	1.00000000153369
72.125	47.5	1.00000002089681	0.800004649415001	-1.49123782553527e-05	2.20008931621315	1.00000000229865
72.375	47.5	1.00000002118227	0.8000043756629	-1.48767804282415e-05	2.00008818671062	1.00000000233005
72.625	47.5	1.0000000059951	0.800004102561095	-1.48431736558182e-05	1.80008712566735	1.00000000065946
72.875	47.5	0.999999966821806	0.800003830219634	-1.48115719902383e-05	1.60008613336088	0.999999996350399
73.125	47.5	0.999999902123917	0.800003558819648	-1.47819937796932e-05	1.40008521018861	0.999999989233631
73.375	47.5	0.999999827270108	0.800003288541652	-1.47544520641732e-05	1.2000843564052	0.999999980999712
73.625	47.5	0.999999784456029	0.800003019405093	-1.47289370224803e-05	1.00008357164156	0.999999976290163
73.875	47.5	0.999999845306571	0.800002751026853	-1.4705393442898e-05	0.800082854286012	0.999999982983723
74.125	47.5	1.00000009515401	0.800002482375031	-1.46837034763097e-05	0.600082201009521	1.00000001046694
74.375	47.5	1.00000058775578	0.800002211627326	-1.46636937472298e-05	0.400081606961722	1.00000006465314
74.625	47.5	1.00000126690214	0.800001739380708	-1.46451927416689e-05	0.200081067359489	1.00000013935924
74.875	47.5	1.00000187111023	0.400002234834935	-1.46317059692501e-05	8.06797847602872e-05	1.00000020582213
0.125	48.5	1.88940482808834e-07	0.399987161344256	0.000323000451846332	58.5930320338269	0.890000020783453
0.375	48.5	-5.5847086970554e-06	0.799961759256215	0.000322673644350577	58.4150377428717	0.889999385682043
0.625	48.5	-1.82551595428876e-05	0.799936237491547	0.000322006922421411	58.2370492966718	0.88999799193245
0.875	48.5	-3.86765171839862e-05	0.799910441346975	0.000320962422453046	58.0590669203483	0.88999574558311
1.125	48.5	-6.63780224792716e-05	0.799884320004556	0.000319488731956361	57.881090851845	0.889992698417527
1.375	48.5	-9.85706695494157e-05	0.799857783463693	0.000317520766393921	57.7031213181523	0.88998915722635
1.625	48.5	-0.000129210683486948	0.79983073582875	0.000314981177929741	57.5251584745364	0.889985786824816
1.875	48.5	-0.000148201043547115	0.799803072297595	0.000311782149647497	57.3472023247689	0.88998369788521
2.125	48.5	-0.00014084418484793	0.799774676435613	0.000307827369434779	57.169252626597	0.889984507139667
2.375	48.5	-8.76564882688391e-05	0.799745418403479	0.000303013930463449	56.9913087891449	0.88999035778629
2.625	48.5	3.53723141948901e-05	0.799715154613489	0.000297233863747397	56.8133697710557	0.890003890954561
2.875	48.5	0.000256036800576671	0.799683729077148	0.000290374989752053	56.6354339895033	0.890028164048063
3.125	48.5	0.000604707367808914	0.799650976471233	0.000282320785808424	56.4574992504389	0.890066517810459
3.375	48.5	0.00111272822047601	0.79961672671881	0.000272949002389043	56.2795627094446	0.890122400104252
3.625	48.5	0.00181054307025721	0.799580810686782	0.000262128818195146	56.1016208704495	0.890199159737728
3.875	48.5	0.00272570442426069	0.799543066471738	0.000249716392297767	55.9236696265215	0.890299827486669
4.125	48.5	0.00388093889961773	0.799503345693175	0.000235548746256667	55.7457043433594	0.890426903278958
4.375	48.5	0.00529243827991101	0.799461519235479	0.000219435986633476	55.5677199823709	0.89058216821079
4.625	48.5	0.00696852557600692	0.799417481968802	0.000201151963397318	55.3897112567401	0.890766537813361
4.875	48.5	0.0089088108473543	0.799371156117903	0.000180423559179345	55.2116728110111	0.890979969193209
5.125	48.5	0.0111039079990432	0.79932249311633	0.000156918928466759	55.0335994126937	0.891221429879895
5.375	48.5	0.0135357367876482	0.799271473972634	0.00013023516122966	54.8554861433643	0.891488931046641
5.625	48.5	0.016178389391448	0.799218108364539	9.98860327523192e-05	54.6773285766971	0.891779622833059
5.875	48.5	0.0189995030719401	0.799162432852054	6.52907120068655e-05	54.4991229317212	0.892089945337913
6.125	48.5	0.021962053582004	0.799104508750079	2.57645164102596e-05	54.3208661911527	0.89241582589402
6.375	48.5	0.0250264704881937	0.799044420303512	-1.94870034971215e-05	54.1425561766194	0.892752911753701
6.625	48.5	0.0281529760747907	0.79898227385757	-7.13692164326e-05	53.9641915747023	0.893096827368227
6.875	48.5	0.0313040626208433	0.798918198707767	-0.000130893283059866	53.7857719096384	0.893443446888293
7.125	48.5	0.034447045449598	0.79885235025043	-0.000199163217373326	53.6072974600554	0.893789174999456
7.375	48.5	0.037556656951167	0.798784915943363	-0.000277353638137518	53.4287691180697	0.894131232264628
7.625	48.5	0.0406176753567819	0.798716124439244	-0.000366676736333583	53.2501881894205	0.894467944289246
7.875	48.5	0.0436276080415093	0.798646258057302	-0.000468336908210797	53.0715561330882	0.894799036884566
8.125	48.5	0.0465994715467778	0.798575668492768	-0.000583471196372597	52.8928742381262	0.895125941870146
8.375	48.5	0.0495647311914528	0.798504795265773	-0.000713072987438601	52.7141432343462	0.89545212043106
8.625	48.5	0.0525764869635074	0.798434185784376	-0.000857895176515941	52.5353628320427	0.895783413565986
8.875	48.5	0.0557130258336435	0.798364514911293	-0.00101832710681692	52.3565311840842	0.896128432841701
9.125	48.5	0.059081909697926	0.798296600409229	-0.0011942370185377	52.1776442612124	0.896499010066772
9.375	48.5	0.0628248342278379	0.798231408417388	-0.00138476871321215	51.9986951280414	0.896910731765062
9.625	48.5	0.0671235682597103	0.798170040022842	-0.00158807829418124	51.819673102851	0.897383592508568
9.875	48.5	0.0722073390134773	0.798113685988223	-0.00180099553973635	51.6405627790254	0.897942807291483
10.125	48.5	0.078362008723013	0.798063532026546	-0.00201859724115914	51.4613428809409	0.898619820959531
10.375	48.5	0.0859411915020075	0.79802059255898	-0.00223369099796725	51.281984924849	0.899453531065221
10.625	48.5	0.0953789214854735	0.797985448820131	-0.0024362341084859	51.1024516609754	0.900491681363402
10.875	48.5	0.10720236822387	0.797957871912838	-0.00261276205130836	50.9226952955464	0.901792260504626
11.125	48.5	0.122041117952266	0.797936330835837	-0.00274598313257633	50.7426555443773	0.903424522974749
11.375	48.5	0.140626479727178	0.79791743147142	-0.00281481131245272	50.5622576709719	0.90546891276999
11.625	48.5	0.163770278701495	0.797895418167123	-0.00279523676269952	50.3814108297488	0.908014730657165
11.875	48.5	0.192308762110837	0.797861998157352	-0.00266250722861029	50.2000072743095	0.911153963832192
12.125	48.5	0.226996430074338	0.797806887742722	-0.00239498552532076	50.0179232685885	0.914969607308177
12.375	48.5	0.268341874021626	0.797719519610221	-0.00197959924080338	49.8350227468607	0.919517606142379
12.625	48.5	0.316398746928297	0.797592095682647	-0.00141793986536661	49.6511646970083	0.924803862162113
12.875	48.5	0.370560400436691	0.797423443596693	-0.000731039882174643	49.4662146215426	0.930761644048036
13.125	48.5	0.429442927334604	0.797222097594673	3.96745003180784e-05	49.2800591192648	0.937238722006807
13.375	48.5	0.490947539639532	0.797006470283254	0.00083700119362021	49.0926209115269	0.944004229360349
13.625	48.5	0.552540037020574	0.796800945022164	0.0015977204889415	48.9038703798124	0.950779404072263
13.875	48.5	0.611682898403345	0.796629144916065	0.00226453867037536	48.7138299476239	0.957285118824368
14.125	48.5	0.666269052149509	0.796507654571525	0.00279608209010015	48.5225697669189	0.963289595736446
14.375	48.5	0.714904925791749	0.796443109295693	0.00317183590764801	48.3301961792672	0.968639541837092
14.625	48.5	0.756975461622015	0.796433182979295	0.00339139313709694	48.1368366226034	0.973267300778422
14.875	48.5	0.792527260476574	0.796469855548948	0.00346963942183593	47.9426249920695	0.977177998652423
15.125	48.5	0.822061314101392	0.796542895506151	0.00343040624094823	47.7476902128123	0.980426744551153
15.375	48.5	0.846321599627234	0.796642334423158	0.00330069414868686	47.5521490130248	0.983095375958996
15.625	48.5	0.866129256198954	0.79675971104763	0.00310653652334768	47.3561025151021	0.985274218181885
15.875	48.5	0.882275836665318	0.796888406403772	0.00287065142503216	47.1596356122547	0.987050342033185
16.125	48.5	0.895467525825633	0.797023490499265	0.00261151657223611	46.9628180279696	0.98850142784082
16.375	48.5	0.90630478791962	0.797161391015936	0.0023433620174663	46.7657061829817	0.989693526671158
16.625	48.5	0.915282794753214	0.797299553147283	0.00207664381609061	46.5683452936854	0.990681107422854
16.875	48.5	0.922801947553286	0.797436158424647	0.00181869840631807	46.3707713807665	0.991508214230861
17.125	48.5	0.929181887201738	0.797569915521018	0.00157440419470716	46.1730130428971	0.992210007592191
17.375	48.5	0.93467547903737	0.797699913090109	0.0013467676435256	45.9750929547108	0.992814302694111
17.625	48.5	0.939481234795091	0.797825518772054	0.00113740626846638	45.7770291013202	0.99334293582746
17.875	48.5	0.943753738331691	0.7979463098358	0.000946929760974014	45.5788357830717	0.993812911216486
18.125	48.5	0.947612172659846	0.79806202444968	0.000775232799443825	45.3805244286409	0.994237338992583
18.375	48.5	0.951147244154354	0.798172526065516	0.000621716417212289	45.1821042512071	0.994626196856979
18.625	48.5	0.954426827680248	0.798277776150658	0.00048545378925349	44.9835827765264	0.994986951044827
18.875	48.5	0.957500611110681	0.798377812416745	0.000365313671078593	44.7849662658196	0.995325067222175
19.125	48.5	0.960403951985883	0.798472730922069	0.000260051841427838	44.5862600515206	0.995644434718447
19.375	48.5	0.963161098050058	0.79856267115587	0.000168378357716439	44.3874688003098	0.995947720785506
19.625	48.5	0.965787876552546	0.798647803606655	8.90064150645095e-05	44.1885967152967	0.99623666642078
19.875	48.5	0.968293925696144	0.798728319511692	2.06870957955789e-05	43.9896476874505	0.996512331826576
20.125	48.5	0.970684522987937	0.798804422557059	-3.77667824808127e-05	43.7906254051041	0.996775297528673
20.375	48.5	0.972962055797873	0.798876322316691	-8.74652697203719e-05	43.5915334293616	0.997025826137766
20.625	48.5	0.975127175558275	0.798944229214464	-0.000129432419474062	43.3923752423744	0.99726398931141
20.875	48.5	0.977179675889424	0.799008350787934	-0.000164602422968144	43.1931542746182	0.997489764347837
21.125	48.5	0.979119134509948	0.799068889033054	-0.000193819492032213	42.9938739164913	0.997703104796094
21.375	48.5	0.980945357907086	0.799126038621014	-0.000217840468114375	42.7945375187358	0.997903989369779
21.625	48.5	0.982658665889191	0.799179985797038	-0.000237339321718461	42.5951483853996	0.998092453247811
21.875	48.5	0.984260050249354	0.799230907795939	-0.000252912867888003	42.3957097623116	0.998268605527429
22.125	48.5	0.985751238038459	0.799278972636121	-0.000265087163654122	42.196224823369	0.998432636184231
22.375	48.5	0.987134685701708	0.799324339180239	-0.000274324176194828	41.9966966563411	0.998584815427188
22.625	48.5	0.988413525916128	0.799367157375142	-0.000281028415440328	41.797128249391	0.998725487850774
22.875	48.5	0.989591484672922	0.799407568605576	-0.000285553314371242	41.597522479104	0.998855063314021
23.125	48.5	0.990672782197976	0.799445706113229	-0.000288207212534461	41.397882100486	0.998974006041777
23.375	48.5	0.991662027834562	0.799481695446539	-0.00028925885715679	41.1982097391492	0.999082823061802
23.625	48.5	0.992564116089494	0.799515654918683	-0.000288942380566566	40.9985078857172	0.999182052769844
23.875	48.5	0.993384128673298	0.799547696057596	-0.000287461745913634	40.7987788923632	0.999272254154063
24.125	48.5	0.994127245512571	0.799577924038856	-0.000284994676725744	40.5990249713092	0.999353997006383
24.375	48.5	0.994798666318411	0.799606438095816	-0.000281696100820845	40.3992481950715	0.999427853295025
24.625	48.5	0.995403543287024	0.79963333190423	-0.00027770114867864	40.1994504982151	0.999494389761573
24.875	48.5	0.995946924814061	0.799658693940163	-0.00027312775049853	39.9996336803766	0.999554161729547
25.125	48.5	0.996433709653353	0.799682607812048	-0.000268078877372419	39.7997994103248	0.999607708061869
25.375	48.5	0.99686861068298	0.799705152566738	-0.000262644470753951	39.5999492308437	0.999655547175128
25.625	48.5	0.997256127305719	0.799726402972017	-0.000256903101328475	39.4000845642417	0.999698174003629
25.875	48.5	0.997600525466246	0.799746429776432	-0.000250923395202745	39.2002067183155	0.999736057801287
26.125	48.5	0.99790582428268	0.799765299947995	-0.000244765260977521	39.0003168926155	0.999769640671095
26.375	48.5	0.998175788341792	0.799783076894028	-0.00023848094713194	38.8004161848846	0.999799336717597
26.625	48.5	0.998413924779166	0.799799820663678	-0.000232115955581902	38.6005055975591	0.999825531725708
26.875	48.5	0.998623484346329	0.799815588134042	-0.00022570983322268	38.4005860442397	0.999848583278096
27.125	48.5	0.998807465749753	0.799830433182548	-0.000219296860176578	38.2006583560566	0.999868821232473
27.375	48.5	0.998968622626523	0.799844406846139	-0.000212906650568194	38.0007232878685	0.999886548488917
27.625	48.5	0.999109472597136	0.799857557469253	-0.00020656467899398	37.8007815242444	0.999902041985685
27.875	48.5	0.999232307905135	0.799869930841514	-0.000200292743842478	37.600833685193	0.999915553869565
28.125	48.5	0.999339207217121	0.799881570326417	-0.000194109376593903	37.4008803316115	0.999927312793883
28.375	48.5	0.999432048214121	0.799892516981998	-0.000188030204809532	37.2009219704333	0.999937525303553
28.625	48.5	0.999512520657832	0.799902809674457	-0.000182068275202519	37.0009590594643	0.999946377272362
28.875	48.5	0.999582139662613	0.799912485185474	-0.000176234342096881	36.8009920119014	0.999954035362888
29.125	48.5	0.999642258946915	0.799921578313969	-0.000170537125603501	36.6010212005327	0.999960648484161
29.375	48.5	0.999694083876807	0.799930121972942	-0.000164983543344054	36.4010469616227	0.999966349226449
29.625	48.5	0.999738684149221	0.799938147281578	-0.000159578918697033	36.2010695984922	0.999971255256414
29.875	48.5	0.999777005994008	0.799945683653586	-0.000154327168209613	36.0010893848	0.999975470659341
30.125	48.5	0.999809883802074	0.799952758881578	-0.00014923097046891	35.8011065675424	0.999979087218228
30.375	48.5	0.999838051111744	0.7999593992179	-0.000144291918248438	35.6011213697822	0.999982185622292
30.625	48.5	0.999862150907467	0.799965629452526	-0.000139510655599227	35.4011339931244	0.999984836599821
30.875	48.5	0.999882745203867	0.799971472987386	-0.000134887001322296	35.2011446199541	0.999987101972425
31.125	48.5	0.999900323904558	0.799976951908163	-0.000130420060108037	35.0011534154536	0.999989035629501
31.375	48.5	0.999915312938617	0.799982087052813	-0.000126108322442244	34.8011605294148	0.999990684423248
31.625	48.5	0.999928081689013	0.799986898077571	-0.000121949754274726	34.6011660978645	0.999992088985791
31.875	48.5	0.999938949736207	0.79999140352024	-0.000117941877338986	34.401170244517	0.999993284470983
32.125	48.5	0.999948192947236	0.799995620860387	-0.00011408184106575	34.2011730820712	0.999994301224196
32.375	48.5	0.999956048945737	0.799999566577508	-0.000110366486651498	34.0011747133657	0.999995165384031
32.625	48.5	0.999962722001963	0.800003256206245	-0.000106792404154051	33.8011752324058	0.999995899420216
32.875	48.5	0.99996838738407	0.800006704388924	-0.000103355983110288	33.6011747252761	0.999996522612248
33.125	48.5	0.999973195212926	0.80000992492613	-0.000100053457387931	33.4011732709499	0.999997051473422
33.375	48.5	0.999977273862809	0.800012930824192	-9.6880944711233e-05	33.201170942007	0.999997500124909
33.625	48.5	0.999980732949471	0.800015734340967	-9.38344813957553e-05	33.0011678052694	0.999997880624442
33.875	48.5	0.999983665945721	0.800018347028672	-9.09100527546569e-05	32.8011639223655	0.999998203254029
34.125	48.5	0.99998615246277	0.800020779774846	-8.81036196469008e-05	32.6011593502289	0.999998476770905
34.375	48.5	0.999988260233256	0.800023042841197	-8.54111414152088e-05	32.4011541415411	0.999998708625658
34.625	48.5	0.999990046829559	0.800025145899935	-8.28285957630045e-05	32.201148345125	0.999998905151252
34.875	48.5	0.999991561148245	0.800027098068518	-8.03519957519568e-05	32.0011420062932	0.999999071726307
35.125	48.5	0.999992844688946	0.800028907942211	-7.79774042582201e-05	31.8011351671581	0.999999212915784
35.375	48.5	0.999993932653296	0.800030583624851	-7.57009462176068e-05	31.6011278669089	0.999999332591863
35.625	48.5	0.99999485488702	0.800032132757894	-7.35188188223312e-05	31.4011201420574	0.999999434037572
35.875	48.5	0.999995636685828	0.80003356254759	-7.14272999671889e-05	31.2011120266586	0.999999520035441
36.125	48.5	0.999996299483452	0.800034879790708	-6.94227550973308e-05	31.0011035525084	0.99999959294318
36.375	48.5	0.999996861438033	0.800036090898777	-6.75016426726484e-05	30.8010947493204	0.999999654758184
36.625	48.5	0.999997337931143	0.800037201920626	-6.56605184184961e-05	30.6010856448855	0.999999707172426
36.875	48.5	0.999997741991834	0.800038218563863	-6.38960384888528e-05	30.4010762652163	0.999999751619102
37.125	48.5	0.999998084656638	0.800039146214846	-6.22049616971926e-05	30.2010666346766	0.99999978931223
37.375	48.5	0.999998375274831	0.800039989957532	-6.05841509290977e-05	30.0010567761002	0.999999821280231
37.625	48.5	0.999998621767141	0.800040754591146	-5.90305738567654e-05	29.8010467108975	0.999999848394385
37.875	48.5	0.999998830844832	0.800041444646797	-5.75413030097384e-05	29.6010364591541	0.999999871392932
38.125	48.5	0.999999008195166	0.800042064403068	-5.61135153604535e-05	29.4010260397197	0.999999890901468
38.375	48.5	0.999999158638353	0.800042617900655	-5.47444914337786e-05	29.2010154702902	0.999999907450219
38.625	48.5	0.999999286260354	0.800043108956072	-5.34316140309162e-05	29.0010047674831	0.999999921488639
38.875	48.5	0.999999394525234	0.800043541174637	-5.21723666661031e-05	28.8009939469061	0.999999933397776
39.125	48.5	0.999999486370224	0.800043917962529	-5.09643316824476e-05	28.6009830232215	0.999999943500725
39.375	48.5	0.999999564286168	0.800044242538207	-4.98051881835079e-05	28.4009720102049	0.999999952071478
39.625	48.5	0.999999630385604	0.800044517943105	-4.86927097954999e-05	28.2009609207997	0.999999959342416
39.875	48.5	0.999999686460398	0.800044747051641	-4.76247622509222e-05	28.0009497671677	0.999999965510644
40.125	48.5	0.999999734030554	0.800044932580789	-4.6599300877646e-05	27.8009385607363	0.999999970743361
40.375	48.5	0.999999774385535	0.800045077098788	-4.56143680160506e-05	27.600927312242	0.999999975182409
40.625	48.5	0.999999808619294	0.800045183033662	-4.46680903578341e-05	27.4009160317712	0.999999978948122
40.875	48.5	0.99999983765995	0.800045252680904	-4.37586762651659e-05	27.2009047287985	0.999999982142595
41.125	48.5	0.999999862294943	0.800045288211054	-4.28844130486903e-05	27.0008934122216	0.999999984852444
41.375	48.5	0.999999883192362	0.800045291676508	-4.20436642791928e-05	26.800882090395	0.99999998715116
41.625	48.5	0.999999900919041	0.800045265018059	-4.12348670627145e-05	26.600870771161	0.999999989101095
41.875	48.5	0.999999915955893	0.80004521007123	-4.04565293738553e-05	26.4008594618788	0.999999990755148
42.125	48.5	0.999999928710935	0.800045128571831	-3.9707227410531e-05	26.2008481694516	0.999999992158203
42.375	48.5	0.99999993953033	0.800045022161608	-3.89856029828349e-05	26.0008369003527	0.999999993348336
42.625	48.5	0.99999994870775	0.800044892393312	-3.82903609544048e-05	25.8008256606495	0.999999994357852
42.875	48.5	0.999999956492334	0.800044740735563	-3.76202667404584e-05	25.6008144560258	0.999999995214157
43.125	48.5	0.99999996309544	0.800044568577487	-3.69741438543043e-05	25.4008032918037	0.999999995940498
43.375	48.5	0.999999968696363	0.800044377232844	-3.63508715259661e-05	25.2007921729633	0.9999999965566
43.625	48.5	0.999999973447198	0.800044167944364	-3.57493823769547e-05	25.0007811041616	0.999999997079192
43.875	48.5	0.999999977476963	0.800043941887355	-3.51686601567339e-05	24.800770089751	0.999999997522466
44.125	48.5	0.999999980895098	0.800043700173441	-3.46077375748691e-05	24.6007591337951	0.999999997898461
44.375	48.5	0.999999983794437	0.800043443853919	-3.40656941548027e-05	24.4007482400854	0.999999998217388
44.625	48.5	0.999999986253724	0.800043173923068	-3.35416542096062e-05	24.200737412156	0.99999999848791
44.875	48.5	0.99999998833975	0.800042891321122	-3.30347848485405e-05	24.0007266532978	0.999999998717372
45.125	48.5	0.999999990109172	0.800042596937097	-3.25442940790121e-05	23.8007159665719	0.999999998912009
45.375	48.5	0.999999991610044	0.800042291611696	-3.20694289418222e-05	23.600705354822	0.999999999077105
45.625	48.5	0.999999992883127	0.800041976139672	-3.16094737610932e-05	23.4006948206868	0.999999999217144
45.875	48.5	0.999999993962997	0.800041651272339	-3.11637484369966e-05	23.2006843666109	0.99999999933593
46.125	48.5	0.999999994878976	0.800041317719938	-3.07316067924735e-05	23.0006739948558	0.999999999436687
46.375	48.5	0.99999999565594	0.800040976153642	-3.03124350052043e-05	22.8006637075096	0.999999999522153
46.625	48.5	0.999999996314988	0.800040627207743	-2.99056501011413e-05	22.6006535064972	0.999999999594649
46.875	48.5	0.999999996874014	0.800040271481511	-2.95106984888667e-05	22.4006433935886	0.999999999656142
47.125	48.5	0.999999997348203	0.800039909541121	-2.91270545882157e-05	22.2006333704083	0.999999999708302
47.375	48.5	0.999999997750428	0.800039541921252	-2.87542194879179e-05	22.0006234384426	0.999999999752547
47.625	48.5	0.99999999809161	0.800039169126837	-2.8391719654047e-05	21.800613599048	0.999999999790077
47.875	48.5	0.999999998381016	0.800038791634566	-2.80391057495873e-05	21.6006038534578	0.999999999821912
48.125	48.5	0.999999998626502	0.800038409894381	-2.76959514229113e-05	21.4005942027898	0.999999999848915
48.375	48.5	0.999999998834732	0.800038024330856	-2.73618522122434e-05	21.2005846480521	0.999999999871821
48.625	48.5	0.999999999011361	0.800037635344495	-2.70364244772128e-05	21.0005751901498	0.99999999989125
48.875	48.5	0.999999999161185	0.800037243313018	-2.67193043799995e-05	20.8005658298905	0.99999999990773
49.125	48.5	0.999999999288272	0.800036848592515	-2.64101469015322e-05	20.6005565679903	0.99999999992171
49.375	48.5	0.999999999396074	0.800036451518556	-2.61086249182482e-05	20.4005474050785	0.999999999933568
49.625	48.5	0.999999999487518	0.80003605240729	-2.58144283161247e-05	20.2005383417031	0.999999999943627
49.875	48.5	0.999999999565085	0.800035651556426	-2.5527263143066e-05	20.0005293783355	0.999999999952159
50.125	48.5	0.999999999630879	0.800035249246147	-2.52468507971015e-05	19.8005205153748	0.999999999959397
50.375	48.5	0.999999999686689	0.800034845740108	-2.49729272585581e-05	19.6005117531518	0.999999999965536
50.625	48.5	0.999999999734031	0.800034441286168	-2.47052423639157e-05	19.4005030919339	0.999999999970743
50.875	48.5	0.999999999774187	0.800034036117293	-2.44435590963359e-05	19.2004945319282	0.999999999975161
51.125	48.5	0.999999999808254	0.800033630452295	-2.41876529207809e-05	19.0004860732851	0.999999999978908
51.375	48.5	0.999999999837149	0.800033224496525	-2.3937311153424e-05	18.8004777161023	0.999999999982086
51.625	48.5	0.999999999861662	0.800032818442664	-2.3692332358684e-05	18.6004694604277	0.999999999984783
51.875	48.5	0.999999999882454	0.800032412471205	-2.3452525770258e-05	18.4004613062626	0.99999999998707
52.125	48.5	0.999999999900089	0.800032006751264	-2.32177107515335e-05	18.2004532535646	0.99999999998901
52.375	48.5	0.99999999991505	0.800031601441044	-2.29877162602555e-05	18.0004453022503	0.999999999990655
52.625	48.5	0.999999999927741	0.800031196688406	-2.27623803644421e-05	17.8004374521982	0.999999999992051
52.875	48.5	0.999999999938508	0.80003079263145	-2.25415497784626e-05	17.6004297032511	0.999999999993236
53.125	48.5	0.999999999947639	0.800030389398978	-2.23250793905519e-05	17.4004220552183	0.99999999999424
53.375	48.5	0.999999999955385	0.800029987110985	-2.21128318662873e-05	17.2004145078781	0.999999999995092
53.625	48.5	0.999999999961956	0.800029585879076	-2.19046772254379e-05	17.00040706098	0.999999999995815
53.875	48.5	0.999999999967529	0.800029185806966	-2.17004924534025e-05	16.8003997142465	0.999999999996428
54.125	48.5	0.999999999972258	0.800028786990783	-2.15001611575933e-05	16.600392467375	0.999999999996948
54.375	48.5	0.99999999997627	0.800028389519585	-2.13035731995406e-05	16.40038532004	0.99999999999739
54.625	48.5	0.999999999979675	0.800027993475591	-2.11106243749528e-05	16.2003782718946	0.999999999997764
54.875	48.5	0.999999999982564	0.80002759893462	-2.09212160909835e-05	16.0003713225719	0.999999999998082
55.125	48.5	0.999999999985016	0.800027205966387	-2.07352550889679e-05	15.8003644716871	0.999999999998352
55.375	48.5	0.999999999987096	0.800026814634827	-2.0552653136082e-05	15.6003577188387	0.999999999998581
55.625	48.5	0.999999999988861	0.800026424998373	-2.03733267784743e-05	15.4003510636096	0.999999999998775
55.875	48.5	0.999999999990358	0.800026037110269	-2.01971970736623e-05	15.2003445055693	0.999999999998939
56.125	48.5	0.99999999999163	0.800025651018786	-2.00241893568551e-05	15.0003380442741	0.999999999999079
56.375	48.5	0.999999999992708	0.800025266767546	-1.98542330091439e-05	14.8003316792691	0.999999999999198
56.625	48.5	0.999999999993625	0.800024884395692	-1.96872612407564e-05	14.600325410089	0.999999999999299
56.875	48.5	0.999999999994403	0.800024503938179	-1.95232108814427e-05	14.4003192362593	0.999999999999384
57.125	48.5	0.999999999995064	0.800024125425942	-1.93620221931422e-05	14.2003131572973	0.999999999999457
57.375	48.5	0.999999999995625	0.800023748886136	-1.92036386778854e-05	14.0003071727128	0.999999999999519
57.625	48.5	0.999999999996102	0.800023374342294	-1.90480069031993e-05	13.8003012820096	0.999999999999571
57.875	48.5	0.999999999996507	0.800023001814561	-1.88950763380023e-05	13.6002954846859	0.999999999999616
58.125	48.5	0.999999999996851	0.800022631319852	-1.87447991947211e-05	13.4002897802353	0.999999999999654
58.375	48.5	0.999999999997144	0.800022262871985	-1.85971302765299e-05	13.2002841681476	0.999999999999686
58.625	48.5	0.999999999997392	0.800021896481887	-1.84520268427772e-05	13.0002786479093	0.999999999999713
58.875	48.5	0.999999999997604	0.800021532157723	-1.83094484612984e-05	12.8002732190049	0.999999999999736
59.125	48.5	0.999999999997785	0.800021169905044	-1.8169356898586e-05	12.6002678809168	0.999999999999756
59.375	48.5	0.999999999997939	0.800020809726921	-1.80317159844595e-05	12.4002626331267	0.999999999999773
59.625	48.5	0.999999999998069	0.800020451624064	-1.78964915131287e-05	12.2002574751155	0.999999999999788
59.875	48.5	0.999999999998179	0.800020095594981	-1.77636511174553e-05	12.0002524063644	0.9999999999998
60.125	48.5	0.999999999998275	0.800019741636042	-1.76331641826099e-05	11.8002474263553	0.99999999999981
60.375	48.5	0.999999999998357	0.800019389741639	-1.7505001742628e-05	11.600242534571	0.999999999999819
60.625	48.5	0.999999999998428	0.800019039904239	-1.73791363862835e-05	11.4002377304963	0.999999999999827
60.875	48.5	0.999999999998488	0.800018692114548	-1.72555421768334e-05	11.2002330136178	0.999999999999834
61.125	48.5	0.999999999998539	0.800018346361541	-1.71341945710652e-05	11.0002283834247	0.999999999999839
61.375	48.5	0.999999999998583	0.800018002632596	-1.70150703294157e-05	10.8002238394094	0.999999999999844
61.625	48.5	0.99999999999862	0.800017660913574	-1.6898147464003e-05	10.6002193810673	0.999999999999848
61.875	48.5	0.999999999998652	0.800017321188857	-1.6783405146933e-05	10.4002150078978	0.999999999999852
62.125	48.5	0.999999999998679	0.8000169834415	-1.66708236633203e-05	10.2002107194043	0.999999999999855
62.375	48.5	0.999999999998701	0.80001664765322	-1.65603843398766e-05	10.0002065150945	0.999999999999857
62.625	48.5	0.999999999998721	0.800016313804543	-1.64520694893392e-05	9.80020239448086	0.999999999999859
62.875	48.5	0.999999999998738	0.800015981874817	-1.63458623547406e-05	9.60019835708101	0.999999999999861
63.125	48.5	0.999999999998752	0.800015651842291	-1.62417470615818e-05	9.40019440241772	0.999999999999863
63.375	48.5	0.999999999998763	0.800015323684172	-1.61397085625788e-05	9.20019053001939	0.999999999999864
63.625	48.5	0.999999999998775	0.800014997376697	-1.60397325961102e-05	9.00018673942024	0.999999999999865
63.875	48.5	0.99999999999879	0.800014672895169	-1.59418056420138e-05	8.80018303016053	0.999999999999867
64.125	48.5	0.999999999998806	0.800014350214001	-1.58459148824217e-05	8.60017940178683	0.999999999999869
64.375	48.5	0.999999999998822	0.800014029306772	-1.57520481563092e-05	8.4001758538522	0.99999999999987
64.625	48.5	0.999999999998829	0.800013710146312	-1.5660193933192e-05	8.20017238591641	0.999999999999871
64.875	48.5	0.999999999998816	0.800013392704667	-1.55703412720386e-05	8.00016899754612	0.99999999999987
65.125	48.5	0.999999999998771	0.800013076953207	-1.54824797898812e-05	7.80016568831504	0.999999999999865
65.375	48.5	0.999999999998703	0.800012762862636	-1.53965996359417e-05	7.60016245780417	0.999999999999857
65.625	48.5	0.999999999998648	0.800012450403034	-1.53126914593542e-05	7.40015930560187	0.999999999999851
65.875	48.5	0.99999999999869	0.800012139543899	-1.52307463821074e-05	7.20015623130408	0.999999999999856
66.125	48.5	0.999999999998935	0.800011830254166	-1.51507559777311e-05	7.00015323451441	0.999999999999883
66.375	48.5	0.99999999999946	0.800011522502256	-1.50727122451263e-05	6.80015031484432	0.999999999999941
66.625	48.5	1.00000000000018	0.800011216256099	-1.49966075872698e-05	6.60014747191321	1.00000000000002
66.875	48.5	1.00000000000073	0.800010911483162	-1.4922434793384e-05	6.40014470534858	1.00000000000008
67.125	48.5	1.00000000000031	0.800010608150489	-1.48501870160839e-05	6.20014201478611	1.00000000000003
67.375	48.5	0.99999999999788	0.800010306224731	-1.47798577583475e-05	6.0001393998698	0.999999999999767
67.625	48.5	0.99999999999268	0.800010005672174	-1.47114408517303e-05	5.80013686025206	0.999999999999195
67.875	48.5	0.999999999985277	0.800009706458753	-1.46449304399387e-05	5.60013439559376	0.999999999998381
68.125	48.5	0.999999999978992	0.800009408550064	-1.45803209642519e-05	5.40013200556433	0.999999999997689
68.375	48.5	0.999999999980922	0.800009111911373	-1.45176071408083e-05	5.20012968984169	0.999999999997901
68.625	48.5	1.00000000000123	0.80000881650757	-1.44567839477077e-05	5.00012744811232	1.00000000000014
68.875	48.5	1.0000000000489	0.800008522303194	-1.43978466110722e-05	4.80012528007125	1.00000000000538
69.125	48.5	1.00000000012265	0.800008229262437	-1.43407906037208e-05	4.60012318542228	1.00000000001349
69.375	48.5	1.00000000019794	0.800007937349325	-1.42856116470488e-05	4.40012116387842	1.00000000002177
69.625	48.5	1.00000000021509	0.800007646527927	-1.42323057313326e-05	4.20011921516252	1.00000000002366
69.875	48.5	1.00000000007979	0.800007356762764	-1.41808691349066e-05	4.00011733900816	1.00000000000878
70.125	48.5	0.999999999691707	0.800007068019134	-1.41312984278582e-05	3.8001155351601	0.999999999966088
70.375	48.5	0.999999999015847	0.800006780263125	-1.4083590435235e-05	3.60011380337369	0.999999999891743
70.625	48.5	0.999999998197005	0.800006493460927	-1.4037742118738e-05	3.40011214341217	0.999999999801671
70.875	48.5	0.999999997684689	0.800006207577031	-1.39937503666832e-05	3.20011055504141	0.999999999745316
71.125	48.5	0.99999999828589	0.80000592257131	-1.39516117201985e-05	3.00010903802264	0.999999999811448
71.375	48.5	1.00000000101206	0.800005638395785	-1.39113221418469e-05	2.80010759210629	1.00000000011133
71.625	48.5	1.00000000657222	0.800005354993144	-1.38728770406759e-05	2.60010621703304	1.00000000072294
71.875	48.5	1.00000001444305	0.800005072300313	-1.38362718457621e-05	2.4001049125508	1.00000000158874
72.125	48.5	1.00000002167756	0.800004790260808	-1.38015033601393e-05	2.20010367845482	1.00000000238453
72.375	48.5	1.000000022014	0.800004508847707	-1.37685718842186e-05	2.00010251465089	1.00000000242154
72.625	48.5	1.00000000633066	0.80000422809347	-1.3737483482151e-05	1.80010142122325	1.00000000069637
72.875	48.5	0.999999965805174	0.800003948113052	-1.37082509328828e-05	1.60010039846282	0.999999996238569
73.125	48.5	0.999999898835256	0.800003669095	-1.36808910245378e-05	1.40009944678454	0.999999988871878
73.375	48.5	0.99999982131982	0.800003391227216	-1.36554156671056e-05	1.20009856645555	0.99999998034518
73.625	48.5	0.999999776925652	0.800003114530898	-1.36318156517978e-05	1.00009775709728	0.999999975461822
73.875	48.5	0.999999839779255	0.800002838610643	-1.3610039809386e-05	0.800097017044917	0.999999982375718
74.125	48.5	1.00000009819486	0.800002562399703	-1.35899790600643e-05	0.600096342856026	1.00000001080144
74.375	48.5	1.0000006078137	0.80000228401374	-1.35714729930955e-05	0.400095729513329	1.00000006685951
74.625	48.5	1.00000131048446	0.800001797137189	-1.35543629435992e-05	0.200095172068422	1.00000014415329
74.875	48.5	1.00000193564702	0.400002311507272	-1.35418904832728e-05	9.47714860321814e-05	1.00000021292117
0.125	49.5	-1.47703914957996e-07	0.399986954337807	0.000425074436393504	58.5926994927841	0.889999983752569
0.375	49.5	-6.2138421649405e-06	0.799961128743053	0.000425293887680052	58.4147053013526	0.889999316477362
0.625	49.5	-1.94139579761487e-05	0.799935098093549	0.000425726397912734	58.2367170638876	0.889997864464623
0.875	49.5	-4.05401573192336e-05	0.799908644653129	0.000426346284282192	58.0587350368432	0.889995540582695
1.125	49.5	-6.90029453909718e-05	0.799881655660595	0.000427118711010232	57.8807595005764	0.889992409676007
1.375	49.5	-0.000101802197457153	0.799853971972762	0.00042799942730012	57.7027907357498	0.88998880175828
1.625	49.5	-0.000132564062601962	0.799825421994871	0.00042893541163512	57.5248289615217	0.889985417953114
1.875	49.5	-0.000150724864786074	0.799795817574814	0.000429865619994798	57.346874254501	0.889983420264874
2.125	49.5	-0.000140976690103269	0.799764950319307	0.000430721674798398	57.1689264528943	0.889984492564089
2.375	49.5	-8.30867440809695e-05	0.799732589022375	0.000431428317039599	56.9909850527517	0.889990860458151
2.625	49.5	4.78259087044023e-05	0.799698478667582	0.000431903436242027	56.8130491053638	0.890005260849957
2.875	49.5	0.000280519102118292	0.799662341215576	0.000432057505291023	56.6351171261864	0.890030857101233
3.125	49.5	0.000646380900094267	0.799623878114297	0.000431792280290587	56.4571870258796	0.89007110189901
3.375	49.5	0.00117778356833228	0.799582774201115	0.000430998676255836	56.279256073024	0.890129556192517
3.625	49.5	0.00190616357654815	0.799538702437226	0.000429553786323801	56.1013208958956	0.89020967799342
3.875	49.5	0.00285998797946321	0.799491328756812	0.000427317064150449	55.9233775275884	0.890314598677741
4.125	49.5	0.00406278411703369	0.799440316238009	0.000424125726697738	55.7454214951246	0.890446906252874
4.375	49.5	0.00553140684132692	0.799385327813156	0.000419789452938494	55.5674479494065	0.890608454752546
4.625	49.5	0.00727469721447157	0.799326026820576	0.000414084458438319	55.3894518293279	0.890800216693592
4.875	49.5	0.00929265267179029	0.799262074843288	0.000406747026506542	55.2114280504362	0.891022191793897
5.125	49.5	0.0115761860291126	0.799193126472762	0.000397466591574914	55.0333717064344	0.891273380463202
5.375	49.5	0.0141075048452296	0.799118820854483	0.000385878514295118	54.8552782706767	0.891551825532975
5.625	49.5	0.0168610986939499	0.799038770116845	0.000371556771681273	54.6771437846357	0.891854720856335
5.875	49.5	0.0198052843624282	0.798952545034162	0.000354006908807352	54.4989650210141	0.892178581279867
6.125	49.5	0.0229042313620043	0.798859658522699	0.000332659750203506	54.3207396105407	0.892519465449821
6.375	49.5	0.0261203746282627	0.798759547799021	0.000306866529347479	54.1424661232903	0.892873241209109
6.625	49.5	0.0294171186270669	0.798651556238095	0.000275896244099277	53.9641440973177	0.893235883048977
6.875	49.5	0.0327617464694167	0.79853491614417	0.00023893617115707	53.7857740092188	0.893603792111636
7.125	49.5	0.0361284669536707	0.798408733800921	0.00019509658098562	53.6073571826875	0.893974131364904
7.375	49.5	0.0395015588235874	0.798271978302274	0.000143420819980099	53.4288956320505	0.894345171470595
7.625	49.5	0.0428786021689525	0.798123475796768	8.29021372968494e-05	53.2503918379975	0.894716646238585
7.875	49.5	0.046273820068822	0.797961910919368	1.25090342555056e-05	53.0718484522422	0.89509012020757
8.125	49.5	0.0497215893827493	0.797785837332287	-6.87783577827363e-05	52.8932679265797	0.895469374832102
8.375	49.5	0.0532802201740533	0.797593699443997	-0.000161917151086193	52.7146520597032	0.895860824219146
8.625	49.5	0.057036151885066	0.797383867480776	-0.000267730249996997	52.5360014520545	0.896273976707357
8.875	49.5	0.0611087735641068	0.797154688072035	-0.000386806392028326	52.3573148547302	0.896721965092052
9.125	49.5	0.0656561422113963	0.796904552248554	-0.000519360179685212	52.1785883928298	0.897222175643254
9.375	49.5	0.070881932794256	0.796631982025407	-0.000665036903019538	51.9998146366152	0.897797012607368
9.625	49.5	0.0770439680306191	0.796335735239385	-0.000822643802931886	51.8209814859829	0.898474836483368
9.875	49.5	0.0844645699361622	0.79601492564942	-0.000989788805099412	51.6420708268194	0.899291102692978
10.125	49.5	0.0935426146944481	0.795669151205447	-0.00116241337993871	51.4630569158147	0.900289687616389
10.375	49.5	0.104766346773466	0.795298618166477	-0.00133422428827905	51.2839044609812	0.901524298145081
10.625	49.5	0.118724429539595	0.794904244378349	-0.00149606866873329	51.1045664014884	0.903059687249355
10.875	49.5	0.136110077042591	0.794487727076146	-0.00163536878110938	50.9249814717719	0.904972108474685
11.125	49.5	0.157709330851107	0.794051580039822	-0.00173584277600802	50.7450717846738	0.907348026393622
11.375	49.5	0.184360224304717	0.793599197029235	-0.00177787327726339	50.5647409047186	0.910279624673519
11.625	49.5	0.216866849142854	0.793135089994955	-0.00173999072537017	50.3838731950143	0.913855353405714
11.875	49.5	0.255855668946935	0.792665546003296	-0.00160189299153016	50.202335530681	0.918144123584163
12.125	49.5	0.301577063188926	0.792199921013253	-0.00134906006660898	50.0199825884427	0.923173476950782
12.375	49.5	0.353686839277598	0.791752438792322	-0.000978247254776532	49.836666552862	0.928905552320536
12.625	49.5	0.411082678619122	0.791343615453927	-0.00050214869930519	49.652250970154	0.935219094648103
12.875	49.5	0.471892611484432	0.79099972332165	4.90581530126517e-05	49.466626723	0.941908187263288
13.125	49.5	0.533681308481098	0.790749020730461	0.000630980071594769	49.2797264123305	0.948704943932921
13.375	49.5	0.593847315841681	0.790615323089974	0.0011928608121058	49.091532970246	0.955323204742585
13.625	49.5	0.650080608572182	0.790611681064008	0.00168754116956099	48.9020798301768	0.96150886694294
13.875	49.5	0.700714245579662	0.790737301198612	0.00207999636023235	48.711442899351	0.967078567013763
14.125	49.5	0.744866342382001	0.790978853191502	0.00235179010160924	48.5197272820423	0.97193529766202
14.375	49.5	0.782376672025693	0.791314821365421	0.00250085614933744	48.3270527657181	0.976061433922826
14.625	49.5	0.813618723305907	0.791720546092221	0.0025378813000572	48.1335413423551	0.97949805956365
14.875	49.5	0.839281084975688	0.792172208758169	0.00248131075820643	47.9393083963354	0.982320919347326
15.125	49.5	0.860181774457306	0.79264916197388	0.00235267382464248	47.7444576760835	0.984619995190304
15.375	49.5	0.877140227172124	0.793134820506501	0.00217312993165278	47.5490792892315	0.986485424988934
15.625	49.5	0.890904633768105	0.793616619750986	0.00196141046303509	47.3532497057627	0.987999509714492
15.875	49.5	0.902120552579785	0.794085508548938	0.00173291379585814	47.157032873542	0.989233260783776
16.125	49.5	0.91132532942045	0.794535290799992	0.00149957760163055	46.9604818071978	0.990245786236249
16.375	49.5	0.918956096504906	0.794961986403765	0.00127018621740841	46.7636402615916	0.99108517061554
16.625	49.5	0.925363301810376	0.795363283877838	0.00105086612448893	46.5665442891473	0.991789963199141
16.875	49.5	0.93082519782295	0.795738101829074	0.000845618213761817	46.3692236004799	0.992390771760524
17.125	49.5	0.935561094585308	0.796086250612496	0.000656808012718001	46.1717027145609	0.992911720404384
17.375	49.5	0.939742596491779	0.796408176446201	0.000485581708383531	45.9740019160457	0.993371685614096
17.625	49.5	0.943502778872498	0.796704769464273	0.000332202074145274	45.7761380481314	0.993785305675975
17.875	49.5	0.946943577624988	0.796977219795595	0.000196311125285323	45.5781251695234	0.994163793538749
18.125	49.5	0.950141750593972	0.797226909240287	7.71310641894015e-05	45.3799750999373	0.994515592565337
18.375	49.5	0.953153742952977	0.797455329359873	-2.6384365248781e-05	45.1816978733995	0.994846911724827
18.625	49.5	0.956019720176741	0.797664019412345	-0.000115437305457539	44.9833021140117	0.995162169219442
18.875	49.5	0.958766958170487	0.797854519498413	-0.000191303098051203	44.7847953453649	0.995464365398753
19.125	49.5	0.961412717525455	0.798028335632363	-0.000255270474202454	44.5861842424423	0.9957553989278
19.375	49.5	0.963966683188399	0.798186914349778	-0.000308599228823494	44.3874748334087	0.996036335150724
19.625	49.5	0.966433021565554	0.798331625040915	-0.000352491260592139	44.1886726578688	0.996307632372211
19.875	49.5	0.96881209112337	0.798463748564755	-0.000388071826114679	43.9897828877044	0.996569330023571
20.125	49.5	0.971101835923127	0.798584470936334	-0.000416378571046052	43.7908104162812	0.996821201951544
20.375	49.5	0.973298890527944	0.798694881045619	-0.000438356429208981	43.5917599215034	0.997062877958074
20.625	49.5	0.975399426353336	0.798795971497369	-0.000454856875281513	43.3926359078149	0.997293936898867
20.875	49.5	0.97739977168551	0.798888641778646	-0.000466640320270527	43.1934427317912	0.997513974885406
21.125	49.5	0.979296838982829	0.798973703072083	-0.000474380680503401	42.994184615422	0.997722652288111
21.375	49.5	0.981088393124016	0.799051884143418	-0.000478671348820906	42.7948656506034	0.997919723243642
21.625	49.5	0.982773192867931	0.799123837835705	-0.000480031962932379	42.5954897977602	0.998105051215472
21.875	49.5	0.984351035161452	0.799190147803466	-0.00047891550667382	42.3960608809353	0.99827861386776
22.125	49.5	0.985822728438065	0.799251335207655	-0.000475715399035907	42.1965825811524	0.998440500128187
22.375	49.5	0.987190017090616	0.799307865171171	-0.000470772325014005	41.9970584293821	0.998590901879968
22.625	49.5	0.988455475238959	0.799360152859819	-0.00046438064418448	41.7974918000431	0.998730102276286
22.875	49.5	0.989622384031813	0.799408569105656	-0.000456794277357129	41.5978859056408	0.9988584622435
23.125	49.5	0.990694603216338	0.799453445532528	-0.000448232022651811	41.3982437928898	0.998976406353797
23.375	49.5	0.991676444689917	0.799495079172098	-0.000438882289330945	41.1985683404734	0.999084408915891
23.625	49.5	0.992572553256103	0.799533736582566	-0.000428907264697554	40.9988622584501	0.999182980858171
23.875	49.5	0.993387797829739	0.799569657494814	-0.000418446547261812	40.7991280892269	0.999272657761271
24.125	49.5	0.994127174829291	0.799603058021952	-0.000407620289924568	40.5993682099541	0.999353989231222
24.375	49.5	0.994795724393373	0.799634133470224	-0.000396531902650298	40.3995848361659	0.999427529683271
24.625	49.5	0.995398459291893	0.799663060792799	-0.000385270365439519	40.1997800264765	0.999493830522108
24.875	49.5	0.995940305900427	0.799690000726325	-0.000373912201297251	39.9999556881391	0.999553433649047
25.125	49.5	0.996426056305483	0.799715099647791	-0.000362523155801193	39.8001135832865	0.999606866193603
25.375	49.5	0.996860330454366	0.799738491187704	-0.000351159625918306	39.6002553356839	0.99965463634998
25.625	49.5	0.99724754721124	0.799760297630292	-0.000339869876081852	39.4003824378407	0.999697230193236
25.875	49.5	0.997591903196571	0.799780631130405	-0.000328695074922707	39.2004962583477	0.999735109351623
26.125	49.5	0.997897358344416	0.799799594770814	-0.000317670181483828	39.0005980493218	0.999768709417886
26.375	49.5	0.998167627191898	0.799817283483749	-0.000306824705566031	38.8006889538582	0.999798438991109
26.625	49.5	0.99840617500526	0.799833784853863	-0.000296183362979739	38.6007700134058	0.999824679250579
26.875	49.5	0.998616217939	0.799849179821114	-0.000285766643062604	38.4008421749948	0.99984778397329
27.125	49.5	0.998800726513229	0.799863543296453	-0.000275591303033323	38.2009062982591	0.999868079916455
27.375	49.5	0.998962431777535	0.799876944703467	-0.000265670800957781	38.0009631622087	0.999885867495529
27.625	49.5	0.999103833605775	0.799889448456305	-0.000256015677208046	37.8010134717138	0.999901421696635
27.875	49.5	0.999227210635393	0.79990111438286	-0.000246633892328544	37.6010578636773	0.999914993169893
28.125	49.5	0.999334631427363	0.799911998101027	-0.000237531127881183	37.4010969128733	0.99992680945701
28.375	49.5	0.999427966479116	0.799922151354766	-0.00022871105543898	37.2011311374428	0.999937076312703
28.625	49.5	0.999508900773958	0.799931622314898	-0.000220175578114112	37.0011610040383	0.999945979085135
28.875	49.5	0.999578946596495	0.799940455850671	-0.000211925047990009	36.8011869326185	0.999953684125614
29.125	49.5	0.999639456385494	0.799948693774669	-0.000203958462419989	36.6012093008953	0.999960340202404
29.375	49.5	0.999691635433626	0.799956375065526	-0.000196273641384072	36.4012284484416	0.999966079897699
29.625	49.5	0.999736554277826	0.799963536070795	-0.000188867387951117	36.2012446804696	0.999971020970561
29.875	49.5	0.999775160655188	0.799970210692954	-0.0001817356333714	36.0012582712929	0.999975267672071
30.125	49.5	0.999808290927033	0.79997643055956	-0.000174873568216503	35.8012694674864	0.999978912001974
30.375	49.5	0.999836680898855	0.799982225180856	-0.000168275760724171	35.6012784907615	0.999982034898874
30.625	49.5	0.999860975985624	0.799987622094551	-0.00016193626343279	35.4012855405716	0.999984707358419
30.875	49.5	0.999881740691202	0.799992647000583	-0.000155848708947801	35.2012907964681	0.999986991476032
31.125	49.5	0.999899467387061	0.799997323885728	-0.000150006395779619	35.0012944202221	0.999988941412577
31.375	49.5	0.999914584389415	0.800001675139751	-0.00014440236496481	34.8012965577314	0.999990604282836
31.625	49.5	0.999927463345605	0.800005721663345	-0.000139029468146413	34.6012973407299	0.999992020968017
31.875	49.5	0.99993842594977	0.8000094829689	-0.00013388042795821	34.4012968883154	0.999993226854475
32.125	49.5	0.999947750015367	0.800012977274252	-0.000128947891113588	34.2012953083127	0.99999425250169
32.375	49.5	0.999955674937602	0.800016221590502	-0.000124224474985648	34.0012926984886	0.999995124243136
32.625	49.5	0.99996240658268	0.800019231803697	-0.000119702808168692	33.8012891476304	0.999995864724095
32.875	49.5	0.999968121643479	0.800022022751316	-0.000115375565526217	33.6012847365044	0.999996493380783
33.125	49.5	0.9999729715024	0.800024608293339	-0.00011123549834371	33.4012795387053	0.999997026865264
33.375	49.5	0.999977085642533	0.800027001379118	-0.000107275459895099	33.2012736214091	0.999997479420679
33.625	49.5	0.999980574647734	0.800029214109251	-0.000103488427063884	33.0012670460391	0.999997863211251
33.875	49.5	0.999983532830909	0.800031257793515	-9.98675182658893e-05	32.8012598688554	0.9999981886114
34.125	49.5	0.999986040528248	0.800033143005031	-9.64060081339285e-05	32.6012521414769	0.999998464458107
34.375	49.5	0.999988166094876	0.80003487963044	-9.30973393935989e-05	32.4012439113425	0.999998698270436
34.625	49.5	0.999989967635205	0.800036476916899	-8.99351321152399e-05	32.2012352221202	0.999998896439872
34.875	49.5	0.999991494498644	0.800037943515776	-8.69131907049414e-05	32.0012261140687	0.999999064394851
35.125	49.5	0.999992788568833	0.800039287523166	-8.40255090077695e-05	31.8012166243589	0.999999206742572
35.375	49.5	0.99999388537196	0.800040516517906	-8.12662736208571e-05	31.6012067873588	0.999999327390916
35.625	49.5	0.999994815027283	0.80004163759664	-7.86298657490798e-05	31.4011966348867	0.999999429653001
35.875	49.5	0.999995603060464	0.800042657406568	-7.61108617547715e-05	31.201186196437	0.999999516336651
36.125	49.5	0.999996271098145	0.800043582175842	-7.37040326078107e-05	31.0011754993812	0.999999589820796
36.375	49.5	0.999996837460049	0.800044417741933	-7.14043424205562e-05	30.8011645691479	0.999999652120605
36.625	49.5	0.999997317662892	0.800045169577781	-6.92069461427337e-05	30.6011534293841	0.999999704942918
36.875	49.5	0.999997724848686	0.800045842816246	-6.7107186642799e-05	30.401142102099	0.999999749733355
37.125	49.5	0.999998070148305	0.800046442272821	-6.51005912086484e-05	30.2011306077948	0.999999787716313
37.375	49.5	0.999998362989822	0.800046972466694	-6.31828676132181e-05	30.0011189655835	0.99999981992888
37.625	49.5	0.999998611359776	0.800047437640267	-6.13498998023121e-05	29.8011071932926	0.999999847249575
37.875	49.5	0.999998822024429	0.800047841777471	-5.95977433277894e-05	29.6010953075615	0.999999870422687
38.125	49.5	0.999999000717035	0.800048188620535	-5.79226205431292e-05	29.4010833239281	0.999999890078874
38.375	49.5	0.999999152296303	0.800048481685824	-5.63209156397164e-05	29.2010712569083	0.999999906752593
38.625	49.5	0.999999280880447	0.800048724278369	-5.47891695911007e-05	29.0010591200681	0.999999920896849
38.875	49.5	0.999999389960592	0.800048919505534	-5.33240750171621e-05	28.8010469260896	0.999999932895665
39.125	49.5	0.999999482496702	0.800049070289601	-5.1922471024281e-05	28.6010346868317	0.999999943074637
39.375	49.5	0.999999560998746	0.800049179379564	-5.05813380561713e-05	28.4010224133849	0.999999951709862
39.625	49.5	0.999999627595369	0.800049249362026	-4.9297792762807e-05	28.2010101161232	0.999999959035491
39.875	49.5	0.999999684092023	0.800049282671532	-4.80690829233194e-05	28.0009978047502	0.999999965250123
40.125	49.5	0.999999732020187	0.800049281599927	-4.68925824605808e-05	27.8009854883431	0.999999970522221
40.375	49.5	0.999999772679023	0.800049248305259	-4.57657865016037e-05	27.6009731753923	0.999999974994693
40.625	49.5	0.999999807170688	0.800049184820068	-4.4686306585032e-05	27.4009608738387	0.999999978788776
40.875	49.5	0.999999836430261	0.800049093059076	-4.36518659352157e-05	27.2009485911079	0.999999982007329
41.125	49.5	0.999999861251075	0.800048974826331	-4.26602948843202e-05	27.0009363341425	0.999999984737618
41.375	49.5	0.999999882306218	0.800048831821907	-4.17095263974716e-05	26.800924109431	0.999999987053684
41.625	49.5	0.999999900166762	0.800048665648294	-4.0797591744527e-05	26.6009119230363	0.999999989018344
41.875	49.5	0.999999915317226	0.800048477816059	-3.99226162867153e-05	26.4008997806207	0.999999990684895
42.125	49.5	0.999999928168688	0.800048269749484	-3.90828154078083e-05	26.2008876874703	0.999999992098556
42.375	49.5	0.999999939069902	0.800048042791582	-3.82764905760704e-05	26.0008756485173	0.999999993297689
42.625	49.5	0.999999948316753	0.80004779820894	-3.75020255431227e-05	25.800863668361	0.999999994314843
42.875	49.5	0.999999956160249	0.800047537196151	-3.67578826742931e-05	25.6008517512871	0.999999995177627
43.125	49.5	0.99999996281334	0.800047260880056	-3.60425994191894e-05	25.4008399012867	0.999999995909467
43.375	49.5	0.999999968456672	0.800046970323626	-3.53547849020569e-05	25.2008281220727	0.999999996530234
43.625	49.5	0.99999997324349	0.800046666529735	-3.46931166640879e-05	25.0008164170966	0.999999997056784
43.875	49.5	0.999999977303783	0.800046350444496	-3.4056337500327e-05	24.8008047895633	0.999999997503416
44.125	49.5	0.999999980747822	0.800046022960586	-3.34432524619046e-05	24.6007932424455	0.99999999788226
44.375	49.5	0.999999983669141	0.800045684920256	-3.28527259390474e-05	24.4007817784969	0.999999998203606
44.625	49.5	0.999999986147079	0.800045337118171	-3.22836788951279e-05	24.2007704002649	0.999999998476179
44.875	49.5	0.999999988248935	0.800044980304149	-3.17350861996165e-05	24.0007591101024	0.999999998707383
45.125	49.5	0.999999990031787	0.80004461518563	-3.12059740732664e-05	23.800747910179	0.999999998903497
45.375	49.5	0.999999991544062	0.800044242430021	-3.06954176528245e-05	23.6007368024913	0.999999999069847
45.625	49.5	0.999999992826825	0.800043862666987	-3.02025386521617e-05	23.400725788873	0.999999999210951
45.875	49.5	0.999999993914908	0.800043476490494	-2.97265031275466e-05	23.2007148710042	0.99999999933064
46.125	49.5	0.999999994837862	0.800043084460826	-2.92665193392035e-05	23.00070405042	0.999999999432165
46.375	49.5	0.99999999562075	0.800042687106388	-2.88218357039788e-05	22.8006933285191	0.999999999518282
46.625	49.5	0.999999996284827	0.800042284925451	-2.8391738856186e-05	22.6006827065713	0.999999999591331
46.875	49.5	0.999999996848129	0.800041878387856	-2.79755517819622e-05	22.400672185725	0.999999999653294
47.125	49.5	0.999999997325951	0.800041467936517	-2.75726320354808e-05	22.2006617670146	0.999999999705855
47.375	49.5	0.999999997731263	0.800041053988875	-2.718237003856e-05	22.0006514513663	0.999999999750439
47.625	49.5	0.999999998075072	0.800040636938316	-2.68041874822077e-05	21.8006412396051	0.999999999788258
47.875	49.5	0.999999998366709	0.800040217155384	-2.6437535753695e-05	21.6006311324602	0.999999999820338
48.125	49.5	0.99999999861409	0.800039794989149	-2.60818944857202e-05	21.4006211305706	0.99999999984755
48.375	49.5	0.999999998823935	0.800039370768188	-2.57367701507992e-05	21.2006112344908	0.999999999870633
48.625	49.5	0.999999999001942	0.800038944801812	-2.54016947132153e-05	21.0006014446954	0.999999999890214
48.875	49.5	0.999999999152938	0.800038517381023	-2.50762243651247e-05	20.8005917615838	0.999999999906823
49.125	49.5	0.999999999281025	0.800038088779554	-2.47599383042656e-05	20.6005821854848	0.999999999920913
49.375	49.5	0.999999999389681	0.800037659254663	-2.44524375919216e-05	20.4005727166608	0.999999999932865
49.625	49.5	0.999999999481851	0.800037229048144	-2.41533440338059e-05	20.200563355312	0.999999999943004
49.875	49.5	0.999999999560038	0.800036798387046	-2.3862299154126e-05	20.0005541015796	0.999999999951604
50.125	49.5	0.999999999626365	0.800036367484508	-2.35789631736123e-05	19.8005449555502	0.9999999999589
50.375	49.5	0.999999999682632	0.800035936540433	-2.33030140823618e-05	19.6005359172584	0.999999999965089
50.625	49.5	0.999999999730362	0.800035505742233	-2.3034146724559e-05	19.4005269866906	0.99999999997034
50.875	49.5	0.999999999770853	0.800035075265474	-2.27720719469701e-05	19.2005181637878	0.999999999974794
51.125	49.5	0.999999999805203	0.800034645274457	-2.2516515777877e-05	19.0005094484485	0.999999999978572
51.375	49.5	0.999999999834346	0.800034215922836	-2.22672186497659e-05	18.8005008405315	0.999999999981778
51.625	49.5	0.999999999859069	0.800033787354221	-2.20239346649638e-05	18.6004923398584	0.999999999984498
51.875	49.5	0.999999999880043	0.800033359702557	-2.17864308919677e-05	18.4004839462162	0.999999999986805
52.125	49.5	0.999999999897837	0.800032933092786	-2.15544866881455e-05	18.2004756593595	0.999999999988762
52.375	49.5	0.999999999912936	0.80003250764124	-2.13278930865946e-05	18.0004674790127	0.999999999990423
52.625	49.5	0.999999999925745	0.800032083456064	-2.11064521778732e-05	17.8004594048724	0.999999999991832
52.875	49.5	0.999999999936614	0.800031660637685	-2.08899765347331e-05	17.6004514366088	0.999999999993028
53.125	49.5	0.99999999994584	0.800031239279185	-2.06782886860149e-05	17.4004435738681	0.999999999994042
53.375	49.5	0.99999999995367	0.800030819466709	-2.04712205717284e-05	17.2004358162743	0.999999999994904
53.625	49.5	0.999999999960314	0.80003040127978	-2.02686130813009e-05	17.0004281634303	0.999999999995634
53.875	49.5	0.99999999996595	0.800029984791666	-2.00703155737632e-05	16.8004206149203	0.999999999996255
54.125	49.5	0.999999999970733	0.80002957006969	-1.98761854262386e-05	16.6004131703107	0.999999999996781
54.375	49.5	0.999999999974795	0.800029157175596	-1.96860876360525e-05	16.4004058291518	0.999999999997227
54.625	49.5	0.999999999978242	0.800028746165723	-1.94998943967955e-05	16.2003985909794	0.999999999997607
54.875	49.5	0.999999999981171	0.800028337091382	-1.93174847393863e-05	16.0003914553155	0.999999999997929
55.125	49.5	0.999999999983657	0.800027929999055	-1.9138744161073e-05	15.8003844216702	0.999999999998202
55.375	49.5	0.999999999985771	0.800027524930687	-1.8963564291643e-05	15.6003774895423	0.999999999998435
55.625	49.5	0.999999999987566	0.800027121923891	-1.87918425594804e-05	15.4003706584208	0.999999999998632
55.875	49.5	0.999999999989092	0.800026721012171	-1.86234818982711e-05	15.2003639277859	0.9999999999988
56.125	49.5	0.999999999990388	0.80002632222514	-1.8458390444126e-05	15.0003572971098	0.999999999998943
56.375	49.5	0.999999999991491	0.800025925588737	-1.82964812621079e-05	14.8003507658577	0.999999999999064
56.625	49.5	0.999999999992428	0.800025531125369	-1.81376720873763e-05	14.600344333489	0.999999999999167
56.875	49.5	0.999999999993226	0.800025138854168	-1.79818850748394e-05	14.4003379994576	0.999999999999255
57.125	49.5	0.999999999993905	0.800024748791055	-1.78290465611012e-05	14.2003317632135	0.99999999999933
57.375	49.5	0.999999999994485	0.800024360949019	-1.76790868391138e-05	14.0003256242025	0.999999999999393
57.625	49.5	0.999999999994978	0.800023975338177	-1.75319399564379e-05	13.800319581868	0.999999999999448
57.875	49.5	0.999999999995399	0.80002359196597	-1.73875435019472e-05	13.600313635651	0.999999999999494
58.125	49.5	0.999999999995758	0.800023210837306	-1.72458384189954e-05	13.400307784991	0.999999999999533
58.375	49.5	0.999999999996065	0.800022831954626	-1.71067688345304e-05	13.2003020293265	0.999999999999567
58.625	49.5	0.999999999996328	0.800022455318139	-1.69702818682082e-05	13.0002963680959	0.999999999999596
58.875	49.5	0.999999999996553	0.800022080925834	-1.68363274941674e-05	12.8002908007377	0.999999999999621
59.125	49.5	0.999999999996747	0.800021708773653	-1.67048583633921e-05	12.600285326691	0.999999999999642
59.375	49.5	0.999999999996913	0.800021338855587	-1.65758296791343e-05	12.4002799453965	0.99999999999966
59.625	49.5	0.999999999997056	0.800020971163757	-1.6449199042468e-05	12.2002746562963	0.999999999999676
59.875	49.5	0.999999999997179	0.800020605688553	-1.6324926335349e-05	12.000269458835	0.99999999999969
60.125	49.5	0.999999999997285	0.800020242418656	-1.62029735842799e-05	11.8002643524596	0.999999999999701
60.375	49.5	0.999999999997377	0.800019881341208	-1.60833048549361e-05	11.6002593366203	0.999999999999711
60.625	49.5	0.999999999997458	0.800019522441842	-1.5965886134165e-05	11.4002544107704	0.99999999999972
60.875	49.5	0.999999999997527	0.800019165704756	-1.58506852240272e-05	11.2002495743674	0.999999999999728
61.125	49.5	0.999999999997588	0.800018811112805	-1.57376716511796e-05	11.0002448268726	0.999999999999735
61.375	49.5	0.999999999997641	0.800018458647592	-1.56268165649599e-05	10.8002401677518	0.999999999999741
61.625	49.5	0.999999999997688	0.800018108289498	-1.55180926456454e-05	10.6002355964758	0.999999999999746
61.875	49.5	0.999999999997729	0.800017760017744	-1.54114740333197e-05	10.4002311125201	0.99999999999975
62.125	49.5	0.999999999997765	0.800017413810491	-1.530693623747e-05	10.2002267153657	0.999999999999754
62.375	49.5	0.999999999997798	0.800017069644863	-1.52044560663913e-05	10.0002224044992	0.999999999999758
62.625	49.5	0.999999999997827	0.800016727497002	-1.51040115503557e-05	9.80021817941303	0.999999999999761
62.875	49.5	0.999999999997852	0.800016387342144	-1.50055818868484e-05	9.60021403960571	0.999999999999764
63.125	49.5	0.999999999997874	0.800016049154653	-1.49091473650643e-05	9.40020998458204	0.999999999999766
63.375	49.5	0.999999999997896	0.800015712908054	-1.4814689310618e-05	9.20020601385333	0.999999999999769
63.625	49.5	0.999999999997918	0.800015378575089	-1.47221900312079e-05	9.00020212693763	0.999999999999771
63.875	49.5	0.999999999997942	0.80001504612778	-1.46316327606677e-05	8.80019832335988	0.999999999999774
64.125	49.5	0.999999999997967	0.800014715537436	-1.45430016106923e-05	8.60019460265212	0.999999999999776
64.375	49.5	0.999999999997989	0.800014386774699	-1.44562815209947e-05	8.40019096435363	0.999999999999779
64.625	49.5	0.999999999997999	0.800014059809598	-1.43714582161404e-05	8.20018740801112	0.99999999999978
64.875	49.5	0.999999999997986	0.800013734611552	-1.4288518165909e-05	8.00018393317886	0.999999999999778
65.125	49.5	0.999999999997941	0.800013411149445	-1.42074485431229e-05	7.80018053941885	0.999999999999774
65.375	49.5	0.999999999997874	0.800013089391618	-1.41282371865509e-05	7.60017722630091	0.999999999999766
65.625	49.5	0.99999999999783	0.800012769305908	-1.40508725687156e-05	7.40017399340286	0.999999999999761
65.875	49.5	0.999999999997901	0.800012450859692	-1.3975343757558e-05	7.20017084031062	0.999999999999769
66.125	49.5	0.999999999998197	0.800012134019899	-1.39016403941248e-05	7.00016776661831	0.999999999999802
66.375	49.5	0.999999999998788	0.800011818753033	-1.38297526575448e-05	6.80016477192836	0.999999999999867
66.625	49.5	0.999999999999574	0.800011505025214	-1.37596712408824e-05	6.60016185585164	0.999999999999953
66.875	49.5	1.00000000000013	0.800011192802184	-1.36913873253555e-05	6.40015901800752	1.00000000000001
67.125	49.5	0.999999999999619	0.80001088204935	-1.36248925584393e-05	6.20015625802403	0.999999999999958
67.375	49.5	0.999999999996946	0.800010572731798	-1.35601790333524e-05	6.00015357553786	0.999999999999664
67.625	49.5	0.999999999991327	0.800010264814331	-1.34972392630485e-05	5.80015097019453	0.999999999999046
67.875	49.5	0.999999999983423	0.800009958261459	-1.3436066167215e-05	5.60014844164839	0.999999999998177
68.125	49.5	0.999999999976789	0.800009653037446	-1.33766530439667e-05	5.40014598956264	0.999999999997447
68.375	49.5	0.999999999978929	0.800009349106245	-1.33189935557336e-05	5.20014361360936	0.999999999997682
68.625	49.5	1.0000000000005	0.800009046431513	-1.32630817076846e-05	5.00014131346944	1.00000000000005
68.875	49.5	1.00000000005084	0.800008744976605	-1.32089118345056e-05	4.80013908883265	1.00000000000559
69.125	49.5	1.0000000001285	0.80000844470458	-1.31564785936302e-05	4.6001369393978	1.00000000001414
69.375	49.5	1.00000000020772	0.800008145578362	-1.31057769677668e-05	4.40013486487318	1.00000000002285
69.625	49.5	1.00000000022621	0.800007847561016	-1.30568022794871e-05	4.20013286497727	1.00000000002488
69.875	49.5	1.00000000008578	0.800007550616106	-1.30095502034204e-05	4.00013093943958	1.00000000000944
70.125	49.5	0.999999999682145	0.800007254708048	-1.29640167748646e-05	3.80012908800111	0.999999999965036
70.375	49.5	0.999999998978966	0.800006959802131	-1.29201983417931e-05	3.60012731041374	0.999999999887686
70.625	49.5	0.999999998126317	0.800006665863798	-1.28780914633409e-05	3.40012560643745	0.999999999793895
70.875	49.5	0.999999997589794	0.800006372856777	-1.28376927112495e-05	3.20012397583477	0.999999999734877
71.125	49.5	0.999999998204805	0.800006080740066	-1.27989984135972e-05	3.00012241836333	0.999999999802529
71.375	49.5	1.00000000101812	0.800005789464615	-1.27620044387879e-05	2.80012093376941	1.00000000011199
71.625	49.5	1.00000000676401	0.800005498971791	-1.27267062201816e-05	2.60011952178908	1.00000000074404
71.875	49.5	1.00000001490397	0.800005209197063	-1.2693099269851e-05	2.40011818216565	1.00000000163944
72.125	49.5	1.00000002239705	0.80000492008278	-1.26611804240206e-05	2.20011691469115	1.00000000246368
72.375	49.5	1.00000002278066	0.800004631601847	-1.26309497779471e-05	2.0001157192715	1.00000000250587
72.625	49.5	1.00000000664031	0.80000434378846	-1.26024127656008e-05	1.80011459599662	1.00000000073043
72.875	49.5	0.999999964869097	0.800004056761952	-1.25755810162951e-05	1.60011354516958	0.999999996135601
73.125	49.5	0.999999895805955	0.800003770717564	-1.25504698723999e-05	1.40011256722135	0.999999988538655
73.375	49.5	0.999999815838241	0.800003485849884	-1.25270902288526e-05	1.20011166243045	0.999999979742207
73.625	49.5	0.999999769987753	0.800003202181628	-1.25054336371692e-05	1.0001108304095	0.999999974698653
73.875	49.5	0.999999834684978	0.800002919306002	-1.24854531932037e-05	0.800110069444691	0.999999981815348
74.125	49.5	1.00000010099035	0.800002636124106	-1.24670489106292e-05	0.600109375989094	1.00000001110894
74.375	49.5	1.00000062627976	0.800002350694434	-1.24500737535743e-05	0.400108744871678	1.00000006889077
74.625	49.5	1.00000135061367	0.800001850336196	-1.24343822915429e-05	0.200108170991809	1.0000001485675
74.875	49.5	1.00000199507265	0.400002382114218	-1.24229457559824e-05	0.000107758429115102	1.00000021945799
0.125	50.5	-4.38639491851156e-07	0.399988068899423	0.000523467342990389	58.59227540115	0.889999951749656
0.375	50.5	-6.62380674118633e-06	0.79996446578685	0.000524412059506983	58.414280720139	0.889999271381258
0.625	50.5	-1.99884070568192e-05	0.799940611213915	0.00052630335214299	58.2362915053077	0.889997801275224
0.875	50.5	-4.1245016337862e-05	0.799916254079943	0.000529139146276883	58.0583080275706	0.889995463048203
1.125	50.5	-6.96951541252624e-05	0.799891247579045	0.0005329160734222	57.880330586829	0.889992333533046
1.375	50.5	-0.000102188221603307	0.79986539444862	0.00053762906022244	57.7023594885629	0.889988759295624
1.625	50.5	-0.000132154311106184	0.79983848122893	0.000543270677295801	57.5243949818185	0.889985463025778
1.875	50.5	-0.000148791132057922	0.799810273905705	0.000549830250689323	57.3464371780245	0.889983632975474
2.125	50.5	-0.000136519424347901	0.799780514136083	0.000557292737215924	57.1684859551794	0.889984982863322
2.375	50.5	-7.4818013258238e-05	0.799748916695066	0.000565637395906679	56.9905408544312	0.889991770018541
2.625	50.5	6.14799460668395e-05	0.799715168497672	0.00057483631894771	56.8126009781989	0.890006762794067
2.875	50.5	0.000301395694149942	0.799678929252	0.000584852915199622	56.6346649002836	0.890033153526356
3.125	50.5	0.000676541819797094	0.799639833493752	0.000595640466025971	56.4567305985808	0.890074419600178
3.375	50.5	0.00121946793624812	0.799597493475573	0.000607140891299456	56.2787954199266	0.890134141472987
3.625	50.5	0.00196174430875575	0.799551502178681	0.000619283870619828	56.1008560843764	0.890215791873963
3.875	50.5	0.00293194620755151	0.799501435605998	0.000631986455626589	55.9229087330825	0.890322514082831
4.125	50.5	0.00415371640230668	0.799446853508952	0.000645153282322252	55.7449490202783	0.890456908804254
4.375	50.5	0.00564407848704373	0.799387297782806	0.0006586774485419	55.5669722460996	0.890620848633575
4.625	50.5	0.00741215201011469	0.799322287900807	0.00067244206409897	55.3889735234896	0.890815336721113
4.875	50.5	0.00945838602769752	0.799251312923418	0.000686322419564596	55.2109479695564	0.891040422463047
5.125	50.5	0.0117743859719358	0.799173819782105	0.000700188660934093	55.0328909097071	0.891295182456913
5.375	50.5	0.0143433649214494	0.799089197690252	0.000713908812737769	54.8547980817747	0.891577770141359
5.625	50.5	0.0171412091955536	0.798996758680143	0.000727351964481336	54.6766658271726	0.891885533011511
5.875	50.5	0.0201381134882228	0.798895714408364	0.000740391425991168	54.4984912567544	0.892215192483705
6.125	50.5	0.0233007153336006	0.798785149532446	0.000752907660790332	54.3202723803435	0.892563078686696
6.375	50.5	0.0265946443255927	0.798663992144902	0.000764790814485045	54.1420081905888	0.892925410875815
6.625	50.5	0.029987398895099	0.798530981966171	0.000775942660997872	53.9636986936458	0.893298613878461
6.875	50.5	0.033451472205794	0.798384637252955	0.000786277791403027	53.7853448808941	0.893679661942637
7.125	50.5	0.0369676675698917	0.798223221680865	0.000795723876502208	53.6069486372544	0.894066443432688
7.375	50.5	0.0405285708817794	0.798044712833238	0.000804220863648621	53.428512582425	0.894458142796996
7.625	50.5	0.0441421811838491	0.797846774407152	0.000811719050692683	53.250039841366	0.894855639930223
7.875	50.5	0.0478357396895773	0.797626734882512	0.000818176150244159	53.071533739451	0.895261931365854
8.125	50.5	0.0516598427730551	0.797381576267338	0.000823553752093393	52.89299741574	0.895682582705036
8.375	50.5	0.0556929770750982	0.797107937722102	0.000827814039748177	52.7144333445976	0.896126227478261
8.625	50.5	0.0600466761284482	0.796802140472041	0.000830918230374899	52.5358427511397	0.896605134374129
8.875	50.5	0.0648715650603888	0.796460242536241	0.000832828966875442	52.3572248994443	0.897135872156643
9.125	50.5	0.0703646202595375	0.796078134449671	0.000833519722578813	52.178576223936	0.897740108228549
9.375	50.5	0.0767779910926385	0.795651690197283	0.000832995014284389	51.9998892641126	0.89844557902019
9.625	50.5	0.0844296412284144	0.795176990540484	0.000831325528152165	51.8211513521438	0.899287260535126
9.875	50.5	0.0937157402111596	0.794650637802321	0.000828701549428422	51.6423429953361	0.900308731423228
10.125	50.5	0.105123962087583	0.794070180313886	0.000825505363738694	51.4634358982757	0.901563635829634
10.375	50.5	0.11924532608045	0.793434659020418	0.000822397103235875	51.284390595855	0.903116985868849
10.625	50.5	0.13677960040062	0.792745276848721	0.000820397058505504	51.1051537393578	0.905045756044068
10.875	50.5	0.158525398240859	0.792006175137988	0.000820929476547668	50.925655221587	0.907437793806494
11.125	50.5	0.185341392515962	0.791225288388194	0.000825769665224232	50.7458055711821	0.910387553176756
11.375	50.5	0.218061581812194	0.790415249341352	0.000836815803374117	50.5654943943802	0.913986773999341
11.625	50.5	0.257349840679956	0.789594324552646	0.000855608594625132	50.3845910291946	0.918308482474795
11.875	50.5	0.30349405093768	0.788787311749552	0.00088257669489496	50.2029488113484	0.923384345603145
12.125	50.5	0.356173180772235	0.788026088403007	0.000916120381144701	50.0204141012964	0.929179049884946
12.375	50.5	0.414275347004914	0.787349002036944	0.000951842555378493	49.8368401452348	0.935570288170541
12.625	50.5	0.475873189937382	0.78679788613163	0.000982388365139921	49.6521039348712	0.942346050893112
12.875	50.5	0.538433858393394	0.786412014756111	0.000998286866966559	49.4661222047474	0.949227724423273
13.125	50.5	0.599240859320963	0.786220199736021	0.000989800384674467	49.2788618911925	0.955916494525306
13.375	50.5	0.65588708919293	0.786234234940409	0.000949236024678533	49.0903417760516	0.962147579811222
13.625	50.5	0.706654276911489	0.786446826235218	0.000872841651182419	48.9006252079669	0.967731970460264
13.875	50.5	0.750662296692525	0.786834663988431	0.000761577261715891	48.7098069075731	0.972572852636178
14.125	50.5	0.787793878849702	0.78736460878374	0.000620609148431561	48.51799819104	0.976657326673467
14.375	50.5	0.818486209306158	0.788000154943975	0.000457918207071532	48.3253142005327	0.980033483023677
14.625	50.5	0.843493812827644	0.788706307012775	0.000282635713013644	48.1318649227275	0.982784319411041
14.875	50.5	0.863691377941605	0.789452387337535	0.000103610127431868	47.9377501048787	0.985006051573577
15.125	50.5	0.879941217144849	0.790213151297938	-7.1548829491841e-05	47.7430572331699	0.986793533885933
15.375	50.5	0.893020729512451	0.790968826289902	-0.000236931573598726	47.5478614907517	0.98823228024637
15.625	50.5	0.903593367673459	0.791704594335407	-0.00038840537446158	47.3522267696833	0.98939527044408
15.875	50.5	0.912205996709406	0.792409857100607	-0.000523450574464726	47.1562071000555	0.990342659638035
16.125	50.5	0.919299579571393	0.79307747080334	-0.000640881129524506	46.9598481268955	0.991122953752853
16.375	50.5	0.925224839526083	0.793703040641383	-0.000740536158783606	46.7631884572594	0.991774732347869
16.625	50.5	0.93025830169899	0.79428430924344	-0.000822992584214552	46.5662608164586	0.992328413186889
16.875	50.5	0.934616599276078	0.794820645442641	-0.0008893217518638	46.3690930130635	0.992807825920369
17.125	50.5	0.938468370039534	0.795312626614801	-0.000940895899930226	46.1717087378672	0.993231520704349
17.375	50.5	0.941943799372339	0.795761702754746	-0.000979241291036507	45.9741282281856	0.993613817930957
17.625	50.5	0.94514216847439	0.796169929410411	-0.00100593102943254	45.7763688259529	0.993965638532183
17.875	50.5	0.948137837041386	0.796539757414428	-0.00102250978041982	45.5784454519551	0.994295162074552
18.125	50.5	0.950985049507008	0.796873868926426	-0.00103044325151642	45.3803710122554	0.994608355445771
18.375	50.5	0.953721872618505	0.797175051036298	-0.00103108646069867	45.1821567477191	0.994909405988036
18.625	50.5	0.956373486190196	0.797446099789093	-0.00102566602878025	44.9838125339055	0.995201083480922
18.875	50.5	0.958954975253071	0.797689748861177	-0.00101527278539082	44.7853471363511	0.995485047277838
19.125	50.5	0.96147371641391	0.797908618212911	-0.0010008618190788	44.5867684251205	0.99576210880553
19.375	50.5	0.963931414046084	0.798105178897461	-0.000983257747769394	44.3880835520905	0.996032455545069
19.625	50.5	0.966325820108707	0.79828173085694	-0.000963163478536083	44.1892990944508	0.996295840211958
19.875	50.5	0.968652161036577	0.79844039104303	-0.000941171106058528	43.9904211680942	0.996551737714023
20.125	50.5	0.97090429234906	0.798583089601148	-0.000917773903125871	43.7914555147602	0.996799472158397
20.375	50.5	0.973075603026245	0.798711572192903	-0.000893378605114102	43.5924075668847	0.997038316332887
20.625	50.5	0.975159694723244	0.798827406823783	-0.000868317399204424	43.3932824940559	0.997267566419557
20.875	50.5	0.97715086380249	0.798931993805217	-0.000842859204763294	43.1940852347698	0.997486595018274
21.125	50.5	0.97904441597047	0.79902657772238	-0.000817219977779874	42.9948205168593	0.997694885756752
21.375	50.5	0.980836843616521	0.799112260498138	-0.000791571891569945	42.7954928695585	0.997892052797817
21.625	50.5	0.982525894786107	0.799190014842417	-0.000766051339890559	42.5961066297125	0.998077848426472
21.875	50.5	0.984110560349362	0.799260697552007	-0.000740765778815488	42.3966659441831	0.99825216163843
22.125	50.5	0.985591002727508	0.799325062276513	-0.000715799473177296	42.1971747700621	0.998415010300026
22.375	50.5	0.986968445908972	0.799383771491771	-0.000691218245032159	41.9976368739096	0.998566529049987
22.625	50.5	0.988245042767637	0.79943740752497	-0.000667073338508929	41.7980558308908	0.99870695470444
22.875	50.5	0.989423732153695	0.799486482555174	-0.000643404521368723	41.598435024402	0.998836610536907
23.125	50.5	0.990508095041282	0.799531447572416	-0.000620242541335431	41.3987776465514	0.998955890454541
23.375	50.5	0.991502216285616	0.799572700322607	-0.000597611047341207	41.1990866996852	0.999065243791418
23.625	50.5	0.992410556299651	0.799610592293064	-0.000575528075183971	40.9993649990221	0.999165161192962
23.875	50.5	0.993237835193145	0.799645434812775	-0.00055400718410355	40.7996151763721	0.999256161871246
24.125	50.5	0.993988930581581	0.799677504349328	-0.000533058318439138	40.5998396848525	0.999338782363974
24.375	50.5	0.994668789307577	0.799707047088575	-0.000512688455877499	40.4000408044846	0.999413566823833
24.625	50.5	0.995282352657023	0.799734282880115	-0.000492902092675522	40.2002206485305	0.999481058792273
24.875	50.5	0.995834494231117	0.799759408629034	-0.000473701606574879	40.00038117043	0.999541794365423
25.125	50.5	0.996329969394835	0.799782601206723	-0.000455087529236379	39.8005241711955	0.999596296633432
25.375	50.5	0.996773375112445	0.799804019946778	-0.000437058753316317	39.6006513071346	0.999645071262369
25.625	50.5	0.997169118960387	0.799823808785633	-0.000419612693272148	39.400764097779	0.999688603085643
25.875	50.5	0.997521396146014	0.799842098098659	-0.000402745414293389	39.2008639339138	0.999727353576062
26.125	50.5	0.997834173433191	0.799859006277594	-0.000386451740108062	39.0009520856102	0.999761759077651
26.375	50.5	0.998111178966341	0.799874641087611	-0.000370725347349787	38.8010297101829	0.999792229686297
26.625	50.5	0.99835589708155	0.79988910083723	-0.000355558851953791	38.6010978600007	0.99981914867897
26.875	50.5	0.998571567289647	0.799902475389807	-0.00034094389131541	38.4011574900939	0.999842872401861
27.125	50.5	0.998761186707571	0.799914847040135	-0.000326871204558909	38.20120946551	0.999863730537833
27.375	50.5	0.998927515298958	0.799926291277131	-0.000313330712275765	38.0012545683811	0.999882026682885
27.625	50.5	0.999073083361549	0.799936877449446	-0.000300311596449486	37.8012935046722	0.99989803916977
27.875	50.5	0.999200200768481	0.799946669348515	-0.000287802380673382	37.6013269105897	0.999912022084533
28.125	50.5	0.99931096753282	0.799955725721918	-0.000275791010402633	37.4013553586348	0.99992420642861
28.375	50.5	0.999407285320796	0.799964100726281	-0.000264264932842546	37.2013793632934	0.999934801385288
28.625	50.5	0.999490869589952	0.799971844329616	-0.000253211175896608	37.0013993863585	0.999943995654895
28.875	50.5	0.999563262074268	0.799979002669347	-0.000242616425421958	36.8014158418868	0.99995195882817
29.125	50.5	0.99962584338011	0.799985618372898	-0.000232467100317222	36.6014291007941	0.999958842771812
29.375	50.5	0.99967984549447	0.799991730845659	-0.000222749424609904	36.4014394950988	0.999964783004392
29.625	50.5	0.999726364041827	0.799997376530516	-0.00021344949614688	36.2014473218242	0.999969900044601
29.875	50.5	0.999766370156838	0.800002589143251	-0.000204553351353477	36.0014528465736	0.999974300717252
30.125	50.5	0.999800721868392	0.800007399885867	-0.000196047025656395	35.8014563067935	0.999978079405523
30.375	50.5	0.99983017491585	0.800011837641481	-0.000187916609316471	35.6014579147413	0.999981319240744
30.625	50.5	0.999855392940523	0.800015929152364	-0.00018014829840877	35.4014578601758	0.999984093223457
30.875	50.5	0.999876957015226	0.800019699182854	-0.000172728440976018	35.2014563127882	0.999986465271675
31.125	50.5	0.99989537449177	0.800023170669419	-0.000165643578180952	35.0014534243918	0.999988491194095
31.375	50.5	0.999911087160756	0.800026364858367	-0.000158880480615983	34.8014493308889	0.999990219587683
31.625	50.5	0.999924478730288	0.800029301433164	-0.000152426179879154	34.601444154033	0.999991692660332
31.875	50.5	0.999935881640069	0.800031998631466	-0.000146267995561853	34.4014380030034	0.999992946980408
32.125	50.5	0.99994558323534	0.800034473353814	-0.000140393557885971	34.2014309758083	0.999994014155887
32.375	50.5	0.999953831331195	0.800036741263571	-0.000134790826250229	34.0014231605344	0.999994921446432
32.625	50.5	0.999960839202177	0.80003881687986	-0.000129448104000754	33.8014146364551	0.999995692312239
32.875	50.5	0.999966790035067	0.800040713663228	-0.000124354049651555	33.6014054750138	0.999996346903857
33.125	50.5	0.999971840884468	0.80004244409501	-0.000119497684909706	33.4013957406936	0.999996902497292
33.375	50.5	0.99997612617138	0.800044019751106	-0.000114868399840217	33.201385491787	0.999997373878852
33.625	50.5	0.999979760764781	0.800045451369602	-0.00011045595541006	33.0013747810748	0.999997773684126
33.875	50.5	0.999982842685275	0.800046748914187	-0.000106250483747546	32.8013636564261	0.99999811269538
34.125	50.5	0.999985455468262	0.800047921632004	-0.000102242486393281	32.6013521613272	0.999998400101509
34.375	50.5	0.999987670222265	0.800048978107771	-9.84228307995173e-05	32.4013403353478	0.999998643724449
34.625	50.5	0.999989547415774	0.800049926313501	-9.47827453676585e-05	32.2013282145531	0.999998850215735
34.875	50.5	0.999991138423592	0.800050773654676	-9.13138131698372e-05	32.0013158318662	0.999999025226595
35.125	50.5	0.99999248686114	0.800051527012592	-8.80079647017096e-05	31.801303217389	0.999999173554725
35.375	50.5	0.999993629732697	0.800052192783829	-8.48574696661594e-05	31.6012903986847	0.999999299270597
35.625	50.5	0.999994598417043	0.80005277691651	-8.18549281639847e-05	31.4012774010287	0.999999405825875
35.875	50.5	0.999995419511591	0.800053284943767	-7.89932613225179e-05	31.2012642476295	0.999999496146275
36.125	50.5	0.999996115553835	0.80005372201473	-7.62657015077812e-05	31.0012509598256	0.999999572710922
36.375	50.5	0.999996705636777	0.800054092923034	-7.36657822820889e-05	30.8012375572592	0.999999637620045
36.625	50.5	0.999997205933038	0.800054402133216	-7.1187328185205e-05	30.6012240580318	0.999999692652634
36.875	50.5	0.999997630140563	0.800054653804855	-6.8824444411156e-05	30.4012104788419	0.999999739315462
37.125	50.5	0.999997989861151	0.800054851815175	-6.65715065055001e-05	30.2011968351083	0.999999778884727
37.375	50.5	0.999998294921618	0.80005499977962	-6.44231500887843e-05	30.0011831410803	0.999999812441378
37.625	50.5	0.999998553646024	0.800055101070908	-6.23742607199266e-05	29.8011694099367	0.999999840901063
37.875	50.5	0.999998773086269	0.80005515883669	-6.04199638803867e-05	29.6011556538742	0.99999986503949
38.125	50.5	0.999998959217319	0.800055176015717	-5.85556151753118e-05	29.4011418841874	0.999999885513905
38.375	50.5	0.999999117102411	0.800055155352913	-5.67767907373648e-05	29.2011281113407	0.999999902881265
38.625	50.5	0.999999251032856	0.800055099413044	-5.50792778818161e-05	29.0011143450334	0.999999917613614
38.875	50.5	0.999999364646269	0.800055010593675	-5.34590660222927e-05	28.8011005942589	0.99999993011109
39.125	50.5	0.999999461026629	0.800054891136842	-5.19123378461104e-05	28.6010868673575	0.999999940712929
39.375	50.5	0.999999542788895	0.800054743139897	-5.04354607951382e-05	28.4010731720658	0.999999949706778
39.625	50.5	0.999999612150634	0.80005456856573	-4.90249788027054e-05	28.2010595155605	0.99999995733657
39.875	50.5	0.99999967099262	0.800054369251897	-4.76776043529614e-05	28.001045904499	0.999999963809188
40.125	50.5	0.999999720910138	0.800054146919328	-4.63902107956015e-05	27.8010323450566	0.999999969300115
40.375	50.5	0.999999763256436	0.800053903180195	-4.51598249965377e-05	27.6010188429601	0.999999973958208
40.625	50.5	0.999999799179512	0.800053639545422	-4.3983620212389e-05	27.4010054035191	0.999999977909746
40.875	50.5	0.999999829653305	0.800053357431309	-4.28589093106506e-05	27.2009920316543	0.999999981261864
41.125	50.5	0.999999855504103	0.800053058165973	-4.17831382185966e-05	27.0009787319244	0.999999984105451
41.375	50.5	0.99999987743294	0.800052742995197	-4.07538796732176e-05	26.8009655085498	0.999999986517623
41.625	50.5	0.999999896034593	0.800052413087779	-3.9768827198928e-05	26.6009523654352	0.999999988563805
41.875	50.5	0.999999911813694	0.800052069540613	-3.88257893898302e-05	26.4009393061905	0.999999990299506
42.125	50.5	0.99999992519837	0.800051713383387	-3.79226843918825e-05	26.2009263341499	0.999999991771821
42.375	50.5	0.999999936551853	0.800051345582843	-3.70575346580135e-05	26.0009134523896	0.999999993020704
42.625	50.5	0.9999999461823	0.800050967046896	-3.62284619233225e-05	25.8009006637443	0.999999994080053
42.875	50.5	0.999999954351142	0.800050578628276	-3.54336823987363e-05	25.6008879708228	0.999999994978626
43.125	50.5	0.99999996128016	0.800050181128127	-3.4671502194788e-05	25.4008753760218	0.999999995740818
43.375	50.5	0.999999967157503	0.800049775299142	-3.39403129454839e-05	25.2008628815398	0.999999996387325
43.625	50.5	0.999999972142775	0.800049361848631	-3.32385876248736e-05	25.0008504893891	0.999999996935705
43.875	50.5	0.999999976371365	0.800048941441351	-3.25648765756009e-05	24.8008382014072	0.99999999740085
44.125	50.5	0.999999979958117	0.800048514702045	-3.19178036971364e-05	24.6008260192682	0.999999997795393
44.375	50.5	0.999999983000451	0.800048082217982	-3.12960628365321e-05	24.4008139444923	0.99999999813005
44.625	50.5	0.999999985581001	0.80004764454118	-3.0698414330328e-05	24.2008019784555	0.99999999841391
44.875	50.5	0.999999987769861	0.800047202190497	-3.01236817116271e-05	24.0007901223984	0.999999998654685
45.125	50.5	0.999999989626482	0.80004675565372	-2.95707485814849e-05	23.8007783774345	0.999999998858913
45.375	50.5	0.999999991201295	0.800046305389304	-2.90385556259021e-05	23.6007667445579	0.999999999032142
45.625	50.5	0.999999992537073	0.800045851828183	-2.8526097760316e-05	23.4007552246506	0.999999999179078
45.875	50.5	0.999999993670101	0.800045395375359	-2.80324214393682e-05	23.2007438184894	0.999999999303711
46.125	50.5	0.999999994631152	0.800044936411429	-2.75566220687732e-05	23.0007325267523	0.999999999409427
46.375	50.5	0.999999995446329	0.800044475293989	-2.70978415609655e-05	22.8007213500242	0.999999999499096
46.625	50.5	0.999999996137776	0.800044012358992	-2.66552659987689e-05	22.6007102888033	0.999999999575155
46.875	50.5	0.999999996724269	0.800043547921973	-2.62281234075252e-05	22.4006993435057	0.99999999963967
47.125	50.5	0.999999997221738	0.800043082279205	-2.58156816466762e-05	22.2006885144707	0.999999999694391
47.375	50.5	0.999999997643699	0.800042615708859	-2.54172464145353e-05	22.0006778019656	0.999999999740807
47.625	50.5	0.999999998001609	0.800042148471889	-2.50321593168677e-05	21.8006672061903	0.999999999780177
47.875	50.5	0.999999998305187	0.800041680813214	-2.46597960547095e-05	21.6006567272809	0.999999999813571
48.125	50.5	0.999999998562681	0.800041212962399	-2.42995647065386e-05	21.4006463653144	0.999999999841895
48.375	50.5	0.999999998781086	0.80004074513467	-2.39509040781794e-05	21.2006361203119	0.999999999865919
48.625	50.5	0.999999998966338	0.800040277531607	-2.36132821341797e-05	21.0006259922423	0.999999999886297
48.875	50.5	0.999999999123467	0.800039810341963	-2.32861945221012e-05	20.8006159810258	0.999999999903581
49.125	50.5	0.99999999925674	0.800039343742363	-2.29691631637171e-05	20.6006060865366	0.999999999918241
49.375	50.5	0.999999999369776	0.80003887789796	-2.26617349050365e-05	20.4005963086063	0.999999999930675
49.625	50.5	0.999999999465649	0.800038412962968	-2.23634802488141e-05	20.2005866470267	0.999999999941221
49.875	50.5	0.999999999546965	0.800037949081462	-2.20739921377324e-05	20.0005771015519	0.999999999950166
50.125	50.5	0.999999999615934	0.800037486387759	-2.17928848115607e-05	19.8005676719015	0.999999999957753
50.375	50.5	0.999999999674426	0.800037025006975	-2.15197927124633e-05	19.6005583577626	0.999999999964187
50.625	50.5	0.999999999724032	0.80003656505558	-2.12543694348876e-05	19.4005491587919	0.999999999969644
50.875	50.5	0.999999999766105	0.800036106641788	-2.09962867641758e-05	19.2005400746182	0.999999999974271
51.125	50.5	0.999999999801786	0.800035649866047	-2.07452337092359e-05	19.0005311048443	0.999999999978196
51.375	50.5	0.999999999832049	0.800035194821435	-2.05009156453503e-05	18.8005222490485	0.999999999981525
51.625	50.5	0.999999999857711	0.800034741594049	-2.02630534395633e-05	18.6005135067869	0.999999999984348
51.875	50.5	0.999999999879473	0.80003429026338	-2.00313826746342e-05	18.4005048775951	0.999999999986742
52.125	50.5	0.999999999897925	0.800033840902671	-1.98056528640771e-05	18.2004963609891	0.999999999988772
52.375	50.5	0.999999999913573	0.800033393579214	-1.95856267503997e-05	18.0004879564679	0.999999999990493
52.625	50.5	0.999999999926841	0.800032948354686	-1.93710796068098e-05	17.8004796635141	0.999999999991952
52.875	50.5	0.999999999938088	0.800032505285453	-1.9161798580993e-05	17.6004714815954	0.99999999999319
53.125	50.5	0.999999999947625	0.800032064422837	-1.89575820926213e-05	17.4004634101665	0.999999999994239
53.375	50.5	0.999999999955709	0.80003162581337	-1.87582392356941e-05	17.2004554486694	0.999999999995128
53.625	50.5	0.999999999962564	0.800031189499018	-1.85635892179697e-05	17.0004475965353	0.999999999995882
53.875	50.5	0.99999999996837	0.800030755517508	-1.83734608461883e-05	16.8004398531855	0.999999999996521
54.125	50.5	0.999999999973293	0.80003032390245	-1.81876920067616e-05	16.6004322180323	0.999999999997062
54.375	50.5	0.999999999977465	0.800029894683598	-1.80061292005122e-05	16.40042469048	0.999999999997521
54.625	50.5	0.999999999981	0.800029467887058	-1.78286270998573e-05	16.200417269926	0.99999999999791
54.875	50.5	0.999999999983993	0.800029043535436	-1.76550480917092e-05	16.0004099557618	0.999999999998239
55.125	50.5	0.999999999986529	0.800028621648043	-1.74852619065657e-05	15.8004027473733	0.999999999998518
55.375	50.5	0.999999999988677	0.800028202241096	-1.73191452001366e-05	15.6003956441423	0.999999999998754
55.625	50.5	0.999999999990495	0.800027785327805	-1.71565812144106e-05	15.4003886454467	0.999999999998955
55.875	50.5	0.999999999992034	0.800027370918584	-1.69974594104215e-05	15.2003817506616	0.999999999999124
56.125	50.5	0.999999999993335	0.800026959021179	-1.68416751521721e-05	15.0003749591598	0.999999999999267
56.375	50.5	0.999999999994436	0.800026549640814	-1.66891293871671e-05	14.8003682703125	0.999999999999388
56.625	50.5	0.999999999995367	0.800026142780286	-1.65397283548082e-05	14.6003616834899	0.99999999999949
56.875	50.5	0.999999999996153	0.800025738440136	-1.63933833040316e-05	14.4003551980616	0.999999999999577
57.125	50.5	0.999999999996817	0.800025336618735	-1.62500102243129e-05	14.2003488133977	0.99999999999965
57.375	50.5	0.999999999997378	0.800024937312389	-1.61095296007867e-05	14.0003425288687	0.999999999999712
57.625	50.5	0.999999999997851	0.800024540515495	-1.59718661667697e-05	13.8003363438463	0.999999999999764
57.875	50.5	0.999999999998249	0.800024146220561	-1.58369486820329e-05	13.600330257704	0.999999999999807
58.125	50.5	0.999999999998584	0.800023754418365	-1.57047097188111e-05	13.4003242698171	0.999999999999844
58.375	50.5	0.999999999998866	0.800023365098039	-1.55750854522782e-05	13.2003183795639	0.999999999999875
58.625	50.5	0.999999999999102	0.800022978247093	-1.5448015471835e-05	13.000312586325	0.999999999999901
58.875	50.5	0.999999999999301	0.800022593851593	-1.53234426000812e-05	12.8003068894848	0.999999999999923
59.125	50.5	0.999999999999467	0.800022211896162	-1.52013127156574e-05	12.6003012884312	0.999999999999941
59.375	50.5	0.999999999999605	0.800021832364051	-1.50815745884963e-05	12.400295782556	0.999999999999957
59.625	50.5	0.999999999999721	0.8000214552373	-1.49641797275295e-05	12.2002903712556	0.999999999999969
59.875	50.5	0.999999999999816	0.800021080496672	-1.48490822313024e-05	12.0002850539309	0.99999999999998
60.125	50.5	0.999999999999895	0.800020708121817	-1.47362386488937e-05	11.8002798299876	0.999999999999988
60.375	50.5	0.999999999999959	0.800020338091302	-1.46256078472428e-05	11.6002746988369	0.999999999999996
60.625	50.5	1.00000000000001	0.800019970382621	-1.45171508837061e-05	11.4002696598955	1
60.875	50.5	1.00000000000005	0.800019604972335	-1.44108308984231e-05	11.2002647125855	1.00000000000001
61.125	50.5	1.00000000000008	0.800019241836045	-1.4306612981986e-05	11.0002598563353	1.00000000000001
61.375	50.5	1.00000000000011	0.800018880948489	-1.42044640887218e-05	10.8002550905794	1.00000000000001
61.625	50.5	1.00000000000013	0.800018522283563	-1.41043529283554e-05	10.6002504147588	1.00000000000001
61.875	50.5	1.00000000000014	0.800018165814361	-1.40062498658233e-05	10.400245828321	1.00000000000002
62.125	50.5	1.00000000000015	0.800017811513236	-1.39101268406894e-05	10.2002413307205	1.00000000000002
62.375	50.5	1.00000000000016	0.800017459351843	-1.38159572733364e-05	10.0002369214185	1.00000000000002
62.625	50.5	1.00000000000016	0.800017109301136	-1.37237159946573e-05	9.80023259988376	1.00000000000002
62.875	50.5	1.00000000000016	0.800016761331433	-1.36333791604875e-05	9.60022836559205	1.00000000000002
63.125	50.5	1.00000000000015	0.800016415412475	-1.35449241804027e-05	9.40022421802683	1.00000000000002
63.375	50.5	1.00000000000015	0.800016071513382	-1.34583296618124e-05	9.20022015667911	1.00000000000002
63.625	50.5	1.00000000000015	0.80001572960278	-1.33735753260604e-05	9.00021618104774	1.00000000000002
63.875	50.5	1.00000000000015	0.800015389648731	-1.32906419661535e-05	8.80021229063944	1.00000000000002
64.125	50.5	1.00000000000015	0.800015051618841	-1.32095113788012e-05	8.60020848496901	1.00000000000002
64.375	50.5	1.00000000000014	0.800014715480237	-1.31301663148857e-05	8.40020476355937	1.00000000000002
64.625	50.5	1.00000000000013	0.800014381199617	-1.30525904291896e-05	8.20020112594174	1.00000000000001
64.875	50.5	1.00000000000008	0.800014048743246	-1.29767682310382e-05	8.00019757165571	1.00000000000001
65.125	50.5	1.00000000000001	0.800013718077015	-1.29026850375787e-05	7.80019410024936	1
65.375	50.5	0.999999999999916	0.800013389166429	-1.28303269367866e-05	7.60019071127933	0.999999999999991
65.625	50.5	0.999999999999855	0.800013061976645	-1.27596807435646e-05	7.40018740431094	0.999999999999984
65.875	50.5	0.999999999999923	0.800012736472483	-1.26907339678227e-05	7.20018417891825	0.999999999999992
66.125	50.5	1.00000000000024	0.800012412618451	-1.26234747703356e-05	7.00018103468417	1.00000000000003
66.375	50.5	1.00000000000086	0.800012090378749	-1.2557891941769e-05	6.80017797120049	1.00000000000009
66.625	50.5	1.00000000000167	0.800011769717295	-1.24939748638765e-05	6.60017498806801	1.00000000000018
66.875	50.5	1.00000000000221	0.800011450597759	-1.2431713488687e-05	6.40017208489657	1.00000000000024
67.125	50.5	1.00000000000159	0.800011132983546	-1.23710983085861e-05	6.20016926130516	1.00000000000017
67.375	50.5	0.999999999998661	0.800010816837846	-1.23121203305165e-05	6.00016651692195	0.999999999999853
67.625	50.5	0.999999999992631	0.800010502123643	-1.22547710598317e-05	5.80016385138437	0.999999999999189
67.875	50.5	0.999999999984239	0.800010188803718	-1.21990424725195e-05	5.60016126433914	0.999999999998266
68.125	50.5	0.999999999977259	0.800009876840665	-1.21449269939891e-05	5.40015875544227	0.999999999997499
68.375	50.5	0.999999999979565	0.800009566196838	-1.20924174836308e-05	5.200156324359	0.999999999997752
68.625	50.5	1.00000000000226	0.800009256834365	-1.20415072084511e-05	5.00015397076383	1.00000000000025
68.875	50.5	1.00000000005502	0.800008948715108	-1.19921898357561e-05	4.80015169434044	1.00000000000605
69.125	50.5	1.00000000013624	0.800008641800709	-1.19444594214281e-05	4.60014949478195	1.00000000001499
69.375	50.5	1.00000000021902	0.800008336052726	-1.18983104134462e-05	4.40014737179132	1.00000000002409
69.625	50.5	1.00000000023871	0.800008031432902	-1.18537376614633e-05	4.20014532508205	1.00000000002626
69.875	50.5	1.00000000009355	0.800007727903575	-1.18107364339057e-05	4.00014335437907	1.00000000001029
70.125	50.5	0.999999999675657	0.800007425428001	-1.17693024148671e-05	3.8001414594192	0.999999999964322
70.375	50.5	0.999999998947472	0.800007123970396	-1.17294316728679e-05	3.60013963995047	0.999999999884222
70.625	50.5	0.999999998063901	0.80000682349517	-1.16911205569714e-05	3.40013789572925	0.999999999787029
70.875	50.5	0.99999999750524	0.800006523965023	-1.16543655191113e-05	3.20013622651454	0.999999999725576
71.125	50.5	0.99999999813285	0.800006225337848	-1.16191628811574e-05	3.00013463206023	0.999999999794614
71.375	50.5	1.00000000102575	0.800005927563304	-1.15855086363108e-05	2.80013311210847	1.00000000011283
71.625	50.5	1.00000000694127	0.800005630581268	-1.15533984650363e-05	2.60013166639084	1.00000000076354
71.875	50.5	1.00000001532697	0.800005334325625	-1.15228282011887e-05	2.40013029464622	1.00000000168597
72.125	50.5	1.00000002305617	0.800005038737413	-1.14937949541132e-05	2.20012899666355	1.00000000253618
72.375	50.5	1.00000002348296	0.800004743789159	-1.14662988598264e-05	2.00012777234879	1.00000000258313
72.625	50.5	1.0000000069257	0.800004449516473	-1.14403449550274e-05	1.800126621797	1.00000000076183
72.875	50.5	0.999999964017845	0.800004156042523	-1.14159439480186e-05	1.60012554532233	0.999999996041963
73.125	50.5	0.999999893044735	0.800003863568541	-1.13931099489672e-05	1.4001245433704	0.999999988234921
73.375	50.5	0.999999810839343	0.800003572295136	-1.13718530557395e-05	1.20012361623018	0.999999979192328
73.625	50.5	0.999999763659549	0.80000328224636	-1.13521658239995e-05	1.00012276350632	0.99999997400255
73.875	50.5	0.999999830037463	0.800002993005013	-1.13340059160254e-05	0.800121983440403	0.999999981304121
74.125	50.5	1.00000010353836	0.800002703442891	-1.13172828236582e-05	0.600121272390264	1.00000001138922
74.375	50.5	1.00000064312021	0.80000241156639	-1.13018633310379e-05	0.4001206250447	1.00000007074322
74.625	50.5	1.00000138721227	0.800001898889627	-1.1287615644739e-05	0.200120036164281	1.00000015259335
74.875	50.5	1.00000204927074	0.40000244652066	-1.12772347424647e-05	0.000119612669483542	1.00000022541978
0.125	51.5	-3.98486049519099e-07	0.399990743998095	0.000606704356650681	58.5917677207875	0.889999956166535
0.375	51.5	-6.44228767164885e-06	0.799972490288141	0.000608407078142681	58.4137718484743	0.889999291348356
0.625	51.5	-1.95115360537818e-05	0.79995400706133	0.00061182168649719	58.2357802460585	0.889997853731034
0.875	51.5	-4.03122942854995e-05	0.799935059980861	0.000616973448994996	58.0577931737874	0.889995565647629
1.125	51.5	-6.81711153704305e-05	0.799915516994043	0.000623895017026786	57.87981091796	0.889992501177309
1.375	51.5	-0.000100016332331151	0.799895197217914	0.000632625745685876	57.7018337679322	0.889988998203444
1.625	51.5	-0.000129430852760558	0.799873904515105	0.000643209445736917	57.5238619553339	0.889985762606196
1.875	51.5	-0.000145855204915792	0.799851423326523	0.000655691564622674	57.3458955744755	0.889983955927459
2.125	51.5	-0.000134052934533655	0.799827515065008	0.000670116040729423	57.1679344883822	0.889985254177201
2.375	51.5	-7.39473013330884e-05	0.799801915694896	0.000686522156292904	56.9899782273193	0.889991865796853
2.625	51.5	5.90907709551139e-05	0.799774334849425	0.000704941777740434	56.8120258887628	0.890006499984805
2.875	51.5	0.000293470305108418	0.799744456549567	0.000725397399313583	56.6340760490389	0.890032281733562
3.125	51.5	0.000660146287848848	0.799711941290538	0.000747901387303801	56.4561266970164	0.890072616091663
3.375	51.5	0.00119100317705297	0.799676428996808	0.000772456761241207	56.2781751991725	0.890131010349476
3.625	51.5	0.00191698291811341	0.799637542146043	0.000799059755272904	56.1002183031532	0.890210868120992
3.875	51.5	0.00286611752422693	0.799594888260546	0.000827704294072753	55.9222521838679	0.890315272927665
4.125	51.5	0.00406164068718731	0.799548060963617	0.000858388410511133	55.7442725325488	0.890446780475591
4.375	51.5	0.00552034813341103	0.799496638882085	0.000891122539326002	55.5662746854887	0.890607238294675
4.625	51.5	0.00725135478787425	0.799440181819819	0.000925939548187263	55.3882537857384	0.890797649026666
4.875	51.5	0.00925536247444549	0.799378223794459	0.000962906310125842	55.2102049682162	0.891018089872189
5.125	51.5	0.0115245100338456	0.79931026270037	0.0010021365679435	55.0321235566906	0.891267696103723
5.375	51.5	0.014042833625284	0.799235746516566	0.00104380477529773	54.8540052600381	0.891544711698781
5.625	51.5	0.0167873233240907	0.799154056127323	0.0010881605055179	54.675846355062	0.89184660556565
5.875	51.5	0.0197295268422118	0.799064484962502	0.00113554288762835	54.4976438438715	0.892170247952643
6.125	51.5	0.022837625240009	0.798966215816553	0.00118639435763988	54.3193955751952	0.892512138776401
6.375	51.5	0.0260788908100262	0.798858295367466	0.00124127280979316	54.1411003207988	0.892868677989103
6.625	51.5	0.0294224347530596	0.798739607103143	0.00130086101062975	53.9627578001229	0.893236467822837
6.875	51.5	0.0328421615583415	0.798608843570669	0.00136597191390372	53.7843686480885	0.893612637771418
7.125	51.5	0.0363198668167824	0.798464479103021	0.00143754829674289	53.6059343224655	0.893995185349846
7.375	51.5	0.0398484434757969	0.798304744459293	0.00151665492121365	53.4274569480597	0.894383328782338
7.625	51.5	0.0434351960548131	0.798127605168371	0.00160446118224837	53.2489390950649	0.89477787156603
7.875	51.5	0.0471053013895447	0.797930745820994	0.00170221186740627	53.0703834881287	0.89518158315285
8.125	51.5	0.0509054974734322	0.797711563166305	0.0018111831212444	52.8917926408827	0.895599604722078
8.375	51.5	0.0549081294466232	0.797467171684777	0.00193261982433272	52.7131684077635	0.896039894239129
8.625	51.5	0.0592157343385328	0.797194426376401	0.00206764917794098	52.5345114407555	0.896513730777239
8.875	51.5	0.0639664017316669	0.79688996885452	0.00221716314356767	52.35582053305	0.897036304190483
9.125	51.5	0.0693401962571482	0.79655030443342	0.00238165941335999	52.1770918244596	0.897627421588286
9.375	51.5	0.0755669437787455	0.796171919593139	0.00256102691607926	51.9983178350397	0.898312363815662
9.625	51.5	0.0829356114816499	0.795751450640478	0.00275425814944499	51.8194862848683	0.899122917262982
9.875	51.5	0.0918052520178479	0.795285914905272	0.00295906854306116	51.6405786521357	0.900098577721963
10.125	51.5	0.102616867516942	0.794773014504885	0.00317140599087406	51.4615684243768	0.901287855426864
10.375	51.5	0.115904340857722	0.794211518774942	0.0033848476500886	51.2824190191899	0.902749477494349
10.625	51.5	0.132300498364199	0.793601725245729	0.00358991525422763	51.1030814075296	0.904553054820062
10.875	51.5	0.152531230285511	0.792945993981809	0.00377340581121173	50.9234915866976	0.906778435331406
11.125	51.5	0.177386681464641	0.792249354329812	0.00391793966005965	50.7435682436139	0.909512534961111
11.375	51.5	0.207655232169963	0.791520206391708	0.0040020637193824	50.563211227354	0.912842075538696
11.625	51.5	0.24400664993551	0.790771176248359	0.00400136602876176	50.3823017695409	0.916840731492906
11.875	51.5	0.286820795920481	0.79002017774412	0.00389104885531849	50.2007056154584	0.921550287551253
12.125	51.5	0.335982589224624	0.789291554761146	0.00365011663187013	50.0182801084953	0.926958084814709
12.375	51.5	0.390700249474831	0.78861671245926	0.00326666666540308	49.8348855214158	0.932977027442231
12.625	51.5	0.449433943049264	0.788033072171392	0.00274288355211453	49.6503994703411	0.939437733735419
12.875	51.5	0.510013548332527	0.787580180368395	0.00209775786552458	49.4647315196358	0.946101490316578
13.125	51.5	0.569956489560458	0.787293048986527	0.00136591338134645	49.2778340790786	0.95269521385165
13.375	51.5	0.626895809994516	0.787194831081953	0.0005923659468073	49.0897063597326	0.958958539099397
13.625	51.5	0.678965324904881	0.787291960622327	-0.000175195272402344	48.9003904764073	0.964686185739537
13.875	51.5	0.72501468664043	0.787573711349748	-0.000894047696450801	48.7099615203819	0.969751615530447
14.125	51.5	0.764620113851747	0.788015746581511	-0.00153181564083603	48.5185150368676	0.974108212523692
14.375	51.5	0.797944858456516	0.788585624933625	-0.00206868352365862	48.3261552151343	0.977773934430217
14.625	51.5	0.825537858989615	0.789248196641637	-0.00249681085729598	48.1329858022266	0.980809164488858
14.875	51.5	0.848142874589531	0.789969715224795	-0.0028180013841	47.9391042828937	0.983295716204848
15.125	51.5	0.866554696397579	0.790720385330655	-0.00304072637920296	47.7445988836894	0.985321016603734
15.375	51.5	0.881528964423268	0.791475572789649	-0.00317729272177393	47.5495475758493	0.986968186086559
15.625	51.5	0.893736083579707	0.792216061139623	-0.00324156692746856	47.354018278401	0.988310969193768
15.875	51.5	0.903745191657926	0.792927716322653	-0.0032473714348076	47.1580696641653	0.989411971082372
16.125	51.5	0.912025688953811	0.793600838839137	-0.0032074951390835	46.9617521909469	0.990322825784919
16.375	51.5	0.918957370908576	0.794229396442425	-0.00313318465522383	46.7651091514437	0.991085310799943
16.625	51.5	0.924843594196566	0.79481025892903	-0.00303397024328149	46.568177646746	0.991732795361622
16.875	51.5	0.929924435943274	0.795342503028969	-0.00291770003533266	46.370989451416	0.99229168795376
17.125	51.5	0.934388444334301	0.795826818269091	-0.00279068734452093	46.1735717692355	0.992782728876773
17.375	51.5	0.938382530122988	0.796265020977193	-0.00265790660321519	45.9759478911425	0.993222078313529
17.625	51.5	0.942020039613115	0.796659670027716	-0.00252319856075513	45.7781377696259	0.993622204357443
17.875	51.5	0.945387260767352	0.79701377141575	-0.00238946345022515	45.5801585223149	0.993992598684409
18.125	51.5	0.948548669052391	0.797330556709282	-0.00225883261758005	45.382024874606	0.994340353595763
18.375	51.5	0.951551196846198	0.797613320936433	-0.0021328160528721	45.1837495483662	0.994670631653082
18.625	51.5	0.954427756206295	0.797865307184455	-0.00201242687953191	44.9853436016256	0.994987053182693
18.875	51.5	0.957200185263022	0.798089627304298	-0.00189828539200555	44.7868167228433	0.995292020378932
19.125	51.5	0.959881736231837	0.798289210175246	-0.0017907055929486	44.5881774827153	0.995586990985502
19.375	51.5	0.962479183010114	0.798466770781824	-0.0016897669709814	44.3894335463855	0.995872710131113
19.625	51.5	0.964994599061086	0.798624794828955	-0.0015953738399893	44.1905918491189	0.996149405896719
19.875	51.5	0.967426840007485	0.79876553478665	-0.00150730412612803	43.9916587388197	0.996416952400823
20.125	51.5	0.969772757335761	0.798891014162558	-0.00142524912449984	43.7926400890754	0.996675003306934
20.375	51.5	0.972028167020232	0.799003037502896	-0.00134884547765367	43.5935413866105	0.996923098372225
20.625	51.5	0.974188597254625	0.799103204171954	-0.00127770044227681	43.3943677970774	0.997160745698009
20.875	51.5	0.976249840950966	0.799192924397443	-0.00121141138673256	43.1951242130078	0.997387482504606
21.125	51.5	0.97820833998234	0.799273436419886	-0.00114958037635882	42.9958152875034	0.997602917398057
21.375	51.5	0.980061428617622	0.79934582387329	-0.00109182463590635	42.7964454568964	0.997806757147938
21.625	51.5	0.981807462971032	0.799411032759537	-0.00103778361597536	42.5970189551963	0.997998820926814
21.875	51.5	0.983445861617715	0.799469887571533	-0.000987123325154369	42.3975398227016	0.998179044777949
22.125	51.5	0.984977080032555	0.799523106277829	-0.0009395385195605	42.198011910712	0.998347478803581
22.375	51.5	0.98640253849034	0.799571314003031	-0.000894753266936562	41.9984388838688	0.998504279233937
22.625	51.5	0.987724519818004	0.79961505533513	-0.000852520326397944	41.7988242212836	0.99864969717998
22.875	51.5	0.988946050168831	0.79965480526126	-0.000812619709831136	41.5991712172952	0.998784065518571
23.125	51.5	0.990070772984234	0.799690978783531	-0.000774856720198612	41.3994829824382	0.998907785028266
23.375	51.5	0.991102823645443	0.799723939300015	-0.000739059697751153	41.199762444991	0.999021310600999
23.625	51.5	0.992046710057527	0.799754005856344	-0.000705077648643716	41.0000123533144	0.999125138106328
23.875	51.5	0.992907202567364	0.799781459381618	-0.000672777882660812	40.8002352790681	0.99921979228241
24.125	51.5	0.993689235175342	0.799806548025326	-0.000642043747431715	40.6004336213081	0.999305815869288
24.375	51.5	0.994397818916042	0.799829491707578	-0.000612772515430509	40.4006096114108	0.999383760080765
24.625	51.5	0.99503796750344	0.799850485988369	-0.000584873455920603	40.2007653187315	0.999454176425378
24.875	51.5	0.995614634804516	0.799869705351539	-0.000558266106100302	40.0009026568866	0.999517609828497
25.125	51.5	0.996132663368443	0.799887305990314	-0.000532878743378073	39.8010233905398	0.999574592970529
25.375	51.5	0.996596743047783	0.799903428169435	-0.000508647051575675	39.6011291425723	0.999625641735256
25.625	51.5	0.997011378663436	0.799918198230595	-0.00048551296884625	39.4012214015219	0.999671251652978
25.875	51.5	0.99738086565275	0.799931730296921	-0.000463423701831779	39.2013015291845	0.999711895221802
26.125	51.5	0.997709272674988	0.799944127725143	-0.000442330889186989	39.0013707682827	0.999748019994249
26.375	51.5	0.998000430211318	0.799955484346512	-0.00042218989748854	38.8014302501148	0.999780047323245
26.625	51.5	0.99825792427387	0.799965885529902	-0.000402959233105912	38.6014810021118	0.999808371670126
26.875	51.5	0.998485094421148	0.79997540909681	-0.000384600054593302	38.401523955238	0.999833360386326
27.125	51.5	0.998685035359589	0.799984126111297	-0.000367075771555086	38.2015599511823	0.999855353889555
27.375	51.5	0.998860601489701	0.799992101565718	-0.000350351717163918	38.0015897492982	0.999874666163867
27.625	51.5	0.999014413828312	0.799999394977877	-0.000334394883154311	37.8016140332561	0.999891585521114
27.875	51.5	0.999148868805622	0.800006060914122	-0.000319173707233166	37.6016334173825	0.999906375568618
28.125	51.5	0.999266148496908	0.800012149449695	-0.000304657904176505	37.4016484526671	0.99991927633466
28.375	51.5	0.999368231904196	0.80001770657538	-0.000290818333129582	37.2016596324233	0.999930505509462
28.625	51.5	0.999456906953571	0.800022774558657	-0.000277626894441922	37.0016673975973	0.999940259764893
28.875	51.5	0.999533782919863	0.800027392266243	-0.000265056450521751	36.8016721417219	0.999948716121185
29.125	51.5	0.999600303032177	0.800031595452914	-0.00025308076582937	36.6016742155189	0.999956033333539
29.375	51.5	0.999657757052038	0.800035417021353	-0.000241674462029101	36.4016739311546	0.999962353275724
29.625	51.5	0.999707293650719	0.800038887257025	-0.000230812984774968	36.2016715661597	0.999967802301579
29.875	51.5	0.999749932444194	0.800042034041064	-0.000220472579313777	36.0016673670237	0.999972492568861
30.125	51.5	0.999786575572551	0.800044883043849	-0.000210630272578856	35.801661552479	0.999976523312981
30.375	51.5	0.999818018737089	0.800047457901852	-0.000201263859713385	35.6016543164897	0.99997998206108
30.625	51.5	0.999844961631005	0.800049780378995	-0.000192351893604502	35.4016458309619	0.99998294577941
30.875	51.5	0.999868017720186	0.800051870514784	-0.000183873676063458	35.2016362481931	0.99998548194922
31.125	51.5	0.999887723348267	0.800053746760331	-0.000175809249741428	35.0016257030785	0.999987649568309
31.375	51.5	0.999904546155467	0.800055426103354	-0.00016813939006309	34.8016143150915	0.999989500077101
31.625	51.5	0.99991889281367	0.800056924183446	-0.000160845596642763	34.6016021900578	0.999991078209504
31.875	51.5	0.999931116090769	0.800058255398124	-0.000153910083721779	34.4015894217376	0.999992422769985
32.125	51.5	0.999941521265961	0.800059433000806	-0.000147315769589705	34.2015760932358	0.999993567339256
32.375	51.5	0.999950371924313	0.800060469191232	-0.000141046264634879	34.0015622782537	0.999994540911675
32.625	51.5	0.999957895163956	0.800061375198627	-0.000135085858184718	33.8015480421983	0.999995368468035
32.875	51.5	0.99996428625264	0.800062161359134	-0.000129419504053663	33.6015334431637	0.99999607148779
33.125	51.5	0.999969712772676	0.800062837186501	-0.000124032804910773	33.4015185327967	0.999996668404994
33.375	51.5	0.999974318294108	0.800063411437916	-0.000118911995582429	33.2015033570606	0.999997175012352
33.625	51.5	0.999978225616204	0.80006389217445	-0.000114043925424107	33.0014879569064	0.999997604817782
33.875	51.5	0.99998153961657	0.800064286817045	-0.000109416039911166	32.8014723688633	0.999997969357823
34.125	51.5	0.999984349745873	0.80006460219786	-0.000105016361662514	32.6014566255569	0.999998278472046
34.375	51.5	0.99998673220446	0.800064844607755	-0.000100833470908818	32.4014407561644	0.999998540542491
34.625	51.5	0.999988751834977	0.800065019840122	-9.685648574404e-05	32.201424786813	0.999998762701848
34.875	51.5	0.99999046376286	0.800065133230994	-9.30750421790658e-05	32.0014087409297	0.999998951013915
35.125	51.5	0.999991914813984	0.800065189696241	-8.94792741185983e-05	31.8013926395481	0.999999110629538
35.375	51.5	0.999993144736371	0.800065193765511	-8.6059793524182e-05	31.601376501577	0.999999245921001
35.625	51.5	0.999994187250363	0.800065149613643	-8.28076706833821e-05	31.4013603440359	0.99999936059754
35.875	51.5	0.999995070949157	0.800065061089426	-7.97144147979248e-05	31.2013441822625	0.999999457804407
36.125	51.5	0.999995820069371	0.800064931742105	-7.67719549474203e-05	31.0013280300936	0.999999540207631
36.375	51.5	0.999996455149146	0.800064764845552	-7.39726214640617e-05	30.8013119000258	0.999999610066406
36.625	51.5	0.999996993589153	0.800064563420766	-7.1309127810545e-05	30.6012958033553	0.999999669294807
36.875	51.5	0.99999745013016	0.800064330256129	-6.87745529651503e-05	30.4012797503025	0.999999719514318
37.125	51.5	0.999997837258957	0.800064067926333	-6.63623243761082e-05	30.2012637501207	0.999999762098485
37.375	51.5	0.999998165553029	0.800063778809483	-6.40662015254968e-05	30.0012478111934	0.999999798210833
37.625	51.5	0.999998443972927	0.800063465103042	-6.18802600266672e-05	29.8012319411197	0.999999828837022
37.875	51.5	0.999998680110064	0.800063128838196	-5.97988764142399e-05	29.6012161467898	0.999999854812107
38.125	51.5	0.999998880396619	0.80006277189318	-5.78167134566281e-05	29.4012004344532	0.999999876843628
38.375	51.5	0.999999050283262	0.800062396005477	-5.59287061437561e-05	29.2011848097781	0.999999895531159
38.625	51.5	0.999999194389555	0.800062002782961	-5.41300482549389e-05	29.0011692779052	0.999999911382851
38.875	51.5	0.999999316631249	0.800061593714174	-5.24161794690584e-05	28.8011538434956	0.999999924829437
39.125	51.5	0.999999420327969	0.800061170177673	-5.07827731498457e-05	28.6011385107735	0.999999936236077
39.375	51.5	0.999999508294357	0.800060733450669	-4.92257245930364e-05	28.4011232835644	0.999999945912379
39.625	51.5	0.999999582917191	0.800060284716989	-4.77411398773331e-05	28.2011081653302	0.999999954120891
39.875	51.5	0.999999646220647	0.80005982507419	-4.6325325229808e-05	28.0010931591995	0.999999961084271
40.125	51.5	0.999999699921568	0.800059355540339	-4.49747769027265e-05	27.8010782679963	0.999999966991373
40.375	51.5	0.999999745476239	0.800058877060053	-4.36861715122397e-05	27.6010634942646	0.999999972002386
40.625	51.5	0.99999978412002	0.800058390510129	-4.24563569032934e-05	27.4010488402919	0.999999976253202
40.875	51.5	0.99999981690091	0.800057896704673	-4.12823433959575e-05	27.2010343081297	0.9999999798591
41.125	51.5	0.999999844708006	0.800057396399882	-4.0161295529958e-05	27.0010198996122	0.999999982917881
41.375	51.5	0.999999868295614	0.800056890298284	-3.90905241635834e-05	26.8010056163736	0.999999985512518
41.625	51.5	0.999999888303686	0.800056379052843	-3.80674790154914e-05	26.6009914598637	0.999999987713405
41.875	51.5	0.999999905275164	0.800055863270548	-3.70897415398557e-05	26.4009774313621	0.999999989580268
42.125	51.5	0.999999919670677	0.800055343515872	-3.61550181948437e-05	26.2009635319911	0.999999991163774
42.375	51.5	0.999999931881024	0.800054820313778	-3.52611340160849e-05	26.000949762728	0.999999992506913
42.625	51.5	0.999999942237751	0.800054294152677	-3.44060265486831e-05	25.8009361244152	0.999999993646153
42.875	51.5	0.999999951022123	0.800053765487005	-3.35877400792186e-05	25.6009226177713	0.999999994612433
43.125	51.5	0.999999958472751	0.800053234739664	-3.28044201235672e-05	25.4009092433992	0.999999995432003
43.375	51.5	0.999999964792053	0.800052702304259	-3.20543082657492e-05	25.2008960017954	0.999999996127126
43.625	51.5	0.999999970151741	0.800052168547171	-3.1335737185268e-05	25.0008828933571	0.999999996716692
43.875	51.5	0.999999974697477	0.800051633809462	-3.06471260069972e-05	24.8008699183901	0.999999997216722
44.125	51.5	0.999999978552817	0.800051098408625	-2.99869758199505e-05	24.6008570771147	0.99999999764081
44.375	51.5	0.999999981822566	0.800050562640143	-2.9353865482818e-05	24.4008443696724	0.999999998000482
44.625	51.5	0.999999984595627	0.80005002677914	-2.87464476148062e-05	24.2008317961313	0.999999998305519
44.875	51.5	0.999999986947405	0.80004949108164	-2.81634448037747e-05	24.0008193564913	0.999999998564215
45.125	51.5	0.999999988941865	0.800048955785843	-2.76036459807465e-05	23.8008070506892	0.999999998783605
45.375	51.5	0.999999990633259	0.800048421113431	-2.70659030328922e-05	23.6007948786029	0.999999998969659
45.625	51.5	0.999999992067604	0.800047887270523	-2.65491275410977e-05	23.4007828400562	0.999999999127436
45.875	51.5	0.999999993283927	0.800047354448753	-2.6052287693543e-05	23.2007709348218	0.999999999261232
46.125	51.5	0.999999994315335	0.8000468228263	-2.55744053962298e-05	23.0007591626257	0.999999999374687
46.375	51.5	0.999999995189912	0.800046292568559	-2.51145534710232e-05	22.8007475231505	0.99999999947089
46.625	51.5	0.999999995931472	0.800045763829164	-2.46718530433874e-05	22.6007360160381	0.999999999552462
46.875	51.5	0.999999996560215	0.800045236750589	-2.42454710538147e-05	22.4007246408931	0.999999999621624
47.125	51.5	0.999999997093274	0.800044711464956	-2.38346178810244e-05	22.2007133972853	0.99999999968026
47.375	51.5	0.999999997545183	0.800044188094574	-2.34385451016568e-05	22.0007022847526	0.99999999972997
47.625	51.5	0.99999999792827	0.800043666752661	-2.30565433624956e-05	21.8006913028031	0.99999999977211
47.875	51.5	0.999999998252989	0.800043147543825	-2.26879403656678e-05	21.6006804509173	0.999999999807829
48.125	51.5	0.99999999852821	0.800042630564598	-2.23320989497402e-05	21.4006697285505	0.999999999838103
48.375	51.5	0.99999999876145	0.800042115903984	-2.19884152559404e-05	21.2006591351348	0.999999999863759
48.625	51.5	0.99999999895909	0.800041603643804	-2.16563170317765e-05	21.0006486700806	0.9999999998855
48.875	51.5	0.999999999126541	0.800041093859223	-2.13352619803698e-05	20.8006383327787	0.99999999990392
49.125	51.5	0.999999999268393	0.800040586619124	-2.10247362038142e-05	20.6006281226017	0.999999999919523
49.375	51.5	0.999999999388538	0.800040081986429	-2.07242527426604e-05	20.4006180389058	0.999999999932739
49.625	51.5	0.999999999490275	0.80003958001847	-2.04333501734553e-05	20.2006080810321	0.99999999994393
49.875	51.5	0.999999999576406	0.80003908076734	-2.01515912810635e-05	20.0005982483077	0.999999999953405
50.125	51.5	0.999999999649305	0.800038584280194	-1.98785618130842e-05	19.8005885400476	0.999999999961424
50.375	51.5	0.999999999710988	0.80003809059944	-1.9613869267517e-05	19.6005789555553	0.999999999968209
50.625	51.5	0.999999999763159	0.80003759976315	-1.93571417938945e-05	19.4005694941246	0.999999999973948
50.875	51.5	0.999999999807271	0.800037111805169	-1.91080270812289e-05	19.2005601550398	0.9999999999788
51.125	51.5	0.99999999984455	0.800036626755456	-1.88661913763984e-05	19.0005509375776	0.9999999999829
51.375	51.5	0.999999999876036	0.800036144640261	-1.86313184944359e-05	18.8005418410074	0.999999999986364
51.625	51.5	0.999999999902616	0.800035665482257	-1.84031089165935e-05	18.6005328645926	0.999999999989288
51.875	51.5	0.999999999925038	0.800035189300906	-1.81812789132421e-05	18.4005240075914	0.999999999991754
52.125	51.5	0.999999999943938	0.800034716112422	-1.79655597342556e-05	18.2005152692574	0.999999999993833
52.375	51.5	0.999999999959852	0.800034245930154	-1.77556968063285e-05	18.0005066488405	0.999999999995584
52.625	51.5	0.999999999973239	0.800033778764563	-1.75514490108203e-05	17.8004981455877	0.999999999997056
52.875	51.5	0.999999999984487	0.800033314623517	-1.7352587973848e-05	17.6004897587437	0.999999999998293
53.125	51.5	0.99999999999392	0.80003285351234	-1.715889740022e-05	17.4004814875515	0.999999999999331
53.375	51.5	1.00000000000182	0.80003239543397	-1.69701724344901e-05	17.2004733312532	1.0000000000002
53.625	51.5	1.00000000000842	0.800031940389101	-1.67862190826797e-05	17.0004652890902	1.00000000000093
53.875	51.5	1.00000000001392	0.800031488376287	-1.66068536092358e-05	16.8004573603041	1.00000000000153
54.125	51.5	1.00000000001849	0.800031039392063	-1.64319020384686e-05	16.6004495441373	1.00000000000203
54.375	51.5	1.00000000002228	0.800030593431051	-1.6261199609609e-05	16.4004418398332	1.00000000000245
54.625	51.5	1.00000000002541	0.800030150486007	-1.60945903069944e-05	16.2004342466365	1.00000000000279
54.875	51.5	1.00000000002797	0.800029710548033	-1.59319264046156e-05	16.0004267637944	1.00000000000308
55.125	51.5	1.00000000003007	0.80002927360654	-1.57730680129593e-05	15.8004193905563	1.00000000000331
55.375	51.5	1.00000000003176	0.800028839649406	-1.5617882688822e-05	15.6004121261742	1.00000000000349
55.625	51.5	1.00000000003312	0.800028408663043	-1.54662450239592e-05	15.4004049699038	1.00000000000364
55.875	51.5	1.00000000003419	0.800027980632447	-1.53180362816683e-05	15.2003979210041	1.00000000000376
56.125	51.5	1.00000000003503	0.800027555541309	-1.51731440434571e-05	15.0003909787379	1.00000000000385
56.375	51.5	1.00000000003566	0.800027133372034	-1.50314618762119e-05	14.8003841423726	1.00000000000392
56.625	51.5	1.00000000003613	0.800026714105863	-1.48928890142918e-05	14.6003774111798	1.00000000000397
56.875	51.5	1.00000000003646	0.800026297722878	-1.47573300557003e-05	14.4003707844361	1.00000000000401
57.125	51.5	1.00000000003667	0.80002588420211	-1.46246946860478e-05	14.2003642614233	1.00000000000403
57.375	51.5	1.00000000003678	0.800025473521527	-1.44948974026851e-05	14.0003578414282	1.00000000000405
57.625	51.5	1.0000000000368	0.80002506565817	-1.43678572582423e-05	13.8003515237438	1.00000000000405
57.875	51.5	1.00000000003676	0.800024660588125	-1.4243497620613e-05	13.6003453076685	1.00000000000404
58.125	51.5	1.00000000003667	0.800024258286622	-1.41217459440142e-05	13.4003391925069	1.00000000000403
58.375	51.5	1.00000000003653	0.800023858728057	-1.4002533547674e-05	13.20033317757	1.00000000000402
58.625	51.5	1.00000000003635	0.800023461886021	-1.3885795418422e-05	13.0003272621753	1.000000000004
58.875	51.5	1.00000000003614	0.800023067733374	-1.37714699982989e-05	12.8003214456468	1.00000000000398
59.125	51.5	1.0000000000359	0.800022676242258	-1.3659499018348e-05	12.6003157273156	1.00000000000395
59.375	51.5	1.00000000003564	0.800022287384129	-1.35498273124295e-05	12.4003101065197	1.00000000000392
59.625	51.5	1.00000000003537	0.80002190112982	-1.34424026490289e-05	12.2003045826045	1.00000000000389
59.875	51.5	1.00000000003508	0.800021517449527	-1.33371755809814e-05	12.0002991549226	1.00000000000386
60.125	51.5	1.00000000003479	0.800021136312892	-1.32340992931859e-05	11.800293822834	1.00000000000383
60.375	51.5	1.00000000003448	0.800020757689002	-1.3133129458156e-05	11.6002885857068	1.00000000000379
60.625	51.5	1.00000000003418	0.800020381546405	-1.30342241073854e-05	11.4002834429165	1.00000000000376
60.875	51.5	1.00000000003386	0.800020007853164	-1.29373434990423e-05	11.2002783938466	1.00000000000373
61.125	51.5	1.00000000003355	0.800019636576874	-1.28424500033872e-05	11.0002734378887	1.00000000000369
61.375	51.5	1.00000000003323	0.800019267684681	-1.27495079861589e-05	10.8002685744427	1.00000000000366
61.625	51.5	1.00000000003291	0.800018901143291	-1.26584836943468e-05	10.6002638029165	1.00000000000362
61.875	51.5	1.0000000000326	0.800018536919026	-1.25693451723963e-05	10.4002591227265	1.00000000000359
62.125	51.5	1.00000000003228	0.800018174977822	-1.24820621465281e-05	10.2002545332976	1.00000000000355
62.375	51.5	1.00000000003197	0.800017815285237	-1.2396605941243e-05	10.0002500340631	1.00000000000352
62.625	51.5	1.00000000003166	0.800017457806478	-1.23129493987485e-05	9.80024562446526	1.00000000000348
62.875	51.5	1.00000000003135	0.800017102506454	-1.22310667848102e-05	9.60024130395479	1.00000000000345
63.125	51.5	1.00000000003104	0.800016749349727	-1.21509337222313e-05	9.40023707199134	1.00000000000341
63.375	51.5	1.00000000003074	0.800016398300589	-1.20725271123315e-05	9.20023292804343	1.00000000000338
63.625	51.5	1.00000000003045	0.800016049323009	-1.19958250724555e-05	9.00022887158855	1.00000000000335
63.875	51.5	1.00000000003016	0.80001570238073	-1.19208068581833e-05	8.80022490211322	1.00000000000332
64.125	51.5	1.00000000002987	0.800015357437231	-1.18474528163553e-05	8.60022101911308	1.00000000000329
64.375	51.5	1.00000000002959	0.800015014455716	-1.17757443198634e-05	8.40021722209289	1.00000000000325
64.625	51.5	1.0000000000293	0.800014673399177	-1.17056637114272e-05	8.20021351056669	1.00000000000322
64.875	51.5	1.00000000002898	0.800014334230396	-1.16371942585276e-05	8.00020988405774	1.00000000000319
65.125	51.5	1.00000000002863	0.800013996911923	-1.15703200997529e-05	7.80020634209869	1.00000000000315
65.375	51.5	1.00000000002827	0.800013661406114	-1.15050262019125e-05	7.60020288423153	1.00000000000311
65.625	51.5	1.00000000002795	0.800013327675132	-1.14412983173994e-05	7.40019951000771	1.00000000000308
65.875	51.5	1.00000000002779	0.800012995680959	-1.13791229428093e-05	7.20019621898815	1.00000000000306
66.125	51.5	1.00000000002789	0.800012665385391	-1.13184872856286e-05	7.0001930107433	1.00000000000307
66.375	51.5	1.00000000002831	0.800012336750061	-1.12593792263557e-05	6.80018988485316	1.00000000000311
66.625	51.5	1.00000000002892	0.800012009736441	-1.12017872872698e-05	6.60018684090737	1.00000000000318
66.875	51.5	1.00000000002922	0.800011684305846	-1.11457006065255e-05	6.40018387850521	1.00000000000321
67.125	51.5	1.00000000002828	0.800011360419461	-1.10911089048241e-05	6.20018099725565	1.00000000000311
67.375	51.5	1.0000000000249	0.800011038038333	-1.10380024680057e-05	6.00017819677744	1.00000000000274
67.625	51.5	1.00000000001829	0.800010717123391	-1.09863721188662e-05	5.80017547669908	1.00000000000201
67.875	51.5	1.00000000000924	0.800010397635453	-1.09362091951517e-05	5.60017283665887	1.00000000000102
68.125	51.5	1.00000000000174	0.800010079535205	-1.08875055345964e-05	5.40017027630487	1.00000000000019
68.375	51.5	1.000000000004	0.80000976278318	-1.08402534489772e-05	5.20016779529485	1.00000000000044
68.625	51.5	1.00000000002752	0.800009447339727	-1.07944457097643e-05	5.00016539329626	1.00000000000303
68.875	51.5	1.00000000008227	0.800009133164986	-1.07500755374128e-05	4.80016306998618	1.00000000000905
69.125	51.5	1.00000000016649	0.800008820218922	-1.07071365949553e-05	4.60016082505154	1.00000000001831
69.375	51.5	1.00000000025231	0.80000850846148	-1.06656229899294e-05	4.40015865818951	1.00000000002775
69.625	51.5	1.00000000027287	0.80000819785283	-1.06255292894345e-05	4.20015656910828	1.00000000003002
69.875	51.5	1.00000000012325	0.800007888353797	-1.05868505340949e-05	4.00015455752787	1.00000000001356
70.125	51.5	0.99999999969228	0.800007579926204	-1.05495822450759e-05	3.80015262318067	0.999999999966151
70.375	51.5	0.999999998941314	0.800007272532886	-1.05137203909059e-05	3.60015076581069	0.999999999883545
70.625	51.5	0.999999998029629	0.800006966136931	-1.04792613052463e-05	3.40014898517058	0.999999999783259
70.875	51.5	0.999999997450795	0.80000666069971	-1.0446201530024e-05	3.20014728101579	0.999999999719588
71.125	51.5	0.999999998089608	0.800006356177716	-1.04145376057764e-05	3.00014565309659	0.999999999789857
71.375	51.5	1.00000000105419	0.800006052519061	-1.03842659000634e-05	2.80014410115124	1.00000000011596
71.625	51.5	1.00000000712264	0.800005749661899	-1.03553826186378e-05	2.60014262490718	1.00000000078349
71.875	51.5	1.00000001572999	0.800005447538333	-1.03278842262762e-05	2.40014122409936	1.0000000017303
72.125	51.5	1.00000002367214	0.800005146087896	-1.03017684422741e-05	2.20013989851403	1.00000000260394
72.375	51.5	1.00000002413786	0.80000484528249	-1.02770358065479e-05	2.00013864805735	1.00000000265516
72.625	51.5	1.0000000072045	0.800004545158757	-1.02536913426862e-05	1.8001374728293	1.0000000007925
72.875	51.5	0.999999963271399	0.800004245843146	-1.02317452334965e-05	1.60013637315433	0.999999995959854
73.125	51.5	0.99999989057556	0.800003947542177	-1.0211210764739e-05	1.40013534949162	0.999999987963312
73.375	51.5	0.999999806351803	0.800003650461842	-1.01920976567701e-05	1.20013440213992	0.999999978698698
73.625	51.5	0.999999757972579	0.800003354627432	-1.0174399916036e-05	1.00013353069707	0.999999973376984
73.875	51.5	0.9999998258649	0.800003059612479	-1.01580802612618e-05	0.800132733364786	0.999999980845139
74.125	51.5	1.00000010585239	0.800002764262538	-1.01430581972997e-05	0.600132006415334	1.00000001164376
74.375	51.5	1.00000065831928	0.800002466537282	-1.01292148742427e-05	0.400131344411396	1.00000007241512
74.625	51.5	1.00000142022407	0.800001942717836	-1.01164325755355e-05	0.200130741988592	1.00000015622465
74.875	51.5	1.00000209814911	0.400002504602352	-1.01071245650801e-05	0.000130308628523101	1.0000002307964
0.125	52.5	-4.14711820323294e-08	0.3999948583325	0.000662848938027299	58.5911954672897	0.88999999543817
0.375	52.5	-5.69810645624577e-06	0.799984837812531	0.000665160774129939	58.4131977562435	0.88999937320829
0.625	52.5	-1.80393050735917e-05	0.79997467370904	0.00066980067477084	58.2352024651733	0.889998015676442
0.875	52.5	-3.78348458621816e-05	0.799964195351027	0.000676814333335541	58.0572098201444	0.889995838166955
1.125	52.5	-6.45641123943726e-05	0.799953331006312	0.000686261563431017	57.8792200628967	0.889992897947637
1.375	52.5	-9.54521200739429e-05	0.79994196700638	0.000698215449386076	57.7012334284965	0.889989500266792
1.625	52.5	-0.000124564867153131	0.799929979648178	0.00071275891145409	57.5232500871611	0.889986297864613
1.875	52.5	-0.000142040635187633	0.799917231603882	0.00072998038711635	57.34527006792	0.889984375530129
2.125	52.5	-0.000133565238069834	0.799903568697653	0.000749969017756387	57.16729316823	0.889985307823812
2.375	52.5	-8.01967919761626e-05	0.799888817701791	0.000772809850781682	56.9893188560017	0.889991178352883
2.625	52.5	4.13811253091954e-05	0.799872785598544	0.000798579663978133	56.8113461725101	0.890004551923784
2.875	52.5	0.000258142804112984	0.799855260532869	0.000827344059298629	56.6333736459181	0.890028395708452
3.125	52.5	0.000599558157578107	0.799836014430111	0.000859156444413978	56.4553992253312	0.890065951397334
3.375	52.5	0.00109605683792997	0.799814807012686	0.000894059424650753	56.2774202443307	0.890120566252172
3.625	52.5	0.00177723757314201	0.799791390742113	0.000932088980770053	56.0994334208579	0.890195496133046
3.875	52.5	0.00266997496789656	0.79976551607204	0.000973281634260671	55.9214348973714	0.890293697246469
4.125	52.5	0.00379659187978537	0.799736936339814	0.00101768462478542	55.7434203217227	0.890417625106776
4.375	52.5	0.00517326268393567	0.799705411645723	0.00106536896495563	55.5653849655691	0.890569058895233
4.625	52.5	0.0068087927501281	0.799670711167767	0.00111644510277254	55.3873238737808	0.890748967202514
4.875	52.5	0.00870388575596386	0.799632613517447	0.00117108080764484	55.20923203551	0.890957427433156
5.125	52.5	0.0108509677634619	0.799590904941504	0.00122952078621823	55.0311045656422	0.891193606453981
5.375	52.5	0.0132345905252035	0.799545375406185	0.00129210740827274	54.8529368843544	0.891455804957772
5.625	52.5	0.0158323914365106	0.79949581283806	0.00135930176116259	54.6747248825003	0.891741563058016
5.875	52.5	0.0186165486105613	0.799441996032626	0.00143170404240543	54.4964650614285	0.892047820347162
6.125	52.5	0.0215556405949138	0.799383686953253	0.00151007204531596	54.318154637445	0.892371120465441
6.375	52.5	0.0246168039831829	0.799320623315796	0.00159533620707125	54.1397916031953	0.89270784843815
6.625	52.5	0.0277680798523127	0.799252512476666	0.00168860939517407	53.9613747404884	0.893054488783754
6.875	52.5	0.0309808511583903	0.79917902769852	0.00179118933394282	53.7829035811942	0.893407893627423
7.125	52.5	0.0342322959025289	0.799099807868198	0.001904551333547	53.6043783145719	0.893765552549278
7.375	52.5	0.0375078117007099	0.799014461680024	0.00203032877702932	53.4257996404995	0.894125859287078
7.625	52.5	0.040803402423626	0.798922577181005	0.00217027860790365	53.2471685684703	0.894488374266599
7.875	52.5	0.044128053178011	0.798823737396792	0.00232622875940848	53.0684861618491	0.894854085849581
8.125	52.5	0.0475061536348401	0.798717542489827	0.00250000394204299	52.8897532257908	0.895225676899832
8.375	52.5	0.0509800609124207	0.798603638486521	0.00269332527143259	52.7109699354963	0.895607806700366
8.625	52.5	0.0546129229956336	0.798481751950906	0.00290767765613775	52.5321353992064	0.89600742152952
8.875	52.5	0.0584919139423189	0.798351728917628	0.00314413646407464	52.3532471476025	0.896434110533655
9.125	52.5	0.0627320635220474	0.798213574727919	0.00340314164590077	52.1743005381607	0.896900526987425
9.375	52.5	0.0674808922022107	0.798067488890616	0.00368420338034005	51.9952880596471	0.897422898142243
9.625	52.5	0.0729240730806712	0.797913885489718	0.00398551915892267	51.8161985187182	0.898021648038874
9.875	52.5	0.0792923034606263	0.797753384931514	0.00430347981072306	51.6370160883797	0.898722153380669
10.125	52.5	0.0868694216376028	0.797586757387115	0.00463204476809603	51.4577191986835	0.899555636380136
10.375	52.5	0.0960014548383458	0.797414793626827	0.00496198092646231	51.2782792567748	0.900560160032218
10.625	52.5	0.107105599048254	0.797238078535832	0.0052799939810494	51.0986592015518	0.901781615895308
10.875	52.5	0.120676955368758	0.79705665305762	0.00556784795271004	50.9188119353643	0.903274465090563
11.125	52.5	0.137289065806819	0.79686958201429	0.00580167819882153	50.7386787405286	0.90510179723875
11.375	52.5	0.157581978956751	0.796674510461362	0.00595185394665618	50.5581878898852	0.907334017685243
11.625	52.5	0.182229268383108	0.796467395860883	0.00598390463606693	50.3772537982888	0.910045219522142
11.875	52.5	0.211874479462016	0.796242728367077	0.00586109970517008	50.1957772167717	0.913306192740822
12.125	52.5	0.247030285200685	0.795994626303896	0.00554911049728067	50.0136470908565	0.917173331372075
12.375	52.5	0.287943104616533	0.795719084140741	0.00502262788210429	49.8307446951282	0.921673741507819
12.625	52.5	0.334443477138029	0.795417210835792	0.0042728559588617	49.6469503980573	0.926788782485183
12.875	52.5	0.385824281728142	0.795098534012071	0.00331378875183849	49.4621528208626	0.932440670990096
13.125	52.5	0.440802981714891	0.794782721502271	0.00218476779964282	49.2762592927102	0.938488327988638
13.375	52.5	0.497613768316221	0.794498074206324	0.000947583960059301	49.0892056670839	0.944737514514784
13.625	52.5	0.55423284322765	0.794276356957565	-0.000321789786312352	48.9009632246819	0.950965612755041
13.875	52.5	0.608681189816674	0.794145498641919	-0.00154477060563774	48.7115409157645	0.956954930879834
14.125	52.5	0.659310611350855	0.794123033395487	-0.00265188552224936	48.5209824992255	0.962524167248594
14.375	52.5	0.704988487041998	0.794212784025719	-0.0035916874429732	48.329359609981	0.96754873357462
14.625	52.5	0.745146888129411	0.794405535208725	-0.00433511411582492	48.1367627124598	0.971966157694235
14.875	52.5	0.779716926991695	0.794682657577868	-0.00487509516156005	47.943291962046	0.975768861969086
15.125	52.5	0.808999208691075	0.795020852832055	-0.00522253099561009	47.7490494161713	0.978989912956018
15.375	52.5	0.8335209753377	0.795396439205875	-0.00540044265352092	47.5541332642053	0.981687307287147
15.625	52.5	0.853913190682993	0.795788335544251	-0.00543803154638627	47.3586341217701	0.983930450975129
15.875	52.5	0.870821342704044	0.79617960273755	-0.00536582216097827	47.1626330761809	0.985790347697445
16.125	52.5	0.884850025757106	0.796557822354767	-0.00521236263871244	46.9662010379743	0.987333502833282
16.375	52.5	0.896534610514022	0.796914732382487	-0.00500241797174934	46.7693989636121	0.988618807156542
16.625	52.5	0.90633160433	0.797245501165452	-0.00475631089644583	46.5722785918143	0.9896964764763
16.875	52.5	0.914620279481738	0.797547909306486	-0.00449000395911357	46.3748834318221	0.990608230742991
17.125	52.5	0.92171007293366	0.797821594850398	-0.00421557783378196	46.1772498300322	0.991388108022703
17.375	52.5	0.92785018213832	0.798067430132633	-0.00394186386008672	45.9794080109945	0.992063520035215
17.625	52.5	0.933239302612439	0.798287044388644	-0.00367508533915662	45.7813830379506	0.992656323287368
17.875	52.5	0.938034500103765	0.798482478217694	-0.00341943408689676	45.5831956696871	0.993183795011414
18.125	52.5	0.94235885213188	0.798655945243894	-0.00317755477414257	45.3848631088636	0.993659473734507
18.375	52.5	0.946307841234717	0.798809675176563	-0.00295093525075264	45.1863996464585	0.994093862535819
18.625	52.5	0.949954639252257	0.798945815749903	-0.00274021311188996	44.9878172110425	0.994495010317748
18.875	52.5	0.953354468442458	0.799066375691299	-0.00254541279639681	44.7891258327105	0.99486899152867
19.125	52.5	0.956548215753247	0.799173195405417	-0.00236612737156767	44.5903340312572	0.995220303732857
19.375	52.5	0.959565444882158	0.799267935855704	-0.00220165723144627	44.3914491374642	0.995552198937037
19.625	52.5	0.962426915511331	0.799352079038911	-0.00205111552972932	44.1924775556017	0.995866960706246
19.875	52.5	0.965146689119239	0.799426935569374	-0.00191350791975181	43.993424974604	0.996166135803116
20.125	52.5	0.967733878931815	0.799493656374659	-0.00178779232738561	43.7942965348515	0.9964507266825
20.375	52.5	0.970194087594598	0.799553246518322	-0.00167292307525446	43.595096957047	0.996721349635406
20.625	52.5	0.972530568320432	0.79960657984516	-0.00156788265330284	43.3958306392413	0.996978362515248
20.875	52.5	0.97474514153291	0.79965441360033	-0.0014717037043557	43.1965017276072	0.99722196556862
21.125	52.5	0.976838897531262	0.799697402476308	-0.00138348327815137	42.9971141660616	0.997452278728439
21.375	52.5	0.978812715044681	0.799736111750632	-0.00130239103359389	42.7976717292819	0.997669398654915
21.625	52.5	0.980667624817225	0.799771029319936	-0.00122767278393289	42.5981780430844	0.997873438729895
21.875	52.5	0.982405046099617	0.799802576536441	-0.00115865054976508	42.3986365955371	0.998064555070958
22.125	52.5	0.984026921979793	0.799831117826732	-0.00109472008865366	42.1990507416018	0.998242961417777
22.375	52.5	0.985535776934342	0.799856969121624	-0.00103534669753706	41.9994237035534	0.998408935462778
22.625	52.5	0.98693471701394	0.799880405162941	-0.000980059929465563	41.7997585689311	0.998562818871533
22.875	52.5	0.988227389912352	0.799901665774475	-0.000928447729159815	41.6000582873424	0.998705012890359
23.125	52.5	0.989417919020801	0.799920961197429	-0.000880150371147708	41.4003256670735	0.998835971092288
23.375	52.5	0.990510822606954	0.799938476596666	-0.000834854481310387	41.2005633721594	0.998956190486765
23.625	52.5	0.991510926597578	0.799954375842536	-0.000792287336728327	41.0007739203233	0.999066201925734
23.875	52.5	0.992423277152106	0.799968804668978	-0.000752211569040553	40.8009596820159	0.999166560486732
24.125	52.5	0.993253057313021	0.799981893301123	-0.000714420342112463	40.6011228806421	0.999257836304432
24.375	52.5	0.994005510497751	0.799993758636241	-0.000678733033701389	40.4012655939698	0.999340606154753
24.625	52.5	0.994685872422413	0.800004506052479	-0.00064499142113807	40.2013897566473	0.999415445966465
24.875	52.5	0.995299312174852	0.800014230909487	-0.000613056350631587	40.0014971637147	0.999482924339234
25.125	52.5	0.99585088253233	0.800023019796208	-0.000582804856973781	39.8015894749744	0.999543597078556
25.375	52.5	0.996345479198099	0.80003095157168	-0.000554127693207936	39.6016682200742	0.999598002711791
25.625	52.5	0.996787808364693	0.800038098237498	-0.000526927226867189	39.4017348041585	0.999646658920116
25.875	52.5	0.997182361861035	0.800044525673874	-0.000501115659160894	39.2017905139493	0.999690059804714
26.125	52.5	0.997533399071734	0.800050294264276	-0.000476613525485474	39.0018365241284	0.999728673897891
26.375	52.5	0.997844934804806	0.800055459430561	-0.000453348438655966	38.8018739039071	0.999762942828529
26.625	52.5	0.998120732308358	0.800060072094393	-0.000431254039764669	38.6019036236787	0.999793280553919
26.875	52.5	0.998364300683032	0.80006417907946	-0.000410269125567676	38.4019265616682	0.999820073075134
27.125	52.5	0.998578895994886	0.800067823463849	-0.000390336925021564	38.201943510501	0.999843678559437
27.375	52.5	0.998767525456295	0.800071044892911	-0.00037140450129555	38.0019551836293	0.999864427800192
27.625	52.5	0.998932954105649	0.8000738798575	-0.000353422258705491	37.8019622215633	0.999882624951621
27.875	52.5	0.999077713477953	0.800076361944389	-0.00033634353713445	37.601965197866	0.999898548482575
28.125	52.5	0.999204111816247	0.800078522062778	-0.000320124278987637	37.4019646248792	0.999912452299787
28.375	52.5	0.999314245427713	0.80008038864992	-0.000304722756119529	37.2019609591568	0.999924566997048
28.625	52.5	0.999410010838163	0.800081987859364	-0.000290099345928071	37.0019546065894	0.999935101192198
28.875	52.5	0.999493117444544	0.800083343733434	-0.000276216347803799	36.8019459272098	0.9999442429189
29.125	52.5	0.999565100407367	0.800084478362232	-0.000263037832166351	36.6019352396749	0.99995216104481
29.375	52.5	0.999627333563771	0.800085412030424	-0.000250529516012369	36.4019228254249	0.999959006692015
29.625	52.5	0.999681042177471	0.800086163353045	-0.000238658659526142	36.2019089325241	0.999964914639522
29.875	52.5	0.999727315374356	0.800086749401428	-0.0002273939795264	36.0018937791916	0.999970004691179
30.125	52.5	0.999767118142094	0.800087185820439	-0.000216705576046464	35.8018775570324	0.99997438299563
30.375	52.5	0.999801302798777	0.800087486936749	-0.000206564869226383	35.6018604339813	0.999978143307865
30.625	52.5	0.999830619859616	0.800087665860469	-0.000196944544026475	35.4018425569754	0.999981368184558
30.875	52.5	0.999855728251989	0.800087734578839	-0.000187818500894025	35.2018240543692	0.999984130107719
31.125	52.5	0.999877204847689	0.80008770404393	-0.000179161810881693	35.0018050381111	0.999986492533246
31.375	52.5	0.999895553297449	0.800087584253986	-0.000170950673947646	34.8017856056952	0.999988510862719
31.625	52.5	0.999911212166402	0.800087384329208	-0.000163162379582134	34.6017658419078	0.999990233338304
31.875	52.5	0.999924562380733	0.800087112582109	-0.000155775269084084	34.4017458203844	0.999991701861881
32.125	52.5	0.999935934004843	0.800086776582731	-0.000148768698901073	34.2017256049925	0.999992952740533
32.375	52.5	0.999945612375915	0.800086383219546	-0.000142123004810833	34.0017052510583	0.999994017361351
32.625	52.5	0.999953843628147	0.800085938755593	-0.000135819466559366	33.8016848064489	0.999994922799096
32.875	52.5	0.999960839643035	0.800085448880442	-0.00012984027296565	33.6016643125279	0.999995692360734
33.125	52.5	0.999966782464596	0.800084918758663	-0.000124168487337484	33.4016438049938	0.999996346071106
33.375	52.5	0.999971828219813	0.800084353074329	-0.000118788013241069	33.2016233146171	0.999996901104179
33.625	52.5	0.99997611058503	0.800083756072066	-0.000113683560576652	33.001602867884	0.999997372164353
33.875	52.5	0.999979743838468	0.80008313159526	-0.000108840612150009	32.80158248756	0.999997771822231
34.125	52.5	0.999982825538015	0.800082483120934	-0.000104245390668282	32.601562193181	0.999998110809182
34.375	52.5	0.99998543886176	0.800081813791964	-9.98848263151614e-05	32.401542001481	0.999998398274794
34.625	52.5	0.999987654646693	0.800081126446767	-9.57465249901297e-05	32.2015219267642	0.999998642011136
34.875	52.5	0.999989533158774	0.800080423646577	-9.18187372654167e-05	32.001501981228	0.999998848647465
35.125	52.5	0.999991125625089	0.800079707700247	-8.80903281470395e-05	31.8014821752441	0.99999902381876
35.375	52.5	0.99999247555633	0.80007898068736	-8.45507476738897e-05	31.6014625176012	0.999999172311196
35.625	52.5	0.999993619885249	0.800078244479075	-8.1190002455038e-05	31.4014430157166	0.999999298187377
35.875	52.5	0.999994589944336	0.80007750075729	-7.79986281564398e-05	31.2014236758182	0.999999404893877
36.125	52.5	0.99999541230353	0.800076751032357	-7.4967662993219e-05	31.0014045031034	0.999999495353388
36.375	52.5	0.999996109486563	0.800075996658852	-7.20886222072111e-05	30.8013855018759	0.999999572043522
36.625	52.5	0.999996700582396	0.80007523885044	-6.93534735976918e-05	30.6013666756645	0.999999637064064
36.875	52.5	0.999997201766234	0.800074478693036	-6.67546140896683e-05	30.4013480273261	0.999999692194286
37.125	52.5	0.99999762674289	0.800073717157008	-6.42848472954479e-05	30.2013295591349	0.999999738941718
37.375	52.5	0.999997987123585	0.800072955108299	-6.19373621311998e-05	30.0013112728595	0.999999778583594
37.625	52.5	0.999998292745822	0.80007219331839	-5.97057124151956e-05	29.8012931698299	0.99999981220204
37.875	52.5	0.999998551944744	0.800071432473476	-5.75837974418731e-05	29.6012752509963	0.999999840713922
38.125	52.5	0.999998771783104	0.800070673182883	-5.55658435278563e-05	29.4012575169789	0.999999864896141
38.375	52.5	0.999998958246116	0.800069915986422	-5.36463864827528e-05	29.2012399681123	0.999999885407073
38.625	52.5	0.999999116406428	0.800069161361444	-5.182025491997e-05	29.0012226044834	0.999999902804707
38.875	52.5	0.999999250563804	0.800068409728911	-5.00825545309837e-05	28.8012054259648	0.999999917562018
39.125	52.5	0.999999364363347	0.80006766145908	-4.8428653077726e-05	28.601188432244	0.999999930079968
39.375	52.5	0.999999460895554	0.800066916876639	-4.68541662439382e-05	28.401171622848	0.999999940698511
39.625	52.5	0.999999542781011	0.800066176265265	-4.53549442214844e-05	28.2011549971658	0.999999949705911
39.875	52.5	0.99999961224209	0.800065439871842	-4.39270590095471e-05	28.0011385544672	0.99999995734663
40.125	52.5	0.999999671163637	0.800064707910235	-4.25667924110959e-05	27.8011222939202	0.999999963828
40.375	52.5	0.999999721144367	0.80006398056471	-4.1270624684849e-05	27.6011062146047	0.99999996932588
40.625	52.5	0.999999763540396	0.800063257993024	-4.00352237883699e-05	27.401090315526	0.999999973989444
40.875	52.5	0.999999799502124	0.800062540329193	-3.88574352551203e-05	27.2010745956256	0.999999977945234
41.125	52.5	0.999999830005469	0.800061827686053	-3.77342725768382e-05	27.0010590537911	0.999999981300602
41.375	52.5	0.999999855878367	0.800061120157431	-3.66629081420517e-05	26.8010436888647	0.99999998414662
41.625	52.5	0.999999877823219	0.800060417820367	-3.56406646815468e-05	26.6010284996507	0.999999986560554
41.875	52.5	0.999999896435926	0.80005972073672	-3.46650071401127e-05	26.4010134849218	0.999999988607952
42.125	52.5	0.999999912222037	0.800059028955062	-3.37335350434524e-05	26.200998643425	0.999999990344424
42.375	52.5	0.999999925610454	0.80005834251198	-3.28439752563833e-05	26.0009839738867	0.99999999181715
42.625	52.5	0.999999936965031	0.800057661433528	-3.19941751501514e-05	25.8009694750168	0.999999993066153
42.875	52.5	0.999999946594447	0.800056985736381	-3.11820961286203e-05	25.6009551455124	0.999999994125389
43.125	52.5	0.999999954760564	0.800056315428951	-3.04058075404957e-05	25.4009409840615	0.999999995023662
43.375	52.5	0.999999961685515	0.800055650512287	-2.96634808704284e-05	25.2009269893456	0.999999995785407
43.625	52.5	0.999999967557736	0.800054990981042	-2.8953384322919e-05	25.0009131600424	0.999999996431351
43.875	52.5	0.999999972537072	0.800054336824132	-2.82738776171116e-05	24.8008994948277	0.999999996979078
44.125	52.5	0.999999976759111	0.800053688025575	-2.76234071487184e-05	24.6008859923777	0.999999997443502
44.375	52.5	0.999999980338862	0.80005304456496	-2.7000501337375e-05	24.4008726513704	0.999999997837275
44.625	52.5	0.999999983373877	0.800052406418071	-2.64037662881188e-05	24.200859470487	0.999999998171127
44.875	52.5	0.999999985946901	0.800051773557416	-2.58318816476647e-05	24.0008464484132	0.999999998454159
45.125	52.5	0.999999988128116	0.800051145952614	-2.52835967165263e-05	23.8008335838405	0.999999998694093
45.375	52.5	0.999999989977053	0.800050523570774	-2.47577267341999e-05	23.6008208754667	0.999999998897476
45.625	52.5	0.999999991544196	0.800049906376895	-2.42531494015325e-05	23.400808321997	0.999999999069862
45.875	52.5	0.99999999287237	0.800049294334116	-2.37688015699398e-05	23.2007959221445	0.999999999215961
46.125	52.5	0.999999993997893	0.800048687404037	-2.33036761010494e-05	23.000783674631	0.999999999339768
46.375	52.5	0.999999994951568	0.800048085546919	-2.28568189294835e-05	22.8007715781872	0.999999999444673
46.625	52.5	0.999999995759525	0.800047488721924	-2.24273262329161e-05	22.6007596315533	0.999999999533548
46.875	52.5	0.999999996443922	0.800046896887287	-2.20143418054555e-05	22.4007478334795	0.999999999608831
47.125	52.5	0.999999997023549	0.800046310000453	-2.16170545217196e-05	22.2007361827258	0.99999999967259
47.375	52.5	0.999999997514345	0.800045728018292	-2.12346959822833e-05	22.0007246780627	0.999999999726578
47.625	52.5	0.999999997929829	0.800045150897135	-2.08665382498545e-05	21.8007133182712	0.999999999772281
47.875	52.5	0.999999998281465	0.800044578592952	-2.05118917273568e-05	21.600702102143	0.999999999810961
48.125	52.5	0.999999998578973	0.800044011061414	-2.01701031244439e-05	21.4006910284806	0.999999999843687
48.375	52.5	0.999999998830597	0.800043448257966	-1.98405535733164e-05	21.2006800960976	0.999999999871366
48.625	52.5	0.999999999043331	0.800042890137927	-1.95226567902125e-05	21.0006693038182	0.999999999894766
48.875	52.5	0.999999999223105	0.800042336656507	-1.92158573876474e-05	20.800658650478	0.999999999914542
49.125	52.5	0.999999999374951	0.800041787768923	-1.8919629230919e-05	20.6006481349236	0.999999999931245
49.375	52.5	0.999999999503124	0.800041243430326	-1.86334739136306e-05	20.4006377560126	0.999999999945344
49.625	52.5	0.999999999611246	0.80004070359601	-1.83569192984597e-05	20.2006275126138	0.999999999957237
49.875	52.5	0.999999999702379	0.80004016822123	-1.80895181328508e-05	20.0006174036071	0.999999999967262
50.125	52.5	0.999999999779122	0.80003963726144	-1.78308467488334e-05	19.8006074278834	0.999999999975703
50.375	52.5	0.999999999843682	0.800039110672157	-1.75805038241164e-05	19.6005975843448	0.999999999982805
50.625	52.5	0.999999999897927	0.800038588409026	-1.73381092026636e-05	19.4005878719044	0.999999999988772
50.875	52.5	0.999999999943439	0.800038070427846	-1.71033027935768e-05	19.2005782894865	0.999999999993778
51.125	52.5	0.999999999981562	0.800037556684582	-1.68757435045893e-05	19.000568836026	0.999999999997972
51.375	52.5	1.00000000001343	0.800037047135305	-1.6655108258257e-05	18.8005595104692	1.00000000000148
51.625	52.5	1.00000000004002	0.800036541736322	-1.64410910415909e-05	18.600550311773	1.0000000000044
51.875	52.5	1.00000000006213	0.800036040444028	-1.62334020020716e-05	18.4005412389055	1.00000000000683
52.125	52.5	1.00000000008047	0.800035543215038	-1.60317666119406e-05	18.2005322908453	1.00000000000885
52.375	52.5	1.00000000009562	0.800035050006083	-1.58359248535635e-05	18.0005234665822	1.00000000001052
52.625	52.5	1.00000000010807	0.800034560774063	-1.56456304596461e-05	17.8005147651165	1.00000000001189
52.875	52.5	1.00000000011825	0.800034075476053	-1.54606501945885e-05	17.6005061854594	1.00000000001301
53.125	52.5	1.00000000012652	0.800033594069252	-1.52807631612203e-05	17.4004977266326	1.00000000001392
53.375	52.5	1.00000000013317	0.800033116511016	-1.51057601644693e-05	17.2004893876687	1.00000000001465
53.625	52.5	1.00000000013846	0.800032642758838	-1.49354430812142e-05	17.0004811676109	1.00000000001523
53.875	52.5	1.00000000014261	0.800032172770346	-1.47696242917129e-05	16.8004730655129	1.00000000001569
54.125	52.5	1.00000000014581	0.800031706503276	-1.46081261108326e-05	16.6004650804391	1.00000000001604
54.375	52.5	1.0000000001482	0.800031243915505	-1.44507802840121e-05	16.4004572114642	1.0000000000163
54.625	52.5	1.00000000014992	0.800030784965012	-1.42974274764216e-05	16.2004494576738	1.00000000001649
54.875	52.5	1.00000000015107	0.800030329609913	-1.41479168034404e-05	16.0004418181636	1.00000000001662
55.125	52.5	1.00000000015176	0.800029877808361	-1.40021053953603e-05	15.80043429204	1.00000000001669
55.375	52.5	1.00000000015206	0.800029429518677	-1.38598579598411e-05	15.6004268784197	1.00000000001673
55.625	52.5	1.00000000015203	0.800028984699216	-1.3721046393529e-05	15.40041957643	1.00000000001672
55.875	52.5	1.00000000015174	0.800028543308449	-1.35855493978714e-05	15.2004123852084	1.00000000001669
56.125	52.5	1.00000000015123	0.800028105304907	-1.34532521196638e-05	15.000405303903	1.00000000001664
56.375	52.5	1.00000000015054	0.800027670647195	-1.3324045807799e-05	14.8003983316718	1.00000000001656
56.625	52.5	1.0000000001497	0.800027239293987	-1.31978274960773e-05	14.6003914676837	1.00000000001647
56.875	52.5	1.00000000014875	0.800026811204016	-1.30744996913808e-05	14.4003847111176	1.00000000001636
57.125	52.5	1.0000000001477	0.80002638633606	-1.29539700857621e-05	14.2003780611628	1.00000000001625
57.375	52.5	1.00000000014658	0.800025964648981	-1.28361512776114e-05	14.0003715170188	1.00000000001612
57.625	52.5	1.0000000001454	0.800025546101635	-1.27209605205262e-05	13.8003650778954	1.00000000001599
57.875	52.5	1.00000000014417	0.800025130652976	-1.26083194667892e-05	13.6003587430129	1.00000000001586
58.125	52.5	1.00000000014292	0.800024718261955	-1.24981539354561e-05	13.4003525116016	1.00000000001572
58.375	52.5	1.00000000014164	0.800024308887576	-1.2390393693202e-05	13.2003463829021	1.00000000001558
58.625	52.5	1.00000000014035	0.800023902488866	-1.22849722422665e-05	13.0003403561653	1.00000000001544
58.875	52.5	1.00000000013906	0.80002349902489	-1.21818266207147e-05	12.8003344306523	1.0000000000153
59.125	52.5	1.00000000013776	0.800023098454733	-1.20808972175175e-05	12.6003286056346	1.00000000001515
59.375	52.5	1.00000000013646	0.800022700737495	-1.19821275855355e-05	12.4003228803936	1.00000000001501
59.625	52.5	1.00000000013516	0.800022305832301	-1.18854642810574e-05	12.2003172542211	1.00000000001487
59.875	52.5	1.00000000013388	0.800021913698294	-1.17908566999177e-05	12.0003117264192	1.00000000001473
60.125	52.5	1.00000000013261	0.800021524294635	-1.16982569185561e-05	11.8003062963002	1.00000000001459
60.375	52.5	1.00000000013135	0.800021137580477	-1.16076195630149e-05	11.6003009631863	1.00000000001445
60.625	52.5	1.0000000001301	0.800020753515007	-1.15189016650601e-05	11.4002957264103	1.00000000001431
60.875	52.5	1.00000000012887	0.800020372057412	-1.14320625287053e-05	11.200290585315	1.00000000001418
61.125	52.5	1.00000000012766	0.800019993166879	-1.1347063615808e-05	11.0002855392535	1.00000000001404
61.375	52.5	1.00000000012647	0.800019616802602	-1.12638684253321e-05	10.800280587589	1.00000000001391
61.625	52.5	1.00000000012529	0.800019242923798	-1.11824423868901e-05	10.6002757296949	1.00000000001378
61.875	52.5	1.00000000012413	0.800018871489646	-1.1102752750566e-05	10.4002709649548	1.00000000001365
62.125	52.5	1.00000000012299	0.800018502459354	-1.10247684957624e-05	10.2002662927627	1.00000000001353
62.375	52.5	1.00000000012186	0.800018135792122	-1.09484602368668e-05	10.0002617125226	1.00000000001341
62.625	52.5	1.00000000012076	0.800017771447149	-1.08738001232293e-05	9.80025722364862	1.00000000001328
62.875	52.5	1.00000000011967	0.800017409383623	-1.08007617735295e-05	9.60025282556529	1.00000000001316
63.125	52.5	1.0000000001186	0.800017049560731	-1.0729320187386e-05	9.40024851770725	1.00000000001305
63.375	52.5	1.00000000011755	0.800016691937656	-1.06594516674293e-05	9.20024429951932	1.00000000001293
63.625	52.5	1.00000000011652	0.800016336473559	-1.05911337580557e-05	9.00024017045655	1.00000000001282
63.875	52.5	1.00000000011551	0.800015983127602	-1.0524345167502e-05	8.80023612998421	1.00000000001271
64.125	52.5	1.00000000011452	0.800015631858932	-1.04590657163068e-05	8.60023217757776	1.0000000000126
64.375	52.5	1.00000000011354	0.800015282626676	-1.03952762678988e-05	8.40022831272288	1.00000000001249
64.625	52.5	1.00000000011256	0.800014935389967	-1.0332958680949e-05	8.20022453491547	1.00000000001238
64.875	52.5	1.00000000011157	0.800014590107879	-1.02720957465437e-05	8.00022084366165	1.00000000001227
65.125	52.5	1.00000000011056	0.800014246739513	-1.02126711511983e-05	7.80021723847776	1.00000000001216
65.375	52.5	1.00000000010955	0.800013905243913	-1.01546694174223e-05	7.6002137188904	1.00000000001205
65.625	52.5	1.00000000010861	0.800013565580113	-1.00980758698916e-05	7.40021028443636	1.00000000001195
65.875	52.5	1.00000000010784	0.800013227707113	-1.00428765880831e-05	7.20020693466272	1.00000000001186
66.125	52.5	1.00000000010736	0.800012891583886	-9.98905837438806e-06	7.00020366912678	1.00000000001181
66.375	52.5	1.00000000010723	0.80001255716938	-9.93660870917164e-06	6.80020048739609	1.0000000000118
66.625	52.5	1.0000000001073	0.800012224422482	-9.88551573220081e-06	6.60019738904851	1.0000000000118
66.875	52.5	1.00000000010703	0.800011893302066	-9.83576819720821e-06	6.40019437367214	1.00000000001177
67.125	52.5	1.00000000010545	0.800011563766959	-9.78735545941376e-06	6.2001914408654	1.0000000000116
67.375	52.5	1.00000000010133	0.800011235775956	-9.74026744013636e-06	6.00018859023704	1.00000000001115
67.625	52.5	1.00000000009386	0.800010909287823	-9.69449461239884e-06	5.80018582140613	1.00000000001032
67.875	52.5	1.0000000000839	0.800010584261284	-9.65002797300632e-06	5.60018313400207	1.00000000000923
68.125	52.5	1.00000000007562	0.800010260654994	-9.60685903147322e-06	5.40018052766453	1.00000000000832
68.375	52.5	1.00000000007751	0.80000993842752	-9.56497978778001e-06	5.20017800204338	1.00000000000853
68.625	52.5	1.00000000010146	0.800009617537278	-9.5243827232303e-06	5.00017555679865	1.00000000001116
68.875	52.5	1.00000000015769	0.800009297942534	-9.48506079063093e-06	4.80017319160046	1.00000000001735
69.125	52.5	1.0000000002443	0.80000897960139	-9.44700741211095e-06	4.60017090612926	1.00000000002687
69.375	52.5	1.00000000033252	0.800008662471959	-9.41021649229236e-06	4.40016870007621	1.00000000003658
69.625	52.5	1.00000000035359	0.800008346512614	-9.37468243554893e-06	4.20016657314396	1.00000000003889
69.875	52.5	1.0000000001997	0.800008031682415	-9.34040016261692e-06	4.0001645250475	1.00000000002197
70.125	52.5	0.999999999756809	0.800007717941442	-9.30736513088066e-06	3.80016255551469	0.999999999973249
70.375	52.5	0.999999998985291	0.800007405250834	-9.27557331860389e-06	3.60016066428549	0.999999999888382
70.625	52.5	0.99999999804832	0.800007093571991	-9.2450211619599e-06	3.40015885110895	0.999999999785315
70.875	52.5	0.999999997451287	0.800006782864568	-9.21570542825098e-06	3.20015711573715	0.999999999719642
71.125	52.5	0.999999998099837	0.800006473083256	-9.18762305174667e-06	3.00015545791704	0.999999999790982
71.375	52.5	1.00000000112798	0.800006164174216	-9.16077099020818e-06	2.80015387738352	1.00000000012408
71.625	52.5	1.00000000733229	0.800005856073485	-9.13514625452485e-06	2.60015237386056	1.00000000080655
71.875	52.5	1.00000001613662	0.800005548711007	-9.11074628441818e-06	2.40015094707999	1.00000000177503
72.125	52.5	1.00000002426802	0.800005242024409	-9.08756984088826e-06	2.20014959682617	1.00000000266948
72.375	52.5	1.00000002476823	0.800004935984528	-9.06561838181699e-06	2.00014832300609	1.0000000027245
72.625	52.5	1.00000000750035	0.80000463062847	-9.04489752774016e-06	1.80014712572487	1.00000000082504
72.875	52.5	0.999999962655546	0.800004326085243	-9.02541763454108e-06	1.60014600531697	0.99999999589211
73.125	52.5	0.999999888427907	0.800004022565836	-9.0071919546228e-06	1.4001449622546	0.99999998772707
73.375	52.5	0.999999802409476	0.800003720280957	-8.99023071129671e-06	1.20014399684617	0.999999978265042
73.625	52.5	0.999999752963418	0.800003419257118	-8.97453032735878e-06	1.00014310868447	0.999999972825976
73.875	52.5	0.999999822200974	0.800003119059948	-8.96005961708118e-06	0.800142295936686	0.999999980442107
74.125	52.5	1.00000010795291	0.800002818512245	-8.94674917257791e-06	0.600141554799861	1.00000001187482
74.375	52.5	1.00000067187097	0.800002515532946	-8.9344955254108e-06	0.400140879725222	1.00000007390581
74.625	52.5	1.00000144960637	0.800001981753761	-8.92319580744819e-06	0.200140265237759	1.0000001594567
74.875	52.5	1.00000214163237	0.400002556247252	-8.91497671242384e-06	0.000139823095202985	1.00000023557956
0.125	53.5	3.32536460425118e-07	0.399999953342338	0.000682268288533966	58.5905878495436	0.890000036579011
0.375	53.5	-4.80375150712298e-06	0.800000129284608	0.000684913896547944	58.4125878629899	0.889999471587334
0.625	53.5	-1.61302869647174e-05	0.800000276297918	0.000690226227710915	58.2345880033753	0.889998225668434
0.875	53.5	-3.44598743040276e-05	0.800000309262603	0.000698258314126195	58.0565884497672	0.889996209413827
1.125	53.5	-5.94233411315358e-05	0.800000236934417	0.000709080066337788	57.8785893819843	0.889993463432476
1.375	53.5	-8.85785384512432e-05	0.80000003498946	0.00072277723976641	57.7005909589538	0.88999025636077
1.625	53.5	-0.000116566232476917	0.799999675958831	0.000739447410397737	57.5225932638634	0.889987177714428
1.875	53.5	-0.000134386796727089	0.799999126832082	0.000759194831399327	57.3445962320566	0.88998521745236
2.125	53.5	-0.000128900062563583	0.799998346874348	0.000782124571989226	57.1665995654268	0.889985820993118
2.375	53.5	-8.26484796247536e-05	0.799997286263247	0.000808336485009497	56.9886026392784	0.889990908667241
2.625	53.5	2.59208881170163e-05	0.799995885994176	0.000837919672704912	56.8106044095491	0.890002851297693
2.875	53.5	0.000221800661691931	0.7999940793271	0.00087094818449421	56.6326033294853	0.890024398072786
3.125	53.5	0.000532348543743657	0.799991794848306	0.000907478670894356	56.454597285078	0.890058558339812
3.375	53.5	0.000985859549323687	0.799988961023248	0.000947550630625404	56.2765835576672	0.890108444550426
3.625	53.5	0.00160989543540038	0.799985511951132	0.000991189735436516	56.0985588201849	0.890177088497894
3.875	53.5	0.00242951376236658	0.799981393922138	0.00103841451827711	55.9205191707153	0.89026724651386
4.125	53.5	0.00346555448955496	0.799976572341371	0.00108924648777494	55.7424602037517	0.890381210993851
4.375	53.5	0.00473313944507502	0.799971038618199	0.00114372350579249	55.5643771160716	0.890520645338958
4.625	53.5	0.00624052048932236	0.799964816719215	0.00120191604881721	55.3862648409493	0.890686457253825
4.875	53.5	0.00798837880432388	0.799957969230467	0.00126394577274874	55.2081182017837	0.890878721668476
5.125	53.5	0.00996963495692065	0.799950602953598	0.00133000561174188	55.0299320744176	0.891096659845261
5.375	53.5	0.012169782409657	0.799942874249702	0.00140038045641365	54.8517015465924	0.891338676065062
5.625	53.5	0.0145677113851583	0.799934994527951	0.00147546726604162	54.6734220631609	0.891602448252367
5.875	53.5	0.0171369505423217	0.799927236425898	0.00155579326730683	54.4950895467833	0.891885064559655
6.125	53.5	0.0198472251784127	0.799919941333307	0.00164203068013999	54.3167004856811	0.892183194769625
6.375	53.5	0.0226662158113294	0.799913528942993	0.00173500620033846	54.1382519823442	0.892493283739246
6.625	53.5	0.0255614015421349	0.799908509460793	0.00183570327906515	53.9597417595732	0.892811754169635
6.875	53.5	0.0285018880690472	0.799905498966723	0.0019452550981698	53.7811681225585	0.893135207687595
7.125	53.5	0.0314601480562083	0.799905238186731	0.00206492607261804	53.6025298775646	0.893460616286183
7.375	53.5	0.034413637400647	0.799908614623699	0.00219607973452134	53.4238262089833	0.893785500114071
7.625	53.5	0.0373462893504191	0.799916687610217	0.0023401309609343	53.245056516945	0.894108091828546
7.875	53.5	0.0402499239095857	0.79993071538617	0.00249848066538977	53.0662202173554	0.894427491630054
8.125	53.5	0.0431256381255244	0.799952182754777	0.00267243120595725	52.887316505286	0.894743820193808
8.375	53.5	0.0459852614261301	0.799982827178585	0.00286308076136399	52.7083440813301	0.895058378756874
8.625	53.5	0.0488529696623156	0.800024660266498	0.00307119465529537	52.5293008390807	0.895373826662855
8.875	53.5	0.0517671552178898	0.800079980353599	0.00329705093672064	52.3501835105437	0.895694387073968
9.125	53.5	0.0547826538737978	0.800151370139457	0.0035402563722661	52.1709872652302	0.896026091926118
9.375	53.5	0.057973438079732	0.800241670987192	0.00379952743002674	51.9917052579306	0.896377078188771
9.625	53.5	0.0614359053231015	0.800353922391456	0.004072429136276	51.8123281197412	0.896757949585541
9.875	53.5	0.0652929193103408	0.800491251344206	0.00435506359142102	51.6328433866892	0.897182221124137
10.125	53.5	0.0696987924732568	0.800656692206138	0.00464170080354488	51.4532348602558	0.897666867172058
10.375	53.5	0.0748454101689354	0.800852914114181	0.00492434961346931	51.2734818943516	0.898232995118583
10.625	53.5	0.0809696515086284	0.801081831703014	0.00519227926472158	51.0935586043562	0.898906661665949
10.875	53.5	0.0883620974518309	0.801344079068301	0.00543152718121793	50.9134329967689	0.899719830719701
11.125	53.5	0.0973766440855992	0.801638341137198	0.00562447079090472	50.7330660247169	0.900711430849416
11.375	53.5	0.108439940258258	0.801960567021795	0.00574960416380927	50.5524105880771	0.901928393428408
11.625	53.5	0.122058411836875	0.80230314255458	0.00578174099151488	50.3714105217548	0.903426425302056
11.875	53.5	0.138818919153641	0.802654176413492	0.00569294730197467	50.1899996579735	0.905270081106901
12.125	53.5	0.159376862415988	0.802997148314586	0.00545455024958553	50.0081011160016	0.907531454865759
12.375	53.5	0.184423212494025	0.803311252609961	0.00504050498293073	49.8256270727784	0.910286553374343
12.625	53.5	0.214620641736489	0.803572795651547	0.00443214589892943	49.6424794002236	0.913608270591014
12.875	53.5	0.250500913172624	0.803757897982775	0.00362384869289082	49.4585516966465	0.917555100448989
13.125	53.5	0.292324219110528	0.803846438683021	0.00262844784523159	49.2737333207444	0.922155664102158
13.375	53.5	0.339918864945258	0.803826632343421	0.00148064681384359	49.0879159233256	0.927391075143978
13.625	53.5	0.392544396216359	0.803698960828863	0.000236549133572117	48.9010024982723	0.9331798835838
13.875	53.5	0.448840979494127	0.803477748366958	-0.00103180165301553	48.7129180718994	0.939372507744354
14.125	53.5	0.5069218934733	0.803189024775347	-0.00224638600278217	48.5236200444954	0.945761408282063
14.375	53.5	0.564620183422523	0.802864770728739	-0.00333536523166855	48.3331054802266	0.952108220176478
14.625	53.5	0.619829543368045	0.802535564980882	-0.00424402581262424	48.1414129704643	0.958181249770485
14.875	53.5	0.670828261012818	0.802224617041709	-0.00494143178955812	47.9486182148247	0.96379110871141
15.125	53.5	0.716482993824555	0.801945257154402	-0.00542136237737445	47.7548244938327	0.968813129320701
15.375	53.5	0.756290567693802	0.801701906557672	-0.00569822665222635	47.5601506676746	0.973191962446318
15.625	53.5	0.790285820557405	0.801492993446998	-0.00580013659224249	47.3647195678748	0.976931440261315
15.875	53.5	0.818880810615868	0.801314061877825	-0.00576160595626236	47.168648815361	0.980076889167745
16.125	53.5	0.842698029593278	0.801160035834186	-0.00561763259082986	46.9720448712774	0.982696783255261
16.375	53.5	0.862435700892472	0.801026422955561	-0.00539987025296717	46.7750001202242	0.984867927098172
16.625	53.5	0.878777476404251	0.800909710906594	-0.00513476533951955	46.5775922548187	0.986665522404468
16.875	53.5	0.892342288412574	0.800807315573382	-0.00484312913383922	46.379885120972	0.988157651725383
17.125	53.5	0.903663473082175	0.800717358752586	-0.00454055981901859	46.1819303164992	0.989402982039039
17.375	53.5	0.913186042951366	0.800638432102767	-0.00423825094565334	45.9837690496114	0.99045046472465
17.625	53.5	0.921273501707828	0.800569411614713	-0.00394388861608029	45.7854339628207	0.991340085187861
17.875	53.5	0.92821856970596	0.800509334570309	-0.00366247914399363	45.5869507751529	0.992104042667656
18.125	53.5	0.934254614818793	0.800457328590619	-0.00339704292807208	45.3883396892045	0.992768007630067
18.375	53.5	0.939566230004031	0.800412576753555	-0.00314916383589451	45.1896165613962	0.993352285300444
18.625	53.5	0.944298377315052	0.800374304497864	-0.00291940885140183	44.9907938579443	0.993872821504656
18.875	53.5	0.948564028385523	0.800341777932383	-0.00270764152289863	44.7918814271492	0.994342043122408
19.125	53.5	0.952450454424802	0.800314306926656	-0.00251325297713898	44.5928871184981	0.994769549986728
19.375	53.5	0.956024384813365	0.800291249220558	-0.00233533089031162	44.3938172755592	0.99516268232947
19.625	53.5	0.959336244929852	0.800272013701577	-0.00217278249156378	44.1946771252714	0.995526986942284
19.875	53.5	0.962423647810401	0.800256062154069	-0.00202442366305686	43.9954710821728	0.995866601259144
20.125	53.5	0.965314274451421	0.800242909413824	-0.00188904294228797	43.7962029827731	0.996184570189656
20.375	53.5	0.968028244133908	0.800232122155131	-0.00176544678415684	43.5968762626689	0.99648310685473
20.625	53.5	0.970580051792163	0.800223316638566	-0.00165249068908792	43.3974940870029	0.996763805697138
20.875	53.5	0.97298013337631	0.800216155745807	-0.00154909958880457	43.1980594432917	0.997027814671394
21.125	53.5	0.975236110270905	0.800210345580584	-0.00145428004905888	42.9985752043598	0.997275972129799
21.375	53.5	0.977353757898523	0.800205631853819	-0.00136712627303323	42.7990441680119	0.997508913368838
21.625	53.5	0.979337739814187	0.800201796213959	-0.00128682147919356	42.5994690790755	0.997727151379561
21.875	53.5	0.981192145593262	0.800198652635202	-0.0012126359200254	42.3998526385438	0.997931136015259
22.125	53.5	0.982920867869034	0.800196043939083	-0.00114392256466699	42.2001975037069	0.998121295465594
22.375	53.5	0.984527850640844	0.800193838498733	-0.00108011126615575	42.0005062824027	0.998298063570493
22.625	53.5	0.986017237389165	0.800191927155836	-0.00102070206109775	41.800781523838	0.998461896112808
22.875	53.5	0.987393443706241	0.800190220367395	-0.000965258100273897	41.6010257078376	0.998613278807686
23.125	53.5	0.988661175256724	0.800188645589496	-0.000913398580855217	41.4012412338763	0.99875272927824
23.375	53.5	0.989825408107475	0.800187144899918	-0.000864791943250751	41.2014304108292	0.998880794891822
23.625	53.5	0.990891344963596	0.800185672855053	-0.000819149506957165	41.0015954480456	0.998998047945996
23.875	53.5	0.991864357727704	0.800184194574392	-0.0007762196496089	40.8017384480879	0.999105079350047
24.125	53.5	0.992749924119483	0.800182684041118	-0.000735782578899072	40.6018614012828	0.999202491653143
24.375	53.5	0.993553563868913	0.800181122607083	-0.000697645707198412	40.4019661820944	0.99929089202558
24.625	53.5	0.994280778210991	0.800179497687756	-0.000661639610620841	40.2020545472268	0.999370885603209
24.875	53.5	0.994936995022004	0.800177801631101	-0.000627614535901539	40.0021281353091	0.99944306945242
25.125	53.5	0.995527520894614	0.8001760307461	-0.000595437407718775	39.802188467977	0.999508027298408
25.375	53.5	0.99605750069331	0.800174184473731	-0.000564989284126052	39.6022369521506	0.999566325076264
25.625	53.5	0.996531884606706	0.800172264685932	-0.000536163206665593	39.4022748833096	0.999618507306738
25.875	53.5	0.996955402367093	0.800170275097131	-0.000508862393621521	39.2023034495715	0.99966509426038
26.125	53.5	0.997332544095844	0.800168220774635	-0.00048299872847511	39.0023237363951	0.999706579850543
26.375	53.5	0.997667547118654	0.800166107734723	-0.000458491499765406	38.8023367317463	0.999743430183052
26.625	53.5	0.997964388047953	0.800163942612879	-0.000435266353905018	38.6023433315837	0.999776082685275
26.875	53.5	0.998226779428232	0.800161732397309	-0.000413254426862848	38.402344345538	0.999804945737106
27.125	53.5	0.998458170267209	0.800159484216009	-0.000392391625590679	38.2023405026783	0.999830398729393
27.375	53.5	0.998661749819572	0.800157205169382	-0.000372618034111402	38.0023324572747	0.999852792480153
27.625	53.5	0.998840454042327	0.800154902200804	-0.000353877422995741	37.8023207944818	0.999872449944656
27.875	53.5	0.998996974196436	0.80015258199871	-0.000336116844294584	37.6023060358819	0.999889667161608
28.125	53.5	0.99913376712497	0.800150250924888	-0.000319286296891906	37.402288644839	0.999904714383747
28.375	53.5	0.999253066791645	0.800147914963891	-0.000303338449586538	37.2022690316254	0.999917837347081
28.625	53.5	0.999356896714217	0.800145579690375	-0.000288228411339545	37.002247558293	0.999929258638564
28.875	53.5	0.999447082974599	0.800143250249729	-0.000273913540029541	36.8022245432693	0.999939179127206
29.125	53.5	0.999525267531363	0.8001409313506	-0.000260353282256004	36.6022002656659	0.99994777942845
29.375	53.5	0.99959292160077	0.800138627265702	-0.000247509038279581	36.4021749692918	0.999955221376085
29.625	53.5	0.999651358909651	0.800136341839767	-0.000235344046993036	36.2021488663728	0.999961649480062
29.875	53.5	0.999701748657407	0.800134078502454	-0.000223823286967577	36.0021221409777	0.999967192352315
30.125	53.5	0.999745128055496	0.80013184028538	-0.000212913390046045	35.8020949521604	0.999971964086105
30.375	53.5	0.999782414340596	0.800129629841802	-0.000202582564863389	35.602067436826	0.999976065577466
30.625	53.5	0.999814416183003	0.800127449467918	-0.000192800528092984	35.4020397123339	0.99997958578013
30.875	53.5	0.999841844434121	0.800125301125691	-0.000183538441570755	35.2020118788518	0.999982602887753
31.125	53.5	0.999865322176603	0.800123186466027	-0.000174768854025219	35.0019840214736	0.999985185439426
31.375	53.5	0.999885394057807	0.800121106852055	-0.000166465646194822	34.8019562121199	0.999987393346359
31.625	53.5	0.999902534901869	0.800119063382065	-0.000158603978647109	34.6019285112336	0.999989278839206
31.875	53.5	0.999917157607943	0.800117056912036	-0.000151160241590972	34.4019009692893	0.999990887336874
32.125	53.5	0.999929620352178	0.800115088077498	-0.000144112006222556	34.2018736281306	0.99999225823874
32.375	53.5	0.999940233119052	0.800113157313956	-0.000137437977389152	34.0018465221515	0.999993425643096
32.625	53.5	0.999949263593872	0.800111264877033	-0.00013111794725591	33.8018196793359	0.999994418995326
32.875	53.5	0.999956942452632	0.800109410860926	-0.000125132749950993	33.6017931221694	0.99999526366979
33.125	53.5	0.999963468088598	0.800107595215846	-0.000119464217052387	33.4017668684371	0.999995981489746
33.375	53.5	0.999969010816679	0.800105817764691	-0.000114095133989831	33.2017409319186	0.999996591189835
33.625	53.5	0.999973716597221	0.800104078217976	-0.000109009197325893	33.0017153229924	0.999997108825694
33.875	53.5	0.999977710320837	0.800102376187973	-0.000104190973000019	32.8016900491594	0.999997548135292
34.125	53.5	0.99998109869474	0.800100711201773	-9.96258555421019e-05	32.6016651154956	0.999997920856421
34.375	53.5	0.999983972769657	0.800099082713111	-9.53000284436698e-05	32.4016405250427	0.999998237004662
34.625	53.5	0.99998641014437	0.800097490113285	-9.12004255318978e-05	32.2016162791428	0.999998505115881
34.875	53.5	0.999988476882692	0.800095932740969	-8.73146936707476e-05	32.0015923777269	0.999998732457096
35.125	53.5	0.999990229175264	0.800094409891365	-8.36311566016406e-05	31.8015688195606	0.999998925209279
35.375	53.5	0.999991714775981	0.800092920824274	-8.01387801313002e-05	31.6015456024546	0.999999088625358
35.625	53.5	0.999992974240232	0.800091464771369	-7.68271386115668e-05	31.4015227234431	0.999999227166426
35.875	53.5	0.999994041989683	0.800090040942862	-7.36863827679137e-05	31.201500178936	0.999999344618865
36.125	53.5	0.999994947225763	0.800088648533288	-7.07072088736116e-05	31.0014779648478	0.999999444194834
36.375	53.5	0.99999571471171	0.800087286726874	-6.7880829268521e-05	30.8014560767061	0.999999528618288
36.625	53.5	0.999996365440831	0.800085954702084	-6.51989442386664e-05	30.6014345097434	0.999999600198491
36.875	53.5	0.999996917206543	0.800084651635729	-6.26537152134137e-05	30.4014132589743	0.99999966089272
37.125	53.5	0.999997385087908	0.800083376706612	-6.02377392628656e-05	30.20139231926	0.99999971235967
37.375	53.5	0.999997781862616	0.800082129098666	-5.79440248724922e-05	30.0013716853619	0.999999756004888
37.625	53.5	0.999998118357897	0.800080908003646	-5.57659689750713e-05	29.801351351987	0.999999793019369
37.875	53.5	0.999998403748369	0.80007971262357	-5.36973351479967e-05	29.6013313138245	0.999999824412321
38.125	53.5	0.999998645808659	0.800078542172629	-5.17322330163047e-05	29.4013115655765	0.999999851038953
38.375	53.5	0.999998851127543	0.800077395879001	-4.98650987110756e-05	29.2012921019831	0.99999987362403
38.625	53.5	0.999999025289347	0.800076272986182	-4.80906764735951e-05	29.0012729178422	0.999999892781828
38.875	53.5	0.999999173027576	0.800075172754272	-4.64040011928252e-05	28.8012540080265	0.999999909033033
39.125	53.5	0.999999298355018	0.800074094460852	-4.48003819990475e-05	28.6012353674957	0.999999922819052
39.375	53.5	0.999999404673855	0.800073037401792	-4.32753867422385e-05	28.4012169913068	0.999999934514124
39.625	53.5	0.999999494868911	0.800072000891792	-4.18248273426895e-05	28.2011988746221	0.99999994443558
39.875	53.5	0.99999957138657	0.800070984264882	-4.04447460174018e-05	28.0011810127143	0.999999952852523
40.125	53.5	0.999999636301614	0.800069986874612	-3.91314022591522e-05	27.8011634009708	0.999999959993178
40.375	53.5	0.999999691373818	0.800069008094251	-3.78812605836923e-05	27.6011460348965	0.99999996605112
40.625	53.5	0.999999738095887	0.800068047316903	-3.66909789875451e-05	27.4011289101147	0.999999971190548
40.875	53.5	0.999999777734053	0.800067103955346	-3.55573980607947e-05	27.2011120223678	0.999999975550746
41.125	53.5	0.999999811362491	0.80006617744202	-3.44775307330439e-05	27.0010953675172	0.999999979249874
41.375	53.5	0.999999839892489	0.80006526722876	-3.3448552613484e-05	26.8010789415418	0.999999982388174
41.625	53.5	0.999999864097152	0.80006437278656	-3.2467792898095e-05	26.6010627405369	0.999999985050687
41.875	53.5	0.999999884632371	0.800063493605285	-3.15327257912279e-05	26.401046760712	0.999999987309561
42.125	53.5	0.999999902054601	0.800062629193295	-3.06409624276351e-05	26.2010309983886	0.999999989226006
42.375	53.5	0.999999916835933	0.800061779077064	-2.97902432604477e-05	26.0010154499974	0.999999990851953
42.625	53.5	0.999999929376876	0.800060942800725	-2.89784308834829e-05	25.8010001120758	0.999999992231456
42.875	53.5	0.999999940017214	0.800060119925694	-2.82035032738528e-05	25.6009849812651	0.999999993401894
43.125	53.5	0.999999949045206	0.800059310030177	-2.74635474224555e-05	25.400970054307	0.999999994394973
43.375	53.5	0.999999956705399	0.800058512708623	-2.67567533135486e-05	25.2009553280409	0.999999995237594
43.625	53.5	0.999999963205245	0.800057727571389	-2.608140826651e-05	25.0009407994004	0.999999995952577
43.875	53.5	0.999999968720733	0.800056954244026	-2.54358915952874e-05	24.8009264654107	0.999999996559281
44.125	53.5	0.999999973401156	0.800056192367026	-2.4818669558567e-05	24.6009123231851	0.999999997074127
44.375	53.5	0.999999977373157	0.800055441595092	-2.42282906147379e-05	24.4008983699217	0.999999997511047
44.625	53.5	0.999999980744169	0.800054701596786	-2.36633809367479e-05	24.2008846029008	0.999999997881859
44.875	53.5	0.999999983605325	0.800053972053987	-2.31226401739001e-05	24.0008710194818	0.999999998196586
45.125	53.5	0.999999986033929	0.800053252661372	-2.26048374664925e-05	23.8008576171	0.999999998463732
45.375	53.5	0.999999988095558	0.800052543125977	-2.21088076582301e-05	23.6008443932638	0.999999998690511
45.625	53.5	0.99999998984584	0.800051843166672	-2.16334477549074e-05	23.4008313455522	0.999999998883042
45.875	53.5	0.999999991331961	0.800051152513721	-2.11777135536622e-05	23.2008184716119	0.999999999046516
46.125	53.5	0.999999992593952	0.800050470908323	-2.07406164696958e-05	23.0008057691546	0.999999999185335
46.375	53.5	0.999999993665769	0.800049798102146	-2.03212205387032e-05	22.8007932359545	0.999999999303235
46.625	53.5	0.999999994576215	0.800049133856919	-1.99186395858035e-05	22.6007808698461	0.999999999403384
46.875	53.5	0.999999995349728	0.800048477943961	-1.95320345401016e-05	22.4007686687214	0.99999999948847
47.125	53.5	0.999999996007037	0.800047830143829	-1.91606109264207e-05	22.2007566305282	0.999999999560774
47.375	53.5	0.99999999656573	0.80004719024585	-1.88036164527964e-05	22.0007447532674	0.99999999962223
47.625	53.5	0.999999997040723	0.800046558047795	-1.84603387660044e-05	21.8007330349911	0.99999999967448
47.875	53.5	0.999999997444674	0.800045933355452	-1.81301033039715e-05	21.600721473801	0.999999999718914
48.125	53.5	0.999999997788324	0.80004531598232	-1.78122712961937e-05	21.4007100678455	0.999999999756716
48.375	53.5	0.999999998080784	0.800044705749216	-1.7506237823771e-05	21.2006988153191	0.999999999788886
48.625	53.5	0.999999998329784	0.800044102483922	-1.72114300551654e-05	21.0006877144596	0.999999999816276
48.875	53.5	0.999999998541882	0.800043506020911	-1.6927305494595e-05	20.8006767635469	0.999999999839607
49.125	53.5	0.999999998722643	0.800042916201049	-1.66533504079946e-05	20.6006659609016	0.999999999859491
49.375	53.5	0.999999998876789	0.80004233287119	-1.63890782574328e-05	20.4006553048829	0.999999999876447
49.625	53.5	0.999999999008329	0.800041755884008	-1.61340282828152e-05	20.2006447938875	0.999999999890916
49.875	53.5	0.999999999120663	0.800041185097652	-1.58877641244766e-05	20.0006344263482	0.999999999903273
50.125	53.5	0.999999999216677	0.800040620375495	-1.56498725236817e-05	19.8006242007327	0.999999999913834
50.375	53.5	0.999999999298824	0.800040061585904	-1.54199621076327e-05	19.6006141155418	0.999999999922871
50.625	53.5	0.99999999936918	0.800039508601938	-1.51976622214691e-05	19.4006041693088	0.99999999993061
50.875	53.5	0.999999999429511	0.800038961301207	-1.49826218362698e-05	19.200594360598	0.999999999937246
51.125	53.5	0.999999999481319	0.800038419565557	-1.4774508508541e-05	19.0005846880039	0.999999999942945
51.375	53.5	0.999999999525868	0.800037883280925	-1.45730073957362e-05	18.8005751501497	0.999999999947845
51.625	53.5	0.999999999564244	0.800037352337065	-1.43778203274091e-05	18.6005657456869	0.999999999952067
51.875	53.5	0.999999999597363	0.800036826627448	-1.41886649231175e-05	18.4005564732938	0.99999999995571
52.125	53.5	0.999999999626007	0.800036306049001	-1.40052737511933e-05	18.200547331675	0.999999999958861
52.375	53.5	0.999999999650834	0.800035790501964	-1.38273935505886e-05	18.0005383195604	0.999999999961592
52.625	53.5	0.999999999672407	0.800035279889674	-1.36547844805182e-05	17.8005294357045	0.999999999963965
52.875	53.5	0.999999999691204	0.800034774118525	-1.34872193880454e-05	17.6005206788855	0.999999999966032
53.125	53.5	0.999999999707628	0.800034273097658	-1.33244831801049e-05	17.4005120479046	0.999999999967839
53.375	53.5	0.999999999722031	0.800033776738912	-1.31663721467064e-05	17.2005035415853	0.999999999969423
53.625	53.5	0.9999999997347	0.800033284956673	-1.30126933825944e-05	17.0004951587731	0.999999999970817
53.875	53.5	0.999999999745884	0.800032797667762	-1.28632642030254e-05	16.8004868983343	0.999999999972047
54.125	53.5	0.999999999755801	0.800032314791213	-1.27179116196911e-05	16.6004787591557	0.999999999973138
54.375	53.5	0.999999999764631	0.800031836248249	-1.25764718100656e-05	16.4004707401443	0.999999999974109
54.625	53.5	0.999999999772527	0.800031361962189	-1.24387896461539e-05	16.2004628402262	0.999999999974978
54.875	53.5	0.99999999977962	0.80003089185821	-1.23047182302088e-05	16.0004550583468	0.999999999975758
55.125	53.5	0.99999999978602	0.800030425863399	-1.21741184581392e-05	15.8004473934696	0.999999999976462
55.375	53.5	0.999999999791824	0.800029963906531	-1.20468586086523e-05	15.6004398445764	0.999999999977101
55.625	53.5	0.999999999797113	0.800029505918062	-1.19228139547166e-05	15.4004324106663	0.999999999977682
55.875	53.5	0.999999999801956	0.800029051829979	-1.18018663921926e-05	15.2004250907557	0.999999999978215
56.125	53.5	0.999999999806414	0.800028601575783	-1.16839040865293e-05	15.0004178838781	0.999999999978705
56.375	53.5	0.999999999810537	0.800028155090338	-1.15688211426661e-05	14.8004107890829	0.999999999979159
56.625	53.5	0.999999999814369	0.800027712309847	-1.14565172928322e-05	14.6004038054361	0.999999999979581
56.875	53.5	0.999999999817947	0.800027273171754	-1.13468975908126e-05	14.4003969320193	0.999999999979974
57.125	53.5	0.999999999821302	0.800026837614715	-1.12398721419288e-05	14.2003901679294	0.999999999980343
57.375	53.5	0.99999999982446	0.800026405578472	-1.11353558213735e-05	14.0003835122787	0.999999999980691
57.625	53.5	0.999999999827447	0.800025977003835	-1.10332680291447e-05	13.8003769641946	0.999999999981019
57.875	53.5	0.999999999830284	0.800025551832638	-1.09335324457711e-05	13.6003705228187	0.999999999981331
58.125	53.5	0.999999999832986	0.800025130007644	-1.08360768127047e-05	13.4003641873074	0.999999999981628
58.375	53.5	0.99999999983557	0.80002471147251	-1.07408327014454e-05	13.2003579568311	0.999999999981913
58.625	53.5	0.999999999838048	0.80002429617176	-1.06477353227627e-05	13.0003518305744	0.999999999982185
58.875	53.5	0.999999999840432	0.800023884050696	-1.05567233264026e-05	12.8003458077353	0.999999999982447
59.125	53.5	0.999999999842732	0.8000234750554	-1.04677386187981e-05	12.6003398875258	0.999999999982701
59.375	53.5	0.999999999844955	0.800023069132656	-1.03807261901547e-05	12.4003340691709	0.999999999982945
59.625	53.5	0.99999999984711	0.800022666229931	-1.029563394842e-05	12.200328351909	0.999999999983182
59.875	53.5	0.999999999849203	0.800022266295338	-1.02124125625772e-05	12.0003227349916	0.999999999983412
60.125	53.5	0.99999999985124	0.800021869277591	-1.01310153197831e-05	11.800317217683	0.999999999983636
60.375	53.5	0.999999999853226	0.800021475125968	-1.00513979748475e-05	11.6003117992604	0.999999999983855
60.625	53.5	0.999999999855164	0.800021083790299	-9.97351862854389e-06	11.4003064790132	0.999999999984068
60.875	53.5	0.99999999985706	0.800020695220919	-9.89733759315992e-06	11.2003012562439	0.999999999984277
61.125	53.5	0.999999999858917	0.800020309368657	-9.82281727782596e-06	11.0002961302667	0.999999999984481
61.375	53.5	0.999999999860737	0.800019926184769	-9.74992207522788e-06	10.8002911004086	0.999999999984681
61.625	53.5	0.999999999862523	0.800019545620986	-9.67861825511164e-06	10.6002861660083	0.999999999984878
61.875	53.5	0.99999999986428	0.800019167629402	-9.60887385992813e-06	10.4002813264169	0.999999999985071
62.125	53.5	0.999999999866007	0.800018792162509	-9.54065860865465e-06	10.2002765809969	0.999999999985261
62.375	53.5	0.999999999867707	0.800018419173184	-9.4739438099563e-06	10.0002719291233	0.999999999985448
62.625	53.5	0.999999999869384	0.800018048614612	-9.40870227088264e-06	9.80026737018218	0.999999999985632
62.875	53.5	0.999999999871036	0.800017680440304	-9.34490822193418e-06	9.60026290357175	0.999999999985814
63.125	53.5	0.999999999872669	0.800017314604092	-9.28253723355971e-06	9.40025852870161	0.999999999985994
63.375	53.5	0.999999999874284	0.800016951060065	-9.22156614211191e-06	9.20025424499287	0.999999999986171
63.625	53.5	0.999999999875882	0.800016589762613	-9.1619729846411e-06	9.00025005187811	0.999999999986347
63.875	53.5	0.999999999877466	0.800016230666341	-9.10373693616868e-06	8.80024594880128	0.999999999986521
64.125	53.5	0.999999999879036	0.800015873726096	-9.04683823515441e-06	8.60024193521762	0.999999999986694
64.375	53.5	0.999999999880583	0.800015518896971	-8.99125814008506e-06	8.40023801059366	0.999999999986864
64.625	53.5	0.999999999882098	0.80001516613422	-8.93697886179752e-06	8.20023417440711	0.999999999987031
64.875	53.5	0.999999999883569	0.800014815393309	-8.88398352129088e-06	8.00023042614686	0.999999999987193
65.125	53.5	0.999999999884994	0.800014466629882	-8.83225608749792e-06	7.80022676531288	0.999999999987349
65.375	53.5	0.999999999886398	0.800014119799724	-8.78178134750975e-06	7.60022319141624	0.999999999987504
65.625	53.5	0.999999999887848	0.800013774858778	-8.73254484618121e-06	7.40021970397901	0.999999999987663
65.875	53.5	0.999999999889456	0.800013431763114	-8.68453285747949e-06	7.20021630253429	0.99999999998784
66.125	53.5	0.999999999891346	0.800013090468922	-8.63773233889157e-06	7.00021298662611	0.999999999988048
66.375	53.5	0.999999999893572	0.800012750932489	-8.59213090026139e-06	6.80020975580945	0.999999999988293
66.625	53.5	0.999999999895967	0.800012413110189	-8.54771676751581e-06	6.60020660965021	0.999999999988556
66.875	53.5	0.999999999897975	0.800012076958485	-8.50447875898106e-06	6.40020354772519	0.999999999988777
67.125	53.5	0.999999999898585	0.800011742433902	-8.46240624967596e-06	6.20020056962206	0.999999999988844
67.375	53.5	0.999999999896529	0.800011409493018	-8.42148915365793e-06	6.0001976749394	0.999999999988618
67.625	53.5	0.999999999890994	0.800011078092462	-8.38171789768878e-06	5.80019486328666	0.999999999988009
67.875	53.5	0.99999999988291	0.800010748188894	-8.34308340745749e-06	5.60019213428414	0.99999999998712
68.125	53.5	0.99999999987658	0.800010419738961	-8.30557708475138e-06	5.40018948756291	0.999999999986424
68.375	53.5	0.999999999880772	0.800010092699256	-8.26919079610416e-06	5.20018692276475	0.999999999986885
68.625	53.5	0.99999999990768	0.800009767026265	-8.23391686722906e-06	5.00018443954204	0.999999999989845
68.875	53.5	0.999999999967757	0.800009442676308	-8.19974807134046e-06	4.80018203755778	0.999999999996453
69.125	53.5	1.00000000005899	0.80000911960557	-8.16667764430972e-06	4.60017971648575	1.00000000000649
69.375	53.5	1.00000000015183	0.800008797770226	-8.13469929182494e-06	4.40017747601092	1.0000000000167
69.625	53.5	1.00000000017582	0.800008477126695	-8.1038072189055e-06	4.20017531583028	1.00000000001934
69.875	53.5	1.00000000002066	0.800008157632046	-8.07399616605094e-06	4.0001732356537	1.00000000000227
70.125	53.5	0.99999999956979	0.800007839244363	-8.04526143450784e-06	3.80017123520447	0.999999999952677
70.375	53.5	0.999999998782738	0.800007521922723	-8.01759889900825e-06	3.60016931421855	0.999999999866101
70.625	53.5	0.999999997826092	0.80000720562641	-7.99100497908273e-06	3.40016747244147	0.99999999976087
70.875	53.5	0.999999997215579	0.800006890312851	-7.9654765633929e-06	3.20016570962222	0.999999999693714
71.125	53.5	0.999999997875057	0.800006575934332	-7.94101090004383e-06	3.00016402550492	0.999999999766256
71.375	53.5	1.00000000096113	0.800006262434404	-7.91760551903733e-06	2.80016241982175	1.00000000010572
71.625	53.5	1.0000000072865	0.800005949746242	-7.8952583000415e-06	2.60016089229417	1.00000000080152
71.875	53.5	1.00000001626522	0.800005637796821	-7.87396784868086e-06	2.40015944265201	1.00000000178917
72.125	53.5	1.00000002456419	0.80000532652097	-7.85373431425965e-06	2.20015807067902	1.00000000270206
72.375	53.5	1.00000002509675	0.800005015887426	-7.83456062680934e-06	2.00015677628427	1.00000000276064
72.625	53.5	1.00000000753898	0.800004705932559	-7.81645379975585e-06	1.80015555957895	1.00000000082929
72.875	53.5	0.999999961900375	0.800004396786562	-7.79942545374314e-06	1.60015442090819	0.999999995809041
73.125	53.5	0.99999988633763	0.800004088663445	-7.78349023416086e-06	1.40015336075768	0.999999987497139
73.375	53.5	0.999999798754708	0.800003781777435	-7.76866067146224e-06	1.20015237944663	0.999999977863018
73.625	53.5	0.999999748379584	0.800003476155918	-7.75493781570167e-06	1.00015147656584	0.999999972321754
73.875	53.5	0.999999818793477	0.800003171357987	-7.74229918962518e-06	0.800150650254781	0.999999980067283
74.125	53.5	1.00000010957877	0.800002866187639	-7.73068942583789e-06	0.600149896647104	1.00000001205366
74.375	53.5	1.00000068349304	0.80000255853017	-7.72002356249003e-06	0.400149210098661	1.00000007518423
74.625	53.5	1.00000147504612	0.800002015962965	-7.710216550013e-06	0.200148585039201	1.00000016225507
74.875	53.5	1.00000217937927	0.400002601362471	-7.70310624182616e-06	0.000148135213117232	1.00000023973172
0.125	54.5	5.94680156362297e-07	0.400005407575265	0.000659617047259257	58.5899810295647	0.890000065414817
0.375	54.5	-4.03928591478923e-06	0.800016499953538	0.000662283945849542	58.41197861011	0.889999555678549
0.625	54.5	-1.4355675472346e-05	0.800027676991703	0.000667639363825403	58.2339738648158	0.889998420875698
0.875	54.5	-3.11808548563697e-05	0.800038937773297	0.000675731160405	58.0559669255172	0.889996570105966
1.125	54.5	-5.42667905232193e-05	0.800050369501137	0.00068662259408938	57.8779579095269	0.889994030653043
1.375	54.5	-8.14737933849877e-05	0.800062033783389	0.000700391025048924	57.6999468989729	0.889991037882728
1.625	54.5	-0.000107989756097078	0.800073994404844	0.000717123821358138	57.5219338896115	0.889988121126829
1.875	54.5	-0.00012565604015189	0.800086315765455	0.000736913075268399	57.3439187234437	0.889986177835583
2.125	54.5	-0.000122495816715473	0.800099061310361	0.000759849475265789	57.1659010085491	0.889986525460161
2.375	54.5	-8.25386285440216e-05	0.800112292483974	0.000786015829160255	56.9878800316336	0.88999092075086
2.625	54.5	1.3987661157789e-05	0.800126068626867	0.000815480859737999	56.8098546705917	0.890001538642727
2.875	54.5	0.000190063891685447	0.800140448102167	0.00084829396648935	56.6318233155279	0.890020907028085
3.125	54.5	0.000470898046408227	0.80015549078706	0.000884481646361675	56.4537838068929	0.890051798785105
3.375	54.5	0.000882615062434871	0.800171261913795	0.000924046189662338	56.2757333985713	0.890097087656868
3.625	54.5	0.00145071978789049	0.800187837114853	0.000966967122216442	56.0976687519484	0.890159579176668
3.875	54.5	0.00219846507183318	0.800205308442463	0.00101320566733829	55.9195859643794	0.890241831157902
4.125	54.5	0.00314527159538657	0.800223791101617	0.00106271227248463	55.7414806323845	0.890345979875493
4.375	54.5	0.00430534355216723	0.800243430659212	0.00111543700550912	55.5633479466553	0.890473587790738
4.625	54.5	0.0056866054874475	0.800264410556525	0.00117134239067331	55.3851828129606	0.890625526603619
4.875	54.5	0.00729005330421333	0.800286959852427	0.00123041803637305	55.2069799905957	0.890801905863464
5.125	54.5	0.00910957083854125	0.800311361235228	0.00129269620899021	55.0287342383996	0.89100205279224
5.375	54.5	0.0111322175224095	0.800337959459421	0.00135826733156262	54.8504404577038	0.891224543927465
5.625	54.5	0.013338947838702	0.800367170462773	0.00142729422981194	54.6720938219197	0.891467284262257
5.875	54.5	0.0157056847584033	0.800399491494524	0.00150002381080751	54.4936898837436	0.891727625323424
6.125	54.5	0.0182046417872145	0.800435512608917	0.00157679474332466	54.3152246529605	0.892002510596594
6.375	54.5	0.0208057752041985	0.800475929832721	0.00165803962102424	54.1366946403044	0.892288635272462
6.625	54.5	0.0234782514700746	0.80052156018488	0.00174428004455795	53.9580968654295	0.892582607661708
6.875	54.5	0.0261918344003572	0.800573358497475	0.001836113074818	53.779428829432	0.892881101784039
7.125	54.5	0.0289181299252075	0.800632435667961	0.00193418761104218	53.6006884541983	0.893180994291773
7.375	54.5	0.031631668230889	0.80070007758032	0.00203916945406664	53.4218739919205	0.893479483505398
7.625	54.5	0.0343108473248008	0.800777763500792	0.00215169414093855	53.242983908282	0.893774193205728
7.875	54.5	0.0369388015907776	0.800867182316974	0.0022723070797993	53.0640167421274	0.894063268174985
8.125	54.5	0.0395042875305693	0.800970244578166	0.00240139105104786	52.8849709430444	0.894345471628363
8.375	54.5	0.0420026926071059	0.801089087918775	0.00253908172566024	52.7058446865129	0.894620296186782
8.625	54.5	0.044437271094947	0.801226073093854	0.00268517241634275	52.5266356644494	0.894888099820444
8.875	54.5	0.0468206959749285	0.801383767479911	0.0028390097431075	52.3473408474307	0.895150276557242
9.125	54.5	0.0491769945713655	0.801564912434836	0.00299938219098529	52.1679562138605	0.89540946940285
9.375	54.5	0.0515439168464285	0.801772370284051	0.00316440362957246	51.9884764409169	0.895669830853107
9.625	54.5	0.0539757791817822	0.80200904585656	0.00333139379264872	51.8088945521754	0.895937335709996
9.875	54.5	0.0565468423169126	0.802277776402108	0.00349675763769206	51.6292015169878	0.89622015265486
10.125	54.5	0.0593553257265112	0.802581182459441	0.00365586574156416	51.4493857965056	0.896529085829916
10.375	54.5	0.0625282316896561	0.802921471003025	0.00380293896202241	51.2694328300286	0.896878105485862
10.625	54.5	0.0662272403281945	0.803300181361606	0.00393094325665422	51.0893244525687	0.897284996436101
10.875	54.5	0.0706560166994937	0.803717864580834	0.00403150577031649	50.9090382297887	0.897772161836944
11.125	54.5	0.0760692946118085	0.8041736889752	0.00409487219188657	50.7285466901165	0.898367622407299
11.375	54.5	0.0827839865660157	0.804664969739283	0.00410993900432384	50.5478164272473	0.899106238522262
11.625	54.5	0.091192181545362	0.805186630109867	0.00406441320943755	50.3668070429506	0.90003113996999
11.875	54.5	0.101775031180165	0.805730617521155	0.00394517575703287	50.1854699068931	0.901195253429818
12.125	54.5	0.115114921135555	0.80628532301135	0.0037389499001674	50.0037467388614	0.902662641324911
12.375	54.5	0.131900699994162	0.806835089808635	0.00343339341300855	49.8215680871633	0.904509076999358
12.625	54.5	0.152917007006259	0.807359953624557	0.00301872606402523	49.6388519076085	0.906820870770688
12.875	54.5	0.179004480342357	0.807835838691993	0.00248993901478618	49.4555026590098	0.909690492837659
13.125	54.5	0.210974881949648	0.808235533685326	0.00184946584166014	49.271411616423	0.913207237014461
13.375	54.5	0.249468279063573	0.808530839908836	0.00110988874695112	49.0864593896513	0.917441510696993
13.625	54.5	0.294754606785311	0.808696181738396	0.000295840793158778	48.9005217387438	0.922423006746384
13.875	54.5	0.346513333386542	0.808713480887271	-0.00055606205665961	48.713479407824	0.92811646667252
14.125	54.5	0.403665648607907	0.808577136678288	-0.00140029659557982	48.5252315894504	0.93440322134687
14.375	54.5	0.464357457243724	0.808296977625971	-0.00218864573019276	48.3357108671344	0.94107932029681
14.625	54.5	0.526162051541777	0.807897133464461	-0.0028781739043302	48.1448958042175	0.947877825669595
14.875	54.5	0.586478273021996	0.807410630241867	-0.00343838132091731	47.9528169779341	0.954512610032419
15.125	54.5	0.642992739765674	0.806872064451859	-0.00385506004178563	47.7595539901117	0.960729201374224
15.375	54.5	0.694035795172943	0.806311669623027	-0.00412989262133254	47.5652242008004	0.966343937469024
15.625	54.5	0.738723899611444	0.80575261102603	-0.00427671163739644	47.3699667931967	0.971259628957259
15.875	54.5	0.776893084193863	0.805211090615285	-0.0043163674502461	47.1739267097007	0.975458239261325
16.125	54.5	0.8089073782402	0.804697754635463	-0.00427199361886392	46.9772418967608	0.978979811606422
16.375	54.5	0.835438751528743	0.804219190885601	-0.00416563470761184	46.780035281489	0.981898262668162
16.625	54.5	0.85728271052739	0.803779047400783	-0.0040163859192247	46.5824111834964	0.984301098158013
16.875	54.5	0.875233133759854	0.80337878930922	-0.00383972661062319	46.3844549818738	0.986275644713584
17.125	54.5	0.890012567040373	0.803018242088357	-0.00364760314018064	46.1862347167083	0.987901382374441
17.375	54.5	0.902242967551493	0.802696028140188	-0.00344888297238373	45.987803566056	0.989246726430664
17.625	54.5	0.91244117934477	0.802409938898472	-0.00324992803925508	45.7892025075259	0.990368529727925
17.875	54.5	0.92102712056201	0.802157248761405	-0.00305514899404736	45.5904627902371	0.991312983261821
18.125	54.5	0.928337006895978	0.801934967941605	-0.00286748038854177	45.3916080597608	0.992117070758558
18.375	54.5	0.934637378975316	0.801740034439783	-0.00268876201682028	45.1926561044609	0.992810111687285
18.625	54.5	0.94013795820147	0.801569450670161	-0.00252003349981468	44.9936202530811	0.993415175402162
18.875	54.5	0.945002645173314	0.801420373737843	-0.00236175713556104	44.7945104761303	0.993950290969065
19.125	54.5	0.949358618161195	0.801290169428224	-0.00221398489078233	44.5953342461332	0.994429447997731
19.375	54.5	0.953303753739374	0.801176439338906	-0.00207648326201623	44.3960972055778	0.994863412911331
19.625	54.5	0.956912659353816	0.801077029119207	-0.00194882677264868	44.1968036826216	0.99526039252892
19.875	54.5	0.960241587138829	0.800990024093662	-0.0018304680993661	43.9974570862331	0.995626574585271
20.125	54.5	0.963332448403663	0.800913736973283	-0.00172079059548539	43.7980602055158	0.995966569324403
20.375	54.5	0.966216096920203	0.800846691037814	-0.00161914734171109	43.598615432639	0.996283770661222
20.625	54.5	0.968915007360261	0.800787601141003	-0.00152488971803237	43.3991249248543	0.996580650809629
20.875	54.5	0.971445445173916	0.800735354112718	-0.00143738772864001	43.199590718157	0.996858998969131
21.125	54.5	0.973819204270234	0.800688989568584	-0.00135604380753177	43.000014802953	0.997120112469726
21.375	54.5	0.9760449762567	0.800647681741382	-0.00128030149346919	42.8003991703577	0.997364947388237
21.625	54.5	0.978129406982968	0.800610722672125	-0.0012096501216129	42.6007458363293	0.997594234768126
21.875	54.5	0.980077890577332	0.800577506918281	-0.0011436264934483	42.4010568496045	0.997808567963506
22.125	54.5	0.98189514662035	0.800547517814327	-0.00108181433112164	42.2013342883285	0.998008466128238
22.375	54.5	0.983585621752752	0.800520315248058	-0.0010238421842405	42.0015802493042	0.998194418392803
22.625	54.5	0.985153752513984	0.800495524869871	-0.000969380331900713	41.8017968329391	0.998366912776538
22.875	54.5	0.986604121507149	0.800472828629684	-0.00091813710895341	41.60198612623	0.998526453365786
23.125	54.5	0.98794153420631	0.800451956524663	-0.000869854984341933	41.4021501854968	0.998673568762694
23.375	54.5	0.989171039045607	0.800432679438853	-0.000824306631677511	41.2022910200563	0.998808814295017
23.625	54.5	0.990297909036172	0.800414802958139	-0.000781291158746646	41.002410577607	0.998932769993979
23.875	54.5	0.991327599187511	0.800398162050681	-0.000740630603130794	40.8025107317692	0.999046035910626
24.125	54.5	0.992265690551754	0.800382616508639	-0.000702166754439027	40.6025932719757	0.999149225960693
24.375	54.5	0.993117828798191	0.800368047057384	-0.000665758329111518	40.4026598957304	0.999242961167801
24.625	54.5	0.993889662853802	0.800354352045107	-0.000631278498697585	40.2027122031302	0.999327862913918
24.875	54.5	0.994586787273736	0.800341444636106	-0.000598612755879219	40.0027516934638	0.999404546600111
25.125	54.5	0.995214690575783	0.800329250437267	-0.000567657092306825	39.8027797636617	0.999473615963336
25.375	54.5	0.995778710716492	0.800317705497357	-0.000538316456882458	39.6027977083459	0.999535658178814
25.625	54.5	0.996283998135447	0.800306754624118	-0.000510503461029687	39.402806721231	0.999591239794899
25.875	54.5	0.996735486283151	0.800296349972278	-0.000484137298247375	39.2028078976354	0.999640903491147
26.125	54.5	0.99713786922016	0.800286449861337	-0.000459142846741938	39.0028022378798	0.999685165614218
26.375	54.5	0.997495585682207	0.800277017787433	-0.000435449927191677	38.8027906513709	0.999724514425043
26.625	54.5	0.997812808909022	0.800268021598514	-0.000412992690457723	38.6027739611904	0.999759408979992
26.875	54.5	0.998093441503101	0.800259432807372	-0.000391709113524766	38.4027529090359	0.999790278565341
27.125	54.5	0.998341114595789	0.800251226019315	-0.000371540584991754	38.2027281603767	0.999817522605537
27.375	54.5	0.998559190635247	0.800243378456545	-0.000352431564200585	38.0027003097146	0.999841510969877
27.625	54.5	0.998750769162648	0.800235869562396	-0.000334329300668505	37.8026698858532	0.999862584607891
27.875	54.5	0.998918695001111	0.800228680673028	-0.000317183602731075	37.6026373570998	0.999881056450122
28.125	54.5	0.999065568342164	0.800221794744099	-0.00030094664597451	37.4026031363373	0.999897212517638
28.375	54.5	0.999193756273215	0.80021519612398	-0.000285572813948714	37.2025675859173	0.999911313190054
28.625	54.5	0.999305405345511	0.800208870365118	-0.000271018564706626	37.0025310223367	0.999923594588006
28.875	54.5	0.999402454834351	0.800202804067256	-0.000257242317919169	36.8024937206709	0.999934270031779
29.125	54.5	0.999486650391479	0.800196984746518	-0.000244204358445358	36.6024559187446	0.999943531543063
29.375	54.5	0.999559557834103	0.800191400726554	-0.000231866752585929	36.4024178210282	0.999951551361751
29.625	54.5	0.999622576855274	0.800186041047351	-0.000220193274428713	36.2023796022561	0.99995848345408
29.875	54.5	0.999676954477544	0.800180895388824	-0.000209149339749547	36.0023414107647	0.99996446499253
30.125	54.5	0.999723798105082	0.800175954006857	-0.000198701945741641	35.8023033715555	0.999969617791559
30.375	54.5	0.999764088059491	0.800171207678938	-0.000188819615086884	35.6022655890912	0.999974049686544
30.625	54.5	0.999798689511689	0.800166647658525	-0.00017947234307651	35.4022281498333	0.999977855846286
30.875	54.5	0.999828363746332	0.800162265635828	-0.000170631547047215	35.2021911245358	0.999981120012096
31.125	54.5	0.999853778716134	0.800158053704703	-0.000162270017379844	35.0021545703063	0.999983915658775
31.375	54.5	0.999875518861903	0.800154004333517	-0.000154361869554401	34.8021185324517	0.999986307074809
31.625	54.5	0.999894094189845	0.800150110340439	-0.000146882496957588	34.6020830461213	0.999988350360883
31.875	54.5	0.999909948610773	0.800146364871567	-0.000139808524197445	34.4020481377653	0.999990094347185
32.125	54.5	0.999923467556938	0.800142761381649	-0.000133117760799373	34.202013826422	0.999991581431263
32.375	54.5	0.999934984900747	0.800139293616958	-0.000126789155295288	34.0019801248499	0.999992848339082
32.625	54.5	0.999944789206642	0.800135955600179	-0.000120802749610111	33.8019470405195	0.999993926812731
32.875	54.5	0.999953129352249	0.800132741616361	-0.000115139633898172	33.6019145764775	0.999994844228747
33.125	54.5	0.99996021955855	0.800129646200311	-0.000109781901875824	33.4018827320983	0.99999562415144
33.375	54.5	0.999966243870829	0.800126664125239	-0.000104712606710992	33.2018515037331	0.999996286825791
33.625	54.5	0.999971360133218	0.800123790391841	-9.99157176960659e-05	33.0018208852694	0.999996849614654
33.875	54.5	0.99997570349955	0.800121020218318	-9.53760776487111e-05	32.8017908686115	0.999997327384951
34.125	54.5	0.999979389522559	0.800118349031192	-9.10793613323859e-05	32.6017614440894	0.999997732847482
34.375	54.5	0.999982516861945	0.800115772456382	-8.7012034845033e-05	32.4017326008086	0.999998076854814
34.625	54.5	0.99998516965002	0.800113286310849	-8.31613162009844e-05	32.2017043269443	0.999998368661502
34.875	54.5	0.999987419551327	0.800110886594811	-7.95151370546806e-05	32.0016766099907	0.999998616150646
35.125	54.5	0.999989327550208	0.800108569484097	-7.60621057584888e-05	31.8016494369691	0.999998826030523
35.375	54.5	0.99999094549773	0.800106331322968	-7.27914717213219e-05	31.6016227946019	0.99999900400475
35.625	54.5	0.999992317446679	0.800104168617248	-6.96930911697281e-05	31.4015966694563	0.999999154919135
35.875	54.5	0.999993480800693	0.800102078027671	-6.67573942491305e-05	31.2015710480631	0.999999282888076
36.125	54.5	0.999994467301112	0.800100056363548	-6.39753535891081e-05	31.0015459170131	0.999999391403122
36.375	54.5	0.999995303872623	0.800098100576642	-6.13384542758274e-05	30.8015212630356	0.999999483425989
36.625	54.5	0.999996013346489	0.800096207755296	-5.8838665180177e-05	30.6014970730605	0.999999561468114
36.875	54.5	0.999996615077974	0.800094375118765	-5.64684117346151e-05	30.4014733342682	0.999999627658577
37.125	54.5	0.99999712547262	0.800092600011765	-5.4220550023612e-05	30.2014500341272	0.999999683801988
37.375	54.5	0.99999755843422	0.80009087989923	-5.20883422272386e-05	30.0014271604236	0.999999731427764
37.625	54.5	0.999997925745655	0.800089212361248	-5.00654333449655e-05	29.8014047012817	0.999999771832022
37.875	54.5	0.999998237392345	0.800087595088188	-4.81458291712534e-05	29.6013826451788	0.999999806113158
38.125	54.5	0.999998501836709	0.800086025876033	-4.63238754672595e-05	29.4013609809546	0.999999835202038
38.375	54.5	0.999998726250899	0.800084502621803	-4.45942383010533e-05	29.2013396978161	0.999999859887599
38.625	54.5	0.999998916714045	0.800083023319305	-4.29518854787257e-05	29.0013187853389	0.999999880838545
38.875	54.5	0.99999907837935	0.800081586054874	-4.13920690548407e-05	28.8012982334655	0.999999898621728
39.125	54.5	0.999999215615603	0.800080189003312	-3.9910308820845e-05	28.6012780325015	0.999999913717716
39.375	54.5	0.999999332127016	0.800078830424187	-3.85023767572886e-05	28.4012581731099	0.999999926533972
39.625	54.5	0.999999431054672	0.800077508657896	-3.71642824209176e-05	28.2012386463034	0.999999937416014
39.875	54.5	0.999999515062441	0.800076222122231	-3.58922591476349e-05	28.0012194434366	0.999999946656869
40.125	54.5	0.999999586409711	0.800074969308898	-3.46827511044765e-05	27.8012005561961	0.999999954505068
40.375	54.5	0.999999647012988	0.800073748780219	-3.35324010866051e-05	27.6011819765911	0.999999961171429
40.625	54.5	0.999999698498085	0.800072559165932	-3.24380390411229e-05	27.4011636969428	0.999999966834789
40.875	54.5	0.999999742244306	0.800071399160178	-3.13966712723147e-05	27.2011457098741	0.999999971646874
41.125	54.5	0.999999779421906	0.800070267518621	-3.04054703152725e-05	27.0011280082983	0.99999997573641
41.375	54.5	0.999999811023827	0.800069163055534	-2.94617653693067e-05	26.8011105854089	0.999999979212621
41.625	54.5	0.999999837892607	0.800068084641169	-2.85630333208477e-05	26.6010934346685	0.999999982168187
41.875	54.5	0.99999986074319	0.800067031199293	-2.77068903144652e-05	26.4010765497983	0.999999984681751
42.125	54.5	0.99999988018227	0.800066001704477	-2.6891083801108e-05	26.2010599247677	0.99999998682005
42.375	54.5	0.999999896724693	0.800064995179953	-2.61134850780154e-05	26.0010435537837	0.999999988639716
42.625	54.5	0.999999910807379	0.800064010695231	-2.53720822497901e-05	25.8010274312816	0.999999990188812
42.875	54.5	0.999999922801122	0.800063047363964	-2.46649736272853e-05	25.6010115519144	0.999999991508123
43.125	54.5	0.999999933020607	0.80006210434184	-2.39903614917557e-05	25.4009959105442	0.999999992632267
43.375	54.5	0.999999941732913	0.800061180824701	-2.3346546263661e-05	25.2009805022323	0.99999999359062
43.625	54.5	0.999999949164718	0.800060276046491	-2.27319209616022e-05	25.0009653222311	0.999999994408119
43.875	54.5	0.999999955508417	0.800059389277497	-2.21449660383882e-05	24.8009503659751	0.999999995105926
44.125	54.5	0.999999960927314	0.800058519822701	-2.15842444821823e-05	24.600935629073	0.999999995702004
44.375	54.5	0.999999965560037	0.800057667019994	-2.10483972201091e-05	24.4009211072996	0.999999996211604
44.625	54.5	0.999999969524263	0.800056830238603	-2.05361387770731e-05	24.2009067965885	0.999999996647669
44.875	54.5	0.999999972919896	0.800056008877707	-2.00462532002217e-05	24.0008926930248	0.999999997021188
45.125	54.5	0.999999975831762	0.800055202364784	-1.95775902010552e-05	23.8008787928382	0.999999997341494
45.375	54.5	0.999999978331887	0.800054410154435	-1.9129061547077e-05	23.6008650923961	0.999999997616508
45.625	54.5	0.99999998048144	0.800053631726872	-1.86996376216989e-05	23.4008515881978	0.999999997852958
45.875	54.5	0.999999982332368	0.800052866586805	-1.82883442179514e-05	23.2008382768681	0.99999999805656
46.125	54.5	0.999999983928806	0.800052114262212	-1.7894259480259e-05	23.0008251551514	0.999999998232169
46.375	54.5	0.99999998530825	0.800051374303108	-1.75165110558805e-05	22.8008122199067	0.999999998383907
46.625	54.5	0.999999986502557	0.800050646280566	-1.71542733837033e-05	22.6007994681017	0.999999998515281
46.875	54.5	0.999999987538808	0.800049929785597	-1.68067651404276e-05	22.4007868968085	0.999999998629269
47.125	54.5	0.999999988440025	0.800049224428185	-1.64732468327943e-05	22.2007745031981	0.999999998728403
47.375	54.5	0.999999989225784	0.800048529836361	-1.61530185233537e-05	22.0007622845365	0.999999998814836
47.625	54.5	0.999999989912733	0.800047845655273	-1.58454176908341e-05	21.8007502381799	0.999999998890401
47.875	54.5	0.999999990515047	0.800047171546318	-1.55498171928562e-05	21.600738361571	0.999999998956655
48.125	54.5	0.999999991044785	0.80004650718638	-1.52656233599845e-05	21.4007266522347	0.999999999014926
48.375	54.5	0.999999991512216	0.800045852266979	-1.49922742000981e-05	21.2007151077747	0.999999999066344
48.625	54.5	0.999999991926084	0.800045206493588	-1.47292376642886e-05	21.0007037258696	0.999999999111869
48.875	54.5	0.999999992293849	0.800044569584903	-1.4476010058969e-05	20.80069250427	0.999999999152323
49.125	54.5	0.999999992621865	0.800043941272172	-1.42321144973632e-05	20.600681440795	0.999999999188405
49.375	54.5	0.999999992915557	0.800043321298558	-1.39970994956441e-05	20.4006705333291	0.999999999220711
49.625	54.5	0.999999993179558	0.800042709418543	-1.37705375709772e-05	20.2006597798197	0.999999999249751
49.875	54.5	0.999999993417825	0.800042105397351	-1.35520239834752e-05	20.0006491782738	0.999999999275961
50.125	54.5	0.999999993633739	0.80004150901033	-1.33411755040542e-05	19.800638726756	0.999999999299711
50.375	54.5	0.999999993830201	0.800040920042577	-1.31376292778564e-05	19.6006284233854	0.999999999321322
50.625	54.5	0.999999994009688	0.800040338288299	-1.29410417180796e-05	19.4006182663341	0.999999999341066
50.875	54.5	0.999999994174331	0.800039763550413	-1.27510874956014e-05	19.2006082538239	0.999999999359176
51.125	54.5	0.999999994325949	0.800039195640055	-1.25674585513371e-05	19.0005983841253	0.999999999375854
51.375	54.5	0.999999994466115	0.800038634376223	-1.23898631911102e-05	18.8005886555546	0.999999999391273
51.625	54.5	0.99999999459618	0.800038079585295	-1.22180251957969e-05	18.6005790664725	0.99999999940558
51.875	54.5	0.999999994717311	0.800037531100708	-1.20516830128156e-05	18.4005696152822	0.999999999418904
52.125	54.5	0.99999999483051	0.800036988762541	-1.18905889743239e-05	18.2005603004276	0.999999999431356
52.375	54.5	0.999999994936645	0.800036452417168	-1.17345085521945e-05	18.0005511203919	0.999999999443031
52.625	54.5	0.999999995036472	0.800035921917037	-1.15832196542209e-05	17.8005420736956	0.999999999454012
52.875	54.5	0.999999995130641	0.800035397120178	-1.1436511995539e-05	17.6005331588958	0.999999999464371
53.125	54.5	0.999999995219725	0.800034877890036	-1.12941864289921e-05	17.4005243745839	0.99999999947417
53.375	54.5	0.999999995304217	0.800034364095175	-1.11560543870317e-05	17.2005157193851	0.999999999483464
53.625	54.5	0.999999995384551	0.800033855608977	-1.10219373035798e-05	17.0005071919568	0.999999999492301
53.875	54.5	0.999999995461106	0.800033352309384	-1.08916660906735e-05	16.8004987909873	0.999999999500722
54.125	54.5	0.999999995534216	0.800032854078682	-1.07650806301713e-05	16.6004905151949	0.999999999508764
54.375	54.5	0.999999995604174	0.800032360803282	-1.06420293096838e-05	16.4004823633269	0.999999999516459
54.625	54.5	0.999999995671241	0.800031872373473	-1.05223685451874e-05	16.2004743341585	0.999999999523837
54.875	54.5	0.999999995735645	0.800031388683238	-1.04059623964336e-05	16.0004664264917	0.999999999530921
55.125	54.5	0.999999995797589	0.800030909630032	-1.02926821255647e-05	15.8004586391545	0.999999999537735
55.375	54.5	0.999999995857257	0.800030435114643	-1.01824058325984e-05	15.6004509710004	0.999999999544298
55.625	54.5	0.99999999591481	0.80002996504097	-1.00750180877291e-05	15.4004434209071	0.999999999550629
55.875	54.5	0.999999995970394	0.800029499315896	-9.97040958884341e-06	15.2004359877759	0.999999999556743
56.125	54.5	0.99999999602414	0.800029037849104	-9.86847683967815e-06	15.0004286705311	0.999999999562655
56.375	54.5	0.999999996076169	0.800028580552931	-9.76912184007125e-06	14.8004214681193	0.999999999568379
56.625	54.5	0.999999996126585	0.800028127342239	-9.67225178702641e-06	14.6004143795085	0.999999999573924
56.875	54.5	0.999999996175485	0.800027678134276	-9.57777881329325e-06	14.4004074036878	0.999999999579303
57.125	54.5	0.999999996222959	0.800027232848534	-9.4856197120003e-06	14.2004005396666	0.999999999584525
57.375	54.5	0.999999996269087	0.800026791406659	-9.39569569719791e-06	14.0003937864744	0.9999999995896
57.625	54.5	0.999999996313942	0.800026353732314	-9.30793216322484e-06	13.8003871431598	0.999999999594534
57.875	54.5	0.999999996357592	0.800025919751067	-9.22225846918774e-06	13.6003806087901	0.999999999599335
58.125	54.5	0.999999996400101	0.800025489390316	-9.138607716997e-06	13.4003741824514	0.999999999604011
58.375	54.5	0.999999996441526	0.800025062579151	-9.05691656751824e-06	13.2003678632474	0.999999999608568
58.625	54.5	0.99999999648192	0.800024639248327	-8.97712503410369e-06	13.0003616502993	0.999999999613011
58.875	54.5	0.999999996521332	0.800024219330077	-8.89917631942943e-06	12.8003555427457	0.999999999617347
59.125	54.5	0.999999996559809	0.800023802758147	-8.82301663112917e-06	12.6003495397416	0.999999999621579
59.375	54.5	0.999999996597391	0.800023389467617	-8.74859503250257e-06	12.4003436404586	0.999999999625713
59.625	54.5	0.999999996634122	0.800022979394907	-8.67586328321988e-06	12.2003378440844	0.999999999629753
59.875	54.5	0.999999996670037	0.800022572477635	-8.60477569598436e-06	12.0003321498223	0.999999999633704
60.125	54.5	0.99999999670517	0.800022168654605	-8.53528900094997e-06	11.800326556891	0.999999999637569
60.375	54.5	0.999999996739554	0.800021767865729	-8.46736222008273e-06	11.6003210645245	0.999999999641351
60.625	54.5	0.99999999677322	0.80002137005195	-8.40095653064165e-06	11.4003156719717	0.999999999645054
60.875	54.5	0.999999996806196	0.800020975155222	-8.33603516260712e-06	11.200310378496	0.999999999648682
61.125	54.5	0.999999996838509	0.800020583118399	-8.27256328513715e-06	11.0003051833753	0.999999999652236
61.375	54.5	0.999999996870183	0.800020193885256	-8.21050789344421e-06	10.8003000859016	0.99999999965572
61.625	54.5	0.999999996901245	0.800019807400385	-8.14983772217169e-06	10.6002950853809	0.999999999659137
61.875	54.5	0.999999996931717	0.800019423609174	-8.09052313891952e-06	10.4002901811329	0.999999999662489
62.125	54.5	0.999999996961618	0.800019042457762	-8.03253606565971e-06	10.2002853724909	0.999999999665778
62.375	54.5	0.999999996990971	0.800018663892993	-7.9758498849055e-06	10.0002806588015	0.999999999669007
62.625	54.5	0.999999997019793	0.800018287862389	-7.92043937094216e-06	9.80027603942465	0.999999999672177
62.875	54.5	0.999999997048103	0.800017914314079	-7.86628059759491e-06	9.60027151373315	0.999999999675291
63.125	54.5	0.999999997075919	0.800017543196816	-7.81335087803784e-06	9.40026708111282	0.999999999678351
63.375	54.5	0.999999997103257	0.800017174459909	-7.76162869815503e-06	9.20026274096216	0.999999999681358
63.625	54.5	0.999999997130137	0.800016808053191	-7.71109363767679e-06	9.00025849269232	0.999999999684315
63.875	54.5	0.999999997156569	0.800016443926994	-7.66172632281625e-06	8.80025433572687	0.999999999687223
64.125	54.5	0.999999997182568	0.800016082032131	-7.61350836301101e-06	8.60025026950178	0.999999999690082
64.375	54.5	0.999999997208138	0.800015722319854	-7.5664222886232e-06	8.40024629346523	0.999999999692895
64.625	54.5	0.999999997233278	0.800015364741824	-7.52045150986349e-06	8.20024240707754	0.999999999695661
64.875	54.5	0.99999999725799	0.800015009250096	-7.47558025633759e-06	8.00023860981107	0.999999999698379
65.125	54.5	0.999999997282283	0.800014655797098	-7.43179353699832e-06	7.80023490115011	0.999999999701051
65.375	54.5	0.999999997306194	0.800014304335578	-7.38907708932523e-06	7.60023128059081	0.999999999703681
65.625	54.5	0.999999997329803	0.800013954818614	-7.34741734148113e-06	7.40022774764107	0.999999999706278
65.875	54.5	0.999999997353234	0.800013607199553	-7.30680136829609e-06	7.2002243018205	0.999999999708856
66.125	54.5	0.999999997376623	0.800013261432028	-7.26721685509239e-06	7.00022094266031	0.999999999711428
66.375	54.5	0.99999999740003	0.800012917469898	-7.22865206401587e-06	6.80021766970329	0.999999999714003
66.625	54.5	0.999999997423283	0.800012575267242	-7.19109579398353e-06	6.60021448250372	0.999999999716561
66.875	54.5	0.999999997445813	0.800012234778331	-7.15453735612418e-06	6.40021138062735	0.999999999719039
67.125	54.5	0.999999997466581	0.800011895957606	-7.11896654479771e-06	6.20020836365136	0.999999999721324
67.375	54.5	0.999999997484299	0.800011558759666	-7.08437360893052e-06	6.0002054311643	0.999999999723273
67.625	54.5	0.999999997498155	0.800011223139235	-7.0507492257137e-06	5.80020258276612	0.999999999724797
67.875	54.5	0.999999997509134	0.800010889051119	-7.01808448846278e-06	5.60019981806804	0.999999999726005
68.125	54.5	0.999999997521676	0.800010556450188	-6.98637087629384e-06	5.40019713669255	0.999999999727384
68.375	54.5	0.999999997544774	0.800010225291271	-6.95560025045292e-06	5.20019453827326	0.999999999729925
68.625	54.5	0.999999997590902	0.800009895529109	-6.92576483443777e-06	5.00019202245482	0.999999999734999
68.875	54.5	0.999999997670707	0.800009567118278	-6.89685721678651e-06	4.80018958889292	0.999999999743778
69.125	54.5	0.999999997782081	0.800009240013189	-6.86887035378155e-06	4.60018723725447	0.999999999756029
69.375	54.5	0.99999999789481	0.800008914168183	-6.84179758733618e-06	4.40018496721804	0.999999999768429
69.625	54.5	0.999999997937002	0.800008589537782	-6.81563267423139e-06	4.20018277847468	0.99999999977307
69.875	54.5	0.99999999779625	0.800008266077059	-6.79036982893537e-06	4.00018067072887	0.999999999757587
70.125	54.5	0.999999997353856	0.800007943741976	-6.76600376499244e-06	3.80017864369907	0.999999999708924
70.375	54.5	0.99999999656864	0.800007622489329	-6.7425297323939e-06	3.60017669711699	0.99999999962255
70.625	54.5	0.999999995610115	0.800007302275902	-6.71994352804982e-06	3.40017483072451	0.999999999517113
70.875	54.5	0.999999995002818	0.800006983056353	-6.69824148443696e-06	3.20017304426747	0.99999999945031
71.125	54.5	0.999999995686116	0.800006664779829	-6.67742043798725e-06	3.00017133748735	0.999999999525473
71.375	54.5	0.999999998835839	0.800006347386294	-6.65747774465555e-06	2.80016971011409	0.999999999871942
71.625	54.5	1.00000000527836	0.800006030804861	-6.63841143271888e-06	2.60016816186742	1.00000000058062
71.875	54.5	1.00000001441932	0.800005714958013	-6.62022064314059e-06	2.40016669247638	1.00000000158612
72.125	54.5	1.00000002287435	0.800005399775909	-6.60290645099877e-06	2.2001653017256	1.00000000251618
72.375	54.5	1.0000000234474	0.800005085222879	-6.58647307353195e-06	2.00016398952795	1.00000000257921
72.625	54.5	1.00000000565528	0.800004771331747	-6.57092914826698e-06	1.80016275600253	1.00000000062208
72.875	54.5	0.999999959352927	0.800004458230553	-6.55628838085413e-06	1.60016160150704	0.999999995528822
73.125	54.5	0.999999882665444	0.800004146132623	-6.54256843139691e-06	1.40016052654295	0.999999987093199
73.375	54.5	0.999999793762802	0.800003835252014	-6.52978681119203e-06	1.20015953144378	0.999999977313908
73.625	54.5	0.999999742609918	0.80000352561409	-6.5179531987212e-06	1.00015861580448	0.999999971687091
73.875	54.5	0.999999814040265	0.800003216770423	-6.50705942716226e-06	0.800157777747418	0.999999979544429
74.125	54.5	1.000000109128	0.800002907508405	-6.49707158469088e-06	0.600157013359074	1.00000001200408
74.375	54.5	1.00000069157181	0.800002595686133	-6.48793252298411e-06	0.400156316920845	1.0000000760729
74.625	54.5	1.00000149490752	0.800002045431456	-6.47958604613099e-06	0.2001556827875	1.00000016443983
74.875	54.5	1.00000220973193	0.400002639906904	-6.47358948837299e-06	0.000155226400518908	1.00000024307051
0.125	55.5	6.79076296011055e-07	0.400010602287011	0.000594480474226485	58.5894137310109	0.890000074698393
0.375	55.5	-3.5634866872536e-06	0.80003209099973	0.000596892930577944	58.4114089980525	0.889999608016464
0.625	55.5	-1.30548681686093e-05	0.800053752061945	0.000601736409992277	58.2333996073139	0.889998563964502
0.875	55.5	-2.85960661623076e-05	0.80007564897472	0.000609046355909817	58.0553856528346	0.889996854432722
1.125	55.5	-4.99992032789557e-05	0.80009792737696	0.000618869554610631	57.8773672018617	0.889994500087639
1.375	55.5	-7.53309514236713e-05	0.800120711283415	0.000631262725741417	57.6993442753806	0.889991713595343
1.625	55.5	-0.000100186119874012	0.800144128775002	0.000646288876272615	57.5213168003959	0.889988979526814
1.875	55.5	-0.000117057390603616	0.800168310697584	0.000664012569272612	57.3432845470512	0.889987123687033
2.125	55.5	-0.000114890800560784	0.800193389181647	0.000684494366502495	57.165247053735	0.889987362011938
2.375	55.5	-7.89147524712939e-05	0.80021949644771	0.000707784836068402	56.9872035452722	0.889991319377228
2.625	55.5	9.1905644105865e-06	0.800246764267338	0.000733918626867741	56.8091528510059	0.890001010962085
2.875	55.5	0.000170751357669861	0.800275324343651	0.000762909175950485	56.6310933306508	0.890018782649344
3.125	55.5	0.000429197092456162	0.800305309747459	0.000794744618476376	56.4530228160135	0.89004721168017
3.375	55.5	0.000808851680514552	0.800336857415295	0.000829385408901327	56.2749385759186	0.890088973684857
3.625	55.5	0.00133351407238661	0.800370111602031	0.000866764042685265	56.0968373099874	0.890146686547963
3.875	55.5	0.00202495190608595	0.800405228102422	0.000906787103135937	55.9187151744735	0.890222744709669
4.125	55.5	0.00290144571738479	0.80044237902259	0.000949339665014152	55.7405678404476	0.890319159028912
4.375	55.5	0.00397651871197611	0.800481757890778	0.000994291882489735	55.5623905815819	0.890437417058317
4.625	55.5	0.00525796887189813	0.80052358494335	0.00104150738871139	55.3841783859767	0.890578376575909
4.875	55.5	0.00674728879479505	0.800568112491923	0.00109085294746717	55.2059260842141	0.890742201767427
5.125	55.5	0.00843951816810572	0.800615630360574	0.00114220863243298	55.0276284843596	0.890928346998492
5.375	55.5	0.0103235290975079	0.800666471465035	0.00119547767010033	54.8492805041195	0.891135588200726
5.625	55.5	0.0123827009925288	0.800721017675276	0.00125059497356907	54.670877290832	0.891362097109178
5.875	55.5	0.014595904663948	0.800779706147052	0.00130753332102532	54.4924143213342	0.891605549513034
6.125	55.5	0.0169386894698519	0.800843036306448	0.00136630609997614	54.3138874758336	0.891863255841684
6.375	55.5	0.0193845564338793	0.80091157761036	0.00142696555312129	54.1352930824144	0.892132301207727
6.625	55.5	0.0219062062505342	0.8009859780684	0.00148959552857704	53.9566279314029	0.892409682687559
6.875	55.5	0.0244766738000368	0.801066973294449	0.0015542978619685	53.7778892611185	0.892692434118004
7.125	55.5	0.0270702975603215	0.801155395570516	0.00162117170496321	53.5990747182274	0.892977732731635
7.375	55.5	0.0296635181075069	0.801252182072799	0.00169028537087396	53.4201822967315	0.893262986991826
7.625	55.5	0.0322355479458612	0.801358381076612	0.00176164059991388	53.2412102594442	0.893545910274045
7.875	55.5	0.0347689976670228	0.801475154667042	0.00183512956210529	53.0621570446555	0.893824589743373
8.125	55.5	0.0372505739424798	0.801603776285892	0.00191048541791399	52.8830211587493	0.894097563133673
8.375	55.5	0.0396719780855203	0.801745621376831	0.0019872278390981	52.7038010531262	0.894363917589407
8.625	55.5	0.0420311279817271	0.801902149467857	0.00206460553557238	52.5244949812843	0.89462342407799
8.875	55.5	0.0443338030578162	0.80207487624284	0.00214153850162298	52.3451008297159	0.89487671833636
9.125	55.5	0.0465957776629474	0.802265334467996	0.0022165633383363	52.1656159146827	0.895125535542924
9.375	55.5	0.0488454723502902	0.802475022994002	0.00228778557836667	51.9860367360875	0.895373001958532
9.625	55.5	0.0511271269997742	0.802705343374763	0.00235284339866911	51.8063586794671	0.895623983969975
9.875	55.5	0.053504496944321	0.802957523841842	0.00240888745636745	51.6265756572442	0.895885494663875
10.125	55.5	0.0560651037301094	0.803232530358469	0.00245258187402218	51.4466796801955	0.896167161410312
10.375	55.5	0.0589251413611531	0.803530964170623	0.00248013174264306	51.2666603488498	0.896481765549727
10.625	55.5	0.0622352435803236	0.803852944579568	0.00248734305975219	51.0865042514247	0.896845876793836
10.875	55.5	0.066187440649168	0.804197974489919	0.00246972193315688	50.906194249347	0.897280618471408
11.125	55.5	0.0710237359332151	0.804564784509313	0.00242262124357852	50.7257086234059	0.897812610952654
11.375	55.5	0.0770467393636535	0.804951148868486	0.00234144464516272	50.5450200443581	0.898475141330002
11.625	55.5	0.0846325785415232	0.805353663223907	0.00222191925818222	50.3640943247242	0.899309583639568
11.875	55.5	0.0942456625764374	0.805767471150954	0.00206044843020395	50.1828889105182	0.900367022883408
12.125	55.5	0.106453496427202	0.806185925246928	0.00185455217479127	50.0013510950927	0.901709884606992
12.375	55.5	0.121937262072484	0.806600176587909	0.00160339155172416	49.8194160016402	0.903413098827973
12.625	55.5	0.141490008242948	0.80699871623367	0.00130834915973098	49.6370045125028	0.905563900906724
12.875	55.5	0.165989245158748	0.807366966655487	0.000973596056243837	49.4540215488221	0.908258816967462
13.125	55.5	0.1963261135991	0.80768716198858	0.000606515664059966	49.2703554294359	0.911595872495901
13.375	55.5	0.233273205878442	0.807938952574085	0.000217791709961194	49.0858794071814	0.915660052646629
13.625	55.5	0.277284628079997	0.808101305145462	-0.000179060516379461	48.9004567174369	0.9205013090888
13.875	55.5	0.328252072457145	0.808156067357086	-0.000568868665281469	48.7139502524737	0.926107727970286
14.125	55.5	0.385287319078972	0.808092720328855	-0.000936612192079845	48.5262369276657	0.932381605098687
14.375	55.5	0.446640859568536	0.8079125212222	-0.00126946933281064	48.3372248585687	0.939130494552539
14.625	55.5	0.509854469428677	0.807629535032434	-0.00155846598875371	48.1468692847776	0.946083991637155
14.875	55.5	0.572154968773169	0.80726728983376	-0.00179916677618812	47.95518217135	0.952937046565049
15.125	55.5	0.630966153796169	0.806852570469236	-0.00199127192120163	47.7622318312093	0.959406276917579
15.375	55.5	0.684343420074309	0.806409674514593	-0.00213747598885526	47.5681324609334	0.965277776208174
15.625	55.5	0.731184005616878	0.805957516292523	-0.00224216038258636	47.3730271624543	0.970430240617857
15.875	55.5	0.77119220266782	0.805509555802504	-0.00231035255712819	47.1770696876088	0.97483114229346
16.125	55.5	0.804683906684752	0.805075069851309	-0.00234709447702512	46.980409262154	0.978515229735323
16.375	55.5	0.83234298567243	0.804660449003163	-0.00235714769334458	46.7831805790474	0.981557728423967
16.625	55.5	0.855009942746385	0.804270028204076	-0.00234489423591077	46.5854989208176	0.984051093702102
16.875	55.5	0.8735356527676	0.803906526539661	-0.0023143200667783	46.3874591785043	0.986088921804436
17.125	55.5	0.88869870173722	0.803571311435848	-0.00226902022181959	46.1891372607221	0.987756857191094
17.375	55.5	0.901169916291552	0.803264628224142	-0.00221220413513401	45.9905926418441	0.989128690792071
17.625	55.5	0.911505956891182	0.802985838995327	-0.00214669916905036	45.791871215579	0.99026565525803
17.875	55.5	0.920157890004368	0.802733662291879	-0.00207495629606519	45.5930079927289	0.99121736790048
18.125	55.5	0.927485706481425	0.802506392530148	-0.00199906151993672	45.3940294415387	0.992023427712957
18.375	55.5	0.933773814179692	0.802302083949089	-0.00192075452722994	45.194955421478	0.992715119559766
18.625	55.5	0.939245200823054	0.802118693591635	-0.00184145419249775	44.9958007368303	0.993316972090536
18.875	55.5	0.944073482640903	0.801954185171561	-0.00176228943099983	44.7965763653752	0.993848083090499
19.125	55.5	0.948392806191048	0.801806599562009	-0.00168413342556073	44.5972904218838	0.994323208681015
19.375	55.5	0.952305874524288	0.801674098872403	-0.00160763923109283	44.3979489098473	0.994753646197672
19.625	55.5	0.955890441169716	0.801554990771846	-0.0015332749894995	44.1985563053053	0.995147948528669
19.875	55.5	0.959204585551037	0.801447738718233	-0.00146135733570784	43.9991160073748	0.995512504410614
20.125	55.5	0.962291020682725	0.80135096257709	-0.00139208196240663	43.7996306824176	0.9958520122751
20.375	55.5	0.965180621163053	0.801263433015748	-0.00132555068606635	43.6001025229374	0.996169868327936
20.625	55.5	0.967895309133391	0.80118406213706	-0.00126179469247526	43.4005334380071	0.996468484004673
20.875	55.5	0.970450400327989	0.801111892090332	-0.00120079391910337	43.2009251889033	0.996749544036079
21.125	55.5	0.972856489438598	0.801046082848823	-0.00114249274740721	43.0012794812926	0.997014213838246
21.375	55.5	0.975120940215455	0.800985899938043	-0.00108681232913659	42.8015980234982	0.9972633034237
21.625	55.5	0.977249037590786	0.800930702611033	-0.00103365996288639	42.6018825588713	0.997497394134987
21.875	55.5	0.97924485394632	0.800879932764148	-0.000982935977803548	42.4021348789902	0.997716933934095
22.125	55.5	0.981111877629376	0.800833104748171	-0.000934538582051288	42.2023568232463	0.997922306539231
22.375	55.5	0.982853447905942	0.800789796137338	-0.000888367105169439	42.0025502693247	0.998113879269654
22.625	55.5	0.984473036267898	0.800749639459403	-0.000844324016380707	41.8027171181491	0.998292033989469
22.875	55.5	0.985974409317731	0.800712314851981	-0.000802316044399767	41.6028592760302	0.99845718502495
23.125	55.5	0.987361703488504	0.800677543589475	-0.000762254665345663	41.4029786360475	0.998609787383735
23.375	55.5	0.988639436855906	0.800645082412011	-0.000724056169034492	41.2030770600939	0.99875033805415
23.625	55.5	0.989812478502231	0.80061471858391	-0.000687641463354414	41.0031563625321	0.998879372635245
23.875	55.5	0.990885991492115	0.800586265607633	-0.000652935733351292	40.8032182960255	0.998997459064133
24.125	55.5	0.991865361645032	0.800559559522075	-0.000619868036688434	40.6032645398203	0.999105189780954
24.375	55.5	0.99275612100266	0.800534455717167	-0.000588370889210955	40.4032966905395	0.999203173310293
24.625	55.5	0.993563872197513	0.800510826201361	-0.00055837987409777	40.2033162554071	0.999292025941726
24.875	55.5	0.994294217798738	0.800488557265047	-0.000529833292646977	40.0033246477207	0.999372363957861
25.125	55.5	0.994952697081783	0.800467547486585	-0.000502671864696916	39.8033231843397	0.999444796678996
25.375	55.5	0.995544731466537	0.80044770603441	-0.00047683847958271	39.6033130849255	0.999509920461319
25.625	55.5	0.996075579016897	0.800428951223688	-0.0004522779948427	39.4032954726689	0.999568313691859
25.875	55.5	0.99655029781979	0.800411209290656	-0.000428937077151981	39.2032713762457	0.999620532760177
26.125	55.5	0.996973717697602	0.800394413351843	-0.000406764079597632	39.0032417327598	0.999667108946736
26.375	55.5	0.997350419499363	0.800378502521631	-0.000385708948819439	38.8032073914568	0.99970854614493
26.625	55.5	0.997684721117085	0.800363421162741	-0.000365723156242561	38.6031691180137	0.999745319322879
26.875	55.5	0.997980669349493	0.800349118249578	-0.000346759648190446	38.4031275992364	0.999777873628444
27.125	55.5	0.998242036758798	0.800335546826987	-0.000328772810332555	38.203083448021	0.999806624043468
27.375	55.5	0.998472322718273	0.80032266354857	-0.000311718442705118	38.0030372084554	0.99983195549901
27.625	55.5	0.998674757915514	0.800310428282853	-0.000295553742317657	37.8029893609617	0.999854223370707
27.875	55.5	0.998852311649489	0.800298803775741	-0.00028023729071064	37.6029403273932	0.999873754281444
28.125	55.5	0.999007701333182	0.800287755360637	-0.000265729044682057	37.4028904760206	0.99989084714665
28.375	55.5	0.999143403684538	0.800277250708372	-0.00025199032842411	37.202840126354	0.999905774405299
28.625	55.5	0.999261667154685	0.800267259611104	-0.000238983826029416	37.0027895537586	0.999918783387015
28.875	55.5	0.999364525203425	0.800257753793821	-0.000226673573361061	36.8027389938358	0.999930097772377
29.125	55.5	0.999453810087693	0.800248706750386	-0.000215024948597412	36.6026886465477	0.999939919109646
29.375	55.5	0.999531166879079	0.800240093599048	-0.000204004660991047	36.4026386800712	0.999948428356699
29.625	55.5	0.999598067471957	0.800231890955327	-0.000193580737430989	36.2025892343766	0.999955787421915
29.875	55.5	0.999655824384708	0.800224076819121	-0.000183722506607822	36.002540424528	0.999962140682318
30.125	55.5	0.999705604193586	0.800216630474107	-0.000174400580702725	35.8024923437097	0.999967616461295
30.375	55.5	0.999748440471548	0.800209532397453	-0.000165586834441066	35.6024450659848	0.99997232845187
30.625	55.5	0.999785246133884	0.800202764178883	-0.000157254381747913	35.4023986487967	0.999976377074727
30.875	55.5	0.999816825118316	0.800196308446836	-0.000149377549889691	35.2023531352245	0.999979850763015
31.125	55.5	0.999843883350152	0.800190148801735	-0.000141931851412697	35.0023085560066	0.999982827168517
31.375	55.5	0.999867038962724	0.800184269754904	-0.000134893954000212	34.8022649313464	0.9999853742859
31.625	55.5	0.999886831760408	0.800178656672364	-0.0001282416484646	34.6022222725164	0.999987551493645
31.875	55.5	0.999903731925605	0.800173295723269	-0.000121953815132888	34.4021805832755	0.999989410511817
32.125	55.5	0.999918147983114	0.800168173832217	-0.000116010388920649	34.2021398611148	0.999990996278143
32.375	55.5	0.999930434044585	0.800163278634778	-0.000110392323212972	34.0021000983488	0.999992347744904
32.625	55.5	0.999940896363394	0.800158598436561	-0.000105081553027447	33.8020612830643	0.999993498599973
32.875	55.5	0.999949799235728	0.800154122174751	-0.000100060957538759	33.6020233999426	0.99999447791593
33.125	55.5	0.99995737028773	0.800149839382077	-9.53143222678705e-05	33.4019864309689	0.99999531073165
33.375	55.5	0.999963805190878	0.800145740153571	-9.08263012558335e-05	33.2019503560394	0.999996018570997
33.625	55.5	0.99996927184921	0.800141815114831	-8.65823792821515e-05	33.0019151534792	0.999996619903413
33.875	55.5	0.999973914102114	0.800138055392661	-8.25688344826503e-05	32.8018808004819	0.999997130551233
34.125	55.5	0.999977854985787	0.80013445258724	-7.8772701428093e-05	32.6018472734782	0.999997564048437
34.375	55.5	0.999981199595241	0.800130998745903	-7.51817349224264e-05	32.4018145484465	0.999997931955476
34.625	55.5	0.999984037586802	0.800127686338756	-7.17843745685256e-05	32.2017826011685	0.999998244134548
34.875	55.5	0.999986445358911	0.800124508235417	-6.85697102940363e-05	32.0017514074413	0.99999850898948
35.125	55.5	0.999988487946585	0.800121457683001	-6.55274489105338e-05	31.8017209432497	0.999998733674124
35.375	55.5	0.999990220662147	0.800118528285875	-6.26478817330067e-05	31.6016911849049	0.999998924272836
35.625	55.5	0.999991690512338	0.800115713985899	-5.99218534085986e-05	31.401662109155	0.999999085956357
35.875	55.5	0.999992937419046	0.800113009044337	-5.73407319459925e-05	31.2016336932717	0.999999223116095
36.125	55.5	0.999993995268366	0.80011040802433	-5.48963799667359e-05	31.0016059151156	0.99999933947952
36.375	55.5	0.999994892810151	0.8001079057748	-5.2581127213406e-05	30.8015787531851	0.999999438209117
36.625	55.5	0.999995654427784	0.800105497414826	-5.03877443340588e-05	30.6015521866514	0.999999521987056
36.875	55.5	0.999996300795718	0.800103178319146	-4.83094178727801e-05	30.4015261953803	0.999999593087529
37.125	55.5	0.999996849440228	0.80010094410449	-4.63397265332563e-05	30.2015007599455	0.999999653438425
37.375	55.5	0.999997315216938	0.800098790616436	-4.44726186272193e-05	30.0014758616333	0.999999704673863
37.625	55.5	0.999997710716942	0.80009671391727	-4.27023906851776e-05	29.8014514824409	0.999999748178864
37.875	55.5	0.999998046611852	0.800094710274295	-4.10236672426294e-05	29.6014276050693	0.999999785127304
38.125	55.5	0.999998331946676	0.800092776148961	-3.94313817122185e-05	29.4014042129123	0.999999816514134
38.375	55.5	0.999998574388244	0.800090908186422	-3.7920758302472e-05	29.2013812900422	0.999999843182707
38.625	55.5	0.999998780435778	0.800089103205829	-3.64872949821961e-05	29.0013588211928	0.999999865847936
38.875	55.5	0.999998955599322	0.800087358191102	-3.51267473991962e-05	28.8013367917409	0.999999885115925
39.125	55.5	0.999999104550871	0.800085670282062	-3.38351137301976e-05	28.6013151876858	0.999999901500596
39.375	55.5	0.999999231252354	0.800084036766337	-3.2608620424633e-05	28.4012939956287	0.999999915437759
39.625	55.5	0.999999339064006	0.800082455071394	-3.14437087712087e-05	28.2012732027509	0.999999927297041
39.875	55.5	0.999999430836142	0.800080922757301	-3.03370222713233e-05	28.0012527967918	0.999999937391976
40.125	55.5	0.999999508986845	0.800079437509594	-2.92853947473365e-05	27.8012327660274	0.999999945988553
40.375	55.5	0.999999575567786	0.800077997132751	-2.82858391908617e-05	27.601213099248	0.999999953312456
40.625	55.5	0.999999632319947	0.800076599543925	-2.73355372437507e-05	27.4011937857368	0.999999959555194
40.875	55.5	0.999999680720847	0.800075242767052	-2.64318293482907e-05	27.201174815249	0.999999964879293
41.125	55.5	0.999999722024551	0.800073924927159	-2.55722054425567e-05	27.0011561779909	0.999999969422701
41.375	55.5	0.99999975729557	0.800072644245149	-2.47542962789588e-05	26.8011378645999	0.999999973302513
41.625	55.5	0.999999787437611	0.800071399032773	-2.39758652064299e-05	26.6011198661252	0.999999976618137
41.875	55.5	0.999999813217937	0.800070187687854	-2.32348004954572e-05	26.4011021740083	0.999999979453973
42.125	55.5	0.999999835288031	0.800069008689756	-2.25291080889532e-05	26.2010847800658	0.999999981881683
42.375	55.5	0.99999985420113	0.800067860595229	-2.18569048158751e-05	26.001067676471	0.999999983962124
42.625	55.5	0.999999870427088	0.800066742034237	-2.12164120012924e-05	25.8010508557376	0.99999998574698
42.875	55.5	0.999999884364983	0.800065651706285	-2.06059494621523e-05	25.6010343107033	0.999999987280148
43.125	55.5	0.999999896353829	0.800064588376632	-2.00239298656801e-05	25.4010180345145	0.999999988598921
43.375	55.5	0.999999906681647	0.800063550873024	-1.94688534198962e-05	25.2010020206114	0.999999989734981
43.625	55.5	0.99999991559318	0.800062538082319	-1.89393028893643e-05	25.0009862627137	0.99999999071525
43.875	55.5	0.999999923296423	0.800061548947462	-1.84339388951038e-05	24.8009707548075	0.999999991562607
44.125	55.5	0.999999929968177	0.800060582464579	-1.79514955062549e-05	24.6009554911319	0.999999992296499
44.375	55.5	0.999999935758766	0.800059637680175	-1.749077609238e-05	24.4009404661671	0.999999992933464
44.625	55.5	0.999999940796023	0.800058713688495	-1.70506494022779e-05	24.2009256746224	0.999999993487563
44.875	55.5	0.999999945188694	0.80005780962913	-1.663004590797e-05	24.0009111114252	0.999999993970756
45.125	55.5	0.999999949029309	0.800056924684563	-1.62279543187803e-05	23.8008967717102	0.999999994393224
45.375	55.5	0.999999952396626	0.800056058077979	-1.58434183411717e-05	23.6008826508094	0.999999994763629
45.625	55.5	0.999999955357713	0.800055209071121	-1.54755336011884e-05	23.4008687442426	0.999999995089348
45.875	55.5	0.999999957969704	0.800054376962353	-1.51234447558686e-05	23.2008550477081	0.999999995376667
46.125	55.5	0.999999960281293	0.800053561084642	-1.47863427767109e-05	23.0008415570737	0.999999995630942
46.375	55.5	0.999999962334007	0.800052760803884	-1.44634623762726e-05	22.8008282683691	0.999999995856741
46.625	55.5	0.99999996416327	0.800051975517067	-1.41540795877546e-05	22.6008151777776	0.99999999605796
46.875	55.5	0.99999996579933	0.80005120465075	-1.38575094944402e-05	22.4008022816286	0.999999996237926
47.125	55.5	0.999999967268032	0.800050447659475	-1.35731040705718e-05	22.2007895763908	0.999999996399484
47.375	55.5	0.999999968591473	0.800049704024296	-1.33002501697938e-05	22.0007770586654	0.999999996545062
47.625	55.5	0.999999969788562	0.800048973251446	-1.30383675998522e-05	21.8007647251793	0.999999996676742
47.875	55.5	0.999999970875494	0.800048254870992	-1.27869073336961e-05	21.6007525727799	0.999999996796304
48.125	55.5	0.999999971866161	0.800047548435565	-1.25453497894517e-05	21.4007405984285	0.999999996905278
48.375	55.5	0.999999972772485	0.800046853519252	-1.23132032414217e-05	21.2007287991953	0.999999997004973
48.625	55.5	0.999999973604711	0.800046169716417	-1.2090002301754e-05	21.0007171722541	0.999999997096518
48.875	55.5	0.999999974371661	0.800045496640677	-1.1875306479675e-05	20.8007057148776	0.999999997180883
49.125	55.5	0.999999975080934	0.800044833923879	-1.16686988563448e-05	20.6006944244324	0.999999997258903
49.375	55.5	0.999999975739088	0.800044181215123	-1.14697847779904e-05	20.4006832983747	0.9999999973313
49.625	55.5	0.999999976351798	0.800043538179937	-1.12781906711682e-05	20.2006723342465	0.999999997398698
49.875	55.5	0.999999976923977	0.800042904499328	-1.10935629043491e-05	20.000661529671	0.999999997461637
50.125	55.5	0.999999977459888	0.800042279869016	-1.09155667121682e-05	19.8006508823492	0.999999997520588
50.375	55.5	0.99999997796324	0.80004166399867	-1.0743885166311e-05	19.6006403900565	0.999999997575956
50.625	55.5	0.999999978437267	0.800041056611171	-1.05782182418606e-05	19.400630050639	0.999999997628099
50.875	55.5	0.999999978884791	0.800040457441898	-1.04182818803306e-05	19.2006198620102	0.999999997677327
51.125	55.5	0.999999979308288	0.800039866238089	-1.02638071721326e-05	19.0006098221485	0.999999997723912
51.375	55.5	0.999999979709928	0.800039282758233	-1.01145394888541e-05	18.8005999290938	0.999999997768092
51.625	55.5	0.999999980091621	0.800038706771438	-9.97023777608445e-06	18.6005901809451	0.999999997810078
51.875	55.5	0.999999980455056	0.800038138056937	-9.83067379375346e-06	18.4005805758576	0.999999997850056
52.125	55.5	0.999999980801724	0.800037576403469	-9.69563143428368e-06	18.2005711120405	0.99999999788819
52.375	55.5	0.999999981132951	0.800037021608885	-9.56490608986945e-06	18.0005617877548	0.999999997924625
52.625	55.5	0.999999981449923	0.80003647347955	-9.43830402342977e-06	17.8005526013107	0.999999997959491
52.875	55.5	0.999999981753693	0.800035931829991	-9.31564179752636e-06	17.6005435510658	0.999999997992906
53.125	55.5	0.999999982045201	0.800035396482448	-9.19674571283599e-06	17.4005346354231	0.999999998024972
53.375	55.5	0.999999982325304	0.800034867266387	-9.08145131334577e-06	17.2005258528289	0.999999998055783
53.625	55.5	0.999999982594763	0.80003434401825	-8.96960287189041e-06	17.0005172017716	0.999999998085424
53.875	55.5	0.99999998285427	0.800033826580977	-8.86105293205004e-06	16.8005086807793	0.99999999811397
54.125	55.5	0.999999983104458	0.800033314803717	-8.75566187478085e-06	16.6005002884186	0.99999999814149
54.375	55.5	0.999999983345893	0.800032808541514	-8.65329749191895e-06	16.4004920232932	0.999999998168048
54.625	55.5	0.999999983579098	0.8000323076549	-8.5538346045617e-06	16.2004838840421	0.999999998193701
54.875	55.5	0.999999983804548	0.800031812009756	-8.45715467003424e-06	16.0004758693388	0.9999999982185
55.125	55.5	0.999999984022683	0.800031321476878	-8.3631454502987e-06	15.8004679778893	0.999999998242495
55.375	55.5	0.999999984233901	0.800030835931833	-8.27170066632607e-06	15.6004602084315	0.999999998265729
55.625	55.5	0.999999984438572	0.800030355254636	-8.18271968122829e-06	15.4004525597339	0.999999998288243
55.875	55.5	0.99999998463704	0.800029879329529	-8.0961072002666e-06	15.2004450305942	0.999999998310074
56.125	55.5	0.99999998482962	0.800029408044789	-8.01177299123367e-06	15.0004376198387	0.999999998331258
56.375	55.5	0.999999985016606	0.800028941292458	-7.92963161299323e-06	14.8004303263211	0.999999998351827
56.625	55.5	0.999999985198269	0.800028478968212	-7.84960216178877e-06	14.6004231489216	0.99999999837181
56.875	55.5	0.999999985374865	0.800028020971094	-7.7716080268329e-06	14.4004160865459	0.999999998391235
57.125	55.5	0.999999985546629	0.800027567203391	-7.69557666315005e-06	14.2004091381249	0.999999998410129
57.375	55.5	0.999999985713781	0.800027117570447	-7.62143938140809e-06	14.0004023026132	0.999999998428516
57.625	55.5	0.999999985876529	0.80002667198047	-7.54913113307082e-06	13.8003955789887	0.999999998446418
57.875	55.5	0.999999986035066	0.800026230344444	-7.47859032359564e-06	13.600388966252	0.999999998463857
58.125	55.5	0.999999986189572	0.800025792575907	-7.40975862556855e-06	13.4003824634257	0.999999998480853
58.375	55.5	0.999999986340219	0.80002535859087	-7.34258080569438e-06	13.2003760695534	0.999999998497424
58.625	55.5	0.999999986487165	0.800024928307663	-7.27700455857071e-06	13.0003697836997	0.999999998513588
58.875	55.5	0.999999986630563	0.800024501646813	-7.21298034957113e-06	12.8003636049492	0.999999998529362
59.125	55.5	0.999999986770552	0.800024078530935	-7.15046126979059e-06	12.600357532406	0.999999998544761
59.375	55.5	0.999999986907264	0.800023658884596	-7.08940289443133e-06	12.4003515651936	0.999999998559799
59.625	55.5	0.999999987040827	0.800023242634265	-7.02976314947888e-06	12.2003457024537	0.999999998574491
59.875	55.5	0.99999998717136	0.800022829708148	-6.9715021829064e-06	12.0003399433464	0.99999999858885
60.125	55.5	0.999999987298973	0.800022420036128	-6.91458225093014e-06	11.8003342870495	0.999999998602887
60.375	55.5	0.999999987423773	0.800022013549673	-6.85896759814387e-06	11.6003287327582	0.999999998616615
60.625	55.5	0.999999987545857	0.800021610181771	-6.80462435940943e-06	11.4003232796845	0.999999998630044
60.875	55.5	0.999999987665322	0.800021209866804	-6.75152044371192e-06	11.200317927057	0.999999998643185
61.125	55.5	0.999999987782256	0.800020812540506	-6.6996254546764e-06	11.0003126741205	0.999999998656048
61.375	55.5	0.999999987896745	0.800020418139881	-6.64891058612808e-06	10.8003075201359	0.999999998668642
61.625	55.5	0.999999988008869	0.800020026603151	-6.5993485378669e-06	10.6003024643793	0.999999998680976
61.875	55.5	0.999999988118702	0.800019637869658	-6.55091344161329e-06	10.4002975061425	0.999999998693057
62.125	55.5	0.999999988226315	0.800019251879846	-6.50358076826104e-06	10.2002926447322	0.999999998704895
62.375	55.5	0.999999988331777	0.800018868575152	-6.45732726622588e-06	10.0002878794696	0.999999998716495
62.625	55.5	0.999999988435153	0.800018487898001	-6.41213088449277e-06	9.80028320969084	0.999999998727867
62.875	55.5	0.999999988536506	0.800018109791733	-6.3679707093262e-06	9.600278634746	0.999999998739016
63.125	55.5	0.999999988635892	0.800017734200545	-6.32482689535129e-06	9.40027415399935	0.999999998749948
63.375	55.5	0.99999998873337	0.800017361069453	-6.28268060532731e-06	9.200269766829	0.999999998760671
63.625	55.5	0.999999988828992	0.800016990344257	-6.24151396256879e-06	9.00026547262667	0.999999998771189
63.875	55.5	0.999999988922809	0.800016621971466	-6.2013099810103e-06	8.80026127079756	0.999999998781509
64.125	55.5	0.999999989014862	0.800016255898307	-6.1620525231391e-06	8.60025716076014	0.999999998791635
64.375	55.5	0.99999998910519	0.800015892072632	-6.12372624717793e-06	8.40025314194598	0.999999998801571
64.625	55.5	0.999999989193822	0.800015530442931	-6.08631655465193e-06	8.20024921379963	0.99999999881132
64.875	55.5	0.999999989280788	0.800015170958267	-6.0498095518557e-06	8.00024537577842	0.999999998820887
65.125	55.5	0.999999989366126	0.800014813568228	-6.01419200072115e-06	7.80024162735235	0.999999998830274
65.375	55.5	0.999999989449899	0.800014458222933	-5.97945127901847e-06	7.60023796800396	0.999999998839489
65.625	55.5	0.999999989532215	0.800014104872974	-5.94557533739126e-06	7.40023439722817	0.999999998848544
65.875	55.5	0.999999989613225	0.800013753469383	-5.91255266445825e-06	7.20023091453223	0.999999998857455
66.125	55.5	0.999999989693094	0.800013403963601	-5.88037224495603e-06	7.00022751943554	0.99999999886624
66.375	55.5	0.999999989771895	0.800013056307457	-5.84902352570325e-06	6.8002242114696	0.999999998874909
66.625	55.5	0.99999998984947	0.800012710453126	-5.81849638217528e-06	6.60022099017791	0.999999998883442
66.875	55.5	0.999999989925249	0.800012366353093	-5.78878108212529e-06	6.40021785511588	0.999999998891777
67.125	55.5	0.999999989998187	0.800012023960141	-5.75986825357376e-06	6.20021480585079	0.999999998899801
67.375	55.5	0.999999990066991	0.800011683227304	-5.73174885594721e-06	6.00021184196169	0.999999998907369
67.625	55.5	0.99999999013086	0.800011344107846	-5.70441414978799e-06	5.80020896303941	0.999999998914395
67.875	55.5	0.999999990190835	0.800011006555207	-5.67785566484446e-06	5.60020616868641	0.999999998920992
68.125	55.5	0.999999990251477	0.800010670522934	-5.65206517708869e-06	5.40020345851673	0.999999998927663
68.375	55.5	0.999999990321978	0.800010335964611	-5.62703468065124e-06	5.20020083215586	0.999999998935418
68.625	55.5	0.999999990415045	0.800010002833758	-5.6027563664947e-06	5.00019828924065	0.999999998945655
68.875	55.5	0.999999990541495	0.80000967108375	-5.579222604022e-06	4.80019582941926	0.999999998959564
69.125	55.5	0.999999990699158	0.800009340667764	-5.55642593345332e-06	4.60019345235137	0.999999998976907
69.375	55.5	0.999999990857285	0.800009011538874	-5.53435906321984e-06	4.40019115770865	0.999999998994301
69.625	55.5	0.99999999094283	0.800008683650236	-5.5130148864248e-06	4.20018894517559	0.999999999003711
69.875	55.5	0.999999990841669	0.800008356955445	-5.49238649881466e-06	4.0001868144505	0.999999998992584
70.125	55.5	0.999999990433368	0.800008031408766	-5.47246723611495e-06	3.80018476524609	0.99999999894767
70.375	55.5	0.999999989676173	0.800007706965063	-5.45325070155977e-06	3.60018279728882	0.999999998864379
70.625	55.5	0.999999988741992	0.800007383578815	-5.43473079397697e-06	3.40018091031581	0.999999998761619
70.875	55.5	0.999999988162564	0.800007061201882	-5.4169017239051e-06	3.20017910406872	0.999999998697882
71.125	55.5	0.999999988889938	0.800006739779979	-5.39975804301105e-06	3.00017737828533	0.999999998777893
71.375	55.5	0.999999992115664	0.800006419248802	-5.38329473446121e-06	2.80017573269256	0.999999999132723
71.625	55.5	0.999999998677295	0.800006099532217	-5.36750745472602e-06	2.6001741670079	0.999999999854502
71.875	55.5	1.00000000797357	0.800005780546367	-5.35239304800514e-06	2.40017268095947	1.00000000087709
72.125	55.5	1.00000001657809	0.800005462214006	-5.33795044490842e-06	2.20017127433316	1.00000000182359
72.375	55.5	1.00000001720511	0.800005144491155	-5.32418194514671e-06	2.00016994704647	1.00000000189256
72.625	55.5	0.99999999924086	0.800004827401753	-5.31109467424928e-06	1.80016869922784	0.999999999916495
72.875	55.5	0.999999952413533	0.800004511064631	-5.29870166390419e-06	1.60016753124981	0.999999994765489
73.125	55.5	0.999999874822517	0.800004195683536	-5.28702167945114e-06	1.40016644363336	0.999999986230477
73.375	55.5	0.999999784856618	0.800003881461806	-5.27607681526894e-06	1.20016543673278	0.999999976334228
73.625	55.5	0.999999733086771	0.80000356841117	-5.26588737297779e-06	1.00016451015827	0.999999970639545
73.875	55.5	0.999999805376419	0.800003256064102	-5.25646500225998e-06	0.800163662033093	0.999999978591406
74.125	55.5	1.00000010402702	0.800002943181304	-5.24780760500491e-06	0.600162888423215	1.00000001144297
74.375	55.5	1.00000069351161	0.800002627586732	-5.23990257613461e-06	0.400162183570274	1.00000007628628
74.625	55.5	1.0000015065637	0.80000207055722	-5.23274730180339e-06	0.200161541791526	1.00000016572201
74.875	55.5	1.00000223003661	0.400002671969343	-5.22764983310439e-06	0.000161079952659672	1.00000024530403
0.125	56.5	6.28023394854169e-07	0.400015054500335	0.000490836850034601	58.5889228541489	0.890000069082573
0.375	56.5	-3.35332370106534e-06	0.800045451798486	0.000492799623587337	58.4109161410786	0.889999631134393
0.625	56.5	-1.22596611863728e-05	0.800076075954094	0.000496738595151388	58.2329027756513	0.88999865143727
0.875	56.5	-2.68417175175734e-05	0.800107030104488	0.000502676226612038	58.0548828267523	0.889997047411073
1.125	56.5	-4.69191214049927e-05	0.80013849403531	0.000510641898986293	57.8768563284441	0.889994838896645
1.375	56.5	-7.0667110351734e-05	0.800170626696508	0.00052067060412316	57.6988232616998	0.889992226617861
1.625	56.5	-9.39308770224149e-05	0.800203590146076	0.000532800026162152	57.5207835095733	0.889989667603528
1.875	56.5	-0.000109629679872981	0.800237548107285	0.00054706674805858	57.3427367980871	0.889987940735214
2.125	56.5	-0.00010733523959504	0.800272664285173	0.000563501765157207	57.1646826257946	0.889988193123645
2.375	56.5	-7.31073414782632e-05	0.800309100854959	0.000582125593773841	56.9866201868299	0.889991958192437
2.625	56.5	1.03501032903077e-05	0.800347017444662	0.000602943351549876	56.8085482938682	0.890001138511362
2.875	56.5	0.000163182279449576	0.800386570828568	0.000625940239045906	56.6304653084519	0.890017950050739
3.125	56.5	0.00040753657150782	0.800427915423424	0.000651077857125066	56.4523690863454	0.890044829022866
3.375	56.5	0.00076642858244796	0.800471204551423	0.00067829174975262	56.2742569448722	0.890084307144069
3.625	56.5	0.00126241173413589	0.800516592320014	0.000707490469316721	56.0961256575827	0.890138865290755
3.875	56.5	0.00191616843510611	0.80056423589358	0.000738556332818575	55.9179714792871	0.890210778527862
4.125	56.5	0.00274515396291173	0.800614297897703	0.00077134788547584	55.7397902017151	0.89030196693592
4.375	56.5	0.00376242150985887	0.800666948711835	0.000805703928035362	55.5615772371788	0.890413866366084
4.625	56.5	0.00497573879379463	0.800722368458073	0.000841448808765172	55.3833277249562	0.890547331267317
4.875	56.5	0.00638707571559783	0.800780748575026	0.000878398541879708	55.2050366529974	0.890702578328716
5.125	56.5	0.00799250274634275	0.800842292955816	0.000916367198828457	55.0266989862159	0.890879175302098
5.375	56.5	0.0097824960343638	0.800907218717857	0.000955172933735611	54.8483097922239	0.89107607456378
5.625	56.5	0.0117426030679798	0.800975756738605	0.000994642954465958	54.6698643559164	0.891291686337478
5.875	56.5	0.0138543874497768	0.801048152127404	0.00103461673919288	54.4913582757261	0.891523982619476
6.125	56.5	0.0160965476176898	0.801124664789935	0.00107494682792524	54.3127875364594	0.891770620237946
6.375	56.5	0.0184460956554881	0.801205570178719	0.00111549658861968	54.1341485560913	0.892029070522104
6.625	56.5	0.0208794903970243	0.801291160198109	0.00115613446580358	53.9554382063953	0.892296743943673
6.875	56.5	0.023373643428214	0.80138174405749	0.0011967243616247	53.7766538094598	0.892571100777104
7.125	56.5	0.025906754603375	0.801477648649656	0.00123711196918372	53.5977931136423	0.892849743006371
7.375	56.5	0.0284589804473404	0.801579217794974	0.00127710707435098	53.4188542531124	0.893130487849207
7.625	56.5	0.0310129878256969	0.801686809467478	0.00131646206494745	53.2398356946852	0.893411428660827
7.875	56.5	0.0335544893036085	0.801800789938989	0.00135484714338747	53.060736174181	0.893690993823397
8.125	56.5	0.0360728888226472	0.801921523685831	0.00139182303849629	52.8815546222404	0.893968017770491
8.375	56.5	0.0385621814336949	0.802049357932093	0.00142681236397785	52.7022900766708	0.894241839957706
8.625	56.5	0.0410222462836329	0.802184600891514	0.00145907117570489	52.5229415754102	0.8945124470912
8.875	56.5	0.0434606489249397	0.802327493134498	0.00148766273041837	52.3435080214452	0.894780671381743
9.125	56.5	0.0458950324358683	0.802478172048113	0.00151143592306995	52.1639880088769	0.895048453567945
9.375	56.5	0.0483561358930744	0.802636630058636	0.0015290113522561	51.9843795979411	0.895319174948238
9.625	56.5	0.0508914456069445	0.802802668092623	0.00153877840448802	51.8046800261245	0.895598059016764
9.875	56.5	0.0535694727480258	0.802975846594849	0.00153890714563114	51.6248853422323	0.895892642002283
10.125	56.5	0.0564846727588019	0.803155437193019	0.00152737916951754	51.444989949738	0.896213314003468
10.375	56.5	0.0597630843663975	0.803340378675128	0.0015020419138929	51.264986044166	0.896573939280304
10.625	56.5	0.0635688660528807	0.80352924116161	0.0014606913515241	51.0848629257378	0.896992575265817
10.875	56.5	0.0681120253109267	0.803720201974466	0.00140118839524412	50.9046061624446	0.897492322784202
11.125	56.5	0.0736577232612078	0.80391103537506	0.00132161466856896	50.724196570211	0.898102349558733
11.375	56.5	0.0805375035746599	0.804099115545344	0.00122047302132823	50.5436089675324	0.898859125393213
11.625	56.5	0.0891624844470539	0.804281427303657	0.00109693626841943	50.3628106562862	0.899807873289176
11.875	56.5	0.100037720087896	0.804454571787746	0.000951142160344709	50.1817595871562	0.901004149209669
12.125	56.5	0.113775239258667	0.804614745956475	0.00078452047068703	50.0004022027067	0.902515276318453
12.375	56.5	0.131100317601148	0.804757670624202	0.000600115339396531	49.8186710372024	0.904421034936126
12.625	56.5	0.152841147498997	0.804878455194213	0.00040282950935491	49.6364823199702	0.90681252622489
12.875	56.5	0.179886820008613	0.804971441627667	0.000199469242599207	49.4537341045041	0.909787550200947
13.125	56.5	0.21309482804562	0.805030188521052	-1.57383484595676e-06	49.2703058219692	0.913440431085018
13.375	56.5	0.253132480857194	0.805047920497316	-0.000191164330078781	49.0860605432116	0.917844572894291
13.625	56.5	0.300254560165259	0.805018845428188	-0.000360837525271732	48.9008513895201	0.923028001618178
13.875	56.5	0.354057495922113	0.804940458358003	-0.000504574936595195	48.7145330750543	0.928946324551432
14.125	56.5	0.413299198439152	0.804816115015495	-0.000620381101582773	48.5269781493037	0.935462911828307
14.375	56.5	0.475899752263461	0.804656187094235	-0.000710900317817098	48.3380952617535	0.942348972748981
14.625	56.5	0.53919657350677	0.804476189287602	-0.0007825515640656	48.1478446835579	0.949311623085745
14.875	56.5	0.600410950213856	0.80429212779347	-0.000843369772604475	47.9562459631744	0.956045204523524
15.125	56.5	0.65716008690062	0.804115614525669	-0.000900478284391705	47.7633748675635	0.962287609559068
15.375	56.5	0.707819861481	0.803951562491491	-0.00095828825986797	47.569350716829	0.96786018476291
15.625	56.5	0.751634371703827	0.803799169229784	-0.00101800024334719	47.3743185135649	0.972679780887421
15.875	56.5	0.788600654464811	0.803654691211409	-0.00107823851978458	47.1784311168332	0.976746071991129
16.125	56.5	0.819235996986838	0.803514070770939	-0.00113621874014619	46.9818352320302	0.980115959668552
16.375	56.5	0.84433493120595	0.803374420946128	-0.00118887212869875	46.7846626344452	0.982876842432654
16.625	56.5	0.864778604627346	0.803234395999539	-0.00123361566680724	46.5870261748554	0.985125646509008
16.875	56.5	0.881413588743109	0.803093918012519	-0.00126871836194781	46.3890192325153	0.986955494761742
17.125	56.5	0.894990156377077	0.802953699292528	-0.00129335750060029	46.1907171971562	0.988448917201479
17.375	56.5	0.906141154577034	0.802814809271798	-0.00130749427035419	45.9921798750961	0.989675527003474
17.625	56.5	0.915384051826673	0.802678371939773	-0.00131167559083697	45.7934541123234	0.990692245700934
17.875	56.5	0.923133770183014	0.802545391945994	-0.00130683028776312	45.5945762555512	0.991544714720132
18.125	56.5	0.929718873285819	0.802416676256841	-0.00129409410714144	45.3955742913594	0.99226907606144
18.375	56.5	0.935397309283023	0.802292815982339	-0.00127467556718469	45.196469628456	0.992893704021133
18.625	56.5	0.940370147420428	0.802174201012146	-0.00124976216223226	44.99727854836	0.993440716216247
18.875	56.5	0.944792949577904	0.802061049397533	-0.00122046081987887	44.7980133719479	0.993927224453569
19.125	56.5	0.948784965990253	0.801953440816329	-0.0011877648857249	44.5986833919068	0.994366346258928
19.375	56.5	0.952436528242927	0.801851348486123	-0.00115254027277756	44.3992956154207	0.994768018106722
19.625	56.5	0.955815019224714	0.801754666990458	-0.00111552457947169	44.1998553534098	0.995139652114719
19.875	56.5	0.958969736309551	0.801663235245255	-0.00107733433383224	44.0003666851014	0.995486670994051
20.125	56.5	0.961935885866321	0.801576854750374	-0.00103847677697093	43.8008328206274	0.995812947445295
20.375	56.5	0.964737878764179	0.801495303687936	-0.000999363654535188	43.6012563798068	0.99612116666406
20.625	56.5	0.967392045696498	0.801418347563703	-0.000960325321321889	43.4016396020045	0.996413125026615
20.875	56.5	0.969908857587382	0.801345747073513	-0.000921624100761737	43.2019844995997	0.996689974334612
21.125	56.5	0.972294716457445	0.801277263799954	-0.000883466307506788	43.0022929658281	0.996952418810319
21.375	56.5	0.974553371548398	0.801212664239916	-0.000846012669783551	42.8025668463216	0.997200870870324
21.625	56.5	0.976687010362558	0.801151722564066	-0.000809387107851004	42.6028079824232	0.997435571139881
21.875	56.5	0.978697071642039	0.801094222421237	-0.000773683961634217	42.403018233198	0.997656677880624
22.125	56.5	0.98058482528561	0.801039958027739	-0.00073897383621825	42.203199481975	0.997864330781417
22.375	56.5	0.982351761738653	0.800988734725281	-0.000705308266005421	42.0033536322293	0.998058693791252
22.625	56.5	0.983999830098013	0.800940369147871	-0.000672723402150981	41.8034825966667	0.998239981310782
22.875	56.5	0.985531560069837	0.800894689105721	-0.000641242913609446	41.6035882825149	0.998408471607682
23.125	56.5	0.986950098251312	0.800851533268639	-0.000610880268979764	41.4036725752801	0.998564510807644
23.375	56.5	0.988259184302787	0.800810750713992	-0.000581640539101966	41.2037373225864	0.998708510273307
23.625	56.5	0.989463087750906	0.800772200388107	-0.000553521833663808	41.0037843191951	0.9988409396526
23.875	56.5	0.990566521667909	0.800735750519911	-0.000526516460607547	40.8038152938855	0.99896231738347
24.125	56.5	0.991574545477896	0.8007012780153	-0.000500611876088368	40.6038318985578	0.999073200002568
24.375	56.5	0.99249246573731	0.800668667853211	-0.000475791475688127	40.403835699685	0.999174171231104
24.625	56.5	0.993325740947366	0.800637812499196	-0.000452035263919448	40.2038281720748	0.99926583150421
24.875	56.5	0.994079894252752	0.800608611346454	-0.000429320428842129	40.0038106947956	0.999348788367803
25.125	56.5	0.994760436205123	0.800580970190548	-0.000407621841000575	39.8037845490504	0.999423647982564
25.375	56.5	0.995372798544388	0.800554800741705	-0.000386912490431102	39.6037509177549	0.999491007839883
25.625	56.5	0.99592227909523	0.800530020175626	-0.000367163871499759	39.4037108865615	0.999551450700475
25.875	56.5	0.996413997311189	0.800506550722298	-0.000348346323112898	39.2036654460778	0.999605539704231
26.125	56.5	0.996852859654664	0.800484319291644	-0.000330429329540736	39.0036154950439	0.999653814562013
26.375	56.5	0.997243533817863	0.800463257133281	-0.000313381786415717	38.8035618442548	0.999696788719965
26.625	56.5	0.997590430719089	0.800443299528245	-0.000297172235465251	38.6035052210345	0.9997349473791
26.875	56.5	0.99789769321284	0.800424385509218	-0.000281769070986981	38.4034462740979	0.999768746253412
27.125	56.5	0.998169190502786	0.800406457606918	-0.000267140720868888	38.2033855786562	0.999798610955306
27.375	56.5	0.998408517323625	0.800389461619844	-0.000253255804525555	38.0033236416449	0.999824936905599
27.625	56.5	0.998618997046835	0.800373346404416	-0.000240083269961655	37.8032609069759	0.999848089675152
27.875	56.5	0.998803687957939	0.800358063683456	-0.000227592512009044	37.6031977607291	0.999868405675373
28.125	56.5	0.998965392042587	0.800343567870989	-0.000215753473524279	37.4031345362195	0.999886193124685
28.375	56.5	0.999106665703237	0.800329815911091	-0.000204536731215627	37.2030715188869	0.999901733227356
28.625	56.5	0.999229831905851	0.800316767129484	-0.000193913567658936	37.0030089509681	0.999915281509644
28.875	56.5	0.999336993326265	0.800304383096001	-0.000183856030781727	36.8029470359234	0.999927069265889
29.125	56.5	0.999430046128733	0.800292627497436	-0.000174336982111915	36.6028859425972	0.999937305074161
29.375	56.5	0.999510694065934	0.800281466018499	-0.000165330134878171	36.4028258090991	0.999946176347253
29.625	56.5	0.999580462640029	0.800270866231283	-0.000156810083037649	36.2027667464016	0.999953850890403
29.875	56.5	0.999640713109323	0.800260797491168	-0.000148752322004285	36.0027088416521	0.999960478442026
30.125	56.5	0.999692656165266	0.800251230839683	-0.000141133262127225	35.8026521612043	0.999966192178179
30.375	56.5	0.999737365140108	0.800242138912508	-0.000133930235516684	35.6025967533761	0.999971110165412
30.625	56.5	0.999775788637116	0.800233495853381	-0.000127121497003305	35.4025426509446	0.999975336750083
30.875	56.5	0.999808762503042	0.800225277232234	-0.000120686219950086	35.2024898733905	0.999978963875335
31.125	56.5	0.999837021086918	0.80021745996828	-0.000114604487392176	35.0024384289062	0.999982072319561
31.375	56.5	0.999861207750298	0.80021002225701	-0.000108857279220361	34.8023883161828	0.999984732852533
31.625	56.5	0.999881884612067	0.800202943500825	-0.000103426455887185	34.6023395259915	0.999987007307327
31.875	56.5	0.999899541526239	0.800196204243937	-9.82947390907849e-05	34.402292042576	0.999988949567886
32.125	56.5	0.999914604303687	0.800189786109805	-9.34456900028105e-05	34.2022458448711	0.999990606473406
32.375	56.5	0.999927442199021	0.800183671742657	-8.88636853810102e-05	34.0022009075641	0.999992018641892
32.625	56.5	0.999938374691818	0.800177844751267	-8.45338920414286e-05	33.8021572020134	0.9999932212161
32.875	56.5	0.999947677597461	0.800172289656141	-8.04422399888902e-05	33.6021146970386	0.999994244535721
33.125	56.5	0.999955588547267	0.8001669918392	-7.65753946256796e-05	33.4020733595969	0.999995114740199
33.375	56.5	0.999962311880305	0.80016193749617	-7.29207282386794e-05	33.2020331553572	0.999995854306834
33.625	56.5	0.999968022990872	0.800157113591323	-6.94662911513425e-05	33.0019940491844	0.999996482528996
33.875	56.5	0.999972872176019	0.800152507814784	-6.62007827096869e-05	32.801956005545	0.999997015939362
34.125	56.5	0.999976988027085	0.800148108541867	-6.31135223430927e-05	32.6019189888437	0.999997468682979
34.375	56.5	0.999980480407882	0.800143904794757	-6.01944209028544e-05	32.4018829636993	0.999997852844867
34.625	56.5	0.99998344306056	0.800139886206209	-5.74339524153447e-05	32.2018478951698	0.999998178736662
34.875	56.5	0.999985955877878	0.800136042985165	-5.48231264029418e-05	32.0018137489318	0.999998455146567
35.125	56.5	0.999988086878309	0.800132365884091	-5.23534608777176e-05	31.8017804914225	0.999998689556614
35.375	56.5	0.999989893917547	0.800128846168533	-5.00169561333239e-05	31.6017480899486	0.99999888833093
35.625	56.5	0.999991426167491	0.800125475587882	-4.7806069335288e-05	31.4017165127681	0.999999056878424
35.875	56.5	0.999992725390871	0.800122246348087	-4.57136900666364e-05	31.2016857291488	0.999999199792996
36.125	56.5	0.999993827037105	0.800119151085688	-4.37331167815915e-05	31.0016557094078	0.999999320974082
36.375	56.5	0.999994761182324	0.800116182843502	-4.18580342358111e-05	30.8016264249344	0.999999423730056
36.625	56.5	0.999995553334073	0.800113335047478	-4.00824919207228e-05	30.6015978482007	0.999999510866748
36.875	56.5	0.999996225118895	0.800110601485038	-3.84008834546068e-05	30.4015699527605	0.999999584763078
37.125	56.5	0.999996794868858	0.800107976284567	-3.68079269829103e-05	30.2015427132403	0.999999647435574
37.375	56.5	0.999997278121138	0.800105453896127	-3.5298646524269e-05	30.0015161053228	0.999999700593325
37.625	56.5	0.999997688043001	0.800103029073188	-3.38683542992309e-05	29.8014901057258	0.99999974568473
37.875	56.5	0.99999803579291	0.800100696855531	-3.25126339645687e-05	29.6014646921759	0.99999978393722
38.125	56.5	0.99999833082709	0.800098452553056	-3.12273247414081e-05	29.4014398433797	0.99999981639098
38.375	56.5	0.999998581159559	0.8000962917306	-3.0008506437585e-05	29.2014155389929	0.999999843927551
38.625	56.5	0.99999879358257	0.800094210193463	-2.88524852880126e-05	29.001391759587	0.999999867294083
38.875	56.5	0.999998973853404	0.800092203974033	-2.77557805995962e-05	28.8013684866159	0.999999887123874
39.125	56.5	0.999999126852577	0.800090269319002	-2.67151121653544e-05	28.6013457023817	0.999999903953783
39.375	56.5	0.999999256717819	0.800088402677281	-2.57273884017927e-05	28.4013233900003	0.99999991823896
39.625	56.5	0.999999366957527	0.800086600688802	-2.47896951951839e-05	28.2013015333671	0.999999930365328
39.875	56.5	0.999999460546809	0.800084860173865	-2.3899285393976e-05	28.0012801171236	0.999999940660149
40.125	56.5	0.999999540008816	0.800083178122986	-2.30535689267243e-05	27.8012591266241	0.99999994940097
40.375	56.5	0.99999960748361	0.800081551687554	-2.22501035134022e-05	27.601238547904	0.999999956823197
40.625	56.5	0.999999664786488	0.800079978170898	-2.14865859473053e-05	27.4012183676477	0.999999963126514
40.875	56.5	0.999999713457389	0.800078455019796	-2.07608438661856e-05	27.2011985731588	0.999999968480313
41.125	56.5	0.999999754802748	0.800076979816676	-2.00708280662297e-05	27.0011791523308	0.999999973028302
41.375	56.5	0.999999789930973	0.80007555027206	-1.94146052480749e-05	26.8011600936185	0.999999976892407
41.625	56.5	0.999999819782506	0.800074164217522	-1.87903512204832e-05	26.6011413860113	0.999999980176076
41.875	56.5	0.999999845155299	0.800072819599105	-1.81963445001544e-05	26.4011230190069	0.999999982967083
42.125	56.5	0.999999866726435	0.800071514470978	-1.76309603159213e-05	26.2011049825866	0.999999985339908
42.375	56.5	0.999999885070444	0.80007024698962	-1.70926649727616e-05	26.0010872671911	0.999999987357749
42.625	56.5	0.999999900674849	0.800069015408076	-1.65800105469192e-05	25.8010698636983	0.999999989074233
42.875	56.5	0.999999913953357	0.800067818070904	-1.60916299191536e-05	25.601052763401	0.999999990534869
43.125	56.5	0.999999925257028	0.800066653409051	-1.56262320872476e-05	25.4010359579864	0.999999991778273
43.375	56.5	0.999999934883775	0.800065519935204	-1.51825977922401e-05	25.2010194395164	0.999999992837215
43.625	56.5	0.999999943086419	0.800064416239365	-1.47595753683967e-05	25.0010032004088	0.999999993739506
43.875	56.5	0.999999950079512	0.800063340984678	-1.43560768815492e-05	24.8009872334194	0.999999994508746
44.125	56.5	0.999999956045131	0.800062292903468	-1.39710744693429e-05	24.600971531625	0.999999995164965
44.375	56.5	0.99999996113781	0.800061270793486	-1.36035969156256e-05	24.4009560884072	0.999999995725159
44.625	56.5	0.999999965488707	0.800060273514424	-1.32527264371667e-05	24.2009408974371	0.999999996203758
44.875	56.5	0.999999969209143	0.800059299984542	-1.29175956230028e-05	24.0009259526607	0.999999996613006
45.125	56.5	0.999999972393609	0.800058349177591	-1.25973846173058e-05	23.800911248285	0.999999996963297
45.375	56.5	0.999999975122314	0.800057420119712	-1.22913184100314e-05	23.6008967787652	0.999999997263455
45.625	56.5	0.999999977463355	0.800056511886761	-1.19986643215387e-05	23.4008825387914	0.999999997520969
45.875	56.5	0.999999979474545	0.800055623601564	-1.17187296161251e-05	23.200868523278	0.9999999977422
46.125	56.5	0.99999998120497	0.800054754431402	-1.14508592803829e-05	23.0008547273513	0.999999997932547
46.375	56.5	0.999999982696318	0.80005390358571	-1.11944338953747e-05	22.8008411463395	0.999999998096595
46.625	56.5	0.999999983983991	0.800053070313733	-1.09488676728344e-05	22.6008277757628	0.999999998238239
46.875	56.5	0.999999985098062	0.80005225390244	-1.07136065656444e-05	22.400814611323	0.999999998360787
47.125	56.5	0.999999986064082	0.800051453674557	-1.048812652812e-05	22.2008016488953	0.999999998467049
47.375	56.5	0.999999986903756	0.800050668986555	-1.02719318352507e-05	22.0007888845194	0.999999998559413
47.625	56.5	0.999999987635536	0.800049899227001	-1.00645535305623e-05	21.8007763143911	0.999999998639909
47.875	56.5	0.999999988275106	0.800049143814679	-9.86554794355931e-06	21.600763934855	0.999999998710262
48.125	56.5	0.999999988835799	0.800048402197138	-9.67449531324964e-06	21.4007517423969	0.999999998771938
48.375	56.5	0.999999989328957	0.800047673849065	-9.49099845847942e-06	21.2007397336369	0.999999998826185
48.625	56.5	0.99999998976423	0.800046958270863	-9.3146815546901e-06	21.000727905323	0.999999998874065
48.875	56.5	0.999999990149825	0.800046254987351	-9.14518895620746e-06	20.8007162543248	0.999999998916481
49.125	56.5	0.999999990492734	0.800045563546357	-8.98218410297446e-06	20.6007047776274	0.999999998954201
49.375	56.5	0.99999999079891	0.800044883517567	-8.82534848304555e-06	20.4006934723262	0.99999999898788
49.625	56.5	0.999999991073426	0.800044214491381	-8.67438064061032e-06	20.2006823356213	0.999999999018077
49.875	56.5	0.999999991320605	0.800043556077737	-8.52899526169072e-06	20.0006713648125	0.999999999045266
50.125	56.5	0.999999991544137	0.800042907905171	-8.38892228841362e-06	19.8006605572948	0.999999999069855
50.375	56.5	0.999999991747166	0.800042269619769	-8.25390610165564e-06	19.6006499105536	0.999999999092188
50.625	56.5	0.999999991932379	0.800041640884242	-8.12370474019685e-06	19.4006394221608	0.999999999112562
50.875	56.5	0.999999992102074	0.800041021377051	-7.99808915931326e-06	19.2006290897702	0.999999999131228
51.125	56.5	0.999999992258216	0.800040410791603	-7.87684253328689e-06	19.0006189111143	0.999999999148404
51.375	56.5	0.999999992402485	0.800039808835392	-7.75975961098357e-06	18.8006088840003	0.999999999164273
51.625	56.5	0.999999992536318	0.800039215229358	-7.64664607698748e-06	18.6005990063067	0.999999999178995
51.875	56.5	0.999999992660953	0.800038629707049	-7.53731796574357e-06	18.4005892759803	0.999999999192705
52.125	56.5	0.999999992777449	0.800038052014011	-7.43160112435541e-06	18.2005796910328	0.999999999205519
52.375	56.5	0.99999999288672	0.800037481907214	-7.32933066737188e-06	18.0005702495381	0.999999999217539
52.625	56.5	0.999999992989548	0.800036919154345	-7.23035048316699e-06	17.8005609496293	0.99999999922885
52.875	56.5	0.999999993086606	0.800036363533295	-7.13451277212611e-06	17.6005517894964	0.999999999239527
53.125	56.5	0.999999993178476	0.800035814831604	-7.04167760200055e-06	17.4005427673837	0.999999999249632
53.375	56.5	0.999999993265668	0.800035272845937	-6.9517124780134e-06	17.2005338815874	0.999999999259223
53.625	56.5	0.999999993348616	0.800034737381672	-6.86449194795415e-06	17.0005251304533	0.999999999268348
53.875	56.5	0.999999993427697	0.800034208252311	-6.77989724368345e-06	16.800516512375	0.999999999277047
54.125	56.5	0.999999993503239	0.800033685279168	-6.69781589698638e-06	16.6005080257914	0.999999999285356
54.375	56.5	0.999999993575531	0.80003316829089	-6.61814142357712e-06	16.4004996691856	0.999999999293308
54.625	56.5	0.999999993644819	0.800032657123098	-6.5407730005796e-06	16.200491441082	0.99999999930093
54.875	56.5	0.999999993711325	0.800032151617994	-6.46561516048833e-06	16.0004833400459	0.999999999308246
55.125	56.5	0.99999999377524	0.800031651624016	-6.39257750457302e-06	15.8004753646809	0.999999999315276
55.375	56.5	0.999999993836731	0.800031156995535	-6.32157444244847e-06	15.6004675136276	0.99999999932204
55.625	56.5	0.999999993895946	0.800030667592501	-6.25252492631896e-06	15.4004597855625	0.999999999328554
55.875	56.5	0.999999993953015	0.800030183280195	-6.18535221736127e-06	15.2004521791965	0.999999999334832
56.125	56.5	0.999999994008055	0.800029703928867	-6.11998364902303e-06	15.0004446932734	0.999999999340886
56.375	56.5	0.999999994061168	0.800029229413572	-6.05635041611382e-06	14.8004373265687	0.999999999346728
56.625	56.5	0.999999994112446	0.800028759613839	-5.99438736015171e-06	14.6004300778887	0.999999999352369
56.875	56.5	0.999999994161968	0.800028294413462	-5.93403279302696e-06	14.4004229460694	0.999999999357816
57.125	56.5	0.999999994209808	0.800027833700277	-5.87522829268023e-06	14.2004159299751	0.999999999363079
57.375	56.5	0.999999994256031	0.800027377365931	-5.81791853776759e-06	14.0004090284977	0.999999999368163
57.625	56.5	0.999999994300696	0.800026925305717	-5.76205115028037e-06	13.8004022405559	0.999999999373077
57.875	56.5	0.999999994343856	0.800026477418308	-5.70757651931624e-06	13.6003955650938	0.999999999377824
58.125	56.5	0.999999994385557	0.800026033605671	-5.65444767434263e-06	13.4003890010807	0.999999999382411
58.375	56.5	0.999999994425842	0.800025593772813	-5.60262012871291e-06	13.2003825475099	0.999999999386843
58.625	56.5	0.99999999446475	0.800025157827662	-5.55205175861141e-06	13.0003762033982	0.999999999391122
58.875	56.5	0.999999994502317	0.800024725680911	-5.50270266746554e-06	12.8003699677847	0.999999999395255
59.125	56.5	0.999999994538573	0.800024297245833	-5.45453507292254e-06	12.600363839731	0.999999999399243
59.375	56.5	0.999999994573547	0.800023872438203	-5.40751318977238e-06	12.4003578183197	0.99999999940309
59.625	56.5	0.999999994607266	0.800023451176121	-5.36160312411604e-06	12.2003519026542	0.999999999406799
59.875	56.5	0.999999994639757	0.800023033379897	-5.3167727751479e-06	12.0003460918582	0.999999999410373
60.125	56.5	0.999999994671038	0.800022618971953	-5.27299173429716e-06	11.8003403850751	0.999999999413814
60.375	56.5	0.999999994701131	0.800022207876677	-5.23023119406808e-06	11.6003347814671	0.999999999417124
60.625	56.5	0.999999994730053	0.800021800020375	-5.18846386056595e-06	11.4003292802155	0.999999999420306
60.875	56.5	0.999999994757823	0.800021395331097	-5.14766388364321e-06	11.2003238805196	0.99999999942336
61.125	56.5	0.999999994784454	0.80002099373859	-5.10780675532145e-06	11.0003185815963	0.99999999942629
61.375	56.5	0.999999994809963	0.800020595174225	-5.0688692586168e-06	10.8003133826801	0.999999999429096
61.625	56.5	0.999999994834358	0.800020199570847	-5.03082938689722e-06	10.6003082830224	0.999999999431779
61.875	56.5	0.999999994857653	0.800019806862782	-4.99366627347151e-06	10.4003032818912	0.999999999434342
62.125	56.5	0.999999994879858	0.800019416985659	-4.95736013727399e-06	10.2002983785706	0.999999999436784
62.375	56.5	0.999999994900984	0.800019029876448	-4.92189221857906e-06	10.0002935723609	0.999999999439108
62.625	56.5	0.999999994921038	0.800018645473308	-4.88724471940506e-06	9.80028886257779	0.999999999441314
62.875	56.5	0.999999994940031	0.800018263715555	-4.85340074906723e-06	9.60028424855231	0.999999999443403
63.125	56.5	0.999999994957969	0.800017884543619	-4.82034427763883e-06	9.40027972963055	0.999999999445377
63.375	56.5	0.999999994974862	0.800017507898938	-4.78806008058338e-06	9.20027530517337	0.999999999447235
63.625	56.5	0.999999994990717	0.800017133723961	-4.75653369214247e-06	9.00027097455614	0.999999999448979
63.875	56.5	0.999999995005537	0.800016761962042	-4.7257513611594e-06	8.80026673716847	0.999999999450609
64.125	56.5	0.999999995019324	0.800016392557436	-4.69570000516691e-06	8.60026259241404	0.999999999452126
64.375	56.5	0.999999995032076	0.800016025455226	-4.66636717307594e-06	8.40025853971035	0.999999999453528
64.625	56.5	0.99999999504378	0.80001566060128	-4.63774099515906e-06	8.20025457848854	0.999999999454816
64.875	56.5	0.999999995054433	0.800015297942231	-4.60981015839037e-06	8.00025070819316	0.999999999455988
65.125	56.5	0.999999995064035	0.8000149374254	-4.5825638488429e-06	7.80024692828203	0.999999999457044
65.375	56.5	0.999999995072618	0.800014578998789	-4.55599173432525e-06	7.60024323822605	0.999999999457988
65.625	56.5	0.99999999508026	0.800014222611033	-4.53008391416182e-06	7.40023963750903	0.999999999458829
65.875	56.5	0.999999995087083	0.800013868211347	-4.50483088849661e-06	7.20023612562753	0.999999999459579
66.125	56.5	0.999999995093221	0.800013515749522	-4.48022352079435e-06	7.00023270209077	0.999999999460254
66.375	56.5	0.999999995098722	0.800013165175867	-4.45625300503542e-06	6.8002293664204	0.999999999460859
66.625	56.5	0.99999999510339	0.800012816441171	-4.43291082662467e-06	6.60022611815047	0.999999999461373
66.875	56.5	0.999999995106617	0.8000124694967	-4.41018872861697e-06	6.40022295682725	0.999999999461728
67.125	56.5	0.999999995107311	0.800012124294128	-4.38807867372405e-06	6.20021988200917	0.999999999461804
67.375	56.5	0.999999995104137	0.800011780785538	-4.36657280765501e-06	6.00021689326672	0.999999999461455
67.625	56.5	0.999999995096266	0.800011438923368	-4.34566342063665e-06	5.80021399018235	0.999999999460589
67.875	56.5	0.999999995084747	0.800011098660359	-4.32534290468211e-06	5.60021117235035	0.999999999459322
68.125	56.5	0.999999995074201	0.800010759949505	-4.30560371117238e-06	5.40020843937676	0.999999999458162
68.375	56.5	0.999999995073941	0.800010422743947	-4.28643830724512e-06	5.20020579087917	0.999999999458134
68.625	56.5	0.999999995096833	0.800010086996898	-4.26783912760807e-06	5.00020322648662	0.999999999460652
68.875	56.5	0.99999999515381	0.8000097526615	-4.24979852722288e-06	4.80020074583953	0.999999999466919
69.125	56.5	0.999999995242634	0.800009419690824	-4.23230873095166e-06	4.6001983485899	0.99999999947669
69.375	56.5	0.999999995332147	0.800009088037885	-4.21536179147503e-06	4.40019603440171	0.999999999486536
69.625	56.5	0.999999995348398	0.80000875765584	-4.1989495420755e-06	4.20019380295179	0.999999999488324
69.875	56.5	0.999999995175924	0.800008428498251	-4.18306355481796e-06	4.00019165393083	0.999999999469352
70.125	56.5	0.999999994692898	0.800008100519334	-4.16769509761711e-06	3.80018958704394	0.999999999416219
70.375	56.5	0.999999993857043	0.800007773673723	-4.15283508600115e-06	3.60018760201005	0.999999999324275
70.625	56.5	0.999999992841982	0.800007447915417	-4.13847402415288e-06	3.40018569855883	0.999999999212618
70.875	56.5	0.999999992184865	0.800007123195338	-4.12460193686431e-06	3.20018387642456	0.999999999140335
71.125	56.5	0.999999992847423	0.800006799457584	-4.11120831117252e-06	3.00018213533779	0.999999999213217
71.375	56.5	0.999999996033377	0.800006476635242	-4.09828208792494e-06	2.80018047501846	0.999999999563671
71.625	56.5	1.00000000258919	0.800006154648218	-4.08581178959392e-06	2.60017889517761	1.00000000028481
71.875	56.5	1.00000001190886	0.800005833406931	-4.07378588494157e-06	2.40017739553796	1.00000000130997
72.125	56.5	1.00000002053433	0.800005512826221	-4.06219351416468e-06	2.20017597588201	1.00000000225878
72.375	56.5	1.00000002111142	0.80000519285157	-4.05102561729209e-06	2.00017463612721	1.00000000232226
72.625	56.5	1.00000000292577	0.800004873493222	-4.04027638605964e-06	1.80017337640691	1.00000000032183
72.875	56.5	0.999999955606958	0.80000455485247	-4.02994471394535e-06	1.60017219710485	0.999999995116765
73.125	56.5	0.99999987723257	0.800004237110502	-4.02003510137573e-06	1.40017109876005	0.999999986495583
73.375	56.5	0.999999786358013	0.800003920441194	-4.01055740781103e-06	1.20017008175023	0.999999976499381
73.625	56.5	0.999999734021443	0.800003604817084	-4.00152523016486e-06	1.00016914571101	0.999999970742359
73.875	56.5	0.999999806885673	0.800003289718245	-3.99295378384801e-06	0.800168288788155	0.999999978757424
74.125	56.5	1.00000010821126	0.800002973836732	-3.98486012101633e-06	0.600167507064071	1.00000001190324
74.375	56.5	1.00000070308665	0.800002654910803	-3.97727091278553e-06	0.400166794795016	1.00000007733953
74.625	56.5	1.00000152363954	0.800002091910466	-3.97024492824638e-06	0.200166146330454	1.00000016760035
74.875	56.5	1.00000225382178	0.40000269774769	-3.96486795030702e-06	0.000165679733122187	1.0000002479204
0.125	57.5	5.60149298287941e-07	0.400018458291009	0.000355821368342962	58.5885400412868	0.890000061616423
0.375	57.5	-3.26031108284105e-06	0.80005566484846	0.000357217916579051	58.4105318150228	0.889999641365781
0.625	57.5	-1.17947414353241e-05	0.800093128072722	0.000360019042004608	58.232515413891	0.889998702578442
0.875	57.5	-2.57533808158018e-05	0.800130972430937	0.00036423742633298	58.0544908920564	0.88999716712811
1.125	57.5	-4.49544488298604e-05	0.800169394895964	0.000369889308890955	57.8764582644891	0.889995055010629
1.375	57.5	-6.76401200980818e-05	0.800208571072917	0.000376993470114759	57.6984174897366	0.889992559586789
1.625	57.5	-8.98189846468823e-05	0.800248677801636	0.000385569144741307	57.520368427296	0.889990119911689
1.875	57.5	-0.000104693992054037	0.800289891361215	0.000395633312813965	57.3423107813706	0.889988483660874
2.125	57.5	-0.000102256510298785	0.800332385396694	0.000407197493938241	57.1642440338358	0.889988751783867
2.375	57.5	-6.91257283698557e-05	0.800376328951352	0.000420264248479504	56.9861673710143	0.889992396169879
2.625	57.5	1.13060916477545e-05	0.800421884900592	0.00043482365503731	56.8080796104034	0.890001243670081
2.875	57.5	0.000158393522905634	0.800469208982258	0.00045085007342445	56.62997913449	0.89001742328752
3.125	57.5	0.000393433145845385	0.800518449499193	0.000468299507643372	56.4518638389893	0.890043277646043
3.375	57.5	0.000738584752046445	0.800569747647374	0.000487107849741903	56.2737311021701	0.890081244322725
3.625	57.5	0.00121560546747021	0.800623238314305	0.000507190215631628	56.0955777803958	0.890133716601422
3.875	57.5	0.00184450993959181	0.80067905111695	0.000528441485238489	55.9174002327928	0.890202896093355
4.125	57.5	0.00264228239228326	0.800737311413904	0.000550738042658509	55.7391943753036	0.890290651063151
4.375	57.5	0.00362176372436702	0.800798141035805	0.000573940591392414	55.5609557616174	0.89039839400968
4.625	57.5	0.00479081935904677	0.800861658523398	0.000597897807848524	55.3826796859294	0.890526990129495
4.875	57.5	0.00615186360464838	0.800927978734919	0.000622450505693053	55.2043613004566	0.890676704996511
5.125	57.5	0.00770177772305841	0.800997211768944	0.000647435921521835	55.0259957393852	0.890847195549536
5.375	57.5	0.00943221657178707	0.801069461233337	0.000672691704439949	54.847578240557	0.891037543822897
5.625	57.5	0.0113302578960766	0.801144821961145	0.000698059197172614	54.6691042567735	0.891246328368568
5.875	57.5	0.0133793143213555	0.801223377321889	0.000723385631648	54.4905695499962	0.891471724575349
6.125	57.5	0.0155602054179047	0.801305196286969	0.000748524921139911	54.311970263768	0.891711622595969
6.375	57.5	0.0178522792700486	0.80139033038109	0.000773336807115812	54.1333029715772	0.891963750719705
6.625	57.5	0.0202344814697616	0.80147881057567	0.000797684206467411	53.9545647012968	0.892225792961674
6.875	57.5	0.0226862939741334	0.801570644066554	0.000821428698952894	53.7757529378894	0.892495492337155
7.125	57.5	0.0251885041866515	0.80166581072729	0.000844424194994679	53.596865607952	0.892770735460532
7.375	57.5	0.0277238112340889	0.801764258862438	0.000866508929948756	53.4179010501346	0.89304961923575
7.625	57.5	0.0302773254266063	0.801865899719404	0.000887496045799979	53.2388579748671	0.893330505796927
7.875	57.5	0.0328370612617671	0.801970600083532	0.000907163146008699	53.0597354152065	0.893612076738794
8.125	57.5	0.0353945573076914	0.802078172212166	0.000925241345814234	52.8805326681144	0.893893401303846
8.375	57.5	0.0379457725673483	0.802188360388991	0.000941404486516887	52.7012492224293	0.894174034982408
8.625	57.5	0.0404924057355684	0.80230082354287	0.00095525933369563	52.5218846665586	0.894454164630913
8.875	57.5	0.0430437618362582	0.80241511369435	0.0009663377250521	52.3424385659321	0.894734813801988
9.125	57.5	0.0456192548127959	0.802530650493798	0.000974091759220233	52.1629102978408	0.895018118029408
9.375	57.5	0.0482515935015829	0.802646692795086	0.000977893202185138	51.9832988296516	0.895307675285174
9.625	57.5	0.0509906640822924	0.802762309051097	0.00097703831109889	51.8036024254909	0.895608973049052
9.875	57.5	0.0539081081934273	0.802876349280393	0.000970759214458159	51.6238182659953	0.895929891901277
10.125	57.5	0.0571026148446696	0.802987422367548	0.000958242826398866	51.4439419650286	0.896281287632914
10.375	57.5	0.0607060031524496	0.803093883430006	0.000938658004063356	51.2639669655056	0.896677660346769
10.625	57.5	0.0648902678143407	0.803193836756002	0.000911191284505544	51.0838837927573	0.897137929459577
10.875	57.5	0.0698758669572051	0.803285160139401	0.000875091075846609	50.9036791376183	0.897686345365293
11.125	57.5	0.075941598246725	0.803365555875345	0.000829719641930399	50.7233347328537	0.89835357580714
11.375	57.5	0.0834363309766225	0.803432631510999	0.00077461160741597	50.5428259776586	0.899177996407428
11.625	57.5	0.0927924640417112	0.803484008685403	0.000709536971387358	50.3621202608676	0.900207171044588
11.875	57.5	0.104539991069002	0.803517450150413	0.000634565615071739	50.1811749443769	0.90149939901759
12.125	57.5	0.11931810805317	0.803530983816929	0.000550128778341059	49.9999350115981	0.903124991885849
12.375	57.5	0.137878022483587	0.803522993084592	0.000457070627105282	49.8183304876913	0.905166582473195
12.625	57.5	0.161065939548619	0.803492247829635	0.000356679602951053	49.636273930736	0.907717253350348
12.875	57.5	0.189770022417284	0.803437893504266	0.000250685045029903	49.4536585994777	0.910874702465901
13.125	57.5	0.22481248104693	0.803359517896493	0.000141201291114798	49.2703583045669	0.914729372915162
13.375	57.5	0.26677396418525	0.803257550120794	3.06030510439228e-05	49.0862303253889	0.919345136060377
13.625	57.5	0.315760099846527	0.803134270109989	-7.86718089487461e-05	48.9011228436377	0.924733610983118
13.875	57.5	0.371162387971043	0.802995363448351	-0.000184368872685871	48.7148876984597	0.930827862676815
14.125	57.5	0.431513030187301	0.802851161696711	-0.000284654386604557	48.5273976146089	0.937466433320603
14.375	57.5	0.494546426688325	0.802716044723373	-0.000378262637154832	48.3385646908561	0.944400106935716
14.625	57.5	0.557517712053972	0.80260507898057	-0.000464493676012096	48.1483550552868	0.951326948325937
14.875	57.5	0.617700895084754	0.802529046747934	-0.000543068227764454	47.956794770521	0.957947098459323
15.125	57.5	0.672881098417963	0.80249075118966	-0.000613918674538584	47.7639648693175	0.964016920825976
15.375	57.5	0.721658528389533	0.80248478835971	-0.000677017141600239	47.5699874389538	0.969382438122849
15.625	57.5	0.763493574367709	0.802500458364446	-0.00073230035325916	47.3750075388766	0.973984293180448
15.875	57.5	0.798549104702406	0.802525696140784	-0.000779686358231444	47.1791760180007	0.977840401517265
16.125	57.5	0.827444730147554	0.80255008547215	-0.000819138202271321	46.982636514309	0.981018920316231
16.375	57.5	0.851021751169696	0.802566262026046	-0.000850727835778404	46.7855176087276	0.983612392628667
16.625	57.5	0.870169113386548	0.80257000750802	-0.000874673540117046	46.5879294535916	0.98571860247252
16.875	57.5	0.885718593318494	0.802559655529963	-0.000891345354430037	46.389963515532	0.987429045265034
17.125	57.5	0.898395375846759	0.802535309861157	-0.000901245530302043	46.1916940962737	0.988823491343144
17.375	57.5	0.90880465311076	0.802498144646836	-0.000904974867819866	45.9931806319148	0.989968511842184
17.625	57.5	0.917437794214611	0.802449879206953	-0.000903194531012365	45.79447014916	0.990918157363607
17.875	57.5	0.924686939362862	0.802392426192174	-0.0008965899137603	45.5955995539651	0.991715563329915
18.125	57.5	0.930861603094995	0.802327676989223	-0.000885840178831279	45.3965976205723	0.992394776340449
18.375	57.5	0.936204166230629	0.802257383631985	-0.000871594893216479	45.1974866560732	0.992982458285369
18.625	57.5	0.940903097997356	0.802183103403463	-0.00085445778400136	44.9982838659689	0.993499340779709
18.875	57.5	0.945103763451848	0.802106181585744	-0.000834976864561031	44.7990024637481	0.993961413979703
19.125	57.5	0.948917105284424	0.802027755882761	-0.000813639828499114	44.5996525686444	0.994380881581287
19.375	57.5	0.952426610029791	0.8019487720499	-0.000790873515998998	44.4002419301534	0.994766927103277
19.625	57.5	0.955693943382002	0.80187000439279	-0.00076704631373967	44.2007765106882	0.99512633377202
19.875	57.5	0.958763561408443	0.801792077487196	-0.00074247248511972	44.0012609512118	0.995463991754929
20.125	57.5	0.96166652101101	0.80171548715722	-0.000717417599234461	43.8016989395547	0.995783317311211
20.375	57.5	0.964423643889337	0.801640619763748	-0.000692104407635128	43.602093497412	0.996086600827827
20.625	57.5	0.967048138896155	0.80156776943743	-0.00066671869080734	43.4024471994105	0.996375295278577
20.875	57.5	0.969547756449675	0.801497153208519	-0.000641414750715754	43.2027623357992	0.996650253209464
21.125	57.5	0.971926531303733	0.801428924140303	-0.000616320355279131	43.003041028929	0.996911918443411
21.375	57.5	0.974186161769782	0.801363182639688	-0.000591541043443591	42.8032853125312	0.997160477794676
21.625	57.5	0.976327070390942	0.801299986136348	-0.00056716377508723	42.6034971817452	0.997395977743004
21.875	57.5	0.97834919009618	0.801239357316797	-0.00054325996153966	42.4036786208202	0.99761841091058
22.125	57.5	0.980252519097901	0.801181291087021	-0.00051988794295184	42.2038316143983	0.997827777100769
22.375	57.5	0.982037486230165	0.801125760422129	-0.000497094993659898	42.0039581473038	0.998024123485318
22.625	57.5	0.983705165716752	0.801072721246393	-0.00047491893894336	41.8040601968262	0.998207568228843
22.875	57.5	0.985257376594717	0.801022116473926	-0.000453389461832163	41.6041397206278	0.998378311425419
23.125	57.5	0.986696697510479	0.800973879329061	-0.000432529168781369	41.4041986426431	0.998536636726153
23.375	57.5	0.988026422738036	0.800927936051982	-0.000412354471541212	41.2042388386868	0.998682906501184
23.625	57.5	0.989250480405559	0.80088420808607	-0.000392876330905577	41.0042621229478	0.998817552844611
23.875	57.5	0.990373329346751	0.800842613831208	-0.000374100897036045	40.8042702361102	0.998941066228143
24.125	57.5	0.991399846913027	0.800803070037613	-0.000356030072100959	40.6042648355142	0.999053983160433
24.375	57.5	0.992335216598224	0.800765492903792	-0.000338662013268522	40.4042474875208	0.999156873825805
24.625	57.5	0.993184821470854	0.800729798933771	-0.000321991588404847	40.2042196620678	0.999250330361794
24.875	57.5	0.993954147155717	0.800695905599375	-0.000306010792783402	40.004182729293	0.999334956187129
25.125	57.5	0.994648696398273	0.800663731845715	-0.000290709131925536	39.8041379580243	0.99941135660381
25.375	57.5	0.995273916002832	0.800633198471751	-0.000276073973918303	39.6040865159039	0.999480130760312
25.625	57.5	0.995835136074926	0.800604228411148	-0.00026209087341747	39.4040294708966	0.999541864968242
25.875	57.5	0.9963375209377	0.80057674693412	-0.000248743868689246	39.2039677939396	0.999597127303147
26.125	57.5	0.996786030758577	0.800550681787175	-0.000236015752943082	39.0039023625028	0.999646463383443
26.375	57.5	0.997185392753479	0.80052596328322	-0.000223888321054966	38.8038339648498	0.999690393202883
26.625	57.5	0.997540080781048	0.80050252435335	-0.000212342592602811	38.6037633048124	0.999729408885915
26.875	57.5	0.997854302159748	0.800480300567817	-0.00020135901267143	38.4036910069167	0.999763973237572
27.125	57.5	0.998131990606676	0.800459230132981	-0.000190917631362457	38.2036176217212	0.999794518966734
27.375	57.5	0.998376804288183	0.80043925386929	-0.000180998263553665	38.0035436312481	0.9998214484717
27.625	57.5	0.998592128074095	0.800420315174802	-0.000171580630139788	37.8034694544128	0.99984513408815
27.875	57.5	0.998781079190286	0.80040235997657	-0.000162644482151955	37.6033954523691	0.999865918710931
28.125	57.5	0.998946515563982	0.800385336673401	-0.000154169709061974	37.403321933709	0.999884116712038
28.375	57.5	0.999091046247928	0.800369196071541	-0.00014613643262321	37.2032491594661	0.999900015087272
28.625	57.5	0.999217043393746	0.800353891315198	-0.000138525087430222	37.0031773478839	0.999913874773312
28.875	57.5	0.999326655320003	0.80033937781312	-0.000131316489449739	36.8031066789241	0.9999259320852
29.125	57.5	0.999421820287982	0.800325613162425	-0.000124491893532711	36.6030372984942	0.999936400231678
29.375	57.5	0.999504280658008	0.800312557070646	-0.00011803304105734	36.402969322384	0.999945470872381
29.625	57.5	0.999575597152445	0.800300171276753	-0.000111922198511493	36.2029028399078	0.999953315686769
29.875	57.5	0.999637162998796	0.800288419471794	-0.000106142188111671	36.0028379172506	0.999960087929868
30.125	57.5	0.999690217768256	0.800277267219591	-0.000100676411040323	35.8027746005255	0.999965923954508
30.375	57.5	0.999735860762304	0.800266681878082	-9.55088642559208e-05	35.6027129185497	0.999970944683853
30.625	57.5	0.999775063832867	0.8002566325218	-9.06241515089533e-05	35.4026528853505	0.999975257021615
30.875	57.5	0.999808683550437	0.800247089865197	-8.60074892063017e-05	35.2025945024151	0.999978955190548
31.125	57.5	0.999837472659849	0.800238026188135	-8.16447077505315e-05	35.0025377606983	0.999982121992583
31.375	57.5	0.999862090785307	0.800229415262454	-7.75222489515914e-05	34.8024826424049	0.999984829986384
31.625	57.5	0.999883114365049	0.800221232281163	-7.36271599143576e-05	34.6024291225623	0.999987142580155
31.875	57.5	0.999901045811789	0.800213453789155	-6.99470840368956e-05	34.4023771704007	0.999989115039297
32.125	57.5	0.999916321908336	0.800206057616329	-6.64702494722261e-05	34.2023267505565	0.999990795409917
32.375	57.5	0.999929321458327	0.800199022813119	-6.31854554360143e-05	34.002277824116	0.999992225360416
32.625	57.5	0.999940372220577	0.800192329588003	-6.00820568031843e-05	33.8022303495149	0.999993440944263
32.875	57.5	0.999949757161854	0.800185959247754	-5.71499473220216e-05	33.6021842833069	0.999994473287804
33.125	57.5	0.999957720067546	0.800179894139763	-5.43795416713605e-05	33.4021395808179	0.99999534920743
33.375	57.5	0.999964470552771	0.800174117596873	-5.17617567670326e-05	33.2020961966967	0.999996091760805
33.625	57.5	0.99997018851813	0.800168613884642	-4.92879924464856e-05	33.0020540853759	0.999996720736994
33.875	57.5	0.999975028094916	0.800163368150823	-4.69501118291048e-05	32.8020132014528	0.999997253090441
34.125	57.5	0.999979121124236	0.800158366377269	-4.47404215162492e-05	32.6019735000015	0.999997703323666
34.375	57.5	0.99998258021337	0.800153595334001	-4.26516517684371e-05	32.4019349368253	0.999998083823471
34.625	57.5	0.999985501410941	0.80014904253554	-4.06769368778555e-05	32.2018974686571	0.999998405155203
34.875	57.5	0.999987966540455	0.800144696199469	-3.88097958101097e-05	32.0018610533151	0.99999867631945
35.125	57.5	0.999990045229155	0.800140545206938	-3.70441131833507e-05	31.801825649822	0.999998904975207
35.375	57.5	0.999991796666599	0.800136579065322	-3.53741207610673e-05	31.601791218491	0.999999097633326
35.625	57.5	0.999993271124617	0.800132787872732	-3.37943794644354e-05	31.4017577209859	0.999999259823708
35.875	57.5	0.999994511267484	0.800129162284512	-3.22997619462603e-05	31.2017251203583	0.999999396239423
36.125	57.5	0.999995553278466	0.800125693481499	-3.08854358137258e-05	31.0016933810665	0.999999510860631
36.375	57.5	0.999996427826272	0.800122373139921	-2.95468475040257e-05	30.8016624689793	0.99999960706089
36.625	57.5	0.999997160892425	0.800119193403131	-2.8279706809974e-05	30.6016323513671	0.999999687698167
36.875	57.5	0.999997774478198	0.800116146854784	-2.70799721151016e-05	30.4016029968835	0.999999755192602
37.125	57.5	0.999998287207634	0.800113226493527	-2.59438362911966e-05	30.2015743755388	0.99999981159284
37.375	57.5	0.999998714841136	0.800110425709217	-2.48677132903297e-05	30.0015464586676	0.999999858632525
37.625	57.5	0.999999070712313	0.800107738260396	-2.38482253929973e-05	29.8015192188916	0.999999897778354
37.875	57.5	0.999999366099111	0.800105158253115	-2.28821911107264e-05	29.6014926300794	0.999999930270902
38.125	57.5	0.999999610538784	0.800102680120967	-2.19666137489998e-05	29.4014666673034	0.999999957159266
38.375	57.5	0.999999812095027	0.800100298606226	-2.10986705637347e-05	29.2014413067957	0.999999979330453
38.625	57.5	0.999999977584335	0.800098008742202	-2.02757025282312e-05	29.0014165259026	0.999999997534277
38.875	57.5	1.00000011276777	0.800095805836498	-1.94952046637516e-05	28.8013923030394	1.00000001240445
39.125	57.5	1.00000022251327	0.800093685455319	-1.87548169350886e-05	28.6013686176453	1.00000002447646
39.375	57.5	1.00000031093309	0.800091643408705	-1.80523156609433e-05	28.4013454501383	1.00000003420264
39.625	57.5	1.00000038150011	0.800089675736553	-1.7385605420755e-05	28.2013227818715	1.00000004196501
39.875	57.5	1.00000043714618	0.800087778695575	-1.67527114464958e-05	28.0013005950901	1.00000004808608
40.125	57.5	1.00000048034545	0.800085948746881	-1.61517724588523e-05	27.8012788728898	1.000000052838
40.375	57.5	1.00000051318479	0.800084182544479	-1.55810339283301e-05	27.6012575991765	1.00000005645033
40.625	57.5	1.00000053742347	0.800082476924228	-1.50388417471492e-05	27.401236758627	1.00000005911658
40.875	57.5	1.00000055454355	0.800080828893587	-1.45236362890346e-05	27.2012163366517	1.00000006099979
41.125	57.5	1.00000056579269	0.800079235622003	-1.40339467952672e-05	27.0011963193586	1.0000000622372
41.375	57.5	1.00000057222025	0.800077694431658	-1.35683861475013e-05	26.8011766935186	1.00000006294423
41.625	57.5	1.00000057470792	0.800076202788945	-1.31256459113108e-05	26.6011574465322	1.00000006321787
41.875	57.5	1.00000057399566	0.80007475829641	-1.27044917188327e-05	26.4011385663983	1.00000006313952
42.125	57.5	1.00000057070364	0.800073358685064	-1.2303758920033e-05	26.2011200416837	1.0000000627774
42.375	57.5	1.00000056535082	0.800072001807254	-1.19223484707673e-05	26.0011018614945	1.00000006218859
42.625	57.5	1.00000055837072	0.800070685629878	-1.15592231256078e-05	25.8010840154484	1.00000006142078
42.875	57.5	1.0000005501247	0.800069408228019	-1.1213403804534e-05	25.6010664936489	1.00000006051372
43.125	57.5	1.00000054091331	0.800068167778943	-1.08839662355203e-05	25.4010492866605	1.00000005950046
43.375	57.5	1.00000053098578	0.800066962556423	-1.05700377427346e-05	25.2010323854848	1.00000005840844
43.625	57.5	1.00000052054816	0.800065790925453	-1.02707942837996e-05	25.0010157815382	1.0000000572603
43.875	57.5	1.00000050977014	0.80006465133713	-9.98545762330688e-06	24.8009994666309	1.00000005607472
44.125	57.5	1.00000049879082	0.80006354232402	-9.71329271136317e-06	24.6009834329463	1.00000005486699
44.375	57.5	1.00000048772366	0.800062462495547	-9.45360518955782e-06	24.4009676730221	1.0000000536496
44.625	57.5	1.00000047666058	0.800061410533935	-9.2057390649993e-06	24.2009521797321	1.00000005243266
44.875	57.5	1.00000046567544	0.800060385190081	-8.96907452559136e-06	24.0009369462689	1.0000000512243
45.125	57.5	1.00000045482708	0.800059385279866	-8.74302586828033e-06	23.8009219661275	1.00000005003098
45.375	57.5	1.00000044416172	0.800058409680657	-8.52703956946904e-06	23.6009072330898	1.00000004885779
45.625	57.5	1.00000043371513	0.80005745732781	-8.32059245887557e-06	23.4008927412103	1.00000004770866
45.875	57.5	1.00000042351436	0.800056527211674	-8.1231900096917e-06	23.2008784848018	1.00000004658658
46.125	57.5	1.00000041357927	0.800055618374532	-7.93436471293949e-06	23.0008644584221	1.00000004549372
46.375	57.5	1.00000040392379	0.800054729907737	-7.7536745733715e-06	22.800850656862	1.00000004443162
46.625	57.5	1.00000039455695	0.800053860949168	-7.58070166491955e-06	22.6008370751333	1.00000004340126
46.875	57.5	1.00000038548379	0.800053010680633	-7.41505080488756e-06	22.4008237084572	1.00000004240322
47.125	57.5	1.0000003767061	0.800052178325498	-7.25634826165945e-06	22.2008105522545	1.00000004143767
47.375	57.5	1.00000036822305	0.800051363146462	-7.10424057723418e-06	22.0007976021347	1.00000004050454
47.625	57.5	1.00000036003173	0.800050564443447	-6.9583934383467e-06	21.800784853887	1.00000003960349
47.875	57.5	1.00000035212753	0.800049781551582	-6.81849061223736e-06	21.6007723034713	1.00000003873403
48.125	57.5	1.00000034450458	0.800049013839306	-6.6842329519901e-06	21.4007599470095	1.0000000378955
48.375	57.5	1.00000033715599	0.800048260706608	-6.55533745334882e-06	21.2007477807774	1.00000003708716
48.625	57.5	1.00000033007414	0.800047521583265	-6.43153636189359e-06	21.0007358011971	1.00000003630816
48.875	57.5	1.00000032325088	0.800046795927321	-6.31257634987546e-06	20.8007240048301	1.0000000355576
49.125	57.5	1.00000031667768	0.800046083223513	-6.19821770857667e-06	20.6007123883697	1.00000003483455
49.375	57.5	1.0000003103458	0.800045382981908	-6.08823360311112e-06	20.4007009486354	1.00000003413804
49.625	57.5	1.00000030424639	0.800044694736491	-5.9824093927253e-06	20.2006896825659	1.0000000334671
49.875	57.5	1.00000029837057	0.800044018043883	-5.88054193941752e-06	20.000678587214	1.00000003282076
50.125	57.5	1.00000029270953	0.800043352482178	-5.78243899483817e-06	19.8006676597406	1.00000003219805
50.375	57.5	1.00000028725457	0.800042697649779	-5.68791860992355e-06	19.6006568974098	1.000000031598
50.625	57.5	1.00000028199715	0.800042053164267	-5.59680856958935e-06	19.4006462975837	1.00000003101969
50.875	57.5	1.00000027692895	0.800041418661477	-5.50894587423781e-06	19.2006358577179	1.00000003046218
51.125	57.5	1.00000027204185	0.800040793794402	-5.42417622864182e-06	19.000625575357	1.0000000299246
51.375	57.5	1.000000267328	0.80004017823241	-5.34235359257296e-06	18.8006154481304	1.00000002940608
51.625	57.5	1.0000002627798	0.800039571660229	-5.26333970207402e-06	18.6006054737485	1.00000002890578
51.875	57.5	1.00000025838992	0.800038973777273	-5.18700369827439e-06	18.4005956499985	1.00000002842289
52.125	57.5	1.00000025415131	0.800038384296756	-5.11322167962419e-06	18.2005859747415	1.00000002795664
52.375	57.5	1.00000025005718	0.800037802945005	-5.04187635588416e-06	18.0005764459086	1.00000002750629
52.625	57.5	1.00000024610107	0.80003722946073	-4.97285669821703e-06	17.8005670614977	1.00000002707112
52.875	57.5	1.00000024227673	0.80003666359445	-4.90605757741826e-06	17.6005578195708	1.00000002665044
53.125	57.5	1.00000023857822	0.800036105107704	-4.84137947563035e-06	17.4005487182512	1.0000000262436
53.375	57.5	1.00000023499985	0.800035553772657	-4.7787281607451e-06	17.2005397557201	1.00000002584998
53.625	57.5	1.00000023153619	0.800035009371376	-4.71801442619284e-06	17.000530930215	1.00000002546898
53.875	57.5	1.00000022818207	0.800034471695413	-4.65915380942264e-06	16.8005222400264	1.00000002510003
54.125	57.5	1.00000022493255	0.800033940545225	-4.60206633995519e-06	16.6005136834961	1.00000002474258
54.375	57.5	1.00000022178293	0.800033415729753	-4.54667630124435e-06	16.4005052590148	1.00000002439612
54.625	57.5	1.00000021872872	0.800032897065945	-4.49291200068303e-06	16.2004969650198	1.00000002406016
54.875	57.5	1.00000021576568	0.800032384378337	-4.44070555991413e-06	16.0004887999937	1.00000002373423
55.125	57.5	1.00000021288975	0.800031877498644	-4.38999270841246e-06	15.8004807624616	1.00000002341787
55.375	57.5	1.00000021009707	0.800031376265406	-4.34071258934006e-06	15.6004728509904	1.00000002311068
55.625	57.5	1.00000020738398	0.800030880523575	-4.29280758192491e-06	15.4004650641863	1.00000002281224
55.875	57.5	1.000000204747	0.800030390124229	-4.24622312477708e-06	15.2004574006937	1.00000002252217
56.125	57.5	1.00000020218283	0.800029904924198	-4.20090755627604e-06	15.0004498591935	1.00000002224011
56.375	57.5	1.00000019968831	0.80002942478581	-4.1568119561953e-06	14.8004424384017	1.00000002196571
56.625	57.5	1.00000019726048	0.800028949576549	-4.11389000850015e-06	14.6004351370683	1.00000002169865
56.875	57.5	1.00000019489649	0.800028479168812	-4.07209784778959e-06	14.4004279539756	1.00000002143861
57.125	57.5	1.00000019259365	0.800028013439632	-4.0313939420602e-06	14.2004208879377	1.0000000211853
57.375	57.5	1.00000019034942	0.800027552270463	-3.99173896343442e-06	14.0004139377983	1.00000002093844
57.625	57.5	1.00000018816136	0.800027095546886	-3.95309566630148e-06	13.8004071024309	1.00000002069775
57.875	57.5	1.00000018602717	0.800026643158452	-3.91542878693989e-06	13.6004003807367	1.00000002046299
58.125	57.5	1.00000018394468	0.800026194998446	-3.8787049269316e-06	13.4003937716443	1.00000002023391
58.375	57.5	1.0000001819118	0.800025750963678	-3.8428924592395e-06	13.2003872741085	1.0000000200103
58.625	57.5	1.00000017992657	0.800025310954297	-3.8079614297594e-06	13.0003808871095	1.00000001979192
58.875	57.5	1.00000017798712	0.80002487487366	-3.77388347489404e-06	12.8003746096522	1.00000001957858
59.125	57.5	1.00000017609168	0.800024442628077	-3.74063172851593e-06	12.6003684407651	1.00000001937008
59.375	57.5	1.00000017423857	0.800024014126744	-3.70818074626963e-06	12.4003623795	1.00000001916624
59.625	57.5	1.00000017242618	0.800023589281528	-3.67650642462594e-06	12.200356424931	1.00000001896688
59.875	57.5	1.000000170653	0.800023168006856	-3.64558593996693e-06	12.000350576154	1.00000001877183
60.125	57.5	1.00000016891759	0.800022750219561	-3.61539766162475e-06	11.8003448322859	1.00000001858094
60.375	57.5	1.00000016721859	0.800022335838784	-3.58592110294242e-06	11.6003391924643	1.00000001839404
60.625	57.5	1.00000016555469	0.800021924785806	-3.55713685418975e-06	11.4003336558465	1.00000001821102
60.875	57.5	1.00000016392466	0.800021516983988	-3.52902652123942e-06	11.2003282216096	1.00000001803171
61.125	57.5	1.00000016232734	0.800021112358628	-3.50157267561637e-06	11.0003228889492	1.00000001785601
61.375	57.5	1.0000001607616	0.800020710836861	-3.47475879483628e-06	10.8003176570799	1.00000001768378
61.625	57.5	1.0000001592264	0.800020312347563	-3.44856921632138e-06	10.6003125252338	1.0000000175149
61.875	57.5	1.00000015772073	0.800019916821308	-3.42298909119802e-06	10.4003074926608	1.00000001734928
62.125	57.5	1.00000015624363	0.800019524190178	-3.39800433815673e-06	10.2003025586282	1.0000000171868
62.375	57.5	1.0000001547942	0.800019134387779	-3.3736015951498e-06	10.0002977224196	1.00000001702736
62.625	57.5	1.00000015337157	0.800018747349137	-3.34976818494049e-06	9.80029298333557	1.00000001687087
62.875	57.5	1.00000015197493	0.800018363010587	-3.32649207295889e-06	9.6002883406924	1.00000001671724
63.125	57.5	1.0000001506035	0.800017981309746	-3.30376182896976e-06	9.40028379382232	1.00000001656638
63.375	57.5	1.00000014925653	0.800017602185448	-3.28156659276151e-06	9.20027934207295	1.00000001641822
63.625	57.5	1.00000014793333	0.800017225577652	-3.25989603618108e-06	9.00027498480711	1.00000001627267
63.875	57.5	1.00000014663322	0.800016851427404	-3.23874033615898e-06	8.80027072140248	1.00000001612965
64.125	57.5	1.00000014535555	0.800016479676797	-3.21809013398187e-06	8.60026655125137	1.00000001598911
64.375	57.5	1.00000014409971	0.800016110268877	-3.19793651008663e-06	8.40026247376046	1.00000001585097
64.625	57.5	1.00000014286511	0.800015743147655	-3.17827095554999e-06	8.20025848835053	1.00000001571516
64.875	57.5	1.00000014165119	0.800015378258	-3.15908533061761e-06	8.0002545944563	1.00000001558163
65.125	57.5	1.0000001404574	0.800015015545638	-3.14037185321073e-06	7.80025079152615	1.00000001545031
65.375	57.5	1.0000001392833	0.80001465495709	-3.12212305099293e-06	7.60024707902193	1.00000001532116
65.625	57.5	1.00000013812846	0.800014296439657	-3.10433174634624e-06	7.40024345641879	1.00000001519413
65.875	57.5	1.00000013699256	0.800013939941349	-3.08699101685791e-06	7.20023992320494	1.00000001506918
66.125	57.5	1.00000013587529	0.800013585410883	-3.07009417381178e-06	7.00023647888155	1.00000001494628
66.375	57.5	1.00000013477628	0.800013232797638	-3.05363472314421e-06	6.80023312296247	1.00000001482539
66.625	57.5	1.00000013369493	0.800012882051627	-3.03760633740447e-06	6.60022985497419	1.00000001470644
66.875	57.5	1.00000013263024	0.800012533123469	-3.02200282059789e-06	6.40022667445561	1.00000001458933
67.125	57.5	1.00000013158074	0.800012185964368	-3.0068180694942e-06	6.20022358095791	1.00000001447388
67.375	57.5	1.00000013054473	0.800011840526089	-2.99204603713577e-06	6.00022057404446	1.00000001435992
67.625	57.5	1.00000012952104	0.800011496760951	-2.97768068484005e-06	5.80021765329065	1.00000001424731
67.875	57.5	1.00000012851041	0.800011154621753	-2.96371593654538e-06	5.60021481828373	1.00000001413615
68.125	57.5	1.00000012751722	0.800010814061773	-2.9501456224929e-06	5.40021206862265	1.00000001402689
68.375	57.5	1.0000001265506	0.800010475034669	-2.93696341478538e-06	5.20020940391782	1.00000001392057
68.625	57.5	1.00000012562326	0.800010137494409	-2.9241627587437e-06	5.00020682379097	1.00000001381856
68.875	57.5	1.00000012474599	0.800009801395197	-2.91173679131256e-06	4.80020432787496	1.00000001372206
69.125	57.5	1.00000012391627	0.800009466691461	-2.89967824485868e-06	4.60020191581393	1.00000001363079
69.375	57.5	1.00000012310246	0.800009133337918	-2.88797934640895e-06	4.40019958726366	1.00000001354127
69.625	57.5	1.00000012222975	0.800008801289807	-2.87663168688355e-06	4.20019734189229	1.00000001344527
69.875	57.5	1.00000012118148	0.800008470503201	-2.86562608718283e-06	4.00019517938128	1.00000001332996
70.125	57.5	1.00000011983449	0.80000814093523	-2.85495242043148e-06	3.80019309942588	1.00000001318179
70.375	57.5	1.00000011814572	0.800007812543929	-2.84459940417513e-06	3.60019110173438	1.00000001299603
70.625	57.5	1.00000011628947	0.800007485287129	-2.83455434151488e-06	3.40018918602492	1.00000001279184
70.875	57.5	1.00000011480625	0.80000715911999	-2.82480279817678e-06	3.2001873520192	1.00000001262869
71.125	57.5	1.00000011466438	0.800006833991123	-2.81532821839082e-06	3.00018559943398	1.00000001261308
71.375	57.5	1.0000001170765	0.800006509838228	-2.80611148810955e-06	2.80018392797406	1.00000001287841
71.625	57.5	1.0000001228966	0.800006186585618	-2.79713048469671e-06	2.60018233733399	1.00000001351863
71.875	57.5	1.00000013151768	0.800005864147477	-2.78835967235341e-06	2.40018082721883	1.00000001446694
72.125	57.5	1.00000013946255	0.800005542441153	-2.77976982222857e-06	2.20017939739274	1.00000001534088
72.375	57.5	1.00000013933156	0.800005221412501	-2.77132790388109e-06	2.00017804775511	1.00000001532647
72.625	57.5	1.0000001203399	0.8000049010687	-2.76299713069354e-06	1.80017677842276	1.00000001323739
72.875	57.5	1.00000007204282	0.800004581502555	-2.75473701645281e-06	1.60017558976601	1.00000000792471
73.125	57.5	0.999999992490214	0.800004262878248	-2.7465031698921e-06	1.40017448231484	0.999999999173924
73.375	57.5	0.999999900335372	0.800003945339362	-2.73824654090531e-06	1.20017345644329	0.999999989036891
73.625	57.5	0.99999984692447	0.800003628807867	-2.72991213351052e-06	1.00017251178881	0.999999983161692
73.875	57.5	0.999999919473341	0.800003312683311	-2.72143805646644e-06	0.800171646505188	0.999999991142068
74.125	57.5	1.00000022193736	0.800002995535069	-2.71275740660047e-06	0.600170856692586	1.00000002441311
74.375	57.5	1.00000081990318	0.800002674922533	-2.70380781006358e-06	0.400170136646058	1.00000009018935
74.625	57.5	1.00000164518103	0.800002107968005	-2.69455616000474e-06	0.200169480800354	1.00000018096991
74.875	57.5	1.00000237979423	0.400002716769551	-2.68569420658001e-06	0.000169008196378364	1.00000026177737
0.125	58.5	5.29321839688532e-07	0.400020644898422	0.000198475918333964	58.588289492026	0.890000058225402
0.375	58.5	-3.19609946697634e-06	0.800062224755245	0.00019924352707609	58.4102802933999	0.889999648429059
0.625	58.5	-1.15137121432608e-05	0.800104076207472	0.00020078260717823	58.2322619426474	0.889998733491664
0.875	58.5	-2.51138740681654e-05	0.800146334306875	0.000203099257338979	58.0542344861537	0.889997237473853
1.125	58.5	-4.38206087887463e-05	0.800189204093047	0.000206201090499265	57.876197929089	0.889995179733033
1.375	58.5	-6.59261328703277e-05	0.800232868775828	0.000210096672387564	57.6981522188895	0.889992748125384
1.625	58.5	-8.755095383905e-05	0.800277511461517	0.000214794361995592	57.5200972040711	0.889990369395078
1.875	58.5	-0.000102086454825809	0.800323313053534	0.000220300801859379	57.3420325798592	0.889988770489969
2.125	58.5	-9.9797998813895e-05	0.800370449839886	0.000226619129805279	57.1639578233722	0.889989022220131
2.375	58.5	-6.76653265325954e-05	0.800419091140317	0.000233747028761467	56.9858721228151	0.889992556814081
2.625	58.5	1.04810255563722e-05	0.800469397302183	0.000241674769957882	56.8077743066369	0.890001152912811
2.875	58.5	0.000153498994007465	0.800521518246605	0.000250383428842562	56.6296627795667	0.890016884889341
3.125	58.5	0.000382159423024021	0.800575592656119	0.000259843456387923	56.4515354726441	0.890042037536533
3.375	58.5	0.000718104454406371	0.800631747785506	0.000270013769656349	56.2733898137061	0.890078991489985
3.625	58.5	0.00118262360997178	0.800690099775946	0.000280841484229508	56.0952227233152	0.890130088597097
3.875	58.5	0.00179535676389777	0.800750754281875	0.000292262352777925	55.9170306389616	0.890197489244029
4.125	58.5	0.00257304557671538	0.800813807179442	0.000304201905813309	55.7388095678096	0.890283035013439
4.375	58.5	0.00352845261567547	0.8008793451264	0.000316577220156717	55.5605551655726	0.890388129787724
4.625	58.5	0.0046695507222855	0.800947445769849	0.000329299178880287	55.3822628366411	0.890513650579451
4.875	58.5	0.00599905642988464	0.801018177453412	0.000342275039298397	55.2039278486217	0.890659896207287
5.125	58.5	0.00751434402367309	0.80109159834267	0.000355411099931797	55.0255454532209	0.890826577842604
5.375	58.5	0.00920773576523301	0.80116775496827	0.000368615254340563	54.8471110050506	0.891012850934176
5.625	58.5	0.0110671239436966	0.801246680262749	0.000381799237476428	54.6686200704781	0.891217383633807
5.875	58.5	0.0130768468389948	0.801328391242989	0.000394880404649674	54.4900685200074	0.891438453152289
6.125	58.5	0.0152187179583825	0.801412886541301	0.000407782926851512	54.3114525996698	0.891674058975422
6.375	58.5	0.0174730995518928	0.801500144012934	0.00042043833382333	54.1327689792473	0.891922040950708
6.625	58.5	0.0198199193319406	0.801590118629278	0.000432785382540639	53.9540147775019	0.892180191126513
6.875	58.5	0.0222395533486897	0.801682740798663	0.000444769272963279	53.7751875665913	0.892446350868356
7.125	58.5	0.0247135356237198	0.801777915146212	0.000456340275607971	53.5962853591766	0.892718488918609
7.375	58.5	0.0272251017294064	0.801875519641488	0.000467451878563953	53.4173065821258	0.892994761190235
7.625	58.5	0.0297596226272366	0.801975404811299	0.000478058607527551	53.2382500400552	0.893273558488996
7.875	58.5	0.03230502952144	0.802077392645262	0.000488113719984961	53.0591148702481	0.893553553247358
8.125	58.5	0.0348523633148225	0.802181274722677	0.000497567020457145	52.8799004879256	0.893833759964631
8.375	58.5	0.0373965980513437	0.802286809091539	0.000506363079367408	52.7006065177266	0.894113625785648
8.625	58.5	0.0399378837226409	0.802393715536081	0.000514440151924921	52.5212327039836	0.89439316720949
8.875	58.5	0.0424833307774235	0.802501669085205	0.00052173006893529	52.341778789388	0.894673166385517
9.125	58.5	0.0450494214268662	0.802610291946787	0.000528159288262134	52.1622443492821	0.894955436356955
9.375	58.5	0.047665090209301	0.802719144472828	0.000533651128350257	51.9826285673133	0.895243159923023
9.625	58.5	0.0503754803246187	0.802827716236906	0.000538128923581206	51.8029299375186	0.895541302835708
9.875	58.5	0.0532463666462846	0.802935418771062	0.000541519408676606	51.6231458777869	0.895857100331091
10.125	58.5	0.0563692537337911	0.803041581876992	0.00054375502046052	51.4432722394598	0.896200617910717
10.375	58.5	0.0598672154938916	0.803145455569605	0.000544772967394605	51.2633026967902	0.896585393704328
10.625	58.5	0.063901640266444	0.803246219452178	0.000544507859138958	51.0832279971629	0.897029180429309
10.875	58.5	0.0686801614822722	0.803343000392313	0.000542873472933122	50.9030350477747	0.89755481776305
11.125	58.5	0.0744661417836832	0.803434897362091	0.000539728063799791	50.7227058069457	0.898191275596205
11.375	58.5	0.0815900449804992	0.803521008654353	0.000534816965142224	50.542215940055	0.898974904947855
11.625	58.5	0.0904627155353549	0.803600450752923	0.000527686983242799	50.3615331956953	0.899950898708889
11.875	58.5	0.101589737470667	0.803672349679194	0.000517570838847703	50.1806154660633	0.901174871121773
12.125	58.5	0.115584312436517	0.803735776120563	0.000503249037971054	49.9994085325577	0.902714274368017
12.375	58.5	0.133173093728344	0.803789590948559	0.00048291394819423	49.817843587035	0.904649040310118
12.625	58.5	0.155184965158874	0.803832182115367	0.000454088363305218	49.6358347914584	0.907070346167476
12.875	58.5	0.182507499101821	0.803861132005576	0.000413685346789213	49.4532774191193	0.9100758249012
13.125	58.5	0.215992270116156	0.80387298017347	0.00035832275411665	49.2700474999787	0.913759149712777
13.375	58.5	0.256293811189857	0.803863421149927	0.000284991284969201	49.0860042736254	0.918192319230884
13.625	58.5	0.303645676328461	0.803828363572179	0.000192072962971744	48.9009968903977	0.923401024396131
13.875	58.5	0.35761572015566	0.803765996929241	8.04946735299038e-05	48.7148763063669	0.929337729217123
14.125	58.5	0.416931346375348	0.803679179135353	-4.54518156024062e-05	48.5275118571135	0.935862448101288
14.375	58.5	0.479489516855397	0.80357650508909	-0.000178186989392743	48.3388097242477	0.942743846854094
14.625	58.5	0.542621417190633	0.803470522536093	-0.000308104800940929	48.1487284542043	0.94968835589097
14.875	58.5	0.603563227297769	0.803373404845228	-0.000425694887899484	47.9572864243838	0.956391955002755
15.125	58.5	0.659964075295375	0.803292577726062	-0.000523667913047109	47.7645585234868	0.962596048282491
15.375	58.5	0.710238617258833	0.803228943843473	-0.000598217543314103	47.570663293826	0.968126247898472
15.625	58.5	0.753665966806692	0.803178233321615	-0.00064907942316355	47.3757450115905	0.972903256348736
15.875	58.5	0.790267934981287	0.803133921693924	-0.000678666452171566	47.1799559344175	0.976929472847942
16.125	58.5	0.820575030879373	0.803089834665555	-0.000690851889145437	46.9834424121202	0.980263253396731
16.375	58.5	0.845385655047278	0.803041538083346	-0.000689884972830515	46.7863362072692	0.982992422055201
16.625	58.5	0.865578911872735	0.802986604906267	-0.000679668086031462	46.5887505387538	0.985213680306001
16.875	58.5	0.881996543164718	0.802924254236645	-0.000663404643588763	46.3907795130386	0.987019619748119
17.125	58.5	0.895383385480574	0.802854803975022	-0.00064351837847601	46.1924995425979	0.988492172402863
17.375	58.5	0.906367463068554	0.802779180658796	-0.000621727003889569	45.9939716682797	0.989700420937541
17.625	58.5	0.915462534751284	0.802698567931694	-0.000599179449430096	45.7952440959808	0.990700878822641
17.875	58.5	0.92308097793694	0.80261418932315	-0.000576601238815183	45.59635457983	0.991538907573063
18.125	58.5	0.929549796293438	0.802527191344637	-0.000554421093010427	45.3973324976269	0.992250477592278
18.375	58.5	0.93512609300875	0.802438591374029	-0.000532869942153148	45.1982005852699	0.992863870230963
18.625	58.5	0.940010531890587	0.802349263010563	-0.000512053028426369	44.998976354784	0.993401158507965
18.875	58.5	0.944358470517002	0.802259940807181	-0.000491999697220283	44.7996732414509	0.99387943175687
19.125	58.5	0.948288972507903	0.802171233543345	-0.000472696324086226	44.600301527619	0.994311786975869
19.375	58.5	0.951892075291857	0.802083640095847	-0.000454107267644776	44.4008690849867	0.994708128282104
19.625	58.5	0.955234688346029	0.801997564967544	-0.000436187709450916	44.2013819693127	0.995075815718063
19.875	58.5	0.958365429427414	0.801913332243937	-0.000418891198457907	44.0018448942791	0.995420197237016
20.125	58.5	0.961318626484816	0.801831197646585	-0.000402173844683405	43.8022616055104	0.99574504891333
20.375	58.5	0.964117644370992	0.801751358775164	-0.000385996446994472	43.6026351715889	0.996052940880809
20.625	58.5	0.966777645478864	0.801673963791935	-0.000370325374516534	43.4029682059969	0.996345541002675
20.875	58.5	0.969307861337233	0.801599118826237	-0.000355132710152435	43.2032630318739	0.996623864747096
21.125	58.5	0.971713434110224	0.801526894343916	-0.000340395965790028	43.0035217999696	0.996888477752125
21.375	58.5	0.973996878245886	0.80145733067194	-0.000326097557135552	42.8037465689457	0.997139656607048
21.625	58.5	0.976159209138966	0.801390442819266	-0.000312224153265739	42.6039393560834	0.997377513005286
21.875	58.5	0.97820078455262	0.801326224692003	-0.000298765974069018	42.4041021654005	0.997602086300788
22.125	58.5	0.980121903700544	0.801264652775587	-0.000285716083920278	42.2042369991584	0.99781340940706
22.375	58.5	0.981923207264034	0.801205689336995	-0.000273069714677041	42.0043458577416	0.998011552799044
22.625	58.5	0.98360591883558	0.801149285193948	-0.000260823640924759	41.8044307319457	0.998196651071914
22.875	58.5	0.985171964415004	0.801095382091024	-0.000248975622635402	41.6044935908453	0.99836891608565
23.125	58.5	0.986624001946288	0.801043914723528	-0.000237523924105319	41.4045363676419	0.998528640214092
23.375	58.5	0.987965387865577	0.800994812448555	-0.000226466912859107	41.2045609452286	0.998676192665213
23.625	58.5	0.989200102607858	0.800948000720767	-0.00021580273784582	41.0045691426628	0.998812011286864
23.875	58.5	0.990332652290324	0.800903402290066	-0.000205529083003463	40.8045627032994	0.998936591751936
24.125	58.5	0.991367959559402	0.800860938195517	-0.000195642989646255	40.6045432849961	0.999050475551534
24.375	58.5	0.99231125296811	0.800820528586056	-0.000186140739700553	40.4045124525558	0.999154237826492
24.625	58.5	0.993167961275717	0.800782093395649	-0.000177017791100508	40.20447167239	0.999248475740329
24.875	58.5	0.99394361671004	0.800745552897073	-0.000168268756263607	40.0044223092719	0.999333797838104
25.125	58.5	0.994643769444072	0.800710828154317	-0.000159887415081031	39.8043656249771	0.999410814638848
25.375	58.5	0.995273914233456	0.800677841390907	-0.000151866754558553	39.6043027785678	0.99948013056568
25.625	58.5	0.995839429252166	0.80064651628801	-0.000144199027946855	39.4042348280711	0.999542337217738
25.875	58.5	0.996345526567534	0.800616778224247	-0.000136875827338166	39.2041627332985	0.999598007922429
26.125	58.5	0.9967972133359	0.800588554466441	-0.000129888164680729	39.0040873595759	0.999647693466949
26.375	58.5	0.997199262612975	0.800561774319179	-0.000123226556991913	38.8040094821676	0.999691918887427
26.625	58.5	0.997556192605465	0.800536369239291	-0.000116881112665405	38.6039297912079	0.999731181186601
26.875	58.5	0.997872253202756	0.800512272920648	-0.000110841616157947	38.4038488969741	0.999765947852303
27.125	58.5	0.998151418688103	0.800489421353458	-0.000105097609509636	38.2037673353609	0.999796656055691
27.375	58.5	0.998397385616883	0.800467752861739	-9.96384690978068e-05	38.0036855734377	0.999823712417857
27.625	58.5	0.998613574949397	0.800447208121925	-9.44534770188025e-05	37.8036040149917	0.999847493244434
27.875	58.5	0.998803137627987	0.800427730165213	-8.95318864214093e-05	37.6035230059765	0.999868345139079
28.125	58.5	0.998968962887375	0.800409264366144	-8.4862980660916e-05	37.4034428398033	0.999886585917611
28.375	58.5	0.999113688679068	0.800391758419251	-8.0436126167149e-05	37.203363762425	0.999902505754698
28.625	58.5	0.999239713675015	0.800375162305433	-7.62408191689056e-05	37.0032859771764	0.999916368504252
28.875	58.5	0.999349210391261	0.800359428249947	-7.22667264546477e-05	36.8032096493428	0.999928413143039
29.125	58.5	0.999444139040199	0.800344510673125	-6.85037205352224e-05	36.6031349104408	0.999938855294422
29.375	58.5	0.999526261780179	0.800330366135421	-6.49419094642438e-05	36.4030618621993	0.99994788879582
29.625	58.5	0.999597157084902	0.800316953277174	-6.15716617062813e-05	36.2029905802378	0.999955687279339
29.875	58.5	0.999658234002632	0.8003042327553	-5.83836264276023e-05	36.0029211174435	0.999962405740289
30.125	58.5	0.999710746117596	0.800292167176647	-5.53687495864969e-05	35.8028535070515	0.999968182072936
30.375	58.5	0.999755805063449	0.800280721029233	-5.25182862329762e-05	35.6027877654396	0.999973138556979
30.625	58.5	0.999794393471983	0.80026986061259	-4.98238093198737e-05	35.4027238946466	0.999977383281918
30.875	58.5	0.999827377269359	0.800259553966743	-4.72772154225494e-05	35.2026618846311	0.999981011499629
31.125	58.5	0.999855517257857	0.800249770801347	-4.48707277021792e-05	35.0026017152832	0.999984106898364
31.375	58.5	0.999879479943262	0.8002404824251	-4.2596896379918e-05	34.8025433582079	0.999986742793759
31.625	58.5	0.999899847587015	0.800231661675497	-4.04485971470653e-05	34.6024867782958	0.999988983234572
31.875	58.5	0.999917127478427	0.800223282849882	-3.84190276494236e-05	34.4024319350975	0.999990884022627
32.125	58.5	0.999931760435554	0.800215321637625	-3.65017023947582e-05	34.202378784021	0.999992493647911
32.375	58.5	0.999944128554265	0.800207755053948	-3.46904463288871e-05	34.0023272773656	0.999993854140969
32.625	58.5	0.999954562233667	0.800200561375347	-3.29793872751644e-05	33.8022773652104	0.999995001845703
32.875	58.5	0.999963346512574	0.800193720076899	-3.13629474202554e-05	33.6022289961715	0.999995968116383
33.125	58.5	0.999970726756534	0.800187211771851	-2.98358341652429e-05	33.4021821180428	0.999996779943219
33.375	58.5	0.999976913738066	0.800181018152812	-2.83930302827233e-05	33.2021366783328	0.999997460511187
33.625	58.5	0.999982088154607	0.800175121935747	-2.70297837902358e-05	33.002092624711	0.999998029697007
33.875	58.5	0.999986404629252	0.800169506805504	-2.57415974577654e-05	32.802049905374	0.999998504509218
34.125	58.5	0.99998999523914	0.800164157364228	-2.4524218198183e-05	32.6020084693427	0.999998899476305
34.375	58.5	0.999992972615241	0.80015905908151	-2.33736264019517e-05	32.4019682666992	0.999999226987677
34.625	58.5	0.999995432655552	0.800154198246974	-2.22860252953826e-05	32.2019292487719	0.999999497592111
34.875	58.5	0.999997456891699	0.80014956192517	-2.12578304134436e-05	32.001891368277	0.999999720258087
35.125	58.5	0.999999114546381	0.800145137912375	-2.0285659240067e-05	31.8018545794222	0.999999902600102
35.375	58.5	1.00000046431648	0.800140914695658	-1.93663211025706e-05	31.6018188379789	1.00000005107481
35.625	58.5	1.00000155591395	0.800136881414018	-1.84968072845323e-05	31.4017841013277	1.00000017115053
35.875	58.5	1.00000243139367	0.800133027821403	-1.76742814921398e-05	31.2017503284825	1.0000002674533
36.125	58.5	1.00000312629489	0.800129344251825	-1.68960706145097e-05	31.0017174800961	1.00000034389244
36.375	58.5	1.00000367062006	0.800125821586142	-1.61596558589303e-05	30.8016855184513	1.00000040376821
36.625	58.5	1.0000040896725	0.800122451220815	-1.54626642167429e-05	30.6016544074398	1.00000044986397
36.875	58.5	1.00000440477163	0.800119225038192	-1.48028603136676e-05	30.4016241125326	1.00000048452488
37.125	58.5	1.00000463386288	0.800116135378674	-1.41781386350883e-05	30.2015946007422	1.00000050972492
37.375	58.5	1.00000479203664	0.800113175014135	-1.3586516100448e-05	30.0015658405794	1.00000052712403
37.625	58.5	1.00000489196938	0.800110337123131	-1.30261250293765e-05	29.8015378020067	1.00000053811663
37.875	58.5	1.00000494429809	0.800107615267367	-1.24952064434179e-05	29.6015104563878	1.00000054387279
38.125	58.5	1.00000495793773	0.800105003369525	-1.1992103723536e-05	29.4014837764361	1.00000054537315
38.375	58.5	1.00000494035013	0.800102495692419	-1.15152566271505e-05	29.2014577361618	1.00000054343851
38.625	58.5	1.00000489777165	0.800100086819293	-1.10631955911318e-05	29.0014323108184	1.00000053875488
38.875	58.5	1.00000483540565	0.800097771635368	-1.0634536410541e-05	28.8014074768499	1.00000053189462
39.125	58.5	1.00000475758528	0.800095545310343	-1.02279751502444e-05	28.6013832118385	1.00000052333438
39.375	58.5	1.00000466791099	0.800093403282067	-9.84228341716893e-06	28.4013594944526	1.00000051347021
39.625	58.5	1.00000456936668	0.800091341240964	-9.47630384866969e-06	28.2013363043968	1.00000050263034
39.875	58.5	1.00000446441781	0.800089355115654	-9.12894590176871e-06	28.0013136223632	1.00000049108596
40.125	58.5	1.00000435509416	0.800087441059161	-8.79918188744584e-06	27.8012914299835	1.00000047906036
40.375	58.5	1.00000424305978	0.800085595436086	-8.48604321594169e-06	27.601269709784	1.00000046673658
40.625	58.5	1.00000412967191	0.800083814810477	-8.188616898478e-06	27.4012484451409	1.00000045426391
40.875	58.5	1.00000401603078	0.800082095934475	-7.90604223373648e-06	27.2012276202387	1.00000044176339
41.125	58.5	1.00000390302151	0.800080435737526	-7.63750772601468e-06	27.0012072200291	1.00000042933237
41.375	58.5	1.00000379134959	0.800078831316315	-7.38224814179291e-06	26.801187230193	1.00000041704845
41.625	58.5	1.00000368157062	0.800077279925313	-7.13954180377687e-06	26.6011676371027	1.00000040497277
41.875	58.5	1.00000357411552	0.800075778967758	-6.90870799055667e-06	26.4011484277873	1.00000039315271
42.125	58.5	1.00000346931165	0.800074325987321	-6.68910454104426e-06	26.2011295898987	1.00000038162428
42.375	58.5	1.00000336740067	0.800072918660069	-6.48012558432187e-06	26.0011111116797	1.00000037041407
42.625	58.5	1.00000326855351	0.800071554787184	-6.281199403707e-06	25.8010929819335	1.00000035954089
42.875	58.5	1.000003172883	0.80007023228774	-6.09178644747626e-06	25.6010751899947	1.00000034901713
43.125	58.5	1.0000030804544	0.800068949192271	-5.91137743880882e-06	25.4010577257022	1.00000033884998
43.375	58.5	1.00000299129435	0.800067703636371	-5.73949161685785e-06	25.2010405793723	1.00000032904238
43.625	58.5	1.00000290539822	0.800066493854983	-5.5756750931625e-06	25.0010237417749	1.0000003195938
43.875	58.5	1.00000282273642	0.800065318176753	-5.41949926894196e-06	24.8010072041093	1.00000031050101
44.125	58.5	1.00000274325953	0.800064175018889	-5.27055939651403e-06	24.6009909579822	1.00000030175855
44.375	58.5	1.00000266690264	0.800063062882199	-5.12847319879227e-06	24.4009749953863	1.00000029335929
44.625	58.5	1.00000259358898	0.800061980346526	-4.9928795688013e-06	24.200959308681	1.00000028529479
44.875	58.5	1.00000252323284	0.800060926066324	-4.8634373657048e-06	24.0009438905725	1.00000027755561
45.125	58.5	1.0000024557421	0.800059898766563	-4.73982426898254e-06	23.8009287340964	1.00000027013163
45.375	58.5	1.00000239102022	0.800058897238842	-4.62173571579263e-06	23.6009138326008	1.00000026301222
45.625	58.5	1.00000232896791	0.800057920337766	-4.50888387536502e-06	23.4008991797297	1.00000025618647
45.875	58.5	1.0000022694845	0.800056966977472	-4.40099671208942e-06	23.2008847694082	1.0000002496433
46.125	58.5	1.00000221246902	0.800056036128309	-4.29781709245672e-06	23.0008705958277	1.00000024337159
46.375	58.5	1.00000215782108	0.800055126813852	-4.19910193969123e-06	22.8008566534324	1.00000023736032
46.625	58.5	1.00000210544159	0.800054238107999	-4.10462144664291e-06	22.6008429369065	1.00000023159857
46.875	58.5	1.00000205523331	0.800053369132124	-4.01415832954945e-06	22.4008294411616	1.00000022607566
47.125	58.5	1.00000200710125	0.800052519052625	-3.92750712583328e-06	22.2008161613255	1.00000022078114
47.375	58.5	1.00000196095304	0.800051687078395	-3.84447354757845e-06	22.0008030927308	1.00000021570483
47.625	58.5	1.00000191669913	0.800050872458568	-3.76487383460057e-06	21.8007902309048	1.0000002108369
47.875	58.5	1.00000187425297	0.800050074480282	-3.6885341934179e-06	21.6007775715595	1.00000020616783
48.125	58.5	1.00000183353114	0.800049292466667	-3.61529023200425e-06	21.4007651105825	1.00000020168843
48.375	58.5	1.00000179445337	0.800048525774903	-3.5449864489871e-06	21.2007528440279	1.00000019738987
48.625	58.5	1.0000017569426	0.800047773794373	-3.47747572890394e-06	21.0007407681082	1.00000019326369
48.875	58.5	1.00000172092495	0.800047035944887	-3.4126188943019e-06	20.8007288791863	1.00000018930174
49.125	58.5	1.0000016863297	0.800046311675116	-3.35028426305206e-06	20.6007171737679	1.00000018549627
49.375	58.5	1.00000165308926	0.800045600460994	-3.29034724338655e-06	20.4007056484947	1.00000018183982
49.625	58.5	1.00000162113905	0.800044901804272	-3.23268993303675e-06	20.2006943001375	1.0000001783253
49.875	58.5	1.00000159041746	0.800044215231085	-3.17720076972346e-06	20.00068312559	1.00000017494592
50.125	58.5	1.00000156086577	0.800043540290725	-3.12377417226735e-06	19.8006721218625	1.00000017169524
50.375	58.5	1.00000153242803	0.800042876554338	-3.072310226299e-06	19.6006612860766	1.00000016856708
50.625	58.5	1.00000150505097	0.800042223613772	-3.0227143633064e-06	19.4006506154597	1.00000016555561
50.875	58.5	1.00000147868391	0.800041581080455	-2.97489708739958e-06	19.2006401073396	1.00000016265523
51.125	58.5	1.00000145327864	0.800040948584402	-2.92877368215684e-06	19.0006297591403	1.00000015986065
51.375	58.5	1.00000142878937	0.800040325773118	-2.88426395946318e-06	18.8006195683769	1.00000015716683
51.625	58.5	1.00000140517254	0.800039712310813	-2.84129203323983e-06	18.6006095326514	1.00000015456898
51.875	58.5	1.0000013823868	0.800039107877326	-2.79978604429493e-06	18.4005996496487	1.00000015206255
52.125	58.5	1.00000136039289	0.800038512167463	-2.75967798767343e-06	18.2005899171329	1.00000014964322
52.375	58.5	1.0000013391535	0.800037924890083	-2.72090348318812e-06	18.0005803329431	1.00000014730689
52.625	58.5	1.00000131863327	0.800037345767401	-2.68340157842669e-06	17.8005708949906	1.00000014504966
52.875	58.5	1.0000012987986	0.800036774534282	-2.64711457792844e-06	17.600561601255	1.00000014286785
53.125	58.5	1.00000127961764	0.800036210937527	-2.61198785191895e-06	17.4005524497816	1.00000014075794
53.375	58.5	1.00000126106017	0.800035654735274	-2.57796968892254e-06	17.2005434386781	1.00000013871662
53.625	58.5	1.0000012430975	0.800035105696357	-2.54501112815178e-06	17.0005345661119	1.00000013674073
53.875	58.5	1.00000122570246	0.800034563599818	-2.51306581032838e-06	16.8005258303077	1.00000013482727
54.125	58.5	1.00000120884926	0.80003402823423	-2.48208984950611e-06	16.6005172295444	1.00000013297342
54.375	58.5	1.00000119251345	0.80003349939732	-2.45204169522763e-06	16.4005087621537	1.00000013117648
54.625	58.5	1.00000117667186	0.800032976895408	-2.42288200097282e-06	16.2005004265167	1.0000001294339
54.875	58.5	1.00000116130251	0.800032460542995	-2.39457351820079e-06	16.0004922210628	1.00000012774328
55.125	58.5	1.00000114638457	0.800031950162247	-2.36708097619624e-06	15.8004841442671	1.0000001261023
55.375	58.5	1.00000113189828	0.80003144558271	-2.34037098185401e-06	15.6004761946485	1.00000012450881
55.625	58.5	1.00000111782493	0.800030946640806	-2.31441191323892e-06	15.4004683707684	1.00000012296074
55.875	58.5	1.00000110414677	0.800030453179544	-2.28917383269976e-06	15.2004606712283	1.00000012145614
56.125	58.5	1.00000109084696	0.800029965048116	-2.26462838958087e-06	15.0004530946688	1.00000011999317
56.375	58.5	1.00000107790958	0.800029482101607	-2.24074874132437e-06	14.8004456397676	1.00000011857005
56.625	58.5	1.0000010653195	0.800029004200653	-2.21750947000067e-06	14.6004383052384	1.00000011718515
56.875	58.5	1.0000010530624	0.800028531211179	-2.19488650532122e-06	14.4004310898294	1.00000011583686
57.125	58.5	1.0000010411247	0.800028063004089	-2.17285705903909e-06	14.2004239923218	1.00000011452372
57.375	58.5	1.00000102949352	0.800027599455003	-2.1513995500459e-06	14.000417011529	1.00000011324429
57.625	58.5	1.00000101815666	0.800027140444048	-2.13049354006226e-06	13.8004101462949	1.00000011199723
57.875	58.5	1.00000100710255	0.800026685855544	-2.1101196776408e-06	13.6004033954934	1.00000011078128
58.125	58.5	1.00000099632023	0.800026235577859	-2.09025963490783e-06	13.4003967580269	1.00000010959523
58.375	58.5	1.00000098579931	0.800025789503134	-2.07089605864797e-06	13.2003902328254	1.00000010843792
58.625	58.5	1.00000097552992	0.80002534752714	-2.0520125101444e-06	13.0003838188457	1.00000010730829
58.875	58.5	1.00000096550272	0.80002490954903	-2.03359342396803e-06	12.8003775150704	1.0000001062053
59.125	58.5	1.00000095570886	0.800024475471192	-2.01562405821734e-06	12.6003713205072	1.00000010512797
59.375	58.5	1.00000094613993	0.800024045199071	-1.99809044458818e-06	12.4003652341879	1.00000010407539
59.625	58.5	1.00000093678796	0.800023618641005	-1.98097936332113e-06	12.2003592551676	1.00000010304668
59.875	58.5	1.00000092764541	0.800023195708086	-1.96427827804058e-06	12.0003533825245	1.000000102041
60.125	58.5	1.00000091870511	0.800022776313994	-1.94797532288018e-06	11.8003476153584	1.00000010105756
60.375	58.5	1.00000090996026	0.800022360374863	-1.93205925201263e-06	11.6003419527911	1.00000010009563
60.625	58.5	1.00000090140442	0.800021947809171	-1.91651941093274e-06	11.4003363939645	1.00000009915449
60.875	58.5	1.00000089303147	0.800021538537609	-1.90134570161821e-06	11.2003309380414	1.00000009823346
61.125	58.5	1.00000088483561	0.800021132482945	-1.88652855525078e-06	11.0003255842039	1.00000009733192
61.375	58.5	1.00000087681134	0.800020729569939	-1.87205889988434e-06	10.8003203316533	1.00000009644925
61.625	58.5	1.00000086895342	0.800020329725233	-1.85792813807588e-06	10.6003151796097	1.00000009558488
61.875	58.5	1.00000086125691	0.800019932877265	-1.84412811253388e-06	10.4003101273114	1.00000009473826
62.125	58.5	1.00000085371709	0.800019538956132	-1.83065108668579e-06	10.2003051740145	1.00000009390888
62.375	58.5	1.0000008463295	0.800019147893565	-1.81748972290502e-06	10.0003003189923	1.00000009309625
62.625	58.5	1.00000083908989	0.800018759622799	-1.80463705045434e-06	9.80029556153534	1.00000009229989
62.875	58.5	1.00000083199422	0.800018374078531	-1.7920864554173e-06	9.60029090095051	1.00000009151936
63.125	58.5	1.00000082503867	0.800017991196802	-1.77983165177187e-06	9.40028633656108	1.00000009075425
63.375	58.5	1.00000081821961	0.800017610914985	-1.76786666281488e-06	9.20028186770615	1.00000009000416
63.625	58.5	1.00000081153356	0.800017233171674	-1.75618580579603e-06	9.00027749374045	1.00000008926869
63.875	58.5	1.00000080497725	0.800016857906647	-1.74478366603239e-06	8.80027321403394	1.0000000885475
64.125	58.5	1.00000079854754	0.800016485060805	-1.73365508429768e-06	8.60026902797159	1.00000008784023
64.375	58.5	1.00000079224145	0.800016114576106	-1.722795138097e-06	8.40026493495306	1.00000008714656
64.625	58.5	1.00000078605612	0.80001574639555	-1.71219912092432e-06	8.20026093439244	1.00000008646617
64.875	58.5	1.00000077998886	0.800015380463083	-1.70186253100875e-06	8.00025702571805	1.00000008579877
65.125	58.5	1.00000077403709	0.800015016723613	-1.69178104877452e-06	7.80025320837211	1.00000008514408
65.375	58.5	1.00000076819839	0.800014655122909	-1.68195051955836e-06	7.60024948181058	1.00000008450182
65.625	58.5	1.00000076247051	0.800014295607623	-1.67236693848106e-06	7.40024584550292	1.00000008387176
65.875	58.5	1.00000075685135	0.800013938125219	-1.66302643250137e-06	7.20024229893187	1.00000008325365
66.125	58.5	1.0000007513389	0.800013582623955	-1.65392523636278e-06	7.00023884159321	1.00000008264728
66.375	58.5	1.00000074593118	0.800013229052868	-1.64505967818848e-06	6.80023547299566	1.00000008205243
66.625	58.5	1.00000074062603	0.800012877361738	-1.63642615377724e-06	6.60023219266058	1.00000008146886
66.875	58.5	1.00000073542097	0.800012527501092	-1.62802110332071e-06	6.40022900012187	1.00000008089631
67.125	58.5	1.00000073031308	0.800012179422174	-1.61984098759779e-06	6.20022589492574	1.00000008033444
67.375	58.5	1.00000072529929	0.80001183307696	-1.61188225449425e-06	6.00022287663059	1.00000007978292
67.625	58.5	1.00000072037711	0.800011488418142	-1.6041413069183e-06	5.80021994480678	1.00000007924148
67.875	58.5	1.00000071554601	0.800011145399139	-1.59661446283935e-06	5.60021709903647	1.00000007871006
68.125	58.5	1.00000071080917	0.800010803974067	-1.58929791116262e-06	5.40021433891335	1.00000007818901
68.375	58.5	1.00000070617458	0.800010464097732	-1.58218765295398e-06	5.20021166404234	1.0000000776792
68.625	58.5	1.00000070165389	0.800010125725583	-1.57527943726434e-06	5.0002090740394	1.00000007718193
68.875	58.5	1.00000069725682	0.800009788813737	-1.56856868332917e-06	4.80020656853121	1.00000007669825
69.125	58.5	1.00000069297977	0.800009453319018	-1.56205038203318e-06	4.60020414715522	1.00000007622777
69.375	58.5	1.0000006887898	0.800009119199156	-1.55571898162716e-06	4.40020180955989	1.00000007576688
69.625	58.5	1.00000068461058	0.800008786413138	-1.54956824462139e-06	4.20019955540522	1.00000007530716
69.875	58.5	1.00000068032359	0.800008454921691	-1.54359106509985e-06	4.00019738436354	1.00000007483559
70.125	58.5	1.0000006758036	0.80000812468772	-1.53777924775007e-06	3.80019529611971	1.0000000743384
70.375	58.5	1.00000067100559	0.800007795676392	-1.53212321121446e-06	3.6001932903701	1.00000007381062
70.625	58.5	1.00000066610275	0.800007467854345	-1.5266116092592e-06	3.40019136681899	1.0000000732713
70.875	58.5	1.00000066163612	0.800007141187599	-1.52123083112982e-06	3.20018952517178	1.00000007277997
71.125	58.5	1.00000065857702	0.800006815638117	-1.51596434323314e-06	3.00018776512594	1.00000007244347
71.375	58.5	1.00000065814354	0.800006491160001	-1.51079183957257e-06	2.80018608636315	1.00000007239579
71.625	58.5	1.00000066119571	0.800006167697643	-1.50568815020591e-06	2.60018448855023	1.00000007273153
71.875	58.5	1.0000006671289	0.800005845189776	-1.50062186993137e-06	2.40018297135884	1.00000007338418
72.125	58.5	1.00000067245753	0.80000552358365	-1.49555363330618e-06	2.20018153451301	1.00000007397033
72.375	58.5	1.00000066975484	0.800005202861367	-1.49043393419969e-06	2.00018017786413	1.00000007367303
72.625	58.5	1.00000064818539	0.800004883073662	-1.48520028719137e-06	1.80017890147199	1.00000007130039
72.875	58.5	1.00000059723586	0.800004564364802	-1.47977336104104e-06	1.60017770563937	1.00000006569594
73.125	58.5	1.00000051489359	0.800004246958144	-1.4740514863278e-06	1.40017659081648	1.00000005663829
73.375	58.5	1.00000041980265	0.800003931062113	-1.46790261325874e-06	1.200175557283	1.00000004617829
73.625	58.5	1.00000036341819	0.800003616663835	-1.46115247925219e-06	1.0001746045646	1.000000039976
73.875	58.5	1.00000043323988	0.800003303217306	-1.45356749180241e-06	0.800173730683326	1.00000004765639
74.125	58.5	1.00000073367909	0.800002989315271	-1.44483073849509e-06	0.600172931587861	1.0000000807047
74.375	58.5	1.00000133081601	0.800002672473734	-1.43450969350826e-06	0.400172201409782	1.00000014638976
74.625	58.5	1.00000215665799	0.800002108657269	-1.42201455713926e-06	0.200171534432329	1.00000023723238
74.875	58.5	1.00000289258991	0.400002725468046	-1.40688661299841e-06	0.000171050103971448	1.00000031818489
0.125	59.5	5.16480601741221e-07	0.400021530517983	5.77179253698614e-05	58.5881867541057	0.890000056812866
0.375	59.5	-3.16319923100156e-06	0.800064880809863	5.79391978869003e-05	58.4101771616613	0.889999652048085
0.625	59.5	-1.13767278144769e-05	0.80010850747207	5.83828378641573e-05	58.2321580213354	0.88999874855994
0.875	59.5	-2.48046260863285e-05	0.800152549281298	5.9050557432065e-05	58.054129376477	0.88999727149113
1.125	59.5	-4.32727976396361e-05	0.800197214068132	5.99444609422105e-05	57.8760912285125	0.88999523999226
1.375	59.5	-6.50959022401614e-05	0.800242687974794	6.10668953835947e-05	57.6980435206835	0.889992839450754
1.625	59.5	-8.64459748198846e-05	0.800289156866338	6.24201157737558e-05	57.5199860974454	0.88999049094277
1.875	59.5	-0.000100802285983551	0.800336804195681	6.40058451590838e-05	57.3419186508675	0.889988911748542
2.125	59.5	-9.85592960071603e-05	0.800385808535048	6.58247505495468e-05	57.1638406567368	0.889989158477439
2.375	59.5	-6.68683414261045e-05	0.8004363411339	6.78758695084819e-05	56.9857513047592	0.889992644482443
2.625	59.5	1.02290651117588e-05	0.800488563785594	7.01560338506509e-05	56.807649428732	0.890001125197162
2.875	59.5	0.000151348401744731	0.800542627200072	7.26593443912648e-05	56.6295334435076	0.890016648324192
3.125	59.5	0.000376999043303731	0.800598669981458	7.53767520532785e-05	56.4514012957669	0.890041469894763
3.375	59.5	0.000708558890675935	0.80065681820321	7.82957952592192e-05	56.2732504349788	0.890077941477974
3.625	59.5	0.00116706913001104	0.800717185482725	8.140053191357e-05	56.0950778094615	0.890128377604301
3.875	59.5	0.00177195661088189	0.800779873390452	8.46716873870793e-05	55.9168798903437	0.890194915227197
4.125	59.5	0.00253980352647979	0.800844971997039	8.80870201339906e-05	55.7386527236877	0.890279378387913
4.375	59.5	0.00348328176404288	0.800912560363216	9.16218867362837e-05	55.5603920083955	0.890383160994045
4.625	59.5	0.00461035285482845	0.800982706812277	9.52499701226391e-05	55.3820931950775	0.890507138814031
4.875	59.5	0.00592380606355857	0.801055468878817	9.89441217032422e-05	55.2037515991305	0.890651618666991
5.125	59.5	0.00742117038887975	0.801130892902863	0.00010267726068594	55.0253625200532	0.890816328742777
5.375	59.5	0.00909499561375883	0.801209013317473	0.000106423273096184	54.8469213586753	0.891000449517513
5.625	59.5	0.0109334580474694	0.801289851764625	0.000110157858262903	54.6684237245141	0.891202680385222
5.875	59.5	0.0129212132621782	0.801373416249384	0.000113859280262946	54.4898655268175	0.89142133345884
6.125	59.5	0.0150403954990778	0.801459700604855	0.000117508994672071	54.3112430448282	0.891654443504899
6.375	59.5	0.0172716550353024	0.80154868456974	0.000121092134719512	54.1325529751189	0.891899882053883
6.625	59.5	0.0195951326154764	0.801640334770252	0.000124597854451824	53.9537924561814	0.892155464587702
6.875	59.5	0.0219912939500474	0.801734606840491	0.000128019539140683	53.7749590724352	0.892419042334505
7.125	59.5	0.0244415848336345	0.801831448810228	0.000131354904583237	53.5960508411244	0.8926885743317
7.375	59.5	0.0269289139720562	0.801930805750739	0.000134606017936476	53.417066185952	0.892962180536926
7.625	59.5	0.0294380197161655	0.802032625518839	0.000137779283352852	53.2380039006148	0.893238182168778
7.875	59.5	0.0319558213006734	0.802136865300108	0.00014088544572258	53.0588631036833	0.893515140343074
8.125	59.5	0.0344718878500081	0.802243498561796	0.000143939673602182	52.8796431836874	0.893791907663501
8.375	59.5	0.0369791737994912	0.80235252199972	0.000146961785294406	52.7003437301459	0.894067709117944
8.625	59.5	0.0394751645879899	0.802463962126382	0.000149976673749436	52.5209644430191	0.894342268104679
8.875	59.5	0.0419635521669763	0.802577881296859	0.000153014959929976	52.3415050101206	0.894615990738367
9.125	59.5	0.0444565207888301	0.802694383186436	0.000156113849059537	52.1619649397621	0.894890217286771
9.375	59.5	0.0469776785059577	0.802813617978413	0.000159318066794955	51.9823433345804	0.895167544635655
9.625	59.5	0.0495656310150636	0.802935787711005	0.000162680595860981	51.8026385921098	0.895452219411657
9.875	59.5	0.0522781759233092	0.803061152260093	0.000166262699279032	51.6228480179542	0.895750599351564
10.125	59.5	0.0551971105622345	0.80319003614661	0.000170132382870914	51.4429673378312	0.896071682161846
10.375	59.5	0.0584337043880288	0.80332283555603	0.000174360002556516	51.2629900945078	0.896427707482683
10.625	59.5	0.0621349882316264	0.803460023397325	0.000179009157938417	51.0829069138531	0.896834848705479
10.875	59.5	0.0664911423914777	0.803602147594629	0.000184120368365956	50.902704620189	0.897314025663063
11.125	59.5	0.0717443841910947	0.80374981373141	0.000189684412186972	50.7223651747501	0.89789188226102
11.375	59.5	0.0781997846132993	0.803903637254044	0.000195601882811469	50.5418644035702	0.898601976307463
11.625	59.5	0.0862382446455219	0.804064142502408	0.000201625991764168	50.3611704760902	0.899486206911007
11.875	59.5	0.0963312115345788	0.80423157644894	0.000207287837522216	50.180242100681	0.900596433268804
12.125	59.5	0.109055287380463	0.804405596935921	0.000211808658471198	49.9990264313897	0.901996081611851
12.375	59.5	0.12510228044963	0.804584795929859	0.000214013736031652	49.8174567523833	0.903761250849459
12.625	59.5	0.14527617668491	0.804766043958253	0.000212278835880015	49.6354501505296	0.90598037943534
12.875	59.5	0.170463237764268	0.804943719362041	0.000204560845877196	49.4529056293825	0.908750956154069
13.125	59.5	0.201556726348672	0.805109044235436	0.000188581270569681	49.2697034631476	0.912171239898354
13.375	59.5	0.239318089865065	0.805249980689037	0.000162225126706016	49.0857069717419	0.916324989885157
13.625	59.5	0.284169304930082	0.805352323936017	0.000124160315376202	48.9007681228668	0.921258623542309
13.875	59.5	0.335943592853893	0.805402463078522	7.45567919526211e-05	48.7147380849559	0.926953795213928
14.125	59.5	0.393670421802878	0.805391441150947	1.56268691551916e-05	48.5274826878739	0.933303746398317
14.375	59.5	0.455508950453728	0.805318616560573	-4.83647397938966e-05	48.3389006602017	0.94010598454991
14.625	59.5	0.518925883016747	0.805192557426757	-0.000111821457247661	48.1489402623402	0.947081847131842
14.875	59.5	0.581114303799546	0.805028085793721	-0.000169095719312496	47.9576090328226	0.95392257341795
15.125	59.5	0.639516699640424	0.804841081833805	-0.000215811163291342	47.7649730306141	0.960346836960447
15.375	59.5	0.692250658484884	0.804644176102217	-0.000249674754991306	47.571145739134	0.966147572433337
15.625	59.5	0.738296681597095	0.804445264575601	-0.000270543346327417	47.3762705218141	0.97121263497568
15.875	59.5	0.77744017332983	0.804248420802753	-0.000279903520333832	47.1805020364878	0.975518419066281
16.125	59.5	0.810061171861905	0.804055600216428	-0.000280120435633768	46.983990947718	0.979106728904809
16.375	59.5	0.836886096367378	0.803867939060639	-0.000273764444647191	46.7868739120961	0.982057470600412
16.625	59.5	0.858778833558572	0.80368634696329	-0.000263163776136524	46.5892686901518	0.984465671691443
16.875	59.5	0.876599821360895	0.80351161859427	-0.000250190727817854	46.3912731022971	0.986425980349698
17.125	59.5	0.891128787143804	0.803344364998882	-0.000236218620734229	46.1929663220002	0.988024166585818
17.375	59.5	0.903033436836513	0.803184944303067	-0.000222175073802264	45.994411278836	0.989333678052016
17.625	59.5	0.912865739388089	0.803033449183017	-0.000208633892119938	45.7956573643402	0.99041523133269
17.875	59.5	0.921071977672476	0.802889743964173	-0.000195910529079203	45.5967429990556	0.991317917543972
18.125	59.5	0.928007909297474	0.802753526067486	-0.000184144317344551	45.3976978697261	0.992080870022722
18.375	59.5	0.933954398358604	0.802624390249259	-0.000173362181181144	45.1985447906641	0.992734983819446
18.625	59.5	0.939131457779903	0.802501883324674	-0.000163524536360159	44.9993012140766	0.993304460355789
18.875	59.5	0.943710077091691	0.802385544841474	-0.000154556512382618	44.7999804404711	0.993808108480086
19.125	59.5	0.947821897793859	0.802274933889181	-0.000146368119535474	44.6005925836614	0.994260408757325
19.375	59.5	0.951567057325884	0.802169644414276	-0.000138866589333161	44.401145338497	0.994672376305847
19.625	59.5	0.955020565466741	0.802069312008708	-0.000131963435707557	44.2016445903325	0.995052262201341
19.875	59.5	0.95823752861566	0.801973614933356	-0.000125578101965707	44.0020948966929	0.995406128147723
20.125	59.5	0.961257463865365	0.801882271611196	-0.000119639488272846	43.8024998647459	0.99573832102519
20.375	59.5	0.964107876592678	0.801795036244765	-0.000114086221607627	43.6028624431659	0.996051866425194
20.625	59.5	0.966807223370418	0.801711693696154	-0.000108866221404045	43.4031851434427	0.996348794570746
20.875	59.5	0.969367347419892	0.801632054353753	-0.000103935904182498	43.2034702032279	0.996630408216188
21.125	59.5	0.971795453420176	0.801555949404793	-9.92592334267372e-05	43.0037197025215	0.996897499876219
21.375	59.5	0.97409567791419	0.801483226716438	-9.48067339094087e-05	42.8039356421031	0.997150524570561
21.625	59.5	0.976270306754334	0.801413747389014	-9.05545372504249e-05	42.6041199924034	0.997389733742977
21.875	59.5	0.978320688884477	0.801347382958976	-8.64834934779865e-05	42.4042747198971	0.997615275777292
22.125	59.5	0.980247894182387	0.801284013184415	-8.25783654963202e-05	42.2044017970362	0.997827268360063
22.375	59.5	0.982053160938793	0.80122352432728	-7.88271126659716e-05	42.0045032007215	0.998025847703267
22.625	59.5	0.983738175384336	0.801165807843746	-7.52202639541069e-05	41.8045809033533	0.998211199292277
22.875	59.5	0.985305221515528	0.801110759402001	-7.17503774888807e-05	41.6046368596296	0.998383574366708
23.125	59.5	0.986757234593771	0.801058278157559	-6.84115813346119e-05	41.4046729914812	0.998543295805315
23.375	59.5	0.988097786469913	0.80100826622834	-6.51991892191422e-05	41.2046911728712	0.99869075651169
23.625	59.5	0.989331025684259	0.800960628323738	-6.21093839270531e-05	41.0046932156363	0.998826412825269
23.875	59.5	0.990461590402456	0.80091527149097	-5.91389609991312e-05	40.8046808571083	0.99895077494427
24.125	59.5	0.991494507874162	0.800872104951375	-5.62851251330315e-05	40.6046557499121	0.999064395866158
24.375	59.5	0.992435090355445	0.800831040003365	-5.35453320287098e-05	40.4046194540922	0.999167859939099
24.625	59.5	0.993288834351945	0.800791989976095	-5.09171685924812e-05	40.2045734315368	0.999261771778714
24.875	59.5	0.994061327595015	0.800754870219673	-4.83982651820621e-05	40.004519042556	0.999346746035452
25.125	59.5	0.994758166296285	0.800719598121136	-4.59862339717013e-05	39.8044575443998	0.999423398292591
25.375	59.5	0.995384883856234	0.800686093137534	-4.36786283790446e-05	39.6043900914627	0.999492337224186
25.625	59.5	0.995946891241371	0.800654276839706	-4.14729189692791e-05	39.4043177369142	0.999554158036551
25.875	59.5	0.996449428606295	0.800624072960196	-3.93664821689684e-05	39.2042414354985	0.999609437146692
26.125	59.5	0.996897527344597	0.800595407441769	-3.7356598464993e-05	39.0041620472609	0.999658728007906
26.375	59.5	0.997295981539656	0.800568208482947	-3.54404576148478e-05	38.8040803419853	0.999702557969362
26.625	59.5	0.997649327699507	0.80054240657724	-3.36151686382387e-05	38.6039970041464	0.999741426046946
26.875	59.5	0.997961831657251	0.800517934545503	-3.18777730447257e-05	38.4039126382114	0.999775801482298
27.125	59.5	0.998237481568046	0.80049472755906	-3.02252597972662e-05	38.2038277741454	0.999806122972485
27.375	59.5	0.998479986013304	0.800472723153393	-2.86545812839782e-05	38.0037428730028	0.999832798461463
27.625	59.5	0.99869277631654	0.80045186123204	-2.71626692828154e-05	37.8036583325031	0.999856205394819
27.875	59.5	0.998879012273023	0.800432084060931	-2.57464505806064e-05	37.6035744925125	0.999876691350033
28.125	59.5	0.999041590590894	0.800413336252907	-2.4402861729658e-05	37.4034916403656	0.999894574964998
28.375	59.5	0.999183155431038	0.800395564743896	-2.31288627614934e-05	37.2034100159781	0.999910147097414
28.625	59.5	0.999306110515304	0.800378718760354	-2.19214496820433e-05	37.0033298167131	0.999923672156683
28.875	59.5	0.999412632346973	0.800362749779747	-2.07776656480661e-05	36.8032512019728	0.999935389558167
29.125	59.5	0.999504684154045	0.800347611484162	-1.96946108140936e-05	36.6031742974997	0.999945515256945
29.375	59.5	0.999584030225491	0.800333259708452	-1.86694508224778e-05	36.4030991993756	0.999954243324804
29.625	59.5	0.999652250363642	0.800319652383293	-1.76994240212555e-05	36.2030259777147	0.999961747540001
29.875	59.5	0.999710754223145	0.800306749474237	-1.67818474641017e-05	36.0029546800533	0.999968182964546
30.125	59.5	0.99976079534892	0.800294512917783	-1.59141217391216e-05	35.8028853344401	0.999973687488381
30.375	59.5	0.999803484763062	0.800282906554573	-1.50937347180793e-05	35.6028179522388	0.999978383323937
30.625	59.5	0.999839803983529	0.800271896061154	-1.43182643153318e-05	35.4027525306527	0.999982378438188
30.875	59.5	0.999870617386874	0.800261448880221	-1.35853803660452e-05	35.202689054987	0.999985767912556
31.125	59.5	0.999896683852651	0.800251534150513	-1.28928456765672e-05	35.0026275006631	0.999988635223792
31.375	59.5	0.999918667649471	0.800242122636475	-1.22385163848229e-05	34.8025678350031	0.999991053441442
31.625	59.5	0.999937148541697	0.800233186658289	-1.16203416238987e-05	34.6025100187995	0.999993086339587
31.875	59.5	0.999952631111921	0.800224700022648	-1.10363627002048e-05	34.4024540076889	0.999994789422311
32.125	59.5	0.999965553307762	0.800216637954558	-1.04847117266687e-05	34.2023997533457	0.999996210863854
32.375	59.5	0.999976294232588	0.80020897703045	-9.96360990410838e-06	34.0023472045139	0.999997392365585
32.625	59.5	0.999985181208265	0.800201695112976	-9.47136541693214e-06	33.8022963078906	0.999998369932909
32.875	59.5	0.999992496144849	0.80019477128767	-9.00637108523287e-06	33.6022470088788	0.999999174575933
33.125	59.5	0.99999848125685	0.800188185801062	-8.56710173878847e-06	33.4021992522231	0.999999832938253
33.375	59.5	1.00000334416887	0.800181920001462	-8.1521114910445e-06	33.2021529825412	1.00000036785858
33.625	59.5	1.00000726245538	0.800175956281545	-7.76003081996176e-06	33.0021081447642	1.00000079887009
33.875	59.5	1.00001038766001	0.800170278023081	-7.3895635776298e-06	32.802064684497	1.0000011426426
34.125	59.5	1.00001284883937	0.80016486954412	-7.03948398172623e-06	32.6020225483093	1.00000141337233
34.375	59.5	1.00001475567551	0.8001597160482	-6.70863353724566e-06	32.4019816839665	1.00000162312431
34.625	59.5	1.00001620119923	0.800154803576068	-6.39591798173624e-06	32.2019420406088	1.00000178213192
34.875	59.5	1.00001726416462	0.800150118959254	-6.1003042682543e-06	32.0019035688866	1.00000189905811
35.125	59.5	1.00001801111236	0.800145649776247	-5.82081759164292e-06	31.8018662210581	1.00000198122236
35.375	59.5	1.00001849815701	0.800141384310494	-5.55653845214795e-06	31.6018299510557	1.00000203479727
35.625	59.5	1.00001877253047	0.800137311510666	-5.30659984394819e-06	31.4017947145263	1.00000206497835
35.875	59.5	1.00001887391126	0.800133420952983	-5.07018447365673e-06	31.2017604688493	1.00000207613024
36.125	59.5	1.00001883556616	0.800129702805289	-4.84652212571523e-06	31.0017271731369	1.00000207191228
36.375	59.5	1.00001868532839	0.800126147793387	-4.6348870760705e-06	30.8016947882206	1.00000205538612
36.625	59.5	1.00001844643377	0.800122747168801	-4.43459565586979e-06	30.6016632766249	1.00000202910772
36.875	59.5	1.00001813823406	0.800119492678669	-4.2450038901767e-06	30.4016326025329	1.00000199520575
37.125	59.5	1.00001777680418	0.800116376537021	-4.06550525173264e-06	30.2016027317438	1.00000195544846
37.375	59.5	1.00001737545837	0.800113391397858	-3.89552852424163e-06	30.0015736316263	1.00000191130042
37.625	59.5	1.0000169451881	0.800110530329578	-3.7345357668536e-06	29.8015452710667	1.00000186397069
37.875	59.5	1.00001649503311	0.800107786791125	-3.58202038184164e-06	29.6015176204158	1.00000181445364
38.125	59.5	1.0000160323954	0.800105154609153	-3.43750529609712e-06	29.4014906514328	1.00000176356349
38.375	59.5	1.00001556330452	0.800102627956874	-3.30054121044902e-06	29.2014643372291	1.0000017119635
38.625	59.5	1.00001509264164	0.80010020133383	-3.17070498571682e-06	29.0014386522121	1.00000166019058
38.875	59.5	1.00001462432846	0.800097869547091	-3.04759807736704e-06	28.8014135720288	1.00000160867613
39.125	59.5	1.00001416148642	0.800095627693398	-2.9308450909636e-06	28.6013890735104	1.00000155776351
39.375	59.5	1.00001370657081	0.800093471142375	-2.82009240045855e-06	28.4013651346181	1.00000150772279
39.625	59.5	1.00001326148348	0.800091395520799	-2.71500685920413e-06	28.2013417343904	1.00000145876318
39.875	59.5	1.00001282766774	0.800089396697776	-2.61527457993433e-06	28.0013188528912	1.00000141104345
40.125	59.5	1.00001240618795	0.800087470770749	-2.52059978545278e-06	27.8012964711611	1.00000136468067
40.375	59.5	1.00001199779641	0.800085614052371	-2.43070373092381e-06	27.6012745711687	1.00000131975761
40.625	59.5	1.00001160298944	0.800083823058103	-2.34532369454327e-06	27.4012531357647	1.00000127632884
40.875	59.5	1.00001122205432	0.800082094494685	-2.26421202538162e-06	27.2012321486384	1.00000123442598
41.125	59.5	1.00001085510867	0.800080425249106	-2.18713524019479e-06	27.0012115942745	1.00000119406195
41.375	59.5	1.00001050213325	0.800078812378398	-2.11387318944253e-06	26.8011914579135	1.00000115523466
41.625	59.5	1.00001016299948	0.800077253099797	-2.04421826495596e-06	26.6011717255127	1.00000111792994
41.875	59.5	1.00000983749227	0.800075744781872	-1.9779746651657e-06	26.4011523837094	1.00000108212415
42.125	59.5	1.00000952532901	0.800074284935689	-1.9149576851777e-06	26.2011334197862	1.00000104778619
42.375	59.5	1.00000922617543	0.800072871206938	-1.85499307852533e-06	26.0011148216373	1.0000010148793
42.625	59.5	1.00000893965862	0.800071501368218	-1.79791642799102e-06	25.8010965777372	1.00000098336245
42.875	59.5	1.00000866537783	0.800070173311944	-1.74357258069461e-06	25.6010786771101	1.00000095319156
43.125	59.5	1.00000840291333	0.800068885043597	-1.69181510054159e-06	25.4010611093019	1.00000092432047
43.375	59.5	1.00000815183367	0.800067634675344	-1.64250576560898e-06	25.2010438643528	1.0000008967017
43.625	59.5	1.00000791170159	0.800066420420131	-1.59551407454741e-06	25.0010269327715	1.00000087028717
43.875	59.5	1.00000768207878	0.800065240586005	-1.55071682717274e-06	24.8010103055108	1.00000084502867
44.125	59.5	1.00000746252977	0.80006409357085	-1.50799767024109e-06	24.6009939739447	1.00000082087827
44.375	59.5	1.00000725262487	0.800062977857327	-1.46724672059191e-06	24.4009779298464	1.00000079778874
44.625	59.5	1.00000705194268	0.80006189200828	-1.42836019250523e-06	24.2009621653674	1.0000007757137
44.875	59.5	1.00000686007185	0.800060834662148	-1.39124003991135e-06	24.000946673018	1.0000007546079
45.125	59.5	1.00000667661249	0.800059804528942	-1.35579364075423e-06	23.8009314456486	1.00000073442737
45.375	59.5	1.00000650117721	0.800058800386172	-1.32193346508642e-06	23.600916476432	1.00000071512949
45.625	59.5	1.00000633339183	0.800057821075209	-1.28957681032572e-06	23.4009017588471	1.0000006966731
45.875	59.5	1.00000617289579	0.800056865497687	-1.25864551167373e-06	23.2008872866624	1.00000067901854
46.125	59.5	1.00000601934248	0.800055932612354	-1.22906569222591e-06	23.0008730539216	1.00000066212767
46.375	59.5	1.00000587239924	0.800055021431758	-1.2007675131917e-06	22.8008590549294	1.00000064596392
46.625	59.5	1.00000573174741	0.800054131019436	-1.17368495635424e-06	22.6008452842378	1.00000063049222
46.875	59.5	1.00000559708208	0.800053260487055	-1.14775560206434e-06	22.4008317366337	1.00000061567903
47.125	59.5	1.00000546811192	0.800052408991857	-1.12292043396714e-06	22.2008184071266	1.00000060149231
47.375	59.5	1.00000534455883	0.800051575734131	-1.09912363757093e-06	22.0008052909377	1.00000058790147
47.625	59.5	1.00000522615761	0.800050759954875	-1.07631243636172e-06	21.8007923834887	1.00000057487734
47.875	59.5	1.0000051126556	0.800049960933611	-1.05443691212594e-06	21.6007796803918	1.00000056239212
48.125	59.5	1.00000500381219	0.800049177986247	-1.03344985498162e-06	21.4007671774401	1.00000055041934
48.375	59.5	1.00000489939844	0.800048410463216	-1.01330659919806e-06	21.2007548705984	1.00000053893383
48.625	59.5	1.00000479919664	0.800047657747482	-9.93964901085955e-07	21.0007427559947	1.00000052791163
48.875	59.5	1.00000470299982	0.800046919252861	-9.75384791765646e-07	20.800730829912	1.00000051732998
49.125	59.5	1.00000461061134	0.800046194422323	-9.57528458359805e-07	20.6007190887803	1.00000050716725
49.375	59.5	1.00000452184445	0.800045482726461	-9.40360120642527e-07	20.4007075291699	1.00000049740289
49.625	59.5	1.00000443652181	0.800044783661951	-9.23845931295846e-07	20.2006961477837	1.0000004880174
49.875	59.5	1.00000435447511	0.800044096750215	-9.07953849167542e-07	20.0006849414513	1.00000047899226
50.125	59.5	1.00000427554462	0.80004342153599	-8.92653565785538e-07	19.8006739071227	1.00000047030991
50.375	59.5	1.0000041995788	0.800042757586217	-8.77916390314748e-07	19.6006630418618	1.00000046195367
50.625	59.5	1.00000412643392	0.800042104488727	-8.63715175987001e-07	19.4006523428418	1.00000045390773
50.875	59.5	1.00000405597365	0.800041461851162	-8.50024223354005e-07	19.2006418073392	1.0000004461571
51.125	59.5	1.00000398806873	0.800040829299975	-8.36819215230819e-07	19.0006314327292	1.00000043868756
51.375	59.5	1.0000039225966	0.800040206479315	-8.24077131254173e-07	18.8006212164809	1.00000043148563
51.625	59.5	1.00000385944109	0.800039593050158	-8.11776178883935e-07	18.6006111561528	1.00000042453852
51.875	59.5	1.00000379849205	0.800038988689383	-7.99895737683102e-07	18.4006012493886	1.00000041783413
52.125	59.5	1.0000037396451	0.800038393088918	-7.88416285690834e-07	18.2005914939132	1.00000041136096
52.375	59.5	1.0000036828013	0.800037805954979	-7.77319335526927e-07	18.0005818875288	1.00000040510814
52.625	59.5	1.00000362786691	0.800037227007212	-7.66587395053173e-07	17.8005724281117	1.00000039906536
52.875	59.5	1.00000357475307	0.800036655978083	-7.56203901461227e-07	17.6005631136085	1.00000039322284
53.125	59.5	1.0000035233756	0.80003609261213	-7.46153173332988e-07	17.4005539420329	1.00000038757132
53.375	59.5	1.00000347365471	0.800035536665339	-7.36420369245311e-07	17.2005449114631	1.00000038210202
53.625	59.5	1.00000342551482	0.80003498790456	-7.26991433214947e-07	17.0005360200383	1.00000037680663
53.875	59.5	1.0000033788843	0.800034446106869	-7.1785305731182e-07	16.8005272659566	1.00000037167727
54.125	59.5	1.0000033336953	0.80003391105904	-7.08992649293554e-07	16.6005186474718	1.00000036670648
54.375	59.5	1.00000328988353	0.800033382557096	-7.00398277956544e-07	16.4005101628915	1.00000036188719
54.625	59.5	1.00000324738806	0.800032860405738	-6.92058652763766e-07	16.2005018105746	1.00000035721269
54.875	59.5	1.00000320615119	0.800032344417935	-6.83963083165582e-07	16.0004935889287	1.00000035267663
55.125	59.5	1.00000316611824	0.800031834414401	-6.76101444075247e-07	15.8004854964089	1.00000034827301
55.375	59.5	1.00000312723741	0.800031330223303	-6.68464151442549e-07	15.600477531515	1.00000034399612
55.625	59.5	1.00000308945962	0.800030831679798	-6.61042129105433e-07	15.40046969279	1.00000033984056
55.875	59.5	1.00000305273836	0.800030338625629	-6.53826784593612e-07	15.2004619788185	1.00000033580122
56.125	59.5	1.00000301702958	0.80002985090886	-6.46809980284308e-07	15.0004543882245	1.00000033187325
56.375	59.5	1.00000298229154	0.800029368383469	-6.39984012488234e-07	14.8004469196706	1.00000032805207
56.625	59.5	1.0000029484847	0.800028890909067	-6.33341584650367e-07	14.6004395718558	1.00000032433332
56.875	59.5	1.00000291557158	0.800028418350579	-6.26875790992732e-07	14.4004323435143	1.00000032071287
57.125	59.5	1.00000288351669	0.800027950578005	-6.20580088355601e-07	14.2004252334145	1.00000031718684
57.375	59.5	1.00000285228637	0.800027487466076	-6.14448283614231e-07	14.0004182403571	1.0000003137515
57.625	59.5	1.00000282184877	0.800027028894092	-6.08474510811162e-07	13.8004113631747	1.00000031040336
57.875	59.5	1.00000279217366	0.800026574745603	-6.02653216073791e-07	13.6004046007297	1.0000003071391
58.125	59.5	1.00000276323245	0.800026124908225	-5.96979138339486e-07	13.4003979519141	1.00000030395557
58.375	59.5	1.00000273499799	0.80002567927342	-5.91447295493882e-07	13.2003914156481	1.00000030084978
58.625	59.5	1.0000027074446	0.800025237736269	-5.86052972157241e-07	13.0003849908788	1.00000029781891
58.875	59.5	1.00000268054791	0.800024800195323	-5.80791699001241e-07	12.8003786765801	1.00000029486027
59.125	59.5	1.00000265428485	0.800024366552385	-5.75659243595174e-07	12.600372471751	1.00000029197133
59.375	59.5	1.00000262863351	0.80002393671234	-5.70651599987782e-07	12.4003663754154	1.00000028914969
59.625	59.5	1.00000260357318	0.800023510583003	-5.65764968748442e-07	12.200360386621	1.00000028639305
59.875	59.5	1.00000257908419	0.800023088074984	-5.6099575557772e-07	12.0003545044384	1.00000028369926
60.125	59.5	1.0000025551479	0.800022669101477	-5.5634055192816e-07	11.8003487279611	1.00000028106627
60.375	59.5	1.00000253174665	0.800022253578205	-5.5179613111133e-07	11.6003430563038	1.00000027849213
60.625	59.5	1.00000250886368	0.80002184142322	-5.47359432182143e-07	11.4003374886029	1.000000275975
60.875	59.5	1.0000024864831	0.800021432556818	-5.43027558451217e-07	11.2003320240151	1.00000027351314
61.125	59.5	1.00000246458985	0.800021026901429	-5.38797761606652e-07	11.0003266617169	1.00000027110488
61.375	59.5	1.00000244316965	0.800020624381469	-5.34667437821338e-07	10.8003214009046	1.00000026874866
61.625	59.5	1.00000242220893	0.80002022492325	-5.3063411531736e-07	10.6003162407934	1.00000026644298
61.875	59.5	1.00000240169484	0.800019828454921	-5.26695455066931e-07	10.4003111806167	1.00000026418643
62.125	59.5	1.00000238161518	0.800019434906302	-5.22849234273141e-07	10.2003062196263	1.00000026197767
62.375	59.5	1.00000236195837	0.800019044208881	-5.1909334350048e-07	10.0003013570913	1.00000025981542
62.625	59.5	1.00000234271342	0.800018656295651	-5.15425782692151e-07	9.80029659229808	1.00000025769848
62.875	59.5	1.00000232386989	0.800018271101082	-5.11844648332412e-07	9.60029192454989	1.00000025562569
63.125	59.5	1.00000230541787	0.800017888561028	-5.08348136380808e-07	9.40028735316632	1.00000025359597
63.375	59.5	1.00000228734796	0.800017508612689	-5.04934527587658e-07	9.20028287748305	1.00000025160828
63.625	59.5	1.0000022696512	0.800017131194493	-5.01602185181873e-07	9.00027849685153	1.00000024966163
63.875	59.5	1.00000225231909	0.800016756246072	-4.98349554349298e-07	8.80027421063861	1.0000002477551
64.125	59.5	1.00000223534354	0.800016383708215	-4.95175147425976e-07	8.60027001822629	1.00000024588779
64.375	59.5	1.00000221871685	0.80001601352279	-4.92077547152695e-07	8.40026591901138	1.00000024405885
64.625	59.5	1.00000220243169	0.800015645632696	-4.89055396111782e-07	8.20026191240528	1.00000024226749
64.875	59.5	1.00000218648106	0.800015279981842	-4.86107393893685e-07	8.00025799783369	1.00000024051292
65.125	59.5	1.00000217085831	0.800014916515087	-4.83232292796681e-07	7.80025417473633	1.00000023879441
65.375	59.5	1.00000215555714	0.800014555178222	-4.80428889555029e-07	7.60025044256678	1.00000023711129
65.625	59.5	1.00000214057156	0.800014195917901	-4.77696022351366e-07	7.40024680079215	1.00000023546287
65.875	59.5	1.0000021258959	0.80001383868165	-4.75032564457774e-07	7.20024324889292	1.00000023384855
66.125	59.5	1.00000211152476	0.800013483417834	-4.72437417759142e-07	7.00023978636272	1.00000023226772
66.375	59.5	1.00000209745287	0.80001313007561	-4.6990950661672e-07	6.80023641270806	1.00000023071982
66.625	59.5	1.0000020836749	0.800012778604961	-4.67447771016458e-07	6.60023312744822	1.00000022920424
66.875	59.5	1.00000207018531	0.800012428956652	-4.65051158194939e-07	6.40022993011498	1.00000022772038
67.125	59.5	1.00000205697823	0.800012081082239	-4.62718614027562e-07	6.20022682025245	1.0000002262676
67.375	59.5	1.00000204404768	0.800011734934099	-4.6044907202054e-07	6.00022379741688	1.00000022484524
67.625	59.5	1.00000203138836	0.800011390465421	-4.58241443111541e-07	5.80022086117648	1.00000022345272
67.875	59.5	1.00000201899696	0.800011047630233	-4.56094598778808e-07	5.60021801111112	1.00000022208967
68.125	59.5	1.00000200687394	0.80001070638342	-4.54007357073263e-07	5.40021524681214	1.00000022075613
68.375	59.5	1.00000199502458	0.800010366680739	-4.51978457637608e-07	5.20021256788196	1.0000002194527
68.625	59.5	1.00000198345779	0.800010028478812	-4.50006541830949e-07	5.00020997393378	1.00000021818036
68.875	59.5	1.00000197218053	0.800009691735223	-4.48090114999058e-07	4.80020746459133	1.00000021693986
69.125	59.5	1.00000196118629	0.800009356408624	-4.46227512782903e-07	4.60020503948872	1.00000021573049
69.375	59.5	1.00000195043899	0.800009022459051	-4.44416847069351e-07	4.40020269827062	1.00000021454829
69.625	59.5	1.00000193985882	0.800008689848392	-4.42655946909029e-07	4.2002004405927	1.00000021338447
69.875	59.5	1.00000192932327	0.800008358541058	-4.4094227648213e-07	4.00019826612222	1.00000021222556
70.125	59.5	1.00000191870263	0.800008028504672	-4.39272828958833e-07	3.80019617453802	1.00000021105729
70.375	59.5	1.00000190794692	0.800007699710472	-4.37643988413099e-07	3.60019416552925	1.00000020987416
70.625	59.5	1.00000189722418	0.800007372132961	-4.3605134110209e-07	3.40019223879134	1.00000020869466
70.875	59.5	1.00000188707053	0.800007045748433	-4.34489417176456e-07	3.20019039401878	1.00000020757776
71.125	59.5	1.00000187845305	0.800006720532389	-4.32951341355004e-07	3.00018863089527	1.00000020662984
71.375	59.5	1.00000187258629	0.800006396456908	-4.31428354142499e-07	2.80018694908498	1.00000020598449
71.625	59.5	1.00000187032651	0.800006073490494	-4.29909163100602e-07	2.60018534823215	1.00000020573592
71.875	59.5	1.00000187106204	0.800005751604538	-4.28379064077111e-07	2.40018382797902	1.00000020581682
72.125	59.5	1.00000187129124	0.800005430790938	-4.26818755416399e-07	2.20018238801103	1.00000020584204
72.375	59.5	1.00000186355351	0.800005111093404	-4.25202724082418e-07	2.00018102812854	1.00000020499089
72.625	59.5	1.00000183695113	0.800004792648354	-4.23497011960278e-07	1.80017974832342	1.00000020206462
72.875	59.5	1.00000178087159	0.800004475720076	-4.21656054316055e-07	1.60017854880733	1.00000019589587
73.125	59.5	1.00000169316672	0.800004160701045	-4.19618070730572e-07	1.40017742990693	1.00000018624834
73.375	59.5	1.0000015923287	0.80000384803936	-4.17298196116317e-07	1.20017639173215	1.00000017515616
73.625	59.5	1.00000152969491	0.800003538063892	-4.14578071150893e-07	1.00017543357197	1.00000016826644
73.875	59.5	1.00000159276948	0.800003230719386	-4.11289982343587e-07	0.800174553113028	1.00000017520464
74.125	59.5	1.00000188620847	0.800002925309308	-4.07192783125853e-07	0.600173745821719	1.00000020748293
74.375	59.5	1.00000247668808	0.800002620388832	-4.01935697999551e-07	0.40017300512809	1.00000027243569
74.625	59.5	1.0000032971807	0.800002073083036	-3.95004683743331e-07	0.200172324287296	1.00000036268988
74.875	59.5	1.00000403017397	0.40000271559647	-3.85737632611576e-07	0.000171821423860413	1.00000044331914
