x	y	$\phi$	X Velocity	Y Velocity	pressure	$\beta$
0.075	0.1	1.51009617611096e-30	0.8	-0.014274195741531	36.0863634351938	0.2
0.225	0.1	1.6711337804121e-30	0.767230142608732	0.00892267363524796	36.0646908543795	0.2
0.375	0.1	1.75434593136588e-30	0.808502201959233	0.00314553135993137	36.0403296266373	0.2
0.525	0.1	-1.81476074463737e-31	0.8036204045921	0.00119384407764261	36.0161807222619	0.2
0.675	0.1	-3.0806098656821e-30	0.801721569956651	0.000494008931819404	35.9921124023618	0.2
0.825	0.1	-9.3671011002729e-30	0.800913260674626	0.000224488207497125	35.9680774280645	0.2
0.975	0.1	-1.51806107087773e-29	0.800534769057205	0.000111948785824076	35.9440576067213	0.2
1.125	0.1	-2.17242314316738e-29	0.800340463496553	6.07672682997543e-05	35.9200453419211	0.2
1.275	0.1	-2.08735901828943e-29	0.800232213717319	3.54547576018233e-05	35.8960371789115	0.2
1.425	0.1	-1.26381252517281e-29	0.800167651773837	2.19336366891254e-05	35.872031409098	0.2
1.575	0.1	1.29678944390052e-29	0.80012699237252	1.42080534201354e-05	35.8480271198051	0.2
1.725	0.1	5.12409795993926e-29	0.800100282127196	9.53438682624081e-06	35.8240237895557	0.2
1.875	0.1	1.04860150033277e-28	0.800082166727703	6.56819052559859e-06	35.8000211028774	0.2
2.025	0.1	1.53093217909403e-28	0.80006959333455	4.60815892023801e-06	35.776018859552	0.2
2.175	0.1	1.81534195468655e-28	0.800060732998677	3.26769530813065e-06	35.7520169272774	0.2
2.325	0.1	1.50111815882781e-28	0.800054443212363	2.32322584703564e-06	35.7280152155721	0.2
2.475	0.1	3.76007903681952e-29	0.800049984578822	1.6400038031654e-06	35.7040136606846	0.2
2.625	0.1	-1.86479313033782e-28	0.800046863968385	1.13387226266825e-06	35.6800122164974	0.2
2.775	0.1	-4.99638722143948e-28	0.800044743915246	7.50619632422506e-07	35.6560108488465	0.2
2.925	0.1	-8.57247542172588e-28	0.800043388307115	4.54365390216818e-07	35.6320095318625	0.2
3.075	0.1	-1.12744597947316e-27	0.800042628758949	2.20788342941206e-07	35.6080082455481	0.2
3.225	0.1	-1.15456985030557e-27	0.800042343194565	3.30465792696648e-08	35.5840069741369	0.2
3.375	0.1	-7.25989433999222e-28	0.800042441857962	-1.20747259607209e-07	35.5600057049564	0.2
3.525	0.1	2.93237553854678e-28	0.800042857970983	-2.49130970973085e-07	35.5360044276255	0.2
3.675	0.1	1.94486526166754e-27	0.800043541369778	-3.58334435605583e-07	35.5120031334782	0.2
3.825	0.1	3.98609913164778e-27	0.80004445408814	-4.52970721508338e-07	35.4880018151433	0.2
3.975	0.1	5.90410802179104e-27	0.800045567245507	-5.36502609183957e-07	35.4640004662329	0.2
4.125	0.1	6.80539274042304e-27	0.800046858819898	-6.11563564969503e-07	35.4399990811085	0.2
4.275	0.1	5.66108015757573e-27	0.800048312032307	-6.80180507548199e-07	35.4159976547037	0.2
4.425	0.1	1.47642004235705e-27	0.800049914159625	-7.43932671407222e-07	35.3919961823866	0.2
4.575	0.1	-6.09572872033278e-27	0.800051655656299	-8.04064458338367e-07	35.3679946598541	0.2
4.725	0.1	-1.63648171246296e-26	0.80005352949267	-8.61567923329112e-07	35.3439930830472	0.2
4.875	0.1	-2.69585256583228e-26	0.800055530655115	-9.17243091374897e-07	35.3199914480845	0.2
5.025	0.1	-3.39174835246678e-26	0.800057655764496	-9.71743203046768e-07	35.2959897512079	0.2
5.175	0.1	-3.20012874270904e-26	0.800059902782888	-1.02560688590243e-06	35.2719879887387	0.2
5.325	0.1	-1.63351139620396e-26	0.80006227078709	-1.07928555979804e-06	35.2479861570409	0.2
5.475	0.1	1.56505575754206e-26	0.800064759789743	-1.13316119064453e-06	35.2239842524914	0.2
5.625	0.1	6.12352974562752e-26	0.80006737060297	-1.1875618069849e-06	35.1999822714536	0.2
5.775	0.1	1.10554492807562e-25	0.800070104729728	-1.24277318213275e-06	35.1759802102553	0.2
5.925	0.1	1.45701910337618e-25	0.800072964277893	-1.29904724014007e-06	35.1519780651698	0.2
6.075	0.1	1.43816740648212e-25	0.80007595189234	-1.35661007714651e-06	35.1279758323986	0.2
6.225	0.1	8.32313818929565e-26	0.800079070704338	-1.41566727010675e-06	35.1039735080562	0.2
6.375	0.1	-4.55588396702235e-26	0.800082324288559	-1.47640766501285e-06	35.0799710881563	0.2
6.525	0.1	-2.28693313732581e-25	0.800085716632012	-1.5390085894719e-06	35.0559685685989	0.2
6.675	0.1	-4.19418346532646e-25	0.800089252108769	-1.60363750442266e-06	35.0319659451584	0.2
6.825	0.1	-5.3937092419687e-25	0.800092935462761	-1.67045476755245e-06	35.0079632134724	0.2
6.975	0.1	-4.93490546233438e-25	0.800096771792374	-1.73961606310775e-06	34.9839603690307	0.2
7.125	0.1	-2.05179584173374e-25	0.800100766542908	-1.81127343637731e-06	34.9599574071648	0.2
7.275	0.1	3.36237705250567e-25	0.80010492550048	-1.88557759520567e-06	34.9359543230381	0.2
7.425	0.1	1.02475116097601e-24	0.80010925478802	-1.96267808245457e-06	34.9119511116348	0.2
7.575	0.1	1.61212394369488e-24	0.800113760866809	-2.0427252640749e-06	34.8879477677508	0.2
7.725	0.1	1.73084534232266e-24	0.800118450537035	-2.12587044637699e-06	34.8639442859828	0.2
7.875	0.1	9.96216640009671e-25	0.800123330942003	-2.21226727225319e-06	34.8399406607186	0.2
8.025	0.1	-8.13502566675117e-25	0.800128409573622	-2.3020721018829e-06	34.8159368861263	0.2
8.175	0.1	-3.51899828002513e-24	0.800133694279847	-2.39544459835954e-06	34.7919329561442	0.2
8.325	0.1	-6.32329587671497e-24	0.800139193272622	-2.49254892258989e-06	34.7679288644695	0.2
8.475	0.1	-7.72292757300846e-24	0.800144915137141	-2.59355311084916e-06	34.7439246045478	0.2
8.625	0.1	-5.70083290088765e-24	0.800150868844697	-2.69863120805219e-06	34.7199201695613	0.2
8.775	0.1	1.67211703126606e-24	0.800157063762064	-2.80796208093579e-06	34.6959155524171	0.2
8.925	0.1	1.51519506539418e-23	0.800163509666577	-2.92173112447053e-06	34.6719107457355	0.2
9.075	0.1	3.2872394082976e-23	0.800170216760615	-3.04012999183995e-06	34.6479057418371	0.2
9.225	0.1	4.89187313666513e-23	0.800177195684219	-3.16335770471262e-06	34.6239005327299	0.2
9.375	0.1	5.27167691450211e-23	0.800184457534493	-3.29162028206533e-06	34.5998951100961	0.2
9.525	0.1	3.0348372809263e-23	0.800192013880938	-3.42513215949156e-06	34.5758894652778	0.2
9.675	0.1	-3.10199225706047e-23	0.800199876784725	-3.56411557469474e-06	34.5518835892632	0.2
9.825	0.1	-1.35047307786615e-22	0.800208058817008	-3.70880209364706e-06	34.5278774726708	0.2
9.975	0.1	-2.65495899671479e-22	0.800216573080517	-3.85943219643971e-06	34.5038711057342	0.2
10.125	0.1	-3.76508065002844e-22	0.80022543323003	-4.01625634166318e-06	34.4798644782859	0.2
10.275	0.1	-3.90370120961598e-22	0.800234653495731	-4.17953522618521e-06	34.4558575797404	0.2
10.425	0.1	-2.10945075849687e-22	0.800244248705906	-4.34954053152099e-06	34.4318503990762	0.2
10.575	0.1	2.4065742312233e-22	0.800254234312755	-4.52655467930116e-06	34.407842924818	0.2
10.725	0.1	9.68282542185318e-22	0.800264626418618	-4.71087266088243e-06	34.3838351450174	0.2
10.875	0.1	1.83321358240055e-21	0.800275441801839	-4.90280142018119e-06	34.3598270472329	0.2
11.025	0.1	2.50504859616308e-21	0.800286697947529	-5.10266129544208e-06	34.3358186185093	0.2
11.175	0.1	2.47265761874637e-21	0.800298413075727	-5.31078594643553e-06	34.3118098453561	0.2
11.325	0.1	1.15943922627698e-21	0.800310606173617	-5.52752330549835e-06	34.2878007137248	0.2
11.475	0.1	-1.83145418244397e-21	0.80032329702887	-5.75323674892272e-06	34.2637912089856	0.2
11.625	0.1	-6.3631608579603e-21	0.800336506262909	-5.98830474858914e-06	34.239781315903	0.2
11.775	0.1	-1.13972332829179e-20	0.800350255368566	-6.23312248143219e-06	34.2157710186099	0.2
11.925	0.1	-1.47904200914402e-20	0.80036456674623	-6.48810227851805e-06	34.1917603005809	0.2
12.075	0.1	-1.34935474441626e-20	0.800379463745287	-6.7536744545669e-06	34.1677491446051	0.2
12.225	0.1	-4.37444919056511e-21	0.800394970703273	-7.0302881409844e-06	34.1437375327562	0.2
12.375	0.1	1.4254977057665e-20	0.800411112990787	-7.3184120283339e-06	34.1197254463629	0.2
12.525	0.1	4.06221290663123e-20	0.800427917056564	-7.61853547930099e-06	34.0957128659768	0.2
12.675	0.1	6.76227016563036e-20	0.800445410475035	-7.93116975805089e-06	34.0716997713395	0.2
12.825	0.1	8.21602900780961e-20	0.800463621995692	-8.25684851756646e-06	34.0476861413483	0.2
12.975	0.1	6.69929865597969e-20	0.800482581595501	-8.59612903785476e-06	34.0236719540198	0.2
13.125	0.1	6.14060398675855e-21	0.800502320533319	-8.94959369893059e-06	33.9996571864525	0.2
13.275	0.1	-1.06060494594248e-19	0.80052287140799	-9.31785042696108e-06	33.9756418147878	0.2
13.425	0.1	-2.53935421619053e-19	0.800544268216648	-9.70153494690388e-06	33.9516258141681	0.2
13.575	0.1	-3.91478296760609e-19	0.80056654641851	-1.01013111935032e-05	33.9276091586948	0.2
13.725	0.1	-4.41498402262251e-19	0.800589743000796	-1.05178731195551e-05	33.903591821383	0.2
13.875	0.1	-3.09732708469745e-19	0.800613896547051	-1.09519459024003e-05	33.8795737741147	0.2
14.025	0.1	8.14054164789704e-20	0.800639047310053	-1.14042879237488e-05	33.8555549875901	0.2
14.175	0.1	7.40915793263488e-19	0.800665237286701	-1.1875691507424e-05	33.8315354312761	0.2
14.325	0.1	1.55083485642715e-18	0.800692510298329	-1.23669855642943e-05	33.8075150733529	0.2
14.475	0.1	2.22538993380019e-18	0.800720912073425	-1.2879036573308e-05	33.7834938806582	0.2
14.625	0.1	2.32165003743579e-18	0.800750490334475	-1.34127511666886e-05	33.7594718186285	0.2
14.775	0.1	1.33644946601974e-18	0.800781294891356	-1.39690771473196e-05	33.7354488512381	0.2
14.925	0.1	-1.09132916632099e-18	0.800813377734929	-1.4549006068077e-05	33.711424940935	0.2
15.075	0.1	-4.89126352917222e-18	0.800846793139459	-1.51535756696967e-05	33.687400048574	0.2
15.225	0.1	-9.25971265156189e-18	0.800881597767438	-1.57838714040683e-05	33.6633741333467	0.2
15.375	0.1	-1.24847245351195e-17	0.800917850780582	-1.64410292627685e-05	33.639347152708	0.2
15.525	0.1	-1.2080891430205e-17	0.800955613956603	-1.71262383817112e-05	33.6153190622998	0.2
15.675	0.1	-5.40675962801578e-18	0.800994951810833	-1.78407429808947e-05	33.5912898158706	0.2
15.825	0.1	9.16557235232253e-18	0.801035931723474	-1.85858461380287e-05	33.5672593651912	0.2
15.975	0.1	3.06739246645043e-17	0.80107862407531	-1.93629111451484e-05	33.5432276599672	0.2
16.125	0.1	5.40353426132873e-17	0.80112310238761	-2.0173366396998e-05	33.5191946477467	0.2
16.275	0.1	6.93354966829001e-17	0.801169443470464	-2.10187071315699e-05	33.4951602738239	0.2
16.425	0.1	6.29041014240268e-17	0.80121772757735	-2.19004989077673e-05	33.4711244811384	0.2
16.575	0.1	2.10151369301702e-17	0.801268038568124	-2.28203818806699e-05	33.4470872101693	0.2
16.725	0.1	-6.35721988881178e-17	0.801320464080741	-2.37800736705664e-05	33.4230483988244	0.2
16.875	0.1	-1.83206772300216e-16	0.801375095708382	-2.47813733638706e-05	33.3990079823244	0.2
17.025	0.1	-3.0766323094237e-16	0.801432029189265	-2.58261652899667e-05	33.3749658930818	0.2
17.175	0.1	-3.81364561445402e-16	0.801491364602234	-2.6916423984127e-05	33.3509220605731	0.2
17.325	0.1	-3.30488291798842e-16	0.801553206573984	-2.80542174769404e-05	33.3268764112057	0.2
17.475	0.1	-8.3986905199691e-17	0.801617664495263	-2.92417123904662e-05	33.3028288681787	0.2
17.625	0.1	3.90975395067764e-16	0.801684852748131	-3.0481178783925e-05	33.278779351336	0.2
17.775	0.1	1.04501310195237e-15	0.801754890943207	-3.17749945328944e-05	33.2547277770138	0.200000000000001
17.925	0.1	1.70804698134811e-15	0.801827904169157	-3.31256509673306e-05	33.2306740578794	0.200000000000001
18.075	0.1	2.07823967879778e-15	0.801904023254412	-3.45357576841322e-05	33.2066181027636	0.200000000000002
18.225	0.1	1.76353643624308e-15	0.801983385036287	-3.60080486037518e-05	33.1825598164842	0.200000000000001
18.375	0.1	3.95199898925149e-16	0.802066132651954	-3.75453873982884e-05	33.1584990996614	0.2
18.525	0.1	-2.18608767455066e-15	0.802152415832062	-3.91507726961674e-05	33.134435848525	0.199999999999998
18.675	0.1	-5.70351778430402e-15	0.802242391215162	-4.0827345649143e-05	33.1103699547115	0.199999999999995
18.825	0.1	-9.25008990568908e-15	0.802336222672903	-4.25783944350721e-05	33.0863013050521	0.199999999999993
18.975	0.1	-1.12380815866037e-14	0.802434081648911	-4.44073620952264e-05	33.0622297813511	0.199999999999991
19.125	0.1	-9.61759733437568e-15	0.80253614751457	-4.63178518072144e-05	33.0381552601532	0.199999999999992
19.275	0.1	-2.45882824062241e-15	0.802642607936639	-4.8313634476063e-05	33.0140776125003	0.199999999999998
19.425	0.1	1.11017671940368e-14	0.80275365926239	-5.03986548355234e-05	32.989996703677	0.200000000000009
19.575	0.1	2.97114035901218e-14	0.802869506917589	-5.25770386419388e-05	32.9659123929445	0.200000000000024
19.725	0.1	4.88082674320851e-14	0.802990365822672	-5.48530989911156e-05	32.9418245332619	0.200000000000039
19.875	0.1	6.03299834073106e-14	0.803116460820404	-5.72313433684504e-05	32.9177329709951	0.200000000000048
20.025	0.1	5.37393688075123e-14	0.803248027121945	-5.97164804806425e-05	32.8936375456127	0.200000000000043
20.175	0.1	1.88400311101436e-14	0.803385310767165	-6.23134264171837e-05	32.8695380893678	0.200000000000015
20.325	0.1	-4.95887553897852e-14	0.80352856909721	-6.50273113446759e-05	32.8454344269667	0.19999999999996
20.475	0.1	-1.46062954689053e-13	0.803678071244055	-6.78634855993485e-05	32.821326375222	0.199999999999883
20.625	0.1	-2.4924958930727e-13	0.803834098630512	-7.08275248684924e-05	32.7972137426921	0.199999999999801
20.775	0.1	-3.19971769924844e-13	0.803996945486381	-7.39252359563127e-05	32.7730963293042	0.199999999999744
20.925	0.1	-3.05329525392543e-13	0.804166919370425	-7.7162660931164e-05	32.7489739259629	0.199999999999756
21.075	0.1	-1.51341550690755e-13	0.804344341706097	-8.05460816165552e-05	32.724846314142	0.199999999999879
21.225	0.1	1.75404928216645e-13	0.804529548322068	-8.40820217699213e-05	32.7007132654606	0.20000000000014
21.375	0.1	6.59972224402474e-13	0.804722890001692	-8.77772489228525e-05	32.6765745412427	0.200000000000528
21.525	0.1	1.21240264353033e-12	0.804924733029827	-9.16387763076114e-05	32.6524298920604	0.20000000000097
21.675	0.1	1.65365988707265e-12	0.805135459745432	-9.56738598953919e-05	32.6282790572606	0.200000000001323
21.825	0.1	1.72805104032423e-12	0.805355469084818	-9.98899975719027e-05	32.6041217644753	0.200000000001382
21.975	0.1	1.15437364165086e-12	0.805585177120302	-0.000104294923211737	32.5799577291152	0.200000000000924
22.125	0.1	-2.7942480243226e-13	0.805825017584134	-0.00010889660037599	32.5557866538479	0.199999999999776
22.275	0.1	-2.58725447149541e-12	0.806075442374038	-0.000113703212559641	32.5316082280602	0.19999999999793
22.425	0.1	-5.44978634027947e-12	0.806336922033829	-0.000118723150936863	32.507422127306	0.19999999999564
22.575	0.1	-8.12138457858756e-12	0.806609946201462	-0.00012396499735504	32.4832280127393	0.199999999993503
22.725	0.1	-9.44091796165993e-12	0.806895024018797	-0.000129437505895277	32.4590255305354	0.199999999992447
22.875	0.1	-8.00698075547551e-12	0.807192684489058	-0.000135149578066744	32.4348143113	0.199999999993594
23.025	0.1	-2.55332502810767e-12	0.807503476778746	-0.000141110234556892	32.4105939694676	0.199999999997957
23.175	0.1	7.49237060361113e-12	0.807827970445676	-0.000147328581016378	32.3863641026937	0.200000000005994
23.325	0.1	2.1360780773513e-11	0.808166755586377	-0.000153813768302754	32.3621242912394	0.200000000017089
23.475	0.1	3.63870845283033e-11	0.808520442885912	-0.000160574945971588	32.3378740973544	0.20000000002911
23.625	0.1	4.78075232862312e-11	0.808889663555069	-0.000167621209119332	32.3136130646592	0.200000000038246
23.775	0.1	4.918720177138e-11	0.809275069138595	-0.000174961536678932	32.2893407175318	0.20000000003935
23.925	0.1	3.36984969883378e-11	0.809677331175581	-0.00018260472208613	32.2650565605014	0.200000000026959
24.075	0.1	-3.70397620687691e-12	0.810097140694059	-0.000190559294555684	32.2407600776547	0.199999999997037
24.225	0.1	-6.34526566760041e-11	0.810535207515346	-0.000198833430312779	32.2164507320604	0.199999999949238
24.375	0.1	-1.3848442219467e-10	0.810992259350272	-0.000207434855712961	32.1921279652162	0.199999999889212
24.525	0.1	-2.12265900071369e-10	0.811469040664758	-0.000216370738225557	32.1677911965264	0.199999999830187
24.675	0.1	-2.5890998174876e-10	0.811966311285399	-0.000225647568461163	32.1434398228176	0.199999999792872
24.825	0.1	-2.46510289816246e-10	0.812484844734394	-0.000235271030549366	32.1190732178997	0.199999999802792
24.975	0.1	-1.44352811388826e-10	0.813025426253236	-0.000245245861586726	32.0946907321816	0.199999999884518
25.125	0.1	6.62764252767964e-11	0.813588850505429	-0.000255575700048454	32.0702916923527	0.200000000053021
25.275	0.1	3.79317116675386e-10	0.814175918919547	-0.000266262920892371	32.0458754011384	0.200000000303454
25.425	0.1	7.52343234810784e-10	0.814787436652967	-0.000277308459157491	32.0214411371434	0.200000000601875
25.575	0.1	1.10057526133942e-09	0.815424209143413	-0.000288711621303346	31.9969881547921	0.20000000088046
25.725	0.1	1.30138132863125e-09	0.816087038219703	-0.000300469882709125	31.9725156843794	0.200000001041105
25.875	0.1	1.21322681565187e-09	0.816776717748061	-0.000312578678473323	31.948022932244	0.200000000970581
26.025	0.1	7.10296488247336e-10	0.817494028790527	-0.000325031183394762	31.9235090810767	0.200000000568237
26.175	0.1	-2.70554173180558e-10	0.818239734267221	-0.000337818093289265	31.8989732903772	0.199999999783557
26.325	0.1	-1.67965777238618e-09	0.819014573122553	-0.000350927409299686	31.8744146970738	0.199999998656274
26.475	0.1	-3.31600150736583e-09	0.819819254018099	-0.000364344234453833	31.84983241632	0.199999997347199
26.625	0.1	-4.81854864361243e-09	0.820654448596226	-0.000378050593029642	31.8252255424851	0.199999996145161
26.775	0.1	-5.70447853194108e-09	0.821520784371809	-0.000392025278208253	31.8005931503533	0.199999995436417
26.925	0.1	-5.46350796042302e-09	0.822418837339669	-0.000406243737888516	31.7759342965475	0.199999995629194
27.075	0.1	-3.70208732075579e-09	0.823349124389273	-0.000420678003014581	31.7512480211913	0.19999999703833
27.225	0.1	-3.10101644810699e-10	0.824312095629163	-0.00043529666260699	31.7265333498157	0.199999999751919
27.375	0.1	4.39932217922316e-09	0.825308126722298	-0.0004500648881843	31.7017892955149	0.200000003519458
27.525	0.1	9.64095836012879e-09	0.826337511336238	-0.000464944510885408	31.677014861341	0.200000007712767
27.675	0.1	1.42606402209396e-08	0.827400453810349	-0.000479894160759176	31.6522090429227	0.200000011408512
27.825	0.1	1.70214929305024e-08	0.828497062171073	-0.000494869482218565	31.6273708312806	0.200000013617194
27.975	0.1	1.70433847506708e-08	0.829627341682693	-0.000509823454344814	31.6024992158079	0.200000013634708
28.125	0.1	1.4280793111421e-08	0.830791189202516	-0.000524706854738973	31.5775931873861	0.200000011424634
28.275	0.1	9.83723664983849e-09	0.831988388757717	-0.000539468919528126	31.5526517416083	0.200000007869789
28.425	0.1	5.86290918774003e-09	0.833218608912906	-0.000554058254014947	31.5276738820963	0.200000004690327
28.575	0.1	4.81361227546062e-09	0.834481402657098	-0.000568424047566526	31.5026586239011	0.20000000385089
28.725	0.1	8.00636897615711e-09	0.835776210648545	-0.000582517622820363	31.4776049969729	0.200000006405095
28.875	0.1	1.37058914885817e-08	0.837102368665735	-0.000596294321849898	31.4525120496562	0.200000010964713
29.025	0.1	1.53785176098734e-08	0.838459119978615	-0.000609715694470818	31.4273788520994	0.200000012302814
29.175	0.1	1.14409140842334e-09	0.83984563309135	-0.000622751926131665	31.4022044993629	0.200000000915273
29.325	0.1	-4.4346932367567e-08	0.84126102497248	-0.000635384450353752	31.3769881138833	0.199999964522454
29.475	0.1	-1.34617234169007e-07	0.842704389655283	-0.000647608747862904	31.3517288468183	0.199999892306213
29.625	0.1	-2.72520053292297e-07	0.844174832179818	-0.000659437464145925	31.3264258777302	0.199999781983957
29.775	0.1	-4.39283020312733e-07	0.845671508525606	-0.000670904168266545	31.3010784121006	0.199999648573584
29.925	0.1	-5.84912194341209e-07	0.847193673631111	-0.000682068281554881	31.275685676376	0.199999532070245
30.075	0.1	-6.25374357981413e-07	0.848740741726754	-0.000693021842696898	31.2502469106109	0.199999499700514
30.225	0.1	-4.5288572188246e-07	0.85031236561016	-0.000703898703261137	31.2247613592598	0.199999637691423
30.375	0.1	3.56117946777379e-08	0.851908543185592	-0.000714886337596389	31.1992282610969	0.200000028489436
30.525	0.1	8.91042749776216e-07	0.853529759267216	-0.000726239594612923	31.1736468393875	0.2000007128342
30.675	0.1	2.05274433515151e-06	0.855177166841487	-0.000738294476885144	31.1480162930133	0.200001642195468
30.825	0.1	3.29367329923313e-06	0.856852803788906	-0.000751478651071116	31.1223357880666	0.200002634938639
30.975	0.1	4.19622842409116e-06	0.858559828871254	-0.000766314428073323	31.0966044474596	0.200003356982739
31.125	0.1	4.18903248266285e-06	0.860302747162884	-0.00078341017059375	31.0708213336832	0.200003351225986
31.275	0.1	2.66964658013658e-06	0.862087585116408	-0.000803438323056262	31.0449854177092	0.200002135717264
31.425	0.1	-7.80730091199171e-07	0.863921976234701	-0.000827103058371885	31.0190955262236	0.199999375415927
31.575	0.1	-6.11738928729008e-06	0.865815137281787	-0.000855107674407562	30.9931502610127	0.19999510608857
31.725	0.1	-1.25555694021679e-05	0.867777756702226	-0.000888139925246746	30.9671478891535	0.199989955544478
31.875	0.1	-1.84045957094468e-05	0.869821879289655	-0.000926899524872231	30.9410862105171	0.199985276323432
32.025	0.1	-2.11392006229072e-05	0.871960941641748	-0.000972192026953901	30.9149624184889	0.199983088639502
32.175	0.1	-1.78159126770185e-05	0.874210167231927	-0.00102510283331738	30.8887729778323	0.199985747269858
32.325	0.1	-5.87365306923343e-06	0.876587534531847	-0.0010872414718305	30.8625135464195	0.199995301077545
32.475	0.1	1.57601904961848e-05	0.879115452461826	-0.0011610106793816	30.8361789614654	0.200012608152397
32.625	0.1	4.54834253853019e-05	0.881823094052611	-0.00124981430385088	30.8097632940653	0.200036386740308
32.775	0.1	7.8111870563948e-05	0.88474906164508	-0.00135808605940358	30.7832599498219	0.200062489496451
32.925	0.1	0.000104678504588683	0.887943738287154	-0.00149101516233031	30.7566617641096	0.200083742803671
33.075	0.1	0.000113315728020797	0.891470415976013	-0.00165388073573309	30.7299610178552	0.200090652582417
33.225	0.1	9.14011658086499e-05	0.895404201203065	-0.00185099166745204	30.7031492949224	0.200073120932647
33.375	0.1	2.88211106095121e-05	0.899827888579339	-0.00208435441170573	30.676217123946	0.200023056888488
33.525	0.1	-7.81820319450303e-05	0.904824516896651	-0.00235233275100764	30.6491533974382	0.199937454374444
33.675	0.1	-0.000223450529847346	0.910467144765918	-0.00264868061653426	30.6219446307768	0.199821239576122
33.825	0.1	-0.000388680475784415	0.916807368620387	-0.00296237322462368	30.5945741954001	0.199689055619372
33.975	0.1	-0.000543466493591289	0.923865018861365	-0.0032785867617631	30.5670217114894	0.199565226805127
34.125	0.1	-0.000648193338633645	0.931621999727718	-0.00358095433038453	30.5392627957922	0.199481445329093
34.275	0.1	-0.000659747272174031	0.940023058509613	-0.00385486757294526	30.5112693205876	0.199472202182261
34.425	0.1	-0.000539327582902546	0.948985148396199	-0.00409117267552456	30.4830102549173	0.199568537933678
34.575	0.1	-0.000261014876232339	0.95841500486357	-0.00428926520849124	30.4544530470117	0.199791188099014
34.725	0.1	0.000180642685306703	0.968231987885933	-0.00445849022888373	30.4255653931632	0.200144514148245
34.875	0.1	0.000765804698729602	0.978390926406745	-0.00461702586768123	30.3963171507722	0.200612643758984
35.025	0.1	0.00144867206331828	0.988898555971466	-0.0047880602689221	30.3666821160503	0.201158937650655
35.175	0.1	0.00216158592570433	0.999817819514661	-0.00499388258055554	30.3366394158832	0.201729268740563
35.325	0.1	0.00282343534541125	1.01125682601193	-0.00524920695428299	30.306174360769	0.202258748276329
35.475	0.1	0.00335083511731794	1.02334294292704	-0.00555536928649402	30.2752787539387	0.202680668093854
35.625	0.1	0.00366977142078799	1.0361862301324	-0.00589687178362056	30.2439508113605	0.20293581713663
35.775	0.1	0.00372527488341807	1.04983915340751	-0.00624118461261359	30.2121949641434	0.202980219906734
35.925	0.1	0.00348730485225293	1.06426058985282	-0.00654195089701522	30.1800218366929	0.202789843881802
36.075	0.1	0.00295226565819778	1.07929136189589	-0.006744994102154	30.1474485924836	0.202361812526558
36.225	0.1	0.00214096333437976	1.09464608327256	-0.00679594896635616	30.1144996298217	0.201712770667504
36.375	0.1	0.00109467938226964	1.10992248701736	-0.0066480206036625	30.0812073641765	0.200875743505816
36.525	0.1	-0.000129228062028957	1.12462561400119	-0.00626837515853972	30.0476126783776	0.199896617550377
36.675	0.1	-0.00146232362869864	1.13820170247913	-0.00564198994934593	30.0137647073017	0.198830141097041
36.825	0.1	-0.00283283273550182	1.15007661520099	-0.00477236847063872	29.9797200368474	0.197733733811599
36.975	0.1	-0.00417886027869721	1.15969602795359	-0.00367919086415486	29.9455420243137	0.196656911777042
37.125	0.1	-0.0054668116870839	1.1665667794036	-0.0023935612168223	29.9113013650101	0.195626550650333
37.275	0.1	-0.00670745267342264	1.17029670538053	-0.000952019156385044	29.8770785937663	0.194634037861262
37.425	0.1	-0.00795382437847732	1.17062253937819	0.000608964409997208	29.842967493031	0.193636940497218
37.575	0.1	-0.00926411889973596	1.16740767960826	0.0022557556109738	29.8090758636657	0.192588704880211
37.725	0.1	-0.0106277980297658	1.16059514637168	0.00395554277572482	29.7755186331061	0.191497761576187
37.875	0.1	-0.011886539752374	1.15012389490836	0.00566979326849546	29.7424004518777	0.190490768198101
38.025	0.1	-0.0127184717400295	1.13585355411277	0.00734881599172412	29.7097922378268	0.189825222607976
38.175	0.1	-0.0127631566307662	1.117569034969	0.00893959873052569	29.6777163557499	0.189789474695387
38.325	0.1	-0.0119130182368036	1.09510705576395	0.0104191703230902	29.6461613858021	0.190469585410557
38.475	0.1	-0.0106778424046944	1.06853151418084	0.0118504526653831	29.6151409796824	0.191457726076244
38.625	0.1	-0.0103869223277238	1.03816276686996	0.0134338228008475	29.5847878016183	0.191690462137821
38.775	0.1	-0.0129252933859491	1.00430640805617	0.01552118098459	29.5554392095158	0.189659765291241
38.925	0.1	-0.0198196099540381	0.966723879588208	0.0185706797485706	29.5276448463286	0.18414431203677
39.075	0.1	-0.0308383632361511	0.923995666024209	0.0229920858957586	29.5020341983949	0.175329309411079
39.225	0.1	-0.0427121395336575	0.872942248919898	0.0287261914615671	29.4790437897217	0.165830288373074
39.375	0.1	-0.048778604530237	0.808968932088968	0.0344508920539759	29.4586061189334	0.16097711637581
39.525	0.1	-0.0400022340382374	0.730176142853041	0.0372882169180708	29.4399761439441	0.16799821276941
39.675	0.1	-0.00702506510262583	0.644452335777404	0.0349701648358077	29.4218056328316	0.194379947917899
39.825	0.1	0.0575644644383208	0.56644010029636	0.0286328098454835	29.4023955605049	0.246051571550657
39.975	0.1	0.157075733387421	0.504953752754288	0.0213603982712742	29.3799935897714	0.325660586709937
40.125	0.1	0.288559870961228	0.460181964824553	0.0151712727965144	29.3530624998899	0.430847896768983
40.275	0.1	0.441503854698253	0.428813292099573	0.0105653600463124	29.3205130602687	0.553203083758602
40.425	0.1	0.59942539718444	0.407347429937805	0.00733955758389413	29.2818962492261	0.679540317747552
40.575	0.1	0.74503124030909	0.392889420243131	0.00514273825114146	29.2374703596766	0.796024992247272
40.725	0.1	0.866000613734249	0.383172267503128	0.00366707622881743	29.1880713099152	0.892800490987399
40.875	0.1	0.957527157858386	0.376515273837414	0.00268255949876068	29.1348414431088	0.966021726286708
41.025	0.1	1.02101611357947	0.371765247874548	0.00202705629392005	29.0789547294734	1.01681289086358
41.175	0.1	1.06118041017914	0.368187173925686	0.0015892861613929	29.0214367341846	1.04894432814331
41.325	0.1	1.08359859885405	0.365336010139629	0.00129399904456107	28.9630923751381	1.06687887908324
41.475	0.1	1.09337251767046	0.362949424889148	0.00109074390559268	28.9045059522887	1.07469801413636
41.625	0.1	1.09464514523656	0.360874591018261	0.000945823952322127	28.84607406729	1.07571611618924
41.775	0.1	1.09057177043237	0.359023638966876	0.000836752180030065	28.7880463682442	1.0724574163459
41.925	0.1	1.08346126733506	0.357347903765901	0.000748550980337514	28.730562798014	1.06676901386804
42.075	0.1	1.07494784620958	0.35582303622563	0.000671340861129169	28.6736840669718	1.05995827696767
42.225	0.1	1.06614264375923	0.354439998802865	0.000598783354537934	28.617415526299	1.05291411500739
42.375	0.1	1.05775575009621	0.353199181553745	0.000527060050215938	28.5617256036729	1.04620460007697
42.525	0.1	1.05019343088561	0.352106231619861	0.000454171668161005	28.5065599437536	1.04015474470849
42.675	0.1	1.04363734925776	0.351168945510555	0.000379423020889073	28.4518521134347	1.03490987940621
42.825	0.1	1.03811057131933	0.350394956297369	0.000303020033917558	28.3975314804387	1.03048845705546
42.975	0.1	1.03353268567542	0.349790109135435	0.000225744411935116	28.3435287260722	1.02682614854033
43.125	0.1	1.02976477239763	0.349357457562369	0.000148692981279692	28.2897793912704	1.0238118179181
43.275	0.1	1.0266443865594	0.349096797778079	7.3076991778213e-05	28.2362258379532	1.02131550924752
43.425	0.1	1.02401088077569	0.349004632505793	7.71920992007454e-08	28.1828179991306	1.01920870462055
43.575	0.1	1.02172188118008	0.349074442746674	-6.92519464040276e-05	28.1295132701324	1.01737750494406
43.725	0.1	1.0196622272116	0.349297150663176	-0.000134037803753305	28.0762758534502	1.01572978176928
43.875	0.1	1.01774700022535	0.349661675781519	-0.000193614783512314	28.0230758145476	1.01419760018028
44.025	0.1	1.01592034211274	0.350155511983318	-0.000247528210242273	27.9698880437144	1.01273627369019
44.175	0.1	1.01415163432243	0.350765277552047	-0.000295524431900363	27.9166912580222	1.01132130745794
44.325	0.1	1.01243034284813	0.351477210793789	-0.00033753264724552	27.863467123983	1.00994427427851
44.475	0.1	1.01076051348186	0.352277598148581	-0.000373642193148775	27.8101995390481	1.00860841078549
44.625	0.1	1.00915558530718	0.353153130767982	-0.000404077661512033	27.7568740794558	1.00732446824574
44.775	0.1	1.0076339172555	0.354091190611294	-0.000429173312104219	27.70347760215	1.0061071338044
44.925	0.1	1.00621520956981	0.355080069679849	-0.000449347732346571	27.6499979775884	1.00497216765585
45.075	0.1	1.00491785084236	0.356109127235312	-0.000465079440965559	27.5964239259548	1.00393428067389
45.225	0.1	1.00375712452214	0.357168890509681	-0.00047688402328275	27.5427449294407	1.00300569961771
45.375	0.1	1.00274415513722	0.358251104909901	-0.000485293325749646	27.4889511960826	1.00219532410977
45.525	0.1	1.00188545216743	0.359348740189552	-0.000490837171118971	27.4350336547814	1.00150836173394
45.675	0.1	1.00118290813639	0.360455959482151	-0.00049402795788349	27.3809839656591	1.00094632650911
45.825	0.1	1.00063411880589	0.361568058391035	-0.00049534837652669	27.3267945342278	1.00050729504471
45.975	0.1	1.00023291130166	0.362681381425013	-0.000495242322966874	27.2724585216365	1.00018632904133
46.125	0.1	0.999969986461436	0.363793222906517	-0.000494108934972124	27.2179698463781	0.999975989169149
46.275	0.1	0.999833602082145	0.364901719051721	-0.000492299537789376	27.1633231752579	0.999866881665716
46.425	0.1	0.999810242565613	0.366005737257694	-0.000490117173329856	27.1085139031953	0.999848194052491
46.575	0.1	0.999885236980854	0.367104767788124	-0.000487818312229636	27.0535381226349	0.999908189584683
46.725	0.1	1.00004330150505	0.368198822095829	-0.000485616308246748	26.9983925840713	1.00003464120404
46.875	0.1	1.00026899357666	0.369288341029381	-0.000483686149325013	26.943074649551	1.00021519486133
47.025	0.1	1.00054707404113	0.37037411520064	-0.000482170078277722	26.8875822410765	1.0004376592329
47.175	0.1	1.00086278031158	0.371457218887815	-0.00048118369179346	26.8319137856955	1.00069022424926
47.325	0.1	1.00120201835433	0.372538958031311	-0.000480822167910804	26.7760681587762	1.00096161468347
47.475	0.1	1.00155148440312	0.373620832159403	-0.000481166312461607	26.7200446266065	1.00124118752249
47.625	0.1	1.00189872897247	0.374704509437979	-0.000482288146183803	26.6638427890739	1.00151898317798
47.775	0.1	1.00223217624133	0.375791813455224	-0.000484255775363533	26.6074625228212	1.00178574099306
47.925	0.1	1.00254111146612	0.376884719801017	-0.000487137297227217	26.5509039249835	1.0020328891729
48.075	0.1	1.0028156479991	0.377985359955121	-0.00049100349061411	26.494167257421	1.00225251839928
48.225	0.1	1.00304668394876	0.379096029446196	-0.000495929037778117	26.4372528913036	1.00243734715901
48.375	0.1	1.00322585671683	0.380219196678245	-0.000501992020532901	26.3801612519981	1.00258068537347
48.525	0.1	1.003345501738	0.381357508262672	-0.000509271442892058	26.3228927644643	1.0026764013904
48.675	0.1	1.00339861986009	0.382513786174225	-0.000517842561780498	26.2654477997897	1.00271889588807
48.825	0.1	1.00337885602902	0.383691011630462	-0.000527769867230778	26.207826624064	1.00270308482322
48.975	0.1	1.00328049035058	0.384892290349261	-0.000539097653279831	26.1500293514956	1.00262439228047
49.125	0.1	1.00309844123691	0.38612079387487	-0.000551838267664902	26.0920559044526	1.00247875298953
49.275	0.1	1.00282827923894	0.387379672083001	-0.000565958327365039	26.0339059839115	1.00226262339115
49.425	0.1	1.00246624933716	0.388671932900283	-0.000581363435764285	25.9755790545356	1.00197299946973
49.575	0.1	1.00200929892222	0.390000286803242	-0.000597882227902573	25.9170743491863	1.00160743913777
49.725	0.1	1.00145510844587	0.391366955866129	-0.000615250881156072	25.8583908979773	1.0011640867567
49.875	0.1	1.00080212175363	0.392773450020771	-0.000633099529262276	25.7995275868994	1.0006416974029
50.025	0.1	1.00004957339737	0.39422031669431	-0.000650942263067909	25.7404832504603	1.0000396587179
50.175	0.1	0.999197510728142	0.395706873926468	-0.000668172536807586	25.6812568016095	0.999358008582514
50.325	0.1	0.998246809221336	0.397230941120388	-0.000684065770214965	25.6218474004075	0.998597447377069
50.475	0.1	0.997199180209328	0.398788585332713	-0.00069779069049204	25.562254660463	0.997759344167462
50.625	0.1	0.996057170895195	0.400373903931201	-0.000708430467971239	25.5024788891987	0.996845736716156
50.775	0.1	0.994824157103763	0.40197886600429	-0.00071501396254069	25.4425213546952	0.995859325683011
50.925	0.1	0.993504329611603	0.403593234585783	-0.000716556463107501	25.3823845684674	0.994803463689282
51.075	0.1	0.992102675035971	0.405204589223067	-0.000712108256801238	25.3220725703891	0.993682140028777
51.225	0.1	0.99062495214435	0.406798463557782	-0.000700808341416232	25.261591199457	0.99249996171548
51.375	0.1	0.989077664110199	0.408358605630027	-0.000681939745984395	25.2009483325371	0.991262131288159
51.525	0.1	0.987468026769271	0.409867360107726	-0.000654982400128057	25.1401540729331	0.989974421415417
51.675	0.1	0.985803932439054	0.411306162441052	-0.000619659407505533	25.0792208717333	0.988643145951243
51.825	0.1	0.984093908473168	0.412656126074401	-0.000575972978933527	25.0181635674177	0.987275126778534
51.975	0.1	0.982347069535702	0.413898696369412	-0.00052422713384134	24.9569993329776	0.985877655628562
52.125	0.1	0.980573062654085	0.415016339681976	-0.000465035463421703	24.8957475244846	0.984458450123268
52.275	0.1	0.978782004436158	0.415993233634547	-0.000399313581087188	24.834429430216	0.983025603548926
52.425	0.1	0.976984410344748	0.416815925131251	-0.000328257152466655	24.773067924615	0.981587528275798
52.575	0.1	0.975191116486044	0.417473925719088	-0.000253307400215903	24.7116870361075	0.980152893188835
52.725	0.1	0.973413194838044	0.417960218763205	-0.000176106583112849	24.6503114417778	0.978730555870435
52.875	0.1	0.971661863090519	0.4182716586432	-9.84461081334325e-05	24.5889659049351	0.977329490472415
53.025	0.1	0.969948390212406	0.418409247852226	-2.22097047172967e-05	24.5276746736717	0.975958712169924
53.175	0.1	0.968283998478168	0.418378282771672	5.06863911958826e-05	24.4664608597272	0.974627198782535
53.325	0.1	0.966679762035492	0.418188362675452	0.000118354841175937	24.4053458175412	0.973343809628393
53.475	0.1	0.965146501629423	0.417853259140778	0.000178999211120595	24.3443485435067	0.972117201303538
53.625	0.1	0.963694674312282	0.417390645177507	0.000230975746451367	24.2834851152919	0.970955739449826
53.775	0.1	0.962334256995902	0.416821685422746	0.000272853903637574	24.2227681907486	0.969867405596722
53.925	0.1	0.961074623004765	0.416170491627092	0.000303474144938135	24.1622065853009	0.968859698403812
54.075	0.1	0.959924411758125	0.415463451815154	0.000322000839464523	24.1018049456481	0.9679395294065
54.225	0.1	0.958891393257988	0.414728447203157	0.000327967439837634	24.0415635358905	0.96711311460639
54.375	0.1	0.95798233103338	0.41399397799851	0.000321310610174441	23.9814781495612	0.966385864826704
54.525	0.1	0.957202849312586	0.413288227000399	0.000302389838026958	23.9215401573524	0.965762279450069
54.675	0.1	0.956557312090448	0.412638097527677	0.000271989384429786	23.8617366955082	0.965245849672358
54.825	0.1	0.956048723006872	0.412068268518146	0.000231300249915526	23.8020509940361	0.964838978405498
54.975	0.1	0.955678655158774	0.411600313561591	0.00018188111714382	23.7424628373393	0.964542924127019
55.125	0.1	0.95544721884362	0.411251931222831	0.000125598852973639	23.6829491430321	0.964357775074896
55.275	0.1	0.955353072684602	0.411036330699579	6.45509361560216e-05	23.6234846381228	0.964282458147682
55.425	0.1	0.955393479782573	0.410961809502826	9.73911939032987e-07	23.5640426060259	0.964314783826058
55.575	0.1	0.955564405909583	0.411031548827383	-6.28565621674695e-05	23.5045956735757	0.964451524727667
55.725	0.1	0.955860652095692	0.411243638406755	-0.000124727514728265	23.4451166048329	0.964688521676554
55.875	0.1	0.95627600988612	0.411591327227294	-0.000182585356262459	23.385579068301	0.965020807908896
56.025	0.1	0.956803425065246	0.41206348096299	-0.000234620830901722	23.3259583462945	0.965442740052197
56.175	0.1	0.957435155349917	0.412645212956431	-0.00027933656288515	23.2662319594605	0.965948124279933
56.325	0.1	0.958162909568808	0.413318644464132	-0.000315593095775955	23.2063801854604	0.966530327655047
56.475	0.1	0.958977960049114	0.414063742780933	-0.000342631270759418	23.1463864580029	0.967182368039291
56.625	0.1	0.959871225623621	0.414859183368056	-0.000360070896766972	23.0862376400822	0.967896980498896
56.775	0.1	0.960833328828969	0.415683184302651	-0.000367887675074211	23.0259241727291	0.968666663063175
56.925	0.1	0.96185463632218	0.416514267739841	-0.000366372025348863	22.9654401071737	0.969483709057744
57.075	0.1	0.962925295230218	0.417331912712222	-0.000356074644585322	22.9047830335804	0.970340236184174
57.225	0.1	0.964035279331127	0.418117075231423	-0.000337744224052902	22.8439539231497	0.971228223464901
57.375	0.1	0.965174457400163	0.418852563984182	-0.000312262746003801	22.7829569023277	0.972139565920131
57.525	0.1	0.966332692034134	0.419523271650857	-0.000280583258286216	22.7217989782294	0.973066153627308
57.675	0.1	0.967499971549978	0.420116271997553	-0.000243674112717331	22.6604897334375	0.973999977239982
57.825	0.1	0.968666571191682	0.420620800697276	-0.000202472515609406	22.5990410064208	0.974933256953345
57.975	0.1	0.969823233994197	0.42102814298958	-0.000157849041019867	22.5374665712882	0.975858587195358
58.125	0.1	0.970961357212709	0.421331453797599	-0.000110583639135124	22.4757818277852	0.976769085770168
58.275	0.1	0.972073167878749	0.421525536085392	-6.13527378209817e-05	22.4140035096092	0.977658534302999
58.425	0.1	0.973151871034058	0.421606601525465	-1.07263418267155e-05	22.3521494164517	0.978521496827246
58.575	0.1	0.974191756338296	0.421572034533263	4.08264064779399e-05	22.2902381727708	0.979353405070637
58.725	0.1	0.975188252641262	0.42142017695537	9.29249378456449e-05	22.2282890142016	0.98015060211301
58.875	0.1	0.976137924904546	0.421150146728509	0.000145259985997976	22.1663216007159	0.980910339923637
59.025	0.1	0.97703841320574	0.420761699915157	0.000197572942362819	22.1043558541265	0.981630730564592
59.175	0.1	0.977888318126604	0.420255142181383	0.000249633210816015	22.0424118162523	0.982310654501283
59.325	0.1	0.978687041007037	0.419631292882542	0.000301214665946232	21.9805095229951	0.98294963280563
59.475	0.1	0.979434590287405	0.418891502782887	0.000352072019079601	21.9186688886774	0.983547672229924
59.625	0.1	0.980131366724677	0.418037724932164	0.000401917611513703	21.8569095942523	0.984105093379742
59.775	0.1	0.980777940616766	0.417072637346315	0.000450398895063709	21.7952509723791	0.984622352493413
59.925	0.1	0.981374833472684	0.415999815817075	0.000497076639467425	21.7337118818499	0.985099866778147
60.075	0.1	0.981922315054233	0.41482395529332	0.000541403732794732	21.6723105634378	0.985537852043386
60.225	0.1	0.982420224640983	0.413551138727854	0.000582704318211806	21.6110644688882	0.985936179712787
60.375	0.1	0.982867822981742	0.412189152960815	0.000620152927286759	21.5499900544889	0.986294258385393
60.525	0.1	0.98326367891841	0.410747852053772	0.000652753199636279	21.4891025304091	0.986610943134728
60.675	0.1	0.983605592305193	0.409239569524872	0.000679315668256272	21.4284155567785	0.986884473844154
60.825	0.1	0.983890552783873	0.407679582334027	0.000698433871504281	21.3679408772363	0.987112442227099
60.975	0.1	0.984114732396034	0.40608663155145	0.000708457652560376	21.3076878803306	0.987291785916827
61.125	0.1	0.984273509105678	0.404483507862877	0.000707461888065003	21.2476630785272	0.987418807284543
61.275	0.1	0.984361518269996	0.402897714854271	0.000693208098951696	21.1878694934619	0.987489214615997
61.425	0.1	0.984372730127718	0.401362229511296	0.000663095645444467	21.1283059341251	0.987498184102174
61.575	0.1	0.984300553614294	0.399916386976786	0.000614098928001505	21.0689661516205	0.987440442891435
61.725	0.1	0.98413797026271	0.398606923435615	0.000542687913987405	21.0098378498439	0.987310376210168
61.875	0.1	0.98387770634094	0.397489213273122	0.000444732347027593	20.950901526161	0.987102165072752
62.025	0.1	0.983512456035594	0.396628728280265	0.000315396276199671	20.8921291109411	0.986809964828475
62.175	0.1	0.983035172220524	0.396102719258653	0.000149040030963545	20.8334823717416	0.986428137776419
62.325	0.1	0.982439442437517	0.3960020640809	-6.08381519121516e-05	20.7749110506251	0.985951553950014
62.475	0.1	0.981719964150071	0.396433131908189	-0.000321569822735037	20.7163507166093	0.985375971320057
62.625	0.1	0.98087312332088	0.397519376075375	-0.00064112259526942	20.657720345902	0.984698498656704
62.775	0.1	0.979897663147491	0.399402193055162	-0.00102765922694338	20.598919696769	0.983918130517993
62.925	0.1	0.978795406637538	0.402240393153924	-0.00148876203300505	20.5398266281697	0.983036325310031
63.075	0.1	0.977571972155812	0.406207463815683	-0.00203025808549348	20.4802946213784	0.98205757772465
63.225	0.1	0.976237402889389	0.411485737691787	-0.0026546398764956	20.4201508927819	0.980989922311511
63.375	0.1	0.974806629367681	0.418256694355668	-0.00335917922253262	20.3591956128262	0.979845303494145
63.525	0.1	0.973299707494772	0.426687017757806	-0.00413397517639023	20.2972028354993	0.978639765995817
63.675	0.1	0.971741824896607	0.436910757309693	-0.00496033523257281	20.233923747866	0.977393459917286
63.825	0.1	0.970163134545713	0.44900896801152	-0.00581001238993116	20.1690927204743	0.97613050763657
63.975	0.1	0.968598529096907	0.462989365745263	-0.00664583618816897	20.1024363423064	0.974878823277526
64.125	0.1	0.96708747328864	0.478769505597978	-0.00742411319416759	20.0336851620582	0.973669978630912
64.275	0.1	0.965673931338112	0.49616735787104	-0.00809880614876678	19.9625872940255	0.97253914507049
64.425	0.1	0.964406257617398	0.514902561226782	-0.00862699511192762	19.8889225086524	0.971525006093919
64.575	0.1	0.963336709140846	0.534609979316398	-0.00897464169616888	19.8125150798507	0.970669367312677
64.725	0.1	0.962520085043857	0.554864781083189	-0.00912142602945307	19.7332436495435	0.970016068035086
64.875	0.1	0.962011015591203	0.57521576858679	-0.00906354901971082	19.6510467538856	0.969608812472963
65.025	0.1	0.961859683190368	0.595221862020735	-0.00881387729337233	19.5659233660614	0.969487746552294
65.175	0.1	0.962106234077467	0.614486071983727	-0.00839948157150994	19.4779286633798	0.969684987261973
65.325	0.1	0.962774691399376	0.63268205775333	-0.00785723772974286	19.3871659904035	0.970219753119501
65.475	0.1	0.963867597901028	0.649570164046675	-0.00722852862692237	19.2937764744245	0.971094078320823
65.625	0.1	0.96536270877653	0.665002067566032	-0.00655413016292287	19.1979278684838	0.972290167021224
65.775	0.1	0.967212743000864	0.678915244418239	-0.0058701344940155	19.0998039830301	0.973770194400691
65.925	0.1	0.969348559366409	0.691319941439045	-0.00520537821340415	18.9995956396311	0.975478847493127
66.075	0.1	0.971685351898973	0.702281991201865	-0.00458043977582323	18.8974935891223	0.977348281519179
66.225	0.1	0.974130800333563	0.711904686119927	-0.00400795445052977	18.7936834104679	0.97930464026685
66.375	0.1	0.976593752787055	0.720312234417134	-0.00349382013474318	18.6883421203689	0.981275002229644
66.525	0.1	0.978992030705607	0.727636355164362	-0.00303883431809124	18.5816360936484	0.983193624564486
66.675	0.1	0.981258277294152	0.73400661118382	-0.00264037495368534	18.4737198927602	0.985006621835322
66.825	0.1	0.983343282919619	0.739544322986625	-0.00229386423945643	18.3647356819137	0.986674626335695
66.975	0.1	0.985216755275732	0.744359439558448	-0.00199388691118021	18.2548130072095	0.988173404220585
67.125	0.1	0.986865930710086	0.74854955287022	-0.00173494203015995	18.1440688215202	0.989492744568068
67.275	0.1	0.988292677942538	0.752200264218511	-0.00151187620588073	18.0326077017678	0.990634142354031
67.425	0.1	0.989509818943394	0.755386254703099	-0.00132007794458675	17.9205222424466	0.991607855154715
67.575	0.1	0.990537319998425	0.758172601784973	-0.00115551656427534	17.8078936186295	0.99242985599874
67.725	0.1	0.991398845326497	0.760616064865707	-0.00101469626935565	17.6947923046572	0.993119076261198
67.875	0.1	0.992118972706379	0.762766206344291	-0.000894576402730398	17.5812789215255	0.993695178165103
68.025	0.1	0.992721189774602	0.764666311928529	-0.000792489375077916	17.4674051742788	0.994176951819681
68.175	0.1	0.993226648075702	0.766354129142954	-0.000706071951148405	17.3532148345955	0.994581318460562
68.325	0.1	0.993653560166279	0.767862466103278	-0.000633214661501207	17.2387447242438	0.994922848133023
68.475	0.1	0.994017081097978	0.769219695087305	-0.000572027790795167	17.1240256610873	0.995213664878382
68.625	0.1	0.994329509812738	0.770450197074722	-0.000520819623153316	17.0090833387079	0.995463607850191
68.775	0.1	0.994600665693756	0.771574771403984	-0.000478082179159916	16.8939391212507	0.995680532555005
68.925	0.1	0.994838328390422	0.772611023378045	-0.000442480482557676	16.7786107449374	0.995870662712337
69.075	0.1	0.995048665135452	0.773573734126811	-0.000412842658030737	16.663112925709	0.996038932108361
69.225	0.1	0.995236602381973	0.774475211795446	-0.00038814939578498	16.5474578781435	0.996189281905578
69.375	0.1	0.995406124140316	0.775325620753164	-0.00036752228113128	16.4316557542022	0.996324899312253
69.525	0.1	0.995560496855703	0.776133285197504	-0.000350211112131904	16.3157150118559	0.996448397484562
69.675	0.1	0.99570243071222	0.776904964417093	-0.000335580647513981	16.1996427237439	0.996561944569776
69.825	0.1	0.995834191458125	0.777646098368799	-0.000323097320192223	16.0834448352535	0.9966673531665
69.975	0.1	0.995957677076184	0.778361023650966	-0.000312316402726289	15.9671263801996	0.996766141660947
70.125	0.1	0.996074471575184	0.779053161128601	-0.000302869992956804	15.8506916609695	0.996859577260147
70.275	0.1	0.996185885188738	0.779725177289782	-0.000294456051730809	15.734144398766	0.99694870815099
70.425	0.1	0.996292987237139	0.780379121879869	-0.000286828601040061	15.617487858533	0.997034389789711
70.575	0.1	0.996396635343791	0.781016544531737	-0.000279789095092176	15.5007249523176	0.997117308275033
70.725	0.1	0.996497502802333	0.78163859306729	-0.000273178910447097	15.3838583241817	0.997198002241866
70.875	0.1	0.996596104663346	0.782246095966089	-0.000266872863297065	15.2668904193034	0.997276883730677
71.025	0.1	0.99669282243906	0.782839631248918	-0.0002607736444814	15.1498235395445	0.997354257951248
71.175	0.1	0.996787927057416	0.783419583751446	-0.00025480705967767	15.0326598874804	0.997430341645933
71.325	0.1	0.996881599683369	0.783986192499538	-0.000248917968843418	14.9154016006565	0.997505279746695
71.475	0.1	0.996973950142677	0.784539589656974	-0.000243066828832204	14.7980507776357	0.997579160114141
71.625	0.1	0.997065032844482	0.785079832306185	-0.000237226755527207	14.6806094972153	0.997652026275585
71.775	0.1	0.997154860250414	0.785606928143357	-0.000231381033347209	14.5630798320273	0.997723888200331
71.925	0.1	0.997243414053427	0.786120856018261	-0.000225521010412351	14.4454638575717	0.997794731242741
72.075	0.1	0.99733065430174	0.786621582119695	-0.000219644326724635	14.327763657592	0.997864523441392
72.225	0.1	0.997416526736026	0.787109072500524	-0.000213753430011499	14.2099813265633	0.997933221388821
72.375	0.1	0.997500968610232	0.787583302541451	-0.000207854340051578	14.092118969945	0.998000774888185
72.525	0.1	0.997583913248758	0.788044263872327	-0.000201955627349536	13.974178702742	0.998067130599007
72.675	0.1	0.997665293564074	0.788491969198862	-0.000196067576352542	13.8561626468247	0.998132234851259
72.825	0.1	0.997745044726226	0.788926455420185	-0.000190201506814197	13.7380729273784	0.998196035780981
72.975	0.1	0.997823106144018	0.789347785367508	-0.000184369230286328	13.6199116687798	0.998258484915214
73.125	0.1	0.997899422888991	0.789756048445466	-0.000178582621254274	13.5016809901448	0.998319538311193
73.275	0.1	0.997973946669323	0.790151360414644	-0.000172853285271164	13.3833830007372	0.998379157335459
73.425	0.1	0.998046636441017	0.790533862516482	-0.000167192308151682	13.2650197953898	0.998437309152814
73.575	0.1	0.998117458728115	0.790903720107907	-0.000161610072869035	13.1465934500525	0.998493966982492
73.725	0.1	0.998186387711242	0.79126112094531	-0.000156116132171078	13.0281060175555	0.998549110168994
73.875	0.1	0.9982534051338	0.79160627323191	-0.000150719126781813	12.9095595236489	0.99860272410704
74.025	0.1	0.998318500067168	0.79193940352129	-0.000145426740507414	12.790955963363	0.998654800053734
74.175	0.1	0.9983816685696	0.792260754552159	-0.000140245684662198	12.6722972977165	0.99870533485568
74.325	0.1	0.998442913267871	0.792570583073232	-0.000135181705646112	12.5535854507866	0.998754330614297
74.475	0.1	0.998502242885927	0.792869157704322	-0.000130239610261233	12.4348223071449	0.998801794308742
74.625	0.1	0.998559671740574	0.793156756868766	-0.000125423304401401	12.3160097096565	0.998847737392459
74.775	0.1	0.998615219220567	0.793433666823103	-0.0001207358413098	12.1971494576294	0.998892175376453
74.925	0.1	0.998668909262295	0.793700179802381	-0.000116179476531869	12.0782433053022	0.998935127409836
75.075	0.1	0.998720769832432	0.793956592293185	-0.000111755726959132	11.9592929606487	0.998976615865946
75.225	0.1	0.998770832425612	0.794203203441591	-0.000107465432017044	11.8403000844818	0.99901666594049
75.375	0.1	0.998819131583139	0.794440313599059	-0.000103308815440178	11.7212662898317	0.999055305266511
75.525	0.1	0.998865704437036	0.794668223006292	-9.92855463014015e-05	11.6021931415776	0.999092563549629
75.675	0.1	0.998910590282386	0.794887230612414	-9.53947985025772e-05	11.4830821563088	0.999128472225909
75.825	0.1	0.998953830179745	0.795097633024973	-9.16353077815226e-05	11.3639348023933	0.999163064143796
75.975	0.1	0.998995466588472	0.795299723585006	-8.80054259645664e-05	11.244752500231	0.999196373270778
76.125	0.1	0.999035543031143	0.79549379156045	-8.45031719670335e-05	11.1255366226713	0.999228434424914
76.275	0.1	0.999074103788578	0.79568012145027	-8.11262793316887e-05	11.0062884955739	0.999259283030862
76.425	0.1	0.999111193624645	0.795858992391457	-7.78722402957008e-05	10.8870093984952	0.999288954899716
76.575	0.1	0.999146857539626	0.796030677661259	-7.47383462427041e-05	10.7677005654813	0.999317486031701
76.725	0.1	0.999181140550631	0.796195444266469	-7.17217246456297e-05	10.648363185953	0.999344912440504
76.875	0.1	0.999214087497989	0.796353552611623	-6.88193726073391e-05	10.5289984056653	0.999371269998391
77.025	0.1	0.999245742875152	0.796505256239486	-6.60281871216424e-05	10.4096073277313	0.999396594300121
77.175	0.1	0.999276150680877	0.796650801635677	-6.33449921962935e-05	10.2901910136937	0.999420920544701
77.325	0.1	0.999305354291929	0.796790428091227	-6.07665630179085e-05	10.1707504846373	0.999444283433543
77.475	0.1	0.999333396354565	0.796924367616333	-5.82896473478855e-05	10.0512867223283	0.999466717083652
77.625	0.1	0.999360318693149	0.7970528448994	-5.59109843896365e-05	9.93180067037419	0.999488254954519
77.775	0.1	0.999386162234294	0.797176077305974	-5.36273212716225e-05	9.81229323539542	0.999508929787435
77.925	0.1	0.999410966945047	0.797294274912106	-5.1435427346537e-05	9.69276528820122	0.999528773556038
78.075	0.1	0.999434771783649	0.79740764056799	-4.93321064992421e-05	9.5732176649644	0.999547817426919
78.225	0.1	0.999457614661562	0.797516369987011	-4.73142076762079e-05	9.4536511683893	0.99956609172925
78.375	0.1	0.999479532415501	0.79762065185688	-4.53786337897459e-05	9.33406656886824	0.999583625932401
78.525	0.1	0.999500560788321	0.797720667968969	-4.35223490876172e-05	9.21446460562275	0.999600448630657
78.675	0.1	0.999520734417673	0.797816593363043	-4.17423852863275e-05	9.09484598782613	0.999616587534138
78.825	0.1	0.999540086831495	0.797908596484156	-4.00358464700529e-05	8.97521139570449	0.999632069465196
78.975	0.1	0.999558650449393	0.797996839349691	-3.83999129874315e-05	8.85556148161413	0.999646920359514
79.125	0.1	0.999576456589159	0.798081477724039	-3.68318443915993e-05	8.73589687109319	0.999661165271327
79.275	0.1	0.999593535477628	0.798162661298992	-3.53289815872861e-05	8.61621816388629	0.999674828382102
79.425	0.1	0.999609916265279	0.798240533878156	-3.3888748262203e-05	8.49652593494082	0.999687933012223
79.575	0.1	0.999625627043942	0.798315233564055	-3.25086517222228e-05	8.37682073537417	0.999700501635153
79.725	0.1	0.999640694867089	0.798386892946367	-3.11862831276171e-05	8.25710309341135	0.999712555893671
79.875	0.1	0.999655145772249	0.798455639290225	-2.99193173698591e-05	8.13737351529243	0.999724116617799
80.025	0.1	0.999669004805105	0.798521594723894	-2.87055124602816e-05	8.01763248615001	0.999735203844084
80.175	0.1	0.999682296044978	0.798584876424648	-2.75427086706762e-05	7.89788047085639	0.999745836835983
80.325	0.1	0.999695042631231	0.798645596802398	-2.64288273265785e-05	7.77811791484085	0.999756034104985
80.475	0.1	0.999707266790391	0.798703863680425	-2.53618694489097e-05	7.65834524487718	0.999765813432313
80.625	0.1	0.999718989863716	0.798759780472846	-2.43399141431768e-05	7.53856286984201	0.999775191890973
80.775	0.1	0.99973023233501	0.798813446358247	-2.33611169211521e-05	7.41877118144424	0.999784185868008
80.925	0.1	0.999741013858469	0.79886495644953	-2.24237078382317e-05	7.29897055492632	0.999792811086775
81.075	0.1	0.999751353286406	0.798914401959363	-2.15259896175545e-05	7.17916134973776	0.999801082629125
81.225	0.1	0.99976126869671	0.798961870361472	-2.06663356727343e-05	7.05934391018177	0.999809014957368
81.375	0.1	0.999770777419939	0.799007445547482	-1.98431881962952e-05	6.93951856603546	0.999816621935951
81.525	0.1	0.999779896065914	0.799051207979271	-1.90550561222695e-05	6.81968563314445	0.999823916852731
81.675	0.1	0.999788640549718	0.799093234837019	-1.83005132182798e-05	6.69984541399257	0.999830912439775
81.825	0.1	0.999797026116983	0.799133600162844	-1.75781961886637e-05	6.5799981982473	0.999837620893586
81.975	0.1	0.999805067368332	0.79917237500028	-1.68868027958768e-05	6.46014426328173	0.999844053894665
82.125	0.1	0.999812778282907	0.799209627529719	-1.62250901464453e-05	6.34028387467368	0.999850222626326
82.275	0.1	0.999820172241014	0.799245423200017	-1.55918729864161e-05	6.22041728668269	0.999856137792811
82.425	0.1	0.99982726204602	0.79927982485647	-1.49860221932852e-05	6.10054474270552	0.999861809636816
82.575	0.1	0.999834059945713	0.799312892865562	-1.44064633600932e-05	5.98066647571065	0.99986724795657
82.725	0.1	0.999840577653241	0.79934468523656	-1.38521755810065e-05	5.86078270865243	0.999872462122593
82.875	0.1	0.999846826367303	0.79937525774072	-1.33221904316297e-05	5.74089365486522	0.999877461093843
83.025	0.1	0.999852816790601	0.799404664028032	-1.28155911737775e-05	5.62099951843802	0.999882253432481
83.175	0.1	0.999858559144995	0.799432955742812	-1.23315122366706e-05	5.50110049457013	0.999886847315996
83.325	0.1	0.999864063181909	0.799460182638577	-1.18691389959147e-05	5.38119676990837	0.999891250545527
83.475	0.1	0.999869338188335	0.799486392693467	-1.14277079493368e-05	5.26128852286632	0.999895470550668
83.625	0.1	0.999874392992247	0.79951163222717	-1.10065073192146e-05	5.14137592392582	0.999899514393797
83.775	0.1	0.999879235975097	0.799535946020134	-1.06048783322953e-05	5.02145913592025	0.999903388780077
83.925	0.1	0.999883875100024	0.799559377435332	-1.02222172519809e-05	4.90153831429791	0.999907100080019
84.075	0.1	0.999888317957542	0.799581968543114	-9.8579784637368e-06	4.78161360736339	0.999910654366034
84.225	0.1	0.999892571812939	0.799603760250343	-9.51167876320882e-06	4.66168515649486	0.999914057450351
84.375	0.1	0.99989664361554	0.799624792438357	-9.18290288775554e-06	4.54175309633759	0.999917314892432
84.525	0.1	0.999900539915069	0.799645104118022	-8.87131034662758e-06	4.42181755497819	0.999920431932055
84.675	0.1	0.999904266651425	0.799664733614924	-8.57664367604062e-06	4.30187865410764	0.99992341332114
84.825	0.1	0.999907828865168	0.799683718797027	-8.29873885893865e-06	4.18193650918044	0.999926263092134
84.975	0.1	0.999911230511297	0.799702097349909	-8.03753983887494e-06	4.06199122956492	0.999928984409037
85.125	0.1	0.999914474680458	0.799719907087909	-7.79312060445916e-06	3.9420429186556	0.999931579744366
85.275	0.1	0.999917564498752	0.799737186272443	-7.56571950249953e-06	3.82209167388779	0.999934051599001
85.425	0.1	0.999920504625348	0.799753973909361	-7.35578928594821e-06	3.70213758658174	0.999936403700278
85.575	0.1	0.999923302543396	0.799770310041605	-7.16406226699707e-06	3.58218074158067	0.999938642034717
85.725	0.1	0.999925967999492	0.799786236155257	-6.99162257390204e-06	3.46222121675926	0.999940774399594
85.875	0.1	0.999928508690256	0.799801795954585	-6.83997196995909e-06	3.34225908264747	0.999942806952205
86.025	0.1	0.999930921630278	0.799817036849384	-6.71108185334869e-06	3.22229440253448	0.999944737304222
86.175	0.1	0.999933183259636	0.799832012400387	-6.60745503926219e-06	3.10232723330331	0.999946546607709
86.325	0.1	0.999935246537591	0.799846785572571	-6.53228338351945e-06	2.9823576267004	0.999948197230073
86.475	0.1	0.999937056774773	0.799861432007733	-6.48986669582259e-06	2.86238562975254	0.999949645419818
86.625	0.1	0.999938594021287	0.799876042034053	-6.48650136484478e-06	2.74241128201582	0.99995087521703
86.775	0.1	0.999939932737589	0.799890720529969	-6.53196456502994e-06	2.62243460725263	0.999951946190071
86.925	0.1	0.999941279379763	0.799905585874882	-6.64142753945e-06	2.50245559926565	0.99995302350381
87.075	0.1	0.999942918938605	0.799920773218019	-6.83715344491556e-06	2.38247420667238	0.999954335150884
87.225	0.1	0.999945003080207	0.799936451737489	-7.14895528749938e-06	2.26249032801963	0.999956002464165
87.375	0.1	0.999947184829284	0.799952866902856	-7.61277289296158e-06	2.14250383205271	0.999957747863427
87.525	0.1	0.999948267799085	0.799970412499456	-8.26885867469589e-06	2.02251461029036	0.999958614239268
87.675	0.1	0.999946246727384	0.799989721650364	-9.16579436347295e-06	1.90252264304264	0.999956997381907
87.825	0.1	0.999939219264698	0.800011748500962	-1.03836778522588e-05	1.7825280169178	0.999951375411758
87.975	0.1	0.999927399187066	0.800037813935448	-1.20968313405542e-05	1.6625307912981	0.999941919349653
88.125	0.1	0.999915632303459	0.800069643277712	-1.46979338352786e-05	1.54253061559598	0.999932505842767
88.275	0.1	0.999914452727828	0.800109561747442	-1.89951506546543e-05	1.42252610128165	0.999931562182263
88.425	0.1	0.999936445364975	0.80016123249101	-2.64712155107232e-05	1.30251417747618	0.99994915629198
88.575	0.1	0.999984865286875	0.800231565262739	-3.95811006892622e-05	1.18248993968687	0.9999878922295
88.725	0.1	1.00003486833454	0.80033462355172	-6.21448726238619e-05	1.06244761793624	1.00002789466763
88.875	0.1	1.00001535344542	0.800498680373553	-0.000100291336554043	0.942382858568208	1.00001228275634
89.025	0.1	0.999809738944563	0.800779149660795	-0.000165739107836347	0.822295067731661	0.99984779115565
89.175	0.1	0.999301054149781	0.801287022345755	-0.000287242841517755	0.702185683120365	0.999440843319825
89.325	0.1	0.998479952355454	0.80226738310395	-0.000548338363983858	0.58204337842042	0.998783961884363
89.475	0.1	0.997600776528037	0.804344999856342	-0.00120817229423281	0.461798148543044	0.99808062122243
89.625	0.1	0.997297871106073	0.809312770364468	-0.00308698621682723	0.341203035451016	0.997838296884858
89.775	0.1	0.998435131889244	0.767644737171328	-0.00880300812114105	0.219529169875908	0.998748105511395
89.925	0.1	1.00111935482788	0.8	0.0143470678127696	0.111197921877319	1.00089548386231
0.075	0.3	1.37795889205067e-30	0.392138839408049	-0.0180668440272874	36.0875053708531	0.2
0.225	0.3	2.08297520793043e-30	0.790456445410725	0.00960699181101114	36.0639770404887	0.2
0.375	0.3	1.03942454737884e-30	0.79819709588269	0.00420855088295288	36.0400779841285	0.2
0.525	0.3	7.96948786790956e-31	0.800085041354525	0.00195293936293094	36.0160852147357	0.2
0.675	0.3	-4.42441344847003e-30	0.800429095462973	0.000964027844908228	35.9920728816472	0.2
0.825	0.3	-7.79162946958042e-30	0.800403847146804	0.000506630855149321	35.9680594690079	0.2
0.975	0.3	-1.71711905581715e-29	0.800316474471609	0.00028274003192722	35.9440486508184	0.2
1.125	0.3	-1.94782482641271e-29	0.80023847145892	0.000166696093066641	35.9200404805396	0.2
1.275	0.3	-2.34538491665573e-29	0.800180435541994	0.000103129181141818	35.8960343425309	0.2
1.425	0.3	-9.56965758394375e-30	0.800139322834778	6.64645505954011e-05	35.8720296544071	0.2
1.575	0.3	9.89492944476749e-30	0.800110460039326	4.43025571342921e-05	35.8480259831608	0.2
1.725	0.3	5.52442307973319e-29	0.8000900956434	3.03348514072872e-05	35.8240230268047	0.2
1.875	0.3	1.01174204034993e-28	0.800075598423749	2.1199929443962e-05	35.8000205774222	0.2
2.025	0.3	1.57773792302815e-28	0.80006519267431	1.50271019945348e-05	35.7760184908993	0.2
2.175	0.3	1.76538809740401e-28	0.800057686421232	1.07329440022916e-05	35.7520166658617	0.2
2.325	0.3	1.54697201604552e-28	0.800052272956964	7.66685055032551e-06	35.7280150297141	0.2
2.475	0.3	3.02744570761801e-29	0.800048398774198	5.42518577485067e-06	35.7040135294843	0.2
2.625	0.3	-1.82313537015976e-28	0.800045678122808	3.75010209636389e-06	35.6800121257876	0.2
2.775	0.3	-5.08940541557604e-28	0.800043837906076	2.47250411582655e-06	35.656010788797	0.2
2.925	0.3	-8.51081135366203e-28	0.800042681865363	1.47885340992775e-06	35.6320094955132	0.2
3.075	0.3	-1.13488101867592e-27	0.800042067000567	6.91274300595937e-07	35.608008227885	0.2
3.225	0.3	-1.1404927342164e-27	0.800041887813606	5.53115252447773e-08	35.5840069714932	0.2
3.375	0.3	-7.26513771545315e-28	0.800042065621042	-4.67789260402066e-07	35.5600057146162	0.2
3.525	0.3	3.17969049184142e-28	0.800042541188173	-9.06056956428123e-07	35.5360044475559	0.2
3.675	0.3	1.9461119095313e-27	0.800043269583562	-1.28006789620667e-06	35.5120031621449	0.2
3.825	0.3	4.00695445628247e-27	0.800044216530487	-1.60513819062283e-06	35.4880018513809	0.2
3.975	0.3	5.8799710508624e-27	0.80004535578848	-1.89281903056105e-06	35.4640005091531	0.2
4.125	0.3	6.78932750183043e-27	0.800046667249384	-2.15192846585323e-06	35.4399991300336	0.2
4.275	0.3	5.58131947934588e-27	0.800048135539989	-2.38928064572764e-06	35.4159977091181	0.2
4.425	0.3	1.41836748259375e-27	0.800049748981004	-2.61020091056044e-06	35.3919962419012	0.2
4.575	0.3	-6.19175718983535e-27	0.800051498809378	-2.81889820382587e-06	35.3679947241793	0.2
4.725	0.3	-1.63591507164072e-26	0.800053378587904	-3.01873775907678e-06	35.3439931519727	0.2
4.875	0.3	-2.69048221545079e-26	0.800055383754883	-3.21244055236391e-06	35.319991521464	0.2
5.025	0.3	-3.36524937268413e-26	0.800057511279502	-3.40223133012632e-06	35.2959898289474	0.2
5.175	0.3	-3.16597164219803e-26	0.800059759393017	-3.58995308070409e-06	35.2719880707872	0.2
5.325	0.3	-1.5844173268982e-26	0.800062127381312	-3.77714932341998e-06	35.2479862433838	0.2
5.475	0.3	1.59379013825713e-26	0.800064615421139	-3.96513102556977e-06	35.2239843431443	0.2
5.625	0.3	6.12342852138222e-26	0.80006722445386	-4.15502553302259e-06	35.1999823664585	0.2
5.775	0.3	1.09749435531454e-25	0.800069956082739	-4.3478164828259e-06	35.1759803096771	0.2
5.925	0.3	1.44152133757174e-25	0.80007281249504	-4.54437405770099e-06	35.1519781690936	0.2
6.075	0.3	1.41384087847941e-25	0.800075796399135	-4.7454790694835e-06	35.1279759409274	0.2
6.225	0.3	8.08692448035109e-26	0.800078910974054	-4.95184215278027e-06	35.1039736213096	0.2
6.375	0.3	-4.69438767422195e-26	0.800082159833238	-5.1641197135606e-06	35.079971206269	0.2
6.525	0.3	-2.27026190080394e-25	0.800085546992192	-5.38292534133396e-06	35.0559686917196	0.2
6.675	0.3	-4.1353021609095e-25	0.800089076847603	-5.60884069074539e-06	35.0319660734494	0.2
6.825	0.3	-5.2820144590105e-25	0.800092754158176	-5.84242440348158e-06	35.0079633471088	0.2
6.975	0.3	-4.79185738722905e-25	0.800096584034036	-6.08421798574887e-06	34.9839605081999	0.2
7.125	0.3	-1.91930826951662e-25	0.800100571927571	-6.3347518419372e-06	34.9599575520667	0.2
7.275	0.3	3.39621620361406e-25	0.800104723627467	-6.59454999721207e-06	34.9359544738843	0.2
7.425	0.3	1.00890159776135e-24	0.800109045257657	-6.86413508357252e-06	34.9119512686491	0.2
7.575	0.3	1.5676929347122e-24	0.800113543277197	-7.14403076102542e-06	34.8879479311688	0.2
7.725	0.3	1.65746653019006e-24	0.800118224480868	-7.4347659051632e-06	34.8639444560525	0.2
7.875	0.3	9.05893120865186e-25	0.800123096006457	-7.73687685303583e-06	34.8399408377	0.2
8.025	0.3	-8.86441727095547e-25	0.800128165337234	-8.0509093277946e-06	34.8159370702921	0.2
8.175	0.3	-3.52081389725559e-24	0.800133440310893	-8.37742214149946e-06	34.7919331477797	0.2
8.325	0.3	-6.1847018915907e-24	0.80013892912789	-8.71698730494364e-06	34.7679290638734	0.2
8.475	0.3	-7.38788678592857e-24	0.800144640360883	-9.07019389957993e-06	34.743924812032	0.2
8.625	0.3	-5.16339137172777e-24	0.800150582965952	-9.43764842374601e-06	34.7199203854518	0.2
8.775	0.3	2.30623059343821e-24	0.800156766295434	-9.81997725511676e-06	34.6959157770541	0.2
8.925	0.3	1.56191831858962e-23	0.800163200109492	-1.02178276714664e-05	34.671910979474	0.2
9.075	0.3	3.27319541660136e-23	0.800169894591702	-1.06318706038755e-05	34.6479059850475	0.2
9.225	0.3	4.76325694790344e-23	0.800176860363755	-1.10628007876315e-05	34.6239007857985	0.2
9.375	0.3	4.98496466560906e-23	0.800184108501908	-1.15113393623607e-05	34.5998953734257	0.2
9.525	0.3	2.59259055166638e-23	0.800191650553948	-1.19782351265756e-05	34.5758897392884	0.2
9.675	0.3	-3.60828996513264e-23	0.800199498558068	-1.24642660143303e-05	34.5518838743925	0.2
9.825	0.3	-1.38592144891119e-22	0.800207665061631	-1.29702407272997e-05	34.5278777693749	0.2
9.975	0.3	-2.64141736104824e-22	0.800216163141479	-1.34970008999733e-05	34.5038714144888	0.2
10.125	0.3	-3.66348511316772e-22	0.800225006426131	-1.40454220039694e-05	34.4798647995864	0.2
10.275	0.3	-3.68606140069961e-22	0.800234209116759	-1.46164156683356e-05	34.4558579141032	0.2
10.425	0.3	-1.78383206433583e-22	0.80024378601315	-1.52109311404025e-05	34.4318507470394	0.2
10.575	0.3	2.76775268104917e-22	0.800253752536545	-1.58299572062802e-05	34.4078432869424	0.2
10.725	0.3	9.92365341721636e-22	0.800264124756138	-1.64745240871219e-05	34.3838355218872	0.2
10.875	0.3	1.82214943003547e-21	0.800274919417224	-1.7145705797741e-05	34.359827439457	0.2
11.025	0.3	2.43381137528224e-21	0.800286153968378	-1.7844621472071e-05	34.3358190267222	0.2
11.175	0.3	2.32590633410561e-21	0.800297846593056	-1.85724388288146e-05	34.3118102702189	0.2
11.325	0.3	9.48182044400831e-22	0.800310016239161	-1.93303743713275e-05	34.2878011559266	0.2
11.475	0.3	-2.05267645710304e-21	0.800322682653591	-2.01196978726511e-05	34.2637916692446	0.2
11.625	0.3	-6.48733825799629e-21	0.800335866415241	-2.09417335538846e-05	34.2397817949674	0.2
11.775	0.3	-1.12762319560974e-20	0.800349588971696	-2.17978627846826e-05	34.2157715172597	0.2
11.925	0.3	-1.42780230599374e-20	0.80036387267702	-2.26895271204865e-05	34.1917608196291	0.2
12.075	0.3	-1.25247798680848e-20	0.800378740830889	-2.36182312916268e-05	34.167749684899	0.2
12.225	0.3	-3.06979092278964e-21	0.80039421771998	-2.45855454893233e-05	34.1437380951793	0.2
12.375	0.3	1.54939774605244e-20	0.800410328660824	-2.5593108902654e-05	34.1197260318358	0.2
12.525	0.3	4.10847793299059e-20	0.80042710004616	-2.66426329696595e-05	34.0957134754596	0.2
12.675	0.3	6.64003215421742e-20	0.800444559390861	-2.77359042758807e-05	34.0717004058331	0.2
12.825	0.3	7.84575295749427e-20	0.800462735383349	-2.88747888819691e-05	34.0476868018961	0.2
12.975	0.3	6.06451473190574e-20	0.800481657935274	-3.00612357308128e-05	34.0236726417101	0.2
13.125	0.3	-1.76116434674665e-21	0.800501358238228	-3.12972804508429e-05	33.99965790242	0.2
13.275	0.3	-1.12671263848946e-19	0.800521868819653	-3.2585049492497e-05	33.9756425602158	0.2
13.425	0.3	-2.54660146316767e-19	0.800543223602233	-3.39267648967599e-05	33.9516265902909	0.2
13.575	0.3	-3.80893726039218e-19	0.800565457967655	-3.53247480698413e-05	33.9276099667997	0.2
13.725	0.3	-4.15497895174181e-19	0.800588608821151	-3.67814252254299e-05	33.9035926628128	0.2
13.875	0.3	-2.68794922750739e-19	0.8006127146608	-3.82993322080119e-05	33.8795746502704	0.2
14.025	0.3	1.28565114693631e-19	0.800637815649473	-3.98811197447822e-05	33.8555558999332	0.2
14.175	0.3	7.74908471987491e-19	0.800663953689607	-4.15295592445658e-05	33.8315363813314	0.2
14.325	0.3	1.54264564490823e-18	0.800691172504792	-4.32475478659671e-05	33.8075160627118	0.2
14.475	0.3	2.14332364395341e-18	0.800719517719121	-4.50381156825643e-05	33.7834949109811	0.2
14.625	0.3	2.14550998828435e-18	0.800749036947351	-4.69044313216918e-05	33.7594728916486	0.2
14.775	0.3	1.07772378955837e-18	0.800779779884784	-4.88498088166424e-05	33.7354499687643	0.2
14.925	0.3	-1.36867600893186e-18	0.800811798403498	-5.08777158037635e-05	33.7114261048555	0.2
15.075	0.3	-5.05954928930629e-18	0.800845146652395	-5.29917793670198e-05	33.6874012608601	0.2
15.225	0.3	-9.13962641626829e-18	0.800879881162546	-5.5195794890255e-05	33.6633753960564	0.2
15.375	0.3	-1.18939824847957e-17	0.800916060957908	-5.74937339190418e-05	33.6393484679903	0.2
15.525	0.3	-1.09250954677306e-17	0.800953747671708	-5.98897532524182e-05	33.6153204323989	0.2
15.675	0.3	-3.80122407505361e-18	0.80099300566715	-6.23882038102375e-05	33.59129124313	0.2
15.825	0.3	1.0779185775879e-17	0.801033902165933	-6.49936394085432e-05	33.5672608520589	0.2
15.975	0.3	3.14795876674788e-17	0.801076507381599	-6.77108289066353e-05	33.5432292090001	0.2
16.125	0.3	5.29441944914649e-17	0.801120894659894	-7.05447641128747e-05	33.519196261616	0.2
16.275	0.3	6.53091703764661e-17	0.801167140626998	-7.35006725602952e-05	33.4951619553205	0.2
16.425	0.3	5.55199642914909e-17	0.801215325344083	-7.65840287775991e-05	33.4711262331784	0.2
16.575	0.3	1.11890998931265e-17	0.801265532468433	-7.98005658984132e-05	33.4470890357998	0.2
16.725	0.3	-7.29370810965075e-17	0.80131784942551	-8.31562885061642e-05	33.4230503012303	0.2
16.875	0.3	-1.87029410057172e-16	0.801372367586267	-8.66574866024622e-05	33.3990099648343	0.2
17.025	0.3	-2.99419540339572e-16	0.801429182455169	-9.03107490582135e-05	33.3749679591751	0.2
17.175	0.3	-3.551387279821e-16	0.801488393866125	-9.41229774622971e-05	33.350924213887	0.2
17.325	0.3	-2.84398335494695e-16	0.80155010618931	-9.81014028819803e-05	33.3268786555431	0.2
17.475	0.3	-2.44156059284695e-17	0.801614428546782	-0.00010225360004887	33.3028312075156	0.2
17.625	0.3	4.45763705379868e-16	0.801681475038507	-0.000106587504792089	33.2787817898303	0.2
17.775	0.3	1.06412807975428e-15	0.801751364980457	-0.000111111431091631	33.2547303190133	0.200000000000001
17.925	0.3	1.65277020679528e-15	0.80182422315177	-0.000115834088739087	33.2306767079315	0.200000000000001
18.075	0.3	1.91448597301421e-15	0.801900180057195	-0.00012076460244328	33.2066208656242	0.200000000000002
18.225	0.3	1.48209849385552e-15	0.80197937219687	-0.000125912530131616	33.182562697128	0.200000000000001
18.375	0.3	3.62635049928672e-17	0.802061942353132	-0.000131287883678922	33.1585021032924	0.2
18.525	0.3	-2.51247946636582e-15	0.802148039887755	-0.000136901149098886	33.1344389805869	0.199999999999998
18.675	0.3	-5.81399504095201e-15	0.802237821053031	-0.000142763307835635	33.1103732208991	0.199999999999995
18.825	0.3	-8.91653754131863e-15	0.802331449317488	-0.000148885858502395	33.0863047113237	0.199999999999993
18.975	0.3	-1.02600104709691e-14	0.802429095705803	-0.000155280838864442	33.0622333339401	0.199999999999992
19.125	0.3	-7.93867455993082e-15	0.802530939151244	-0.000161960849452846	33.0381589655813	0.199999999999994
19.275	0.3	-3.07648561499663e-16	0.802637166865862	-0.000168939075945269	33.014081477591	0.2
19.425	0.3	1.30932047819844e-14	0.802747974723514	-0.0001762293130778	32.9900007355694	0.200000000000011
19.575	0.3	3.04835590648018e-14	0.802863567658914	-0.000183845988361623	32.9659165991076	0.200000000000024
19.725	0.3	4.70282123207173e-14	0.802984160083003	-0.000191804185763613	32.9418289215098	0.200000000000038
19.875	0.3	5.47904793054058e-14	0.803109976311756	-0.000200119670316635	32.9177375495026	0.200000000000044
20.025	0.3	4.40089996890661e-14	0.803241251011264	-0.000208808910167435	32.8936423229311	0.200000000000035
20.175	0.3	6.06193131599018e-15	0.803378229659355	-0.000217889100846029	32.8695430744419	0.200000000000005
20.325	0.3	-6.19957068918942e-14	0.803521169018413	-0.000227378186835362	32.8454396291516	0.19999999999995
20.475	0.3	-1.52187359263652e-13	0.803670337625922	-0.000237294883782654	32.8213318043008	0.199999999999878
20.625	0.3	-2.41415692286092e-13	0.803826016296788	-0.000247658698129635	32.797219408894	0.199999999999807
20.775	0.3	-2.90798599767537e-13	0.803988498638189	-0.000258489945017208	32.7731022433231	0.199999999999767
20.925	0.3	-2.51209977073082e-13	0.804158091576028	-0.000269809765647698	32.7489800989758	0.199999999999799
21.075	0.3	-7.68795039192704e-14	0.804335115891311	-0.000281640140202258	32.7248527578286	0.199999999999939
21.225	0.3	2.53210483363991e-13	0.804519906765357	-0.000294003898559152	32.7007199920223	0.200000000000203
21.375	0.3	7.09775604473625e-13	0.80471281432867	-0.000306924727363727	32.6765815634226	0.200000000000568
21.525	0.3	1.19124860832978e-12	0.804914204215413	-0.000320427172619938	32.6524372231625	0.200000000000953
21.675	0.3	1.51664676316067e-12	0.8051244581176	-0.000334536636309431	32.6282867111694	0.200000000001213
21.825	0.3	1.44585205263323e-12	0.805343974334773	-0.000349279368376218	32.6041297556751	0.200000000001157
21.975	0.3	7.3694980236036e-13	0.805573168317926	-0.000364682450498174	32.5799660727091	0.20000000000059
22.125	0.3	-7.5829780996899e-13	0.805812473199743	-0.000380773772077709	32.5557953655759	0.199999999999393
22.275	0.3	-2.97409179023317e-12	0.806062340307851	-0.000397581997637515	32.5316173243172	0.199999999997621
22.425	0.3	-5.51660814145849e-12	0.806323239654318	-0.000415136523744668	32.507431625158	0.199999999995587
22.575	0.3	-7.60460830768213e-12	0.806595660393291	-0.000433467423399561	32.483237929939	0.199999999993916
22.725	0.3	-8.12168361275333e-12	0.806880111240126	-0.000452605377777527	32.4590358855359	0.199999999993503
22.875	0.3	-5.82962482191575e-12	0.807177120843771	-0.000472581594110785	32.4348251232662	0.199999999995336
23.025	0.3	2.38290580455821e-13	0.807487238099347	-0.000493427704882748	32.4106052582864	0.200000000000191
23.175	0.3	1.02412436667193e-11	0.807811032391813	-0.000515175651027307	32.3863758889802	0.200000000008193
23.325	0.3	2.29643520574222e-11	0.808149093761244	-0.000537857542947755	32.3621365963409	0.200000000018372
23.475	0.3	3.54118577598888e-11	0.808502032967944	-0.000561505499077043	32.3378869433501	0.200000000028329
23.625	0.3	4.28040906368723e-11	0.808870481450315	-0.000586151459924171	32.3136264743559	0.200000000034243
23.775	0.3	3.92192079141719e-11	0.809255091153154	-0.000611826974886354	32.2893547144548	0.200000000031375
23.925	0.3	1.90298009768314e-11	0.809656534212585	-0.000638562958897738	32.2650711688791	0.200000000015224
24.075	0.3	-2.09111049296706e-11	0.81007550247249	-0.000666389418946916	32.2407753223983	0.199999999983271
24.225	0.3	-7.86696829237816e-11	0.810512706816694	-0.000695335146549363	32.2164666387349	0.199999999937064
24.375	0.3	-1.44886039739183e-10	0.810968876294115	-0.000725427376327129	32.1921445600046	0.199999999884091
24.525	0.3	-2.01641876574428e-10	0.811444757013147	-0.00075669140925837	32.1678085061854	0.199999999838686
24.675	0.3	-2.23617182791459e-10	0.811941110781215	-0.000789150197138971	32.1434578746231	0.199999999821106
24.825	0.3	-1.82427978739231e-10	0.812458713468345	-0.000822823891453609	32.1190920395821	0.199999999854058
24.975	0.3	-5.44502125513955e-11	0.812998353067732	-0.000857729349968875	32.0947103518505	0.19999999995644
25.125	0.3	1.68572929059685e-10	0.813560827426318	-0.000893879604739966	32.0703121384087	0.200000000134858
25.275	0.3	4.6815811877779e-10	0.814146941616959	-0.000931283283733725	32.0458967021721	0.200000000374527
25.425	0.3	7.90306237235117e-10	0.814757504927826	-0.000969943990310693	32.0214633218202	0.200000000632245
25.575	0.3	1.04362643188663e-09	0.815393327430155	-0.00100985963718184	31.9970112517219	0.200000000834901
25.725	0.3	1.10866426277671e-09	0.816055216105813	-0.00105102173963186	31.9725397219701	0.200000000886931
25.875	0.3	8.61299890422226e-10	0.816743970497848	-0.00109341467204673	31.9480479385384	0.20000000068904
26.025	0.3	2.09916978594762e-10	0.817460377876162	-0.00113701490324644	31.9235350835714	0.200000000167934
26.175	0.3	-8.58702100770096e-10	0.818205207895304	-0.00118179022289666	31.8990003158246	0.199999999313038
26.325	0.3	-2.23535116787019e-09	0.81897920676041	-0.0012276989863814	31.8744427712663	0.199999998211719
26.475	0.3	-3.66171644136672e-09	0.819783090912846	-0.00127468940054014	31.8498615638584	0.199999997070627
26.625	0.3	-4.73862406129235e-09	0.82061754028043	-0.00132269888262553	31.825255786532	0.199999996209101
26.775	0.3	-4.98389971267304e-09	0.821483191145464	-0.00137165351713179	31.8006245123748	0.19999999601288
26.925	0.3	-3.94483715690236e-09	0.82238062870633	-0.0014214676368504	31.7759667960459	0.19999999684413
27.075	0.3	-1.35356172152267e-09	0.823310379410304	-0.00147204354359872	31.751281675431	0.199999998917151
27.225	0.3	2.70790834488125e-09	0.824272903146008	-0.00152327138254162	31.7265681735487	0.200000002166327
27.375	0.3	7.68690971771919e-09	0.825268585381502	-0.00157502918076152	31.7018253007066	0.200000006149528
27.525	0.3	1.2549336025609e-08	0.82629772933586	-0.00162718306455841	31.6770520569033	0.200000010039469
27.675	0.3	1.59368194965486e-08	0.827360548282463	-0.00167958769091771	31.6522474344578	0.200000012749456
27.825	0.3	1.65144751459672e-08	0.828457158119376	-0.0017320869508842	31.6274104208418	0.20000001321158
27.975	0.3	1.3466058136751e-08	0.829587570397833	-0.00178451504843363	31.602540001687	0.200000010772847
28.125	0.3	7.00612056077485e-09	0.830751686109518	-0.00183669809673679	31.5776351639369	0.200000005604896
28.275	0.3	-1.30622824717716e-09	0.831949290666067	-0.00188845641027335	31.5526948991236	0.199999998955017
28.425	0.3	-8.71125546928962e-09	0.83318005066182	-0.00193960768839275	31.5277182067577	0.199999993030996
28.575	0.3	-1.20653213305557e-08	0.834443513163323	-0.00198997125985791	31.5027040978258	0.199999990347743
28.725	0.3	-9.37310457682651e-09	0.835739108353833	-0.002039373494767	31.4776515983842	0.199999992501516
28.875	0.3	-1.76741752304502e-09	0.837066156355783	-0.00208765438040087	31.4525597532046	0.199999998586066
29.025	0.3	4.73467781783415e-09	0.838423878911068	-0.00213467513936288	31.4274276293579	0.200000003787742
29.175	0.3	-1.25329675178105e-09	0.839811416337399	-0.00218032668678817	31.4022543195172	0.199999998997363
29.325	0.3	-3.44986524969279e-08	0.841227849867681	-0.00222453874684799	31.3770389446303	0.199999972401078
29.475	0.3	-1.07778774145279e-07	0.842672229296973	-0.00226728966305881	31.3517806554902	0.199999913776981
29.625	0.3	-2.23150856172579e-07	0.844143605993204	-0.00230861737534271	31.3264786326698	0.199999821479315
29.775	0.3	-3.6148068104796e-07	0.845641072046916	-0.0023486326637975	31.3011320843398	0.199999710815455
29.925	0.3	-4.73853631983321e-07	0.847163807729157	-0.00238753644015471	31.2757402417109	0.199999620917094
30.075	0.3	-4.80281625822269e-07	0.848711141428994	-0.00242564326180429	31.2503023522196	0.199999615774699
30.225	0.3	-2.81734031321562e-07	0.850282628339943	-0.00246341295053796	31.224817671054	0.199999774612775
30.375	0.3	2.10139164587179e-07	0.851878155479218	-0.00250149074541399	31.1992854520121	0.200000168111332
30.525	0.3	1.02598721382694e-06	0.853498079881253	-0.00254075353518744	31.1737049387621	0.200000820789771
30.675	0.3	2.08270847974667e-06	0.855143402799354	-0.00258235560828355	31.1480753570564	0.200001666166784
30.825	0.3	3.13624293753763e-06	0.856815974827307	-0.00262776295097414	31.1223959071507	0.20000250899435
30.975	0.3	3.76937289596149e-06	0.858518715754012	-0.00267876227194644	31.0966657536429	0.200003015498317
31.125	0.3	3.44323082209667e-06	0.860255821454046	-0.00273743220759608	31.070884007547	0.200002754584658
31.275	0.3	1.63321477999722e-06	0.862032923216311	-0.00280607223969826	31.0450496934614	0.200001306571824
31.425	0.3	-1.95172040831359e-06	0.863857169175647	-0.00288710130246739	31.0191616942616	0.199998438623673
31.575	0.3	-7.10217158761546e-06	0.865737219165367	-0.00298296181633755	30.9932186679527	0.19999431826273
31.725	0.3	-1.28706499094027e-05	0.867683186129333	-0.00309609071955519	30.9672189367791	0.199989703480073
31.875	0.3	-1.74742505288187e-05	0.869706614960389	-0.00322903697778843	30.9411603570201	0.199986020599577
32.025	0.3	-1.84581736208205e-05	0.871820648956649	-0.0033848012596763	30.9150401872746	0.199985233461103
32.175	0.3	-1.32079895239833e-05	0.874040570290547	-0.00356743403681439	30.8888549802148	0.199989433608381
32.325	0.3	1.85788951695749e-07	0.876384882704258	-0.00378284547173	30.8626005236937	0.200000148631161
32.475	0.3	2.18368585030411e-05	0.87887700390587	-0.00403966009867098	30.8362718481751	0.200017469486802
32.625	0.3	4.9019186286267e-05	0.881547441079655	-0.00434981770255901	30.8098632974002	0.200039215349029
32.775	0.3	7.55599361213988e-05	0.884436057155151	-0.00472852583297638	30.7833686306531	0.200060447948897
32.925	0.3	9.20875880549039e-05	0.887593760652233	-0.00519316744894636	30.7567810952673	0.200073670070444
33.075	0.3	8.74446177403804e-05	0.891082766315415	-0.00576090983321131	30.7300933882855	0.200069955694192
33.225	0.3	5.13117708205337e-05	0.894974588461482	-0.00644506682732873	30.7032974283943	0.200041049416656
33.375	0.3	-2.22881486104524e-05	0.899345232080913	-0.00725070249887644	30.6763838915224	0.199982169481112
33.525	0.3	-0.000131340980853801	0.904267664407601	-0.00817043810821691	30.6493415252071	0.199894927215317
33.675	0.3	-0.000263072070264674	0.909802514562808	-0.00918179110582837	30.6221563358344	0.199789542343788
33.825	0.3	-0.000393133056660014	0.915988881714881	-0.0102474602638068	30.5948108168048	0.199685493554672
33.975	0.3	-0.000487550612884668	0.922837844532801	-0.0113196113329618	30.5672834282537	0.199609959509692
34.125	0.3	-0.000507668625056769	0.930331401863623	-0.0123483291163081	30.5395485293704	0.199593865099955
34.275	0.3	-0.000417554399403218	0.938428825561668	-0.0132930731393989	30.5115768961571	0.199665956480477
34.425	0.3	-0.000192585694792875	0.94708067990615	-0.0141345393385414	30.483336842657	0.199845931444166
34.575	0.3	0.000172597957891785	0.956248356437943	-0.0148833420067696	30.4547958299685	0.200138078366313
34.725	0.3	0.00065873628948829	0.965924603144845	-0.0155819680662296	30.4259223301075	0.200526989031591
34.875	0.3	0.00122079833025008	0.976149102063068	-0.0162978109277487	30.3966876442785	0.2009766386642
35.025	0.3	0.00179186096566957	0.98701336185096	-0.0171075090101899	30.3670673804972	0.201433488772536
35.175	0.3	0.00229172062704255	0.998651157455949	-0.0180755074503226	30.3370423807957	0.201833376501634
35.325	0.3	0.00263875724368995	1.01121394869824	-0.0192317535384493	30.3065990399802	0.202111005794952
35.475	0.3	0.00276263417952354	1.02483426502616	-0.0205540315009604	30.2757291403221	0.202210107343619
35.625	0.3	0.00261505244890676	1.03958309883009	-0.0219595142863539	30.2444294859581	0.202092041959125
35.775	0.3	0.00217619035756448	1.05542928626901	-0.0233080456596368	30.2127016989534	0.201740952286052
35.925	0.3	0.00145563469109213	1.07220926626704	-0.0244170815155299	30.1805524931733	0.201164507752874
36.075	0.3	0.000488242392778241	1.08961420783394	-0.0250857026313075	30.1479945641764	0.200390593914223
36.225	0.3	-0.000673104936664593	1.10719820175723	-0.0251231366568485	30.1150479616998	0.199461516050668
36.375	0.3	-0.00196517404909415	1.12440649326925	-0.0243761915681616	30.0817415346091	0.198427860760725
36.525	0.3	-0.00332045485742153	1.14061795242183	-0.0227502134200838	30.0481138891743	0.197343636114063
36.675	0.3	-0.00467167282103468	1.15519322300187	-0.0202196926623061	30.0142134263647	0.196262661743172
36.825	0.3	-0.00595731567576582	1.16752094200031	-0.0168270490737277	29.9800975001421	0.195234147459387
36.975	0.3	-0.00713175863195829	1.17705861649616	-0.0126706175681641	29.945831439639	0.194294593094433
37.125	0.3	-0.0081807067284298	1.18336862915477	-0.00788476319390712	29.91148866266	0.193455434617256
37.275	0.3	-0.00913522143453781	1.1861485318216	-0.00261648370745727	29.8771527118993	0.19269182285237
37.425	0.3	-0.0100688973257791	1.18524687388802	0.0029954665859295	29.8429203258289	0.191944882139377
37.575	0.3	-0.0110609344227912	1.18064766139915	0.00883111543044305	29.808902090445	0.191151252461767
37.725	0.3	-0.012122261897965	1.17240997433179	0.014782386846753	29.7752156420711	0.190302190481628
37.875	0.3	-0.0131146306991018	1.16057189551949	0.0207296602752258	29.7419684345676	0.189508295440719
38.025	0.3	-0.013729634301174	1.14506417475955	0.0265208505797735	29.7092342415742	0.189016292559061
38.175	0.3	-0.0136051184156682	1.12570594741075	0.0319938826680378	29.6770376990511	0.189115905267465
38.325	0.3	-0.0126078032782167	1.1023295437544	0.0370839380593686	29.6453675717814	0.189913757377427
38.475	0.3	-0.0111958499631662	1.07497127586803	0.0420066653976103	29.6142334353943	0.191043320029467
38.625	0.3	-0.0106352702586631	1.04393901586197	0.0474286938926947	29.5837577473379	0.191491783793069
38.775	0.3	-0.0127727429175228	1.00959405857655	0.0545119852273138	29.5542617120987	0.189781805665982
38.925	0.3	-0.0191753913966617	0.971877678150638	0.0647577292728766	29.52627697231	0.184659686882671
39.075	0.3	-0.0297806047833724	0.929729107676785	0.0795021029760298	29.5004217237781	0.176175516173302
39.225	0.3	-0.0416270053428583	0.880510912271518	0.0986010973477465	29.4771383206761	0.166698395725713
39.375	0.3	-0.0484401757988841	0.820019532023075	0.117945844100179	29.4563877968297	0.161247859360893
39.525	0.3	-0.0415233664525095	0.745510477823898	0.128292802232238	29.4374704024243	0.166781306837992
39.675	0.3	-0.0116643602862426	0.662456894631081	0.121658943114868	29.4190866333038	0.190668511771006
39.825	0.3	0.048685036292403	0.584165235079793	0.100879822257964	29.3995775013608	0.238948029033922
39.975	0.3	0.143298123337099	0.5204873324872	0.0760955996660912	29.3772110938381	0.314638498669679
40.125	0.3	0.270039482033787	0.473008552814799	0.0545499815860961	29.3504478954997	0.41603158562703
40.275	0.3	0.419430168428001	0.439096436776922	0.0383079894810244	29.3181751443653	0.535544134742401
40.425	0.3	0.575830319250223	0.415451990357488	0.0268289551189888	29.279901239109	0.660664255400179
40.575	0.3	0.722130629883909	0.399206964037325	0.0189473497465141	29.2358328604061	0.777704503907127
40.725	0.3	0.845476530399267	0.388065447505989	0.0136056957676053	29.1867617229321	0.876381224319414
40.875	0.3	0.940207565653375	0.38029588067104	0.0100052728286828	29.1338048788056	0.9521660525227
41.025	0.3	1.00699260022734	0.374687215350712	0.00758061956776094	29.0781302746854	1.00559408018188
41.175	0.3	1.05010956275216	0.370449918731799	0.0059419392650509	29.0207699051027	1.04008765020173
41.325	0.3	1.07496973105166	0.367092791511951	0.00482386870472864	28.962540159038	1.05997578484133
41.475	0.3	1.08667040545022	0.364316521419267	0.00404686399300944	28.904037064165	1.06933632436018
41.625	0.3	1.08942372330314	0.361939387094135	0.00348972033437536	28.8456670920626	1.07153897864251
41.775	0.3	1.08647499227284	0.359851185370768	0.00307062967497843	28.7876874158118	1.06917999381827
41.925	0.3	1.08021911843023	0.357986090967753	0.00273445227325673	28.7302433856175	1.06417529474419
42.075	0.3	1.07236334270315	0.356306655179152	0.00244433122442786	28.6733994296508	1.05789067416252
42.225	0.3	1.06407717056451	0.354793949523169	0.00217621086581484	28.6171633393207	1.0512617364516
42.375	0.3	1.05611554502508	0.353441034611402	0.00191520407569274	28.5615050386133	1.04489243602007
42.525	0.3	1.04891798164878	0.352248288521519	0.00165308188741905	28.5063709802273	1.03913438531903
42.675	0.3	1.04268971851354	0.35121989473759	0.00138642548245083	28.4516950459816	1.03415177481083
42.825	0.3	1.03746947067595	0.350361188106882	0.00111518119291579	28.3974065769798	1.02997557654076
42.975	0.3	1.03318611504983	0.349676734013226	0.000841493668609504	28.3434360059662	1.02654889203986
43.125	0.3	1.02970506954149	0.349169066475766	0.000568767978362133	28.2897184978178	1.0237640556332
43.275	0.3	1.02686454337111	0.348838001624606	0.000300942291520563	28.2361959840872	1.02149163469688
43.425	0.3	1.0245019758567	0.348680418659664	4.19564640976843e-05	28.1828179676607	1.01960158068536
43.575	0.3	1.02247146438591	0.348690385584247	-0.000204605731147288	28.1295414522813	1.01797717150873
43.725	0.3	1.02065348347666	0.348859509619886	-0.000435730995119758	28.0763303119259	1.01652278678133
43.875	0.3	1.0189585225074	0.349177409421304	-0.000649081179967488	28.0231543600072	1.01516681800592
44.025	0.3	1.01732635684328	0.349632230840259	-0.00084302012843694	27.9699883160333	1.01386108547462
44.175	0.3	1.01572254370466	0.350211153152841	-0.00101658925372577	27.9168108060842	1.01257803496373
44.325	0.3	1.01413347219477	0.35090085393902	-0.00116945184049851	27.8636034796488	1.01130677775582
44.475	0.3	1.01256097479857	0.351687916444928	-0.00130181984889327	27.8103502825115	1.01004877983886
44.625	0.3	1.01101718828052	0.352559173461882	-0.00141437211817918	27.757036894382	1.00881375062441
44.775	0.3	1.00952007494741	0.353501987692323	-0.00150816951799823	27.7036503198824	1.00761605995793
44.925	0.3	1.00808979873836	0.354504471638191	-0.00158457058247914	27.6501786103743	1.00647183899069
45.075	0.3	1.0067459967	0.355555651452904	-0.0016451501001641	27.5966106896324	1.00539679736
45.225	0.3	1.00550588779872	0.356645579793133	-0.00169162262661963	27.5429362563981	1.00440471023898
45.375	0.3	1.0043831062569	0.357765402993139	-0.00172577261920572	27.4891457395634	1.00350648500552
45.525	0.3	1.00338712362495	0.358907388100059	-0.00174939265922782	27.4352302857938	1.00270969889996
45.675	0.3	1.0025231219485	0.360064915514764	-0.00176423092721126	27.381181763847	1.0020184975588
45.825	0.3	1.00179219119475	0.361232443150474	-0.00177194870216061	27.3269927740935	1.0014337529558
45.975	0.3	1.00119174139963	0.362405448096062	-0.00177408820052929	27.2726566554769	1.0009533931197
46.125	0.3	1.00071603963846	0.36358035170383	-0.00177205059559212	27.2181674852065	1.00057283171077
46.275	0.3	1.0003568013432	0.36475443377903	-0.00176708362253089	27.1635200688593	1.00028544107456
46.425	0.3	1.00010378326928	0.365925741138523	-0.00176027781384727	27.1087099203036	1.00008302661542
46.575	0.3	0.999945340896342	0.367092995246263	-0.00175257015510095	27.0537332320451	0.999956272717073
46.725	0.3	0.9998689260387	0.368255502964866	-0.0017447538040448	26.9985868373235	0.99989514083096
46.875	0.3	0.999861511009782	0.369413073732359	-0.00173749247065241	26.9432681656454	0.999889208807826
47.025	0.3	0.999909934020615	0.370565945719181	-0.00173133809039098	26.8877751935183	0.999927947216492
47.175	0.3	1.00000116683204	0.371714722779465	-0.00172675050901134	26.8321063920221	1.00000093346563
47.325	0.3	1.00012251026982	0.372860323303595	-0.00172411800711838	26.7762606725896	1.00009800821586
47.475	0.3	1.00026172629002	0.374003941409594	-0.00172377759865962	26.7202373320185	1.00020938103202
47.625	0.3	1.0004071170803	0.375147020275988	-0.00172603412030244	26.6640359973674	1.00032569366424
47.775	0.3	1.00054756242311	0.3762912368021	-0.00173117717777855	26.6076565710335	1.00043804993849
47.925	0.3	1.00067252644451	0.377438496165786	-0.00173949502594573	26.5510991760209	1.0005380211556
48.075	0.3	1.0007720441326	0.378590934211359	-0.00175128444316245	26.494364101215	1.00061763530608
48.225	0.3	1.00083669682168	0.379750924937683	-0.00176685563002675	26.4374517464192	1.00066935745734
48.375	0.3	1.00085758437381	0.380921089660289	-0.00178653114348938	26.3803625669997	1.00068606749905
48.525	0.3	1.00082630019256	0.382104303716498	-0.00181063789779746	26.3230970182474	1.00066104015405
48.675	0.3	1.00073491359182	0.383303695902819	-0.00183949135763823	26.2656554999985	1.00058793087346
48.825	0.3	1.00057596250506	0.384522635237694	-0.00187337125087402	26.2080383026536	1.00046077000405
48.975	0.3	1.00034245811829	0.385764699216493	-0.00191248847273338	26.1502455564784	1.00027396649463
49.125	0.3	1.00002790178664	0.387033617575602	-0.00195694337074417	26.092277186908	1.00002232142932
49.275	0.3	0.999626313573874	0.388333185826468	-0.00200667630655667	26.0341328794627	0.999701050859099
49.425	0.3	0.99913227095156	0.389667143605221	-0.00206141229080144	25.9758120587218	0.999305816761248
49.575	0.3	0.998540955618646	0.391039014321304	-0.0021206025471326	25.9173138865011	0.998832764494917
49.725	0.3	0.997848206051897	0.392451904796211	-0.00218336701927282	25.8586372848119	0.998278564841518
49.875	0.3	0.997050573267785	0.393908266591375	-0.00224844297454392	25.7997809892144	0.997640458614228
50.025	0.3	0.996145377345646	0.395409624499481	-0.00231414582018902	25.7407436376917	0.996916301876517
50.175	0.3	0.9951307624963	0.396956282037725	-0.00237834883697401	25.6815238990398	0.99610460999704
50.325	0.3	0.994005748806269	0.398547018433585	-0.00243848852970242	25.6221206429403	0.995204599045015
50.475	0.3	0.992770279177928	0.400178796062879	-0.00249160150320478	25.5625331513356	0.994216223342342
50.625	0.3	0.991425260344662	0.401846501007085	-0.00253439706106882	25.5027613675554	0.993140208275729
50.775	0.3	0.989972597097315	0.403542741685732	-0.00256336708236887	25.4428061760242	0.991978077677852
50.925	0.3	0.988415218963986	0.405257730768178	-0.00257493130237365	25.382669701608	0.990732175171189
51.075	0.3	0.986757098526349	0.406979273302397	-0.00256561223219792	25.3223556140917	0.989405678821079
51.225	0.3	0.985003260365423	0.408692879012041	-0.00253223008185908	25.2618694203578	0.988002608292338
51.375	0.3	0.983159779389053	0.410382009174657	-0.00247210478378646	25.2012187249555	0.986527823511242
51.525	0.3	0.981233767119134	0.412028458984866	-0.00238325012791246	25.1404134392621	0.984987013695308
51.675	0.3	0.97923334453657	0.413612865790575	-0.00226454456714184	25.0794659205437	0.983386675629256
51.825	0.3	0.977167600401042	0.415115323283164	-0.00211586464749737	25.0183910249361	0.981734080320833
51.975	0.3	0.975046534625582	0.416516072905845	-0.00193817014916506	24.9572060625047	0.980037227700466
52.125	0.3	0.972880987249138	0.417796237524886	-0.00173353446000152	24.8959306477212	0.978304789799311
52.275	0.3	0.970682554671121	0.41893855950358	-0.00150511874469378	24.8345864444056	0.976546043736896
52.425	0.3	0.968463495863638	0.419928105911978	-0.00125709329710382	24.7731968098657	0.97477079669091
52.575	0.3	0.966236631989556	0.420752907302338	-0.000994513307559725	24.7117863481	0.972989305591645
52.725	0.3	0.964015242976736	0.421404502405886	-0.000723158592972917	24.6503803861354	0.971212194381389
52.875	0.3	0.961812963966615	0.421878368094994	-0.000449347432303609	24.589004390649	0.969450371173292
53.025	0.3	0.959643683144755	0.422174220819541	-0.000179733714225584	24.5276833439737	0.967714946515804
53.175	0.3	0.957521440443974	0.422296181508856	7.89053378165513e-05	24.466441099593	0.966017152355179
53.325	0.3	0.955460324251908	0.422252800146118	0.000319885833311289	24.4052997375604	0.964368259401527
53.475	0.3	0.953474361195954	0.422056938816521	0.000536835015380892	24.3442789402219	0.962779488956763
53.625	0.3	0.951577392424841	0.421725513629101	0.000723907694667524	24.2833954084013	0.961261913939873
53.775	0.3	0.94978292948319	0.421279097198229	0.000875998303503673	24.2226623379056	0.959826343586552
53.925	0.3	0.948103983828513	0.420741385371654	0.000988943844750942	24.1620889757535	0.958483187062811
54.075	0.3	0.946552866551922	0.420138535318233	0.00105971054635838	24.1016802747117	0.957242293241537
54.225	0.3	0.945140958772768	0.419498387338993	0.00108655446165132	24.0414366632456	0.956112767018214
54.375	0.3	0.943878458121586	0.418849589743725	0.00106914430278193	23.9813539455485	0.955102766497269
54.525	0.3	0.94277411212405	0.418220654248493	0.00100863410411804	23.9214233426727	0.95421928969924
54.675	0.3	0.941834954404696	0.417638977591227	0.00090767431718386	23.8616316808584	0.953467963523757
54.825	0.3	0.941066063611672	0.417129872207331	0.000770352785077378	23.8019617270374	0.952852850889337
54.975	0.3	0.940470367013596	0.416715653593545	0.000602061570034355	23.7423926644815	0.952376293610877
55.125	0.3	0.940048510177384	0.416414833358995	0.000409291371178781	23.6829006941399	0.952038808141907
55.275	0.3	0.939798810634975	0.416241464225555	0.000199361622994903	23.6234597399887	0.95183904850798
55.425	0.3	0.939717307041412	0.416204676197192	-1.98994623145791e-05	23.5640422303628	0.95177384563313
55.575	0.3	0.939797906492857	0.41630843216038	-0.000240505430027199	23.5046199224186	0.951838325194286
55.725	0.3	0.940032622771605	0.416551517069785	-0.000454669670209092	23.4451647341136	0.952026098217284
55.875	0.3	0.940411888020709	0.416927759161206	-0.000655146652694051	23.3856495477682	0.952329510416567
56.025	0.3	0.940924912292556	0.417426465573926	-0.000835532943991608	23.3260489514857	0.952739929834045
56.175	0.3	0.941560060151972	0.418033040270097	-0.000990508057373063	23.266339889312	0.953248048121578
56.325	0.3	0.942305212527509	0.418729740509777	-0.00111600059771418	23.2065021975797	0.953844170022007
56.475	0.3	0.943148085453383	0.419496520552672	-0.00120927193129446	23.1465190127724	0.954518468362706
56.625	0.3	0.944076484771911	0.420311908300676	-0.00126891691400861	23.0863770446957	0.955261187817528
56.775	0.3	0.945078486043953	0.421153862309364	-0.00129478818382389	23.0260667169397	0.956062788835162
56.925	0.3	0.946142540101035	0.422000562490394	-0.00128785637263345	22.9655821838577	0.956914032080828
57.075	0.3	0.947257514963983	0.42283109697546	-0.00125002273961031	22.9049212390023	0.957806011971186
57.225	0.3	0.948412692569182	0.423626018824886	-0.00118390285809153	22.8440851338387	0.958730154055346
57.375	0.3	0.949597742758756	0.42436775827098	-0.00109260009334923	22.7830783275158	0.959678194207005
57.525	0.3	0.950802696924966	0.425040887789988	-0.00097948593618293	22.7219081886581	0.960642157539973
57.675	0.3	0.952017939939596	0.425632247525718	-0.000848001252536048	22.6605846688696	0.961614351951677
57.825	0.3	0.953234232556933	0.426130946755225	-0.000701488710060118	22.5991199652964	0.962587386045546
57.975	0.3	0.954442768729126	0.426528262836876	-0.000543062596861064	22.5375281866251	0.963554214983301
58.125	0.3	0.955635264652757	0.426817462358619	-0.000375518425536822	22.4758250336572	0.964508211722206
58.275	0.3	0.956804070099172	0.42699357020735	-0.00020128146735303	22.4140275024203	0.965443256079338
58.425	0.3	0.957942288490523	0.42705311138722	-2.23908900751956e-05	22.3521536148341	0.966353830792419
58.575	0.3	0.959043890627714	0.426993848083879	0.000159485456620553	22.2902221793787	0.967235112502171
58.725	0.3	0.960103807657083	0.426814531282623	0.00034301140718516	22.2282525820281	0.968083046125666
58.875	0.3	0.961117991970201	0.426514682415517	0.000527123963991365	22.166264605907	0.96889439357616
59.025	0.3	0.962083438185895	0.426094416906407	0.000710961529413357	22.1042782766577	0.969666750548716
59.175	0.3	0.962998161393862	0.425554317751995	0.00089378384385394	22.0423137293072	0.970398529115089
59.325	0.3	0.963861134002221	0.424895364226821	0.00107488770967706	21.980391091457	0.971088907201777
59.475	0.3	0.964672186421753	0.424118918171045	0.00125352160979958	21.9185303768314	0.971737749137403
59.625	0.3	0.965431879712527	0.423226768339842	0.00142880135590828	21.8567513825849	0.972345503770021
59.775	0.3	0.966141360161842	0.422221231927215	0.00159962798644154	21.7950735832513	0.972913088129474
59.925	0.3	0.966802206560199	0.421105311598195	0.00176460832984924	21.7335160137974	0.973441765248159
60.075	0.3	0.967416280802636	0.419882906093017	0.00192197800265051	21.672097133889	0.973933024642109
60.225	0.3	0.967985591537538	0.418559072591845	0.00206952614989715	21.6108346651804	0.974388473230031
60.375	0.3	0.968512179116707	0.417140339407062	0.00220452094521402	21.5497453931803	0.974809743293366
60.525	0.3	0.968998028284243	0.415635068091149	0.00232363466286041	21.4888449250291	0.975198422627395
60.675	0.3	0.969445013089799	0.41405386466501	0.00242286683393605	21.4281473943441	0.975556010471839
60.825	0.3	0.969854876620973	0.41241004052087	0.00249746332460734	21.3676651041304	0.975883901296778
60.975	0.3	0.970229246482844	0.410720124998147	0.0025418278054822	21.3074080985621	0.976183397186276
61.125	0.3	0.970569685611454	0.409004434304094	0.00254941977198125	21.2473836540577	0.976455748489163
61.275	0.3	0.970877776998323	0.407287706165236	0.00251263006072157	21.1875956792534	0.976702221598658
61.425	0.3	0.971155240092513	0.405599817078295	0.00242262127536056	21.1280440118267	0.976924192074011
61.575	0.3	0.971404075724697	0.403976609452605	0.00226911811631927	21.0687235971735	0.977123260579758
61.725	0.3	0.971626734845794	0.40246086820635	0.00204013380649671	21.0096235292804	0.977301387876635
61.875	0.3	0.971826303462532	0.401103497291469	0.00172162722127106	20.9507259276559	0.977461042770025
62.025	0.3	0.972006691004694	0.399964950041317	0.00129710531133583	20.8920046164658	0.977605352803755
62.175	0.3	0.972172801100751	0.399116953664622	0.000747221141366345	20.8334235648295	0.977738240880601
62.325	0.3	0.972330651821565	0.39864452517228	4.94717423503542e-05	20.7749350440132	0.977864521457252
62.475	0.3	0.972487397179698	0.39864818988604	-0.000821829806881607	20.7164774634798	0.977989917743759
62.625	0.3	0.972651184934336	0.399246173460678	-0.00189505606989229	20.6579728708847	0.978120947947469
62.775	0.3	0.972830772109947	0.400576141767113	-0.00319992286701341	20.5993241497871	0.978264617687958
62.925	0.3	0.973034816195608	0.402795825020195	-0.00476496204634524	20.5404120310329	0.978427852956486
63.075	0.3	0.973270778484071	0.406081624105229	-0.00661353082935477	20.4810921535133	0.978616622787257
63.225	0.3	0.973543429489981	0.410624132710438	-0.00875827277489432	20.4211925627683	0.978834743591985
63.375	0.3	0.973853046982648	0.416619525843321	-0.0111943051568797	20.36051220322	0.979082437586119
63.525	0.3	0.974193547815084	0.424256087792946	-0.0138919295144547	20.2988211044988	0.979354838252067
63.675	0.3	0.974550978392708	0.433695881660287	-0.0167902689609676	20.2358630275519	0.979640782714167
63.825	0.3	0.974902957133469	0.445052709762972	-0.0197937482168186	20.1713612526116	0.979922365706775
63.975	0.3	0.975219733151076	0.458368923742113	-0.0227734763906396	20.1050278962913	0.980175786520861
64.125	0.3	0.975467398332469	0.473594945817113	-0.0255750799857814	20.0365766165121	0.980373918665976
64.275	0.3	0.97561339061743	0.490576026318732	-0.0280332271651641	19.9657378564285	0.980490712493944
64.425	0.3	0.975633768424938	0.509050285282509	-0.0299911885537659	19.8922750452437	0.98050701473995
64.575	0.3	0.975520969451701	0.528660285629651	-0.0313219094889478	19.8159996437613	0.980416775561361
64.725	0.3	0.975290165447193	0.548977620546031	-0.0319460450376262	19.736782821468	0.980232132357754
64.875	0.3	0.97498219273795	0.569537112429616	-0.0318428151489262	19.6545619926861	0.97998575419036
65.025	0.3	0.974661564852617	0.589875173874567	-0.0310513224990834	19.5693413444754	0.979729251882094
65.175	0.3	0.974409206097223	0.609566278602424	-0.0296624487705469	19.4811866038518	0.979527364877779
65.325	0.3	0.974310965189841	0.628252346782895	-0.027803676422126	19.3902152893034	0.979448772151872
65.475	0.3	0.974444199941275	0.645661702103985	-0.0256204842946284	19.2965843069621	0.97955535995302
65.625	0.3	0.97486533074972	0.661616472763581	-0.0232581244747575	19.2004768750079	0.979892264599776
65.775	0.3	0.975601032559247	0.676029337059767	-0.0208468087171541	19.1020904478328	0.980480826047398
65.925	0.3	0.97664476969607	0.688892000877182	-0.018492034181126	19.001626734167	0.981315815756856
66.075	0.3	0.97795902188119	0.700258574984654	-0.0162704022303178	18.8992842630994	0.982367217504952
66.225	0.3	0.979482242040374	0.710227092045727	-0.0142301734405012	18.7952534138243	0.983585793632299
66.375	0.3	0.981138690500916	0.718921897314089	-0.0123951441809411	18.6897134797129	0.984910952400733
66.525	0.3	0.982848981924755	0.726478788122718	-0.0107702514249967	18.5828311986592	0.986279185539804
66.675	0.3	0.984539429006882	0.733033822835359	-0.00934751266093448	18.4747602074854	0.987631543205506
66.825	0.3	0.98614888745137	0.738715889141524	-0.00811132165840343	18.3656410009699	0.988919109961096
66.975	0.3	0.987632559696121	0.743642545301685	-0.00704258299860881	18.255601129616	0.990106047756897
67.125	0.3	0.988962889620125	0.747918357256905	-0.00612155916715502	18.1447555065404	0.9911703116961
67.275	0.3	0.990128147201183	0.751634904117206	-0.00532956640028651	18.0332067882429	0.992102517760946
67.425	0.3	0.99112952155812	0.754871731980833	-0.00464978563698739	17.92104584231	0.992903617246496
67.575	0.3	0.991977544162624	0.757697717107261	-0.0040674814365015	17.8083523262843	0.993582035330099
67.725	0.3	0.992688520263369	0.760172489504347	-0.0035698841085534	17.6951953903456	0.994150816210695
67.875	0.3	0.993281432374444	0.762347728526828	-0.00314592443951521	17.5816344960283	0.994625145899555
68.025	0.3	0.993775558983793	0.764268257685785	-0.00278594173799845	17.467720324147	0.995020447187035
68.175	0.3	0.994188866533583	0.76597293686059	-0.00248142868829307	17.353495732984	0.995351093226867
68.325	0.3	0.994537103021244	0.767495385123754	-0.00222483595103419	17.2389967241373	0.995629682416995
68.475	0.3	0.994833449394941	0.768864577715012	-0.00200943509697129	17.1242533770366	0.995866759515953
68.625	0.3	0.995088561158306	0.770105356811996	-0.00182922693367708	17.0092907215	0.996070848926645
68.775	0.3	0.995310843013033	0.771238885664603	-0.00167887939834459	16.8941295280978	0.996248674410427
68.925	0.3	0.99550682923087	0.772283064634909	-0.00155368115248865	16.7787870062695	0.996405463384696
69.075	0.3	0.995681579427412	0.77325291851371	-0.00144950097476593	16.6632774086527	0.996545263541929
69.225	0.3	0.995839034833887	0.774160958196858	-0.00136274718287752	16.5476125462502	0.99667122786711
69.375	0.3	0.995982309084542	0.775017516320647	-0.00129032468047823	16.4318022228417	0.996785847267634
69.525	0.3	0.996113908097891	0.775831055156972	-0.00122958950187143	16.3158545987759	0.996891126478313
69.675	0.3	0.996235886116673	0.776608445190484	-0.00117830197392394	16.1997764945044	0.996988708893339
69.825	0.3	0.996349950875848	0.777355213650792	-0.00113458006862503	16.0835736434734	0.997079960700678
69.975	0.3	0.996457532124971	0.778075763344327	-0.00109685445842624	15.9672509027654	0.997166025699977
70.125	0.3	0.996559826200074	0.778773563105932	-0.00106382645717244	15.8508124285102	0.997247860960059
70.275	0.3	0.996657826521204	0.779451311912594	-0.00103442960943053	15.7342618217975	0.997326261216963
70.425	0.3	0.99675234683002	0.780111079138057	-0.00100779529445232	15.6176022497241	0.997401877464016
70.575	0.3	0.996844041290815	0.780754423600687	-0.000983222393212503	15.5008365453367	0.997475233032652
70.725	0.3	0.996933423530658	0.781382494033535	-0.000960150845112251	15.3839672895665	0.997546738824526
70.875	0.3	0.997020885328828	0.781996113449813	-0.000938138786729617	15.2669968777577	0.997616708263062
71.025	0.3	0.99710671488821	0.78259584964854	-0.000916842902274832	15.1499275730257	0.997685371910568
71.175	0.3	0.997191114281918	0.783182073848874	-0.000896001601977802	15.0327615483967	0.997752891425534
71.325	0.3	0.997274215612948	0.783755009186822	-0.000875420661918863	14.915500919451	0.997819372490359
71.475	0.3	0.997356095523258	0.784314770572521	-0.000854960992986257	14.798147768996	0.997884876418606
71.625	0.3	0.997436787846608	0.784861397197578	-0.000834528246056027	14.6807041651158	0.997949430277286
71.775	0.3	0.99751629435708	0.785394878801403	-0.000814064000143703	14.5631721737801	0.998013035485664
71.925	0.3	0.997594593691317	0.785915176651373	-0.000793538316155083	14.4455538670411	0.998075674953054
72.075	0.3	0.997671648606763	0.78642224006121	-0.000772943469766354	14.3278513277036	0.99813731888541
72.225	0.3	0.997747411782354	0.786916019159208	-0.000752288702813394	14.2100666512219	0.998197929425883
72.375	0.3	0.997821830380642	0.787396474522729	-0.000731595854411066	14.092201945461	0.998257464304513
72.525	0.3	0.997894849581025	0.787863584210581	-0.000710895750723264	13.9742593288503	0.99831587966482
72.675	0.3	0.997966415272022	0.788317348653398	-0.000690225247396141	13.8562409273709	0.998373132217617
72.825	0.3	0.998036476063489	0.788757793795986	-0.000669624831476	13.7381488707332	0.998429180850791
72.975	0.3	0.998104984752363	0.789184972831001	-0.000649136701214754	13.6199852880379	0.99848398780189
73.125	0.3	0.998171899350599	0.789598966811347	-0.000628803251280925	13.5017523031515	0.998537519480479
73.275	0.3	0.99823718376291	0.789999884386031	-0.000608665900556463	13.3834520299828	0.998589747010328
73.425	0.3	0.998300808184858	0.790387860865002	-0.00058876420689465	13.2650865678037	0.998640646547887
73.575	0.3	0.998362749278404	0.790763056784547	-0.000569135220968884	13.1466579967242	0.998690199422724
73.725	0.3	0.998422990171592	0.791125656115677	-0.000549813037123283	13.0281683734039	0.998738392137273
73.875	0.3	0.998481520320876	0.791475864232557	-0.00053082850550286	12.9096197270595	0.998785216256701
74.025	0.3	0.998538335268158	0.791813905735869	-0.000512209074340054	12.7910140558064	0.998830668214527
74.175	0.3	0.998593436319374	0.792140022207571	-0.000493978736132745	12.6723533233602	0.998874749055499
74.325	0.3	0.998646830167046	0.79245446995747	-0.000476158055526871	12.5536394561104	0.998917464133637
74.475	0.3	0.998698528475585	0.792757517808778	-0.00045876425988198	12.4348743405657	0.998958822780468
74.625	0.3	0.998748547444713	0.793049444958393	-0.000441811376893054	12.3160598211681	0.998998837955771
74.775	0.3	0.998796907363714	0.793330538938304	-0.000425310406438268	12.1971976984623	0.999037525890971
74.925	0.3	0.998843632166587	0.793601093696957	-0.000409269515539864	12.0782897276041	0.99907490573327
75.075	0.3	0.998888748996107	0.793861407812738	-0.000393694248024703	11.9593376171897	0.999110999196886
75.225	0.3	0.998932287782871	0.794111782847025	-0.00037858774168934	11.8403430283826	0.999145830226297
75.375	0.3	0.998974280843888	0.794352521839569	-0.000363950947306199	11.7213075743175	0.99917942467511
75.525	0.3	0.999014762503869	0.794583927946311	-0.000349782845279984	11.6022328197556	0.999211810003095
75.675	0.3	0.999053768741353	0.794806303216705	-0.000336080656339961	11.48312028097	0.999243014993082
75.825	0.3	0.999091336860831	0.79501994750611	-0.000322840043979048	11.3639714258366	0.999273069488665
75.975	0.3	0.999127505191373	0.795225157516936	-0.00031005530660422	11.2447876741092	0.999302004153099
76.125	0.3	0.999162312811664	0.795422225961735	-0.000297719558376295	11.1255703978573	0.999329850249332
76.275	0.3	0.999195799300911	0.795611440840655	-0.000285824897853143	11.006320922046	0.999356639440729
76.425	0.3	0.999228004514786	0.795793084824569	-0.000274362564094719	10.8870405252399	0.999382403611829
76.575	0.3	0.999258968385307	0.795967434736612	-0.000263323080158923	10.7677304404126	0.999407174708245
76.725	0.3	0.99928873074344	0.796134761123032	-0.00025269638409605	10.6483918558459	0.999430984594752
76.875	0.3	0.9993173311627	0.79629532790612	-0.000242471947884883	10.5290259161034	0.99945386493016
77.025	0.3	0.999344808822889	0.79644939211085	-0.000232638884699623	10.4096337230657	0.999475847058311
77.175	0.3	0.999371202392096	0.79659720365805	-0.000223186045088039	10.2902163370141	0.999496961913677
77.325	0.3	0.999396549925588	0.796739005217189	-0.000214102102699097	10.170774777751	0.99951723994047
77.475	0.3	0.999420888780161	0.796875032112063	-0.000205375630273224	10.0513100257491	0.999536711024129
77.625	0.3	0.999444255542594	0.797005512273118	-0.000196995166448207	9.9318230233188	0.999555404434075
77.775	0.3	0.999466685970809	0.797130666230972	-0.000188949274357716	9.81231467578557	0.999573348776647
77.925	0.3	0.999488214946562	0.797250707145578	-0.000181226592292811	9.69278585267243	0.99959057195725
78.075	0.3	0.999508876438376	0.797365840866583	-0.000173815877586682	9.57323738887933	0.999607101150701
78.225	0.3	0.999528703473678	0.797476266019967	-0.000166706043874154	9.45367008585534	0.999622962778943
78.375	0.3	0.999547728119069	0.797582174117695	-0.000159886192719014	9.33408471275874	0.999638182495255
78.525	0.3	0.999565981467765	0.797683749686017	-0.000153345639950115	9.21448200760119	0.999652785174212
78.675	0.3	0.999583493633355	0.797781170409827	-0.000147073937412906	9.09486267837277	0.999666794906684
78.825	0.3	0.999600293749049	0.797874607289886	-0.000141060890468032	8.97522740414503	0.999680234999239
78.975	0.3	0.999616409971683	0.797964224810326	-0.000135296571826097	8.85557683614991	0.999693127977346
79.125	0.3	0.999631869489823	0.798050181114206	-0.000129771332115638	8.73591159883262	0.999705495591859
79.275	0.3	0.999646698535362	0.798132628185319	-0.000124475807597102	8.61623229087711	0.999717358828289
79.425	0.3	0.999660922398063	0.798211712033978	-0.000119400925310577	8.496539486203	0.99972873791845
79.575	0.3	0.999674565442573	0.798287572885893	-0.000114537906041925	8.37683373493317	0.999739652354058
79.725	0.3	0.99968765112747	0.798360345372158	-0.000109878265452616	8.2571155643314	0.999750120901976
79.875	0.3	0.999700202025933	0.798430158719754	-0.00010541381349642	8.13738547970991	0.999760161620746
80.025	0.3	0.999712239847688	0.798497136941118	-0.000101136652512124	8.01764396530646	0.999769791878151
80.175	0.3	0.999723785462111	0.798561399022307	-9.70391740995153e-05	7.89789148513131	0.999779028369689
80.325	0.3	0.999734858921887	0.798623059108744	-9.31140550824411e-05	7.77812848378394	0.99978788713751
80.475	0.3	0.999745479487208	0.798682226688254	-8.93542526364387e-05	7.65835538724009	0.999796383589767
80.625	0.3	0.99975566565029	0.798739006770705	-8.57529987623443e-05	7.53857260360947	0.999804532520232
80.775	0.3	0.999765435159978	0.798793500063929	-8.230379424197e-05	7.41878052386449	0.999812348127982
80.925	0.3	0.999774805046345	0.798845803145677	-7.90004022789588e-05	7.29897952254081	0.999819844037076
81.075	0.3	0.99978379164509	0.798896008631288	-7.58368417588864e-05	7.17916995841017	0.999827033316072
81.225	0.3	0.999792410621684	0.79894420533709	-7.28073804533897e-05	7.05935217512615	0.999833928497347
81.375	0.3	0.999800676995137	0.798990478439196	-6.99065280232698e-05	6.93952650184366	0.99984054159611
81.525	0.3	0.999808605161322	0.799034909627927	-6.71290291225523e-05	6.81969325381276	0.999846884129058
81.675	0.3	0.999816208915748	0.799077577257664	-6.44698565107723e-05	6.69985273294758	0.999852967132599
81.825	0.3	0.99982350147569	0.799118556492336	-6.1924204332967e-05	6.58000522837102	0.999858801180552
81.975	0.3	0.999830495501606	0.799157919446539	-5.94874815917374e-05	6.46015101693592	0.999864396401285
82.125	0.3	0.999837203117714	0.799195735322548	-5.71553058908378e-05	6.34029036372357	0.999869762494171
82.275	0.3	0.999843635931822	0.799232070543355	-5.49234975685639e-05	6.22042352251998	0.999874908745458
82.425	0.3	0.999849805054547	0.799266988882003	-5.27880741672018e-05	6.10055073627076	0.999879844043638
82.575	0.3	0.999855721118158	0.799300551587383	-5.07452454506955e-05	5.98067223751511	0.999884576894526
82.725	0.3	0.999861394295174	0.799332817506851	-4.87914089991192e-05	5.86078824879946	0.999889115436139
82.875	0.3	0.999866834316426	0.799363843206068	-4.69231464660442e-05	5.74089898307119	0.999893467453141
83.025	0.3	0.999872050487659	0.799393683086395	-4.51372206379637e-05	5.62100464405299	0.999897640390127
83.175	0.3	0.99987705170311	0.79942238950048	-4.34305733969494e-05	5.50110542659826	0.999901641362488
83.325	0.3	0.999881846454701	0.799450012867118	-4.18003247232965e-05	5.38120151702828	0.99990547716376
83.475	0.3	0.999886442837123	0.799476601786051	-4.02437729413738e-05	5.26129309345152	0.999909154269698
83.625	0.3	0.999890848552611	0.799502203153787	-3.87583965954752e-05	5.14138032606536	0.999912678842089
83.775	0.3	0.999895070923031	0.799526862281178	-3.73418583063221e-05	5.02146337743993	0.999916056738425
83.925	0.3	0.999899116918005	0.799550623012775	-3.59920114125339e-05	4.90154240278223	0.999919293534404
84.075	0.3	0.999902993201246	0.799573527848271	-3.47069099516378e-05	4.78161755017883	0.999922394560997
84.225	0.3	0.999906706180138	0.799595618066928	-3.3484822589459e-05	4.66168896081478	0.999925364944111
84.375	0.3	0.999910262019718	0.799616933859068	-3.23242508280523e-05	4.54175676916943	0.999928209615774
84.525	0.3	0.999913666567009	0.799637514472505	-3.12239513846944e-05	4.42182110319334	0.999930933253607
84.675	0.3	0.999916925151295	0.799657398386066	-3.01829633051684e-05	4.30188208447465	0.999933540121036
84.825	0.3	0.99992004230474	0.799676623522506	-2.92006421930092e-05	4.18193982840237	0.999936033843792
84.975	0.3	0.999923021581081	0.799695227504974	-2.82767077531669e-05	4.06199444432253	0.999938417264865
85.125	0.3	0.999925865772836	0.799713247944294	-2.74113160972974e-05	3.94204603565933	0.999940692618269
85.275	0.3	0.999928577801862	0.799730722725914	-2.66051715153328e-05	3.82209469994352	0.99994286224149
85.425	0.3	0.999931162221199	0.799747690263427	-2.58596894315471e-05	3.70214052867653	0.999944929776959
85.575	0.3	0.99993362656034	0.799764189726828	-2.51772081122141e-05	3.58218360699457	0.999946901248272
85.725	0.3	0.999935980911933	0.799780261353514	-2.45612230040845e-05	3.46222401320606	0.999948784729547
85.875	0.3	0.999938233872515	0.79979594708767	-2.4016599248036e-05	3.34226181844169	0.999950587098012
86.025	0.3	0.99994038420268	0.799811291885988	-2.35497371212076e-05	3.22229708677924	0.999952307362144
86.175	0.3	0.999942411070247	0.799826345935312	-2.31687633055929e-05	3.10232987610281	0.999953928856197
86.325	0.3	0.999944270834383	0.799841167627541	-2.28840205730083e-05	2.98236023943549	0.999955416667507
86.475	0.3	0.999945911925979	0.799855826466406	-2.27093804168279e-05	2.86238822552385	0.999956729540784
86.625	0.3	0.999947315908575	0.799870404505797	-2.26650391180881e-05	2.74241387644245	0.99995785272686
86.775	0.3	0.999948556621644	0.799884995185373	-2.27821915054528e-05	2.62243721986457	0.999958845297315
86.925	0.3	0.999949840270465	0.799899700394545	-2.31090390377604e-05	2.50245825566158	0.999959872216372
87.075	0.3	0.999951460037197	0.799914630517461	-2.37160521338282e-05	2.38247694135654	0.999961168029758
87.225	0.3	0.999953598452654	0.799929916746832	-2.46971502499743e-05	2.26249318742149	0.999962878762124
87.375	0.3	0.999955977473149	0.799945746523942	-2.61645397763155e-05	2.14250687697656	0.99996478197852
87.525	0.3	0.999957510369281	0.799962426603217	-2.82413405241953e-05	2.022517917638	0.999966008295425
87.675	0.3	0.999956310584792	0.799980460998717	-3.10702740488132e-05	1.90252630914141	0.999965048467834
87.825	0.3	0.999950520167233	0.800000607738081	-3.48774482672727e-05	1.78253217012318	0.999960416133786
87.975	0.3	0.999940203109463	0.800023866678763	-4.01491040872118e-05	1.66253562968324	0.99995216248757
88.125	0.3	0.999929795702411	0.800051379924983	-4.79780786529864e-05	1.54253649430367	0.999943836561929
88.275	0.3	0.99992935898153	0.800084321775094	-6.05929404108678e-05	1.42253369875013	0.999943487185224
88.425	0.3	0.999951721239498	0.800124003495336	-8.19870884627495e-05	1.30252476534939	0.999961376991598
88.575	0.3	1.00000278992503	0.800172521323497	-0.000118460681655612	1.18250577185789	1.00000223194003
88.725	0.3	1.00006543699956	0.800234107422277	-0.000178934515846959	1.06247247649818	1.00005234959965
88.875	0.3	1.00008421692415	0.800316502848757	-0.000275465596354217	0.942422975512199	1.00006737353932
89.025	0.3	0.999966959450503	0.800429368413638	-0.000426254593570112	0.822361353198189	0.999973567560403
89.175	0.3	0.99962382185272	0.800570626184072	-0.000668185387611298	0.702300515924416	0.999699057482176
89.325	0.3	0.999053889873512	0.800672786924257	-0.00109727085268172	0.582262446960995	0.999243111898809
89.475	0.3	0.998451493570145	0.800415861079093	-0.00198255732112796	0.462280489811502	0.998761194856116
89.625	0.3	0.998233416808256	0.798577032865413	-0.00406600831520784	0.342435160645239	0.998586733446605
89.775	0.3	0.998804830030583	0.790693375270133	-0.00932530729147385	0.223045965040273	0.999043864024466
89.925	0.3	0.999896993216321	0.392073824372916	0.0183089068046654	0.105453955287057	0.999917594573057
0.075	0.5	1.65423790554048e-30	0.3981081280234	-0.00506280060260176	36.087808782716	0.2
0.225	0.5	1.25360511173178e-30	0.796930669155819	0.000416085539834864	36.0639222950346	0.2
0.375	0.5	2.42687960583142e-30	0.798296798695077	0.00125708380541717	36.0399929425667	0.2
0.525	0.5	-1.23954606492063e-30	0.799294373874691	0.00105704557187809	36.0160244871129	0.2
0.675	0.5	-1.87963507090313e-30	0.799793158612909	0.000736136507265725	35.9920352801342	0.2
0.825	0.5	-1.11166525729388e-29	0.800004876924033	0.000485895532943298	35.9680368975961	0.2
0.975	0.5	-1.33835922332081e-29	0.800081522707902	0.000317777876207373	35.9440349875187	0.2
1.125	0.5	-2.4062194685233e-29	0.800100982362052	0.000209716060074274	35.9200320062336	0.2
1.275	0.5	-1.81950522646268e-29	0.800098571660564	0.000140704705303627	35.896028928577	0.2
1.425	0.5	-1.52269068658722e-29	0.800089216275172	9.61798165265854e-05	35.872026091934	0.2
1.575	0.5	1.69485987226593e-29	0.800078819440264	6.69334652703808e-05	35.8480235756005	0.2
1.725	0.5	4.85840176745938e-29	0.800069478623662	4.7310892940924e-05	35.8240213627676	0.2
1.875	0.5	1.09972317254154e-28	0.800061756395189	3.38498184659964e-05	35.8000194068831	0.2
2.025	0.5	1.49358517106632e-28	0.800055637353956	2.4410267755394e-05	35.7760176573839	0.2
2.175	0.5	1.86005305021153e-28	0.800050919330021	1.76488141368305e-05	35.7520160686418	0.2
2.325	0.5	1.42599971420699e-28	0.800047366201384	1.27064372635908e-05	35.7280146022241	0.2
2.475	0.5	3.88831557357467e-29	0.800044762247514	9.02311451653434e-06	35.7040132266698	0.2
2.625	0.5	-1.9935255160395e-28	0.800042927059542	6.22662599740449e-06	35.6800119164892	0.2
2.775	0.5	-4.99709445798276e-28	0.800041715583622	4.0649032394874e-06	35.6560106510462	0.2
2.925	0.5	-8.69172927977972e-28	0.800041013333899	2.3641744181194e-06	35.6320094135542	0.2
3.075	0.5	-1.11629519209128e-27	0.800040730703181	1.00261430577832e-06	35.6080081902462	0.2
3.225	0.5	-1.14920817982547e-27	0.800040797776528	-1.06544077985235e-07	35.584006969712	0.2
3.375	0.5	-6.87086698154972e-28	0.800041160033169	-1.02601932360431e-06	35.5600057423796	0.2
3.525	0.5	3.22307890404297e-28	0.800041774932968	-1.80178268631206e-06	35.53600450011	0.2
3.675	0.5	1.99809874114494e-27	0.800042609261306	-2.46797361194807e-06	35.5120032358836	0.2
3.825	0.5	3.99325328928063e-27	0.800043637086981	-3.05026217890802e-06	35.4880019435543	0.2
3.975	0.5	5.89318587786511e-27	0.800044838192051	-3.56817905846458e-06	35.4640006176584	0.2
4.125	0.5	6.68928933179014e-27	0.800046196870849	-4.03675479084903e-06	35.4399992532628	0.2
4.275	0.5	5.49921512997252e-27	0.800047701002237	-4.46768355099646e-06	35.4159978458461	0.2
4.425	0.5	1.2185887132182e-27	0.800049341336329	-4.87016443572376e-06	35.3919963912027	0.2
4.575	0.5	-6.2867323170471e-27	0.800051110940338	-5.25151128290908e-06	35.367994885366	0.2
4.725	0.5	-1.64536872935678e-26	0.800053004769706	-5.61760211762882e-06	35.3439933245463	0.2
4.875	0.5	-2.66786724053831e-26	0.800055019330188	-5.97321297067942e-06	35.3199917050798	0.2
5.025	0.5	-3.32612040762576e-26	0.800057152414383	-6.32227009013617e-06	35.2959900233864	0.2
5.175	0.5	-3.08340077949082e-26	0.800059402892536	-6.66803671118477e-06	35.2719882759349	0.2
5.325	0.5	-1.50437658339637e-26	0.800061770549818	-7.01325970600808e-06	35.2479864592129	0.2
5.475	0.5	1.66907160269337e-26	0.800064255954788	-7.36028045653805e-06	35.2239845697019	0.2
5.625	0.5	6.10102301743055e-26	0.800066860355629	-7.71112058162536e-06	35.1999826038556	0.2
5.775	0.5	1.08385862151377e-25	0.800069585598315	-8.06755017592012e-06	35.1759805580806	0.2
5.925	0.5	1.40809512097853e-25	0.800072434060947	-8.43114036360633e-06	35.1519784287197	0.2
6.075	0.5	1.36881232085079e-25	0.800075408601443	-8.80330539855716e-06	35.1279762120369	0.2
6.225	0.5	7.58932514848245e-26	0.800078512516912	-9.1853368033518e-06	35.1039739042036	0.2
6.375	0.5	-4.92180412746616e-26	0.800081749511224	-9.57842978095114e-06	35.0799715012859	0.2
6.525	0.5	-2.24013076946133e-25	0.800085123670565	-9.98370600393086e-06	35.0559689992329	0.2
6.675	0.5	-4.01223581104488e-25	0.800088639443163	-1.04022302826206e-05	35.0319663938657	0.2
6.825	0.5	-5.06492004752614e-25	0.800092301626154	-1.08350269149617e-05	35.0079636808664	0.2
6.975	0.5	-4.50336252820966e-25	0.800096115355996	-1.1283090248916e-05	34.9839608557681	0.2
7.125	0.5	-1.66843573295253e-25	0.80010008610046	-1.17473967454527e-05	34.959957913945	0.2
7.275	0.5	3.45928685911935e-25	0.800104219656075	-1.22289124965662e-05	34.9359548506021	0.2
7.425	0.5	9.74895818446623e-25	0.800108522147024	-1.2728600679868e-05	34.9119516607656	0.2
7.575	0.5	1.47846066865594e-24	0.800113000025713	-1.32474288357759e-05	34.8879483392733	0.2
7.725	0.5	1.50968945101831e-24	0.80011766007561	-1.37863734876917e-05	34.8639448807641	0.2
7.875	0.5	7.2873103977108e-25	0.800122509417321	-1.43464256812591e-05	34.8399412796687	0.2
8.025	0.5	-1.02777700313847e-24	0.800127555513397	-1.49285959909431e-05	34.815937530199	0.2
8.175	0.5	-3.51481031276985e-24	0.800132806176009	-1.55339170766247e-05	34.7919336263379	0.2
8.325	0.5	-5.90049834564038e-24	0.800138269576731	-1.61634490039598e-05	34.7679295618285	0.2
8.475	0.5	-6.71260177025097e-24	0.80014395425572	-1.68182816204486e-05	34.7439253301633	0.2
8.625	0.5	-4.09468829806067e-24	0.800149869133651	-1.74995382845139e-05	34.7199209245731	0.2
8.775	0.5	3.56344627308938e-24	0.800156023522893	-1.82083789788208e-05	34.6959163380153	0.2
8.925	0.5	1.6541177614371e-23	0.800162427142163	-1.89460037023619e-05	34.6719115631618	0.2
9.075	0.5	3.24630213606215e-23	0.800169090129777	-1.97136544015429e-05	34.6479065923868	0.2
9.225	0.5	4.51147851210921e-23	0.800176023059183	-2.05126189854296e-05	34.623901417754	0.2
9.375	0.5	4.42358544403292e-23	0.800183236955499	-2.13442337617709e-05	34.5998960310032	0.2
9.525	0.5	1.72525400959853e-23	0.800190743312158	-2.2209886017179e-05	34.5758904235366	0.2
9.675	0.5	-4.60288703518333e-23	0.8001985541105	-2.31110179445117e-05	34.5518845864045	0.2
9.825	0.5	-1.45595346534521e-22	0.800206681837194	-2.40491286264467e-05	34.52787851029	0.2
9.975	0.5	-2.61568118922764e-22	0.800215139505315	-2.50257773919562e-05	34.5038721854943	0.2
10.125	0.5	-3.4653777676975e-22	0.800223940677137	-2.60425871321151e-05	34.4798656019197	0.2
10.275	0.5	-3.26071063892162e-22	0.800233099483527	-2.71012473005231e-05	34.4558587490536	0.2
10.425	0.5	-1.14764319828417e-22	0.800242630650667	-2.82035175479704e-05	34.4318516159507	0.2
10.575	0.5	3.47157910464813e-22	0.800252549522234	-2.93512305531989e-05	34.4078441912146	0.2
10.725	0.5	1.03876610003128e-21	0.800262872087102	-3.0546296386082e-05	34.3838364629793	0.2
10.875	0.5	1.79915557804312e-21	0.800273615005111	-3.17907053952584e-05	34.3598284188894	0.2
11.025	0.5	2.29253324174566e-21	0.800284795636797	-3.30865323664031e-05	34.335820046079	0.2
11.175	0.5	2.03698195478035e-21	0.80029643207197	-3.44359407997242e-05	34.3118113311512	0.2
11.325	0.5	5.34559673862954e-22	0.80030854316148	-3.58411866383205e-05	34.2878022601547	0.2
11.475	0.5	-2.48224260261475e-21	0.80032114854989	-3.73046228095068e-05	34.2637928185615	0.2
11.625	0.5	-6.72155678331034e-21	0.800334268709836	-3.88287038823248e-05	34.2397829912417	0.2
11.775	0.5	-1.10247621805447e-20	0.800347924976937	-4.0415990481791e-05	34.2157727624389	0.2
11.925	0.5	-1.32576187726873e-20	0.800362139588204	-4.20691550212221e-05	34.1917621157431	0.2
12.075	0.5	-1.06156803812462e-20	0.800376935720807	-4.37909856218035e-05	34.1677510340636	0.2
12.225	0.5	-5.20089693686703e-22	0.800392337532946	-4.55843930339983e-05	34.1437394995999	0.2
12.375	0.5	1.78847223891016e-20	0.800408370207611	-4.74524154719937e-05	34.1197274938116	0.2
12.525	0.5	4.19164078721366e-20	0.80042505999648	-4.93982249726542e-05	34.0957149973874	0.2
12.675	0.5	6.39001805089641e-20	0.800442434266959	-5.14251329850756e-05	34.0717019902118	0.2
12.825	0.5	7.10999387627133e-20	0.800460521553752	-5.35365983433679e-05	34.0476884513314	0.2
12.975	0.5	4.81687999674711e-20	0.800479351606622	-5.57362330351942e-05	34.0236743589186	0.2
13.125	0.5	-1.71347543396139e-20	0.800498955448367	-5.8027809559429e-05	33.999659690235	0.2
13.275	0.5	-1.25294099129003e-19	0.800519365428731	-6.0415269527604e-05	33.9756444215917	0.2
13.425	0.5	-2.55509528459854e-19	0.800540615285288	-6.29027306222057e-05	33.9516285283093	0.2
13.575	0.5	-3.59449928494149e-19	0.800562740204666	-6.54944955041095e-05	33.9276119846746	0.2
13.725	0.5	-3.63990177985757e-19	0.800585776888587	-6.81950609426322e-05	33.903594763897	0.2
13.875	0.5	-1.88621159614698e-19	0.800609763620731	-7.1009126057396e-05	33.8795768380613	0.2
14.025	0.5	2.19792939537298e-19	0.800634740340745	-7.39416038977754e-05	33.8555581780797	0.2
14.175	0.5	8.38802320784752e-19	0.800660748716132	-7.69976297742756e-05	33.8315387536408	0.2
14.325	0.5	1.52247057082626e-18	0.800687832223122	-8.01825735442634e-05	33.8075185331568	0.2
14.475	0.5	1.97798984211399e-18	0.800716036228953	-8.3502050192312e-05	33.7834974837075	0.2
14.625	0.5	1.79764179670667e-18	0.800745408076906	-8.69619316966818e-05	33.759475570983	0.2
14.775	0.5	5.73040365832362e-19	0.800775997178469	-9.0568360514731e-05	33.7354527592228	0.2
14.925	0.5	-1.90145364188737e-18	0.800807855107624	-9.43277613634897e-05	33.7114290111523	0.2
15.075	0.5	-5.36843341701819e-18	0.800841035700789	-9.82468562197373e-05	33.6874042879164	0.2
15.225	0.5	-8.87547765651909e-18	0.800875595161394	-0.000102332678599357	33.6633785490103	0.2
15.375	0.5	-1.07083437950465e-17	0.80091159216933	-0.0001065925882286	33.6393517522067	0.2
15.525	0.5	-8.64933479718921e-18	0.800949087997054	-0.000111034287630549	33.6153238534801	0.2
15.675	0.5	-6.83244980350638e-19	0.800988146628943	-0.000115665839288732	33.5912948069269	0.2
15.825	0.5	1.38533870558912e-17	0.801028834889882	-0.000120495683104665	33.5672645646824	0.2
15.975	0.5	3.29043540111645e-17	0.801071222575907	-0.000125532654116078	33.5432330768335	0.2
16.125	0.5	5.06095495331703e-17	0.801115382596066	-0.00013078600359367	33.5192002913278	0.2
16.275	0.5	5.72490831241583e-17	0.801161391117524	-0.000136265418081934	33.4951661538777	0.2
16.425	0.5	4.10236211345153e-17	0.801209327719782	-0.000141981042023172	33.4711306078607	0.2
16.575	0.5	-7.80212354662054e-18	0.801259275555221	-0.000147943499085674	33.4470935942146	0.2
16.725	0.5	-9.0611311525521e-17	0.801311321519505	-0.00015416391668353	33.4230550513274	0.2
16.875	0.5	-1.93417851042846e-16	0.801365556427727	-0.000160653950288345	33.3990149149234	0.2
17.025	0.5	-2.81943879439549e-16	0.801422075201275	-0.000167425808773944	33.3749731179418	0.2
17.175	0.5	-3.02717697083092e-16	0.801480977063714	-0.000174492282331471	33.3509295904113	0.2
17.325	0.5	-1.94163146345974e-16	0.80154236574405	-0.000181866769709871	33.3268842593179	0.2
17.475	0.5	9.01568998019496e-17	0.801606349692806	-0.00018956330820348	33.3028370484667	0.2
17.625	0.5	5.48141500343766e-16	0.801673042306775	-0.000197596604092031	33.2787878783364	0.2
17.775	0.5	1.09386018633266e-15	0.80174256216445	-0.000205982064514293	33.2547366659283	0.200000000000001
17.925	0.5	1.53558273334688e-15	0.801815033274157	-0.000214735830548671	33.2306833246065	0.200000000000001
18.075	0.5	1.58722088996024e-15	0.801890585332359	-0.000223874812069943	33.2066277639318	0.200000000000001
18.225	0.5	9.32308231428794e-16	0.801969353994774	-0.000233416723348241	33.1825698894866	0.200000000000001
18.375	0.5	-6.50905967573843e-16	0.802051481159994	-0.000243380119169178	33.1585096026921	0.2
18.525	0.5	-3.11677602223306e-15	0.802137115266419	-0.000253784435008199	33.134446800617	0.199999999999998
18.675	0.5	-5.97721112350607e-15	0.802226411602897	-0.000264650024129515	33.1103813757761	0.199999999999995
18.825	0.5	-8.20300769284314e-15	0.802319532631262	-0.000275998200087718	33.0863132159208	0.199999999999993
18.975	0.5	-8.30165724908879e-15	0.802416648327617	-0.000287851276631257	33.0622422038182	0.199999999999993
19.125	0.5	-4.66261451181739e-15	0.802517936531924	-0.000300232611538263	33.0381682170211	0.199999999999996
19.275	0.5	3.79572400484534e-15	0.802623583318835	-0.000313166648900041	33.0140911276263	0.200000000000003
19.425	0.5	1.675501512628e-14	0.80273378337893	-0.000326678964028364	32.990010802022	0.200000000000013
19.575	0.5	3.16347827616896e-14	0.802848740420617	-0.000340796306272975	32.9659271006236	0.200000000000025
19.725	0.5	4.31308257090953e-14	0.802968667579818	-0.000355546645710911	32.9418398775968	0.200000000000035
19.875	0.5	4.36407136487101e-14	0.803093787854549	-0.000370959215233162	32.9177489805688	0.200000000000035
20.025	0.5	2.50077420060087e-14	0.803224334548245	-0.000387064556716796	32.8936542503255	0.20000000000002
20.175	0.5	-1.82676821307371e-14	0.803360551731857	-0.00040389456288562	32.8695555204959	0.199999999999985
20.325	0.5	-8.47398802241119e-14	0.80350269471994	-0.000421482520644476	32.8454526172216	0.199999999999932
20.475	0.5	-1.61778635122617e-13	0.803651030562157	-0.000439863149775901	32.8213453588127	0.199999999999871
20.625	0.5	-2.23247774950615e-13	0.803805838548857	-0.000459072642152747	32.7972335553879	0.199999999999821
20.775	0.5	-2.31408604127693e-13	0.803967410729351	-0.000479148696692155	32.7731170084998	0.199999999999815
20.925	0.5	-1.45100030585478e-13	0.804136052443187	-0.000500130549651812	32.7489955107442	0.199999999999884
21.075	0.5	6.50466995906003e-14	0.804312082861432	-0.000522059001488268	32.7248688453532	0.200000000000052
21.225	0.5	3.96064222528866e-13	0.804495835538667	-0.000544976438495431	32.7007367857725	0.200000000000317
21.375	0.5	7.9184007284796e-13	0.804687658969046	-0.000568926845907016	32.6765990952209	0.200000000000633
21.525	0.5	1.13053881140685e-12	0.804887917151515	-0.000593955813514309	32.6524555262342	0.200000000000904
21.675	0.5	1.23089021885186e-12	0.80509699015229	-0.000620110533191772	32.6283058201915	0.200000000000985
21.825	0.5	8.87129714570009e-13	0.805315274668607	-0.000647439783617347	32.6041497068248	0.20000000000071
21.975	0.5	-6.29896789973044e-14	0.8055431845861	-0.00067599390297148	32.5799869037113	0.19999999999995
22.125	0.5	-1.6432310605198e-12	0.805781151525778	-0.000705824747415732	32.5558171157497	0.199999999998685
22.275	0.5	-3.63775948681573e-12	0.806029625374984	-0.000736985631434174	32.53164003462	0.19999999999709
22.425	0.5	-5.52024962487809e-12	0.806289074799827	-0.000769531249868131	32.5074553382278	0.199999999995584
22.575	0.5	-6.4604335530569e-12	0.806559987724014	-0.000803517579389565	32.4832626901331	0.199999999994832
22.725	0.5	-5.45436588326228e-12	0.806842871778414	-0.000839001754393714	32.4590617389657	0.199999999995637
22.875	0.5	-1.60525961959526e-12	0.807138254699073	-0.000876041915307509	32.4348521178275	0.199999999998716
23.025	0.5	5.45969109029816e-12	0.807446684676635	-0.000914697028017743	32.410633443684	0.200000000004368
23.175	0.5	1.51117671699727e-11	0.807768730636704	-0.000955026668222307	32.3864053167458	0.200000000012089
23.325	0.5	2.53260704713856e-11	0.808104982442943	-0.000997090766773107	32.3621673198429	0.200000000020261
23.475	0.5	3.25683614137319e-11	0.808456051008854	-0.00104094931583273	32.3379190177943	0.200000000026055
23.625	0.5	3.21756836907506e-11	0.808822568304529	-0.00108666202544915	32.313659956776	0.200000000025741
23.775	0.5	1.93869580543978e-11	0.809205187236628	-0.00113428793244733	32.2893896636898	0.20000000001551
23.925	0.5	-8.96531325879922e-12	0.809604581388796	-0.0011838849530646	32.2651076455381	0.199999999992828
24.075	0.5	-5.23229344609397e-11	0.81002144460184	-0.00123550937935226	32.2408133888082	0.199999999958142
24.225	0.5	-1.04334891180127e-10	0.810456490371362	-0.00128921531303855	32.2165063588721	0.199999999916532
24.375	0.5	-1.51627318876824e-10	0.810910451042973	-0.00134505403477195	32.1921859994062	0.199999999878698
24.525	0.5	-1.743287096036e-10	0.811384076780814	-0.00140307330764991	32.1678517318391	0.199999999860537
24.675	0.5	-1.49177650004193e-10	0.81187813428647	-0.00146331661075656	32.1435029548333	0.199999999880658
24.825	0.5	-5.56150889244852e-11	0.812393405242785	-0.00152582230035139	32.1191390438109	0.199999999955508
24.975	0.5	1.1553315900183e-10	0.812930684455559	-0.00159062269403377	32.0947593505296	0.200000000092427
25.125	0.5	3.52277007118995e-10	0.813490777660557	-0.00165774307664576	32.0703632027211	0.200000000281822
25.275	0.5	6.13275817739971e-10	0.814074498973694	-0.00172720062220609	32.0459499038012	0.200000000490621
25.425	0.5	8.2488341853108e-10	0.814682667942227	-0.00179900323178488	32.0215187326628	0.200000000659907
25.575	0.5	8.8731361879483e-10	0.815316106171503	-0.00187314828520158	31.9970689435634	0.200000000709851
25.725	0.5	6.92910306667589e-10	0.815975633493822	-0.00194962131591628	31.9725997661189	0.200000000554328
25.875	0.5	1.57119243684889e-10	0.816662063651951	-0.0020283946194063	31.9481104054181	0.200000000125695
26.025	0.5	-7.41123682053354e-10	0.817376199478965	-0.00210942581911215	31.923600042269	0.199999999407101
26.175	0.5	-1.91777585912223e-09	0.818118827562767	-0.00219265641966578	31.8990678335947	0.199999998465779
26.325	0.5	-3.15387536660954e-09	0.81889071239972	-0.00227801038879418	31.8745129129918	0.1999999974769
26.475	0.5	-4.09368486223644e-09	0.819692590056838	-0.00236539281489841	31.8499343914706	0.199999996725052
26.625	0.5	-4.28631524696875e-09	0.820525161369579	-0.00245468868680995	31.8253313583937	0.199999996570948
26.775	0.5	-3.28007745589126e-09	0.821389084727438	-0.00254576184249281	31.8007028826325	0.199999997375938
26.925	0.5	-7.6586767108559e-10	0.822284968491163	-0.00263845412230491	31.7760480139567	0.199999999387306
27.075	0.5	3.25296539418691e-09	0.823213363105926	-0.00273258475651229	31.7513657846741	0.200000002602372
27.225	0.5	8.30823194343961e-09	0.824174752958707	-0.00282795000620977	31.7266552115276	0.200000006646586
27.375	0.5	1.33935581877002e-08	0.82516954804124	-0.00292432307983483	31.7019152978532	0.200000010714847
27.525	0.5	1.70366167723504e-08	0.82619807547542	-0.0030214543623731	31.6771450359927	0.200000013629293
27.675	0.5	1.75662838481618e-08	0.827260570987783	-0.00311907203161764	31.6523434099466	0.200000014053027
27.825	0.5	1.35779870424442e-08	0.82835717046183	-0.00321688318953343	31.6275093982458	0.20000001086239
27.975	0.5	4.52600296528377e-09	0.829487901780379	-0.00331457571272205	31.6026419770195	0.200000003620802
28.125	0.5	-8.7189781997177e-09	0.830652677288509	-0.00341182109777791	31.5777401232379	0.199999993024817
28.275	0.5	-2.35877084525356e-08	0.83185128735127	-0.0035082786397341	31.5528028181203	0.199999981129833
28.425	0.5	-3.60731349668734e-08	0.833083395643135	-0.00360360129466505	31.527829050706	0.199999971141492
28.575	0.5	-4.17303490973633e-08	0.83434853693185	-0.00369744352519397	31.5028178215942	0.199999966615721
28.725	0.5	-3.74088660465166e-08	0.835646118187917	-0.0037894713012645	31.4777681468463	0.199999970072907
28.875	0.5	-2.33764115161471e-08	0.836975423805208	-0.00387937422725371	31.4526790620055	0.199999981298871
29.025	0.5	-5.08951091104652e-09	0.838335625542164	-0.00396687956045926	31.4275496261137	0.199999995928391
29.175	0.5	6.4721976632267e-09	0.839725797515332	-0.00405176774935568	31.402378925497	0.200000005177758
29.325	0.5	-2.93739059476768e-09	0.84114493627986	-0.00413388919314343	31.3771660769584	0.199999997650088
29.475	0.5	-4.52451953416174e-08	0.842591985878466	-0.00421318231973298	31.3519102299132	0.199999963803844
29.625	0.5	-1.21464592646103e-07	0.844065867948374	-0.00428969387248502	31.3266105669553	0.199999902828326
29.775	0.5	-2.12077848860105e-07	0.845565517738429	-0.00436360340405322	31.301266302442	0.199999830337721
29.925	0.5	-2.7031082805747e-07	0.847089928293682	-0.00443525511515999	31.2758766789292	0.199999783751338
30.075	0.5	-2.23700983616233e-07	0.848638206955841	-0.00450520078790618	31.250440961699	0.199999821039213
30.225	0.5	1.06056449041238e-08	0.850209650169697	-0.00457425691152706	31.2249584320737	0.200000008484516
30.375	0.5	4.93852499051682e-07	0.85180384349201	-0.00464357640498762	31.1994283805248	0.200000395081999
30.525	0.5	1.21956427552028e-06	0.853420792489419	-0.00471473023138999	31.1738501005045	0.20000097565142
30.675	0.5	2.06423361177951e-06	0.855061085893277	-0.00478978710777972	31.148222883183	0.200001651386889
30.825	0.5	2.75482607165329e-06	0.856726084650296	-0.00487137223180983	31.1225460117399	0.200002203860857
30.975	0.5	2.87948565405197e-06	0.858418120521347	-0.00496268179659095	31.0968187516725	0.200002303588523
31.125	0.5	1.96668783736967e-06	0.860140678780772	-0.00506743353510058	31.071040331276	0.20000157335027
31.275	0.5	-3.55007950372303e-07	0.861898536445571	-0.00518974907883241	31.0452099049549	0.19999971599364
31.425	0.5	-4.13149682267579e-06	0.863697836397379	-0.00533399377464151	31.0193264925246	0.199996694802542
31.575	0.5	-8.84485728670856e-06	0.865546103613858	-0.00550464104289757	30.9933888911786	0.199992924114171
31.725	0.5	-1.32544292570102e-05	0.867452252993539	-0.00570627120887155	30.9673955636594	0.199989396456594
31.875	0.5	-1.54336854418363e-05	0.869426691540605	-0.00594384046190115	30.9413445154193	0.199987653051647
32.025	0.5	-1.31092467553698e-05	0.871481663572837	-0.00622333973788903	30.9152331825969	0.199989512602596
32.175	0.5	-4.34805232122313e-06	0.873631999638	-0.00655288258919629	30.8890583574773	0.199996521558143
32.325	0.5	1.14752503551568e-05	0.875896378406334	-0.00694410502092542	30.8628161742821	0.200009180200284
32.475	0.5	3.26486383331973e-05	0.878299075070733	-0.00741354510367331	30.8365021625016	0.200026118910667
32.625	0.5	5.43926753462768e-05	0.880871952758592	-0.00798344883554305	30.8101113477133	0.200043514140277
32.775	0.5	6.88685063369758e-05	0.883656195261582	-0.00868130919102682	30.7836383462204	0.20005509480507
32.925	0.5	6.63070979505739e-05	0.886703060758917	-0.00953749107361571	30.7570773705379	0.20005304567836
33.075	0.5	3.74150530967562e-05	0.890072865552765	-0.0105806091001158	30.7304220518453	0.200029932042477
33.225	0.5	-2.31777464755911e-05	0.89383159155669	-0.0118309283393649	30.7036650060951	0.19998145780282
33.375	0.5	-0.000113135153137671	0.898045018583481	-0.013292874326429	30.6767971284324	0.19990949187749
33.525	0.5	-0.000219410333388829	0.902771097870115	-0.014948579888645	30.6498066890906	0.199824471733289
33.675	0.5	-0.000317301072987048	0.908052270945166	-0.016754970057507	30.622678401114	0.19974615914161
33.825	0.5	-0.000372629340076187	0.913910311862986	-0.0186468366457336	30.5953927030643	0.199701896527939
33.975	0.5	-0.000347466491798721	0.920346608057799	-0.0205473631421814	30.5679255143533	0.199722026806561
34.125	0.5	-0.000208859913520968	0.927350146762278	-0.0223855330197329	30.5402486560865	0.199832912069183
34.275	0.5	6.1024800170517e-05	0.934913606625582	-0.0241171394107787	30.5123309902527	0.200048819840136
34.425	0.5	0.000455724243181898	0.943055138534074	-0.0257436043558919	30.4841401469892	0.200364579394546
34.575	0.5	0.000938880408156614	0.95184053843626	-0.0273217206394419	30.4556445363993	0.200751104326525
34.725	0.5	0.00144437003824226	0.961398769753331	-0.0289586827086328	30.426815235219	0.201155496030594
34.875	0.5	0.00188313993626767	0.971924075153434	-0.030790387238745	30.3976273424754	0.201506511949014
35.025	0.5	0.00215612043411484	0.983660278425845	-0.0329458527582872	30.36806052614	0.201724896347292
35.175	0.5	0.00217093844185253	0.996866552166187	-0.0355050137630308	30.3380987121635	0.201736750753482
35.325	0.5	0.00185892063135428	1.01176789941602	-0.0384596371533975	30.3077291403893	0.201487136505083
35.475	0.5	0.00118847033081287	1.02849717641181	-0.0416871008117531	30.2769412471051	0.20095077626465
35.625	0.5	0.000171538867778614	1.04703836940832	-0.0449444985389447	30.2457259485935	0.200137231094223
35.775	0.5	-0.00113846684213935	1.06718267213184	-0.0478866008338866	30.2140758390743	0.199089226526288
35.925	0.5	-0.00265676483356411	1.08850883212893	-0.0501062688101201	30.1819865767664	0.197874588133149
36.075	0.5	-0.00428246639750496	1.1103960581372	-0.0511907586863806	30.1494593680233	0.196574026881996
36.225	0.5	-0.00591474975542847	1.13207095952801	-0.0507830686429928	30.1165040693919	0.195268200195657
36.375	0.5	-0.00746557686232532	1.15268082723306	-0.0486354718736105	30.083142130395	0.19402753851014
36.525	0.5	-0.0088662690404771	1.17137757512868	-0.044643807202111	30.0494085223131	0.192906984767618
36.675	0.5	-0.0100684358321357	1.1873941338023	-0.0388559729683822	30.0153520555823	0.191945251334291
36.825	0.5	-0.0110432197679438	1.20010018492054	-0.031454690566568	29.9810341226794	0.191165424185645
36.975	0.5	-0.0117843515274848	1.20903436998361	-0.0227202230142676	29.9465267573076	0.190572518778012
37.125	0.5	-0.0123176489341441	1.21391872430995	-0.01298154911231	29.9119115051263	0.190145880852685
37.275	0.5	-0.0127116125963573	1.21466117390945	-0.00256538104684368	29.8772802637724	0.189830709922914
37.425	0.5	-0.0130740865032134	1.21134265490033	0.00824600581250911	29.8427375072386	0.189540730797429
37.575	0.5	-0.0135168394691089	1.20417528211712	0.0192344468403153	29.8084006321556	0.189186528424713
37.725	0.5	-0.0140829695765303	1.19342022472336	0.0302305961242225	29.7743933848671	0.188733624338776
37.875	0.5	-0.0146638345156592	1.17927575439391	0.0410652062298619	29.7408290748442	0.188268932387473
38.025	0.5	-0.0149695802841089	1.16178117154403	0.0515204922195947	29.707787088686	0.188024335772713
38.175	0.5	-0.0146306181087631	1.14080972024012	0.0613536961567353	29.6752961349164	0.18829550551299
38.325	0.5	-0.0134645271263524	1.11620312858544	0.0704686338205536	29.643344285796	0.189228378298918
38.475	0.5	-0.0118350317277195	1.08799527185242	0.0792277887891361	29.6119309425541	0.190531974617824
38.625	0.5	-0.0108941091383174	1.05653827708163	0.0887556846865028	29.5811549195397	0.191284712689346
38.775	0.5	-0.0124211038744373	1.02235038139064	0.10102910321746	29.551301056321	0.19006311690045
38.925	0.5	-0.0180588787311563	0.985691742898437	0.118622638351225	29.5228615895243	0.185552897015075
39.075	0.5	-0.0280456736564415	0.945999013449018	0.143905273871373	29.4964316687834	0.177563461074847
39.225	0.5	-0.0399464766594836	0.901217839626897	0.17700800022162	29.4724691318238	0.168042818672413
39.375	0.5	-0.0481143726412413	0.847256210163884	0.211837169569849	29.4509987129808	0.161508501887007
39.525	0.5	-0.0443733601317143	0.779562009912103	0.233287836650112	29.4314174074584	0.164501311894629
39.675	0.5	-0.019751973485202	0.699677745666315	0.225960098622904	29.4125270209807	0.184198421211838
39.825	0.5	0.0334267912820168	0.619067465836045	0.191557433694604	29.3927535466258	0.226741433025613
39.975	0.5	0.11954800486017	0.549870520074088	0.147077041368205	29.3704165476777	0.295638403888136
40.125	0.5	0.237721245957744	0.496439099201346	0.106817103925154	29.3439846937558	0.390176996766196
40.275	0.5	0.380241423051197	0.457353951083247	0.0757812356074652	29.3123068126366	0.504193138440957
40.425	0.5	0.53311638823847	0.429537198356973	0.0535438261770185	29.2748062765633	0.626493110590776
40.575	0.5	0.679861333628835	0.410027432158858	0.0381173419839446	29.2315761839827	0.743889066903068
40.725	0.5	0.806922117972558	0.396376625177424	0.0275597470299993	29.1833017993894	0.845537694378046
40.875	0.5	0.907189492779022	0.386699416454882	0.020368061653523	29.1310307706553	0.925751594223218
41.025	0.5	0.979944970997159	0.379644666266947	0.0154679102962377	29.0759055190089	0.983955976797727
41.175	0.5	1.0285689597662	0.374306552519575	0.012114626476839	29.0189646791255	1.02285516781296
41.325	0.5	1.05807372010094	0.370104364527074	0.00979835612691636	28.9610471015316	1.04645897608075
41.475	0.5	1.07348745842107	0.366672605665355	0.00817155705216646	28.9027749688217	1.05878996673686
41.625	0.5	1.07911710775683	0.363781033749833	0.00699745424965477	28.8445783187449	1.06329368620546
41.775	0.5	1.07835989881581	0.361283537990284	0.00611453971276635	28.7867331459174	1.06268791905265
41.925	0.5	1.07376578925006	0.359087353779116	0.00541263521323848	28.7293988233924	1.05901263140005
42.075	0.5	1.06717834051202	0.357134643130953	0.00481700928489923	28.672649732889	1.05374267240961
42.225	0.5	1.05987868934618	0.355391059701513	0.0042779066675992	28.6165004194136	1.04790295147694
42.375	0.5	1.05270934808157	0.353838155057746	0.00376356275826341	28.5609251307721	1.04216747846525
42.525	0.5	1.0461761201871	0.352467941981588	0.00325536393776166	28.5058728340612	1.03694089614968
42.675	0.5	1.04053241823278	0.351278781797629	0.00274429040166321	28.4512786036854	1.03242593458623
42.825	0.5	1.03585003106962	0.350272221871841	0.00222814156434597	28.3970720366819	1.0286800248557
42.975	0.5	1.03207857899179	0.349450626695443	0.00170929459543192	28.343183192315	1.02566286319343
43.125	0.5	1.02909444201787	0.348815520240836	0.00119289322115356	28.2895464775855	1.0232755536143
43.275	0.5	1.02673934553897	0.348366558330659	0.000685428413348842	28.2361028739399	1.02139147643117
43.425	0.5	1.02484889593993	0.3481010264606	0.000193684631934313	28.1828008875797	1.01987911675194
43.575	0.5	1.02327182930756	0.34801374003408	-0.000275986507603424	28.1295965837178	1.01861746344604
43.725	0.5	1.02188124692555	0.348097221984237	-0.000718118260771094	28.0764530256444	1.01750499754044
43.875	0.5	1.02057945888975	0.348342046699536	-0.00112836734625247	28.0233393848181	1.0164635671118
44.025	0.5	1.01929816756106	0.34873726261797	-0.00150359833483167	27.9702299258354	1.01543853404885
44.175	0.5	1.01799561630421	0.349270831646659	-0.00184186453025511	27.9171030084018	1.01439649304337
44.325	0.5	1.01665207539163	0.34993004656541	-0.0021423244443709	27.863940193812	1.0133216603133
44.475	0.5	1.01526471543106	0.350701905303839	-0.0024051215318032	27.8107254996681	1.01221177234485
44.625	0.5	1.01384259479091	0.351573433097894	-0.0026312454369402	27.7574448146723	1.01107407583273
44.775	0.5	1.01240220381985	0.352531950902361	-0.00282238624230982	27.704085464481	1.00992176305588
44.925	0.5	1.01096378540586	0.353565292370998	-0.00298078889007465	27.6506359078557	1.00877102832469
45.075	0.5	1.00954849195908	0.354661973469609	-0.00310911248131859	27.5970855374116	1.00763879356726
45.225	0.5	1.00817633632072	0.355811319332319	-0.00321029786763878	27.5434245589344	1.00654106905657
45.375	0.5	1.00686483677579	0.357003552965662	-0.00328744627201645	27.4896439256886	1.00549186942063
45.525	0.5	1.00562823179815	0.358229850227096	-0.00334371121389858	27.435735307976	1.00450258543852
45.675	0.5	1.00447713723811	0.359482365334838	-0.00338220554232218	27.3816910824683	1.00358170979049
45.825	0.5	1.00341852851824	0.360754231065847	-0.00340592481770254	27.3275043299234	1.00273482281459
45.975	0.5	1.0024559466125	0.362039537753358	-0.00341768762818225	27.2731688334781	1.00196475729
46.125	0.5	1.00158984488947	0.363333295173948	-0.00342009273813007	27.2186790726511	1.00127187591158
46.275	0.5	1.00081801174274	0.364631381366145	-0.00341549230811782	27.1640302104662	1.00065440939419
46.425	0.5	1.00013601997729	0.365930482326334	-0.00340597986496241	27.1092180727808	1.00010881598184
46.575	0.5	0.999537667636503	0.367228026352175	-0.00339339127259268	27.0542391200429	0.999630134109203
46.725	0.5	0.999015386282343	0.368522116555569	-0.0033793166794442	26.9990904124115	0.999212309025875
46.875	0.5	0.998560601865045	0.369811464739411	-0.00336512128946657	26.9437695695397	0.998848481492036
47.025	0.5	0.998164040510773	0.371095329446245	-0.00335197279173563	26.8882747264136	0.998531232408619
47.175	0.5	0.997815977099803	0.372373460543812	-0.00334087335349096	26.8326044865439	0.998252781679842
47.325	0.5	0.99750642865373	0.373646052229605	-0.00333269418757921	26.7767578735701	0.998005142922984
47.475	0.5	0.997225297510889	0.374913705810151	-0.00332821081059212	26.7207342820165	0.997780238008711
47.625	0.5	0.996962471222885	0.376177403041002	-0.00332813717640864	26.6645334275854	0.997569976978308
47.775	0.5	0.996707887208659	0.377438490190065	-0.00333315688639919	26.6081552970291	0.997366309766927
47.925	0.5	0.996451570601333	0.378698672297721	-0.00334394963622335	26.5516000973479	0.997161256481066
48.075	0.5	0.996183653556595	0.379960016342746	-0.00336121097258511	26.4948682038603	0.996946922845276
48.225	0.5	0.995894383695677	0.38122496117462	-0.00338566332914193	26.4379601066188	0.996715506956542
48.375	0.5	0.995574128459349	0.382496331146785	-0.00341805622978247	26.3808763547279	0.99645930276748
48.525	0.5	0.9952133810684	0.383777349399667	-0.00345915354283213	26.3236174983852	0.99617070485472
48.675	0.5	0.994802772618939	0.385071645732646	-0.00350970580245148	26.2661840289303	0.995842218095151
48.825	0.5	0.994333093664604	0.386383253038963	-0.00357040595283621	26.2085763178417	0.995466474931683
48.975	0.5	0.993795327506035	0.387716585440229	-0.00364182748596831	26.1507945564678	0.995036262004828
49.125	0.5	0.993180696355881	0.389076390676846	-0.00372434490010794	26.0928386992736	0.994544557084705
49.275	0.5	0.992480720594499	0.390467669138855	-0.00381803775404498	26.0347084144765	0.993984576475599
49.425	0.5	0.991687290490103	0.391895552336082	-0.00392258134522788	25.9764030470527	0.993349832392083
49.575	0.5	0.99079274903836	0.393365134805108	-0.00403712916657883	25.9179216001081	0.992634199230688
49.725	0.5	0.98978998399321	0.394881255607906	-0.00416019468115076	25.8592627413751	0.991831987194568
49.875	0.5	0.988672526727582	0.396448228831621	-0.00428954239063279	25.8004248419715	0.990938021382066
50.025	0.5	0.98743465529061	0.398069526878295	-0.00442210034869577	25.7414060543375	0.989947724232488
50.175	0.5	0.986071498918254	0.399747425729013	-0.00455390777464047	25.6822044353057	0.988857199134603
50.325	0.5	0.9845791412885	0.401482627459357	-0.00468011179261379	25.6228181184073	0.9876633130308
50.475	0.5	0.982954719951165	0.40327388152652	-0.00479502610553647	25.5632455367176	0.986363775960932
50.625	0.5	0.981196519544944	0.405117631987405	-0.00489226127809533	25.5034856938487	0.984957215635955
50.775	0.5	0.979304056571597	0.407007721914609	-0.0049649311441261	25.4435384762755	0.983443245257278
50.925	0.5	0.977278153569162	0.408935187904	-0.00500593290536792	25.3834049953835	0.981822522855329
51.075	0.5	0.975121000486365	0.41088817590404	-0.00500829037350663	25.3230879429139	0.980096800389092
51.225	0.5	0.972836200937941	0.412852004160867	-0.00496554152656261	25.2625919394272	0.978268960750353
51.375	0.5	0.970428800909306	0.414809389922331	-0.00487214435684244	25.2019238525978	0.976343040727445
51.525	0.5	0.967905297531897	0.416740844334759	-0.00472387017487066	25.1410930611036	0.974324238025518
51.675	0.5	0.96527362594709	0.418625225990195	-0.00451815215577254	25.0801116409147	0.972218900757672
51.825	0.5	0.962543123173079	0.420440429564511	-0.00425435952592452	25.0189944539913	0.970034498538463
51.975	0.5	0.959724469352707	0.422164173832574	-0.00393397423214847	24.9577591245375	0.967779575482165
52.125	0.5	0.956829608711472	0.423774844758061	-0.00356065632635983	24.8964258945108	0.965463686969177
52.275	0.5	0.953871654734496	0.425252345487668	-0.00314019512732229	24.8350173573182	0.963097323787597
52.425	0.5	0.950864786049311	0.426578906281094	-0.00268035367937128	24.7735580757488	0.960691828839449
52.575	0.5	0.947824140741715	0.427739813143963	-0.00219062238308866	24.7120740964325	0.958259312593372
52.725	0.5	0.944765716804401	0.428724022886064	-0.00168190267134443	24.6505923779554	0.955812573443521
52.875	0.5	0.941706284735643	0.429524642721362	-0.00116614275682338	24.5891401529491	0.953365027788514
53.025	0.5	0.938663314858634	0.4301392624954	-0.000655945160513563	24.5277442460724	0.950930651886907
53.175	0.5	0.935654916987633	0.430570135661218	-0.00016416108210998	24.4664303701632	0.948523933590106
53.325	0.5	0.932699784347812	0.430824210321721	0.000296518711779636	24.4052224224434	0.94615982747825
53.475	0.5	0.929817127726738	0.430913014125612	0.000713971258349147	24.34414180201	0.94385370218139
53.625	0.5	0.927026581661748	0.430852396968389	0.00107704403737274	24.2832067693335	0.941621265329398
53.775	0.5	0.924348062043068	0.430662134929843	0.00137594925311389	24.2224318682491	0.939478449634455
53.925	0.5	0.92180155552597	0.43036539880237	0.00160264278519981	24.1618274308817	0.937441244420776
54.075	0.5	0.919406825637589	0.4299880923346	0.00175117566729484	24.1013991857467	0.935525460510071
54.225	0.5	0.917183028450528	0.429558069604334	0.00181800035356283	24.0411479884533	0.933746422760422
54.375	0.5	0.915148241562883	0.429104247812305	0.00180220956214498	23.9810696924887	0.932118593250306
54.525	0.5	0.913318922763452	0.428655640598767	0.00170568352384376	23.921155174105	0.930655138210762
54.675	0.5	0.911709327662117	0.42824034652055	0.0015331229405317	23.861390520155	0.929367462129694
54.825	0.5	0.910330926970035	0.427884536044297	0.00129195018469795	23.8017573808971	0.928264741576028
54.975	0.5	0.909191872205958	0.427611486737001	0.000992069911583851	23.7422334816727	0.927353497764767
55.125	0.5	0.908296561742941	0.42744071893227	0.000645491400280254	23.6827932785244	0.926637249394353
55.275	0.5	0.907645356103265	0.427387282144459	0.000265827267718583	23.6234087340518	0.926116284882612
55.425	0.5	0.907234481794717	0.427461235636368	-0.000132304824273891	23.564050181941	0.925787585435774
55.575	0.5	0.907056147290329	0.427667355172923	-0.000533940761172046	23.50468724249	0.925644917832263
55.725	0.5	0.907098874232063	0.428005083229603	-0.00092444531585108	23.4452897477898	0.925679099385651
55.875	0.5	0.907348024668774	0.428468723032717	-0.00129015802933294	23.3858286344974	0.925878419735019
56.025	0.5	0.907786483475766	0.429047859823843	-0.00161896540555945	23.3262767645339	0.926229186780613
56.175	0.5	0.908395437882571	0.429727977242326	-0.00190076166767681	23.2666096394094	0.926716350306057
56.325	0.5	0.90915518581221	0.430491224399415	-0.00212777052459586	23.2068059817259	0.927324148649768
56.475	0.5	0.910045903320595	0.431317281170449	-0.00229471307711077	23.1468481669596	0.928036722656476
56.625	0.5	0.911048309131494	0.432184266017032	-0.00239882059293747	23.0867224989136	0.928838647305195
56.775	0.5	0.912144179842515	0.433069632200036	-0.00243970377306587	23.0264193322498	0.929715343874012
56.925	0.5	0.913316690242567	0.433951003941758	-0.00241910089563913	22.9659330543074	0.930653352194053
57.075	0.5	0.914550575921497	0.4348069129381	-0.00234053483100592	22.9052619452984	0.931640460737198
57.225	0.5	0.915832136416408	0.435617406407802	-0.00220891287011552	22.8444079404974	0.932665709133127
57.375	0.5	0.917149113515441	0.436364509398755	-0.00203010362783963	22.7833763201215	0.933719290812352
57.525	0.5	0.918490489074479	0.437032535282875	-0.00181052245334524	22.7221753524225	0.934792391259583
57.675	0.5	0.919846249152731	0.437608248440778	-0.00155675159253807	22.6608159135074	0.935876999322185
57.825	0.5	0.921207157066288	0.438080891494363	-0.00127521474130505	22.5993111040943	0.93696572565303
57.975	0.5	0.922564568703831	0.438442095787421	-0.000971918528245843	22.5376758793899	0.938051654963065
58.125	0.5	0.923910311304328	0.438685698050669	-0.00065226667435807	22.4759267040272	0.939128249043463
58.275	0.5	0.925236634104742	0.438807488408207	-0.000320946687111686	22.4140812399433	0.940189307283794
58.425	0.5	0.92653622775456	0.438804915308766	1.81156833709966e-05	22.3521580714606	0.941228982203648
58.575	0.5	0.927802300512407	0.438676771903166	0.000361742230621812	22.2901764687973	0.942241840409925
58.725	0.5	0.92902869378406	0.438422886135026	0.000707438217820837	22.2281561887904	0.943222955027248
58.875	0.5	0.930210017168541	0.438043833873481	0.00105328905376294	22.1661173097345	0.944168013734833
59.025	0.5	0.931341784256834	0.437540690831265	0.00139782812763021	22.104080095824	0.945073427405467
59.175	0.5	0.932420533253813	0.436914835413486	0.00173988534233108	22.0420648856413	0.94593642660305
59.325	0.5	0.933443920919837	0.436167811031467	0.00207842455652609	21.9800919983825	0.946755136735869
59.475	0.5	0.934410783284353	0.435301253118022	0.00241237655684731	21.9181816509703	0.947528626627482
59.625	0.5	0.935321161450532	0.434316883235438	0.00274047246589932	21.8563538788226	0.948256929160426
59.775	0.5	0.936176295110747	0.433216570410129	0.00306108077200904	21.7946284527774	0.948941036088598
59.925	0.5	0.936978589826693	0.43200245822751	0.00337204956777516	21.7330247844708	0.949582871861354
60.075	0.5	0.937731566546301	0.430677155273021	0.00367055423818983	21.6715618122979	0.95018525323704
60.225	0.5	0.93843980320493	0.429243986102305	0.00395294986778239	21.6102578599179	0.950751842563944
60.375	0.5	0.939108878654679	0.42770729985382	0.0042146270961501	21.5491304590901	0.951287102923743
60.525	0.5	0.939745328723188	0.426072833602614	0.00444986995155241	21.4881961284658	0.951796262978551
60.675	0.5	0.940356623121156	0.424348127335383	0.00465171400946182	21.4274700998574	0.952285298496925
60.825	0.5	0.940951170436438	0.422542986952798	0.00481180245062314	21.3669659835352	0.95276093634915
60.975	0.5	0.941538356811581	0.420669991298595	0.00492023540179805	21.3066953642896	0.953230685449265
61.125	0.5	0.942128622273436	0.418745039809715	0.00496540347819393	21.2466673202904	0.953702897818749
61.275	0.5	0.942733577077312	0.416787940578738	0.00493378924528947	21.1868878569168	0.954186861661849
61.425	0.5	0.943366158578194	0.414823046559311	0.00480971089893696	21.1273592471921	0.954692926862555
61.575	0.5	0.944040826400543	0.412879962498168	0.00457497305670308	21.0680792683834	0.955232661120434
61.725	0.5	0.944773788948519	0.410994368173352	0.00420838477731237	21.0090403196035	0.955819031158815
61.875	0.5	0.945583246037342	0.409209033511648	0.00368511214607293	20.9502283967453	0.956466596829874
62.025	0.5	0.946489618774592	0.407575132854266	0.0029758617599712	20.8916218881027	0.957191695019673
62.175	0.5	0.947515716912924	0.406153987848185	0.00204595290749906	20.8331901370677	0.958012573530339
62.325	0.5	0.948686764437049	0.405019363034962	0.000854438695046874	20.7748916999602	0.958949411549639
62.475	0.5	0.950030166345138	0.404260380662603	-0.000646418734244679	20.7166722131151	0.96002413307611
62.625	0.5	0.9515748563042	0.403984984127724	-0.00251083864152544	20.6584617835175	0.96125988504336
62.775	0.5	0.953350024761468	0.404323639263689	-0.00479772553794295	20.6001718452968	0.962680019809175
62.925	0.5	0.955383002385599	0.405432613559121	-0.00756662558370225	20.5416914968032	0.964306401908479
63.075	0.5	0.957696089155963	0.407495741997555	-0.0108707182060935	20.48288346586	0.96615687132477
63.225	0.5	0.96030220494153	0.410723156297934	-0.0147464290743877	20.4235800534559	0.968241763953224
63.375	0.5	0.963199430866989	0.415345173027015	-0.0191999132384021	20.3635796718577	0.970559544693591
63.525	0.5	0.966364842780028	0.42159962611616	-0.0241917160611881	20.3026448868518	0.973091874224022
63.675	0.5	0.969748509059351	0.429711640062896	-0.0296222682756934	20.2405031207562	0.975798807247481
63.825	0.5	0.973269067828006	0.439866344608274	-0.0353221734363863	20.1768512551052	0.978615254262405
63.975	0.5	0.976812743368592	0.452177255036054	-0.0410519025770215	20.1113651463589	0.981450194694874
64.125	0.5	0.980237735162456	0.46665548471462	-0.0465147887618013	20.0437144186119	0.984190188129965
64.275	0.5	0.983385319046886	0.483186666044833	-0.0513846168114336	19.9735818215754	0.986708255237509
64.425	0.5	0.986097590721737	0.501522333421555	-0.0553449064563906	19.9006851369546	0.98887807257739
64.575	0.5	0.988239754250457	0.521289970119334	-0.0581325638551683	19.8247984900521	0.990591803400365
64.725	0.5	0.989722827454592	0.542021472173485	-0.0595759953880721	19.7457694654817	0.991778261963674
64.875	0.5	0.990521460771107	0.563195092901306	-0.0596185932031704	19.6635289559724	0.992417168616886
65.025	0.5	0.990681952479633	0.584282902307371	-0.0583225729106996	19.5780921216454	0.992545561983706
65.175	0.5	0.990317633527711	0.604795415875391	-0.055853629909972	19.4895507354909	0.992254106822169
65.325	0.5	0.989592000597949	0.624316938890737	-0.0524514980575434	19.3980589010958	0.99167360047836
65.475	0.5	0.988693191767594	0.642528120851475	-0.0483938438086894	19.3038151475098	0.990954553414075
65.625	0.5	0.987805505369323	0.659215055552813	-0.0439608910715483	19.2070440509877	0.990244404295458
65.775	0.5	0.987084021492313	0.674266385189661	-0.0394064589612406	19.1079799415219	0.989667217193851
65.925	0.5	0.986637056219785	0.687661170391486	-0.0349386223362463	19.0068542498733	0.989309644975828
66.075	0.5	0.986518786370667	0.69945089367364	-0.0307107242207232	18.9038869930281	0.989215029096534
66.225	0.5	0.986731784138621	0.709739000767282	-0.0268214761331957	18.7992820490419	0.989385427310897
66.375	0.5	0.987237146292884	0.718660949933564	-0.023321642689157	18.6932253656723	0.989789717034307
66.525	0.5	0.987968818975714	0.726366953789072	-0.020224380764287	18.585885083569	0.990375055180571
66.675	0.5	0.988848658402593	0.733008641367918	-0.0175165676169847	18.4774126521011	0.991078926722075
66.825	0.5	0.989799486934464	0.738729950599531	-0.0151691545836211	18.3679442583108	0.991839589547571
66.975	0.5	0.990754517368584	0.743661855953502	-0.0131454333304836	18.2576021688162	0.992603613894867
67.125	0.5	0.991662650459876	0.747920125760592	-0.0114068628932974	18.1464958246024	0.993330120367901
67.275	0.5	0.992490038777908	0.751605175841696	-0.00991664458981631	18.0347226922646	0.993992031022327
67.425	0.5	0.993218837919137	0.754803164262899	-0.0086415198753844	17.922368958037	0.99457507033531
67.575	0.5	0.993844243403152	0.757587660573853	-0.00755234639205916	17.8095101692223	0.995075394722522
67.725	0.5	0.99437082472016	0.760021440090606	-0.00662395273232856	17.6962119059363	0.995496659776128
67.875	0.5	0.994808929662507	0.762158146825494	-0.00583465354831975	17.5825305277463	0.995847143730006
68.025	0.5	0.995171644359643	0.76404371336661	-0.0051656758410314	17.4685140018753	0.996137315487714
68.175	0.5	0.995472530012983	0.765717519016227	-0.00460063488392634	17.3542027916974	0.996378024010386
68.325	0.5	0.995724155638516	0.767213317057489	-0.0041251164828936	17.2396307693272	0.996579324510813
68.475	0.5	0.99593731879414	0.768559980644458	-0.00372637146933885	17.1248261129334	0.996749855035312
68.625	0.5	0.996120786252442	0.769782116669074	-0.00339310265726516	17.0098121545565	0.996896629001954
68.775	0.5	0.99628137730324	0.770900587683413	-0.00311531620639065	16.8946081537994	0.997025101842592
68.925	0.5	0.996424234871387	0.771932970059372	-0.00288421118696564	16.7792299834914	0.99713938789711
69.075	0.5	0.996553167123447	0.772893965752627	-0.00269208757363464	16.6636907230399	0.997242533698757
69.225	0.5	0.996670982277774	0.773795776910658	-0.00253226025281758	16.5480011625052	0.997336785822219
69.375	0.5	0.996779774274522	0.774648447377063	-0.00239897292777796	16.4321702251526	0.997423819419617
69.525	0.5	0.996881143277686	0.775460172428454	-0.00228731027558696	16.3162053185996	0.997504914622149
69.675	0.5	0.996976352128434	0.776237577114856	-0.00219310934139255	16.2001126252476	0.997581081702747
69.825	0.5	0.997066429095767	0.776985963644364	-0.00211287230670653	16.0838973420718	0.997653143276614
69.975	0.5	0.997152230612643	0.777709528796386	-0.00204368292061097	15.9675638785981	0.997721784490114
70.125	0.5	0.997234477264506	0.77841155299201	-0.00198312847464644	15.851116020431	0.997787581811605
70.275	0.5	0.997313773912158	0.77909456317767	-0.00192922856822332	15.7345570642898	0.997851019129727
70.425	0.5	0.99739062179229	0.779760472013215	-0.00188037127057544	15.6178899292984	0.997912497433832
70.575	0.5	0.997465427564146	0.780410695985322	-0.00183525675095984	15.5011172483097	0.997972342051317
70.725	0.5	0.997538511968745	0.781046255032056	-0.00179284806547976	15.3842414423171	0.998030809574996
70.875	0.5	0.99761011915657	0.781667856113597	-0.00175232855163371	15.2672647804723	0.998088095325256
71.025	0.5	0.997680426764868	0.782275962946951	-0.00171306516584922	15.1501894278427	0.998144341411894
71.175	0.5	0.997749556347041	0.782870853877206	-0.00167457707018222	15.0330174827533	0.998199645077633
71.325	0.5	0.9978175836155	0.783452669613266	-0.00163650880165606	14.915751005332	0.9982540668924
71.475	0.5	0.99788454801437	0.784021452327242	-0.00159860741465667	14.7983920386907	0.998307638411496
71.625	0.5	0.997950461282211	0.784577177411408	-0.00156070305644017	14.6809426240074	0.998360369025768
71.775	0.5	0.998015314826259	0.785119779008589	-0.00152269250579564	14.5634048106177	0.998412251861007
71.925	0.5	0.998079085869128	0.785649170277926	-0.00148452526965203	14.4457806620846	0.998463268695302
72.075	0.5	0.998141742429872	0.786165259226065	-0.00144619188875086	14.3280722590776	0.998513393943897
72.225	0.5	0.998203247262302	0.786667960821358	-0.00140771415135536	14.21028169977	0.998562597809842
72.375	0.5	0.998263560900829	0.787157206010121	-0.00136913695411572	14.0924110983503	0.998610848720663
72.525	0.5	0.998322643967268	0.78763294817029	-0.00133052158267922	13.9744625821448	0.998658115173814
72.675	0.5	0.998380458880184	0.788095167462447	-0.00129194021287935	13.8564382877576	0.998704367104147
72.825	0.5	0.998436971089145	0.788543873474034	-0.00125347145795817	13.738340356563	0.998749576871316
72.975	0.5	0.99849214993491	0.788979106494052	-0.00121519680778638	13.6201709298163	0.998793719947928
73.125	0.5	0.998545969216563	0.789400937706204	-0.00117719782545186	13.5019321435958	0.99883677537325
73.275	0.5	0.998598407529328	0.789809468542472	-0.00113955398246079	13.3836261237436	0.998878726023462
73.425	0.5	0.998649448423037	0.790204829401676	-0.00110234102916056	13.2652549809322	0.99891955873843
73.575	0.5	0.998699080420526	0.790587177902386	-0.00106562981025165	13.1468208059543	0.998959264336421
73.725	0.5	0.998747296927178	0.790956696810463	-0.00102948544729495	13.0283256653056	0.998997837541742
73.875	0.5	0.998794096056922	0.791313591756263	-0.000993966820723356	12.9097715971088	0.999035276845538
74.025	0.5	0.998839480395375	0.791658088834119	-0.00095912629386642	12.79116060741	0.9990715843163
74.175	0.5	0.998883456717365	0.791990432158408	-0.000925009629630323	12.672494666865	0.999106765373892
74.325	0.5	0.998926035673195	0.792310881434643	-0.000891656058185961	12.5537757078193	0.999140828538556
74.475	0.5	0.998967231455614	0.79261970959045	-0.000859098460685483	12.4350056217804	0.999173785164491
74.625	0.5	0.99900706145738	0.792917200500556	-0.000827363639596195	12.3161862572706	0.999205649165904
74.775	0.5	0.999045545927544	0.793203646829915	-0.000796472651420696	12.1973194180449	0.999236436742035
74.925	0.5	0.999082707632858	0.793479348012504	-0.000766441181846652	12.0784068616559	0.999266166106287
75.075	0.5	0.999118571529423	0.793744608376025	-0.000737279947043622	11.9594502983425	0.999294857223538
75.225	0.5	0.999153164448374	0.793999735418467	-0.000708995107954988	11.8404513902193	0.999322531558699
75.375	0.5	0.999186514798374	0.794245038238193	-0.000681588687340531	11.7214117507427	0.999349211838699
75.525	0.5	0.999218652286799	0.794480826115862	-0.000655058981229852	11.602332944429	0.999374921829439
75.675	0.5	0.999249607660799	0.794707407244906	-0.000629400958786638	11.4832164867992	0.999399686128639
75.825	0.5	0.999279412468717	0.794925087603888	-0.000604606645755168	11.3640638445287	0.999423529974973
75.975	0.5	0.999308098842005	0.795134169965114	-0.000580665488328787	11.244876435777	0.999446479073604
76.125	0.5	0.999335699297326	0.7953349530301	-0.000557564695134778	11.1256556306779	0.999468559437861
76.275	0.5	0.99936224655821	0.795527730684815	-0.000535289555954521	11.0064027519671	0.999489797246568
76.425	0.5	0.99938777339554	0.795712791365113	-0.000513823736608798	10.8871190757318	0.999510218716432
76.575	0.5	0.999412312485898	0.795890417523752	-0.00049314954978953	10.7678058322602	0.999529849988718
76.725	0.5	0.999435896286702	0.796060885190574	-0.00047324820237645	10.6484642069795	0.999548717029361
76.875	0.5	0.999458556927013	0.796224463616995	-0.000454100019648668	10.5290953414632	0.99956684554161
77.025	0.5	0.999480326112985	0.796381414996872	-0.000435684647560054	10.409700334497	0.999584260890388
77.175	0.5	0.999501235046754	0.796531994255813	-0.000417981234003877	10.29028024319	0.999600988037403
77.325	0.5	0.999521314357643	0.796676448901829	-0.000400968590384148	10.1708360841205	0.999617051486115
77.475	0.5	0.999540594044605	0.796815018930147	-0.000384625334706641	10.0513688345066	0.999632475235684
77.625	0.5	0.999559103428859	0.796947936775989	-0.000368930017539129	9.93187943339249	0.999647282743087
77.775	0.5	0.99957687111572	0.79707542730953	-0.000353861232117432	9.81236878284337	0.999661496892576
77.925	0.5	0.999593924964693	0.797197707867232	-0.000339397710049658	9.69283774914218	0.999675139971755
78.075	0.5	0.999610292066932	0.797314988314909	-0.000325518403607993	9.5732871639817	0.999688233653546
78.225	0.5	0.99962599872926	0.797427471137951	-0.000312202556131533	9.45371782564749	0.999700798983408
78.375	0.5	0.999641070463965	0.797535351554514	-0.000299429761363749	9.33413050018716	0.999712856371172
78.525	0.5	0.999655531983707	0.797638817647998	-0.000287180013223095	9.21452592256212	0.999724425586966
78.675	0.5	0.999669407200843	0.79773805051569	-0.000275433746528275	9.09490479777895	0.999735525760674
78.825	0.5	0.999682719230627	0.797833224430318	-0.000264171870066916	8.97526780199751	0.999746175384502
78.975	0.5	0.999695490397723	0.797924507012308	-0.000253375792652968	8.85561558361389	0.999756392318178
79.125	0.5	0.99970774224556	0.798012059409724	-0.000243027443029735	8.7359487643164	0.999766193796448
79.275	0.5	0.999719495548079	0.798096036484793	-0.000233109284354314	8.61626794011328	0.999775596438463
79.425	0.5	0.999730770323514	0.798176587004321	-0.000223604323949668	8.49657368233117	0.999784616258811
79.575	0.5	0.999741585849806	0.79825385383292	-0.000214496118962306	8.37686653858354	0.999793268679845
79.725	0.5	0.999751960681387	0.798327974127675	-0.000205768778428671	8.25714703370882	0.999801568545109
79.875	0.5	0.999761912667039	0.798399079532755	-0.000197406962285883	8.13741567067765	0.999809530133631
80.025	0.5	0.999771458968617	0.798467296373449	-0.000189395877807447	8.01767293146965	0.999817167174894
80.175	0.5	0.999780616080214	0.798532745848329	-0.000181721273778256	7.89791927791935	0.999824492864171
80.325	0.5	0.999789399847949	0.798595544219064	-0.000174369432914642	7.77815515253189	0.999831519878359
80.475	0.5	0.999797825489929	0.798655802997285	-0.000167327162719561	7.65838097926868	0.999838260391944
80.625	0.5	0.999805907616337	0.798713629127892	-0.000160581785159122	7.53859716430349	0.99984472609307
80.775	0.5	0.999813660249492	0.79876912516857	-0.00015412112533851	7.41880409674955	0.999850928199594
80.925	0.5	0.999821096843797	0.798822389465124	-0.000147933499466455	7.29900214935826	0.999856877475038
81.075	0.5	0.999828230305478	0.798873516322411	-0.00014200770234773	7.1791916791901	0.999862584244382
81.225	0.5	0.999835073012047	0.79892259617075	-0.000136332994471464	7.05937302825847	0.999868058409638
81.375	0.5	0.999841636831435	0.79896971572773	-0.000130899088971453	6.93954652414723	0.999873309465148
81.525	0.5	0.999847933140724	0.799014958155259	-0.000125696138555611	6.81971248060248	0.999878346512579
81.675	0.5	0.999853972844415	0.799058403212014	-0.000120714722585714	6.69987119809958	0.999883178275532
81.825	0.5	0.999859766392137	0.799100127401344	-0.000115945834347273	6.58002296438588	0.999887813113709
81.975	0.5	0.999865323795842	0.799140204114437	-0.000111380868752817	6.46016805500012	0.999892259036673
82.125	0.5	0.999870654646235	0.799178703769426	-0.000107011610506328	6.34030673376904	0.999896523716988
82.275	0.5	0.99987576812863	0.799215693946066	-0.000102830222862002	6.22043925328205	0.999900614502904
82.425	0.5	0.999880673038371	0.799251239516571	-9.8829237153498e-05	6.10056585534449	0.999904538430697
82.575	0.5	0.999885377796071	0.799285402772676	-9.50015431921813e-05	5.98068677141021	0.999908302236857
82.725	0.5	0.9998898904628	0.799318243549126	-9.13403806954718e-05	5.86080222299394	0.99991191237024
82.875	0.5	0.999894218755014	0.79934981934412	-8.78393319290378e-05	5.74091242206391	0.999915375004012
83.025	0.5	0.999898370058325	0.79938018543674	-8.44923157676717e-05	5.62101757141537	0.99991869604666
83.175	0.5	0.999902351438668	0.799409395002423	-8.12935832709595e-05	5.50111786502543	0.999921881150935
83.325	0.5	0.999906169649451	0.799437499226691	-7.82377151899219e-05	5.38121348838982	0.999924935719561
83.475	0.5	0.999909831134944	0.79946454741843	-7.53196215758487e-05	5.26130461884235	0.999927864907956
83.625	0.5	0.999913342033493	0.799490587123306	-7.25345441699876e-05	5.14139142585706	0.999930673626795
83.775	0.5	0.999916708188049	0.799515664237752	-6.98780623477532e-05	5.02147407133312	0.999933366550439
83.925	0.5	0.999919935172775	0.799539823123659	-6.73461036406946e-05	4.90155270986084	0.99993594813822
84.075	0.5	0.999923028338561	0.799563106723393	-6.49349601442704e-05	4.78162748896704	0.999938422670849
84.225	0.5	0.999925992863874	0.799585556675855	-6.26413116385497e-05	4.66169854933793	0.999940794291099
84.375	0.5	0.999928833774069	0.799607213436597	-6.04622558758289e-05	4.54176602501989	0.999943067019256
84.525	0.5	0.999931555876295	0.799628116409168	-5.83953460282966e-05	4.42183004360268	0.999945244701036
84.675	0.5	0.999934163574078	0.799648304098525	-5.64386358312635e-05	4.30189072639334	0.999947330859263
84.825	0.5	0.999936660599675	0.799667814297459	-5.45907361836025e-05	4.18194818858899	0.99994932847974
84.975	0.5	0.999939049831281	0.799686684308777	-5.28508935382529e-05	4.0620025394462	0.999951239865025
85.125	0.5	0.999941333486095	0.799704951188799	-5.12191088630969e-05	3.94205388242221	0.999953066788876
85.275	0.5	0.999943513968423	0.799722651977729	-4.96963221094277e-05	3.82210231523434	0.999954811174738
85.425	0.5	0.99994559534477	0.799739823878272	-4.82846821241922e-05	3.70214792976927	0.999956476275816
85.575	0.5	0.999947584748939	0.799756504380046	-4.69878979673681e-05	3.58219081180575	0.999958067799151
85.725	0.5	0.999949492201762	0.799772731421315	-4.5811626810886e-05	3.46223104061689	0.99995959376141
85.875	0.5	0.99995132699188	0.799788543811832	-4.47638194552697e-05	3.34226868867886	0.999961061593504
86.025	0.5	0.999953089853375	0.799803982230294	-4.38549704679512e-05	3.22230382184103	0.9999624718827
86.175	0.5	0.999954763414424	0.799819091018727	-4.30983761153127e-05	3.10233650023699	0.999963810731539
86.325	0.5	0.999956308268552	0.799833920594148	-4.25108281697864e-05	2.98236677975	0.999965046614842
86.475	0.5	0.999957675743495	0.799848529605224	-4.21145900732873e-05	2.86239471295501	0.999966140594796
86.625	0.5	0.999958845822892	0.799862985317931	-4.19417384079963e-05	2.74242034748638	0.999967076658313
86.775	0.5	0.999959884251442	0.799877360839425	-4.20415344975774e-05	2.62244371958462	0.999967907401154
86.925	0.5	0.999960985970351	0.799891729543189	-4.24899587723383e-05	2.50246484233389	0.99996878877628
87.075	0.5	0.99996244358355	0.799906160748072	-4.33979620235076e-05	2.38248369254126	0.99996995486684
87.225	0.5	0.999964475835705	0.799920725067502	-4.49126983773895e-05	2.26250020632199	0.999971580668564
87.375	0.5	0.999966907263423	0.799935519299949	-4.72071637160843e-05	2.14251429730128	0.999973525810739
87.525	0.5	0.999968826826775	0.799950713957401	-5.04628172566333e-05	2.02252590623579	0.99997506146142
87.675	0.5	0.999968537666603	0.799966607467933	-5.48704212433635e-05	1.90253507050273	0.999974830133283
87.825	0.5	0.999964221011389	0.799983642349793	-6.07040779208247e-05	1.78254196712104	0.999971376809112
87.975	0.5	0.99995557290794	0.800002314884966	-6.85477872159805e-05	1.66254684993863	0.999964458326352
88.125	0.5	0.99994604739384	0.800022917464948	-7.97429162212548e-05	1.54254980550738	0.999956837915072
88.275	0.5	0.999944288026309	0.800045116951976	-9.70401833967217e-05	1.42255033683619	0.999955430421047
88.425	0.5	0.999962348765882	0.800067486242966	-0.000125258625981481	1.30254697078298	0.999969879012705
88.575	0.5	1.0000084500367	0.800087187681556	-0.000171515681878013	1.18253732379302	1.00000676002936
88.725	0.5	1.00007455519148	0.800099863062051	-0.000244448992401392	1.06251919520663	1.00005964415318
88.875	0.5	1.00012445889712	0.800099116549388	-0.000352071929094931	0.942493051937092	1.0000995671177
89.025	0.5	1.00009448033704	0.800073457494882	-0.000498720233245153	0.822465564759138	1.00007558426963
89.175	0.5	0.999920774052055	0.799996085693321	-0.000682549807190329	0.702452876530113	0.999936619241644
89.325	0.5	0.999596322077869	0.799800595505571	-0.000893388216700688	0.582481954242715	0.999677057662295
89.475	0.5	0.999230506147604	0.799341465648504	-0.00109559347211546	0.462590188764761	0.999384404918083
89.625	0.5	0.999042061857788	0.798393406010174	-0.00111568602269121	0.342827139966043	0.99923364948623
89.775	0.5	0.9992023043208	0.797015894547969	-0.000123483014792863	0.223255726122288	0.99936184345664
89.925	0.5	0.999551987943702	0.398146741917644	0.00539369205874839	0.103874961851668	0.999641590354961
0.075	0.7	1.25643128562108e-30	0.399444020931325	-0.00179899920887494	36.0879103949013	0.2
0.225	0.7	2.49090943945442e-30	0.798882957954709	-0.000529686728164577	36.0639437536455	0.2
0.375	0.7	3.13259611679315e-31	0.799051709258851	0.00015634828217235	36.0399774174241	0.2
0.525	0.7	1.69863034422523e-30	0.799390444956919	0.000376033258404034	36.0160006510899	0.2
0.675	0.7	-5.86759343890772e-30	0.799667562077738	0.000382613009103949	35.9920139907266	0.2
0.825	0.7	-6.40365117167173e-30	0.799846035638714	0.000319163201571385	35.9680205973653	0.2
0.975	0.7	-1.93085837585974e-29	0.799948235174375	0.00024604978172096	35.9440232285883	0.2
1.125	0.7	-1.73583756966229e-29	0.800002373897746	0.000183312984451002	35.9200237032548	0.2
1.275	0.7	-2.58891052004665e-29	0.80002905388395	0.000134748734843765	35.8960230861545	0.2
1.425	0.7	-6.07934266555424e-30	0.800040961181342	9.87332374013222e-05	35.8720219600218	0.2
1.575	0.7	7.77067017128831e-30	0.800045301474777	7.24554333185941e-05	35.8480206284836	0.2
1.725	0.7	6.05096381865833e-29	0.800045984114197	5.33331607967536e-05	35.8240192419333	0.2
1.875	0.7	9.89500209669054e-29	0.800045064256746	3.93503320252324e-05	35.8000178694367	0.2
2.025	0.7	1.63305181176509e-28	0.800043591335225	2.90323714688437e-05	35.7760165380779	0.2
2.175	0.7	1.71080412309614e-28	0.800042081313844	2.13307704121272e-05	35.7520152539566	0.2
2.325	0.7	1.56304003335314e-28	0.800040772024122	1.55077056496962e-05	35.7280140131991	0.2
2.475	0.7	1.70562848788869e-29	0.800039759026048	1.10444483845112e-05	35.7040128076352	0.2
2.625	0.7	-1.86809558471892e-28	0.800039067174407	7.5746783634133e-06	35.6800116276575	0.2
2.775	0.7	-5.27364511909087e-28	0.800038687970523	4.83775749175619e-06	35.6560104636047	0.2
2.925	0.7	-8.50624558829139e-28	0.800038598813526	2.6465291393799e-06	35.6320093063793	0.2
3.075	0.7	-1.13847748730589e-27	0.80003877270909	8.65239682144976e-07	35.6080081476759	0.2
3.225	0.7	-1.1072964652318e-27	0.80003918296903	-6.05613579648078e-07	35.5840069800167	0.2
3.375	0.7	-6.89087484917087e-28	0.800039805302806	-1.83973717264009e-06	35.5600057966978	0.2
3.525	0.7	3.95498017547785e-28	0.800040618582202	-2.89230350775294e-06	35.5360045916986	0.2
3.675	0.7	2.00096274323113e-27	0.800041604944069	-3.80503973328405e-06	35.5120033595828	0.2
3.825	0.7	4.05493926007673e-27	0.800042749589917	-4.60982468495508e-06	35.4880020954019	0.2
3.975	0.7	5.82121497786719e-27	0.800044040465086	-5.33125775730996e-06	35.4640007946074	0.2
4.125	0.7	6.64290396225756e-27	0.800045467910371	-5.98850828235037e-06	35.439999452974	0.2
4.275	0.7	5.26442733823668e-27	0.800047024326895	-6.59666046865292e-06	35.4159980665328	0.2
4.425	0.7	1.05041566121111e-27	0.80004870387756	-7.16770004812201e-06	35.3919966315144	0.2
4.575	0.7	-6.5679346304003e-27	0.800050502226247	-7.71124609627263e-06	35.3679951443002	0.2
4.725	0.7	-1.64333951114506e-26	0.800052416318765	-8.23509612942101e-06	35.3439936013808	0.2
4.875	0.7	-2.65212547064857e-26	0.800054444197279	-8.74563770997116e-06	35.319991999321	0.2
5.025	0.7	-3.24833388816316e-26	0.800056584848017	-9.24815809179295e-06	35.295990334729	0.2
5.175	0.7	-2.98407935347334e-26	0.800058838073352	-9.74708646951232e-06	35.2719886042302	0.2
5.325	0.7	-1.36160375081879e-26	0.800061204389479	-1.02461744510365e-05	35.2479868044446	0.2
5.475	0.7	1.75075064953344e-26	0.800063684940201	-1.07486396936123e-05	35.2239849319668	0.2
5.625	0.7	6.0980668453291e-26	0.80006628142738	-1.12572790262996e-05	35.1999829833482	0.2
5.775	0.7	1.0599471231971e-25	0.800068996056583	-1.17745540435552e-05	35.1759809550811	0.2
5.925	0.7	1.36262452029118e-25	0.80007183148813	-1.2302662074174e-05	35.1519788435848	0.2
6.075	0.7	1.2978783954788e-25	0.800074790803751	-1.28435915629212e-05	35.1279766451918	0.2
6.225	0.7	6.91095281734745e-26	0.800077877474902	-1.33991661050861e-05	35.1039743561365	0.2
6.375	0.7	-5.30039867145088e-26	0.800081095341029	-1.39710813724963e-05	35.0799719725433	0.2
6.525	0.7	-2.18657531965873e-25	0.800084448591687	-1.45609341997667e-05	35.0559694904161	0.2
6.675	0.7	-3.83353172679802e-25	0.800087941752941	-1.51702471790787e-05	35.0319669056278	0.2
6.825	0.7	-4.73150104028107e-25	0.800091579678233	-1.58004876748977e-05	35.0079642139109	0.2
6.975	0.7	-4.08310511757455e-25	0.800095367540661	-1.64530859919905e-05	34.9839614108472	0.2
7.125	0.7	-1.29213770025742e-25	0.800099310831138	-1.71294479125794e-05	34.9599584918585	0.2
7.275	0.7	3.52191260377846e-25	0.800103415355698	-1.78309683388661e-05	34.9359554521973	0.2
7.425	0.7	9.21509109939818e-25	0.800107687236031	-1.8559040130831e-05	34.9119522869371	0.2
7.575	0.7	1.33839789553491e-24	0.800112132913444	-1.93150640363029e-05	34.8879489909631	0.2
7.725	0.7	1.28504153080287e-24	0.800116759151857	-2.01004558063032e-05	34.8639455589623	0.2
7.875	0.7	4.61162596739053e-25	0.800121573043096	-2.09166540571304e-05	34.839941985414	0.2
8.025	0.7	-1.228929177279e-24	0.800126582015296	-2.17651253232074e-05	34.8159382645797	0.2
8.175	0.7	-3.48591209071093e-24	0.800131793840151	-2.26473710205953e-05	34.7919343904931	0.2
8.325	0.7	-5.44138100637359e-24	0.800137216641972	-2.35649317058058e-05	34.7679303569493	0.2
8.475	0.7	-5.67578213138584e-24	0.800142858908412	-2.45193930236766e-05	34.7439261574946	0.2
8.625	0.7	-2.48876084148518e-24	0.800148729502659	-2.55123894431712e-05	34.7199217854148	0.2
8.775	0.7	5.41019230683963e-24	0.80015483767488	-2.65456097889964e-05	34.6959172337244	0.2
8.925	0.7	1.78718640327256e-23	0.800161193075762	-2.76207999046499e-05	34.6719124951543	0.2
9.075	0.7	3.20539514158889e-23	0.800167805771214	-2.87397690838572e-05	34.6479075621399	0.2
9.225	0.7	4.14991600378871e-23	0.800174686258051	-2.99043925674258e-05	34.623902426808	0.2
9.375	0.7	3.62326803852106e-23	0.800181845479063	-3.1116616636858e-05	34.5998970809644	0.2
9.525	0.7	4.9226800188278e-24	0.800189294841557	-3.23784624677287e-05	34.5758915160793	0.2
9.675	0.7	-6.02120612579766e-23	0.800197046234797	-3.36920302913311e-05	34.5518857232739	0.2
9.825	0.7	-1.55716232844158e-22	0.800205112049195	-3.50595042223981e-05	34.5278796933052	0.2
9.975	0.7	-2.58227057551442e-22	0.800213505196976	-3.64831563582225e-05	34.5038734165509	0.2
10.125	0.7	-3.18702043179788e-22	0.800222239132642	-3.79653510416091e-05	34.4798668829934	0.2
10.275	0.7	-2.65679806635365e-22	0.800231327876214	-3.95085498378842e-05	34.455860082203	0.2
10.425	0.7	-2.39643336642088e-23	0.800240786035497	-4.11153164358105e-05	34.4318530033208	0.2
10.575	0.7	4.47722111321182e-22	0.800250628831135	-4.27883216512589e-05	34.4078456350409	0.2
10.725	0.7	1.10438915066164e-21	0.800260872123096	-4.45303478485022e-05	34.383837965591	0.2
10.875	0.7	1.76370851711681e-21	0.800271532435918	-4.63442953527997e-05	34.3598299827135	0.2
11.025	0.7	2.08521775873577e-21	0.800282626987945	-4.82331875688899e-05	34.3358216736448	0.2
11.175	0.7	1.61641126885989e-21	0.80029417372075	-5.02001764984556e-05	34.3118130250942	0.2
11.325	0.7	-6.3138663205103e-23	0.80030619132993	-5.22485493845071e-05	34.2878040232216	0.2
11.475	0.7	-3.09519136611879e-21	0.800318699297164	-5.43817347616599e-05	34.2637946536144	0.2
11.625	0.7	-7.03953022035914e-21	0.80033171792486	-5.66033085745644e-05	34.2397849012637	0.2
11.775	0.7	-1.06266417695541e-20	0.800345268370458	-5.89170023522895e-05	34.2157747505389	0.2
11.925	0.7	-1.1740174502129e-20	0.800359372683582	-6.13267092018102e-05	34.1917641851615	0.2
12.075	0.7	-7.82387900123009e-21	0.800374053846669	-6.3836492302058e-05	34.1677531881779	0.2
12.225	0.7	3.15797565828211e-21	0.800389335813168	-6.64505918831686e-05	34.1437417419307	0.2
12.375	0.7	2.12583152460642e-20	0.800405243551926	-6.9173434377298e-05	34.1197298280291	0.2
12.525	0.7	4.29384065035433e-20	0.800421803089368	-7.20096412914534e-05	34.0957174273176	0.2
12.675	0.7	6.00204428690501e-20	0.80043904155969	-7.49640379724673e-05	34.0717045198437	0.2
12.825	0.7	6.01873931181479e-20	0.800456987250175	-7.80416626509029e-05	34.047691084824	0.2
12.975	0.7	2.99974793797838e-20	0.800475669653587	-8.12477776235673e-05	34.0236771006087	0.2
13.125	0.7	-3.91439949131554e-20	0.800495119522857	-8.45878793336196e-05	33.9996625446448	0.2
13.275	0.7	-1.42770632669252e-19	0.800515368924989	-8.80677095982185e-05	33.9756473934373	0.2
13.425	0.7	-2.55340070767748e-19	0.800536451300967	-9.16932671700865e-05	33.9516316225093	0.2
13.575	0.7	-3.26644575374876e-19	0.800558401527212	-9.54708201133407e-05	33.9276152063593	0.2
13.725	0.7	-2.87979891972231e-19	0.800581255980535	-9.94069185762264e-05	33.9035981184177	0.2
13.875	0.7	-7.25485913745202e-20	0.800605052603498	-0.000103508408918415	33.8795803310005	0.2
14.025	0.7	3.49078575967346e-19	0.800629830977514	-0.000107782446626388	33.8555618152615	0.2
14.175	0.7	9.24724678501724e-19	0.800655632396939	-0.0001122365130031	33.8315425411418	0.2
14.325	0.7	1.48309823409166e-18	0.800682499944226	-0.000116878429804628	33.8075224773176	0.2
14.475	0.7	1.72732935151436e-18	0.800710478574769	-0.000121716375510167	33.7835015911451	0.2
14.625	0.7	1.28691835223598e-18	0.800739615200184	-0.000126758904076144	33.7594798486032	0.2
14.775	0.7	-1.52583683188109e-19	0.800769958778741	-0.000132014961499078	33.7354572142331	0.2
14.925	0.7	-2.64721187732938e-18	0.800801560409144	-0.000137493906355962	33.7114336510764	0.2
15.075	0.7	-5.76482515287253e-18	0.800834473429342	-0.000143205529177098	33.6874091206086	0.2
15.225	0.7	-8.4221616441883e-18	0.800868753520088	-0.00014916007383148	33.6633835826707	0.2
15.375	0.7	-8.92187392755047e-18	0.800904458812487	-0.000155368260254085	33.6393569953974	0.2
15.525	0.7	-5.32547790147645e-18	0.800941650003465	-0.000161841306854279	33.6153293151419	0.2
15.675	0.7	3.76517186484933e-18	0.800980390473253	-0.000168590956247627	33.5913004963972	0.2
15.825	0.7	1.80925881028816e-17	0.80102074641289	-0.000175629500141495	33.5672704917135	0.2
15.975	0.7	3.45922659834164e-17	0.801062786954167	-0.000182969806824401	33.5432392516124	0.2
16.125	0.7	4.67477362964241e-17	0.801106584307894	-0.000190625349437046	33.5192067244963	0.2
16.275	0.7	4.51577385815214e-17	0.801152213909123	-0.000198610236113262	33.4951728565539	0.2
16.425	0.7	1.9959891404609e-17	0.80119975456944	-0.000206939240714365	33.4711375916617	0.2
16.575	0.7	-3.46683851538907e-17	0.801249288635477	-0.000215627835923236	33.4471008712798	0.2
16.725	0.7	-1.14562078410675e-16	0.801300902157426	-0.000224692227996376	33.4230626343436	0.2
16.875	0.7	-1.99986315161924e-16	0.801354685063503	-0.000234149391562843	33.3990228171503	0.2
17.025	0.7	-2.53416848612413e-16	0.801410731345726	-0.000244017108677158	33.3749813532398	0.2
17.175	0.7	-2.24294173774348e-16	0.801469139251666	-0.000254314006782475	33.3509381732696	0.2
17.325	0.7	-6.36845228159912e-17	0.801530011488089	-0.000265059601030775	33.3268932048847	0.2
17.475	0.7	2.50816400265135e-16	0.801593455434142	-0.000276274336650055	33.3028463725803	0.2
17.625	0.7	6.84282853041825e-16	0.8016595833637	-0.000287979633248503	33.2787975975586	0.200000000000001
17.775	0.7	1.11816036202519e-15	0.801728512678211	-0.000300197932339079	33.2547467975785	0.200000000000001
17.925	0.7	1.34440087670132e-15	0.801800366154859	-0.000312952744893053	33.2306938867979	0.200000000000001
18.075	0.7	1.09796218676443e-15	0.801875272200344	-0.000326268702682423	33.2066387756092	0.200000000000001
18.225	0.7	1.40543865620899e-16	0.801953365120794	-0.000340171609824228	33.1825813704659	0.2
18.375	0.7	-1.60640456094508e-15	0.802034785404345	-0.000354688497430567	33.1585215737019	0.199999999999999
18.525	0.7	-3.90605231764545e-15	0.802119680014483	-0.000369847678935696	33.1344592833417	0.199999999999997
18.675	0.7	-6.08460731360963e-15	0.802208202699413	-0.000385678808753063	33.1103943929011	0.199999999999995
18.825	0.7	-7.02560792559742e-15	0.802300514314392	-0.000402212940069893	33.0863267911797	0.199999999999994
18.975	0.7	-5.36696799891596e-15	0.802396783157032	-0.000419482588450429	33.0622563620422	0.199999999999996
19.125	0.7	4.4006732629466e-17	0.802497185321633	-0.000437521791015906	33.0381829841903	0.2
19.275	0.7	9.46218555683931e-15	0.802601905062369	-0.000456366173220451	33.0141065309229	0.200000000000008
19.425	0.7	2.14724297074081e-14	0.802711135180371	-0.000476053010655225	32.9900268698865	0.200000000000017
19.575	0.7	3.24283035980747e-14	0.802825077416826	-0.000496621296738404	32.9659438628121	0.200000000000026
19.725	0.7	3.65089383577673e-14	0.802943942871124	-0.00051811180711684	32.9418573652415	0.200000000000029
19.875	0.7	2.68079057384318e-14	0.803067952430235	-0.000540567165671379	32.9177672262398	0.200000000000021
20.025	0.7	-2.30789087775097e-15	0.803197337214548	-0.000564031910117704	32.8936732880957	0.199999999999998
20.175	0.7	-5.17363752530893e-14	0.803332339040965	-0.000588552556329078	32.869575386007	0.199999999999959
20.325	0.7	-1.13853024827247e-13	0.80347321090282	-0.000614177660670487	32.8454733477532	0.199999999999909
20.475	0.7	-1.69860225862117e-13	0.803620217463987	-0.000640957880560608	32.8213669933528	0.199999999999864
20.625	0.7	-1.90241541098644e-13	0.803773635567483	-0.000668946031578574	32.7972561347054	0.199999999999848
20.775	0.7	-1.40274130456686e-13	0.803933754761021	-0.000698197139552611	32.7731405752188	0.199999999999888
20.925	0.7	8.32705417803744e-15	0.804100877835359	-0.00072876849013818	32.7490201094198	0.200000000000007
21.075	0.7	2.60498693441184e-13	0.804275321371569	-0.000760719667224157	32.7248945225487	0.200000000000208
21.225	0.7	5.79381625397981e-13	0.804457416305245	-0.000794112587639571	32.7007635901374	0.200000000000464
21.375	0.7	8.73236682609795e-13	0.804647508494889	-0.000829011524409275	32.6766270775703	0.200000000000699
21.525	0.7	9.96951850831638e-13	0.804845959299796	-0.000865483118334344	32.6524847396276	0.200000000000798
21.675	0.7	7.77321021857795e-13	0.805053146159762	-0.000903596376451293	32.6283363200121	0.200000000000622
21.825	0.7	6.73371740558328e-14	0.805269463179238	-0.000943422654849286	32.6041815508578	0.200000000000054
21.975	0.7	-1.17393779207108e-12	0.805495321705624	-0.000985035623178807	32.5800201522213	0.199999999999061
22.125	0.7	-2.79221801757002e-12	0.805731150901948	-0.00102851120792719	32.5558518315557	0.199999999997766
22.275	0.7	-4.37023568358785e-12	0.805977398309192	-0.00107392751208709	32.5316762831677	0.199999999996504
22.425	0.7	-5.22310007611827e-12	0.806234530389241	-0.00112136470673102	32.507493187658	0.199999999995822
22.575	0.7	-4.49964318907366e-12	0.806503033043789	-0.00117090489269945	32.4833022113454	0.1999999999964
22.725	0.7	-1.41732739158134e-12	0.8067834121042	-0.00122263192595376	32.4591030056762	0.199999999998866
22.875	0.7	4.37743954336819e-12	0.807076193779132	-0.0012766312049854	32.4348952066194	0.200000000003502
23.025	0.7	1.23862671688854e-11	0.807381925056046	-0.00133298941353595	32.4106784340486	0.200000000009909
23.175	0.7	2.0899142282626e-11	0.807701174038969	-0.00139179421213527	32.3864522911137	0.200000000016719
23.325	0.7	2.6877545183835e-11	0.808034530218328	-0.00145313387821946	32.3622163636023	0.200000000021502
23.475	0.7	2.62764550240104e-11	0.808382604652781	-0.00151709688149237	32.3379702192954	0.200000000021021
23.625	0.7	1.49540789569409e-11	0.808746030051637	-0.00158377139438936	32.313713407318	0.200000000011963
23.775	0.7	-9.81266391868169e-12	0.809125460742093	-0.00165324472908763	32.2894454574893	0.19999999999215
23.925	0.7	-4.74028371513421e-11	0.809521572498728	-0.00172560269422896	32.2651658796754	0.199999999962078
24.075	0.7	-9.19786980687285e-11	0.809935062223271	-0.00180092886839123	32.2408741631486	0.199999999926417
24.225	0.7	-1.31380221274637e-10	0.81036664744793	-0.00187930378289777	32.2165697759599	0.199999999894896
24.375	0.7	-1.47642715493353e-10	0.810817065644227	-0.00196080401173178	32.1922521643273	0.199999999881886
24.525	0.7	-1.19911792583501e-10	0.811287073313159	-0.00204550116082475	32.1679207520499	0.199999999904071
24.675	0.7	-3.01324845343468e-11	0.811777444828142	-0.00213346075478346	32.1435749399519	0.199999999975894
24.825	0.7	1.28859266079826e-10	0.81228897101037	-0.00222474101195291	32.1192141053661	0.200000000103087
24.975	0.7	3.44249678910074e-10	0.812822457399595	-0.00231939150823558	32.0948376016661	0.2000000002754
25.125	0.7	5.75700070081597e-10	0.813378722192722	-0.00241745171444728	32.070444757855	0.20000000046056
25.275	0.7	7.52772142417225e-10	0.81395859381237	-0.0025189494101575	32.0460348782222	0.200000000602218
25.425	0.7	7.81007004108396e-10	0.814562908071505	-0.00262389896513749	32.0216072420792	0.200000000624806
25.575	0.7	5.59515405815954e-10	0.81519250489825	-0.00273229949430658	31.9971611035852	0.200000000447612
25.725	0.7	1.07376896038442e-11	0.815848224584467	-0.00284413289321404	31.9726956916758	0.20000000000859
25.875	0.7	-8.80566421751795e-10	0.816530903532239	-0.00295936177796015	31.948210210108	0.199999999295547
26.025	0.7	-2.02663165068947e-09	0.817241369477959	-0.00307792735945135	31.9237038376364	0.199999998378695
26.175	0.7	-3.20649573129573e-09	0.817980436180178	-0.00319974729879722	31.8991757283369	0.199999997434803
26.325	0.7	-4.06176566275093e-09	0.81874889757543	-0.00332471359875039	31.8746250120951	0.199999996750587
26.475	0.7	-4.1338914919632e-09	0.819547521411039	-0.00345269059136085	31.8500507952805	0.199999996692887
26.625	0.7	-2.95362323295782e-09	0.820377042374446	-0.00358351308289475	31.8254521616236	0.199999997637101
26.775	0.7	-1.82318229991644e-10	0.821238154741642	-0.00371698470811248	31.8008281733195	0.199999999854145
26.925	0.7	4.21221076819868e-09	0.822131504567204	-0.00385287653698962	31.776177872375	0.200000003369769
27.075	0.7	9.78331008956198e-09	0.82305768142907	-0.00399092596230011	31.7515002822144	0.200000007826648
27.225	0.7	1.54941214368316e-08	0.824017209745245	-0.00413083589682526	31.7267944095567	0.200000012395297
27.375	0.7	1.97358259835099e-08	0.825010539670129	-0.00427227431381224	31.7020592465655	0.200000015788661
27.525	0.7	2.05376829852649e-08	0.826038037601834	-0.0044148742043169	31.6772937732688	0.200000016430146
27.675	0.7	1.5999130301766e-08	0.82709997636499	-0.00455823408204609	31.6524969602378	0.200000012799304
27.825	0.7	4.91309074090707e-09	0.828196525206842	-0.00470191925748529	31.627667771511	0.200000003930473
27.975	0.7	-1.2535571485953e-08	0.829327739847984	-0.00484546420876447	31.6028051677488	0.199999989971543
28.125	0.7	-3.42038856879355e-08	0.830493552967424	-0.00498837647645778	31.5779081096152	0.199999972636891
28.275	0.7	-5.58297971411363e-08	0.831693765657728	-0.00513014257950933	31.5529755613883	0.199999955336162
28.425	0.7	-7.1545991820739e-08	0.832928040534582	-0.00527023645006035	31.5280064948197	0.199999942763207
28.575	0.7	-7.52233951047055e-08	0.834195897283474	-0.00540813078513761	31.5029998932584	0.199999939821284
28.725	0.7	-6.2548989128562e-08	0.835496711449206	-0.00554331151108812	31.4779547560429	0.199999949960809
28.875	0.7	-3.33754975634481e-08	0.836829717162418	-0.00567529526863471	31.4528701031138	0.199999973299602
29.025	0.7	6.52002641407965e-09	0.838194014276613	-0.00580364953533237	31.4277449797163	0.200000005216021
29.175	0.7	4.54085543975169e-08	0.839588580076158	-0.00592801484261507	31.4025784609455	0.200000036326844
29.325	0.7	6.83938555710458e-08	0.841012285431787	-0.0060481286797175	31.3773696557618	0.200000054715084
29.475	0.7	6.34902035063654e-08	0.84246391519704	-0.00616385127901922	31.3521177100148	0.200000050792163
29.625	0.7	3.02275430544754e-08	0.843942192939652	-0.00627519460651909	31.3268218080128	0.200000024182034
29.775	0.7	-1.17444445782497e-08	0.845445810990718	-0.00638235742088717	31.301481172316	0.199999990604444
29.925	0.7	-1.83956399666365e-08	0.846973468252772	-0.00648577077212719	31.2760950617364	0.199999985283488
30.075	0.7	7.32255820713486e-08	0.848523920031594	-0.00658615903338962	31.2506627679601	0.200000058580466
30.225	0.7	3.25245221827333e-07	0.850096045738625	-0.00668462045988306	31.2251836116225	0.200000260196177
30.375	0.7	7.63961051505079e-07	0.851688940734954	-0.0067827273821381	31.1996569388583	0.200000611168841
30.525	0.7	1.3353146523056e-06	0.853302036781781	-0.00688263903027672	31.1740821190206	0.200001068251722
30.675	0.7	1.86539826541627e-06	0.854935250771603	-0.00698721046024004	31.148458543189	0.200001492318612
30.825	0.7	2.04884267488372e-06	0.856589153760924	-0.00710007176379375	31.1227856212236	0.20000163907414
30.975	0.7	1.49134849461206e-06	0.858265143521851	-0.00722564739701786	31.0970627727594	0.200001193078796
31.125	0.7	-1.73896070115731e-07	0.85996559753319	-0.00736909221290824	31.0712894054189	0.199999860883144
31.275	0.7	-3.0965225253838e-06	0.861693984807415	-0.00753614435445391	31.0454648727981	0.19999752278198
31.425	0.7	-6.9808889827311e-06	0.86345492976697	-0.0077329377572377	31.0195884067116	0.199994415288814
31.575	0.7	-1.08962453638823e-05	0.865254252731496	-0.00796587347172499	30.993659023656	0.199991283003709
31.725	0.7	-1.32369704343995e-05	0.867099056963461	-0.00824170349262128	30.9676754142732	0.199989410423653
31.875	0.7	-1.19528448881795e-05	0.868997980095158	-0.0085680061201156	30.9416358349017	0.199990437724089
32.025	0.7	-5.12935002210948e-06	0.870961756493528	-0.00895419386869213	30.915538028347	0.199995896519982
32.175	0.7	8.10271018630916e-06	0.873004217738449	-0.00941306356971754	30.8893792017044	0.200006482168149
32.325	0.7	2.65034422068825e-05	0.875143763836472	-0.00996266532054089	30.8631560775946	0.200021202753766
32.475	0.7	4.58544048038372e-05	0.877405157274691	-0.0106279651551143	30.8368650092369	0.200036683523843
32.625	0.7	5.87603740539011e-05	0.879821247671729	-0.0114414915435349	30.8105021122643	0.200047008299243
32.775	0.7	5.56029241356134e-05	0.882433992059305	-0.0124420197232295	30.7840633267064	0.200044482339308
32.925	0.7	2.69356030781309e-05	0.885293999841971	-0.0136705054808931	30.7575442969222	0.200021548482463
33.075	0.7	-3.27979367346625e-05	0.888457925169793	-0.015163036578351	30.7309399636932	0.199973761650612
33.225	0.7	-0.000120910008656759	0.891983456742478	-0.0169415318293826	30.7042438149129	0.199903271993075
33.375	0.7	-0.000222742535210063	0.895922454722868	-0.0190041428345279	30.6774468402233	0.199821805971832
33.525	0.7	-0.000310190523649456	0.90031387570763	-0.0213184797273664	30.6505363620388	0.19975184758108
33.675	0.7	-0.000344006853621396	0.90517924774538	-0.0238213888848273	30.6234950322006	0.199724794517103
33.825	0.7	-0.000280736010464786	0.910524126676989	-0.0264284562624883	30.5963003402617	0.199775411191628
33.975	0.7	-8.38870675626297e-05	0.916348552350031	-0.0290542287066976	30.5689249326586	0.19993289034595
34.125	0.7	0.000262565050667083	0.922667532188029	-0.0316404116352206	30.541337875871	0.200210052040534
34.275	0.7	0.000741604324827772	0.9295391096126	-0.0341850083261717	30.5135067382679	0.200593283459862
34.425	0.7	0.00129542032790481	0.937093647081965	-0.0367623599373135	30.4854000852406	0.201036336262324
34.575	0.7	0.00182591647834607	0.945555244710146	-0.0395242148110747	30.4569897762047	0.201460733182677
34.725	0.7	0.00220527606763404	0.955246116281339	-0.0426760029101904	30.4282524093813	0.201764220854107
34.875	0.7	0.00229586090392926	0.966567405911781	-0.0464292480005854	30.3991694296921	0.201836688723143
35.025	0.7	0.00197597959417151	0.979954229286107	-0.0509380783731873	30.3697257799903	0.201580783675337
35.175	0.7	0.00116594022706356	0.995807311880852	-0.0562328691491067	30.3399074472405	0.200932752181651
35.325	0.7	-0.000151964778411645	1.01440803068388	-0.0621662065135171	30.3096986888446	0.199878428177271
35.475	0.7	-0.00192491556431738	1.03582846081017	-0.0683856972152673	30.2790799624294	0.198460067548546
35.625	0.7	-0.00403523579509847	1.05985338235034	-0.0743447906124249	30.2480275129543	0.196771811363921
35.775	0.7	-0.00631946505484254	1.08593540434962	-0.079356396118018	30.2165151814818	0.194944427956126
35.925	0.7	-0.00859644654309656	1.11320350909247	-0.0826845489588294	30.1845183960948	0.193122842765523
36.075	0.7	-0.0106975481343799	1.14053551824352	-0.0836581711346421	30.1520196736061	0.191441961492496
36.225	0.7	-0.0124915451953341	1.16668637289315	-0.0817818006467412	30.1190144890655	0.190006763843733
36.375	0.7	-0.0138983676412576	1.19044353772092	-0.0768158179223516	30.0855161829659	0.188881305886994
36.525	0.7	-0.0148896187355952	1.21076939185629	-0.0688061882302201	30.0515587300687	0.188088305011524
36.675	0.7	-0.0154786121491122	1.22689609914094	-0.0580592353465075	30.0171967141636	0.18761711028071
36.825	0.7	-0.0157069953005289	1.23835918196978	-0.0450733893148248	29.982502719848	0.187434403759577
36.975	0.7	-0.0156365023364031	1.24498024524987	-0.0304489995585824	29.9475633796898	0.187490798130878
37.125	0.7	-0.0153507531718674	1.2468232460699	-0.0147962700216241	29.9124760178963	0.187719397462506
37.275	0.7	-0.0149628894187227	1.24414525932047	0.00134467251623732	29.8773475071415	0.188029688465022
37.425	0.7	-0.0146138742160053	1.2373459380345	0.0175602478211087	29.8422951442417	0.188308900627196
37.575	0.7	-0.0144417854474199	1.22690326414872	0.0335820904293689	29.8074465311554	0.188446571642064
37.725	0.7	-0.0145139417302506	1.21328162173908	0.0492533389160166	29.7729334300821	0.1883888466158
37.875	0.7	-0.0147441560666054	1.19681814468815	0.0644446411335163	29.7388759135536	0.188204675146716
38.025	0.7	-0.0148547570088097	1.17762791608907	0.0789636241710976	29.7053593990429	0.188116194392952
38.175	0.7	-0.01445947748667	1.15559898646517	0.0925547639442216	29.6724166489579	0.188432418010664
38.325	0.7	-0.0133081093334693	1.13053768269118	0.105099270530431	29.6400337056618	0.189353512533225
38.475	0.7	-0.0116365134701993	1.10243046414808	0.117024402432058	29.6081952645773	0.190690789223841
38.625	0.7	-0.0104371883497058	1.07164509654344	0.129737536011146	29.57696670508	0.191650249320235
38.775	0.7	-0.0113822096895509	1.03886572419887	0.145799706757848	29.5465809495967	0.190894232248359
38.925	0.7	-0.0161877669405666	1.00472632246891	0.168650394923429	29.517472662631	0.187049786447547
39.075	0.7	-0.0254610188871086	0.969250992446089	0.20168150571979	29.4902007963799	0.179631184890313
39.225	0.7	-0.0374410037554861	0.931082702329261	0.245922830894836	29.4652403513622	0.170047196995611
39.375	0.7	-0.0473021044678842	0.886385025029687	0.295195577021585	29.4427023952692	0.162158316425693
39.525	0.7	-0.0475642858204297	0.828747854964134	0.33115552630613	29.4221199403531	0.161948571343656
39.675	0.7	-0.0296050507122593	0.754630908632745	0.330637821490553	29.4024380359345	0.176315959430193
39.825	0.7	0.0143343952872586	0.671806739868491	0.289325003605231	29.3822038985517	0.211467516229807
39.975	0.7	0.0892580188079214	0.59476650872941	0.227742890761482	29.3598184451346	0.271406415046337
40.125	0.7	0.195662596864229	0.532228610988726	0.168260434040057	29.3337768647745	0.356530077491384
40.275	0.7	0.328022613614767	0.485084546336133	0.120808474861249	29.3028917927589	0.462418090891814
40.425	0.7	0.474663279460481	0.450789606701547	0.0861445651694717	29.2664833038232	0.579730623568385
40.575	0.7	0.620385284560463	0.426260954272776	0.0617903639817183	29.2244908308215	0.69630822764837
40.725	0.7	0.751199894575341	0.408793899728501	0.0449490619117007	29.1774406009476	0.800959915660273
40.875	0.7	0.858297456439904	0.396246749024771	0.0333593658598553	29.1262625725869	0.886637965151923
41.025	0.7	0.939036594131561	0.387040480743202	0.0253760360528395	29.0720423775716	0.951229275305249
41.175	0.7	0.995385596679909	0.380081913064843	0.0198492204043385	29.0158133017835	0.996308477343927
41.325	0.7	1.0316176343867	0.374647046222583	0.0159872380382442	28.9584387279501	1.02529410750936
41.475	0.7	1.05253006414391	0.370265847225216	0.0132473150732368	28.9005762791172	1.04202405131513
41.625	0.7	1.06248388249667	0.366633080981328	0.0112570722360335	28.8426909524933	1.04998710599734
41.775	0.7	1.06505124088913	0.363548528668641	0.00976032543373881	28.7850882768184	1.05204099271131
41.925	0.7	1.06298584593444	0.36087975489396	0.00858045666017769	28.7279505659935	1.05038867674755
42.075	0.7	1.05832162651651	0.358539383589986	0.00759601010101269	28.671369074356	1.04665730121321
42.225	0.7	1.05250157556514	0.356470908612559	0.00672453120679458	28.6153702069115	1.04200126045211
42.375	0.7	1.0464988424668	0.354639327694173	0.0059117602165403	28.5599361335294	1.03719907397344
42.525	0.7	1.04092073956055	0.353024508105935	0.00512416213666013	28.5050207322278	1.03273659164844
42.675	0.7	1.03609659135349	0.351616193609733	0.00434346993495995	28.4505617353485	1.02887727308279
42.825	0.7	1.03215224739939	0.350410132638654	0.00356245315150871	28.3964897590919	1.02572179791952
42.975	0.7	1.02907316133516	0.349405100195897	0.00278150302452717	28.3427347419707	1.02325852906813
43.125	0.7	1.02675676314297	0.348600706045477	0.00200585708501654	28.2892302344293	1.02140541051438
43.275	0.7	1.02505428322274	0.347995905397946	0.00124339707549025	28.2359159477915	1.02004342657819
43.425	0.7	1.02380226534402	0.347588111235615	0.000502983072513269	28.1827389536961	1.01904181227522
43.575	0.7	1.02284445874301	0.347372786051821	-0.000206725508851896	28.1296539021519	1.01827556699441
43.725	0.7	1.02204530210262	0.347343382904448	-0.000878033302850597	28.0766225874935	1.0176362416821
43.875	0.7	1.02129659180718	0.347491514660103	-0.0015046421280034	28.0236131377263	1.01703727344574
44.025	0.7	1.02051907410883	0.347807251367009	-0.00208184015887441	27.9705990407089	1.01641525928707
44.175	0.7	1.01966062445517	0.348279471664958	-0.00260652353860464	27.9175581584522	1.01572849956413
44.325	0.7	1.01869244121208	0.348896219046944	-0.00307711126764616	27.8644718251539	1.01495395296966
44.475	0.7	1.01760436487291	0.349645034169143	-0.00349339773094714	27.8113240794429	1.01408349189833
44.625	0.7	1.01640010643406	0.350513249141207	-0.00385637291916412	27.7581010480014	1.01312008514725
44.775	0.7	1.01509287661669	0.351488239223874	-0.00416802956387102	27.7047904755984	1.01207430129335
44.925	0.7	1.0137016747079	0.352557632753762	-0.00443116905596715	27.6513813837638	1.01096133976632
45.075	0.7	1.01224832757737	0.353709482666795	-0.00464921349636762	27.5978638345723	1.00979866206189
45.225	0.7	1.01075525999923	0.354932403804872	-0.00482602867169343	27.5442287750572	1.00860420799938
45.375	0.7	1.00924391526936	0.356215680080618	-0.00496576136100726	27.4904679397624	1.00739513221549
45.525	0.7	1.00773371738673	0.357549345087569	-0.00507269357037883	27.4365737924176	1.00618697390939
45.675	0.7	1.00624146104563	0.358924239196225	-0.00515111568026114	27.3825394916954	1.00499316883651
45.825	0.7	1.00478102396216	0.360332045739101	-0.00520521988682431	27.328358869861	1.00382481916972
45.975	0.7	1.00336331080553	0.361765308615453	-0.00523901465830228	27.2740264164989	1.00269064864442
46.125	0.7	1.00199635472302	0.363217433542933	-0.00525626022954198	27.2195372622752	1.00159708377842
46.275	0.7	1.00068551849119	0.364682675211648	-0.00526042447375841	27.1648871598347	1.00054841479295
46.425	0.7	0.999433751390726	0.366156112713244	-0.00525465787851243	27.1100724604996	0.99954700111258
46.575	0.7	0.998241869557746	0.36763361577194	-0.00524178585631906	27.0550900865142	0.998593495646196
46.725	0.7	0.997108836889026	0.369111804455625	-0.00522431626390414	26.9999374992524	0.997687069511221
46.875	0.7	0.9960320308921	0.370588005155113	-0.00520445978391269	26.9446126641615	0.99682562471368
47.025	0.7	0.99500748356073	0.372060205661392	-0.00518416071710579	26.8891140133274	0.996005986848584
47.175	0.7	0.994030091780039	0.373527012124772	-0.00516513570458113	26.8334404064694	0.995224073424032
47.325	0.7	0.993093795206657	0.374987610523393	-0.00514891790270509	26.7775910909652	0.994475036165325
47.475	0.7	0.992191722228581	0.376441734996164	-0.00513690412350445	26.7215656612084	0.993753377782865
47.625	0.7	0.991316306619224	0.377889644985474	-0.00513040239785631	26.665364017258	0.993053045295379
47.775	0.7	0.990459378944147	0.379332112581744	-0.0051306772927736	26.6089863223869	0.992367503155318
47.925	0.7	0.98961223771795	0.380770420750155	-0.00513899011686839	26.5524329588292	0.99168979017436
48.075	0.7	0.988765705796324	0.382206372243902	-0.00515663089674061	26.4957044807895	0.991012564637059
48.225	0.7	0.987910177583768	0.383642307962411	-0.00518493873537436	26.4388015636758	0.990328142067014
48.375	0.7	0.987035662409379	0.385081132303478	-0.00522530693186901	26.3817249485707	0.989628529927503
48.525	0.7	0.986131828945469	0.386526341698466	-0.00527916911923146	26.3244753812166	0.988905463156376
48.675	0.7	0.985188054889333	0.387982051048138	-0.00534796275719368	26.2670535452829	0.988150443911466
48.825	0.7	0.984193485360823	0.38945301124963	-0.00543306670353929	26.2094599904248	0.987354788288659
48.975	0.7	0.983137102634907	0.390944609517951	-0.00553571039695023	26.1516950566417	0.986509682107926
49.125	0.7	0.982007808959468	0.392462842900502	-0.00565685353651567	26.0937587976876	0.985606247167574
49.275	0.7	0.980794523321011	0.394014254450601	-0.00579703714450568	26.0356509077186	0.984635618656809
49.425	0.7	0.979486292125972	0.395605821221884	-0.00595620961974732	25.9773706569305	0.983589033700777
49.575	0.7	0.978072412879723	0.397244783870538	-0.00613353482242587	25.9189168434921	0.982457930303779
49.725	0.7	0.976542569101017	0.398938409533281	-0.00632719325237691	25.8602877704749	0.981234055280814
49.875	0.7	0.9748869739561	0.40069368309511	-0.00653419170085104	25.8014812574741	0.97990957916488
50.025	0.7	0.973096519498376	0.402516927173226	-0.00675020088256121	25.7424946969623	0.978477215598701
50.175	0.7	0.971162928020747	0.4044133581437	-0.00696944379980599	25.6833251648346	0.976930342416597
50.325	0.7	0.96907890191317	0.406386594045121	-0.007184659118438	25.6239695928276	0.975263121530536
50.475	0.7	0.966838268571295	0.408438139557099	-0.00738716276733112	25.5644250073577	0.973470614857036
50.625	0.7	0.964436117270239	0.410566882416837	-0.00756702657776996	25.504688834774	0.971548893816191
50.775	0.7	0.961868925392491	0.412768643198126	-0.00771338468786331	25.4447592672229	0.969495140313993
50.925	0.7	0.959134671837185	0.415035824753003	-0.00781486686935772	25.3846356766777	0.967307737469748
51.075	0.7	0.956232935702481	0.417357207317513	-0.00786014384916098	25.3243190578398	0.964986348561985
51.225	0.7	0.953164978347787	0.419717929277891	-0.00783855481382561	25.2638124744172	0.96253198267823
51.375	0.7	0.949933806744574	0.422099681626042	-0.00774077388205915	25.2031214786499	0.959947045395659
51.525	0.7	0.946544215790806	0.424481127012659	-0.00755946288036183	25.1422544717455	0.957235372632644
51.675	0.7	0.943002807296929	0.426838533888397	-0.00728985437944724	25.0812229737126	0.954402245837543
51.825	0.7	0.939317984012179	0.429146595253919	-0.00693021286309789	25.0200417751398	0.951454387209743
51.975	0.7	0.935499918648107	0.431379383126755	-0.00648213301331249	24.9587289504696	0.948399934918486
52.125	0.7	0.931560500473281	0.4335113768529	-0.00595065085932498	24.8973057214751	0.945248400378625
52.275	0.7	0.927513265475058	0.435518497848358	-0.0053441631928394	24.8357961698149	0.942010612380046
52.425	0.7	0.923373319705341	0.43737908589086	-0.00467416977045545	24.774226807417	0.938698655764273
52.575	0.7	0.919157268303812	0.43907476184499	-0.00395486808798495	24.7126260218195	0.935325814643049
52.725	0.7	0.914883163708797	0.440591136517443	-0.00320263947471958	24.6510234196236	0.931906530967038
52.875	0.7	0.910570484702338	0.441918342203855	-0.00243546691559584	24.5894490945377	0.92845638776187
53.025	0.7	0.906240152575121	0.443051379309665	-0.00167232002669977	24.5279328473173	0.924992122060097
53.175	0.7	0.901914581903002	0.443990282651944	-0.0009325331068612	24.4665033838791	0.921531665522402
53.325	0.7	0.897617752083468	0.444740119264565	-0.000235191191435379	24.4051875159231	0.918094201666774
53.475	0.7	0.893375273472747	0.445310831684253	0.000401470314646674	24.3440093864557	0.914700218778197
53.625	0.7	0.889214411112269	0.445716938905694	0.000960652042722433	24.2829897413735	0.911371528889815
53.775	0.7	0.885164021736404	0.445977103574453	0.00142756251132288	24.2221452680371	0.908131217389123
53.925	0.7	0.881254358292628	0.446113570770659	0.00178996945087733	24.1614880223747	0.905003486634102
54.075	0.7	0.877516701888453	0.446151482936893	0.00203871567177488	24.1010249669427	0.902013361510762
54.225	0.7	0.873982794268768	0.446118078292759	0.00216817450672996	24.0407576427149	0.899186235415015
54.375	0.7	0.870684063850411	0.446041786613957	0.0021766115231576	23.9806819963317	0.896547251080329
54.525	0.7	0.867650663119951	0.445951245662762	0.00206641500383893	23.9207883814184	0.894120530495961
54.675	0.7	0.864910362045626	0.445874272215753	0.00184415922073576	23.8610617470278	0.891928289636501
54.825	0.7	0.862487367676457	0.445836831523726	0.00152047226098407	23.8014820183156	0.889989894141165
54.975	0.7	0.860401160683376	0.445862056185202	0.00110969346610259	23.7420246646804	0.888320928546701
55.125	0.7	0.858665451812204	0.445969368257028	0.000629322837144718	23.6826614395896	0.886932361449763
55.275	0.7	0.857287362329489	0.446173756076652	9.92838325348346e-05	23.623361265204	0.885829889863591
55.425	0.7	0.85626692102843	0.446485249594968	-0.000458960630156954	23.5640912248283	0.885013536822744
55.575	0.7	0.855596946196876	0.446908625697694	-0.00102338386569755	23.5048176182394	0.884477556957501
55.725	0.7	0.855263346070712	0.447443359322932	-0.00157239751719771	23.4455070299966	0.88421067685657
55.875	0.7	0.855245829668699	0.448083818837317	-0.00208581106348285	23.3861273595591	0.884196663734959
56.025	0.7	0.855518976521365	0.448819687142205	-0.00254568308854994	23.32664876469	0.884415181217092
56.175	0.7	0.856053574958895	0.449636575090426	-0.00293700867770652	23.2670444760782	0.884842859967116
56.325	0.7	0.856818110021645	0.450516782527444	-0.00324820273453694	23.2072914507758	0.885454488017316
56.475	0.7	0.857780268159887	0.451440155523898	-0.00347135786684018	23.1473708439738	0.886224214527909
56.625	0.7	0.858908328858843	0.452384986388362	-0.00360227537971047	23.0872682916055	0.887126663087074
56.775	0.7	0.860172332547241	0.45332890543242	-0.0036402864473897	23.0269740089526	0.888137866037793
56.925	0.7	0.861544946322325	0.454249719322556	-0.0035878957043629	22.9664827216008	0.88923595705786
57.075	0.7	0.863001988834204	0.455126159053185	-0.00345028997603464	22.9057934537815	0.890401591067363
57.225	0.7	0.864522616863813	0.455938509954431	-0.00323476013423945	22.844909204754	0.89161809349105
57.375	0.7	0.866089212726752	0.456669105749682	-0.00295008434385609	22.7838365462836	0.892871370181402
57.525	0.7	0.867687038999808	0.45730267780198	-0.0026059170730997	22.7225851737035	0.894149631199846
57.675	0.7	0.869303742565663	0.457826558930014	-0.00221222131591299	22.6611674400731	0.895442994052531
57.825	0.7	0.870928793165666	0.458230748341482	-0.00177877276664027	22.5995978982985	0.896743034532533
57.975	0.7	0.872552934036258	0.45850785024858	-0.00131475535861908	22.5378928705385	0.898042347229007
58.125	0.7	0.874167706632954	0.458652903578689	-0.000828458585841322	22.4760700584811	0.899334165306363
58.275	0.7	0.875765091410413	0.458663123845445	-0.00032707906810373	22.4141482026776	0.900612073128331
58.425	0.7	0.877337285578811	0.45853758066581	0.000183377691832936	22.3521467944315	0.901869828463049
58.575	0.7	0.878876619534663	0.458276835580866	0.000698104286796381	22.2900858399126	0.903101295627731
58.725	0.7	0.880375598298756	0.457882564752694	0.0012134193035048	22.2279856732414	0.904300478639005
58.875	0.7	0.881827043707115	0.45735718987541	0.00172663013702867	22.1658668131734	0.905461634965692
59.025	0.7	0.88322430763128	0.456703538302107	0.00223584530030045	22.1037498565698	0.906579446105024
59.175	0.7	0.884561525366603	0.455924550248984	0.0027397504022387	22.0416554009377	0.907649220293282
59.325	0.7	0.885833880778545	0.45502304718104	0.0032373607995151	21.9796039878068	0.908667104622836
59.475	0.7	0.887037859703901	0.454001571450159	0.00372776216483575	21.917616058493	0.909630287763121
59.625	0.7	0.888171474424086	0.452862303287494	0.00420984800989055	21.8557119137827	0.910537179539269
59.775	0.7	0.889234448856794	0.45160705768767	0.0046820607089969	21.7939116691874	0.911387559085435
59.925	0.7	0.890228360730744	0.450237360873481	0.00514214000550983	21.7322351975922	0.912182688584596
60.075	0.7	0.891156742876897	0.448754604075626	0.00558688064036152	21.6707020512855	0.912925394301518
60.225	0.7	0.892025150507944	0.447160271280762	0.00601189897467302	21.6093313554321	0.913620120406355
60.375	0.7	0.892841204723764	0.445456237108523	0.00641140760132526	21.54814166502	0.914272963779011
60.525	0.7	0.893614624374717	0.443645130490837	0.00677799704852781	21.4871507771927	0.914891699499773
60.675	0.7	0.894357258904586	0.441730758623777	0.0071024244290881	21.4263754907983	0.915485807123669
60.825	0.7	0.895083134146728	0.439718583087614	0.00737340930327255	21.3658313051669	0.916066507317383
60.975	0.7	0.895808521730127	0.437616235983929	0.00757743541691337	21.3055320508161	0.916646817384102
61.125	0.7	0.89655204138791	0.435434059356166	0.00769855119308588	21.2454894461831	0.917241633110328
61.275	0.7	0.897334804679723	0.433185648534071	0.00771814984988482	21.1857125765027	0.917867843743779
61.425	0.7	0.898180608842619	0.430888383657833	0.00761469092268816	21.1262072930363	0.918544487074095
61.575	0.7	0.899116190514802	0.428563949253419	0.00736330055703458	21.0669755316982	0.919292952411841
61.725	0.7	0.900171549833095	0.426238875447967	0.00693516423561949	21.0080145475759	0.920137239866476
61.875	0.7	0.901380353463431	0.423945190456997	0.00629661428303265	20.9493160529863	0.921104282770745
62.025	0.7	0.90278041643207	0.421721351337192	0.00540783329546644	20.8908652284006	0.922224333145656
62.175	0.7	0.904414241411883	0.419613708308645	0.00422116599709207	20.832639545385	0.923531393129506
62.325	0.7	0.906329553211358	0.417678833252134	0.00267917880803767	20.7746072986193	0.925063642569087
62.475	0.7	0.908579698093586	0.415987064959209	0.000712844014103568	20.7167256945133	0.926863758474869
62.625	0.7	0.911223676830235	0.414627536265483	-0.00175945018691135	20.6589382982698	0.928978941464188
62.775	0.7	0.914325446749863	0.413714686924578	-0.0048309900927853	20.6011716195929	0.93146035739989
62.925	0.7	0.917951976382927	0.413395773076191	-0.00860252247478573	20.5433306492288	0.934361581106342
63.075	0.7	0.922169396105269	0.413858140054493	-0.0131731920552546	20.4852932811491	0.937735516884215
63.225	0.7	0.927036526012457	0.415334088759706	-0.0186253496560905	20.4269038061672	0.941629220809965
63.375	0.7	0.932595181846556	0.418100231890815	-0.0250028547444041	20.3679660668395	0.946076145477245
63.525	0.7	0.938857101004448	0.42246768475267	-0.0322842275873456	20.308237409427	0.951085680803559
63.675	0.7	0.945788230378834	0.428759829006815	-0.0403545427391105	20.2474251771715	0.956630584303067
63.825	0.7	0.953292515255517	0.437276334769524	-0.0489828459085748	20.1851879797058	0.962634012204413
63.975	0.7	0.961199014119654	0.448245919261312	-0.0578140401255512	20.1211440554008	0.968959211295723
64.125	0.7	0.969257543073256	0.461775383667231	-0.0663839748037821	20.0548883759917	0.975406034458605
64.275	0.7	0.977148185559576	0.47780695464199	-0.0741623203626147	19.9860185066671	0.981718548447661
64.425	0.7	0.984507984209418	0.496097123598828	-0.0806195955381097	19.9141667910116	0.987606387367534
64.575	0.7	0.990973767318954	0.516225989673865	-0.0853050407860218	19.839033900266	0.992779013855163
64.725	0.7	0.996234423076141	0.537637282977438	-0.0879158249350948	19.7604172923307	0.996987538460912
64.875	0.7	1.00008123364792	0.559699705177714	-0.0883395044649776	19.6782285988699	1.00006498691833
65.025	0.7	1.00244348740598	0.581774744467629	-0.0866605057683653	19.5924964688362	1.00195478992479
65.175	0.7	1.00339965924281	0.603276828716088	-0.0831328687944392	19.5033550013138	1.00271972739425
65.325	0.7	1.00316109126385	0.623716880578438	-0.0781300320053614	19.4110211956735	1.00252887301108
65.475	0.7	1.00203272102682	0.642726513437366	-0.0720854859681422	19.3157667469123	1.00162617682145
65.625	0.7	1.00036108353703	0.660064618752084	-0.0654365081873761	19.2178896855629	1.00028886682963
65.775	0.7	0.998481806162093	0.675610249128995	-0.0585792482880919	19.1176901600632	0.998785444929675
65.925	0.7	0.996677108516431	0.689346141248182	-0.0518391641212406	19.0154527805893	0.997341686813144
66.075	0.7	0.995149693570987	0.701336878102326	-0.0454572421467407	18.9114360670794	0.99611975485679
66.225	0.7	0.99401458441444	0.711705142611932	-0.0395898695634431	18.8058681248728	0.995211667531552
66.375	0.7	0.993306369413126	0.720608916372077	-0.0343186799460733	18.6989468885586	0.994645095530501
66.525	0.7	0.992996809192174	0.728221769710397	-0.0296661276180715	18.5908430875439	0.994397447353739
66.675	0.7	0.993017025038671	0.734717542577384	-0.0256128467518672	18.4817043278973	0.994413620030937
66.825	0.7	0.993279211868012	0.740259825032826	-0.0221137773694674	18.3716591481908	0.99462336949441
66.975	0.7	0.993694402925865	0.744995879965522	-0.0191112470849438	18.2608204114663	0.994955522340692
67.125	0.7	0.994184626518508	0.749054146894263	-0.0165443444933907	18.1492878187351	0.995347701214806
67.275	0.7	0.994689353161235	0.752544265274354	-0.0143547778579085	18.0371496145199	0.995751482528988
67.425	0.7	0.995167178229497	0.755558606144922	-0.0124899017020744	17.9244836984034	0.996133742583598
67.575	0.7	0.99559417808923	0.758174501952476	-0.0109037563240173	17.8113583879093	0.996475342471384
67.725	0.7	0.995960418665253	0.760456616647097	-0.00955690477164522	17.6978330394714	0.996768334932203
67.875	0.7	0.996265848511079	0.762459131505901	-0.00841567873420594	17.5839586652546	0.997012678808863
68.025	0.7	0.996516435032597	0.764227601501015	-0.00745124436518556	17.4697786131309	0.997213148026078
68.175	0.7	0.996721024927314	0.765800454790448	-0.00663872241251768	17.3553293215797	0.997376819941851
68.325	0.7	0.996889100685324	0.767210172457666	-0.00595646594433746	17.2406411264542	0.997511280548259
68.475	0.7	0.997029392748539	0.768484211595832	-0.00538551550901478	17.125739081123	0.997623514198831
68.625	0.7	0.997149189415316	0.769645736911875	-0.00490920754338663	17.0106437505379	0.997719351532253
68.775	0.7	0.997254144672968	0.770714215983357	-0.00451289555966038	16.8953719474784	0.997803315738375
68.925	0.7	0.997348392953184	0.77170591919786	-0.00418374399235409	16.7799373904979	0.997878714362547
69.075	0.7	0.997434815996664	0.772634351923636	-0.00391056290656526	16.664351274343	0.997947852797331
69.225	0.7	0.997515352502236	0.773510635775485	-0.00368366227284416	16.5486227527679	0.998012282001789
69.375	0.7	0.997591284230252	0.774343848457781	-0.00349471395344967	16.4327593399348	0.998073027384202
69.525	0.7	0.997663466593857	0.775141327218329	-0.00333661654843946	16.3167672400692	0.998130773275085
69.675	0.7	0.99773249561392	0.775908938680857	-0.00320336263410023	16.2006516162568	0.998185996491136
69.825	0.7	0.997798817221609	0.776651316971834	-0.00308991012267729	16.0844168089492	0.998239053777287
69.975	0.7	0.997862791378159	0.777372071973886	-0.00299206013097109	15.96806651355	0.998290233102527
70.125	0.7	0.997924724802216	0.778073969772241	-0.00290634349010035	15.8516039248925	0.998339779841773
70.275	0.7	0.997984884459455	0.778759087641541	-0.00282991735442949	15.7350318548708	0.998387907567564
70.425	0.7	0.998043501061884	0.779428946106984	-0.00276047260143741	15.6183528281163	0.998434800849508
70.575	0.7	0.998100768754761	0.780084620670084	-0.00269615204405002	15.5015691595237	0.998480615003808
70.725	0.7	0.998156844546502	0.780726835719738	-0.00263547897922036	15.3846830166046	0.998525475637201
70.875	0.7	0.998211849100604	0.781356042989097	-0.00257729528339992	15.2676964690597	0.998569479280483
71.025	0.7	0.998265869261945	0.781972486705166	-0.0025207081080614	15.1506115275416	0.998612695409556
71.175	0.7	0.998318962013758	0.782576257341284	-0.00246504418821667	15.0334301732865	0.998655169611006
71.325	0.7	0.998371159293965	0.783167335647365	-0.00240981081197074	14.9161543800725	0.998696927435172
71.475	0.7	0.998422473085656	0.783745628414156	-0.00235466257705081	14.7987861297878	0.998737978468524
71.625	0.7	0.99847290031207	0.784310997228947	-0.00229937315568831	14.6813274227419	0.998778320249656
71.775	0.7	0.998522427225589	0.784863281308574	-0.00224381138714937	14.5637802837157	0.998817941780471
71.925	0.7	0.998571033131328	0.785402315345238	-0.00218792110792932	14.4461467646163	0.998856826505062
72.075	0.7	0.998618693404601	0.785927943172003	-0.00213170421013831	14.3284289444857	0.998894954723681
72.225	0.7	0.998665381840905	0.786440027944474	-0.00207520648709868	14.2106289274953	0.998932305472724
72.375	0.7	0.99871107242118	0.786938459437925	-0.00201850588342822	14.0927488394604	0.998968857936944
72.525	0.7	0.998755740591986	0.787423158976818	-0.00196170281545097	13.9747908233135	0.999004592473589
72.675	0.7	0.998799364159192	0.787894082439484	-0.00190491227004151	13.8567570338965	0.999039491327354
72.825	0.7	0.998841923882767	0.788351221716932	-0.00184825742515673	13.7386496323608	0.999073539106214
72.975	0.7	0.998883403845002	0.788794604948397	-0.0017918645667859	13.6204707804059	0.999106723076002
73.125	0.7	0.998923791649079	0.78922429580631	-0.00173585910452953	13.5022226345351	0.999139033319263
73.275	0.7	0.998963078491203	0.789640392060005	-0.0016803625126502	13.3839073404661	0.999170462792963
73.425	0.7	0.999001259138581	0.790043023609692	-0.00162549004528333	13.2655270278003	0.999201007310865
73.575	0.7	0.999038331837158	0.790432350148836	-0.00157134909394759	13.1470838050232	0.999230665469726
73.725	0.7	0.999074298167103	0.790808558584421	-0.00151803807391106	13.0285797548883	0.999259438533682
73.875	0.7	0.999109162859861	0.791171860320942	-0.00146564574094194	12.9100169302164	0.999287330287888
74.025	0.7	0.999142933587639	0.791522488491226	-0.0014142508546836	12.791397350126	0.999314346870111
74.175	0.7	0.999175620734252	0.791860695201154	-0.00136392211703397	12.6727229967007	0.999340496587402
74.325	0.7	0.999207237154645	0.792186748839067	-0.00131471832511069	12.5539958120879	0.999365789723716
74.475	0.7	0.999237797929215	0.792500931488343	-0.00126668868794609	12.4352176960179	0.999390238343372
74.625	0.7	0.999267320118059	0.792803536471619	-0.00121987326464687	12.3163905037246	0.999413856094447
74.775	0.7	0.999295822519323	0.793094866045469	-0.00117430348871674	12.1975160442469	0.999436658015459
74.925	0.7	0.999323325435004	0.793375229258622	-0.00113000275003491	12.0785960790871	0.999458660348003
75.075	0.7	0.999349850446789	0.793644939979711	-0.00108698701090481	11.9596323211993	0.999479880357431
75.225	0.7	0.999375420203904	0.793904315097268	-0.00104526543757757	11.8406264342823	0.999500336163123
75.375	0.7	0.999400058224265	0.794153672889968	-0.00100484103234092	11.7215800323491	0.999520046579412
75.525	0.7	0.999423788709784	0.794393331563584	-0.000965711254654653	11.6024946795469	0.999539030967827
75.675	0.7	0.99944663637627	0.794623607947829	-0.000927868622587226	11.4833718902016	0.999557309101016
75.825	0.7	0.999468626297954	0.79484481634567	-0.000891301288016861	11.3642131290626	0.999574901038363
75.975	0.7	0.999489783766479	0.795057267526538	-0.000855993581097359	11.2450198117224	0.999591827013184
76.125	0.7	0.999510134163952	0.795261267853462	-0.000821926520921455	11.1257933051916	0.999608107331161
76.275	0.7	0.999529702849451	0.795457118535134	-0.000789078290647177	11.0065349286064	0.99962376227956
76.425	0.7	0.999548515058381	0.795645114992587	-0.000757424676317407	10.8872459540498	0.999638812046705
76.575	0.7	0.999566595813898	0.795825546330885	-0.000726939469391602	10.7679276074697	0.999653276651118
76.725	0.7	0.999583969849591	0.795998694906483	-0.000697594833708142	10.6485810696773	0.999667175879673
76.875	0.7	0.999600661542654	0.796164835981008	-0.000669361637963287	10.5292074774102	0.999680529234123
77.025	0.7	0.999616694856722	0.796324237452761	-0.000642209755133753	10.4098079244485	0.999693355885378
77.175	0.7	0.999632093293573	0.796477159657797	-0.000616108330669841	10.2903834627711	0.999705674634858
77.325	0.7	0.999646879852891	0.796623855232776	-0.00059102602117867	10.1709351037412	0.999717503882313
77.475	0.7	0.999661076999374	0.796764569032709	-0.000566931205711801	10.0514638193125	0.999728861599499
77.625	0.7	0.999674706636442	0.796899538096452	-0.000543792171555504	9.93197054324673	0.999739765309153
77.775	0.7	0.999687790085883	0.797028991654484	-0.00052157727648968	9.81245617233614	0.999750232068706
77.925	0.7	0.999700348072801	0.797153151172808	-0.000500255089623791	9.69292156762354	0.999760278458241
78.075	0.7	0.999712400715272	0.797272230428453	-0.000479794512453297	9.57336755561507	0.999769920572217
78.225	0.7	0.999723967518167	0.797386435611427	-0.000460164882281571	9.45379492948056	0.999779174014533
78.375	0.7	0.999735067370631	0.797495965449443	-0.000441336059399971	9.33420445023751	0.999788053896505
78.525	0.7	0.999745718546745	0.797601011351419	-0.000423278499816524	9.21459684791528	0.999796574837396
78.675	0.7	0.999755938708971	0.797701757566503	-0.000405963315086233	9.09497282269647	0.999804750967176
78.825	0.7	0.999765744913968	0.797798381355639	-0.000389362320510855	8.97533304603338	0.999812595931174
78.975	0.7	0.999775153620441	0.79789105317304	-0.000373448073137662	8.85567816173735	0.999820122896353
79.125	0.7	0.999784180698719	0.797979936855293	-0.000358193900654467	8.73600878703977	0.999827344558976
79.275	0.7	0.999792841441751	0.798065189816048	-0.000343573922378828	8.61632551362342	0.999834273153401
79.425	0.7	0.999801150577302	0.798146963244282	-0.000329563063216805	8.49662890862333	0.999840920461842
79.575	0.7	0.999809122281094	0.798225402305062	-0.000316137061631613	8.37691951559675	0.999847297824875
79.725	0.7	0.999816770190706	0.798300646340898	-0.000303272472368617	8.25719785546169	0.999853416152565
79.875	0.7	0.999824107420062	0.798372829073063	-0.000290946664650186	8.13746442740414	0.999859285936049
80.025	0.7	0.999831146574336	0.798442078801502	-0.000279137816591881	8.01771970975376	0.999864917259469
80.175	0.7	0.999837899765106	0.79850851860267	-0.00026782490639668	7.89796416082862	0.999870319812085
80.325	0.7	0.999844378625721	0.798572266524628	-0.000256987700849408	7.77819821974892	0.999875502900577
80.475	0.7	0.999850594326734	0.798633435778779	-0.000246606741592671	7.65842230722042	0.999880475461387
80.625	0.7	0.999856557591287	0.798692134927738	-0.000236663329648728	7.53863682628807	0.99988524607303
80.775	0.7	0.999862278710406	0.798748468069093	-0.000227139508533981	7.41884216306028	0.999889822968325
80.925	0.7	0.999867767558113	0.798802535014571	-0.000218018046296515	7.29903868740465	0.99989421404649
81.075	0.7	0.999873033606321	0.798854431464689	-0.000209282416816403	7.17922675361585	0.999898426885057
81.225	0.7	0.999878085939469	0.798904249178442	-0.000200916780596446	7.0594067010563	0.999902468751575
81.375	0.7	0.999882933268863	0.798952076138154	-0.000192905965305951	6.9395788547704	0.999906346615091
81.525	0.7	0.999887583946702	0.798997996709352	-0.000185235446336462	6.8197435260732	0.999910067157362
81.675	0.7	0.999892045979731	0.799042091795729	-0.000177891327456826	6.69990101311417	0.999913636783784
81.825	0.7	0.999896327042497	0.799084438989242	-0.000170860321841219	6.58005160141679	0.999917061633998
81.975	0.7	0.999900434490023	0.799125112715426	-0.000164129733654994	6.46019556439495	0.999920347592018
82.125	0.7	0.999904375370065	0.799164184374072	-0.000157687440297248	6.34033316384656	0.999923500296052
82.275	0.7	0.999908156434881	0.799201722475453	-0.000151521875504875	6.22046465042552	0.999926525147905
82.425	0.7	0.999911784152713	0.799237792772182	-0.000145622013474457	6.10059026409231	0.999929427322171
82.575	0.7	0.999915264719226	0.799272458387151	-0.000139977354267879	5.98071023454423	0.999932211775381
82.725	0.7	0.999918604069099	0.799305779937398	-0.000134577910555875	5.86082478162557	0.999934883255279
82.875	0.7	0.999921807887575	0.799337815654574	-0.000129414196145761	5.74093411571845	0.99993744631006
83.025	0.7	0.99992488162115	0.799368621501903	-0.000124477216309766	5.62103843811477	0.99993990529692
83.175	0.7	0.999927830486084	0.799398251288525	-0.000119758460338815	5.50113794136991	0.999942264388867
83.325	0.7	0.99993065947321	0.799426756781532	-0.000115249896531677	5.38123280963886	0.999944527578568
83.475	0.7	0.999933373349243	0.799454187816565	-0.000110943970136333	5.26132321899539	0.999946698679394
83.625	0.7	0.999935976657844	0.799480592407613	-0.000106833604872025	5.14140933773481	0.999948781326275
83.775	0.7	0.999938473727593	0.799506016856114	-0.000102912209150442	5.02149132666003	0.999950778982074
83.925	0.7	0.999940868695601	0.799530505859311	-9.91736883423359e-05	4.90156933935011	0.99995269495648
84.075	0.7	0.99994316555039	0.799554102616958	-9.56124646863855e-05	4.78164352240935	0.999954532440312
84.225	0.7	0.999945368182382	0.799576848936609	-9.22235060538049e-05	4.66171401569558	0.999956294545906
84.375	0.7	0.999947480407842	0.799598785339616	-8.90023639539202e-05	4.54178095252799	0.999957984326274
84.525	0.7	0.999949505915248	0.799619951173585	-8.59452205197864e-05	4.42184445987913	0.999959604732198
84.675	0.7	0.999951448096036	0.799640384740801	-8.30489447168562e-05	4.30190465855928	0.999961158476829
84.825	0.7	0.999953309788626	0.799660123451821	-8.03111619409908e-05	4.18196166340237	0.999962647830901
84.975	0.7	0.999955093086585	0.799679204005414	-7.77303493511881e-05	4.06201558345352	0.999964074469268
85.125	0.7	0.999956799486206	0.799697662578853	-7.53059810290471e-05	3.94206652213778	0.999965439588965
85.275	0.7	0.999958430655307	0.799715534991444	-7.30387553085619e-05	3.82211457736228	0.999966744524246
85.425	0.7	0.999959989839639	0.799732856796596	-7.09309311594335e-05	3.70215984148839	0.999967991871711
85.575	0.7	0.999961483309346	0.799749663288128	-6.89867693667498e-05	3.58220240113632	0.999969186647477
85.725	0.7	0.999962920457982	0.799765989491403	-6.72130186018224e-05	3.46224233687775	0.999970336366385
85.875	0.7	0.999964310762688	0.799781870334314	-6.56193341194284e-05	3.34227972302399	0.999971448610151
86.025	0.7	0.999965656678185	0.79979734128035	-6.42185357754154e-05	3.22231462785077	0.999972525342548
86.175	0.7	0.999966944399304	0.799812439621757	-6.30267939638699e-05	3.10234711456057	0.999973555519443
86.325	0.7	0.99996813895801	0.799827206241806	-6.20642344923935e-05	2.9823772428927	0.999974511166408
86.475	0.7	0.999969193940406	0.799841686960331	-6.1356993138045e-05	2.86240507049846	0.999975355152325
86.625	0.7	0.999970084577051	0.79985593187728	-6.0942091314534e-05	2.74243065228265	0.999976067661641
86.775	0.7	0.999970860925762	0.799869991099637	-6.08760444569905e-05	2.62245403562359	0.99997668874061
86.925	0.7	0.999971694078937	0.799883906722555	-6.12462332146717e-05	2.50247525078677	0.99997735526315
87.075	0.7	0.999972861465493	0.79989770431165	-6.21807377313776e-05	2.38249429967866	0.999978289172395
87.225	0.7	0.999974609739872	0.799911391316997	-6.3849021112115e-05	2.26251115163535	0.999979687791898
87.375	0.7	0.999976876509605	0.799924971480974	-6.64461807147904e-05	2.14252575897283	0.999981501207684
87.525	0.7	0.999978965443919	0.799938478095738	-7.0162735419655e-05	2.02253810187728	0.999983172355136
87.675	0.7	0.999979429666152	0.799952010304382	-7.51640816954045e-05	1.90254825635769	0.999983543732921
87.825	0.7	0.999976528526939	0.799965726639253	-8.1635745579401e-05	1.78255645064341	0.999981222821551
87.975	0.7	0.999969517281923	0.799979721126844	-8.99750632208507e-05	1.6625630473909	0.999975613825538
88.125	0.7	0.999960552903734	0.799993704888545	-0.000101191858538514	1.5425683896433	0.999968442322987
88.275	0.7	0.999956172533338	0.800006469391882	-0.000117475566174799	1.42257251262528	0.99996493802667
88.425	0.7	0.999966510776702	0.800015225832761	-0.000142668688147185	1.30257486680369	0.999973208621362
88.575	0.7	1.00000047945245	0.800015055446185	-0.000182098796983013	1.18257437808812	1.00000038356196
88.725	0.7	1.00005696986937	0.799998751841178	-0.000241020208620987	1.06257026140086	1.0000455758955
88.875	0.7	1.00011598821847	0.799957135380018	-0.000321059543391799	0.942563817759104	1.00009279057478
89.025	0.7	1.00013790209062	0.799879434325335	-0.000414737588839518	0.822560855802509	1.0001103216725
89.175	0.7	1.00007958284819	0.799752994113672	-0.0004990692214196	0.702573517955879	1.00006366627855
89.325	0.7	0.999927896489229	0.799563004947349	-0.000529085048159963	0.582619686236285	0.999942317191383
89.475	0.7	0.999731958110693	0.799300056761262	-0.00042850604415961	0.462718456799079	0.999785566488554
89.625	0.7	0.999595675424113	0.799002228733518	-6.87897940382504e-05	0.342881092405064	0.99967654033929
89.775	0.7	0.999599395302351	0.798868842608847	0.000751411549469725	0.223095326031132	0.999679516241881
89.925	0.7	0.999689356706153	0.399494374426179	0.00211418679434998	0.103297250882928	0.999751485364922
0.075	0.9	1.80815708078024e-30	0.399800544664473	-0.000791753336798183	36.0879527026527	0.2
0.225	0.9	8.58496493201604e-31	0.799537799143832	-0.000438521270581843	36.0639646699728	0.2
0.375	0.9	3.07793368449021e-30	0.799504425343774	-0.000115320514246678	36.0399804347041	0.2
0.525	0.9	-2.31664194394609e-30	0.799596060177267	7.38746789711646e-05	36.0159944044522	0.2
0.675	0.9	-8.04519927847928e-31	0.799717331870531	0.000153586503202401	35.9920046710934	0.2
0.825	0.9	-1.29744608669316e-29	0.799822792620924	0.000169610625335578	35.96801136454	0.2
0.975	0.9	-1.17874337325031e-29	0.799900389085005	0.000155874358146298	35.9440153035362	0.2
1.125	0.9	-2.64353575314352e-29	0.799952580966302	0.000131714268533498	35.9200173411949	0.2
1.275	0.9	-1.54629233256098e-29	0.799985798664566	0.000106483871666932	35.8960181486782	0.2
1.425	0.9	-1.73045542295133e-29	0.800006158539716	8.39752038053046e-05	35.872018193275	0.2
1.575	0.9	2.17374882553622e-29	0.8000182860047	6.5256455861295e-05	35.8480177791658	0.2
1.725	0.9	4.72639439057443e-29	0.800025338488673	5.02186396986983e-05	35.8240170961147	0.2
1.875	0.9	1.16360811212698e-28	0.80002935534296	3.83355241490156e-05	35.8000162588565	0.2
2.025	0.9	1.46558517935507e-28	0.800031611271728	2.90031698045248e-05	35.7760153347942	0.2
2.175	0.9	1.8984934519166e-28	0.800032886442233	2.16731066606109e-05	35.7520143621802	0.2
2.325	0.9	1.32305560710539e-28	0.800033651105326	1.58915385972463e-05	35.7280133616076	0.2
2.475	0.9	3.42615523669477e-29	0.800034184877751	1.12995829698523e-05	35.7040123431139	0.2
2.625	0.9	-2.20468841289826e-28	0.800034651471568	7.61988730875796e-06	35.680011310515	0.2
2.775	0.9	-5.08753055254969e-28	0.800035144718031	4.64049222852519e-06	35.6560102640256	0.2
2.925	0.9	-8.86343141334632e-28	0.800035716643395	2.2001029323677e-06	35.6320092018319	0.2
3.075	0.9	-1.10145607825564e-27	0.800036394512843	1.75978709937716e-07	35.608008121027	0.2
3.225	0.9	-1.12493271378713e-27	0.800037191140783	-1.52553602482334e-06	35.5840070181611	0.2
3.375	0.9	-6.11542343535129e-28	0.8000381111133	-2.97622373561873e-06	35.5600058895585	0.2
3.525	0.9	4.02705707452136e-28	0.800039154529931	-4.23141199551384e-06	35.5360047314943	0.2
3.675	0.9	2.10264424286954e-27	0.800040319233225	-5.3340183171018e-06	35.5120035402868	0.2
3.825	0.9	4.02644512505314e-27	0.800041602129014	-6.31756779878171e-06	35.4880023123403	0.2
3.975	0.9	5.84782434615773e-27	0.800042999947037	-7.2084390489935e-06	35.464001044159	0.2
4.125	0.9	6.4472273150017e-27	0.800044509667622	-8.02754843868443e-06	35.4399997323435	0.2
4.275	0.9	5.10819221538022e-27	0.800046128746722	-8.79161495013074e-06	35.415998373579	0.2
4.425	0.9	6.63623038142003e-28	0.800047855221915	-9.51411274208704e-06	35.3919969646187	0.2
4.575	0.9	-6.74572380820182e-27	0.800049687745325	-1.02059958634356e-05	35.3679955022656	0.2
4.725	0.9	-1.66152397292023e-26	0.800051625581062	-1.0876251056791e-05	35.343993983354	0.2
4.875	0.9	-2.60787924593693e-26	0.800053668580961	-1.15323208953785e-05	35.3199924047308	0.2
5.025	0.9	-3.17342095320926e-26	0.800055817148907	-1.2180433178567e-05	35.2959907632391	0.2
5.175	0.9	-2.82545684246659e-26	0.800058072204331	-1.28258531709474e-05	35.2719890557018	0.2
5.325	0.9	-1.21012341713853e-26	0.800060435145661	-1.3473084261399e-05	35.2479872789068	0.2
5.475	0.9	1.89272591117625e-26	0.800062907815257	-1.41260235382352e-05	35.2239854295931	0.2
5.625	0.9	6.04977345568089e-26	0.800065492469938	-1.47880851282273e-05	35.1999835044379	0.2
5.775	0.9	1.03339752361537e-25	0.800068191754199	-1.5462299139751e-05	35.1759815000449	0.2
5.925	0.9	1.29820762779052e-25	0.800071008677743	-1.61513906089848e-05	35.1519794129327	0.2
6.075	0.9	1.21218371439732e-25	0.800073946596223	-1.68578416930663e-05	35.1279772395242	0.2
6.225	0.9	5.97534337103113e-26	0.80007700919698	-1.75839449890528e-05	35.1039749761369	0.2
6.375	0.9	-5.6936390013635e-26	0.800080200487093	-1.83318438655881e-05	35.0799726189724	0.2
6.525	0.9	-2.12227216580314e-25	0.800083524782789	-1.91035673286384e-05	35.0559701641077	0.2
6.675	0.9	-3.58875886138981e-25	0.800086986705089	-1.99010593527895e-05	35.0319676074855	0.2
6.825	0.9	-4.30778207360187e-25	0.800090591174651	-2.07262017966282e-05	35.0079649449054	0.2
6.975	0.9	-3.52959540762836e-25	0.80009434340921	-2.15808345147713e-05	34.983962172015	0.2
7.125	0.9	-8.30454530542935e-26	0.800098248923861	-2.24667729310511e-05	34.9599592843008	0.2
7.275	0.9	3.58963928532363e-25	0.800102313533189	-2.33858213202862e-05	34.9359562770795	0.2
7.425	0.9	8.46255784847839e-25	0.800106543352631	-2.43397869780127e-05	34.9119531454888	0.2
7.575	0.9	1.15329747800577e-24	0.800110944804492	-2.53304894179821e-05	34.8879498844784	0.2
7.725	0.9	9.88204141351528e-25	0.800115524622389	-2.63597718741042e-05	34.8639464888006	0.2
7.875	0.9	1.18781779033362e-25	0.800120289858168	-2.74295078664415e-05	34.839942953001	0.2
8.025	0.9	-1.47812233495449e-24	0.800125247890627	-2.85416115064211e-05	34.8159392714091	0.2
8.175	0.9	-3.41736641251379e-24	0.800130406434203	-2.96980421736065e-05	34.7919354381276	0.2
8.325	0.9	-4.80890383025066e-24	0.800135773547364	-3.09008134565894e-05	34.767931447023	0.2
8.475	0.9	-4.29172904342106e-24	0.800141357645301	-3.21519975211875e-05	34.7439272917148	0.2
8.625	0.9	-3.98282121200749e-25	0.800147167511353	-3.34537323418006e-05	34.7199229655643	0.2
8.775	0.9	7.77133704075797e-24	0.800153212309148	-3.48082267440616e-05	34.6959184616641	0.2
8.925	0.9	1.95076710505534e-23	0.800159501596416	-3.62177668895104e-05	34.6719137728258	0.2
9.075	0.9	3.14240022631676e-23	0.800166045339625	-3.76847203361872e-05	34.6479088915683	0.2
9.225	0.9	3.67633818292382e-23	0.800172853928945	-3.92115429158266e-05	34.6239038101054	0.2
9.375	0.9	2.59655813438688e-23	0.80017993819568	-4.08007831438893e-05	34.5998985203325	0.2
9.525	0.9	-1.07448113373474e-23	0.800187309427374	-4.24550881759348e-05	34.5758930138136	0.2
9.675	0.9	-7.80799145016876e-23	0.800194979387989	-4.41772094700862e-05	34.5518872817669	0.2
9.825	0.9	-1.68264186054274e-22	0.800202960335525	-4.59700079112461e-05	34.5278813150504	0.2
9.975	0.9	-2.53508857613498e-22	0.80021126504318	-4.78364598634269e-05	34.5038751041468	0.2
10.125	0.9	-2.82765088518645e-22	0.800219906819034	-4.97796631735906e-05	34.4798686391478	0.2
10.275	0.9	-1.88467099121823e-22	0.800228899529685	-5.18028430388188e-05	34.4558619097376	0.2
10.425	0.9	9.12873694403266e-23	0.800238257621687	-5.39093583097109e-05	34.431854905176	0.2
10.575	0.9	5.73888903686638e-22	0.800247996147228	-5.6102708234056e-05	34.4078476142803	0.2
10.725	0.9	1.18353510763365e-21	0.800258130788804	-5.8386538758763e-05	34.3838400254072	0.2
10.875	0.9	1.71113351495105e-21	0.800268677885541	-6.07646502706018e-05	34.359832126433	0.2
11.025	0.9	1.81183985250258e-21	0.800279654461835	-6.32410037510481e-05	34.335823904734	0.2
11.175	0.9	1.07332038890937e-21	0.800291078256056	-6.58197294893936e-05	34.3118153471653	0.2
11.325	0.9	-8.23056780152996e-22	0.800302967750644	-6.85051344965822e-05	34.2878064400387	0.2
11.475	0.9	-3.85706763585525e-21	0.800315342204285	-7.13017108645101e-05	34.2637971691003	0.2
11.625	0.9	-7.40156771032603e-21	0.800328221686173	-7.42141445277194e-05	34.2397875195064	0.2
11.775	0.9	-1.00538129766611e-20	0.800341627109371	-7.72473243512262e-05	34.2157774757991	0.2
11.925	0.9	-9.7356465616874e-21	0.800355580268346	-8.04063506430793e-05	34.1917670218798	0.2
12.075	0.9	-4.2263823329209e-21	0.800370103877581	-8.36965469662038e-05	34.167756140983	0.2
12.225	0.9	7.80049282467335e-21	0.800385221610173	-8.71234691251889e-05	34.1437448156472	0.2
12.375	0.9	2.53748539516276e-20	0.800400958141592	-9.0692916457422e-05	34.1197330276864	0.2
12.525	0.9	4.38959287871e-20	0.800417339191442	-9.44109431457169e-05	34.0957207581587	0.2
12.675	0.9	5.46173792017972e-20	0.800434391572179	-9.82838705232391e-05	34.0717079873349	0.2
12.825	0.9	4.58678642909751e-20	0.800452143234045	-0.000102318299427016	34.0476946946644	0.2
12.975	0.9	6.75530009834351e-21	0.800470623317682	-0.000106521123350563	34.0236808587408	0.2
13.125	0.9	-6.65901797218982e-20	0.800489862205526	-0.000110899542873579	33.9996664572653	0.2
13.275	0.9	-1.63460111997657e-19	0.800509891578396	-0.000115461079041461	33.9756514670085	0.2
13.425	0.9	-2.5254995479491e-19	0.800530744471278	-0.00012021358985136	33.9516358637706	0.2
13.575	0.9	-2.81829429441805e-19	0.800552455336126	-0.000125165285841211	33.9276196223402	0.2
13.725	0.9	-1.88983043620827e-19	0.800575060103508	-0.000130324746841162	33.9036027164505	0.2
13.875	0.9	7.45746808746865e-20	0.800598596250286	-0.000135700940030239	33.879585118734	0.2
14.025	0.9	5.07839488894691e-19	0.800623102868359	-0.000141303238467481	33.8555668006754	0.2
14.175	0.9	1.02156832274854e-18	0.800648620738529	-0.000147141440274173	33.8315477325619	0.2
14.325	0.9	1.41460074987135e-18	0.800675192406565	-0.000153225789662803	33.8075278834311	0.2
14.475	0.9	1.3889824369478e-18	0.800702862262919	-0.0001595669986547	33.7835072210175	0.2
14.625	0.9	6.2671639856131e-19	0.800731676629134	-0.000166176269382794	33.7594857116953	0.2
14.775	0.9	-1.06293719402132e-18	0.800761683842135	-0.000173065318472353	33.7354633204198	0.2
14.925	0.9	-3.54552884313809e-18	0.800792934350743	-0.000180246401691824	33.7114400106648	0.2
15.075	0.9	-6.17442709905631e-18	0.800825480810845	-0.000187732340727462	33.6874157443587	0.2
15.225	0.9	-7.71849784127856e-18	0.800859378186573	-0.000195536550705626	33.6633904818162	0.2
15.375	0.9	-6.53093326796967e-18	0.800894683858648	-0.000203673069309332	33.6393641816675	0.2
15.525	0.9	-1.06132952985554e-18	0.800931457735684	-0.000212156587973532	33.6153368007846	0.2
15.675	0.9	9.28123588612841e-18	0.800969762371428	-0.000221002482911783	33.5913082942034	0.2
15.825	0.9	2.30781502933449e-17	0.801009663089024	-0.000230226849916946	33.5672786150424	0.2
15.975	0.9	3.60491838948463e-17	0.801051228110052	-0.000239846539859111	33.543247714418	0.2
16.125	0.9	4.09812016542121e-17	0.801094528690432	-0.000249879195017655	33.5192155413558	0.2
16.275	0.9	2.9077139613433e-17	0.801139639262561	-0.000260343288660952	33.4951820426966	0.2
16.425	0.9	-6.85499135577491e-18	0.801186637586549	-0.000271258166883247	33.471147163	0.2
16.575	0.9	-6.75514904113289e-17	0.801235604905622	-0.000282644089973336	33.4471108444414	0.2
16.725	0.9	-1.41924548102379e-16	0.801286626112056	-0.000294522278478861	33.4230730267057	0.2
16.875	0.9	-2.03452295420801e-16	0.801339789919947	-0.000306914960243348	33.3990336468747	0.2
17.025	0.9	-2.11467051666144e-16	0.801395189047929	-0.000319845419663933	33.3749926393105	0.2
17.175	0.9	-1.20446655807214e-16	0.801452920407009	-0.000333338049249409	33.3509499355318	0.2
17.325	0.9	1.01180159377851e-16	0.801513085304218	-0.000347418403829016	33.326905464086	0.2
17.475	0.9	4.44743380411599e-16	0.801575789650013	-0.000362113256483861	33.3028591504136	0.2
17.625	0.9	8.34795141102941e-16	0.801641144179308	-0.000377450658094237	33.278810916707	0.200000000000001
17.775	0.9	1.11514530980069e-15	0.801709264682299	-0.000393459997800539	33.2547606817628	0.200000000000001
17.925	0.9	1.06379336476352e-15	0.801780272247083	-0.000410172067442345	33.2307083608261	0.200000000000001
18.075	0.9	4.51266183793329e-16	0.801854293512254	-0.000427619127520832	33.206653865428	0.2
18.225	0.9	-8.53327411687842e-16	0.801931460934832	-0.000445834976016457	33.1825971032154	0.199999999999999
18.375	0.9	-2.74407142595259e-15	0.802011913067819	-0.000464855019779569	33.1585379777719	0.199999999999998
18.525	0.9	-4.75046918621404e-15	0.802095794851496	-0.000484716348844483	33.1344763884313	0.199999999999996
18.675	0.9	-5.98936277860234e-15	0.802183257921166	-0.000505457811798005	33.1104122300808	0.199999999999995
18.825	0.9	-5.27889834760945e-15	0.802274460925323	-0.000527120095298384	33.086345392956	0.199999999999996
18.975	0.9	-1.4804051017819e-15	0.802369569859694	-0.000549745802994575	33.0622757624253	0.199999999999999
19.125	0.9	5.92572717396671e-15	0.802468758418777	-0.000573379540985915	33.0382032187644	0.200000000000005
19.275	0.9	1.61303071253121e-14	0.802572208359241	-0.000598067998688867	33.0141276369202	0.200000000000013
19.425	0.9	2.63881110300843e-14	0.802680109880996	-0.000623860037857274	32.9900488862629	0.200000000000021
19.575	0.9	3.18736167156864e-14	0.802792662025298	-0.000650806777567092	32.9659668303273	0.200000000000025
19.725	0.9	2.64055852577909e-14	0.802910073087928	-0.000678961682613639	32.9418813265414	0.200000000000021
19.875	0.9	4.33604025574499e-15	0.803032561050689	-0.000708380651999748	32.917792225942	0.200000000000003
20.025	0.9	-3.64265092868908e-14	0.803160354027504	-0.00073912210485738	32.8936993728783	0.199999999999971
20.175	0.9	-9.08334313197246e-14	0.803293690731436	-0.000771247068387797	32.8696026047004	0.199999999999927
20.325	0.9	-1.43792349736916e-13	0.803432820954325	-0.000804819261950396	32.8455017514345	0.199999999999885
20.475	0.9	-1.69756738526188e-13	0.803578006067724	-0.000839905178381085	32.8213966354431	0.199999999999864
20.625	0.9	-1.36776893044721e-13	0.803729519536485	-0.000876574163014357	32.7972870710704	0.199999999999891
20.775	0.9	-1.63588367564178e-14	0.803887647450633	-0.000914898485345429	32.773172864271	0.199999999999987
20.925	0.9	2.01177549597211e-13	0.804052689072054	-0.000954953405339854	32.7490538122234	0.200000000000161
21.075	0.9	4.88812048486666e-13	0.80422495739683	-0.00099681723288438	32.7249297029266	0.200000000000391
21.225	0.9	7.68560954325578e-13	0.804404779727567	-0.00104057137447458	32.7008003147795	0.200000000000615
21.375	0.9	9.09646561852409e-13	0.804592498261022	-0.00108630036892301	32.6766654161428	0.200000000000728
21.525	0.9	7.48536249884356e-13	0.804788470683493	-0.00113409191034078	32.6525247648837	0.200000000000599
21.675	0.9	1.37260498948671e-13	0.804993070773817	-0.00118403685191467	32.6283781079017	0.20000000000011
21.825	0.9	-9.81388092904276e-13	0.805206689012265	-0.00123622918990893	32.6042251806372	0.199999999999215
21.975	0.9	-2.48558362613989e-12	0.805429733189767	-0.00129076602567431	32.5800657065611	0.199999999998012
22.125	0.9	-4.00171652406199e-12	0.805662629014788	-0.00134774749966884	32.5558993966463	0.199999999996799
22.275	0.9	-4.8882659783313e-12	0.805905820714102	-0.00140727669466384	32.531725948821	0.199999999996089
22.425	0.9	-4.3209806724225e-12	0.80615977162184	-0.00146945950578859	32.5075450474044	0.199999999996543
22.575	0.9	-1.51155290874502e-12	0.806424964749137	-0.00153440446797225	32.4833563625245	0.199999999998791
22.725	0.9	3.94167349250714e-12	0.806701903331487	-0.0016022225402381	32.4591595495197	0.200000000003153
22.875	0.9	1.16268580264186e-11	0.806991111339397	-0.00167302683761441	32.4349542483239	0.200000000009302
23.025	0.9	1.99379331470736e-11	0.807293133953755	-0.00174693230765292	32.4107400828371	0.20000000001595
23.175	0.9	2.59215745236944e-11	0.807608537982198	-0.00182405534070578	32.3865166602828	0.200000000020737
23.325	0.9	2.55582731995685e-11	0.807937912216294	-0.00190451330992732	32.3622835705532	0.200000000020447
23.475	0.9	1.46438476344867e-11	0.808281867711907	-0.00198842403064835	32.3380403855449	0.200000000011715
23.625	0.9	-9.69044587542385e-12	0.808641037976673	-0.00207590513309615	32.3137866584876	0.199999999992248
23.775	0.9	-4.70006385139467e-11	0.809016079052111	-0.00216707333847909	32.2895219232681	0.1999999999624
23.925	0.9	-9.15590620190982e-11	0.80940766947161	-0.00226204363345404	32.2652456937536	0.199999999926753
24.075	0.9	-1.31129227973418e-10	0.809816510073159	-0.00236092833123289	32.2409574631176	0.199999999895097
24.225	0.9	-1.47392312292072e-10	0.810243323653611	-0.0024638360173309	32.2166567031747	0.199999999882086
24.375	0.9	-1.18865632204017e-10	0.810688854432539	-0.00257087036804779	32.1923428637271	0.199999999904907
24.525	0.9	-2.675145612307e-11	0.811153867309909	-0.00268212883825648	32.1680153719319	0.199999999978599
24.675	0.9	1.36627913375743e-10	0.811639146887493	-0.00279770120689734	32.1436736316937	0.200000000109302
24.825	0.9	3.5825131661038e-10	0.81214549622247	-0.00291766797488346	32.119317023092	0.200000000286601
24.975	0.9	5.96328410155027e-10	0.812673735283323	-0.00304209860221586	32.0949449018505	0.200000000477063
25.125	0.9	7.77363855595218e-10	0.813224699069624	-0.00317104957634309	32.0705565988587	0.200000000621891
25.275	0.9	8.02274042606425e-10	0.813799235354807	-0.00330456230521108	32.0461514197546	0.200000000641819
25.425	0.9	5.64635190512826e-10	0.814398202013931	-0.00344266082759118	32.0217286445807	0.200000000451708
25.575	0.9	-1.81417215981756e-11	0.815022463897866	-0.00358534934965741	31.9972875275234	0.199999999985487
25.725	0.9	-9.63656265235279e-10	0.815672889210059	-0.00373260962056034	31.9728272967504	0.199999999229075
25.875	0.9	-2.18110366214199e-09	0.816350345365847	-0.00388439817503738	31.9483471543595	0.199999998255117
26.025	0.9	-3.43816616814076e-09	0.817055694305699	-0.00404064348945219	31.9238462764558	0.199999997249467
26.175	0.9	-4.35424784440653e-09	0.817789787249933	-0.00420124310517248	31.8993238133753	0.199999996516602
26.325	0.9	-4.43642250946268e-09	0.818553458892811	-0.00436606078432858	31.8747788900754	0.199999996450862
26.475	0.9	-3.16994539067312e-09	0.819347521029301	-0.00453492376649243	31.8502106067133	0.199999997464044
26.625	0.9	-1.64661450602685e-10	0.820172755613534	-0.00470762018511013	31.825618039437	0.199999999868271
26.775	0.9	4.65782359212935e-09	0.821029907238497	-0.00488389669472851	31.8010002414089	0.200000003726259
26.925	0.9	1.08718898291892e-08	0.821919675011491	-0.00506345634274213	31.7763562440848	0.200000008697512
27.075	0.9	1.74067310897503e-08	0.82284270379091	-0.00524595671296443	31.7516850587636	0.200000013925385
27.225	0.9	2.25263974303934e-08	0.823799574742654	-0.00543100837212677	31.7269856784199	0.200000018021118
27.375	0.9	2.40005442738928e-08	0.824790795181852	-0.00561817368107508	31.7022570798253	0.200000019200435
27.525	0.9	1.95120244094604e-08	0.825816787694212	-0.00580696609634619	31.6774982259581	0.20000001560962
27.675	0.9	7.29602772789574e-09	0.826877878606463	-0.00599685017821632	31.6527080686965	0.200000005836822
27.825	0.9	-1.30729613947569e-08	0.827974285958213	-0.00618724265194524	31.6278855517938	0.199999989541631
27.975	0.9	-3.99241347510233e-08	0.829106107277468	-0.00637751499667235	31.6030296141367	0.199999968060692
28.125	0.9	-6.90260827376255e-08	0.830273307603475	-0.00656699815330909	31.5781391933015	0.199999944779134
28.275	0.9	-9.371712416775e-08	0.831475708362368	-0.00675499000178749	31.5532132294351	0.199999925026301
28.425	0.9	-1.05881493088601e-07	0.832712977812288	-0.00694076621321951	31.5282506695014	0.199999915294806
28.575	0.9	-9.78457700205055e-08	0.833984623825532	-0.00712359492545043	31.5032504719268	0.199999921723384
28.725	0.9	-6.49577471575509e-08	0.83528998970905	-0.00730275539116758	31.4782116116563	0.199999948033802
28.875	0.9	-8.20471144014757e-09	0.836628253583833	-0.00747756037861936	31.4531330855664	0.199999993436231
29.025	0.9	6.41576921767331e-08	0.83799843154125	-0.00764738175538144	31.4280139180887	0.200000051326154
29.175	0.9	1.37178330380332e-07	0.839399384468353	-0.00781167853160252	31.4028531667705	0.200000109742664
29.325	0.9	1.92957304889074e-07	0.840829828186276	-0.00797002688873234	31.3776499273852	0.200000154365844
29.475	0.9	2.17690251309088e-07	0.842288346579053	-0.00812215254825794	31.3524033381407	0.200000174152201
29.625	0.9	2.10644767592795e-07	0.843773407870605	-0.00826796731088811	31.3271125825845	0.200000168515814
29.775	0.9	1.91823062282673e-07	0.845283385283378	-0.00840761350379647	31.3017768910117	0.20000015345845
29.925	0.9	2.03416829893619e-07	0.846816584901142	-0.00854152186788933	31.2763955405528	0.200000162733464
30.075	0.9	2.99721309952658e-07	0.84837128534248	-0.00867048911337173	31.250967854576	0.200000239777048
30.225	0.9	5.22062705802858e-07	0.849945795142302	-0.0087957797436679	31.2254932024062	0.200000417650165
30.375	0.9	8.60319189807712e-07	0.851538533593086	-0.00891925168447268	31.1999710003735	0.200000688255352
30.525	0.9	1.21065466056395e-06	0.85314813824194	-0.00904349639801825	31.1744007145679	0.200000968523728
30.675	0.9	1.34842440798723e-06	0.854773596807152	-0.0091719727666813	31.1487818641907	0.200001078739526
30.825	0.9	9.42210992288365e-07	0.856414393610346	-0.00930910364194942	31.123114022136	0.200000753768794
30.975	0.9	-3.65602203830922e-07	0.858070653068014	-0.00946030057348241	31.0973968069126	0.199999707518237
31.125	0.9	-2.79977261232246e-06	0.859743259622347	-0.0096318933549504	31.0716298582429	0.19999776018191
31.275	0.9	-6.23204976823877e-06	0.861433940200292	-0.00983097311294038	31.0458127890358	0.199995014360185
31.425	0.9	-9.95993713202455e-06	0.863145316739186	-0.0100652121319241	31.0199451102707	0.199992032050294
31.575	0.9	-1.25893015853183e-05	0.864880973695447	-0.0103427919337145	30.994026133281	0.199989928558732
31.725	0.9	-1.2153227018334e-05	0.866645632563314	-0.0106726311257613	30.9680548650284	0.199990277418385
31.875	0.9	-6.58423686510724e-06	0.86844556586024	-0.0110651202418791	30.942029923137	0.199994732610508
32.025	0.9	5.42326284078116e-06	0.870289390223555	-0.0115334995363736	30.9159495034091	0.200004338610273
32.175	0.9	2.32754021450127e-05	0.872189321220884	-0.0120958240522482	30.8898114269697	0.200018620321716
32.325	0.9	4.33824763379057e-05	0.874162828392785	-0.0127771479993309	30.8636132720021	0.20003470598107
32.475	0.9	5.86113774060111e-05	0.876234401234028	-0.0136111845364549	30.8373525556625	0.200046889101925
32.625	0.9	5.88838576896471e-05	0.878436871729834	-0.0146403828690048	30.8110268821748	0.200047107086152
32.775	0.9	3.34039366604963e-05	0.880811532492963	-0.0159132902484468	30.7846339291783	0.200026723149328
32.925	0.9	-2.53889938448438e-05	0.883406274319308	-0.0174784148075571	30.7581711288078	0.199979688804924
33.075	0.9	-0.000116693061825867	0.886271281081502	-0.0193746926439537	30.7316349356303	0.199906645550539
33.225	0.9	-0.000226371782198067	0.889452560196591	-0.021620061383312	30.7050196731532	0.199818902574242
33.375	0.9	-0.000324114892916633	0.892984748245615	-0.0242013061362476	30.6783161052892	0.199740708085667
33.525	0.9	-0.000364901232926913	0.896886022181253	-0.0270697437894599	30.6515100513759	0.199708079013659
33.675	0.9	-0.000296375397776254	0.901159092618043	-0.0301476335851951	30.624581489914	0.199762899681779
33.825	0.9	-7.2337750977499e-05	0.905802381359409	-0.0333485317539185	30.5975046053511	0.199942129799218
33.975	0.9	0.000329517997773803	0.910833753549689	-0.0366106496036809	30.5702490727222	0.200263614398219
34.125	0.9	0.000889658575862019	0.916325287454393	-0.0399362976329593	30.5427825474706	0.20071172686069
34.275	0.9	0.00153409084835036	0.922442431692075	-0.0434249300784591	30.5150739034788	0.20122727267868
34.425	0.9	0.00213264252291455	0.929476637096225	-0.0472851850215051	30.4870963750508	0.201706114018332
34.575	0.9	0.00251186052948398	0.9378593069202	-0.0518146073947814	30.458829567317	0.202009488423587
34.725	0.9	0.00248265445023372	0.948147221838793	-0.0573436948677066	30.4302594314095	0.201986123560187
34.875	0.9	0.00187835994165644	0.96097394955616	-0.064150422216468	30.4013757927459	0.201502687953325
35.025	0.9	0.000594956729884236	0.976966164920812	-0.0723593758270821	30.3721677812429	0.200475965383907
35.175	0.9	-0.0013768173388128	0.996628156306198	-0.0818450254199123	30.3426183222279	0.19889854612895
35.325	0.9	-0.00393681222927529	1.02020446511396	-0.0921621200890682	30.3126994138468	0.19685055021658
35.475	0.9	-0.00688378069815059	1.04754223074643	-0.102527559265619	30.2823699791406	0.19449297544148
35.625	0.9	-0.00994631953330842	1.07798987999988	-0.11187443664599	30.2515775322392	0.192042944373353
35.775	0.9	-0.0128299020253167	1.11037826777511	-0.118985865121451	30.2202638739727	0.189736078379747
35.925	0.9	-0.0152688280384241	1.14312029907233	-0.122692360398708	30.1883738868255	0.187784937569261
36.075	0.9	-0.017070375986572	1.17442803448426	-0.122088514346476	30.155865641774	0.186343699210742
36.225	0.9	-0.0181406468250768	1.20259476384193	-0.116706779779376	30.1227197075047	0.185487482539939
36.375	0.9	-0.0184869974452288	1.22625455000302	-0.106593144993946	30.0889457591958	0.185210402043817
36.525	0.9	-0.0181989740499734	1.24453973951427	-0.0922640291221878	30.0545851780405	0.185440820760021
36.675	0.9	-0.0174161798870915	1.25710474662325	-0.0745692871311611	30.0197092179666	0.186067056090327
36.825	0.9	-0.0162954820958806	1.26404092090005	-0.0545159621694076	29.9844134442201	0.186963614323296
36.975	0.9	-0.0149895843222256	1.26574035968062	-0.0331057741713482	29.9488103201994	0.18800833254222
37.125	0.9	-0.0136430827246792	1.2627652385942	-0.0112144259044808	29.9130225238836	0.189085533820257
37.275	0.9	-0.0124012367225559	1.25575353805819	0.0104845026743712	29.8771791284306	0.190079010621955
37.425	0.9	-0.0114147814905674	1.24535984536532	0.0315562147725747	29.8414148068539	0.190868174807546
37.575	0.9	-0.0108189744832759	1.23220709986878	0.0517979598650847	29.8058692602316	0.191344820413379
37.725	0.9	-0.0106755330535493	1.21682255925935	0.0711757323875631	29.7706818729829	0.191459573557161
37.875	0.9	-0.0108949788670229	1.19955167539213	0.0897033305211851	29.7359775617444	0.191284016906382
38.025	0.9	-0.0111932122793445	1.18047932286596	0.107307461794917	29.7018453540962	0.191045430176524
38.175	0.9	-0.0111550474408298	1.15942431139113	0.123786797306805	29.668320007729	0.191075962047336
38.325	0.9	-0.0104507337606513	1.13607902846772	0.139001652886545	29.6353839193801	0.191639412991479
38.475	0.9	-0.00916761346945736	1.11029315889979	0.153337059767601	29.6030047522908	0.192665909224434
38.625	0.9	-0.00810186678118874	1.08235341958235	0.168257407570027	29.5712092270906	0.193518506575049
38.775	0.9	-0.00876834733634062	1.05303424175913	0.186610844490546	29.5401681270876	0.192985322130928
38.925	0.9	-0.012913567076947	1.02332183111866	0.212430311441455	29.5102431813824	0.189669146338442
39.075	0.9	-0.0215130396558464	0.993883208637529	0.250055172735162	29.4819403536462	0.182789568275323
39.225	0.9	-0.0335569280851645	0.964245227332239	0.301923784450303	29.4557417365955	0.173154457531868
39.375	0.9	-0.0452017552579141	0.931331120249482	0.363609273196993	29.4318513458663	0.163838595793669
39.525	0.9	-0.0498602679253268	0.887775887285353	0.41687452580672	29.4099653417073	0.160111785659739
39.675	0.9	-0.0394093307722722	0.824762147831723	0.432255384407138	29.3892083310927	0.168472535382182
39.825	0.9	-0.00608481711914767	0.743361816638834	0.394400276394959	29.3682804106676	0.195132146304682
39.975	0.9	0.0556673966060389	0.658281949633481	0.321190058891672	29.3456921950642	0.244533917284831
40.125	0.9	0.147654540116413	0.583955277433421	0.242836321222924	29.319988731521	0.31812363209313
40.275	0.9	0.266599196046563	0.525542113123593	0.176975407471354	29.289961202913	0.41327935683725
40.425	0.9	0.403569182767611	0.481937467725313	0.127485807716322	29.2548300195703	0.522855346214089
40.575	0.9	0.545408922417426	0.4501310400131	0.0921236619383928	29.2143661284507	0.636327137933941
40.725	0.9	0.678389506854865	0.427112530169352	0.0673746806122852	29.1689008406542	0.742711605483892
40.875	0.9	0.792211855087099	0.410387982771876	0.0501653569099488	29.1191996985494	0.833769484069679
41.025	0.9	0.882012608137495	0.398057249500934	0.0381891583488983	29.066250147655	0.905610086509996
41.175	0.9	0.947827768244528	0.388758222274734	0.0298109113884038	29.0110543005025	0.958262214595622
41.325	0.9	0.992725894810074	0.381556854588512	0.023896021396447	28.9544904531492	0.99418071584806
41.475	0.9	1.02097383498209	0.375827454536105	0.0196620814341193	28.897253360453	1.01677906798568
41.625	0.9	1.03684204649229	0.371152517097444	0.0165691185041451	28.8398504064652	1.02947363719383
41.775	0.9	1.0440361214662	0.367251175693787	0.0142430488682028	28.782625840934	1.03522889717296
41.925	0.9	1.04552741857601	0.36393246164799	0.0124236889906001	28.7257936975855	1.03642193486081
42.075	0.9	1.04357817637543	0.361065879822599	0.0109299663259634	28.6694695651161	1.03486254110034
42.225	0.9	1.03983802490655	0.358562797193372	0.00963679558472137	28.6136976314162	1.03187041992524
42.375	0.9	1.03545409638367	0.35636421388736	0.00845960783452232	28.5584724618832	1.02836327710693
42.525	0.9	1.03117363910025	0.354432236560326	0.00734371144235363	28.5037560701652	1.0249389112802
42.675	0.9	1.02743422337628	0.352743758559546	0.00625660151145422	28.4494910446844	1.02194737870103
42.825	0.9	1.02444186627551	0.351285576749693	0.00518206100263811	28.3956104023412	1.01955349302041
42.975	0.9	1.02223806874516	0.350050581115193	0.00411542456794482	28.3420447136376	1.01779045499613
43.125	0.9	1.02075619805947	0.349034848520596	0.00305971528401271	28.2887269602738	1.01660495844758
43.275	0.9	1.01986724696393	0.348235538204491	0.00202254182341588	28.2355955463345	1.01589379757114
43.425	0.9	1.01941508975119	0.347649487212517	0.00101370420828592	28.182595863267	1.01553207180096
43.575	0.9	1.01924179865429	0.347272384487972	4.34514979959622e-05	28.1296807851316	1.01539343892344
43.725	0.9	1.0192041217865	0.347098389086654	-0.000878692126827409	28.0768104330485	1.0153632974292
43.875	0.9	1.01918264483906	0.34712006056653	-0.00174463837928357	28.023951495669	1.01534611587125
44.025	0.9	1.01908535758089	0.347328486542643	-0.00254809483323502	27.9710763314774	1.01526828606471
44.175	0.9	1.01884731590122	0.347713517354356	-0.00328467706635626	27.918162016499	1.01507785272097
44.325	0.9	1.01842788558658	0.348264044175634	-0.0039518583128165	27.86518944431	1.01474230846926
44.475	0.9	1.01780675276097	0.34896828013649	-0.00454882107291728	27.8121425384559	1.01424540220877
44.625	0.9	1.01697955971241	0.349814021978574	-0.00507625576986571	27.7590076022164	1.01358364776993
44.775	0.9	1.01595372528458	0.350788882161269	-0.00553613601730948	27.7057728067245	1.01276298022766
44.925	0.9	1.01474476459956	0.351880488970484	-0.005931488893387	27.6524278040979	1.01179581167965
45.075	0.9	1.01337324272842	0.353076656249648	-0.00626617128610068	27.5989634452389	1.01069859418274
45.225	0.9	1.01186237716394	0.354365526051307	-0.00654465892590418	27.5453715800649	1.00948990173115
45.375	0.9	1.01023623383543	0.355735687758518	-0.00677185218320346	27.4916449192177	1.00818898706834
45.525	0.9	1.008518428	0.357176276753275	-0.00695290128409332	27.4377769392533	1.0068147424
45.675	0.9	1.00673123243989	0.358677054981965	-0.00709305273831133	27.3837618168965	1.00538498595191
45.825	0.9	1.00489500098145	0.360228475062313	-0.00719751814251014	27.329594381488	1.00391600078516
45.975	0.9	1.0030278280536	0.361821729047996	-0.00727136595857214	27.2752700778805	1.00242226244288
46.125	0.9	1.00114537992112	0.363448782673004	-0.00731943631304015	27.220784934618	1.0009163039369
46.275	0.9	0.999260847473974	0.365102395844906	-0.00734627832757161	27.1661355342135	0.999408677979179
46.425	0.9	0.99738498262658	0.366776130315644	-0.00735610899640185	27.1113189837906	0.997907986101264
46.575	0.9	0.995526190058935	0.368464345781307	-0.00735279220754587	27.0563328853475	0.996420952047148
46.725	0.9	0.993690653372697	0.370162186091252	-0.00733983617137478	27.0011753055249	0.994952522698157
46.875	0.9	0.991882480172156	0.371865557720479	-0.0073204072701949	26.9458447450899	0.993505984137725
47.025	0.9	0.990103854617874	0.373571103116895	-0.00729735815574033	26.890340108458	0.992083083694299
47.175	0.9	0.988355189097236	0.375276171916235	-0.00727326776116674	26.8346606735021	0.990684151277789
47.325	0.9	0.986635269160229	0.376978793270381	-0.00725049072172953	26.7788060616971	0.989308215328183
47.475	0.9	0.984941388005382	0.378677652612983	-0.00723121347473427	26.7227762083461	0.987953110404306
47.625	0.9	0.983269468682586	0.380372076048575	-0.00721751400366229	26.6665713322753	0.986615574946069
47.775	0.9	0.981614173833817	0.382062025167177	-0.00721142179247517	26.6101919039949	0.985291339067053
47.925	0.9	0.979969004196294	0.383748104438052	-0.00721497406532961	26.5536386109602	0.983975203357035
48.075	0.9	0.978326388203114	0.385431582405125	-0.00723026383104604	26.4969123182643	0.982661110562491
48.225	0.9	0.976677765798599	0.387114426689169	-0.00725947467809213	26.4400140229166	0.981342212638879
48.375	0.9	0.975013670028165	0.38879935130199	-0.00730489673797693	26.3829447998548	0.980010936022532
48.525	0.9	0.973323810081609	0.390489872995798	-0.00736891784772317	26.3257057380583	0.978659048065287
48.675	0.9	0.97159715930414	0.392190371334354	-0.0074539838046374	26.2682978656393	0.977277727443312
48.825	0.9	0.969822051293133	0.393906144916106	-0.0075625218650497	26.2107220636116	0.975857641034506
48.975	0.9	0.967986286620199	0.395643453784315	-0.00769682246628551	26.1529789692293	0.974389029296159
49.125	0.9	0.966077251996625	0.397409535662099	-0.007858875748161	26.0950688713476	0.9728618015973
49.275	0.9	0.964082052858972	0.39921258148353	-0.00805016202988436	26.0369916021785	0.971265642287177
49.425	0.9	0.961987659407419	0.401061654087417	-0.00827139914568702	25.9787464320385	0.969590127525935
49.575	0.9	0.959781065104968	0.402966533370016	-0.00852225456319759	25.9203319760789	0.967824852083975
49.725	0.9	0.957449455589931	0.404937472221288	-0.00880103643545345	25.8617461243725	0.965959564471945
49.875	0.9	0.954980384954377	0.40698485081502	-0.00910438485087492	25.8029860087874	0.963984307963502
50.025	0.9	0.952361955527123	0.40911872284632	-0.00942699186720329	25.7440480214432	0.961889564421698
50.175	0.9	0.949582996823658	0.411348256428837	-0.00976138538678574	25.6849278997528	0.959666397458927
50.325	0.9	0.946633239328345	0.413681084487163	-0.0100978161308935	25.6256208916388	0.957306591462676
50.475	0.9	0.943503479332032	0.416122593879847	-0.0104242872890385	25.56612201107	0.954802783465625
50.625	0.9	0.940185732123172	0.418675197698012	-0.0107267613421881	25.5064263883691	0.952148585698538
50.775	0.9	0.936673372238267	0.421337649000799	-0.010989567084404	25.4465297118636	0.949338697790614
50.925	0.9	0.93296126089937	0.424104463958249	-0.0111960119525723	25.3864287478595	0.946369008719496
51.075	0.9	0.929045861810271	0.42696552520152	-0.0113291817147564	25.3261219155188	0.943236689448217
51.225	0.9	0.924925346799893	0.429905929925794	-0.0113728841132781	25.2656098833097	0.939940277439914
51.375	0.9	0.920599692222639	0.432906131031986	-0.0113126691912875	25.2048961458046	0.936479753778112
51.525	0.9	0.916070765685868	0.435942394190974	-0.0111368412862545	25.1439875352104	0.932856612548694
51.675	0.9	0.911342401063034	0.438987562059645	-0.0108373701527184	25.0828946222713	0.929073920850427
51.825	0.9	0.906420458648079	0.442012083513823	-0.0104106139510138	25.0216319665644	0.925136366918464
51.975	0.9	0.901312867588746	0.444985236104544	-0.00985778507551864	24.9602181863487	0.921050294070997
52.125	0.9	0.896029650084421	0.447876449083767	-0.00918511842714443	24.8986758317931	0.916823720067537
52.275	0.9	0.890582931402355	0.450656625864746	-0.0084037358382125	24.8370310606949	0.912466345121884
52.425	0.9	0.884986945935645	0.453299369867665	-0.00752923369452478	24.775313130501	0.907989556748516
52.575	0.9	0.879258055833916	0.455782034829883	-0.00658104726578155	24.7135537325189	0.903406444667133
52.725	0.9	0.873414803066001	0.458086545989628	-0.0055816603479407	24.6517862022125	0.898731842452801
52.875	0.9	0.867478015806456	0.460199966853972	-0.00455573069726303	24.5900446428751	0.893982412645165
53.025	0.9	0.861470983898243	0.462114812198645	-0.00352919161285477	24.5283629992125	0.889176787118594
53.175	0.9	0.855419705062061	0.463829127291646	-0.00252837177743625	24.4667741136781	0.884335764049649
53.325	0.9	0.849353184319403	0.465346363864266	-0.00157915458324467	24.4053087935111	0.879482547455522
53.475	0.9	0.843303746315862	0.466675085182681	-0.000706180300589026	24.3439949120161	0.87464299705269
53.625	0.9	0.837307297891477	0.467828527855328	6.79159809634259e-05	24.2828565649651	0.869845838313182
53.775	0.9	0.831403461005291	0.468824040197458	0.000723238540438909	24.2219133026166	0.865122768804233
53.925	0.9	0.825635488478258	0.46968240976084	0.00124333698643726	24.161179459444	0.860508390782607
54.075	0.9	0.82004988021717	0.470427089013356	0.00161586912202373	24.1006636062361	0.856039904173736
54.225	0.9	0.814695637001476	0.471083329652647	0.00183318940378712	24.0403681513843	0.851756509601181
54.375	0.9	0.809623121626034	0.471677242531076	0.00189281797203466	23.9802891184575	0.847698497300827
54.525	0.9	0.804882540042405	0.472234810023638	0.00179773814064287	23.9204161244732	0.843906032033924
54.675	0.9	0.800522103189247	0.472780888320451	0.00155647210707127	23.8607325770432	0.840417682551398
54.825	0.9	0.796585977425842	0.473338245763577	0.00118289590739668	23.8012160989184	0.837268781940674
54.975	0.9	0.793112171526655	0.473926687644425	0.000695773922421653	23.7418391761005	0.834489737221324
55.125	0.9	0.790130535118003	0.474562316474932	0.000118017805763937	23.6825700118083	0.832104428094402
55.275	0.9	0.787661052460445	0.475256969503731	-0.000524298926923214	23.6233735546172	0.830128841968356
55.425	0.9	0.785712603878083	0.476017863047345	-0.00120311485590605	23.5642126564892	0.828570083102467
55.575	0.9	0.784282334003329	0.476847457971457	-0.00188966785071672	23.5050493065145	0.827425867202663
55.725	0.9	0.78335571411358	0.477743544348741	-0.00255580816281035	23.4458458800589	0.826684571290864
55.875	0.9	0.782907319960978	0.478699528199405	-0.00317524704328476	23.3865663413707	0.826325855968782
56.025	0.9	0.78290227439018	0.479704890961869	-0.0037246567746213	23.3271773408419	0.826321819512144
56.175	0.9	0.783298235024106	0.4807457840647	-0.00418455269855742	23.2676491558726	0.826638588019285
56.325	0.9	0.784047750951024	0.481805717079407	-0.00453990896089715	23.2079564360016	0.827238200760819
56.475	0.9	0.785100776867591	0.482866298119593	-0.00478048445549228	23.148078727519	0.828080621494073
56.625	0.9	0.786407123719396	0.483907988553779	-0.00490086062107176	23.0880007687284	0.829125698975516
56.775	0.9	0.787918642611134	0.484910839484815	-0.00490021529922131	23.0277125627446	0.830334914088908
56.925	0.9	0.789590980307841	0.485855183550006	-0.00478187447257821	22.9672092486555	0.831672784246273
57.075	0.9	0.791384802959484	0.486722261339659	-0.00455269508117855	22.906490802772	0.833107842367588
57.225	0.9	0.793266450428305	0.487494766481328	-0.00422233708630963	22.8455616087629	0.834613160342644
57.375	0.9	0.79520804705239	0.488157297050242	-0.00380248225117816	22.7844299384615	0.836166437641912
57.525	0.9	0.797187147493073	0.488696703741366	-0.00330605204353763	22.7231073843384	0.837749717994458
57.675	0.9	0.799186032821415	0.48910232772771	-0.00274646913354877	22.6616082807387	0.839348826257132
57.825	0.9	0.801190789796362	0.489366123926065	-0.00213699754500256	22.5999491449295	0.840952631837089
57.975	0.9	0.80319030609971	0.489482668921002	-0.00149018673002031	22.5381481617851	0.842552244879768
58.125	0.9	0.805175299288895	0.489449057197004	-0.000817435455590671	22.4762247284714	0.844140239431116
58.275	0.9	0.807137472043366	0.489264694427623	-0.00012868291732725	22.4141990684862	0.845709977634693
58.425	0.9	0.809068856044846	0.488931001883858	0.000567772840774491	22.3520919183375	0.847255084835877
58.575	0.9	0.810961375997785	0.488451051032847	0.00126533517270271	22.2899242852428	0.848769100798228
58.725	0.9	0.812806637750048	0.487829151403655	0.00195905846706012	22.2277172705275	0.850245310200038
58.875	0.9	0.814595922454493	0.487070417349063	0.00264550143185669	22.1654919507956	0.851676737963594
59.025	0.9	0.816320353358356	0.486180340058868	0.0033225006281838	22.1032693072663	0.853056282686685
59.175	0.9	0.817971193099201	0.485164390021138	0.00398888206499972	22.0410701927146	0.85437695447936
59.325	0.9	0.819540226650715	0.484027672193718	0.00464412878710836	21.9789153250766	0.855632181320572
59.475	0.9	0.82102018715954	0.482774651823335	0.00528802142239073	21.9168252968218	0.856816149727632
59.625	0.9	0.822405187566982	0.481408963679769	0.00592026661355494	21.8548205895691	0.857924150053585
59.775	0.9	0.823691128884374	0.479933312176336	0.00654012524402494	21.7929215840248	0.858952903107499
59.925	0.9	0.824876065191045	0.478349465149368	0.00714604864928729	21.7311485560325	0.859900852152836
60.075	0.9	0.825960514894589	0.47665834060962	0.00773532712015798	21.6695216502131	0.860768411915671
60.225	0.9	0.826947716685138	0.474860183842515	0.0083037517515741	21.6080608231716	0.861558173348111
60.375	0.9	0.827843836155071	0.472954831592107	0.00884528899320345	21.546785748438	0.862275068924057
60.525	0.9	0.828658134572631	0.470942059779392	0.00935176785334715	21.48571567517	0.862926507658105
60.675	0.9	0.829403114335321	0.468822009691847	0.0098125826600807	21.4248692323527	0.863522491468257
60.825	0.9	0.830094656132852	0.466595682924041	0.0102144184498861	21.3642641702119	0.864075724906281
60.975	0.9	0.830752161386971	0.46426548600839	0.0105410086710255	21.3039170314657	0.864601729109577
61.125	0.9	0.831398711454644	0.461835791558293	0.0107729315483834	21.2438427476226	0.865118969163715
61.275	0.9	0.832061254504659	0.45931346647728	0.0108874367654261	21.1840541602923	0.865649003603727
61.425	0.9	0.832770834527735	0.456708305863713	0.0108582632663231	21.1245614742446	0.866216667622188
61.575	0.9	0.833562887109428	0.454033314535707	0.0106553602775823	21.0653716562596	0.866850309687542
61.725	0.9	0.834477644731931	0.451304811123252	0.0102443618821914	21.006487798452	0.867582115785545
61.875	0.9	0.835560719287146	0.448542407842658	0.00958560547733308	20.9479084613916	0.868448575429717
62.025	0.9	0.836863955759994	0.445769053536664	0.00863245387059172	20.8896269939204	0.869491164607995
62.175	0.9	0.838446667229598	0.443011517428498	0.00732872054178634	20.8316307853416	0.870757333783678
62.325	0.9	0.840377348455662	0.44030191361829	0.00560515797678701	20.7739003355968	0.87230187876453
62.475	0.9	0.842735896418856	0.437681067268788	0.00337529907183628	20.7164079294016	0.874188717135085
62.625	0.9	0.845616208223346	0.435204609612297	0.000531470513986593	20.6591155803857	0.876492966578676
62.775	0.9	0.849128746360465	0.432952529307663	-0.00305749378203974	20.6019717955994	0.879302997088372
62.925	0.9	0.853402239366845	0.431042346593073	-0.00754452276242232	20.5449066434028	0.882721791493476
63.075	0.9	0.858583137795518	0.42964497000535	-0.0130955977658943	20.4878246538835	0.886866510236415
63.225	0.9	0.864830848963221	0.429000583209652	-0.0198709552329927	20.4305953228485	0.891864679170577
63.375	0.9	0.872306326719355	0.429429732541586	-0.0279939633269084	20.3730415136336	0.897845061375484
63.525	0.9	0.881151648316748	0.431332664134042	-0.0375078636580356	20.3149269134802	0.904921318653399
63.675	0.9	0.891459276896038	0.43516896674244	-0.0483249207032945	20.2559448766747	0.91316742151683
63.825	0.9	0.90323230701927	0.441411323086744	-0.0601784746596995	20.1957122764981	0.922585845615416
63.975	0.9	0.916341279982353	0.450473231299517	-0.0725942909056076	20.1337729250459	0.933073023985882
64.125	0.9	0.930488338823	0.46262102219292	-0.0849000263145182	20.0696149504559	0.9443906710584
64.275	0.9	0.945193381998392	0.477892129468436	-0.0962862215692393	20.0027044317717	0.956154705598714
64.425	0.9	0.959816310992231	0.496047480896052	-0.105916703223034	19.9325333079525	0.967853048793785
64.575	0.9	0.973622063460104	0.516579200430643	-0.113064862134082	19.8586741117572	0.978897650768084
64.725	0.9	0.985881623197174	0.538775500564186	-0.117236740027896	19.7808298582368	0.988705298557739
64.875	0.9	0.995987523530465	0.561822683770802	-0.118244041567194	19.6988670541209	0.996790018824372
65.025	0.9	1.00355374300256	0.584912868074625	-0.116210312038197	19.6128240851837	1.00284299440205
65.175	0.9	1.00847260495367	0.607330592000113	-0.111518573132637	19.5228943225025	1.00677808396293
65.325	0.9	1.01091483774576	0.628505607672672	-0.104724573511271	19.4293899462673	1.0087318701966
65.475	0.9	1.0112769524757	0.648032835081393	-0.096462026242252	19.3326962313934	1.00902156198056
65.625	0.9	1.0100944254189	0.665667871111579	-0.0873592471325922	19.233226215235	1.00807554033512
65.775	0.9	1.0079449359173	0.68130771515038	-0.0779772339515614	19.1313831817457	1.00635594873384
65.925	0.9	1.00536324509686	0.694964341945932	-0.0687717459453452	19.0275347936261	1.00429059607749
66.075	0.9	1.00278157659567	0.70673607609023	-0.0600774354843019	18.9219993357874	1.00222526127653
66.225	0.9	1.00050040059096	0.716779749891974	-0.052109823698838	18.815042169082	1.00040032047277
66.375	0.9	0.998687013152872	0.725285555299704	-0.0449799254641253	18.7068793283475	0.998949610522298
66.525	0.9	0.997394539749653	0.732455943865197	-0.0387161114118387	18.5976850521973	0.997915631799723
66.675	0.9	0.996592186783099	0.738489447266485	-0.0332882430570829	18.487600557562	0.997273749426479
66.825	0.9	0.99619820981708	0.74356969152778	-0.0286301755960172	18.3767422102123	0.996958567853664
66.975	0.9	0.996109260862169	0.747859231881495	-0.0246581651695844	18.2652081051442	0.996887408689735
67.125	0.9	0.996222540396571	0.751497321824354	-0.0212841856872515	18.1530827747038	0.996978032317257
67.275	0.9	0.996449715619189	0.754600475932006	-0.0184243322075625	18.0404402087954	0.997159772495351
67.425	0.9	0.996723403863752	0.757264700013147	-0.0160032015581083	17.9273456030451	0.997378723091002
67.575	0.9	0.996998022752211	0.759568462804752	-0.0139554092253105	17.8138562989464	0.997598418201769
67.725	0.9	0.997247085230552	0.761575762057079	-0.0122253465788625	17.700022313956	0.997797668184442
67.875	0.9	0.997458798178913	0.763338907105028	-0.0107660543753558	17.5858867431028	0.99796703854313
68.025	0.9	0.997631353068257	0.764900851659922	-0.00953781082244554	17.4714861934123	0.998105082454606
68.175	0.9	0.997768772054699	0.766297051101311	-0.00850678232486177	17.3568513148335	0.998215017643759
68.325	0.9	0.99787771630057	0.767556895980334	-0.00764389658632418	17.2420074261125	0.998302173040456
68.475	0.9	0.997965331037804	0.768704804612212	-0.00692397585946353	17.1269751996931	0.998372264830243
68.625	0.9	0.998038000784665	0.769761059989766	-0.00632510210749497	17.0117713590996	0.998430400627732
68.775	0.9	0.99810079683051	0.770742463890351	-0.00582815956162647	16.8964093466568	0.998480637464408
68.925	0.9	0.998157385161982	0.771662863612799	-0.00541649811030223	16.780899931118	0.998525908129586
69.075	0.9	0.998210194264973	0.772533589907748	-0.00507567094752904	16.6652517381781	0.998568155411978
69.225	0.9	0.998260692852556	0.773363830978548	-0.00479321372028725	16.5494716985773	0.998608554282045
69.375	0.9	0.998309679964865	0.77416095762589	-0.00455844534070785	16.4335654170423	0.998647743971892
69.525	0.9	0.998357534217506	0.77493080831005	-0.00436228057519324	16.3175374704572	0.998686027374005
69.675	0.9	0.998404401365186	0.775677939296703	-0.00419705106483175	16.201391645932	0.998723521092149
69.825	0.9	0.998450319830161	0.776405843259424	-0.00405633503599751	16.0851311296496	0.998760255864129
69.975	0.9	0.998495294531845	0.777117138995179	-0.0039347974278415	15.9687586563551	0.998796235625476
70.125	0.9	0.998539333080287	0.777813734733773	-0.00382804230498057	15.8522766277536	0.99883146646423
70.275	0.9	0.998582457869839	0.778496967542328	-0.00373247889143791	15.7356872063906	0.998865966295871
70.425	0.9	0.998624704986788	0.77916772136553	-0.00364520180430474	15.6189923900573	0.99889976398943
70.575	0.9	0.998666117609885	0.779826526211989	-0.00356388535038022	15.5021940705239	0.998932894087908
70.725	0.9	0.998706738606104	0.780473640890783	-0.00348669119816027	15.3852940794711	0.998965390884883
70.875	0.9	0.998746604704187	0.781109121528317	-0.00341218838277316	15.2682942238292	0.99899728376335
71.025	0.9	0.998785743052182	0.781732877883649	-0.00333928442327504	15.151196312283	0.999028594441746
71.175	0.9	0.998824170042929	0.782344719253995	-0.00326716628806546	15.0340021743948	0.999059336034343
71.325	0.9	0.998861891861976	0.782944391538992	-0.00319524999014926	14.9167136735858	0.999089513489581
71.475	0.9	0.998898906105795	0.783531606825364	-0.0031231376906633	14.7993327150597	0.999119124884636
71.625	0.9	0.998935203891623	0.784106066667954	-0.00305058130853274	14.6818612496224	0.999148163113298
71.775	0.9	0.998970772029534	0.784667480079746	-0.00297745175594583	14.5643012742377	0.999176617623628
71.925	0.9	0.999005594986841	0.785215577103127	-0.00290371303407545	14.4466548300495	0.999204475989473
72.075	0.9	0.999039656510106	0.785750118711577	-0.0028294005253124	14.3289239985005	0.999231725208085
72.225	0.9	0.999072940867833	0.786270903686648	-0.00275460290621445	14.2111108960805	0.999258352694267
72.375	0.9	0.999105433737817	0.786777773023345	-0.00267944718029444	14.0932176681472	0.999284346990253
72.525	0.9	0.999137122793936	0.787270612337398	-0.00260408639376609	13.975246482183	0.999309698235148
72.675	0.9	0.999167998056706	0.787749352678584	-0.00252868965131103	13.8571995207808	0.999334398445365
72.825	0.9	0.999198052068693	0.788213970093216	-0.00245343409644872	13.7390789745864	0.999358441654954
72.975	0.9	0.999227279946157	0.788664484225595	-0.00237849856205312	13.6208870353787	0.999381823956926
73.125	0.9	0.999255679346689	0.789100956201272	-0.00230405863300553	13.5026258894186	0.999404543477351
73.275	0.9	0.999283250381733	0.789523485994114	-0.00223028289489321	13.3842977111666	0.999426600305387
73.425	0.9	0.999309995493955	0.789932209444224	-0.00215733017222036	13.2659046574351	0.999447996395164
73.575	0.9	0.999335919312649	0.790327295062124	-0.00208534758535916	13.1474488620208	0.999468735450119
73.725	0.9	0.999361028495904	0.790708940729361	-0.00201446927802476	13.0289324308406	0.999488822796723
73.875	0.9	0.999385331565185	0.791077370382108	-0.00194481568902539	12.9103574375816	0.999508265252148
74.025	0.9	0.999408838736237	0.791432830746062	-0.00187649325932353	12.7917259198621	0.999527070988989
74.175	0.9	0.999431561749201	0.791775588174394	-0.00180959448255828	12.673039875891	0.999545249399361
74.325	0.9	0.999453513700253	0.792105925627067	-0.00174419822109974	12.5543012616093	0.999562810960202
74.475	0.9	0.999474708876649	0.792424139819238	-0.00168037022265549	12.4355119882867	0.99957976710132
74.625	0.9	0.999495162596898	0.792730538556112	-0.00161816378305076	12.3166739205496	0.999596130077519
74.775	0.9	0.999514891057412	0.79302543826606	-0.00155762051074684	12.1977888748075	0.99961191284593
74.925	0.9	0.999533911186833	0.793309161735706	-0.00149877115630576	12.0788586180499	0.999627128949467
75.075	0.9	0.999552240508886	0.793582036047966	-0.00144163647757881	11.9598848669809	0.999641792407109
75.225	0.9	0.99956989701445	0.793844390718884	-0.00138622811693124	11.8408692874603	0.99965591761156
75.375	0.9	0.999586899043187	0.794096556027225	-0.00133254947199515	11.7218134942225	0.99966951923455
75.525	0.9	0.999603265174933	0.794338861528426	-0.00128059654583963	11.6027190508424	0.999682612139947
75.675	0.9	0.999619014130817	0.794571634743112	-0.00123035876565732	11.4835874699204	0.999695211304653
75.825	0.9	0.999634164683936	0.79479520000925	-0.00118181976240743	11.3644202134621	0.999707331747149
75.975	0.9	0.999648735579271	0.795009877487108	-0.00113495810585316	11.2452186934258	0.999718988463417
76.125	0.9	0.999662745462472	0.795215982304928	-0.00108974799174494	11.1259842724161	0.999730196369978
76.275	0.9	0.999676212817003	0.795413823834331	-0.00104615987924891	11.0067182645026	0.999740970253603
76.425	0.9	0.999689155909183	0.795603705083916	-0.0010041610781849	10.8874219361436	0.999751324727346
76.575	0.9	0.999701592740545	0.795785922200342	-0.000963716286396889	10.7680965071984	0.999761274192436
76.725	0.9	0.999713541007001	0.795960764065997	-0.000924788078524998	10.6487431520104	0.999770832805601
76.875	0.9	0.999725018064248	0.796128511984199	-0.000887337347959526	10.5293630005485	0.999780014451398
77.025	0.9	0.999736040898889	0.79628943944172	-0.000851323704120821	10.4099571395924	0.999788832719111
77.175	0.9	0.99974662610476	0.796443811940532	-0.000816705827603601	10.2905266139516	0.999797300883808
77.325	0.9	0.999756789863956	0.796591886890582	-0.000783441785703731	10.1710724277064	0.999805431891165
77.475	0.9	0.999766547932094	0.796733913556051	-0.000751489311170924	10.0515955454631	0.999813238345675
77.625	0.9	0.999775915627356	0.796870133048472	-0.000720806046951175	9.93209689361497	0.999820732501885
77.775	0.9	0.999784907822937	0.797000778360254	-0.000691349759577419	9.8125773616023	0.99982792625835
77.925	0.9	0.99979353894246	0.797126074433343	-0.000663078523868302	9.69303780316518	0.999834831153968
78.075	0.9	0.999801822958031	0.797246238257371	-0.000635950881645741	9.57347903758447	0.999841458366425
78.225	0.9	0.999809773390627	0.797361478993305	-0.00060992597672062	9.45390185090613	0.999847818712501
78.375	0.9	0.999817403312466	0.797471998117887	-0.000584963668634119	9.33430699714547	0.999853922649973
78.525	0.9	0.999824725351128	0.797577989585741	-0.000561024627198002	9.21469519946816	0.999859780280902
78.675	0.9	0.999831751695149	0.797679640005239	-0.000538070409974159	9.09506715134562	0.999865401356119
78.825	0.9	0.999838494100892	0.797777128825902	-0.000516063524471928	8.97542351768252	0.999870795280713
78.975	0.9	0.999844963900455	0.797870628534226	-0.000494967476888515	8.85576493591501	0.999875971120364
79.125	0.9	0.999851172010469	0.797960304855942	-0.000474746808916464	8.73609201707842	0.999880937608375
79.275	0.9	0.999857128941602	0.798046316962735	-0.000455367124090497	8.61640534684342	0.999885703153282
79.425	0.9	0.999862844808621	0.798128817681651	-0.000436795105037052	8.49670548652015	0.999890275846897
79.575	0.9	0.999868329340904	0.798207953705726	-0.00041899852276631	8.37699297403	0.999894663472723
79.725	0.9	0.999873591893271	0.798283865804572	-0.00040194623914189	8.25726832484479	0.999898873514617
79.875	0.9	0.99987864145704	0.798356689033927	-0.000385608203499879	8.13753203289348	0.999902913165632
80.025	0.9	0.999883486671215	0.79842655294301	-0.000369955444272846	8.0177845714367	0.999906789336972
80.175	0.9	0.999888135833738	0.798493581779289	-0.000354960056429863	7.89802639390925	0.99991050866699
80.325	0.9	0.999892596912733	0.798557894689598	-0.000340595185421399	7.77825793473127	0.999914077530187
80.475	0.9	0.999896877557711	0.798619605917478	-0.000326835008263578	7.65847961008845	0.999917502046169
80.625	0.9	0.999900985110642	0.798678824995977	-0.000313654712338369	7.53869181868197	0.999920788088514
80.775	0.9	0.999904926616889	0.798735656935935	-0.000301030472373985	7.41889494244892	0.999923941293511
80.925	0.9	0.999908708835948	0.798790202409186	-0.000288939426101758	7.29908934725386	0.999926967068758
81.075	0.9	0.999912338251982	0.798842557926696	-0.000277359648856641	7.17927538355226	0.999929870601586
81.225	0.9	0.999915821084131	0.798892816011539	-0.000266270127646113	7.05945338702675	0.999932656867305
81.375	0.9	0.999919163296574	0.798941065366466	-0.000255650734899093	6.93962367919685	0.999935330637259
81.525	0.9	0.999922370608354	0.798987391036268	-0.000245482202113304	6.81978656800308	0.999937896486684
81.675	0.9	0.999925448502931	0.799031874564871	-0.00023574609380869	6.69994234836617	0.999940358802344
81.825	0.9	0.999928402237385	0.799074594147179	-0.000226424781922245	6.58009130272236	0.999942721789908
81.975	0.9	0.999931236851256	0.799115624775884	-0.000217501420838987	6.46023370153532	0.999944989481005
82.125	0.9	0.999933957174995	0.799155038383271	-0.000208959923321023	6.34036980378579	0.999947165739996
82.275	0.9	0.999936567838085	0.799192903978265	-0.000200784937536835	6.22049985743944	0.999949254270468
82.425	0.9	0.999939073276977	0.799229287778815	-0.000192961825370047	6.10062409989385	0.999951258621582
82.575	0.9	0.999941477743115	0.799264253339837	-0.000185476642240216	5.98074275840525	0.999953182194492
82.725	0.9	0.999943785311226	0.79929786167691	-0.000178316118764223	5.86085605049558	0.999955028248981
82.875	0.9	0.999945999887774	0.799330171385883	-0.000171467644386712	5.74096418434059	0.999956799910219
83.025	0.9	0.999948125218849	0.799361238758635	-0.000164919253357066	5.62106735913945	0.999958500175079
83.175	0.9	0.999950164896088	0.799391117895492	-0.000158659613346179	5.50116576546665	0.999960131916871
83.325	0.9	0.999952122359377	0.799419860814607	-0.000152678016949158	5.3812595856068	0.999961697887502
83.475	0.9	0.999954000896151	0.799447517559018	-0.00014696437666563	5.26134899387318	0.999963200716921
83.625	0.9	0.999955803640177	0.799474136301724	-0.000141509224042178	5.14143415691065	0.999964642912142
83.775	0.9	0.999957533576477	0.799499763448941	-0.000136303714187677	5.0215152339829	0.999966026861182
83.925	0.9	0.999959193560981	0.799524443740836	-0.000131339637283485	4.90159237724349	0.999967354848785
84.075	0.9	0.999960786359376	0.79954822034877	-0.000126609438820889	4.78166573198913	0.999968629087501
84.225	0.9	0.999962314695776	0.799571134968604	-0.000122106249957321	4.66173543689409	0.999969851756621
84.375	0.9	0.999963781280543	0.79959322791095	-0.000117823928379865	4.54180162422619	0.999971025024434
84.525	0.9	0.999965188768779	0.799614538193177	-0.000113757108807769	4.42186442004882	0.999972151015023
84.675	0.9	0.999966539609274	0.799635103640651	-0.000109901262693232	4.30192394441731	0.999973231687419
84.825	0.9	0.999967835801701	0.799654961005024	-0.000106252770525395	4.18198031157954	0.999974268641361
84.975	0.9	0.999969078692151	0.799674146099441	-0.000102809019463386	4.06203363018351	0.999975262953721
85.125	0.9	0.999970269060343	0.799692693933636	-9.9568552686345e-05	3.94208400347659	0.999976215248274
85.275	0.9	0.9999714077786	0.7997106388103	-9.65313075625179e-05	3.82213152945586	0.99997712622288
85.425	0.9	0.999972497107831	0.799728014333059	-9.36989750054908e-05	3.70217630091203	0.999977997686265
85.575	0.9	0.999973542152256	0.799744853299689	-9.10754776185109e-05	3.58221840532862	0.999978833721804
85.725	0.9	0.999974551249486	0.799761187529261	-8.86674965852298e-05	3.46225792467866	0.999979640999589
85.875	0.9	0.999975533605136	0.79977704778715	-8.64849063692204e-05	3.34229493530084	0.999980426884109
86.025	0.9	0.999976493086487	0.799792464058916	-8.45409753008734e-05	3.22232950817265	0.99998119446919
86.175	0.9	0.999977419491801	0.799807466356621	-8.28523660077443e-05	3.10236170989568	0.999981935593441
86.325	0.9	0.99997828267444	0.799822085883361	-8.1439399367709e-05	2.98239160440291	0.999982626139552
86.475	0.9	0.999979038718737	0.799836355711905	-8.03276581065209e-05	2.86241925472277	0.99998323097499
86.625	0.9	0.999979656965196	0.799850309402569	-7.95524500517568e-05	2.74244472329766	0.999983725572157
86.775	0.9	0.999980167365901	0.799863975805828	-7.91672642300222e-05	2.62246806897501	0.999984133892721
86.925	0.9	0.9999807076309	0.799877369483856	-7.92553976513042e-05	2.50248933979405	0.99998456610472
87.075	0.9	0.999981525211813	0.799890479202848	-7.99402300020797e-05	2.38250856379862	0.99998522016945
87.225	0.9	0.999982878319511	0.799903260987335	-8.13855082205036e-05	2.26252574489378	0.999986302655609
87.375	0.9	0.999984809073226	0.799915644382864	-8.37760525462387e-05	2.14254087474304	0.999987847258581
87.525	0.9	0.999986849604915	0.799927555988735	-8.72768558082573e-05	2.02255397029702	0.999989479683932
87.675	0.9	0.999987854043711	0.799938948356587	-9.19888172816648e-05	1.9025651350573	0.999990283234969
87.825	0.9	0.999986252934105	0.799949795136263	-9.79495796078664e-05	1.78257462019919	0.999989002347284
87.975	0.9	0.999980973303376	0.799959985337242	-0.000105251463757383	1.66258283845483	0.999984778642701
88.125	0.9	0.999972933166143	0.799969044140305	-0.000114331840435781	1.54259028031654	0.999978346532914
88.275	0.9	0.999966409098009	0.799975655200102	-0.000126393502700082	1.42259732473173	0.999973127278407
88.425	0.9	0.999968966140696	0.799977078628487	-0.000143714407504096	1.3026040360185	0.999975172912557
88.575	0.9	0.999988612059075	0.799968729188441	-0.000169356636841322	1.1826101626004	0.99999088964726
88.725	0.9	1.00002803901306	0.799944319997642	-0.00020564235449778	1.06261560691502	1.00002243121045
88.875	0.9	1.00007836039268	0.799896966386579	-0.000250982396167685	0.942621486871359	1.00006268831415
89.025	0.9	1.00011747611426	0.799821413652586	-0.000295430326125237	0.822631477265164	1.0000939808914
89.175	0.9	1.00011841754782	0.799717259308406	-0.000316590476829019	0.70265251606408	1.00009473403826
89.325	0.9	1.00006774827442	0.799593218299201	-0.000278603736300235	0.582693575155866	1.00005419861953
89.475	0.9	0.999983353877403	0.799473757465001	-0.000137104379272543	0.462761553492369	0.999986683101922
89.625	0.9	0.99991194861495	0.799410648041617	0.000146606622987203	0.342854646004283	0.99992955889196
89.775	0.9	0.999893979270536	0.79948498846678	0.000571776268752942	0.2229552567936	0.999915183416429
89.925	0.9	0.999917247934956	0.39984720352518	0.00101637831884	0.103029496201784	0.999933798347965
0.075	1.1	1.15764490945184e-30	0.399914997019566	-0.00041247558226435	36.0879737351683	0.2
0.225	1.1	2.90099993902712e-30	0.799784868384808	-0.000293966817891396	36.0639788353471	0.2
0.375	1.1	-3.90131460129141e-31	0.799734903858424	-0.000148757198128644	36.0399866430652	0.2
0.525	1.1	2.53324137429632e-30	0.799748987646903	-3.36467997091225e-05	36.0159947411156	0.2
0.675	1.1	-7.35349091110058e-30	0.799795210005951	3.77825788280791e-05	35.9920017038064	0.2
0.825	1.1	-5.19886219827532e-30	0.799849086112107	7.29654077604143e-05	35.9680070285153	0.2
0.975	1.1	-2.15292998661872e-29	0.799897706698526	8.42301746867093e-05	35.9440107586397	0.2
1.125	1.1	-1.5385804557199e-29	0.79993651991566	8.20183209455864e-05	35.9200131661133	0.2
1.275	1.1	-2.81354287937649e-29	0.799965401797724	7.33803786299374e-05	35.8960145674447	0.2
1.425	1.1	-2.24696170852929e-30	0.799985991293898	6.24795352476515e-05	35.8720152420055	0.2
1.575	1.1	6.58069949536574e-30	0.800000292722698	5.15136000122912e-05	35.8480154079671	0.2
1.725	1.1	6.68689412589241e-29	0.800010089538294	4.14957624725479e-05	35.8240152244421	0.2
1.875	1.1	9.81133832410093e-29	0.800016776963293	3.27860294800734e-05	35.8000148025948	0.2
2.025	1.1	1.69494178028998e-28	0.800021374778639	2.54143388263558e-05	35.7760142178243	0.2
2.175	1.1	1.65179617817756e-28	0.800024599139177	1.92625627833443e-05	35.7520135201081	0.2
2.325	1.1	1.54972751427613e-28	0.800026940659111	1.41605047482643e-05	35.728012741876	0.2
2.475	1.1	-1.61745005179695e-30	0.800028730157863	9.93292247700866e-06	35.7040119036685	0.2
2.625	1.1	-1.99421695998346e-28	0.8000301883867	6.42011729763353e-06	35.6800110180665	0.2
2.775	1.1	-5.5402585134598e-28	0.800031461591495	3.4849942130167e-06	35.6560100923653	0.2
2.925	1.1	-8.55276684401911e-28	0.800032646128725	1.01365032354558e-06	35.632009130371	0.2
3.075	1.1	-1.13801954951975e-27	0.800033805190519	-1.08680963674034e-06	35.6080081335976	0.2
3.225	1.1	-1.05612538508297e-27	0.800034980032185	-2.89137312039719e-06	35.5840071020596	0.2
3.375	1.1	-6.16254687532766e-28	0.800036197468467	-4.46026520216814e-06	35.5600060347956	0.2
3.525	1.1	5.21422532721957e-28	0.800037474856056	-5.84177581603342e-06	35.5360049302115	0.2
3.675	1.1	2.10460049930022e-27	0.800038823402698	-7.07465487406949e-06	35.5120037863043	0.2
3.825	1.1	4.12642201913644e-27	0.800040250362681	-8.1900723383466e-06	35.4880026008073	0.2
3.975	1.1	5.72939544478737e-27	0.800041760490917	-9.21319572992376e-06	35.4640013712825	0.2
4.125	1.1	6.37589896113404e-27	0.800043357008849	-1.01644426076096e-05	35.4400000951779	0.2
4.275	1.1	4.73161295821543e-27	0.800045042241305	-1.10604695515651e-05	35.415998769862	0.2
4.425	1.1	4.02682562449016e-28	0.800046818036025	-1.19149516759025e-05	35.3919973926434	0.2
4.575	1.1	-7.19262977430732e-27	0.80004868604198	-1.27391959128026e-05	35.3679959607798	0.2
4.725	1.1	-1.65726090612498e-26	0.800050647885246	-1.35426235155761e-05	35.3439944714809	0.2
4.875	1.1	-2.58322542959499e-26	0.800052705287919	-1.4333151625547e-05	35.3199929219067	0.2
5.025	1.1	-3.04997362315306e-26	0.800054860138419	-1.51174938410629e-05	35.2959913091636	0.2
5.175	1.1	-2.67090915701748e-26	0.800057114538608	-1.59013999529136e-05	35.2719896302984	0.2
5.325	1.1	-9.87220877320769e-27	0.800059470829015	-1.66898464889659e-05	35.2479878822913	0.2
5.475	1.1	2.01528851094001e-26	0.80006193160576	-1.74871894740545e-05	35.2239860620487	0.2
5.625	1.1	6.04079428644317e-26	0.800064499726472	-1.82972865049532e-05	35.199984166395	0.2
5.775	1.1	9.95372369778904e-26	0.800067178315846	-1.91235958984412e-05	35.1759821920651	0.2
5.925	1.1	1.22752259754709e-25	0.800069970764792	-1.99692568092032e-05	35.151980135696	0.2
6.075	1.1	1.10284309852593e-25	0.800072880731026	-2.08371551660479e-05	35.1279779938192	0.2
6.225	1.1	4.95782410074318e-26	0.800075912138796	-2.17299765305907e-05	35.1039757628522	0.2
6.375	1.1	-6.22456394057239e-26	0.800079069178105	-2.26502508887136e-05	35.0799734390908	0.2
6.525	1.1	-2.03125976707177e-25	0.800082356304175	-2.3600389665651e-05	35.0559710187015	0.2
6.675	1.1	-3.30637274474327e-25	0.800085778240468	-2.45827152639657e-05	35.0319684977126	0.2
6.825	1.1	-3.79322902374503e-25	0.800089339977778	-2.55994883412999e-05	35.007965872007	0.2
6.975	1.1	-2.89850746256861e-25	0.800093046779191	-2.66529290632162e-05	34.9839631373139	0.2
7.125	1.1	-2.90549643116628e-26	0.80009690418221	-2.77452353448728e-05	34.9599602892003	0.2
7.275	1.1	3.61838795963139e-25	0.800100918003568	-2.88785997670126e-05	34.935957323063	0.2
7.425	1.1	7.55954464069066e-25	0.80010509434515	-3.00552234721997e-05	34.9119542341201	0.2
7.575	1.1	9.31166931279909e-25	0.800109439600473	-3.12773287193175e-05	34.8879510174023	0.2
7.725	1.1	6.43379503178867e-25	0.800113960460489	-3.2547169525467e-05	34.8639476677441	0.2
7.875	1.1	-2.77899088995238e-25	0.800118663923436	-3.38670421528222e-05	34.8399441797746	0.2
8.025	1.1	-1.75140419602129e-24	0.800123557303009	-3.52392934228856e-05	34.8159405479087	0.2
8.175	1.1	-3.31369115473776e-24	0.800128648237552	-3.66663306722994e-05	34.7919367663365	0.2
8.325	1.1	-4.02720592411069e-24	0.80013394470151	-3.8150627878906e-05	34.7679328290144	0.2
8.475	1.1	-2.62829788024959e-24	0.800139455016758	-3.96947339213671e-05	34.7439287296544	0.2
8.625	1.1	2.09329746228828e-24	0.800145187863662	-4.13012798064314e-05	34.7199244617134	0.2
8.775	1.1	1.0530774353296e-23	0.800151152295378	-4.2972985339874e-05	34.6959200183826	0.2
8.925	1.1	2.13196969029756e-23	0.80015735775093	-4.47126654962142e-05	34.6719153925757	0.2
9.075	1.1	3.03902731363236e-23	0.800163814069781	-4.65232379058479e-05	34.6479105769175	0.2
9.225	1.1	3.06939007339674e-23	0.800170531507705	-4.84077284433932e-05	34.6239055637315	0.2
9.375	1.1	1.32327241382851e-23	0.800177520752094	-5.03692786466312e-05	34.599900345027	0.2
9.525	1.1	-2.97225960839539e-23	0.800184792939721	-5.24111519081176e-05	34.5758949124864	0.2
9.675	1.1	-9.90974239869787e-23	0.800192359675216	-5.4536740428079e-05	34.5518892574507	0.2
9.825	1.1	-1.81903840555284e-22	0.800200233048607	-5.67495717996399e-05	34.5278833709058	0.2
9.975	1.1	-2.45347309519854e-22	0.800208425656686	-5.90533164708372e-05	34.5038772434677	0.2
10.125	1.1	-2.36550549393161e-22	0.800216950621745	-6.14517947318796e-05	34.4798708653665	0.2
10.275	1.1	-9.34724338563129e-23	0.800225821616039	-6.39489842161914e-05	34.4558642264304	0.2
10.425	1.1	2.29155410436982e-22	0.800235052881718	-6.65490275511922e-05	34.4318573160695	0.2
10.575	1.1	7.19933167419312e-22	0.800244659257233	-6.92562402981727e-05	34.4078501232575	0.2
10.725	1.1	1.26712404041152e-21	0.800254656200316	-7.2075119934988e-05	34.3838426365141	0.2
10.875	1.1	1.63195018658649e-21	0.800265059816167	-7.50103525309407e-05	34.3598348438855	0.2
11.025	1.1	1.46807155389043e-21	0.800275886882326	-7.80668248194796e-05	34.3358267329251	0.2
11.175	1.1	4.15465422311124e-22	0.800287154879443	-8.12496303547926e-05	34.3118182906726	0.2
11.325	1.1	-1.71966923124354e-21	0.800298882021218	-8.45640818349672e-05	34.2878095036323	0.2
11.475	1.1	-4.72430224450308e-21	0.800311087283827	-8.8015719053651e-05	34.2638003577513	0.2
11.625	1.1	-7.75548020700622e-21	0.800323790440549	-9.16103216208183e-05	34.2397908383953	0.2
11.775	1.1	-9.26799682104586e-21	0.800337012095755	-9.53539186067976e-05	34.2157809303248	0.2
11.925	1.1	-7.25349292663251e-21	0.800350773719799	-9.92528011299842e-05	34.1917706176696	0.2
12.075	1.1	8.15676810298187e-23	0.800365097688628	-0.00010331353381325	34.1677598839017	0.2
12.225	1.1	1.32031254724498e-20	0.800380007320857	-0.000107542968732965	34.1437487118082	0.2
12.375	1.1	2.99349829692471e-20	0.800395526919704	-0.000111948257501687	34.1197370834624	0.2
12.525	1.1	4.44749766797838e-20	0.80041168181732	-0.000116536866119868	34.0957249801931	0.2
12.675	1.1	4.75218595034698e-20	0.800428498417952	-0.000121316589562743	34.0717123825534	0.2
12.825	1.1	2.83411729901775e-20	0.800446004246151	-0.000126295567406728	34.047699270288	0.2
12.975	1.1	-2.07605357764069e-20	0.800464227995772	-0.000131482300087644	34.0236856222986	0.2
13.125	1.1	-9.79752644796177e-20	0.800483199582457	-0.000136885665530443	33.9996714166082	0.2
13.275	1.1	-1.85336441106303e-19	0.800502950195422	-0.000142514937831676	33.9756566303237	0.2
13.425	1.1	-2.4521774781851e-19	0.800523512358622	-0.000148379805443585	33.9516412395965	0.2
13.575	1.1	-2.24315957851134e-19	0.800544919984752	-0.000154490391388893	33.9276252195822	0.2
13.725	1.1	-6.90554586981694e-20	0.800567208441287	-0.000160857273423939	33.9036085443974	0.2
13.875	1.1	2.46583762548148e-19	0.800590414614403	-0.000167491506852152	33.8795911870757	0.2
14.025	1.1	6.85379812482329e-19	0.800614576977546	-0.000174404646614745	33.8555731195205	0.2
14.175	1.1	1.11579044092243e-18	0.800639735661961	-0.000181608771565089	33.831554312457	0.2
14.325	1.1	1.30527929882352e-18	0.800665932533161	-0.000189116510284191	33.8075347353808	0.2
14.475	1.1	9.61093745926728e-19	0.800693211268429	-0.000196941067343356	33.783514356505	0.2
14.625	1.1	-1.65086613981397e-19	0.800721617440504	-0.000205096251096358	33.7594931427047	0.2
14.775	1.1	-2.1120943236148e-18	0.800751198602253	-0.000213596503610409	33.7354710594586	0.2
14.925	1.1	-4.52167451704878e-18	0.800782004379351	-0.000222456931211687	33.7114480707886	0.2
15.075	1.1	-6.50757095781134e-18	0.800814086564152	-0.000231693337334215	33.6874241391959	0.2
15.225	1.1	-6.69425923233371e-18	0.800847499215041	-0.000241322256502535	33.6633992255947	0.2
15.375	1.1	-3.53963294990844e-18	0.800882298762902	-0.000251360990144481	33.6393732892429	0.2
15.525	1.1	3.9998111147053e-18	0.800918544118795	-0.000261827644329131	33.615346287669	0.2
15.675	1.1	1.55331829358132e-17	0.800956296790521	-0.000272741170059188	33.5913181765958	0.2
15.825	1.1	2.82959161379752e-17	0.800995621003781	-0.000284121404033686	33.5672889098615	0.2
15.975	1.1	3.66863120168324e-17	0.801036583827494	-0.000295989112476448	33.5432584393356	0.2
16.125	1.1	3.28898380841571e-17	0.801079255309202	-0.000308366038094579	33.5192267148319	0.2
16.275	1.1	9.12802574348345e-18	0.801123708613313	-0.000321274947087787	33.495193684017	0.2
16.425	1.1	-3.8338659513622e-17	0.801170020167885	-0.000334739679933824	33.4711592923151	0.2
16.575	1.1	-1.04114252093954e-16	0.801218269820114	-0.000348785205282784	33.447123482807	0.2
16.725	1.1	-1.69206838181587e-16	0.801268540996931	-0.000363437674198019	33.4230861961259	0.2
16.875	1.1	-1.99958583334587e-16	0.801320920875293	-0.000378724479758059	33.3990473703472	0.2
17.025	1.1	-1.535509676919e-16	0.801375500560462	-0.000394674316940336	33.3750069408733	0.2
17.175	1.1	7.5682288511182e-18	0.801432375272822	-0.000411317247283876	33.3509648403135	0.2
17.325	1.1	2.92649093479878e-16	0.801491644545108	-0.000428684765013808	33.326920998357	0.2
17.475	1.1	6.55856343274939e-16	0.801553412428351	-0.000446809867128635	33.3028753416408	0.200000000000001
17.625	1.1	9.76215026173849e-16	0.801617787708278	-0.000465727126250242	33.2788277936113	0.200000000000001
17.775	1.1	1.05946945982465e-15	0.801684884132352	-0.000485472765999172	33.2547782743783	0.200000000000001
17.925	1.1	6.77820905638496e-16	0.801754820648839	-0.000506084740803132	33.2307267005633	0.200000000000001
18.075	1.1	-3.42995979642166e-16	0.801827721655915	-0.000527602817505184	33.2066729851394	0.2
18.225	1.1	-1.99593977683795e-15	0.801903717264463	-0.000550068661011159	33.182617037264	0.199999999999998
18.375	1.1	-3.955873940263e-15	0.80198294357386	-0.00057352592374802	33.1585587621035	0.199999999999997
18.525	1.1	-5.49391636260369e-15	0.802065542958147	-0.000598020335844446	33.1344980606496	0.199999999999996
18.675	1.1	-5.52370307584734e-15	0.802151664371027	-0.000623599801453747	33.110434829526	0.199999999999996
18.825	1.1	-2.85726938449479e-15	0.802241463659175	-0.000650314495239874	33.0863689607873	0.199999999999998
18.975	1.1	3.29466393353659e-15	0.802335103896281	-0.000678216965122431	33.0623003417065	0.200000000000003
19.125	1.1	1.26348782670598e-14	0.802432755727314	-0.000707362232787431	33.0382288545535	0.20000000000001
19.275	1.1	2.30937518710342e-14	0.80253459773315	-0.000737807901877482	33.0141543763628	0.200000000000018
19.425	1.1	3.04750556362044e-14	0.802640816808549	-0.000769614263802848	32.9900767786895	0.200000000000024
19.575	1.1	2.88505486066163e-14	0.80275160855684	-0.000802844408374956	32.9659959273543	0.200000000000023
19.725	1.1	1.20747698385303e-14	0.802867177705267	-0.000837564333654236	32.9419116821761	0.20000000000001
19.875	1.1	-2.34624782223088e-14	0.802987738534363	-0.000873843056595635	32.917823896692	0.199999999999981
20.025	1.1	-7.52224904961446e-14	0.803113515326176	-0.000911752725155716	32.8937324178641	0.19999999999994
20.175	1.1	-1.31096699630609e-13	0.803244742831749	-0.000951368727385018	32.8696370857724	0.199999999999895
20.325	1.1	-1.67910775163259e-13	0.803381666756444	-0.000992769799795077	32.8455377332942	0.199999999999866
20.475	1.1	-1.53954597183761e-13	0.803524544262334	-0.00103603813300487	32.8214341857671	0.199999999999877
20.625	1.1	-5.73086615369574e-14	0.803673644491176	-0.00108125947193011	32.7973262606385	0.199999999999954
20.775	1.1	1.39634270021581e-13	0.803829249103828	-0.00112852321177005	32.7732137670976	0.200000000000112
20.925	1.1	4.21577254376701e-13	0.803991652836901	-0.00117792248533181	32.7490965056922	0.200000000000337
21.075	1.1	7.23127491144421e-13	0.804161164078042	-0.00122955424142386	32.7249742679273	0.200000000000579
21.225	1.1	9.21718951390856e-13	0.804338105456417	-0.00128351931181683	32.7008468358474	0.200000000000737
21.375	1.1	8.50996557907331e-13	0.804522814447024	-0.00133992246402357	32.6767139815998	0.200000000000681
21.525	1.1	3.43210855761086e-13	0.804715643991162	-0.00139887243738037	32.6525754669804	0.200000000000275
21.675	1.1	-6.97603416680787e-13	0.804916963125221	-0.00146048195760352	32.6284310429602	0.199999999999442
21.825	1.1	-2.20206193555787e-12	0.805127157621646	-0.00152486773056578	32.604280449193	0.199999999998238
21.975	1.1	-3.84781246520788e-12	0.805346630634693	-0.00159215040488156	32.5801234135034	0.199999999996922
22.125	1.1	-5.0195937034672e-12	0.805575803350305	-0.00166245450618083	32.5559596513557	0.199999999995984
22.275	1.1	-4.86667564068206e-12	0.805815115635806	-0.00173590833213525	32.5317888653033	0.199999999996107
22.425	1.1	-2.49973604856544e-12	0.806065026682567	-0.00181264380613548	32.5076107444185	0.199999999998
22.575	1.1	2.66098135711461e-12	0.806326015641503	-0.00189279628304755	32.4834249637028	0.200000000002129
22.725	1.1	1.04291605555501e-11	0.806598582239683	-0.00197650430103554	32.4592311834795	0.200000000008343
22.875	1.1	1.94030595888547e-11	0.806883247374264	-0.00206390927155601	32.4350290487664	0.200000000015522
23.025	1.1	2.67109704080211e-11	0.807180553672069	-0.00215515509768673	32.4108181886333	0.200000000021369
23.175	1.1	2.818170931479e-11	0.807491066012487	-0.00225038771755664	32.3865982155409	0.200000000022545
23.325	1.1	1.91481592278307e-11	0.807815371989989	-0.00234975455722651	32.3623687246671	0.200000000015319
23.475	1.1	-4.02583851388027e-12	0.808154082320118	-0.00245340388768256	32.3381292932178	0.199999999996779
23.625	1.1	-4.18300694382727e-11	0.808507831159106	-0.00256148407477846	32.3138794797286	0.199999999966536
23.775	1.1	-8.93489075492186e-11	0.80887727633327	-0.00267414271090718	32.2896188233564	0.199999999928521
23.925	1.1	-1.34630907768222e-10	0.809263099458254	-0.00279152562019991	32.265346843166	0.199999999892295
24.075	1.1	-1.58691256902585e-10	0.80966600592817	-0.00291377572791692	32.241063037415	0.199999999873047
24.225	1.1	-1.3814732879314e-10	0.810086724753841	-0.00304103178188156	32.2167668828411	0.199999999889482
24.375	1.1	-5.11155572718631e-11	0.810526008235285	-0.00317342691770023	32.1924578339567	0.199999999959108
24.525	1.1	1.13813646636871e-10	0.810984631432489	-0.00331108705729431	32.168135322357	0.200000000091051
24.675	1.1	3.46910718949538e-10	0.811463391415992	-0.00345412912656802	32.1437987560485	0.200000000277529
24.825	1.1	6.07728294448475e-10	0.811963106253873	-0.00360265907949218	32.1194475188044	0.200000000486183
24.975	1.1	8.2057883414643e-10	0.812484613709275	-0.00375676971370259	32.0950809695549	0.200000000656463
25.125	1.1	8.79526514203992e-10	0.813028769597116	-0.00391653826531414	32.0706984418219	0.200000000703621
25.275	1.1	6.66605175047489e-10	0.813596445761823	-0.0040820237698336	32.0462992432074	0.200000000533284
25.425	1.1	8.46060352411872e-11	0.814188527629177	-0.00425326418915638	32.021882654946	0.200000000067685
25.575	1.1	-8.98265321928922e-10	0.814805911289393	-0.00443027330985437	31.9974479315332	0.199999999281388
25.725	1.1	-2.19983348233257e-09	0.815449500072508	-0.00461303743403144	31.9729943004443	0.199999998240133
25.875	1.1	-3.5849213979692e-09	0.816120200588792	-0.00480151190409255	31.9485209619593	0.199999997132063
26.025	1.1	-4.65330419445419e-09	0.816818918202108	-0.00499561750650027	31.9240270891112	0.199999996277357
26.175	1.1	-4.87282406292247e-09	0.817546551926485	-0.00519523682282142	31.8995118277794	0.199999996101741
26.325	1.1	-3.67140145144926e-09	0.818303988721105	-0.00540021059291049	31.8749742969517	0.199999997062879
26.475	1.1	-5.90898772307669e-10	0.81909209716184	-0.00561033414934907	31.8504135891772	0.199999999527281
26.625	1.1	4.51124977139357e-09	0.819911720450994	-0.0058253539726335	31.8258287712381	0.200000003609
26.775	1.1	1.12481429577368e-08	0.820763668706599	-0.00604496439863022	31.8012188850624	0.200000008998514
26.925	1.1	1.8534488713363e-08	0.821648710447112	-0.00626880449602017	31.7765829489	0.200000014827591
27.075	1.1	2.4535785308655e-08	0.822567563177292	-0.00649645513328306	31.7519199587807	0.200000019628628
27.225	1.1	2.68111436453722e-08	0.823520882973911	-0.00672743628068861	31.7272288902656	0.200000021448915
27.375	1.1	2.27063987980139e-08	0.824509252995043	-0.00696120465593001	31.7025087005031	0.200000018165119
27.525	1.1	1.00082360098656e-08	0.825533170902615	-0.00719715191817605	31.6777583305927	0.200000008006589
27.675	1.1	-1.22036233115244e-08	0.826593035274396	-0.0074346037565585	31.6529767082661	0.199999990237101
27.825	1.1	-4.26628852117321e-08	0.827689131229491	-0.00767282036934485	31.6281627508972	0.199999965869692
27.975	1.1	-7.72333265880992e-08	0.828821615631864	-0.00791099897814888	31.6033153688671	0.199999938213339
28.125	1.1	-1.08751693410933e-07	0.829990502405956	-0.00814827912919319	31.5784334693224	0.199999912998645
28.275	1.1	-1.27706444234409e-07	0.831195648609506	-0.00838375154100875	31.5535159603858	0.199999897834845
28.425	1.1	-1.23943145974573e-07	0.83243674197281	-0.00861647115335299	31.5285617558816	0.199999900845483
28.575	1.1	-8.93304867888584e-08	0.833713290556582	-0.00884547477407503	31.5035697806294	0.199999928535611
28.725	1.1	-2.09376695983951e-08	0.835024615017306	-0.00906980333387081	31.4785389763224	0.199999983249864
28.875	1.1	7.61637042332646e-08	0.836369843674133	-0.00928852832336774	31.4534683079244	0.200000060930963
29.025	1.1	1.87706592051453e-07	0.837747910220598	-0.00950078162172373	31.4283567704137	0.200000150165274
29.175	1.1	2.9192316419502e-07	0.839157553599616	-0.00970578784945459	31.403203395571	0.200000233538531
29.325	1.1	3.64924413089835e-07	0.840597319424042	-0.00990289880108386	31.3780072584051	0.20000029193953
29.475	1.1	3.89403719300538e-07	0.842065562553252	-0.0100916306264521	31.3527674827845	0.200000311522975
29.625	1.1	3.64525794529097e-07	0.843560451203648	-0.0102717062389958	31.327483245955	0.200000291620636
29.775	1.1	3.12862149055273e-07	0.845079974311951	-0.0104431076598763	31.3021537819124	0.200000250289719
29.925	1.1	2.78817076357349e-07	0.846621955648509	-0.0106061449506462	31.2767783840419	0.200000223053661
30.075	1.1	3.13290091731546e-07	0.848184079930795	-0.0107615489091589	31.2513564079208	0.200000250632073
30.225	1.1	4.42499728528002e-07	0.849763937123164	-0.0109105924303829	31.2258872754714	0.200000353999783
30.375	1.1	6.25564758091629e-07	0.851359090268225	-0.0110552391989611	31.2003704814486	0.200000500451807
30.525	1.1	7.14937596139308e-07	0.85296716873609	-0.0111983080388909	31.174805602236	0.200000571950077
30.675	1.1	4.43498967987116e-07	0.854585982539578	-0.0113436285649364	31.149192304968	0.200000354799174
30.825	1.1	-5.3270394177876e-07	0.856213645591855	-0.0114961532041272	31.1235303523217	0.199999573836847
30.975	1.1	-2.51261764611058e-06	0.857848689514634	-0.0116619893519431	31.0978195956985	0.199997989905883
31.125	1.1	-5.54751711086089e-06	0.859490149758709	-0.0118483318674533	31.0720599482578	0.199995561986311
31.275	1.1	-9.19531943726444e-06	0.861137617996952	-0.0120633169261622	31.0462513310417	0.19999264374445
31.425	1.1	-1.23208661083627e-05	0.862791282971697	-0.0123158832509337	31.0203935916025	0.199990143307113
31.575	1.1	-1.30774364045793e-05	0.864452025024262	-0.01261580323673	30.994486405344	0.199989538050876
31.725	1.1	-9.21967451254584e-06	0.866121677050323	-0.0129741053432775	30.968529183257	0.19999262426039
31.875	1.1	1.14867240853216e-06	0.867803594901304	-0.0134041058675926	30.9425210212074	0.200000918937927
32.025	1.1	1.84193483126007e-05	0.869503662029452	-0.0139231534061893	30.9164607283256	0.20001473547865
32.175	1.1	4.01550057911209e-05	0.87123175462993	-0.0145549302441903	30.8903469577198	0.200032124004633
32.325	1.1	6.00823069364055e-05	0.873003498968994	-0.0153317656580822	30.864178426812	0.200048065845549
32.475	1.1	6.80839271495902e-05	0.874841883513763	-0.0162959852501216	30.8379541592863	0.20005446714172
32.625	1.1	5.18853876982691e-05	0.876778019774748	-0.0174990188929863	30.8116736187601	0.200041508310159
32.775	1.1	8.45295828918385e-07	0.878850206050757	-0.0189970436696018	30.7853365600276	0.200000676236663
32.925	1.1	-8.83906987230347e-05	0.88110059786245	-0.0208425638293737	30.7589424281038	0.199929287441022
33.075	1.1	-0.000205550117642029	0.883569378079694	-0.023072643833983	30.7324892156192	0.199835559905886
33.225	1.1	-0.00032187064459938	0.886287429395952	-0.0256964251058092	30.7059718536885	0.19974250348432
33.375	1.1	-0.000389508506235061	0.889270063634396	-0.0286866589220571	30.679380434633	0.199688393195012
33.525	1.1	-0.000347837311636948	0.892515983957306	-0.0319814252818804	30.6526987806515	0.19972173015069
33.675	1.1	-0.000137941345161511	0.896016554314137	-0.0355017201486648	30.625903983682	0.199889646923871
33.825	1.1	0.000275847332507956	0.899779503187019	-0.0391869598528659	30.5989674508475	0.200220677866006
33.975	1.1	0.000881626881589104	0.90386753220461	-0.0430435054366814	30.5718576450646	0.200705301505271
34.125	1.1	0.00159986750886756	0.908446336528872	-0.0471930243315202	30.544544149176	0.201279894007094
34.275	1.1	0.00227590306479261	0.913830500896965	-0.0519018632257704	30.5170020503663	0.201820722451834
34.425	1.1	0.00269188679975826	0.920512624015684	-0.0575733584448272	30.4892151696091	0.202153509439807
34.575	1.1	0.00260080073839196	0.929162203239015	-0.0646926493428965	30.4611765931378	0.202080640590714
34.725	1.1	0.0017785948136238	0.940584499180494	-0.0737246288279505	30.4328854616361	0.201422875850899
34.875	1.1	8.37110246663395e-05	0.955632601337246	-0.0849758963233762	30.4043400226961	0.200066968819733
35.025	1.1	-0.0024914125464976	0.975067731083243	-0.0984400386776657	30.3755283062797	0.198006869962802
35.175	1.1	-0.00579265531023864	0.999368519709973	-0.113655164285077	30.346418989866	0.195365875751809
35.325	1.1	-0.0095114707343299	1.02850836571704	-0.129615363940809	30.3169555544641	0.192390823412536
35.475	1.1	-0.0132294291045178	1.06175503561954	-0.144788054140112	30.2870563184559	0.189416456716386
35.625	1.1	-0.0164919138916183	1.09758462449355	-0.157281796859634	30.2566213914397	0.186806468886705
35.775	1.1	-0.018893820128842	1.13380576273247	-0.165168553771504	30.2255455460541	0.184884943896926
35.925	1.1	-0.0201556262142445	1.1679225459733	-0.166892954541053	30.1937343069899	0.183875499028604
36.075	1.1	-0.0201703451380248	1.19763989358079	-0.161633623787606	30.1611198437639	0.18386372388958
36.225	1.1	-0.0190104696190231	1.22131792781788	-0.149472619790621	30.1276735477762	0.184791624304782
36.375	1.1	-0.0168961726373779	1.23820022563204	-0.131307137813817	30.0934130466616	0.186483061890098
36.525	1.1	-0.0141371417035838	1.24836628079699	-0.108560957643342	30.0584025369835	0.188690286637133
36.675	1.1	-0.0110667546984362	1.25249098541121	-0.0828340181098883	30.0227466692561	0.191146596241251
36.825	1.1	-0.00798749184168553	1.25154731256985	-0.0556178814955295	29.9865797203782	0.193610006526652
36.975	1.1	-0.00514109268608141	1.24655985566816	-0.0281324161581989	29.9500530442496	0.195887125851135
37.125	1.1	-0.0027072160448172	1.23845591533606	-0.00126811791706216	29.9133242121798	0.197834227164146
37.275	1.1	-0.000822003346238756	1.22800935762188	0.0244120530429672	29.8765503535834	0.199342397323009
37.425	1.1	0.000403396938856852	1.21584364556817	0.0486469204040755	29.8398859133947	0.200322717551085
37.575	1.1	0.000888436708460848	1.20245002139041	0.0714324596897891	29.8034820226242	0.200710749366769
37.725	1.1	0.000626324046233316	1.18818382139534	0.0929391383872203	29.7674825199339	0.200501059236987
37.875	1.1	-0.00024880299669658	1.17322362239391	0.113376945330277	29.7320123881968	0.199800957602643
38.025	1.1	-0.00141789868952217	1.15751180107233	0.13283759681786	29.697159158963	0.198865681048382
38.175	1.1	-0.00242304966490338	1.1407350871964	0.151214139464186	29.6629555764042	0.198061560268077
38.325	1.1	-0.0028516716807161	1.12242719946916	0.168346778482622	29.6293784275962	0.197718662655427
38.475	1.1	-0.0026384432925088	1.10223425378608	0.184480020158983	29.5963781349621	0.197889245365993
38.625	1.1	-0.00236271976053396	1.08025009532429	0.200897111667276	29.5639423361867	0.198109824191573
38.775	1.1	-0.00333376646069675	1.05720225985722	0.220381540671677	29.5321756880218	0.197332986831443
38.925	1.1	-0.00725654587674575	1.03432041534194	0.247187073172717	29.5013560723	0.194194763298603
39.075	1.1	-0.0154099477476295	1.01289284639315	0.286347542693594	29.4719178055521	0.187672041801896
39.225	1.1	-0.0275311720363569	0.99348569160136	0.34185791570204	29.4443285717172	0.177975062370915
39.375	1.1	-0.0408652194085873	0.9743963740159	0.412316011454056	29.4188731021739	0.16730782447313
39.525	1.1	-0.0499269754105638	0.948910415550618	0.483112706448433	29.3954213304639	0.160058419671549
39.675	1.1	-0.0473097938008025	0.90453105981577	0.522750242274096	29.3733087717171	0.162152164959358
39.825	1.1	-0.0253714630086689	0.832987660825618	0.502450143350582	29.3514198295773	0.179702829593065
39.975	1.1	0.021897143380275	0.743904986824589	0.428263362773727	29.3284016998171	0.21751771470422
40.125	1.1	0.0974201388015942	0.656817855049942	0.334257344801291	29.3028760757699	0.277936111041275
40.275	1.1	0.199948651900963	0.583913169246252	0.248514453133669	29.2736356797286	0.35995892152077
40.425	1.1	0.323365760209625	0.527536757509897	0.181264904884216	29.2398206493708	0.4586926081677
40.575	1.1	0.457181431720185	0.485472018506792	0.132043958631468	29.2010425163666	0.565745145376148
40.725	1.1	0.588896154456334	0.454518321453686	0.0970645238349221	29.157424618065	0.671116923565067
40.875	1.1	0.707462842328349	0.431766256374037	0.0724590970273687	29.1095320350873	0.765970273862679
41.025	1.1	0.805932379107533	0.414899521387445	0.055161419809542	29.0582085827731	0.844745903286026
41.175	1.1	0.882044812845642	0.402194915512765	0.0429431345697507	29.004386633797	0.905635850276514
41.325	1.1	0.93713242982789	0.392427264939395	0.0342383421624658	28.948935942487	0.949705943862312
41.475	1.1	0.974478652133142	0.38474870534112	0.0279589028329571	28.8925794819831	0.979582921706513
41.625	1.1	0.997971949710065	0.378577991743157	0.0233492817421729	28.8358679642167	0.998377559768052
41.775	1.1	1.01130361558931	0.37351524756602	0.019882824040185	28.7791903505096	1.00904289247145
41.925	1.1	1.01761109712302	0.369282823608776	0.0171905036860654	28.7228000924808	1.01408887769842
42.075	1.1	1.01938735737357	0.365686429510479	0.0150129050921241	28.6668446692655	1.01550988589886
42.225	1.1	1.01851691592304	0.362589947772884	0.0131681457668198	28.6113926371888	1.01481353273843
42.375	1.1	1.01635880588699	0.359898812171507	0.0115303887849061	28.5564563135151	1.01308704470959
42.525	1.1	1.01383935418172	0.35754855767285	0.0100151482874752	28.5020099899836	1.01107148334538
42.675	1.1	1.01154065161351	0.355496491903665	0.00856880470392384	28.4480041683428	1.00923252129081
42.825	1.1	1.0097804620563	0.353715341451054	0.00716068870951298	28.3943764037334	1.00782436964504
42.975	1.1	1.00868254493245	0.352188280860594	0.00577679430485019	28.3410592860333	1.00694603594596
43.125	1.1	1.00823699142209	0.35090505618079	0.00441465503328289	28.2879860257376	1.00658959313767
43.275	1.1	1.00835022516045	0.349859050839103	0.00307918804366966	28.235094072714	1.00668018012836
43.425	1.1	1.00888453668523	0.349045178606515	0.00177942487818205	28.1823271740422	1.00710762934819
43.575	1.1	1.00968749506732	0.348458480995799	0.000526064579984941	28.1296362540055	1.00774999605385
43.725	1.1	1.01061214735577	0.348093291353595	-0.000670240957109392	28.0769794641877	1.00848971788462
43.875	1.1	1.01152938998987	0.347942823624296	-0.00179998894207534	28.0243217024471	1.0092235119919
44.025	1.1	1.01233416267135	0.347999054500106	-0.00285544885675308	27.9716338406585	1.00986733013708
44.175	1.1	1.01294715049426	0.348252789558027	-0.00383093658990296	27.9188918396296	1.01035772039541
44.325	1.1	1.01331352629845	0.348693830557558	-0.00472285157078704	27.8660758722848	1.01065082103876
44.475	1.1	1.01339999446315	0.349311186782597	-0.00552956499435717	27.8131695277864	1.01071999557052
44.625	1.1	1.01319108269401	0.350093294795825	-0.00625122314802456	27.7601591319375	1.01055286615521
44.775	1.1	1.0126853263078	0.351028227004258	-0.00688950926711264	27.7070331930431	1.01014826104624
44.925	1.1	1.01189173441224	0.352103880226349	-0.00744739164509548	27.6537819660116	1.00951338752979
45.075	1.1	1.01082673334229	0.353308141954268	-0.00792887477685313	27.6003971187762	1.00866138667383
45.225	1.1	1.0095116492769	0.354629035382021	-0.00833876323455762	27.5468714818956	1.00760931942152
45.375	1.1	1.00797071020314	0.356054845580535	-0.00868244368649091	27.4931988624797	1.00637656816251
45.525	1.1	1.00622950498402	0.357574229289452	-0.00896568799597679	27.4393739058237	1.00498360398722
45.675	1.1	1.00431382186878	0.359176310272517	-0.00919447894400339	27.3853919911864	1.00345105749502
45.825	1.1	1.00224878983817	0.360850761451333	-0.00937485931145027	27.3312491513127	1.00179903187054
45.975	1.1	1.00005825572747	0.36258787434687	-0.00951280454345231	27.276942008145	1.00004660458198
46.125	1.1	0.997764342670861	0.364378615864335	-0.00961411885026685	27.2224677195317	0.998211474136689
46.275	1.1	0.995387147765379	0.366214672223696	-0.00968435430717134	27.1678239335592	0.996309718212303
46.425	1.1	0.992944547287291	0.368088479892445	-0.00972875228404893	27.1130087484652	0.994355637829832
46.575	1.1	0.990452085750198	0.369993243700833	-0.00975220634536059	27.0580206769989	0.992361668600158
46.725	1.1	0.987922930693688	0.371922942878737	-0.0097592456058137	27.0028586146583	0.990338344554951
46.875	1.1	0.985367878806705	0.373872326480869	-0.00975403737624545	26.9475218115331	0.988294303045364
47.025	1.1	0.98279540141025	0.375836900487027	-0.00974040775409631	26.8920098475602	0.9862363211282
47.175	1.1	0.98021171900895	0.377812909683561	-0.00972187855935071	26.836322610909	0.98416937520716
47.325	1.1	0.977620896013592	0.379797318150949	-0.00970171865115275	26.7804602789796	0.982096716810873
47.475	1.1	0.975024948129536	0.381787792709029	-0.00968300714869076	26.7244233011461	0.980019958503628
47.625	1.1	0.972423956437866	0.383782693913529	-0.00966870541182355	26.6682123819493	0.977939165150293
47.775	1.1	0.969816183875406	0.385781079094337	-0.00966173381274699	26.6118284629607	0.975852947100325
47.925	1.1	0.967198191559304	0.387782721425652	-0.0096650483809092	26.5552727010584	0.973758553247443
48.075	1.1	0.964564954064066	0.389788148097786	-0.00968171136940147	26.4985464404238	0.971651963251253
48.225	1.1	0.961909974196756	0.391798699310713	-0.00971494873649424	26.4416511752531	0.969527979357405
48.375	1.1	0.959225398909593	0.393816608029922	-0.00976818653243863	26.3845885000466	0.967380319127675
48.525	1.1	0.956502138667301	0.395845098228688	-0.00984505732455447	26.327360044467	0.965201710933841
48.675	1.1	0.953729992833286	0.39788849668562	-0.00994936720270644	26.2699673902241	0.962983994266629
48.825	1.1	0.950897783486856	0.399952350298705	-0.0100850137531739	26.2124119683237	0.960718226789485
48.975	1.1	0.947993499593715	0.402043537339253	-0.0102558459003731	26.1546949363904	0.958394799674972
49.125	1.1	0.94500445269318	0.404170357178652	-0.010465458007857	26.0968170376951	0.956003562154544
49.275	1.1	0.941917444297751	0.406342578995373	-0.0107169134831048	26.0387784460364	0.953533955438201
49.425	1.1	0.93871894407227	0.408571426200854	-0.0110123977631267	25.9805786037115	0.950975155257816
49.575	1.1	0.935395276619977	0.410869470481187	-0.0113528073316932	25.9222160633969	0.948316221295982
49.725	1.1	0.931932813427946	0.413250408353575	-0.0117372905013283	25.8636883486038	0.945546250742357
49.875	1.1	0.92831816534707	0.415728695138974	-0.0121627668698274	25.804991851126	0.942654532277656
50.025	1.1	0.924538370107972	0.418319017472555	-0.0126234648363427	25.7461217870027	0.939630696086377
50.175	1.1	0.920581069070675	0.421035596920971	-0.0131105288089559	25.6870722342539	0.93646485525654
50.325	1.1	0.916434667947555	0.423891334385087	-0.0136117574526076	25.6278362752042	0.933147734358044
50.475	1.1	0.912088477816377	0.426896827158962	-0.0141115386377139	25.5684062627654	0.929670782253102
50.625	1.1	0.907532835347453	0.430059315857465	-0.0145910426404787	25.5087742230304	0.926026268277962
50.775	1.1	0.902759204508763	0.433381643475463	-0.015028720207404	25.448932395745	0.922207363607011
50.925	1.1	0.897760265469709	0.436861328913631	-0.0154011254236095	25.388873900171	0.918208212375767
51.075	1.1	0.892529999143942	0.440489867169368	-0.0156840463551553	25.3285934977817	0.914023999315153
51.225	1.1	0.887063776907074	0.444252363450612	-0.0158538834258877	25.2680884071567	0.909651021525659
51.375	1.1	0.881358463870697	0.448127586150879	-0.0158891732786445	25.2073591129134	0.905086771096558
51.525	1.1	0.875412540635289	0.452088484593463	-0.0157721227755368	25.1464101021602	0.900330032508231
51.675	1.1	0.869226243399131	0.456103166197751	-0.0154900017437648	25.0852504609044	0.895380994719305
51.825	1.1	0.862801717148226	0.460136272123394	-0.0150362494096954	25.0238942701669	0.890241373718581
51.975	1.1	0.856143173340805	0.464150640273738	-0.0144111791117389	24.9623607568066	0.884914538672644
52.125	1.1	0.849257043893141	0.468109109192329	-0.0136222145576878	24.9006741752533	0.879405635114513
52.275	1.1	0.842152128457579	0.471976302518735	-0.0126836497509902	24.8388634202651	0.873721702766063
52.425	1.1	0.834839741635993	0.475720243457336	-0.0116159823502041	24.7769613936429	0.867871793308794
52.575	1.1	0.827333878822009	0.479313679276449	-0.0104449154873876	24.7150041660245	0.861867103057607
52.725	1.1	0.819651430147027	0.482735040072775	-0.00920014781752689	24.6530299859789	0.855721144117621
52.875	1.1	0.811812476976289	0.485969004428024	-0.00791407266904534	24.5910781917857	0.849449981581031
53.025	1.1	0.803840700336839	0.489006687760708	-0.00662048709194727	24.529188077421	0.843072560269471
53.175	1.1	0.795763913036889	0.491845500057356	-0.00535337759510101	24.4673977557141	0.836611130429511
53.325	1.1	0.787614697403518	0.494488735016332	-0.00414581136096588	24.4057430514813	0.830091757922814
53.475	1.1	0.779431092277846	0.496944953392237	-0.00302892969317795	24.3442564487174	0.823544873822277
53.625	1.1	0.771257232971181	0.499227213859594	-0.00203102186381691	24.2829661108001	0.817005786376945
53.775	1.1	0.763143814871782	0.501352191235438	-0.00117665563948695	24.2218949919856	0.810515051897426
53.925	1.1	0.755148233771648	0.503339210505303	-0.000485854137576136	24.1610600616109	0.804118587017319
54.075	1.1	0.747334260138146	0.505209220104583	2.66680804341062e-05	24.1004716675633	0.797867408110517
54.225	1.1	0.739771133199547	0.506983730768994	0.000352171205018971	24.0401330703116	0.791816906559638
54.375	1.1	0.732532012201547	0.508683755458078	0.000488399991009066	23.9800401807514	0.786025609761238
54.525	1.1	0.725691790800404	0.510328797488451	0.000439869562185024	23.920181532594	0.780553432640323
54.675	1.1	0.719324357465423	0.511935943180932	0.000217864748907771	23.8605385123552	0.775459485972338
54.825	1.1	0.713499459741152	0.513519117532402	-0.000159890715900474	23.8010858575893	0.770799567792921
54.975	1.1	0.708279393214749	0.515088553915557	-0.000669909787430301	23.7417924182013	0.766623514571799
55.125	1.1	0.703715778478144	0.516650511442867	-0.00128394303186263	23.6826221583341	0.762972622782515
55.275	1.1	0.699846705240764	0.518207248881471	-0.00197025193066818	23.6235353594683	0.759877364192611
55.425	1.1	0.696694508720694	0.51975723652803	-0.00269507375765778	23.5644899708187	0.757355606976555
55.575	1.1	0.694264399927683	0.521295562456902	-0.00342417860126132	23.5054430422633	0.755411519942147
55.725	1.1	0.692544101153339	0.522814472144759	-0.00412441161278313	23.4463521688666	0.754035280922672
55.875	1.1	0.691504547696339	0.524303973542839	-0.00476511744527519	23.3871768750514	0.753203638157071
56.025	1.1	0.691101615741872	0.525752443969509	-0.00531935792367929	23.3278798707552	0.752881292593498
56.175	1.1	0.691278736079384	0.527147188921056	-0.00576485596643274	23.2684281211718	0.753022988863507
56.325	1.1	0.691970166599619	0.528474922469362	-0.00608462557370196	23.2087936852238	0.753576133279695
56.475	1.1	0.693104634956342	0.529722159925755	-0.00626727579181769	23.1489542945893	0.754483707965074
56.625	1.1	0.694609035017893	0.53087553172695	-0.00630700252479128	23.0888936634006	0.755687228014314
56.775	1.1	0.696411870432779	0.53192203993662	-0.006203303081389	23.0286015368923	0.757129496346223
56.925	1.1	0.698446183578035	0.532849283829523	-0.00596046273061417	22.9680735035433	0.758756946862428
57.075	1.1	0.700651780601188	0.533645678831702	-0.00558686992044116	22.9073106081718	0.76052142448095
57.225	1.1	0.702976651517686	0.534300685117116	-0.00509421802343615	22.8463188119938	0.762381321214149
57.375	1.1	0.7053775751542	0.534805050786174	-0.00449664812353134	22.7851083494987	0.76430206012336
57.525	1.1	0.707819979895574	0.535151062442868	-0.00380988129606273	22.7236930313702	0.766255983916459
57.675	1.1	0.710277193490452	0.535332785613168	-0.00305038165692019	22.6620895383304	0.768221754792362
57.825	1.1	0.712729253537976	0.535346270633519	-0.00223458424013192	22.6003167437823	0.77018340283038
57.975	1.1	0.715161463930755	0.535189697399513	-0.00137821500524843	22.5383950946083	0.772129171144604
58.125	1.1	0.717562874259658	0.534863434825192	-0.000495724028268262	22.4763460705454	0.774050299407726
58.275	1.1	0.719924834145593	0.53436999749048	0.000400152962469635	22.4141917340483	0.775939867316474
58.425	1.1	0.72223973936271	0.533713891291494	0.00129869539497592	22.3519543750608	0.777791791490168
58.575	1.1	0.724500046528513	0.532901351030513	0.00219135757725996	22.2896562489537	0.77960003722281
58.725	1.1	0.726697594720447	0.531939983552338	0.0030717898087527	22.2273194011317	0.781358075776357
58.875	1.1	0.7288232384278	0.530838339349109	0.00393572917753364	22.1649655683613	0.78305859074224
59.025	1.1	0.730866769299065	0.529605442226251	0.0047807737001479	22.1026161445556	0.784693415439252
59.175	1.1	0.732817085062019	0.528250310007673	0.00560605802219401	22.0402921973734	0.786253668049615
59.325	1.1	0.734662552616459	0.526781499122609	0.00641185223222813	21.9780145213888	0.787730042093167
59.475	1.1	0.736391507802932	0.525206702513687	0.0071991069953184	21.9158037136308	0.789113206242346
59.625	1.1	0.737992835603893	0.523532424346703	0.00796896778291789	21.8536802579015	0.790394268483114
59.775	1.1	0.739456580354631	0.521763747646007	0.00872227823439953	21.7916646053611	0.791565264283705
59.925	1.1	0.740774544813798	0.519904203653483	0.00945908779880671	21.7297772402627	0.792619635851038
60.075	1.1	0.741940848587532	0.517955745899057	0.0101781725266676	21.6680387211889	0.793552678870025
60.225	1.1	0.74295242924602	0.515918828785466	0.0108765716910761	21.6064696893554	0.794361943396816
60.375	1.1	0.743809482113978	0.513792590193275	0.0115491388966444	21.5450908361492	0.795047585691182
60.525	1.1	0.744515845485596	0.511575139120783	0.0121881067100196	21.4839228218427	0.795612676388477
60.675	1.1	0.745079345141254	0.509263949996593	0.0127826701175317	21.4229861364674	0.796063476113004
60.825	1.1	0.745512114105807	0.506856360939097	0.0133186058909957	21.3623008927559	0.796409691284645
60.975	1.1	0.74583090019764	0.504350159269563	0.0137779587277702	21.3018865410863	0.796664720158112
61.125	1.1	0.746057366511664	0.501744210612399	0.0141388334496339	21.2417614992083	0.796845893209331
61.275	1.1	0.746218382483008	0.49903904823521	0.0143753245625599	21.1819426969872	0.796974705986407
61.425	1.1	0.74634630221933	0.496237293738073	0.0144575772077714	21.1224450495868	0.797077041775464
61.575	1.1	0.746479241147204	0.493343744671098	0.0143518960354896	21.0632808907552	0.797183392917763
61.725	1.1	0.746661401007853	0.490364965059499	0.014020697724868	21.0044594175127	0.797329120806282
61.875	1.1	0.746943563830093	0.487308285261046	0.0134219509752002	20.9459862108172	0.797554851064074
62.025	1.1	0.747383978063479	0.484180294179543	0.0125076001170768	20.8878628914523	0.797907182450784
62.175	1.1	0.748049982764894	0.480985215998438	0.0112203891514097	20.8300869305208	0.798439986211915
62.325	1.1	0.749020828244872	0.4777240045032	0.00948858517590002	20.772651542685	0.799216662595897
62.475	1.1	0.750392199036117	0.474395511224897	0.00721845630238757	20.7155454351663	0.800313759228894
62.625	1.1	0.752282844892513	0.47100156896501	0.00428509702181226	20.658751966202	0.80182627591401
62.775	1.1	0.754843370807942	0.467558072533847	0.000523374352430309	20.6022470049705	0.803874696646353
62.925	1.1	0.75826651138354	0.464113835151209	-0.00427765729693609	20.5459945350873	0.806613209106832
63.075	1.1	0.762797030272318	0.460777778150338	-0.0103717964181245	20.489938899984	0.810237624217855
63.225	1.1	0.768737747741682	0.457752484663682	-0.0180377653089249	20.4339926874114	0.814990198193346
63.375	1.1	0.776446288510464	0.455368086749666	-0.0275398404059015	20.3780197635266	0.821157030808371
63.525	1.1	0.786315510604616	0.454105144260715	-0.0390631505653075	20.3218140756019	0.829052408483693
63.675	1.1	0.798730295650254	0.454590075903047	-0.0526264091083413	20.2650766744631	0.838984236520203
63.825	1.1	0.813996082176641	0.45754518903337	-0.0679862640278351	20.2073959032766	0.851196865741313
63.975	1.1	0.832241930564056	0.463682560094296	-0.0845618015392679	20.1482383652143	0.865793544451245
64.125	1.1	0.853313455397516	0.473551012804694	-0.101418597277794	20.0869598931189	0.882650764318013
64.275	1.1	0.876685673428692	0.487374841868136	-0.117347937746156	20.0228443161996	0.901348538742953
64.425	1.1	0.901435115463428	0.504945389802441	-0.131048499075716	19.9551715126618	0.921148092370743
64.575	1.1	0.926304709379353	0.52561914420006	-0.1413693882031	19.883305471434	0.941043767503483
64.725	1.1	0.949868973132418	0.548431689701429	-0.147533139613091	19.8067823267481	0.959895178505934
64.875	1.1	0.970767908794307	0.57228179148458	-0.149259798349049	19.7253743910346	0.976614327035446
65.025	1.1	0.987944732145289	0.596114413733439	-0.146761650840108	19.6391127477549	0.990355785716231
65.175	1.1	1.00081571611553	0.619049179068421	-0.140635298762974	19.5482647834645	1.00065257289242
65.325	1.1	1.00932617899603	0.640438824995271	-0.131706626074522	19.4532768016278	1.00746094319682
65.475	1.1	1.01389036615826	0.659871408856421	-0.120879492003779	19.3546996526656	1.01111229292661
65.625	1.1	1.01525028720789	0.677139908574388	-0.109017501915857	19.2531155736625	1.01220022976631
65.775	1.1	1.01430384449393	0.692199330710728	-0.0968672506427895	19.1490793013614	1.01144307559514
65.925	1.1	1.01194660559405	0.705123549990333	-0.0850188861687347	19.0430795076779	1.00955728447524
66.075	1.1	1.00895475235451	0.716067266257378	-0.0738954155309511	18.9355205164665	1.00716380188361
66.225	1.1	1.00591905865491	0.725234357278669	-0.0637622446651359	18.8267203986012	1.00473524692393
66.375	1.1	1.00322635999323	0.732852263682388	-0.0547497726307999	18.7169199601652	1.00258108799458
66.525	1.1	1.00107710131113	0.739151873157228	-0.0468829732790969	18.6062972526531	1.0008616810489
66.675	1.1	0.999524590715091	0.744352647503542	-0.0401127458931994	18.4949833242805	0.999619672572073
66.825	1.1	0.998522354346674	0.748652818457126	-0.0343448345624256	18.3830763877316	0.998817883477339
66.975	1.1	0.997969098351901	0.752224230694864	-0.0294635088167719	18.2706529772148	0.998375278681521
67.125	1.1	0.997744856428638	0.755211025917356	-0.0253487739047862	18.1577757649582	0.998195885142911
67.275	1.1	0.997735781800126	0.757731086402862	-0.0218872668828469	18.0444984156816	0.998188625440101
67.425	1.1	0.997847993119379	0.759879112468407	-0.0189779156293266	17.9308681994941	0.998278394495503
67.575	1.1	0.998012634081309	0.761730373307691	-0.0165338266702881	17.8169271455731	0.998410107265047
67.725	1.1	0.998184958810305	0.763344445874813	-0.0144818338043147	17.7027124083914	0.998547967048244
67.875	1.1	0.998340117998892	0.764768541416873	-0.0127608628143134	17.5882563322115	0.998672094399114
68.025	1.1	0.998467749741107	0.766040250643487	-0.0113199113964346	17.4735865081098	0.998774199792886
68.175	1.1	0.99856677128164	0.767189694130236	-0.0101161150901859	17.3587259607229	0.998853417025312
68.325	1.1	0.99864111924135	0.76824114994864	-0.00911311937807957	17.2436934938789	0.99891289539308
68.475	1.1	0.99869669256758	0.769214263700711	-0.00827981425983542	17.1285041633026	0.998957354054064
68.625	1.1	0.998739436256081	0.770124946791715	-0.00758939747202036	17.0131698202256	0.998991549004865
68.775	1.1	0.99877434218009	0.770986052978425	-0.00701869526034628	16.8976996692632	0.999019473744072
68.925	1.1	0.998805094537943	0.771807901962359	-0.00654766488471285	16.7821007959705	0.999044075630354
69.075	1.1	0.998834108065915	0.772598698400106	-0.00615901481286319	16.6663786356879	0.999067286452732
69.225	1.1	0.99886276126883	0.773364878117155	-0.00583789597837393	16.5505373704517	0.999090209015064
69.375	1.1	0.998891689268914	0.774111401265933	-0.00557163426226971	16.4345802523911	0.999113351415132
69.525	1.1	0.998921056632881	0.774842004230544	-0.00534948762585374	16.3185098595263	0.999136845306305
69.675	1.1	0.998950773089161	0.775559417312111	-0.00516242037726395	16.2023282936975	0.999160618471329
69.825	1.1	0.9989806432918	0.776265552645979	-0.00500289237918793	16.08603733143	0.99918451463344
69.975	1.1	0.999010457704824	0.776961665561089	-0.00486466354935582	15.9696385378867	0.999208366163859
70.125	1.1	0.999040038489907	0.777648492078736	-0.00474261475944308	15.853133352529	0.999232030791925
70.275	1.1	0.999069255256274	0.778326365064408	-0.00463258601598113	15.7365231533172	0.999255404205019
70.425	1.1	0.999098023386521	0.778995311461451	-0.0045312321868848	15.6198093045974	0.999278418709217
70.575	1.1	0.99912629431862	0.779655132945482	-0.00443589586658776	15.5029931924385	0.999301035454896
70.725	1.1	0.999154043831331	0.780305472203471	-0.00434449642988124	15.3860762501305	0.999323235065065
70.875	1.1	0.999181261644497	0.78094586686388	-0.00425543396762318	15.2690599758213	0.999345009315598
71.025	1.1	0.999207943698606	0.781575792901675	-0.00416750662010257	15.151945943782	0.999366354958885
71.175	1.1	0.999234087272794	0.782194699129781	-0.0040798397878278	15.03473581047	0.999387269818235
71.325	1.1	0.999259688480109	0.782802034184359	-0.00399182575929421	14.9174313163658	0.999407750784087
71.475	1.1	0.999284741459418	0.783397267221127	-0.00390307241105104	14.800034284416	0.999427793167534
71.625	1.1	0.999309238601698	0.783979903371415	-0.00381335977478819	14.6825466158155	0.999447390881358
71.775	1.1	0.9993331712802	0.784549494857529	-0.00372260340969016	14.5649702837743	0.99946653702416
71.925	1.1	0.999356530717887	0.785105648538478	-0.00363082365305536	14.4473073258289	0.99948522457431
72.075	1.1	0.999379308775083	0.785648030545956	-0.00353811994302079	14.3295598351808	0.999503447020066
72.225	1.1	0.999401498555564	0.786176368574173	-0.00344464951207656	14.2117299514676	0.999521198844451
72.375	1.1	0.999423094806524	0.786690452302828	-0.00335060984054489	14.0938198512976	0.999538475845219
72.525	1.1	0.999444094132042	0.787190132361328	-0.00325622433651125	13.9758317388151	0.999555275305634
72.675	1.1	0.999464495059415	0.787675318177092	-0.00316173077508496	13.8577678365028	0.999571596047532
72.825	1.1	0.999484298001575	0.78814597499669	-0.00306737208788198	13.739630376376	0.99958743840126
72.975	1.1	0.999503505153909	0.788602120319442	-0.00297338914424139	13.6214215916829	0.999602804123128
73.125	1.1	0.999522120355248	0.789043819941451	-0.00288001521022522	13.5031437091855	0.999617696284198
73.275	1.1	0.999540148933888	0.789471183771137	-0.00278747181199553	13.3847989420699	0.99963211914711
73.425	1.1	0.999557597551727	0.789884361546382	-0.00269596576511419	13.2663894835102	0.999646078041382
73.575	1.1	0.999574474053872	0.790283538556285	-0.00260568716346053	13.1479175008907	0.999659579243098
73.725	1.1	0.999590787327047	0.790668931447579	-0.00251680815031646	13.0293851306803	0.999672629861638
73.875	1.1	0.999606547167801	0.79104078417659	-0.00242948231894489	12.910794473939	0.999685237734241
74.025	1.1	0.999621764160301	0.79139936415162	-0.00234384461297949	12.79214759243	0.999697411328241
74.175	1.1	0.999636449562917	0.791744958596934	-0.00226001161660835	12.6734465053067	0.999709159650334
74.325	1.1	0.999650615202861	0.792077871158727	-0.00217808214234234	12.5546931863364	0.999720492162289
74.475	1.1	0.999664273378183	0.792398418764749	-0.00209813803894292	12.4358895616251	0.999731418702547
74.625	1.1	0.999677436766672	0.792706928741845	-0.00202024515597118	12.3170375078027	0.999741949413338
74.775	1.1	0.999690118341354	0.793003736190092	-0.00194445441230905	12.1981388506291	0.999752094673083
74.925	1.1	0.999702331292426	0.793289181608161	-0.00187080292638291	12.0791953639842	0.999761865033941
75.075	1.1	0.999714088955499	0.793563608760987	-0.00179931517388823	11.9602087692011	0.999771271164399
75.225	1.1	0.999725404746051	0.793827362778648	-0.00173000414599286	11.8411807347102	0.999780323796841
75.375	1.1	0.999736292099976	0.794080788473554	-0.00166287248721444	11.7221128759557	0.999789033679981
75.525	1.1	0.999746764420055	0.7943242288622	-0.00159791359696855	11.6030067555563	0.999797411536044
75.675	1.1	0.99975683502815	0.794558023877083	-0.00153511268310682	11.4838638836763	0.99980546802252
75.825	1.1	0.999766517122886	0.794782509254044	-0.0014744477591534	11.364685718582	0.999813213698309
75.975	1.1	0.999775823742502	0.794998015580846	-0.00141589057988374	11.2454736673557	0.999820658994002
76.125	1.1	0.999784767732587	0.795204867492547	-0.00135940751191816	11.1262290867453	0.99982781418607
76.275	1.1	0.999793361718346	0.795403383000276	-0.0013049603382395	11.0069532841262	0.999834689374677
76.425	1.1	0.999801618081058	0.795593872940351	-0.00125250699646066	10.8876475185582	0.999841294464846
76.575	1.1	0.999809548938397	0.795776640531423	-0.00120200225234848	10.7683130019183	0.999847639150717
76.725	1.1	0.999817166128271	0.795951981028163	-0.00115339831049257	10.6489509000942	0.999853732902617
76.875	1.1	0.999824481195837	0.796120181460903	-0.00110664536481903	10.529562334225	0.99985958495667
77.025	1.1	0.999831505383426	0.796281520450932	-0.00106169209214976	10.4101483819759	0.999865204306741
77.175	1.1	0.999838249623026	0.796436268092896	-0.00101848609216314	10.2907100788365	0.999870599698421
77.325	1.1	0.999844724531094	0.796584685895282	-0.000976974277330407	10.1712484194331	0.999875779624875
77.475	1.1	0.99985094040541	0.796727026772055	-0.000937103216475095	10.0517643588459	0.999880752324328
77.625	1.1	0.999856907223759	0.796863535077732	-0.000898819435471467	9.93225881392526	0.999885525779007
77.775	1.1	0.999862634644177	0.796994446680525	-0.000862069678879286	9.81273266459914	0.999890107715342
77.925	1.1	0.999868132006616	0.797119989067129	-0.000826801135697098	9.69318675516729	0.999894505605292
78.075	1.1	0.999873408335793	0.797240381474627	-0.000792961632609248	9.57362189557768	0.999898726668634
78.225	1.1	0.999878472345086	0.797355835044802	-0.000760499797946085	9.4540388626809	0.999902777876069
78.375	1.1	0.999883332441304	0.797466552996939	-0.000729365199167034	9.33443840145983	0.999906665953043
78.525	1.1	0.999887996730196	0.797572730815359	-0.000699508456646358	9.21482122623167	0.999910397384157
78.675	1.1	0.99989247302259	0.797674556448878	-0.00067088133638226	9.09518802182049	0.999913978418072
78.825	1.1	0.999896768841028	0.79777221051916	-0.000643436823915577	8.97553944469862	0.999917415072822
78.975	1.1	0.999900891426803	0.797865866535745	-0.000617129181638872	8.85587612409561	0.999920713141443
79.125	1.1	0.999904847747326	0.797955691115362	-0.000591913991508939	8.73619866307406	0.999923878197861
79.275	1.1	0.999908644503719	0.798041844204226	-0.000567748184966494	8.61650763957153	0.999926915602975
79.425	1.1	0.999912288138571	0.798124479301178	-0.000544590061694427	8.49680360740849	0.999929830510857
79.575	1.1	0.999915784843809	0.798203743680687	-0.000522399298743562	8.37708709726196	0.999932627875047
79.725	1.1	0.999919140568624	0.798279778614452	-0.00050113695127657	8.2573586176052	0.999935312454899
79.875	1.1	0.999922361027392	0.798352719590682	-0.000480765446279486	8.13761865561358	0.999937888821914
80.025	1.1	0.999925451707566	0.798422696530196	-0.00046124857019775	8.01786767803706	0.999940361366053
80.175	1.1	0.999928417877504	0.798489833998728	-0.000442551451545542	7.89810613203987	0.999942734302003
80.325	1.1	0.999931264594203	0.798554251414904	-0.00042464053929723	7.77833444600793	0.999945011675362
80.475	1.1	0.999933996710906	0.798616063253363	-0.000407483577884779	7.65855303032476	0.999947197368724
80.625	1.1	0.999936618884571	0.798675379242811	-0.000391049579425058	7.53876227811665	0.999949295107657
80.775	1.1	0.999939135583177	0.798732304558737	-0.000375308793854015	7.41896256596775	0.999951308466542
80.925	1.1	0.999941551092859	0.798786940010482	-0.000360232677426535	7.29915425460618	0.999953240874287
81.075	1.1	0.999943869524858	0.798839382222732	-0.000345793860114112	7.17933768956171	0.999955095619887
81.225	1.1	0.999946094822294	0.798889723811221	-0.000331966112302757	7.05951320179611	0.999956875857835
81.375	1.1	0.999948230766753	0.798938053552706	-0.000318724311137893	6.93968110830697	0.999958584613402
81.525	1.1	0.999950280984697	0.798984456549244	-0.000306044406939611	6.81984171270579	0.999960224787758
81.675	1.1	0.999952248953676	0.799029014386755	-0.000293903389842122	6.6999953057714	0.999961799162941
81.825	1.1	0.999954138008298	0.799071805288053	-0.000282279257108676	6.58014216597933	0.999963310406638
81.975	1.1	0.999955951345926	0.799112904260412	-0.000271150981190504	6.4602825600082	0.999964761076741
82.125	1.1	0.999957692032086	0.799152383237828	-0.000260498478908005	6.3404167432238	0.999966153625668
82.275	1.1	0.999959363005611	0.799190311218099	-0.00025030258191513	6.22054496014181	0.999967490404489
82.425	1.1	0.999960967083717	0.799226754394953	-0.000240545008697969	6.10066744486982	0.999968773666974
82.575	1.1	0.999962506967206	0.799261776285357	-0.00023120833838186	5.98078442152941	0.999970005573764
82.725	1.1	0.99996398524604	0.799295437852023	-0.000222275986588061	5.86089610465909	0.999971188196832
82.875	1.1	0.999965404405211	0.799327797621626	-0.000213732183605979	5.74100269959856	0.999972323524169
83.025	1.1	0.99996676683025	0.799358911798374	-0.000205561955302184	5.62110440285508	0.9999734134642
83.175	1.1	0.999968074811148	0.799388834373788	-0.000197751106802419	5.50120140245263	0.999974459848918
83.325	1.1	0.999969330543312	0.799417617232646	-0.000190286209558004	5.38129387826463	0.99997546443465
83.475	1.1	0.999970536125259	0.799445310255605	-0.000183154592047296	5.26138200233113	0.999976428900207
83.625	1.1	0.99997169355538	0.799471961418984	-0.000176344334979692	5.14146593916122	0.999977354844304
83.775	1.1	0.999972804733841	0.79949761689119	-0.000169844272145225	5.02154584602096	0.999978243787073
83.925	1.1	0.999973871477901	0.799522321125326	-0.000163643998596528	4.90162187320646	0.999979097182321
84.075	1.1	0.999974895555804	0.799546116946458	-0.000157733887996493	4.78169416430113	0.999979916444644
84.225	1.1	0.999975878732611	0.799569045632378	-0.000152105120577698	4.66176285641607	0.999980702986089
84.375	1.1	0.999976822801222	0.799591146988139	-0.000146749721932793	4.54182808041436	0.999981458240977
84.525	1.1	0.9999777295536	0.799612459417464	-0.000141660611180747	4.42188996112309	0.99998218364288
84.675	1.1	0.999978600650387	0.799633019997241	-0.000136831656978591	4.30194861754178	0.99998288052031
84.825	1.1	0.999979437394893	0.79965286456127	-0.000132257743110426	4.18200416305712	0.999983549915914
84.975	1.1	0.999980240517753	0.799672027792473	-0.000127934855089704	4.0620567056696	0.999984192414203
85.125	1.1	0.999981010197878	0.799690543306733	-0.000123860213571641	3.94210634822196	0.999984808158303
85.275	1.1	0.999981746591536	0.799708443689515	-0.000120032493772194	3.82215318859669	0.999985397273229
85.425	1.1	0.999982450981219	0.79972576043281	-0.000116452167244757	3.70219731983192	0.999985960784975
85.575	1.1	0.999983127194552	0.799742523735842	-0.000113121967247988	3.58223883011735	0.999986501755642
85.725	1.1	0.999983782261585	0.799758762197233	-0.000110047405045621	3.46227780269759	0.999987025809268
85.875	1.1	0.999984424764833	0.799774502532358	-0.00010723717645058	3.34231431583419	0.999987539811866
86.025	1.1	0.999985059681905	0.799789769538902	-0.000104703269359403	3.22234844311047	0.999988047745524
86.175	1.1	0.999985680420148	0.799804586491113	-0.000102460727005637	3.10238025439378	0.999988544336118
86.325	1.1	0.999986262236378	0.799818975836121	-0.000100527432570151	2.98240981755111	0.999989009789103
86.475	1.1	0.999986764902034	0.79983295944994	-9.89249148533067e-05	2.86243720046583	0.999989411921627
86.625	1.1	0.999987153070531	0.799846556982906	-9.76817085215594e-05	2.74246247216516	0.999989722456424
86.775	1.1	0.999987436204685	0.799859780517045	-9.68405788376138e-05	2.62248570142373	0.999989948963748
86.925	1.1	0.999987713984898	0.799872624639232	-9.64691487224964e-05	2.50250695182899	0.999990171187918
87.075	1.1	0.999988191956457	0.799885053640493	-9.66698114159044e-05	2.38252627464509	0.999990553565165
87.225	1.1	0.999989119395622	0.799896991392599	-9.75803121044947e-05	2.26254370471332	0.999991295516497
87.375	1.1	0.999990618038485	0.799908322210109	-9.93542086132878e-05	2.14255926827968	0.999992494430788
87.525	1.1	0.999992433573048	0.799918908518824	-0.000102115542829779	2.02257301151678	0.999993946858438
87.675	1.1	0.999993744578006	0.799928619106958	-0.000105898689031048	1.90258505076176	0.999994995662405
87.825	1.1	0.99999325484163	0.799937339518965	-0.000110610812587917	1.7825956292481	0.999994603873304
87.975	1.1	0.999989780087528	0.799944911825566	-0.000116077023829386	1.66260514650712	0.999991824070023
88.125	1.1	0.999983323627988	0.79995094417659	-0.000122219315950358	1.54261412052727	0.999986658902391
88.275	1.1	0.999976211215677	0.799954468242188	-0.000129346598347248	1.42262306777101	0.999980968972542
88.425	1.1	0.999973406991004	0.799953524208569	-0.000138381827463924	1.30263235020656	0.999978725592803
88.575	1.1	0.999981053632304	0.799944905638034	-0.000150669874475496	1.18264211915513	0.999984842905843
88.725	1.1	1.00000300229165	0.799924433834343	-0.000166931844136695	1.06265251917803	1.00000240183332
88.875	1.1	1.00003668820059	0.799888138532394	-0.000185160106559925	0.942664215960451	1.00002935056047
89.025	1.1	1.00007140521787	0.799834492025542	-0.000197932233587941	0.822679037945691	1.00005712417429
89.175	1.1	1.00009218438995	0.799767382895522	-0.000190647485029153	0.702700165005584	1.00007374751196
89.325	1.1	1.00008944815298	0.799699015847976	-0.000143014385979465	0.582731132586	1.00007155852238
89.475	1.1	1.0000687605684	0.799651625952587	-3.59295826046348e-05	0.462773296585516	1.00005500845472
89.625	1.1	1.00005059120693	0.799656526374146	0.000135722207056924	0.342822452597285	1.00004047296555
89.775	1.1	1.00005408354602	0.799737835642908	0.000346398608828088	0.222866633573084	1.00004326683682
89.925	1.1	1.00007399502347	0.399964242176919	0.0005263886248355	0.102890725072966	1.00005919601878
0.075	1.3	1.97311302440319e-30	0.399958556350375	-0.000243880075340614	36.0879857006993	0.2
0.225	1.3	4.92708049399914e-31	0.799889423655932	-0.00019688055255621	36.0639881873183	0.2
0.375	1.3	3.69676446830368e-30	0.799851518701332	-0.000128684155159907	36.0399923352799	0.2
0.525	1.3	-3.38984022004445e-30	0.799844779879927	-6.35131323343582e-05	36.0159970961962	0.2
0.675	1.3	1.35235110815365e-31	0.799859481480548	-1.35830352348029e-05	35.9920016484871	0.2
0.825	1.3	-1.48936498795627e-29	0.799884722748679	1.88411899024381e-05	35.9680055273074	0.2
0.975	1.3	-1.04035920252957e-29	0.799912459635704	3.65444278375324e-05	35.9440085651222	0.2
1.125	1.3	-2.87901716462682e-29	0.79993811457175	4.37465304045257e-05	35.9200107797292	0.2
1.275	1.3	-1.27231233794152e-29	0.799959746950317	4.42998210751899e-05	35.8960122782479	0.2
1.425	1.3	-1.88604242693248e-29	0.799977002834838	4.10995854438271e-05	35.8720131949122	0.2
1.575	1.3	2.71958251311656e-29	0.799990307640685	3.608523663229e-05	35.8480136580778	0.2
1.725	1.3	4.71969263643624e-29	0.800000368394799	3.04473655438891e-05	35.8240137764537	0.2
1.875	1.3	1.23786080741711e-28	0.800007913445043	2.4857792779082e-05	35.8000136359742	0.2
2.025	1.3	1.4459198463831e-28	0.800013579982669	1.96567716559764e-05	35.776013301647	0.2
2.175	1.3	1.92934395106733e-28	0.800017881329954	1.4985853215527e-05	35.7520128211752	0.2
2.325	1.3	1.1945939168995e-28	0.800021211585029	1.08748470265178e-05	35.7280122287672	0.2
2.475	1.3	2.41506021547632e-29	0.800023864361209	7.29554722871694e-06	35.7040115484801	0.2
2.625	1.3	-2.48890365398973e-28	0.800026054234021	4.19335663808112e-06	35.6800107969056	0.2
2.775	1.3	-5.25762322524597e-28	0.800027936095496	1.50500027070906e-06	35.656009985226	0.2
2.925	1.3	-9.07717284564336e-28	0.800029620904786	-8.32151428641442e-07	35.6320091207399	0.2
3.075	1.3	-1.08286137540608e-27	0.800031187814633	-2.87563678342755e-06	35.6080082079718	0.2
3.225	1.3	-1.0830519584869e-27	0.800032693200051	-4.6761819220109e-06	35.584007249471	0.2
3.375	1.3	-5.03110523243316e-28	0.800034177243437	-6.27742888083481e-06	35.5600062463798	0.2
3.525	1.3	5.28705336061846e-28	0.800035668676889	-7.71637382319916e-06	35.5360051988364	0.2
3.675	1.3	2.25155281233577e-27	0.800037188171175	-9.02411139470678e-06	35.5120041062591	0.2
3.825	1.3	4.08105217759346e-27	0.800038750741108	-1.02266551616479e-05	35.4880029675461	0.2
3.975	1.3	5.76969451594892e-27	0.80004036745326	-1.13457336763601e-05	35.4640017812147	0.2
4.125	1.3	6.09305457536045e-27	0.800042046635918	-1.23995057761778e-05	35.4400005454989	0.2
4.275	1.3	4.5164934103542e-27	0.800043794734999	-1.34031814211881e-05	35.4159992584165	0.2
4.425	1.3	-1.46673499368232e-28	0.800045616920219	-1.43695466210177e-05	35.3919979178148	0.2
4.575	1.3	-7.43044962549074e-27	0.800047517515863	-1.53094027644274e-05	35.3679965214013	0.2
4.725	1.3	-1.68292595085565e-26	0.800049500306852	-1.62319288051454e-05	35.3439950667638	0.2
4.875	1.3	-2.51957767546121e-26	0.800051568753735	-1.71449794574215e-05	35.3199935513829	0.2
5.025	1.3	-2.94627096432131e-26	0.800053726151365	-1.80553296983835e-05	35.2959919726386	0.2
5.175	1.3	-2.44955072501888e-26	0.800055975734092	-1.89688745354017e-05	35.2719903278138	0.2
5.325	1.3	-7.81333638358691e-27	0.800058320759412	-1.98907929472847e-05	35.2479886140946	0.2
5.475	1.3	2.20827787076985e-26	0.800060764561861	-2.08256817727469e-05	35.2239868285683	0.2
5.625	1.3	5.96433992215976e-26	0.800063310594762	-2.17776659870834e-05	35.1999849682208	0.2
5.775	1.3	9.58381809747931e-26	0.800065962460466	-2.27504896442041e-05	35.1759830299326	0.2
5.925	1.3	1.13879801110284e-25	0.800068723932071	-2.37475902578277e-05	35.1519810104732	0.2
6.075	1.3	9.87605996677693e-26	0.800071598969971	-2.47721609874456e-05	35.1279789064967	0.2
6.225	1.3	3.72183622562575e-26	0.800074591736073	-2.58272024191764e-05	35.103976714535	0.2
6.375	1.3	-6.67766394879893e-26	0.800077706602732	-2.69155661340732e-05	35.0799744309925	0.2
6.525	1.3	-1.93518295709079e-25	0.80008094816376	-2.80399903460786e-05	35.0559720521388	0.2
6.675	1.3	-2.96840679600965e-25	0.800084321240096	-2.92031312980697e-05	35.0319695741027	0.2
6.825	1.3	-3.22827432066158e-25	0.800087830889622	-3.04075886140675e-05	35.0079669928644	0.2
6.975	1.3	-2.18172522310989e-25	0.800091482413239	-3.16559291681771e-05	34.9839643042493	0.2
7.125	1.3	2.69141474215083e-26	0.800095281363132	-3.29507052798125e-05	34.9599615039196	0.2
7.275	1.3	3.6267455569787e-25	0.800099233548671	-3.42944725705141e-05	34.9359585873675	0.2
7.425	1.3	6.47146364303128e-25	0.800103345047273	-3.56898042944865e-05	34.9119555499067	0.2
7.575	1.3	6.81537374375261e-25	0.800107622209885	-3.71393049911812e-05	34.8879523866647	0.2
7.725	1.3	2.56608482365498e-25	0.800112071671115	-3.86456220423993e-05	34.8639490925741	0.2
7.875	1.3	-7.07073530966715e-25	0.800116700359773	-4.02114580394909e-05	34.8399456623644	0.2
8.025	1.3	-2.03618557732496e-24	0.800121515505828	-4.18395786538584e-05	34.8159420905526	0.2
8.175	1.3	-3.15608323352052e-24	0.800126524654932	-4.35328238472269e-05	34.791938371434	0.2
8.325	1.3	-3.10768766699756e-24	0.800131735676364	-4.52941153925201e-05	34.7679344990733	0.2
8.475	1.3	-7.13973620120024e-25	0.800137156776002	-4.71264662976097e-05	34.7439304672935	0.2
8.625	1.3	4.90189892143398e-24	0.800142796509524	-4.90329883503431e-05	34.7199262696667	0.2
8.775	1.3	1.35775696816559e-23	0.800148663794985	-5.10168997526792e-05	34.6959218995029	0.2
8.925	1.3	2.31593859336862e-23	0.800154767926236	-5.30815336960801e-05	34.671917349839	0.2
9.075	1.3	2.8847742617115e-23	0.800161118589057	-5.5230345173319e-05	34.6479126134273	0.2
9.225	1.3	2.32856253810733e-23	0.800167725874658	-5.74669190323214e-05	34.6239076827237	0.2
9.375	1.3	-1.71993754072834e-24	0.8001746002977	-5.97949777070497e-05	34.5999025498748	0.2
9.525	1.3	-5.1426597149901e-23	0.800181752811667	-6.22183887390164e-05	34.5758972067058	0.2
9.675	1.3	-1.22264538355207e-22	0.800189194828081	-6.47411728423118e-05	34.5518916447061	0.2
9.825	1.3	-1.95379420082954e-22	0.800196938234127	-6.73675121193019e-05	34.5278858550161	0.2
9.975	1.3	-2.32615811693044e-22	0.800204995412567	-7.01017579822407e-05	34.5038798284121	0.2
10.125	1.3	-1.79833601669505e-22	0.800213379262105	-7.29484397992853e-05	34.4798735552914	0.2
10.275	1.3	1.7684317385294e-23	0.800222103219284	-7.59122742201029e-05	34.4558670256564	0.2
10.425	1.3	3.8528835420151e-22	0.800231181280208	-7.89981731746702e-05	34.4318602290982	0.2
10.575	1.3	8.78635316196352e-22	0.800240628024352	-8.22112543394201e-05	34.4078531547796	0.2
10.725	1.3	1.34633401108785e-21	0.800250458639157	-8.55568498195031e-05	34.3838457914167	0.2
10.875	1.3	1.51912130964309e-21	0.800260688945375	-8.90405183728889e-05	34.3598381272612	0.2
11.025	1.3	1.05412066535356e-21	0.800271335424818	-9.26680530430417e-05	34.33583015008	0.2
11.175	1.3	-3.43189314095932e-22	0.800282415246728	-9.64454948250466e-05	34.3118218471357	0.2
11.325	1.3	-2.72047080663916e-21	0.800293946299066	-0.000100379142807363	34.2878132051652	0.2
11.475	1.3	-5.646813521353e-21	0.800305947218088	-0.000104475566632525	34.2638042103578	0.2
11.625	1.3	-8.04532264159054e-21	0.80031843742007	-0.000108741619231679	34.2397948483321	0.2
11.775	1.3	-8.23254304064876e-21	0.800331437136931	-0.000113184449522342	34.2157851041126	0.2
11.925	1.3	-4.31439161200478e-21	0.800344967447911	-0.000117811517136555	34.1917749621039	0.2
12.075	1.3	4.9819907363299e-21	0.800359050320489	-0.000122630606005468	34.1677644060657	0.2
12.225	1.3	1.91261767373763e-20	0.800373708645474	-0.000127649839147803	34.1437534190847	0.2
12.375	1.3	3.45992601472458e-20	0.800388966278395	-0.000132877696383243	34.119741983547	0.2
12.525	1.3	4.43309764433008e-20	0.800404848082243	-0.000138323028909202	34.095730081108	0.2
12.675	1.3	3.8568499018272e-20	0.800421379970265	-0.000143995078259452	34.071717692662	0.2
12.825	1.3	7.87549922935871e-21	0.800438588953421	-0.000149903493334533	34.0477047983098	0.2
12.975	1.3	-5.16036018759706e-20	0.800456503186626	-0.000156058351318036	34.0236913773248	0.2
13.125	1.3	-1.31569403817581e-19	0.800475152021747	-0.000162470176023677	33.9996774081186	0.2
13.275	1.3	-2.06126266954023e-19	0.800494566058328	-0.000169149960536723	33.9756628682035	0.2
13.425	1.3	-2.31259493468235e-19	0.800514777200233	-0.000176109188890724	33.9516477341551	0.2
13.575	1.3	-1.53530830990305e-19	0.80053581871201	-0.000183359858987468	33.9276319815715	0.2
13.725	1.3	6.9201048427733e-20	0.800557725282877	-0.00019091450887912	33.9036155850323	0.2
13.875	1.3	4.36209261989564e-19	0.80058053308604	-0.000198786240294837	33.8795985180545	0.2
14.025	1.3	8.69493527653042e-19	0.800604279848852	-0.00020698874736257	33.8555807530472	0.2
14.175	1.3	1.1923470520708e-18	0.800629004920053	-0.000215536345175761	33.8315622612636	0.2
14.325	1.3	1.14283919124877e-18	0.800654749345548	-0.00022444399864357	33.807543012752	0.2
14.475	1.3	4.43197944333621e-19	0.80068155594215	-0.000233727355144073	33.7835229763029	0.2
14.625	1.3	-1.06614552176684e-18	0.800709469380559	-0.000243402777201086	33.7595021193954	0.2
14.775	1.3	-3.24634911196611e-18	0.800738536268823	-0.000253487377286893	33.7354804081401	0.2
14.925	1.3	-5.49105861050621e-18	0.800768805239046	-0.000263999054504959	33.7114578072193	0.2
15.075	1.3	-6.66629159220514e-18	0.800800327043782	-0.000274956533130311	33.6874342798257	0.2
15.225	1.3	-5.27839075922171e-18	0.800833154649588	-0.000286379403287371	33.6634097875967	0.2
15.375	1.3	3.4007314666815e-20	0.800867343341483	-0.000298288162674555	33.6393842905467	0.2
15.525	1.3	9.68046295292039e-18	0.800902950828931	-0.00031070426276983	33.6153577469962	0.2
15.675	1.3	2.21352728390224e-17	0.80094003735871	-0.000323650153857328	33.591330113497	0.2
15.825	1.3	3.31699171576613e-17	0.800978665832499	-0.000337149336110668	33.5673013447547	0.2
15.975	1.3	3.5872100653262e-17	0.801018901931145	-0.000351226410506944	33.543271393547	0.2
16.125	1.3	2.20706380320611e-17	0.801060814244252	-0.000365907133233195	33.5192402106388	0.2
16.275	1.3	-1.44473656810389e-17	0.8011044744069	-0.000381218473759776	33.4952077446924	0.2
16.425	1.3	-7.31553354425122e-17	0.801149957242285	-0.000397188673394409	33.4711739421744	0.2
16.575	1.3	-1.41654359821144e-16	0.801197340913207	-0.000413847309443207	33.4471387472578	0.2
16.725	1.3	-1.92539809092364e-16	0.801246707079326	-0.000431225360587557	33.4231021017196	0.2
16.875	1.3	-1.85454849926251e-16	0.801298141063141	-0.000449355276269972	33.3990639448331	0.2
17.025	1.3	-7.73886813918159e-17	0.8013517320245	-0.00046827104871228	33.3750242132558	0.2
17.175	1.3	1.5750440534382e-16	0.801407573142858	-0.000488008289869653	33.3509828409116	0.2
17.325	1.3	5.01109756197738e-16	0.801465761810928	-0.000508604309630708	33.3269397588672	0.2
17.475	1.3	8.65641433978088e-16	0.801526399835155	-0.000530098199091812	33.302894895203	0.200000000000001
17.625	1.3	1.08283027287342e-15	0.801589593647554	-0.000552530917573025	33.2788481748771	0.200000000000001
17.775	1.3	9.25118038194246e-16	0.801655454529572	-0.000575945383084211	33.2547995195841	0.200000000000001
17.925	1.3	1.73256616305786e-16	0.801724098845083	-0.000600386566066331	33.2307488476054	0.2
18.075	1.3	-1.26726178122638e-15	0.801795648285272	-0.000625901587953285	33.2066960736534	0.199999999999999
18.225	1.3	-3.22091328221126e-15	0.801870230126291	-0.000652539823777576	33.1826411087082	0.199999999999997
18.375	1.3	-5.11767229464288e-15	0.801947977501567	-0.000680353006629287	33.1585838598458	0.199999999999996
18.525	1.3	-5.96701232676722e-15	0.80202902968149	-0.000709395339223816	33.1345242300582	0.199999999999995
18.675	1.3	-4.51920485838316e-15	0.802113532375259	-0.000739723606546535	33.1104621180649	0.199999999999996
18.825	1.3	3.21033508734311e-16	0.802201638040187	-0.000771397294146183	33.0863974181156	0.2
18.975	1.3	8.83700122885514e-15	0.802293506209615	-0.000804478708084872	33.0623300197825	0.200000000000007
19.125	1.3	1.97319888327119e-14	0.802389303836441	-0.000839033100141932	33.0382598077431	0.200000000000016
19.275	1.3	2.95387618933834e-14	0.802489205651134	-0.000875128795045745	33.0141866615523	0.200000000000024
19.425	1.3	3.26265322581236e-14	0.802593394538928	-0.000912837320711969	32.990110455404	0.200000000000026
19.575	1.3	2.2254881948733e-14	0.802702061932308	-0.000952233540751554	32.96603105788	0.200000000000018
19.725	1.3	-7.03874994272356e-15	0.802815408223903	-0.000993395788301255	32.941948331688	0.199999999999994
19.875	1.3	-5.58509803843142e-14	0.802933643195292	-0.00103640600261266	32.9178621333866	0.199999999999955
20.025	1.3	-1.15923268643499e-13	0.803056986466842	-0.00108134986352561	32.8937723130963	0.199999999999907
20.175	1.3	-1.67331827042654e-13	0.803185667965338	-0.00112831692803721	32.8696787141986	0.199999999999866
20.325	1.3	-1.79050424325547e-13	0.803319928413728	-0.00117740076302353	32.8455811730184	0.199999999999857
20.475	1.3	-1.15120499831514e-13	0.803460019838172	-0.00122869907695462	32.8214795184938	0.199999999999908
20.625	1.3	5.22994340776635e-14	0.803606206097451	-0.00128231384559889	32.7973735718282	0.200000000000042
20.775	1.3	3.23973383701782e-13	0.803758763431489	-0.00133835143378059	32.7732631461279	0.200000000000259
20.925	1.3	6.53088132672566e-13	0.803917981031254	-0.00139692270712184	32.7491480460222	0.200000000000522
21.075	1.3	9.31430061752556e-13	0.804084161626765	-0.00145814313531134	32.7250280672659	0.200000000000745
21.225	1.3	9.93316338196152e-13	0.804257622096572	-0.00152213288193443	32.7009029963244	0.200000000000795
21.375	1.3	6.48271584733975e-13	0.804438694094485	-0.00158901687904845	32.6767726099399	0.200000000000519
21.525	1.3	-2.51597832114868e-13	0.804627724695048	-0.00165892488235427	32.6526366746786	0.199999999999799
21.675	1.3	-1.71475172313217e-12	0.804825077055727	-0.00173199150516396	32.6284949464583	0.199999999998628
21.825	1.3	-3.50569995086356e-12	0.80503113109088	-0.00180835622433045	32.6043471700556	0.199999999997195
21.975	1.3	-5.07310342734218e-12	0.805246284163789	-0.00188816335726957	32.5801930785935	0.199999999995942
22.125	1.3	-5.56439624156701e-12	0.805470951783419	-0.00197156199898471	32.5560323930068	0.199999999995548
22.275	1.3	-3.98053990407392e-12	0.805705568311526	-0.0020587059221511	32.5318648214876	0.199999999996816
22.425	1.3	4.98769923372758e-13	0.805950587671949	-0.00214975342470622	32.5076900589089	0.200000000000399
22.575	1.3	8.04067423334547e-12	0.806206484057986	-0.00224486712589491	32.4835077862272	0.200000000006433
22.725	1.3	1.76333567791726e-11	0.80647375263544	-0.00234421369659805	32.4593176698638	0.200000000014107
22.875	1.3	2.66928471222829e-11	0.806752910228624	-0.00244796352028121	32.4351193610656	0.200000000021354
23.025	1.3	3.1052660237141e-11	0.807044495989753	-0.00255629027137609	32.4109124952449	0.200000000024842
23.175	1.3	2.55935088598544e-11	0.807349072037188	-0.00266937040412817	32.3866966913002	0.200000000020475
23.325	1.3	5.67821551010637e-12	0.807667224054051	-0.0027873825360938	32.3624715509177	0.200000000004543
23.475	1.3	-3.06587485880123e-11	0.807999561835802	-0.00291050672141373	32.3382366578559	0.199999999975473
23.625	1.3	-8.01473451418354e-11	0.80834671977497	-0.00303892359497364	32.3139915772135	0.199999999935882
23.775	1.3	-1.32107734612768e-10	0.808709357268358	-0.00317281338099233	32.2897358546849	0.199999999894314
23.925	1.3	-1.67752002950186e-10	0.809088159029445	-0.003312354751022	32.2654690158031	0.199999999865798
24.075	1.3	-1.62149733177588e-10	0.809483835291477	-0.00345772351967624	32.2411905651757	0.19999999987028
24.225	1.3	-8.97600864888176e-11	0.809897121878989	-0.00360909116567265	32.2168999857171	0.199999999928192
24.375	1.3	6.63542611086697e-11	0.810328780127124	-0.00376662316459066	32.1925967378805	0.200000000053083
24.525	1.3	3.02799688794491e-10	0.81077959662195	-0.00393047711548711	32.1682802588966	0.20000000024224
24.675	1.3	5.84370373356127e-10	0.811250382729035	-0.00410080064582523	32.1439499620242	0.200000000467496
24.825	1.3	8.37072267170758e-10	0.811741973875407	-0.00427772907363879	32.1196052358191	0.200000000669658
24.975	1.3	9.50742192646372e-10	0.812255228545119	-0.00446138280745589	32.0952454434286	0.200000000760594
25.125	1.3	7.95872206881059e-10	0.812791026937863	-0.00465186446498494	32.070869921921	0.200000000636698
25.275	1.3	2.56939484302196e-10	0.813350269248171	-0.00484925570039399	32.0464779816571	0.200000000205552
25.425	1.3	-7.19761957423089e-10	0.813933873512548	-0.00505361373503647	32.022068905716	0.19999999942419
25.575	1.3	-2.07167604969596e-09	0.814542772984613	-0.0052649676069024	31.9976419493869	0.199999998342659
25.725	1.3	-3.57315771422064e-09	0.815177912995041	-0.00548331416365032	31.9731963397419	0.199999997141474
25.875	1.3	-4.81550359027427e-09	0.815840247265319	-0.00570861384408797	31.9487312753063	0.199999996147597
26.025	1.3	-5.23454476443373e-09	0.816530733650686	-0.00594078630618128	31.9242459258488	0.199999995812364
26.175	1.3	-4.20229679174926e-09	0.817250329276868	-0.00617970596002698	31.899739432313	0.199999996638163
26.325	1.3	-1.18788433008431e-09	0.817999985034372	-0.00642519745981898	31.8752109069165	0.199999999049693
26.475	1.3	4.02534132216374e-09	0.818780639371256	-0.00667703119673456	31.8506594334442	0.200000003220273
26.625	1.3	1.11028195701431e-08	0.819593211294898	-0.00693491881055879	31.8260840677632	0.200000008882256
26.775	1.3	1.89620805906475e-08	0.820438592462385	-0.00719850872005747	31.8014838385825	0.200000015169665
26.925	1.3	2.56943979199994e-08	0.821317638208016	-0.00746738166760187	31.7768577484817	0.200000020555518
27.075	1.3	2.8687099147475e-08	0.822231157344457	-0.00774104629902644	31.7522047752253	0.200000022949679
27.225	1.3	2.50116936829762e-08	0.823179900592122	-0.00801893485722916	31.7275238733801	0.200000020009355
27.375	1.3	1.20988432840519e-08	0.824164547539111	-0.00830039917544485	31.7028139762484	0.200000009679075
27.525	1.3	-1.13509572041129e-08	0.825185692140223	-0.00858470730558171	31.6780739981346	0.199999990919234
27.675	1.3	-4.43660843882736e-08	0.826243826895378	-0.00887104128328775	31.6533028369679	0.199999964507133
27.825	1.3	-8.28568461432601e-08	0.827339326010865	-0.00915849671334282	31.6284993773186	0.199999933714523
27.975	1.3	-1.19246828193511e-07	0.828472428009979	-0.00944608498356659	31.6036624938595	0.199999904602537
28.125	1.3	-1.42928006792921e-07	0.829643218379459	-0.00973273897240896	31.5787910553482	0.199999885657595
28.275	1.3	-1.41808569233676e-07	0.830851612893212	-0.0100173230445737	31.5538839292157	0.199999886553145
28.425	1.3	-1.05014300404331e-07	0.832097342191799	-0.010298647912218	31.5289399868519	0.19999991598856
28.575	1.3	-2.64562796277815e-08	0.833379938020294	-0.0105754905754662	31.5039581096559	0.199999978834976
28.725	1.3	9.14719840196928e-08	0.834698721215596	-0.0108466190967672	31.4789371958622	0.200000073177587
28.875	1.3	2.3525039885093e-07	0.83605279115848	-0.0111108215084729	31.4538761680586	0.200000188200319
29.025	1.3	3.80085626012764e-07	0.837441016027497	-0.0113669378615758	31.4287739811891	0.200000304068501
29.175	1.3	4.93553189953441e-07	0.838862022964314	-0.0116138945224263	31.4036296307051	0.200000394842552
29.325	1.3	5.43530548503664e-07	0.840314187334224	-0.0118507405178802	31.3784421604457	0.200000434824439
29.475	1.3	5.09400089156242e-07	0.841795620821338	-0.0120766871765042	31.3532106698483	0.200000407520071
29.625	1.3	3.93411290517361e-07	0.843304159243485	-0.0122911544458215	31.3279343202818	0.200000314729032
29.775	1.3	2.26999411446444e-07	0.844837352668222	-0.012493829718671	31.30261234067	0.200000181599529
29.925	1.3	6.5765950010077e-08	0.846392462384766	-0.0126847469182958	31.2772440330951	0.20000005261276
30.075	1.3	-3.19732967772319e-08	0.847966470940866	-0.0128643937418928	31.2518287795676	0.199999974421363
30.225	1.3	-4.35049393785881e-08	0.849556111925863	-0.0130338518814242	31.2263660513456	0.199999965196049
30.375	1.3	-2.88582798662285e-08	0.851157924463347	-0.0131949676506938	31.2008554217225	0.199999976913376
30.525	1.3	-1.6775079351917e-07	0.852768332821292	-0.0133505388872509	31.1752965817729	0.199999865799365
30.675	1.3	-7.57475161236291e-07	0.854383744369095	-0.0135044906156546	31.1496893560858	0.199999394019871
30.825	1.3	-2.14011697877848e-06	0.856000651128694	-0.0136620020793334	31.1240337124327	0.199998287906417
30.975	1.3	-4.53892994572004e-06	0.857615715189581	-0.0138295494550658	31.098329756684	0.199996368856043
31.125	1.3	-7.81475518398064e-06	0.859225821733081	-0.0140148509302341	31.0725777037591	0.199993748195853
31.275	1.3	-1.1203716136288e-05	0.860828100992212	-0.0142267500544821	31.0467778188935	0.199991037027091
31.425	1.3	-1.31565582423346e-05	0.86241995504649	-0.014475146852298	31.0209303323733	0.199989474753406
31.575	1.3	-1.14447625046994e-05	0.863999172975712	-0.0147711666961533	30.9950353447455	0.199990844189996
31.725	1.3	-3.69520345348188e-06	0.865564263945738	-0.0151278081057937	30.9690927551784	0.199997043837237
31.875	1.3	1.15714740450792e-05	0.867115155316089	-0.0155612803344099	30.9431022565335	0.200009257179236
32.025	1.3	3.35130967357134e-05	0.868654356796554	-0.0160930760851934	30.9170634377473	0.200026810477389
32.175	1.3	5.75384790431654e-05	0.870188551344527	-0.0167524963454633	30.8909760084143	0.200046030783235
32.325	1.3	7.45590078721123e-05	0.871730333495191	-0.0175788875414979	30.8648401080285	0.200059647206298
32.475	1.3	7.17711396256764e-05	0.873299519198525	-0.0186223920148488	30.8386565895208	0.200057416911701
32.625	1.3	3.57150444327786e-05	0.87492320348813	-0.0199417710623137	30.8124270942281	0.200028572035546
32.775	1.3	-4.21707983666911e-05	0.876633704145945	-0.0215981090890597	30.7861536978105	0.199966263361307
32.925	1.3	-0.000158253656291889	0.878463885496485	-0.0236441936105607	30.7598379443817	0.199873397074967
33.075	1.3	-0.000289683830872718	0.880440262500224	-0.0261111936937504	30.7334792295099	0.199768252935302
33.225	1.3	-0.000390807986819683	0.882575788839361	-0.0289967433461462	30.7070727404657	0.199687353610544
33.375	1.3	-0.0003966383136572	0.884866134809172	-0.0322610034480753	30.6806074624197	0.199682689349074
33.525	1.3	-0.00023617213130478	0.88729491705051	-0.0358383992479235	30.6540650056119	0.199811062294956
33.675	1.3	0.000144083100388632	0.889853555141723	-0.0396707022511661	30.6274200604363	0.200115266480311
33.825	1.3	0.000749863045286109	0.892578816181837	-0.0437606156485282	30.6006430212172	0.200599890436229
33.975	1.3	0.00150995752859527	0.895605212873046	-0.0482348664431336	30.5737046966168	0.201207966022876
34.125	1.3	0.00225901948033055	0.899221968966595	-0.0533960494979923	30.5465821502447	0.201807215584264
34.275	1.3	0.00274352043088418	0.903918864013797	-0.0597386909480491	30.519263852092	0.202194816344707
34.425	1.3	0.00265796157139154	0.910404584511306	-0.0679099843325944	30.4917518376348	0.202126369257113
34.575	1.3	0.00171022489240183	0.919583811522729	-0.0786064237404881	30.4640588201253	0.201368179913921
34.725	1.3	-0.000295522839411644	0.932480266519116	-0.0924081893816581	30.4361993621134	0.199763581728471
34.875	1.3	-0.00337913185131706	0.950089566587598	-0.10956193189201	30.408176140746	0.197296694518946
35.025	1.3	-0.00733267744002752	0.973144386150319	-0.129736393611614	30.379964502818	0.194133858047978
35.175	1.3	-0.0117174532926289	1.00179330387107	-0.151804538516295	30.3515000585096	0.190626037365897
35.325	1.3	-0.0159192172589709	1.03525484186767	-0.173749468270848	30.322674136485	0.187264626192823
35.475	1.3	-0.0192550076981843	1.07160327397837	-0.192819309690629	30.2933400752166	0.184595993841453
35.625	1.3	-0.0211084335622935	1.10789959543145	-0.206011453265558	30.2633300350758	0.183113253150165
35.775	1.3	-0.0210588866507681	1.14077984969433	-0.210812083992038	30.2324787454917	0.183152890679386
35.925	1.3	-0.0189688638702019	1.16733327254407	-0.205913775733092	30.2006488969458	0.184824908903839
36.075	1.3	-0.0150052868439052	1.18585423445449	-0.191556360248716	30.1677530657642	0.187995770524876
36.225	1.3	-0.00959204263289975	1.19610370640334	-0.16931837621072	30.1337682227848	0.19232636589368
36.375	1.3	-0.00331259344850763	1.19904251921082	-0.141513261571242	30.0987403820388	0.197349925241194
36.525	1.3	0.00320603529993139	1.19628842542233	-0.110530783070845	30.0627789373266	0.202564828239945
36.675	1.3	0.00939655403735243	1.18959145425122	-0.0783877570245684	30.0260425942125	0.207517243229882
36.825	1.3	0.0148197934621959	1.18048770974888	-0.0465530407434354	29.9887207155798	0.211855834769757
36.975	1.3	0.0191889437226552	1.17014836926342	-0.0159689585278298	29.9510146314572	0.215351154978124
37.125	1.3	0.0223536733252008	1.15936943576899	0.01284414752737	29.9131228747348	0.217882938660161
37.275	1.3	0.0242599790205617	1.14863795581388	0.039682541959014	29.8752325855598	0.219407983216449
37.425	1.3	0.0249102099798282	1.13822361519216	0.0645855806656409	29.8375167735355	0.219928167983863
37.575	1.3	0.024348655484032	1.12825804780585	0.0877831729782442	29.8001343552262	0.219478924387226
37.725	1.3	0.0226860346983185	1.11877631329128	0.109628719944642	29.7632281147064	0.218148827758655
37.875	1.3	0.020151803054605	1.1097078176777	0.130487115980398	29.7269164328456	0.216121442443684
38.025	1.3	0.0171336903765901	1.10082689894372	0.150587740459867	29.6912786184322	0.213706952301272
38.175	1.3	0.0141456698823306	1.09170852337588	0.169921214399011	29.6563401243703	0.211316535905864
38.325	1.3	0.0116778042356268	1.08176951085072	0.188321052967328	29.6220697994186	0.209342243388501
38.475	1.3	0.00993443556731066	1.07046944311505	0.2058494627175	29.588402107501	0.207947548453849
38.625	1.3	0.00855063243920928	1.05764905149011	0.223432212819953	29.5552893505014	0.206840505951367
38.775	1.3	0.00645470017677773	1.0438351480926	0.243448521230499	29.5227727080223	0.205163760141422
38.925	1.3	0.00206312680589355	1.03029953856428	0.269923799575898	29.4910422073163	0.201650501444715
39.075	1.3	-0.00609328999964466	1.01878679127509	0.308126145215173	29.4604445824453	0.195125368000284
39.225	1.3	-0.01840880969943	1.01088176207559	0.363280143005147	29.4314048630479	0.185272952240456
39.375	1.3	-0.0332345856955404	1.00665705127126	0.437307157126785	29.4042578679176	0.173412331443568
39.525	1.3	-0.0463680745934618	1.00171690773124	0.521769650997028	29.3790348391804	0.162905540325231
39.675	1.3	-0.0514051462250863	0.983390569159385	0.589501492452065	29.3553022976855	0.158875883019931
39.825	1.3	-0.0410534302562998	0.934689704480569	0.602007466683983	29.3321637256718	0.16715725579496
39.975	1.3	-0.0089643642394477	0.852845344414741	0.544563692536572	29.3084302478793	0.192828508608442
40.125	1.3	0.0487147444934594	0.756728670904171	0.444409616005693	29.2828278569206	0.238971795594768
40.275	1.3	0.132393738320218	0.667459784772449	0.339917928441704	29.2541792051001	0.305914990656175
40.425	1.3	0.23847698492065	0.594486965180097	0.252172666812884	29.221572070774	0.39078158793652
40.575	1.3	0.359373541450175	0.538311633546534	0.185556050890992	29.1844848370219	0.48749883316014
40.725	1.3	0.48472026761319	0.496139755986517	0.137190638954229	29.1428441828049	0.587776214090552
40.875	1.3	0.603858265274471	0.464718952705233	0.102680010228211	29.0969990927919	0.683086612219577
41.025	1.3	0.70847554211179	0.441243780295039	0.0781500451209354	29.0476111942936	0.766780433689432
41.175	1.3	0.794073059612806	0.423530721785167	0.0606581262048428	28.9954979636266	0.835258447690245
41.325	1.3	0.859841851434428	0.409967677385784	0.048090821260676	28.9414839103254	0.887873481147543
41.475	1.3	0.907547375342807	0.399400727905763	0.0389617331647725	28.8862981349631	0.926037900274246
41.625	1.3	0.940246799003645	0.391016044720605	0.0322307800481459	28.830525846894	0.952197439202916
41.775	1.3	0.961319611564833	0.384240830131328	0.0271683853123483	28.774600792022	0.969055689251866
41.925	1.3	0.973906759300338	0.378669669467526	0.0232599612626075	28.7188206181495	0.97912540744027
42.075	1.3	0.980662810874126	0.374013467808168	0.0201406972647433	28.6633712637012	0.984530248699301
42.225	1.3	0.983693972740456	0.370065156751653	0.0175516396751325	28.6083523464061	0.986955178192365
42.375	1.3	0.984587717492807	0.366676688350825	0.0153101666078703	28.5537999468839	0.987670173994246
42.525	1.3	0.984479685581195	0.363743223185807	0.0132898729783328	28.4997056578312	0.987583748464956
42.675	1.3	0.984131263604729	0.361191799712558	0.0114064039782841	28.4460318781341	0.987305010883784
42.825	1.3	0.984006259478206	0.358972829791343	0.00960696213968942	28.3927237157073	0.987205007582564
42.975	1.3	0.984341842998507	0.357053485490465	0.00786211429914516	28.3397179455873	0.987473474398806
43.125	1.3	0.985211508342795	0.355412485941845	0.00615916219477812	28.2869494619483	0.988169206674236
43.275	1.3	0.986578795334224	0.354036030787536	0.00449673645149816	28.2343556433047	0.98926303626738
43.425	1.3	0.988341103227837	0.352914726440023	0.00288047117660715	28.1818790343188	0.990672882582269
43.575	1.3	0.990363547052328	0.352041373521113	0.0013196770021682	28.1294687285003	0.992290837641862
43.725	1.3	0.992503447641956	0.351409475514498	-0.000175081184175738	28.077080805494	0.994002758113564
43.875	1.3	0.994626593926833	0.351012319420911	-0.00159362812087404	28.0246781321337	0.995701275141466
44.025	1.3	0.996616768817939	0.350842481949131	-0.00292719337488328	27.9722297812827	0.997293415054351
44.175	1.3	0.998380153406039	0.350891630642541	-0.00416895123297332	27.919710263043	0.998704122724831
44.325	1.3	0.999846145461628	0.351150513628253	-0.00531422455709887	27.867098705837	0.999876916369302
44.475	1.3	1.00096591061467	0.351609058438991	-0.00636046730994617	27.8143780752185	1.00077272849174
44.625	1.3	1.00170969935177	0.352256525037366	-0.00730711283868873	27.7615344788041	1.00136775948141
44.775	1.3	1.00206367019072	0.353081678289311	-0.00815534953870325	27.7085565770467	1.00165093615257
44.925	1.3	1.00202669957189	0.354072959976945	-0.00890786482889282	27.6554351007251	1.00162135965751
45.075	1.3	1.00160745252295	0.355218650444642	-0.00956858304951608	27.6021624651697	1.00128596201836
45.225	1.3	1.00082183951474	0.356507016090239	-0.0101424123732157	27.5487324662839	1.00065747161179
45.375	1.3	0.999690888469721	0.357926442208433	-0.0106350090344413	27.4951400423699	0.999752710775777
45.525	1.3	0.998239005976695	0.359465552103135	-0.0110525630449599	27.441381087027	0.998591204781356
45.675	1.3	0.996492576604964	0.361113313648361	-0.0114016071598688	27.3874523007443	0.997194061283971
45.825	1.3	0.994478843135466	0.362859134127204	-0.0116888495325545	27.3333510714808	0.995583074508373
45.975	1.3	0.992225015077225	0.364692943586295	-0.0119210298157296	27.279075377034	0.99378001206178
46.125	1.3	0.989757561992314	0.366605266358473	-0.0121047981723305	27.2246237041181	0.991806049593851
46.275	1.3	0.987101658075208	0.36858727999474	-0.0122466166067643	27.1699949807378	0.989681326460166
46.425	1.3	0.984280753016777	0.370630860717226	-0.0123526821239903	27.1151885196636	0.987424602413422
46.575	1.3	0.981316250561229	0.372728614716085	-0.0124288714064537	27.0602039716521	0.985053000448983
46.725	1.3	0.978227280270175	0.374873895183093	-0.0124807068969125	27.0050412875799	0.98258182421614
46.875	1.3	0.975030550231795	0.37706080587506	-0.0125133443119835	26.9497006889181	0.980024440185436
47.025	1.3	0.971740269387793	0.37928419315593	-0.0125315816044158	26.8941826460218	0.977392215510235
47.175	1.3	0.968368128420834	0.381539629759652	-0.0125398891629838	26.8384878635611	0.974694502736668
47.325	1.3	0.964923328292152	0.383823394802197	-0.0125424605215057	26.782617272111	0.971938662633722
47.475	1.3	0.961412645940823	0.386132455679367	-0.0125432820164143	26.7265720244517	0.969130116752659
47.625	1.3	0.957840527574889	0.388464458262183	-0.0125462186831241	26.6703534945546	0.966272422059911
47.775	1.3	0.954209201448082	0.390817732110276	-0.0125551122627935	26.613963276561	0.963367361158465
47.925	1.3	0.950518803920779	0.393191317172377	-0.0125738855724875	26.5574031803716	0.960415043136623
48.075	1.3	0.946767514737443	0.395585017587684	-0.0126066457641905	26.5006752198081	0.957414011789954
48.225	1.3	0.94295169954692	0.397999486744439	-0.0126577772515763	26.4437815887638	0.954361359637536
48.375	1.3	0.939066059480553	0.400436345696358	-0.012732013400104	26.3867246204168	0.951252847584442
48.525	1.3	0.935103788871119	0.402898334397577	-0.0128344745296507	26.3295067245279	0.948083031096895
48.675	1.3	0.931056742813465	0.405389491951284	-0.012970658459736	26.272130298187	0.944845394250772
48.825	1.3	0.926915616202759	0.407915358093117	-0.0131463688747649	26.2145976062236	0.941532492962207
48.975	1.3	0.922670135191955	0.410483183332048	-0.0133675664582066	26.1569106289802	0.938136108153564
49.125	1.3	0.918309260799113	0.413102129457609	-0.0136401284602995	26.0990708774016	0.934647408639291
49.275	1.3	0.913821402808924	0.415783435549164	-0.0139695047534624	26.0410791785399	0.931057122247139
49.425	1.3	0.909194640297164	0.418540517533226	-0.0143602633054416	25.9829354387075	0.927355712237731
49.575	1.3	0.904416943213054	0.421388962521049	-0.0148155262519232	25.9246383966188	0.923533554570443
49.725	1.3	0.899476387659845	0.424346374003921	-0.0153363101223631	25.8661853847834	0.919581110127876
49.875	1.3	0.89436135606129	0.427432022448081	-0.0159208005211724	25.8075721237133	0.915489084849032
50.025	1.3	0.889060712631041	0.43066626032916	-0.0165636120403557	25.7487925794636	0.911248570104833
50.175	1.3	0.88356394490521	0.434069673589527	-0.0172551064083244	25.6898389195382	0.906851155924168
50.325	1.3	0.877861264008118	0.437661964666972	-0.0179808623269963	25.6307016038898	0.902289011206495
50.475	1.3	0.871943660122097	0.441460595866129	-0.0187214041158276	25.5713696451356	0.897554928097678
50.625	1.3	0.865802915317417	0.445479263774291	-0.0194522973365245	25.5118310638757	0.892642332253934
50.775	1.3	0.859431582932094	0.449726320521257	-0.0201447026115167	25.4520735504399	0.887545266345675
50.925	1.3	0.852822949917175	0.454203297925499	-0.0207664406409621	25.3920853237969	0.88225835993374
51.075	1.3	0.845971004308744	0.458903716093752	-0.021283562799073	25.3318561534287	0.876776803446995
51.225	1.3	0.838870432425332	0.463812359271407	-0.0216623488761827	25.271378483811	0.871096345940265
51.375	1.3	0.831516668103535	0.468905172190957	-0.0218715782178349	25.2106485780198	0.865213334482828
51.525	1.3	0.823906008908866	0.474149869212097	-0.0218848580880474	25.1496675815349	0.859124807127093
51.675	1.3	0.816035802941884	0.479507263030421	-0.0216827590914496	25.0884424035391	0.852828642353507
51.825	1.3	0.807904697332665	0.484933223564893	-0.0212545131553598	25.0269863230964	0.846323757866132
51.975	1.3	0.799512929608988	0.490381089014396	-0.0205990778399714	24.9653192511148	0.83961034368719
52.125	1.3	0.790862639752801	0.495804287979674	-0.0197254544023241	24.903467612691	0.832690111802241
52.275	1.3	0.781958186603819	0.501158906873096	-0.018652249861297	24.841463852718	0.825566549283055
52.425	1.3	0.772806467501798	0.506405954791546	-0.0174065740245066	24.7793456038742	0.818245174001438
52.575	1.3	0.76341726158493	0.511513133053799	-0.0160224403235219	24.71715458414	0.810733809267944
52.725	1.3	0.753803638738326	0.516455995103587	-0.0145388796327643	24.654935306619	0.80304291099066
52.875	1.3	0.743982489618849	0.521218466724565	-0.0129979739266299	24.5927336864282	0.795185991695079
53.025	1.3	0.733975229455473	0.525792769475685	-0.0114429770843486	24.5305956196135	0.787180183564379
53.175	1.3	0.723808704190232	0.53017883985366	-0.00991662734187303	24.4685655917906	0.779046963352185
53.325	1.3	0.713516281782253	0.534383358392572	-0.00845968813718911	24.4066853550472	0.770813025425803
53.475	1.3	0.703139050139757	0.538418499983409	-0.00710969902474712	24.3449926958248	0.762511240111806
53.625	1.3	0.69272697780154	0.542300498337248	-0.00589988828952204	24.283520307611	0.754181582241232
53.775	1.3	0.68233983907972	0.546048095468992	-0.00485819814757951	24.2222947814592	0.745871871263776
53.925	1.3	0.672047676533251	0.549680931890523	-0.00400639776705195	24.161335733181	0.737638141226601
54.075	1.3	0.661930580916533	0.553217931168808	-0.00335929803385163	24.1006550951992	0.729544464733227
54.225	1.3	0.652077615721132	0.556675744054193	-0.00292412121622763	24.0402566093386	0.721662092576905
54.375	1.3	0.642584795630911	0.560067337260551	-0.00270010555083686	23.9801355604971	0.714067836504729
54.525	1.3	0.633552134084489	0.563400830956541	-0.00267843057740915	23.9202787877945	0.706841707267591
54.675	1.3	0.625079888762697	0.566678696648214	-0.0028425311764788	23.8606649989286	0.700063911010158
54.825	1.3	0.617264238316612	0.569897414908269	-0.00316883038135589	23.8012653963962	0.69381139065329
54.975	1.3	0.610192704525316	0.573047656515777	-0.00362787168363538	23.7420446035387	0.688154163620253
55.125	1.3	0.603939681475025	0.576114993569336	-0.00418578164275537	23.6829618571612	0.68315174518002
55.275	1.3	0.598562442748607	0.579081078002519	-0.00480595352043218	23.6239724145546	0.678849954198886
55.425	1.3	0.594097969259141	0.581925157333687	-0.00545081972895021	23.5650291081777	0.675278375407313
55.575	1.3	0.590560878211685	0.584625746276183	-0.00608357799466033	23.5060839720991	0.672448702569348
55.725	1.3	0.58794264384438	0.587162250293411	-0.00666975165382304	23.4470898608064	0.670354115075504
55.875	1.3	0.586212191132053	0.589516349199146	-0.00717849336349476	23.388001982889	0.668969752905642
56.025	1.3	0.585317824067764	0.591672993456335	-0.00758357706066211	23.3287792788695	0.668254259254211
56.175	1.3	0.585190331708433	0.593620933386876	-0.0078640586762033	23.2693855835005	0.668152265366747
56.325	1.3	0.585747010353998	0.595352777770797	-0.00800461671668868	23.2097905274464	0.668597608283198
56.475	1.3	0.586896261442864	0.596864648083928	-0.00799560614959318	23.1499701505102	0.669517009154291
56.625	1.3	0.588542382251544	0.598155545558298	-0.007832871886892	23.0899072172303	0.670833905801235
56.775	1.3	0.590590166077224	0.599226573446933	-0.00751737217168746	23.0295912442396	0.672472132861779
56.925	1.3	0.592948969915347	0.600080155564931	-0.00705465928355362	22.9690182656567	0.674359175932278
57.075	1.3	0.595535983920672	0.600719368866451	-0.00645425792245182	22.90819037648	0.676428787136538
57.225	1.3	0.598278536160537	0.601147470201414	-0.00572897328973879	22.8471151034296	0.67862282892843
57.375	1.3	0.601115373613223	0.601367654158243	-0.00489415368403623	22.7858046574311	0.680892298890578
57.525	1.3	0.603996961527261	0.601383037773004	-0.00396692790248958	22.7242751220747	0.683197569221809
57.675	1.3	0.606884926413787	0.601196834492473	-0.00296543632694708	22.6625456285583	0.68550794113103
57.825	1.3	0.609750825742482	0.600812657275018	-0.00190807576122968	22.600637560807	0.687800660593986
57.975	1.3	0.612574457319575	0.600234879961624	-0.000812780698003819	22.5385738257888	0.69005956585566
58.125	1.3	0.615341925102683	0.599468986123708	0.000303633651765131	22.4763782146042	0.692273540082146
58.275	1.3	0.61804366017232	0.598521843983556	0.00142603990929578	22.4140748706314	0.694434928137856
58.425	1.3	0.620672564175149	0.597401860667475	0.00254145279785063	22.3516878724902	0.696538051340119
58.575	1.3	0.623222400136959	0.596118989148927	0.0036393468328229	22.2892409322631	0.698577920109567
58.725	1.3	0.625686513672636	0.594684580489786	0.00471182141016506	22.2267572034176	0.700549210938109
58.875	1.3	0.628056926330656	0.593111093092126	0.00575360556739698	22.1642591881781	0.702445541064525
59.025	1.3	0.630323807245399	0.591411686195134	0.00676190438086578	22.1017687306088	0.704259045796319
59.175	1.3	0.632475300613642	0.589599735812341	0.00773609900051284	22.039307079241	0.705980240490913
59.325	1.3	0.634497665294877	0.587688316753788	0.00867732155836588	21.9768950016249	0.707598132235902
59.475	1.3	0.636375668842428	0.585689694096984	0.00958793336530014	21.9145529326603	0.709100535073942
59.625	1.3	0.638093170969787	0.58361486203053	0.0104709386381986	21.8523011389843	0.71047453677583
59.775	1.3	0.639633830312138	0.581473158831749	0.0113293654274535	21.7901598830342	0.71170706424971
59.925	1.3	0.640981872955927	0.579271976100919	0.0121656399765754	21.7281495725416	0.712785498364742
60.075	1.3	0.642122871186336	0.577016571053343	0.0129809711094378	21.666290883783	0.713698296949069
60.225	1.3	0.643044495501971	0.574709985361697	0.013774749599403	21.6046048493209	0.714435596401576
60.375	1.3	0.643737220601492	0.572353074456398	0.0145439576908436	21.543112902439	0.714989776481193
60.525	1.3	0.644194983983254	0.569944656934368	0.0152825810338825	21.4818368702898	0.715355987186603
60.675	1.3	0.64441581001314	0.567481801333609	0.0159810241200443	21.4207989056293	0.715532648010512
60.825	1.3	0.644402418174613	0.564960270094359	0.0166255534330674	21.3600213434891	0.71552193453969
60.975	1.3	0.644162827796249	0.56237512837059	0.0171978275785004	21.2995264660116	0.715330262236999
61.125	1.3	0.643710951638429	0.559721488286425	0.0176746108361258	21.2393361590745	0.714968761310743
61.275	1.3	0.643067141077621	0.556995290393533	0.0180277874084235	21.1794714522652	0.714453712862097
61.425	1.3	0.64225861693887	0.554193925323674	0.0182247719924331	21.1199519530953	0.713806893551096
61.575	1.3	0.641319710686747	0.551316386380572	0.0182293189922243	21.0607952189885	0.713055768549398
61.725	1.3	0.640291875578524	0.548362554168311	0.0180025441898772	21.0020161542154	0.712233500462819
61.875	1.3	0.639223533888538	0.545331204928369	0.0175036842543428	20.9436265645466	0.71137882711083
62.025	1.3	0.638170026863124	0.542216480025067	0.0166897613227617	20.8856350323323	0.710536021490499
62.175	1.3	0.637194234888103	0.539002933704103	0.0155129737827008	20.8280472623972	0.709755387910483
62.325	1.3	0.636368811497156	0.535659947077203	0.013914444965532	20.7708669614452	0.709095049197724
62.475	1.3	0.635781352831893	0.532137257759782	0.0118131350727059	20.7140971174411	0.708625082265514
62.625	1.3	0.635544065644692	0.528364506638178	0.00908950439042198	20.6577412190301	0.708435252515753
62.775	1.3	0.635809389755476	0.524258806726569	0.00556514517571202	20.6018035046389	0.708647511804381
62.925	1.3	0.636792296217554	0.51974498122372	0.000982225253049038	20.5462868093536	0.709433836974043
63.075	1.3	0.638798308140719	0.514792673495474	-0.0050098535160773	20.4911861017577	0.711038646512575
63.225	1.3	0.64225341248013	0.509472109097167	-0.0128491700382473	20.4364755636167	0.713802729984104
63.375	1.3	0.647727892122412	0.50402471371512	-0.0230227784812835	20.3820873270627	0.71818231369793
63.525	1.3	0.655941052592976	0.49893496112633	-0.0359805971136531	20.3278810731021	0.724752842074381
63.675	1.3	0.667729136827738	0.494975924324387	-0.0519950028700673	20.2736059677393	0.734183309462191
63.825	1.3	0.683957203940691	0.493187381786601	-0.0709791460588864	20.2188601544375	0.747165763152553
63.975	1.3	0.705362038747559	0.494744044776692	-0.0923095429757341	20.1630581497953	0.764289630998047
64.125	1.3	0.732332510387602	0.500700967243927	-0.114733636172084	20.1054218314145	0.785866008310081
64.275	1.3	0.764667544144422	0.511672083365667	-0.136453607480018	20.0450129886534	0.811734035315537
64.425	1.3	0.801390334279381	0.527575090692615	-0.155428976108256	19.9808193379219	0.841112267423505
64.575	1.3	0.840716779052815	0.547586927441312	-0.169827443261207	19.9118880244274	0.872573423242252
64.725	1.3	0.880248546325025	0.570351199196415	-0.178444131752426	19.8374763979869	0.90419883706002
64.875	1.3	0.917379038970188	0.594329288240132	-0.18091070506169	19.7571747571243	0.933903231176151
65.025	1.3	0.949797644886426	0.618123696290431	-0.177642357755934	19.6709625851921	0.959838115909141
65.175	1.3	0.975919379074384	0.64066517974686	-0.169606156708867	19.5791851519173	0.980735503259507
65.325	1.3	0.995099622673103	0.661258413939702	-0.158039414502965	19.4824656589556	0.996079698138482
65.475	1.3	1.00759664655362	0.679538321831413	-0.144211961211846	19.3815853275207	1.00607731724289
65.625	1.3	1.01434656269284	0.695391688376058	-0.129269171891785	19.2773652314264	1.01147725015428
65.775	1.3	1.01666015958602	0.708878192525761	-0.114151435681596	19.1705734657078	1.01332812766881
65.925	1.3	1.01593690194091	0.720165615873275	-0.0995686804318965	19.0618673679624	1.01274952155273
66.075	1.3	1.01345056155385	0.729482207197527	-0.0860082636844014	18.951769250843	1.01076044924308
66.225	1.3	1.01022271727979	0.737083628181398	-0.0737609147219308	18.8406678389337	1.00817817382383
66.375	1.3	1.00697593734816	0.74323034458134	-0.0629556692739657	18.7288357629886	1.00558074987853
66.525	1.3	1.00414681620619	0.748172006142159	-0.0535983788741472	18.6164544007731	1.00331745296495
66.675	1.3	1.00193591200949	0.752136798768357	-0.0456098013238007	18.5036395535246	1.00154872960759
66.825	1.3	1.00037359833079	0.755324892389536	-0.0388598900846484	18.390463904195	1.00029887866463
66.975	1.3	0.999385640635993	0.757905543710416	-0.0331957395170782	18.2769743606707	0.999508512508794
67.125	1.3	0.998848222445595	0.760017308547612	-0.0284619297258951	18.1632039914219	0.999078577956476
67.275	1.3	0.998627783276648	0.761770555221252	-0.0245134036571435	18.0491792571291	0.998902226621318
67.425	1.3	0.998605428322334	0.763251334743222	-0.0212220669781438	17.934923700299	0.998884342657868
67.575	1.3	0.998688416450056	0.76452573843678	-0.0184788145256938	17.8204593148058	0.998950733160045
67.725	1.3	0.998812414373954	0.765644096620424	-0.0161926993548825	17.7058066362331	0.999049931499163
67.875	1.3	0.998938215620627	0.766644637912825	-0.0142886563348665	17.5909843101353	0.999150572496502
68.025	1.3	0.999045952220676	0.767556458000724	-0.012704769496818	17.476008607586	0.999236761776541
68.175	1.3	0.999128901607063	0.768401804557366	-0.0113896709406229	17.3608931212782	0.99930312128565
68.325	1.3	0.999188102700828	0.769197771236826	-0.010300348137711	17.2456487110927	0.999350482160662
68.475	1.3	0.999228295483056	0.769957525229904	-0.00940043128993455	17.1302836722255	0.999382636386445
68.625	1.3	0.999255231335976	0.77069119029802	-0.00865891858133971	17.0148040566683	0.999404185068781
68.775	1.3	0.999274144780762	0.771406487705388	-0.00804924929585082	16.8992140719488	0.99941931582461
68.925	1.3	0.999289078744446	0.772109212778358	-0.00754862772709488	16.7835164934366	0.999431262995557
69.075	1.3	0.999302757901819	0.772803601630438	-0.00713751466595869	16.667713046258	0.999442206321455
69.225	1.3	0.999316759290089	0.773492623887975	-0.00679922452510954	16.5518047324557	0.999453407432072
69.375	1.3	0.999331801377435	0.774178223692669	-0.00651958701036322	16.4357920947073	0.999465441101948
69.525	1.3	0.999348040860766	0.774861522273311	-0.00628664902719054	16.3196754185259	0.999478432688613
69.675	1.3	0.999365320456767	0.775542989913537	-0.00609040426074325	16.2034548807789	0.999492256365413
69.825	1.3	0.999383348153795	0.776222592103581	-0.00592254508628553	16.0871306546789	0.999506678523036
69.975	1.3	0.999401810476882	0.776899913134359	-0.00577623525177538	15.9707029813535	0.999521448381505
70.125	1.3	0.999420432856968	0.777574259700811	-0.00564590328580377	15.8541722167757	0.999536346285575
70.275	1.3	0.999439003073083	0.778244746795427	-0.00552705679996565	15.7375388610261	0.999551202458466
70.425	1.3	0.999457372284463	0.778910368035454	-0.0054161174695646	15.6208035750615	0.999565897827571
70.575	1.3	0.999475444834108	0.779570052457303	-0.00531027592849538	15.503967188647	0.999580355867287
70.725	1.3	0.999493164342571	0.780222709679322	-0.00520736533175632	15.3870307019515	0.999594531474057
70.875	1.3	0.999510500450571	0.780867265171591	-0.00510575201503206	15.2699952824976	0.999608400360457
71.025	1.3	0.999527438229065	0.781502687190962	-0.00500424152402923	15.1528622586318	0.999621950583252
71.175	1.3	0.99954397076313	0.782128006753769	-0.00490199826751109	15.0356331103618	0.999635176610504
71.325	1.3	0.999560094584029	0.782742331838955	-0.00479847712432283	14.918309458215	0.999648075667223
71.475	1.3	0.999575807276005	0.783344856850031	-0.00469336546768899	14.8008930506655	0.999660645820804
71.625	1.3	0.999591106536486	0.783934868215694	-0.00458653422646911	14.6833857506001	0.999672885229189
71.775	1.3	0.999605990075968	0.784511746880564	-0.00447799676347624	14.5657895212393	0.999684792060775
71.925	1.3	0.999620455907405	0.785074968324045	-0.00436787450229029	14.4481064118728	0.999696364725924
72.075	1.3	0.999634502736717	0.785624100648761	-0.00425636836975081	14.3303385437171	0.999707602189374
72.225	1.3	0.999648130297077	0.786158801194885	-0.0041437352412823	14.2124880961488	0.999718504237662
72.375	1.3	0.999661339562369	0.786678812063727	-0.00403026867930044	14.0945572935121	0.999729071649895
72.525	1.3	0.999674132832196	0.787183954870425	-0.00391628334446146	13.9765483926514	0.999739306265757
72.675	1.3	0.999686513710131	0.787674124989605	-0.00380210253760658	13.858463671274	0.999749210968105
72.825	1.3	0.999698487007451	0.788149285510458	-0.00368804839719963	13.7403054172112	0.999758789605961
72.975	1.3	0.999710058603861	0.788609461075613	-0.00357443433738239	13.6220759186101	0.999768046883089
73.125	1.3	0.999721235290711	0.789054731742645	-0.00346155936429011	13.5037774550665	0.999776988232569
73.275	1.3	0.999732024614628	0.789485226976148	-0.00334970395512617	13.3854122896877	0.999785619691703
73.425	1.3	0.99974243473232	0.789901119853104	-0.00323912722663709	13.266982662055	0.999793947785856
73.575	1.3	0.999752474281871	0.790302621541468	-0.00313006515721639	13.1484907820517	0.999801979425497
73.725	1.3	0.999762152271912	0.790689976094475	-0.00302272965970071	13.0299388245062	0.999809721817529
73.875	1.3	0.999771477987777	0.791063455588102	-0.00291730833200981	12.9113289246012	0.999817182390221
74.025	1.3	0.999780460912598	0.791423355616532	-0.00281396473889065	12.7926631739936	0.999824368730078
74.175	1.3	0.999789110660911	0.791769991151327	-0.00271283910104435	12.6739436175903	0.999831288528729
74.325	1.3	0.999797436922475	0.792103692761725	-0.00261404928813332	12.5551722509224	0.99983794953798
74.475	1.3	0.999805449414313	0.792424803188002	-0.00251769202996285	12.4363510180655	0.999844359531451
74.625	1.3	0.999813157839406	0.792733674255085	-0.00242384427515036	12.3174818100521	0.999850526271525
74.775	1.3	0.999820571850879	0.793030664110324	-0.0023325646399576	12.1985664637252	0.999856457480703
74.925	1.3	0.999827701020772	0.793316134767458	-0.00224389490110651	12.0796067609869	0.999862160816618
75.075	1.3	0.99983455481282	0.793590449936897	-0.00215786149577042	11.9606044283948	0.999867643850256
75.225	1.3	0.999841142558774	0.793853973122238	-0.00207447700052093	11.8415611370675	0.999872914047019
75.375	1.3	0.999847473437931	0.79410706596228	-0.00199374156707579	11.7224785028571	0.999877978750345
75.525	1.3	0.999853556459599	0.794350086798278	-0.00191564429890788	11.6033580867559	0.999882845167679
75.675	1.3	0.99985940044826	0.79458338944669	-0.00184016455719802	11.4842013955029	0.999887520358608
75.825	1.3	0.999865014031251	0.794807322158381	-0.00176727318828656	11.3650098823622	0.999892011225001
75.975	1.3	0.999870405628723	0.795022226746045	-0.00169693366813152	11.2457849480443	0.999896324502979
76.125	1.3	0.999875583445694	0.795228437862898	-0.00162910316162965	11.1265279417483	0.999900466756555
76.275	1.3	0.999880555465996	0.795426282416648	-0.0015637334964969	11.0072401623022	0.999904444372797
76.425	1.3	0.99988532944794	0.795616079103877	-0.00150077205312248	10.8879228593823	0.999908263558352
76.575	1.3	0.999889912921507	0.795798138050943	-0.00144016257287522	10.7685772347942	0.999911930337206
76.725	1.3	0.99989431318689	0.795972760549163	-0.00138184588808846	10.649204443801	0.999915450549512
76.875	1.3	0.999898537314236	0.796140238872427	-0.00132576057775951	10.5298055964845	0.999918829851389
77.025	1.3	0.999902592144433	0.796300856166889	-0.00127184355325662	10.4103817591284	0.999922073715547
77.175	1.3	0.999906484290806	0.796454886403125	-0.00122003057853166	10.290933955613	0.999925187432645
77.325	1.3	0.99991022014159	0.796602594382355	-0.00117025672960075	10.1714631688124	0.999928176113272
77.475	1.3	0.999913805863072	0.796744235788925	-0.00112245679793318	10.0519703419873	0.999931044690457
77.625	1.3	0.999917247403314	0.79688005728194	-0.00107656564230705	9.93245638016654	0.999933797922651
77.775	1.3	0.999920550496331	0.797010296620226	-0.00103251849363207	9.8129221515113	0.999936440397064
77.925	1.3	0.999923720666663	0.797135182814858	-0.000990251216965519	9.69336848865889	0.999938976533331
78.075	1.3	0.999926763234282	0.797254936304478	-0.000949700534911211	9.57379619004086	0.999941410587426
78.225	1.3	0.999929683319736	0.797369769149153	-0.000910804215995039	9.45420602117302	0.999943746655789
78.375	1.3	0.999932485849489	0.79747988523888	-0.000873501231821018	9.33459871591482	0.999945988679591
78.525	1.3	0.99993517556141	0.797585480513473	-0.000837731886340438	9.21497497769597	0.999948140449128
78.675	1.3	0.999937757010363	0.797686743191092	-0.000803437920051178	9.09533548070894	0.999950205608291
78.825	1.3	0.99994023457384	0.797783854002476	-0.000770562592350399	8.97568087106615	0.999952187659072
78.975	1.3	0.999942612457633	0.797876986429281	-0.000739050744319565	8.85601176792123	0.999954089966106
79.125	1.3	0.999944894701489	0.797966306944152	-0.000708848844500107	8.73632876455383	0.999955915761191
79.275	1.3	0.999947085184746	0.798051975251246	-0.000679905019786225	8.61663242941784	0.999957668147797
79.425	1.3	0.999949187631889	0.798134144525609	-0.000652169073298906	8.4969233071531	0.999959350105511
79.575	1.3	0.99995120561805	0.798212961650516	-0.000625592491158254	8.37720191956084	0.99996096449444
79.725	1.3	0.999953142574416	0.798288567451569	-0.000600128439599633	8.25746876654329	0.999962514059533
79.875	1.3	0.999955001793528	0.79836109692692	-0.000575731753934471	8.13772432700788	0.999964001434823
80.025	1.3	0.999956786434463	0.798430679472953	-0.000552358920641341	8.01796905973688	0.999965429147571
80.175	1.3	0.999958499527898	0.798497439104731	-0.000529968053651604	7.89820340422301	0.999966799622318
80.325	1.3	0.999960143981044	0.79856149467112	-0.000508518865916312	7.77842778147197	0.999968115184835
80.475	1.3	0.999961722582444	0.798622960064015	-0.000487972637112482	7.65864259477274	0.999969378065955
80.625	1.3	0.999963238006624	0.798681944421446	-0.000468292178281944	7.53884823043641	0.9999705904053
80.775	1.3	0.999964692818613	0.798738552324647	-0.000449441794123424	7.41904505850473	0.999971754254891
80.925	1.3	0.999966089478302	0.79879288398871	-0.000431387243522053	7.29923343342901	0.999972871582641
81.075	1.3	0.999967430344667	0.798845035446945	-0.000414095698961186	7.17941369472067	0.999973944275734
81.225	1.3	0.999968717679864	0.798895098728953	-0.000397535705105134	7.05958616757413	0.999974974143891
81.375	1.3	0.999969953653179	0.79894316203236	-0.000381677137238804	6.93975116346309	0.999975962922543
81.525	1.3	0.99997114034487	0.798989309888353	-0.000366491159685049	6.81990898071126	0.999976912275896
81.675	1.3	0.999972279749872	0.799033623321171	-0.000351950184757967	6.70005990503825	0.999977823799897
81.825	1.3	0.999973373781339	0.79907618000153	-0.000338027832362451	6.58020421008178	0.999978699025071
81.975	1.3	0.999974424273993	0.799117054394251	-0.000324698890686826	6.46034215789689	0.999979539419195
82.125	1.3	0.999975432987248	0.799156317900215	-0.000311939278113447	6.34047399943324	0.999980346389798
82.275	1.3	0.999976401608144	0.799194038992751	-0.000299726006644772	6.22059997499115	0.999981121286515
82.425	1.3	0.999977331754251	0.799230283348776	-0.000288037147129532	6.10072031465748	0.999981865403401
82.575	1.3	0.999978224976753	0.799265113974552	-0.000276851796460659	5.98083523872176	0.999982579981403
82.725	1.3	0.999979082763929	0.799298591326571	-0.000266150047113469	5.86094495807377	0.999983266211143
82.875	1.3	0.999979906545025	0.799330773427292	-0.000255912959257333	5.74104967458278	0.99998392523602
83.025	1.3	0.999980697693976	0.799361715976139	-0.000246122535694898	5.62114958145964	0.999984558155181
83.175	1.3	0.999981457531834	0.799391472455823	-0.000236761699950489	5.5012448636021	0.999985166025467
83.325	1.3	0.999982187326554	0.799420094234196	-0.000227814277776389	5.38133569792444	0.999985749861243
83.475	1.3	0.999982888289623	0.799447630662092	-0.000219264982430689	5.26142225367236	0.999986310631698
83.625	1.3	0.999983561571327	0.799474129167084	-0.000211099404461921	5.14150469272393	0.999986849257062
83.775	1.3	0.999984208259982	0.799499635343012	-0.000203304007017458	5.02158316987721	0.999987366607986
83.925	1.3	0.999984829392922	0.799524193034158	-0.000195866128356458	4.90165783312456	0.999987863514338
84.075	1.3	0.999985425985113	0.799547844412694	-0.000188773993334099	4.78172882391288	0.999988340788091
84.225	1.3	0.999985999071277	0.799570630047489	-0.000182016735284767	4.66179627738917	0.999988799257022
84.375	1.3	0.999986549739342	0.799592588963837	-0.000175584428258638	4.54186032263212	0.999989239791474
84.525	1.3	0.999987079114581	0.799613758696045	-0.000169468127740234	4.42192108287331	0.999989663291664
84.675	1.3	0.999987588252186	0.799634175337551	-0.000163659916852643	4.30197867571604	0.999990070601749
84.825	1.3	0.999988077933037	0.799653873593708	-0.000158152957797663	4.18203321336215	0.99999046234643
84.975	1.3	0.999988548443751	0.799672886836393	-0.000152941556954226	4.06208480285422	0.999990838755001
85.125	1.3	0.999988999534427	0.799691247144648	-0.00014802126692976	3.94213354632822	0.999991199627542
85.275	1.3	0.999989430809524	0.799708985294734	-0.000143389063663514	3.82217954125161	0.999991544647619
85.425	1.3	0.999989842701099	0.799726130646492	-0.000139043637364037	3.70222288060405	0.999991874160879
85.575	1.3	0.999990237800853	0.7997427108825	-0.000134985804303942	3.5822636529627	0.999992190240682
85.725	1.3	0.999990621726302	0.799758751609482	-0.00013121897166257	3.46230194250557	0.999992497381042
85.875	1.3	0.999991002164155	0.79977427592756	-0.000127749488238707	3.34233782905008	0.999992801731324
86.025	1.3	0.99999138484769	0.799789304165098	-0.000124586656119942	3.22237138836917	0.999993107878152
86.175	1.3	0.999991766624266	0.799803853964787	-0.000121742274053276	3.10240269308159	0.999993413299413
86.325	1.3	0.999992128630911	0.799817940663593	-0.000119229939389747	2.98243181427287	0.999993702904729
86.475	1.3	0.999992435946915	0.79983157737507	-0.000117064942854948	2.86245882358181	0.999993948757532
86.625	1.3	0.999992651414882	0.799844773494261	-0.000115266184678391	2.7424837948637	0.999994121131905
86.775	1.3	0.999992767155871	0.799857529946116	-0.000113861525556461	2.6225068040724	0.999994213724696
86.925	1.3	0.999992845386881	0.799869830077318	-0.00011289658316586	2.50252792629928	0.999994276309505
87.075	1.3	0.999993042792588	0.799881627228118	-0.000112443736145077	2.38254723055153	0.99999443423407
87.225	1.3	0.999993579614985	0.799892833513297	-0.000112603687168151	2.26256477583983	0.999994863691988
87.375	1.3	0.999994621920347	0.79990331748723	-0.000113488933029035	2.14258061525518	0.999995697536278
87.525	1.3	0.999996087735991	0.799912917812862	-0.000115181196829254	2.02259481535853	0.999996870188793
87.675	1.3	0.999997462985805	0.799921472012813	-0.000117667333375903	1.90260749337578	0.999997970388644
87.825	1.3	0.999997787840732	0.799928842667943	-0.00012078001307017	1.78261886330207	0.999998230272586
87.975	1.3	0.999995981974798	0.799934903561108	-0.000124190799035226	1.66262926786154	0.999996785579839
88.125	1.3	0.999991548124894	0.799939440078254	-0.000127503028846704	1.54263916632611	0.999993238499915
88.275	1.3	0.999985415327933	0.799941942925685	-0.000130445066015535	1.42264906127877	0.999988332262346
88.425	1.3	0.999980371259165	0.799941347728708	-0.00013306170546009	1.30265938641942	0.999984297007332
88.575	1.3	0.999980442217661	0.799935886019884	-0.00013567791633318	1.18267042843758	0.999984353774129
88.725	1.3	0.999988988811068	0.799923312935271	-0.000138362697466461	1.06268237856533	0.999991191048854
88.875	1.3	1.00000623862569	0.799901769955076	-0.000139788588002362	0.942695551789389	1.00000499090055
89.025	1.3	1.00002800320581	0.799871334407804	-0.000135846013371311	0.822710653329917	1.00002240256464
89.175	1.3	1.00004743839883	0.799835890633894	-0.00011900934014424	0.702728779275222	1.00003795071906
89.325	1.3	1.00005998989798	0.799804477644303	-7.98385467533982e-05	0.582750783538909	1.00004799191838
89.475	1.3	1.00006841658159	0.799791005541206	-1.15334386139257e-05	0.462775924589931	1.00005473326528
89.625	1.3	1.00008238403188	0.79981141685896	8.3202912431846e-05	0.342800353333771	1.0000659072255
89.775	1.3	1.00010912122586	0.79986827557578	0.00018618106348942	0.222816689697117	1.00008729698069
89.925	1.3	1.00013917179713	0.400016261425845	0.000263512398518404	0.102818926578397	1.0001113374377
0.075	1.5	1.07774645471592e-30	0.399977663050029	-0.000158839275665757	36.0879932455743	0.2
0.225	1.5	3.29829352658515e-30	0.799938462945054	-0.000137477619907157	36.0639945857913	0.2
0.375	1.5	-1.0693551236094e-30	0.799912727085357	-0.000103232668982938	36.0399969377976	0.2
0.525	1.5	3.27837487934557e-30	0.799902455806985	-6.62844852271716e-05	36.0159998221662	0.2
0.675	1.5	-8.86097200561552e-30	0.799905015768727	-3.38270988583696e-05	35.9920027904492	0.2
0.825	1.5	-4.19351571649347e-30	0.799915922729412	-9.11238474971018e-06	35.9680055212201	0.2
0.975	1.5	-2.37859707855868e-29	0.79993091381953	7.52736604825078e-06	35.9440078350854	0.2
1.125	1.5	-1.35811794955751e-29	0.799946860439984	1.72948508993297e-05	35.9200096663909	0.2
1.275	1.5	-3.01535972435973e-29	0.799961872537662	2.18921988050656e-05	35.896011023459	0.2
1.425	1.5	1.84331130055227e-30	0.799975038514777	2.29447256081115e-05	35.8720119540386	0.2
1.575	1.5	6.27861947328537e-30	0.799986089762789	2.17653578010536e-05	35.8480125211482	0.2
1.725	1.5	7.41051067720098e-29	0.799995119613252	1.9313105147185e-05	35.8240127886529	0.2
1.875	1.5	9.85118579963908e-29	0.80000238950454	1.62387980474824e-05	35.8000128139714	0.2
2.025	1.5	1.76080439243811e-28	0.800008212192397	1.29567988080458e-05	35.7760126452826	0.2
2.175	1.5	1.58829181564148e-28	0.800012889906549	9.71374455397721e-06	35.7520123212398	0.2
2.325	1.5	1.50832165515908e-28	0.800016686917736	6.64393347581906e-06	35.7280118718882	0.2
2.475	1.5	-2.50620285220186e-29	0.800019821503799	3.80997798073052e-06	35.7040113200247	0.2
2.625	1.5	-2.19161977244562e-28	0.800022467657425	1.23089053608626e-06	35.680010682598	0.2
2.775	1.5	-5.8747795528032e-28	0.800024760914131	-1.09935760451512e-06	35.6560099719653	0.2
2.925	1.5	-8.63934949522473e-28	0.800026805279384	-3.20002669789681e-06	35.6320091969432	0.2
3.075	1.5	-1.13318696030681e-27	0.800028679816512	-5.09635733854744e-06	35.6080083636485	0.2
3.225	1.5	-9.88820530913738e-28	0.8000304443097	-6.81529937055914e-06	35.5840074761542	0.2
3.375	1.5	-5.12408838820799e-28	0.800032143879028	-8.38312857507483e-06	35.56000653699	0.2
3.525	1.5	6.88323508360361e-28	0.800033812612493	-9.82423029575e-06	35.5360055475214	0.2
3.675	1.5	2.24862457341377e-27	0.800035476361271	-1.11605791221827e-05	35.5120045082332	0.2
3.825	1.5	4.21510675118146e-27	0.800037154866163	-1.24116205376989e-05	35.4880034189397	0.2
3.975	1.5	5.60663803777392e-27	0.800038863356658	-1.35943716508504e-05	35.4640022789412	0.2
4.125	1.5	6.00451589704139e-27	0.800040613745155	-1.47236296376509e-05	35.4400010871383	0.2
4.275	1.5	4.01808262449291e-27	0.800042415520152	-1.58122228642163e-05	35.4159998421165	0.2
4.425	1.5	-4.74210318677239e-28	0.800044276407597	-1.68712689194853e-05	35.3919985422071	0.2
4.575	1.5	-8.01297235396751e-27	0.800046202865705	-1.79104189005695e-05	35.367997185532	0.2
4.725	1.5	-1.67516363308536e-26	0.800048200449895	-1.89380792148827e-05	35.3439957700352	0.2
4.875	1.5	-2.48794033338896e-26	0.800050274086689	-1.9961608034978e-05	35.3199942935051	0.2
5.025	1.5	-2.78521072632738e-26	0.800052428278279	-2.09874862728932e-05	35.29599275359	0.2
5.175	1.5	-2.25390420931872e-26	0.800054667254284	-2.20214629587347e-05	35.2719911478084	0.2
5.325	1.5	-4.97539864222166e-27	0.800056995086176	-2.30686807532579e-05	35.2479894735547	0.2
5.475	1.5	2.35507596855651e-26	0.800059415774818	-2.41337820037345e-05	35.2239877281032	0.2
5.625	1.5	5.94541619053279e-26	0.800061933315987	-2.52209978821783e-05	35.1999859086083	0.2
5.775	1.5	9.08757893659597e-26	0.800064551750309	-2.63342245694784e-05	35.1759840121042	0.2
5.925	1.5	1.04944572875467e-25	0.80006727520301	-2.74770876644143e-05	35.1519820355032	0.2
6.075	1.5	8.50861740950054e-26	0.800070107914718	-2.86529962964991e-05	35.127979975592	0.2
6.225	1.5	2.49784847841755e-26	0.800073054265242	-2.98651891381858e-05	35.1039778290284	0.2
6.375	1.5	-7.25585660245941e-26	0.800076118794004	-3.11167739300367e-05	35.0799755923361	0.2
6.525	1.5	-1.80809590207923e-25	0.800079306217536	-3.24107617825508e-05	35.0559732619007	0.2
6.675	1.5	-2.606623090829e-25	0.800082621442858	-3.37500953217951e-05	35.0319708339631	0.2
6.825	1.5	-2.58985509205516e-25	0.800086069580609	-3.5137674225285e-05	35.0079683046141	0.2
6.975	1.5	-1.4309407395726e-25	0.800089655956828	-3.65763769571978e-05	34.9839656697883	0.2
7.125	1.5	8.64773747999107e-26	0.800093386124102	-3.80690802731952e-05	34.9599629252567	0.2
7.275	1.5	3.5429355291789e-25	0.800097265871724	-3.96186755243801e-05	34.9359600666208	0.2
7.425	1.5	5.22544903980909e-25	0.800101301235661	-4.12280846435948e-05	34.9119570893044	0.2
7.575	1.5	3.99629466909278e-25	0.80010549850989	-4.29002733598506e-05	34.8879539885467	0.2
7.725	1.5	-1.59803187137094e-25	0.800109864256285	-4.46382637365291e-05	34.8639507593938	0.2
7.875	1.5	-1.16003156220546e-24	0.800114405314868	-4.64451454863335e-05	34.8399473966913	0.2
8.025	1.5	-2.30219194961563e-24	0.800119128815252	-4.83240869864222e-05	34.8159438950749	0.2
8.175	1.5	-2.92796566910642e-24	0.800124042188536	-5.02783450943317e-05	34.7919402489624	0.2
8.325	1.5	-2.03483782039465e-24	0.8001291531781	-5.23112750571281e-05	34.7679364525436	0.2
8.475	1.5	1.41107709530274e-24	0.800134469852849	-5.44263389692122e-05	34.7439324997717	0.2
8.625	1.5	7.94822861184619e-24	0.800140000619121	-5.66271152782507e-05	34.7199283843525	0.2
8.775	1.5	1.67674903865199e-23	0.800145754234747	-5.891730760028e-05	34.6959240997345	0.2
8.925	1.5	2.49070561638876e-23	0.800151739823676	-6.13007529410004e-05	34.6719196390984	0.2
9.075	1.5	2.67666997768755e-23	0.800157966889492	-6.37814304548147e-05	34.6479149953451	0.2
9.225	1.5	1.47647798304536e-23	0.800164445330995	-6.63634701531224e-05	34.623910161085	0.2
9.375	1.5	-1.83460284837863e-23	0.80017118545914	-6.90511614195711e-05	34.5999051286253	0.2
9.525	1.5	-7.49480578659764e-23	0.800178198012881	-7.1848962159849e-05	34.5758998899575	0.2
9.675	1.5	-1.46501326491041e-22	0.800185494177391	-7.47615073184079e-05	34.5518944367445	0.2
9.825	1.5	-2.0774812995414e-22	0.800193085601826	-7.77936184696868e-05	34.5278887603068	0.2
9.975	1.5	-2.15069974430658e-22	0.800200984419546	-8.09503129852658e-05	34.5038828516084	0.2
10.125	1.5	-1.13692323104972e-22	0.800209203266784	-8.42368141725416e-05	34.4798767012416	0.2
10.275	1.5	1.41900760973758e-22	0.800217755304933	-8.76585604613459e-05	34.4558702994124	0.2
10.425	1.5	5.54166733189532e-22	0.800226654241771	-9.12212172502549e-05	34.4318636359233	0.2
10.575	1.5	1.04231342756768e-21	0.800235914354669	-9.49306863435427e-05	34.4078567001579	0.2
10.725	1.5	1.41296948138524e-21	0.800245550514938	-9.87931179523373e-05	34.3838494810621	0.2
10.875	1.5	1.36743295349727e-21	0.800255578212105	-0.00010281492167345	34.359841967127	0.2
11.025	1.5	5.73220736587569e-22	0.800266013580128	-0.000107002779853044	34.3358341463694	0.2
11.175	1.5	-1.18477071436542e-21	0.800276873426626	-0.000111363659249131	34.3118260063121	0.2
11.325	1.5	-3.78865638273061e-21	0.80028817525894	-0.000115904824305081	34.2878175339637	0.2
11.475	1.5	-6.57101370185945e-21	0.800299937315249	-0.000120633851853339	34.2638087157966	0.2
11.625	1.5	-8.2138220596311e-21	0.800312178596566	-0.000125558644966405	34.2397995377248	0.2
11.775	1.5	-6.91430672450769e-21	0.800324918898286	-0.000130687447937336	34.2157899850808	0.2
11.925	1.5	-9.48751065901811e-22	0.800338178844693	-0.000136028862764209	34.1917800425909	0.2
12.075	1.5	1.03388910765517e-20	0.800351979926012	-0.000141591865245269	34.1677696943501	0.2
12.225	1.5	2.53072220317244e-20	0.800366344533608	-0.000147385822810559	34.1437589237954	0.2
12.375	1.5	3.90062818039702e-20	0.800381295999899	-0.000153420512470582	34.1197477136781	0.2
12.525	1.5	4.31120176330965e-20	0.800396858641695	-0.000159706140133231	34.0957360460354	0.2
12.675	1.5	2.76158904294319e-20	0.800413057798674	-0.000166253360567713	34.0717239021596	0.2
12.825	1.5	-1.51932317431742e-20	0.800429919882067	-0.000173073299319988	34.0477112625675	0.2
12.975	1.5	-8.47078296755968e-20	0.80044747241906	-0.000180177572611549	34.0236981069667	0.2
13.125	1.5	-1.65503489140572e-19	0.800465744103101	-0.000187578313734038	33.9996844142223	0.2
13.275	1.5	-2.23440248396396e-19	0.800484764845409	-0.000195288194454015	33.9756701623205	0.2
13.425	1.5	-2.08611760691578e-19	0.800504565827029	-0.00020332045279075	33.9516553283316	0.2
13.575	1.5	-6.91383175074477e-20	0.800525179558063	-0.000211688919124316	33.9276398883709	0.2
13.725	1.5	2.22625424091713e-19	0.800546639933021	-0.00022040804358755	33.9036238175581	0.2
13.875	1.5	6.35375177255422e-19	0.800568982296596	-0.000229492927640031	33.8796070899749	0.2
14.025	1.5	1.0471004942236e-18	0.800592243504185	-0.000238959353963241	33.8555896786203	0.2
14.175	1.5	1.23576071012464e-18	0.800616461993694	-0.000248823819602844	33.8315715553646	0.2
14.325	1.5	9.1558278869461e-19	0.80064167785317	-0.00025910357026438	33.8075526909007	0.2
14.475	1.5	-1.62847741280105e-19	0.80066793289697	-0.000269816637553486	33.7835330546935	0.2
14.625	1.5	-2.04988420386879e-18	0.800695270744167	-0.000280981875778496	33.7595126149269	0.2
14.775	1.5	-4.40643320099582e-18	0.800723736899426	-0.000292619002599322	33.7354913384488	0.2
14.925	1.5	-6.36426827609215e-18	0.800753378838222	-0.000304748641851428	33.7114691907129	0.2
15.075	1.5	-6.55194144993641e-18	0.800784246098894	-0.000317392366539237	33.6874461357185	0.2
15.225	1.5	-3.40769282217527e-18	0.800816390375722	-0.000330572746456995	33.663422135947	0.2
15.375	1.5	4.15216741310515e-18	0.800849865616899	-0.000344313396954054	33.639397152296	0.2
15.525	1.5	1.57714876054504e-17	0.800884728130646	-0.000358639030120733	33.61537114401	0.2
15.675	1.5	2.86654721735127e-17	0.800921036692732	-0.000373575508941572	33.5913440686081	0.2
15.825	1.5	3.70998007472445e-17	0.800958852661649	-0.00038914990442623	33.5673158818084	0.2
15.975	1.5	3.29880764117005e-17	0.800998240097907	-0.000405390555380066	33.5432865374484	0.2
16.125	1.5	8.19916449754881e-18	0.801039265891638	-0.000422327130567027	33.5192559874025	0.2
16.275	1.5	-4.12455875014278e-17	0.801081999892916	-0.000439990695134105	33.4952241814949	0.2
16.425	1.5	-1.09739636460765e-16	0.801126515053578	-0.000458413780039881	33.4711910674089	0.2
16.575	1.5	-1.77238448713523e-16	0.801172887570576	-0.00047763045350621	33.4471565905917	0.2
16.725	1.5	-2.07953636601071e-16	0.801221197041173	-0.00049767639902631	33.4231206941547	0.2
16.875	1.5	-1.56103358615194e-16	0.801271526624608	-0.000518588993589885	33.3990833187693	0.2
17.025	1.5	1.85949943770534e-17	0.80132396320869	-0.000540407392170454	33.3750444025573	0.2
17.175	1.5	3.25849824808288e-16	0.801378597591541	-0.000563172615405854	33.3510038809767	0.2
17.325	1.5	7.15306362317448e-16	0.801435524666517	-0.000586927641241058	33.3269616867018	0.200000000000001
17.475	1.5	1.05413864052517e-15	0.801494843617701	-0.000611717501358098	33.3029177494967	0.200000000000001
17.625	1.5	1.1286922862604e-15	0.801556658129666	-0.000637589380952643	33.2788719960847	0.200000000000001
17.775	1.5	6.88349373860772e-16	0.801621076601052	-0.000664592724434877	33.254824350009	0.200000000000001
17.925	1.5	-4.57212381050939e-16	0.80168821237552	-0.000692779344022925	33.2307747314886	0.2
18.075	1.5	-2.29424222309593e-15	0.801758183978796	-0.000722203534619575	33.2067230572664	0.199999999999998
18.225	1.5	-4.45012626102215e-15	0.801831115373121	-0.000752922191440592	33.1826692404499	0.199999999999996
18.375	1.5	-6.09621005887926e-15	0.801907136219865	-0.000784994934400353	33.1586131903441	0.199999999999995
18.525	1.5	-6.0015037154081e-15	0.801986382158251	-0.000818484236147844	33.1345548122767	0.199999999999995
18.675	1.5	-2.82804808846955e-15	0.802068995097766	-0.000853455554054719	33.1104940074146	0.199999999999998
18.825	1.5	4.29038077819596e-15	0.802155123523961	-0.000889977468347628	33.0864306725708	0.200000000000003
18.975	1.5	1.49516364466541e-14	0.802244922821482	-0.000928121823314397	33.0623647000031	0.200000000000012
19.125	1.5	2.66927580883605e-14	0.802338555611264	-0.00096796387362868	33.0382959772015	0.200000000000021
19.275	1.5	3.45914529579456e-14	0.802436192105641	-0.00100958243390836	33.0142243866664	0.200000000000028
19.425	1.5	3.17568029549184e-14	0.802538010480999	-0.0010530600326015	32.9901498056752	0.200000000000025
19.575	1.5	1.11506685002149e-14	0.802644197266874	-0.00109848306823502	32.9660721060376	0.200000000000009
19.725	1.5	-3.11249542603073e-14	0.802754947756233	-0.00114594196916639	32.9419911538392	0.199999999999975
19.875	1.5	-9.15390753986345e-14	0.802870466434339	-0.00119553135414056	32.9179068091722	0.199999999999927
20.025	1.5	-1.55130810668265e-13	0.802990967425831	-0.001247350195557	32.8938189258531	0.199999999999876
20.175	1.5	-1.93911646496692e-13	0.803116674965957	-0.00130150198083722	32.8697273511267	0.199999999999845
20.325	1.5	-1.70224450929964e-13	0.803247823891138	-0.00135809487485199	32.8456319253552	0.199999999999864
20.475	1.5	-4.71763858112669e-14	0.803384660151952	-0.00141724187854211	32.8215324816932	0.199999999999962
20.625	1.5	1.93478945596599e-13	0.803527441347849	-0.00147906098455485	32.7974288457461	0.200000000000155
20.775	1.5	5.28815965711974e-13	0.80367643728713	-0.00154367532635814	32.7733208352123	0.200000000000423
20.925	1.5	8.74560921631597e-13	0.803831930566673	-0.00161121332051307	32.7492082595088	0.2000000000007
21.075	1.5	1.07824962168349e-12	0.803994217177127	-0.00168180879721539	32.7250909193782	0.200000000000863
21.225	1.5	9.38545501761653e-13	0.804163607131462	-0.00175560111936348	32.7009686064779	0.200000000000751
21.375	1.5	2.60889569920462e-13	0.804340425115272	-0.0018327352843372	32.6768411029501	0.200000000000209
21.525	1.5	-1.04944889328237e-12	0.804525011160816	-0.00191336200538524	32.652708180971	0.19999999999916
21.675	1.5	-2.8718164619783e-12	0.80471772134276	-0.00199763777073434	32.6285696022806	0.199999999997703
21.825	1.5	-4.76748869087972e-12	0.804918928493659	-0.00208572487254904	32.604425117691	0.199999999996186
21.975	1.5	-5.94429062517707e-12	0.805129022942049	-0.00217779140235933	32.580274466572	0.199999999995245
22.125	1.5	-5.35131519131751e-12	0.805348413264954	-0.00227401120875473	32.5561173763156	0.199999999995719
22.275	1.5	-1.95332116571518e-12	0.805577527058865	-0.00237456380676553	32.5319535617771	0.199999999998437
22.425	1.5	4.8091093889186e-12	0.805816811720246	-0.00247963423654069	32.5077827246925	0.200000000003847
22.575	1.5	1.4442871010726e-11	0.806066735240931	-0.00258941285969795	32.4836045530729	0.200000000011554
22.725	1.5	2.48743890342732e-11	0.806327787000566	-0.00270409508593109	32.4594187205752	0.2000000000199
22.875	1.5	3.22257481596312e-11	0.80660047856597	-0.00282388101952887	32.4352248858481	0.200000000025781
23.025	1.5	3.11927694818587e-11	0.806885344479436	-0.00294897501642924	32.411022691855	0.200000000024954
23.175	1.5	1.62701025580142e-11	0.807182943031595	-0.00307958513472249	32.3868117651733	0.200000000013016
23.325	1.5	-1.61184619268203e-11	0.80749385701503	-0.00321592247343456	32.36259171527	0.199999999987105
23.475	1.5	-6.48553199899384e-11	0.807818694439878	-0.00335820037950393	32.3383621337555	0.199999999948116
23.625	1.5	-1.21428139770504e-10	0.808158089204886	-0.00350663351262792	32.3141225936161	0.199999999902857
23.775	1.5	-1.68406716341917e-10	0.80851270171568	-0.00366143675432987	32.2898726484267	0.199999999865275
23.925	1.5	-1.80445991808342e-10	0.808883219422364	-0.00382282394427111	32.2656118315459	0.199999999855643
24.075	1.5	-1.29017300240116e-10	0.809270357277534	-0.00399100643086806	32.2413396552964	0.199999999896786
24.225	1.5	8.62496907122987e-12	0.809674858080783	-0.00416619141861949	32.2170556101343	0.2000000000069
24.375	1.5	2.3703225801221e-10	0.810097492693818	-0.00434858009277094	32.1927591638099	0.200000000189626
24.525	1.5	5.292575875744e-10	0.810539060099585	-0.00453836549999498	32.1684497605266	0.200000000423406
24.675	1.5	8.17041709353859e-10	0.811000387267704	-0.00473573016029063	32.144126820101	0.200000000653633
24.825	1.5	9.90149082524778e-10	0.811482328788463	-0.00494084338330831	32.1197897371315	0.200000000792119
24.975	1.5	9.10470358183577e-10	0.811985766229707	-0.00515385826363707	32.0954378801808	0.200000000728376
25.125	1.5	4.44454404750485e-10	0.812511607171772	-0.00537490833239254	32.0710705909803	0.200000000355564
25.275	1.5	-4.86975355414041e-10	0.813060783860626	-0.00560410385215015	32.0466871836639	0.19999999961042
25.425	1.5	-1.84833420396297e-09	0.813634251442953	-0.005841527755656	32.0222869440436	0.199999998521333
25.575	1.5	-3.43402537912817e-09	0.814232985726372	-0.00608723124404583	31.9978691289382	0.19999999725278
25.725	1.5	-4.83835638686188e-09	0.81485798043998	-0.00634122908009715	31.9734329655711	0.199999996129315
25.875	1.5	-5.474827470131e-09	0.815510243949477	-0.00660349461990954	31.948977651058	0.199999995620138
26.025	1.5	-4.66481334699557e-09	0.816190795398339	-0.00687395463962309	31.9245023520057	0.199999996268149
26.175	1.5	-1.804091621457e-09	0.816900660223332	-0.00715248399710246	31.9000062042479	0.199999998556727
26.325	1.5	3.40423950407472e-09	0.817640864972584	-0.00743890016019976	31.875488312746	0.200000002723392
26.475	1.5	1.06878321561527e-08	0.818412431318557	-0.00773295759814427	31.8509477516815	0.200000008550266
26.625	1.5	1.89785253831692e-08	0.819216369107223	-0.00803434201105483	31.8263835647676	0.20000001518282
26.775	1.5	2.63063028142934e-08	0.820053668255781	-0.00834266435780196	31.8017947658037	0.200000021045042
26.925	1.5	2.99048815658152e-08	0.820925289268718	-0.00865745466242985	31.7771803394948	0.200000023923905
27.075	1.5	2.66030083853545e-08	0.821832152154677	-0.00897815563484924	31.7525392425556	0.200000021282407
27.225	1.5	1.3529995967265e-08	0.822775123576918	-0.00930411626105446	31.7278704051184	0.200000010823997
27.375	1.5	-1.09105341546682e-08	0.823755002157043	-0.00963458567221169	31.7031727324693	0.199999991271573
27.525	1.5	-4.59416823216362e-08	0.824772502007836	-0.00996870779964363	31.678445107146	0.199999963246654
27.675	1.5	-8.74360129253771e-08	0.825828234736972	-0.010305517520529	31.6536863914428	0.19999993005119
27.825	1.5	-1.27393283231984e-07	0.826922690335272	-0.0106439391499464	31.6288954303915	0.199999898085373
27.975	1.5	-1.54242395708487e-07	0.82805621749327	-0.010982788216457	31.6040710553053	0.199999876606083
28.125	1.5	-1.54285303624042e-07	0.829229003926597	-0.0113207773985916	31.579212087995	0.199999876571757
28.275	1.5	-1.14427888775373e-07	0.830441057211622	-0.0116565273015723	31.5543173457748	0.199999908457689
28.425	1.5	-2.60312627208629e-08	0.831692186414901	-0.0119885824029766	31.5293856473685	0.19999997917499
28.575	1.5	1.10717326293729e-07	0.83298198444483	-0.0123154320362614	31.5044158197859	0.200000088573861
28.725	1.5	2.83001783378599e-07	0.834309810628857	-0.012635535804939	31.4794067061676	0.200000226401427
28.875	1.5	4.63630995613655e-07	0.835674772595567	-0.0129473524434491	31.4543571744815	0.200000370904797
29.025	1.5	6.12944587584044e-07	0.837075706250462	-0.0132493710674802	31.4292661268252	0.20000049035567
29.175	1.5	6.85537882384554e-07	0.838511152633576	-0.0135401441580851	31.404132508967	0.200000548430306
29.325	1.5	6.41812517134497e-07	0.839979330893919	-0.0138183227036667	31.3789553197077	0.200000513450014
29.475	1.5	4.62438511419099e-07	0.841478107633082	-0.0140826957285127	31.3537336197272	0.200000369950809
29.625	1.5	1.61429251560977e-07	0.843004964487154	-0.0143322388360994	31.328466539858	0.200000129143401
29.775	1.5	-2.08573652374007e-07	0.844556967872094	-0.0145661788746314	31.3031532891974	0.199999833141078
29.925	1.5	-5.65836938200907e-07	0.846130746902331	-0.0147840834803854	31.2777931640623	0.199999547330449
30.075	1.5	-8.28648203215891e-07	0.847722486885683	-0.0149859837475623	31.2523855592885	0.199999337081437
30.225	1.5	-9.62444054236022e-07	0.84932794555236	-0.0151725342102569	31.2269299834404	0.199999230044757
30.375	1.5	-1.03302732232788e-06	0.850942496355527	-0.0153452057974447	31.2014260787388	0.199999173578142
30.525	1.5	-1.24157159165345e-06	0.852561197311255	-0.0155064949480731	31.1758736446303	0.199999006742727
30.675	1.5	-1.90747178410295e-06	0.854178875597034	-0.0156601186176085	31.1502726609439	0.199998474022573
30.825	1.5	-3.36540390479672e-06	0.855790209915604	-0.0158111565065643	31.1246233031318	0.199997307676876
30.975	1.5	-5.76113244193649e-06	0.857389788924783	-0.015966107248625	31.0989259395681	0.199995391094046
31.125	1.5	-8.77171698852904e-06	0.858972130768561	-0.0161328537198939	31.073181101285	0.199992982626409
31.275	1.5	-1.13370111812399e-05	0.860531671363611	-0.0163205892707357	31.0473894200404	0.199990930391055
31.425	1.5	-1.15551002377907e-05	0.862062769179669	-0.016539836270419	31.0215515424089	0.19999075591981
31.575	1.5	-6.93404650968549e-06	0.863559825048586	-0.0168027685218114	30.9956680445829	0.199994452762792
31.725	1.5	4.83534489063562e-06	0.865017658154229	-0.0171240870108093	30.9697393900174	0.200003868275913
31.875	1.5	2.45551078453083e-05	0.866432282308858	-0.0175226358533119	30.9437659812555	0.200019644086276
32.025	1.5	4.98684654853822e-05	0.867802152418203	-0.018023727145277	30.9177483469977	0.200039894772388
32.175	1.5	7.38450361793146e-05	0.869129772485003	-0.0186617512962595	30.8916874658796	0.200059076028943
32.325	1.5	8.46841971501578e-05	0.870423281214769	-0.0194821424298972	30.8655851572279	0.20006774735772
32.475	1.5	6.75374009418161e-05	0.871697325846596	-0.0205413127382626	30.8394443783435	0.200054029920753
32.625	1.5	9.16869798646074e-06	0.872972334719296	-0.0219030338773154	30.8132691883559	0.200007334958389
32.775	1.5	-9.46572583346475e-05	0.874271393413115	-0.0236302461446834	30.7870641172956	0.199924274193332
32.925	1.5	-0.000230526421480755	0.875614520093004	-0.0257726877160116	30.760832766223	0.199815578862815
33.075	1.5	-0.00036051893841972	0.877011372797139	-0.0283531342436867	30.7345756906377	0.199711584849264
33.225	1.5	-0.000421416732016938	0.878455290246052	-0.0313580882893809	30.7082879668654	0.199662866614386
33.375	1.5	-0.000334301551900545	0.879923685482026	-0.0347414078769341	30.6819572202048	0.19973255875848
33.525	1.5	-2.70372268686508e-05	0.881391175855849	-0.0384496678407229	30.6555631441014	0.199978370218505
33.675	1.5	0.000531853504666187	0.882860845660493	-0.0424736773583072	30.629079468943	0.200425482803733
33.825	1.5	0.00129495776491797	0.884414351920811	-0.0469205703693888	30.6024788007293	0.201035966211934
33.975	1.5	0.0021059237532103	0.886273772119858	-0.0520879191936159	30.575739740812	0.201684739002568
34.125	1.5	0.00269312600711957	0.888860562471566	-0.0585117929146248	30.5488544324049	0.202154500805696
34.275	1.5	0.00270054336227211	0.89283384342933	-0.0669603457043894	30.5218335918243	0.202160434689818
34.425	1.5	0.00176090131518326	0.899091582056547	-0.0783525384155145	30.4947057290369	0.201408721052147
34.575	1.5	-0.000397708354108825	0.908718136577395	-0.0935904674733067	30.4675081261291	0.199681833316713
34.725	1.5	-0.00383576145262153	0.922853053848447	-0.113298445340488	30.4402693779929	0.196931390837903
34.875	1.5	-0.00831145210210014	0.942441928194251	-0.137471408669936	30.412986505499	0.19335083831832
35.025	1.5	-0.013250221800875	0.967835411834392	-0.165074794945465	30.3856027969281	0.1893998225593
35.175	1.5	-0.0177980272260569	0.998275877903202	-0.193730936935048	30.3579941489186	0.185761578219155
35.325	1.5	-0.0209598970927861	1.03148533272377	-0.219745572615037	30.3299704061549	0.183232082325771
35.475	1.5	-0.0217988727498273	1.06374810055524	-0.238741742185914	30.3012937872976	0.182560901800138
35.625	1.5	-0.0196464873907652	1.09078548320267	-0.246900597046292	30.2717107623972	0.184282810087388
35.775	1.5	-0.0142642238118025	1.10917362801347	-0.242297297838792	30.2409898830835	0.188588620950558
35.925	1.5	-0.00590581162244533	1.11748743277438	-0.225529629607279	30.2089575049267	0.195275350702044
36.075	1.5	0.00473683462782609	1.11648233067636	-0.199243301953278	30.1755245579814	0.203789467702261
36.225	1.5	0.0166809987098263	1.10838509658666	-0.166958046093678	30.1406993029664	0.213344798967861
36.375	1.5	0.028843960177132	1.09590722204666	-0.131957026370291	30.1045840992983	0.223075168141706
36.525	1.5	0.0402235721299038	1.08150395045843	-0.096692591769711	30.0673583966187	0.232178857703923
36.675	1.5	0.0500293859919449	1.06702968809911	-0.0626938104931698	30.0292533937524	0.240023508793556
36.825	1.5	0.0577464406833347	1.05369179717258	-0.0307463489508073	29.9905247337013	0.246197152546668
36.975	1.5	0.0631335459616956	1.0421529245105	-0.00113854535907957	29.9514286177147	0.250506836769356
37.125	1.5	0.0661724450195503	1.03267657631334	0.026135923396	29.9122048039366	0.25293795601564
37.275	1.5	0.0669933022271433	1.02526569393658	0.0512523492691604	29.8730676869834	0.253594641781715
37.425	1.5	0.0658058817104086	1.01977579938216	0.0744970341541491	29.8342042380211	0.252644705368327
37.575	1.5	0.0628612948068464	1.01599694565603	0.0962447873548194	29.7957754000704	0.250289035845477
37.725	1.5	0.0584557155606632	1.01369815258021	0.116929942314478	29.7579163692361	0.246764572448531
37.875	1.5	0.0529656577047102	1.0126267233543	0.136976402855379	29.7207319627064	0.242372526163768
38.025	1.5	0.0468799587626094	1.01246380810362	0.156683567577419	29.684286500136	0.237503967010087
38.175	1.5	0.0407784884658724	1.01276252120682	0.176121183968523	29.6485927114427	0.232622790772698
38.325	1.5	0.0352156036329668	1.01293156309525	0.195148343913013	29.613609006914	0.228172482906373
38.475	1.5	0.0305054862096671	1.01234804748424	0.21368469962474	29.579255778513	0.224404388967734
38.625	1.5	0.0264708387519198	1.01063727010888	0.23225447874481	29.5454564034085	0.221176671001536
38.775	1.5	0.0222819732330168	1.00803036004897	0.252614286696715	29.5121969624152	0.217825578586413
38.925	1.5	0.0165415202315565	1.00560392675767	0.278144465446331	29.4795839644854	0.213233216185245
39.075	1.5	0.00772285683440742	1.00524305071174	0.313766080116095	29.4478685145619	0.206178285467526
39.225	1.5	-0.005062882530181	1.00925893535714	0.365203569007053	29.4174061778833	0.195949693975855
39.375	1.5	-0.0211757187448437	1.01942332271799	0.436941725963222	29.3885393207042	0.183059425004125
39.525	1.5	-0.0377786414655454	1.03456396921661	0.527151607873662	29.3614216636955	0.169777086827564
39.675	1.5	-0.0497701504296085	1.0457523496465	0.618490185193626	29.3358457436551	0.160183879656313
39.825	1.5	-0.0505787639134513	1.03313566043217	0.673317008654131	29.3111678631377	0.159536988869239
39.975	1.5	-0.0337371230640887	0.978214061626148	0.655583034682812	29.2863987379475	0.173010301548729
40.125	1.5	0.00540926401986529	0.886770467337197	0.569349017280409	29.2603955302033	0.204327411215892
40.275	1.5	0.0686135000042181	0.784553684692224	0.454221070148752	29.2320412837674	0.254890800003374
40.425	1.5	0.154301777604617	0.69236762446786	0.345589663594642	29.2004028753023	0.323441422083694
40.575	1.5	0.257532915391374	0.617638225235202	0.257992870632967	29.1648591730486	0.406026332313099
40.725	1.5	0.370537141009284	0.559883718627313	0.192262858577466	29.1251696603157	0.496429712807428
40.875	1.5	0.484161037501145	0.516068927059169	0.144421258657825	29.0814762989555	0.587328830000916
41.025	1.5	0.589921471854845	0.482960577041137	0.10995213343373	29.0342390125769	0.671937177483876
41.175	1.5	0.681760890592792	0.457836058393883	0.0851167451011156	28.9841205488636	0.745408712474234
41.325	1.5	0.756757670415551	0.438590663469319	0.0671218874346839	28.9318565165334	0.805406136332441
41.475	1.5	0.814767785767577	0.423662715687698	0.0539620305017535	28.8781474653547	0.851814228614062
41.625	1.5	0.857506150266297	0.411917148875027	0.0442169425121727	28.8235919377266	0.886004920213038
41.775	1.5	0.887598401591726	0.402535188425856	0.0368824353340127	28.7686592791677	0.910078721273381
41.925	1.5	0.90787910262079	0.394925586821296	0.0312455129237684	28.7136903248615	0.926303282096632
42.075	1.5	0.920978405685011	0.388659175266457	0.0267969698531145	28.6589130189907	0.936782724548009
42.225	1.5	0.929129665353693	0.383422856390197	0.023171659647314	28.6044635645235	0.943303732282954
42.375	1.5	0.934113579330368	0.378987854462767	0.02010802666802	28.5504077555481	0.947290863464294
42.525	1.5	0.937275001941855	0.375187673987388	0.0174205416207163	28.4967600449546	0.949820001553484
42.675	1.5	0.939573516895641	0.37190239529093	0.0149804935783973	28.4434995284212	0.951658813516513
42.825	1.5	0.941646780085513	0.369047047193531	0.0127020447762065	28.3905827872806	0.95331742406841
42.975	1.5	0.943875915791507	0.366562659212342	0.0105315807915655	28.3379538343041	0.955100732633205
43.125	1.5	0.946447400043372	0.36440919330698	0.00843921878300554	28.2855515079697	0.957157920034697
43.275	1.5	0.949408345591038	0.362559924457356	0.00641189225022515	28.2333146906519	0.959526676472831
43.425	1.5	0.952713460729068	0.360997033679794	0.00444774806254869	28.1811857321687	0.962170768583254
43.575	1.5	0.956262924540611	0.359708254693291	0.00255172804337745	28.1291124526463	0.965010339632489
43.725	1.5	0.959931238084812	0.358684430086918	0.000732232336294055	28.0770490766596	0.967944990467849
43.875	1.5	0.963587779165736	0.357917825420399	-0.00100126224878125	28.0249564134679	0.970870223332589
44.025	1.5	0.967110254750665	0.357401044527693	-0.00263978529342948	27.9728015489295	0.973688203800532
44.175	1.5	0.97039248179326	0.357126395879446	-0.00417582739087863	27.9205572591431	0.976313985434608
44.325	1.5	0.973347951574213	0.35708557791532	-0.00560383012161162	27.86820130047	0.97867836125937
44.475	1.5	0.97591049682749	0.357269576095726	-0.00692035375422182	27.8157156806761	0.980728397461992
44.625	1.5	0.978033151330662	0.357668690644082	-0.00812403640206009	27.7630859748221	0.982426521064529
44.775	1.5	0.979686028837229	0.358272637819623	-0.00921542918776012	27.7103007184431	0.983748823069784
44.925	1.5	0.980853797845647	0.359070687013677	-0.0101967664137573	27.6573508890842	0.984683038276517
45.075	1.5	0.981533117734921	0.360051810515491	-0.0110717095468483	27.6042294739298	0.985226494187937
45.225	1.5	0.981730241022696	0.361204832875639	-0.0118450890618149	27.5509311141841	0.985384192818157
45.375	1.5	0.981458875097707	0.362518573255844	-0.0125226580526606	27.4974518141242	0.985167100078166
45.525	1.5	0.980738327257074	0.363981977921913	-0.0131108649130654	27.4437887027225	0.984590661805659
45.675	1.5	0.979591919111391	0.365584241917135	-0.0136166482884243	27.389939837166	0.983673535289113
45.825	1.5	0.978045640344765	0.367314919613006	-0.0140472551000882	27.3359040396147	0.982436512275812
45.975	1.5	0.976127008917037	0.369164023759287	-0.0144100811733555	27.2816807606066	0.980901607133629
46.125	1.5	0.973864108655368	0.37112211222777	-0.0147125334961737	27.2272699643543	0.979091286924295
46.275	1.5	0.971284781450397	0.373180361153475	-0.0149619131688783	27.1726720326664	0.977027825160317
46.425	1.5	0.968415957334074	0.37533062285539	-0.0151653185160224	27.1178876853592	0.974732765867259
46.575	1.5	0.965283110264842	0.377565466949852	-0.0153295684849991	27.0629179158273	0.972226488211873
46.725	1.5	0.961909830075458	0.379878203568074	-0.0154611472031924	27.0077639409584	0.969527864060367
46.875	1.5	0.958317501905828	0.382262888617823	-0.0155661712433413	26.9524271648348	0.966654001524663
47.025	1.5	0.95452508401568	0.384714312542699	-0.0156503815734401	26.8969091556834	0.963620067212544
47.175	1.5	0.950548973745011	0.387227975915095	-0.0157191621743267	26.8412116353218	0.960439178996009
47.325	1.5	0.946402950161108	0.389800057241871	-0.0157775867683517	26.7853364799018	0.957122360128886
47.475	1.5	0.942098181106505	0.392427380304869	-0.0158304939462509	26.7292857300921	0.953678544885204
47.625	1.5	0.937643282298009	0.395107389925864	-0.0158825892295258	26.6730616079951	0.950114625838407
47.775	1.5	0.933044416988223	0.39783814599055	-0.0159385703600067	26.6166665371086	0.946435533590578
47.925	1.5	0.928305426451281	0.400618345715792	-0.0160032695305916	26.5601031606002	0.942644341161025
48.075	1.5	0.923427983972528	0.403447383421173	-0.0160818035498776	26.5033743521423	0.938742387178022
48.225	1.5	0.918411767745786	0.406325455489496	-0.0161797202356893	26.4464832126562	0.934729414196629
48.375	1.5	0.913254650676154	0.409253715845856	-0.016303126765948	26.3894330456475	0.930603720540923
48.525	1.5	0.907952907121411	0.412234484222375	-0.0164587833086151	26.3322273034728	0.926362325697129
48.675	1.5	0.902501437729863	0.415271505688933	-0.016654142981423	26.2748694969865	0.922001150183891
48.825	1.5	0.896894013532071	0.418370255259138	-0.0168973170572967	26.2173630617077	0.917515210825657
48.975	1.5	0.891123539265043	0.421538275482794	-0.0171969424732732	26.1597111750994	0.912898831412035
49.125	1.5	0.885182333655481	0.424785527377176	-0.0175619275686865	26.1019165219827	0.908145866924385
49.275	1.5	0.879062421300051	0.428124725437783	-0.0180010524568018	26.0439810087944	0.903249937040041
49.425	1.5	0.87275582718845	0.431571615768078	-0.0185224039286885	25.9859054325937	0.89820466175076
49.575	1.5	0.866254861229025	0.435145143237451	-0.0191326331278485	25.9276891176458	0.89300388898322
49.725	1.5	0.859552376843512	0.438867440747597	-0.0198360393872139	25.8693295410388	0.887641901474809
49.875	1.5	0.852641985385259	0.442763564217458	-0.0206335070990833	25.8108219787657	0.882113588308208
50.025	1.5	0.845518207509657	0.44686089510602	-0.0215213545519753	25.7521592141176	0.876414566007726
50.175	1.5	0.838176544475482	0.451188143274762	-0.0224901923508418	25.6933313595307	0.870541235580385
50.325	1.5	0.830613457421528	0.455773911505241	-0.0235239293636384	25.634325849	0.864490765937223
50.475	1.5	0.822826251374222	0.460644831789483	-0.0245990978093083	25.5751276581754	0.858261001099377
50.625	1.5	0.814812872866183	0.465823351400124	-0.0256846851940942	25.5157198006552	0.851850298292947
50.775	1.5	0.80657164434374	0.471325326823286	-0.0267426477340503	25.4560841299229	0.845257315474992
50.925	1.5	0.798100972616398	0.477157662661712	-0.027729228759183	25.3962024465155	0.838480778093118
51.075	1.5	0.789399079127745	0.483316292236721	-0.0285971141885053	25.3360578714445	0.831519263302196
51.225	1.5	0.780463803267243	0.489784817036716	-0.0292983335785929	25.2756364043369	0.824371042613794
51.375	1.5	0.77129252367282	0.496534087778422	-0.0297876791160281	25.2149285453615	0.817034018938256
51.525	1.5	0.761882226021027	0.503522915486066	-0.0300262949279128	25.1539308319537	0.809505780816821
51.675	1.5	0.752229721703283	0.510699956260698	-0.029985016281906	25.0926471321037	0.801783777362626
51.825	1.5	0.742331995632122	0.518006642897351	-0.0296470367228503	25.031089549945	0.793865596505698
51.975	1.5	0.732186640788132	0.525380874741446	-0.029009559283493	24.9692788363365	0.785749312630506
52.125	1.5	0.721792329534559	0.532761059442613	-0.0280842336164906	24.9072442515859	0.777433863627647
52.275	1.5	0.711149282126447	0.540090052361633	-0.0268963638365379	24.8450228896868	0.768919425701157
52.425	1.5	0.700259721284406	0.547318570017313	-0.0254830513948518	24.7826585317194	0.760207777027525
52.575	1.5	0.689128342170282	0.554407752560375	-0.0238905740506215	24.7202001396554	0.751302673736226
52.725	1.5	0.677762867995728	0.561330690680646	-0.0221713687461892	24.657700123668	0.742210294396582
52.875	1.5	0.666174788059033	0.568072881008977	-0.0203809747945732	24.5952125145004	0.732939830447226
53.025	1.5	0.654380373297371	0.574631699513987	-0.018575216240845	24.5327911513417	0.723504298637897
53.175	1.5	0.642402025911407	0.581015063486687	-0.0168077860836358	24.470487963081	0.713921620729125
53.325	1.5	0.630269944920893	0.587239483143557	-0.0151282747492579	24.4083513866041	0.704215955936714
53.475	1.5	0.618023990136888	0.593327692046671	-0.0135805923897529	24.3464249388854	0.69441919210951
53.625	1.5	0.605715523822718	0.599306010273888	-0.0122016895901191	24.2847459456341	0.684572419058174
53.775	1.5	0.593408927810705	0.605201557943905	-0.011020488468873	24.2233444293229	0.674727142248564
53.925	1.5	0.581182457653928	0.61103941801557	-0.0100569849392655	24.1622421703316	0.664945966123142
54.075	1.5	0.569128119491419	0.616839855697331	-0.00932155105597529	24.1014519704776	0.655302495593135
54.225	1.5	0.557350341423779	0.622615735103845	-0.00881452797968909	24.0409771612859	0.645880273139023
54.375	1.5	0.545963346889006	0.628370318937693	-0.00852623272289267	23.980811404163	0.636770677511205
54.525	1.5	0.53508729922005	0.634095673870262	-0.00843749238641914	23.9209388231708	0.62806983937604
54.675	1.5	0.524843445633664	0.639771911381923	-0.00852076728823879	23.8613344937522	0.619874756506931
54.825	1.5	0.515348618698174	0.645367454415834	-0.00874184064111541	23.8019652858347	0.612278894958539
54.975	1.5	0.506709535128917	0.650840428196646	-0.00906195771412734	23.7427910322029	0.605367628103134
55.125	1.5	0.499017357860018	0.656141137041522	-0.009440215795198	23.6837659679476	0.599213886288014
55.275	1.5	0.492342960623195	0.661215430409903	-0.00983595896561079	23.6248403679991	0.593874368498556
55.425	1.5	0.486733265082471	0.666008613438809	-0.0102109311456169	23.5659622990951	0.589386612065977
55.575	1.5	0.482208922433236	0.670469454550598	-0.0105309872857673	23.507079399915	0.585767137946589
55.725	1.5	0.47876349711319	0.674553812489392	-0.010767244056311	23.4481406070536	0.583010797690552
55.875	1.5	0.476364190203928	0.67822745821442	-0.0108966477060611	23.389097753024	0.581091352163142
56.025	1.5	0.474954022069263	0.681467794251747	-0.0109020255401243	23.3299069738235	0.57996321765541
56.175	1.5	0.474455284593637	0.684264348294168	-0.010771750472838	23.2705298766195	0.579564227674909
56.325	1.5	0.47477398026234	0.686618101855355	-0.0104991756856187	23.2109344322605	0.579819184209872
56.475	1.5	0.47580489622165	0.688539871781085	-0.0100819887517325	23.1510955723154	0.58064391697732
56.625	1.5	0.477436923961534	0.690048065430393	-0.00952160000916764	23.0909954858171	0.581949539169227
56.775	1.5	0.479558234504361	0.691166167771383	-0.008822631275179	23.0306236262113	0.583646587603489
56.925	1.5	0.482060955584108	0.691920294622665	-0.00799252143281288	22.9699764532315	0.585648764467286
57.075	1.5	0.484845066399534	0.692337076645614	-0.00704122542516449	22.909056946515	0.587876053119627
57.225	1.5	0.48782131735947	0.692442044744785	-0.00598095873144219	22.8478739368179	0.590257053887576
57.375	1.5	0.490913084101626	0.692258589939286	-0.00482593180916526	22.7864413061198	0.592730467281301
57.525	1.5	0.4940571639183	0.691807485367721	-0.00359202593722071	22.7247771095702	0.59524573113464
57.675	1.5	0.497203607590476	0.691106894102555	-0.0022963788984322	22.6629026703907	0.597762886072381
57.825	1.5	0.500314743167471	0.690172746818645	-0.000956870824019856	22.6008416940897	0.600251794533977
57.975	1.5	0.503363587209963	0.689019356419752	0.000408477330021095	22.5386194414463	0.602690869767971
58.125	1.5	0.506331854021867	0.687660138336604	0.00178216122020252	22.476261991528	0.605065483217493
58.275	1.5	0.509207768424377	0.686108319637033	0.00314786145834163	22.4137956172793	0.607366214739502
58.425	1.5	0.511983865641865	0.684377544515775	0.0044910707436625	22.3512462876289	0.609587092513492
58.575	1.5	0.514654933024547	0.682482309978428	0.00579962731988363	22.2886393020171	0.611723946419637
58.725	1.5	0.517216211514916	0.680438195510059	0.00706410809082386	22.225999056023	0.613772969211933
58.875	1.5	0.519661938384707	0.678261877882395	0.0082780455078987	22.1633489305307	0.615729550707765
59.025	1.5	0.521984277709983	0.675970946924746	0.00943794706487115	22.1007112916245	0.617587422167987
59.175	1.5	0.524172653500222	0.673583557674461	0.0105431133552475	22.03810758416	0.619338122800178
59.325	1.5	0.526213473129727	0.671117967382588	0.0115952683902041	21.9755584987775	0.620970778503781
59.475	1.5	0.528090206010972	0.668592011269236	0.0125980320106834	21.9130841901587	0.622472164808778
59.625	1.5	0.529783764523953	0.666022568438941	0.0135562761619593	21.8507045237898	0.623827011619163
59.775	1.5	0.531273121670028	0.66342506000459	0.0144754118282834	21.7884393295975	0.625018497336023
59.925	1.5	0.532536093923969	0.660813007875669	0.0153606494815929	21.7263086435609	0.626028875139175
60.075	1.5	0.533550219864119	0.658197669014998	0.0162162625380616	21.6643329223991	0.626840175891295
60.225	1.5	0.534293676604585	0.655587751309198	0.0170448628865214	21.6025332207769	0.627434941283668
60.375	1.5	0.534746196637602	0.652989218039914	0.0178466759409023	21.5409313237254	0.627796957310082
60.525	1.5	0.534889974542343	0.650405200282729	0.0186187891671358	21.4795498275054	0.627911979633874
60.675	1.5	0.53471057972181	0.647836057681934	0.0193543537239939	21.4184121586644	0.627768463777448
60.825	1.5	0.534197908135497	0.645279648821564	0.0200417532614163	21.3575425134934	0.627358326508398
60.975	1.5	0.533347201548937	0.642731877035194	0.0206638201789293	21.2969656904812	0.62667776123915
61.125	1.5	0.532160127723914	0.640187545446174	0.0211972690568501	21.2367067813613	0.625728102179132
61.275	1.5	0.530645846808148	0.637641466024187	0.0216126044147119	21.1767906891272	0.624516677446518
61.425	1.5	0.528821898059965	0.635089609358089	0.0218748022425826	21.1172414624336	0.623057518447972
61.575	1.5	0.526714654119717	0.632529861104157	0.0219450039969282	21.058081482329	0.621371723295774
61.725	1.5	0.524359053143713	0.6299617039654	0.0217832358740748	20.9993306114859	0.61948724251497
61.875	1.5	0.521797393531088	0.627383946302099	0.0213517280163081	20.9410055106666	0.61743791482487
62.025	1.5	0.519077228677057	0.624789588407127	0.0206177537455763	20.8831194208076	0.615261782941646
62.175	1.5	0.516248885187274	0.622157206097247	0.0195541112639388	20.8256827638301	0.612999108149819
62.325	1.5	0.513363864031997	0.619438991999003	0.0181346130510093	20.7687048770693	0.610691091225598
62.475	1.5	0.51047631443153	0.616546930685239	0.0163215422185824	20.7121970016404	0.608381051545224
62.625	1.5	0.507650728186031	0.613340482606241	0.0140424042218102	20.6561762360659	0.606120582548825
62.775	1.5	0.504979676683943	0.609621434881792	0.0111549353092509	20.6006695144568	0.603983741347154
62.925	1.5	0.502615334568719	0.605143876682018	0.00740271874833936	20.5457158055542	0.602092267654975
63.075	1.5	0.500817097479091	0.599648977141719	0.00236935169412987	20.4913637797681	0.600653677983273
63.225	1.5	0.500014136198524	0.592934353761952	-0.0045528273715221	20.4376613964705	0.600011308958819
63.375	1.5	0.500875637385849	0.584964293779687	-0.0141533529817328	20.384633584452	0.600700509908679
63.525	1.5	0.504372526561941	0.576016054226918	-0.0273181848217909	20.3322448916072	0.603498021249553
63.675	1.5	0.511803157854701	0.566833396821162	-0.044832357515386	20.2803462197742	0.609442526283761
63.825	1.5	0.524744133181904	0.558718676163897	-0.0670588108789755	20.2286091784075	0.619795306545523
63.975	1.5	0.544882166033802	0.553452993491722	-0.0935468692161254	20.1764588558272	0.635905732827042
64.125	1.5	0.573695393201631	0.552939662541052	-0.12272625897143	20.1230259989869	0.658956314561305
64.275	1.5	0.611997620499868	0.558592024004354	-0.151920978466692	20.0671499311695	0.689598096399894
64.425	1.5	0.659441567878936	0.570724289922333	-0.17785304352397	20.0074648000652	0.727553254303148
64.575	1.5	0.714170296156488	0.588342135998997	-0.197529308366978	19.9425802368408	0.77133623692519
64.725	1.5	0.77284138619416	0.609513732330262	-0.209081188519584	19.8713219173082	0.818273108955328
64.875	1.5	0.83114975381977	0.632066335687275	-0.212114988580872	19.7929556278347	0.864919803055816
65.025	1.5	0.884740281317471	0.654170736732957	-0.207497471648779	19.70731591014	0.907792225053977
65.175	1.5	0.930167101284088	0.674590796645912	-0.19684362071798	19.6148002952423	0.94413368102727
65.325	1.5	0.965515982147103	0.692659510915828	-0.182008296853115	19.5162447425401	0.972412785717682
65.475	1.5	0.990506527045222	0.708138280909655	-0.164734863437764	19.4127350058812	0.992405221636178
65.625	1.5	1.00616296991689	0.721066737567465	-0.146476659783132	19.305416704264	1.00493037593352
65.775	1.5	1.01428799150275	0.731643504433842	-0.128343950687137	19.1953484455931	1.0114303932022
65.925	1.5	1.01695272140563	0.74014347194988	-0.111120503258044	19.0834147610613	1.01356217712451
66.075	1.5	1.01611695504294	0.746865918957178	-0.0953091314329324	18.9702940169584	1.01289356403435
66.225	1.5	1.01340525957718	0.75210511245884	-0.0811842310999537	18.8564660563186	1.01072420766174
66.375	1.5	1.01001694217338	0.756135097727764	-0.0688426854458595	18.7422427638081	1.00801355373871
66.525	1.5	1.00673191506089	0.759202172744647	-0.0582509739956094	18.6278077282389	1.00538553204872
66.675	1.5	1.0039744590872	0.761521154701383	-0.0492878525548095	18.5132554997056	1.00317956726976
66.825	1.5	1.00190300830601	0.763273829570291	-0.0417814725771326	18.3986249895178	1.00152240664481
66.975	1.5	1.00050229375072	0.764609229467814	-0.0355394135403211	18.2839247469008	1.00040183500057
67.125	1.5	0.999662796621349	0.765645655434974	-0.0303705917966093	18.1691500466641	0.999730237297079
67.275	1.5	0.999240299527709	0.766474136004401	-0.0260991124151446	18.0542930130748	0.999392239622167
67.425	1.5	0.99909445629313	0.767162750828985	-0.0225712201332137	17.9393475556583	0.999275565034504
67.575	1.5	0.999109250793666	0.767761176837654	-0.0196571427497419	17.8243109156952	0.999287400634933
67.725	1.5	0.999200059261901	0.768304931532017	-0.0172497166288649	17.7091833344584	0.999360047409521
67.875	1.5	0.999312250224297	0.768818994993996	-0.0152613922008318	17.5939669398687	0.999449800179438
68.025	1.5	0.999415488584187	0.769320693642239	-0.0136207570916377	17.4786645371963	0.99953239086735
68.175	1.5	0.999496734145947	0.769821874009943	-0.0122692583669781	17.3632786542053	0.999597387316757
68.325	1.5	0.999553749552559	0.770330474264598	-0.0111584448665557	17.2478109570236	0.999642999642047
68.475	1.5	0.999589980798543	0.770851627954896	-0.0102478103819188	17.1322620144182	0.999671984638834
68.625	1.5	0.999611018803241	0.771388428106616	-0.00950318448064722	17.016631324006	0.999688815042593
68.775	1.5	0.999622473024168	0.771942457425304	-0.00889556123117949	16.9009174993456	0.999697978419334
68.925	1.5	0.99962892377942	0.772514163714157	-0.0084002475955474	16.7851185297802	0.999703139023536
69.075	1.5	0.999633595329527	0.773103135238662	-0.00799622947133269	16.6692320490422	0.999706876263622
69.225	1.5	0.99963844300289	0.773708311443691	-0.00766567844348416	16.5532555736913	0.999710754402312
69.375	1.5	0.99964442813166	0.774328150603852	-0.0073935470509554	16.4371866931454	0.999715542505328
69.525	1.5	0.999651835276731	0.774960766932311	-0.00716722048667423	16.3210232075641	0.999721468221385
69.675	1.5	0.999660552472884	0.775604044227994	-0.00697620696585855	16.2047632184469	0.999728441978307
69.825	1.5	0.999670282284596	0.776255730155558	-0.00681185805098158	16.0884051807673	0.999736225827677
69.975	1.5	0.999680680469241	0.776913513778588	-0.00666711523859639	15.9719479262866	0.999744544375393
70.125	1.5	0.999691433863473	0.777575088327572	-0.00653628141757718	15.8553906667352	0.999753147090778
70.275	1.5	0.999702294247944	0.778238200944414	-0.006414816509554	15.7387329838144	0.999761835398355
70.425	1.5	0.999713084400522	0.778900691050194	-0.00629915650883894	15.6219748111145	0.999770467520417
70.575	1.5	0.999723689322718	0.779560518915703	-0.00618655475999201	15.5051164114276	0.999778951458175
70.725	1.5	0.999734041680863	0.780215785921852	-0.00607494392761686	15.3881583516817	0.99978723334469
70.875	1.5	0.999744106932783	0.780864747877155	-0.00596281684598692	15.2711014768502	0.999795285546227
71.025	1.5	0.999753870874802	0.781505822619131	-0.00584912431497562	15.1539468836379	0.999803096699842
71.175	1.5	0.999763330514298	0.782137592977758	-0.00573318791253807	15.0366958944176	0.999810664411439
71.325	1.5	0.999772488118153	0.782758806035769	-0.00561462598780395	14.9193500317207	0.999817990494522
71.475	1.5	0.999781347800953	0.783368369485721	-0.00549329114473245	14.8019109935026	0.999825078240763
71.625	1.5	0.999789913894834	0.783965345763714	-0.0053692176953535	14.6843806293611	0.999831931115867
71.775	1.5	0.999798190419799	0.784548944532972	-0.00524257773357919	14.5667609178632	0.999838552335839
71.925	1.5	0.999806181132782	0.785118513997363	-0.00511364464306439	14.4490539451164	0.999844944906226
72.075	1.5	0.999813889804358	0.785673531444455	-0.00498276300003607	14.3312618846898	0.999851111843487
72.225	1.5	0.999821320517202	0.786213593346602	-0.00485032396261829	14.213386978968	0.999857056413761
72.375	1.5	0.999828477887324	0.786738405288066	-0.00471674535248741	14.0954315219843	0.999862782309859
72.525	1.5	0.999835367178149	0.787247771932411	-0.00458245573467688	13.9773978437526	0.99986829374252
72.675	1.5	0.999841994316023	0.787741587199282	-0.00444788188826982	13.8592882960866	0.999873595452818
72.825	1.5	0.999848365832516	0.788219824779814	-0.00431343913834162	13.7411052398749	0.999878692666013
72.975	1.5	0.999854488762249	0.78868252908657	-0.00417952408623097	13.6228510337547	0.999883591009799
73.125	1.5	0.99986037052113	0.789129806706276	-0.00404650933650719	13.5045280241202	0.999888296416904
73.275	1.5	0.999866018783391	0.78956181839917	-0.00391473987169552	13.3861385363831	0.999892815026713
73.425	1.5	0.999871441368998	0.789978771670437	-0.00378453077412187	13.2676848674035	0.999897153095198
73.575	1.5	0.999876646147456	0.790380913923301	-0.00365616603621149	13.149169279	0.999901316917964
73.725	1.5	0.999881640959864	0.79076852619074	-0.0035298982385626	13.0305939924526	0.999905312767891
73.875	1.5	0.999886433558485	0.791141917433565	-0.00340594890823958	12.9119611839087	0.999909146846788
74.025	1.5	0.999891031561723	0.791501419384989	-0.00328450939925465	12.7932729806074	0.999912825249378
74.175	1.5	0.99989544242174	0.791847381916604	-0.00316574216282135	12.674531457841	0.999916353937392
74.325	1.5	0.999899673402086	0.792180168897036	-0.0030497822975062	12.5557386365759	0.999919738721669
74.475	1.5	0.999903731562893	0.792500154511883	-0.00293673928892558	12.4368964816613	0.999922985250315
74.625	1.5	0.999907623751659	0.792807720012677	-0.00282669886524325	12.318006900557	0.999926099001327
74.775	1.5	0.999911356598084	0.793103250862001	-0.00271972490944529	12.1990717425195	0.999929085278467
74.925	1.5	0.999914936511821	0.793387134241809	-0.00261586138123114	12.0800927981877	0.999931949209457
75.075	1.5	0.99991836968229	0.793659756893709	-0.00251513421196253	11.9610717995172	0.999934695745832
75.225	1.5	0.999921662080016	0.793921503260045	-0.00241755314481772	11.8420104200142	0.999937329664013
75.375	1.5	0.999924819459069	0.794172753897206	-0.00232311349930284	11.7229102752279	0.999939855567255
75.525	1.5	0.999927847360359	0.794413884133204	-0.00223179784545841	11.6037729234602	0.999942277888287
75.675	1.5	0.999930751115579	0.79464526294425	-0.00214357757789835	11.4845998666601	0.999944600892463
75.825	1.5	0.9999335358517	0.794867252026372	-0.00205841438379573	11.3653925514704	0.99994682868136
75.975	1.5	0.999936206495863	0.795080205040068	-0.00197626160201013	11.2461523704002	0.99994896519669
76.125	1.5	0.999938767780625	0.795284467007865	-0.00189706547324511	11.1268806630974	0.9999510142245
76.275	1.5	0.999941224249474	0.795480373846557	-0.00182076628281973	11.0075787177006	0.999952979399579
76.425	1.5	0.999943580262525	0.795668252017054	-0.00174729939928453	10.8882477722523	0.99995486421002
76.575	1.5	0.999945840002363	0.795848418277198	-0.00167659621316138	10.7688890161543	0.99995667200189
76.725	1.5	0.999948007479981	0.796021179523493	-0.00160858498068888	10.649503591654	0.999958405983985
76.875	1.5	0.999950086540731	0.796186832709779	-0.0015431915783715	10.5300925953471	0.999960069232585
77.025	1.5	0.99995208087026	0.796345664831899	-0.00148034017381345	10.4106570796864	0.999961664696208
77.175	1.5	0.999953994000432	0.796497952968528	-0.00141995381912112	10.291198054489	0.999963195200346
77.325	1.5	0.999955829315143	0.7966439643695	-0.00136195497254294	10.1717164884316	0.999964663452114
77.475	1.5	0.99995759005604	0.796783956584028	-0.00130626595447772	10.05221331053	0.999966072044832
77.625	1.5	0.999959279328129	0.796918177622102	-0.00125280934330645	9.93268941159552	0.999967423462503
77.775	1.5	0.999960900105227	0.797046866142822	-0.00120150831657351	9.81314564566451	0.999968720084182
77.925	1.5	0.999962455235284	0.797170251664859	-0.0011522869427604	9.69358283139785	0.999969964188227
78.075	1.5	0.999963947445533	0.797288554794128	-0.00110507042843236	9.57400175344644	0.999971157956427
78.225	1.5	0.999965379347492	0.797401987464888	-0.00105978532534321	9.45440316378116	0.999972303477993
78.375	1.5	0.999966753441785	0.797510753190734	-0.00101635970177912	9.33478778298543	0.999973402753428
78.525	1.5	0.999968072122816	0.797615047322592	-0.000974723282012849	9.21515630150902	0.999974457698253
78.675	1.5	0.999969337683254	0.797715057311053	-0.000934807557548305	9.09550938088237	0.999975470146603
78.825	1.5	0.999970552318364	0.797810962971023	-0.000896545873385871	8.97584765489094	0.999976441854691
78.975	1.5	0.999971718130184	0.797902936746567	-0.000859873492391589	8.85617173070938	0.999977374504147
79.125	1.5	0.999972837131519	0.797991143974694	-0.000824727640505761	8.73648218999567	0.999978269705215
79.275	1.5	0.999973911249789	0.798075743146538	-0.000791047535258103	8.6167795899455	0.999979128999831
79.425	1.5	0.999974942330728	0.798156886164964	-0.000758774399846812	8.49706446430736	0.999979953864583
79.575	1.5	0.999975932141916	0.798234718597567	-0.000727851464762384	8.37733732435897	0.999980745713533
79.725	1.5	0.99997688237618	0.798309379924586	-0.000698223958880851	8.25759865984583	0.999981505900944
79.875	1.5	0.999977794654846	0.798381003780805	-0.000669839091524308	8.13784893988275	0.999982235723876
80.025	1.5	0.999978670530851	0.798449718191381	-0.000642646026926129	8.01808861381915	0.99998293642468
80.175	1.5	0.999979511491729	0.798515645800888	-0.000616595852537137	7.89831811206931	0.999983609193384
80.325	1.5	0.999980318962474	0.798578904095674	-0.000591641542153112	7.77853784690848	0.999984255169979
80.475	1.5	0.999981094308262	0.798639605619039	-0.000567737914909105	7.65874821323585	0.99998487544661
80.625	1.5	0.999981838837069	0.798697858179435	-0.000544841591098708	7.5389495893056	0.999985471069655
80.775	1.5	0.99998255380217	0.798753765051399	-0.000522910945510173	7.41914233742699	0.999986043041736
80.925	1.5	0.999983240404523	0.79880742516953	-0.000501906059031103	7.29932680463465	0.999986592323618
81.075	1.5	0.999983899795048	0.798858933315155	-0.000481788669064067	7.17950332333006	0.999987119836038
81.225	1.5	0.999984533076813	0.798908380296252	-0.000462522119403127	7.05967221189535	0.999987626461451
81.375	1.5	0.999985141307146	0.798955853120314	-0.000444071309843342	6.93983377528052	0.999988113045717
81.525	1.5	0.999985725499655	0.799001435160582	-0.000426402646154754	6.81998830556493	0.999988580399724
81.675	1.5	0.999986286626183	0.79904520631566	-0.000409483990594212	6.70013608249426	0.999989029300946
81.825	1.5	0.999986825618655	0.79908724316274	-0.000393284613398195	6.58027737399378	0.999989460494924
81.975	1.5	0.999987343370789	0.799127619104556	-0.00037777514550374	6.46041243665904	0.999989874696632
82.125	1.5	0.999987840739633	0.7991664045103	-0.000362927532726529	6.34054151622468	0.999990272591707
82.275	1.5	0.999988318546973	0.799203666850666	-0.000348714991715351	6.22066484801256	0.999990654837578
82.425	1.5	0.999988777580716	0.799239470827206	-0.000335111967853454	6.10078265735987	0.999991022064572
82.575	1.5	0.999989218596469	0.799273878496031	-0.000322094095413573	5.98089516002814	0.999991374877175
82.725	1.5	0.99998964231953	0.799306949386217	-0.000309638160211425	5.86100256259392	0.999991713855624
82.875	1.5	0.999990049447322	0.799338740612691	-0.000297722064986345	5.74110506282197	0.999992039557858
83.025	1.5	0.999990440651834	0.799369306983913	-0.000286324797820775	5.62120285002157	0.999992352521467
83.175	1.5	0.999990816581078	0.799398701104339	-0.00027542640378962	5.50129610538694	0.999992653264862
83.325	1.5	0.999991177858238	0.799426973471916	-0.00026500796001077	5.38138500232254	0.99999294228659
83.475	1.5	0.999991525077785	0.799454172570684	-0.000255051554479992	5.26146970675444	0.999993220062228
83.625	1.5	0.999991858799869	0.799480344958513	-0.000245540269105902	5.14155037742858	0.999993487039895
83.775	1.5	0.999992179547424	0.79950553534973	-0.000236458167977235	5.02162716619686	0.999993743637939
83.925	1.5	0.999992487813181	0.799529786691347	-0.000227790292168739	4.90170021829122	0.999993990250545
84.075	1.5	0.999992784082873	0.799553140231339	-0.000219522662873299	4.78176967258549	0.999994227266298
84.225	1.5	0.999993068872971	0.799575635576882	-0.000211642294100368	4.66183566184457	0.999994455098376
84.375	1.5	0.999993342765488	0.799597310741311	-0.000204137214770143	4.54189831296156	0.999994674212391
84.525	1.5	0.999993606404407	0.799618202180826	-0.000196996497839738	4.42195774718613	0.999994885123526
84.675	1.5	0.999993860412571	0.799638344824434	-0.000190210292319957	4.30201408035139	0.999995088330057
84.825	1.5	0.999994105214257	0.799657772101378	-0.000183769855548002	4.18206742310921	0.999995284171406
84.975	1.5	0.999994340819902	0.799676515965826	-0.000177667590450211	4.06211788118287	0.999995472655921
85.125	1.5	0.99999456673114	0.79969460690532	-0.000171897106678267	3.94216555563637	0.999995653384912
85.275	1.5	0.999994782196896	0.799712073900089	-0.000166453340293937	3.82221054314273	0.999995825757516
85.425	1.5	0.999994986993642	0.799728944282808	-0.000161332771374391	3.70225293621637	0.999995989594914
85.575	1.5	0.99999518261916	0.799745243451549	-0.000156533753303154	3.58229282337376	0.999996146095328
85.725	1.5	0.999995373282454	0.799760994431001	-0.000152056897959714	3.46233028922275	0.999996298625963
85.875	1.5	0.999995565555531	0.799776217361807	-0.00014790535766608	3.34236541456481	0.999996452444425
86.025	1.5	0.999995765484816	0.799790929091505	-0.000144084762547697	3.22239827670436	0.999996612387852
86.175	1.5	0.999995972902429	0.79980514305843	-0.000140602614110755	3.10242895022817	0.999996778321943
86.325	1.5	0.999996174893007	0.799818869488037	-0.000137467214271655	2.98245750844149	0.999996939914406
86.475	1.5	0.999996343261317	0.799832115486242	-0.000134686750122669	2.86248402534275	0.999997074609054
86.625	1.5	0.999996442563275	0.799844884000105	-0.000132269767058717	2.74250857751801	0.99999715405062
86.775	1.5	0.999996453049486	0.799857170167186	-0.000130228450324295	2.62253124488601	0.999997162439589
86.925	1.5	0.99999640457473	0.799868953878642	-0.000128585187694911	2.50255210928354	0.999997123659784
87.075	1.5	0.999996404159606	0.799880189009224	-0.000127380276587508	2.38257125093169	0.999997123327685
87.225	1.5	0.999996627949101	0.799890792741158	-0.000126674715137343	2.26258874496052	0.999997302359281
87.375	1.5	0.999997249491223	0.799900641579774	-0.000126538685338878	2.1426046626209	0.999997799592978
87.525	1.5	0.999998302129494	0.799909581477665	-0.000127017084998727	2.02261908277265	0.999998641703596
87.675	1.5	0.999999524806712	0.799917454802435	-0.000128071940918453	1.90263211647723	0.99999961984537
87.825	1.5	1.00000029694865	0.799924135186247	-0.00012951836624513	1.78264394000002	1.00000023755892
87.975	1.5	0.999999785166679	0.799929545856649	-0.00013098963574758	1.66265482145195	0.999999828133343
88.125	1.5	0.999997353421636	0.79993362809701	-0.000131973156347358	1.54266512012966	0.999997882737309
88.275	1.5	0.999993116740279	0.799936239289508	-0.000131934182031735	1.42267524387312	0.999994493392223
88.425	1.5	0.999988316374348	0.799937006270553	-0.000130479984131655	1.30268557268418	0.999990653099478
88.575	1.5	0.999985121326873	0.799935233227476	-0.000127435542473085	1.18269638804827	0.999988097061499
88.725	1.5	0.999985691646055	0.799930027008821	-0.00012266522258986	1.06270786228744	0.999988553316844
88.875	1.5	0.999990896535289	0.799920791234081	-0.000115567805062235	0.942720130132421	0.999992717228231
89.025	1.5	0.999999671778972	0.799908092519847	-0.000104437108989977	0.82273337596319	0.999999737423178
89.175	1.5	1.00001003132029	0.79989462012194	-8.62273084523036e-05	0.702747768877423	1.00000802505623
89.325	1.5	1.00002169180087	0.799885666741759	-5.74240876293276e-05	0.582763067797953	1.0000173534407
89.475	1.5	1.00003833533267	0.799888483392577	-1.63634028777887e-05	0.462777908402453	1.00003066826614
89.625	1.5	1.00006612869453	0.79991021507912	3.36506751172735e-05	0.342789167353139	1.00005290295563
89.775	1.5	1.00010630889681	0.799944849220743	8.22612830074811e-05	0.222792152683201	1.00008504711745
89.925	1.5	1.00014435476244	0.400044913055285	0.000112903549927844	0.102785306355923	1.00011548380995
0.075	1.7	2.13940466866256e-30	0.399987038558064	-0.000111774753337325	36.0879984078414	0.2
0.225	1.7	1.52549577913756e-31	0.79996356579851	-0.000100978322832306	36.0639991855279	0.2
0.375	1.7	4.26261371167949e-30	0.799946442880626	-8.25869293956134e-05	36.0400005938935	0.2
0.525	1.7	-4.4525655921485e-30	0.79993732063991	-6.10721991545792e-05	36.016002398955	0.2
0.675	1.7	9.19836821526589e-31	0.799935710948201	-4.03064117901324e-05	35.9920043546551	0.2
0.825	1.7	-1.68405021192484e-29	0.799939862035169	-2.27104689183951e-05	35.9680062562981	0.2
0.975	1.7	-9.24110273975325e-30	0.799947669283199	-9.2723338145521e-06	35.9440079629329	0.2
1.125	1.7	-3.10726516140466e-29	0.799957267682077	3.452530592379e-08	35.9200093961411	0.2
1.275	1.7	-1.00088665430695e-29	0.7999672801167	5.78648129775868e-06	35.896010526872	0.2
1.425	1.7	-1.98878850283324e-29	0.799976833713269	8.75767825460303e-06	35.8720113593341	0.2
1.575	1.7	3.3175372943614e-29	0.7999854654802	9.70838546196606e-06	35.8480119168492	0.2
1.725	1.7	4.8255287690354e-29	0.799992999648468	9.28471918857654e-06	35.8240122314053	0.2
1.875	1.7	1.31955878269383e-28	0.799999438369938	7.98903316062586e-06	35.8000123368703	0.2
2.025	1.7	1.43293671072929e-28	0.800004879911614	6.18759125698679e-06	35.7760122651031	0.2
2.175	1.7	1.95114307376528e-28	0.800009464176123	4.13364814182434e-06	35.7520120440756	0.2
2.325	1.7	1.04362675648225e-28	0.800013339896193	1.99372141014814e-06	35.7280116972526	0.2
2.475	1.7	9.19294944037845e-30	0.800016646970429	-1.2869029272281e-07	35.7040112436818	0.2
2.625	1.7	-2.83289285382525e-28	0.800019508453395	-2.17395602468695e-06	35.6800106984343	0.2
2.775	1.7	-5.49214526043953e-28	0.800022028205475	-4.1118562378802e-06	35.6560100731747	0.2
2.925	1.7	-9.31793556118338e-28	0.800024291571697	-5.93117051784134e-06	35.632009376742	0.2
3.075	1.7	-1.06031524222413e-27	0.800026367451503	-7.63243586227986e-06	35.6080086156804	0.2
3.225	1.7	-1.02546402420146e-27	0.800028310838502	-9.22306138520099e-06	35.5840077946949	0.2
3.375	1.7	-3.67162927709444e-28	0.800030165335368	-1.07141215522155e-05	35.56000691703	0.2
3.525	1.7	6.91865490485906e-28	0.80003196540953	-1.21183142162995e-05	35.5360059847748	0.2
3.675	1.7	2.43456028281685e-27	0.800033738317835	-1.34487042522406e-05	35.5120049991055	0.2
3.825	1.7	4.14974855076217e-27	0.800035505684086	-1.47179907046692e-05	35.4880039604757	0.2
3.975	1.7	5.66035689284234e-27	0.800037284774437	-1.593810858963e-05	35.4640028687644	0.2
4.125	1.7	5.6453300894127e-27	0.800039089500895	-1.71200463217927e-05	35.4400017233893	0.2
4.275	1.7	3.7637092951378e-27	0.800040931215962	-1.82737928062227e-05	35.4160005233944	0.2
4.425	1.7	-1.15361566725355e-27	0.800042819325593	-1.94083623310308e-05	35.3919992675163	0.2
4.575	1.7	-8.2802029946742e-27	0.800044761768915	-2.05318609735421e-05	35.3679979542348	0.2
4.725	1.7	-1.70640241380815e-26	0.800046765387765	-2.16515739690598e-05	35.3439965818102	0.2
4.875	1.7	-2.4073368185798e-26	0.800048836211156	-2.27740604021872e-05	35.3199951483115	0.2
5.025	1.7	-2.66083706702243e-26	0.800050979677989	-2.39052456951451e-05	35.2959936516375	0.2
5.175	1.7	-1.98556022532943e-26	0.800053200808116	-2.50505115465426e-05	35.2719920895309	0.2
5.325	1.7	-2.56981429433467e-27	0.800055504334016	-2.62147761372921e-05	35.247990459589	0.2
5.475	1.7	2.5809936928423e-26	0.800057894805836	-2.74025673744848e-05	35.2239887592708	0.2
5.625	1.7	5.83806390989876e-26	0.800060376671342	-2.86180879770706e-05	35.1999869859007	0.2
5.775	1.7	8.63853418757866e-26	0.800062954340673	-2.98652726791252e-05	35.1759851366705	0.2
5.925	1.7	9.43086396245046e-26	0.800065632236364	-3.11478378458094e-05	35.1519832086402	0.2
6.075	1.7	7.166095870147e-26	0.800068414835025	-3.24693263245561e-05	35.1279811987364	0.2
6.225	1.7	1.08621703371605e-26	0.800071306699069	-3.38331450424169e-05	35.1039791037501	0.2
6.375	1.7	-7.67586985186457e-26	0.800074312505799	-3.52425986768276e-05	35.0799769203344	0.2
6.525	1.7	-1.6811502788291e-25	0.80007743706858	-3.67009185503468e-05	35.0559746449998	0.2
6.675	1.7	-2.19531056876521e-25	0.80008068535689	-3.82112898263e-05	35.0319722741103	0.2
6.825	1.7	-1.9292219465789e-25	0.800084062513952	-3.97768728976212e-05	35.0079698038784	0.2
6.975	1.7	-6.24388335708159e-26	0.800087573871929	-4.14008238674291e-05	34.9839672303595	0.2
7.125	1.7	1.42972610204823e-25	0.800091224965095	-4.30863136102944e-05	34.9599645494461	0.2
7.275	1.7	3.40562391413465e-25	0.800095021542912	-4.48365425917213e-05	34.9359617568616	0.2
7.425	1.7	3.7736227340908e-25	0.800098969583394	-4.66547570596798e-05	34.9119588481535	0.2
7.575	1.7	9.64252990135497e-26	0.800103075304247	-4.85442613152189e-05	34.8879558186866	0.2
7.725	1.7	-6.02384623377134e-25	0.800107345175125	-5.05084317329915e-05	34.8639526636352	0.2
7.875	1.7	-1.61301382507805e-24	0.800111785928614	-5.25507266990861e-05	34.839949377976	0.2
8.025	1.7	-2.53797587137503e-24	0.800116404573001	-5.46746991286967e-05	34.8159459564795	0.2
8.175	1.7	-2.6070376448325e-24	0.800121208404159	-5.68840059810148e-05	34.7919423937017	0.2
8.325	1.7	-8.26770488427377e-25	0.800126205017998	-5.9182418843475e-05	34.7679386839753	0.2
8.475	1.7	3.70186294322192e-24	0.800131402322321	-6.15738339271169e-05	34.7439348214006	0.2
8.625	1.7	1.11007936100205e-23	0.800136808551383	-6.40622807613913e-05	34.7199307998359	0.2
8.775	1.7	1.99197586370604e-23	0.800142432278075	-6.66519324527948e-05	34.6959266128875	0.2
8.925	1.7	2.63270962657064e-23	0.800148282429261	-6.93471149615493e-05	34.6719222538992	0.2
9.075	1.7	2.39921159979247e-23	0.800154368299398	-7.2152316239967e-05	34.6479177159418	0.2
9.225	1.7	5.16426631191223e-24	0.800160699566698	-7.50721959388054e-05	34.6239129918013	0.2
9.375	1.7	-3.62028481915891e-23	0.800167286308306	-7.81115950219504e-05	34.5999080739678	0.2
9.525	1.7	-9.93413032738955e-23	0.800174139017199	-8.12755454080557e-05	34.5759029546228	0.2
9.675	1.7	-1.70330239663287e-22	0.800181268619756	-8.45692800266379e-05	34.5518976256267	0.2
9.825	1.7	-2.17329643574701e-22	0.800188686493226	-8.79982430668418e-05	34.5278920785056	0.2
9.975	1.7	-1.91437336095955e-22	0.800196404485007	-9.15681007525367e-05	34.5038863044371	0.2
10.125	1.7	-3.82970179400046e-23	0.800204434932131	-9.52847518901251e-05	34.4798802942365	0.2
10.275	1.7	2.76474430631314e-22	0.800212790681752	-9.91543394027456e-05	34.4558740383412	0.2
10.425	1.7	7.29727980700336e-22	0.800221485112365	-0.000103183261723634	34.4318675267956	0.2
10.575	1.7	1.20181579693604e-21	0.800230532156872	-0.000107378185209686	34.4078607492345	0.2
10.725	1.7	1.45678895441721e-21	0.800239946325138	-0.000111746057018504	34.3838536948662	0.2
10.875	1.7	1.16991037326659e-21	0.800249742729413	-0.000116294117349211	34.3598463524549	0.2
11.025	1.7	2.79918578511223e-23	0.800259937108051	-0.000121029913674541	34.3358387103024	0.2
11.175	1.7	-2.09018302513427e-21	0.800270545854243	-0.000125961315372092	34.3118307562285	0.2
11.325	1.7	-4.88459245670403e-21	0.800281586042222	-0.00013109652834015	34.2878224775512	0.2
11.475	1.7	-7.43980255604606e-21	0.800293075457126	-0.000136444109960797	34.2638138610659	0.2
11.625	1.7	-8.2018663434157e-21	0.800305032625483	-0.000142012986518714	34.2398048930237	0.2
11.775	1.7	-5.28173683022781e-21	0.800317476846298	-0.000147812469784746	34.2157955591084	0.2
11.925	1.7	2.80550252989371e-21	0.800330428224895	-0.000153852274665659	34.1917858444129	0.2
12.075	1.7	1.60046973564617e-20	0.80034390770734	-0.000160142537912529	34.1677757334149	0.2
12.225	1.7	3.14707376452135e-20	0.800357937115855	-0.000166693838162418	34.1437652099505	0.2
12.375	1.7	4.27895600504436e-20	0.800372539188617	-0.000173517216438514	34.1197542571879	0.2
12.525	1.7	4.04787861886999e-20	0.800387737617857	-0.000180624197305013	34.0957428575992	0.2
12.675	1.7	1.45615220783191e-20	0.800403557091574	-0.00018802681154637	34.0717309929309	0.2
12.825	1.7	-4.04598177559025e-20	0.800420023337283	-0.000195737620572672	34.0477186441737	0.2
12.975	1.7	-1.18929706593451e-19	0.800437163167639	-0.000203769740768548	34.0237057915306	0.2
13.125	1.7	-1.97849166489583e-19	0.800455004525978	-0.000212136869225283	33.9996924143837	0.2
13.275	1.7	-2.34924925214113e-19	0.800473576539443	-0.000220853312666847	33.9756784912591	0.2
13.425	1.7	-1.75384320130383e-19	0.800492909567118	-0.000229934014337241	33.9516639997913	0.2
13.575	1.7	2.88168823513525e-20	0.800513035257938	-0.000239394586019409	33.927648916685	0.2
13.725	1.7	3.87543928024397e-19	0.800533986604719	-0.000249251339124416	33.9036332176758	0.2
13.875	1.7	8.3548232473788e-19	0.800555798005534	-0.000259521317855621	33.8796168774888	0.2
14.025	1.7	1.20496201785654e-18	0.800578505326306	-0.000270222335139215	33.8555998697955	0.2
14.175	1.7	1.23114332171374e-18	0.800602145964988	-0.00028137300897957	33.8315821671692	0.2
14.325	1.7	6.13628241597016e-19	0.800626758921381	-0.000292992801891835	33.8075637410376	0.2
14.475	1.7	-8.52102232445821e-19	0.80065238486825	-0.000305102060684164	33.7835445616339	0.2
14.625	1.7	-3.08585325705232e-18	0.800679066227206	-0.000317722060821743	33.7595245979455	0.2
14.775	1.7	-5.53004574928055e-18	0.80070684724725	-0.000330875050765417	33.7355038176603	0.2
14.925	1.7	-7.05223313239293e-18	0.800735774087307	-0.000344584299266318	33.7114821871107	0.2
15.075	1.7	-6.07287091795185e-18	0.800765894904211	-0.000358874145832892	33.687459671215	0.2
15.225	1.7	-1.03500113753537e-18	0.800797259942444	-0.00037377005318506	33.6634362334164	0.2
15.375	1.7	8.75228999502585e-18	0.800829921629964	-0.00038929866212971	33.6394118356185	0.2
15.525	1.7	2.20363146323697e-17	0.800863934679481	-0.0004054878494955	33.6153864381186	0.2
15.675	1.7	3.46849242883399e-17	0.800899356192839	-0.000422366789942695	33.5913599995377	0.2
15.825	1.7	3.94995248411811e-17	0.800936245770495	-0.000439966019138612	33.567332476747	0.2
15.975	1.7	2.74837163500385e-17	0.800974665629763	-0.000458317501650432	33.5433038247915	0.2
16.125	1.7	-8.91354974871758e-18	0.801014680724686	-0.000477454702147102	33.5192739968093	0.2
16.275	1.7	-7.0671865129075e-17	0.801056358874375	-0.000497412658576151	33.495242943948	0.2
16.425	1.7	-1.46334156992418e-16	0.801099770897747	-0.00051822806172593	33.4712106152768	0.2
16.575	1.7	-2.07850597770869e-16	0.801144990754387	-0.000539939336630332	33.4471769576941	0.2
16.725	1.7	-2.11661168752702e-16	0.801192095692644	-0.000562586728127443	33.4231419158315	0.2
16.875	1.7	-1.08672015396585e-16	0.801241166405592	-0.000586212392585022	33.3991054319526	0.2
17.025	1.7	1.34874836087967e-16	0.801292287195493	-0.00061086049170953	33.3750674458472	0.2
17.175	1.7	5.07635512362833e-16	0.801345546144117	-0.000636577291522904	33.3510278947209	0.2
17.325	1.7	9.22645184820694e-16	0.801401035296384	-0.000663411267667533	33.3269867130785	0.200000000000001
17.475	1.7	1.20104259541543e-15	0.80145885084862	-0.000691413213195238	33.3029438326031	0.200000000000001
17.625	1.7	1.08966976459237e-15	0.801519093350028	-0.000720636353386511	33.2788991820276	0.200000000000001
17.775	1.7	3.30503143760785e-16	0.801581867912081	-0.000751136463813088	33.2548526870021	0.2
17.925	1.7	-1.21219877061219e-15	0.801647284431728	-0.000782971996611999	33.2308042699529	0.199999999999999
18.075	1.7	-3.38563950989775e-15	0.801715457822056	-0.000816204207764759	33.2067538499362	0.199999999999997
18.225	1.7	-5.59599865412785e-15	0.801786508260002	-0.00085089729457174	33.1827013424836	0.199999999999996
18.375	1.7	-6.75706603463792e-15	0.801860561441889	-0.000887118535889423	33.1586466594406	0.199999999999995
18.525	1.7	-5.4449762761967e-15	0.801937748855204	-0.000924938437697778	33.1345897087971	0.199999999999996
18.675	1.7	-3.43074613098919e-16	0.802018208065779	-0.000964430885766103	33.1105303945093	0.2
18.825	1.7	9.01782583869951e-15	0.802102083014541	-0.00100567330350501	33.0864686163131	0.200000000000007
18.975	1.7	2.13604860633333e-14	0.802189524335975	-0.00104874681357966	33.0624042695284	0.200000000000017
19.125	1.7	3.29237736698611e-14	0.802280689688911	-0.00109373640693601	33.0383372448529	0.200000000000026
19.275	1.7	3.73736046983214e-14	0.802375744105617	-0.00114073111557432	33.014267428147	0.20000000000003
19.425	1.7	2.69051325456194e-14	0.802474860359689	-0.0011898241896613	32.9901947002066	0.200000000000022
19.575	1.7	-5.08656874779448e-15	0.802578219350451	-0.00124111327997867	32.9661189365255	0.199999999999996
19.725	1.7	-5.98633653640293e-14	0.802686010509393	-0.0012947006226793	32.9420400070456	0.199999999999952
19.875	1.7	-1.28607536150484e-13	0.802798432227113	-0.00135069322819942	32.9179577758949	0.199999999999897
20.025	1.7	-1.88918739673381e-13	0.802915692298223	-0.00140920307167789	32.893872101112	0.199999999999849
20.175	1.7	-2.05153606410772e-13	0.803038008393117	-0.00147034728480532	32.869782834357	0.199999999999836
20.325	1.7	-1.35339960714829e-13	0.80316560854992	-0.00153424834691137	32.8456898206084	0.199999999999892
20.475	1.7	5.36809752174827e-14	0.803298731691415	-0.00160103427582671	32.8215928978441	0.200000000000043
20.625	1.7	3.6388144210319e-13	0.803437628165938	-0.00167083881491796	32.7974918967069	0.200000000000291
20.775	1.7	7.4156398970535e-13	0.8035825603157	-0.00174380161480686	32.773386640154	0.200000000000593
20.925	1.7	1.06063179027714e-12	0.803733803068967	-0.00182006840905414	32.7492769430879	0.200000000000849
21.075	1.7	1.12708604088254e-12	0.803891644560885	-0.00189979117886542	32.7251626119697	0.200000000000902
21.225	1.7	7.18230292353661e-13	0.804056386781152	-0.00198312830449617	32.701043444414	0.200000000000575
21.375	1.7	-3.36099596482216e-13	0.804228346249514	-0.00207024470238064	32.6769192287627	0.199999999999731
21.525	1.7	-2.03684129798622e-12	0.804407854719079	-0.00216131194020702	32.6527897436391	0.199999999998371
21.675	1.7	-4.09084746094873e-12	0.8045952599074	-0.00225650832801845	32.6286547574799	0.199999999996727
21.825	1.7	-5.82822112413888e-12	0.804790926256227	-0.00235601898002879	32.6045140280454	0.199999999995337
21.975	1.7	-6.22889552850368e-12	0.804995235719159	-0.00246003584072426	32.5803673019057	0.199999999995017
22.125	1.7	-4.12405889171651e-12	0.805208588572828	-0.00256875767026425	32.5562143139035	0.199999999996701
22.275	1.7	1.39330335607017e-12	0.805431404257021	-0.00268238998133639	32.5320547865921	0.200000000001115
22.425	1.7	1.03822124007088e-11	0.805664122235899	-0.00280114491823776	32.5078884296478	0.200000000008306
22.575	1.7	2.14245123815234e-11	0.805907202882408	-0.00292524107291204	32.4837149392559	0.20000000001714
22.725	1.7	3.11942811554914e-11	0.806161128378276	-0.00305490322267491	32.4595339974707	0.200000000024955
22.875	1.7	3.45459439978655e-11	0.806426403628898	-0.00319036198309127	32.4353452715472	0.200000000027637
23.025	1.7	2.5436205503015e-11	0.806703557187898	-0.00333185336019336	32.4111484132463	0.200000000020349
23.175	1.7	-1.14560328126982e-12	0.806993142181505	-0.00347961819061736	32.386943058111	0.199999999999083
23.325	1.7	-4.63686464302086e-11	0.807295737230622	-0.00363390145352508	32.3627288247156	0.199999999962905
23.475	1.7	-1.04450009893471e-10	0.807611947357199	-0.003794951442034	32.3385053138862	0.19999999991644
23.625	1.7	-1.60315576194117e-10	0.807942404869443	-0.00396301877529643	32.3142721078944	0.199999999871748
23.775	1.7	-1.89481038122967e-10	0.808287770212993	-0.00413835523711265	32.2900287696251	0.199999999848415
23.925	1.7	-1.61632069276692e-10	0.808648732773497	-0.00432121242423556	32.2657748417184	0.199999999870694
24.075	1.7	-4.88465227183805e-11	0.809026011621564	-0.00451184018341471	32.24150984569	0.199999999960923
24.225	1.7	1.6182995591639e-10	0.80942035617326	-0.0047104848188246	32.2172332810306	0.200000000129464
24.375	1.7	4.53603777535661e-10	0.809832546751754	-0.00491738704047013	32.1929446242882	0.200000000362883
24.525	1.7	7.67240554034606e-10	0.810263395011991	-0.00513277962918818	32.1686433281373	0.200000000613792
24.675	1.7	9.96529000391215e-10	0.810713744202831	-0.00535688478278666	32.1443288204383	0.200000000797223
24.825	1.7	9.98513681122031e-10	0.811184469211152	-0.00558991111070748	32.1200005032913	0.200000000798811
24.975	1.7	6.23530397519744e-10	0.811676476357747	-0.00583205024549191	32.0956577520912	0.200000000498824
25.125	1.7	-2.34206648621475e-10	0.81219070287466	-0.00608347304491339	32.0712999145884	0.199999999812635
25.275	1.7	-1.57162722420115e-09	0.812728116032531	-0.00634432537344664	32.0469263099644	0.199999998742698
25.425	1.7	-3.21208317266279e-09	0.813289711859661	-0.00661472346669725	32.022536227933	0.199999997430333
25.575	1.7	-4.76346013704668e-09	0.813876513415722	-0.00689474889792616	31.9981289278798	0.199999996189232
25.725	1.7	-5.62609608542005e-09	0.814489568586868	-0.0071844431859737	31.9737036380585	0.199999995499123
25.875	1.7	-5.0751140321719e-09	0.81512994735923	-0.00748380208444697	31.9492595548643	0.199999995939909
26.025	1.7	-2.43014642774034e-09	0.815798738524115	-0.00779276958533843	31.9247958422098	0.199999998055883
26.175	1.7	2.69611553673119e-09	0.81649704573401	-0.00811123165438766	31.9003116310287	0.200000002156892
26.325	1.7	1.0108376701424e-08	0.817225982793246	-0.00843900967040655	31.8758060189374	0.200000008086701
26.475	1.7	1.87674769323983e-08	0.817986668002576	-0.00877585351404759	31.8512780700785	0.200000015013982
26.625	1.7	2.66518221487439e-08	0.81878021733009	-0.00912143422111308	31.8267268151729	0.200000021321458
26.775	1.7	3.08445761327067e-08	0.819607736133469	-0.00947533612479282	31.8021512518014	0.200000024675661
26.925	1.7	2.79323687020419e-08	0.82047030914436	-0.00983704846648858	31.7775503449375	0.200000022345895
27.075	1.7	1.47519245162792e-08	0.821368988471638	-0.010205956575415	31.7529230277525	0.20000001180154
27.225	1.7	-1.05602369987629e-08	0.822304779468324	-0.0105813328892121	31.7282682027212	0.19999999155181
27.375	1.7	-4.73646544459933e-08	0.823278624464532	-0.0109623283160752	31.7035847430685	0.199999962108276
27.525	1.7	-9.1422829248836e-08	0.824291384556964	-0.0113479646562622	31.678871494612	0.199999926861737
27.675	1.7	-1.34259969866808e-07	0.825343819831439	-0.0117371289917359	31.6541272780812	0.199999892592024
27.825	1.7	-1.63378511077371e-07	0.826436568530322	-0.0121285710369197	31.6293508920167	0.199999869297191
27.975	1.7	-1.63670005221298e-07	0.827570125718068	-0.0125209043888965	31.6045411163747	0.199999869063996
28.125	1.7	-1.20214997985864e-07	0.828744821871607	-0.0129126123996471	31.5796967169812	0.199999903828002
28.275	1.7	-2.23724087580095e-08	0.829960801555165	-0.0133020590144778	31.554816450973	0.199999982102073
28.425	1.7	1.31350298897153e-07	0.83121800190814	-0.0136875044442516	31.5298990733443	0.200000105080239
28.575	1.7	3.28640049725949e-07	0.832516130163404	-0.0140671250429401	31.5049433446552	0.20000026291204
28.725	1.7	5.40386526178932e-07	0.833854638920923	-0.0144390363844616	31.4799480398709	0.200000432309221
28.875	1.7	7.21075005082326e-07	0.835232697565817	-0.0148013184155579	31.454911958175	0.200000576860004
29.025	1.7	8.14138824863442e-07	0.836649158186862	-0.0151520418752863	31.4298339334732	0.20000065131106
29.175	1.7	7.63062753681573e-07	0.838102514788081	-0.0154892960547102	31.4047128452081	0.200000610450203
29.325	1.7	5.27454165578068e-07	0.839590855576167	-0.0158112194996665	31.3795476291	0.200000421963332
29.475	1.7	1.00998688778511e-07	0.841111809710574	-0.0161160374009093	31.3543372875906	0.200000080798951
29.625	1.7	-4.74373628389923e-07	0.842662491993625	-0.0164021118798836	31.3290809001291	0.199999620501097
29.775	1.7	-1.10574834249921e-06	0.844239451273049	-0.0166680135924957	31.3037776340078	0.199999115401326
29.925	1.7	-1.66551693555697e-06	0.845838630270211	-0.0169126240596872	31.2784267570966	0.199998667586452
30.075	1.7	-2.03075233666244e-06	0.847455345338759	-0.0171352766392971	31.2530276542936	0.199998375398131
30.225	1.7	-2.14162194910782e-06	0.849084293337579	-0.0173359388234139	31.2275798494096	0.199998286702441
30.375	1.7	-2.06252827421951e-06	0.850719588558965	-0.0175154289781575	31.2020830331136	0.199998349977381
30.525	1.7	-2.01608707639515e-06	0.852354825306191	-0.0176756476941221	31.176537095208	0.199998387130339
30.675	1.7	-2.35104254022555e-06	0.853983152374908	-0.0178197910657455	31.1509421560164	0.199998119165968
30.825	1.7	-3.40919336046721e-06	0.855597337370214	-0.0179525070423573	31.1252985879257	0.199997272645312
30.975	1.7	-5.28197701361693e-06	0.857189796511821	-0.0180799654842378	31.0996070158294	0.199995774418389
31.125	1.7	-7.49890698708313e-06	0.858752575535739	-0.0182098465915815	31.0738682867726	0.19999400087441
31.275	1.7	-8.76179501508158e-06	0.860277294558924	-0.0183513147090522	31.0480834068266	0.199992990563988
31.425	1.7	-6.90926168398044e-06	0.861755114415085	-0.0185151269572016	31.0222534581167	0.199994472590653
31.575	1.7	6.72966211456058e-07	0.86317683446316	-0.0187141018561469	30.9963795289437	0.200000538372969
31.725	1.7	1.60379610524274e-05	0.864533269521825	-0.0189641939770191	30.9704627086355	0.200012830368842
31.875	1.7	3.90894024145051e-05	0.865816041333582	-0.0192863246869314	30.9445042050882	0.200031271521932
32.025	1.7	6.57733211421435e-05	0.867018819593619	-0.0197088529961097	30.9185056235399	0.200052618656914
32.175	1.7	8.68040943430669e-05	0.868138837504486	-0.0202701282850275	30.8924693895028	0.200069443275474
32.325	1.7	8.80067770047413e-05	0.86917820945403	-0.0210200334868605	30.8663992073683	0.200070405421604
32.475	1.7	5.33874205244969e-05	0.870144283746071	-0.0220190078039053	30.8403003384781	0.20004270993642
32.625	1.7	-2.84679645614249e-05	0.87104813359977	-0.0233330448667569	30.8141794012015	0.199977225628351
32.775	1.7	-0.000155260065947159	0.871900535568336	-0.0250239532461484	30.7880434017343	0.199875791947242
32.925	1.7	-0.000301478344213843	0.872705615279706	-0.0271360296673087	30.7618978581877	0.199758817324629
33.075	1.7	-0.000412793589456539	0.873453881355818	-0.0296832611930823	30.73574420926	0.199669765128435
33.225	1.7	-0.00040974391763918	0.874118504366198	-0.0326446940923952	30.7095771587854	0.199672204865889
33.375	1.7	-0.000205486615825827	0.874660797840177	-0.035978144540821	30.6833830585358	0.199835610707339
33.525	1.7	0.000260858867248502	0.875051526584928	-0.0396613516636601	30.657140646376	0.200208687093799
33.675	1.7	0.000979711444366878	0.875312058353087	-0.0437623727346648	30.6308251833527	0.200783769155494
33.825	1.7	0.0018273353761372	0.875572663404751	-0.0485275838144557	30.604416110097	0.20146186830091
33.975	1.7	0.00254144029291585	0.876136586988121	-0.0544611835247711	30.5779068319719	0.202033152234333
34.125	1.7	0.00273650539407082	0.877532623009255	-0.0623625492845939	30.5513135191599	0.202189204315257
34.275	1.7	0.00197329600815228	0.880538542299738	-0.0732903919831672	30.5246785451298	0.201578636806522
34.425	1.7	-0.000117985627982108	0.886158191624691	-0.0884284382664838	30.4980641914561	0.199905611497614
34.575	1.7	-0.00368271222417116	0.895525537619472	-0.108825641811795	30.4715341465757	0.197053830220663
34.725	1.7	-0.00849703762758879	0.909683820357431	-0.134978330742253	30.4451241702816	0.193202369897929
34.875	1.7	-0.0138853041088709	0.929167293679535	-0.166248568068531	30.4188082255904	0.188891756712903
35.025	1.7	-0.0187446185539034	0.953366304961476	-0.200239765052143	30.3924705575666	0.185004305156877
35.175	1.7	-0.0216969704976665	0.979886353564262	-0.232507887837683	30.3658951643476	0.182642423601867
35.325	1.7	-0.021352280784149	1.00447692742671	-0.257194909298281	30.3387799120258	0.182918175372681
35.475	1.7	-0.0166246741783205	1.02213859466582	-0.268862220610552	30.310774038317	0.186700260657344
35.625	1.7	-0.00701272191029916	1.02916031916949	-0.264760532603305	30.2815298494102	0.194389822471761
35.775	1.7	0.00724689070669304	1.02470952587864	-0.245944060993866	30.2507565507955	0.205797512565354
35.925	1.7	0.0252024174785228	1.01080159868735	-0.216384699067726	30.2182650479519	0.220161933982818
36.075	1.7	0.0453731033305041	0.990963802263685	-0.180958463879856	30.1839945403435	0.236298482664403
36.225	1.7	0.0660328213095981	0.968776276439802	-0.143785716426394	30.1480160750968	0.252826257047678
36.375	1.7	0.0855075872744187	0.947037047500556	-0.107576481149952	30.1105149163768	0.268406069819535
36.525	1.7	0.102415831346047	0.927563404702649	-0.0737363013552498	30.0717589275289	0.281932665076837
36.675	1.7	0.115810194322569	0.911337215374233	-0.0427615605212524	30.0320617895622	0.292648155458056
36.825	1.7	0.12521294971877	0.898745996629649	-0.0146257238366829	29.991748581005	0.300170359775016
36.975	1.7	0.130563688584081	0.889798645239836	0.0109466654516413	29.9511287168158	0.304450950867265
37.125	1.7	0.132112894162115	0.884283381476979	0.0343213106777397	29.9104785679179	0.305690315329692
37.275	1.7	0.130299322405067	0.881874510179598	0.055883462234411	29.8700336570984	0.304239457924053
37.425	1.7	0.125645004312535	0.882203798045143	0.0760235820223097	29.8299882610377	0.300516003450028
37.575	1.7	0.118690772234209	0.884908382994707	0.0951472742237445	29.7904987492133	0.294952617787367
37.725	1.7	0.109979825670007	0.889656836307927	0.113676933690128	29.7516864478178	0.287983860536006
37.875	1.7	0.100077471889986	0.896147079067491	0.13201777624716	29.7136367061317	0.280061977511989
38.025	1.7	0.0895960943423956	0.904070349067499	0.150480331405742	29.6763934308862	0.271676875473916
38.175	1.7	0.0791834168326424	0.913050048561413	0.169190054269334	29.6399522038387	0.263346733466114
38.325	1.7	0.0694380916379879	0.922594131821006	0.188064938011337	29.6042588065523	0.25555047331039
38.475	1.7	0.0607447896766827	0.932131008761105	0.206971157780898	29.5692213937206	0.248595831741346
38.625	1.7	0.0530680198184656	0.941194474578647	0.226119546889109	29.5347416415278	0.242454415854772
38.775	1.7	0.0457949574742497	0.949747002109176	0.246621490718956	29.5007623667587	0.2366359659794
38.925	1.7	0.0377470927564507	0.958516566488706	0.270975207514946	29.4673183517438	0.230197674205161
39.075	1.7	0.0274605422158406	0.969178344165363	0.30324658094532	29.4345678814709	0.221968433772672
39.225	1.7	0.0137519306323941	0.984266634085584	0.348795390242219	29.4027802520135	0.211001544505915
39.375	1.7	-0.00354004922483863	1.00666657277737	0.413238666241193	29.3722633474715	0.197167960620129
39.525	1.7	-0.0228661103348494	1.03811590355546	0.499576699764182	29.3432355334599	0.18170711173212
39.675	1.7	-0.0406188993413164	1.07537951260774	0.601480285553311	29.3156734347281	0.167504880526947
39.825	1.7	-0.0514025285132141	1.10382897172141	0.693534205582668	29.2891961384257	0.158877977189429
39.975	1.7	-0.0490829613046999	1.0970889228774	0.732803578222672	29.263061200471	0.16073363095624
40.125	1.7	-0.028403495939617	1.03778532789403	0.691301367388572	29.2362944126089	0.177277203248306
40.275	1.7	0.0135927666203287	0.939478655799579	0.587655593626483	29.2078684963207	0.210874213296263
40.425	1.7	0.0769532046964914	0.831979647895084	0.465521330744542	29.1768608658738	0.261562563757193
40.575	1.7	0.158854935334226	0.735740592165483	0.355686105404397	29.1425840774115	0.327083948267381
40.725	1.7	0.253973189513977	0.657393536534522	0.268444140591975	29.104666184538	0.403178551611181
40.875	1.7	0.355262136773982	0.596211097786711	0.202911065161755	29.0630699852419	0.484209709419186
41.025	1.7	0.455239667834927	0.549167486393827	0.154779887013957	29.0180588238145	0.564191734267941
41.175	1.7	0.547448088919634	0.513090166737329	0.119645553389351	28.9701192582763	0.637958471135707
41.325	1.7	0.62751446379687	0.485307164366195	0.0939419348070801	28.9198597583165	0.702011571037496
41.475	1.7	0.693459700517601	0.46373859783456	0.0750078871929741	28.8679118848086	0.75476776041408
41.625	1.7	0.745343296195894	0.446820128245293	0.0609190401318962	28.814855275445	0.796274636956715
41.775	1.7	0.784587723893229	0.433392384550274	0.0502976924302264	28.7611744241875	0.827670179114583
41.925	1.7	0.813303066095323	0.422599552033086	0.0421573255037233	28.7072434896807	0.850642452876259
42.075	1.7	0.833776822099037	0.413808706934467	0.0357881888989464	28.6533300883298	0.86702145767923
42.225	1.7	0.848157433931963	0.406549940355726	0.0306768908433308	28.5996091811947	0.87852594714557
42.375	1.7	0.858293205185431	0.400473427717613	0.0264510429019327	28.5461806869059	0.886634564148345
42.525	1.7	0.865674356395483	0.395318967339166	0.0228413268670348	28.4930871062835	0.892539485116386
42.675	1.7	0.871435543955451	0.390894151198478	0.0196552055836834	28.4403293506362	0.897148435164361
42.825	1.7	0.876390305173151	0.38705830467291	0.0167581693267762	28.3878800834647	0.901112244138521
42.975	1.7	0.881080112914825	0.383710248747837	0.0140597653381366	28.3356944573753	0.90486409033186
43.125	1.7	0.88582788892805	0.380778665745306	0.0115027015848685	28.2837183959094	0.90866231114244
43.275	1.7	0.890789997229552	0.378214362820444	0.00905406308793665	28.2318946906404	0.912631997783642
43.425	1.7	0.896003189008756	0.37598404579151	0.00669815620041531	28.18016723705	0.916802551207004
43.575	1.7	0.901424557331144	0.374065381106194	0.00443074988988419	28.128483750922	0.921139645864915
43.725	1.7	0.906963711987271	0.37244318697992	0.00225457895506991	28.0767973012453	0.925570969589817
43.875	1.7	0.912507256120737	0.371106604199506	0.000175981262134106	28.0250669704149	0.930005804896589
44.025	1.7	0.917936268128889	0.370047089074662	-0.001797484126745	27.973257912403	0.934349014503111
44.175	1.7	0.923137869744854	0.369257066650046	-0.00365861347349944	27.921341030516	0.938510295795883
44.325	1.7	0.928012116431034	0.368729089117167	-0.00540150996764842	27.8692924447491	0.942409693144827
44.475	1.7	0.932475422138423	0.368455362297362	-0.00702207752257536	27.8170928701974	0.945980337710738
44.625	1.7	0.936461588106686	0.368427526982071	-0.00851819845967655	27.7647269863319	0.949169270485349
44.775	1.7	0.939921301606705	0.368636607492156	-0.00988970666931542	27.7121828440937	0.951937041285364
44.925	1.7	0.942820753550144	0.369073063356225	-0.0111382387016083	27.6594513338982	0.954256602840115
45.075	1.7	0.945139825924367	0.369726899677196	-0.0122670203235305	27.6065257218023	0.956111860739494
45.225	1.7	0.946870138271783	0.370587806970077	-0.0132806265470086	27.5534012516935	0.957496110617426
45.375	1.7	0.948013122016409	0.371645312274673	-0.0141847387734799	27.5000748066575	0.958410497613127
45.525	1.7	0.948578209425167	0.372888930837194	-0.0149859126686223	27.4465446210917	0.958862567540133
45.675	1.7	0.948581173300511	0.374308312355598	-0.0156913636633195	27.3928100353686	0.958864938640408
45.825	1.7	0.948042625792045	0.375893378412424	-0.0163087726827494	27.3388712860039	0.958434100633636
45.975	1.7	0.946986672227447	0.377634448865987	-0.0168461121673236	27.2847293257467	0.957589337781958
46.125	1.7	0.945439712318117	0.379522355154849	-0.0173114912165606	27.2303856694599	0.956351769854493
46.275	1.7	0.943429381930496	0.381548538138762	-0.0177130184626986	27.1758422629313	0.954743505544397
46.425	1.7	0.940983630844428	0.383705127653748	-0.0180586818533809	27.1211013728085	0.952786904675542
46.575	1.7	0.938129933818769	0.385985000764476	-0.0183562456861326	27.0661654966657	0.950503947055015
46.725	1.7	0.934894633037316	0.38838181605563	-0.0186131667467462	27.0110372927894	0.947915706429853
46.875	1.7	0.931302409414283	0.390890022412752	-0.0188365329580745	26.9557195296064	0.945041927531426
47.025	1.7	0.9273758784853	0.393504842675696	-0.0190330291996505	26.9002150547193	0.94190070278824
47.175	1.7	0.923135304110807	0.396222235205579	-0.0192089355715216	26.8445267832464	0.938508243288646
47.325	1.7	0.918598420500043	0.399038839529509	-0.0193701630593975	26.7886577045449	0.934878736400034
47.475	1.7	0.913780350672091	0.401951915425933	-0.0195223301537387	26.7326109054243	0.931024280537673
47.625	1.7	0.908693607892403	0.404959287622662	-0.0196708814835917	26.6763896066839	0.926954886313923
47.775	1.7	0.903348166208971	0.40805931026305	-0.0198212461244058	26.6199972082983	0.922678532967176
47.925	1.7	0.897751587110921	0.411250866115779	-0.0199790292548356	26.5634373369568	0.918201269688736
48.075	1.7	0.891909191453457	0.414533415018923	-0.0201502266582652	26.5067138880699	0.913527353162765
48.225	1.7	0.885824268800262	0.41790710431065	-0.020341447546296	26.4498310529309	0.90865941504021
48.375	1.7	0.87949831968643	0.421372951227719	-0.0205601275281977	26.3927933205867	0.903598655749144
48.525	1.7	0.872931329332743	0.424933103709076	-0.0208147102437605	26.3356054432414	0.898345063466194
48.675	1.7	0.86612207335704	0.428591181875677	-0.0211147729700935	26.2782723537807	0.892897658685632
48.825	1.7	0.859068456436394	0.432352697503413	-0.0214710680361176	26.2207990243924	0.887254765149115
48.975	1.7	0.851767883279882	0.436225542477305	-0.0218954478629138	26.1631902564552	0.881414306623905
49.125	1.7	0.844217657551899	0.440220528483564	-0.022400637054018	26.1054503941762	0.87537412604152
49.275	1.7	0.836415398731237	0.444351947782813	-0.0229998111532465	26.0475829583392	0.869132318984989
49.425	1.7	0.828359459818795	0.448638107742515	-0.0237059405437794	25.9895902025297	0.862687567855036
49.575	1.7	0.820049321163826	0.453101769692511	-0.0245308627752723	25.9314726029346	0.856039456931061
49.725	1.7	0.811485928637997	0.457770397140593	-0.0254840615870292	25.8732283046711	0.849188742910398
49.875	1.7	0.802671939432835	0.462676093508171	-0.0265711603453658	25.8148525625079	0.842137551546268
50.025	1.7	0.793611837618948	0.467855092329172	-0.0277921844694056	25.7563372309074	0.834889470095158
50.175	1.7	0.784311886077831	0.473346662943857	-0.0291397112900029	25.6976703754731	0.827449508862264
50.325	1.7	0.774779892989201	0.479191322851901	-0.0305971008721295	25.6388360917751	0.819823914391361
50.475	1.7	0.76502479034301	0.48542831304446	-0.0321370749219989	25.5798146236604	0.812019832274408
50.625	1.7	0.755056047981314	0.492092397923647	-0.0337209634601397	25.5205828665733	0.804044838385051
50.775	1.7	0.744882976309049	0.499210189760242	-0.0352989467937551	25.4611153178928	0.795906381047239
50.925	1.7	0.73451399854461	0.506796348723862	-0.036811561521275	25.4013854939192	0.787611198835688
51.075	1.7	0.723955992019849	0.514850140281872	-0.0381926021042292	25.3413677739577	0.779164793615879
51.225	1.7	0.713213800366399	0.52335290210573	-0.0393733412162692	25.2810395629306	0.770571040293119
51.375	1.7	0.702289999645767	0.53226694648725	-0.0402877441537551	25.220383596893	0.761831999716613
51.525	1.7	0.691184961755751	0.541536283502048	-0.0408781183708052	25.1593901652631	0.752947969404601
51.675	1.7	0.679897204459806	0.5510893058036	-0.0411004814848983	25.0980590033866	0.743917763567845
51.825	1.7	0.668423961979938	0.560843271022334	-0.0409289025148058	25.0364006280933	0.73473916958395
51.975	1.7	0.656761869532278	0.570710118227435	-0.0403581941282444	24.9744369476214	0.725409495625822
52.125	1.7	0.644907644491819	0.580602930636252	-0.039404589211426	24.9122010663899	0.715926115593455
52.275	1.7	0.632858674508037	0.590442259650252	-0.0381043655765481	24.8497363073717	0.706286939606429
52.425	1.7	0.620613486527401	0.600161573361919	-0.0365107090558852	24.7870945694152	0.696490789221921
52.575	1.7	0.608172155753972	0.609711265900028	-0.0346893512767701	24.7243342050045	0.686537724603177
52.725	1.7	0.595536795628643	0.619060912654598	-0.0327136327554163	24.6615176338686	0.676429436502915
52.875	1.7	0.582712320496051	0.628199717786995	-0.0306596114036299	24.5987088977122	0.666169856396841
53.025	1.7	0.569707667556969	0.637135317311817	-0.0286016868823028	24.5359713191328	0.655766134045575
53.175	1.7	0.55653759222357	0.645891236738311	-0.0266089968365827	24.4733653685432	0.645230073778856
53.325	1.7	0.543225017448082	0.654503348039072	-0.0247426273456807	24.4109467840329	0.634580013958466
53.475	1.7	0.52980374834131	0.663015644547087	-0.0230535241772334	24.348764945423	0.623842998673048
53.625	1.7	0.516321198030933	0.671475590159044	-0.0215809273467604	24.2868614836746	0.613056958424747
53.775	1.7	0.502840653305593	0.679929241598991	-0.0203511818570439	24.2252691105354	0.602272522644474
53.925	1.7	0.489442575505955	0.688416321494144	-0.0193768764813435	24.1640106738076	0.591554060404764
54.075	1.7	0.476224501052516	0.696965449375552	-0.0186563856553885	24.103098469467	0.580979600842013
54.225	1.7	0.46329926993541	0.705589809135004	-0.0181739881525662	24.0425338612342	0.570639415948328
54.375	1.7	0.450791538802647	0.714283617125675	-0.0179007707705709	23.9823072624921	0.560633231042117
54.525	1.7	0.438832781744847	0.723019815260385	-0.017796475783798	23.9223985215895	0.551066225395877
54.675	1.7	0.427555197122854	0.731749407575193	-0.0178123218733973	23.8627777223477	0.542044157698283
54.825	1.7	0.417085083133793	0.740402757880902	-0.0178946477729168	23.8034063742072	0.533668066507034
54.975	1.7	0.407536297479283	0.74889296442493	-0.0179890414962186	23.7442389298776	0.526029037983427
55.125	1.7	0.399004378628381	0.757121148684486	-0.0180444774314134	23.6852245405188	0.519203502902705
55.275	1.7	0.391561797278021	0.764983191510264	-0.0180169324423137	23.6263089441222	0.513249437822417
55.425	1.7	0.385254656477694	0.772377189669565	-0.0178720124048187	23.5674363826232	0.508203725182155
55.575	1.7	0.380100998047618	0.779210755920072	-0.0175862843155583	23.5085514546118	0.504080798438095
55.725	1.7	0.376090725133074	0.785407289270343	-0.0171472389600153	23.4496008286248	0.500872580106459
55.875	1.7	0.373187029422366	0.790910504166207	-0.016552049048539	23.3905347619888	0.498549623537893
56.025	1.7	0.371329120497437	0.795686792481151	-0.0158054799657787	23.3313083883939	0.497063296397949
56.175	1.7	0.370435991717617	0.799725335256589	-0.0149174128063821	23.2718827519978	0.496348793374093
56.325	1.7	0.370410917877226	0.803036207312749	-0.013900437302543	23.2122255768386	0.496328734301781
56.475	1.7	0.371146361686132	0.805646963971733	-0.012767879386271	23.152311768686	0.496917089348905
56.625	1.7	0.372528967877212	0.807598328873898	-0.0115324791734412	23.0921236535251	0.498023174301769
56.775	1.7	0.374444345287762	0.808939610758236	-0.0102057725773536	23.0316509636944	0.499555476230209
56.925	1.7	0.376781377544321	0.809724387522156	-0.00879809077232301	22.9708905897774	0.501425102035457
57.075	1.7	0.379435858797959	0.810006845852106	-0.00731899970517508	22.9098461236047	0.503548687038368
57.225	1.7	0.38231331682046	0.809838995020558	-0.00577796382439397	22.8485272246616	0.505850653456368
57.375	1.7	0.385330954846143	0.809268817589163	-0.00418502763380809	22.7869488481575	0.508264763876915
57.525	1.7	0.388418709080058	0.808339298639803	-0.00255135106593079	22.7251303773166	0.510734967264046
57.675	1.7	0.391519475388493	0.807088196499995	-0.000889493373673878	22.6630947045893	0.513215580310794
57.825	1.7	0.394588602929961	0.80554837908567	0.000786599140236948	22.6008673061785	0.515670882343969
57.975	1.7	0.397592782904974	0.803748542349206	0.00246189344485739	22.5384753515656	0.518074226323979
58.125	1.7	0.400508477448352	0.801714140768702	0.00412080982597058	22.4759468849081	0.520406781958682
58.275	1.7	0.403320039301087	0.799468384435831	0.00574792697985548	22.4133101087518	0.52265603144087
58.425	1.7	0.4060176695603	0.79703318648391	0.00732876424100976	22.3505927929872	0.52481413564824
58.575	1.7	0.40859535095362	0.794429974008044	0.00885055056215163	22.2878218238981	0.526876280762896
58.725	1.7	0.411048878499438	0.79168030473174	0.0103028959875898	22.2250228999783	0.528839102799551
58.875	1.7	0.413374090775348	0.788806258766972	0.0116782944976252	22.1622203732813	0.530699272620279
59.025	1.7	0.415565384050803	0.785830600211159	0.0129724058482111	22.0994372276492	0.532452307240642
59.175	1.7	0.417614568920164	0.782776726022413	0.0141840873642741	22.0366951784272	0.534091655136131
59.325	1.7	0.41951010502314	0.779668437982122	0.0153151730663881	21.9740148724889	0.535608084018512
59.475	1.7	0.421236724067613	0.776529585359926	0.0163700245051065	21.9114161629568	0.53698937925409
59.625	1.7	0.422775425197731	0.77338362913336	0.0173549013367031	21.8489184304853	0.538220340158184
59.775	1.7	0.424103801362725	0.770253172555162	0.0182772149189408	21.7865409229742	0.53928304109018
59.925	1.7	0.425196633878816	0.767159489173282	0.0191447297979394	21.7243030884947	0.540157307103053
60.075	1.7	0.4260266794917	0.764122062744593	0.0199647624049333	21.662224881838	0.54082134359336
60.225	1.7	0.426565575178419	0.761158141182507	0.0207433942339321	21.6003270323028	0.541252460142735
60.375	1.7	0.426784804537691	0.758282307108177	0.0214846752482065	21.5386312668971	0.541427843630153
60.525	1.7	0.426656705679424	0.755506087266148	0.0221897566666428	21.4771604859836	0.541325364543539
60.675	1.7	0.426155547024388	0.752837662799766	0.0228558810650241	21.4159388844669	0.54092443761951
60.825	1.7	0.42525873909437	0.750281793510082	0.0234751939726634	21.3549919991741	0.540206991275496
60.975	1.7	0.423948264784164	0.747840111259577	0.0240334409162143	21.2943466433838	0.539158611827331
61.125	1.7	0.422212372863802	0.745511938982494	0.0245087773292713	21.2340306682986	0.537769898291041
61.275	1.7	0.420047470676445	0.743295714339644	0.0248711201469338	21.1740724795046	0.536037976541156
61.425	1.7	0.417459970519303	0.741190906213785	0.0250826502708813	21.114500249094	0.533967976415442
61.575	1.7	0.414467617170419	0.739199990866899	0.0251001410860846	21.0553408170074	0.531574093736336
61.725	1.7	0.411099615849971	0.737329621158249	0.0248796207499191	20.9966183795249	0.528879692679977
61.875	1.7	0.407394793592594	0.735589650604419	0.0243833527427514	20.9383532179762	0.525915834874075
62.025	1.7	0.403397194780876	0.733988310166517	0.023588155587857	20.8805609059597	0.522717755824701
62.175	1.7	0.399149071793411	0.73252180000578	0.0224926929396115	20.8232526012902	0.519319257434729
62.325	1.7	0.39468229013056	0.731157116656416	0.0211197343658683	20.7664371027912	0.515745832104448
62.475	1.7	0.39001074260753	0.729808321901148	0.0195079230785852	20.7101252306332	0.512008594086024
62.625	1.7	0.385128323424534	0.728308764069261	0.0176869052030468	20.6543366629382	0.508102658739628
62.775	1.7	0.38001899047714	0.726384859920343	0.0156304912560869	20.5991085448129	0.504015192381712
62.925	1.7	0.374686808665783	0.72364066732471	0.0131855296430395	20.5445039614653	0.499749446932627
63.075	1.7	0.369213704326244	0.719566456758371	0.00998015324574551	20.4906168378327	0.495370963460995
63.225	1.7	0.363849846550476	0.713588868834999	0.00532543433967544	20.4375682627797	0.491079877240381
63.375	1.7	0.359134925707683	0.70518449701374	-0.00185801797920354	20.3854880976025	0.487307940566146
63.525	1.7	0.356037113105651	0.694078998317488	-0.0130294462892187	20.3344756612941	0.484829690484521
63.675	1.7	0.356079647551808	0.680537703547818	-0.0298406923925889	20.2845350658268	0.484863718041447
63.825	1.7	0.361403380100443	0.665696078934883	-0.0536680918323756	20.2354852489334	0.489122704080355
63.975	1.7	0.37469040803605	0.651755646628389	-0.0848384427141185	20.1868529459619	0.49975232642884
64.125	1.7	0.398860237965288	0.641729043005955	-0.121770036683175	20.1377703287363	0.519088190372231
64.275	1.7	0.436471893203793	0.638481873895638	-0.160595748273352	20.0869187556717	0.549177514563034
64.425	1.7	0.488861048526021	0.64336705641085	-0.195903040003473	20.0325783621596	0.591088838820816
64.575	1.7	0.55522550501929	0.65544660952278	-0.2225678997514	19.9728326297825	0.644180404015432
64.725	1.7	0.632076524184106	0.672054743871833	-0.237601751776731	19.905910603644	0.705661219347285
64.875	1.7	0.713516314014863	0.690189757508871	-0.240773308826559	19.8305597387789	0.77081305121189
65.025	1.7	0.79249248563234	0.707582678161188	-0.233911398286945	19.7463084217796	0.833993988505872
65.175	1.7	0.862592881824918	0.722965426090628	-0.219747680182322	19.6535238287983	0.890074305459934
65.325	1.7	0.919545097675553	0.7358452381639	-0.201020993143053	19.5532605369372	0.935636078140442
65.475	1.7	0.961790892411576	0.746195049584193	-0.180025799732138	19.4469788229801	0.96943271392926
65.625	1.7	0.99012308170405	0.754229464513397	-0.158487375174506	19.3362447693341	0.99209846536324
65.775	1.7	1.00682674860218	0.760269152578932	-0.137603722533745	19.2224978547064	1.00546139888175
65.925	1.7	1.01479430502445	0.764661233275987	-0.118145187793042	19.1069183836398	1.01183544401956
66.075	1.7	1.01686822819389	0.76773506136547	-0.100556694259182	18.9903844531671	1.01349458255511
66.225	1.7	1.01546061713378	0.769782108802773	-0.0850427300748034	18.8734897859902	1.01236849370702
66.375	1.7	1.01239794408869	0.771050812902495	-0.0716334413426054	18.7565935069859	1.00991835527095
66.525	1.7	1.00891674117037	0.77174857032555	-0.060236744187104	18.6398802753615	1.0071333929363
66.675	1.7	1.00574567044476	0.772045726400257	-0.0506812639890544	18.5234173801587	1.00459653635581
66.825	1.7	1.00322575315117	0.772079375670845	-0.0427523151165796	18.4072019365773	1.00258060252094
66.975	1.7	1.00143551110418	0.771956763311542	-0.0362209050336961	18.2911958384737	1.00114840888334
67.125	1.7	1.00030047696197	0.771758754081221	-0.030865046570151	18.175348950994	1.00024038156957
67.275	1.7	0.999677058152918	0.771543675032054	-0.0264832511701604	18.0596125572869	0.999741646522334
67.425	1.7	0.99940879392641	0.771351450352834	-0.0229011087857838	17.9439456477941	0.999527035141128
67.575	1.7	0.999358311590446	0.771207701798199	-0.0199726257248613	17.8283165688326	0.999486649272357
67.725	1.7	0.999420874463832	0.771127465562536	-0.0175782183266199	17.7127021072781	0.999536699571066
67.875	1.7	0.999525883437854	0.771118295138425	-0.0156210333679549	17.597085508283	0.999620706750283
68.025	1.7	0.999631830273092	0.771182672834764	-0.0140228113928843	17.4814543627396	0.999705464218474
68.175	1.7	0.999718746299117	0.771319773066287	-0.0127200286450262	17.3657988487143	0.999774997039294
68.325	1.7	0.99978068787943	0.771526687239167	-0.0116606629139465	17.2501104956044	0.999824550303544
68.475	1.7	0.999819555890158	0.771799240191535	-0.0108016652762209	17.1343814517949	0.999855644712127
68.625	1.7	0.999840671015491	0.772132518602198	-0.0101070723347702	17.0186041475534	0.999872536812393
68.775	1.7	0.999850004478909	0.772521208399137	-0.00954663161657741	16.9027712217724	0.999880003583127
68.925	1.7	0.999852718396754	0.772959811896571	-0.00909480404755639	16.7868755949838	0.999882174717403
69.075	1.7	0.999852609510169	0.773442792103083	-0.00873002599177419	16.6709106004836	0.999882087608136
69.225	1.7	0.999852093482517	0.77396467368484	-0.00843414165971128	16.5548701169181	0.999881674786014
69.375	1.7	0.999852454190285	0.774520117581803	-0.00819194459225938	16.4387486722579	0.999881963352228
69.525	1.7	0.999854175429159	0.775103978370033	-0.00799078968875561	16.3225415081908	0.999883340343327
69.675	1.7	0.999857251265479	0.775711348920107	-0.00782025359109199	16.2062446057766	0.999885801012383
69.825	1.7	0.999861428665243	0.776337594583222	-0.00767183174981988	16.0898546791713	0.999889142932194
69.975	1.7	0.999866372431302	0.776978378130496	-0.00753866652369159	15.9733691461765	0.999893097945042
70.125	1.7	0.999871761953267	0.777629676354555	-0.00741530364114351	15.8567860839306	0.999897409562614
70.275	1.7	0.999877336943283	0.778287789219969	-0.00729747549498303	15.7401041765044	0.999901869554626
70.425	1.7	0.999882909868202	0.778949342505844	-0.00718190993172879	15.6233226593075	0.999906327894562
70.575	1.7	0.999888359781349	0.779611284925813	-0.00706616299846317	15.5064412635257	0.999910687825079
70.725	1.7	0.999893618095418	0.780270880702419	-0.00694847383900582	15.3894601624901	0.999914894476334
70.875	1.7	0.999898652889362	0.780925698521241	-0.00682763973398523	15.2723799209512	0.99991892231149
71.025	1.7	0.999903455225099	0.781573597707093	-0.00670290919892595	15.1552014476576	0.999922764180079
71.175	1.7	0.999908028807575	0.782212712366147	-0.00657389108220476	15.0379259513121	0.99992642304606
71.325	1.7	0.999912383042905	0.78284143413683	-0.00644047771231946	14.9205548998272	0.999929906434324
71.475	1.7	0.999916528920482	0.783458394094199	-0.00630278029692995	14.8030899827474	0.999933223136386
71.625	1.7	0.99992047694392	0.784062444263575	-0.00616107495180126	14.6855330767006	0.999936381555136
71.775	1.7	0.999924236377433	0.784652639117991	-0.00601575791403107	14.567886213753	0.999939389101946
71.925	1.7	0.999927815225012	0.785228217363303	-0.00586730866237197	14.4501515525516	0.99994225218001
72.075	1.7	0.999931220535988	0.785788584251224	-0.00571625982150281	14.3323313521468	0.999944976428791
72.225	1.7	0.999934458787343	0.786333294606019	-0.00556317286499263	14.2144279483834	0.999947567029874
72.375	1.7	0.999937536212458	0.786862036702038	-0.00540861875429325	14.0964437327425	0.999950028969966
72.525	1.7	0.999940459026192	0.787374617087944	-0.0052531627593493	13.9783811335068	0.999952367220953
72.675	1.7	0.999943233543298	0.787870946418634	-0.00509735280222877	13.8602425991121	0.999954586834639
72.825	1.7	0.99994586621014	0.788351026325398	-0.00494171074973915	13.7420305835407	0.999956692968112
72.975	1.7	0.999948363577079	0.788814937331315	-0.00478672615689845	13.6237475336047	0.999958690861663
73.125	1.7	0.99995073223742	0.789262827798729	-0.0046328520293498	13.50539587797	0.999960585789936
73.275	1.7	0.999952978753375	0.789694903880944	-0.00448050223301461	13.3869780177674	0.9999623830027
73.425	1.7	0.999955109583172	0.790111420437782	-0.00433005023162099	13.2684963186442	0.999964087666538
73.575	1.7	0.999957131017655	0.790512672867469	-0.0041818288798099	13.1499531041147	0.999965704814124
73.725	1.7	0.99995904913022	0.790898989800737	-0.004036131040833	13.0313506500751	0.999967239304176
73.875	1.7	0.999960869740937	0.791270726599858	-0.00389321083429952	12.9126911803546	0.999968695792749
74.025	1.7	0.999962598393737	0.791628259603771	-0.00375328535099006	12.7939768631881	0.99997007871499
74.175	1.7	0.999964240344687	0.791971981060445	-0.00361653670001793	12.6752098084985	0.999971392275749
74.325	1.7	0.999965800559006	0.792302294687827	-0.00348311427731709	12.556392065892	0.999972640447205
74.475	1.7	0.999967283714601	0.792619611807506	-0.00335313716522279	12.437525623273	0.99997382697168
74.625	1.7	0.999968694210123	0.792924347996552	-0.00322669659108551	12.3186124059991	0.999974955368098
74.775	1.7	0.999970036176013	0.793216920206774	-0.00310385838735267	12.1996542764992	0.999976028940811
74.925	1.7	0.99997131348724	0.79349774430303	-0.00298466540888509	12.0806530342906	0.999977050789792
75.075	1.7	0.999972529776932	0.793767232975953	-0.00286913987384121	11.9616104163341	0.999978023821545
75.225	1.7	0.999973688450191	0.794025793987636	-0.00275728560316517	11.8425280976741	0.999978950760153
75.375	1.7	0.999974792697788	0.79427382871219	-0.00264909014146601	11.7234076923181	0.999979834158231
75.525	1.7	0.999975845509421	0.794511730936402	-0.00254452674769814	11.6042507543126	0.999980676407537
75.675	1.7	0.999976849686436	0.794739885888954	-0.00244355624911237	11.4850587789793	0.999981479749149
75.825	1.7	0.999977807853942	0.794958669469401	-0.00234612875588924	11.3658332042802	0.999982246283154
75.975	1.7	0.999978722472287	0.79516844765138	-0.00225218523658767	11.2465754122835	0.999982977977829
76.125	1.7	0.99997959584791	0.795369576036746	-0.00216165895721195	11.1272867307052	0.999983676678328
76.275	1.7	0.999980430143579	0.795562399540192	-0.00207447678826206	11.0079684345067	0.999984344114863
76.425	1.7	0.999981227388034	0.795747252185629	-0.00199056038554267	10.8886217475299	0.999984981910427
76.575	1.7	0.999981989485055	0.795924456998552	-0.00190982725119439	10.7692478441536	0.999985591588044
76.725	1.7	0.99998271822196	0.796094325979401	-0.00183219168235982	10.649847850959	0.999986174577568
76.875	1.7	0.999983415277589	0.79625716014565	-0.00175756561469254	10.5304228483933	0.999986732222071
77.025	1.7	0.99998408222976	0.796413249631087	-0.00168585936865432	10.4109738724211	0.999987265783808
77.175	1.7	0.999984720562231	0.796562873832944	-0.00161698230586973	10.2915019161559	0.999987776449785
77.325	1.7	0.999985331671187	0.796706301597785	-0.00155084340326334	10.1720079314671	0.99998826533695
77.475	1.7	0.999985916871276	0.796843791439311	-0.00148735175189388	10.0524928305546	0.999988733497021
77.625	1.7	0.999986477401221	0.796975591781095	-0.00142641698757703	9.93295748748853	0.999989181920977
77.775	1.7	0.99998701442901	0.797101941218962	-0.00136794965964772	9.81340273971056	0.999989611543208
77.925	1.7	0.999987529056727	0.797223068798264	-0.00131186154409592	9.69382938949409	0.999990023245381
78.075	1.7	0.999988022325012	0.797339194301745	-0.00125806590667552	9.5742382053613	0.99999041786001
78.225	1.7	0.999988495217194	0.79745052854455	-0.00120647772141643	9.45462992345615	0.999990796173755
78.375	1.7	0.999988948663106	0.797557273673424	-0.00115701384939046	9.33500524887222	0.999991158930485
78.525	1.7	0.999989383542632	0.797659623467596	-0.00110959318222459	9.21536485693527	0.999991506834106
78.675	1.7	0.999989800688964	0.797757763639137	-0.00106413675450825	9.09570939444018	0.999991840551171
78.825	1.7	0.999990200891636	0.797851872131131	-0.0010205678288644	8.97603948084277	0.999992160713309
78.975	1.7	0.999990584899318	0.7979421194121	-0.00097881195707874	8.85635570940677	0.999992467919454
79.125	1.7	0.999990953422398	0.798028668765568	-0.000938797020426239	8.73665864830677	0.999992762737919
79.275	1.7	0.999991307135394	0.798111676573818	-0.000900453251846489	8.61694884168787	0.999993045708315
79.425	1.7	0.999991646679161	0.798191292594949	-0.000863713242781848	8.49722681068306	0.999993317343329
79.575	1.7	0.999991972662948	0.798267660232844	-0.000828511936425467	8.37749305438935	0.999993578130359
79.725	1.7	0.999992285666309	0.79834091679934	-0.000794786609973574	8.2577480508038	0.999993828533047
79.875	1.7	0.999992586240866	0.798411193768606	-0.000762476847146477	8.13799225772057	0.999994068992693
80.025	1.7	0.999992874911962	0.798478617023154	-0.000731524502911104	8.01822611359042	0.99999429992957
80.175	1.7	0.999993152180178	0.798543307091692	-0.000701873661685583	7.89845003834359	0.999994521744142
80.325	1.7	0.999993418522753	0.798605379378523	-0.000673470590230382	7.77866443417768	0.999994734818202
80.475	1.7	0.999993674394911	0.798664944384599	-0.000646263686395842	7.65886968631145	0.999994939515929
80.625	1.7	0.999993920231088	0.798722107920321	-0.000620203424666331	7.53906616370612	0.999995136184871
80.775	1.7	0.99999415644608	0.798776971310136	-0.00059524229932387	7.41925421975517	0.999995325156864
80.925	1.7	0.999994383436105	0.798829631589058	-0.00057133476599885	7.29943419294395	0.999995506748884
81.075	1.7	0.9999946015798	0.79888018169139	-0.00054843718221766	7.17960640748038	0.99999568126384
81.225	1.7	0.999994811239152	0.798928710631661	-0.000526507747534247	7.05977117389782	0.999995848991322
81.375	1.7	0.999995012760395	0.798975303678115	-0.000505506443756941	6.93992878963119	0.999996010208316
81.525	1.7	0.999995206474855	0.79902004251896	-0.000485394975645884	6.82007953956769	0.999996165179884
81.675	1.7	0.999995392699756	0.79906300542144	-0.000466136712459759	6.70022369657297	0.999996314159805
81.825	1.7	0.99999557173897	0.799104267384155	-0.000447696630760762	6.58036152199381	0.999996457391176
81.975	1.7	0.99999574388368	0.799143900282694	-0.00043004125866714	6.46049326613858	0.999996595106944
82.125	1.7	0.999995909412896	0.79918197300889	-0.000413138621834392	6.3406191687361	0.999996727530317
82.275	1.7	0.999996068593887	0.799218551603834	-0.000396958191447416	6.22073945937415	0.999996854875109
82.425	1.7	0.999996221682583	0.799253699384799	-0.000381470834401862	6.10085435791843	0.999996977346067
82.575	1.7	0.999996368924169	0.799287477066471	-0.000366648765928616	5.98096407491286	0.999997095139335
82.725	1.7	0.999996510554069	0.79931994287612	-0.00035246550482625	5.86106881196213	0.999997208443255
82.875	1.7	0.999996646799397	0.799351152663373	-0.000338895831714631	5.74116876209717	0.999997317439518
83.025	1.7	0.999996777880565	0.799381160004069	-0.000325915750255266	5.62126411012457	0.999997422304452
83.175	1.7	0.999996904012159	0.799410016298695	-0.000313502451713845	5.50135503296055	0.999997523209727
83.325	1.7	0.999997025401877	0.799437770865214	-0.000301634282888775	5.38144169995067	0.999997620321501
83.475	1.7	0.999997142246649	0.799464471026519	-0.0002902907175995	5.26152427317622	0.999997713797319
83.625	1.7	0.999997254726708	0.799490162192369	-0.000279452332042524	5.14160290774838	0.999997803781366
83.775	1.7	0.99999736300122	0.799514887935473	-0.000269100784722845	5.02167775209117	0.999997890400976
83.925	1.7	0.999997467211845	0.799538690060591	-0.000259218802143782	4.90174894821365	0.999997973769476
84.075	1.7	0.999997567500637	0.799561608664949	-0.000249790171706949	4.78181663197147	0.99999805400051
84.225	1.7	0.999997664042786	0.799583682187718	-0.000240799742946921	4.66188093331748	0.999998131234228
84.375	1.7	0.999997757081364	0.799604947447029	-0.000232233436864278	4.54194197654217	0.999998205665091
84.525	1.7	0.99999784693445	0.799625439664641	-0.000224078260698218	4.42199988050649	0.99999827754756
84.675	1.7	0.999997933936222	0.799645192480819	-0.000216322323095001	4.30205475887354	0.999998347148978
84.825	1.7	0.99999801829028	0.79966423796331	-0.000208954844950209	4.18210672034825	0.999998414632224
84.975	1.7	0.999998099869287	0.799682606610893	-0.000201966166612359	4.06215586893448	0.99999847989543
85.125	1.7	0.999998178083121	0.799700327341325	-0.000195347764993554	3.94220230421214	0.999998542466497
85.275	1.7	0.999998252014271	0.799717427436034	-0.00018909230997116	3.82224612162318	0.999998601611417
85.425	1.7	0.999998321001413	0.799733932396249	-0.000183193797902475	3.70228741273934	0.99999865680113
85.575	1.7	0.999998385651329	0.799749865663487	-0.000177647782814886	3.58232626547931	0.999998708521063
85.725	1.7	0.99999844885451	0.799765248188881	-0.000172451666246692	3.46236276426608	0.999998759083608
85.875	1.7	0.999998515909993	0.79978009790822	-0.000167604907580201	3.34239699017837	0.999998812727994
86.025	1.7	0.999998592677424	0.799794429270538	-0.000163108919367554	3.22242902124144	0.999998874141939
86.175	1.7	0.999998681235049	0.799808253011325	-0.000158966404909204	3.10245893307459	0.999998944988039
86.325	1.7	0.999998774126893	0.799821576257659	-0.00015518008825229	2.98248680008354	0.999999019301515
86.475	1.7	0.999998850616108	0.799834402724331	-0.000151751233549816	2.86251269718074	0.999999080492886
86.625	1.7	0.999998880152221	0.799846732244706	-0.000148678935054689	2.74253670163819	0.999999104121777
86.775	1.7	0.999998837430973	0.799858558426587	-0.000145961501191974	2.62255889428318	0.999999069944778
86.925	1.7	0.999998728119056	0.799869863302212	-0.000143600753371223	2.50257935916349	0.999998982495245
87.075	1.7	0.999998614737053	0.799880608969421	-0.000141608175589783	2.3825981814096	0.999998891789642
87.225	1.7	0.999998622411305	0.799890728558003	-0.000140008660119625	2.26261544443838	0.999998897929044
87.375	1.7	0.999998902226915	0.799900121700542	-0.000138834382646451	2.14263122942051	0.999999121781532
87.525	1.7	0.999999544277909	0.799908661218181	-0.00013810074980049	2.02264562087757	0.999999635422327
87.675	1.7	1.00000046518425	0.799916215483647	-0.000137761476813563	1.90265872083625	1.0000003721474
87.825	1.7	1.00000133353967	0.799922683334364	-0.000137651927375069	1.78267066931193	1.00000106683174
87.975	1.7	1.00000161340435	0.799928027108452	-0.000137445377930353	1.66268166230324	1.00000129072348
88.125	1.7	1.00000076876338	0.799932280864367	-0.000136656094243531	1.54269195401643	1.0000006150107
88.275	1.7	0.999998572105628	0.799935515341529	-0.000134712901303587	1.42270183314136	0.999998857684502
88.425	1.7	0.999995341236066	0.79993776687244	-0.000131089849061585	1.30271157634403	0.999996272988853
88.575	1.7	0.999991888928368	0.799938980660316	-0.000125427520665215	1.18272140040252	0.999993511142695
88.725	1.7	0.999989113480625	0.799939056041124	-0.000117545791309278	1.06273144238066	0.9999912907845
88.875	1.7	0.999987487275737	0.799938072024762	-0.000107286210101838	0.94274177679314	0.999989989820589
89.025	1.7	0.999987016787154	0.799936680792935	-9.42545909497948e-05	0.822752426308455	0.999989613429723
89.175	1.7	0.999988174177199	0.799936495570119	-7.77115647088751e-05	0.702763268545761	0.999990539341759
89.325	1.7	0.999993528273554	0.799940155518225	-5.69376130753028e-05	0.582773751564201	0.999994822618843
89.475	1.7	1.00000850955633	0.799950771652854	-3.22139432649572e-05	0.462782468061466	1.00000680764506
89.625	1.7	1.00003888659252	0.799970753279415	-6.08757153638704e-06	0.342786890176018	1.00003110927401
89.775	1.7	1.00008355191501	0.799990314593801	1.59073294792529e-05	0.222783780121399	1.000066841532
89.925	1.7	1.00012496215076	0.40006174627026	2.58233138587283e-05	0.102773757611793	1.00009996972061
0.075	1.9	1.01287177692493e-30	0.399992058290579	-8.39038844873686e-05	36.0880021875546	0.2
0.225	1.9	3.67042729909658e-30	0.799977380043357	-7.79811826999497e-05	36.0640026640572	0.2
0.375	1.9	-1.72193264107224e-30	0.799965935250362	-6.74937890152484e-05	36.040003544752	0.2
0.525	1.9	3.91746678513605e-30	0.799958829830513	-5.45284583982821e-05	36.0160047079421	0.2
0.675	1.9	-1.03676857387269e-29	0.799956164742403	-4.11504459377527e-05	35.9920060149622	0.2
0.825	1.9	-3.39266347290139e-30	0.799957301499976	-2.89168951676404e-05	35.9680073380576	0.2
0.975	1.9	-2.60248900445452e-29	0.799961240478607	-1.87275428489638e-05	35.9440085768721	0.2
1.125	1.9	-1.19452896157217e-29	0.799966938859964	-1.09059723734577e-05	35.9200096636289	0.2
1.275	1.9	-3.18959507170589e-29	0.799973503408254	-5.37566542707182e-06	35.8960105605406	0.2
1.425	1.9	6.12055138050115e-30	0.799980267720456	-1.8373866353802e-06	35.8720112534244	0.2
1.575	1.9	6.80295788965381e-30	0.799986792483848	9.47432575873466e-08	35.8480117444773	0.2
1.725	1.9	8.19777347417815e-29	0.799992827143776	8.0659108153698e-07	35.8240120458753	0.2
1.875	1.9	9.99375943801185e-29	0.799998260000542	6.38389991748181e-07	35.8000121748487	0.2
2.025	1.9	1.82759419745967e-28	0.800003071678813	-1.32725595321638e-07	35.7760121502753	0.2
2.175	1.9	1.51997626343339e-28	0.800007298080006	-1.29358926302543e-06	35.752011990548	0.2
2.325	1.9	1.44079980556935e-28	0.800011003800018	-2.6876285786189e-06	35.7280117123905	0.2
2.475	1.9	-5.24054902860246e-29	0.800014264600734	-4.20450746944245e-06	35.70401133032	0.2
2.625	1.9	-2.44694348952087e-28	0.800017156769543	-5.76967407925645e-06	35.6800108565145	0.2
2.775	1.9	-6.25828831890257e-28	0.800019751294572	-7.3351746884766e-06	35.6560103009138	0.2
2.925	1.9	-8.75078018296129e-28	0.800022111173641	-8.87217883360789e-06	35.6320096714368	0.2
3.075	1.9	-1.12354106674419e-27	0.80002429062858	-1.03652072967573e-05	35.6080089742434	0.2
3.225	1.9	-9.07718894049056e-28	0.800026335395083	-1.1807828228604e-05	35.5840082139991	0.2
3.375	1.9	-3.83369610209182e-28	0.800028283542044	-1.31995459697975e-05	35.5600073941197	0.2
3.525	1.9	8.86375655553499e-28	0.800030166502163	-1.4543602275544e-05	35.5360065169866	0.2
3.675	1.9	2.42162753993446e-27	0.800032010125797	-1.5845458563268e-05	35.5120055841295	0.2
3.825	1.9	4.31218544162784e-27	0.800033835660765	-1.71117717801227e-05	35.488004596379	0.2
3.975	1.9	5.45477544067835e-27	0.800035660615898	-1.83497215011237e-05	35.4640035539899	0.2
4.125	1.9	5.54896068249239e-27	0.800037499499692	-1.95665804147389e-05	35.440002456742	0.2
4.275	1.9	3.1687723462442e-27	0.800039364432067	-2.07694548547055e-05	35.4160013040199	0.2
4.425	1.9	-1.51467328446192e-27	0.80004126565004	-2.19651368638443e-05	35.3920000948761	0.2
4.575	1.9	-8.95984207880042e-27	0.800043211916595	-2.31600327468671e-05	35.3679988280809	0.2
4.725	1.9	-1.69358899338376e-26	0.800045210850634	-2.43601387645063e-05	35.3439975021611	0.2
4.875	1.9	-2.37126808012144e-26	0.800047269191091	-2.55710475387895e-05	35.3199961154299	0.2
5.025	1.9	-2.47268343632843e-26	0.800049393010187	-2.67979730570448e-05	35.2959946660096	0.2
5.175	1.9	-1.76692009697711e-26	0.80005158788036	-2.80457846227403e-05	35.2719931518493	0.2
5.325	1.9	6.360254029437e-28	0.800053859011667	-2.93190461862055e-05	35.2479915707368	0.2
5.475	1.9	2.7330189635176e-26	0.800056211359037	-3.06220560276544e-05	35.2239899203086	0.2
5.625	1.9	5.80905892836677e-26	0.800058649708958	-3.19588865512316e-05	35.1999881980553	0.2
5.775	1.9	8.06654134814895e-26	0.800061178750476	-3.3333421574426e-05	35.175986401326	0.2
5.925	1.9	8.44242550129622e-26	0.800063803131217	-3.47493910898357e-05	35.1519845273303	0.2
6.075	1.9	5.66630120766028e-26	0.800066527505249	-3.62104030162182e-05	35.1279825731382	0.2
6.225	1.9	-1.93789505760177e-27	0.800069356568861	-3.77199725107936e-05	35.10398053568	0.2
6.375	1.9	-8.2157105228946e-26	0.800072295096004	-3.92815492733103e-05	35.079978411744	0.2
6.525	1.9	-1.52690739421915e-25	0.800075347962571	-4.08985400820653e-05	35.0559761979742	0.2
6.675	1.9	-1.78957299436521e-25	0.800078520170287	-4.25743303901107e-05	35.0319738908663	0.2
6.825	1.9	-1.23158301600464e-25	0.800081816868675	-4.43123061215987e-05	35.007971486764	0.2
6.975	1.9	1.64426438472534e-26	0.800085243369194	-4.61158691656317e-05	34.9839689818542	0.2
7.125	1.9	2.01062112686627e-25	0.800088805165856	-4.79884547414954e-05	34.9599663721618	0.2
7.275	1.9	3.19326963334502e-25	0.800092507947204	-4.99335470285921e-05	34.9359636535442	0.2
7.425	1.9	2.27033378570864e-25	0.800096357610546	-5.1954691550281e-05	34.911960821685	0.2
7.575	1.9	-2.22281003581479e-25	0.800100360277078	-5.40555100986135e-05	34.8879578720876	0.2
7.725	1.9	-1.05043752838522e-24	0.800104522302375	-5.62397114358345e-05	34.8639548000684	0.2
7.875	1.9	-2.06582744096745e-24	0.800108850291728	-5.85111037271738e-05	34.8399516007494	0.2
8.025	1.9	-2.73188711821554e-24	0.80011335110967	-6.08736053275596e-05	34.8159482690509	0.2
8.175	1.9	-2.20588731490069e-24	0.800118031895512	-6.33312558002018e-05	34.7919447996828	0.2
8.325	1.9	5.15487067191411e-25	0.800122900074146	-6.58882257888844e-05	34.7679411871371	0.2
8.475	1.9	6.10649106925935e-24	0.800127963370383	-6.85488278205297e-05	34.7439374256784	0.2
8.625	1.9	1.42504238920783e-23	0.800133229821014	-7.13175261945402e-05	34.7199335093349	0.2
8.775	1.9	2.27517734235586e-23	0.800138707789137	-7.41989469786883e-05	34.6959294318891	0.2
8.925	1.9	2.69654188091962e-23	0.800144405978576	-7.71978879829638e-05	34.6719251868676	0.2
9.075	1.9	1.991241662074e-23	0.800150333448156	-8.03193292734728e-05	34.6479207675304	0.2
9.225	1.9	-5.98746519674211e-24	0.800156499625924	-8.3568443128058e-05	34.6239161668607	0.2
9.375	1.9	-5.52296351745803e-23	0.800162914326535	-8.69506043294407e-05	34.5999113775529	0.2
9.525	1.9	-1.23467497740757e-22	0.800169587766259	-9.04714012352503e-05	34.5759063920011	0.2
9.675	1.9	-1.91318171168178e-22	0.800176530580412	-9.41366465168155e-05	34.5519012022869	0.2
9.825	1.9	-2.206618457723e-22	0.800183753840969	-9.79523884354524e-05	34.5278958001663	0.2
9.975	1.9	-1.58375669360717e-22	0.800191269074431	-0.000101924922501635	34.5038901770564	0.2
10.125	1.9	4.78342226972485e-23	0.800199088281897	-0.000106060802994583	34.4798843240218	0.2
10.275	1.9	4.1904174493782e-22	0.80020722395854	-0.000110366856303801	34.4558782317595	0.2
10.425	1.9	9.045710537991e-22	0.800215689113794	-0.000114850192906066	34.4318718905843	0.2
10.575	1.9	1.34513288226194e-21	0.800224497294345	-0.000119518221150912	34.4078652904127	0.2
10.725	1.9	1.46416399463987e-21	0.800233662605738	-0.000124378661148646	34.3838584207466	0.2
10.875	1.9	9.16904160808931e-22	0.800243199736443	-0.000129439559548572	34.3598512706563	0.2
11.025	1.9	-5.79678462221457e-22	0.800253123982904	-0.000134709304507275	34.3358438287624	0.2
11.175	1.9	-3.03879435264218e-21	0.800263451273809	-0.000140196640768275	34.3118360832174	0.2
11.325	1.9	-5.96539759395084e-21	0.800274198199398	-0.000145910687400543	34.287828021686	0.2
11.475	1.9	-8.19317381648263e-21	0.800285382037552	-0.000151860954575676	34.2638196313254	0.2
11.625	1.9	-7.94970186792109e-21	0.800297020783218	-0.000158057360983871	34.2398108987638	0.2
11.775	1.9	-3.30741679917831e-21	0.800309133180759	-0.000164510253624593	34.2158018100784	0.2
11.925	1.9	6.90266052104997e-21	0.800321738754348	-0.000171230426997998	34.1917923507729	0.2
12.075	1.9	2.18222671770498e-20	0.800334857841207	-0.000178229144455494	34.1677825057532	0.2
12.225	1.9	3.73381738016835e-20	0.800348511628486	-0.000185518159580831	34.1437722593024	0.2
12.375	1.9	4.55937981413372e-20	0.8003627221882	-0.000193109738157483	34.1197615950554	0.2
12.525	1.9	3.61257256728078e-20	0.800377512514818	-0.000201016683349486	34.0957504959711	0.2
12.675	1.9	-6.3891627337433e-22	0.800392906567555	-0.000209252360447117	34.0717389443045	0.2
12.825	1.9	-6.74540942371674e-20	0.800408929309741	-0.000217830722399538	34.0477269215771	0.2
12.975	1.9	-1.53079032935284e-19	0.800425606753948	-0.000226766338134794	34.023714408546	0.2
13.125	1.9	-2.26715327355475e-19	0.800442966007384	-0.000236074421173929	33.9997013851719	0.2
13.275	1.9	-2.38386503554877e-19	0.800461035318531	-0.00024577086029255	33.9756878305855	0.2
13.425	1.9	-1.30032233884693e-19	0.800479844129248	-0.000255872251379715	33.9516737230527	0.2
13.575	1.9	1.39823702741473e-19	0.800499423124915	-0.000266395930825304	33.9276590399378	0.2
13.725	1.9	5.59795823792039e-19	0.800519804290857	-0.000277360011091847	33.9036437576652	0.2
13.875	1.9	1.0277608413369e-18	0.800541020968368	-0.000288783417431757	33.8796278516803	0.2
14.025	1.9	1.33032895972894e-18	0.80056310791616	-0.000300685926852901	33.8556112964071	0.2
14.175	1.9	1.16522355290356e-18	0.800586101371553	-0.000313088209503191	33.8315940652054	0.2
14.325	1.9	2.29925956554778e-19	0.800610039117473	-0.000326011871387134	33.8075761303249	0.2
14.475	1.9	-1.61590470496902e-18	0.800634960551534	-0.000339479499272335	33.7835574628583	0.2
14.625	1.9	-4.14039066253777e-18	0.800660906757476	-0.000353514708898099	33.7595380326918	0.2
14.775	1.9	-6.55443582065769e-18	0.800687920581508	-0.000368142194643208	33.7355178084529	0.2
14.925	1.9	-7.47134747148109e-18	0.800716046711263	-0.000383387782229086	33.7114967574569	0.2
15.075	1.9	-5.15142607687421e-18	0.800745331760472	-0.000399278484076957	33.6874748456502	0.2
15.225	1.9	1.86375394932744e-18	0.800775824354061	-0.000415842557438017	33.6634520375512	0.2
15.375	1.9	1.37439868403579e-17	0.800807575221762	-0.000433109565258013	33.6394282961889	0.2
15.525	1.9	2.82169334098919e-17	0.800840637293671	-0.000451110441413688	33.6154035830379	0.2
15.675	1.9	3.97584738087926e-17	0.800875065799846	-0.000469877557419877	33.5913778579513	0.2
15.825	1.9	3.98345642006922e-17	0.800910918379213	-0.000489444794268514	33.5673510790899	0.2
15.975	1.9	1.89259486330054e-17	0.800948255187475	-0.00050984761652798	33.5433232028486	0.2
16.125	1.9	-2.92747668891225e-17	0.800987139015729	-0.000531123151602079	33.5192941837787	0.2
16.275	1.9	-1.0192487633395e-16	0.801027635413309	-0.000553310272302125	33.4952639745076	0.2
16.425	1.9	-1.81042458814236e-16	0.80106981281638	-0.000576449682959772	33.4712325256539	0.2
16.575	1.9	-2.30548034435338e-16	0.801113742681991	-0.000600584011647029	33.4471997857386	0.2
16.725	1.9	-2.00328035275383e-16	0.801159499633038	-0.000625757905616529	33.423165701093	0.2
16.875	1.9	-4.08796145199385e-17	0.801207161606347	-0.000652018130548673	33.3991302157607	0.2
17.025	1.9	2.70520228154718e-16	0.801256810010386	-0.00067941367848397	33.3750932713966	0.2
17.175	1.9	6.9637169831509e-16	0.801308529890389	-0.000707995876611648	33.35105480716	0.200000000000001
17.325	1.9	1.10962891789329e-15	0.801362410104183	-0.000737818503833147	33.3270147596032	0.200000000000001
17.475	1.9	1.28686416296293e-15	0.801418543503471	-0.000768937912445354	33.3029730625538	0.200000000000001
17.625	1.9	9.45389961934982e-16	0.801477027128791	-0.000801413155616585	33.2789296469929	0.200000000000001
17.775	1.9	-1.59592330147211e-16	0.801537962410216	-0.000835306119802481	33.2548844409261	0.2
17.925	1.9	-2.07959248952369e-15	0.801601455383604	-0.000870681664408085	33.2308373692483	0.199999999999998
18.075	1.9	-4.49193963854117e-15	0.801667616914685	-0.000907607768174291	33.2067883536031	0.199999999999996
18.225	1.9	-6.56488683078067e-15	0.801736562935425	-0.000946155679175668	33.1827373122335	0.199999999999995
18.375	1.9	-6.97317856850613e-15	0.80180841469589	-0.000986400074197668	33.1586841598269	0.199999999999994
18.525	1.9	-4.17473350296447e-15	0.801883299025162	-0.00102841922319844	33.1346288073517	0.199999999999997
18.675	1.9	2.98537080699944e-15	0.801961348609835	-0.001072295160676	33.1105711618854	0.200000000000002
18.825	1.9	1.43894538586719e-14	0.802042702286862	-0.00111811386299331	33.0865111264351	0.200000000000012
18.975	1.9	2.77020281360709e-14	0.802127505350155	-0.0011659654333483	33.0624485997482	0.200000000000022
19.125	1.9	3.77879799395666e-14	0.802215909875357	-0.0012159442911835	33.0383834761141	0.20000000000003
19.275	1.9	3.70643472304867e-14	0.802308075061968	-0.00126814936971178	33.0143156451557	0.20000000000003
19.425	1.9	1.73347710597593e-14	0.802404167595346	-0.00132268431822641	32.9902449916104	0.200000000000014
19.575	1.9	-2.66509443078939e-14	0.802504362023011	-0.00137965770931597	32.9661713951	0.199999999999979
19.725	1.9	-9.23279734279187e-14	0.802608841158832	-0.00143918325292731	32.942094729889	0.199999999999926
19.875	1.9	-1.64508559867562e-13	0.802717796502345	-0.00150138001208197	32.9180148646305	0.199999999999868
20.025	1.9	-2.13015710273871e-13	0.802831428683788	-0.00156637262428434	32.8939316620989	0.19999999999983
20.175	1.9	-1.95759940426202e-13	0.802949947932353	-0.00163429152370579	32.8698449789095	0.199999999999843
20.325	1.9	-6.99038222643447e-14	0.8030735745695	-0.00170527316656233	32.845754665223	0.199999999999944
20.475	1.9	1.88128221565949e-13	0.80320253952725	-0.00177946025492573	32.8216605644353	0.200000000000151
20.625	1.9	5.56685110551434e-13	0.80333708489469	-0.00185700195870366	32.7975625128513	0.200000000000445
20.775	1.9	9.44831126140718e-13	0.803477464493457	-0.00193805413564912	32.7734603393415	0.200000000000756
20.925	1.9	1.18297553030143e-12	0.803623944480354	-0.00202277954230035	32.7493538649815	0.200000000000946
21.075	1.9	1.04349274248761e-12	0.803776803983484	-0.00211134803965483	32.7252429026725	0.200000000000835
21.225	1.9	3.03855146986477e-13	0.803936335768661	-0.0022039367846412	32.7011272567423	0.200000000000243
21.375	1.9	-1.14580071617814e-12	0.80410284693891	-0.00230073040662297	32.6770067225263	0.199999999999083
21.525	1.9	-3.16786850163267e-12	0.804276659666636	-0.00240192116507675	32.6528810859262	0.199999999997466
21.675	1.9	-5.25732509901824e-12	0.804458111964195	-0.0025077090820986	32.6287501229469	0.199999999995794
21.825	1.9	-6.50216651166987e-12	0.804647558482428	-0.00261830204705621	32.6046135992094	0.199999999994798
21.975	1.9	-5.70005328650091e-12	0.804845371354268	-0.00273391588395955	32.5804712694392	0.19999999999544
22.125	1.9	-1.69040485967227e-12	0.805051941065565	-0.00285477437891502	32.5563228769292	0.199999999998648
22.275	1.9	6.09345645005368e-12	0.805267677368464	-0.00298110925601863	32.5321681529756	0.200000000004875
22.425	1.9	1.69420373760789e-11	0.805493010225549	-0.00311316009582327	32.5080068162859	0.200000000013554
22.575	1.9	2.82670954984995e-11	0.805728390790111	-0.00325117418562722	32.4838385723588	0.200000000022614
22.725	1.9	3.53984717747311e-11	0.805974292419279	-0.00339540628924315	32.4596631128331	0.200000000028319
22.875	1.9	3.21455602266383e-11	0.806231211716446	-0.00354611832680381	32.4354801148068	0.200000000025716
23.025	1.9	1.24073818564182e-11	0.80649966959741	-0.00370357894570336	32.4112892401239	0.200000000009926
23.175	1.9	-2.71414580588728e-11	0.806780212382021	-0.00386806297458879	32.3870901346285	0.199999999978287
23.325	1.9	-8.36992964939357e-11	0.807073412900196	-0.00403985073960552	32.3628824273862	0.199999999933041
23.475	1.9	-1.45282282732605e-10	0.807379871606175	-0.00421922722600592	32.3386657298707	0.199999999883774
23.625	1.9	-1.89435866857325e-10	0.807700217699847	-0.00440648107367504	32.314439635118	0.199999999848451
23.775	1.9	-1.85411576439043e-10	0.808035110238768	-0.00460190338114688	32.2902037168455	0.199999999851671
23.925	1.9	-1.01187876170681e-10	0.808385239234209	-0.00480578630182082	32.2659575285396	0.19999999991905
24.075	1.9	8.43633980794851e-11	0.808751326719773	-0.00501842140863831	32.241700602511	0.200000000067491
24.225	1.9	3.65729054821962e-10	0.809134127769159	-0.00524009779784214	32.21743244892	0.200000000292583
24.375	1.9	6.95378793508809e-10	0.809534431445992	-0.00547109990483297	32.1931525547739	0.200000000556303
24.525	1.9	9.75005496230997e-10	0.809953061650528	-0.00571170498783063	32.1688603828982	0.200000000780004
24.675	1.9	1.06087164058098e-09	0.810390877828526	-0.00596218024584715	32.1445553708853	0.200000000848697
24.825	1.9	7.89876545690241e-10	0.81084877549903	-0.00622277952525815	32.1202369300221	0.200000000631901
24.975	1.9	2.90884098289161e-11	0.811327686550922	-0.00649373958034936	32.0959044442017	0.200000000023271
25.125	1.9	-1.25561223435355e-09	0.811828579262159	-0.00677527586187771	32.0715572688234	0.19999999899551
25.275	1.9	-2.92561978006379e-09	0.812352457993545	-0.00706757782242666	32.0471947296906	0.199999997659504
25.425	1.9	-4.61399992476957e-09	0.812900362519819	-0.00737080374735602	32.0228161219142	0.1999999963088
25.575	1.9	-5.71842111953279e-09	0.81347336695883	-0.00768507513352927	31.9984207088396	0.199999995425263
25.725	1.9	-5.47247948413907e-09	0.814072578268554	-0.00801047064936317	31.9740077210131	0.199999995622016
25.875	1.9	-3.11446969225809e-09	0.81469913425942	-0.00834701969996397	31.9495763552126	0.199999997508424
26.025	1.9	1.8500971246313e-09	0.815354201055721	-0.00869469559713516	31.9251257735665	0.200000001480078
26.175	1.9	9.3288405984791e-09	0.816038969874691	-0.00905340828936563	31.9006551027873	0.200000007463072
26.325	1.9	1.83394879591638e-08	0.816754652949833	-0.00942299656469947	31.8761634335469	0.20000001467159
26.475	1.9	2.68287494752683e-08	0.817502478333772	-0.00980321958987129	31.8516498200154	0.200000021463
26.625	1.9	3.17318881154664e-08	0.818283683273208	-0.0101937476448391	31.8271132795831	0.200000025385511
26.775	1.9	2.93754065038331e-08	0.819099505804562	-0.0105941519597852	31.8025527927872	0.200000023500325
26.925	1.9	1.62712118200981e-08	0.819951174255895	-0.0110038936767619	31.7779673034601	0.200000013016969
27.075	1.9	-9.74107650381954e-09	0.820839894422173	-0.0114223121510441	31.7533557191299	0.199999992207139
27.225	1.9	-4.81658200542825e-08	0.821766834347675	-0.0118486130624018	31.7287169117138	0.199999961467344
27.375	1.9	-9.46236127172506e-08	0.822733106854447	-0.0122818570659145	31.7040497185685	0.19999992430111
27.525	1.9	-1.40110279194944e-07	0.823739750167283	-0.0127209499396493	31.6793529439865	0.199999887911777
27.675	1.9	-1.711689979261e-07	0.824787707148365	-0.0131646352895313	31.6546253612579	0.199999863064802
27.825	1.9	-1.71350027350772e-07	0.825877803676692	-0.0136114908130275	31.6298657154403	0.199999862919978
27.975	1.9	-1.24164819642395e-07	0.827010726577452	-0.0140599288635955	31.6050727270007	0.199999900668144
28.125	1.9	-1.74497458791189e-08	0.828187001138578	-0.0145082016122073	31.5802450964903	0.199999986040203
28.275	1.9	1.51346730381447e-07	0.82940696773666	-0.0149544105495482	31.5553815104007	0.200000121077384
28.425	1.9	3.69907732078951e-07	0.830670756447606	-0.0153965195236463	31.5304806482993	0.200000295926186
28.575	1.9	6.07231608423802e-07	0.831978257920301	-0.0158323701191741	31.5055411912687	0.200000485785287
28.725	1.9	8.12981425129913e-07	0.833329088386753	-0.0162596981088287	31.4805618315753	0.20000065038514
28.875	1.9	9.21733991738921e-07	0.834722546641035	-0.0166761500916629	31.4555412833701	0.200000737387193
29.025	1.9	8.63359128347098e-07	0.836157561324223	-0.0170793003584317	31.4304782941227	0.200000690687303
29.175	1.9	5.79561098025468e-07	0.837632627934996	-0.0174666695125805	31.4053716564336	0.200000463648878
29.325	1.9	4.46440797011243e-08	0.839145736706187	-0.017835748366706	31.3802202199364	0.200000035715264
29.475	1.9	-7.14006755955492e-07	0.84069429467485	-0.0181840328945492	31.3550229032401	0.199999428794595
29.625	1.9	-1.60283846325439e-06	0.842275047675271	-0.0185090782012337	31.3297787063186	0.199998717729229
29.775	1.9	-2.46511741016097e-06	0.843884010182644	-0.0188085809107401	31.304486724387	0.199998027906072
29.925	1.9	-3.10772195247221e-06	0.845516412228167	-0.0190804991997119	31.2791461649732	0.199997513822438
30.075	1.9	-3.35446123350324e-06	0.847166672276885	-0.0193232168399768	31.2537563702845	0.199997316431013
30.225	1.9	-3.11869536279846e-06	0.848828402079239	-0.0195357511262809	31.2283168466657	0.19999750504371
30.375	1.9	-2.47400835053898e-06	0.850494443574652	-0.019717994251697	31.2028273014967	0.19999802079332
30.525	1.9	-1.68724329503465e-06	0.852156929083792	-0.01987096493111	31.1772876850425	0.199998650205364
30.675	1.9	-1.17034510567227e-06	0.853807345870096	-0.0199970357195376	31.1516982308227	0.199999063723915
30.825	1.9	-1.31568275148871e-06	0.855436578186808	-0.0201000982514243	31.1260594841101	0.199998947453799
30.975	1.9	-2.21294086320425e-06	0.857034899520297	-0.0201856422995684	31.1003723062474	0.199998229647309
31.125	1.9	-3.30766556486205e-06	0.858591901126431	-0.0202607631436218	31.0746378453151	0.199997353867548
31.275	1.9	-3.14298832671688e-06	0.860096374522243	-0.0203341772931846	31.0488574737642	0.199997485609339
31.425	1.9	6.00524305724154e-07	0.861536213886117	-0.0204164083358533	31.0230327116292	0.200000480419445
31.575	1.9	1.05329780099765e-05	0.862898457215765	-0.0205203723630182	30.9971651767614	0.200008426382408
31.725	1.9	2.83088664045942e-05	0.864169616782104	-0.0206625948917186	30.9712566228626	0.200022647093124
31.875	1.9	5.28092084306635e-05	0.865336422471551	-0.0208651656462604	30.9453091284756	0.200042247366745
32.025	1.9	7.82491041320598e-05	0.866386978705204	-0.0211582354233315	30.9193254700587	0.200062599283306
32.175	1.9	9.31615993434394e-05	0.867312102305392	-0.0215823879904316	30.8933096391921	0.200074529279475
32.325	1.9	8.15275566338348e-05	0.868106302524879	-0.0221896885004175	30.8672673518766	0.200065222045307
32.475	1.9	2.72257222964992e-05	0.868767596857499	-0.0230418545023342	30.84120627514	0.200021780577837
32.625	1.9	-7.78110063296682e-05	0.86929531055957	-0.0242041628464235	30.815135619387	0.199937751194936
32.775	1.9	-0.000222952902478502	0.869685406988101	-0.0257347826487949	30.7890647902847	0.199821637678017
32.925	1.9	-0.000369173946900433	0.869923941866094	-0.0276715062907886	30.7630010307003	0.19970466084248
33.075	1.9	-0.000445850820727042	0.869981003916611	-0.0300212963065476	30.736946430554	0.199643319343418
33.225	1.9	-0.000360518725458847	0.869809740039357	-0.0327618660042646	30.710895262084	0.199711585019633
33.375	1.9	-2.64164780403151e-05	0.869356846796101	-0.0358665857816182	30.6848331059994	0.199978866817568
33.525	1.9	0.000592420678752814	0.868590506064972	-0.0393611369243814	30.6587393629593	0.200473936543002
33.675	1.9	0.00142709564648373	0.867547360260058	-0.0434100520969867	30.632594178601	0.201141676517187
33.825	1.9	0.00225905055487308	0.866391972868681	-0.0484153407865474	30.6063893838091	0.201807240443898
33.975	1.9	0.00270993197609286	0.865474124591586	-0.05509516933027	30.5801409266447	0.202167945580874
34.125	1.9	0.0022911785359397	0.86536623082595	-0.0645055238628171	30.5538980460925	0.201832942828752
34.275	1.9	0.000526392338478105	0.866864434236986	-0.0779695397569369	30.5277431027471	0.200421113870782
34.425	1.9	-0.00286447690403899	0.87093193768072	-0.0968736325153903	30.501776665447	0.197708418476769
34.575	1.9	-0.00776027949629881	0.878538037896263	-0.122267451751049	30.4760859299471	0.193791776402961
34.725	1.9	-0.0134787766857186	0.890304721047698	-0.154194028244173	30.4507006313466	0.189216978651425
34.875	1.9	-0.0187331157817154	0.905875246492357	-0.190776996667097	30.4255476991284	0.185013507374628
35.025	1.9	-0.0217559536027458	0.923120620075526	-0.227447591051371	30.4004208843674	0.182595237117803
35.175	1.9	-0.0205986371761708	0.937807360996728	-0.257227140930216	30.3749804705751	0.183521090259063
35.325	1.9	-0.0135538284664142	0.944683382942648	-0.272927272441986	30.3487886555645	0.189156937226869
35.475	1.9	0.000408291315959561	0.939984716198755	-0.270552691575516	30.3213724459652	0.200326633052768
35.625	1.9	0.0213268633527629	0.923497028416278	-0.251282583810557	30.2922974635693	0.21706149068221
35.775	1.9	0.0481636457942279	0.898333432230323	-0.22027227301626	30.2612357534766	0.238530916635382
35.925	1.9	0.0789664476938976	0.868973008747762	-0.18365652973074	30.2280133744591	0.263173158155118
36.075	1.9	0.111226818866979	0.839418913216063	-0.146264947916911	30.1926286421575	0.288981455093583
36.225	1.9	0.142327154284795	0.812405219082782	-0.110949730740296	30.1552404247668	0.313861723427836
36.375	1.9	0.169959467375887	0.789426972001486	-0.0789377630302895	30.1161337715025	0.33596757390071
36.525	1.9	0.192420854715909	0.771086513298984	-0.0504435628495765	30.0756738654003	0.353936683772727
36.675	1.9	0.208740963028518	0.757444968088787	-0.0251691055534889	30.0342590304769	0.366992770422814
36.825	1.9	0.21865239157224	0.748275830852678	-0.00261758904325399	29.9922808172158	0.374921913257792
36.975	1.9	0.222452666087411	0.743219870137763	0.0177396558868884	29.9500955286325	0.377962132869929
37.125	1.9	0.220817872884242	0.741870584677586	0.0363907135798369	29.9080081270232	0.376654298307394
37.275	1.9	0.214620206896958	0.743819082282501	0.0537668652472843	29.8662669052805	0.371696165517567
37.425	1.9	0.204784581287667	0.748679371284451	0.0702569978727049	29.8250657168062	0.363827665030134
37.575	1.9	0.192201513522054	0.756105097671867	0.0862322341911089	29.7845498250273	0.353761210817643
37.725	1.9	0.17769659483183	0.765799157859112	0.102060918248096	29.7448215203489	0.342157275865464
37.875	1.9	0.162040853396373	0.777510187822501	0.118095979088016	29.7059426989134	0.329632682717099
38.025	1.9	0.145973060116488	0.791007586677956	0.13462685642806	29.6679336896333	0.316778448093191
38.175	1.9	0.13019865525802	0.806033846504742	0.151811470148829	29.630770452192	0.304158924206416
38.325	1.9	0.115335480110904	0.822252701625557	0.169638239955308	29.5943849733453	0.292268384088723
38.475	1.9	0.101796827214732	0.839239649102488	0.187997263165728	29.558674911667	0.281437461771786
38.625	1.9	0.0896354979481863	0.856577069984486	0.20692893824573	29.5235269303468	0.271708398358549
38.775	1.9	0.0784097638484662	0.874087274244828	0.227039585965011	29.4888531565402	0.262727811078773
38.925	1.9	0.0671576706644531	0.892157588418592	0.249958286714116	29.4546328194706	0.253726136531563
39.075	1.9	0.0545612164115985	0.912038702703321	0.278652758577114	29.4209440471142	0.243648973129279
39.225	1.9	0.0393344407650568	0.935994350041071	0.317466070448839	29.3879676314602	0.231467552612045
39.375	1.9	0.0207865928456544	0.967191894320364	0.371735759958121	29.3559483506753	0.216629274276524
39.525	1.9	-0.000575908958691901	1.00904046792409	0.446522707954674	29.3251110080144	0.199539272833046
39.675	1.9	-0.0225998492636069	1.0630685850231	0.543125254885975	29.2955453903067	0.181920120589114
39.825	1.9	-0.0413925217990387	1.12374375722796	0.651569953676939	29.2670929384598	0.166885982560769
39.975	1.9	-0.0517844672204038	1.17124603119477	0.741818560714824	29.2392842659853	0.158572426223677
40.125	1.9	-0.0484525254270564	1.17448644825822	0.770609943166961	29.2113747409984	0.161237979658355
40.275	1.9	-0.0274102219231322	1.11709694759583	0.717250866620421	29.1824727193693	0.178071822461494
40.425	1.9	0.0128991201232235	1.0166959442223	0.60701607869867	29.151697694201	0.210319296098579
40.575	1.9	0.0713845706772497	0.905203196997625	0.483043497224278	29.1183234867688	0.2571076565418
40.725	1.9	0.144690295109929	0.803877030470683	0.372964712120952	29.0818772923988	0.315752236087943
40.875	1.9	0.227802982952352	0.720036081132175	0.285307286212377	29.0421756957955	0.382242386361882
41.025	1.9	0.314840527359346	0.653478728127868	0.218807252770354	28.9993087994232	0.451872421887477
41.175	1.9	0.400015873266223	0.601470010483663	0.169304265480472	28.9535889911362	0.520012698612978
41.325	1.9	0.478562678042784	0.56096145848551	0.132616231016827	28.9054771864373	0.582850142434227
41.475	1.9	0.547328163512542	0.529312395927517	0.105344364631657	28.8555020513427	0.637862530810034
41.625	1.9	0.604892088169133	0.50442395814425	0.084926475651066	28.8041886231006	0.683913670535306
41.775	1.9	0.651295595395482	0.484684783604945	0.0694858492386601	28.7520073191266	0.721036476316385
41.925	1.9	0.68758228340507	0.46887418614707	0.0576599645958181	28.6993460005522	0.750065826724056
42.075	1.9	0.715335362599588	0.456070406357836	0.0484590822086482	28.646501367908	0.772268290079671
42.225	1.9	0.736311923566594	0.445576484635884	0.0411610395630331	28.5936833866901	0.789049538853275
42.375	1.9	0.752199726296412	0.436864252316319	0.0352364505817312	28.5410267919902	0.80175978103713
42.525	1.9	0.764480248063592	0.429533245149946	0.0302965520504574	28.488605330506	0.811584198450873
42.675	1.9	0.774368775047358	0.423280749359177	0.0260569211175806	28.4364460736483	0.819495020037886
42.825	1.9	0.78280433800763	0.417879691896623	0.0223118642732337	28.3845423906527	0.826243470406104
42.975	1.9	0.790468995750337	0.41316188367543	0.0189157684975049	28.3328649635949	0.83237519660027
43.125	1.9	0.797822452017445	0.40900489955207	0.0157689419114744	28.2813706794071	0.838257961613956
43.275	1.9	0.805142842228462	0.405321511172644	0.0128064225406475	28.2300094795783	0.844114273782769
43.425	1.9	0.812567848494983	0.402051042477736	0.00998890352436012	28.1787293774915	0.850054278795986
43.575	1.9	0.820132564852789	0.399152300264205	0.00729533858588291	28.1274799168925	0.856106051882231
43.725	1.9	0.82780213053536	0.396597877122334	0.00471700404404824	28.0762143675278	0.862241704428288
43.875	1.9	0.835498303854982	0.394369676521588	0.00225286895202419	28.0248909480297	0.868398643083985
44.025	1.9	0.843119970874719	0.392455513669772	-9.38725849790982e-05	27.9734733399384	0.874495976699775
44.175	1.9	0.850558124857748	0.390846634222331	-0.00231827395702336	27.9219307177084	0.880446499886198
44.325	1.9	0.857706155023438	0.389535985604886	-0.00441529629367264	27.8702374746104	0.886164924018751
44.475	1.9	0.864466394508312	0.388517079463881	-0.00638083871293852	27.8183727795826	0.89157311560665
44.625	1.9	0.870753847601291	0.387783299161777	-0.00821230462411783	27.7663200597092	0.896603078081032
44.775	1.9	0.876497901651288	0.38732752831278	-0.00990884404108725	27.7140664696855	0.90119832132103
44.925	1.9	0.881642674940215	0.387142001009138	-0.011471382374166	27.6616023842142	0.905314139952172
45.075	1.9	0.886146492844301	0.3872182980985	-0.0129025180790716	27.6089209313806	0.908917194275441
45.225	1.9	0.889980842643662	0.387547434539905	-0.0142063474945373	27.5560175734902	0.91198467411493
45.375	1.9	0.893129042962214	0.388119999604112	-0.0153882560750075	27.5028897351428	0.914503234369771
45.525	1.9	0.895584779144125	0.388926324430741	-0.0164547008009226	27.4495364750018	0.9164678233153
45.675	1.9	0.897350597896045	0.389956660561377	-0.0174129980933808	27.3959581965485	0.917880478316836
45.825	1.9	0.898436417715646	0.391201359085721	-0.0182711242514406	27.3421563931661	0.918749134172517
45.975	1.9	0.898858090013609	0.392651043557371	-0.0190375306076245	27.2881334235644	0.919086472010887
46.125	1.9	0.898636034135917	0.394296771457933	-0.0197209727769699	27.2338923144598	0.918908827308733
46.275	1.9	0.897793963585205	0.396130179313358	-0.0203303522601109	27.1794365884028	0.918235170868164
46.425	1.9	0.896357717745142	0.398143606226195	-0.0208745690185884	27.1247701155934	0.917086174196114
46.575	1.9	0.89435421149865	0.400330190192355	-0.0213623852341465	27.0698969894184	0.91548336919892
46.725	1.9	0.891810513240199	0.40268393171114	-0.021802302936911	27.0148214262007	0.91344841059216
46.875	1.9	0.888753059381955	0.40519972033295	-0.0222024610629823	26.9595476902007	0.911002447505564
47.025	1.9	0.885207010359574	0.407873322197793	-0.0225705601755977	26.9040800451151	0.908165608287659
47.175	1.9	0.881195749411866	0.410701330301121	-0.0229138249066383	26.8484227330733	0.904956599529493
47.325	1.9	0.876740521277686	0.413681083896225	-0.0232390145606249	26.7925799813277	0.901392417022148
47.475	1.9	0.871860203810004	0.416810568538119	-0.023552490880999	26.7365560354464	0.897488163048003
47.625	1.9	0.866571201836162	0.420088313052165	-0.0238603486135745	26.6803552158788	0.89325696146893
47.775	1.9	0.86088744990797	0.423513303397213	-0.0241686094782315	26.6239819924268	0.888709959926376
47.925	1.9	0.854820509323003	0.427084935362173	-0.0244834740531627	26.5674410686117	0.883856407458403
48.075	1.9	0.84837974520966	0.430803027973393	-0.0248116196660976	26.5107374654322	0.878703796167728
48.225	1.9	0.84157257151554	0.434667917483096	-0.0251605264297483	26.4538765917876	0.873258057212432
48.375	1.9	0.834404755034702	0.438680648326316	-0.0255388085553114	26.3968642870861	0.867523804027762
48.525	1.9	0.826880773420085	0.442843273156525	-0.0259565240437419	26.3397068203508	0.861504618736068
48.675	1.9	0.819004225440967	0.447159269586633	-0.0264254322208962	26.2824108295259	0.855203380352773
48.825	1.9	0.810778293409022	0.451634076690581	-0.0269591642744999	26.2249831846789	0.848622634727218
48.975	1.9	0.802206256603405	0.456275748930609	-0.0275732657261709	26.1674307594979	0.841765005282724
49.125	1.9	0.793292049825001	0.461095717163686	-0.0282850608082471	26.1097600972162	0.834633639860001
49.275	1.9	0.784040852533074	0.466109632994394	-0.0291132774056272	26.0519769604759	0.827232682026459
49.425	1.9	0.774459681683446	0.471338250799059	-0.0300773600032276	25.9940857606702	0.819567745346757
49.575	1.9	0.764557946598555	0.476808268777833	-0.0311963920527649	25.936088872225	0.811646357278844
49.725	1.9	0.754347909177576	0.482553006244834	-0.0324875561434517	25.8779858523281	0.803478327342061
49.875	1.9	0.743844980770027	0.488612743099629	-0.033964089932619	25.8197726075316	0.795075984616021
50.025	1.9	0.733067782222472	0.495034498955938	-0.03563275710643	25.7614405749834	0.786454225777978
50.175	1.9	0.722037900431452	0.501871000130652	-0.0374909507754737	25.7029760154488	0.777630320345161
50.325	1.9	0.710779297008351	0.509178594067391	-0.0395236780281689	25.6443595430024	0.768623437606681
50.475	1.9	0.699317364103505	0.517013944946288	-0.0417008220205412	25.5855660350505	0.759453891282804
50.625	1.9	0.687677677016693	0.525429496488555	-0.0439752095150064	25.5265650673014	0.750142141613355
50.775	1.9	0.675884555801799	0.534467916839985	-0.0462820814049256	25.4673219927218	0.74070764464144
50.925	1.9	0.663959606145474	0.544156018586615	-0.0485405216503632	25.4077997257558	0.731167684916379
51.075	1.9	0.651920447097683	0.554498917675325	-0.0506572090792938	25.3479612038189	0.721536357678146
51.225	1.9	0.639779833615509	0.565475379500124	-0.0525325129804393	25.2877723869371	0.711823866892407
51.375	1.9	0.627545334949664	0.57703531874311	-0.0540685035720222	25.2272055424385	0.702036267959731
51.525	1.9	0.615219636710361	0.589100221096204	-0.0551779897911821	25.1662424704418	0.692175709368289
51.675	1.9	0.602801410920643	0.601566846738291	-0.0557933566993507	25.1048772834107	0.682241128736514
51.825	1.9	0.590286574190643	0.614314032760001	-0.0558738685304422	25.0431183770832	0.672229259352515
51.975	1.9	0.577669666192216	0.627211861558971	-0.0554102885138635	24.9809893232352	0.662135732953773
52.125	1.9	0.564945061944129	0.640132042308432	-0.0544261143944739	24.9185285613821	0.651956049555304
52.275	1.9	0.552107799059782	0.652958164227327	-0.0529753290099739	24.8557879359862	0.641686239247826
52.425	1.9	0.539153946947811	0.665594555944323	-0.0511371635395099	24.7928302807455	0.631323157558249
52.575	1.9	0.526080633857828	0.677972783477369	-0.0490088189800175	24.7297263589727	0.620864507086263
52.725	1.9	0.512886024810379	0.690055246312932	-0.0466972927650475	24.6665515093362	0.610308819848303
52.875	1.9	0.499569649550336	0.701835774572722	-0.0443113916333602	24.6033823180706	0.599655719640268
53.025	1.9	0.486133469544894	0.71333749362425	-0.0419547324162931	24.5402935583952	0.588906775635916
53.175	1.9	0.472583931569889	0.724608447882778	-0.0397201444054448	24.4773555330777	0.578067145255911
53.325	1.9	0.458935005296838	0.735715553354549	-0.0376855122275326	24.4146318573266	0.56714800423747
53.475	1.9	0.44521190080503	0.746737412463637	-0.0359108389715627	24.3521776507464	0.556169520644024
53.625	1.9	0.431454887001637	0.757756436103616	-0.0344362206878627	24.2900380807057	0.545163909601309
53.775	1.9	0.417722460919799	0.768850642803703	-0.0332805015422362	24.2282472123771	0.534177968735839
53.925	1.9	0.404093105364476	0.78008549228323	-0.0324405682425366	24.1668271583157	0.523274484291581
54.075	1.9	0.390665033551094	0.791506176282831	-0.0318914566460573	24.105787562274	0.512532026840875
54.225	1.9	0.377553624451151	0.803130910625574	-0.0315875931728516	24.0451254788797	0.502042899560921
54.375	1.9	0.364886634458528	0.814945893244405	-0.0314655110462798	23.984825710945	0.491909307566823
54.525	1.9	0.352797643955377	0.826902640201346	-0.0314482381952691	23.9248616378649	0.482238115164301
54.675	1.9	0.341418480469561	0.838918317652954	-0.0314512693661258	23.8651965197547	0.473134784375649
54.825	1.9	0.33087149832755	0.850879415790986	-0.0313896748385987	23.8057852066657	0.46469719866204
54.975	1.9	0.3212625710521	0.862648677650624	-0.031185559687408	23.7465761354798	0.45701005684168
55.125	1.9	0.312675488802295	0.874074678708731	-0.0307748759314029	23.6875134703037	0.450140391041836
55.275	1.9	0.305168198794922	0.885002975620236	-0.0301125857946098	23.6285392401779	0.444134559035938
55.425	1.9	0.298771043595684	0.895287436230621	-0.0291754039787778	23.5695953484072	0.439016834876548
55.575	1.9	0.293486896930849	0.904800321871434	-0.027961767418716	23.5106253632106	0.434789517544679
55.725	1.9	0.289292908025809	0.913439936032394	-0.0264891893593503	23.4515760397813	0.431434326420647
55.875	1.9	0.286143459325061	0.921135117131065	-0.0247896196808113	23.3923985601526	0.428914767460049
56.025	1.9	0.283973913973713	0.927846414740554	-0.0229037395160622	23.3330495034126	0.42717913117897
56.175	1.9	0.282704760222891	0.933564310882445	-0.0208752018371949	23.273491572558	0.426163808178313
56.325	1.9	0.282245826485002	0.938305222372343	-0.0187456950800366	23.2136941068414	0.425796661188002
56.475	1.9	0.282500321506574	0.942106193867318	-0.0165514163624289	23.1536334033	0.426000257205259
56.625	1.9	0.283368533074878	0.945019170264467	-0.0143211870470781	23.0932928625712	0.426694826459902
56.775	1.9	0.284751086220972	0.947105571225869	-0.0120761168132602	23.0326629660432	0.427800868976777
56.925	1.9	0.286551713691383	0.948431649546196	-0.00983048674612185	22.9717410866566	0.429241370953106
57.075	1.9	0.288679526885149	0.949064866068095	-0.00759340368825877	22.9105311355917	0.430943621508119
57.225	1.9	0.29105079623759	0.949071306371292	-0.00537076964489448	22.8490430515282	0.432840636990072
57.375	1.9	0.293590259450868	0.948514024166698	-0.00316718161446937	22.7872921469525	0.434872207560694
57.525	1.9	0.29623197816937	0.947452126441793	-0.000987491078025802	22.7252983352512	0.436985582535496
57.675	1.9	0.298919763004921	0.945940403240963	0.00116212559111269	22.6630852711337	0.439135810403937
57.825	1.9	0.301607186969709	0.944029329634512	0.00327362821528763	22.6006794435804	0.441285749575767
57.975	1.9	0.3042572100321	0.941765308731685	0.00533706899509268	22.5381092640294	0.44340576802568
58.125	1.9	0.306841443761267	0.939191066257785	0.00734095761679208	22.4754041925756	0.445473155009014
58.275	1.9	0.309339096591052	0.936346137058575	0.00927292382332191	22.4125939417974	0.447471277272842
58.425	1.9	0.311735654180759	0.933267401593322	0.0111205582928116	22.3497077920004	0.449388523344607
58.575	1.9	0.314021364124369	0.929989637019624	0.0128723158885701	22.2867740439517	0.451217091299495
58.725	1.9	0.316189607438839	0.926546048104065	0.0145183748426394	22.2238196263147	0.452951685951071
58.875	1.9	0.318235249056619	0.922968743064584	0.0160513590452672	22.1608698655723	0.454588199245295
59.025	1.9	0.320153064290242	0.919289122889293	0.0174668482296387	22.0979484166545	0.456122451432194
59.175	1.9	0.321936336528252	0.915538161422689	0.0187636237206922	22.0350773430809	0.457549069222601
59.325	1.9	0.323575711944791	0.91174656652725	0.0199436265160318	21.9722773265763	0.458860569555833
59.475	1.9	0.325058378643897	0.907944826426676	0.0210116388271134	21.9095679784395	0.460046702915118
59.625	1.9	0.326367610090407	0.904163155244143	0.0219747356972145	21.8469682194291	0.461094088072326
59.775	1.9	0.327482677402807	0.900431353685879	0.0228415822851488	21.7844966927795	0.461986141922246
59.925	1.9	0.328379096562851	0.89677859334798	0.0236216649146159	21.7221721772834	0.46270327725028
60.075	1.9	0.329029142859484	0.893233119199879	0.0243245306654062	21.6600139745474	0.463223314287587
60.225	1.9	0.329402546807801	0.889821852278134	0.0249590666987357	21.5980422555122	0.463522037446241
60.375	1.9	0.329467294466343	0.886569875127188	0.0255327819287344	21.5362783631687	0.463573835573074
60.525	1.9	0.329190497270742	0.883499807986918	0.0260509785044969	21.4747450762583	0.463352397816594
60.675	1.9	0.328539368977357	0.880631141150616	0.0265156506585183	21.4134668368194	0.462831495181886
60.825	1.9	0.327482431982081	0.877979674196238	0.0269239641138225	21.3524699279307	0.461985945585665
60.975	1.9	0.32599113761855	0.875557305650463	0.0272662885972635	21.291782555824	0.46079291009484
61.125	1.9	0.324042078249445	0.873372478725592	0.0275239995599503	21.2314347482842	0.459233662599556
61.275	1.9	0.321619845431947	0.87143156717352	0.0276676180941578	21.1714579431595	0.457295876345557
61.425	1.9	0.318720318032571	0.869741322232471	0.0276562543884682	21.1118841296297	0.454976254426057
61.575	1.9	0.315353756399272	0.868312150303337	0.0274396337298677	21.0527444484282	0.452283005119418
61.725	1.9	0.311546603247609	0.867161437222837	0.0269640299844569	20.9940672810148	0.449237282598087
61.875	1.9	0.307340490399081	0.866315424971293	0.0261829840902965	20.93587607414	0.445872392319265
62.025	1.9	0.302786832252195	0.865807419246509	0.0250725257173036	20.8781874417057	0.442229465801756
62.175	1.9	0.297935802891635	0.86566961880527	0.0236486267217342	20.8210104083913	0.438348642313308
62.325	1.9	0.292819685427443	0.865915971496353	0.021981921696311	20.7643479110787	0.434255748341954
62.475	1.9	0.28743270366597	0.866514539684655	0.0202018512657913	20.7082017119319	0.429946162932776
62.625	1.9	0.281712463676447	0.867350048679653	0.0184802410170841	20.6525815306415	0.425369970941158
62.775	1.9	0.275531711790271	0.868180320141841	0.0169839659660602	20.5975183124328	0.420425369432217
62.925	1.9	0.26871252256453	0.868593546645094	0.0157883661055652	20.5430800210945	0.414970018051624
63.075	1.9	0.261077086600482	0.867976613142935	0.0147473301576982	20.4893862285154	0.408861669280385
63.225	1.9	0.252548392173878	0.865509296603272	0.0133226694713435	20.4366153110126	0.402038713739102
63.375	1.9	0.24330845513469	0.860208872901441	0.0103887052313568	20.3849957552167	0.394646764107752
63.525	1.9	0.234009559090933	0.851068485841552	0.00406129610583502	20.3347717165704	0.387207647272746
63.675	1.9	0.226013911164128	0.837356701867398	-0.00832273219417413	20.2861336873975	0.380811128931302
63.825	1.9	0.221608648638548	0.819142702637116	-0.0298209418324529	20.2391092912855	0.377286918910839
63.975	1.9	0.224106717704983	0.797987859055773	-0.0627547972398409	20.1934181394717	0.379285374163986
64.125	1.9	0.237703351497941	0.777367861646098	-0.106776466387446	20.1483097541777	0.390162681198353
64.275	1.9	0.266931131113892	0.761920594561777	-0.157090964757524	20.1024281607209	0.413544904891113
64.425	1.9	0.315600374827071	0.755085338047259	-0.204885176747604	20.0537832402366	0.452480299861657
64.575	1.9	0.385310534615746	0.756813531192473	-0.240988753249875	19.9999297886699	0.508248427692596
64.725	1.9	0.473993109042043	0.763921159699691	-0.260271600465882	19.9383884540548	0.579194487233635
64.875	1.9	0.575317214793615	0.772633546110353	-0.262991203122285	19.8671921113607	0.660253771834892
65.025	1.9	0.679726866537641	0.780494057234387	-0.252845015480978	19.7853481901406	0.743781493230113
65.175	1.9	0.777034135343473	0.786530373732061	-0.234381311343242	19.6930370007629	0.821627308274779
65.325	1.9	0.859323447060218	0.790620158350103	-0.211494160709003	19.591477739994	0.887458757648174
65.475	1.9	0.922635125053523	0.792968326562974	-0.187002600337028	19.4825441657205	0.938108100042818
65.625	1.9	0.966884023028817	0.79387744714485	-0.16275915558771	19.3683107369347	0.973507218423054
65.775	1.9	0.994631129919482	0.793670827341288	-0.139895838183573	19.2506905381279	0.995704903935586
65.925	1.9	1.00964139059417	0.79265633664027	-0.119048548906214	19.1312321564758	1.00771311247533
66.075	1.9	1.01578863833609	0.791101889219336	-0.100522264478232	19.0110594829018	1.01263091066887
66.225	1.9	1.01642934320592	0.789224014913362	-0.0844020957857542	18.890903888532	1.01314347456474
66.375	1.9	1.01414789904722	0.787188962975708	-0.0706259526827083	18.771180334708	1.01131831923778
66.525	1.9	1.01073588318947	0.785120649513248	-0.0590341145970354	18.6520743028545	1.00858870655157
66.675	1.9	1.00729642531236	0.783109734029997	-0.049406498128483	18.5336211886046	1.00583714024989
66.825	1.9	1.00440106084061	0.781220909875093	-0.0414930249381087	18.4157700462517	1.00352084867249
66.975	1.9	1.00225357134622	0.779498053822172	-0.0350383780421701	18.2984297474721	1.00180285707697
67.125	1.9	1.00083422672862	0.777968034494344	-0.0298005664607037	18.1814990330414	1.0006673813829
67.275	1.9	1.000011642266	0.776643988000378	-0.0255627764983808	18.0648835767205	1.0000093138128
67.425	1.9	0.999619525605471	0.775528428098269	-0.0221389440053855	17.9485036665982	0.999695620484377
67.575	1.9	0.999502171188956	0.774616175757776	-0.0193743842720008	17.8322958647936	0.999601736951165
67.725	1.9	0.99953589745124	0.773896939297711	-0.0171432085851088	17.7162113641836	0.999628717960992
67.875	1.9	0.999634352996824	0.773357402450668	-0.0153441414867013	17.6002129832275	0.999707482397459
68.025	1.9	0.999744657118857	0.772982775198438	-0.01389594854084	17.4842720096579	0.999795725695086
68.175	1.9	0.999839590736136	0.772757852132812	-0.0127332153856195	17.3683655208377	0.999871672588909
68.325	1.9	0.999909198668324	0.772667674215499	-0.0118028239613612	17.252474403837	0.999927358934659
68.475	1.9	0.9999536004855	0.772697903024561	-0.0110612015139976	17.136582056809	0.9999628803884
68.625	1.9	0.999977687582365	0.772835005277027	-0.0104722662980529	17.020673637619	0.999982150065892
68.775	1.9	0.999987699852212	0.773066323348712	-0.0100059308528839	16.9047356937582	0.999990159881769
68.925	1.9	0.999989337141474	0.773380084147758	-0.0096370159791566	16.7887560227503	0.999991469713179
69.075	1.9	0.999986957338345	0.773765378942544	-0.00934444902312587	16.6727236476773	0.999989565870676
69.225	1.9	0.99998344463823	0.774212132238191	-0.00911065043293083	16.5566288311558	0.999986755710584
69.375	1.9	0.999980423550443	0.774711068301291	-0.00892104222989156	16.4404630841913	0.999984338840354
69.525	1.9	0.999978598623973	0.775253678416641	-0.00876363619326094	16.3242191505468	0.999982878899178
69.675	1.9	0.999978090953518	0.775832189206836	-0.0086286769386537	16.2078909626452	0.999982472762814
69.825	1.9	0.999978710259573	0.776439531301427	-0.00850832633590197	16.0914735732639	0.999982968207658
69.975	1.9	0.999980145222201	0.777069307510588	-0.00839638228139341	15.9749630705233	0.999984116177761
70.125	1.9	0.999982079000968	0.777715759921971	-0.00828802821181121	15.8583564838823	0.999985663200774
70.275	1.9	0.999984247190419	0.778373735698286	-0.00817961117946426	15.7416516875563	0.999987397752336
70.425	1.9	0.999986457183062	0.779038651660672	-0.00806844670919441	15.6248473059744	0.99998916574645
70.575	1.9	0.999988585205288	0.779706457953204	-0.00795264860904095	15.5079426241737	0.99999086816423
70.725	1.9	0.999990562975544	0.780373601194909	-0.00783098173829752	15.3909375046597	0.999992450380435
70.875	1.9	0.999992361654241	0.78103698756296	-0.00770273560563334	15.2738323112993	0.999993889323393
71.025	1.9	0.999993977288624	0.781693946236404	-0.00756761662742014	15.1566278402181	0.9999951818309
71.175	1.9	0.999995419520778	0.782342193588597	-0.00742565692419278	15.0393252573575	0.999996335616623
71.325	1.9	0.999996703834505	0.782979798461766	-0.00727713764688131	14.9219260422122	0.999997363067604
71.475	1.9	0.999997846849176	0.783605148798429	-0.00712252497892828	14.8044319372497	0.999998277479341
71.625	1.9	0.999998863887805	0.784216919847563	-0.00696241713260602	14.686844902538	0.999999091110244
71.775	1.9	0.999999768049684	0.784814044109698	-0.0067975008327502	14.5691670751592	0.999999814439747
71.925	1.9	1.00000057015573	0.785395683135702	-0.00662851594856064	14.4514007330293	1.00000045612458
72.075	1.9	1.00000127911242	0.785961201250238	-0.00645622708950861	14.3335482627835	1.00000102328993
72.225	1.9	1.00000190240481	0.786510141230732	-0.00628140112334835	14.2156121314123	1.00000152192385
72.375	1.9	1.00000244655858	0.787042201938394	-0.00610478970174497	14.0975948613511	1.00000195724687
72.525	1.9	1.00000291750047	0.787557217868793	-0.0059271159940326	13.9794990087409	1.00000233400038
72.675	1.9	1.0000033208017	0.788055140564368	-0.0057490649324851	13.8613271445854	1.00000265664136
72.825	1.9	1.00000366181781	0.788536021812648	-0.00557127636445519	13.7430818385419	1.00000292945425
72.975	1.9	1.00000394574995	0.788999998538772	-0.00539434058870964	13.6247656450936	1.00000315659996
73.125	1.9	1.00000417765414	0.789447279291032	-0.00521879582697621	13.5063810918609	1.00000334212331
73.275	1.9	1.00000436242081	0.789878132211761	-0.00504512724578957	13.387930669827	1.00000348993665
73.425	1.9	1.00000450474188	0.790292874382279	-0.00487376720212175	13.2694168252618	1.00000360379351
73.575	1.9	1.00000460907643	0.790691862431405	-0.00470509643595214	13.1508419531504	1.00000368726115
73.725	1.9	1.00000467962177	0.791075484297554	-0.00453944597800855	13.0322083919421	1.00000374369741
73.875	1.9	1.00000472029296	0.791444152039134	-0.00437709957912742	12.9135184194552	1.00000377623437
74.025	1.9	1.00000473471173	0.791798295591837	-0.00421829650147616	12.7947742497873	1.00000378776938
74.175	1.9	1.00000472620386	0.792138357377709	-0.00406323454106548	12.6759780310957	1.00000378096308
74.325	1.9	1.0000046978039	0.792464787676231	-0.00391207317557253	12.5571318441257	1.00000375824312
74.475	1.9	1.00000465226544	0.792778040674681	-0.00376493675343277	12.4382377013784	1.00000372181235
74.625	1.9	1.00000459207517	0.793078571121149	-0.00362191765757648	12.3192975468228	1.00000367366014
74.775	1.9	1.00000451946956	0.793366831510004	-0.00348307939315333	12.2003132560653	1.00000361557565
74.925	1.9	1.00000443645262	0.793643269736134	-0.00334845956088878	12.081286636903	1.0000035491621
75.075	1.9	1.00000434481418	0.793908327159593	-0.00321807268850241	11.9622194301936	1.00000347585134
75.225	1.9	1.0000042461477	0.794162437028902	-0.0030919129014338	11.8431133109859	1.00000339691816
75.375	1.9	1.00000414186758	0.794406023215918	-0.00296995642103393	11.7239698898598	1.00000331349407
75.525	1.9	1.00000403322529	0.794639499220141	-0.00285216388421112	11.604790714433	1.00000322658023
75.675	1.9	1.00000392132456	0.794863267405618	-0.00273848248288316	11.4855772709966	1.00000313705964
75.825	1.9	1.00000380713537	0.795077718436961	-0.00262884792526912	11.3663309862483	1.0000030457083
75.975	1.9	1.00000369150691	0.795283230885529	-0.00252318622359757	11.2470532290941	1.00000295320553
76.125	1.9	1.00000357517939	0.795480170979844	-0.00242141531478149	11.1277453124973	1.00000286014351
76.275	1.9	1.00000345879494	0.795668892478164	-0.00232344652212496	11.0084084953533	1.00000276703596
76.425	1.9	1.00000334290763	0.795849736642708	-0.00222918586700962	10.8890439843743	1.0000026743261
76.575	1.9	1.00000322799252	0.796023032299451	-0.00213853523997037	10.7696529359703	1.00000258239401
76.725	1.9	1.00000311445405	0.796189095967543	-0.00205139344110143	10.650236458114	1.00000249156324
76.875	1.9	1.00000300263365	0.796348232046241	-0.00196765709958442	10.5307956121815	1.00000240210692
77.025	1.9	1.00000289281668	0.796500733047891	-0.00188722148194443	10.4113314147594	1.00000231425335
77.175	1.9	1.00000278523876	0.796646879867419	-0.00180998119867844	10.2918448394144	1.00000222819101
77.325	1.9	1.00000268009146	0.796786942080361	-0.00173583081809499	10.172336818419	1.00000214407317
77.475	1.9	1.00000257752756	0.796921178262165	-0.0016646653961423	10.0528082444295	1.00000206202205
77.625	1.9	1.00000247766567	0.797049836323292	-0.00159638093036347	9.93325997211576	1.00000198213254
77.775	1.9	1.0000023805945	0.797173153854475	-0.0015308747454717	9.81369281973751	1.0000019044756
77.925	1.9	1.00000228637662	0.797291358478649	-0.0014680458178069	9.69410757066941	1.00000182910129
78.075	1.9	1.0000021950519	0.797404668205546	-0.00140779504512723	9.5745049748718	1.00000175604152
78.225	1.9	1.00000210664054	0.797513291786207	-0.0013500254679034	9.45488575030803	1.00000168531244
78.375	1.9	1.0000020211458	0.797617429064943	-0.00129464244749297	9.33525058430862	1.00000161691664
78.525	1.9	1.0000019385564	0.797717271326976	-0.00124155380647861	9.21560013488239	1.00000155084512
78.675	1.9	1.00000185884867	0.79781300163997	-0.00119066993562646	9.09593503197586	1.00000148707894
78.825	1.9	1.00000178198852	0.797904795188215	-0.00114190387168309	8.97625587868159	1.00000142559082
78.975	1.9	1.00000170793307	0.79799281959864	-0.00109517134985797	8.85656325239682	1.00000136634645
79.125	1.9	1.00000163663215	0.798077235257819	-0.00105039083422651	8.73685770593377	1.00000130930572
79.275	1.9	1.00000156802964	0.798158195619291	-0.00100748352935231	8.61713976858292	1.00000125442371
79.425	1.9	1.00000150206463	0.798235847501151	-0.000966373375551362	8.49740994713077	1.00000120165171
79.575	1.9	1.00000143867241	0.798310331373205	-0.000926987030574532	8.37766872683367	1.00000115093793
79.725	1.9	1.00000137778537	0.798381781634107	-0.000889253839527247	8.25791657234923	1.00000110222829
79.875	1.9	1.00000131933376	0.798450326877962	-0.000853105795237981	8.13815392862688	1.00000105546701
80.025	1.9	1.00000126324641	0.798516090150725	-0.000818477490623772	8.01838122175906	1.00000101059713
80.175	1.9	1.00000120945124	0.798579189196462	-0.000785306064563023	7.89859885979477	1.00000096756099
80.325	1.9	1.00000115787584	0.798639736693589	-0.000753531142633518	7.77880723351684	1.00000092630067
80.475	1.9	1.00000110844782	0.798697840481348	-0.000723094773871319	7.6590067171844	1.00000088675825
80.625	1.9	1.00000106109525	0.798753603776727	-0.000693941364522857	7.53919766924217	1.0000008488762
80.775	1.9	1.00000101574694	0.798807125382071	-0.000666017609694169	7.41938043299779	1.00000081259755
80.925	1.9	1.0000009723327	0.798858499883754	-0.000639272423671674	7.29955533726877	1.00000077786616
81.075	1.9	1.00000093078356	0.798907817842044	-0.00061365686957877	7.17972269700015	1.00000074462684
81.225	1.9	1.00000089103192	0.798955165972651	-0.000589124088945457	7.05988281385443	1.00000071282554
81.375	1.9	1.00000085301178	0.79900062732006	-0.000565629231631614	6.94003597677479	1.00000068240942
81.525	1.9	1.0000008166588	0.799044281423059	-0.000543129386647409	6.82018246252293	1.00000065332704
81.675	1.9	1.00000078191052	0.799086204472714	-0.000521583514145726	6.70032253619264	1.00000062552842
81.825	1.9	1.00000074870637	0.799126469463067	-0.000500952378963035	6.58045645170019	1.00000059896509
81.975	1.9	1.00000071698777	0.799165146334869	-0.000481198485880249	6.46058445225268	1.00000057359022
82.125	1.9	1.00000068669807	0.799202302112456	-0.000462286017042934	6.34070677079535	1.00000054935845
82.275	1.9	1.00000065778238	0.799238001034188	-0.000444180771536355	6.22082363043881	1.0000005262259
82.425	1.9	1.00000063018743	0.799272304676556	-0.000426850107429259	6.10093524486725	1.00000050414994
82.575	1.9	1.00000060386155	0.799305272072149	-0.000410262886478404	5.98104181872853	1.00000048308924
82.725	1.9	1.00000057875506	0.799336959821531	-0.000394389421658497	5.86114354800692	1.00000046300405
82.875	1.9	1.00000055482103	0.799367422199219	-0.000379201427659355	5.74124062037963	1.00000044385682
83.025	1.9	1.00000053201639	0.799396711253733	-0.000364671974637865	5.62133321555757	1.00000042561311
83.175	1.9	1.00000051030254	0.799424876901709	-0.000350775445112726	5.50142150561162	1.00000040824203
83.325	1.9	1.00000048964434	0.799451967016138	-0.000337487494265161	5.38150565528512	1.00000039171547
83.475	1.9	1.00000047000662	0.799478027508888	-0.000324785013465665	5.26158582229377	1.00000037600529
83.625	1.9	1.00000045134843	0.799503102407231	-0.000312646097286182	5.14166215761411	1.00000036107874
83.775	1.9	1.00000043361784	0.799527233924074	-0.000301050014379197	5.02173480576154	1.00000034689427
83.925	1.9	1.00000041675265	0.799550462521039	-0.000289977183098964	4.90180390505868	1.00000033340212
84.075	1.9	1.00000040069333	0.799572826962466	-0.000279409153022847	4.78186958789442	1.00000032055466
84.225	1.9	1.00000038541026	0.799594364358417	-0.000269328593413341	4.66193198097352	1.00000030832821
84.375	1.9	1.00000037093684	0.799615110194785	-0.000259719288249682	4.54199120555755	1.00000029674947
84.525	1.9	1.00000035738479	0.799635098350043	-0.000250566135208831	4.42204737769914	1.00000028590783
84.675	1.9	1.00000034490771	0.799654361100651	-0.000241855143087186	4.30210060847491	1.00000027592616
84.825	1.9	1.00000033358706	0.799672929118555	-0.000233573421247962	4.18215100422512	1.00000026686965
84.975	1.9	1.00000032325616	0.799690831462311	-0.000225709158331694	4.0621986668092	1.00000025860493
85.125	1.9	1.00000031334984	0.799708095555352	-0.00021825159783676	3.94224369388189	1.00000025067987
85.275	1.9	1.00000030294182	0.799724747129835	-0.000211191033718557	3.8222861791841	1.00000024235345
85.425	1.9	1.0000002911424	0.799740810097894	-0.000204518860373631	3.70232621282877	1.00000023291392
85.575	1.9	1.00000027790064	0.799756306306841	-0.000198227702724906	3.58236388155401	1.00000022232051
85.725	1.9	1.00000026495114	0.799771255155911	-0.000192311606048164	3.46239926892845	1.00000021196091
85.875	1.9	1.0000002562485	0.799785673111481	-0.000186766177403689	3.34243245553757	1.0000002049988
86.025	1.9	1.00000025698753	0.799799573241075	-0.000181588468748607	3.22246351925107	1.00000020559002
86.175	1.9	1.0000002705799	0.799812964945988	-0.000176776346830023	3.10249253573706	1.00000021646392
86.325	1.9	1.00000029402962	0.79982585402676	-0.000172327206700921	2.98251957938997	1.00000023522369
86.475	1.9	1.00000031389755	0.799838242989751	-0.000168236225330213	2.86254472471283	1.00000025111804
86.625	1.9	1.00000030665227	0.799850131099457	-0.000164494867653214	2.74256804792797	1.00000024532182
86.775	1.9	1.0000002472067	0.799861513265378	-0.000161090784346986	2.62258962827639	1.00000019776536
86.925	1.9	1.00000012638275	0.799872376773723	-0.000158010102313238	2.5026095483238	1.0000001011062
87.075	1.9	0.999999971748728	0.799882695562777	-0.000155241907586668	2.38262789288778	0.999999977398983
87.225	1.9	0.999999859125526	0.799892423414643	-0.000152782345893778	2.26264474706077	0.999999887300421
87.375	1.9	0.999999899198509	0.799901489719623	-0.00015063298525129	2.14266019497036	0.999999919358807
87.525	1.9	1.0000001908465	0.799909803145544	-0.000148786760226922	2.0226743216427	1.0000001526772
87.675	1.9	1.00000075173406	0.799917267817029	-0.000147197383709151	1.90268721962161	1.00000060138725
87.825	1.9	1.00000146013723	0.799923812113526	-0.000145736050409144	1.78269899930342	1.00000116810979
87.975	1.9	1.00000205278894	0.799929422567667	-0.000144150968510672	1.66270979808595	1.00000164223115
88.125	1.9	1.00000220290153	0.799934168430309	-0.000142054720568817	1.54271978094848	1.00000176232122
88.275	1.9	1.00000164719483	0.799938202654867	-0.000138962663196406	1.42272912725263	1.00000131775587
88.425	1.9	1.00000027057057	0.799941737573893	-0.0001343860098591	1.30273800663924	1.00000021645645
88.575	1.9	0.999998054141709	0.799945016368518	-0.000127949872809524	1.18274655686931	0.999998443313367
88.725	1.9	0.99999490387814	0.799948320531402	-0.000119478736685333	1.06275487825729	0.999995923102512
88.875	1.9	0.999990584956429	0.799952045734363	-0.000108998255591224	0.942763042171102	0.999992467965143
89.025	1.9	0.999985136739986	0.79995682686443	-9.66598316276847e-05	0.822771075310354	0.999988109391989
89.175	1.9	0.999979973300459	0.799963610884187	-8.26812891019144e-05	0.702778851026385	0.999983978640367
89.325	1.9	0.999979197399295	0.799973522956649	-6.74441426788252e-05	0.582785840453724	0.999983357919436
89.475	1.9	0.999989658280888	0.799987432591551	-5.1816613438178e-05	0.462790791703658	0.99999172662471
89.625	1.9	1.00001773606265	0.800005344944886	-3.75721649498344e-05	0.342791599997772	1.00001418885012
89.775	1.9	1.00006190048561	0.800015816672012	-2.75660264286512e-05	0.222785786766815	1.00004952038849
89.925	1.9	1.00010353487901	0.400071285867195	-2.53001736946229e-05	0.102774973362858	1.00008282790321
0.075	2.1	2.30185434706524e-30	0.399994935493948	-6.65622637522187e-05	36.0880051201521	0.2
0.225	2.1	-1.61017825968587e-31	0.799985445925884	-6.30990498662782e-05	36.0640054240225	0.2
0.375	2.1	4.76435865981756e-30	0.799977713179775	-5.68058696267812e-05	36.0400059933966	0.2
0.525	2.1	-5.49072768002366e-30	0.799972445097274	-4.87183744888271e-05	36.0160067612317	0.2
0.675	2.1	1.54503679089755e-30	0.799969859699086	-3.99598810905123e-05	35.9920076466907	0.2
0.825	2.1	-1.87710524281623e-29	0.799969759239375	-3.14891904142754e-05	35.9680085696497	0.2
0.975	2.1	-8.28760424345177e-30	0.799971683846815	-2.39733621661119e-05	35.9440094611364	0.2
1.125	2.1	-3.32173147538181e-29	0.799975070185293	-1.77731124843798e-05	35.9200102686189	0.2
1.275	2.1	-7.33265497334028e-30	0.799979371564274	-1.29964286443716e-05	35.8960109569253	0.2
1.425	2.1	-2.03809866821343e-29	0.799984127591423	-9.57707599906927e-06	35.8720115063251	0.2
1.575	2.1	3.95263113381021e-29	0.799988990783685	-7.34950844567974e-06	35.8480119092698	0.2
1.725	2.1	5.02761311959102e-29	0.799993724510853	-6.10700676165982e-06	35.8240121668781	0.2
1.875	2.1	1.40541238134957e-28	0.799998185948097	-5.64040446798117e-06	35.8000122857991	0.2
2.025	2.1	1.42445135335281e-28	0.800002303939285	-5.76015734471088e-06	35.7760122757212	0.2
2.175	2.1	1.96231992783435e-28	0.800006057638814	-6.30629123337902e-06	35.7520121475628	0.2
2.325	2.1	8.73608372163864e-29	0.800009458671877	-7.15059690399067e-06	35.7280119122628	0.2
2.475	2.1	-9.80082149051493e-30	0.800012537576289	-8.19447918028047e-06	35.7040115800424	0.2
2.625	2.1	-3.22052988496496e-28	0.800015334230261	-9.36479959802609e-06	35.6800111600083	0.2
2.775	2.1	-5.77196727046642e-28	0.800017891532795	-1.06091526335411e-05	35.6560106599886	0.2
2.925	2.1	-9.56718116036937e-28	0.800020251528164	-1.18913666499935e-05	35.6320100865163	0.2
3.075	2.1	-1.03350694730671e-27	0.800022453252355	-1.31875916631622e-05	35.6080094448969	0.2
3.225	2.1	-9.54503579756901e-28	0.800024531720288	-1.44830895489874e-05	35.5840087393212	0.2
3.375	2.1	-2.10312559678596e-28	0.800026517636459	-1.57697018410488e-05	35.5600079729937	0.2
3.525	2.1	8.81593100748774e-28	0.800028437526135	-1.70439127069423e-05	35.536007148263	0.2
3.675	2.1	2.63869075142214e-27	0.800030314091597	-1.83054002403876e-05	35.5120062667421	0.2
3.825	2.1	4.22287876901046e-27	0.80003216666694	-1.95559772965071e-05	35.4880053294175	0.2
3.975	2.1	5.52109150028712e-27	0.800034011696432	-2.07988289061219e-05	35.4640043367421	0.2
4.125	2.1	5.12643681488364e-27	0.800035863189686	-2.20379760734224e-05	35.4400032887157	0.2
4.275	2.1	2.89899219428505e-27	0.800037733140522	-2.32779033189676e-05	35.4160021849507	0.2
4.425	2.1	-2.28342455400827e-27	0.800039631888227	-2.45233094284899e-05	35.3920010247273	0.2
4.575	2.1	-9.21772349717591e-27	0.800041568433276	-2.57789426597891e-05	35.3679998070374	0.2
4.725	2.1	-1.72789265290875e-26	0.800043550701502	-2.70494985103848e-05	35.3439985306213	0.2
4.875	2.1	-2.27686253871662e-26	0.80004558576544	-2.83395603747301e-05	35.3199971939953	0.2
5.025	2.1	-2.33830165966558e-26	0.80004768002869	-2.96535693364529e-05	35.2959957954753	0.2
5.175	2.1	-1.4727344226345e-26	0.800049839377178	-3.09958133182351e-05	35.2719943331936	0.2
5.325	2.1	3.12234324900812e-27	0.800052069305579	-3.23704302513639e-05	35.2479928051127	0.2
5.475	2.1	2.9679034253154e-26	0.800054375018464	-3.37814189346527e-05	35.2239912090353	0.2
5.625	2.1	5.67057786126177e-26	0.800056761517253	-3.523265512068e-05	35.1999895426116	0.2
5.775	2.1	7.58179732253101e-26	0.800059233667892	-3.67279095667028e-05	35.1759878033443	0.2
5.925	2.1	7.31126871977877e-26	0.800061796261401	-3.82708688004898e-05	35.1519859885915	0.2
6.075	2.1	4.29865693311054e-26	0.800064454059432	-3.98651543281818e-05	35.1279840955686	0.2
6.225	2.1	-1.60043513582802e-26	0.800067211837416	-4.15143434765405e-05	35.103982121348	0.2
6.375	2.1	-8.51138214338198e-26	0.800070074416234	-4.32219866884584e-05	35.0799800628584	0.2
6.525	2.1	-1.38145065182252e-25	0.800073046693582	-4.49916277900579e-05	35.055977916883	0.2
6.675	2.1	-1.35073451930562e-25	0.80007613366843	-4.68268195933514e-05	35.0319756800567	0.2
6.825	2.1	-5.5220171871542e-26	0.800079340462512	-4.8731139684296e-05	35.0079733488629	0.2
6.975	2.1	9.74424135025807e-26	0.800082672340471	-5.0708207170691e-05	34.983970919629	0.2
7.125	2.1	2.53395343703187e-25	0.800086134727898	-5.2761695509613e-05	34.9599683885224	0.2
7.275	2.1	2.95949542586588e-25	0.800089733227261	-5.4895346609478e-05	34.9359657515453	0.2
7.425	2.1	6.45106407716137e-26	0.800093473632608	-5.71129836000091e-05	34.9119630045288	0.2
7.575	2.1	-5.46174021253959e-25	0.800097361944533	-5.94185226449982e-05	34.8879601431274	0.2
7.725	2.1	-1.50681445506418e-24	0.800101404383469	-6.18159848787472e-05	34.8639571628121	0.2
7.875	2.1	-2.49938440674871e-24	0.800105607403432	-6.43095085783222e-05	34.8399540588643	0.2
8.025	2.1	-2.8819788627022e-24	0.800109977703442	-6.69033582603153e-05	34.8159508263679	0.2
8.175	2.1	-1.70475778562346e-24	0.800114522243687	-6.9601937356314e-05	34.7919474602021	0.2
8.325	2.1	1.97407957570777e-24	0.800119248255192	-7.24097978493071e-05	34.7679439550333	0.2
8.475	2.1	8.59796698416805e-24	0.800124163255098	-7.53316504029649e-05	34.7439403053068	0.2
8.625	2.1	1.72951636665981e-23	0.800129275059201	-7.83723762759706e-05	34.719936505238	0.2
8.775	2.1	2.51350957516873e-23	0.80013459179571	-8.15370363659655e-05	34.6959325488033	0.2
8.925	2.1	2.66479379160878e-23	0.800140121919486	-8.48308827710836e-05	34.6719284297303	0.2
9.075	2.1	1.4447991529494e-23	0.800145874226003	-8.82593689727824e-05	34.6479241414881	0.2
9.225	2.1	-1.85910068826162e-23	0.800151857866728	-9.18281613694782e-05	34.6239196772767	0.2
9.375	2.1	-7.4938064077809e-23	0.800158082364119	-9.55431498498984e-05	34.5999150300161	0.2
9.525	2.1	-1.4641225111719e-22	0.800164557627514	-9.94104598108992e-05	34.5759101923349	0.2
9.675	2.1	-2.08154580617059e-22	0.800171293970069	-0.000103436463459833	34.5519051565584	0.2
9.825	2.1	-2.16456219242328e-22	0.800178302125322	-0.000107627792490338	34.5278999146967	0.2
9.975	2.1	-1.15256268359314e-22	0.800185593265637	-0.000111991350312072	34.5038944584309	0.2
10.125	2.1	1.43696059422628e-22	0.800193179020274	-0.000116534324940417	34.4798887791007	0.2
10.275	2.1	5.66122497671921e-22	0.800201071495257	-0.000121264202936776	34.4558828676897	0.2
10.425	2.1	1.07231259395678e-21	0.800209283292602	-0.000126188783110068	34.431876714811	0.2
10.575	2.1	1.46375376112847e-21	0.800217827532513	-0.000131316191221572	34.4078703106921	0.2
10.725	2.1	1.42683933158624e-21	0.800226717873766	-0.000136654894901267	34.3838636451591	0.2
10.875	2.1	6.04809474815119e-22	0.800235968538451	-0.000142213719861153	34.3598567076197	0.2
11.025	2.1	-1.24305784895035e-21	0.800245594333134	-0.000148001866030011	34.3358494870468	0.2
11.175	2.1	-4.00809668517213e-21	0.800255610676849	-0.000154028925558458	34.3118419719597	0.2
11.325	2.1	-6.99101981921553e-21	0.800266033623927	-0.000160304899485189	34.2878341504062	0.2
11.475	2.1	-8.77908554436132e-21	0.800276879892583	-0.000166840218275306	34.2638260099423	0.2
11.625	2.1	-7.41062650161077e-21	0.800288166893445	-0.000173645759699119	34.2398175376126	0.2
11.775	2.1	-9.78855560919271e-22	0.800299912758308	-0.000180732870945417	34.2158087199287	0.2
11.925	2.1	1.12837581518072e-20	0.800312136370083	-0.000188113389895662	34.1917995428471	0.2
12.075	2.1	2.76312963751969e-20	0.800324857397172	-0.000195799667090212	34.1677899917465	0.2
12.225	2.1	4.26447208812406e-20	0.800338096324453	-0.00020380458990777	34.1437800514033	0.2
12.375	2.1	4.71024771669327e-20	0.800351874490122	-0.000212141607790115	34.119769705967	0.2
12.525	2.1	2.98121082313649e-20	0.800366214121439	-0.000220824757618974	34.0957589389339	0.2
12.675	2.1	-1.79521449788647e-20	0.800381138372932	-0.000229868691909718	34.0717477331197	0.2
12.825	2.1	-9.5639586262302e-20	0.800396671367324	-0.000239288706400257	34.0477360706315	0.2
12.975	2.1	-1.85969490767896e-19	0.800412838235844	-0.000249100771118265	34.0237239328377	0.2
13.125	2.1	-2.50330479247389e-19	0.800429665162958	-0.000259321562050068	33.9997113003373	0.2
13.275	2.1	-2.31939292264193e-19	0.800447179432334	-0.000269968493453497	33.9756981529279	0.2
13.425	2.1	-7.14775512598905e-20	0.800465409473191	-0.000281059753588687	33.9516844695714	0.2
13.575	2.1	2.62804836549497e-19	0.800484384911744	-0.000292614341092171	33.9276702283595	0.2
13.725	2.1	7.34842337941813e-19	0.800504136622582	-0.000304652103444643	33.9036554064767	0.2
13.875	2.1	1.20357744790694e-18	0.800524696784657	-0.000317193777728375	33.8796399801621	0.2
14.025	2.1	1.411619595581e-18	0.800546098936663	-0.000330261032726637	33.8556239246696	0.2
14.175	2.1	1.02718132542692e-18	0.800568378038909	-0.000343876513751303	33.8316072142259	0.2
14.325	2.1	-2.38859713642726e-19	0.800591570535189	-0.000358063889988217	33.8075898219873	0.2
14.475	2.1	-2.44160532486252e-18	0.800615714418191	-0.000372847903531508	33.7835717199938	0.2
14.625	2.1	-5.17743733514937e-18	0.800640849300125	-0.000388254421419793	33.7595528791222	0.2
14.775	2.1	-7.41910791780299e-18	0.800667016482749	-0.000404310490759759	33.7355332690358	0.2
14.925	2.1	-7.54806477052074e-18	0.800694259034594	-0.000421044395626157	33.7115128581332	0.2
15.075	2.1	-3.72993200576704e-18	0.800722621870725	-0.000438485717667776	33.6874916134937	0.2
15.225	2.1	5.28444698802388e-18	0.800752151834022	-0.000456665399907232	33.663469500821	0.2
15.375	2.1	1.90081497520717e-17	0.80078289778472	-0.000475615813859163	33.6394464843837	0.2
15.525	2.1	3.40418793031532e-17	0.800814910690062	-0.00049537082912697	33.6154225269539	0.2
15.675	2.1	4.34750845001594e-17	0.800848243722352	-0.000515965888249539	33.5913975897423	0.2
15.825	2.1	3.76553668217325e-17	0.800882952358322	-0.000537438084040854	33.5673716323306	0.2
15.975	2.1	7.03913346447212e-18	0.800919094486772	-0.000559826241699773	33.5433446126008	0.2
16.125	2.1	-5.26790938899137e-17	0.800956730516895	-0.000583171004695376	33.5193164866614	0.2
16.275	2.1	-1.34000374522447e-16	0.800995923499142	-0.000607514925598788	33.4952872087698	0.2
16.425	2.1	-2.11897034765941e-16	0.801036739245052	-0.000632902561084373	33.4712567312514	0.2
16.575	2.1	-2.42616136721726e-16	0.801079246457746	-0.000659380571719962	33.4472250044151	0.2
16.725	2.1	-1.71310418346719e-16	0.801123516867592	-0.000686997826932836	33.423191976464	0.2
16.875	2.1	4.83365029998705e-17	0.801169625375057	-0.000715805516624123	33.399157593403	0.2
17.025	2.1	4.23016199235885e-16	0.801217650200551	-0.000745857265189321	33.3751217989415	0.2
17.175	2.1	8.84137216929337e-16	0.80126767304368	-0.000777209254538004	33.351084534391	0.200000000000001
17.325	2.1	1.26241488557191e-15	0.80131977924841	-0.000809920350897552	33.3270457385588	0.200000000000001
17.475	2.1	1.29408818837754e-15	0.8013740579797	-0.000844052240009675	33.3030053476361	0.200000000000001
17.625	2.1	6.80922226542571e-16	0.801430602407123	-0.00087966956510974	33.2789632950801	0.200000000000001
17.775	2.1	-7.83839248785542e-16	0.801489509900294	-0.000916840076571206	33.2549195114917	0.199999999999999
17.925	2.1	-3.03556163612035e-15	0.80155088223356	-0.000955634783678039	33.230873924486	0.199999999999998
18.075	2.1	-5.55346709728636e-15	0.801614825802834	-0.000996128115871931	33.2068264585576	0.199999999999996
18.225	2.1	-7.26153247860324e-15	0.801681451852173	-0.00103839809177739	33.1827770349379	0.199999999999994
18.375	2.1	-6.6334365419803e-15	0.801750876716222	-0.00108252649388734	33.1587255714465	0.199999999999995
18.525	2.1	-2.10972920204086e-15	0.8018232220735	-0.00112859905142009	33.1346719823349	0.199999999999998
18.675	2.1	7.13752298072281e-15	0.801898615212403	-0.00117670563108256	33.1106161781221	0.200000000000006
18.825	2.1	2.02049624432681e-14	0.801977189317496	-0.00122694043547521	33.0865580654222	0.200000000000016
18.975	2.1	3.35414108945529e-14	0.802059083765089	-0.00127940220863321	33.062497546763	0.200000000000027
19.125	2.1	4.06394079806006e-14	0.802144444440345	-0.00133419444961911	33.0384345203962	0.200000000000033
19.275	2.1	3.29638431975791e-14	0.802233424069775	-0.00139142563307446	33.0143688800966	0.200000000000026
19.425	2.1	2.61838516542546e-15	0.80232618257361	-0.00145120943727464	32.9903005149521	0.200000000000002
19.575	2.1	-5.32246866083754e-14	0.802422887437277	-0.00151366497929041	32.9662293091422	0.199999999999957
19.725	2.1	-1.26957274462246e-13	0.802523714105825	-0.00157891705613886	32.9421551417058	0.199999999999898
19.875	2.1	-1.96152177720836e-13	0.802628846399133	-0.00164709639125899	32.9180778862959	0.199999999999843
20.025	2.1	-2.23071719271867e-13	0.802738476949767	-0.00171833988784553	32.8939974109219	0.199999999999822
20.175	2.1	-1.61291194641583e-13	0.802852807669721	-0.00179279088503746	32.8699135776789	0.199999999999871
20.325	2.1	2.83538786192429e-14	0.802972050241208	-0.00187059941646726	32.8458262424618	0.200000000000023
20.475	2.1	3.53132921591697e-13	0.803096426634116	-0.00195192247261174	32.8217352546645	0.200000000000283
20.625	2.1	7.60402444573144e-13	0.803226169657163	-0.00203692426217482	32.7976404568636	0.200000000000608
20.775	2.1	1.1171130966199e-12	0.803361523536482	-0.00212577646997063	32.7735416844849	0.200000000000894
20.925	2.1	1.21230275122395e-12	0.803502744529648	-0.00221865851466931	32.7494387654512	0.20000000000097
21.075	2.1	7.98606903690342e-13	0.803650101572154	-0.00231575779513787	32.7253315198129	0.200000000000639
21.225	2.1	-3.17772023711513e-13	0.803803876961836	-0.00241726992964205	32.7012197593568	0.199999999999746
21.375	2.1	-2.14504479627879e-12	0.803964367081542	-0.00252339898110424	32.6771032871952	0.199999999998284
21.525	2.1	-4.36255807080656e-12	0.804131883159375	-0.0026343576635798	32.6529818973323	0.19999999999651
21.675	2.1	-6.2247596860344e-12	0.804306752071541	-0.00275036752730073	32.6288553742065	0.19999999999502
21.825	2.1	-6.59149289418963e-12	0.804489317189728	-0.00287165911449842	32.6047234922092	0.199999999994727
21.975	2.1	-4.16265425765207e-12	0.804679939269759	-0.00299847208327775	32.5805860151764	0.19999999999667
22.125	2.1	2.0422153462802e-12	0.804878997390143	-0.00313105528796973	32.5564426958538	0.200000000001634
22.275	2.1	1.20012068667199e-11	0.805086889933337	-0.00326966681081678	32.5322932753326	0.200000000009601
22.425	2.1	2.3967332868528e-11	0.805304035618963	-0.00341457393808748	32.5081374824555	0.200000000019174
22.575	2.1	3.40018368678112e-11	0.805530874583686	-0.00356605306003076	32.4839750331908	0.200000000027201
22.725	2.1	3.61526654667333e-11	0.80576786950735	-0.00372438949927142	32.4598056299739	0.200000000028922
22.875	2.1	2.36524956947611e-11	0.806015506789453	-0.0038898772342	32.4356289610134	0.200000000018922
23.025	2.1	-8.67823799080353e-12	0.806274297768347	-0.00406281852171222	32.4114446995619	0.199999999993057
23.175	2.1	-6.10353046284456e-11	0.806544779985011	-0.00424352338844695	32.387252503149	0.199999999951172
23.325	2.1	-1.25026170928467e-10	0.80682751848531	-0.00443230898339415	32.3630520127747	0.199999999899979
23.475	2.1	-1.81259163468414e-10	0.80712310716204	-0.00462949876952432	32.338842852064	0.199999999854993
23.625	2.1	-1.99958241354298e-10	0.807432170124894	-0.00483542153514937	32.3146246263801	0.199999999840033
23.775	2.1	-1.46375710460843e-10	0.807755363100384	-0.00505041020671591	32.2903969218953	0.199999999882899
23.925	2.1	8.06061026522203e-12	0.808093374848139	-0.00527480043760189	32.2661593046224	0.200000000006448
24.075	2.1	2.69685042109189e-10	0.808446928583827	-0.00550892894314609	32.2419113194029	0.200000000215748
24.225	2.1	6.04966541121436e-10	0.808816783393771	-0.00575313155300027	32.217652488855	0.200000000483973
24.375	2.1	9.27424709167973e-10	0.809203735612986	-0.00600774093444017	32.1933823122818	0.20000000074194
24.525	2.1	1.09721942274604e-09	0.809608620144094	-0.00627308394662417	32.1691002645381	0.200000000877776
24.675	2.1	9.41588040790307e-10	0.810032311670204	-0.00654947857411631	32.14480579486	0.20000000075327
24.825	2.1	3.01187622506174e-10	0.810475725728234	-0.00683723039396127	32.1204983256549	0.20000000024095
24.975	2.1	-8.99508614129501e-10	0.810939819589356	-0.00713662853551626	32.0961772512577	0.199999999280393
25.125	2.1	-2.56984342305725e-09	0.811425592909621	-0.00744794111281007	32.0718419366546	0.199999997944125
25.275	2.1	-4.3822923390012e-09	0.811934088111273	-0.00777141011541805	32.0474917161836	0.199999996494166
25.425	2.1	-5.74648194355291e-09	0.812466390461597	-0.00810724577624723	32.0231258922219	0.199999995402814
25.575	2.1	-5.86345512882434e-09	0.813023627826682	-0.00845562043327069	31.9987437338764	0.199999995309236
25.725	2.1	-3.88689360836022e-09	0.813606970055773	-0.00881666190383241	31.9743444756964	0.199999996890485
25.875	2.1	8.04956492612278e-10	0.814217627940127	-0.00919044635857774	31.949927316432	0.200000000643965
26.025	2.1	8.25916700197222e-09	0.81485685163243	-0.00957699063943116	31.9254914178627	0.200000006607334
26.175	2.1	1.75960466876067e-08	0.815525928346463	-0.00997624389840247	31.9010359037189	0.200000014076837
26.325	2.1	2.67714166816782e-08	0.81622617907745	-0.0103880783766438	31.8765598587179	0.200000021417133
26.475	2.1	3.25911229121182e-08	0.816958953996176	-0.010812279112051	31.8520623277298	0.200000026072898
26.625	2.1	3.11032971458228e-08	0.817725626132053	-0.0112485323916239	31.827542315088	0.200000024882638
26.775	2.1	1.84364745584601e-08	0.818527582953127	-0.0116964128748574	31.8029987840578	0.20000001474918
26.925	2.1	-7.95239267920169e-09	0.819366215543541	-0.0121553695173346	31.778430656489	0.199999993638086
27.075	2.1	-4.77948773572634e-08	0.820242905236826	-0.0126247107101069	31.753836812689	0.199999961764098
27.225	2.1	-9.66150731451568e-08	0.821159007796977	-0.0131035893540946	31.7292160915836	0.199999922707941
27.375	2.1	-1.44860118965781e-07	0.822115835480022	-0.0135909888745644	31.7045672912619	0.199999884111905
27.525	2.1	-1.78041257205574e-07	0.823114637502667	-0.014085711316079	31.6798891700368	0.199999857566994
27.675	2.1	-1.78303349672582e-07	0.824156579490609	-0.0145863686064788	31.6551804481833	0.19999985735732
27.825	2.1	-1.27642071908264e-07	0.825242722312509	-0.0150913777635427	31.6304398105354	0.199999897886342
27.975	2.1	-1.2658818920579e-08	0.826374000280224	-0.0155989602763843	31.6056659101252	0.199999989872945
28.125	2.1	1.69685858490623e-07	0.827551198036962	-0.016107145199898	31.5808573730292	0.200000135748687
28.275	2.1	4.06330303268915e-07	0.828774924649913	-0.0166137748271647	31.5560128045412	0.200000325064243
28.425	2.1	6.63820623323819e-07	0.830045582662848	-0.0171165113426589	31.5311307967286	0.200000531056499
28.575	2.1	8.87192928086629e-07	0.831363329331478	-0.0176128428234424	31.5062099373411	0.200000709754342
28.725	2.1	1.00376439348803e-06	0.832728027217385	-0.01810008748864	31.4812488199496	0.200000803011515
28.875	2.1	9.33170968126548e-07	0.834139181907548	-0.0185753962716174	31.456246055101	0.200000746536775
29.025	2.1	6.04039769580759e-07	0.835595865943172	-0.0190357555265378	31.4312002822205	0.200000483231816
29.175	2.1	-2.39186596635683e-08	0.837096630028286	-0.0194779938165017	31.4061101820085	0.199999980865072
29.325	2.1	-9.35845813600401e-07	0.838639405033169	-0.0198987989566223	31.3809744892241	0.199999251323349
29.475	2.1	-2.04173410853963e-06	0.840221400908327	-0.0202947534548691	31.3557920060674	0.199998366612713
29.625	2.1	-3.16880169413603e-06	0.841839010878065	-0.0206623977292593	31.3305616168917	0.199997464958645
29.775	2.1	-4.07538125365805e-06	0.843487730704998	-0.0209983304684911	31.3052823056438	0.199996739694997
29.925	2.1	-4.4933198485983e-06	0.845162102750893	-0.0212993535591163	31.2799531780576	0.199996405344121
30.075	2.1	-4.19929918770486e-06	0.846855692372887	-0.0215626644893059	31.2545734908988	0.19999664056065
30.225	2.1	-3.1038129240457e-06	0.848561099356583	-0.0217860915522636	31.2291426900033	0.199997516949661
30.375	2.1	-1.33111391878227e-06	0.850269999383811	-0.0219683568012354	31.2036604570434	0.199998935108865
30.525	2.1	7.51302208596512e-07	0.851973200617271	-0.0221093402351707	31.1781267616738	0.200000601041767
30.675	2.1	2.60120306780906e-06	0.853660690329498	-0.0222103100384595	31.1525419113849	0.200002080962454
30.825	2.1	3.70265769204587e-06	0.855321639909862	-0.0222740842265478	31.1269065873233	0.200002962126154
30.975	2.1	3.89273087890945e-06	0.856944338989347	-0.0223051066927127	31.1012218529191	0.200003114184703
31.125	2.1	3.73492576696868e-06	0.858516046695681	-0.0223094620676989	31.075489126379	0.200002987940614
31.275	2.1	4.77045993302487e-06	0.860022783718508	-0.0222949193324601	31.0497101205589	0.200003816367946
31.425	2.1	9.4040589920857e-06	0.861449139877713	-0.022271171072201	31.0238867747069	0.200007523247194
31.575	2.1	2.01763997761138e-05	0.862778223982216	-0.0222504920002476	30.9980212278978	0.200016141119821
31.725	2.1	3.83032607425194e-05	0.863991907813121	-0.0222490255429219	30.972115903406	0.200030642608594
31.875	2.1	6.16649612857177e-05	0.865071475537457	-0.0222887606142998	30.9461737709392	0.200049331969029
32.025	2.1	8.28911905963067e-05	0.865998648517547	-0.0223999405680263	30.9201988121699	0.200066312952477
32.175	2.1	8.86850913019593e-05	0.866756706723222	-0.0226231725804862	30.89419662395	0.200070948073042
32.325	2.1	6.18225428460784e-05	0.867331123633373	-0.0230100045211774	30.8681749613511	0.200049458034277
32.475	2.1	-1.2985608501754e-05	0.867708900812903	-0.0236204629848677	30.8421438875843	0.199989611513199
32.625	2.1	-0.000139278969319207	0.867875828808585	-0.0245163647427507	30.8161151315571	0.199888576824545
32.775	2.1	-0.000297032338299058	0.867811436538923	-0.0257505241102298	30.7901003483	0.199762374129361
32.925	2.1	-0.000433425720685952	0.867482599444537	-0.0273545671358284	30.7641083096992	0.199653259423451
33.075	2.1	-0.000463072736999276	0.866838658043067	-0.0293318007239365	30.7381416297583	0.199629541810401
33.225	2.1	-0.000285058811967079	0.865813023027409	-0.0316653894066431	30.7121943284606	0.199771952950426
33.375	2.1	0.000178771665129142	0.864337411483494	-0.0343534096970345	30.6862520822083	0.200143017332103
33.525	2.1	0.000927101269159547	0.862373147591269	-0.0374776390402031	30.6602969992024	0.200741681015328
33.675	2.1	0.00181783341337329	0.859958001405849	-0.0413003439452068	30.6343178116153	0.201454266730699
33.825	2.1	0.00252784699914846	0.85725840705691	-0.0463664494873145	30.6083243366247	0.202022277599319
33.975	2.1	0.00256666316620615	0.854610701775209	-0.0535758183753942	30.5823622228498	0.202053330532965
34.125	2.1	0.0013727604323492	0.852535043129468	-0.0641863681381207	30.5565212550438	0.201098208345879
34.275	2.1	-0.00149907448242506	0.851706595109877	-0.0797032920688763	30.5309292419322	0.19880074041406
34.425	2.1	-0.00612636756259083	0.852855024908941	-0.101582844346807	30.5057252845268	0.195098905949927
34.575	2.1	-0.0119705566045645	0.856523291947551	-0.130632361575939	30.4810119172441	0.190423554716348
34.725	2.1	-0.0177252808982843	0.862577069080043	-0.166003610491631	30.4567946215418	0.185819775281373
34.875	2.1	-0.0213513533143384	0.869451265416903	-0.20397509786912	30.4329267541023	0.182918917348529
35.025	2.1	-0.0203475592301335	0.873583639662396	-0.237488027914109	30.4090828962946	0.183721952615893
35.175	2.1	-0.0122347378363954	0.870125522133106	-0.257988936995906	30.3847778064867	0.190212209730884
35.325	2.1	0.00485414940358606	0.855459949437717	-0.259666641572683	30.3594303468022	0.203883319522869
35.475	2.1	0.031646564995602	0.829689219759271	-0.242838938969138	30.3324536022236	0.225317251996482
35.625	2.1	0.0674280100253401	0.796510686871487	-0.213111987912079	30.3033473583	0.253942408020272
35.775	2.1	0.110055913780145	0.760864727923061	-0.177558309055413	30.2717732496722	0.288044731024116
35.925	2.1	0.156293378300161	0.726810252995585	-0.141653770750235	30.2375984355299	0.325034702640128
36.075	2.1	0.202384925008351	0.696799771327591	-0.108448998760534	30.2009016833348	0.361907940006681
36.225	2.1	0.244721491532795	0.671914710512077	-0.0790983585523464	30.1619452245784	0.395777193226236
36.375	2.1	0.280407692764668	0.652365837647916	-0.053654463641493	30.1211231278706	0.424326154211735
36.525	2.1	0.307590144397583	0.6379131940646	-0.031660877466827	30.0789004584699	0.446072115518066
36.675	2.1	0.32551107409194	0.628132431428761	-0.0124941935047213	30.0357565414726	0.460408859273552
36.825	2.1	0.334349154649374	0.622557244759208	0.00446804178081647	29.9921411376019	0.467479323719499
36.975	2.1	0.334951756586479	0.620743905929475	0.0197788547378033	29.9484467495456	0.467961405269183
37.125	2.1	0.328552109991145	0.622293898371025	0.0339057859932596	29.9049958804426	0.462841687992916
37.275	2.1	0.316530568178058	0.626857872487335	0.0472417805956136	29.8620396820407	0.453224454542446
37.425	2.1	0.300245955025005	0.63413445610228	0.0601287680790901	29.8197636852424	0.440196764020004
37.575	2.1	0.280940522541842	0.643869920808231	0.0728832602799107	29.7782965013817	0.424752418033474
37.725	2.1	0.259707846112264	0.65585865857599	0.0858130444124436	29.7377180935137	0.407766276889811
37.875	2.1	0.237503104213238	0.669939471585717	0.0992142155844547	29.6980653883697	0.39000248337059
38.025	2.1	0.215168371848348	0.685980196838763	0.113342732067635	29.6593346762258	0.372134697478678
38.175	2.1	0.193443506769485	0.703846020204895	0.128367752597461	29.6214822784616	0.354754805415588
38.325	2.1	0.172938756947317	0.723358017375126	0.144335211338797	29.5844268488437	0.338351005557853
38.475	2.1	0.1540600557089	0.744267863671842	0.161191700911982	29.5480576046944	0.32324804456712
38.625	2.1	0.136900877682343	0.766293205612881	0.178922294850051	29.5122519093739	0.309520702145875
38.775	2.1	0.121140363570418	0.789255951425675	0.197820795115616	29.4769025213792	0.296912290856334
38.925	2.1	0.106006962500966	0.813327062656716	0.218840690431967	29.441949971591	0.284805570000773
39.075	2.1	0.0903684099074021	0.83932286466872	0.243915698914984	29.4074104980761	0.272294727925922
39.225	2.1	0.0729833791919887	0.868964861468306	0.276139076754355	29.3733870142679	0.258386703353591
39.375	2.1	0.0528990377081103	0.905018383426278	0.319720981920389	29.3400518083106	0.242319230166488
39.525	2.1	0.029918870172538	0.951176470773501	0.379562782566365	29.3075960068804	0.22393509613803
39.675	2.1	0.00502231012152033	1.01126814479715	0.459903660584752	29.2761512699825	0.204017848097216
39.825	2.1	-0.019394225167926	1.08668240477045	0.560758444259478	29.2457009816551	0.184484619865659
39.975	2.1	-0.0395853632197804	1.17045099790869	0.670794033038856	29.2160084128749	0.168331709424176
40.125	2.1	-0.0509757129282691	1.23998233704182	0.760080486819087	29.1865937764726	0.159219429657385
40.275	2.1	-0.0491967943152356	1.26159565340759	0.788220538431542	29.1567796287282	0.160642564547812
40.425	2.1	-0.0313490648293259	1.21718406056802	0.737136232955982	29.1257939881168	0.174920748136539
40.575	2.1	0.0031858317357497	1.1229166446095	0.630661306288427	29.0929064047799	0.2025486653886
40.725	2.1	0.0527659469177954	1.01094364939121	0.509118554046653	29.0575604078044	0.242212757534236
40.875	2.1	0.114055768712524	0.904746562637577	0.399260859398525	29.0194473700706	0.291244614970019
41.025	2.1	0.182721150720466	0.814075635518435	0.310175627648154	28.9785096385201	0.346176920576373
41.175	2.1	0.254113731619417	0.740309430198491	0.241379822990933	28.9349031110846	0.403290985295534
41.325	2.1	0.323922818761003	0.681489104601537	0.189274600008211	28.8889416026616	0.459138255008803
41.475	2.1	0.388709059831328	0.634869643136156	0.150004152078866	28.8410337955964	0.510967247865062
41.625	2.1	0.446207035045105	0.597883119625971	0.120335203488499	28.7916223243697	0.556965628036084
41.775	2.1	0.495355363227241	0.568399692900384	0.0977750542226126	28.741133691432	0.596284290581793
41.925	2.1	0.536110812462281	0.544733253544801	0.0804629024739609	28.6899439820753	0.628888649969825
42.075	2.1	0.569153950485496	0.52557296328814	0.0670241569663981	28.6383607233073	0.655323160388397
42.225	2.1	0.595585490831142	0.509905587532132	0.0564439037156169	28.5866179414803	0.676468392664913
42.375	2.1	0.616673550727697	0.496948535171923	0.0479700923219359	28.5348802193447	0.693338840582158
42.525	2.1	0.633673169401112	0.486097307219234	0.0410432759347278	28.4832518251188	0.706938535520889
42.675	2.1	0.647714624896948	0.476885748135306	0.0352467437484722	28.4317879437989	0.718171699917558
42.825	2.1	0.659746397803466	0.468956208013647	0.0302712226940468	28.3805060705974	0.727797118242773
42.975	2.1	0.670516836956384	0.462036864469725	0.0258895209829181	28.3293964507666	0.736413469565107
43.125	2.1	0.680580769534184	0.455924036387017	0.0219377537042799	28.278431019468	0.744464615627347
43.275	2.1	0.690320530966046	0.450467966076071	0.0183008902606187	28.2275706570153	0.752256424772837
43.425	2.1	0.699973897202722	0.445561099968372	0.0149012231472492	28.1767707929775	0.759979117762178
43.575	2.1	0.709663828021141	0.441128305420949	0.0116889643556722	28.1259855175164	0.767731062416913
43.725	2.1	0.719426785589747	0.437118717772288	0.0086345513455183	28.0751704222026	0.775541428471798
43.875	2.1	0.729237777159681	0.433499042557868	0.00572243695431974	28.0242844150785	0.783390221727745
44.025	2.1	0.739031276371444	0.430248182093183	0.00294620744983701	27.9732907488822	0.791225021097155
44.175	2.1	0.748717873534014	0.427353053373565	0.000304877938570531	27.9221574769924	0.798974298827211
44.325	2.1	0.758196947204768	0.424805446740962	-0.00219980198946745	27.8708575170309	0.806557557763814
44.475	2.1	0.767365890108065	0.4225997608984	-0.00456521186512759	27.819368463898	0.813892712086452
44.625	2.1	0.776126513459952	0.420731447335908	-0.00678907126493145	27.7676722573735	0.820901210767962
44.775	2.1	0.784389241034214	0.419196007491443	-0.00887016108044064	27.7157547775401	0.827511392827371
44.925	2.1	0.792075633193333	0.417988404565592	-0.0108086942445988	27.6636054157655	0.833660506554666
45.075	2.1	0.79911968465948	0.417102774877173	-0.0126064477871894	27.6112166500149	0.839295747727584
45.225	2.1	0.805468241114828	0.416532347392166	-0.0142667416582694	27.5585836401695	0.844374592891863
45.375	2.1	0.811080792548899	0.416269502016882	-0.0157943264161839	27.5057038506383	0.848864634039119
45.525	2.1	0.815928831346588	0.416305916063622	-0.0171952225994175	27.4525767026222	0.85274306507727
45.675	2.1	0.819994911300668	0.416632763287973	-0.0184765393364969	27.3992032557761	0.855995929040535
45.825	2.1	0.823271507351188	0.417240941040562	-0.019646288057916	27.3455859178384	0.85861720588095
45.975	2.1	0.825759751273784	0.418121308620685	-0.0207131986468261	27.2917281804835	0.860607801019027
46.125	2.1	0.827468102190299	0.419264924329441	-0.0216865396415133	27.237634379847	0.861974481752239
46.275	2.1	0.828410999670978	0.420663270682783	-0.0225759409863626	27.1833094807238	0.862728799736782
46.425	2.1	0.828607539286079	0.422308457560038	-0.0233912172248451	27.1287588842642	0.862886031428863
46.575	2.1	0.828080204465809	0.424193392701869	-0.0241421907094131	27.073988260029	0.862464163572647
46.725	2.1	0.826853683648983	0.426311908896825	-0.0248385179636593	27.0190034043753	0.861482946919186
46.875	2.1	0.824953797427236	0.428658838315878	-0.0254895270692842	26.963810128154	0.859963037941789
47.025	2.1	0.822406556310483	0.431230027403729	-0.0261040788954316	26.9084141773238	0.857925245048386
47.175	2.1	0.819237365475589	0.434022290768278	-0.0266904689847583	26.8528211900743	0.855389892380471
47.325	2.1	0.815470388115535	0.437033309365012	-0.0272563888449969	26.7970366931465	0.852376310492428
47.475	2.1	0.811128073649339	0.440261486203857	-0.0278089643957559	26.7410661381346	0.848902458919471
47.625	2.1	0.806230851211639	0.443705780650084	-0.0283548850326386	26.6849149756847	0.844984680969311
47.775	2.1	0.800796982938291	0.447365548849972	-0.028900629480159	26.6285887618826	0.840637586350633
47.925	2.1	0.794842566276822	0.451240421719411	-0.029452785262255	26.5720932871243	0.835874053021458
48.075	2.1	0.78838167066631	0.455330252624451	-0.0300184486607706	26.5154347138257	0.830705336533048
48.225	2.1	0.781426592141271	0.459635164403641	-0.0306056830198781	26.4586197059023	0.825141273713017
48.375	2.1	0.773988210069153	0.464155720573917	-0.0312240063920732	26.401655530326	0.819190568055322
48.525	2.1	0.766076433126066	0.468893239854453	-0.0318848751505795	26.3445501093814	0.812861146500853
48.675	2.1	0.757700725853532	0.473850268083069	-0.0326021274363414	26.2873120013656	0.806160580682826
48.825	2.1	0.748870711127845	0.47903121813518	-0.0333923469873357	26.2299502871991	0.799096568902276
48.975	2.1	0.739596845480481	0.484443186157056	-0.0342751009358572	26.172474340523	0.791677476384385
49.125	2.1	0.729891161091298	0.490096948774141	-0.0352729914690876	26.1148934594786	0.783912928873038
49.275	2.1	0.719768058385941	0.496008136091553	-0.0364114391767294	26.0572163401595	0.775814446708753
49.425	2.1	0.709245115390786	0.502198552547615	-0.0377180870075537	25.9994503761792	0.767396092312629
49.575	2.1	0.698343854890489	0.508697574914679	-0.0392216845302984	25.9416007781225	0.758675083912391
49.725	2.1	0.687090380931893	0.515543489170386	-0.0409502952485362	25.8836695235789	0.749672304745514
49.875	2.1	0.675515768121059	0.522784536788487	-0.0429286833972562	25.8256541754057	0.740412614496847
50.025	2.1	0.66365606906632	0.530479337568435	-0.045174802329183	25.7675466438683	0.730924855253056
50.175	2.1	0.651551807669793	0.5386962651165	-0.047695442817036	25.7093320154977	0.721241446135834
50.325	2.1	0.639246858884631	0.547511310876607	-0.050481313011745	25.6509876218842	0.711397487107705
50.475	2.1	0.626786685468662	0.55700403015258	-0.0535020962836576	25.5924825642816	0.70142934837493
50.625	2.1	0.614216007848616	0.567251361917714	-0.0567023204076033	25.5337779297107	0.691372806278893
50.775	2.1	0.601576111778757	0.578319472470146	-0.0599990887676094	25.4748279144953	0.681260889423006
50.925	2.1	0.588902124657566	0.590254263047594	-0.0632827660443636	25.4155819982551	0.671121699726053
51.075	2.1	0.576220679875494	0.603071711683093	-0.0664214797840352	25.3559881812093	0.660976543900395
51.225	2.1	0.563548402199422	0.616749639635203	-0.0692697521797139	25.2959971215414	0.650838721759538
51.375	2.1	0.55089155915211	0.631222631422351	-0.0716807703200817	25.2355668170776	0.640713247321688
51.525	2.1	0.538247030579746	0.646381569309128	-0.0735209130922461	25.1746673109531	0.630597624463797
51.675	2.1	0.525604480990313	0.662078558169967	-0.0746844366637952	25.1132848124467	0.62048358479225
51.825	2.1	0.512949339158614	0.678137053433244	-0.0751059293396281	25.051424647797	0.610359471326891
51.975	2.1	0.500265978809643	0.69436601554949	-0.0747684179032091	24.9891126004206	0.600212783047715
52.125	2.1	0.487540430081126	0.710576171268	-0.0737057959728996	24.9263944402031	0.590032344064901
52.275	2.1	0.474762077503215	0.726596150708372	-0.0719993331270566	24.8633337232298	0.579809662002572
52.425	2.1	0.461924103536971	0.742286426670477	-0.0697691066090843	24.8000081996369	0.569539282829577
52.575	2.1	0.449022842221084	0.757549504806338	-0.0671619945714385	24.7365053394999	0.559218273776867
52.725	2.1	0.436056595296357	0.772335516757108	-0.0643382122299138	24.6729175417236	0.548845276237086
52.875	2.1	0.423024705415466	0.786643065085152	-0.0614582385808999	24.6093375294874	0.538419764332373
53.025	2.1	0.409927685330934	0.800515720437676	-0.0586714823838539	24.5458542896087	0.527942148264747
53.175	2.1	0.396768945231059	0.814034912109398	-0.0561073661342976	24.4825497327373	0.517415156184847
53.325	2.1	0.383558200303252	0.827310087795145	-0.0538688794779459	24.4194960892522	0.506846560242602
53.475	2.1	0.370316100497045	0.840467005429009	-0.052028240107066	24.3567539510616	0.496252880397636
53.625	2.1	0.35707915733562	0.853634947070596	-0.0506241839039158	24.2943708375554	0.485663325868496
53.775	2.1	0.343903785780191	0.866933598644534	-0.04966056574933	24.2323801948203	0.475123028624153
53.925	2.1	0.330868313582631	0.880460376574238	-0.0491062780565105	24.1708008024544	0.464694650866105
54.075	2.1	0.318072137401864	0.894279106813312	-0.0488968274331426	24.1096366266324	0.454457709921491
54.225	2.1	0.305631745855848	0.908411115993594	-0.0489380942948532	24.0488771919807	0.444505396684678
54.375	2.1	0.29367395051702	0.922829870672975	-0.0491127262385054	23.9884985335924	0.434939160413616
54.525	2.1	0.282327215780642	0.937460173887977	-0.0492892538375949	23.9284647372344	0.425861772624514
54.675	2.1	0.27171233159769	0.952182507333731	-0.0493334330638397	23.8687299981676	0.417369865278152
54.825	2.1	0.261933759769111	0.966842391401498	-0.0491206666650563	23.8092410517928	0.409547007815289
54.975	2.1	0.253072804860424	0.981263747640894	-0.0485478463096273	23.7499397756396	0.402458243888339
55.125	2.1	0.245183377243639	0.995264422468674	-0.0475427868142777	23.6907657463931	0.396146701794911
55.275	2.1	0.238290630423849	1.00867153529099	-0.04606970507142	23.6316585601275	0.390632504339079
55.425	2.1	0.232392279447949	1.02133434073886	-0.0441298970872926	23.5725597800275	0.385913823558359
55.575	2.1	0.227462035089659	1.03313286777366	-0.0417577064919639	23.513414447958	0.381969628071727
55.725	2.1	0.223454375331833	1.04398155491209	-0.0390127890949565	23.4541721668521	0.378763500265467
55.875	2.1	0.220309833267061	1.05382815598351	-0.0359703060770049	23.394787815573	0.376247866613649
56.025	2.1	0.217960082957297	1.06264905310609	-0.0327108752956132	23.3352219882126	0.374368066365838
56.175	2.1	0.216332302437464	1.07044258816431	-0.0293118765102505	23.2754412542022	0.373065841949971
56.325	2.1	0.21535252914408	1.07722206043682	-0.025841169128826	23.2154183185892	0.372282023315264
56.475	2.1	0.214947947348245	1.08300971453834	-0.022353628785804	23.1551321317368	0.371958357878596
56.625	2.1	0.215048224173384	1.08783251235361	-0.0188903197056095	23.0945679640937	0.372038579338707
56.775	2.1	0.215586122343899	1.09171991155566	-0.0154797115586789	23.0337174330009	0.372468897875119
56.925	2.1	0.216497661616045	1.09470339588829	-0.012140164353392	22.9725784504205	0.373198129292836
57.075	2.1	0.217722086505788	1.09681719809303	-0.00888291964275543	22.9111550551585	0.37417766920463
57.225	2.1	0.21920184229261	1.09809954685753	-0.00571498822680298	22.8494570996031	0.375361473834088
57.375	2.1	0.220882683810486	1.09859382894208	-0.00264153907432395	22.7874997758615	0.376706147048389
57.525	2.1	0.222713960492328	1.0983492315346	0.000332393159052149	22.725302985062	0.378171168393862
57.675	2.1	0.224649050917627	1.09742065246992	0.00320089613122521	22.6628905722038	0.379719240734102
57.825	2.1	0.226645869961583	1.0958678777572	0.00595677042869374	22.600289463986	0.381316695969267
57.975	2.1	0.228667344208846	1.09375418735445	0.00859158208824142	22.5375287566947	0.382933875367077
58.125	2.1	0.23068174628069	1.09114464113259	0.0110960327326079	22.4746388050877	0.384545397024552
58.275	2.1	0.232662793835642	1.08810431612534	0.0134605231926273	22.4116503619246	0.386130235068513
58.425	2.1	0.234589448433433	1.08469672978309	0.0156758133220859	22.348593812479	0.387671558746747
58.575	2.1	0.236445387385944	1.08098261318244	0.0177337034160359	22.2854985403245	0.389156309908755
58.725	2.1	0.23821816243168	1.07701911526167	0.019627676155175	22.2223924510331	0.390574529945344
58.875	2.1	0.239898097899566	1.07285944242833	0.0213534428818954	22.1593016699195	0.391918478319653
59.025	2.1	0.241477014274687	1.06855287955114	0.0229093392825425	22.0962504189956	0.393181611419749
59.175	2.1	0.242946887577237	1.06414510373948	0.024296520444756	22.0332610669995	0.39435751006179
59.325	2.1	0.244298567560074	1.05967869050591	0.0255189204533557	21.9703543349598	0.395438854048059
59.475	2.1	0.245520675156202	1.05519371721828	0.0265829704615863	21.9075496288904	0.396416540124961
59.625	2.1	0.24659877917902	1.05072838273422	0.0274971090152719	21.8448654621982	0.397279023343216
59.775	2.1	0.247514913503575	1.04631957607177	0.028271159833781	21.7823199251837	0.39801193080286
59.925	2.1	0.248247442752624	1.04200333459428	0.0289156796918543	21.7199311597863	0.398597954202099
60.075	2.1	0.248771227111362	1.03781513206538	0.0294413745899168	21.6577178059523	0.399016981689089
60.225	2.1	0.249057992143151	1.0337899341231	0.0298586323450637	21.5956994013228	0.399246393714521
60.375	2.1	0.249076798175363	1.02996196455307	0.0301771228058675	21.5338967350361	0.39926143854029
60.525	2.1	0.24879454443627	1.02636415498413	0.030405291734788	21.472332172641	0.399035635549016
60.675	2.1	0.248176542466817	1.02302731603566	0.0305494630105085	21.4110299731705	0.398541233973454
60.825	2.1	0.247187336532981	1.01997917278241	0.0306122277681402	21.3500166019656	0.397749869226385
60.975	2.1	0.245792092371086	1.01724353801788	0.0305899063416438	21.2893209983952	0.396633673896869
61.125	2.1	0.243958948395354	1.01484001815205	0.03046917165382	21.2289746894472	0.395167158716284
61.275	2.1	0.241662638871038	1.01278470337099	0.0302234304923749	21.169011564439	0.393330111096831
61.425	2.1	0.238889379718219	1.01109221871177	0.0298102128427025	21.1094670734802	0.391111503774575
61.575	2.1	0.235642422980798	1.0097792412961	0.029171472749783	21.0503766250057	0.388513938384638
61.725	2.1	0.231946887389513	1.00886907861499	0.0282391145230044	20.991773080501	0.385557509911611
61.875	2.1	0.227851624809876	1.00839615967932	0.0269478912356209	20.9336835100738	0.382281299847901
62.025	2.1	0.223425272147648	1.00840840935352	0.0252566874199964	20.8761257820973	0.378740217718118
62.175	2.1	0.218743649190648	1.00896468896968	0.0231767575500146	20.819106063923	0.374994919352519
62.325	2.1	0.213866711922859	1.01012418884017	0.0208017061174096	20.7626187924479	0.371093369538287
62.475	2.1	0.208805703150934	1.01192531483279	0.0183294761775863	20.706650947258	0.367044562520747
62.625	2.1	0.203485088772336	1.01435344152197	0.0160628510659149	20.6511922871035	0.362788071017869
62.775	2.1	0.197709081035634	1.0172994184758	0.0143739267737218	20.5962523487456	0.358167264828507
62.925	2.1	0.191148252020946	1.02051254530147	0.013620687654962	20.5418832820371	0.352918601616757
63.075	2.1	0.1833665439101	1.02355146695464	0.0140084598941674	20.4882049906214	0.34669323512808
63.225	2.1	0.173910935050359	1.02573473138808	0.0153910532095509	20.4354257712194	0.339128748040287
63.375	2.1	0.162482761901389	1.026094757515	0.017003014470002	20.3838481500401	0.329986209521111
63.525	2.1	0.149198651674306	1.02335566712216	0.0171160268591497	20.3338466353288	0.319358921339445
63.675	2.1	0.13492767142068	1.01600219191032	0.01266301451258	20.2858028214424	0.307942137136544
63.825	2.1	0.12165787028863	1.00259194379297	-0.000927228675093887	20.239985669437	0.297326296230904
63.975	2.1	0.11279977916681	0.982535324942446	-0.0289902712304791	20.1963737366607	0.290239823333448
64.125	2.1	0.113277440759312	0.957364174922323	-0.0748774456913267	20.1544344056999	0.29062195260745
64.275	2.1	0.129194450339946	0.931508018565478	-0.135246607938738	20.112904422901	0.303355560271957
64.425	2.1	0.166831432529175	0.910429293122053	-0.197566223480897	20.0696609646413	0.33346514602334
64.575	2.1	0.230854820332583	0.896417572076685	-0.245708862120993	20.0218254917512	0.384683856266066
64.725	2.1	0.322032990571975	0.887254912596963	-0.270241379971882	19.9662097541092	0.45762639245758
64.875	2.1	0.435400645850671	0.879514509428774	-0.272136783906321	19.9000161123026	0.548320516680537
65.025	2.1	0.560264901883457	0.871436452151267	-0.258161397229644	19.8215329990427	0.648211921506766
65.175	2.1	0.682903351768673	0.86287754114843	-0.23542990616755	19.7305534631726	0.746322681414938
65.325	2.1	0.790941673062876	0.854207237246573	-0.209096347618117	19.6283374749768	0.832753338450301
65.475	2.1	0.876845682255094	0.84570076204301	-0.18229453340431	19.5171502846167	0.901476545804075
65.625	2.1	0.938749127692956	0.837485511418145	-0.156751424698867	19.3996236544601	0.950999302154365
65.775	2.1	0.97903614341071	0.829642530061963	-0.133344989798313	19.2782158435487	0.983228914728568
65.925	2.1	1.0022199533281	0.82225507072302	-0.112465027243746	19.1549050971358	1.00177596266248
66.075	2.1	1.01323712974999	0.815400939331129	-0.0942213447042881	19.03110123405	1.0105897038
66.225	2.1	1.01646444427495	0.809134438156145	-0.0785593315316256	18.9076943590185	1.01317155541996
66.375	2.1	1.01531709682337	0.803479841048168	-0.0653241096942158	18.7851636348848	1.01225367745869
66.525	2.1	1.01219879341044	0.798435699703082	-0.054298506007787	18.6636967318691	1.00975903472835
66.675	2.1	1.00862878741078	0.793982942215675	-0.0452293848881348	18.5432953364676	1.00690302992862
66.825	2.1	1.0054387384075	0.790091914471286	-0.0378491845963771	18.423857582811	1.004350990726
66.975	2.1	1.00297839191701	0.786726954748319	-0.0318943207239181	18.3052364573592	1.00238271353361
67.125	2.1	1.00129692507644	0.783849039407833	-0.0271196307164974	18.1872771329089	1.00103754006115
67.275	2.1	1.00028456647758	0.781417451124011	-0.023307788411408	18.0698377631141	1.00022765318206
67.425	2.1	0.999771190713323	0.779391088977802	-0.0202735405594715	17.9527985299325	0.999816952570659
67.575	2.1	0.999586398998097	0.777729619889548	-0.0178636435882534	17.8360632360934	0.999669119198478
67.725	2.1	0.999589635991151	0.776394438831705	-0.0159539323352806	17.7195568447181	0.999671708792921
67.875	2.1	0.999679873239815	0.775349361456341	-0.0144449664149819	17.6032213694969	0.999743898591852
68.025	2.1	0.99979333339427	0.774561021581559	-0.0132573761431947	17.4870116067134	0.999834666715416
68.175	2.1	0.999895685658788	0.773999006342822	-0.0123276039579185	17.3708914812514	0.99991654852703
68.325	2.1	0.999972930597611	0.77363579718778	-0.0116043638146888	17.2548312822318	0.999978344478089
68.475	2.1	1.00002330183731	0.773446591672523	-0.0110458816938676	17.1388057681558	1.00001864146985
68.625	2.1	1.00005114073011	0.773409069344074	-0.0106178348646192	17.0227929792908	1.00004091258409
68.775	2.1	1.00006284703932	0.773503146177573	-0.0102918482309125	16.9067735547192	1.00005027763146
68.925	2.1	1.00006457269927	0.773710743710556	-0.0100444005035277	16.7907303684819	1.00005165815942
69.075	2.1	1.00006117586271	0.77401558476165	-0.00985601445718648	16.6746483410809	1.00004894069017
69.225	2.1	1.00005596987196	0.774403018233529	-0.00971063615187526	16.5585143288138	1.00004477589757
69.375	2.1	1.00005089683551	0.774859870316121	-0.00959513749882533	16.4423170332519	1.00004071746841
69.525	2.1	1.00004687010079	0.775374317260448	-0.00949890035595819	16.326046902638	1.00003749608063
69.675	2.1	1.0000441324285	0.775935774627046	-0.00941345737270334	16.2096960160438	1.0000353059428
69.825	2.1	1.0000425541775	0.77653479861685	-0.0093321758201839	16.0932579517268	1.000034043342
69.975	2.1	1.00004184683656	0.777162996142704	-0.00924997708261943	15.9767276457277	1.00003347746924
70.125	2.1	1.00004169608478	0.777812941338156	-0.0091630878334343	15.8601012476705	1.00003335686782
70.275	2.1	1.00004183145399	0.778478097055238	-0.00906882039556452	15.7433759797277	1.00003346516319
70.425	2.1	1.00004205257268	0.779152740527383	-0.00896538026455983	15.6265500030083	1.00003364205815
70.575	2.1	1.00004222960515	0.779831892787035	-0.00885169880649208	15.5096222939032	1.00003378368412
70.725	2.1	1.00004229108435	0.780511251673497	-0.00872728904596021	15.3925925315191	1.00003383286748
70.875	2.1	1.00004220778334	0.781187128398395	-0.0085921223768125	15.2754609963471	1.00003376622667
71.025	2.1	1.0000419775022	0.781856387690813	-0.00844652401599058	15.1582284797042	1.00003358200176
71.175	2.1	1.00004161295579	0.782516391558508	-0.00829108507916651	15.0408962031773	1.00003329036463
71.325	2.1	1.00004113326428	0.783164946689446	-0.00812658926946716	14.9234657471891	1.00003290661142
71.475	2.1	1.0000405586541	0.783800255497149	-0.00795395231800828	14.8059389878094	1.00003244692328
71.625	2.1	1.00003990762033	0.784420870785724	-0.00777417247619298	14.6883180409995	1.00003192609627
71.775	2.1	1.00003919576421	0.785025653982588	-0.007588290525945	14.5706052135577	1.00003135661137
71.925	2.1	1.00003843564024	0.785613736859051	-0.0073973579344683	14.4528029601155	1.00003074851219
72.075	2.1	1.00003763712131	0.786184486632153	-0.00720241193241757	14.3349138455993	1.00003010969705
72.225	2.1	1.00003680795771	0.786737474317176	-0.00700445643595623	14.2169405126296	1.00002944636617
72.375	2.1	1.00003595434144	0.787272446179358	-0.00680444786395922	14.0988856533745	1.00002876347315
72.525	2.1	1.00003508138373	0.787789298115359	-0.00660328502120945	13.9807519854087	1.00002806510698
72.675	2.1	1.00003419347475	0.788288052782529	-0.00640180232695966	13.8625422311639	1.0000273547798
72.825	2.1	1.00003329452938	0.788768839284804	-0.00620076576730854	13.744259100583	1.00002663562351
72.975	2.1	1.00003238813873	0.789231875219993	-0.00600087103751563	13.6259052766182	1.00002591051099
73.125	2.1	1.00003147765172	0.789677450892447	-0.00580274341971958	13.5074834032432	1.00002518212137
73.275	2.1	1.0000305662098	0.790105915498877	-0.00560693901143911	13.3889960756728	1.00002445296784
73.425	2.1	1.00002965675353	0.790517665100386	-0.00541394698115204	13.2704458325134	1.00002372540283
73.575	2.1	1.0000287520149	0.790913132203294	-0.00522419258166377	13.1518351495899	1.00002300161192
73.725	2.1	1.00002785450503	0.79129277678032	-0.00503804069795047	13.0331664352236	1.00002228360403
73.875	2.1	1.00002696650303	0.79165707857584	-0.00485579974657953	12.9144420267558	1.00002157320243
74.025	2.1	1.00002609004914	0.792006530549659	-0.00467772577880676	12.7956641881361	1.00002087203931
74.175	2.1	1.00002522694339	0.792341633326782	-0.00450402666803485	12.6768351084146	1.00002018155471
74.325	2.1	1.00002437874977	0.792662890531412	-0.00433486628825804	12.5579569009958	1.00001950299982
74.475	2.1	1.00002354680511	0.792970804895194	-0.00417036861071508	12.43903160353	1.00001883744409
74.625	2.1	1.00002273223163	0.79326587504101	-0.00401062166394269	12.320061178333	1.0000181857853
74.775	2.1	1.00002193595201	0.793548592852813	-0.00385568131697978	12.2010475132403	1.00001754876161
74.925	2.1	1.00002115870588	0.793819441352769	-0.00370557485788156	12.081992422813	1.0000169269647
75.075	2.1	1.00002040106678	0.794078893014646	-0.00356030434952755	11.9628976498258	1.00001632085343
75.225	2.1	1.00001966345906	0.794327408451449	-0.00341984975255458	11.8437648669756	1.00001573076725
75.375	2.1	1.00001894617395	0.794565435421826	-0.00328417181195359	11.7245956787602	1.00001515693916
75.525	2.1	1.00001824938479	0.794793408107317	-0.00315321470867289	11.6053916234821	1.00001459950784
75.675	2.1	1.00001757316105	0.795011746617967	-0.00302690848141771	11.4861541753408	1.00001405852884
75.825	2.1	1.00001691748109	0.795220856689332	-0.00290517122665944	11.3668847465823	1.00001353398487
75.975	2.1	1.00001628224388	0.795421129539235	-0.00278791108709242	11.24758468968	1.0000130257951
76.125	2.1	1.00001566727942	0.795612941856307	-0.00267502803993895	11.1282552995248	1.00001253382354
76.275	2.1	1.00001507235828	0.795796655896511	-0.00256641549762526	11.0088978156076	1.00001205788662
76.425	2.1	1.00001449720006	0.795972619667572	-0.00246196173344054	10.8895134241785	1.00001159776005
76.575	2.1	1.0000139414811	0.796141167183203	-0.00236155114551182	10.7701032603723	1.00001115318488
76.725	2.1	1.00001340484132	0.796302618772734	-0.00226506537150557	10.6506684102902	1.00001072387306
76.875	2.1	1.00001288689045	0.79645728143338	-0.00217238426689736	10.5312099130304	1.00001030951236
77.025	2.1	1.00001238721353	0.796605449214406	-0.00208338675867214	10.4117287626636	1.00000990977082
77.175	2.1	1.00001190537585	0.7967474036243	-0.00199795158591016	10.2922259101474	1.00000952430068
77.325	2.1	1.00001144092742	0.796883414053468	-0.00191595793824841	10.1727022651778	1.00000915274194
77.475	2.1	1.00001099340687	0.797013738206312	-0.00183728600216568	10.0531586979766	1.00000879472549
77.625	2.1	1.00001056234488	0.797138622537371	-0.00176181742466771	9.93359604101241	1.0000084498759
77.775	2.1	1.00001014726731	0.797258302687516	-0.00168943570318584	9.81401509065637	1.00000811781385
77.925	2.1	1.00000974769781	0.797373003916736	-0.00162002650960447	9.6944166087719	1.00000779815825
78.075	2.1	1.00000936316023	0.797482941530708	-0.00155347795603484	9.57480132423982	1.00000749052819
78.225	2.1	1.00000899318059	0.797588321299071	-0.00148968080886659	9.45516993441979	1.00000719454448
78.375	2.1	1.00000863728886	0.797689339863766	-0.00142852865756735	9.33552310654952	1.00000690983109
78.525	2.1	1.00000829502041	0.797786185136042	-0.00136991804346607	9.21586147908337	1.00000663601633
78.675	2.1	1.00000796591735	0.7978790366812	-0.00131374855385582	9.09618566297214	1.00000637273388
78.825	2.1	1.00000764952952	0.797968066090693	-0.0012599228858442	8.97649624288596	1.00000611962362
78.975	2.1	1.00000734541542	0.798053437340645	-0.00120834688405357	8.85679377838227	1.00000587633233
79.125	2.1	1.0000070531429	0.798135307137152	-0.00115892955577947	8.73707880502097	1.00000564251432
79.275	2.1	1.00000677228977	0.798213825247775	-0.00111158306698285	8.61735183542865	1.00000541783182
79.425	2.1	1.00000650244426	0.798289134819678	-0.00106622272194159	8.49761336031414	1.00000520195541
79.575	2.1	1.00000624320533	0.798361372684289	-0.00102276692914192	8.37786384943727	1.00000499456427
79.725	2.1	1.00000599418297	0.79843066964889	-0.000981137155742621	8.25810375253284	1.00000479534637
79.875	2.1	1.0000057549983	0.798497150775398	-0.000941257872550756	8.13833350019195	1.00000460399864
80.025	2.1	1.00000552528374	0.79856093564656	-0.000903056491428019	8.01855350470225	1.00000442022699
80.175	2.1	1.00000530468298	0.798622138620195	-0.000866463296456791	7.89876416084934	1.00000424374639
80.325	2.1	1.000005092851	0.798680869071633	-0.000831411370464995	7.77896584668084	1.0000040742808
80.475	2.1	1.00000488945395	0.798737231624954	-0.000797836517932777	7.65915892423495	1.00000391156316
80.625	2.1	1.0000046941691	0.798791326373316	-0.000765677185399776	7.53934374023519	1.00000375533528
80.775	2.1	1.00000450668462	0.798843249088968	-0.000734874380222894	7.41952062675293	1.0000036053477
80.925	2.1	1.00000432669947	0.798893091423165	-0.000705371588463213	7.29968990183908	1.00000346135958
81.075	2.1	1.00000415392316	0.798940941096642	-0.000677114692604987	7.17985187012668	1.00000332313852
81.225	2.1	1.00000398807552	0.798986882080834	-0.000650051889609854	7.06000682340553	1.00000319046042
81.375	2.1	1.00000382888653	0.799030994770414	-0.000624133609887211	6.9401550411704	1.00000306310923
81.525	2.1	1.00000367609604	0.799073356147448	-0.000599312437445481	6.82029679114398	1.00000294087683
81.675	2.1	1.00000352945356	0.799114039937477	-0.000575543031789502	6.70043232977584	1.00000282356284
81.825	2.1	1.00000338871805	0.79915311675802	-0.000552782051635999	6.58056190271861	1.00000271097444
81.975	2.1	1.00000325365764	0.799190654259631	-0.000530988080868135	6.46068574528248	1.00000260292612
82.125	2.1	1.0000031240493	0.799226717260006	-0.000510121556861563	6.34080408286902	1.00000249923944
82.275	2.1	1.00000299967839	0.799261367871204	-0.000490144701324068	6.22091713138555	1.00000239974271
82.425	2.1	1.00000288033824	0.799294665620408	-0.000471021453935277	6.10102509764093	1.00000230427059
82.575	2.1	1.00000276582985	0.79932666756429	-0.000452717408775187	5.98112817972371	1.00000221266388
82.725	2.1	1.00000265596183	0.799357428397155	-0.000435199753798823	5.86122656736366	1.00000212476946
82.875	2.1	1.00000255055087	0.799387000553013	-0.000418437213439853	5.74132044227755	1.0000020404407
83.025	2.1	1.00000244942245	0.799415434301465	-0.000402399994378741	5.62140997849993	1.00000195953796
83.175	2.1	1.00000235241136	0.799442777837625	-0.00038705973466216	5.50149534269998	1.00000188192909
83.325	2.1	1.000002259361	0.799469077365913	-0.000372389455876802	5.38157669448527	1.0000018074888
83.475	2.1	1.00000217012041	0.799494377177838	-0.000358363518511518	5.26165418669355	1.00000173609633
83.625	2.1	1.00000208453915	0.799518719723752	-0.000344957580270322	5.14172796567378	1.00000166763132
83.775	2.1	1.00000200246182	0.799542145678079	-0.000332148557550504	5.02179817155738	1.00000160196946
83.925	2.1	1.00000192372664	0.7995646939974	-0.000319914590678945	4.90186493852069	1.00000153898131
84.075	2.1	1.00000184817391	0.799586401969783	-0.000308235013697541	4.78192839503911	1.00000147853913
84.225	2.1	1.00000177566752	0.799607305253414	-0.000297090329531246	4.66198866413316	1.00000142053402
84.375	2.1	1.00000170612478	0.799627437902752	-0.000286462190352515	4.54204586360685	1.00000136489983
84.525	2.1	1.00000163953692	0.79964683238145	-0.000276333380480381	4.42210010628015	1.00000131162954
84.675	2.1	1.00000157595172	0.799665519563396	-0.000266687796614885	4.30215150021965	1.00000126076138
84.825	2.1	1.00000151539178	0.799683528725146	-0.000257510417782979	4.18220014897396	1.00000121231342
84.975	2.1	1.00000145770972	0.799700887532348	-0.000248787259586323	4.06224615182233	1.00000116616778
85.125	2.1	1.00000140243785	0.799717622016963	-0.000240505315090431	3.94228960404195	1.00000112195028
85.275	2.1	1.00000134875522	0.799733756530304	-0.000232652498535629	3.82233059719224	1.00000107900417
85.425	2.1	1.00000129572365	0.799749313642062	-0.000225217621268582	3.70236921940258	1.00000103657892
85.575	2.1	1.00000124287242	0.799764313947635	-0.000218190428413123	3.58240555564158	1.00000099429794
85.725	2.1	1.00000119100068	0.799778775758891	-0.000211561693217964	3.46243968795041	1.00000095280055
85.875	2.1	1.00000114275607	0.799792714698286	-0.000205323294616278	3.34247169565075	1.00000091420486
86.025	2.1	1.00000110230096	0.799806143287997	-0.000199468107477633	3.22250165558888	1.00000088184077
86.175	2.1	1.00000107345784	0.799819070691542	-0.000193989467183097	3.10252964253088	1.00000085876627
86.325	2.1	1.00000105637083	0.799831502762273	-0.00018888001408756	2.9825557298402	1.00000084509666
86.475	2.1	1.00000104391429	0.799843442415474	-0.000184129957627618	2.86257999049924	1.00000083513143
86.625	2.1	1.00000102033787	0.799854890050149	-0.000179725219875412	2.74260249836469	1.0000008162703
86.775	2.1	1.0000009650068	0.799865843399465	-0.000175646359577067	2.62262332932284	1.00000077200544
86.925	2.1	1.00000086256049	0.79987629602697	-0.000171869289869728	2.50264256187183	1.00000069004839
87.075	2.1	1.00000071711183	0.799886234033294	-0.000168368161697955	2.38266027677799	1.00000057368946
87.225	2.1	1.00000056359168	0.799895631611341	-0.000165119178477089	2.26267655592016	1.00000045087335
87.375	2.1	1.00000046707187	0.799904447717496	-0.000162101915056447	2.14269148110131	1.0000003736575
87.525	2.1	1.00000050426473	0.799912627562991	-0.000159293145308614	2.02270513402118	1.00000040341179
87.675	2.1	1.00000073118681	0.799920112673961	-0.000156649030083538	1.90271759819197	1.00000058494945
87.825	2.1	1.00000115244964	0.799926860906252	-0.000154076195411039	1.78272896210084	1.00000092195971
87.975	2.1	1.00000171063541	0.799932873212513	-0.000151400302924107	1.66273932101712	1.00000136850833
88.125	2.1	1.00000229916469	0.799938219291413	-0.000148348763473696	1.54274877416492	1.00000183933175
88.275	2.1	1.00000277147983	0.799943053184588	-0.000144566397264238	1.42275741636545	1.00000221718386
88.425	2.1	1.00000289772	0.799947615306351	-0.000139673866428834	1.30276532876759	1.000002318176
88.575	2.1	1.00000224904883	0.799952227717609	-0.000133358919185017	1.18277257819921	1.00000179923906
88.725	2.1	1.00000009779086	0.799957296268717	-0.000125469291472387	1.06277923152371	1.00000007823269
88.875	2.1	0.999995572431738	0.799963324104656	-0.000116069551035433	0.942785373522765	0.99999645794539
89.025	2.1	0.999988362391545	0.7999709099532	-0.000105444182255643	0.822791087446152	0.999990689913236
89.175	2.1	0.999980023562545	0.799980666471339	-9.40692661909231e-05	0.70279633810163	0.999984018850036
89.325	2.1	0.999975273370664	0.799992990533517	-8.26048637643494e-05	0.582800726243897	0.999980218696531
89.475	2.1	0.999981790619788	0.800007698645542	-7.19420938537495e-05	0.462803191904509	0.99998543249583
89.625	2.1	1.00000665078311	0.800023714885722	-6.32639419585559e-05	0.342801916517911	1.00000532062649
89.775	2.1	1.00004866618188	0.800029000258284	-5.79931784290281e-05	0.222794804230097	1.0000389329455
89.925	2.1	1.00008925214929	0.400076292090501	-5.74296248356393e-05	0.102783875587553	1.00007140171943
0.075	2.3	9.61765738681821e-31	0.39999667590876	-5.53774675854103e-05	36.0880075125357	0.2
0.225	2.3	4.01043903156786e-30	0.799990388568993	-5.32479685055386e-05	36.0640077119811	0.2
0.375	2.3	-2.34077049398562e-30	0.79998510948421	-4.93078436166906e-05	36.0400080892216	0.2
0.525	2.3	4.44526332246744e-30	0.799981291148381	-4.41011765524691e-05	36.0160086054121	0.2
0.675	2.3	-1.18436249061123e-29	0.799979136987847	-3.82576674898327e-05	35.9920092117526	0.2
0.825	2.3	-2.78429624687653e-30	0.799978616858748	-3.23639523081824e-05	35.9680098571928	0.2
0.975	2.3	-2.81836029355857e-29	0.799979528582475	-2.68803753604619e-05	35.9440104947411	0.2
1.125	2.3	-1.04602297580914e-29	0.799981574771431	-2.21094691054091e-05	35.9200110854779	0.2
1.275	2.3	-3.33124958218993e-29	0.79998443145688	-1.82041580595432e-05	35.8960116002548	0.2
1.425	2.3	1.05214115732461e-29	0.799987796947168	-1.5198036641367e-05	35.8720120195905	0.2
1.575	2.3	8.07194048379862e-30	0.79999141924342	-1.30425322424734e-05	35.848012332438	0.2
1.725	2.3	9.02260346882677e-29	0.799995105948927	-1.16412267049136e-05	35.8240125344359	0.2
1.875	2.3	1.02133499922799e-28	0.799998722466012	-1.08767899397001e-05	35.8000126260811	0.2
2.025	2.3	1.89193269832368e-28	0.800002183829909	-1.06295785350206e-05	35.7760126110879	0.2
2.175	2.3	1.44627210916038e-28	0.800005444160423	-1.07889101702502e-05	35.7520124950513	0.2
2.325	2.3	1.34960212096478e-28	0.800008486216142	-1.1258762811139e-05	35.7280122844383	0.2
2.475	2.3	-8.26547023927706e-29	0.80001131233058	-1.19596726160068e-05	35.7040119858783	0.2
2.625	2.3	-2.74438355672335e-28	0.800013937205036	-1.28283111245809e-05	35.6800116056984	0.2
2.775	2.3	-6.66871794936865e-28	0.800016382538483	-1.38158223258722e-05	35.656011149646	0.2
2.925	2.3	-8.86859007174078e-28	0.800018673254765	-1.48856459359303e-05	35.6320106227461	0.2
3.075	2.3	-1.10850790762413e-27	0.800020834998061	-1.60112692106907e-05	35.6080100292507	0.2
3.225	2.3	-8.15423772834376e-28	0.800022892581515	-1.71741475005669e-05	35.5840093726462	0.2
3.375	2.3	-2.35917142826779e-28	0.800024869111222	-1.83619051556742e-05	35.5600086556958	0.2
3.525	2.3	1.10397440420573e-27	0.800026785571017	-1.95668421919354e-05	35.5360078804996	0.2
3.675	2.3	2.60966671440139e-27	0.800028660706383	-2.07847385405757e-05	35.5120070485616	0.2
3.825	2.3	4.40617729268401e-27	0.800030511089103	-2.20139164932987e-05	35.4880061608572	0.2
3.975	2.3	5.27395983293283e-27	0.800032351284328	-2.32545223862974e-05	35.4640052178962	0.2
4.125	2.3	5.03062005920045e-27	0.800034194067183	-2.45079843750369e-05	35.4400042197801	0.2
4.275	2.3	2.2346754578268e-27	0.800036050654196	-2.57766117920046e-05	35.4160031662522	0.2
4.425	2.3	-2.64048272214533e-27	0.800037930930972	-2.70633005374976e-05	35.3920020567409	0.2
4.575	2.3	-9.94523549505447e-27	0.800039843664376	-2.83713231753285e-05	35.3680008903963	0.2
4.725	2.3	-1.70693024185634e-26	0.800041796693585	-2.97041808184777e-05	35.343999666121	0.2
4.875	2.3	-2.23670569832328e-26	0.800043797096781	-3.106550107483e-05	35.3199983825947	0.2
5.025	2.3	-2.13160637479163e-26	0.800045851339427	-3.24589701653833e-05	35.2959970382952	0.2
5.175	2.3	-1.24820478362758e-26	0.800047965399155	-3.38882901253937e-05	35.2719956315144	0.2
5.325	2.3	6.4289823364234e-27	0.800050144871045	-3.5357153359315e-05	35.2479941603712	0.2
5.475	2.3	3.09798205068991e-26	0.800052395059031	-3.68692310944712e-05	35.2239926228221	0.2
5.625	2.3	5.61403071349091e-26	0.80005472105492	-3.84281687212393e-05	35.1999910166677	0.2
5.775	2.3	6.94875836628402e-26	0.800057127798997	-4.0037589142772e-05	35.1759893395588	0.2
5.925	2.3	6.28880040172738e-26	0.800059620138196	-4.17010994445973e-05	35.1519875889998	0.2
6.075	2.3	2.78783233437669e-26	0.800062202872432	-4.34222999277804e-05	35.1279857623505	0.2
6.225	2.3	-2.77649840720576e-26	0.800064880792331	-4.52047950735092e-05	35.1039838568274	0.2
6.375	2.3	-8.85521239896097e-26	0.800067658716767	-4.70522059511685e-05	35.079981869503	0.2
6.525	2.3	-1.19435988095408e-25	0.800070541518708	-4.89681817421547e-05	35.0559797973044	0.2
6.675	2.3	-9.15080357686228e-26	0.80007353415474	-5.09564131424073e-05	35.0319776370118	0.2
6.825	2.3	1.59828146092913e-26	0.800076641684909	-5.3020644641726e-05	35.0079753852551	0.2
6.975	2.3	1.72619542001077e-25	0.80007986929474	-5.51646859563328e-05	34.9839730385107	0.2
7.125	2.3	3.00586466505387e-25	0.800083222313418	-5.73924247889952e-05	34.9599705930975	0.2
7.275	2.3	2.54252841154568e-25	0.800086706229792	-5.97078383171935e-05	34.9359680451719	0.2
7.425	2.3	-1.12129426545528e-25	0.800090326709272	-6.21150050211163e-05	34.9119653907237	0.2
7.575	2.3	-8.88159980580914e-25	0.800094089608491	-6.46181154461051e-05	34.8879626255694	0.2
7.725	2.3	-1.95394360998934e-24	0.800098000987887	-6.7221483235617e-05	34.8639597453472	0.2
7.875	2.3	-2.90017539781783e-24	0.80010206712719	-6.99295554941534e-05	34.8399567455101	0.2
8.025	2.3	-2.94439089096433e-24	0.800106294537795	-7.27469257941479e-05	34.8159536213195	0.2
8.175	2.3	-1.09108104246576e-24	0.800110689976058	-7.56783414555788e-05	34.7919503678378	0.2
8.325	2.3	3.55916262182296e-24	0.800115260456748	-7.87287168258237e-05	34.767946979921	0.2
8.475	2.3	1.1134120230358e-23	0.80012001326583	-8.19031431104773e-05	34.7439434522104	0.2
8.625	2.3	2.02364813560519e-23	0.800124955973029	-8.52068988760033e-05	34.719939779125	0.2
8.775	2.3	2.71479252283561e-23	0.800130096447209	-8.86454615573073e-05	34.695935954852	0.2
8.925	2.3	2.5689311009719e-23	0.800135442868486	-9.22245178707437e-05	34.6719319733382	0.2
9.075	2.3	8.13216334477007e-24	0.800141003743227	-9.59499758281408e-05	34.6479278282799	0.2
9.225	2.3	-3.19351633395818e-23	0.800146787918128	-9.98279755130018e-05	34.6239235131136	0.2
9.375	2.3	-9.47767632992246e-23	0.800152804595361	-0.000103864901921489	34.5999190210049	0.2
9.525	2.3	-1.68110274616864e-22	0.80015906334815	-0.000108067396098864	34.5759143448379	0.2
9.675	2.3	-2.21657696196033e-22	0.800165574136888	-0.000112442368765782	34.551909477204	0.2
9.825	2.3	-2.06475788807765e-22	0.800172347325233	-0.000116997012211208	34.5279044103897	0.2
9.975	2.3	-6.46870146227596e-23	0.800179393697821	-0.000121738814628012	34.5038991363645	0.2
10.125	2.3	2.4622233950784e-22	0.800186724478301	-0.000126675574098604	34.4798936467678	0.2
10.275	2.3	7.14464766438354e-22	0.800194351347557	-0.000131815412536957	34.4558879328957	0.2
10.425	2.3	1.22982763494915e-21	0.800202286462827	-0.000137166790634966	34.4318819856869	0.2
10.575	2.3	1.55507003527843e-21	0.800210542478642	-0.000142738524588284	34.407875795708	0.2
10.725	2.3	1.34390642465144e-21	0.800219132567758	-0.000148539801650697	34.3838693531382	0.2
10.875	2.3	2.36700698557358e-22	0.800228070441526	-0.000154580197206898	34.3598626477539	0.2
11.025	2.3	-1.95156050820493e-21	0.800237370375091	-0.000160869693021119	34.3358556689117	0.2
11.175	2.3	-4.97667116502478e-21	0.80024704722928	-0.000167418695283591	34.3118484055314	0.2
11.325	2.3	-7.9283573605058e-21	0.800257116475767	-0.000174238054622606	34.287840846078	0.2
11.475	2.3	-9.15857003752944e-21	0.800267594224177	-0.000181339085692673	34.2638329785429	0.2
11.625	2.3	-6.55468055744569e-21	0.800278497246137	-0.000188733589481567	34.2398247904245	0.2
11.775	2.3	1.69910096608847e-21	0.800289843006965	-0.000196433875313122	34.2158162687081	0.2
11.925	2.3	1.58795090329075e-20	0.800301649692872	-0.000204452782761764	34.1918073998441	0.2
12.075	2.3	3.32750994330658e-20	0.800313936241346	-0.000212803708211384	34.1677981697265	0.2
12.225	2.3	4.71531939685033e-20	0.800326722374232	-0.000221500629137765	34.1437885636696	0.2
12.375	2.3	4.70553375599796e-20	0.800340028631164	-0.0002305581315116	34.1197785663841	0.2
12.525	2.3	2.13777471711256e-20	0.800353876402629	-0.000239991437872471	34.0957681619518	0.2
12.675	2.3	-3.72565400697531e-20	0.800368287969328	-0.000249816436162617	34.0717573337999	0.2
12.825	2.3	-1.24430870605138e-19	0.800383286537152	-0.000260049712021362	34.0477460646736	0.2
12.975	2.3	-2.16453649474315e-19	0.800398896279792	-0.000270708580380897	34.0237343366077	0.2
13.125	2.3	-2.67132850550107e-19	0.800415142377838	-0.000281811119762341	33.9997221308968	0.2
13.275	2.3	-2.14093202199265e-19	0.800432051063413	-0.000293376208694064	33.975709428065	0.2
13.425	2.3	7.75437640201438e-22	0.800449649665627	-0.000305423562422545	33.951696207833	0.2
13.575	2.3	3.96114462956784e-19	0.800467966658177	-0.000317973773505067	33.9276824490851	0.2
13.725	2.3	9.07853321936009e-19	0.800487031708553	-0.000331048352710803	33.9036681298335	0.2
13.875	2.3	1.35479787246308e-18	0.800506875729411	-0.000344669772560804	33.8796532271826	0.2
14.025	2.3	1.43893248237721e-18	0.80052753093484	-0.000358861514603517	33.8556377172898	0.2
14.175	2.3	8.09366956175957e-19	0.8005490308951	-0.000373648115540807	33.8316215753265	0.2
14.325	2.3	-7.91858702777836e-19	0.800571410597962	-0.000389055220094625	33.8076047754361	0.2
14.475	2.3	-3.31253943973611e-18	0.800594706509637	-0.000405109633069097	33.7835872906906	0.2
14.625	2.3	-6.15968591396541e-18	0.800618956641102	-0.000421839376022983	33.7595690930455	0.2
14.775	2.3	-8.06831243152531e-18	0.800644200615877	-0.000439273746030805	33.7355501532921	0.2
14.925	2.3	-7.22287456942653e-18	0.800670479742445	-0.000457443378092218	33.7115304410085	0.2
15.075	2.3	-1.77501141307638e-18	0.800697837087809	-0.00047638031038942	33.6875099245076	0.2
15.225	2.3	9.19188349560607e-18	0.800726317559112	-0.000496118052817071	33.6634885707832	0.2
15.375	2.3	2.43987822258843e-17	0.800755967982889	-0.000516691659753009	33.639466345454	0.2
15.525	2.3	3.92358014518095e-17	0.800786837194272	-0.000538137805464	33.6154432127043	0.2
15.675	2.3	4.54673000809388e-17	0.800818976126717	-0.000560494864961617	33.5914191352224	0.2
15.825	2.3	3.26247056319485e-17	0.800852437908003	-0.000583802997165084	33.5673940741367	0.2
15.975	2.3	-8.26734705852521e-18	0.800887277959828	-0.000608104234894486	33.5433679889479	0.2
16.125	2.3	-7.86962017319277e-17	0.800923554103691	-0.000633442577096446	33.5193408374591	0.2
16.275	2.3	-1.65715099645202e-16	0.800961326671568	-0.000659864086797134	33.4953125757017	0.2
16.425	2.3	-2.36940144680263e-16	0.801000658621618	-0.000687416994586052	33.4712831578588	0.2
16.575	2.3	-2.41713868441889e-16	0.801041615660867	-0.000716151807207805	33.4472525361844	0.2
16.725	2.3	-1.22844299160186e-16	0.801084266373124	-0.000746121421131499	33.4232206609191	0.2
16.875	2.3	1.58652798497044e-16	0.801128682355532	-0.000777381242242362	33.399187480202	0.2
17.025	2.3	5.88231702107267e-16	0.801174938359875	-0.000809989312495297	33.3751529399778	0.2
17.175	2.3	1.06183003620815e-15	0.801223112442655	-0.000844006441283647	33.3511169839004	0.200000000000001
17.325	2.3	1.36747347897675e-15	0.801273286123571	-0.000879496344830895	33.3270795532312	0.200000000000001
17.475	2.3	1.20825592714947e-15	0.801325544551295	-0.000916525791212614	33.303040586733	0.200000000000001
17.625	2.3	2.88077431036769e-16	0.801379976679652	-0.000955164754879018	33.2790000205582	0.2
17.775	2.3	-1.53387875730802e-15	0.801436675452413	-0.000995486574772403	33.2549577881322	0.199999999999999
17.925	2.3	-4.04472065379395e-15	0.801495737998057	-0.00103756812402257	33.230913820031	0.199999999999997
18.075	2.3	-6.50272608377274e-15	0.801557265836799	-0.00108148998566343	33.2068680438523	0.199999999999995
18.225	2.3	-7.59434049467233e-15	0.801621365098219	-0.00112733663604807	33.1828203840808	0.199999999999994
18.375	2.3	-5.65074326536007e-15	0.801688146749745	-0.00117519663752522	33.1587707619464	0.199999999999995
18.525	2.3	7.80436113788026e-16	0.80175772684218	-0.00122516284013768	33.1347190952758	0.200000000000001
18.675	2.3	1.20184222737721e-14	0.80183022676444	-0.00127733259082777	33.1106652983359	0.20000000000001
18.825	2.3	2.61814617610185e-14	0.801905773516648	-0.00133180795233011	33.08660928167	0.200000000000021
18.975	2.3	3.83909605000064e-14	0.801984499997901	-0.00138869593017012	33.0625509519249	0.200000000000031
19.125	2.3	4.0865106667675e-14	0.802066545309424	-0.00144810871048247	33.0384902116701	0.200000000000033
19.275	2.3	2.45540106246285e-14	0.802152055078641	-0.00151016390371404	33.0144269592063	0.20000000000002
19.425	2.3	-1.72980252423376e-14	0.802241181800247	-0.00157498480030035	32.9903610883653	0.199999999999986
19.575	2.3	-8.39434988206806e-14	0.802334085198363	-0.0016427006321722	32.9662924882983	0.199999999999933
19.725	2.3	-1.61596698505707e-13	0.802430932609989	-0.00171344684363535	32.9422210432535	0.199999999999871
19.875	2.3	-2.20077482482436e-13	0.802531899393401	-0.00178736537153702	32.9181466323417	0.199999999999824
20.025	2.3	-2.14989392931081e-13	0.802637169358669	-0.00186460492859176	32.8940691292899	0.199999999999828
20.175	2.3	-9.86316177597849e-14	0.80274693522733	-0.00194532129601916	32.8699884021803	0.199999999999921
20.325	2.3	1.59004649672638e-13	0.802861399118413	-0.00202967762175954	32.8459043131763	0.200000000000127
20.475	2.3	5.41718991067371e-13	0.802980773065175	-0.00211784472058552	32.8218167182331	0.200000000000433
20.625	2.3	9.59249706273912e-13	0.803105279563624	-0.00221000137683501	32.7977254667923	0.200000000000767
20.775	2.3	1.23415194924746e-12	0.803235152155633	-0.0023063346510818	32.7736304014591	0.200000000000987
20.925	2.3	1.12095503778775e-12	0.80337063604719	-0.00240704018036071	32.7495313576627	0.200000000000897
21.075	2.3	3.72782776441479e-13	0.803511988765786	-0.00251232247773405	32.7254281632961	0.200000000000298
21.225	2.3	-1.14078002256462e-12	0.803659480858756	-0.00262239522376278	32.7013206383367	0.199999999999087
21.375	2.3	-3.28243268268738e-12	0.803813396633799	-0.00273748154569427	32.6772085944448	0.199999999997374
21.525	2.3	-5.50947682891784e-12	0.80397403494622	-0.00285781428395131	32.6530918345393	0.199999999995592
21.675	2.3	-6.8249290646485e-12	0.804141710034333	-0.00298363623815053	32.6289701523491	0.19999999999454
21.825	2.3	-5.90619285471922e-12	0.804316752405719	-0.00311520038659686	32.6048433319385	0.199999999995275
21.975	2.3	-1.48197542179984e-12	0.804499509776157	-0.00325277007722668	32.5807111472059	0.199999999998814
22.125	2.3	7.03578324887853e-12	0.804690348067158	-0.00339661917668929	32.5565733613522	0.200000000005629
22.275	2.3	1.87710457311493e-11	0.804889652460485	-0.00354703217619719	32.5324297263205	0.200000000015017
22.425	2.3	3.07045286980367e-11	0.805097828515076	-0.00370430423642141	32.508279982201	0.200000000024564
22.575	2.3	3.74796291616506e-11	0.805315303344891	-0.00386874116826452	32.4841238566036	0.200000000029984
22.725	2.3	3.21293192400694e-11	0.805542526864731	-0.00404065933059541	32.459961063993	0.200000000025703
22.875	2.3	8.05326538335417e-12	0.805779973098422	-0.00422038543341139	32.4357913049855	0.200000000006443
23.025	2.3	-3.77529489016834e-11	0.806028141555641	-0.00440825623293804	32.4116142656056	0.199999999969798
23.175	2.3	-1.00767897495697e-10	0.806287558673503	-0.0046046180972398	32.3874296164995	0.199999999919386
23.325	2.3	-1.65553492485835e-10	0.806558779325413	-0.00480982642787108	32.3632370121047	0.199999999867557
23.475	2.3	-2.04756853142397e-10	0.80684238839773	-0.00502424491952964	32.339036089772	0.199999999836195
23.625	2.3	-1.82582818703112e-10	0.807139002427245	-0.00524824463327107	32.3148264688405	0.199999999853934
23.775	2.3	-6.42985254035485e-11	0.807449271305222	-0.00548220286314807	32.2906077496618	0.199999999948561
23.925	2.3	1.68187426861396e-10	0.80777388003653	-0.00572650176549927	32.2663795125746	0.20000000013455
24.075	2.3	4.97154255885638e-10	0.808113550546518	-0.00598152672178057	32.242141316827	0.200000000397723
24.225	2.3	8.51908268263242e-10	0.808469043521102	-0.00624766438686304	32.2178926994454	0.200000000681527
24.375	2.3	1.10203001805938e-09	0.808841160256034	-0.00652530038082143	32.1936331740504	0.200000000881624
24.525	2.3	1.07055971103551e-09	0.809230744487857	-0.00681481656739691	32.1693622296161	0.200000000856448
24.675	2.3	5.74644956045352e-10	0.809638684169211	-0.00711658786438427	32.1450793291732	0.200000000459716
24.825	2.3	-5.05060692850696e-10	0.810065913149349	-0.0074309785341325	32.1207839084543	0.199999999595951
24.975	2.3	-2.13547495037024e-09	0.810513412723297	-0.00775833791828435	32.0964753744824	0.19999999829162
25.125	2.3	-4.04506107994633e-09	0.810982213014025	-0.00809899559031052	32.0721531041063	0.199999996763951
25.275	2.3	-5.67545340288805e-09	0.811473394170788	-0.00845325593229165	32.0478164424889	0.199999995459637
25.425	2.3	-6.21178227809729e-09	0.811988087351464	-0.00882139213679584	32.0234647015614	0.199999995030574
25.575	2.3	-4.7272891106354e-09	0.812527475480096	-0.00920363965482658	31.9990971584584	0.199999996218169
25.725	2.3	-4.5623266754396e-10	0.81309279372808	-0.0096001890645031	31.9747130539544	0.199999999635014
25.875	2.3	6.82937114300198e-09	0.813685329630299	-0.0100111782994799	31.9503115909237	0.200000005463497
26.025	2.3	1.64139719627189e-08	0.814306422675533	-0.0104366840920305	31.9258919328429	0.200000013131178
26.175	2.3	2.63289812286489e-08	0.814957463119902	-0.0108767124087666	31.9014532023553	0.200000021063185
26.325	2.3	3.32981252081385e-08	0.815639889666818	-0.0113311875985339	31.8769944799061	0.2000000266385
26.475	2.3	3.30926092839036e-08	0.816355185599856	-0.0117999399730466	31.8525148024571	0.200000026474087
26.625	2.3	2.1394399904482e-08	0.817104872922344	-0.0122826916318424	31.8280131622864	0.20000001711552
26.775	2.3	-4.84935403741232e-09	0.817890504129044	-0.0127790405472952	31.8034885058862	0.199999996120517
26.925	2.3	-4.57606129404672e-08	0.818713651402884	-0.0132884432323918	31.7789397329905	0.19999996339151
27.075	2.3	-9.69131298901462e-08	0.819575893270233	-0.0138101966797733	31.7543656957936	0.199999922469496
27.225	2.3	-1.48272211882438e-07	0.820478799036479	-0.0143434206004681	31.729765198457	0.199999881382231
27.375	2.3	-1.84262332017021e-07	0.821423911558179	-0.0148870411995454	31.7051369970484	0.199999852590134
27.525	2.3	-1.85458249874503e-07	0.822412728997378	-0.0154397776887769	31.6804798000893	0.1999998516334
27.675	2.3	-1.321548660622e-07	0.823446686027755	-0.0160001323905662	31.6557922699141	0.199999894276107
27.825	2.3	-9.67315891034287e-09	0.824527134478662	-0.0165663846246598	31.631073025045	0.199999992261473
27.975	2.3	1.85245534568195e-07	0.825655322606752	-0.017136587691176	31.6063206437596	0.200000148196428
28.125	2.3	4.38128437130962e-07	0.826832371172331	-0.0177085673761112	31.5815336689809	0.20000035050275
28.275	2.3	7.12144986424368e-07	0.828059243510172	-0.0182799197783698	31.5567106145471	0.200000569715989
28.425	2.3	9.46986148346785e-07	0.829336706055611	-0.018848006170285	31.5318499728427	0.200000757588919
28.575	2.3	1.06297618165998e-06	0.830665275665186	-0.0194099432946384	31.5069502236949	0.200000850380945
28.725	2.3	9.71657181949799e-07	0.832045150753432	-0.0199625890211972	31.4820098443882	0.200000777325746
28.875	2.3	5.9315467547245e-07	0.833476124877322	-0.0205025255325592	31.4570273206187	0.20000047452374
29.025	2.3	-1.20771238131403e-07	0.834957483836405	-0.0210260448448996	31.4320011582443	0.19999990338301
29.175	2.3	-1.16093928467409e-06	0.836487890288064	-0.02152914403573	31.4069298957898	0.199999071248572
29.325	2.3	-2.43735359197007e-06	0.838065262861985	-0.0220075395024225	31.3818121178938	0.199998050117126
29.475	2.3	-3.76549542658168e-06	0.839686659159253	-0.0224567104360281	31.3566464702568	0.199996987603659
29.625	2.3	-4.87105946131555e-06	0.841348173306928	-0.0228719810859677	31.3314316771849	0.199996103152431
29.775	2.3	-5.4215653528082e-06	0.843044858366889	-0.0232486490449066	31.3061665634401	0.199995662747718
29.925	2.3	-5.089731632588e-06	0.844770681488321	-0.0235821625788226	31.2808500826324	0.199995928214694
30.075	2.3	-3.64542590253471e-06	0.846518515031195	-0.0238683438565767	31.2554813544682	0.199997083659278
30.225	2.3	-1.06003500903234e-06	0.848280159910865	-0.0241036469792394	31.2300597123515	0.199999151971993
30.375	2.3	2.40901011029866e-06	0.850046388497161	-0.0242854306147496	31.2045847606832	0.200001927208088
30.525	2.3	6.20003018835776e-06	0.851806984582307	-0.0244122165956624	31.1790564375767	0.200004960024151
30.675	2.3	9.54528386257547e-06	0.853550749414321	-0.0244839014912868	31.1534750741133	0.20000763622709
30.825	2.3	1.17175402669875e-05	0.855265439330279	-0.0245018932604474	31.1278414372397	0.200009374032214
30.975	2.3	1.24078953597321e-05	0.856937607088627	-0.0244691660311716	31.1021567425678	0.200009926316288
31.125	2.3	1.21365939130405e-05	0.85855234077357	-0.024390267741163	31.0764226289442	0.20000970927513
31.275	2.3	1.25015565589726e-05	0.86009293347519	-0.0242713766279074	31.0506411013451	0.200010001245247
31.425	2.3	1.59955661846063e-05	0.861540569424427	-0.0241205701317837	31.0248144723356	0.200012796452948
31.575	2.3	2.51340386677603e-05	0.862874161988689	-0.0239485130352527	30.9989453597806	0.200020107230934
31.725	2.3	4.0799373778827e-05	0.864070496467722	-0.0237697426204769	30.9730368176133	0.200032639499023
31.875	2.3	6.00674247557684e-05	0.865104777312682	-0.0236045729843214	30.9470926691441	0.200048053939805
32.025	2.3	7.43052633933128e-05	0.865951522932446	-0.023481325122419	30.9211180594666	0.200059444210715
32.175	2.3	6.8864422395106e-05	0.866585492637904	-0.0234381429629273	30.8951201350267	0.200055091537916
32.325	2.3	2.59471116998153e-05	0.866982033952305	-0.0235232111144637	30.8691086074501	0.20002075768936
32.475	2.3	-6.81919549196597e-05	0.86711604735583	-0.0237920040322782	30.8430958140265	0.199945446436064
32.625	2.3	-0.000211965232153852	0.866958884050945	-0.0243006271401238	30.81709583589	0.199830427814277
32.775	2.3	-0.000375825489096645	0.86647313399308	-0.0250957460946788	30.7911223846173	0.199699339608723
32.925	2.3	-0.000494052438287991	0.865606561590546	-0.0262042991201672	30.7651856020958	0.19960475804937
33.075	2.3	-0.00046908095923198	0.86428830706462	-0.0276299326131564	30.7392886281296	0.199624735232614
33.225	2.3	-0.00019640475503529	0.862432278222462	-0.0293666060819022	30.7134256047571	0.199842876195972
33.375	2.3	0.000386323336599528	0.859952988589062	-0.0314402608771123	30.6875833440283	0.20030905866928
33.525	2.3	0.00123206270766468	0.856796047920128	-0.0339833542599868	30.6617486926639	0.200985650166132
33.675	2.3	0.00211894821333203	0.852978440809665	-0.0373334885648035	30.635922230803	0.201695158570666
33.825	2.3	0.0026204085268615	0.848625602651778	-0.0421312633065986	30.610136206101	0.202096326821489
33.975	2.3	0.00215112948553936	0.84398879254755	-0.0493818167789921	30.5844709956603	0.201720903588431
34.125	2.3	0.000119736784123929	0.839429016584319	-0.0604387802644576	30.5590611515456	0.200095789427299
34.275	2.3	-0.00381177999804241	0.835353491257181	-0.0768508230792173	30.5340811321378	0.196950576001566
34.425	2.3	-0.00941044079487727	0.83207079047198	-0.0999581335966639	30.5097041461652	0.192471647364098
34.575	2.3	-0.0155945959561015	0.829489077728818	-0.130065351625244	30.4860361214081	0.187524323235119
34.725	2.3	-0.0203195412643795	0.826584263037077	-0.16512499140069	30.4630393327856	0.183744366988496
34.875	2.3	-0.0207291184618181	0.820822048840922	-0.199511840219581	30.4404720607557	0.183416705230546
35.025	2.3	-0.0136051898244662	0.808367504446662	-0.224617006894229	30.4178735900519	0.189115848140427
35.175	2.3	0.00395677696729471	0.786030342089963	-0.232732448854315	30.394609528892	0.203165421573836
35.325	2.3	0.03381332025448	0.753881135644864	-0.221922964332968	30.3699653343057	0.227050656203584
35.475	2.3	0.0761797719949154	0.715615117169442	-0.196827080437452	30.3432587669277	0.260943817595932
35.625	2.3	0.129338853071954	0.676232683120343	-0.164806566780683	30.3139447321247	0.303471082457563
35.775	2.3	0.189754948548069	0.63969718994474	-0.131950761153061	30.2816936476258	0.351803958838456
35.925	2.3	0.252629902087404	0.608180953725656	-0.101706355787982	30.2464303309605	0.402103921669923
36.075	2.3	0.312799167929456	0.582414504600984	-0.0753731342318709	30.2083280636523	0.450239334343565
36.225	2.3	0.365697300663553	0.562285877430877	-0.053018979578256	30.1677625553015	0.492557840530843
36.375	2.3	0.408069886302405	0.547304307795329	-0.0341621022718995	30.1252405683878	0.526455909041924
36.525	2.3	0.438247076251232	0.536874559172379	-0.0181511679895588	30.0813230792366	0.550597661000986
36.675	2.3	0.456011311428988	0.530431473652827	-0.00434274191085747	30.0365600054285	0.564809049143191
36.825	2.3	0.462229914691645	0.527491025013663	0.00783036572077592	29.9914453303557	0.569783931753316
36.975	2.3	0.458431916301051	0.527658373355763	0.018843363631688	29.9463932323694	0.566745533040841
37.125	2.3	0.446442866610153	0.530617701739965	0.0290876916531891	29.9017309225344	0.557154293288122
37.275	2.3	0.42812080665522	0.536117609410938	0.0388897338034056	29.8577024531837	0.542496645324176
37.425	2.3	0.405193202704096	0.543958918139041	0.0485331856688658	29.814478321153	0.524154562163276
37.575	2.3	0.379177082193691	0.553987299595353	0.0582798648492662	29.7721668886121	0.503341665754953
37.725	2.3	0.351360023776097	0.56608979822055	0.0683831650119767	29.7308248540974	0.481088019020878
37.875	2.3	0.32281858763335	0.58019146833631	0.0790880681324861	29.6904651827279	0.45825487010668
38.025	2.3	0.294450118865715	0.596246551290661	0.0906140956425656	29.6510621843096	0.435560095092572
38.175	2.3	0.266994819445458	0.614219537405944	0.103124754909246	29.6125548213543	0.413595855556367
38.325	2.3	0.241030025130191	0.634057208921533	0.116699196581869	29.5748505877877	0.392824020104153
38.475	2.3	0.216929228230068	0.655664309236468	0.131335427642412	29.5378329508189	0.373543382584054
38.625	2.3	0.194793937122527	0.678909550513037	0.147020438362174	29.5013748686142	0.355835149698021
38.775	2.3	0.17438388753865	0.703695308651376	0.163889136909169	29.4653589863575	0.33950711003092
38.925	2.3	0.15508498653789	0.730111428788584	0.182457712277848	29.4297020004394	0.324067989230312
39.075	2.3	0.135957705190927	0.758660797089008	0.203875388059643	29.394377263565	0.308766164152741
39.225	2.3	0.115895433636807	0.790511935364376	0.230121515768149	29.3594273651763	0.292716346909446
39.375	2.3	0.0938919171712133	0.827722861852465	0.264089887179999	29.3249585337925	0.275113533736971
39.525	2.3	0.0693777629730488	0.873372294933208	0.309503109026092	29.2911120367326	0.255502210378439
39.675	2.3	0.0425541963121428	0.931445957527987	0.370494083235295	29.2580139682409	0.234043357049714
39.825	2.3	0.0146416410106997	1.00601553911421	0.450375178964712	29.2257124150895	0.21171331280856
39.975	2.3	-0.0120317288638461	1.09863222580053	0.548610315004482	29.1941179034841	0.190374616908923
40.125	2.3	-0.0341757491547819	1.20263538813021	0.655104028194222	29.1629669083564	0.172659400676174
40.275	2.3	-0.0480104002981323	1.29638239598719	0.744480913071315	29.1318240118801	0.161591679761494
40.425	2.3	-0.050104420142573	1.34646064372354	0.781673092038893	29.1001215256621	0.159916463885942
40.575	2.3	-0.0383563886105155	1.33026766818733	0.747080096440254	29.0672276444084	0.169314889111588
40.725	2.3	-0.012604863985998	1.25608054293198	0.655987878209476	29.0325512888438	0.189916108811202
40.875	2.3	0.0254610206250562	1.1525034572729	0.542947768698927	28.9956626656883	0.220368816500045
41.025	2.3	0.0728865931276469	1.04541603427408	0.435125071622728	28.9563585419763	0.258309274502117
41.175	2.3	0.126129561265009	0.94872716063072	0.344302153064006	28.9146504684784	0.300903649012007
41.325	2.3	0.181627257313868	0.8669449847099	0.272146755981759	28.8707159026112	0.345301805851094
41.475	2.3	0.236225613693048	0.799837100277549	0.216245425476839	28.8248431678402	0.388980490954438
41.625	2.3	0.287467377498155	0.745444780130706	0.173297342138576	28.7773795942263	0.429973901998524
41.775	2.3	0.333726536968385	0.701487696535328	0.140297444558204	28.7286866275891	0.466981229574708
41.925	2.3	0.374194067894924	0.665887006395703	0.114824246866828	28.6791051181084	0.499355254315939
42.075	2.3	0.40875165114848	0.636903768234205	0.0950153514722191	28.6289323749617	0.527001320918784
42.225	2.3	0.437787475233788	0.613133888817181	0.0794625941821201	28.5784103799612	0.550229980187031
42.375	2.3	0.462004214391129	0.593460197509551	0.0671053991859004	28.527722980713	0.569603371512903
42.525	2.3	0.482252436920598	0.576999289575923	0.0571436414107626	28.4769993011531	0.585801949536478
42.675	2.3	0.499404341793873	0.563055150991486	0.048971972684036	28.4263207880986	0.599523473435098
42.825	2.3	0.514269273721311	0.551081845802906	0.0421319626513369	28.3757298671957	0.611415418977049
42.975	2.3	0.527545158361178	0.540654237545975	0.0362775029547744	28.3252388068059	0.622036126688943
43.125	2.3	0.539797375302038	0.531444917017261	0.0311495088394617	28.2748379268554	0.631837900241631
43.275	2.3	0.55145667667506	0.523205639500134	0.0265569060911095	28.2245026946672	0.641165341340048
43.425	2.3	0.562829063210483	0.515751992730722	0.0223618205345017	28.1741995301231	0.650263250568386
43.575	2.3	0.574112170884012	0.508950455338551	0.018467651025347	28.1238903244832	0.659289736707209
43.725	2.3	0.585414279924555	0.502707355985618	0.0148092612410967	28.0735357866139	0.668331423939644
43.875	2.3	0.59677337157309	0.496959474275623	0.0113448774172596	28.0230977875679	0.677418697258472
44.025	2.3	0.608174687521089	0.491666145147751	0.00804946603548134	27.9725408947177	0.686539750016871
44.175	2.3	0.61956600586119	0.486802768346981	0.00490943905124287	27.9218332818535	0.695652804688952
44.325	2.3	0.630870370158831	0.482355617897323	0.00191854516077244	27.8709471813785	0.704696296127065
44.475	2.3	0.641996337603232	0.478317822170359	-0.000925207093621278	27.819859016649	0.713597070082586
44.625	2.3	0.652845992552331	0.474686362494717	-0.00362176110607586	27.7685493224378	0.722276794041865
44.775	2.3	0.663321047354119	0.471459926000018	-0.00617052746683632	27.7170025334256	0.730656837883295
44.925	2.3	0.673327359348549	0.468637449224817	-0.00857136116323496	27.6652066968218	0.738661887478839
45.075	2.3	0.682778159920151	0.466217201761638	-0.0108251402745214	27.6131531465893	0.746222527936121
45.225	2.3	0.691596245408579	0.46419627800852	-0.012934062228423	27.5608361631621	0.753276996326864
45.375	2.3	0.699715332842248	0.462570387254543	-0.014901749387369	27.508252633188	0.759772266273799
45.525	2.3	0.707080742702867	0.46133385499606	-0.0167332330025191	27.4554017177314	0.765664594162294
45.675	2.3	0.713649540160622	0.460479768766541	-0.0184348643603719	27.4022845335304	0.770919632128497
45.825	2.3	0.719390243547735	0.4600002189631	-0.0200141847686881	27.3489038495494	0.775512194838188
45.975	2.3	0.724282192487884	0.459886598271091	-0.0214797721963685	27.2952637997002	0.779425753990307
46.125	2.3	0.728314655986698	0.460129932158805	-0.0228410719086677	27.2413696119672	0.782651724789359
46.275	2.3	0.731485750859919	0.460721217968474	-0.0241082115768186	27.1872273541908	0.785188600687935
46.425	2.3	0.733801232294529	0.461651752184511	-0.0252917983915818	27.132843697434	0.787040985835623
46.575	2.3	0.735273210994494	0.462913425733667	-0.0264026966614114	27.0782256991452	0.788218568795595
46.725	2.3	0.73591884537083	0.464498967160378	-0.0274517888583394	27.0233806100616	0.788735076296664
46.875	2.3	0.735759052763672	0.466402114711857	-0.0284497302265003	26.9683157106543	0.788607242210938
47.025	2.3	0.734817280585214	0.468617702016335	-0.0294067154042103	26.9130381844284	0.787853824468171
47.175	2.3	0.733118375928258	0.47114164885168	-0.0303322831330258	26.8575550360302	0.786494700742607
47.325	2.3	0.730687589606396	0.4739708584056	-0.0312351899984642	26.8018730613921	0.784550071685117
47.475	2.3	0.727549746666312	0.477103034490615	-0.0321233845456128	26.7459988747486	0.782039797333049
47.625	2.3	0.72372860925622	0.480536444696135	-0.0330041080510445	26.6899389932721	0.778982887404976
47.775	2.3	0.719246449027455	0.484269666302273	-0.033884137861439	26.6336999745908	0.775397159221964
47.925	2.3	0.714123835460655	0.488301358896377	-0.0347701749386704	26.5772885962077	0.771299068368524
48.075	2.3	0.708379634925381	0.492630109644531	-0.0356693615626853	26.5207120596309	0.766703707940305
48.225	2.3	0.702031204772681	0.497254393912525	-0.0365899010445539	26.4639781966955	0.761624963818145
48.375	2.3	0.695094759338834	0.502172686701838	-0.037541741459843	26.4070956516993	0.756075807471067
48.525	2.3	0.687585881967017	0.507383751785516	-0.0385372811637964	26.3500740108191	0.750068705573614
48.675	2.3	0.679520159519336	0.512887128762588	-0.0395920543030053	26.2929238495201	0.743616127615469
48.825	2.3	0.670913922262862	0.518683836269849	-0.040725356117359	26.2356566686409	0.736731137810289
48.975	2.3	0.661785079572208	0.524777313099462	-0.0419607644765264	26.1782846896625	0.729428063657766
49.125	2.3	0.652154046077787	0.531174625291036	-0.0433264984813632	26.1208204788372	0.72172323686223
49.275	2.3	0.642044748258878	0.537887969186644	-0.0448555206863929	26.0632763686913	0.713635798607103
49.425	2.3	0.63148568292962	0.544936486103812	-0.0465852343447545	26.0056636457018	0.705188546343696
49.575	2.3	0.620510963609067	0.552348358753041	-0.0485565568201483	25.9479914781458	0.696408770887254
49.725	2.3	0.60916123963939	0.5601630685488	-0.0508120822905904	25.8902655732156	0.687328991711512
49.875	2.3	0.597484313539406	0.568433549171294	-0.053393011852146	25.832486583016	0.677987450831525
50.025	2.3	0.585535229144995	0.577227783008536	-0.056334569465639	25.7746483293247	0.668428183315996
50.175	2.3	0.573375577792642	0.586629185190517	-0.0596597840285252	25.7167359875093	0.658700462234114
50.325	2.3	0.561071796318802	0.596734966276324	-0.0633718357437292	25.6587244546913	0.648857437055042
50.475	2.3	0.548692329431008	0.607651647912742	-0.0674456390660565	25.6005772112636	0.638953863544807
50.625	2.3	0.536303707663047	0.619487124648986	-0.0718199048886842	25.5422460442544	0.629042966130438
50.775	2.3	0.523965836077521	0.632339191748891	-0.0763914531851403	25.483672005753	0.619172668862016
50.925	2.3	0.511727055521221	0.646281286160805	-0.0810138247123166	25.4247879007601	0.609381644416977
51.075	2.3	0.499619758953614	0.661347178663739	-0.0855020362586329	25.3655224198782	0.599695807162891
51.225	2.3	0.487657438640306	0.677517229474495	-0.0896444853637671	25.3058057617231	0.590125950912245
51.375	2.3	0.475833935519329	0.69470921711344	-0.0932215808091453	25.2455762700873	0.580667148415463
51.525	2.3	0.464125330533406	0.712776377489538	-0.0960289661348422	25.1847873156995	0.571300264426725
51.675	2.3	0.452494396328738	0.731514094222382	-0.0979017428887389	25.1234134702064	0.56199551706299
51.825	2.3	0.440896928599085	0.750674942367175	-0.0987354348256075	25.0614550232132	0.552717542879268
51.975	2.3	0.429288768334604	0.76999003869539	-0.0984998702569794	24.9989401073126	0.543431014667683
52.125	2.3	0.41763208732691	0.789193442797624	-0.0972435986962835	24.9359240828097	0.534105669861528
52.275	2.3	0.405899660524038	0.808045999914818	-0.0950884358284151	24.8724862995881	0.52471972841923
52.425	2.3	0.39407639406205	0.826355485714442	-0.0922156338240595	24.8087247795221	0.51526111524964
52.575	2.3	0.382158179908504	0.843990902318939	-0.0888464924305635	24.7447496448396	0.505726543926803
52.725	2.3	0.370148961427773	0.860889900421859	-0.0852207132560651	24.6806761988817	0.496119169142219
52.875	2.3	0.358057447238501	0.877059270793511	-0.0815754917776012	24.6166184502037	0.4864459577908
53.025	2.3	0.345895005985288	0.892569127108449	-0.0781274820180931	24.5526836177757	0.47671600478823
53.175	2.3	0.333675863739925	0.907541795599705	-0.0750586970828172	24.4889678537222	0.46694069099194
53.325	2.3	0.321419928972979	0.922136614991156	-0.0725064574996562	24.4255531598335	0.457135943178383
53.475	2.3	0.309157634936701	0.93653193263217	-0.0705569120343157	24.3625053163524	0.447326107949361
53.625	2.3	0.296935407142401	0.950905650715934	-0.0692415316014128	24.2998726045153	0.43754832571392
53.775	2.3	0.284819975406636	0.965415794125929	-0.068536253368147	24.2376851637378	0.427855980325309
53.925	2.3	0.272899873468645	0.980182755966831	-0.068363431155388	24.1759549282103	0.418319898774916
54.075	2.3	0.26128306854967	0.995275073929284	-0.0685971611515968	24.1146761783609	0.409026454839736
54.225	2.3	0.25009056712638	1.01070066290732	-0.0690726440699316	24.0538267776866	0.400072453701104
54.375	2.3	0.239446802460083	1.02640518176025	-0.0695998601432511	23.9933701301112	0.391557441968067
54.525	2.3	0.229468372830939	1.04227847122347	-0.0699809823994446	23.933257801469	0.383574698264751
54.675	2.3	0.220253083023413	1.0581687313107	-0.0700298453531585	23.8734326350792	0.37620246641873
54.825	2.3	0.211871172010054	1.07390251533422	-0.0695907953657362	23.8138320954874	0.369496937608043
54.975	2.3	0.204360132551411	1.08930715048299	-0.0685538005289407	23.7543915278678	0.363488106041128
55.125	2.3	0.197723784199601	1.10423139380339	-0.066863088607487	23.6950470375798	0.358179027359681
55.275	2.3	0.191935440213309	1.11856038471448	-0.0645178145780096	23.6357377698843	0.353548352170647
55.425	2.3	0.186944298446423	1.13222227685461	-0.0615649963992382	23.5764074833344	0.349555438757138
55.575	2.3	0.182683725264826	1.14518592901027	-0.0580866415013362	23.5170054334576	0.346146980211861
55.725	2.3	0.17907995336157	1.15745107644979	-0.054184081859515	23.4574866880023	0.343263962689256
55.875	2.3	0.176059863056099	1.16903390131702	-0.0499627547140846	23.3978120605216	0.340847890444879
56.025	2.3	0.17355688421635	1.17995154525546	-0.0455200566218409	23.3379478662659	0.33884550737308
56.175	2.3	0.171514531792485	1.19020885058674	-0.0409377681357537	23.2778656765137	0.337211625433988
56.325	2.3	0.169887560550912	1.19978970712654	-0.0362792964679837	23.2175421879325	0.335910048440729
56.475	2.3	0.168641106020584	1.20865414843455	-0.0315909534768599	23.1569592509221	0.334912884816468
56.625	2.3	0.167748418045128	1.21674109711867	-0.026905869499578	23.0961040336536	0.334198734436103
56.775	2.3	0.16718787894035	1.22397564076758	-0.022248978409433	23.0349692504845	0.33375030315228
56.925	2.3	0.166939950666029	1.23027907086015	-0.0176417174671141	22.9735533613069	0.333551960532823
57.075	2.3	0.166984555440629	1.23557968758857	-0.0131055251277474	22.9118606516586	0.333587644352503
57.225	2.3	0.167299209368693	1.23982253337028	-0.00866373486184508	22.8499011260896	0.333839367494955
57.375	2.3	0.167858041529558	1.24297667163914	-0.00434192077019009	22.7876901805551	0.334286433223646
57.525	2.3	0.168631671966176	1.24503924072068	-0.000167065882878884	22.7252480546473	0.334905337572941
57.675	2.3	0.169587806955785	1.24603614343719	0.00383393374606639	22.6625990943941	0.335670245564628
57.825	2.3	0.170692342176155	1.24601976395624	0.00763592811158072	22.5997708771728	0.336553873740924
57.975	2.3	0.171910739662023	1.24506445786814	0.0112169518206642	22.5367932608994	0.337528591729618
58.125	2.3	0.173209450128203	1.24326072525825	0.0145592236884664	22.4736974212503	0.338567560102562
58.275	2.3	0.174557181043707	1.24070896384723	0.0176496484233879	22.4105149358034	0.339645744834966
58.425	2.3	0.175925855684678	1.23751355622397	0.0204798793481758	22.3472769652061	0.340740684547742
58.575	2.3	0.177291161542004	1.23377783148118	0.0230460647126826	22.2840135709185	0.341832929233603
58.725	2.3	0.178632642309652	1.22960021004148	0.0253484115224903	22.2207531981591	0.342906113847722
58.875	2.3	0.179933342578443	1.22507163088847	0.0273906728779526	22.1575223420356	0.343946674062754
59.025	2.3	0.181179065565637	1.22027419660282	0.029179617084955	22.09434540428	0.344943252452509
59.175	2.3	0.182357348685529	1.21528086231189	0.0307244898100758	22.0312447369583	0.345885878948423
59.325	2.3	0.183456295205007	1.21015593712662	0.0320364513163749	21.9682408575117	0.346765036164006
59.475	2.3	0.184463416772702	1.20495615087989	0.0331279694434832	21.9053528067685	0.347570733418162
59.625	2.3	0.185364634752433	1.19973205167424	0.0340121760346575	21.8425986095831	0.348291707801946
59.775	2.3	0.186143553280104	1.19452952730299	0.0347022393598866	21.7799957892146	0.348914842624083
59.925	2.3	0.186781054475111	1.18939127473244	0.0352108465516398	21.7175618849753	0.349424843580089
60.075	2.3	0.187255186247659	1.18435806945427	0.0355499004771573	21.6553149311768	0.349804148998127
60.225	2.3	0.187541237117397	1.17946970943775	0.0357304888743105	21.5932738749978	0.350032989693918
60.375	2.3	0.187611851635992	1.17476553179288	0.0357630674071786	21.5314589385833	0.350089481308794
60.525	2.3	0.187437068061378	1.17028443451362	0.0356576255212805	21.4698919582933	0.349949654449103
60.675	2.3	0.186984279914116	1.16606439314022	0.0354234214566927	21.4085967485448	0.349587423931292
60.825	2.3	0.1862183309957	1.16214155133474	0.0350677605251181	21.3475995240936	0.34897466479656
60.975	2.3	0.185102203804511	1.15854908292754	0.0345933478409079	21.2869293610489	0.348081763043609
61.125	2.3	0.18359896110298	1.1553161521896	0.0339940629694765	21.2266185818873	0.346879168882384
61.275	2.3	0.181675619365385	1.15246740233654	0.0332496224797803	21.1667028290497	0.345340495492308
61.425	2.3	0.179309333473088	1.15002342999163	0.0323204766464687	21.10722048276	0.343447466778471
61.575	2.3	0.176495558895628	1.14800260291185	0.0311452781210193	21.0482110389209	0.341196447116503
61.725	2.3	0.173256737398871	1.14642430595159	0.0296440879338141	20.9897121599431	0.338605389919096
61.875	2.3	0.169648689205126	1.14531323584489	0.0277307361180095	20.9317554041834	0.335718951364101
62.025	2.3	0.165760640454536	1.14470373907875	0.0253368832475365	20.8743611523881	0.332608512363629
62.175	2.3	0.161704194796344	1.14464252922419	0.0224477330295044	20.8175339418592	0.329363355837075
62.325	2.3	0.157587195646566	1.14518771435229	0.0191446747172115	20.7612601609918	0.326069756517253
62.475	2.3	0.153470904472031	1.14640231203419	0.0156439266092656	20.7055106181051	0.322776723577625
62.625	2.3	0.149313586504168	1.1483415688124	0.0123146362867821	20.6502505663393	0.319450869203335
62.775	2.3	0.144910324096048	1.15103497561264	0.00965840003325353	20.5954590044169	0.315928259276838
62.925	2.3	0.139846854777922	1.15446435239485	0.00823747472235	20.5411572234774	0.311877483822338
63.075	2.3	0.133492836506368	1.15853676348392	0.00854893033261363	20.4874435732025	0.306794269205094
63.225	2.3	0.125064849740149	1.16304467280144	0.0108473459262928	20.4345274915691	0.30005187979212
63.375	2.3	0.113788935484318	1.16759824411458	0.0149066373527629	20.3827514510974	0.291031148387455
63.525	2.3	0.0991837257001573	1.1715126209327	0.0196767724441463	20.332585254219	0.279346980560126
63.675	2.3	0.0814652192772009	1.17364861781045	0.0227552929111142	20.2845738970956	0.265172175421761
63.825	2.3	0.0620392559553803	1.17226309766597	0.0196580152528666	20.2392195670712	0.249631404764304
63.975	2.3	0.0439938223202983	1.16506701369821	0.00334125150460237	20.1967837919503	0.235195057856239
64.125	2.3	0.0324298986664534	1.14990934315153	-0.0342320413897894	20.1570141659651	0.225943918933163
64.275	2.3	0.0343828318498402	1.12639162919929	-0.0955167347893249	20.1188392849292	0.227506265479872
64.425	2.3	0.0580109913226174	1.09711186599557	-0.168139221590551	20.0801358200589	0.246408793058094
64.575	2.3	0.110770761341627	1.06576831207605	-0.227817686008818	20.0377378817066	0.288616609073301
64.725	2.3	0.196663170089455	1.03413587121676	-0.257769707567626	19.9878562891749	0.357330536071564
64.875	2.3	0.313352135123958	1.002708995907	-0.259099375100143	19.9268793841402	0.450681708099167
65.025	2.3	0.450765773229413	0.972505829180208	-0.242290391655312	19.8522855082788	0.560612618583531
65.175	2.3	0.592984061398444	0.944845343837065	-0.217154776153011	19.7633196723004	0.674387249118755
65.325	2.3	0.72343615518849	0.920458449045365	-0.189751255863934	19.6611280126035	0.778748924150792
65.475	2.3	0.830417463890186	0.899301602066177	-0.163130175740066	19.548277864232	0.864333971112149
65.625	2.3	0.909488659108886	0.880933822103228	-0.138634795869844	19.4279389351293	0.927590927287109
65.775	2.3	0.962289197848559	0.864895641038147	-0.116769295943514	19.3031339979638	0.969831358278847
65.925	2.3	0.993786876992163	0.850852047890479	-0.0976453866246159	19.1762980608432	0.99502950159373
66.075	2.3	1.00985826473539	0.838574952489432	-0.0811896275810835	19.0491471312304	1.00788661178831
66.225	2.3	1.01585450937673	0.827889272191705	-0.0672369252313794	18.9227415205743	1.01268360750138
66.375	2.3	1.01600401995596	0.818638313312764	-0.0555730836511947	18.7976301628078	1.01280321596477
66.525	2.3	1.01331537442579	0.810672250839643	-0.0459559339543796	18.6740056656536	1.01065229954063
66.675	2.3	1.00972178280784	0.803848371907623	-0.0381291388290803	18.5518378304724	1.00777742624628
66.825	2.3	1.00631628546272	0.798034033775002	-0.0318345717481406	18.4309755926639	1.00505302837018
66.975	2.3	1.00359813330549	0.793108539374998	-0.0268242775010669	18.3112178737665	1.00287850664439
67.125	2.3	1.00169011487407	0.788963446458888	-0.0228706877460389	18.192358140402	1.00135209189925
67.275	2.3	1.00050897824823	0.785501963959332	-0.0197735316399192	18.0742088145144	1.00040718259858
67.425	2.3	0.99988521218336	0.782638058518222	-0.0173628082734489	17.9566115984063	0.999908169746688
67.575	2.3	0.99963736640645	0.780295556850579	-0.0154982701574695	17.8394389579259	0.99970989312516
67.725	2.3	0.999610750923513	0.778407288469032	-0.014066514682817	17.7225908420948	0.999688600738811
67.875	2.3	0.999691560623505	0.776914233940169	-0.0129768936866419	17.605989490034	0.999753248498804
68.025	2.3	0.999806329519807	0.775764657967096	-0.0121572113744126	17.4895740833516	0.999845063615845
68.175	2.3	0.999914302461012	0.774913241633121	-0.011549817612557	17.3732961509084	0.99993144196881
68.325	2.3	0.999997764351194	0.774320248493497	-0.0111083737053314	17.2571160488332	0.999998211480955
68.475	2.3	1.00005316680873	0.773950759649522	-0.0107953367812694	17.1410004918405	1.00004253344698
68.625	2.3	1.00008428091538	0.773774001284416	-0.0105800803836287	17.024920945315	1.00006742473231
68.775	2.3	1.00009759041414	0.773762773339646	-0.0104375183371603	16.9088526400189	1.00007807233131
68.925	2.3	1.00009960972853	0.773892975662892	-0.01034709666317	16.7927739904897	1.00007968778282
69.075	2.3	1.00009561613557	0.774143220140662	-0.0102920397363376	16.6766662463917	1.00007649290845
69.225	2.3	1.00008928831081	0.774494513874879	-0.0102587656496979	16.5605132595245	1.00007143064865
69.375	2.3	1.00008284042506	0.774929998238968	-0.010236412787655	16.4443012954531	1.00006627234005
69.525	2.3	1.00007736437687	0.775434730353577	-0.0102164410170247	16.3280188531436	1.00006189150149
69.675	2.3	1.00007320534082	0.775995496078696	-0.0101922859743234	16.2116564785199	1.00005856427266
69.825	2.3	1.00007028197105	0.776600646292265	-0.0101590545117189	16.0952065706559	1.00005622557684
69.975	2.3	1.00006831995252	0.77723995059368	-0.0101132548705076	15.9786631852066	1.00005465596201
70.125	2.3	1.00006700050106	0.777904464460587	-0.010052557961993	15.8620218412597	1.00005360040084
70.275	2.3	1.00006604058503	0.778586407274157	-0.009975587348449	15.7452793370929	1.00005283246802
70.425	2.3	1.00006522560647	0.77927904958035	-0.00988173589839242	15.6284335787076	1.00005218048517
70.575	2.3	1.00006441323718	0.779976608564886	-0.00977100711536364	15.5114834232946	1.00005153058975
70.725	2.3	1.00006352263334	0.780674151087651	-0.00964387906397015	15.3944285383661	1.00005081810667
70.875	2.3	1.00006251848698	0.781367503831212	-0.00950118876217776	15.2772692762788	1.00005001478959
71.025	2.3	1.00006139536904	0.782053170225661	-0.00934403491156448	15.1600065632635	1.00004911629523
71.175	2.3	1.00006016492179	0.78272825386512	-0.00917369689919754	15.0426418017721	1.00004813193743
71.325	2.3	1.00005884662287	0.783390388151475	-0.00899156811046174	14.9251767848641	1.0000470772983
71.475	2.3	1.00005746184356	0.784037671906077	-0.00879910172439672	14.8076136213851	1.00004596947485
71.625	2.3	1.00005603050157	0.784668610687228	-0.00859776731009896	14.6899546707828	1.00004482440126
71.775	2.3	1.0000545695324	0.78528206354334	-0.00838901669319813	14.5722024865205	1.00004365562592
71.925	2.3	1.00005309250265	0.785877194923209	-0.0081742577109623	14.4543597671588	1.00004247400212
72.075	2.3	1.00005160985244	0.786453431453956	-0.0079548346199711	14.3364293142729	1.00004128788195
72.225	2.3	1.00005012941769	0.78701042328833	-0.00773201405872048	14.2184139964593	1.00004010353415
72.375	2.3	1.00004865701888	0.787548009715088	-0.00750697559927292	14.1003167187536	1.0000389256151
72.525	2.3	1.00004719700151	0.788066188720974	-0.00728080604460261	13.982140396846	1.00003775760121
72.675	2.3	1.0000457526787	0.788565090191465	-0.00705449674256608	13.8638879355307	1.00003660214296
72.825	2.3	1.00004432666504	0.789044952439398	-0.00682894329118525	13.7455622108785	1.00003546133203
72.975	2.3	1.00004292111113	0.789506101757449	-0.00660494710490314	13.6271660556665	1.0000343368889
73.125	2.3	1.00004153785695	0.789948934699737	-0.00638321839482056	13.5087022476412	1.00003323028556
73.275	2.3	1.00004017852386	0.790373902812212	-0.00616438019099807	13.3901735002347	1.00003214281909
73.425	2.3	1.00003884456337	0.790781499546587	-0.00594897309939858	13.2715824553925	1.00003107565069
73.575	2.3	1.00003753727803	0.79117224911073	-0.00573746054236193	13.1529316782064	1.00003002982242
73.725	2.3	1.00003625782603	0.791546697027921	-0.00553023427945584	13.0342236530832	1.00002900626082
73.875	2.3	1.00003500721795	0.791905402195275	-0.00532762004663794	12.9154607812097	1.00002800577436
74.025	2.3	1.0000337863114	0.792248930253179	-0.00512988318596782	12.7966453791042	1.00002702904912
74.175	2.3	1.00003259580707	0.792577848093663	-0.00493723416735173	12.6777796780722	1.00002607664566
74.325	2.3	1.00003143624797	0.792892719355845	-0.0047498339278463	12.558865824406	1.00002514899838
74.475	2.3	1.0000303080223	0.793194100771404	-0.0045677989740032	12.4399058801921	1.00002424641784
74.625	2.3	1.00002921136997	0.793482539239859	-0.00439120620947751	12.3209018246064	1.00002336909598
74.775	2.3	1.00002814639197	0.793758569526923	-0.00422009746334982	12.2018555555984	1.00002251711358
74.925	2.3	1.00002711306174	0.794022712492175	-0.00405448370549908	12.0827688918747	1.00002169044939
75.075	2.3	1.00002611123773	0.794275473764478	-0.00389434894417083	11.9636435751127	1.00002088899018
75.225	2.3	1.00002514067638	0.794517342793384	-0.00373965380738834	11.8444812723395	1.0000201125411
75.375	2.3	1.00002420104493	0.794748792215042	-0.00359033881536813	11.7252835784268	1.00001936083594
75.525	2.3	1.00002329193359	0.794970277478511	-0.00344632735469339	11.6060520186589	1.00001863354687
75.675	2.3	1.00002241286683	0.79518223668671	-0.00330752836799795	11.4867880513361	1.00001793029347
75.825	2.3	1.00002156331372	0.795385090612442	-0.00317383877478588	11.3674930703887	1.00001725065098
75.975	2.3	1.00002074269714	0.795579242855513	-0.00304514564011305	11.248168407974	1.00001659415771
76.125	2.3	1.00001995040204	0.795765080112257	-0.00292132810847052	11.1288153370405	1.00001596032163
76.275	2.3	1.0000191857828	0.795942972533509	-0.00280225912049644	11.009435073843	1.00001534862624
76.425	2.3	1.00001844816967	0.796113274150026	-0.00268780692978526	10.8900287803979	1.00001475853573
76.575	2.3	1.00001773687448	0.796276323348549	-0.00257783643657747	10.7705975668692	1.00001418949958
76.725	2.3	1.00001705119573	0.796432443384239	-0.00247221035478278	10.6511424938801	1.00001364095659
76.875	2.3	1.00001639042306	0.79658194291744	-0.00237079022738101	10.5316645747441	1.00001311233845
77.025	2.3	1.00001575384114	0.796725116565131	-0.00227343730516183	10.4121647776144	1.00001260307292
77.175	2.3	1.00001514073323	0.796862245459269	-0.00218001330201443	10.2926440275493	1.00001211258658
77.325	2.3	1.00001455038412	0.796993597805349	-0.0020903810397808	10.1731032084931	1.0000116403073
77.475	2.3	1.00001398208292	0.797119429436196	-0.00200440499418183	10.0535431651734	1.00001118566634
77.625	2.3	1.00001343512527	0.797239984356968	-0.00192195175266779	9.93396470491524	1.00001074810021
77.775	2.3	1.00001290881537	0.797355495278025	-0.00184289039406173	9.81436859937427	1.00001032705229
77.925	2.3	1.0000124024677	0.797466184133495	-0.00176709279908092	9.69475558619094	1.00000992197416
78.075	2.3	1.00001191540848	0.797572262583669	-0.00169443389987192	9.57512637056765	1.00000953232678
78.225	2.3	1.0000114469768	0.797673932499866	-0.00162479187600973	9.45548162677178	1.00000915758144
78.375	2.3	1.00001099652571	0.797771386431224	-0.00155804830367426	9.33582199956721	1.00000879722057
78.525	2.3	1.00001056342295	0.79786480805276	-0.00149408826408939	9.2161481055771	1.00000845073836
78.675	2.3	1.00001014705163	0.797954372594383	-0.00143280041657635	9.09646053458083	1.00000811764131
78.825	2.3	1.00000974681069	0.798040247251287	-0.00137407704112815	8.97675985074788	1.00000779744855
78.975	2.3	1.00000936211525	0.798122591575474	-0.00131781405478224	8.85704659381157	1.0000074896922
79.125	2.3	1.00000899239684	0.798201557849231	-0.00126391100576035	8.7373212801854	1.00000719391748
79.275	2.3	1.00000863710357	0.798277291440511	-0.00121227104861788	8.61758440402471	1.00000690968285
79.425	2.3	1.0000082957001	0.798349931141243	-0.00116280090358235	8.49783643823631	1.00000663656008
79.575	2.3	1.00000796766769	0.798419609488828	-0.00111541080273616	8.37807783543864	1.00000637413415
79.725	2.3	1.00000765250401	0.798486453071552	-0.00107001442521236	8.25830902887497	1.00000612200321
79.875	2.3	1.00000734972307	0.798550582818758	-0.0010265288238319	8.13853043328195	1.00000587977846
80.025	2.3	1.00000705885494	0.798612114275933	-0.000984874344530108	8.01874244571572	1.00000564708395
80.175	2.3	1.00000677944554	0.798671157866143	-0.000944974540570475	7.89894544633799	1.00000542355643
80.325	2.3	1.00000651105637	0.798727819137672	-0.0009067560825848	7.77913979916382	1.0000052088451
80.475	2.3	1.00000625326416	0.798782198999162	-0.00087014866588954	7.65932585277334	1.00000500261133
80.625	2.3	1.00000600566058	0.798834393942424	-0.000835084915863228	7.53950394098912	1.00000480452846
80.775	2.3	1.00000576785186	0.798884496253874	-0.000801500292446062	7.41967438352108	1.00000461428149
80.925	2.3	1.00000553945844	0.798932594214889	-0.00076933299442843	7.29983748658048	1.00000443156675
81.075	2.3	1.00000532011458	0.798978772291931	-0.000738523864159744	7.17999354346478	1.00000425609166
81.225	2.3	1.00000510946797	0.799023111316669	-0.000709016293279908	7.06014283511473	1.00000408757438
81.375	2.3	1.00000490717938	0.799065688656857	-0.000680756129877997	6.94028563064515	1.0000039257435
81.525	2.3	1.00000471292222	0.799106578378322	-0.00065369158746842	6.82042218785089	1.00000377033777
81.675	2.3	1.00000452638226	0.799145851398464	-0.000627773156147015	6.70055275368909	1.00000362110581
81.825	2.3	1.00000434725722	0.799183575631844	-0.000602953516089566	6.58067756473913	1.00000347780577
81.975	2.3	1.00000417525639	0.799219816127984	-0.000579187453780506	6.46079684764129	1.00000334020511
82.125	2.3	1.00000401010022	0.799254635201974	-0.000556431780895509	6.3409108195154	1.00000320808017
82.275	2.3	1.0000038515198	0.799288092558096	-0.000534645256219742	6.22101968836044	1.00000308121584
82.425	2.3	1.00000369925634	0.799320245406667	-0.000513788510507695	6.10112365343618	1.00000295940508
82.575	2.3	1.0000035530607	0.799351148574472	-0.000493823974530551	5.98122290562782	1.00000284244856
82.725	2.3	1.00000341269318	0.799380854608839	-0.000474715810299728	5.86131762779458	1.00000273015455
82.875	2.3	1.00000327792375	0.799409413875558	-0.000456429845514079	5.74140799510317	1.000002622339
83.025	2.3	1.00000314853255	0.799436874650586	-0.00043893351136654	5.62149417534698	1.00000251882604
83.175	2.3	1.00000302431039	0.79946328320569	-0.000422195783549463	5.50157632925187	1.00000241944832
83.325	2.3	1.00000290505838	0.799488683888012	-0.000406187126402059	5.38165461076963	1.00000232404671
83.475	2.3	1.00000279058567	0.799513119193561	-0.000390879439882281	5.26172916735998	1.00000223246854
83.625	2.3	1.00000268070516	0.799536629834594	-0.000376246009243035	5.14180014026235	1.00000214456413
83.775	2.3	1.00000257522821	0.799559254800797	-0.000362261457249228	5.02186766475853	1.00000206018257
83.925	2.3	1.00000247396188	0.799581031413412	-0.000348901699128694	4.90193187042714	1.00000197916951
84.075	2.3	1.00000237671355	0.799601995371293	-0.000336143900939439	4.78199288139049	1.00000190137084
84.225	2.3	1.00000228330674	0.799622180787199	-0.000323966441855364	4.66205081655441	1.00000182664539
84.375	2.3	1.00000219360638	0.799641620212485	-0.000312348880209833	4.54210578984117	1.0000017548851
84.525	2.3	1.00000210754121	0.799660344649604	-0.000301271921262611	4.42215791041705	1.00000168603297
84.675	2.3	1.00000202510118	0.79967838355312	-0.000290717381602594	4.3022072829172	1.00000162008094
84.825	2.3	1.00000194628501	0.799695764822468	-0.000280668142725669	4.18225400767339	1.00000155702801
84.975	2.3	1.00000187099037	0.799712514789483	-0.000271108086322919	4.06229818095117	1.0000014967923
85.125	2.3	1.00000179887906	0.799728658200827	-0.000262022009457899	3.94233989520235	1.00000143910325
85.275	2.3	1.00000172930313	0.79974421818601	-0.000253395529198276	3.82237923933339	1.00000138344251
85.425	2.3	1.00000166141297	0.79975921619001	-0.000245215000026512	3.70241629898159	1.00000132913037
85.575	2.3	1.00000159453765	0.799773671840257	-0.000237467472495683	3.582451156783	1.00000127563012
85.725	2.3	1.00000152879603	0.799787602723846	-0.000230140703647145	3.46248389261551	1.00000122303682
85.875	2.3	1.00000146567656	0.799801024082119	-0.000223223176897507	3.34251458381623	1.00000117254125
86.025	2.3	1.00000140811413	0.799813948486495	-0.000216704006593376	3.22254330540499	1.0000011264913
86.175	2.3	1.00000135956757	0.799826385621779	-0.000210572525730451	3.10257013038414	1.00000108765405
86.325	2.3	1.00000132193644	0.799838342326225	-0.000204817350722851	2.98259513020413	1.00000105754915
86.475	2.3	1.00000129287496	0.799849822968423	-0.000199424858112365	2.86261837545118	1.00000103429997
86.625	2.3	1.00000126390092	0.799860830052572	-0.000194377321981641	2.74263993671545	1.00000101112074
86.775	2.3	1.00000122109788	0.799871364684107	-0.000189651360543447	2.62265988546022	1.00000097687831
86.925	2.3	1.00000114956733	0.799881426347587	-0.000185217588033629	2.50267829461564	1.00000091965386
87.075	2.3	1.00000104095855	0.799891011569297	-0.000181042130094109	2.38269523865991	1.00000083276684
87.225	2.3	1.00000090117614	0.799900111629937	-0.000177089691186869	2.26271079316869	1.00000072094091
87.375	2.3	1.00000075441846	0.799908710499702	-0.000173326284013668	2.14272503410279	1.00000060353477
87.525	2.3	1.00000064159359	0.799916785168231	-0.000169718253295459	2.02273803720153	1.00000051327487
87.675	2.3	1.00000061549741	0.79992431082548	-0.000166224076028798	1.90274987747539	1.00000049239793
87.825	2.3	1.00000073812045	0.799931272304656	-0.000162777779370056	1.78276062797076	1.00000059049636
87.975	2.3	1.00000108090802	0.799937680910944	-0.000159267856597569	1.66277035634667	1.00000086472641
88.125	2.3	1.00000171336924	0.79994359341537	-0.000155521556663699	1.54277911854094	1.00000137069539
88.275	2.3	1.0000026466731	0.799949129476541	-0.000151307790778014	1.42278695183572	1.00000211733848
88.425	2.3	1.0000037002579	0.799954486107671	-0.000146368807924851	1.30279387412603	1.00000296020632
88.575	2.3	1.00000431244593	0.79995995112948	-0.000140480066919923	1.18279989825496	1.00000344995674
88.725	2.3	1.00000343199942	0.799965916197015	-0.000133523340015084	1.0628050636075	1.00000274559953
88.875	2.3	0.999999756807549	0.799972877573199	-0.000125548571909318	0.942809467360712	0.999999805446039
89.025	2.3	0.999992593747505	0.799981389952115	-0.000116803429823889	0.822813250024305	0.999994074998004
89.175	2.3	0.999983321445422	0.799991921841067	-0.000107725794516641	0.702816475461311	0.999986657156338
89.325	2.3	0.999976763259562	0.800004583621276	-9.89117580557919e-05	0.582818878967289	0.99998141060765
89.475	2.3	0.999980947207659	0.800018793337071	-9.10725650722122e-05	0.462819565231245	0.999984757766127
89.625	2.3	1.00000341963697	0.800033101588689	-8.49711110574483e-05	0.342816902701584	1.00000273570958
89.775	2.3	1.0000434663118	0.800035388166815	-8.12981293651493e-05	0.222808981812299	1.00003477304944
89.925	2.3	1.00008291719653	0.400078740532275	-8.03986536980384e-05	0.102797943631695	1.00006633375722
0.075	2.5	2.45632425286198e-30	0.399997774826185	-4.79784476150276e-05	36.0880095503495	0.2
0.225	2.5	-4.46512707968509e-31	0.79999353875789	-4.66157769982611e-05	36.06400968386	0.2
0.375	2.5	5.19549196675628e-30	0.799989908902216	-4.40614478996562e-05	36.040009938024	0.2
0.525	2.5	-6.48812741999248e-30	0.799987178665633	-4.06161415277619e-05	36.0160102893258	0.2
0.675	2.5	2.01610449396459e-30	0.799985509331311	-3.66447096511981e-05	35.9920107073041	0.2
0.825	2.5	-2.06381431333554e-29	0.799984928962189	-3.25095792093088e-05	35.9680111587659	0.2
0.975	2.5	-7.5183723548501e-30	0.79998535649096	-2.85204186107054e-05	35.9440116115664	0.2
1.125	2.5	-3.51589342180709e-29	0.799986638474898	-2.49069901304718e-05	35.9200120373765	0.2
1.275	2.5	-4.69910317650785e-30	0.799988586807771	-2.18133282181096e-05	35.8960124132579	0.2
1.425	2.5	-2.03472684583777e-29	0.799991009759328	-1.93067889495108e-05	35.872012722168	0.2
1.575	2.5	4.6090344855296e-29	0.799993733196685	-1.73947575968123e-05	35.8480129526723	0.2
1.725	2.5	5.30605528879464e-29	0.799996612167058	-1.60432361054788e-05	35.8240130981762	0.2
1.875	2.5	1.49186287037745e-28	0.799999534812413	-1.51936639656398e-05	35.8000131559423	0.2
2.025	2.5	1.4178494760347e-28	0.800002421112488	-1.4776256374466e-05	35.7760131260875	0.2
2.175	2.5	1.96124340016525e-28	0.800005218726554	-1.47194923264363e-05	35.7520130106756	0.2
2.325	2.5	6.88179464638267e-29	0.800007897655378	-1.49561598105114e-05	35.7280128129639	0.2
2.475	2.5	-3.1915350886587e-29	0.800010444845257	-1.54266808850341e-05	35.7040125368162	0.2
2.625	2.5	-3.63399037312232e-28	0.800012859363815	-1.60804932367131e-05	35.6800121862732	0.2
2.775	2.5	-6.075316682146e-28	0.800015148419505	-1.68761589130896e-05	35.6560117652544	0.2
2.925	2.5	-9.80367937880484e-28	0.800017324265895	-1.77807260100357e-05	35.632011277368	0.2
3.075	2.5	-1.00191604320961e-27	0.800019401916864	-1.87687147924535e-05	35.6080107257985	0.2
3.225	2.5	-8.72576038937123e-28	0.800021397538992	-1.98209758650828e-05	35.584010113253	0.2
3.375	2.5	-3.96967813734345e-29	0.800023327376867	-2.09235669560668e-05	35.5600094419461	0.2
3.525	2.5	1.08599236185458e-27	0.800025207081536	-2.20667328284685e-05	35.5360087136104	0.2
3.675	2.5	2.84876752803013e-27	0.80002705132579	-2.32440205759605e-05	35.5120079295212	0.2
3.825	2.5	4.28754424399136e-27	0.800028873622038	-2.44515394973628e-05	35.4880070905308	0.2
3.975	2.5	5.34942349262743e-27	0.800030686272365	-2.56873600281861e-05	35.4640061971039	0.2
4.125	2.5	4.55541297728141e-27	0.800032500403811	-2.6951032493736e-05	35.4400052493545	0.2
4.275	2.5	1.97121958256514e-27	0.800034326052455	-2.82432112878234e-05	35.4160042470797	0.2
4.425	2.5	-3.45584066271045e-27	0.800036172273162	-2.95653644111922e-05	35.3920031897913	0.2
4.575	2.5	-1.01459922134658e-26	0.800038047259473	-3.09195523854686e-05	35.3680020767433	0.2
4.725	2.5	-1.73943635484482e-26	0.800039958464265	-3.23082631100938e-05	35.3440009069557	0.2
4.875	2.5	-2.12750308241012e-26	0.800041912712955	-3.37342882905214e-05	35.3199996792354	0.2
5.025	2.5	-1.99176999576317e-26	0.800043916309875	-3.52006363088561e-05	35.295998392193	0.2
5.175	2.5	-9.4300639426842e-27	0.800045975132935	-3.67104674953804e-05	35.2719970442568	0.2
5.325	2.5	8.75598842005967e-27	0.800048094717526	-3.82670512384441e-05	35.247995633685	0.2
5.475	2.5	3.30878943549759e-26	0.800050280331541	-3.98737367631441e-05	35.2239941585738	0.2
5.625	2.5	5.41340224024484e-26	0.80005253703967	-4.15339349833901e-05	35.1999926168651	0.2
5.775	2.5	6.41025363715823e-26	0.800054869760475	-4.32511089965308e-05	35.1759910063514	0.2
5.925	2.5	5.10964444325175e-26	0.800057283313504	-4.5028769821075e-05	35.1519893246795	0.2
6.075	2.5	1.4703995769747e-26	0.800059782465576	-4.6870476974982e-05	35.1279875693526	0.2
6.225	2.5	-4.02278992033605e-26	0.800062371962501	-4.87798411757469e-05	35.1039857377316	0.2
6.375	2.5	-8.80134817576522e-26	0.80006505656745	-5.07605314680776e-05	35.0799838270348	0.2
6.525	2.5	-1.00501384721724e-25	0.800067841083798	-5.28162807852443e-05	35.0559818343375	0.2
6.675	2.5	-4.34536437271294e-26	0.800070730384444	-5.49508962612073e-05	35.0319797565698	0.2
6.825	2.5	8.39513533796925e-26	0.800073729432256	-5.71682657083572e-05	35.0079775905145	0.2
6.975	2.5	2.45871691915745e-25	0.800076843300413	-5.94723691090205e-05	34.9839753328039	0.2
7.125	2.5	3.32720539060804e-25	0.800080077191223	-6.18672874825901e-05	34.9599729799164	0.2
7.275	2.5	1.98811968245828e-25	0.800083436453442	-6.43572135751989e-05	34.9359705281724	0.2
7.425	2.5	-3.12356759746053e-25	0.800086926596241	-6.69464606111819e-05	34.9119679737292	0.2
7.575	2.5	-1.23650954626302e-24	0.800090553307394	-6.96394734511894e-05	34.8879653125766	0.2
7.725	2.5	-2.39500502542029e-24	0.800094322463396	-7.24408390369832e-05	34.8639625405308	0.2
7.875	2.5	-3.24717752077046e-24	0.800098240146553	-7.53552961385257e-05	34.8399596532288	0.2
8.025	2.5	-2.92144971110905e-24	0.80010231265588	-7.83877454674084e-05	34.815956646122	0.2
8.175	2.5	-3.47199129517192e-25	0.800106546522231	-8.15432612018329e-05	34.7919535144694	0.2
8.325	2.5	5.25441454071306e-24	0.800110948519607	-8.48271009086928e-05	34.7679502533307	0.2
8.475	2.5	1.37212651829939e-23	0.800115525679042	-8.82447163354718e-05	34.7439468575583	0.2
8.625	2.5	2.30528513797244e-23	0.800120285301217	-9.18017648775515e-05	34.7199433217899	0.2
8.775	2.5	2.88140248200286e-23	0.800125234970364	-9.55041200101857e-05	34.6959396404402	0.2
8.925	2.5	2.41108769013193e-23	0.800130382567139	-9.93578835336011e-05	34.6719358076917	0.2
9.075	2.5	1.06721703830741e-24	0.800135736282425	-0.00010336939689562	34.6479318174862	0.2
9.225	2.5	-4.58809557506638e-23	0.800141304631899	-0.000107545253508173	34.6239276635148	0.2
9.375	2.5	-1.14482372905372e-22	0.80014709646998	-0.000111892311021351	34.5999233392082	0.2
9.525	2.5	-1.88242502447881e-22	0.800153121005091	-0.000116417704477669	34.5759188377266	0.2
9.675	2.5	-2.31458489135447e-22	0.800159387815288	-0.000121128858933256	34.5519141519479	0.2
9.825	2.5	-1.90571268488627e-22	0.800165906864037	-0.000126033504425256	34.5279092744576	0.2
9.975	2.5	-7.05350977859961e-24	0.800172688516455	-0.000131139688959237	34.5039041975361	0.2
10.125	2.5	3.53925982177921e-22	0.800179743556656	-0.00013645579434427	34.4798989131467	0.2
10.275	2.5	8.61101407661072e-22	0.800187083206619	-0.000141990550883518	34.4558934129227	0.2
10.425	2.5	1.37260728949034e-21	0.800194719142874	-0.000147753054363849	34.4318876881543	0.2
10.575	2.5	1.61397260669622e-21	0.800202663517594	-0.000153752781644839	34.4078817297741	0.2
10.725	2.5	1.21175854242876e-21	0.800210928977037	-0.000159999608981925	34.3838755283432	0.2
10.875	2.5	-1.86041509270615e-22	0.800219528683113	-0.000166503830336232	34.3598690740355	0.2
11.025	2.5	-2.69490689539169e-21	0.800228476335923	-0.000173276175371685	34.3358623566222	0.2
11.175	2.5	-5.92239175252105e-21	0.800237786194902	-0.000180327830538194	34.3118553654553	0.2
11.325	2.5	-8.74452502679407e-21	0.800247473103193	-0.000187670459263935	34.2878480894505	0.2
11.475	2.5	-9.29542406585283e-21	0.800257552512533	-0.000195316223859702	34.2638405170691	0.2
11.625	2.5	-5.35914479826864e-21	0.80026804050754	-0.000203277807954789	34.2398326362998	0.2
11.775	2.5	4.71218824423094e-21	0.800278953834255	-0.000211568440513888	34.2158244346387	0.2
11.925	2.5	2.06128237249114e-20	0.800290309926239	-0.000220201921142285	34.1918158990697	0.2
12.075	2.5	3.86011761056124e-20	0.800302126935061	-0.000229192646051151	34.1678070160431	0.2
12.225	2.5	5.06520809125429e-20	0.800314423760027	-0.000238555634726045	34.1437977714536	0.2
12.375	2.5	4.52468298932236e-20	0.800327220078649	-0.000248306559843017	34.1197881506175	0.2
12.525	2.5	1.07439736615952e-20	0.800340536381823	-0.000258461776231547	34.0957781382489	0.2
12.675	2.5	-5.83494270872105e-20	0.800354394007333	-0.0002690383537681	34.0717677184346	0.2
12.825	2.5	-1.53200950296173e-19	0.800368815175138	-0.000280054108732877	34.0477568746085	0.2
12.975	2.5	-2.43462678516574e-19	0.800383823025373	-0.000291527640713454	34.0237455895241	0.2
13.125	2.5	-2.75807560359762e-19	0.800399441658562	-0.000303478367583052	33.9997338452269	0.2
13.275	2.5	-1.83831264227142e-19	0.80041569617549	-0.000315926564132972	33.9757216230246	0.2
13.425	2.5	8.66198363191073e-20	0.800432612720145	-0.000328893402941948	33.9517089034564	0.2
13.575	2.5	5.37532053034548e-19	0.800450218524767	-0.000342400996163852	33.9276956662614	0.2
13.725	2.5	1.07387840224819e-18	0.800468541957198	-0.000356472439869765	33.9036818903449	0.2
13.875	2.5	1.47404067833376e-18	0.800487612568669	-0.000371131861917852	33.879667553744	0.2
14.025	2.5	1.40451187334169e-18	0.800507461146047	-0.000386404468850873	33.8556526335908	0.2
14.175	2.5	5.07687434212505e-19	0.800528119764914	-0.000402316600050731	33.8316371060752	0.2
14.325	2.5	-1.42374344678464e-18	0.800549621845046	-0.000418895779733186	33.8076209464049	0.2
14.475	2.5	-4.20845566501396e-18	0.800572002210291	-0.000436170776244204	33.7836041287645	0.2
14.625	2.5	-7.04979964967312e-18	0.800595297149586	-0.000454171660241708	33.7595866262723	0.2
14.775	2.5	-8.45340810419978e-18	0.800619544479766	-0.000472929868828852	33.7355684109355	0.2
14.925	2.5	-6.45320515582198e-18	0.800644783615642	-0.000492478271489012	33.7115494536035	0.2
15.075	2.5	7.19808591269925e-19	0.800671055637751	-0.000512851240797017	33.6875297239186	0.2
15.225	2.5	1.35196231627045e-17	0.800698403368173	-0.000534084724869115	33.6635091902652	0.2
15.375	2.5	2.97473210534214e-17	0.800726871447798	-0.000556216325728215	33.6394878197165	0.2
15.525	2.5	4.35304183808783e-17	0.800756506416634	-0.00057928537989877	33.6154655779784	0.2
15.675	2.5	4.54284580809544e-17	0.800787356800052	-0.000603333045010471	33.5914424293315	0.2
15.825	2.5	2.45375016651797e-17	0.800819473198444	-0.00062840238950909	33.5674183365703	0.2
15.975	2.5	-2.68860237775293e-17	0.800852908380017	-0.000654538487323367	33.5433932609396	0.2
16.125	2.5	-1.06678260550194e-16	0.800887717381347	-0.000681788518257195	33.5193671620675	0.2
16.275	2.5	-1.95750488786001e-16	0.800923957609148	-0.000710201873267195	33.4953399978967	0.2
16.425	2.5	-2.54313094282682e-16	0.800961688951104	-0.000739830263966755	33.471311724611	0.2
16.575	2.5	-2.26001132312918e-16	0.801000973889021	-0.000770727840674437	33.4472822965596	0.2
16.725	2.5	-5.41734503759677e-17	0.801041877620857	-0.000802951313128172	33.4232516661776	0.2
16.875	2.5	2.88304478932643e-16	0.801084468186208	-0.000836560080863317	33.3992197839024	0.2
17.025	2.5	7.60540975880171e-16	0.801128816601891	-0.000871616367187983	33.3751865980865	0.200000000000001
17.175	2.5	1.21956680415364e-15	0.801174997000778	-0.000908185362314937	33.3511520549063	0.200000000000001
17.325	2.5	1.4123066912776e-15	0.80122308678187	-0.000946335372968351	33.3271160982664	0.200000000000001
17.475	2.5	1.01889851366266e-15	0.801273166766124	-0.000986137979265925	33.3030786696994	0.200000000000001
17.625	2.5	-2.33773381439479e-16	0.801325321362612	-0.00102766819967199	33.2790397082605	0.2
17.775	2.5	-2.39097520177404e-15	0.801379638741286	-0.00107100466482382	33.2549991504176	0.199999999999998
17.925	2.5	-5.06147938617299e-15	0.801436211018997	-0.001116229798653	33.230956929936	0.199999999999996
18.075	2.5	-7.26788595098347e-15	0.801495134453547	-0.00116343000929964	33.2069129777565	0.199999999999994
18.225	2.5	-7.48110939551336e-15	0.801556509649744	-0.00121269588907029	33.1828672218688	0.199999999999994
18.375	2.5	-3.96892289312334e-15	0.801620441777432	-0.00126412242367633	33.1588195871775	0.199999999999997
18.525	2.5	4.470231675934e-15	0.801687040802145	-0.00131780921009416	33.1347699953621	0.200000000000004
18.675	2.5	1.74588994576086e-14	0.80175642172976	-0.00137386068715616	33.1107183647294	0.200000000000014
18.825	2.5	3.19664148837973e-14	0.80182870486505	-0.00143238637280429	33.0866646100583	0.200000000000026
18.975	2.5	4.1739626451924e-14	0.80190401608744	-0.00149350111436563	33.0626086424375	0.200000000000033
19.125	2.5	3.79308281813167e-14	0.801982487142343	-0.00155732534801129	33.0385503690931	0.20000000000003
19.275	2.5	1.15507699943843e-14	0.802064255950023	-0.00162398536900098	33.0144896932089	0.200000000000009
19.425	2.5	-4.20592870483809e-14	0.802149466935927	-0.00169361361187688	32.9904265137361	0.199999999999966
19.575	2.5	-1.17413705624289e-13	0.802238271379477	-0.00176634894254046	32.9663607251928	0.199999999999906
19.725	2.5	-1.9361206498436e-13	0.802330827786816	-0.00184233695858568	32.9422922174533	0.199999999999845
19.875	2.5	-2.32695170267754e-13	0.802427302286209	-0.00192173030047574	32.9182208755256	0.199999999999814
20.025	2.5	-1.85289439747546e-13	0.802527869050454	-0.00200468897189698	32.8941465793162	0.199999999999852
20.175	2.5	-6.39748283680902e-15	0.802632710744768	-0.00209138066985637	32.8700692033826	0.199999999999995
20.325	2.5	3.18653190960169e-13	0.802742019007603	-0.00218198111991627	32.8459886166715	0.200000000000255
20.475	2.5	7.43125245790649e-13	0.802855994959445	-0.00227667442066234	32.8219046822421	0.200000000000595
20.625	2.5	1.13407060862607e-12	0.80297484974839	-0.00237565339373425	32.7978172569738	0.200000000000907
20.775	2.5	1.27088216198395e-12	0.803098805131551	-0.00247911993503667	32.773726191257	0.200000000001017
20.925	2.5	8.85833014755744e-13	0.803228094095072	-0.00258728537039361	32.7496313286657	0.200000000000709
21.075	2.5	-2.41105275822588e-13	0.803362961517491	-0.00270037080943611	32.7255325056111	0.199999999999807
21.225	2.5	-2.13795925959399e-12	0.803503664877426	-0.0028186074951498	32.7014295509747	0.19999999999829
21.375	2.5	-4.47931939493498e-12	0.803650475008773	-0.00294223714782737	32.6773222857189	0.199999999996417
21.525	2.5	-6.47266640910938e-12	0.803803676909472	-0.00307151229696673	32.653210522475	0.199999999994822
21.675	2.5	-6.88295720643373e-12	0.803963570603451	-0.00320669659866478	32.6290940651055	0.199999999994494
21.825	2.5	-4.28737701016612e-12	0.804130472063584	-0.00334806513196632	32.6049727082401	0.19999999999657
21.975	2.5	2.3889357671443e-12	0.804304714195168	-0.00349590466730698	32.5808462367826	0.200000000001911
22.125	2.5	1.31004497316305e-11	0.804486647888896	-0.00365051390245865	32.5567144253879	0.20000000001048
22.275	2.5	2.58597433518993e-11	0.80467664314175	-0.00381220365380382	32.5325770379067	0.200000000020688
22.425	2.5	3.62142078868553e-11	0.804875090256462	-0.00398129699664795	32.5084338267944	0.200000000028971
22.575	2.5	3.748169681416e-11	0.8050824011137	-0.00415812933993836	32.4842845324843	0.200000000029985
22.725	2.5	2.21884793801644e-11	0.805299010532735	-0.00434304842358819	32.4601288827204	0.200000000017751
22.875	2.5	-1.50793360549124e-11	0.805525377712593	-0.00453641422727346	32.4359665918481	0.199999999987937
23.025	2.5	-7.3691096859712e-11	0.805761987762214	-0.0047385987652434	32.4117973600605	0.199999999941047
23.175	2.5	-1.42842238794168e-10	0.806009353325477	-0.00494998576424366	32.3876208725966	0.199999999885726
23.325	2.5	-1.99026582459634e-10	0.806268016296986	-0.00517097019199468	32.3634367988886	0.199999999840779
23.475	2.5	-2.07360972420758e-10	0.806538549639312	-0.00540195762765907	32.3392447916573	0.199999999834111
23.625	2.5	-1.28871171388845e-10	0.80682155930008	-0.00564336344357994	32.3150444859504	0.199999999896903
23.775	2.5	6.53096070566694e-11	0.80711768623004	-0.00589561177793682	32.2908354981242	0.200000000052248
23.925	2.5	3.74222265996486e-10	0.80742760850259	-0.00615913426315959	32.266617424764	0.200000000299378
24.075	2.5	7.46538155361445e-10	0.807752043525561	-0.00643436846814506	32.2423898415416	0.200000000597231
24.225	2.5	1.06736136521983e-09	0.80809175033311	-0.00672175601098245	32.2181523020077	0.200000000853889
24.375	2.5	1.16284751598949e-09	0.808447531936716	-0.00702174028117125	32.1939043363146	0.200000000930278
24.525	2.5	8.32528452847026e-10	0.808820237708865	-0.00733476371132559	32.1696454498659	0.200000000666023
24.675	2.5	-8.57892081212617e-11	0.809210765768534	-0.00766126453886484	32.1453751218904	0.199999999931369
24.825	2.5	-1.62383344625014e-09	0.80962006533515	-0.00800167300698677	32.1210928039364	0.199999998700933
24.975	2.5	-3.58296448922424e-09	0.810049139027669	-0.00835640696779895	32.0967979182858	0.199999997133628
25.125	2.5	-5.46136837742132e-09	0.810499045090088	-0.00872586687574631	32.0724898562913	0.199999995630905
25.275	2.5	-6.45385402221011e-09	0.810970899536399	-0.00911043016870305	32.0481679766428	0.199999994836917
25.425	2.5	-5.56914192858472e-09	0.811465878208926	-0.00951044504729626	32.0238316035753	0.199999995544687
25.575	2.5	-1.89138089590002e-09	0.811985218728917	-0.00992622363080665	31.9994800250348	0.199999998486895
25.725	2.5	5.02598015221044e-09	0.812530222281606	-0.0103580344257841	31.9751124908201	0.200000004020784
25.875	2.5	1.47016891164337e-08	0.813102255105469	-0.0108060939552519	31.9507282107178	0.200000011761351
26.025	2.5	2.53330557992699e-08	0.813702749456563	-0.0112705572934894	31.9263263526448	0.200000020266445
26.175	2.5	3.36450832670167e-08	0.81433320371281	-0.0117515071742155	31.9019060408032	0.200000026916067
26.325	2.5	3.51711510934768e-08	0.814995181185293	-0.0122489412923998	31.8774663538465	0.200000028136921
26.475	2.5	2.51048535361337e-08	0.815690307153673	-0.0127627574902466	31.8530063230526	0.200000020083883
26.625	2.5	-2.58879144488666e-10	0.816420263694127	-0.013292736700986	31.8285249305026	0.199999999792897
26.775	2.5	-4.16619845539059e-08	0.817186782009192	-0.0138385238501295	31.8040211072817	0.199999966670412
26.925	2.5	-9.49892256809279e-08	0.817991632245681	-0.0143996073245326	31.779493731753	0.199999924008619
27.075	2.5	-1.49926383496558e-07	0.818836611092669	-0.0149752980388062	31.7549416279951	0.199999880058893
27.225	2.5	-1.89855078118482e-07	0.819723527765189	-0.0155647094263809	31.7303635645511	0.199999848115937
27.375	2.5	-1.93602290566252e-07	0.820654189112988	-0.0161667396965161	31.7057582536801	0.199999845118168
27.525	2.5	-1.39385556963009e-07	0.82163038446223	-0.016780057354317	31.6811243513356	0.199999888491554
27.675	2.5	-1.0810392656766e-08	0.82265387026569	-0.0174030901986663	31.6564604580979	0.199999991351686
27.825	2.5	1.95850056095546e-07	0.823726353720377	-0.0180340169316972	31.631765121254	0.200000156680045
27.975	2.5	4.64507144455961e-07	0.824849473273567	-0.0186707593286707	31.6070368381563	0.200000371605716
28.125	2.5	7.54153094301402e-07	0.826024772653819	-0.0193109720063327	31.582274060902	0.200000603322475
28.275	2.5	9.97902522097151e-07	0.827253664061476	-0.01995202657184	31.5574752022892	0.200000798322018
28.425	2.5	1.10803538240279e-06	0.828537375841777	-0.0205909876758946	31.5326386429339	0.200000886428306
28.575	2.5	9.88171323376382e-07	0.829876880684053	-0.0212245803799851	31.507762739407	0.200000790537059
28.725	2.5	5.52535333710185e-07	0.83127280230019	-0.0218491511537352	31.4828458332783	0.200000442028267
28.875	2.5	-2.49231075268372e-07	0.83272530154395	-0.0224606282886562	31.4578862610352	0.19999980061514
29.025	2.5	-1.40495348909103e-06	0.83423394660558	-0.0230544908573021	31.4328823649955	0.199998876037209
29.175	2.5	-2.81546585654958e-06	0.835797575571867	-0.0236257577290606	31.4078325055333	0.199997747627315
29.325	2.5	-4.27932969255355e-06	0.837414162457812	-0.0241690088496208	31.3827350752195	0.199996576536246
29.475	2.5	-5.49433852184191e-06	0.839080698979117	-0.0246784495428518	31.3575885158429	0.199995604529183
29.625	2.5	-6.08348537705398e-06	0.840793103304429	-0.0251480249610616	31.3323913397271	0.199995133211698
29.775	2.5	-5.65123592219827e-06	0.842546163572495	-0.0255715863446973	31.3071421572332	0.199995479011262
29.925	2.5	-3.87103634744372e-06	0.844333518270186	-0.0259431041184328	31.2818397126553	0.199996903170922
30.075	2.5	-5.95926685359727e-07	0.846147668132446	-0.0262569157813733	31.256482930564	0.199999523258652
30.225	2.5	4.02920393270289e-06	0.847980005766462	-0.0265079898372423	31.2310709735854	0.200003223363146
30.375	2.5	9.49078250285769e-06	0.849820840639634	-0.0266921814960263	31.2056033102138	0.200007592626002
30.525	2.5	1.49147196698029e-05	0.85165938968474	-0.0268064529243671	31.1800797874355	0.200011931775736
30.675	2.5	1.92095250699502e-05	0.853483699580574	-0.0268490326976607	31.15450069829	0.200015367620056
30.825	2.5	2.13711893316137e-05	0.855280468772569	-0.026819499308275	31.1288668306567	0.200017096951465
30.975	2.5	2.09207819103554e-05	0.857034749546267	-0.0267187963226941	31.1031794833571	0.200016736625528
31.125	2.5	1.83573535612505e-05	0.858729536832739	-0.0265492249338928	31.077440442523	0.200014685882849
31.275	2.5	1.5406668537753e-05	0.86034529215609	-0.0263145111689999	31.0516519277867	0.20001232533483
31.425	2.5	1.47745776377941e-05	0.861859502739551	-0.0260200976976897	31.0258165437805	0.20001181966211
31.575	2.5	1.91399322368901e-05	0.863246420620312	-0.0256738374412238	30.9999373015559	0.20001531194579
31.725	2.5	2.93191127109451e-05	0.864477134870516	-0.0252872270495506	30.9740177931486	0.200023455290169
31.875	2.5	4.19440058706303e-05	0.865520063774349	-0.0248771679051844	30.948062590495	0.200033555204697
32.025	2.5	4.75735008601102e-05	0.866341783864929	-0.024467956398659	30.9220778765113	0.200038058800688
32.175	2.5	3.07228746508361e-05	0.866907846995565	-0.0240928170355475	30.8960721918844	0.200024578299721
32.325	2.5	-2.64931043453549e-05	0.867182950023195	-0.0237939279993548	30.8700570135553	0.199978805516524
32.475	2.5	-0.000135984663670669	0.867129667197284	-0.0236197841921431	30.8440467287314	0.199891212269063
32.625	2.5	-0.00029118635106442	0.866705138536668	-0.023619220574816	30.8180575334441	0.199767050919148
32.775	2.5	-0.000453918377074613	0.865855821988322	-0.0238328229076935	30.7921049898688	0.19963686529834
32.925	2.5	-0.000547474883775739	0.864511742488869	-0.0242849936919389	30.7662005108135	0.199562020092979
33.075	2.5	-0.000465193248278091	0.862583397615371	-0.0249833453002538	30.7403478769513	0.199627845401378
33.225	2.5	-0.000103018622910436	0.859965821957899	-0.0259350250073281	30.71454181127	0.199917585101672
33.375	2.5	0.000581412060812526	0.856553714812898	-0.0271892958133674	30.6887711898325	0.20046512964865
33.525	2.5	0.00149281508579045	0.852267301043594	-0.0289091724074145	30.6630290658227	0.201194252068632
33.675	2.5	0.00233174244441476	0.847080964355921	-0.0314620793164391	30.6373298051737	0.201865393955532
33.825	2.5	0.00257943140238327	0.841039789612006	-0.0355056618268155	30.6117301660481	0.202063545121907
33.975	2.5	0.00158115127844406	0.834248587528288	-0.0420359716622586	30.5863467607304	0.201264921022755
34.125	2.5	-0.00124071422723829	0.826823293185821	-0.0523557506851655	30.5613586732235	0.199007428618209
34.275	2.5	-0.00605538337366566	0.818794902152987	-0.0678880651185041	30.5369835674809	0.195155693301067
34.425	2.5	-0.012248112498056	0.809938950544687	-0.0896880579995722	30.5134209271831	0.190201510001555
34.575	2.5	-0.0181317971862962	0.799484187817958	-0.117456711812709	30.4907680840601	0.185494562250963
34.725	2.5	-0.0208955065934163	0.785736957117658	-0.148120770152456	30.4689309363494	0.183283594725267
34.875	2.5	-0.0168938928954321	0.766042166392008	-0.17504283036631	30.4475642758574	0.186484885683654
35.025	2.5	-0.0022756873699516	0.737937172824206	-0.189992972184634	30.4260743506008	0.198179450104039
35.175	2.5	0.0261740938516331	0.701382795645242	-0.188094867125912	30.4036910809209	0.220939275081306
35.325	2.5	0.0701774169522309	0.659701362731163	-0.171147247282425	30.3795854486735	0.256141933561785
35.475	2.5	0.129286127624567	0.617744707218206	-0.145492855737835	30.3529979261339	0.303428902099654
35.625	2.5	0.200563902014876	0.579425361227952	-0.117512438742873	30.3233529691868	0.360451121611901
35.775	2.5	0.278821695284544	0.546781051685937	-0.0912186640788797	30.2903415697304	0.423057356227635
35.925	2.5	0.357511102752517	0.520330041008819	-0.0683106057966976	30.2539570453383	0.486008882202014
36.075	2.5	0.430078846651149	0.499732834449344	-0.0490733640650037	30.2144760632483	0.544063077320919
36.225	2.5	0.491274352942	0.484295495055518	-0.0331397556887082	30.1723911902137	0.5930194823536
36.375	2.5	0.537911135650973	0.473261574384388	-0.0199264702235311	30.1283170641131	0.630328908520778
36.525	2.5	0.568926463813782	0.46595247312304	-0.00883717279339587	30.0828980547257	0.655141171051026
36.675	2.5	0.584941750311628	0.461816466619236	0.000659638436833448	30.0367376694444	0.667953400249302
36.825	2.5	0.587647581184141	0.460429694441546	0.00901115053407275	29.9903564909749	0.670118064947313
36.975	2.5	0.579250047579206	0.46147692783282	0.0165853963236147	29.9441749926793	0.663400038063365
37.125	2.5	0.562073411654297	0.464727743971698	0.023685863411988	29.898513347528	0.649658729323438
37.275	2.5	0.538318005131727	0.470015579481277	0.0305690923340018	29.8536006619903	0.630654404105381
37.425	2.5	0.509935876986356	0.477222470044845	0.0374621315765704	29.8095881289686	0.607948701589085
37.575	2.5	0.478585304201383	0.486269781546203	0.0445772816889727	29.7665626276805	0.582868243361107
37.725	2.5	0.445634432839093	0.497113572088802	0.0521210417780213	29.7245587649578	0.556507546271274
37.875	2.5	0.412191856224288	0.509741761497455	0.0602939605419406	29.6835683914141	0.52975348497943
38.025	2.5	0.379145583137893	0.524169230249334	0.0692794894713296	29.6435475225799	0.503316466510315
38.175	2.5	0.347193974779203	0.540427231526789	0.0792239475939396	29.6044214899673	0.477755179823362
38.325	2.5	0.316855936259759	0.558546363444397	0.0902164630177029	29.566089949826	0.453484749007807
38.475	2.5	0.288454737258949	0.578538695672898	0.102285544232074	29.5284338127366	0.430763789807159
38.625	2.5	0.262080177149504	0.600393466565671	0.115433402284852	29.4913258934966	0.409664141719603
38.775	2.5	0.237545450948088	0.624107654464092	0.129724300845809	29.4546459104842	0.39003636075847
38.925	2.5	0.214364615156176	0.64977084331209	0.145425934952639	29.418298490016	0.371491692124941
39.075	2.5	0.191779772712259	0.677709535788013	0.163178858414743	29.3822305694615	0.353423818169807
39.225	2.5	0.168860262866101	0.708675504908428	0.184152483205211	29.3464428824915	0.335088210292881
39.375	2.5	0.144678286627228	0.744048690934016	0.210147496202973	29.3109899274761	0.315742629301782
39.525	2.5	0.118540578063828	0.786020740033723	0.24361426457571	29.2759645154903	0.294832462451062
39.675	2.5	0.0902330573797279	0.837706448683085	0.287542006071423	29.2414665983796	0.272186445903782
39.825	2.5	0.0602249979908945	0.903037813423004	0.345088018208679	29.207560813197	0.248179998392716
39.975	2.5	0.029784799178702	0.986040349496343	0.418619954513662	29.1742318214544	0.223827839342962
40.125	2.5	0.000971772370518691	1.08865100352837	0.507579009243972	29.1413498289172	0.200777417896415
40.275	2.5	-0.0235310033051982	1.2061400691069	0.604668094528842	29.1086588602108	0.181175197355841
40.425	2.5	-0.0407900486318322	1.32142313800693	0.69175549443973	29.0757930293994	0.167367961094534
40.575	2.5	-0.0482180202474069	1.40551218905556	0.741831196940717	29.0423096913054	0.161425583802074
40.725	2.5	-0.0442591809489022	1.43225961926105	0.734041142658733	29.0077273417016	0.164592655240878
40.875	2.5	-0.0288433628584539	1.39750949009987	0.671231837550512	28.9715878671868	0.176925309713237
41.025	2.5	-0.00334676186431889	1.31975876978412	0.577109832957182	28.9335509018927	0.197322590508545
41.175	2.5	0.0298691303225778	1.22376253821372	0.477239790445293	28.8934624013968	0.223895304258062
41.325	2.5	0.0680392622151306	1.12767401091125	0.387000131873511	28.8513524961428	0.254431409772104
41.475	2.5	0.108468302361488	1.04071853477449	0.311798299479485	28.8073876948889	0.28677464188919
41.625	2.5	0.148836734383027	0.965939451247393	0.251534451532038	28.7618169906076	0.319069387506422
41.775	2.5	0.187363121222771	0.903218252085651	0.204053045250628	28.7149271821656	0.349890496978217
41.925	2.5	0.222854496677738	0.851175730151461	0.166840589634961	28.667008745677	0.378283597342191
42.075	2.5	0.254672518632424	0.808113852976795	0.1376504744618	28.618331437014	0.403738014905939
42.225	2.5	0.282643625163931	0.772409838192018	0.114651456728544	28.5691288608313	0.426114900131145
42.375	2.5	0.306941834155767	0.742649203812519	0.0964046414126605	28.5195908346955	0.445553467324613
42.525	2.5	0.327968702394265	0.717648647107336	0.0817946823279219	28.469861882502	0.462374961915412
42.675	2.5	0.346247238245956	0.696438337926461	0.0699600402736014	28.4200440049331	0.476997790596764
42.825	2.5	0.362338250057715	0.678232994092002	0.0602351900589518	28.3702020179586	0.489870600046172
42.975	2.5	0.376780988739335	0.662402925851062	0.0521061669189071	28.320370083797	0.501424790991468
43.125	2.5	0.390055788833001	0.648448513024764	0.0451772632933602	28.2705584433645	0.512044631066401
43.275	2.5	0.402564453358164	0.635978547905833	0.0391460406990276	28.2207597099118	0.522051562686532
43.425	2.5	0.414623687319728	0.624691883350351	0.0337841876455263	28.1709543649337	0.531698949855782
43.575	2.5	0.42646730455221	0.614361674251371	0.0289223918389207	28.1211153044035	0.541173843641768
43.725	2.5	0.43825373105817	0.604821652544493	0.0244380110500397	28.0712114243415	0.550602984846536
43.875	2.5	0.450076208386524	0.59595408816298	0.0202448112011877	28.0212103222463	0.560060966709219
44.025	2.5	0.46197390473316	0.587679259289388	0.0162843659717042	27.9710802375222	0.569579123786528
44.175	2.5	0.473942800202593	0.579946354938915	0.0125188969196198	27.9207913709742	0.579154240162074
44.325	2.5	0.485945708926983	0.57272576756642	0.00892541439371534	27.8703167203634	0.588756567141586
44.475	2.5	0.497921145589865	0.566002724066093	0.0054910385711471	27.8196325539265	0.598336916471892
44.625	2.5	0.509790962175432	0.559772173274706	0.00220937100953049	27.7687186229737	0.607832769740346
44.775	2.5	0.521466802577868	0.554034814694581	-0.000922227159295297	27.7175581927749	0.617173442062294
44.925	2.5	0.532855476674339	0.548794128332712	-0.00390460222181914	27.6661379508915	0.626284381339471
45.075	2.5	0.543863369948111	0.544054252215881	-0.00673816969895843	27.6144478354313	0.635090695958489
45.225	2.5	0.554399997473003	0.539818553989712	-0.00942380934555393	27.5624808127878	0.643519997978403
45.375	2.5	0.564380794875323	0.536088753988647	-0.0119634142933839	27.5102326249996	0.651504635900259
45.525	2.5	0.57372922420533	0.532864474694239	-0.0143601942891739	27.4577015202446	0.658983379364264
45.675	2.5	0.582378265247194	0.53014311063443	-0.0166188106616422	27.4048879753165	0.665902612197756
45.825	2.5	0.590271357869717	0.527919933146559	-0.0187453990093333	27.3517944155815	0.672217086295774
45.975	2.5	0.597362859002437	0.526188362259735	-0.0207475158488398	27.2984249355394	0.677890287201949
46.125	2.5	0.603618077267195	0.524940351518491	-0.022634028479396	27.2447850215772	0.682894461813756
46.275	2.5	0.609012946198246	0.524166840826736	-0.0244149545012577	27.190881277889	0.687210356958597
46.425	2.5	0.613533393566459	0.523858237364391	-0.0261012500973076	27.1367211570401	0.690826714853167
46.575	2.5	0.617174460677504	0.524004886454751	-0.0277045448207456	27.0823126983389	0.693739568542003
46.725	2.5	0.619939222668633	0.524597494919738	-0.029236825301755	27.0276642798872	0.695951378134906
46.875	2.5	0.621837560287494	0.525627471096352	-0.0307100801784393	26.9727843934722	0.697470048229995
47.025	2.5	0.622884836180426	0.527087150383943	-0.0321359315685106	26.9176814546022	0.698307868944341
47.175	2.5	0.623100533875749	0.528969884405351	-0.0335252915691353	26.8623636620525	0.698480427100599
47.325	2.5	0.622506923752269	0.531269985913914	-0.0348880921808946	26.8068389213674	0.698005539001815
47.475	2.5	0.621127824728396	0.533982539451254	-0.036233140441049	26.7511148441905	0.696902259782717
47.625	2.5	0.618987530308062	0.537103107087776	-0.0375681452351699	26.695198829839	0.695190024246449
47.775	2.5	0.616109960669313	0.540627376060452	-0.0388999478367332	26.6390982275788	0.69288796853545
47.925	2.5	0.612518087780364	0.544550807311121	-0.0402349665710657	26.5828205685391	0.690014470224291
48.075	2.5	0.608233659138152	0.548868348232249	-0.0415798411251552	26.5263738465337	0.686586927310522
48.225	2.5	0.603277220760668	0.553574268588272	-0.0429422393295728	26.4697668187259	0.682621776608535
48.375	2.5	0.597668416205297	0.558662167365252	-0.044331774112123	26.4130092913212	0.678134732964238
48.525	2.5	0.591426520834432	0.564125184497158	-0.0457609743368569	26.3561123528209	0.673141216667546
48.675	2.5	0.584571163596715	0.569956441011604	-0.0472462603510834	26.2990885174077	0.667656930877372
48.825	2.5	0.577123194062616	0.576149730138146	-0.0488088882731522	26.2419517423791	0.661698555250093
48.975	2.5	0.569105668403929	0.582700493908878	-0.0504758361423741	26.1847172841957	0.655284534723143
49.125	2.5	0.560544948064549	0.589607143211483	-0.0522805957200338	26.1274013557689	0.648435958451639
49.275	2.5	0.551471918586719	0.596872804959566	-0.0542637906662476	26.0700205422902	0.641177534869375
49.425	2.5	0.5419233305917	0.604507589876751	-0.0564734537780765	26.0125909256546	0.63353866447336
49.575	2.5	0.531943228207581	0.612531442043207	-0.0589646628223354	25.9551268629439	0.625554582566065
49.725	2.5	0.521584355548501	0.620977526696975	-0.0617980751959075	25.8976393704939	0.617267484438801
49.875	2.5	0.510909323005881	0.629895910816866	-0.0650367613209371	25.8401340922048	0.608727458404705
50.025	2.5	0.499991191081629	0.639356985950633	-0.0687406891070917	25.7826088894386	0.599992952865303
50.175	2.5	0.488913026153421	0.64945370603587	-0.0729583525006054	25.7250511864242	0.591130420922737
50.325	2.5	0.477765949212589	0.660301351023439	-0.0777154612490917	25.667435336653	0.582212759370071
50.475	2.5	0.466645287419155	0.672033329995406	-0.0830013699685068	25.6097204249457	0.573316229935324
50.625	2.5	0.455644686787907	0.684791703265694	-0.0887549753926243	25.5518490521099	0.564515749430325
50.775	2.5	0.444848454006634	0.698711820383857	-0.0948529438373544	25.493747714474	0.555878763205307
50.925	2.5	0.434322913403444	0.71390181149069	-0.101103954523213	25.4353293333445	0.547458330722755
51.075	2.5	0.424108077511871	0.730419453977096	-0.107252649109993	25.3764982662685	0.539286462009497
51.225	2.5	0.414211275782268	0.748250655453798	-0.112995735610579	25.3171577364091	0.531369020625814
51.375	2.5	0.404604397501276	0.767294697493104	-0.118010154808147	25.2572191008772	0.523683518001021
51.525	2.5	0.395225966066325	0.787360801981488	-0.121989938868232	25.1966118604512	0.51618077285306
51.675	2.5	0.385988373623999	0.808178360627225	-0.124685486019081	25.1352929486931	0.508790698899199
51.825	2.5	0.376789429407059	0.829419928524598	-0.125937647276383	25.0732537705697	0.501431543525647
51.975	2.5	0.367526226333686	0.850733013578405	-0.12569992191284	25.0105237541959	0.494020981066949
52.125	2.5	0.35810859608964	0.871774935259623	-0.124044886445723	24.9471697831716	0.486486876871712
52.275	2.5	0.34846942093379	0.892245054085443	-0.121154646314575	24.8832916345192	0.478775536747032
52.425	2.5	0.338569896077575	0.911910123555286	-0.117298317595844	24.8190142517679	0.47085591686206
52.575	2.5	0.32839927940857	0.930620527937414	-0.112801444525146	24.7544781513226	0.462719423526856
52.725	2.5	0.317970258016825	0.948316928563035	-0.10801262544484	24.6898293935052	0.45437620641346
52.875	2.5	0.307312251600739	0.965027946551335	-0.103271781347565	24.6252103567793	0.445849801280591
53.025	2.5	0.296465345448085	0.980860002998553	-0.0988830273460458	24.5607521380453	0.437172276358468
53.175	2.5	0.285476984288858	0.995980604012013	-0.095093557686514	24.4965689166895	0.428381587431086
53.325	2.5	0.274402284017383	1.01059649214772	-0.0920787460753071	24.4327542123863	0.419521827213906
53.475	2.5	0.263307293949174	1.0249283570065	-0.0899330263332518	24.3693787306012	0.410645835159339
53.625	2.5	0.252273295233928	1.0391842334714	-0.0886660888604425	24.3064894440441	0.401818636187142
53.775	2.5	0.241399658686062	1.05353424272754	-0.0882043459029413	24.2441096531692	0.39311972694885
53.925	2.5	0.230803069084818	1.06808980126883	-0.0883981566834772	24.1822399158946	0.384642455267855
54.075	2.5	0.220611936061512	1.08289060886657	-0.0890355498601076	24.1208598480874	0.37648954884921
54.225	2.5	0.210956218979797	1.09790232613834	-0.0898627739822027	24.0599308168593	0.368764975183837
54.375	2.5	0.201954263166801	1.11302658053655	-0.0906108049374908	23.9993994708719	0.361563410533441
54.525	2.5	0.193699186169504	1.12812272585554	-0.0910251651031734	23.9392019109175	0.354959348935603
54.675	2.5	0.186247622498447	1.14303798503954	-0.0908946750534556	23.8792681583854	0.348998097998757
54.825	2.5	0.179613191643055	1.15764006457362	-0.0900738898082828	23.819526486102	0.343690553314444
54.975	2.5	0.173766047268628	1.17184507485603	-0.0884946238820096	23.7599071720859	0.339012837814903
55.125	2.5	0.16863857926422	1.1856343300188	-0.0861642217824799	23.7003453288104	0.334910863411376
55.275	2.5	0.164136104904516	1.19905625671325	-0.0831514258246405	23.6407826269392	0.331308883923612
55.425	2.5	0.160150487123364	1.21221332686983	-0.0795636989482567	23.5811679317587	0.328120389698691
55.575	2.5	0.156574230268416	1.22523739152733	-0.0755216263760943	23.5214570541764	0.325259384214733
55.725	2.5	0.15331275689023	1.2382590262165	-0.0711360713028839	23.4616119439135	0.322650205512184
55.875	2.5	0.150293161868895	1.25137712057711	-0.0664923249384276	23.4015996953908	0.320234529495116
56.025	2.5	0.147468584433342	1.26463416837497	-0.0616432566864703	23.3413916948851	0.317974867546673
56.175	2.5	0.144818218796088	1.27800105674942	-0.0566111955756444	23.280963130736	0.31585457503687
56.325	2.5	0.142343712670036	1.2913731434924	-0.0513965129822517	23.2202929506826	0.313874970136029
56.475	2.5	0.140063159064895	1.304577441894	-0.0459898918424025	23.1593642186819	0.312050527251916
56.625	2.5	0.138004032204435	1.3173890623957	-0.0403850800339063	23.0981647271078	0.310403225763548
56.775	2.5	0.136196290561263	1.32955386419202	-0.0345894020003605	23.0366876743163	0.30895703244901
56.925	2.5	0.134666557880606	1.34081366619463	-0.0286302244423519	22.9749322221996	0.307733246304485
57.075	2.5	0.133433904825884	1.35093039858483	-0.0225566828538109	22.9129037916605	0.306747123860707
57.225	2.5	0.132507386076863	1.35970618106707	-0.0164370241668767	22.8506140179095	0.30600590886149
57.375	2.5	0.131885204505097	1.36699732087621	-0.0103527040022221	22.7880803539443	0.305508163604078
57.525	2.5	0.131555200464157	1.37272139327323	-0.00439077971768788	22.7253253655642	0.305244160371326
57.675	2.5	0.131496292232396	1.37685765912528	0.00136384770376352	22.6623757972108	0.305197033785917
57.825	2.5	0.131680495895568	1.3794419094876	0.00683508669217026	22.5992615035116	0.305344396716454
57.975	2.5	0.132075199122718	1.38055731624418	0.0119604151026163	22.5360143399139	0.305660159298174
58.125	2.5	0.132645427387225	1.38032301045135	0.0166934583724976	22.4726670927511	0.30611634190978
58.275	2.5	0.133355899399045	1.37888199663357	0.0210045199775214	22.4092525107305	0.306684719519236
58.425	2.5	0.134172724186179	1.37638970638	0.0248794814351183	22.3458024812353	0.307338179348943
58.575	2.5	0.135064642308703	1.37300410520298	0.0283176169893914	22.282347378801	0.308051713846963
58.725	2.5	0.136003758776504	1.3688778750398	0.0313288625183076	22.2189156009179	0.308803007021203
58.875	2.5	0.136965759318071	1.36415285333813	0.0339309795891376	22.1555332975845	0.309572607454457
59.025	2.5	0.137929647518235	1.35895664609935	0.0361469124490946	22.0922242941863	0.310343718014588
59.175	2.5	0.138877087623844	1.35340115303779	0.0380024918182939	22.0290102001339	0.311101670099076
59.325	2.5	0.139791481962127	1.34758264068546	0.0395245268939136	21.9659106864797	0.311833185569702
59.475	2.5	0.140656944189031	1.34158295942839	0.0407392642845786	21.9029439038356	0.312525555351225
59.625	2.5	0.141457338438197	1.33547150701454	0.0416711830984026	21.840126998647	0.313165870750557
59.775	2.5	0.142175528863415	1.32930757905706	0.0423421273446999	21.7774766746294	0.313740423090732
59.925	2.5	0.142792918885713	1.32314280369343	0.0427708241769168	21.7150097419664	0.314234335108571
60.075	2.5	0.14328926152658	1.31702342210722	0.0429728632039392	21.6527436048785	0.314631409221264
60.225	2.5	0.143642615153859	1.31099224020305	0.0429611806555175	21.5906966613848	0.314914092123087
60.375	2.5	0.143829243286461	1.30509013254584	0.0427469770866216	21.5288886255482	0.315063394629168
60.525	2.5	0.143823262709726	1.29935702413548	0.0423408005756316	21.4673408231487	0.315058610167781
60.675	2.5	0.14359597414655	1.29383230946553	0.0417532917829638	21.4060765401084	0.31487677931724
60.825	2.5	0.143115077477556	1.28855469727941	0.0409949002697472	21.3451214979753	0.314492061982045
60.975	2.5	0.142344339054329	1.28356150264405	0.0400738634936264	21.2845044729923	0.313875471243463
61.125	2.5	0.141244633900084	1.27888745504724	0.038992012678994	21.2242579565227	0.312995707120067
61.275	2.5	0.139777458798674	1.27456315867515	0.0377386100247352	21.1644185879976	0.311821967038939
61.425	2.5	0.13791180014651	1.27061342987379	0.0362834136454191	21.1050269191479	0.310329440117208
61.575	2.5	0.135634469679188	1.26705584185048	0.0345713704091809	21.0461259617093	0.30850757574335
61.725	2.5	0.132962631550398	1.26389991615378	0.0325224759675853	20.9877580213189	0.306370105240318
61.875	2.5	0.129955374293031	1.2611474950144	0.0300409884273857	20.929959616613	0.303964299434424
62.025	2.5	0.12671922868617	1.25879488288161	0.0270377246502673	20.8727548768786	0.301375382948936
62.175	2.5	0.123401158113218	1.25683733784177	0.0234668160744233	20.8161486796496	0.298720926490574
62.325	2.5	0.120162595468199	1.25527641894459	0.0193733574020451	20.7601217926776	0.296130076374559
62.475	2.5	0.117130421005959	1.25413054598766	0.0149410638406561	20.7046311491072	0.293704336804767
62.625	2.5	0.114325961627656	1.25344879438924	0.0105217349783572	20.6496187185963	0.291460769302125
62.775	2.5	0.111581158937977	1.25332707735067	0.0066259359012986	20.5950318041407	0.289264927150382
62.925	2.5	0.108461136595552	1.25392392231802	0.00386173204765105	20.5408556488803	0.286768909276441
63.075	2.5	0.10422259589419	1.25546978928063	0.00282447639228496	20.4871558854868	0.283378076715352
63.225	2.5	0.0978449904874397	1.25825986475232	0.00395410603983082	20.4341238646039	0.278275992389952
63.375	2.5	0.0881731147810388	1.2626162408503	0.00736928806103076	20.382112831724	0.270538491824831
63.525	2.5	0.0742027033770512	1.268800319802	0.0126466641974378	20.3316479765398	0.259362162701641
63.675	2.5	0.0555223615544191	1.27684612312481	0.0184382384421274	20.2833891932318	0.244417889243535
63.825	2.5	0.0328921544086724	1.28626453505389	0.0217438524893944	20.2380227662507	0.226313723526938
63.975	2.5	0.00888447219711418	1.2955352767499	0.016773041001022	20.1960593983229	0.207107577757691
64.125	2.5	-0.0115742199710443	1.30129092945936	-0.00559677702541894	20.1575282143322	0.190740624023165
64.275	2.5	-0.021042488733522	1.29745427869452	-0.0536155829812393	20.1215966851483	0.183166009013182
64.425	2.5	-0.0101774485058095	1.27647166857833	-0.121554868589265	20.0862333577022	0.191858041195352
64.575	2.5	0.0305056961932469	1.23556624119788	-0.183170523340671	20.0481262789578	0.224404556954598
64.725	2.5	0.107701020224659	1.18117297865837	-0.214780952353618	20.0030533492214	0.286160816179727
64.875	2.5	0.221833287491083	1.12317151337465	-0.216009722115848	19.9467246518741	0.377466629992867
65.025	2.5	0.36450014305854	1.06856921056138	-0.199405590245854	19.875865419408	0.491600114446832
65.175	2.5	0.519129752179748	1.02074514174452	-0.175925812107764	19.7891320280172	0.615303801743798
65.325	2.5	0.666134218882988	0.980488438661735	-0.151495755438301	19.687444909516	0.732907375106391
65.475	2.5	0.789997113369706	0.94704871648341	-0.128617671075744	19.5735498656537	0.831997690695765
65.625	2.5	0.883478435854729	0.919130161096248	-0.108138771351135	19.4510622059968	0.906782748683783
65.775	2.5	0.947079296719609	0.895558511406232	-0.0902296493494676	19.3235144534991	0.957663437375687
65.925	2.5	0.985883558673433	0.875491202831808	-0.0748099141642956	19.1937691132844	0.988706846938747
66.075	2.5	1.00646428431622	0.858357272573591	-0.0617104010892708	19.063833209506	1.00517142745298
66.225	2.5	1.01497760532189	0.843742656069897	-0.050730190498089	18.9349302518125	1.01198208425751
66.375	2.5	1.01634719915565	0.831312731600458	-0.04165542513975	18.8076774740155	1.01307775932452
66.525	2.5	1.01410576393899	0.820777390990934	-0.0342658435375376	18.6822749199938	1.01128461115119
66.675	2.5	1.01054774893771	0.811879744043968	-0.0283392396817532	18.5586656106183	1.00843819915017
66.825	2.5	1.00699583772217	0.804393265307495	-0.0236573628753083	18.4366557559007	1.00559667017773
66.975	2.5	1.0040820120884	0.798120246149311	-0.0200131960437762	18.3159970538965	1.00326560967072
67.125	2.5	1.00199579429974	0.792889569646938	-0.0172179173679208	18.1964377773081	1.00159663543979
67.275	2.5	1.00067947633293	0.788553896559026	-0.0151058242782346	18.077750396337	1.00054358106634
67.425	2.5	0.999966192697228	0.784986732836732	-0.0135363968123622	17.9597430154609	0.999972954157782
67.575	2.5	0.999666577304304	0.782079667194034	-0.0123936887857596	17.8422607456855	0.999733261843443
67.725	2.5	0.999614937933522	0.779739863804298	-0.0115838569710743	17.7251816984609	0.999691950346818
67.875	2.5	0.99968728789795	0.777887806138557	-0.0110317811628703	17.6084108461346	0.99974983031836
68.025	2.5	0.999802365427867	0.776455278840995	-0.0106775504680985	17.4918737378152	0.999841892342294
68.175	2.5	0.999914223806546	0.775383587804094	-0.0104732975896717	17.3755110915527	0.999931379045237
68.325	2.5	1.00000213978481	0.774622024128786	-0.0103805932076812	17.2592746237558	1.00000171182785
68.475	2.5	1.00006112105437	0.774126570968183	-0.0103684254478799	17.1431240865219	1.0000488968435
68.625	2.5	1.00009447573916	0.773858839766417	-0.0104116881929918	17.0270252967758	1.00007558059133
68.775	2.5	1.00010875409527	0.77378521095838	-0.0104900653112577	16.910948887994	1.00008700327622
68.925	2.5	1.00011076241408	0.773876147356829	-0.0105872000394428	16.794869536949	1.00008860993126
69.075	2.5	1.00010611584885	0.774105646730178	-0.010690058999489	16.678765471869	1.00008489267908
69.225	2.5	1.00009878767694	0.774450802301437	-0.0107884251621383	16.5626181281755	1.00007903014155
69.375	2.5	1.00009121120405	0.774891444439199	-0.0108744763439842	16.4464118697085	1.00007296896324
69.525	2.5	1.0000846212882	0.775409842215325	-0.0109424227913853	16.3301337319537	1.00006769703056
69.675	2.5	1.00007944335765	0.77599044876502	-0.0109881888685104	16.2137731691789	1.00006355468612
69.825	2.5	1.00007563097516	0.776619678930934	-0.0110091308183087	16.0973218019941	1.00006050478012
69.975	2.5	1.00007291540351	0.777285711281702	-0.0110037863178347	15.9807731687583	1.00005833232281
70.125	2.5	1.00007096672558	0.777978309265537	-0.010971653290346	15.8641224863656	1.00005677338046
70.275	2.5	1.00006948300301	0.778688658118626	-0.0109129960620361	15.7473664254621	1.00005558640241
70.425	2.5	1.00006822872747	0.779409215366345	-0.0108286770498725	15.6305029036014	1.00005458298197
70.575	2.5	1.00006704202037	0.780133573509322	-0.0107200120796933	15.513530898131	1.00005363361629
70.725	2.5	1.00006582553116	0.780856333926201	-0.0105886473308639	15.3964502791567	1.00005266042493
70.875	2.5	1.00006453107856	0.781572991263835	-0.0104364558506413	15.2792616619096	1.00005162486285
71.025	2.5	1.00006314391857	0.782279827709253	-0.0102654515919849	15.1619662772233	1.00005051513486
71.175	2.5	1.00006166949502	0.782973816596925	-0.0100777189896812	15.0445658585318	1.00004933559602
71.325	2.5	1.00006012359262	0.783652534832776	-0.00987535618760213	14.9270625437275	1.0000480988741
71.475	2.5	1.00005852574414	0.784314083630703	-0.00966043014804114	14.8094587902689	1.00004682059532
71.625	2.5	1.00005689527261	0.784957017065187	-0.00943494200437655	14.691757302052	1.00004551621809
71.775	2.5	1.00005524923952	0.785580277950538	-0.00920080115303026	14.5739609666975	1.00004419939161
71.925	2.5	1.00005360164535	0.786183140561693	-0.00895980671776931	14.4560728020475	1.00004288131628
72.075	2.5	1.00005196337438	0.786765159716947	-0.00871363515576483	14.3380959107916	1.00004157069951
72.225	2.5	1.00005034252705	0.787326125747939	-0.00846383290897947	14.2200334422533	1.00004027402164
72.375	2.5	1.00004874491034	0.787866024888141	-0.00821181313538976	14.1018885604661	1.00003899592827
72.525	2.5	1.00004717455121	0.788385004620159	-0.00795885567959174	13.9836644177538	1.00003773964096
72.675	2.5	1.00004563416213	0.788883343531996	-0.00770610956060337	13.8653641331084	1.0000365073297
72.825	2.5	1.00004412552804	0.789361425248246	-0.00745459736407457	13.746990774727	1.00003530042243
72.975	2.5	1.0000426498076	0.789819716018838	-0.00720522102567231	13.6285473461381	1.00003411984608
73.125	2.5	1.00004120775429	0.790258745570886	-0.00695876858184339	13.5100367754065	1.00003296620343
73.275	2.5	1.0000397998689	0.790679090851936	-0.00671592154185805	13.3914619069626	1.00003183989512
73.425	2.5	1.00003842649721	0.791081362320848	-0.00647726260367872	13.2728254956559	1.00003074119777
73.575	2.5	1.00003708788625	0.79146619246936	-0.00624328349306599	13.1541302026785	1.000029670309
73.725	2.5	1.00003578421169	0.791834226286387	-0.00601439275504916	13.0353785930517	1.00002862736936
73.875	2.5	1.00003451558663	0.792186113404904	-0.00579092336675561	12.9165731344059	1.0000276124693
74.025	2.5	1.00003328205985	0.792522501698577	-0.00557314007451294	12.7977161968206	1.00002662564788
74.175	2.5	1.00003208360979	0.792844032121184	-0.00536124638544966	12.6788100535257	1.00002566688783
74.325	2.5	1.00003092013805	0.793151334606078	-0.00515539116624913	12.5598568822917	1.00002473611044
74.475	2.5	1.00002979146485	0.793445024864629	-0.00495567481944886	12.4408587673618	1.00002383317188
74.625	2.5	1.00002869732763	0.793725701944026	-0.00476215502212753	12.3218177018029	1.0000229578621
74.775	2.5	1.00002763738271	0.793993946421467	-0.00457485202306532	12.2027355901716	1.00002210990617
74.925	2.5	1.00002661120984	0.794250319129664	-0.00439375350336466	12.0836142514062	1.00002128896787
75.075	2.5	1.00002561831878	0.794495360321884	-0.00421881901189809	11.9644554218739	1.00002049465503
75.225	2.5	1.00002465815725	0.794729589198427	-0.00404998399223715	11.8452607585121	1.0000197265258
75.375	2.5	1.00002373011938	0.794953503727676	-0.0038871634209595	11.7260318420162	1.0000189840955
75.525	2.5	1.00002283355428	0.795167580704057	-0.00373025507973328	11.606770180033	1.00001826684343
75.675	2.5	1.00002196777424	0.795372275995213	-0.00357914248497904	11.4874772103289	1.00001757421939
75.825	2.5	1.00002113206218	0.795568024936944	-0.00343369749936978	11.3681543039081	1.00001690564974
75.975	2.5	1.00002032567846	0.795755242842083	-0.00329378264967415	11.2488027680608	1.00001626054277
76.125	2.5	1.00001954786684	0.79593432559449	-0.00315925317504524	11.1294238493269	1.00001563829347
76.275	2.5	1.00001879785967	0.796105650304445	-0.00302995882881961	11.0100187363649	1.00001503828774
76.425	2.5	1.00001807488242	0.796269576005915	-0.00290574545631196	10.8905885627186	1.00001445990594
76.575	2.5	1.0000173781576	0.796426444379779	-0.00278645636951437	10.7711344094752	1.00001390252608
76.725	2.5	1.00001670690808	0.796576580489965	-0.00267193353864583	10.6516573078141	1.00001336552647
76.875	2.5	1.0000160603601	0.7967202935219	-0.00256201861899122	10.5321582414444	1.00001284828808
77.025	2.5	1.00001543774571	0.796857877515594	-0.00245655383016206	10.4126381489305	1.00001235019657
77.175	2.5	1.00001483830502	0.796989612086156	-0.00235538270361136	10.2930979259096	1.00001187064401
77.325	2.5	1.00001426128806	0.797115763127462	-0.00225835071294283	10.1735384272011	1.00001140903045
77.475	2.5	1.0000137059564	0.797236583494758	-0.00216530580010445	10.0539604688117	1.00001096476512
77.625	2.5	1.00001317158453	0.797352313663893	-0.00207609880981055	9.93436482984024	1.00001053726763
77.775	2.5	1.00001265746103	0.797463182365173	-0.00199058384284668	9.81475225428495	1.00001012596882
77.925	2.5	1.0000121628895	0.797569407190641	-0.00190861853837152	9.69512345275731	1.0000097303116
78.075	2.5	1.00001168718937	0.797671195174317	-0.00183006429395855	9.5754791041071	1.00000934975149
78.225	2.5	1.00001122969649	0.797768743345178	-0.00175478643150241	9.4558198569622	1.00000898375719
78.375	2.5	1.00001078976365	0.797862239252965	-0.00168265431607574	9.33614633118746	1.00000863181092
78.525	2.5	1.00001036676085	0.797951861467462	-0.00161354143426349	9.2164591192666	1.00000829340868
78.675	2.5	1.00000996007562	0.79803778005176	-0.00154732543745879	9.09675878761128	1.00000796806049
78.825	2.5	1.00000956911305	0.798120157010278	-0.0014838881555019	8.97704587780095	1.00000765529044
78.975	2.5	1.00000919329591	0.798199146712692	-0.00142311558484131	8.85732090775743	1.00000735463673
79.125	2.5	1.00000883206454	0.798274896294431	-0.00136489785544135	8.7375843728576	1.00000706565163
79.275	2.5	1.00000848487679	0.798347546035109	-0.00130912917978816	8.61783674698778	1.00000678790144
79.425	2.5	1.00000815120784	0.798417229715684	-0.00125570778710357	8.49807848354295	1.00000652096627
79.575	2.5	1.00000783054996	0.798484074955558	-0.00120453584552677	8.37831001637394	1.00000626443997
79.725	2.5	1.00000752241229	0.798548203530673	-0.00115551937458663	8.2585317606856	1.00000601792983
79.875	2.5	1.00000722632053	0.798609731673472	-0.00110856814994575	8.13874411388857	1.00000578105642
80.025	2.5	1.0000069418166	0.798668770355996	-0.00106359560234418	8.01894745640749	1.00000555345328
80.175	2.5	1.00000666845832	0.798725425556857	-0.00102051871217954	7.89914215244795	1.00000533476665
80.325	2.5	1.00000640581904	0.79877979851307	-0.000979257901123459	7.77932855072462	1.00000512465523
80.475	2.5	1.00000615348726	0.798831985957706	-0.00093973692185186	7.6595069851527	1.00000492278981
80.625	2.5	1.00000591106624	0.798882080344129	-0.000901882746940201	7.53967777550486	1.00000472885299
80.775	2.5	1.00000567817359	0.798930170057649	-0.00086562545772317	7.41984122803547	1.00000454253887
80.925	2.5	1.00000545444087	0.798976339615276	-0.000830898133802799	7.29999763607409	1.00000436355269
81.075	2.5	1.00000523951319	0.799020669854385	-0.000797636743848068	7.1801472805899	1.00000419161055
81.225	2.5	1.00000503304878	0.799063238110824	-0.000765780038094833	7.0602904307286	1.00000402643902
81.375	2.5	1.00000483471859	0.799104118387235	-0.000735269443068729	6.94042734432351	1.00000386777487
81.525	2.5	1.00000464420592	0.799143381511928	-0.000706048958799115	6.82055826838208	1.00000371536474
81.675	2.5	1.00000446120601	0.799181095289071	-0.000678065058731172	6.70068343954933	1.00000356896481
81.825	2.5	1.00000428542569	0.799217324640514	-0.000651266592723267	6.58080308454943	1.00000342834055
81.975	2.5	1.00000411658302	0.799252131739752	-0.000625604693079495	6.46091742060664	1.00000329326641
82.125	2.5	1.00000395440683	0.799285576138416	-0.000601032683898859	6.34102665584673	1.00000316352546
82.275	2.5	1.00000379863629	0.799317714885632	-0.00057750599375084	6.22113098968012	1.00000303890903
82.425	2.5	1.00000364902036	0.799348602640642	-0.000554982071736249	6.10123061316756	1.00000291921629
82.575	2.5	1.00000350531735	0.799378291778744	-0.000533420306938749	5.98132570936952	1.00000280425388
82.725	2.5	1.00000336729459	0.799406832491134	-0.000512781951360108	5.86141645368024	1.00000269383567
82.875	2.5	1.00000323472855	0.79943427287833	-0.000493030046263196	5.74150301414724	1.00000258778284
83.025	2.5	1.0000031074052	0.799460659037647	-0.000474129351899478	5.62158555177726	1.00000248592416
83.175	2.5	1.00000298512048	0.799486035144629	-0.000456046280552583	5.50166422082945	1.00000238809638
83.325	2.5	1.00000286768025	0.79951044352843	-0.00043874883263697	5.38173916909687	1.0000022941442
83.475	2.5	1.0000027548988	0.799533924741411	-0.000422206535568415	5.261810538177	1.00000220391904
83.625	2.5	1.00000264659544	0.799556517622683	-0.000406390385035721	5.14187846373268	1.00000211727635
83.775	2.5	1.00000254258984	0.799578259355819	-0.000391272788329086	5.02194307574419	1.00000203407187
83.925	2.5	1.0000024426986	0.799599185520003	-0.000376827509743158	4.90200449875378	1.00000195415888
84.075	2.5	1.00000234673682	0.799619330134045	-0.000363029618248218	4.78206285210308	1.00000187738945
84.225	2.5	1.00000225452872	0.799638725691651	-0.000349855437888986	4.66211825016406	1.00000180362297
84.375	2.5	1.00000216592734	0.79965740318679	-0.000337282500805205	4.54217080256392	1.00000173274187
84.525	2.5	1.00000208083606	0.799675392128155	-0.000325289501281268	4.42222061440457	1.00000166466885
84.675	2.5	1.00000199921565	0.799692720543537	-0.000313856246561884	4.30226778647907	1.00000159937252
84.825	2.5	1.00000192105647	0.799709414976623	-0.000302963597422357	4.1823124154885	1.00000153684518
84.975	2.5	1.00000184630349	0.799725500479901	-0.000292593390358574	4.06235459426464	1.00000147704279
85.125	2.5	1.00000177474819	0.799741000605739	-0.000282728336510699	3.94239441200333	1.00000141979855
85.275	2.5	1.00000170594062	0.799755937391572	-0.000273351901298715	3.82243195451065	1.00000136475249
85.425	2.5	1.00000163920781	0.799770331325972	-0.000264448181495059	3.70246730445758	1.00000131136625
85.575	2.5	1.00000157386023	0.799784201273913	-0.000256001805635415	3.58250054163278	1.00000125908819
85.725	2.5	1.00000150959636	0.799797564340392	-0.000247997876972965	3.46253174318013	1.00000120767709
85.875	2.5	1.0000014469795	0.799810435671102	-0.000240421943273744	3.34256098381469	1.0000011575836
86.025	2.5	1.00000138771122	0.799822828229675	-0.000233259913253061	3.22258833602853	1.00000111016898
86.175	2.5	1.00000133436602	0.7998347526425	-0.000226497765893737	3.10261387032106	1.00000106749282
86.325	2.5	1.0000012893859	0.799846217236034	-0.000220120864491152	2.98263765550224	1.00000103150872
86.475	2.5	1.0000012534832	0.79985722836887	-0.000214112755470622	2.86265975910477	1.00000100278656
86.625	2.5	1.00000122402958	0.799867791056558	-0.000208453544291308	2.74268024789432	1.00000097922366
86.775	2.5	1.0000011942373	0.799877909718559	-0.000203118265033498	2.62269918840349	1.00000095538984
86.925	2.5	1.00000115371406	0.79988758872701	-0.000198075950062527	2.50271664737518	1.00000092297125
87.075	2.5	1.00000109035408	0.799896832435654	-0.000193290118161558	2.38273269202549	1.00000087228327
87.225	2.5	1.00000099308099	0.79990564462241	-0.00018872090295236	2.26274739011537	1.00000079446479
87.375	2.5	1.00000085552018	0.799914027771652	-0.000184328011679921	2.14276080985422	1.00000068441614
87.525	2.5	1.00000068250108	0.799921983140072	-0.000180072500815739	2.02277301948176	1.00000054600087
87.675	2.5	1.00000050284326	0.79992951274868	-0.000175914751352235	1.90278408590352	1.00000040227461
87.825	2.5	1.00000038941022	0.799936624088537	-0.000171806914952577	1.78279407122034	1.00000031152817
87.975	2.5	1.00000047678805	0.799943337612111	-0.000167680892327481	1.66280302610186	1.00000038143044
88.125	2.5	1.0000009486434	0.799949696727146	-0.000163436887537747	1.54281098067424	1.00000075891472
88.275	2.5	1.00000195227216	0.799955780791801	-0.000158940747986582	1.4228179373222	1.00000156181773
88.425	2.5	1.00000341149779	0.799961723217693	-0.000154038088590659	1.30282387408366	1.00000272919823
88.575	2.5	1.00000477794047	0.799967736643779	-0.000148588126263304	1.18282876794298	1.00000382235238
88.725	2.5	1.00000488692563	0.799974140658998	-0.000142511462412969	1.06283263842916	1.00000390954051
88.875	2.5	1.00000220906953	0.799981371444436	-0.000135837952108961	0.942835590260166	1.00000176725562
89.025	2.5	0.999995775379597	0.799989931464763	-0.000128738268692315	0.822837805751072	0.999996620303678
89.175	2.5	0.999986733896429	0.80000022926028	-0.000121527732268614	0.702839424941351	0.999989387117143
89.325	2.5	0.999979805476897	0.80001229456311	-0.000114639708464548	0.582840287191021	0.999983844381517
89.475	2.5	0.999983083819325	0.800025455997961	-0.00010857102106366	0.462839617232506	0.99998646705546
89.625	2.5	1.00000434133917	0.800038219884048	-0.000103799025627769	0.342835901785536	1.00000347307133
89.775	2.5	1.00004320967643	0.800038582026036	-0.00010066455511412	0.222827321210867	1.00003456774115
89.925	2.5	1.0000819153137	0.400079952782851	-9.9201057945967e-05	0.102816033680159	1.00006553225096
0.075	2.7	9.22271721755371e-31	0.399998492803005	-4.3001953492272e-05	36.0880113508115	0.2
0.225	2.7	4.31197561399874e-30	0.79999561123521	-4.21020897216048e-05	36.0640114412433	0.2
0.375	2.7	-2.92002388636876e-30	0.799993108998354	-4.03990122402593e-05	36.0400116141374	0.2
0.525	2.7	4.86002174052998e-30	0.799991180133056	-3.80664410003159e-05	36.0160118547034	0.2
0.675	2.7	-1.32599724410626e-29	0.799989945737431	-3.53227702222482e-05	35.9920121433294	0.2
0.825	2.7	-2.35025920989872e-30	0.799989449246697	-3.23957052178527e-05	35.9680124579592	0.2
0.975	2.7	-3.02031691413017e-29	0.799989665368033	-2.94924929160064e-05	35.9440127763746	0.2
1.125	2.7	-9.10332507195906e-30	0.799990517558497	-2.67804811506301e-05	35.9200130780371	0.2
1.275	2.7	-3.43648024106954e-29	0.799991898391768	-2.4378725229086e-05	35.8960133453211	0.2
1.425	2.7	1.49791360809109e-29	0.799993688374676	-2.23586382771882e-05	35.8720135641336	0.2
1.575	2.7	9.9785081802545e-30	0.799995770647142	-2.07505210341525e-05	35.8480137240186	0.2
1.725	2.7	9.85746888267298e-29	0.799998040740506	-1.95528908586964e-05	35.8240138178948	0.2
1.875	2.7	1.04808262740409e-28	0.800000411772423	-1.87422456874798e-05	35.8000138415742	0.2
2.025	2.7	1.95033268059429e-28	0.800002816058626	-1.82817895040362e-05	35.7760137931884	0.2
2.175	2.7	1.3664642200899e-28	0.800005204289121	-1.81284186097356e-05	35.7520136726107	0.2
2.325	2.7	1.2375175855135e-28	0.800007543297818	-1.82378172533102e-05	35.7280134809311	0.2
2.475	2.7	-1.14759123628389e-28	0.800009813219299	-1.8567838664538e-05	35.7040132200128	0.2
2.625	2.7	-3.06685954669911e-28	0.800012004567826	-1.90804918562855e-05	35.6800128921379	0.2
2.775	2.7	-7.08247896621405e-28	0.800014115561637	-1.97428931058764e-05	35.6560124997387	0.2
2.925	2.7	-8.97233916713553e-28	0.800016149846897	-2.05275006034295e-05	35.6320120452042	0.2
3.075	2.7	-1.08737215282046e-27	0.800018114664896	-2.14118989713605e-05	35.6080115307479	0.2
3.225	2.7	-7.1449377167902e-28	0.800020019445395	-2.23783281579875e-05	35.5840109583243	0.2
3.375	2.7	-7.70967962781425e-29	0.800021874768533	-2.34130957710421e-05	35.5600103295812	0.2
3.525	2.7	1.32879759325385e-27	0.800023691632917	-2.45059629646746e-05	35.5360096458382	0.2
3.675	2.7	2.79725664842305e-27	0.80002548096417	-2.56495580362644e-05	35.5120089080832	0.2
3.825	2.7	4.48309112234628e-27	0.800027253303093	-2.68388488341369e-05	35.4880081169804	0.2
3.975	2.7	5.06064393987368e-27	0.800029018626995	-2.80706832342119e-05	35.464007272885	0.2
4.125	2.7	4.46678031643405e-27	0.800030786265542	-2.93434025968458e-05	35.4400063758627	0.2
4.275	2.7	1.26383419765702e-27	0.800032564878292	-3.06565231037485e-05	35.4160054257091	0.2
4.425	2.7	-3.77080019955302e-27	0.800034362476079	-3.20104773677612e-05	35.39200442197	0.2
4.575	2.7	-1.08668950249841e-26	0.800036186466419	-3.34064083632587e-05	35.3680033639605	0.2
4.725	2.7	-1.70603461094427e-26	0.800038043712381	-3.48460076668405e-05	35.344002250782	0.2
4.875	2.7	-2.08147680982645e-26	0.800039940599081	-3.63313907197577e-05	35.3200010813378	0.2
5.025	2.7	-1.7722262640001e-26	0.800041883100611	-3.78649989228207e-05	35.2959998543461	0.2
5.175	2.7	-7.270660363747e-27	0.800043876845909	-3.9449529113813e-05	35.2719985683517	0.2
5.325	2.7	1.19001567975624e-26	0.800045927178711	-4.10878790461391e-05	35.2479972217353	0.2
5.475	2.7	3.38430480172613e-26	0.800048039214171	-4.27831082141753e-05	35.223995812721	0.2
5.625	2.7	5.2973168891275e-26	0.800050217891601	-4.45384107804899e-05	35.1999943393825	0.2
5.775	2.7	5.70472171702167e-26	0.800052468018983	-4.63570970554833e-05	35.1759927996475	0.2
5.925	2.7	4.08135627737552e-26	0.800054794314257	-4.82425808605671e-05	35.1519911913014	0.2
6.075	2.7	4.25581730183007e-28	0.800057201444043	-5.01983744346552e-05	35.1279895119887	0.2
6.225	2.7	-4.92973844222919e-26	0.800059694053082	-5.22280857625488e-05	35.1039877592147	0.2
6.375	2.7	-8.72914538059692e-26	0.800062276797025	-5.43354181876404e-05	35.0799859303455	0.2
6.525	2.7	-7.6547901689214e-26	0.800064954365844	-5.65241744653776e-05	35.0559840226069	0.2
6.675	2.7	3.49838913099587e-27	0.800067731508446	-5.87982606256767e-05	35.0319820330835	0.2
6.825	2.7	1.53498014004398e-25	0.800070613054423	-6.11616927120094e-05	35.0079799587164	0.2
6.975	2.7	3.09207805648725e-25	0.800073603932148	-6.36186029967191e-05	34.9839777963003	0.2
7.125	2.7	3.55753295529684e-25	0.800076709187274	-6.6173248412915e-05	34.9599755424805	0.2
7.275	2.7	1.21571397135688e-25	0.800079933999172	-6.88300181858847e-05	34.935973193749	0.2
7.425	2.7	-5.25051498110017e-25	0.800083283696214	-7.15934430528009e-05	34.9119707464405	0.2
7.575	2.7	-1.59647012801657e-24	0.800086763770449	-7.44682045338652e-05	34.8879681967273	0.2
7.725	2.7	-2.81391021074763e-24	0.800090379891	-7.74591437738731e-05	34.8639655406143	0.2
7.875	2.7	-3.54916760503502e-24	0.800094137918604	-8.05712722255164e-05	34.8399627739338	0.2
8.025	2.7	-2.8033234179287e-24	0.80009804391772	-8.38097805850856e-05	34.8159598923392	0.2
8.175	2.7	5.02279500601459e-25	0.80010210416869	-8.71800497455271e-05	34.7919568912987	0.2
8.325	2.7	7.05592194312174e-24	0.800106325183243	-9.06876615086278e-05	34.767953766089	0.2
8.475	2.7	1.63179967786881e-23	0.800110713713851	-9.43384091028815e-05	34.7439505117877	0.2
8.625	2.7	2.5724939703773e-23	0.80011527676831	-9.81383079012232e-05	34.7199471232662	0.2
8.775	2.7	3.00633985106652e-23	0.800120021622322	-0.000102093607961001	34.6959435951816	0.2
8.925	2.7	2.18570506365912e-23	0.800124955832696	-0.000106210804834491	34.6719399219689	0.2
9.075	2.7	-6.83674760490419e-24	0.800130087249848	-0.000110496652162891	34.6479360978317	0.2
9.225	2.7	-6.04099165048859e-23	0.800135424032516	-0.00011495817422401	34.6239321167339	0.2
9.375	2.7	-1.33877181322263e-22	0.800140974660814	-0.000119602678750716	34.5999279723897	0.2
9.525	2.7	-2.06272270410572e-22	0.800146747950986	-0.000124437770463963	34.5759236582542	0.2
9.675	2.7	-2.36717668882127e-22	0.800152753070056	-0.000129471365444368	34.5519191675127	0.2
9.825	2.7	-1.67769772948836e-22	0.800158999551979	-0.000134711704894626	34.52791449307	0.2
9.975	2.7	5.8110321076391e-23	0.800165497311322	-0.000140167370814304	34.5039096275396	0.2
10.125	2.7	4.66038690090662e-22	0.800172256662443	-0.000145847301119417	34.4799045632313	0.2
10.275	2.7	1.00330105695667e-21	0.800179288334198	-0.000151760806287465	34.4558992921398	0.2
10.425	2.7	1.49601112882648e-21	0.800186603488552	-0.000157917586598279	34.4318938059313	0.2
10.575	2.7	1.63500857704497e-21	0.800194213739325	-0.000164327749376591	34.4078880959305	0.2
10.725	2.7	1.02673272049388e-21	0.800202131169245	-0.000171001827371422	34.3838821531069	0.2
10.875	2.7	-6.61754222745991e-22	0.800210368353019	-0.000177950798568103	34.3598759680603	0.2
11.025	2.7	-3.46242142989999e-21	0.800218938374854	-0.000185186106266584	34.3358695310057	0.2
11.175	2.7	-6.82393939656404e-21	0.800227854850537	-0.000192719679592048	34.3118628317579	0.2
11.325	2.7	-9.40986249640712e-21	0.800237131951648	-0.000200563956228971	34.2878558597147	0.2
11.475	2.7	-9.16090245059603e-21	0.800246784425867	-0.000208731905075183	34.2638486038408	0.2
11.625	2.7	-3.81197319517898e-21	0.800256827623901	-0.000217237050745856	34.2398410526492	0.2
11.775	2.7	8.03417785445056e-21	0.800267277522524	-0.000226093497962185	34.2158331941833	0.2
11.925	2.7	2.54013430999738e-20	0.800278150752184	-0.000235315959411792	34.1918250159978	0.2
12.075	2.7	4.3466863918656e-20	0.8002894646232	-0.000244919781455974	34.1678165051382	0.2
12.225	2.7	5.29656359554107e-20	0.800301237155908	-0.000254920975978778	34.1438076481204	0.2
12.375	2.7	4.15380274873854e-20	0.800313487109044	-0.000265336247697072	34.1197984309088	0.2
12.525	2.7	-2.08136538539351e-21	0.800326234010948	-0.000276183028801892	34.0957888388939	0.2
12.675	2.7	-8.0945441389016e-20	0.800339498192696	-0.00028747951072307	34.0717788568682	0.2
12.825	2.7	-1.81307057098948e-19	0.800353300821232	-0.000299244679947504	34.0477684690023	0.2
12.975	2.7	-2.66033033369916e-19	0.800367663934731	-0.000311498354993935	34.0237576588189	0.2
13.125	2.7	-2.75350542407379e-19	0.800382610479898	-0.000324261224568264	33.9997464091662	0.2
13.275	2.7	-1.40635525244795e-19	0.800398164349563	-0.000337554888919269	33.9757347021901	0.2
13.425	2.7	1.85312559575053e-19	0.800414350422895	-0.000351401902198767	33.9517225193053	0.2
13.575	2.7	6.84355033332167e-19	0.800431194608838	-0.00036582581740196	33.9277098411647	0.2
13.725	2.7	1.22797813673199e-18	0.800448723887504	-0.000380851233536618	33.9036966476287	0.2
13.875	2.7	1.55498558655961e-18	0.800466966357568	-0.000396503844262436	33.8796829177315	0.2
14.025	2.7	1.30300818318851e-18	0.80048595128399	-0.000412810491606931	33.8556686296473	0.2
14.175	2.7	1.21856424283456e-19	0.800505709147383	-0.000429799219585249	33.8316537606545	0.2
14.325	2.7	-2.12491503329677e-18	0.800526271696073	-0.000447499332039353	33.8076382870984	0.2
14.475	2.7	-5.10615952487614e-18	0.800547672002451	-0.000465941452694023	33.7836221843527	0.2
14.625	2.7	-7.8118883120505e-18	0.800569944517754	-0.000485157589778372	33.7596054267783	0.2
14.775	2.7	-8.5347672753153e-18	0.800593125134262	-0.000505181201817218	33.7355879876816	0.2
14.925	2.7	-5.21538836953983e-18	0.800617251246202	-0.000526047268975257	33.7115698392702	0.2
15.075	2.7	3.73355617012379e-18	0.800642361816833	-0.000547792366974303	33.6875509526068	0.2
15.225	2.7	1.81722211799403e-17	0.800668497445943	-0.000570454745119235	33.6635312975612	0.2
15.375	2.7	3.48694589919401e-17	0.800695700442806	-0.000594074407540222	33.6395108427601	0.2
15.525	2.7	4.6675997003351e-17	0.800724014901754	-0.000618693201599309	33.6154895555347	0.2
15.675	2.7	4.31269888158671e-17	0.800753486780569	-0.000644354906620765	33.591467401866	0.2
15.825	2.7	1.33318086746969e-17	0.800784163985065	-0.000671105331481199	33.5674443463278	0.2
15.975	2.7	-4.85131494626927e-17	0.800816096454572	-0.000698992414039422	33.5434203520269	0.2
16.125	2.7	-1.35786666962412e-16	0.800849336255788	-0.000728066328406407	33.5193953805405	0.2
16.275	2.7	-2.22713016694252e-16	0.800883937677504	-0.000758379595743	33.4953693918515	0.2
16.425	2.7	-2.62348427765939e-16	0.800919957331803	-0.000789987203042827	33.4713423442799	0.2
16.575	2.7	-1.94239761996659e-16	0.800957454261925	-0.000822946725486187	33.4473141944116	0.2
16.725	2.7	3.43914432480054e-17	0.800996490052819	-0.000857318458374409	33.4232848970242	0.2
16.875	2.7	4.34145733542131e-16	0.801037128950313	-0.000893165552929999	33.3992544050085	0.2
17.025	2.7	9.3308770816554e-16	0.801079437984506	-0.000930554161360898	33.3752226692872	0.200000000000001
17.175	2.7	1.34720151288214e-15	0.801123487101492	-0.000969553589143579	33.3511896387294	0.200000000000001
17.325	2.7	1.38617337775122e-15	0.801169349300992	-0.00101023645370513	33.3271552600611	0.200000000000001
17.475	2.7	7.20252794799378e-16	0.801217100782309	-0.00105267885321245	33.3031194777713	0.200000000000001
17.625	2.7	-8.77420803882118e-16	0.801266821098984	-0.00109696054310247	33.2790822340141	0.199999999999999
17.775	2.7	-3.32678006132269e-15	0.801318593320561	-0.00114316512177793	33.2550434685054	0.199999999999997
17.925	2.7	-6.03245913234957e-15	0.801372504205329	-0.00119138022507775	33.2310031184149	0.199999999999995
18.075	2.7	-7.77711940172327e-15	0.801428644382945	-0.00124169773207101	33.2069611182531	0.199999999999994
18.225	2.7	-6.85472825238678e-15	0.801487108545492	-0.00129421397867323	33.1829173997519	0.199999999999995
18.375	2.7	-1.5678671895471e-15	0.801547995655088	-0.0013490299837411	33.1588718917403	0.199999999999999
18.525	2.7	8.87711145105661e-15	0.801611409157512	-0.00140625168602101	33.1348245200126	0.200000000000007
18.675	2.7	2.32232763725982e-14	0.801677457214199	-0.00146599019040349	33.1107752071909	0.200000000000019
18.825	2.7	3.71585995943721e-14	0.801746252947038	-0.00152836202728764	33.0867238725798	0.20000000000003
18.975	2.7	4.30886644791964e-14	0.801817914697613	-0.00159348942386671	33.062670432014	0.200000000000034
19.125	2.7	3.14260536760252e-14	0.801892566303235	-0.00166150058612687	33.0386147976979	0.200000000000025
19.275	2.7	-6.05759846045084e-15	0.801970337393663	-0.00173252999468559	33.0145568780358	0.199999999999995
19.425	2.7	-7.08976553613302e-14	0.802051363702323	-0.00180671871196728	32.9904965774543	0.199999999999943
19.575	2.7	-1.51780866460962e-13	0.802135787402943	-0.00188421470155866	32.9664337962137	0.199999999999879
19.725	2.7	-2.20064219820215e-13	0.802223757466404	-0.00196517316070769	32.9423684302102	0.199999999999824
19.875	2.7	-2.30577420314994e-13	0.802315430042082	-0.00204975686494147	32.9183003707658	0.199999999999816
20.025	2.7	-1.31470620587704e-13	0.80241096886565	-0.00213813652447528	32.8942295044077	0.199999999999895
20.175	2.7	1.14761389996795e-13	0.802510545696331	-0.00223049115113536	32.8701557126339	0.200000000000092
20.325	2.7	5.00918485147582e-13	0.80261434078286	-0.00232700843826695	32.8460788716659	0.200000000000401
20.475	2.7	9.4336150889485e-13	0.802722543365404	-0.00242788514841284	32.8219988521868	0.200000000000755
20.625	2.7	1.26373727831789e-12	0.802835352210308	-0.00253332751171442	32.7979155190638	0.200000000001011
20.775	2.7	1.2037565315566e-12	0.802952976186809	-0.00264355163011768	32.7738287310539	0.200000000000963
20.925	2.7	4.91308734104164e-13	0.803075634883322	-0.00275878388908804	32.7497383404923	0.200000000000393
21.075	2.7	-1.03514960844875e-12	0.803203559270656	-0.00287926137091601	32.7256441929608	0.199999999999172
21.225	2.7	-3.26038952347169e-12	0.803336992414427	-0.00300523227108592	32.7015461269363	0.199999999997392
21.375	2.7	-5.63389717020679e-12	0.803476190239066	-0.00313695631119164	32.6774439734166	0.199999999995493
21.525	2.7	-7.10240892013769e-12	0.80362142235009	-0.00327470514645971	32.653337555523	0.199999999994318
21.675	2.7	-6.23565404529062e-12	0.803772972919206	-0.00341876276373406	32.629226688077	0.199999999995012
21.825	2.7	-1.63098805937479e-12	0.803931141633595	-0.00356942586446901	32.6051111771491	0.199999999998695
21.975	2.7	7.38730884079775e-12	0.804096244720019	-0.00372700422643955	32.5809908195792	0.20000000000591
22.125	2.7	1.98874924512811e-11	0.804268616043261	-0.00389182103805401	32.5568654024645	0.20000000001591
22.275	2.7	3.25524178307641e-11	0.804448608290195	-0.00406421319566675	32.5327347026128	0.200000000026042
22.425	2.7	3.94491115657758e-11	0.804636594238647	-0.00424453155412755	32.5085984859608	0.200000000031559
22.575	2.7	3.28600543276594e-11	0.804832968123902	-0.0044331411216415	32.4844565069509	0.200000000026288
22.725	2.7	5.56970630348762e-12	0.805038147101807	-0.00463042118023056	32.460308507867	0.200000000004456
22.875	2.7	-4.53902373186221e-11	0.805252572817504	-0.00483676532472151	32.4361542181237	0.199999999963688
23.025	2.7	-1.14203686664938e-10	0.805476713089222	-0.00505258139813591	32.4119933535067	0.199999999908637
23.175	2.7	-1.82448573726265e-10	0.805711063704102	-0.00527829130942351	32.3878256153604	0.199999999854041
23.325	2.7	-2.18245968039613e-10	0.805956150346107	-0.00551433071673657	32.3636506897197	0.199999999825403
23.475	2.7	-1.80887927050522e-10	0.806212530650196	-0.00576114854967283	32.3394682463819	0.19999999985529
23.625	2.7	-3.27576734371293e-11	0.806480796401315	-0.00601920635660644	32.3152779379157	0.199999999973794
23.775	2.7	2.41621677497823e-10	0.806761575875655	-0.0062889774360564	32.2910793986041	0.200000000193297
23.925	2.7	6.12826709335057e-10	0.807055536324727	-0.00657094572291694	32.2668722433164	0.200000000490261
24.075	2.7	9.87436799051616e-10	0.807363386608339	-0.00686560438135762	32.2426560663059	0.200000000789949
24.225	2.7	1.20339054131336e-09	0.807685879952696	-0.00717345404569126	32.2184304399286	0.200000000962712
24.375	2.7	1.05163553346146e-09	0.808023816827691	-0.00749500064894375	32.1941949132755	0.200000000841308
24.525	2.7	3.3262366249836e-10	0.808378047914549	-0.00783075277116731	32.169949010715	0.200000000266099
24.675	2.7	-1.05280634241355e-09	0.80874947714382	-0.00818121844619036	32.1456922303361	0.199999999157755
24.825	2.7	-2.99320187745768e-09	0.809139064784789	-0.00854690137870622	32.1214240422907	0.199999997605439
24.975	2.7	-5.06957966548462e-09	0.809547830575724	-0.00892829654610204	32.0971438870303	0.199999995944336
25.125	2.7	-6.51978774810411e-09	0.809976856901756	-0.00932588517451704	32.0728511734411	0.19999999478417
25.275	2.7	-6.31756855305021e-09	0.81042729202818	-0.00974012909199903	32.0485452768836	0.199999994945945
25.425	2.7	-3.4073018921278e-09	0.810900353398421	-0.0101714644464421	32.0242255371482	0.199999997274159
25.575	2.7	2.90050649103616e-09	0.811397330970503	-0.0106202947272589	31.9998912563428	0.200000002320405
25.725	2.7	1.24268458561442e-08	0.811919590505666	-0.0110869829453065	31.9755416967251	0.200000009941477
25.875	2.7	2.3641106227951e-08	0.812468576625381	-0.01157184270607	31.9511760784909	0.200000018912885
26.025	2.7	3.33892338879657e-08	0.813045815331693	-0.0120751278021561	31.9267935775178	0.200000026711387
26.175	2.7	3.70563109469114e-08	0.813652915570472	-0.0125970198628226	31.9023933230558	0.200000029645049
26.325	2.7	2.9353607919712e-08	0.814291569339558	-0.0131376136287846	31.8779743953473	0.200000023482886
26.475	2.7	5.80143920895921e-09	0.814963549854107	-0.0136968995651814	31.8535358231588	0.200000004641151
26.625	2.7	-3.52260293790515e-08	0.815670707416664	-0.0142747438560425	31.8290765812214	0.199999971819177
26.775	2.7	-9.02901144508743e-08	0.816414962899414	-0.0148708662638402	31.8045955876097	0.199999927767908
26.925	2.7	-1.49163547877358e-07	0.8171982991095	-0.0154848168491372	31.7800917011388	0.199999880669162
27.075	2.7	-1.94406868876703e-07	0.818022750672721	-0.0161159529354016	31.7555637189182	0.199999844474505
27.225	2.7	-2.03030139815256e-07	0.818890393298985	-0.0167634178321161	31.7310103742655	0.199999837575888
27.375	2.7	-1.50733620878584e-07	0.819803333225911	-0.017426122510193	31.7064303352225	0.199999879413103
27.525	2.7	-1.86525535057456e-08	0.820763697116248	-0.0181027305747413	31.6818222039292	0.199999985077957
27.675	2.7	1.98246980640207e-07	0.821773621666654	-0.0187916455836091	31.6571845170698	0.200000158597585
27.825	2.7	4.82805348344934e-07	0.822835240734265	-0.0194909982294911	31.6325157475298	0.200000386244279
27.975	2.7	7.89683692293133e-07	0.823950666160233	-0.0201986295910749	31.6078143072811	0.200000631746954
28.125	2.7	1.0443451181601e-06	0.825121957101525	-0.0209120660707879	31.5830785514017	0.200000835476095
28.275	2.7	1.14923423733171e-06	0.826351072048672	-0.0216284822727624	31.5583067830442	0.20000091938739
28.425	2.7	9.983539127503e-07	0.827639798345317	-0.0223446502331757	31.5334972591577	0.20000079868313
28.575	2.7	4.99824346889299e-07	0.828989656170809	-0.02305687702327	31.5086481968368	0.200000399859478
28.725	2.7	-3.95932934321182e-07	0.830401777573621	-0.0237609372949741	31.4837577803437	0.199999683253653
28.875	2.7	-1.66666237908116e-06	0.831876765760059	-0.0244520118822822	31.4588241690904	0.199998666670097
29.025	2.7	-3.19320645892965e-06	0.833414544523891	-0.0251246469297035	31.4338455071479	0.199997445434833
29.175	2.7	-4.745601646799e-06	0.835014211293252	-0.0257727490264409	31.4088199351225	0.199996203518683
29.325	2.7	-5.98712434356581e-06	0.836673908610308	-0.02638962972429	31.3837456055051	0.199995210300525
29.475	2.7	-6.5022731684457e-06	0.838390727103453	-0.0269681075016607	31.3586207028309	0.199994798181465
29.625	2.7	-5.85280104140005e-06	0.84016064795209	-0.0275006674092766	31.3334434702258	0.199995317759167
29.775	2.7	-3.66249898860856e-06	0.841978524989465	-0.0279796696974671	31.3082122441041	0.199997070000809
29.925	2.7	2.74302284428423e-07	0.8438380971412	-0.0283975904177672	31.2829254988253	0.200000219441828
30.075	2.7	5.87442042985346e-06	0.845732012407199	-0.0287472710131238	31.2575819027237	0.200004699536344
30.225	2.7	1.26636777587073e-05	0.847651836695581	-0.0290221513881107	31.2321803857164	0.200010130942207
30.375	2.7	1.97302569931136e-05	0.849588015745036	-0.0292164624353292	31.2067202162684	0.200015784205595
30.525	2.7	2.57823517999193e-05	0.851529757190558	-0.0293253595499926	31.1812010817501	0.20002062588144
30.675	2.7	2.93555610127079e-05	0.853464803466247	-0.0293449884727391	31.1556231617714	0.20002348444881
30.825	2.7	2.91880880518151e-05	0.85537907622822	-0.029272489684836	31.129987180597	0.200023350470441
30.975	2.7	2.47213306024439e-05	0.857256191587411	-0.0291059690211788	31.1042944251466	0.200019777064482
31.125	2.7	1.65908293771286e-05	0.859076875040318	-0.0288444912336868	31.0785467228985	0.200013272663502
31.275	2.7	6.86833209972062e-06	0.860818345913834	-0.0284881879172579	31.0527463919727	0.20000549466568
31.425	2.7	-1.25277127705017e-06	0.862453787665892	-0.0280386025140479	31.0268962031709	0.199998997782978
31.575	2.7	-4.59722392940663e-06	0.863952056224222	-0.0274994033896574	31.0009994240225	0.199996322220856
31.725	2.7	-2.01733211228979e-06	0.865277774586563	-0.0268775510590876	30.9750600330249	0.19999838613431
31.875	2.7	3.13399207836608e-06	0.866391881571646	-0.0261848750938879	30.9490831764799	0.200002507193663
32.025	2.7	1.09567130163942e-06	0.867252519540898	-0.0254397853999808	30.923075868467	0.200000876537041
32.175	2.7	-2.40255018222608e-05	0.867815873796039	-0.0246685435412785	30.8970477972538	0.199980779598542
32.325	2.7	-9.00001239577373e-05	0.868036298648256	-0.023905258562242	30.87101191997	0.199927999900834
32.475	2.7	-0.00020716202302094	0.867864942368239	-0.0231897373909616	30.8449843689447	0.199834270381583
32.625	2.7	-0.000364942501104558	0.867246318576878	-0.0225627655406576	30.8189831727057	0.199708045999116
32.775	2.7	-0.00051839077426154	0.866113034195133	-0.0220595821885058	30.7930255486399	0.199585287380591
32.925	2.7	-0.000582496284994203	0.864380192219697	-0.0217043886606087	30.7671241470555	0.199534002972005
33.075	2.7	-0.000444519502122794	0.861942522222826	-0.0215114211823796	30.7412835766869	0.199644384398302
33.225	2.7	-3.18895902221024e-06	0.858678126064555	-0.0215002687694999	30.7154995517847	0.199997448832782
33.375	2.7	0.000763835077439557	0.854461253300854	-0.0217324662168298	30.6897635463124	0.200611068061952
33.525	2.7	0.00171730153180574	0.849181356474116	-0.0223706811875691	30.6640752363921	0.201373841225445
33.675	2.7	0.00249080759400781	0.842757914263239	-0.0237515036631521	30.6384626728174	0.201992646075206
33.825	2.7	0.00249173119433368	0.835135113650619	-0.0264524295833328	30.6130059660612	0.201993384955467
33.975	2.7	0.00102158087316027	0.82624272475517	-0.0313263952869015	30.5878551422669	0.200817264698528
34.125	2.7	-0.00245401585849128	0.815917652149471	-0.0394648499328104	30.5632288248725	0.198036787313207
34.275	2.7	-0.0079101989195743	0.803785015495416	-0.0520109250590738	30.5393806291038	0.193671840864341
34.425	2.7	-0.0143424317852416	0.789094735661225	-0.0696693194546656	30.5165276677894	0.188526054571807
34.575	2.7	-0.0194830822314551	0.770534409753825	-0.0917428909736552	30.4947511539445	0.184413534214836
34.725	2.7	-0.0198236792024784	0.746202522804424	-0.1149075345919	30.4738985756684	0.184141056638017
34.875	2.7	-0.0110360410173395	0.714262251973391	-0.133037877934188	30.45352919764	0.191171167186128
35.025	2.7	0.0112492807697089	0.67458959739643	-0.139902679024281	30.4329346711524	0.208999424615767
35.175	2.7	0.0504673885021088	0.630048160634704	-0.1334981475772	30.4112325463277	0.240373910801687
35.325	2.7	0.108138116419706	0.585378029932832	-0.117187878336704	30.3875005290428	0.286510493135765
35.475	2.7	0.183062614392178	0.544694143693341	-0.0964935481080334	30.3609174619196	0.346450091513743
35.625	2.7	0.270956730413698	0.510179315481682	-0.0757590474750602	30.3308877282639	0.416765384330958
35.775	2.7	0.364872505080228	0.482332870154627	-0.0572187054471095	30.2971299383713	0.491898004064182
35.925	2.7	0.456559314595942	0.460696592852785	-0.0415592821741944	30.2597101554269	0.565247451676754
36.075	2.7	0.538355692299121	0.44441969871199	-0.0286733972521701	30.2190076658394	0.630684553839297
36.225	2.7	0.604773498673147	0.432585384211279	-0.0181486449430659	30.175623563607	0.683818798938518
36.375	2.7	0.653140550346612	0.42437398975009	-0.00950866240251286	30.1302646604785	0.722512440277289
36.525	2.7	0.683301335782656	0.419125521349947	-0.00231082896938489	30.0836389175296	0.746641068626125
36.675	2.7	0.696824255154138	0.416343549513101	0.00382421386613059	30.0363837623337	0.757459404123311
36.825	2.7	0.696176506957675	0.415671346251578	0.00921171003470878	29.9890299164522	0.75694120556614
36.975	2.7	0.684106134699076	0.416860575836003	0.0141126168275928	29.9419921313485	0.747284907759261
37.125	2.7	0.663268313900403	0.419742888665383	0.0187466286689837	29.8955758313636	0.730614651120322
37.275	2.7	0.636038583692285	0.424208068602149	0.0233053652220894	29.8499910400997	0.708830866953828
37.425	2.7	0.604442307204453	0.430189100600754	0.0279641901339326	29.8053682994528	0.683553845763562
37.575	2.7	0.570148444671947	0.437653223747515	0.0328912674845953	29.7617738158633	0.656118755737558
37.725	2.7	0.534496752675808	0.446597384123042	0.0382521701738227	29.7192225528698	0.627597402140646
37.875	2.7	0.498540534940853	0.457045899456399	0.0442083511188222	29.6776888084398	0.598832427952682
38.025	2.7	0.463092506449811	0.469047650965534	0.0509087242099857	29.6371143811726	0.570474005159848
38.175	2.7	0.428763182672243	0.482670241424432	0.0584759372761284	29.5974149608227	0.543010546137794
38.325	2.7	0.395983245021661	0.497990041209153	0.0669926293027691	29.5584858717525	0.516786596017329
38.475	2.7	0.365005647249728	0.515080455950986	0.0764971304968419	29.5202085873486	0.492004517799783
38.625	2.7	0.335890000156175	0.534005804933708	0.0870005871162962	29.4824592983451	0.46871200012494
38.775	2.7	0.308479661512758	0.554833011331017	0.0985355378881665	29.4451201086759	0.446783729210206
38.925	2.7	0.282388632479922	0.577674517902777	0.111237767059567	29.4080921897776	0.425910905983937
39.075	2.7	0.257018089141808	0.602770694801919	0.125450644074273	29.3713087454908	0.405614471313447
39.225	2.7	0.231618834982165	0.63060951594179	0.141830139294351	29.3347444347691	0.385295067985732
39.375	2.7	0.205405400845104	0.662070865022897	0.161425540836635	29.2984175245956	0.364324320676083
39.525	2.7	0.177711951005856	0.698577345281705	0.185715526143966	29.2623818793274	0.342169560804685
39.675	2.7	0.148164572717811	0.742229120606448	0.216581929419078	29.2267079535687	0.318531658174249
39.825	2.7	0.116835271775176	0.795879143465882	0.256187974250234	29.1914548375678	0.293468217420141
39.975	2.7	0.0843442926339981	0.863033653717939	0.306677756140861	29.1566383835142	0.267475434107199
40.125	2.7	0.051887634587225	0.947299429697255	0.36952384020854	29.1222027472146	0.24151010766978
40.275	2.7	0.021177469039895	1.05085402293211	0.444255668548218	29.0880036673357	0.216941975231916
40.425	2.7	-0.00571503757420964	1.17138190894071	0.526369244433469	29.05381044299	0.195427969940632
40.575	2.7	-0.0266294132248007	1.29803471892002	0.604937173606942	29.0193274307889	0.178696469420159
40.725	2.7	-0.039696613443049	1.41002495182832	0.662492204242327	28.9842241765533	0.168242709245561
40.875	2.7	-0.0437610065831285	1.48323789024711	0.681338391808953	28.9481595053891	0.164991194733497
41.025	2.7	-0.0386837088192387	1.50346777412287	0.654855441534272	28.9108078190775	0.169053032944609
41.175	2.7	-0.0253669085669114	1.47421720038973	0.592511108672931	28.8719097692441	0.179706473146471
41.325	2.7	-0.0054834560628176	1.41150878007467	0.512447445289578	28.8313299069573	0.195613235149746
41.475	2.7	0.018938132306916	1.33322314299138	0.430759943911625	28.7890768295703	0.215150505845533
41.625	2.7	0.0458916878531297	1.25255138673174	0.356782812049328	28.7452768168715	0.236713350282504
41.775	2.7	0.0736423177371326	1.17692842175965	0.293977243122632	28.700128139024	0.258913854189706
41.925	2.7	0.100845822764199	1.10952886002531	0.242438139474118	28.6538598947365	0.280676658211359
42.075	2.7	0.126574359411525	1.05104731215752	0.200839579459601	28.6067024832377	0.30125948752922
42.225	2.7	0.150283771920127	1.00096562915113	0.167487585415468	28.5588685023477	0.320227017536102
42.375	2.7	0.171749159472323	0.958282155266527	0.14077163337497	28.5105416118139	0.337399327577859
42.525	2.7	0.190987791516313	0.921880562310314	0.119311730922439	28.4618713759026	0.35279023321305
42.675	2.7	0.208182695935452	0.890697177630422	0.101976595898391	28.4129724742423	0.366546156748361
42.825	2.7	0.223615270599996	0.863786522116811	0.0878567419569648	28.3639268877165	0.378892216479997
42.975	2.7	0.237611059163749	0.840339079846488	0.0762274322740105	28.3147878772632	0.390088847330999
43.125	2.7	0.250499640468709	0.819678271827893	0.0665141349264066	28.2655848168092	0.400399712374967
43.275	2.7	0.262587510629589	0.801249310923831	0.0582638340638747	28.2163281939793	0.410070008503672
43.425	2.7	0.274141763046808	0.784605530714613	0.0511220826729973	28.1670143232859	0.419313410437446
43.575	2.7	0.285382039686809	0.769394454759995	0.0448146626062621	28.1176295076997	0.428305631749447
43.725	2.7	0.296478363330054	0.755344418250164	0.039132663586153	28.0681535298828	0.437182690664043
43.875	2.7	0.307552837788758	0.742251992352328	0.033920060148549	28.0185624561551	0.446042270231006
44.025	2.7	0.318683661236747	0.72997029504188	0.02906317782251	27.9688308007571	0.454946928989398
44.175	2.7	0.329910338825381	0.718398253575132	0.0244816897677771	27.9189331329602	0.463928271060305
44.325	2.7	0.341239354096682	0.707470897434855	0.0201209456569975	27.868845222843	0.472991483277346
44.475	2.7	0.352649845791427	0.697150760853787	0.0159455161747648	27.8185448202143	0.482119876633141
44.625	2.7	0.364099038633748	0.687420451009988	0.0119338631910246	27.7680121511977	0.491279230906998
44.775	2.7	0.375527305608498	0.678276397823247	0.00807404206762537	27.7172302030697	0.500421844486798
44.925	2.7	0.386862811875879	0.669723755114565	0.00436032779231444	27.6661848533765	0.509490249500703
45.075	2.7	0.398025724928044	0.661772379982376	0.000790642575920442	27.6148648861427	0.518420579942436
45.225	2.7	0.408931986155828	0.654433785655184	-0.00263534506084207	27.5632619270705	0.527145588924662
45.375	2.7	0.419496640627782	0.64771894335091	-0.00591757871917234	27.5113703211373	0.535597312502226
45.525	2.7	0.429636722604127	0.641636801161779	-0.0090565496702877	27.4591869694758	0.543709378083302
45.675	2.7	0.439273695770228	0.636193391989197	-0.0120539134228924	27.4067111373028	0.551418956616182
45.825	2.7	0.448335449626492	0.631391414805973	-0.0149128710214736	27.3539442405508	0.558668359701193
45.975	2.7	0.456757859003187	0.627230187759855	-0.0176383757290464	27.3008896154911	0.565406287202549
46.125	2.7	0.464485920996785	0.623705883711976	-0.0202372028187737	27.247552273046	0.571588736797428
46.275	2.7	0.471474485846323	0.620811970124669	-0.0227179006971468	27.1939386380299	0.577179588677058
46.425	2.7	0.477688598111359	0.618539782315033	-0.0250906281609995	27.1400562737773	0.582150878489087
46.575	2.7	0.483103464237986	0.616879162048269	-0.027366876930522	27.0859135947334	0.586482771390389
46.725	2.7	0.487704062947995	0.615819095092938	-0.029559082211615	27.031519573606	0.590163250358396
46.875	2.7	0.491484419741173	0.615348283716429	-0.0316801367105684	26.9768834550956	0.593187535792939
47.025	2.7	0.494446578584228	0.615455596138782	-0.0337428424262098	26.9220144939844	0.595557262867383
47.175	2.7	0.496599322674248	0.616130347097903	-0.0357593555296322	26.8669217400198	0.597279458139398
47.325	2.7	0.497956719963393	0.617362382810777	-0.0377406973228522	26.811613894027	0.598365375970714
47.475	2.7	0.498536593344194	0.619141968838746	-0.0396964129654004	26.7560992577295	0.598829274675355
47.625	2.7	0.498359033858348	0.621459507600928	-0.0416344550245686	26.7003857931908	0.598687227086679
47.775	2.7	0.497445081758285	0.624305138816764	-0.04356134932115	26.6444812969239	0.597956065406628
47.925	2.7	0.495815690201547	0.627668295635979	-0.0454826681243275	26.5883936798649	0.596652552161237
48.075	2.7	0.493491058654976	0.63153729723534	-0.0474037965768265	26.5321313297734	0.594792846923981
48.225	2.7	0.490490380983187	0.635899053387515	-0.0493309413989224	26.4757035197765	0.592392304786549
48.375	2.7	0.486832004312903	0.640738940026655	-0.0512723064001884	26.419120818019	0.589465603450323
48.525	2.7	0.482533949826741	0.646040883459423	-0.0532393549418671	26.3623954499955	0.586027159861393
48.675	2.7	0.477614717071095	0.651787674293685	-0.0552480976167901	26.3055415667927	0.582091773656876
48.825	2.7	0.472094288103355	0.657961531065066	-0.0573203782103957	26.2485753769823	0.577675430482684
48.975	2.7	0.465995269972062	0.664544956141894	-0.0594851670316873	26.191515103583	0.572796215977649
49.125	2.7	0.459344158197783	0.671521974193505	-0.0617798835901673	26.1343807261148	0.567475326558226
49.275	2.7	0.452172754882132	0.678879906593527	-0.0642517305685771	26.0771934581041	0.561738203905706
49.425	2.7	0.444519808848475	0.68661188928106	-0.0669588999650256	26.0199748922956	0.55561584707878
49.575	2.7	0.436432933190622	0.694720346897918	-0.0699712947274012	25.962745724161	0.549146346552498
49.725	2.7	0.427970772061915	0.703221540487577	-0.0733701073159133	25.9055239501833	0.542376617649532
49.875	2.7	0.419205221280772	0.712151056243663	-0.0772452665858792	25.8483224479846	0.535364177024618
50.025	2.7	0.410223269496714	0.72156966380754	-0.0816895197448945	25.7911459009404	0.528178615597371
50.175	2.7	0.401127766024793	0.73156835825647	-0.0867879293496908	25.7339871481586	0.520902212819834
50.325	2.7	0.392036221943196	0.74227071089189	-0.0926020445913781	25.676823227947	0.513628977554557
50.475	2.7	0.383076721165574	0.753830113079446	-0.0991491320007527	25.6196116242674	0.506461376932459
50.625	2.7	0.374380263525378	0.766419456092812	-0.106378660709351	25.5622874768341	0.499504210820303
50.775	2.7	0.366069444022253	0.780211659607925	-0.114150471110075	25.5047627005956	0.492855555217802
50.925	2.7	0.358244263539572	0.795351521074094	-0.12222102743759	25.4469279816291	0.486595410831658
51.075	2.7	0.350966915978832	0.81192244424512	-0.130244794887135	25.3886583805499	0.480773532783066
51.225	2.7	0.344248329658742	0.82991483626921	-0.137796009878784	25.3298227350696	0.475398663726994
51.375	2.7	0.338039704643562	0.849204810305571	-0.144411548584124	25.2702962592992	0.47043176371485
51.525	2.7	0.332231956139969	0.869550797738462	-0.149649258588316	25.2099748600695	0.465785564911975
51.675	2.7	0.326664690957016	0.890611384489148	-0.153150413747126	25.148788996436	0.461331752765613
51.825	2.7	0.321144261703177	0.911981569342723	-0.154692591852827	25.0867146667578	0.456915409362542
51.975	2.7	0.315468079836128	0.933239386868805	-0.154221585604353	25.0237794668099	0.452374463868903
52.125	2.7	0.309450502065677	0.953992760319251	-0.151856930772471	24.9600625665691	0.447560401652542
52.275	2.7	0.302944988156746	0.973918043870208	-0.147872558944825	24.8956886519154	0.442355990525397
52.425	2.7	0.295858228888395	0.992785553398307	-0.142659235449272	24.8308170222732	0.436686583110716
52.575	2.7	0.28815430374267	1.01047131283111	-0.136677498118493	24.765627812593	0.430523442994136
52.725	2.7	0.279849819488021	1.02695672992014	-0.130409079283688	24.7003075456793	0.423879855590416
52.875	2.7	0.271003344420031	1.04231865013064	-0.124312517764814	24.6350359314803	0.416802675536024
53.025	2.7	0.261703458669461	1.05671185039942	-0.118786143013633	24.5699751850388	0.409362766935569
53.175	2.7	0.252059125945092	1.07034544522395	-0.114139665752039	24.5052623854006	0.401647300756073
53.325	2.7	0.242194229248864	1.08345456224482	-0.110574538280402	24.4410047773538	0.393755383399091
53.475	2.7	0.232245810852015	1.09626922638852	-0.108173000537038	24.3772775654351	0.385796648681612
53.625	2.7	0.222363710948672	1.10898349648026	-0.106896061276016	24.3141236792759	0.377890968758937
53.775	2.7	0.212708556044238	1.12172910848904	-0.106591196814529	24.2515551110885	0.37016684483539
53.925	2.7	0.203445601360299	1.13455865082595	-0.107010774152779	24.1895556018213	0.362756481088239
54.075	2.7	0.194733506535183	1.14744302756927	-0.10784157352602	24.1280845599601	0.355786805228146
54.225	2.7	0.186709121866463	1.16028613301996	-0.108743955575274	24.0670820751335	0.34936729749317
54.375	2.7	0.179471092060943	1.17295613297242	-0.109396388769344	24.0064747507768	0.343576873648754
54.525	2.7	0.173065990898648	1.18532816395038	-0.109538163264204	23.9461818948056	0.338452792718918
54.675	2.7	0.167480519835762	1.19732913281425	-0.109001631499483	23.8861214625638	0.333984415868609
54.825	2.7	0.162642113212132	1.20897348082669	-0.107726496195688	23.8262151134982	0.330113690569706
54.975	2.7	0.158428455238995	1.22038042831607	-0.105752690861739	23.7663918532971	0.326742764191196
55.125	2.7	0.154684449216147	1.23176795742014	-0.10319398779591	23.7065899711446	0.323747559372918
55.275	2.7	0.151243604622993	1.24342479303901	-0.100199462629084	23.6467572923188	0.320994883698395
55.425	2.7	0.147949995011395	1.25566668016262	-0.0969124962862988	23.5868500720961	0.318359996009116
55.575	2.7	0.14467703073203	1.26878590516282	-0.093436514256538	23.5268310805335	0.315741624585624
55.725	2.7	0.141340185459565	1.28300313824291	-0.0898138678364304	23.4666675152122	0.313072148367652
55.875	2.7	0.137902227372007	1.29842906563678	-0.086020495510565	23.4063293158782	0.310321781897605
56.025	2.7	0.134371056468325	1.31504088817285	-0.0819754576824064	23.3457882688177	0.30749684517466
56.175	2.7	0.130791574798131	1.33267620831789	-0.0775617867299131	23.2850180385618	0.304633259838505
56.325	2.7	0.127233854568264	1.35104434291759	-0.0726535480763927	23.2239950195233	0.301787083654611
56.475	2.7	0.123780112192655	1.36975276613081	-0.0671435434327141	23.1626997189211	0.299024089754124
56.625	2.7	0.120512695694028	1.38834438371238	-0.0609666012099456	23.1011182972996	0.296410156555223
56.775	2.7	0.117504621610494	1.40633999247005	-0.0541147264957561	23.0392439060828	0.294003697288395
56.925	2.7	0.114813384903397	1.42327991682386	-0.0466422530357823	22.9770775500707	0.291850707922718
57.075	2.7	0.112478025066438	1.43875955596626	-0.0386611658821853	22.9146283306941	0.28998242005315
57.225	2.7	0.110518907722353	1.45245521122977	-0.0303285145706279	22.8519130566971	0.288415126177883
57.375	2.7	0.108939425124565	1.46413862240712	-0.0218289615984206	22.7889553147901	0.287151540099652
57.525	2.7	0.107728800733573	1.47368058622898	-0.0133558484317	22.7257841585945	0.286183040586859
57.675	2.7	0.106865322277092	1.48104545880591	-0.0050937758962205	22.6624325974844	0.285492257821674
57.825	2.7	0.106319532797933	1.48627909596869	0.00279517470984392	22.5989360550036	0.285055626238346
57.975	2.7	0.106057106978005	1.48949292383958	0.0101805038503343	22.535330931945	0.284845685582404
58.125	2.7	0.106041292872467	1.49084653030232	0.0169675260585927	22.4716533650858	0.284833034297974
58.275	2.7	0.106234891615232	1.49053064764857	0.0230973759281656	22.4079382296759	0.284987913292186
58.425	2.7	0.10660178451257	1.48875183830397	0.0285438133845734	22.3442183993949	0.285281427610056
58.575	2.7	0.107108026365155	1.4857196634309	0.0333079945299612	22.28052425474	0.285686421092124
58.725	2.7	0.107722518085914	1.48163668537273	0.0374122924476477	22.216883419378	0.286178014468732
58.875	2.7	0.108417269189034	1.47669133274957	0.0408940335401803	22.1533207013054	0.286733815351227
59.025	2.7	0.109167272975022	1.47105343106982	0.0437997423025245	22.089858217398	0.287333818380018
59.175	2.7	0.109950046955366	1.46487205434812	0.0461802249987422	22.026515681489	0.287960037564293
59.325	2.7	0.110744932838125	1.45827526721635	0.0480866122713018	21.9633108338596	0.2885959462705
59.475	2.7	0.111532291704402	1.4513712894546	0.0495673436051818	21.9002599822901	0.289225833363521
59.625	2.7	0.112292753300543	1.44425061767142	0.0506660162391335	21.8373786126466	0.289834202640434
59.775	2.7	0.113006665286838	1.43698867728921	0.0514200246751116	21.7746820144352	0.29040533222947
59.925	2.7	0.113653826364564	1.42964864770598	0.0518599567200905	21.712185860376	0.290923061091651
60.075	2.7	0.114213478259676	1.42228419687821	0.052009749105667	21.6499066861731	0.291370782607741
60.225	2.7	0.114664398994189	1.41494196464281	0.0518875974372701	21.5878622425163	0.291731519195352
60.375	2.7	0.114984831080501	1.40766372596495	0.0515075270962151	21.5260717354985	0.291987864864401
60.525	2.7	0.115151957653268	1.40048822140744	0.0508813532311742	21.4645560247797	0.292121566122614
60.675	2.7	0.115140770145065	1.39345264163226	0.0500205178977393	21.4033378917273	0.292112616116052
60.825	2.7	0.114922485940771	1.38659368854649	0.0489370676322011	21.3424424958064	0.291937988752617
60.975	2.7	0.114463144286037	1.37994802361306	0.0476429442584659	21.2818980799329	0.29157051542883
61.125	2.7	0.11372351768786	1.37355179711348	0.0461469388647976	21.2217368488545	0.290978814150288
61.275	2.7	0.112661818947018	1.36743889733044	0.0444492030822192	21.1619957380046	0.290129455157615
61.425	2.7	0.11124059773137	1.36163764188442	0.0425341346695977	21.1027165581825	0.288992478185096
61.575	2.7	0.109438455016243	1.35616592078806	0.0403636436116575	21.0439448270502	0.287550764012995
61.725	2.7	0.107265625021864	1.3510253291043	0.0378740171769618	20.9857265941884	0.285812500017491
61.875	2.7	0.104780180661218	1.34619559165034	0.0349804614954814	20.928102848982	0.283824144528975
62.025	2.7	0.102099032922114	1.34163152195983	0.0315933537052327	20.8711017505391	0.281679226337691
62.175	2.7	0.0993957920622907	1.33726571245652	0.0276485143557555	20.8147299302426	0.279516633649833
62.325	2.7	0.0968769869088421	1.33302076368316	0.0231495471997735	20.7589653474681	0.277501589527074
62.475	2.7	0.094730207374697	1.32883445236987	0.0182133122854102	20.7037553160056	0.275784165899758
62.625	2.7	0.0930432773511793	1.32469889294633	0.0131018586429572	20.6490238971499	0.274434621880943
62.775	2.7	0.091702723321509	1.32070993485726	0.0082207275584082	20.5946923440696	0.273362178657207
62.925	2.7	0.0902916512362406	1.31711685591666	0.00407047134576955	20.5407142536015	0.272233320988992
63.075	2.7	0.0880194970007869	1.31435829508585	0.0011559892073939	20.4871234153262	0.270415597600629
63.225	2.7	0.0837257207268601	1.31307223431193	-0.000123805554644822	20.4340873584551	0.266980576581488
63.375	2.7	0.0760027022639704	1.31407564512928	0.00041698988811715	20.3819539806651	0.260802161811176
63.525	2.7	0.0634767185651033	1.31831610647064	0.00264170320219156	20.3312732277469	0.250781374852083
63.675	2.7	0.0452678435974616	1.3267901726886	0.00591458495388233	20.2827712429658	0.236214274877969
63.825	2.7	0.0216177645975844	1.34037901732587	0.00871059370566423	20.2372511941816	0.217294211678068
63.975	2.7	-0.00537724476082114	1.35940636165622	0.00781295791083379	20.1953942623916	0.195698204191343
64.125	2.7	-0.0310785413880879	1.38228334231085	-0.00271864957132277	20.1574411790605	0.17513716688953
64.275	2.7	-0.0479569854976537	1.40186417684251	-0.0304121224143588	20.1227675058698	0.161634411601877
64.425	2.7	-0.0460453773376184	1.40120841621614	-0.0753710006002482	20.0894643316512	0.163163698129905
64.575	2.7	-0.0146395700699626	1.36356972179529	-0.119757668308462	20.0541796017593	0.18828834394403
64.725	2.7	0.054716586051466	1.29472266495532	-0.142818265801873	20.0124410462225	0.243773268841173
64.875	2.7	0.164510685159601	1.21573477964782	-0.142922397956663	19.9594939688783	0.331608548127681
65.025	2.7	0.308022454585408	1.14149504591558	-0.130227721695888	19.8914966326698	0.446417963668326
65.175	2.7	0.468941043793289	1.077717470128	-0.113273620283744	19.8066188007023	0.575152835034631
65.325	2.7	0.626033712371593	1.02515601145841	-0.0962584939021805	19.7055409551822	0.700826969897274
65.475	2.7	0.761086243484257	0.982353849106127	-0.0807258787827639	19.5910817063542	0.808868994787406
65.625	2.7	0.864569051060783	0.947241498493758	-0.0670750884433424	19.4671622840541	0.891655240848626
65.775	2.7	0.935865935601871	0.91802884865242	-0.0553027264026992	19.3376978524179	0.948692748481497
65.925	2.7	0.979957885535788	0.893455077891089	-0.0452882415270626	19.2058840905786	0.983966308428631
66.075	2.7	1.00383530363466	0.872680246535455	-0.0368847071924665	19.073958944005	1.00306824290773
66.225	2.7	1.01420567415486	0.855111080853221	-0.029941413645297	18.9432767381339	1.01136453932389
66.375	2.7	1.01648778732743	0.840283350765942	-0.0243067027096956	18.8145102367068	1.01319022986194
66.525	2.7	1.01459326043993	0.827805882263752	-0.0198271927285515	18.6878666737497	1.01167460835194
66.675	2.7	1.01107935247832	0.817339443138738	-0.0163484954067555	18.563269179197	1.00886348198265
66.825	2.7	1.00743624121464	0.808589324181022	-0.0137184987733891	18.4404914987892	1.00594899297171
66.975	2.7	1.00439279933476	0.801301352373969	-0.0117923406694893	18.3192492942905	1.00351423946781
67.125	2.7	1.00218728817056	0.795257985252724	-0.0104374135313407	18.1992563036356	1.00174983053645
67.275	2.7	1.00078072425094	0.790274054322787	-0.00953696071256531	18.0802544287129	1.00062457940075
67.425	2.7	1.00000834523339	0.786192476702273	-0.00899161141004886	17.9620260106807	1.00000667618671
67.575	2.7	0.999675279293139	0.782880217867528	-0.00871899776352255	17.8443951110827	0.999740223434511
67.725	2.7	0.999608147558046	0.78022462811564	-0.00865206144973671	17.7272229575119	0.999686518046437
67.875	2.7	0.999675900293261	0.778130184334724	-0.00873674745718461	17.6104010985618	0.999740720234609
68.025	2.7	0.999791932114887	0.776515641428118	-0.00892963578847813	17.4938444282469	0.99983354569191
68.175	2.7	0.999906798898715	0.775311591406427	-0.00919583757297048	17.3774851824578	0.999925439118972
68.325	2.7	0.999997804687769	0.77445841904388	-0.00950728485162191	17.2612682932123	0.999998243750215
68.475	2.7	1.00005905871269	0.773904628278179	-0.00984141314792194	17.1451480648005	1.00004724697015
68.625	2.7	1.00009363071958	0.773605498797493	-0.0101801712163424	17.0290859353478	1.00007490457566
68.775	2.7	1.00010817863332	0.773522022551094	-0.0105092742259024	16.9130490311979	1.00008654290666
68.925	2.7	1.00010975530151	0.773620066987378	-0.0108176245289445	16.7970092457438	1.00008780424121
69.075	2.7	1.00010424192583	0.773869714735067	-0.0110968424372925	16.6809426329799	1.00008339354066
69.225	2.7	1.00009583957447	0.774244736110222	-0.0113408685893759	16.5648289706183	1.00007667165957
69.375	2.7	1.00008715136163	0.774722159139819	-0.0115456150652425	16.4486514033744	1.0000697210893
69.525	2.7	1.00007952462997	0.775281910132846	-0.0117086531712803	16.3323961185513	1.00006361970397
69.675	2.7	1.00007344953247	0.775906505231202	-0.0118289322670579	16.2160520333903	1.00005875962598
69.825	2.7	1.00006890851441	0.776580779389528	-0.0119065272852251	16.0996104894072	1.00005512681152
69.975	2.7	1.00006563695989	0.777291643789416	-0.0119424138716532	15.9830649564655	1.00005250956791
70.125	2.7	1.00006329337032	0.77802786593773	-0.0119382702743236	15.8664107517153	1.00005063469626
70.275	2.7	1.00006155540139	0.778779868865474	-0.0118963048557712	15.7496447781429	1.00004924432111
70.425	2.7	1.00006016328038	0.77953954720553	-0.0118191077486093	15.6327652859308	1.00004813062431
70.575	2.7	1.0000589304334	0.780300098718204	-0.011709524882949	15.5157716580854	1.00004714434672
70.725	2.7	1.00005773661542	0.781055870253962	-0.0115705524396402	15.3986642203163	1.00004618929233
70.875	2.7	1.00005651386416	0.781802217338883	-0.0114052497185449	15.2814440741072	1.00004521109133
71.025	2.7	1.00005523138013	0.782535376641367	-0.0112166684276958	15.1641129512995	1.0000441851041
71.175	2.7	1.00005388236692	0.783252350595416	-0.0110077964701108	15.0466730882179	1.00004310589354
71.325	2.7	1.00005247390563	0.783950803452507	-0.0107815144037445	14.9291271173093	1.00004197912451
71.475	2.7	1.00005101985005	0.784628968029428	-0.0105405628656815	14.8114779743388	1.00004081588004
71.625	2.7	1.00004953624026	0.785285562422153	-0.0102875193729917	14.6937288193322	1.00003962899221
71.775	2.7	1.00004803860094	0.785919715964713	-0.0100247830378018	14.5758829696189	1.00003843088075
71.925	2.7	1.00004654054158	0.786530903727042	-0.00975456586252415	14.4579438434972	1.00003723243326
72.075	2.7	1.00004505319653	0.787118888865474	-0.00947888940970627	14.3399149131946	1.00003604255723
72.225	2.7	1.00004358517008	0.787683672159609	-0.00919958577232311	14.2217996659372	1.00003486813606
72.375	2.7	1.00004214275977	0.788225448092722	-0.00891830189918434	14.1036015720625	1.00003371420782
72.525	2.7	1.00004073031122	0.788744566857281	-0.0086365064573297	13.9853240592259	1.00003258424897
72.675	2.7	1.00003935061309	0.789241501693298	-0.00835549853459683	13.8669704918475	1.00003148049047
72.825	2.7	1.0000380052778	0.78971682099656	-0.00807641759931328	13.7485441550435	1.00003040422224
72.975	2.7	1.00003669507747	0.790171164665049	-0.00780025423840285	13.6300482423707	1.00002935606197
73.125	2.7	1.00003542022082	0.790605224186586	-0.00752786128808619	13.5114858467914	1.00002833617666
73.275	2.7	1.00003418056716	0.791019726006671	-0.00725996505341711	13.3928599543391	1.00002734445372
73.425	2.7	1.00003297578076	0.791415417753708	-0.00699717638206441	13.2741734400335	1.00002638062461
73.575	2.7	1.0000318054336	0.791793056937289	-0.00674000141708938	13.1554290656497	1.00002544434688
73.725	2.7	1.00003066906634	0.792153401773353	-0.00648885190122169	13.0366294790037	1.00002453525307
73.875	2.7	1.00002956621825	0.792497203827486	-0.00624405494503194	12.9177772144629	1.0000236529746
74.025	2.7	1.00002849643621	0.792825202202842	-0.0060058622021786	12.7988746944331	1.00002279714897
74.175	2.7	1.00002745927112	0.793138119032861	-0.00577445842019245	12.6799242316104	1.00002196741689
74.325	2.7	1.00002645426847	0.793436656068582	-0.0055499693540271	12.5609280318213	1.00002116341478
74.475	2.7	1.00002548095763	0.793721492179418	-0.00533246904479538	12.4418881973001	1.0000203847661
74.625	2.7	1.00002453884268	0.79399328161021	-0.00512198647692485	12.3228067302807	1.00001963107415
74.775	2.7	1.0000236273963	0.794252652859952	-0.0049185116353187	12.2036855367986	1.00001890191704
74.925	2.7	1.00002274605687	0.794500208067403	-0.00472200098991918	12.0845264306199	1.0000181968455
75.075	2.7	1.00002189422868	0.794736522805823	-0.00453238243907853	11.9653311372282	1.00001751538294
75.225	2.7	1.00002107128441	0.794962146203845	-0.00434955974553888	11.8461012978156	1.00001685702752
75.375	2.7	1.00002027656917	0.79517760132331	-0.00417341650037473	11.7268384732322	1.00001622125534
75.525	2.7	1.00001950940547	0.795383385735013	-0.00400381965020628	11.6075441478628	1.00001560752438
75.675	2.7	1.0000187690983	0.795579972244565	-0.00384062262293614	11.488219733403	1.00001501527864
75.825	2.7	1.0000180549402	0.795767809727199	-0.00368366808630818	11.3688665725171	1.00001444395216
75.975	2.7	1.00001736621586	0.795947324039001	-0.00353279037201129	11.2494859423627	1.00001389297269
76.125	2.7	1.00001670220618	0.796118918977221	-0.0033878175966891	11.1300790579741	1.00001336176495
76.275	2.7	1.00001606219177	0.796282977267804	-0.00324857350924761	11.0106470754982	1.00001284975341
76.425	2.7	1.00001544545589	0.796439861562706	-0.00311487909190033	10.8911910952804	1.00001235636471
76.575	2.7	1.00001485128698	0.796589915432983	-0.00298655394059223	10.7717121648015	1.00001188102959
76.725	2.7	1.00001427898069	0.796733464346904	-0.00286341744812983	10.6522112814647	1.00001142318455
76.875	2.7	1.0000137278416	0.796870816624882	-0.00274528981177859	10.5326893952384	1.00001098227328
77.025	2.7	1.00001319718469	0.797002264365043	-0.00263199288495164	10.4131474111569	1.00001055774775
77.175	2.7	1.00001268633655	0.797128084334814	-0.00252335089099063	10.2935861916845	1.00001014906924
77.325	2.7	1.0000121946364	0.797248538826035	-0.00241919101521227	10.174006558949	1.00000975570912
77.475	2.7	1.00001172143691	0.797363876470961	-0.0023193438900388	10.0544092968493	1.00000937714953
77.625	2.7	1.00001126610495	0.7974743330189	-0.00222364398622992	9.93479515304301	1.00000901288396
77.775	2.7	1.0000108280221	0.797580132072869	-0.00213192992236281	9.81516484082137	1.00000866241768
77.925	2.7	1.00001040658514	0.797681485786575	-0.00204404470284466	9.695519040876	1.00000832526811
78.075	2.7	1.00001000120636	0.797778595522738	-0.00195983589429676	9.57585840296418	1.00000800096509
78.225	2.7	1.00000961131381	0.79787165247356	-0.00187915574851909	9.45618354747819	1.00000768905105
78.375	2.7	1.00000923635146	0.797960838244743	-0.00180186127961964	9.33649506692439	1.00000738908117
78.525	2.7	1.00000887577925	0.798046325404818	-0.00172781430191854	9.21679352731726	1.0000071006234
78.675	2.7	1.00000852907309	0.798128278000799	-0.00165688143466426	9.09707946949368	1.00000682325847
78.825	2.7	1.00000819572481	0.798206852042491	-0.00158893407847802	8.97735341035225	1.00000655657985
78.975	2.7	1.00000787524204	0.798282195956629	-0.00152384836835655	8.85761584402226	1.00000630019363
79.125	2.7	1.00000756714801	0.798354451012756	-0.00146150510704667	8.73786724296678	1.00000605371841
79.275	2.7	1.0000072709814	0.798423751722444	-0.00140178968235732	8.61810805902391	1.00000581678512
79.425	2.7	1.00000698629605	0.798490226213573	-0.00134459197153406	8.49833872439009	1.00000558903684
79.575	2.7	1.00000671266072	0.79855399658102	-0.00128980623518258	8.37855965254913	1.00000537012858
79.725	2.7	1.00000644965877	0.798615179215381	-0.00123733100322118	8.25877123915035	1.00000515972702
79.875	2.7	1.00000619688788	0.798673885111182	-0.00118706895476447	8.13897386283903	1.00000495751031
80.025	2.7	1.0000059539597	0.798730220155861	-0.00113892679362732	8.01916788604214	1.00000476316776
80.175	2.7	1.00000572049949	0.79878428540081	-0.00109281512102943	7.89935365571215	1.0000045763996
80.325	2.7	1.00000549614584	0.79883617731563	-0.0010486483066027	7.77953150403152	1.00000439691667
80.475	2.7	1.00000528055023	0.798885988026869	-0.00100634435893681	7.65970174908027	1.00000422444018
80.625	2.7	1.00000507337672	0.798933805542096	-0.000965824796407233	7.53986469546893	1.00000405870137
80.775	2.7	1.00000487430158	0.798979713960461	-0.000927014519131739	7.42002063493893	1.00000389944126
80.925	2.7	1.00000468301291	0.799023793670529	-0.000889841682698264	7.30016984693248	1.00000374641033
81.075	2.7	1.00000449921031	0.799066121536285	-0.000854237574099757	7.18031259913362	1.00000359936825
81.225	2.7	1.00000432260447	0.799106771072141	-0.000820136490372194	7.06044914798242	1.00000345808357
81.375	2.7	1.00000415291683	0.799145812607488	-0.000787475620216512	6.94057973916359	1.00000332233346
81.525	2.7	1.00000398987926	0.799183313441699	-0.000756194928952875	6.8207046080713	1.00000319190341
81.675	2.7	1.00000383323372	0.799219337989927	-0.000726237046902156	6.70082398025147	1.00000306658697
81.825	2.7	1.00000368273193	0.799253947920488	-0.000697547161449438	6.58093807182283	1.00000294618554
81.975	2.7	1.00000353813508	0.799287202284166	-0.000670072912806491	6.46104708987804	1.00000283050806
82.125	2.7	1.00000339921346	0.799319157635938	-0.000643764293591663	6.34115123286608	1.00000271937077
82.275	2.7	1.00000326574609	0.799349868149505	-0.000618573552197178	6.22125069095691	1.00000261259687
82.425	2.7	1.00000313752025	0.799379385725127	-0.000594455099964372	6.10134564638951	1.0000025100162
82.575	2.7	1.00000301433109	0.799407760090775	-0.000571365422145431	5.9814362738043	1.00000241146487
82.725	2.7	1.00000289598129	0.799435038897208	-0.000549262992535249	5.86152274056096	1.00000231678503
82.875	2.7	1.00000278228109	0.799461267806812	-0.000528108191790032	5.74160520704235	1.00000222582487
83.025	2.7	1.00000267304856	0.799486490576677	-0.000507863229304073	5.62168382694562	1.00000213843884
83.175	2.7	1.00000256811004	0.799510749135667	-0.000488492068423579	5.50175874756128	1.00000205448803
83.325	2.7	1.00000246730034	0.799534083655901	-0.000469960354807989	5.38183011004099	1.00000197384027
83.475	2.7	1.00000237046184	0.79955653261846	-0.000452235347557304	5.26189804965516	1.00000189636947
83.625	2.7	1.00000227744212	0.799578132873664	-0.000435285852555189	5.14196269604127	1.00000182195369
83.775	2.7	1.00000218809017	0.799598919695674	-0.000419082157657833	5.0220241734438	1.00000175047213
83.925	2.7	1.00000210225279	0.799618926831459	-0.000403595969395044	4.90208260094683	1.00000168180223
84.075	2.7	1.00000201977413	0.799638186543367	-0.000388800351182078	4.78213809270009	1.00000161581931
84.225	2.7	1.00000194050174	0.799656729644578	-0.000374669663288975	4.6621907581388	1.00000155240139
84.375	2.7	1.00000186430046	0.799674585526183	-0.000361179504550169	4.54224070219792	1.00000149144037
84.525	2.7	1.00000179107063	0.799691782175323	-0.000348306654665079	4.42228802552126	1.0000014328565
84.675	2.7	1.0000017207601	0.799708346184857	-0.000336029013844723	4.30233282466671	1.00000137660808
84.825	2.7	1.00000165335496	0.799724302756663	-0.000324325533755777	4.18237519231019	1.00000132268397
84.975	2.7	1.00000158883608	0.79973967570229	-0.000313176131902386	4.06241521745171	1.00000127106886
85.125	2.7	1.00000152710366	0.799754487444098	-0.000302561582795773	3.94245298562736	1.00000122168293
85.275	2.7	1.0000014678965	0.799768759016806	-0.000292463385642471	3.82248857912959	1.0000011743172
85.425	2.7	1.00000141075843	0.799782510062871	-0.000282863619053709	3.70252207723423	1.00000112860674
85.575	2.7	1.00000135511158	0.799795758808061	-0.000273744804211691	3.58255355642854	1.00000108408926
85.725	2.7	1.00000130046787	0.799808522001819	-0.000265089799267446	3.46258309063158	1.00000104037429
85.875	2.7	1.00000124674366	0.799820814816935	-0.000256881728475322	3.34261075139949	1.00000099739493
86.025	2.7	1.00000119456204	0.799832650728711	-0.000249103903770002	3.22263660811559	1.00000095564964
86.175	2.7	1.000001145379	0.799844041430755	-0.000241739634057334	3.10266072817387	1.0000009163032
86.325	2.7	1.00000110129487	0.799854996876957	-0.000234771770121183	2.98268317717011	1.00000088103589
86.475	2.7	1.00000106450288	0.799865525543254	-0.00022818185051304	2.86270401910901	1.00000085160231
86.625	2.7	1.00000103640487	0.799875634960557	-0.000221948840360299	2.74272331662254	1.0000008291239
86.775	2.7	1.00000101639144	0.799885332484518	-0.000216047692062927	2.62274113118705	1.00000081311315
86.925	2.7	1.00000100015595	0.799894626175901	-0.000210448225595825	2.50275752334482	1.00000080012476
87.075	2.7	1.00000097747393	0.799903525624124	-0.000205114963401171	2.38277255298077	1.00000078197914
87.225	2.7	1.00000093017268	0.799912042597496	-0.000200008370696512	2.2627862797233	1.00000074413814
87.375	2.7	1.00000083293108	0.799920191521371	-0.00019508735264197	2.14279876341572	1.00000066634487
87.525	2.7	1.00000066197757	0.799927989872203	-0.000190311988817737	2.02281006422026	1.00000052958205
87.675	2.7	1.00000041724094	0.799935458534773	-0.000185644784095944	1.90282024130141	1.00000033379276
87.825	2.7	1.00000015793813	0.799942622075781	-0.000181048795385535	1.7828293485701	1.0000001263505
87.975	2.7	1.00000003666359	0.799949509117504	-0.000176482293827611	1.66283742645245	1.00000002933088
88.125	2.7	1.0000002954243	0.799956154113259	-0.000171891975147571	1.54284449097657	1.00000023633944
88.275	2.7	1.00000117285394	0.799962603984961	-0.000167209134372974	1.42285052576922	1.00000093828315
88.425	2.7	1.00000269097914	0.799968935047564	-0.000162354116545871	1.30285548696476	1.00000215278331
88.575	2.7	1.00000436807624	0.799975284126844	-0.000157252475624117	1.18285933106386	1.000003494461
88.725	2.7	1.00000503901638	0.799981888354989	-0.000151861672849218	1.06286206563843	1.00000403121311
88.875	2.7	1.00000309158262	0.799989108930664	-0.000146201636387795	0.942863799748227	1.00000247326609
89.025	2.7	0.999997407153917	0.799997391809746	-0.000140378877240724	0.822864742151402	0.999997925723134
89.175	2.7	0.999988961018332	0.800007112654613	-0.000134594068469782	0.702865082910288	0.999991168814666
89.325	2.7	0.999982334986195	0.80001829374386	-0.000129126612269241	0.582864730855261	0.999985867988956
89.475	2.7	0.999985568430715	0.800030287111216	-0.000124294260481398	0.46286298966576	0.999988454744572
89.625	2.7	1.00000649441108	0.800041668963213	-0.000120389413364707	0.342858418932985	1.00000519552886
89.775	2.7	1.00004491871575	0.800040580836987	-0.000117597897104932	0.222849245360939	1.0000359349726
89.925	2.7	1.00008330742075	0.400080688590279	-0.00011591803559456	0.102837622881737	1.0000666459366
0.075	2.9	2.59818501370367e-30	0.39999897464463	-3.96252167517101e-05	36.0880129905058	0.2
0.225	2.9	-7.03971030022966e-31	0.799997009345991	-3.90163377520764e-05	36.0640130520271	0.2
0.375	2.9	5.55043647285205e-30	0.799995289766961	-3.78556760264204e-05	36.040013169945	0.2
0.525	2.9	-7.43095620522203e-30	0.799993946987965	-3.62475848435401e-05	36.0160133346411	0.2
0.675	2.9	2.34096253424543e-30	0.799993070312641	-3.4326866029768e-05	35.9920135331258	0.2
0.825	2.9	-2.23991902276741e-29	0.799992702665384	-3.22394253008803e-05	35.9680137504223	0.2
0.975	2.9	-6.90646139574728e-30	0.799992843456364	-3.0124655898302e-05	35.9440139709658	0.2
1.125	2.9	-3.6842798977031e-29	0.799993456831823	-2.81024061516157e-05	35.920014179815	0.2
1.275	2.9	-2.11509582975937e-30	0.799994482598255	-2.62655995484903e-05	35.8960143635559	0.2
1.425	2.9	-1.98136389947036e-29	0.799995847364919	-2.46780968710875e-05	35.8720145108591	0.2
1.575	2.9	5.27021317451827e-29	0.799997474193296	-2.33765300442568e-05	35.848014612714	0.2
1.725	2.9	5.63865485447978e-29	0.799999289867458	-2.23745725412553e-05	35.8240146624075	0.2
1.875	2.9	1.5753380891652e-28	0.800001229614211	-2.16682690539852e-05	35.800014655322	0.2
2.025	2.9	1.41041715166965e-28	0.800003239548613	-2.12413933195936e-05	35.7760145886306	0.2
2.175	2.9	1.9465126177055e-28	0.800005277356284	-2.1070198758968e-05	35.7520144609491	0.2
2.325	2.9	4.91179964721851e-29	0.800007311762038	-2.11272566464701e-05	35.7280142719892	0.2
2.475	2.9	-5.61815123861944e-29	0.800009321279024	-2.13843170889056e-05	35.7040140222433	0.2
2.625	2.9	-4.05503953567029e-28	0.800011292624603	-2.18142719538513e-05	35.6800137127125	0.2
2.775	2.9	-6.37983741394591e-28	0.800013219074438	-2.23923715980558e-05	35.6560133446859	0.2
2.925	2.9	-1.00059705631728e-27	0.800015098924721	-2.30968691693369e-05	35.632012919568	0.2
3.075	2.9	-9.65001326765402e-28	0.800016934146822	-2.39092505818156e-05	35.6080124387504	0.2
3.225	2.9	-7.82123416520372e-28	0.800018729276486	-2.48141901246657e-05	35.5840119035192	0.2
3.375	2.9	1.37481680699976e-28	0.800020490530606	-2.57993367717799e-05	35.5600113149938	0.2
3.525	2.9	1.29297253852428e-27	0.800022225131883	-2.6855009667503e-05	35.5360106740874	0.2
3.675	2.9	3.04925639847415e-27	0.800023940811217	-2.79738588143827e-05	35.5120099814859	0.2
3.825	2.9	4.33012670225116e-27	0.800025645455126	-2.91505251846706e-05	35.4880092376387	0.2
3.975	2.9	5.14176982877791e-27	0.80002734686731	-3.03813218029381e-05	35.4640084427586	0.2
4.125	2.9	3.94977992269673e-27	0.800029052617347	-3.16639483889903e-05	35.4400075968267	0.2
4.275	2.9	1.02794779858399e-27	0.800030769952629	-3.29972418535972e-05	35.4160066996015	0.2
4.425	2.9	-4.59071429359116e-27	0.800032505759504	-3.43809650006905e-05	35.3920057506295	0.2
4.575	2.9	-1.09649026576627e-26	0.800034266552402	-3.58156313828868e-05	35.368004749256	0.2
4.725	2.9	-1.73226160693538e-26	0.80003605848786	-3.73023599998427e-05	35.3440036946364	0.2
4.875	2.9	-1.95717864472451e-26	0.800037887391405	-3.8842758890236e-05	35.3200025857467	0.2
5.025	2.9	-1.63253829199154e-26	0.800039758791937	-4.04388333656821e-05	35.2960014213929	0.2
5.175	2.9	-4.26793905571451e-27	0.800041677959401	-4.20929113953489e-05	35.2720002002192	0.2
5.325	2.9	1.38242500027043e-26	0.80004364994528	-4.38075883046015e-05	35.2479989207153	0.2
5.475	2.9	3.540766629231e-26	0.800045679622352	-4.55856827794109e-05	35.2239975812225	0.2
5.625	2.9	5.01234890041737e-26	0.800047771721854	-4.74302051393291e-05	35.199996179938	0.2
5.775	2.9	5.11333273133884e-26	0.800049930867052	-4.93443331217421e-05	35.1759947149192	0.2
5.925	2.9	2.9014319769206e-26	0.800052161610285	-5.13313960815827e-05	35.1519931840859	0.2
6.075	2.9	-1.12169677641183e-26	0.800054468458601	-5.33948629261875e-05	35.1279915852225	0.2
6.225	2.9	-5.86194598501332e-26	0.800056855904469	-5.55383371100526e-05	35.1039899159784	0.2
6.375	2.9	-8.17095152177647e-26	0.800059328449052	-5.77655517066732e-05	35.0799881738683	0.2
6.525	2.9	-5.25048585771994e-26	0.800061890627277	-6.00803702432988e-05	35.0559863562715	0.2
6.675	2.9	5.44322988481631e-26	0.800064547026949	-6.24867880962488e-05	35.0319844604306	0.2
6.825	2.9	2.1738429497445e-25	0.80006730230899	-6.49889361112085e-05	35.0079824834499	0.2
6.975	2.9	3.68003806171808e-25	0.800070161226153	-6.75910858260799e-05	34.9839804222921	0.2
7.125	2.9	3.60690977550588e-25	0.800073128637903	-7.02976544844924e-05	34.9599782737763	0.2
7.275	2.9	3.11469502764828e-26	0.800076209526911	-7.31132133396768e-05	34.9359760345738	0.2
7.425	2.9	-7.5644184467552e-25	0.800079409014503	-7.60424937554664e-05	34.9119737012047	0.2
7.575	2.9	-1.95000348798928e-24	0.800082732373023	-7.90903970137506e-05	34.887971270033	0.2
7.725	2.9	-3.20990160815964e-24	0.800086185039735	-8.22620015109232e-05	34.8639687372623	0.2
7.875	2.9	-3.77966972901017e-24	0.800089772630976	-8.55625728012263e-05	34.8399660989306	0.2
8.025	2.9	-2.59360809581476e-24	0.800093500952517	-8.89975738208451e-05	34.8159633509044	0.2
8.175	2.9	1.46914903901519e-24	0.800097376014237	-9.25726736011764e-05	34.7919604888734	0.2
8.325	2.9	8.92372888025557e-24	0.800101404040615	-9.62937585694737e-05	34.7679575083436	0.2
8.475	2.9	1.88899858709956e-23	0.800105591483811	-0.000100166943528204	34.743954404631	0.2
8.625	2.9	2.81597044601728e-23	0.800109945035984	-0.000104198582193645	34.7199511728546	0.2
8.775	2.9	3.08249161746522e-23	0.800114471641074	-0.000108395279479196	34.6959478079288	0.2
8.925	2.9	1.88232995542216e-23	0.800119178508156	-0.000112763903170447	34.6719443045561	0.2
9.075	2.9	-1.56223165185481e-23	0.800124073123314	-0.000117311596931299	34.6479406572183	0.2
9.225	2.9	-7.55631352737752e-23	0.800129163263139	-0.000122045792631442	34.6239368601687	0.2
9.375	2.9	-1.52915156635838e-22	0.800134457008224	-0.000126974224459097	34.5999329074225	0.2
9.525	2.9	-2.22152648515498e-22	0.800139962756151	-0.000132104942100519	34.5759287927482	0.2
9.675	2.9	-2.37345884452936e-22	0.800145689236008	-0.000137446326240784	34.5519245096572	0.2
9.825	2.9	-1.38099752498763e-22	0.800151645523701	-0.000143007103170568	34.527920051394	0.2
9.975	2.9	1.30587479451459e-22	0.80015784105469	-0.000148796360333546	34.5039154109258	0.2
10.125	2.9	5.81904761080424e-22	0.800164285642576	-0.000154823563451694	34.4799105809307	0.2
10.275	2.9	1.13994007372897e-21	0.800170989492624	-0.000161098572942651	34.4559055537872	0.2
10.425	2.9	1.59857033681911e-21	0.800177963218954	-0.000167631661657992	34.4319003215612	0.2
10.575	2.9	1.61715934494728e-21	0.80018521786325	-0.000174433534356996	34.4078948759941	0.2
10.725	2.9	7.89619335194487e-22	0.800192764911455	-0.000181515346504959	34.3838892084894	0.2
10.875	2.9	-1.18578673975666e-21	0.800200616311438	-0.000188888724439508	34.3598833100994	0.2
11.025	2.9	-4.24386185622576e-21	0.800208784494654	-0.000196565786777195	34.3358771715107	0.2
11.175	2.9	-7.66501262691356e-21	0.800217282394823	-0.000204559167008614	34.3118707830297	0.2
11.325	2.9	-9.9052785507043e-21	0.80022612346906	-0.000212882035754274	34.287864134567	0.2
11.475	2.9	-8.74087877598467e-21	0.800235321719837	-0.00022154812568888	34.2638572156216	0.2
11.625	2.9	-1.91777160196084e-21	0.800244891717011	-0.000230571757160623	34.2398500152638	0.2
11.775	2.9	1.1626734409464e-20	0.800254848622857	-0.000239967864123554	34.2158425221185	0.2
11.925	2.9	3.01617050084173e-20	0.800265208214992	-0.000249752021894463	34.1918347243465	0.2
12.075	2.9	4.77499049839134e-20	0.800275986912939	-0.000259940477719799	34.1678266096256	0.2
12.225	2.9	5.39667235459347e-20	0.800287201804894	-0.000270550179059207	34.1438181651317	0.2
12.375	2.9	3.58658199014257e-20	0.800298870674529	-0.000281598808055929	34.1198093775173	0.2
12.525	2.9	-1.69981264291016e-20	0.800311012031353	-0.000293104813261493	34.0958002328912	0.2
12.675	2.9	-1.04691929254552e-19	0.800323645139185	-0.000305087445812939	34.0717907167955	0.2
12.825	2.9	-2.08107834376183e-19	0.800336790049487	-0.0003175667965311	34.0477808141829	0.2
12.975	2.9	-2.8335497222921e-19	0.800350467632723	-0.000330563834146881	34.0237705093925	0.2
13.125	2.9	-2.65089500714355e-19	0.800364699613292	-0.000344100446132383	33.9997597861249	0.2
13.275	2.9	-8.45225099723393e-20	0.800379508605112	-0.000358199482187723	33.9757486274157	0.2
13.425	2.9	2.95533973914343e-19	0.800394918148559	-0.000372884798479905	33.9517370156086	0.2
13.575	2.9	8.33474246181285e-19	0.800410952750035	-0.000388181304385339	33.9277249323268	0.2
13.725	2.9	1.36544541653843e-18	0.800427637921581	-0.000404115013536556	33.9037123584436	0.2
13.875	2.9	1.59255389313876e-18	0.800445000224377	-0.000420713094638753	33.8796992740515	0.2
14.025	2.9	1.13169319732671e-18	0.800463067312306	-0.000438003926615498	33.8556856584301	0.2
14.175	2.9	-3.44709764539994e-19	0.800481867977501	-0.000456017156311485	33.8316714900128	0.2
14.325	2.9	-2.88189620437216e-18	0.800501432200864	-0.000474783758532136	33.8076567463515	0.2
14.475	2.9	-5.98056236504366e-18	0.800521791200083	-0.00049433610051574	33.7836414040807	0.2
14.625	2.9	-8.4129003830894e-18	0.800542977484174	-0.000514708007961378	33.7596254388795	0.2
14.775	2.9	-8.28337587057002e-18	0.800565024907574	-0.000535934836423097	33.7356088254317	0.2
14.925	2.9	-3.50532787146495e-18	0.80058796872864	-0.000558053544897663	33.711591537385	0.2
15.075	2.9	7.21903742470733e-18	0.800611845669569	-0.000581102773393249	33.6875735473079	0.2
15.225	2.9	2.30299464424928e-17	0.800636693980805	-0.000605122925573466	33.6635548266448	0.2
15.375	2.9	3.9573667448646e-17	0.800662553505875	-0.000630156255907571	33.6395353456691	0.2
15.525	2.9	4.84528779574049e-17	0.800689465751165	-0.000656246959035317	33.6155150734345	0.2
15.675	2.9	3.84166664888884e-17	0.800717473960257	-0.000683441266617463	33.591493977724	0.2
15.825	2.9	-9.09204692348532e-19	0.800746623188493	-0.000711787548267491	33.5674720249969	0.2
15.975	2.9	-7.26650542871463e-17	0.800776960384249	-0.000741336417576312	33.5434491803327	0.2
16.125	2.9	-1.6503531388982e-16	0.800808534472197	-0.000772140843764567	33.5194254073738	0.2
16.275	2.9	-2.45206603733415e-16	0.800841396442989	-0.000804256269826654	33.4954006682644	0.2
16.425	2.9	-2.59657974561354e-16	0.800875599444663	-0.000837740736976819	33.4713749235872	0.2
16.575	2.9	-1.45861586712545e-16	0.800911198881904	-0.00087265501460977	33.4473481322977	0.2
16.725	2.9	1.41485454164345e-16	0.800948252517642	-0.000909062738496871	33.4233202516543	0.2
16.875	2.9	5.91817565583393e-16	0.800986820582283	-0.000947030555623707	33.3992912371466	0.2
17.025	2.9	1.09816799646551e-15	0.801026965886749	-0.000986628277374263	33.3752610424194	0.200000000000001
17.175	2.9	1.43491856282874e-15	0.801068753944548	-0.00102792903935268	33.3512296191934	0.200000000000001
17.325	2.9	1.28076109390141e-15	0.801112253096488	-0.00107100947200909	33.3271969171827	0.200000000000001
17.475	2.9	3.11701956076583e-16	0.801157534647015	-0.0011159498772942	33.3031628840076	0.2
17.625	2.9	-1.62809656052649e-15	0.801204673004455	-0.00116283441772456	33.2791274651039	0.199999999999999
17.775	2.9	-4.30489980708222e-15	0.801253745831734	-0.0012117513123087	33.2550906036274	0.199999999999997
17.925	2.9	-6.89975046003186e-15	0.801304834205369	-0.00126279304553314	33.231052240354	0.199999999999994
18.075	2.9	-7.96339064367224e-15	0.801358022782254	-0.00131605658424911	33.207012313575	0.199999999999994
18.225	2.9	-5.66830300226534e-15	0.801413399980836	-0.00137164360770711	33.1829707589871	0.199999999999996
18.375	2.9	1.53358029318765e-15	0.801471058167531	-0.00142966074900709	33.1589275095762	0.200000000000001
18.525	2.9	1.38647698502993e-14	0.801531093859953	-0.00149021984728451	33.134882495497	0.200000000000011
18.675	2.9	2.90230955822635e-14	0.801593607941358	-0.00155343821349868	33.1108356439446	0.200000000000023
18.825	2.9	4.13350860399801e-14	0.801658705887004	-0.00161943890924873	33.0867868790205	0.200000000000033
18.975	2.9	4.19899730995411e-14	0.801726498009141	-0.00168835103845174	33.0627361215914	0.200000000000034
19.125	2.9	2.1103559754017e-14	0.801797099714433	-0.0017603100529803	33.03868328914	0.200000000000017
19.275	2.9	-2.79905709453076e-14	0.801870631782248	-0.00183545807233357	33.0146282956085	0.199999999999978
19.425	2.9	-1.02663403721921e-13	0.801947220660473	-0.00191394421708109	32.990571051233	0.199999999999918
19.575	2.9	-1.84844279302933e-13	0.802026998781445	-0.00199592495868499	32.9665114623689	0.199999999999852
19.725	2.9	-2.37927747697624e-13	0.8021101049024	-0.00208156448233574	32.9424494313062	0.19999999999981
19.875	2.9	-2.10763859329322e-13	0.80219668446789	-0.00217103506467703	32.9183848560748	0.199999999999831
20.025	2.9	-5.2321314041612e-14	0.802286890001661	-0.00226451746800328	32.8943176302381	0.199999999999958
20.175	2.9	2.62009985200868e-13	0.802380881525605	-0.00236220134690224	32.8702476426747	0.20000000000021
20.325	2.9	6.96683984181553e-13	0.802478827009933	-0.00246428567086776	32.8461747773466	0.200000000000557
20.475	2.9	1.12612299074292e-12	0.802580902860296	-0.00257097915980305	32.822098913054	0.200000000000901
20.625	2.9	1.32689015365869e-12	0.80268729443887	-0.00268250073215714	32.7980199231747	0.200000000001061
20.775	2.9	1.01318627955318e-12	0.802798196629159	-0.00279907996582637	32.7739376753874	0.200000000000811
20.925	2.9	-6.82589969222187e-14	0.802913814443808	-0.00292095756832778	32.7498520313768	0.199999999999945
21.075	2.9	-1.98509763500777e-12	0.803034363680499	-0.00304838585663555	32.7257628465208	0.199999999998412
21.225	2.9	-4.43922229352427e-12	0.803160071631128	-0.00318162924331136	32.7016699695563	0.199999999996449
21.375	2.9	-6.6281676694361e-12	0.803291177848539	-0.00332096472602771	32.6775732422238	0.199999999994698
21.525	2.9	-7.24878528999422e-12	0.803427934975341	-0.00346668237874885	32.6534724988867	0.199999999994201
21.675	2.9	-4.75094505870631e-12	0.803570609639178	-0.00361908583909368	32.6293675661266	0.199999999996199
21.825	2.9	2.09139407288199e-12	0.803719483425692	-0.00377849278941167	32.6052582623093	0.200000000001673
21.975	2.9	1.33280587626541e-11	0.80387485392797	-0.00394523542282381	32.5811443971207	0.200000000010662
22.125	2.9	2.68995635404437e-11	0.80403703588496	-0.00411966089125182	32.557025771071	0.20000000002152
22.275	2.9	3.80125884041174e-11	0.804206362414411	-0.00430213172495874	32.5329021749624	0.20000000003041
22.425	2.9	3.93568453287594e-11	0.804383186344922	-0.0044930262145386	32.5087733893188	0.200000000031485
22.575	2.9	2.26910859545881e-11	0.804567881660902	-0.00469273874350852	32.4846391837741	0.200000000018153
22.725	2.9	-1.79329605045026e-11	0.804760845059909	-0.0049016800623533	32.4604993164148	0.199999999985654
22.875	2.9	-8.1614466733192e-11	0.804962497639277	-0.00512027748360805	32.436353533074	0.199999999934708
23.025	2.9	-1.55868866548581e-10	0.805173286717435	-0.00534897499045375	32.4122015665722	0.199999999875305
23.175	2.9	-2.13790356227704e-10	0.805393687799137	-0.00558823323608494	32.388043135901	0.199999999828968
23.325	2.9	-2.15809785427519e-10	0.805624206697422	-0.00583852942001783	32.3638779453456	0.199999999827352
23.475	2.9	-1.18573141852205e-10	0.80586538182722	-0.00610035701832492	32.3397056835409	0.199999999905142
23.625	2.9	1.07979095235177e-10	0.806117786673777	-0.00637422534251996	32.3155260224589	0.200000000086383
23.775	2.9	4.57194990939385e-10	0.806382032455413	-0.00666065889412048	32.2913386163196	0.200000000365756
23.925	2.9	8.61969325915951e-10	0.806658770974756	-0.00696019647515961	32.2671431004231	0.200000000689575
24.075	2.9	1.18101819378944e-09	0.806948697670832	-0.00727338999748878	32.2429390898942	0.200000000944815
24.225	2.9	1.20822950556814e-09	0.807252554852509	-0.0076008029327398	32.2187261783341	0.200000000966584
24.375	2.9	7.1699503920465e-10	0.807571135112208	-0.00794300833181811	32.194503936369	0.200000000573596
24.525	2.9	-4.55647851246785e-10	0.807905284899633	-0.00830058634518911	32.1702719100884	0.199999999635482
24.675	2.9	-2.29405895882578e-09	0.808255908248042	-0.00867412118813974	32.1460296193634	0.199999998164753
24.825	2.9	-4.48624893914303e-09	0.808623970649527	-0.009064197509625	32.1217765560385	0.199999996411001
24.975	2.9	-6.35091528363186e-09	0.809010503096736	-0.00947139614829667	32.097512181995	0.199999994919268
25.125	2.9	-6.86907007117708e-09	0.80941660631631	-0.00989628927122179	32.0732359270858	0.199999994504744
25.275	2.9	-4.87543887125331e-09	0.809843455225712	-0.0103394348946025	32.0489471869504	0.199999996099649
25.425	2.9	5.6508485707254e-10	0.810292303627758	-0.0108013707349576	32.0246453207199	0.200000000452068
25.575	2.9	9.62893251327531e-09	0.810764489107138	-0.0112826072661543	32.0003296486229	0.200000007703146
25.725	2.9	2.11665613543598e-08	0.811261437997109	-0.0117836197282606	31.9759994494998	0.200000016933249
25.875	2.9	3.2293085427051e-08	0.811784670169982	-0.0123048386935377	31.9516539582219	0.200000025834468
26.025	2.9	3.83897071896869e-08	0.812335803263242	-0.0128466386729628	31.927292362998	0.200000030711766
26.175	2.9	3.37609669347154e-08	0.812916555851374	-0.0134093242160664	31.9029138025416	0.200000027008774
26.325	2.9	1.30889839051638e-08	0.81352874904547	-0.0139931130562029	31.8785173630602	0.200000010471187
26.475	2.9	-2.63866512291837e-08	0.8141743061005	-0.0145981161546784	31.8541020750433	0.199999978890679
26.625	2.9	-8.23347700631514e-08	0.81485524986555	-0.0152243149606386	31.8296669098502	0.199999934132184
26.775	2.9	-1.45139884967426e-07	0.815573698295252	-0.0158715367819093	31.8052107761532	0.199999883888092
26.925	2.9	-1.9699170526382e-07	0.816331858673127	-0.0165394296791312	31.7807325163618	0.199999842406636
27.075	2.9	-2.13241177792216e-07	0.817132021538992	-0.0172274385606838	31.7562309032273	0.199999829407058
27.225	2.9	-1.66740309961766e-07	0.8179765553421	-0.0179347839266913	31.7317046368885	0.199999866607752
27.375	2.9	-3.52563437588795e-08	0.818867902397672	-0.0186604438602589	31.7071523426403	0.199999971794925
27.525	2.9	1.88884143215718e-07	0.81980857566419	-0.0194031383750891	31.6825725696735	0.200000151107315
27.675	2.9	4.88834675998727e-07	0.820801154219451	-0.0201613133394481	31.6579637909368	0.200000391067741
27.825	2.9	8.15783868717572e-07	0.821848273348019	-0.0209331193811074	31.6333244041237	0.200000652627095
27.975	2.9	1.08728661467113e-06	0.822952603316114	-0.0217163800814783	31.6086527336277	0.200000869829292
28.125	2.9	1.19426980075541e-06	0.824116809840055	-0.0225085440905862	31.5839470331763	0.200000955415841
28.275	2.9	1.01830439504585e-06	0.825343489616997	-0.0233066180280192	31.5592054888251	0.200000814643516
28.425	2.9	4.58571344720765e-07	0.826635076521049	-0.0241070812878613	31.534426222091	0.200000366857076
28.575	2.9	-5.34713712258912e-07	0.827993718285353	-0.0249057896094358	31.5096072932567	0.19999957222903
28.725	2.9	-1.92623008171998e-06	0.829421129156276	-0.0256978803926592	31.4847467052514	0.199998459015935
28.875	2.9	-3.56847830437825e-06	0.830918430033534	-0.026477697629403	31.4598424089448	0.199997145217357
29.025	2.9	-5.18987347742585e-06	0.832485992449384	-0.027238756276473	31.4348923110769	0.199995848101218
29.175	2.9	-6.40514566436692e-06	0.834123304704951	-0.0279737636085967	31.4098942863171	0.199994875883469
29.325	2.9	-6.75272037122108e-06	0.835828876263574	-0.0286747081347412	31.3848461950381	0.199994597823703
29.475	2.9	-5.76026752553141e-06	0.837600189605952	-0.0293330158174314	31.3597459083297	0.19999539178598
29.625	2.9	-3.03556906980491e-06	0.839433697850273	-0.0299397606456142	31.334591341614	0.199997571544744
29.775	2.9	1.62456422646575e-06	0.841324853398383	-0.030485904962615	31.3093804980169	0.200001299651381
29.925	2.9	8.11973905836571e-06	0.84326814040228	-0.0309625374020687	31.2841115223814	0.200006495791247
30.075	2.9	1.59447827365865e-05	0.845257074841681	-0.0313610751872403	31.2587827662846	0.200012755826189
30.225	2.9	2.4129290680607e-05	0.847284132748682	-0.0316734038018401	31.2333928633052	0.200019303432544
30.375	2.9	3.12542623881964e-05	0.849340570632705	-0.0318919398023875	31.207940811672	0.200025003409911
30.525	2.9	3.55873581195834e-05	0.851416112130408	-0.0320096194679225	31.1824260581441	0.200028469886496
30.675	2.9	3.53715559302709e-05	0.853498490088589	-0.0320198341321552	31.1568485730282	0.200028297244744
30.825	2.9	2.92724919781114e-05	0.85557285262196	-0.0319163499443751	31.1312089032421	0.200023417993583
30.975	2.9	1.69285062708001e-05	0.857621065076356	-0.0316932642723301	31.105508191131	0.200013542805017
31.125	2.9	-5.4482385324559e-07	0.859620968329828	-0.0313450630311919	31.079748154959	0.199999564140917
31.275	2.9	-2.03463923055814e-05	0.861545687680654	-0.0308668524321255	31.0539310454333	0.199983722886156
31.425	2.9	-3.83925605101626e-05	0.86336312123239	-0.0302548413344897	31.0280596207414	0.199969285951592
31.575	2.9	-5.05981391955965e-05	0.865035757777547	-0.0295071366540468	31.0021372133724	0.199959521488644
31.725	2.9	-5.50605162894214e-05	0.866520954524442	-0.0286248677246725	30.9761679798826	0.199955951586968
31.875	2.9	-5.46945016402064e-05	0.867771709694745	-0.0276135588886662	30.9501574067628	0.199956244398688
32.025	2.9	-5.92101486154902e-05	0.868737769883718	-0.026484518296614	30.9241130682628	0.199952631881108
32.175	2.9	-8.47149360238178e-05	0.869366634938479	-0.0252558314479778	30.898045485712	0.199932228051181
32.325	2.9	-0.000149061940074454	0.869603753954159	-0.0239524127735776	30.8719687457678	0.19988075044794
32.475	2.9	-0.000261872322892418	0.869391111151621	-0.0226045963547392	30.8459003704321	0.199790502141686
32.625	2.9	-0.000410340429942485	0.868663680363867	-0.0212450859608632	30.8198599197715	0.199671727656046
32.775	2.9	-0.000545430146083314	0.867344027942897	-0.0199048779558574	30.793866097089	0.199563655883133
32.925	2.9	-0.000576998271200081	0.865336630325493	-0.0186100811982944	30.7679328162341	0.19953840138304
33.075	2.9	-0.00038880337924146	0.862524833660783	-0.0173831916553096	30.7420657307271	0.199688957296607
33.225	2.9	0.000117436668285578	0.858773787050302	-0.0162535976708121	30.7162618108312	0.200093949334628
33.375	2.9	0.000948379892081469	0.853940510096638	-0.0152815139873772	30.6905150991363	0.200758703913665
33.525	2.9	0.00193155343578927	0.847886420506573	-0.0145958965523392	30.6648310138233	0.201545242748631
33.675	2.9	0.00265109637650069	0.840479917915159	-0.0144406774930545	30.639248856803	0.202120877101201
33.825	2.9	0.00246216232534491	0.831572528247236	-0.0152175965072422	30.6138674523648	0.201969729860276
33.975	2.9	0.000641454820690515	0.820936663286206	-0.0175089839486687	30.5888631131362	0.200513163856552
34.125	2.9	-0.00329720983095409	0.808164164222718	-0.022052618088708	30.5644848700604	0.197362232135237
34.275	2.9	-0.00915833892417277	0.792535745685989	-0.0296072749810382	30.5410127881214	0.192673328860662
34.425	2.9	-0.0156129517814634	0.772889189169808	-0.040589912446286	30.5186747199517	0.187509638574829
34.575	2.9	-0.0199262480558509	0.747588279108976	-0.0543703255473886	30.4975355363655	0.184059001555319
34.725	2.9	-0.0180442287009503	0.714900261002649	-0.068456338398008	30.4773946142836	0.18556461703924
34.875	2.9	-0.00511675186462091	0.674206181536065	-0.0786427692710214	30.4577374784192	0.195906598508303
35.025	2.9	0.0236162029699565	0.627561043593678	-0.081222842136329	30.4377701823681	0.218892962375965
35.175	2.9	0.0717445262530664	0.579581356714642	-0.075713934782274	30.416526869648	0.257395621002453
35.325	2.9	0.140579926202948	0.535068291194095	-0.0648270944226365	30.3930156713982	0.312463940962358
35.475	2.9	0.228210828198999	0.496932170858928	-0.052017510881523	30.3663700055629	0.382568662559199
35.625	2.9	0.329100259349075	0.466025585847897	-0.039665180577312	30.3359824686018	0.46328020747926
35.775	2.9	0.434743592674304	0.441947131156784	-0.0288488732434633	30.3015998765322	0.547794874139443
35.925	2.9	0.535531110513546	0.423759292245079	-0.0198154358737741	30.2633535566753	0.628424888410837
36.075	2.9	0.623121619288929	0.410396304510689	-0.0124251190772636	30.2217096107496	0.698497295431143
36.225	2.9	0.692165119990443	0.400869647486605	-0.00640705780596843	30.1773553440486	0.753732095992354
36.375	2.9	0.740705533540951	0.394361821886459	-0.00147482702167418	30.1310651148636	0.792564426832761
36.525	2.9	0.769498831612596	0.390249425996373	0.00263109995929591	30.0835881986502	0.815599065290077
36.675	2.9	0.780928081881522	0.388083960957273	0.00613332691118383	30.0355789947418	0.824742465505217
36.825	2.9	0.778050819298489	0.387555663969467	0.0092203613946844	29.9875674018153	0.822440655438791
36.975	2.9	0.763975717890217	0.388457193982651	0.0120539064651104	29.9399565344536	0.811180574312173
37.125	2.9	0.741538069849792	0.390654429483972	0.0147771905236188	29.8930347229021	0.793230455879834
37.275	2.9	0.713170814044858	0.394065641010555	0.0175228187707112	29.8469928370963	0.770536651235887
37.425	2.9	0.680880340382239	0.398647909541993	0.0204192040627042	29.8019421170847	0.744704272305791
37.575	2.9	0.646270991091243	0.404389120973196	0.023594673709771	29.7579303966818	0.717016792872994
37.725	2.9	0.610590134524052	0.411303822973117	0.0271782911070747	29.7149559799068	0.688472107619242
37.875	2.9	0.574780784482938	0.419431140613175	0.0312966171321876	29.6729790337196	0.659824627586351
38.025	2.9	0.539534200798974	0.428832827024865	0.0360663544543333	29.6319306810608	0.631627360639179
38.175	2.9	0.505335892196487	0.439589686744705	0.0415842325059586	29.5917202697128	0.604268713757189
38.325	2.9	0.47249903653396	0.451795472704816	0.0479175045237675	29.5522415926838	0.577999229227168
38.475	2.9	0.441181691709427	0.465549240966898	0.0551005220478452	29.5133790392153	0.552945353367542
38.625	2.9	0.411388624474876	0.480949953483074	0.0631440088458148	29.4750146058169	0.529110899579901
38.775	2.9	0.382964143344113	0.498100009927655	0.0720625879877103	29.4370362804532	0.506371314675291
38.925	2.9	0.355587256839567	0.517125792716562	0.0819220052161961	29.3993475387568	0.484469805471653
39.075	2.9	0.328782875971327	0.53822167628181	0.0929010058879077	29.3618767307927	0.463026300777062
39.225	2.9	0.30196110844885	0.561719101669341	0.105356470240027	29.3245843012268	0.44156888675908
39.375	2.9	0.274490435774932	0.588176166590492	0.119877278763622	29.2874654272741	0.419592348619946
39.525	2.9	0.245800790738422	0.618478485652329	0.13731362963739	29.2505460354842	0.396640632590738
39.675	2.9	0.215502037358469	0.653939435947974	0.158771656454516	29.2138713179362	0.372401629886775
39.825	2.9	0.183495862143596	0.696383068354959	0.185562720066872	29.1774876019459	0.346796689714877
39.975	2.9	0.150057769907088	0.748176007383938	0.219086980893081	29.1414203150725	0.32004621592567
40.125	2.9	0.115871388256448	0.812131189262644	0.260609346851737	29.105652331943	0.292697110605159
40.275	2.9	0.0820067012932912	0.891124228047378	0.31085809761263	29.0701077793136	0.265605361034633
40.425	2.9	0.0498417610164187	0.987161564615629	0.369363747051061	29.0346461202479	0.239873408813135
40.575	2.9	0.020929946894789	1.09964729327132	0.433506615687216	28.9990696364475	0.216743957515831
40.725	2.9	-0.00318519321210799	1.22304425189115	0.497457949475466	28.9631435483833	0.197451845430314
40.875	2.9	-0.0211971981623182	1.34531361558818	0.551773974785866	28.9266219330739	0.183042241470145
41.025	2.9	-0.0322699675788158	1.44963090856606	0.585179872497729	28.88926878248	0.174184025936947
41.175	2.9	-0.0362087152956612	1.52042539004127	0.589296722783165	28.8508711687409	0.171033027763471
41.325	2.9	-0.0334959716561699	1.55029374434768	0.56345018204964	28.8112558950959	0.173203222675064
41.475	2.9	-0.0251677600918337	1.5422796723836	0.514958201297424	28.7703164069567	0.179865791926533
41.625	2.9	-0.0125789684302686	1.50638046974996	0.454710062719487	28.7280348887022	0.189936825255785
41.775	2.9	0.00285038921206467	1.4541674562389	0.392335375697515	28.6844812697412	0.202280311369652
41.925	2.9	0.0198318257259801	1.39518636589011	0.334015681652314	28.6397900549527	0.215865460580784
42.075	2.9	0.0373193799448241	1.33583653667739	0.282669205821682	28.5941295055005	0.229855503955859
42.225	2.9	0.0545455652531781	1.2797369706178	0.239036380901108	28.5476752408506	0.243636452202542
42.375	2.9	0.0710077090969632	1.2285551745488	0.202701639804214	28.5005923329184	0.256806167277571
42.525	2.9	0.0864282108284598	1.18276817848858	0.172765958845003	28.4530250771511	0.269142568662768
42.675	2.9	0.100705117637968	1.14220310067856	0.148211162235203	28.4050923532111	0.280564094110374
42.825	2.9	0.113862940011168	1.10637421478323	0.128068827960823	28.3568867236815	0.291090352008934
42.975	2.9	0.126009050173816	1.07467688687174	0.111484574912809	28.3084758953207	0.300807240139053
43.125	2.9	0.137298000896081	1.04649268302279	0.0977327297661736	28.2599055471672	0.309838400716865
43.275	2.9	0.147904205177053	1.02124299955327	0.0862101941264669	28.2112028095398	0.318323364141643
43.425	2.9	0.158002309280447	0.998414018991072	0.0764231411544469	28.162379895	0.326401847424357
43.575	2.9	0.167754045870125	0.97756603527873	0.0679723641901522	28.1134375554518	0.3342032366961
43.725	2.9	0.177300189951875	0.958334325713609	0.0605394283164364	28.0643681750777	0.3418401519615
43.875	2.9	0.18675631107029	0.940425439157205	0.0538742058374408	28.0151584099923	0.349405048856232
44.025	2.9	0.196211208250177	0.923610990265542	0.0477837996027825	27.9657913561234	0.356968966600141
44.175	2.9	0.205727150718319	0.90772013085777	0.0421227105935589	27.9162482717716	0.364581720574655
44.325	2.9	0.215341277847823	0.89263141113892	0.036784116715542	27.8665099059909	0.372273022278258
44.475	2.9	0.225067708980697	0.878264515214778	0.0316921767831893	27.8165574938101	0.380054167184558
44.625	2.9	0.234900066795806	0.864572231256978	0.0267953103833759	27.7663734793216	0.387920053436645
44.775	2.9	0.244814226246183	0.851532932834308	0.0220604190486591	27.7159420219654	0.395851380996947
44.925	2.9	0.254771170648962	0.83914377608385	0.0174680100842807	27.6652493330936	0.40381693651917
45.075	2.9	0.264719876381264	0.827414748506196	0.0130081690005675	27.6142838812782	0.411775901105011
45.225	2.9	0.274600167493057	0.816363640223379	0.00867730759478439	27.5630364969975	0.419680133994446
45.375	2.9	0.284345491125696	0.806011950399105	0.00447559840397422	27.511500400703	0.427476392900557
45.525	2.9	0.293885570029442	0.796381694436001	0.000404996360408809	27.4596711726401	0.435108456023553
45.675	2.9	0.303148891851054	0.787493046039849	-0.00353225276648014	27.4075466778616	0.442519113480843
45.825	2.9	0.31206500248335	0.779362725281495	-0.0073347090081118	27.3551269552583	0.44965200198668
45.975	2.9	0.320566577698353	0.772003032709347	-0.0110025144471335	27.3024140749526	0.456453262158682
46.125	2.9	0.328591250713757	0.765421425895455	-0.0145379019601253	27.2494119644554	0.462873000571005
46.275	2.9	0.336083169521528	0.75962053739057	-0.017945467176164	27.196126201321	0.468866535617223
46.425	2.9	0.342994251243019	0.754598534095157	-0.0212322155211767	27.1425637695304	0.474395400994415
46.575	2.9	0.349285094995535	0.750349714811517	-0.0244073860870387	27.0887327790694	0.479428075996428
46.725	2.9	0.354925507524893	0.746865243164062	-0.0274820569229425	27.0346421535014	0.483940406019914
46.875	2.9	0.359894597400185	0.744133914100545	-0.0304685523738262	26.9803012983638	0.487915677920148
47.025	2.9	0.364180408831208	0.742142857787366	-0.0333796991840058	26.9257197725529	0.491344327064966
47.175	2.9	0.367779096550276	0.740878098537091	-0.0362280094523895	26.8709069934501	0.494223277240221
47.325	2.9	0.370693687986947	0.740324909323192	-0.0390248972543403	26.8158720119846	0.496554950389558
47.475	2.9	0.372932531865002	0.740467933997867	-0.0417800525876414	26.7606233938638	0.498346025492002
47.625	2.9	0.374507583095937	0.741291085935316	-0.0445010936947358	26.705169236411	0.499606066476749
47.775	2.9	0.375432710147746	0.742777267487044	-0.047193592876787	26.6495173367963	0.500346168118197
47.925	2.9	0.375722221692362	0.744907982169535	-0.0498615236193986	26.5936755085453	0.50057777735389
48.075	2.9	0.375389787444583	0.747662924542685	-0.05250811685318	26.537652022182	0.500311829955666
48.225	2.9	0.374447874060793	0.751019628187567	-0.0551370558385913	26.4814561267549	0.499558299248634
48.375	2.9	0.372907739675408	0.754953232220241	-0.0577538994564024	26.4250985957342	0.498326191740326
48.525	2.9	0.370779946831238	0.759436399665076	-0.0603676173517914	26.3685922360086	0.496623957464991
48.675	2.9	0.368075284675184	0.764439400142634	-0.0629921544346189	26.3119523026608	0.494460227740147
48.825	2.9	0.364805958514578	0.769930370298366	-0.0656480110856494	26.2551967720423	0.491844766811662
48.975	2.9	0.360986922799471	0.77587580152382	-0.0683639077581132	26.1983464356286	0.488789538239577
49.125	2.9	0.356637304180227	0.782241381181252	-0.0711786611833003	26.1414247796149	0.485309843344182
49.275	2.9	0.351781968770184	0.788993422206893	-0.0741433840744725	26.0844576029812	0.481425575016147
49.425	2.9	0.346453397023764	0.796101228393987	-0.0773239767258938	26.0274722960239	0.477162717619011
49.575	2.9	0.340694089239418	0.8035408072493	-0.0808035635976009	25.9704966552891	0.472555271391535
49.725	2.9	0.3345596762317	0.811300284944385	-0.0846840311028657	25.9135570627508	0.46764774098536
49.875	2.9	0.328122704795836	0.819387111292636	-0.0890851988258514	25.8566758316347	0.462498163836669
50.025	2.9	0.321476690870297	0.827836588720984	-0.0941395567409558	25.7998675524176	0.457181352696237
50.175	2.9	0.314739526836667	0.836720388946217	-0.0999801982017705	25.7431343962019	0.451791621469333
50.325	2.9	0.308054809145998	0.846152616739932	-0.106719960239266	25.6864605740461	0.446443847316798
50.475	2.9	0.301589305307586	0.856289915788687	-0.114421279360076	25.6298065073116	0.441271444246069
50.625	2.9	0.295524830286032	0.867321621663905	-0.123059165984631	25.5731036876962	0.436419864228825
50.775	2.9	0.290043449091462	0.879446815192389	-0.132483794100595	25.5162515920008	0.43203475927317
50.925	2.9	0.285306244784498	0.892838031067228	-0.142393410594468	25.4591182097677	0.428244995827598
51.075	2.9	0.281427759891585	0.907596373000535	-0.152330469746078	25.4015455663342	0.425142207913268
51.225	2.9	0.278450238763609	0.923708492802259	-0.161711542485201	25.3433609519943	0.422760191010888
51.375	2.9	0.276323330186344	0.941019354974876	-0.169893303415607	25.2843934126776	0.421058664149075
51.525	2.9	0.274895216733789	0.959232755796691	-0.176264588172695	25.2244936462312	0.419916173387031
51.675	2.9	0.273919661258757	0.977943385072617	-0.180343468455277	25.1635542082173	0.419135729007006
51.825	2.9	0.273080166456668	0.996693075646486	-0.181854630606363	25.1015263421423	0.418464133165334
51.975	2.9	0.272028064739243	1.01503562091651	-0.180768591688545	25.0384301170377	0.417622451791394
52.125	2.9	0.270427314759088	1.03259342489418	-0.177297194855296	24.9743558427436	0.416341851807271
52.275	2.9	0.267996667749503	1.04909491914638	-0.171852682925798	24.9094565594325	0.414397334199602
52.425	2.9	0.264540666038192	1.06438996595977	-0.164984966187612	24.8439332013988	0.411632532830554
52.575	2.9	0.259964447983328	1.07844687129697	-0.15731214658339	24.7780152981504	0.407971558386663
52.725	2.9	0.254272189350073	1.09133708076377	-0.149455225483292	24.7119405061828	0.403417751480058
52.875	2.9	0.247553311935791	1.10321275551868	-0.141982633500049	24.645935872782	0.398042649548633
53.025	2.9	0.239962797772411	1.11428018298082	-0.135366247743318	24.5802027877162	0.391970238217929
53.175	2.9	0.231701530696119	1.12477020829691	-0.12994875142998	24.5149064721528	0.385361224556895
53.325	2.9	0.223000133985256	1.13490655940227	-0.125922190775405	24.4501699402721	0.378400107188205
53.475	2.9	0.214106597774657	1.14487413720394	-0.123318555420236	24.3860718430351	0.371285278219725
53.625	2.9	0.205275503298243	1.15479142251297	-0.122014280559966	24.3226474665048	0.364220402638594
53.775	2.9	0.196755791942592	1.16469306903529	-0.121750943019034	24.2598922639739	0.357404633554074
53.925	2.9	0.188774971408199	1.17452928019511	-0.122173362499957	24.1977674566425	0.35101997712656
54.075	2.9	0.181519851106943	1.18418660923927	-0.122883339271613	24.1362072916535	0.345215880885554
54.225	2.9	0.175116378494055	1.19352996855317	-0.123502624379264	24.0751274496103	0.340093102795244
54.375	2.9	0.169612904089556	1.20245884765195	-0.123733902373946	24.0144338985684	0.335690323271644
54.525	2.9	0.16497155531043	1.21096454433709	-0.123406040438009	23.9540313098238	0.331977244248344
54.675	2.9	0.16107118658877	1.21917272840854	-0.122491834874188	23.8938300968752	0.328856949271016
54.825	2.9	0.157722958101901	1.22735867364136	-0.121093228537355	23.8337512825944	0.326178366481521
54.975	2.9	0.154696704233318	1.23593001718297	-0.119398086907765	23.7737287426989	0.323757363386655
55.125	2.9	0.151753721781078	1.24538059957164	-0.117620272810887	23.7137088494866	0.321402977424863
55.275	2.9	0.148680124863605	1.25622528626066	-0.115938035307273	23.6536480328803	0.318944099890884
55.425	2.9	0.145314835236862	1.26892805061658	-0.11444420235297	23.5935091565309	0.31625186818949
55.575	2.9	0.141567562089814	1.28383468648498	-0.113117065239902	23.533257772899	0.313254049671851
55.725	2.9	0.137424382815606	1.30111910754011	-0.111815457557156	23.472859232136	0.309939506252485
55.875	2.9	0.132941156768082	1.3207496902418	-0.110296876825633	23.4122773087693	0.306352925414466
56.025	2.9	0.128227336621404	1.34247984239476	-0.108254019187913	23.3514745727326	0.302581869297123
56.175	2.9	0.123424265772218	1.36586442814715	-0.105362682729926	23.290414290708	0.298739412617774
56.325	2.9	0.118682499816631	1.39030034090617	-0.101332574862691	23.2290633116389	0.294945999853305
56.475	2.9	0.114142102465381	1.41508557340031	-0.0959523383583676	23.1673952334648	0.291313681972305
56.625	2.9	0.109918539009962	1.43948761785714	-0.089121374054757	23.1053931750313	0.28793483120797
56.775	2.9	0.10609516788021	1.4628102995313	-0.0808637858511466	23.0430516461831	0.284876134304168
56.925	2.9	0.102721857211952	1.48444906111361	-0.0713234871895439	22.9803772520265	0.282177485769562
57.075	2.9	0.0998182451102431	1.50392805096954	-0.0607432342460037	22.9173882150381	0.279854596088195
57.225	2.9	0.0973797411388946	1.52091690664451	-0.0494330725780458	22.854112898852	0.277903792911116
57.375	2.9	0.0953844682635571	1.53522931274634	-0.0377347626423252	22.7905876419208	0.276307574610846
57.525	2.9	0.0937997858488572	1.54680811007286	-0.0259881691385595	22.7268542524895	0.275039828679086
57.675	2.9	0.0925876006905127	1.55570260024719	-0.0145038809873184	22.6629574906431	0.27407008055241
57.825	2.9	0.0917081897059423	1.56204308759902	-0.00354421419848216	22.5989427914004	0.273366551764754
57.975	2.9	0.0911226258162933	1.56601631544283	0.00668713165102022	22.5348543908742	0.272898100653035
58.125	2.9	0.0907940950169297	1.56784393673994	0.0160477990905423	22.4707339279781	0.272635276013544
58.275	2.9	0.0906884515315391	1.56776489512188	0.0244535967545843	22.4066195215429	0.272550761225231
58.425	2.9	0.0907743201059315	1.56602175162084	0.0318713325427465	22.3425452733023	0.272619456084745
58.575	2.9	0.0910229612678905	1.5628505645863	0.0383094379659331	22.2785411221004	0.272818369014312
58.725	2.9	0.091408013571614	1.55847378534016	0.0438078439566981	22.2146329706899	0.273126410857291
58.875	2.9	0.0919051489483353	1.55309564383177	0.0484281780415654	22.1508430166794	0.273524119158668
59.025	2.9	0.0924916389054921	1.54689956669443	0.0522449765188413	22.087190235306	0.273993311124394
59.175	2.9	0.0931458315055761	1.54004723515762	0.0553382848042036	22.0236909764034	0.274516665204461
59.325	2.9	0.0938465722821755	1.53267892898311	0.0577877730283822	21.9603596459309	0.27507725782574
59.475	2.9	0.094572648652474	1.52491481773625	0.0596683282888066	21.8972094413305	0.275658118921979
59.625	2.9	0.0953023732214388	1.51685686940066	0.0610469968140138	21.8342531008795	0.276241898577151
59.775	2.9	0.0960134215034138	1.50859106987791	0.0619811270291938	21.7715036148894	0.276810737202731
59.925	2.9	0.096682984964898	1.50018970194505	0.0625175868431642	21.7089748390232	0.277346387971918
60.075	2.9	0.0972881877821443	1.491713523342	0.0626929649972679	21.646681956358	0.277830550225715
60.225	2.9	0.0978065674134136	1.48321379797855	0.0625346811314405	21.5846417623333	0.278245253930731
60.375	2.9	0.0982162865576342	1.47473424062197	0.0620628885936131	21.5228727964033	0.278573029246107
60.525	2.9	0.0984957022527095	1.46631298990352	0.0612929379923959	21.4613954069112	0.278796561802168
60.675	2.9	0.0986220453592059	1.45798468333264	0.0602379857460074	21.4002318903709	0.278897636287365
60.825	2.9	0.0985693100795372	1.4497825468113	0.0589111274826584	21.3394068623348	0.27885544806363
60.975	2.9	0.0983060002581935	1.4417401454395	0.0573262999252063	21.2789479618661	0.278644800206555
61.125	2.9	0.0977940087878323	1.43389214203225	0.0554972415401498	21.2188868439031	0.278235207030266
61.275	2.9	0.0969903913089528	1.42627319716278	0.0534341344966291	21.1592601787679	0.277592313047162
61.425	2.9	0.0958538289507032	1.41891417010547	0.0511382087035775	21.1001101011529	0.276683063160563
61.575	2.9	0.0943568476256522	1.41183517977694	0.048595511161502	21.0414833230851	0.275485478100522
61.725	2.9	0.0925031794346438	1.40503593874596	0.0457720582467466	20.9834280743041	0.274002543547715
61.875	2.9	0.0903470751690385	1.39848508495036	0.0426134236747054	20.9259882967886	0.272277660135231
62.025	2.9	0.0880083390606686	1.3921119189716	0.0390520863488534	20.8691952003061	0.270406671248535
62.175	2.9	0.0856742125615507	1.38580576432437	0.0350250118132897	20.8130573917855	0.268539370049241
62.325	2.9	0.0835781828076806	1.37942949143572	0.0305012603086105	20.7575521782187	0.266862546246144
62.475	2.9	0.0819476396793194	1.37285332584846	0.0255144949907797	20.7026219718514	0.265558111743456
62.625	2.9	0.0809180666986685	1.36601111963325	0.0201891261292651	20.6481804771463	0.264734453358935
62.775	2.9	0.080421355731733	1.35897283841956	0.0147450479600451	20.5941329097414	0.264337084585386
62.925	2.9	0.080068892242028	1.35201652568733	0.00946960074122377	20.5404124017062	0.264055113793622
63.075	2.9	0.0790638598115077	1.34567744812411	0.00465833253243146	20.4870308464806	0.263251087849206
63.225	2.9	0.0761881585935639	1.3407588117986	0.000541781120195883	20.4341370860741	0.260950526874851
63.375	2.9	0.0699133369595987	1.33830652516532	-0.00277858935306264	20.3820693309771	0.255930669567679
63.525	2.9	0.0586784959877378	1.33956774330962	-0.00537336720788691	20.3313829805541	0.24694279679019
63.675	2.9	0.0413591621352418	1.34595216681699	-0.0075188098242747	20.282830349472	0.233087329708193
63.825	2.9	0.0179183356862006	1.35897355409612	-0.00975734958502797	20.2372656616123	0.21433466854896
63.975	2.9	-0.00982005146762933	1.37998948177164	-0.0130267744225396	20.1954478055884	0.192143958825897
64.125	2.9	-0.0374196109361146	1.40897408573594	-0.0187927605836266	20.1577186689642	0.170064311251108
64.275	2.9	-0.05739350226065	1.44002987893624	-0.0285733414077881	20.1235629433515	0.15408519819148
64.425	2.9	-0.0595659695894688	1.45319517030622	-0.0414713602679036	20.0911524821764	0.152347224328425
64.575	2.9	-0.0327289057827649	1.42243616253555	-0.0518268184609632	20.057145868172	0.173816875373788
64.725	2.9	0.0323760440097328	1.3496113706441	-0.0544951639158101	20.016979459421	0.225900835207786
64.875	2.9	0.139275665640189	1.26152720605109	-0.0505808144884852	19.965682367424	0.311420532512151
65.025	2.9	0.282239547295891	1.17812304192325	-0.0438006480206162	19.899119817138	0.425791637836713
65.175	2.9	0.445346063164754	1.10670725683461	-0.0366019527250914	19.81519188555	0.556276850531804
65.325	2.9	0.606762505859016	1.04814808782694	-0.0299598616659853	19.7144291289554	0.685410004687213
65.475	2.9	0.746986325007796	1.00069820128629	-0.0241281530828462	19.599668529819	0.797589060006237
65.625	2.9	0.855268500110449	0.961938049832673	-0.0191137099792553	19.4749853476482	0.884214800088359
65.775	2.9	0.93032966691128	0.929794588428632	-0.0148680945586855	19.3445005716976	0.944263733529024
65.925	2.9	0.977027776093096	0.902819180939767	-0.0113423576724293	19.2115939548108	0.981622220874477
66.075	2.9	1.00252874279617	0.880056415630464	-0.00849267667518152	19.0786323608733	1.00202299423693
66.225	2.9	1.01380579804418	0.860838883748605	-0.00627435367497135	18.9470429254132	1.01104463843534
66.375	2.9	1.01652510736594	0.844648798534824	-0.00463642086548545	18.8175283994908	1.01322008589275
66.525	2.9	1.01478992080326	0.831051810592844	-0.00351955407211969	18.6902983869619	1.0118319366426
66.675	2.9	1.01129035610217	0.819671781189253	-0.0028571911500265	18.5652629706111	1.00903228488173
66.825	2.9	1.00760029773788	0.810181914386657	-0.00257888358250088	18.4421757999031	1.0060802381903
66.975	2.9	1.0044958045256	0.802300250983992	-0.00261454321138186	18.3207305665994	1.00359664362048
67.125	2.9	1.00223765411065	0.795785457123159	-0.00289829643753357	18.2006200481936	1.00179012328852
67.275	2.9	1.0007943696507	0.790432230955566	-0.00337111250956967	18.0815675632484	1.00063549572056
67.425	2.9	1.00000076729968	0.786066599063206	-0.00398198390212241	17.963339684027	1.00000061383974
67.575	2.9	0.999658282248778	0.782541413012309	-0.00468791484830184	17.8457474387842	0.999726625799022
67.725	2.9	0.999589255721466	0.779732215749316	-0.00545318312650151	17.7286414381241	0.999671404577172
67.875	2.9	0.999659046666239	0.77753355068203	-0.00624831721289882	17.6119046390015	0.999727237332991
68.025	2.9	0.999778543579819	0.775855743600174	-0.00704909056009434	17.4954449975684	0.999822834863856
68.175	2.9	0.999896815428941	0.774622165163556	-0.00783567955204295	17.3791891523098	0.999917452343153
68.325	2.9	0.9999904499014	0.773766960186744	-0.0085920162933165	17.2630775310049	0.99999235992112
68.475	2.9	1.00005333887463	0.773233207798266	-0.00930530433437169	17.1470608377586	1.0000426710997
68.625	2.9	1.00008861188413	0.77297145877037	-0.00996564442115771	17.0310976702651	1.0000708895073
68.775	2.9	1.00010311083406	0.77293858666027	-0.0105657215415368	16.9151529614712	1.00008248866725
68.925	2.9	1.00010410516617	0.773096888280721	-0.0111005193157188	16.7991969666788	1.00008328413293
69.075	2.9	1.0000976782308	0.773413374445232	-0.0115670436584979	16.6832045789903	1.00007814258464
69.225	2.9	1.00008819949199	0.773859201139475	-0.0119640499843355	16.5671548234042	1.00007055959359
69.375	2.9	1.0000784023622	0.774409201776301	-0.0122917757724259	16.4510304377067	1.00006272188976
69.525	2.9	1.00006972881444	0.775041491256197	-0.0125516836595677	16.3348174911648	1.00005578305155
69.675	2.9	1.0000627327205	0.775737121205353	-0.0127462206864345	16.2185050200927	1.0000501861764
69.825	2.9	1.00005743444128	0.776479772612383	-0.0128785981968928	16.1020846754365	1.00004594755303
69.975	2.9	1.00005358630768	0.777255477147295	-0.0129525951772572	15.9855503851232	1.00004286904615
70.125	2.9	1.00005084729902	0.778052361943761	-0.0129723861401136	15.8688980362506	1.00004067783922
70.275	2.9	1.00004888331	0.778860414873464	-0.0129423933059602	15.7521251817127	1.000039106648
70.425	2.9	1.00004741452944	0.779671268662274	-0.0128671618971999	15.6352307742225	1.00003793162355
70.575	2.9	1.00004622967047	0.780478002880525	-0.0127512567971177	15.5182149288756	1.00003698373638
70.725	2.9	1.00004518220517	0.781274963116712	-0.0125991785524062	15.401078713882	1.00003614576413
70.875	2.9	1.00004417879406	0.78205759669033	-0.0124152966221766	15.2838239680288	1.00003534303525
71.025	2.9	1.00004316593628	0.782822304195827	-0.0122037978177867	15.1664531428114	1.00003453274902
71.175	2.9	1.00004211787239	0.783566306073713	-0.011968647981728	15.0489691668923	1.00003369429792
71.325	2.9	1.00004102688349	0.78428752331643	-0.0117135650841039	14.9313753304993	1.00003282150679
71.475	2.9	1.00003989609632	0.784984471357182	-0.0114420020521043	14.8136751874738	1.00003191687705
71.625	2.9	1.00003873444268	0.785656166162288	-0.0111571377833075	14.6958724728432	1.00003098755414
71.775	2.9	1.00003755329245	0.786302041547486	-0.0108618749261237	14.5779710339842	1.00003004263396
71.925	2.9	1.00003636431263	0.786921876758969	-0.0105588431401844	14.4599747736328	1.00002909145011
72.075	2.9	1.00003517819493	0.787515733394769	-0.0102504066792136	14.3418876031772	1.00002814255594
72.225	2.9	1.00003400398688	0.788083900782274	-0.00993867526821984	14.2237134048341	1.0000272031895
72.375	2.9	1.00003284883549	0.788626848974015	-0.00962551737624919	14.1054560014565	1.00002627906839
72.525	2.9	1.0000317180046	0.789145188569089	-0.00931257511333902	13.9871191328621	1.00002537440368
72.675	2.9	1.00003061506274	0.789639636615899	-0.0090012801039373	13.8687064376944	1.00002449205019
72.825	2.9	1.000029542163	0.790110987898782	-0.00869286980496156	13.7502214399459	1.0000236337304
72.975	2.9	1.00002850035619	0.790560090960805	-0.00838840384413192	13.6316675393819	1.00002280028495
73.125	2.9	1.0000274898948	0.790987828263645	-0.00808878004945546	13.5130480051987	1.00002199191584
73.275	2.9	1.0000265105004	0.791395099936427	-0.00779474992457963	13.3943659723427	1.00002120840032
73.425	2.9	1.00002556157972	0.791782810615468	-0.00750693339467036	13.2756244399934	1.00002044926377
73.575	2.9	1.00002464238517	0.792151858927022	-0.00722583270629636	13.1568262717899	1.00001971390814
73.725	2.9	1.00002375212332	0.792503129213635	-0.0069518454110532	13.0379741974389	1.00001900169866
73.875	2.9	1.00002289001918	0.792837485151627	-0.00668527639944434	12.9190708154023	1.00001831201534
74.025	2.9	1.0000220553469	0.793155764950372	-0.00642634897972809	12.8001185964078	1.00001764427752
74.175	2.9	1.00002124743717	0.793458777865449	-0.00617521501675815	12.6811198875711	1.00001699794974
74.325	2.9	1.00002046567067	0.793747301793981	-0.00593196416124112	12.5620769169506	1.00001637253653
74.475	2.9	1.00001970946479	0.794022081753818	-0.00569663220989787	12.4429917983922	1.00001576757183
74.625	2.9	1.000018978259	0.794283829078262	-0.00546920864403953	12.323866536543	1.0000151826072
74.775	2.9	1.00001827150179	0.79453322118308	-0.00524964339832756	12.2047030319399	1.00001461720143
74.925	2.9	1.00001758864092	0.794770901786038	-0.00503785291299394	12.0855030860959	1.00001407091274
75.075	2.9	1.0000169291173	0.794997481478056	-0.00483372552420178	11.9662684065244	1.00001354329384
75.225	2.9	1.00001629236213	0.795213538562704	-0.00463712624587165	11.8470006116557	1.0000130338897
75.375	2.9	1.00001567779663	0.795419620094293	-0.0044479009951308	11.7277012356093	1.0000125422373
75.525	2.9	1.00001508483354	0.795616243058194	-0.0042658803115358	11.6083717327991	1.00001206786683
75.675	2.9	1.00001451287962	0.795803895646351	-0.00409088261772665	11.4890134823518	1.0000116103037
75.825	2.9	1.00001396133858	0.795983038590998	-0.00392271706595371	11.3696277923281	1.00001116907086
75.975	2.9	1.000013429614	0.796154106525871	-0.00376118601273244	11.2502159037408	1.0000107436912
76.125	2.9	1.00001291711197	0.796317509351596	-0.00360608716010485	11.1307789943671	1.00001033368958
76.275	2.9	1.00001242324345	0.796473633586169	-0.00345721539932867	11.0113181823564	1.00000993859476
76.425	2.9	1.00001194742611	0.796622843686621	-0.00331436438988007	10.8918345296367	1.00000955794089
76.575	2.9	1.00001148908584	0.796765483330909	-0.00317732790349794	10.772329045126	1.00000919126867
76.725	2.9	1.00001104765795	0.796901876652686	-0.00304590096056842	10.6528026877536	1.00000883812636
76.875	2.9	1.0000106225881	0.797032329422991	-0.00291988078326856	10.5332563693004	1.00000849807048
77.025	2.9	1.00001021333299	0.797157130176243	-0.00279906758773527	10.4136909570659	1.00000817066639
77.175	2.9	1.00000981936091	0.797276551278146	-0.00268326523512729	10.2941072763707	1.00000785548873
77.325	2.9	1.00000944015221	0.797390849935036	-0.00257228175928525	10.1745061129027	1.00000755212177
77.475	2.9	1.00000907519962	0.797500269145276	-0.00246592978703408	10.0548882149165	1.00000726015969
77.625	2.9	1.00000872400847	0.797605038593247	-0.00236402686533011	9.93525429529446	1.00000697920678
77.775	2.9	1.00000838609696	0.797705375488296	-0.00226639570767693	9.81560503347774	1.00000670887756
77.925	2.9	1.0000080609962	0.797801485349915	-0.00217286437119823	9.69594107727549	1.00000644879696
78.075	2.9	1.00000774825034	0.797893562741987	-0.00208326637410602	9.57626304456031	1.00000619860027
78.225	2.9	1.00000744741658	0.797981791958485	-0.00199744076238602	9.45657152485728	1.00000595793326
78.375	2.9	1.00000715806511	0.798066347662872	-0.00191523213327594	9.33686708083358	1.00000572645209
78.525	2.9	1.00000687977908	0.798147395484456	-0.001836490622452	9.21715024969567	1.00000550382326
78.675	2.9	1.00000661215446	0.798225092573684	-0.00176107186063604	9.09742154450007	1.00000528972357
78.825	2.9	1.00000635479994	0.798299588119347	-0.00168883690493732	8.97768145538392	1.00000508383995
78.975	2.9	1.00000610733668	0.798371023830091	-0.00161965214940456	8.85793045072064	1.00000488586935
79.125	2.9	1.00000586939822	0.798439534382601	-0.00155338921871625	8.73816897820598	1.00000469551857
79.275	2.9	1.00000564063015	0.798505247838776	-0.00148992484837705	8.61839746587937	1.00000451250412
79.425	2.9	1.00000542068996	0.798568286034186	-0.00142914075436458	8.49861632308479	1.00000433655197
79.575	2.9	1.00000520924672	0.798628764939692	-0.00137092349481293	8.37882594137557	1.00000416739738
79.725	2.9	1.00000500598088	0.798686794998317	-0.00131516432591023	8.25902669536693	1.0000040047847
79.875	2.9	1.00000481058393	0.79874248143917	-0.00126175905372846	8.13921894353966	1.00000384846715
80.025	2.9	1.00000462275819	0.798795924570023	-0.00121060788382847	8.01940302899859	1.00000369820655
80.175	2.9	1.00000444221644	0.798847220050284	-0.00116161526967385	7.8995792801885	1.00000355377316
80.325	2.9	1.00000426868174	0.798896459145701	-0.00111468976133246	7.77974801157076	1.00000341494539
80.475	2.9	1.00000410188703	0.798943728966162	-0.00106974385501813	7.65990952426294	1.00000328150962
80.625	2.9	1.00000394157492	0.798989112687971	-0.00102669384464273	7.54006410664405	1.00000315325994
80.775	2.9	1.00000378749737	0.799032689761615	-0.000985459675748286	7.42021203492761	1.0000030299979
80.925	2.9	1.0000036394154	0.799074536106167	-0.000945964802448756	7.30035357370456	1.00000291153232
81.075	2.9	1.0000034970988	0.799114724291245	-0.000908136047815019	7.18048897645808	1.00000279767904
81.225	2.9	1.00000336032587	0.799153323707545	-0.000871903468002354	7.06061848605198	1.0000026882607
81.375	2.9	1.00000322888311	0.799190400726586	-0.000837200220355187	6.94074233519439	1.00000258310649
81.525	2.9	1.00000310256496	0.799226018850559	-0.000803962435686657	6.82086074687825	1.00000248205197
81.675	2.9	1.00000298117356	0.799260238852948	-0.000772129094873698	6.70097393480017	1.00000238493885
81.825	2.9	1.00000286451853	0.799293118910408	-0.000741641909848123	6.58108210375871	1.00000229161483
81.975	2.9	1.00000275241668	0.799324714726648	-0.000712445208919097	6.46118545003372	1.00000220193334
82.125	2.9	1.00000264469178	0.799355079648673	-0.000684485826577314	6.34128416174759	1.00000211575342
82.275	2.9	1.00000254117428	0.799384264775897	-0.0006577129975535	6.22137841920966	1.00000203293943
82.425	2.9	1.00000244170096	0.799412319062511	-0.000632078255230746	6.10146839524481	1.00000195336077
82.575	2.9	1.00000234611455	0.799439289413507	-0.000607535334125382	5.98155425550726	1.00000187689164
82.725	2.9	1.0000022542635	0.799465220774505	-0.000584040076507557	5.86163615878041	1.0000018034108
82.875	2.9	1.00000216600191	0.799490156215817	-0.000561550342883838	5.74171425726374	1.00000173280153
83.025	2.9	1.0000020811897	0.799514137010735	-0.000540025926241017	5.62178869684743	1.00000166495176
83.175	2.9	1.00000199969306	0.799537202708346	-0.000519428469844427	5.50185961737571	1.00000159975445
83.325	2.9	1.0000019213847	0.799559391200883	-0.000499721388304761	5.38192715289963	1.00000153710776
83.475	2.9	1.00000184614354	0.799580738785878	-0.000480869791366424	5.26199143192007	1.00000147691483
83.625	2.9	1.00000177385321	0.799601280223095	-0.000462840410090771	5.14205257762197	1.00000141908257
83.775	2.9	1.00000170439928	0.799621048786582	-0.00044560152469887	5.02211070810057	1.00000136351943
83.925	2.9	1.00000163766603	0.799640076311595	-0.000429122893710588	4.9021659365805	1.00000131013282
84.075	2.9	1.00000157353477	0.799658393236362	-0.000413375684092068	4.78221837162854	1.00000125882781
84.225	2.9	1.00000151188628	0.79967602863796	-0.000398332402507118	4.66226811736062	1.00000120950902
84.375	2.9	1.00000145260919	0.799693010261771	-0.000383966827683397	4.54231527364326	1.00000116208736
84.525	2.9	1.00000139561336	0.79970936454389	-0.000370253943206295	4.42235993629009	1.00000111649069
84.675	2.9	1.0000013408427	0.799725116626973	-0.000357169868451692	4.30240219725411	1.00000107267416
84.825	2.9	1.00000128827804	0.799740290371168	-0.000344691782873898	4.18244214481691	1.00000103062243
84.975	2.9	1.00000123791956	0.7997549083633	-0.000332797836773401	4.0624798637771	1.00000099033565
85.125	2.9	1.0000011897446	0.799768991928033	-0.00032146704143415	3.94251543564021	1.00000095179568
85.275	2.9	1.00000114364847	0.799782561143247	-0.000310679135475078	3.82254893881181	1.00000091491877
85.425	2.9	1.00000109939097	0.799795634858126	-0.000300414432665348	3.70258044879417	1.00000087951278
85.575	2.9	1.00000105658053	0.799808230707622	-0.000290653667231044	3.58261003838423	1.00000084526442
85.725	2.9	1.0000010147258	0.79982036511395	-0.000281377858927709	3.46263777786896	1.00000081178064
85.875	2.9	1.0000009733714	0.799832053269277	-0.000272568212640742	3.34266373521301	1.00000077869712
86.025	2.9	1.00000093231861	0.79984330910662	-0.000264206038707788	3.22268797623314	1.00000074585489
86.175	2.9	1.00000089192251	0.79985414528717	-0.000256272632427146	3.10271056475229	1.00000071353801
86.325	2.9	1.00000085344081	0.799864573255701	-0.000248749003394473	2.98273156272078	1.00000068275265
86.475	2.9	1.000000819339	0.799874603430289	-0.000241615332620345	2.86275103028673	1.0000006554712
86.625	2.9	1.00000079326845	0.799884245590481	-0.000234850097481113	2.74276902580178	1.00000063461476
86.775	2.9	1.00000077913236	0.799893509509324	-0.000228428959607839	2.62278560577929	1.00000062330589
86.925	2.9	1.00000077844371	0.799902405848976	-0.000222323725459043	2.50280082488968	1.00000062275496
87.075	2.9	1.00000078554498	0.799910947312052	-0.00021650186422204	2.3828147361572	1.00000062843599
87.225	2.9	1.00000078181994	0.799919149993298	-0.000210927062670854	2.26282739152765	1.00000062545595
87.375	2.9	1.00000073298019	0.799927034754428	-0.000205561002542359	2.14283884277085	1.00000058638415
87.525	2.9	1.00000059673851	0.799934628198827	-0.000200365984657334	2.02284914215701	1.00000047739081
87.675	2.9	1.00000034855808	0.79994196250748	-0.000195307416018416	1.90285834159378	1.00000027884647
87.825	2.9	1.00000002611167	0.799949073310343	-0.000190354903343904	1.78286648840837	1.00000002088933
87.975	2.9	0.999999775499732	0.799955995477103	-0.000185481124186478	1.66287361658738	0.999999820399785
88.125	2.9	0.999999857882592	0.799962758781973	-0.000180658851852231	1.54287973494782	0.999999886306074
88.275	2.9	1.00000055975876	0.799969388677972	-0.000175858077665136	1.42288481840334	1.00000044780701
88.425	2.9	1.00000197098802	0.799975920098953	-0.000171046248721917	1.30288881312794	1.00000157679042
88.575	2.9	1.00000367751864	0.799982430416815	-0.000166194324408703	1.18289166629979	1.00000294201491
88.725	2.9	1.00000455645143	0.799989086804047	-0.000161289303106857	1.06289338037434	1.00000364516114
88.875	2.9	1.00000299203631	0.799996181920557	-0.000156350687226744	0.942894067970295	1.00000239362905
89.025	2.9	0.999997810555371	0.800004107817676	-0.000151445434306394	0.822893953971351	0.999998248444296
89.175	2.9	0.999989893773091	0.80001321210841	-0.000146694710959079	0.702893258749042	0.999991915018473
89.325	2.9	0.999983720755257	0.800023522298504	-0.000142266845354882	0.582891933626434	0.999986976604205
89.475	2.9	0.999987255078396	0.800034432730199	-0.000138353913677634	0.462889330742389	0.999989804062717
89.625	2.9	1.00000831120754	0.800044599941136	-0.000135133858129472	0.342884054034408	1.00000664896604
89.775	2.9	1.00004674291718	0.800042272875271	-0.000132726114785797	0.222874358141231	1.00003739433375
89.925	2.9	1.00008510453815	0.400081301569498	-0.000131172723961172	0.102862399950031	1.00006808363052
0.075	3.1	8.91713731970607e-31	0.399999304641628	-3.7330931828827e-05	36.0880145208288	0.2
0.225	3.1	4.56917008055284e-30	0.799997970622813	-3.69115331071891e-05	36.0640145625503	0.2
0.375	3.1	-3.4552994674524e-30	0.799996800668892	-3.61077700668435e-05	36.0400146425915	0.2
0.525	3.1	5.16170701836194e-30	0.799995885213362	-3.49845108893812e-05	36.0160147545102	0.2
0.675	3.1	-1.45912311269055e-29	0.799995289950088	-3.36273559650701e-05	35.9920148894787	0.2
0.825	3.1	-2.07083545615788e-30	0.799995052193497	-3.21317297019953e-05	35.9680150371132	0.2
0.975	3.1	-3.20329435957947e-29	0.79999518139361	-3.05923395377132e-05	35.9440151863471	0.2
1.125	3.1	-7.85369454702053e-30	0.7999956629669	-2.90946545628333e-05	35.9200153262296	0.2
1.275	3.1	-3.50303054961949e-29	0.799996464137409	-2.77092666484279e-05	35.8960154465691	0.2
1.425	3.1	1.94221888585485e-29	0.799997540467486	-2.64892253203429e-05	35.8720155383813	0.2
1.575	3.1	1.23979271964222e-29	0.799998842012876	-2.54698997643261e-05	35.848015594141	0.2
1.725	3.1	1.06752296162856e-28	0.800000318421764	-2.46706469919989e-05	35.8240156078606	0.2
1.875	3.1	1.07668468027585e-28	0.800001922678146	-2.40975321147334e-05	35.8000155750357	0.2
2.025	3.1	1.99960292839128e-28	0.800003613485773	-2.37464529167749e-05	35.7760154924999	0.2
2.175	3.1	1.28006560408606e-28	0.800005356471194	-2.36061965101408e-05	35.7520153582266	0.2
2.325	3.1	1.10778033206952e-28	0.800007124473395	-2.36611358607893e-05	35.7280151711116	0.2
2.475	3.1	-1.47658543815777e-28	0.800008897198912	-2.38934280734128e-05	35.7040149307582	0.2
2.625	3.1	-3.39735994370375e-28	0.800010660495094	-2.42846832289407e-05	35.6800146372797	0.2
2.775	3.1	-7.47678040229774e-28	0.800012405432046	-2.48171429674791e-05	35.6560142911285	0.2
2.925	3.1	-9.04265666374867e-28	0.800014127341567	-2.54744441932327e-05	35.6320138929537	0.2
3.075	3.1	-1.05955270575391e-27	0.800015824903666	-2.62420542450746e-05	35.608013443488	0.2
3.225	3.1	-6.0752072597334e-28	0.800017499330523	-2.7107461937617e-05	35.5840129434595	0.2
3.375	3.1	8.61901489779677e-29	0.800019153675711	-2.80601976973553e-05	35.5600123935281	0.2
3.525	3.1	1.54899842035655e-27	0.800020792270235	-2.90917430028559e-05	35.536011794239	0.2
3.675	3.1	2.96970061805446e-27	0.800022420276872	-3.01953734969637e-05	35.5120111459919	0.2
3.825	3.1	4.5299244991185e-27	0.800024043352346	-3.13659696048264e-05	35.4880104490224	0.2
3.975	3.1	4.81199544601637e-27	0.800025667396	-3.25998184820295e-05	35.4640097033908	0.2
4.125	3.1	3.8744499920864e-27	0.800027298372319	-3.38944198301217e-05	35.4400089089786	0.2
4.275	3.1	3.01962811938117e-28	0.800028942189402	-3.52483070066604e-05	35.4160080654884	0.2
4.425	3.1	-4.83031681643146e-27	0.800030604623343	-3.66608871478322e-05	35.3920071724472	0.2
4.575	3.1	-1.16322017936807e-26	0.800032291273181	-3.81322994941185e-05	35.368006229211	0.2
4.725	3.1	-1.68315353652596e-26	0.800034007542313	-3.96632977382204e-05	35.3440052349708	0.2
4.875	3.1	-1.90446186227868e-26	0.800035758634291	-4.12551489732915e-05	35.3200041887585	0.2
5.025	3.1	-1.40619787586423e-26	0.800037549564136	-4.29095502075396e-05	35.2960030894528	0.2
5.175	3.1	-2.32650620598847e-27	0.800039385172824	-4.46285624215869e-05	35.2720019357847	0.2
5.325	3.1	1.65857958854178e-26	0.800041270150116	-4.64145550722188e-05	35.2480007263424	0.2
5.475	3.1	3.53788384593795e-26	0.800043209058237	-4.82701634933056e-05	35.2239994595757	0.2
5.625	3.1	4.81880760304584e-26	0.800045206357841	-5.01982559143608e-05	35.1999981337989	0.2
5.775	3.1	4.34116192972527e-26	0.800047266431181	-5.22019072477551e-05	35.1759967471942	0.2
5.925	3.1	1.90942640516344e-26	0.800049393607844	-5.4284381440422e-05	35.151995297813	0.2
6.075	3.1	-2.37707439759183e-26	0.800051592189053	-5.64491168866233e-05	35.1279937835777	0.2
6.225	3.1	-6.37878925740663e-26	0.800053866468425	-5.86997166781514e-05	35.1039922022817	0.2
6.375	3.1	-7.56964464014079e-26	0.800056220752803	-6.10399448003106e-05	35.0799905515896	0.2
6.525	3.1	-2.30845344453283e-26	0.800058659383963	-6.34737226700677e-05	35.0559888290365	0.2
6.675	3.1	1.03144014404839e-25	0.800061186753907	-6.60051283430965e-05	35.0319870320266	0.2
6.825	3.1	2.80994562233386e-25	0.800063807324199	-6.86383991102274e-05	35.0079851578313	0.2
6.975	3.1	4.12850503093862e-25	0.800066525641014	-7.13779343702276e-05	34.9839832035871	0.2
7.125	3.1	3.5265529567736e-25	0.800069346350522	-7.42283007805295e-05	34.9599811662928	0.2
7.275	3.1	-8.39053189469878e-26	0.80007227421339	-7.71942364787877e-05	34.9359790428061	0.2
7.425	3.1	-9.95471326510071e-25	0.800075314117939	-8.02806601440201e-05	34.91197682984	0.2
7.575	3.1	-2.29803169224334e-24	0.80007847109358	-8.34926760906028e-05	34.887974523959	0.2
7.725	3.1	-3.54610472735654e-24	0.800081750323194	-8.68355843448743e-05	34.8639721215744	0.2
7.875	3.1	-3.90953543546933e-24	0.800085157155453	-9.03148878484412e-05	34.8399696189396	0.2
8.025	3.1	-2.22589062776015e-24	0.800088697116537	-9.39363027471303e-05	34.8159670121451	0.2
8.175	3.1	2.57715690966402e-24	0.800092375922478	-9.7705768224857e-05	34.7919642971126	0.2
8.325	3.1	1.08651427652237e-23	0.800096199490138	-0.000101629456088541	34.7679614695897	0.2
8.475	3.1	2.13318009872717e-23	0.800100173949069	-0.000105713782512881	34.7439585251432	0.2
8.625	3.1	3.02127972820364e-23	0.800104305653672	-0.000109965418908975	34.7199554591528	0.2
8.775	3.1	3.09010174115541e-23	0.800108601194298	-0.000114391303767671	34.695952266804	0.2
8.925	3.1	1.49372338418627e-23	0.800113067409418	-0.000118998654975826	34.6719489430811	0.2
9.075	3.1	-2.52461409070502e-23	0.800117711397243	-0.000123794982746245	34.6479454827594	0.2
9.225	3.1	-9.1172865220767e-23	0.800122540529197	-0.000128788102878963	34.6239418803973	0.2
9.375	3.1	-1.71686977813197e-22	0.800127562461615	-0.000133986150640991	34.5999381303277	0.2
9.525	3.1	-2.36620993635499e-22	0.800132785148477	-0.000139397595485294	34.5759342266496	0.2
9.675	3.1	-2.35190388666659e-22	0.800138216855419	-0.000145031255548085	34.5519301632188	0.2
9.825	3.1	-1.04320863407618e-22	0.80014386617313	-0.00015089631392647	34.5279259336383	0.2
9.975	3.1	2.07537610235813e-22	0.800149742030869	-0.000157002335101363	34.5039215312484	0.2
10.125	3.1	7.00269026719564e-22	0.80015585371253	-0.000163359281382707	34.4799169491164	0.2
10.275	3.1	1.27288988842204e-21	0.800162210869957	-0.000169977531259187	34.4559121800256	0.2
10.425	3.1	1.68610681640089e-21	0.80016882353979	-0.000176867898205817	34.4319072164642	0.2
10.575	3.1	1.56946067329504e-21	0.80017570215941	-0.000184041649456498	34.4079020506133	0.2
10.725	3.1	5.10894208455062e-22	0.800182857582671	-0.000191510526489716	34.3838966743347	0.2
10.875	3.1	-1.74844681209224e-21	0.800190301099214	-0.000199286766684533	34.3598910791583	0.2
11.025	3.1	-5.03175715142692e-21	0.800198044451362	-0.00020738312495465	34.3358852562687	0.2
11.175	3.1	-8.44149607154596e-21	0.800206099852141	-0.000215812896904393	34.3118791964912	0.2
11.325	3.1	-1.02313132816588e-20	0.800214480006428	-0.000224589943883252	34.2878728902776	0.2
11.475	3.1	-8.04479795592201e-21	0.800223198130621	-0.000233728717237967	34.2638663276908	0.2
11.625	3.1	2.98649829074365e-22	0.800232267972892	-0.000243244285337121	34.2398594983897	0.2
11.775	3.1	1.54411424478455e-20	0.800241703836213	-0.000253152361469986	34.2158523916125	0.2
11.925	3.1	3.48192572764733e-20	0.800251520600483	-0.000263469333278824	34.1918449961596	0.2
12.075	3.1	5.1361616369109e-20	0.800261733747299	-0.0002742122923194	34.1678373003764	0.2
12.225	3.1	5.35893116922493e-20	0.800272359381984	-0.000285399066992343	34.1438292921347	0.2
12.375	3.1	2.82516977474475e-20	0.800283414263461	-0.000297048255024655	34.1198209588135	0.2
12.525	3.1	-3.38222786941509e-20	0.800294915827227	-0.000309179260059328	34.0958122872789	0.2
12.675	3.1	-1.29181792104201e-19	0.80030688221489	-0.000321812326844943	34.0718032638639	0.2
12.825	3.1	-2.33003899676541e-19	0.800319332303438	-0.000334968581239261	34.047793874346	0.2
12.975	3.1	-2.94794045970341e-19	0.800332285735259	-0.000348670069565457	34.0237841039256	0.2
13.125	3.1	-2.44721308848856e-19	0.800345762949187	-0.000362939803058703	33.9997739372019	0.2
13.275	3.1	-1.60044064943156e-20	0.800359785213136	-0.000377801799922914	33.9757633581487	0.2
13.425	3.1	4.15436471967556e-19	0.800374374660319	-0.000393281134565628	33.9517523500891	0.2
13.575	3.1	9.81551407627458e-19	0.800389554321637	-0.000409403985671506	33.9277408956691	0.2
13.725	3.1	1.48195638664711e-18	0.800405348167091	-0.000426197688152614	33.9037289768298	0.2
13.875	3.1	1.58312185308755e-18	0.800421781140356	-0.000443690788057168	33.8797165747791	0.2
14.025	3.1	8.90429620505131e-19	0.800438879201956	-0.000461913099258949	33.8557036699614	0.2
14.175	3.1	-8.85119515604803e-19	0.80045666937152	-0.000480895763436472	33.831690242027	0.2
14.325	3.1	-3.67812391263526e-18	0.800475179770495	-0.00050067131433346	33.8076762697991	0.2
14.475	3.1	-6.80580418814071e-18	0.800494439669675	-0.000521273742460566	33.7836617312407	0.2
14.625	3.1	-8.82410221664707e-18	0.800514479536364	-0.000542738566776315	33.7596466034189	0.2
14.775	3.1	-7.68176338020728e-18	0.800535331084907	-0.000565102907317865	33.7356308624685	0.2
14.925	3.1	-1.33816889306305e-18	0.800557027330607	-0.000588405562915382	33.7116144835538	0.2
15.075	3.1	1.1105947306922e-17	0.800579602642571	-0.000612687092588803	33.6875974408287	0.2
15.225	3.1	2.79552316286805e-17	0.800603092802522	-0.00063798990127612	33.6635797073953	0.2
15.375	3.1	4.36710366333274e-17	0.800627535065168	-0.000664358330244575	33.6395612552606	0.2
15.525	3.1	4.86818902742088e-17	0.800652968220618	-0.000691838752624288	33.6155420552914	0.2
15.675	3.1	3.1242517345471e-17	0.80067943266158	-0.000720479672708588	33.5915220771673	0.2
15.825	3.1	-1.79643967401681e-17	0.80070697045024	-0.000750331831739721	33.5675012893317	0.2
15.975	3.1	-9.87069714205958e-17	0.800735625393923	-0.000781448320025536	33.5434796589403	0.2
16.125	3.1	-1.93346747203348e-16	0.800765443119552	-0.00081388469253814	33.519457151808	0.2
16.275	3.1	-2.619106485766e-16	0.800796471153139	-0.000847699093627289	33.4954337323531	0.2
16.425	3.1	-2.45209941624034e-16	0.800828759005577	-0.00088295238581727	33.4714093635389	0.2
16.575	3.1	-8.09984656219975e-17	0.800862358259921	-0.000919708287979715	33.4473840068128	0.2
16.725	3.1	2.6477105553674e-16	0.80089732266498	-0.00095803351892604	33.4233576220433	0.2
16.875	3.1	7.56007084980283e-16	0.800933708231754	-0.000997997950258545	33.3993301674529	0.200000000000001
17.025	3.1	1.24769668610833e-15	0.800971573339541	-0.00103967476548716	33.3753015995493	0.200000000000001
17.175	3.1	1.47384683501301e-15	0.801010978841755	-0.00108314063103638	33.3512718730525	0.200000000000001
17.325	3.1	1.09074393480483e-15	0.801051988183633	-0.00112847587199975	33.3272409408188	0.200000000000001
17.475	3.1	-2.02098424667587e-16	0.80109466752135	-0.00117576466166764	33.3032087537615	0.2
17.625	3.1	-2.46428486032529e-15	0.801139085852311	-0.00122509521807324	33.2791752607676	0.199999999999998
17.775	3.1	-5.28312191649553e-15	0.801185315150014	-0.00127656001262699	33.2551404086104	0.199999999999996
17.925	3.1	-7.60470536696492e-15	0.801233430509638	-0.00133025598965449	33.2311041418585	0.199999999999994
18.075	3.1	-7.76922936378576e-15	0.801283510299915	-0.00138628479659144	33.2070664027798	0.199999999999994
18.225	3.1	-3.89919216856899e-15	0.801335636325844	-0.00144475302782142	33.1830271312406	0.199999999999997
18.375	3.1	5.27734218674177e-15	0.801389894002516	-0.00150577248005147	33.1589862646003	0.200000000000004
18.525	3.1	1.92505149450184e-14	0.801446372538217	-0.00156946042086037	33.1349437376004	0.200000000000015
18.675	3.1	3.45356311118821e-14	0.801505165131609	-0.00163593987267929	33.110899482248	0.200000000000028
18.825	3.1	4.40815897668679e-14	0.801566369180217	-0.00170533990925179	33.0868534276925	0.200000000000035
18.975	3.1	3.80830833286775e-14	0.801630086505893	-0.00177779596814392	33.0628055000971	0.20000000000003
19.125	3.1	6.90899162876337e-15	0.801696423591791	-0.00185345017830718	33.0387556225022	0.200000000000006
19.275	3.1	-5.36770530986413e-14	0.801765491841661	-0.00193245170400817	33.0147037146816	0.199999999999957
19.425	3.1	-1.35887801687151e-13	0.801837407853787	-0.00201495710544502	32.9906496929917	0.199999999999891
19.575	3.1	-2.14207102660297e-13	0.801912293716172	-0.00210113071489512	32.9665934702104	0.199999999999829
19.725	3.1	-2.44331507774697e-13	0.801990277325261	-0.00219114503254645	32.9425349553687	0.199999999999805
19.875	3.1	-1.71049263135284e-13	0.802071492727673	-0.00228518113825656	32.918474053571	0.199999999999863
20.025	3.1	5.18573324702992e-14	0.802156080488649	-0.00238342912108336	32.8944106658051	0.200000000000041
20.175	3.1	4.30355802311592e-13	0.802244188091445	-0.00248608852874429	32.8703446887416	0.200000000000344
20.325	3.1	8.94608714951377e-13	0.802335970364517	-0.00259336883261117	32.8462760145195	0.200000000000716
20.475	3.1	1.27398255928127e-12	0.802431589949222	-0.00270548991205774	32.8222045305196	0.200000000001019
20.625	3.1	1.30383341275323e-12	0.802531217802102	-0.00282268255599524	32.7981301191223	0.200000000001043
20.775	3.1	6.85802358594447e-13	0.802635033740365	-0.00294518898059027	32.7740526574512	0.200000000000549
20.925	3.1	-7.8676300980224e-13	0.802743227033005	-0.00307326336320166	32.7499720170978	0.199999999999371
21.075	3.1	-3.05053439376499e-12	0.802855997043901	-0.00320717239113827	32.7258880638294	0.19999999999756
21.225	3.1	-5.5896221142013e-12	0.802973553929581	-0.00334719582211519	32.7018006572757	0.199999999995528
21.375	3.1	-7.33721973179744e-12	0.803096119397289	-0.00349362705792541	32.6777096505947	0.19999999999413
21.525	3.1	-6.77656122071461e-12	0.803223927531661	-0.00364677372424674	32.6536148901133	0.199999999994579
21.675	3.1	-2.34591941193205e-12	0.803357225692081	-0.00380695825735698	32.6295162149441	0.199999999998123
21.825	3.1	6.81785195114181e-12	0.803496275494572	-0.00397451849066585	32.6054134565722	0.200000000005454
21.975	3.1	1.99035239968258e-11	0.803641353876811	-0.0041498082397999	32.5813064384131	0.200000000015923
22.125	3.1	3.35191632651684e-11	0.803792754262696	-0.00433319787675948	32.5571949753358	0.200000000026815
22.275	3.1	4.13525320587257e-11	0.803950787830431	-0.00452507488619585	32.5330788731509	0.200000000033082
22.425	3.1	3.49961770247308e-11	0.804115784895062	-0.004725844398117	32.508957928058	0.200000000027997
22.575	3.1	6.42188992705351e-12	0.804288096413388	-0.00493592968214359	32.4848319260504	0.200000000005138
22.725	3.1	-4.78414905278494e-11	0.804468095623188	-0.00515577259430255	32.4607006422719	0.199999999961727
22.875	3.1	-1.21548106454474e-10	0.804656179829201	-0.00538583396419347	32.4365638403223	0.199999999902762
23.025	3.1	-1.94316381717774e-10	0.804852772347864	-0.00562659390536561	32.4124212715057	0.199999999844547
23.175	3.1	-2.30595484983044e-10	0.805058324621497	-0.00587855203686221	32.3882726740189	0.199999999815524
23.325	3.1	-1.85008453138161e-10	0.805273318525959	-0.00614222759839888	32.3641177720729	0.199999999851993
23.475	3.1	-1.62667916968513e-11	0.805498268878673	-0.00641815943482481	32.3399562749431	0.199999999986987
23.625	3.1	2.90532210732188e-10	0.805733726171662	-0.00670690582648776	32.3157878759433	0.200000000232426
23.775	3.1	6.97405288689626e-10	0.805980279534957	-0.00700904412917586	32.2916122513166	0.200000000557924
23.925	3.1	1.09185867937396e-09	0.806238559947931	-0.00732517017350444	32.2674290590363	0.200000000873487
24.075	3.1	1.28343335508964e-09	0.806509243696206	-0.00765589737050448	32.2432379375085	0.200000001026747
24.225	3.1	1.03288395919302e-09	0.806793056077141	-0.0080018554527679	32.2190385041661	0.200000000826307
24.375	3.1	1.23990385253559e-10	0.807090775345888	-0.00836368877972344	32.1948303539439	0.200000000099192
24.525	3.1	-1.52391401912048e-09	0.80740323690657	-0.00874205414490516	32.1706130576214	0.199999998780869
24.675	3.1	-3.72371663936735e-09	0.807731337746245	-0.00913761803230673	32.1463861600248	0.199999997021027
24.825	3.1	-5.91235375474111e-09	0.808076041142009	-0.00955105329601043	32.1221491780785	0.199999995270117
24.975	3.1	-7.12940127917553e-09	0.808438381677855	-0.00998303525702278	32.0979015987029	0.199999994296479
25.125	3.1	-6.14983560215185e-09	0.808819470627691	-0.0104342372198525	32.0736428765611	0.199999995080131
25.275	3.1	-1.81780806061527e-09	0.809220501752277	-0.0109053253781284	32.049372431659	0.199999998545754
25.425	3.1	6.42476489643049e-09	0.809642757529208	-0.0113969530172699	32.025089646809	0.200000005139812
25.575	3.1	1.79046648776014e-08	0.810087615744814	-0.0119097537848004	32.0007938649589	0.200000014323732
25.725	3.1	3.01675776648987e-08	0.810556556277561	-0.0124443336497109	31.9764843863832	0.200000024134062
25.875	3.1	3.87840227418858e-08	0.811051167739771	-0.0130012610058911	31.9521604657136	0.200000031027218
26.025	3.1	3.78086214021524e-08	0.811573153523196	-0.013581054284119	31.9278213087694	0.200000030246897
26.175	3.1	2.11151584391989e-08	0.812124336724365	-0.0141841664755317	31.9034660691379	0.200000016892127
26.325	3.1	-1.53737552105048e-08	0.812706663477109	-0.0148109662142805	31.8790938444504	0.199999987700996
26.475	3.1	-7.08689711436156e-08	0.813322204446007	-0.0154617155233683	31.8547036723279	0.199999943304823
26.625	3.1	-1.37006092703077e-07	0.81397315462434	-0.0161365449618037	31.8302945260171	0.199999890395126
26.775	3.1	-1.96288311643095e-07	0.814661832077091	-0.016835427545867	31.8058653098151	0.199999842969351
26.925	3.1	-2.22875033777147e-07	0.815390676713795	-0.0175581532594344	31.7814148544705	0.199999821699973
27.075	3.1	-1.86717572456975e-07	0.816162250365419	-0.0183043058952334	31.7569419128275	0.199999850625942
27.225	3.1	-6.14069595007748e-08	0.816979239117738	-0.0190732431952267	31.7324451560227	0.199999950874432
27.375	3.1	1.6496769596233e-07	0.81784445783983	-0.019864079653123	31.7079231705208	0.200000131974157
27.525	3.1	4.77980508245808e-07	0.818760855094576	-0.0206756691214545	31.683374456172	0.200000382384407
27.675	3.1	8.27340825756014e-07	0.819731514328868	-0.0215065819762975	31.6587974252908	0.200000661872661
27.825	3.1	1.12371850594599e-06	0.82075964490997	-0.0223550698271552	31.6341904025449	0.200000898974805
27.975	3.1	1.24576264779803e-06	0.821848554919702	-0.0232190105094145	31.6095516252435	0.200000996610118
28.125	3.1	1.05970025493949e-06	0.823001597500999	-0.0240958281431375	31.5848792435309	0.200000847760204
28.275	3.1	4.51197023101743e-07	0.82422208466402	-0.0249823877295236	31.560171320081	0.200000360957619
28.425	3.1	-6.34395701605053e-07	0.825513167091559	-0.0258748706987317	31.5354258291983	0.199999492483439
28.575	3.1	-2.15091285748882e-06	0.826877685221381	-0.0267686457833654	31.510640655744	0.199998279269714
28.725	3.1	-3.91955007530117e-06	0.828318004509608	-0.0276581565623435	31.4858135949351	0.19999686435994
28.875	3.1	-5.61726443509264e-06	0.829835854330626	-0.028536850653584	31.4609423546656	0.199995506188452
29.025	3.1	-6.79450483393306e-06	0.831432193191374	-0.0293971737465014	31.436024562413	0.199994564396133
29.175	3.1	-6.92701321087689e-06	0.833107120767508	-0.0302306434216958	31.4110577788749	0.199994458389431
29.325	3.1	-5.50029248264643e-06	0.834859848688909	-0.0310280035640183	31.3860395201935	0.199995599766014
29.475	3.1	-2.11872751576588e-06	0.836688727512257	-0.0317794426413828	31.3609672900272	0.199998305017987
29.625	3.1	3.3743010759177e-06	0.838591309321979	-0.032474842217709	31.3358386219945	0.200002699440861
29.775	3.1	1.07827193468503e-05	0.840564407828245	-0.0331040105821464	31.3106511323496	0.200008626175477
29.925	3.1	1.94697815813844e-05	0.842604105334469	-0.0336568544685223	31.285402582268	0.200015575825265
30.075	3.1	2.83162078281534e-05	0.844705652644359	-0.0341234517276356	31.2600909487532	0.200022652966263
30.225	3.1	3.57465019180037e-05	0.846863216038479	-0.0344940088180039	31.2347145025827	0.200028597201534
30.375	3.1	3.98479938545507e-05	0.849069444328429	-0.0347587152638986	31.2092718904155	0.200031878395084
30.525	3.1	3.86077301354031e-05	0.851314855400981	-0.0349075366871317	31.1837622158316	0.200030886184108
30.675	3.1	3.02841298649299e-05	0.853587070638675	-0.0349300117384748	31.1581851109312	0.200024227303892
30.825	3.1	1.39030292715932e-05	0.855869952536475	-0.034815130605091	31.1325407875593	0.200011122423417
30.975	3.1	-1.01882310464435e-05	0.858142723211254	-0.0345513709496458	31.1068300579746	0.199991849415163
31.125	3.1	-3.98604263999894e-05	0.860379159932579	-0.0341269517594228	31.0810543224761	0.19996811165888
31.275	3.1	-7.10836390984839e-05	0.862546980211748	-0.0335303398989922	31.0552155391979	0.199943133088721
31.425	3.1	-9.84576524046326e-05	0.864607542334136	-0.0327510117470139	31.0293162187782	0.199921233878076
31.575	3.1	-0.000116647871611231	0.866515987104419	-0.0317804348938993	31.0033595171928	0.199906681702711
31.725	3.1	-0.000122737667514243	0.86822190914389	-0.03061319173853	30.9773495180909	0.199901809865989
31.875	3.1	-0.000119021718908786	0.869670538211608	-0.0292481176340249	30.9512917778918	0.199904782624873
32.025	3.1	-0.000115093749940119	0.870804209438074	-0.0276892771707407	30.925194128122	0.199907925000048
32.175	3.1	-0.000127452271236803	0.871563625318185	-0.0259465713975906	30.8990675791148	0.199898038183011
32.325	3.1	-0.000174681233519576	0.871888155119101	-0.0240357852442357	30.8729269704661	0.199860255013184
32.475	3.1	-0.000267100102921694	0.871714349190654	-0.021977977015509	30.8467908424073	0.199786319917663
32.625	3.1	-0.000392053703237273	0.870972166144861	-0.0197982942487857	30.8206799899129	0.19968635703741
32.775	3.1	-0.000499679707484893	0.869579253037174	-0.0175245628788677	30.7946144647258	0.199600256234012
32.925	3.1	-0.000498112952674062	0.867434913471352	-0.0151863080653897	30.7686095173963	0.199601509637861
33.075	3.1	-0.000269611971783451	0.864416678206794	-0.0128151637866198	30.7426720692533	0.199784310422573
33.225	3.1	0.000282872469119595	0.860382555250554	-0.0104477898901025	30.7168004504043	0.200226297975296
33.375	3.1	0.00115840344786912	0.855179438869544	-0.0081322440827555	30.6909907050892	0.200926722758295
33.525	3.1	0.00216724009045401	0.848651859196871	-0.00593811781557799	30.6652519297976	0.201733792072363
33.675	3.1	0.00286647984802674	0.840637422312684	-0.0039698005978233	30.6396301777777	0.202293183878421
33.825	3.1	0.00258149690017026	0.830931854701157	-0.00238130453884033	30.6142353636035	0.202065197520136
33.975	3.1	0.000573957474738268	0.819212513398635	-0.0013895511499281	30.5892594549739	0.200459165979791
34.125	3.1	-0.00361493722541873	0.804922527271034	-0.00127775906256217	30.5649697664447	0.197108050219665
34.275	3.1	-0.00968885807707624	0.787134031859	-0.00236577811658546	30.5416624419954	0.192248913538339
34.425	3.1	-0.0161240330214607	0.764442749139406	-0.00489797954740046	30.5195720677145	0.187100773582831
34.575	3.1	-0.0199024793883038	0.735055406266459	-0.00879133755043937	30.4987540930783	0.184078016489357
34.725	3.1	-0.0166365702844238	0.697450048119652	-0.0133056142236623	30.4789798053559	0.186690743772461
34.875	3.1	-0.00115167572550933	0.651894597942709	-0.0170212520739887	30.45969185261	0.199078659419593
35.025	3.1	0.0315638217901363	0.601757177689978	-0.0185619817305498	30.4400463145635	0.225251057432109
35.175	3.1	0.0852085314409564	0.55243390295809	-0.0175611543594092	30.4190279204324	0.268166825152765
35.325	3.1	0.160963131925021	0.508463602428809	-0.0147270405546893	30.3956029808046	0.328770505540017
35.475	3.1	0.256438433556575	0.471962726238702	-0.0110830410852881	30.3688775697467	0.40515074684526
35.625	3.1	0.365256334160508	0.443083108804655	-0.00737793506272881	30.338238165499	0.492205067328406
35.775	3.1	0.477897606443403	0.421001320503642	-0.0039876506564884	30.3034512443263	0.582318085154722
35.925	3.1	0.583930777691152	0.404570018602557	-0.0010380762904062	30.264691160658	0.667144622152922
36.075	3.1	0.674696866394613	0.392632792134343	0.00147010081915597	30.2224792306678	0.739757493115691
36.225	3.1	0.745071054646105	0.384172783389167	0.00358771728837548	30.1775552456507	0.796056843716884
36.375	3.1	0.793655822883259	0.378376245270123	0.00538254299651828	30.1307322186518	0.834924658306607
36.525	3.1	0.821833703788974	0.374637649947939	0.00692545309547953	30.0827805484626	0.857466963031179
36.675	3.1	0.832508731660155	0.372529374003088	0.00828614674041518	30.0343603962704	0.866006985328124
36.825	3.1	0.829095482487742	0.371759745360827	0.00953308724215273	29.9859966364247	0.863276385990193
36.975	3.1	0.814908561393094	0.372134814901154	0.0107353127437111	29.9380809734408	0.851926849114475
37.125	3.1	0.79287543671036	0.373529441166808	0.011964929124216	29.8908871443333	0.834300349368288
37.275	3.1	0.765443445332658	0.375867610281608	0.0132994576930774	29.8445902504614	0.812354756266126
37.425	3.1	0.734581672757791	0.37911001522109	0.0148232885915366	29.7992857920517	0.787665338206233
37.575	3.1	0.701821819088654	0.383246788641347	0.0166275197248865	29.7550067049544	0.761457455270923
37.725	3.1	0.668312996184478	0.388293571871208	0.018807577684695	29.7117379547258	0.734650396947582
37.875	3.1	0.634880807382972	0.394289318230297	0.0214583326600682	29.6694286969422	0.707904645906378
38.025	3.1	0.602086016227594	0.40129436676698	0.024667013338737	29.6280021826639	0.681668812982075
38.175	3.1	0.570278347916002	0.409387574497327	0.028505110973826	29.5873637405471	0.656222678332802
38.325	3.1	0.539640611642801	0.418661894424165	0.03302152456482	29.5474073594801	0.631712489314241
38.475	3.1	0.510219473719382	0.429218892107362	0.0382401569924342	29.5080215562948	0.608175578975506
38.625	3.1	0.481942224770614	0.441164252014784	0.0441655500580037	29.4690952250157	0.585553779816491
38.775	3.1	0.454623000706097	0.454607938886968	0.0507993908501367	29.4305239377086	0.563698400564877
38.925	3.1	0.427965803199847	0.46967361465141	0.0581685057620246	29.3922166946053	0.542372642559878
39.075	3.1	0.401573911421148	0.48652139466532	0.0663615828029417	29.3541025018529	0.521259129136918
39.225	3.1	0.374974807033608	0.50538579036302	0.0755684139902298	29.3161355790583	0.499979845626886
39.375	3.1	0.347666168833456	0.526627360718585	0.0861133624840595	29.2782976890186	0.478132935066765
39.525	3.1	0.319182413178573	0.550793436084909	0.0984748732907405	29.2405962133583	0.455345930542859
39.675	3.1	0.2891742342371	0.578681140660876	0.113284622548164	29.2030572241113	0.43133938738968
39.825	3.1	0.257487844240264	0.611394153899144	0.131301504640102	29.1657138227463	0.405990275392211
39.975	3.1	0.224228223389696	0.650380564048399	0.153354965693383	29.1285911998369	0.379382578711757
40.125	3.1	0.189792700865367	0.697428614806023	0.180248167044175	29.0916909060865	0.351834160692294
40.275	3.1	0.154866886760285	0.754575988769903	0.212605446202517	29.054977436437	0.323893509408228
40.425	3.1	0.120381962313455	0.823856505996913	0.250645444408465	29.0183702265512	0.296305569850764
40.575	3.1	0.0874377209316413	0.906780242962332	0.293870057427527	28.9817434549915	0.269950176745313
40.725	3.1	0.0571981445456305	1.00346645110489	0.340690844576967	28.9449345804941	0.245758515636504
40.875	3.1	0.0307673155026544	1.11151286309309	0.388077342446737	28.9077603273372	0.224613852402124
41.025	3.1	0.00905688632544717	1.22505652897575	0.43142190629704	28.8700362246419	0.207245509060358
41.175	3.1	-0.00733580377651427	1.3348843421215	0.464983500229891	28.8315940881446	0.194131356978789
41.325	3.1	-0.01821161795025	1.43030256997194	0.48327832774253	28.7922933520182	0.1854307056398
41.475	3.1	-0.0237888718717826	1.50233932107947	0.483129936898418	28.7520274836961	0.180968902502574
41.625	3.1	-0.0246473123835704	1.54653938122113	0.465100192402104	28.7107303425815	0.180282150093144
41.775	3.1	-0.0216119895931582	1.56370269606804	0.433156708269029	28.668383450241	0.182710408325473
41.925	3.1	-0.0156123967700697	1.55849745780741	0.392889426112445	28.6250189151521	0.187510082583944
42.075	3.1	-0.00755495877253881	1.53721441822454	0.349603570781493	28.5807132541349	0.193956032981969
42.225	3.1	0.00176652668841777	1.50591992254128	0.307237017887516	28.5355733120316	0.201413221350734
42.375	3.1	0.0117165552890481	1.46948743847885	0.268163278518791	28.4897195993263	0.209373244231239
42.525	3.1	0.0218273338627346	1.43136539325777	0.233487324114267	28.4432719063262	0.217461867090188
42.675	3.1	0.031784744766558	1.39374795308119	0.203466887712106	28.3963393820545	0.225427795813246
42.825	3.1	0.0414026592658921	1.35788127828547	0.17787227211721	28.3490150476315	0.233122127412714
42.975	3.1	0.0505939470770684	1.32436094198918	0.156235481826183	28.3013737303442	0.240475157661655
43.125	3.1	0.0593430621672327	1.29336751161287	0.138002272754788	28.2534722757338	0.247474449733786
43.275	3.1	0.0676825262453964	1.26483473101165	0.12261645943791	28.2053511063722	0.254146020996317
43.425	3.1	0.0756740290634245	1.23856248478272	0.109562333434765	28.1570364615024	0.26053922325074
43.575	3.1	0.083393980081644	1.21428975394701	0.0983831087538162	28.1085428740524	0.266715184065315
43.725	3.1	0.0909229290426038	1.19174033923433	0.0886864056959912	28.0598756069326	0.272738343234083
43.875	3.1	0.0983381364360744	1.17065059976199	0.0801430620114537	28.011032888346	0.27867050914886
44.025	3.1	0.105708593630794	1.15078542363798	0.0724826902533077	27.9620078673313	0.284566874904636
44.175	3.1	0.113091886755592	1.13194646000852	0.0654877797294434	27.9127902648388	0.290473509404473
44.325	3.1	0.120532419075108	1.11397520012453	0.0589872738180512	27.8633677291223	0.296425935260086
44.475	3.1	0.128060624985831	1.09675259559537	0.052850108007684	27.8137269226728	0.302448499988665
44.625	3.1	0.135692909911048	1.08019635972066	0.0469789724853699	27.7638543759034	0.308554327928838
44.775	3.1	0.143432128427086	1.06425677384678	0.0413044536675878	27.7137371441314	0.314745702741669
44.925	3.1	0.151268467929441	1.04891162096808	0.0357796516525804	27.6633633020488	0.321014774343553
45.075	3.1	0.159180640689599	1.03416073412846	0.0303753344608425	27.612722305938	0.327344512551679
45.225	3.1	0.167137308715429	1.02002054371338	0.0250756610362522	27.5618052496248	0.333709846972344
45.375	3.1	0.175098679307154	1.00651891827429	0.0198744784111263	27.5106050360726	0.340078943445723
45.525	3.1	0.1830182190875	0.993690512244092	0.0147721744655333	27.4591164825394	0.34641457527
45.675	3.1	0.190844443162115	0.981572761129824	0.00977304977975682	27.407336373048	0.352675554529692
45.825	3.1	0.198522745630054	0.97020259962513	0.00488316311421282	27.3552634671866	0.358818196504043
45.975	3.1	0.20599724412066	0.959613924697829	0.00010860614197977	27.3028984689357	0.364797795296528
46.125	3.1	0.213212609497001	0.949835787523647	-0.00454582692925175	27.2502439539669	0.370570087597601
46.275	3.1	0.220115846466078	0.94089126142319	-0.0090775931513109	27.1973042496399	0.376092677172862
46.425	3.1	0.226657976003709	0.932796905904164	-0.0134869798481606	27.1440852599357	0.381326380802968
46.575	3.1	0.232795547678235	0.925562726390236	-0.0177773033948278	27.0905942291941	0.386236438142588
46.725	3.1	0.238491882565527	0.919192520473258	-0.0219547288735434	27.0368394447202	0.390793506052422
46.875	3.1	0.243717933432541	0.913684490267265	-0.0260277327297764	26.9828298888503	0.394974346746033
47.025	3.1	0.248452654181786	0.909031995436503	-0.0300062666394614	26.9285748643176	0.398762123345429
47.175	3.1	0.252682799055287	0.905224329403506	-0.0339007264681233	26.8740836302435	0.40214623924423
47.325	3.1	0.256402129352321	0.902247417757855	-0.0377208735940641	26.8193650963951	0.405121703481857
47.475	3.1	0.259610084482162	0.90008436520507	-0.0414748840085251	26.7644276269903	0.407688067585729
47.625	3.1	0.262310061866243	0.89871581155401	-0.0451687020405939	26.7092789997407	0.409848049492994
47.775	3.1	0.264507527638625	0.898120092603723	-0.0488058430910274	26.6539265502661	0.4116060221109
47.925	3.1	0.266208227015244	0.898273231102952	-0.0523877247844904	26.5983775081324	0.412966581612195
48.075	3.1	0.267416763363808	0.899148799750212	-0.0559145201136605	26.5426395025855	0.413933410691047
48.225	3.1	0.268135761537935	0.900717699323985	-0.0593864405262425	26.4867211893126	0.414508609230348
48.375	3.1	0.268365730310584	0.902947882931838	-0.0628052976655125	26.4306329303287	0.414692584248467
48.525	3.1	0.26810561133747	0.905804040884711	-0.0661761836495587	26.3743874520082	0.414484489069976
48.675	3.1	0.267353880079502	0.909247253921939	-0.0695091648058678	26.3180004128037	0.413883104063601
48.825	3.1	0.266109984655466	0.91323464169271	-0.0728209980972412	26.2614908292639	0.412887987724373
48.975	3.1	0.264375904567177	0.91771909236595	-0.0761370256714512	26.2048813287451	0.411500723653741
49.125	3.1	0.262157700525485	0.922649264084471	-0.0794935294234609	26.1481982080781	0.409726160420388
49.275	3.1	0.259467101812443	0.927970192042176	-0.0829408608181101	26.0914712666287	0.407573681449955
49.425	3.1	0.256323398549485	0.933624988353648	-0.0865475145557108	26.0347333398442	0.405058718839588
49.575	3.1	0.252756098120459	0.939558231680069	-0.0904049045806859	25.978019384131	0.402204878496367
49.725	3.1	0.248808866141705	0.945721627048485	-0.0946318778069007	25.9213648685203	0.399047092913364
49.875	3.1	0.244545095183312	0.952082266472689	-0.0993769942795958	25.8648031443374	0.395636076146649
50.025	3.1	0.240054951333236	0.95863322341007	-0.104815479440335	25.8083614408976	0.392043961066589
50.175	3.1	0.235462938998108	0.965405183906404	-0.111136882655427	25.7520552345027	0.388370351198486
50.325	3.1	0.230934019923706	0.972476371558782	-0.118519470509213	25.6958810158009	0.384747215938965
50.475	3.1	0.226675391430496	0.979976408631037	-0.12708907318219	25.6398079615457	0.381340313144397
50.625	3.1	0.22293056392769	0.988078623195292	-0.136864299173081	25.5837696626385	0.378344451142152
50.775	3.1	0.219962811172772	0.996975825584611	-0.147696926011597	25.5276577422323	0.375970248938218
50.925	3.1	0.218026721002534	1.00683814006876	-0.15922443394939	25.4713196878394	0.374421376802027
51.075	3.1	0.217329471334499	1.01775869359888	-0.170857203234141	25.414563225446	0.373863577067599
51.225	3.1	0.217987140409172	1.0297019690565	-0.181820240216468	25.3571688161053	0.374389712327338
51.375	3.1	0.219984826458112	1.04247528207936	-0.191254644415707	25.2989102782527	0.375987861166489
51.525	3.1	0.223151197325888	1.05574009292554	-0.198360528318555	25.2395814006171	0.378520957860711
51.675	3.1	0.227156977451548	1.06906534869838	-0.202542404407157	25.1790243528849	0.381725581961238
51.825	3.1	0.231542250849935	1.08200679576412	-0.203513642611625	25.1171545229012	0.385233800679948
51.975	3.1	0.23577017938294	1.09418562501341	-0.201332611134649	25.0539766757969	0.388616143506352
52.125	3.1	0.239297147213198	1.1053432046121	-0.196369895143744	24.9895890635395	0.391437717770559
52.275	3.1	0.241644410082894	1.11536209540861	-0.189227933426241	24.9241747693871	0.393315528066315
52.425	3.1	0.242456177369762	1.12425743195175	-0.180641957099078	24.8579822940774	0.393964941895809
52.575	3.1	0.241533768681496	1.13215002121532	-0.171385445410248	24.7912993652308	0.393227014945197
52.725	3.1	0.238842992405945	1.13923231637257	-0.162192014121531	24.7244247020838	0.391074393924756
52.875	3.1	0.234499050559976	1.14573410705864	-0.153695923832776	24.6576419889315	0.387599240447981
53.025	3.1	0.228737462312803	1.15189021434606	-0.146388568004931	24.5911990011885	0.382989969850242
53.175	3.1	0.221879757017345	1.15791005450577	-0.140588137926109	24.5252932693927	0.377503805613876
53.325	3.1	0.214299874047225	1.1639492558604	-0.136422207989382	24.4600643655484	0.37143989923778
53.475	3.1	0.206393291426988	1.17008594454012	-0.133826058680229	24.3955921110985	0.36511463314159
53.625	3.1	0.198547917594471	1.17630742979478	-0.132561354407106	24.3318997154331	0.358838334075577
53.775	3.1	0.191114943511987	1.182514889159	-0.132258949268206	24.2689608515582	0.352891954809589
53.925	3.1	0.184379216209929	1.18855229571828	-0.132485309044383	24.2067097181852	0.347503372967943
54.075	3.1	0.178531307376085	1.19426014551117	-0.132824709876851	24.1450530720451	0.342825045900868
54.225	3.1	0.173645887703156	1.19954557306227	-0.132961359755234	24.0838830314247	0.338916710162525
54.375	3.1	0.169672010214633	1.20445187725507	-0.132740990766312	24.0230892602516	0.335737608171707
54.525	3.1	0.166439818737184	1.20920714710345	-0.132194070020186	23.9625690936967	0.333151854989747
54.675	3.1	0.16368521620297	1.21423628085823	-0.131513029051788	23.9022343790146	0.330948172962376
54.825	3.1	0.161090028084942	1.22013137400458	-0.130989698001782	23.8420143100885	0.328872022467954
54.975	3.1	0.158331395355462	1.22758681181898	-0.130930110998603	23.7818542572212	0.32666511628437
55.125	3.1	0.155131666010328	1.23731239815079	-0.131567738700639	23.7217113734992	0.324105332808262
55.275	3.1	0.151299642016405	1.24993906963158	-0.132993196733761	23.6615483932443	0.321039713613124
55.425	3.1	0.146755800179038	1.26592941581383	-0.135111995840153	23.601327349215	0.31740464014323
55.575	3.1	0.141537567461128	1.28550268819983	-0.137635452223552	23.5410048320426	0.313230053968903
55.725	3.1	0.135784984873062	1.30858306833167	-0.140104946290778	23.4805299262947	0.308627987898449
55.875	3.1	0.129711058823881	1.33478001734099	-0.141945820548281	23.4198452242298	0.303768847059105
56.025	3.1	0.123563820492741	1.36340816685435	-0.142543315909945	23.3588905502114	0.298851056394193
56.175	3.1	0.11758801569529	1.39354919088644	-0.14132887039003	23.2976084329419	0.294070412556232
56.325	3.1	0.111993369911716	1.42414926986026	-0.137861950163846	23.2359500745674	0.289594695929373
56.475	3.1	0.106933961676375	1.45413591313845	-0.131892154329942	23.1738806105133	0.2855471693411
56.625	3.1	0.102500184054356	1.4825316058595	-0.123389910632419	23.1113827564176	0.282000147243485
56.775	3.1	0.0987219503062551	1.5085425188554	-0.112541300146924	23.04845837117	0.278977560245004
56.925	3.1	0.0955798787308375	1.53160840398022	-0.0997111760784727	22.9851279029871	0.27646390298467
57.075	3.1	0.0930204618402685	1.55141122703982	-0.0853856394920871	22.9214280400079	0.274416369472215
57.225	3.1	0.0909715710535498	1.56785022336141	-0.0701077598681202	22.8574081120427	0.27277725684284
57.375	3.1	0.0893556815402176	1.58099657451716	-0.0544188459933988	22.7931258750876	0.271484545232174
57.525	3.1	0.0880994591496031	1.59104126239041	-0.0388131372232147	22.7286432712292	0.270479567319682
57.675	3.1	0.0871394604584708	1.59824646706541	-0.0237087518950066	22.6640226294163	0.269711568366777
57.825	3.1	0.0864244567959206	1.60290640127726	-0.00943381825725653	22.5993236028491	0.269139565436736
57.975	3.1	0.085915267646059	1.60531946449803	0.00377541952919933	22.5346009697342	0.268732214116847
58.125	3.1	0.0855830520434191	1.60577088438043	0.0157682943181661	22.4699032866317	0.268466441634735
58.275	3.1	0.0854068804787944	1.60452365087466	0.0264685851883197	22.4052722911116	0.268325504383036
58.425	3.1	0.0853712097832112	1.60181514250665	0.035861167474282	22.3407429012576	0.268296967826569
58.575	3.1	0.0854636353805309	1.59785716427854	0.0439782466983538	22.2763436473862	0.268370908304425
58.725	3.1	0.0856730754314732	1.5928377113813	0.0508863068392876	22.2120973877028	0.268538460345179
58.875	3.1	0.0859883926142527	1.58692337246672	0.0566744189094529	22.1480221914086	0.268790714091402
59.025	3.1	0.086397383293033	1.58026177790947	0.0614442350568515	22.0841323077553	0.269117906634426
59.175	3.1	0.08688605062783	1.57298383380022	0.0653017852194373	22.0204391689276	0.269508840502264
59.325	3.1	0.0874381103275097	1.56520566800636	0.0683510559256497	21.956952393003	0.269950488262008
59.475	3.1	0.0880347316899463	1.55703028708204	0.0706892398530717	21.8936807586356	0.270427785351957
59.625	3.1	0.0886545641126277	1.54854895082693	0.0724034898867739	21.8306331173253	0.270923651290102
59.775	3.1	0.0892741113523606	1.53984226315067	0.073568989120084	21.7678191978485	0.271419289081889
59.925	3.1	0.0898684699359935	1.5309809910227	0.0742481549157329	21.7052502496173	0.271894775948795
60.075	3.1	0.0904123385217443	1.52202667572937	0.0744908221364535	21.6429394777885	0.272329870817395
60.225	3.1	0.0908810529052297	1.51303218512863	0.0743352819462162	21.5809022512235	0.272704842324184
60.375	3.1	0.0912512601140246	1.50404243872441	0.0738100658362671	21.5191561167463	0.27300100809122
60.525	3.1	0.0915007946154716	1.49509556649442	0.0729363361928647	21.4577207206292	0.273200635692377
60.675	3.1	0.0916074464978199	1.48622468095988	0.0717306595249063	21.396617798991	0.273285957198256
60.825	3.1	0.0915466739922893	1.47746021307227	0.0702078018945045	21.3358714202658	0.273237339193831
60.975	3.1	0.0912888993179739	1.46883239596952	0.0683830352551649	21.2755086097766	0.273031119454379
61.125	3.1	0.0907977199094787	1.46037305504002	0.0662733481450272	21.2155603342581	0.272638175927583
61.275	3.1	0.0900309304179244	1.45211552793076	0.0638970003803583	21.1560625760076	0.272024744334339
61.425	3.1	0.0889463579033729	1.44409148712408	0.0612711159796293	21.0970569276903	0.271157086322698
61.575	3.1	0.0875138252835491	1.43632384983671	0.0584074807646863	21.0385898839991	0.270011060226839
61.725	3.1	0.0857328522710022	1.42881594145169	0.0553073336009269	20.9807099300344	0.268586281816802
61.875	3.1	0.0836530183787112	1.42153863316513	0.0519565819552846	20.9234617756658	0.266922414702969
62.025	3.1	0.0813906848548018	1.41441919877224	0.0483233600325306	20.8668777726682	0.265112547883841
62.175	3.1	0.0791328918256842	1.40733785601547	0.0443599496771265	20.8109676923983	0.263306313460547
62.325	3.1	0.0771179826243815	1.40013968810704	0.0400104563436939	20.7557094898713	0.261694386099505
62.475	3.1	0.0755842544191424	1.39266941089523	0.0352238613866624	20.7010450835599	0.260467403535314
62.625	3.1	0.0746837851329074	1.38483207392817	0.0299690718482729	20.6468859942409	0.259747028106326
62.775	3.1	0.0743688029567661	1.37667291914047	0.0242453810297482	20.5931332788725	0.259495042365413
62.925	3.1	0.0742715134396702	1.36845698200688	0.0180808477355703	20.5397140549997	0.259417210751736
63.075	3.1	0.0736126557975414	1.3607220170183	0.0115151231862947	20.4866328908823	0.258890124638033
63.225	3.1	0.0711854389993032	1.35428591309616	0.00457206658875358	20.4340308072262	0.256948351199443
63.375	3.1	0.0654655728171126	1.3502109073127	-0.00276248966234175	20.3822384311571	0.25237245825369
63.525	3.1	0.0548910613498923	1.34974674827906	-0.0105333209653409	20.3318039934761	0.243912849079914
63.675	3.1	0.0383349796299125	1.35427353892114	-0.0187387233441112	20.2834722586861	0.23066798370393
63.825	3.1	0.0157594541489164	1.36521938252479	-0.0271017457595083	20.2380877294958	0.212607563319133
63.975	3.1	-0.0110139948728068	1.3837658130182	-0.0345235038069954	20.1963954687933	0.191188804101755
64.125	3.1	-0.0375670084017379	1.4095988338951	-0.0380586637643229	20.158719570213	0.16994639327861
64.275	3.1	-0.0564692616635957	1.43663698439213	-0.0322222538976406	20.1245285974577	0.154824590669123
64.425	3.1	-0.0576505872456342	1.44584198117522	-0.0126269560415248	20.0919915502998	0.153879530203493
64.575	3.1	-0.0300256067105418	1.41354147611982	0.0147826713233343	20.0577829520157	0.175979514631567
64.725	3.1	0.035577407376816	1.34213788002437	0.0361633745127262	20.0173652474378	0.228461925901453
64.875	3.1	0.142652251231541	1.25650447839613	0.0456471737288332	19.9657947305491	0.314121800985233
65.025	3.1	0.285479721243702	1.1752048075448	0.0466202852635733	19.8989566125307	0.428383776994962
65.175	3.1	0.448194840553356	1.10524151610745	0.0436561368431394	19.8147631282932	0.558555872442685
65.325	3.1	0.609068334136208	1.04756742950278	0.039433859759147	19.7137548707486	0.687254667308966
65.475	3.1	0.748717428023824	1.0005847244535	0.0351187702908287	19.5987794467249	0.798973942419059
65.625	3.1	0.856482572806738	0.962004281277667	0.0311152464172643	19.4739225341487	0.885186058245391
65.775	3.1	0.931123722348433	0.929852063987146	0.0275070761431703	19.3433136134041	0.944898977878747
65.925	3.1	0.977500882955481	0.90275130749252	0.0242597619822977	19.2103376547042	0.982000706364385
66.075	3.1	1.00276626799106	0.879797847793482	0.0213056226886064	19.0773628869232	1.00221301439285
66.225	3.1	1.01387725831855	0.860360327104337	0.0185780932988654	18.9458141987843	1.01110180665484
66.375	3.1	1.01648651190608	0.843945842013483	0.016024151174644	18.8163893225986	1.01318920952486
66.525	3.1	1.01468597444972	0.830136720573606	0.0136067557182673	18.6892911526272	1.01174877955978
66.675	3.1	1.01115556076942	0.818567497535223	0.0113027027314534	18.5644223784347	1.00892444861554
66.825	3.1	1.00745954190109	0.808917693806274	0.00909886209445668	18.4415293243043	1.00596763352087
66.975	3.1	1.00436517018552	0.800908540962597	0.00698854947586642	18.3202988729982	1.00349213614841
67.125	3.1	1.00212576085832	0.794299681627166	0.00496887440771264	18.2004176975244	1.00170060868666
67.275	3.1	1.00070415593197	0.78888524250494	0.00303919939968781	18.0816037306378	1.00056332474557
67.425	3.1	0.999931394451083	0.784489610467398	0.00120042344077174	17.963618805209	0.999945115560866
67.575	3.1	0.999606841417397	0.78096327134486	-0.000545319055925583	17.8462697643892	0.999685473133918
67.725	3.1	0.999552074045881	0.778178922188095	-0.00219487118667009	17.7294035139948	0.999641659236705
67.875	3.1	0.999632533096289	0.776027961968284	-0.00374434881300855	17.612899743712	0.999706026477031
68.025	3.1	0.999759626161313	0.774417413697041	-0.00518954988867587	17.4966635649173	0.999807700929051
68.175	3.1	0.999883079663648	0.773267300105845	-0.00652642764094529	17.3806191955389	0.999906463730919
68.325	3.1	0.999980097838804	0.772508467016029	-0.00775155079734522	17.2647050734587	0.999984078271043
68.475	3.1	1.0000450684673	0.772080822086085	-0.00886248418388877	17.1488703453472	1.00003605477384
68.625	3.1	1.00008148382447	0.771931936493467	-0.00985804971361255	17.0330724756854	1.00006518705958
68.775	3.1	1.0000964385116	0.772015946497492	-0.0107384563057828	16.9172756684201	1.00007715080928
68.925	3.1	1.0000973793116	0.772292690588091	-0.0115053095616077	16.801449823253	1.00007790344928
69.075	3.1	1.00009052307847	0.772727023634077	-0.0121615253541552	16.6855698119781	1.00007241846278
69.225	3.1	1.00008035071957	0.773288259059753	-0.0127111765102201	16.5696149282661	1.00006428057565
69.375	3.1	1.00006969619665	0.773949700974937	-0.0131593007037244	16.4535684220506	1.00005575695732
69.525	3.1	1.00006009396854	0.774688238553033	-0.013511693092945	16.3374170720648	1.00004807517483
69.675	3.1	1.00005218020719	0.775483983800416	-0.0137747012769584	16.2211507775188	1.00004174416575
69.825	3.1	1.00004604348564	0.776319940801412	-0.0139550342929259	16.1047621653615	1.00003683478851
69.975	3.1	1.00004148688099	0.777181699572971	-0.0140595924333241	15.9882462166212	1.00003318950479
70.125	3.1	1.00003820106837	0.778057151054968	-0.0140953209226181	15.8715999172245	1.0000305608547
70.275	3.1	1.00003586515967	0.778936221826123	-0.0140690879212475	15.7548219378955	1.00002869212774
70.425	3.1	1.00003419653423	0.77981062821171	-0.0139875857254545	15.6379123458944	1.00002735722738
70.575	3.1	1.00003296877578	0.780673649853237	-0.0138572531584459	15.5208723494147	1.00002637502063
70.725	3.1	1.00003201214226	0.781519922796725	-0.0136842167711724	15.4037040738738	1.00002560971381
70.875	3.1	1.00003120610587	0.782345251925828	-0.0134742484031681	15.2864103682465	1.0000249648847
71.025	3.1	1.00003046950935	0.783146442257545	-0.0132327367585219	15.1689946389704	1.00002437560748
71.175	3.1	1.000029751097	0.783921148319906	-0.0129646708389692	15.051460708691	1.0000238008776
71.325	3.1	1.00002902148349	0.784667740592507	-0.0126746332871364	14.9338126970948	1.00002321718679
71.475	3.1	1.00002826674032	0.785385187828249	-0.0123668019006914	14.8160549212047	1.00002261339225
71.625	3.1	1.00002748341505	0.786072953988353	-0.0120449577672071	14.6981918127049	1.00002198673204
71.775	3.1	1.00002667471396	0.786730908498677	-0.0117124986407938	14.5802278500822	1.00002133977117
71.925	3.1	1.00002584761306	0.787359248558798	-0.0113724563347029	14.4621675035857	1.00002067809044
72.075	3.1	1.00002501072361	0.78795843228841	-0.0110275170474256	14.3440151912175	1.00002000857889
72.225	3.1	1.00002417278647	0.7885291215655	-0.0106800436746367	14.2257752441505	1.00001933822917
72.375	3.1	1.00002334169365	0.789072133488627	-0.0103320992907041	14.1074518801518	1.00001867335492
72.525	3.1	1.0000225239433	0.789588399474006	-0.00998547111038196	13.9890491837489	1.00001801915464
72.675	3.1	1.00002172443349	0.790078931075101	-0.00964169436344511	13.8705710920284	1.00001737954679
72.825	3.1	1.00002094650087	0.790544791686711	-0.00930207563086788	13.7520213850971	1.0000167572007
72.975	3.1	1.00002019211573	0.790987073366939	-0.00896771529709776	13.6334036803633	1.00001615369259
73.125	3.1	1.00001946215691	0.791406878079176	-0.0086395288686424	13.514721429916	1.00001556972552
73.275	3.1	1.00001875670629	0.791805302723095	-0.00831826699087083	13.3959779203823	1.00001500536503
73.425	3.1	1.00001807532113	0.792183427388282	-0.00800453406460983	13.2771762747415	1.0000144602569
73.575	3.1	1.00001741725961	0.792542306326413	-0.00769880541930533	13.1583194556553	1.00001393380768
73.725	3.1	1.00001678165005	0.792882961197189	-0.00740144304323566	13.0394102699479	1.00001342532004
73.875	3.1	1.00001616760478	0.793206376199179	-0.00711270990351308	12.9204513739296	1.00001293408382
74.025	3.1	1.00001557428643	0.793513494748678	-0.00683278291161046	12.8014452793163	1.00001245942915
74.175	3.1	1.00001500093797	0.79380521741761	-0.00656176460559428	12.6823943595369	1.00001200075037
74.325	3.1	1.0000144468876	0.794082400883356	-0.00629969362949337	12.563300856265	1.00001155751008
74.475	3.1	1.00001391153907	0.794345857683174	-0.00604655409512721	12.4441668860408	1.00001112923126
74.625	3.1	1.00001339435522	0.794596356597888	-0.00580228391312687	12.3249944468781	1.00001071548417
74.775	3.1	1.00001289484026	0.794834623519572	-0.00556678217869665	12.2057854247739	1.00001031587221
74.925	3.1	1.00001241252426	0.795061342683252	-0.00533991569560272	12.0865416000587	1.00000993001941
75.075	3.1	1.00001194695126	0.795277158163082	-0.00512152471756748	11.9672646535392	1.000009557561
75.225	3.1	1.00001149767127	0.795482675553348	-0.00491142798243739	11.8479561724019	1.00000919813701
75.375	3.1	1.00001106423589	0.795678463768241	-0.00470942710947723	11.7286176558533	1.00000885138871
75.525	3.1	1.00001064619656	0.795865056908772	-0.00451531042533168	11.609250520484	1.00000851695725
75.675	3.1	1.00001024310463	0.796042956155244	-0.00432885627914195	11.4898561053494	1.00000819448371
75.825	3.1	1.0000098545126	0.796212631652583	-0.00414983590257266	11.3704356767654	1.00000788361008
75.975	3.1	1.00000947997571	0.796374524364223	-0.00397801586554303	11.2509904328239	1.00000758398057
76.125	3.1	1.00000911905368	0.79652904787492	-0.00381316017399753	11.131521507632	1.00000729524295
76.275	3.1	1.00000877131225	0.796676590129614	-0.00365503205165928	11.0120299752854	1.0000070170498
76.425	3.1	1.00000843632442	0.796817515097948	-0.00350339544361284	10.8925168535866	1.00000674905954
76.575	3.1	1.00000811367142	0.796952164358598	-0.00335801627576627	10.7729831075183	1.00000649093714
76.725	3.1	1.00000780294336	0.797080858599611	-0.00321866350059384	10.6534296524858	1.00000624235469
76.875	3.1	1.0000075037397	0.797203899033048	-0.00308510995662419	10.5338573573406	1.00000600299176
77.025	3.1	1.00000721566954	0.797321568724232	-0.00295713306554659	10.414267047198	1.00000577253563
77.175	3.1	1.00000693835177	0.797434133836815	-0.00283451538881373	10.2946595060621	1.00000555068141
77.325	3.1	1.00000667141515	0.797541844795884	-0.00271704506258428	10.1750354792694	1.00000533713212
77.475	3.1	1.0000064144984	0.797644937372324	-0.00260451612805686	10.0553956757653	1.00000513159872
77.625	3.1	1.00000616725011	0.797743633691489	-0.00249672877183484	9.9357407702222	1.00000493380009
77.775	3.1	1.00000592932879	0.797838143170442	-0.00239348948957829	9.81607140501312	1.00000474346303
77.925	3.1	1.00000570040278	0.797928663387265	-0.00229461118442224	9.69638819204908	1.00000456032223
78.075	3.1	1.0000054801502	0.798015380886863	-0.00219991320996588	9.5766917144915	1.00000438412016
78.225	3.1	1.00000526825884	0.798098471926861	-0.00210922136703369	9.45698252834812	1.00000421460708
78.375	3.1	1.00000506442609	0.798178103168051	-0.00202236786151841	9.3372611639615	1.00000405154087
78.525	3.1	1.00000486835876	0.798254432312765	-0.00193919123011902	9.21752812739789	1.00000389468701
78.675	3.1	1.00000467977301	0.798327608695355	-0.00185953623983397	9.09778390174416	1.00000374381841
78.825	3.1	1.00000449839414	0.798397773827717	-0.00178325376605108	8.9780289483196	1.00000359871531
78.975	3.1	1.00000432395643	0.798465061903891	-0.00171020065371515	8.85826370780916	1.00000345916514
79.125	3.1	1.00000415620299	0.798529600266411	-0.00164023956521164	8.73848860132398	1.00000332496239
79.275	3.1	1.00000399488554	0.798591509837545	-0.00157323881819354	8.61870403139465	1.00000319590843
79.425	3.1	1.00000383976422	0.79865090551816	-0.00150907221608199	8.49891038290246	1.00000307181138
79.575	3.1	1.0000036906074	0.798707896556904	-0.00144761887357315	8.37910802395306	1.00000295248592
79.725	3.1	1.00000354719145	0.798762586891894	-0.0013887630390859	8.2592973066969	1.00000283775316
79.875	3.1	1.00000340930054	0.798815075467269	-0.00133239391588782	8.13947856810049	1.00000272744043
80.025	3.1	1.00000327672644	0.798865456526741	-0.00127840548319947	8.01965213067187	1.00000262138115
80.175	3.1	1.00000314926829	0.798913819885685	-0.00122669631854658	7.89981830314388	1.00000251941463
80.325	3.1	1.00000302673239	0.798960251183841	-0.0011771694221699	7.77997738111804	1.00000242138591
80.475	3.1	1.00000290893201	0.799004832120161	-0.00112973204447319	7.66012964767196	1.00000232714561
80.625	3.1	1.00000279568715	0.799047640670996	-0.00108429551693204	7.54027537393292	1.00000223654972
80.775	3.1	1.00000268682433	0.799088751293282	-0.00104077508714449	7.42041481961982	1.00000214945946
80.925	3.1	1.00000258217642	0.799128235113719	-0.000999089758266872	7.30054823355579	1.00000206574114
81.075	3.1	1.00000248158241	0.799166160105154	-0.000959162133244878	7.18067585415349	1.00000198526593
81.225	3.1	1.00000238488719	0.799202591251127	-0.000920918263964429	7.06079790987481	1.00000190790976
81.375	3.1	1.0000022919414	0.799237590699449	-0.000884287505522783	6.94091461966686	1.00000183355312
81.525	3.1	1.00000220260119	0.799271217905823	-0.000849202375640183	6.82102619337563	1.00000176208095
81.675	3.1	1.00000211672806	0.799303529767975	-0.000815598419363407	6.70113283213891	1.00000169338245
81.825	3.1	1.00000203418873	0.799334580751235	-0.000783414078817744	6.58123472875973	1.00000162735099
81.975	3.1	1.00000195485493	0.799364423006018	-0.000752590568260438	6.46133206806171	1.00000156388394
82.125	3.1	1.00000187860325	0.799393106477805	-0.000723071754046387	6.34142502722722	1.0000015028826
82.275	3.1	1.00000180531495	0.799420679010083	-0.000694804039637398	6.22151377611976	1.00000144425196
82.425	3.1	1.00000173487568	0.799447186440801	-0.000667736255286788	6.10159847759131	1.00000138790055
82.575	3.1	1.00000166717527	0.799472672692498	-0.000641819552435768	5.98167928777582	1.00000133374022
82.725	3.1	1.00000160210746	0.799497179856634	-0.000617007302481142	5.86175635636957	1.00000128168597
82.875	3.1	1.00000153956983	0.799520748272389	-0.000593254999810997	5.74182982689935	1.00000123165587
83.025	3.1	1.00000147946392	0.799543416599977	-0.000570520168833288	5.62189983697926	1.00000118357114
83.175	3.1	1.00000142169552	0.799565221888859	-0.000548762274815677	5.50196651855687	1.00000113735642
83.325	3.1	1.00000136617506	0.799586199641006	-0.00052794263806936	5.38202999814945	1.00000109294004
83.475	3.1	1.00000131281757	0.799606383869257	-0.000508024351230211	5.26209039707111	1.00000105025406
83.625	3.1	1.00000126154202	0.799625807151134	-0.000488972198888072	5.14214783165155	1.00000100923361
83.775	3.1	1.00000121226949	0.799644500678237	-0.000470752579084335	5.02220241344713	1.0000009698156
83.925	3.1	1.00000116492077	0.799662494301364	-0.000453333426026792	4.90225424944519	1.00000093193662
84.075	3.1	1.00000111941413	0.799679816571378	-0.000436684133697469	4.78230344226203	1.0000008955313
84.225	3.1	1.00000107566526	0.799696494775636	-0.000420775480153724	4.66235009033539	1.00000086053221
84.375	3.1	1.00000103359084	0.799712554969619	-0.000405579552608217	4.54239428811155	1.00000082687267
84.525	3.1	1.00000099311646	0.799728022003515	-0.000391069672979789	4.4224361262276	1.00000079449317
84.675	3.1	1.00000095418723	0.799742919544203	-0.000377220322384781	4.30247569168904	1.00000076334979
84.825	3.1	1.00000091677687	0.799757270093636	-0.000364007061278546	4.18251306804343	1.0000007334215
84.975	3.1	1.0000008808891	0.799771095006398	-0.000351406439602814	4.06254833555076	1.00000070471128
85.125	3.1	1.00000084654521	0.799784414509747	-0.000339395890474094	3.94258157135151	1.00000067723617
85.275	3.1	1.00000081375345	0.799797247729492	-0.000327953602596082	3.82261284963342	1.00000065100276
85.425	3.1	1.00000078245938	0.799809612723725	-0.000317058372914234	3.70264224179768	1.0000006259675
85.575	3.1	1.00000075248112	0.799821526523625	-0.000306689449948935	3.58266981662509	1.0000006019849
85.725	3.1	1.00000072344445	0.799833005178273	-0.000296826386882212	3.46269564044242	1.00000057875556
85.875	3.1	1.00000069475481	0.799844063799855	-0.000287448923757835	3.34271977728762	1.00000055580385
86.025	3.1	1.00000066568198	0.799854716608866	-0.000278536903297144	3.222742289068	1.00000053254558
86.175	3.1	1.00000063567143	0.799864976986073	-0.000270070192289167	3.10276323569559	1.00000050853715
86.325	3.1	1.00000060498256	0.79987485754871	-0.000262028539888396	2.98278267516997	1.00000048398605
86.475	3.1	1.00000057560007	0.799884370282058	-0.00025439127753775	2.8628006635683	1.00000046048006
86.625	3.1	1.00000055199694	0.79989352677754	-0.000247136784794707	2.74281725491362	1.00000044159755
86.775	3.1	1.00000054079745	0.799902338657159	-0.000240241733704866	2.62283250094704	1.00000043263796
86.925	3.1	1.00000054802082	0.799910818299451	-0.000233680275463726	2.50284645093334	1.00000043841666
87.075	3.1	1.00000057302052	0.799918979995095	-0.000227423494112338	2.3828591517445	1.00000045841642
87.225	3.1	1.00000060019974	0.799926841586114	-0.000221439528871801	2.26287064848221	1.00000048015979
87.375	3.1	1.00000059323378	0.799934426391302	-0.000215694663892138	2.14288098566014	1.00000047458703
87.525	3.1	1.00000050048559	0.799941764749053	-0.000210155367537198	2.02289020835819	1.00000040038847
87.675	3.1	1.00000028099539	0.799948893952524	-0.000204790820062809	1.90289836190242	1.00000022479631
87.825	3.1	0.999999952864764	0.799955855153294	-0.000199575113213599	1.78290548804909	0.999999962291811
87.975	3.1	0.999999646839184	0.799962686694447	-0.000194488298494733	1.66291161630419	0.999999717471348
88.125	3.1	0.99999962157722	0.79996941593505	-0.000189515954543558	1.54291675181973	0.999999697261776
88.275	3.1	1.00000018018268	0.799976055680112	-0.000184647827143561	1.42292086623343	1.00000014414614
88.425	3.1	1.00000144840329	0.799982614706789	-0.000179876956884898	1.30292390266038	1.00000115872263
88.575	3.1	1.00000305965589	0.799989130292636	-0.000175200994729691	1.18292580595947	1.00000244772471
88.725	3.1	1.00000393602133	0.799995719214797	-0.000170626727698696	1.06292657844237	1.00000314881707
88.875	3.1	1.00000248858269	0.800002621114453	-0.000166177271335472	0.942926336892647	1.00000199086615
89.025	3.1	0.999997541368173	0.800010182653445	-0.00016189953600742	0.822925316806014	0.999998033094538
89.175	3.1	0.999989943699004	0.800018724062118	-0.000157868325630091	0.702923756769077	0.999991954959203
89.325	3.1	0.99998412220187	0.80002827138895	-0.000154183542382644	0.582921633157367	0.999987297761496
89.475	3.1	0.999987986032322	0.800038246845348	-0.000150958821628057	0.462918326822556	0.999990388825858
89.625	3.1	1.00000931091854	0.800047361495533	-0.000148303486476996	0.342912468835727	1.00000744873483
89.775	3.1	1.00004793413252	0.800043921546857	-0.000146304561296708	0.222902333630553	1.00003834730602
89.925	3.1	1.00008640316465	0.400081906384248	-0.000145041801386132	0.10289009125906	1.00006912253172
0.075	3.3	2.72327108930721e-30	0.399999533842792	-3.57822444130718e-05	36.0880159769803	0.2
0.225	3.3	-9.33690146062493e-31	0.799998640228444	-3.54900428759318e-05	36.0640160049498	0.2
0.375	3.3	5.82530960734161e-30	0.799997859129999	-3.49278573126603e-05	36.0400160585666	0.2
0.525	3.3	-8.30673737285574e-30	0.799997254206792	-3.41372516886794e-05	36.016016133402	0.2
0.675	3.3	2.5295886105026e-30	0.799996874020953	-3.31740166479233e-05	35.9920162233142	0.2
0.825	3.3	-2.40167272269461e-29	0.799996749353693	-3.21018371085105e-05	35.9680163209607	0.2
0.975	3.3	-6.42564701951172e-30	0.799996892889885	-3.09858808398707e-05	35.944016418353	0.2
1.125	3.3	-3.82267281322651e-29	0.799997300929322	-2.98872638553376e-05	35.9200165073873	0.2
1.275	3.3	4.07789747215564e-31	0.799997956503909	-2.8858983842422e-05	35.8960165802972	0.2
1.425	3.3	-1.88234497028666e-29	0.799998833187202	-2.79435259606702e-05	35.8720166299971	0.2
1.575	3.3	5.91983418932618e-29	0.799999898964419	-2.71720293627776e-05	35.848016650306	0.2
1.725	3.3	6.00304521047495e-29	0.800001119691138	-2.65646983506361e-05	35.8240166360592	0.2
1.875	3.3	1.65257848166121e-28	0.800002461872932	-2.61320648318129e-05	35.8000165831245	0.2
2.025	3.3	1.39975483458233e-28	0.800003894662695	-2.58767167927912e-05	35.7760164883469	0.2
2.175	3.3	1.91731948606949e-28	0.80000539111241	-2.5795179784081e-05	35.7520163494448	0.2
2.325	3.3	2.86738937658301e-29	0.800006928786691	-2.58797209736664e-05	35.7280161648801	0.2
2.475	3.3	-8.16240850598089e-29	0.800008489882572	-2.61199381303917e-05	35.7040159337176	0.2
2.625	3.3	-4.46636007953546e-28	0.800010061004676	-2.65040639357476e-05	35.6800156554872	0.2
2.775	3.3	-6.66482897529135e-28	0.800011632726448	-2.70199738660333e-05	35.6560153300573	0.2
2.925	3.3	-1.01551663183795e-27	0.800013199043	-2.7655914895658e-05	35.6320149575236	0.2
3.075	3.3	-9.22428976431705e-28	0.800014756789863	-2.84009956559813e-05	35.6080145381147	0.2
3.225	3.3	-6.8561194469543e-28	0.800016305085192	-2.92454835726921e-05	35.5840140721162	0.2
3.375	3.3	3.14462893040386e-28	0.800017844822455	-3.01809527341472e-05	35.5600135598096	0.2
3.525	3.3	1.49150502845287e-27	0.800019378230805	-3.12003251683998e-05	35.5360130014268	0.2
3.675	3.3	3.22636730086688e-27	0.80002090850915	-3.22978379799896e-05	35.5120123971158	0.2
3.825	3.3	4.3389763732176e-27	0.800022439528497	-3.34689650261377e-05	35.4880117469163	0.2
3.975	3.3	4.89579267073073e-27	0.800023975600513	-3.47103105685517e-05	35.464011050744	0.2
4.125	3.3	3.32583430520766e-27	0.800025521298875	-3.60194938776051e-05	35.4400103083803	0.2
4.275	3.3	1.11011848165867e-28	0.800027081329529	-3.73950303534873e-05	35.4160095194661	0.2
4.425	3.3	-5.61994326177128e-27	0.800028660436431	-3.88362183798767e-05	35.3920086835005	0.2
4.575	3.3	-1.15927035428919e-26	0.800030263337969	-4.03430372380615e-05	35.3680077998399	0.2
4.725	3.3	-1.6997108947156e-26	0.800031894688758	-4.19160531678374e-05	35.3440068677002	0.2
4.875	3.3	-1.76527651732347e-26	0.800033559054968	-4.35563383160676e-05	35.3200058861586	0.2
5.025	3.3	-1.2711113695906e-26	0.800035260907203	-4.52654035322717e-05	35.2960048541569	0.2
5.175	3.3	5.06986452613418e-28	0.800037004619402	-4.70451374188194e-05	35.2720037705042	0.2
5.325	3.3	1.7938333078247e-26	0.800038794477597	-4.88977603441561e-05	35.2480026338797	0.2
5.475	3.3	3.62015587052568e-26	0.800040634688039	-5.08257837486195e-05	35.2240014428355	0.2
5.625	3.3	4.43738152560307e-26	0.800042529396443	-5.28319788854284e-05	35.2000001957984	0.2
5.775	3.3	3.70103437193158e-26	0.80004448269934	-5.49193524573363e-05	35.1759988910717	0.2
5.925	3.3	7.63066766318272e-27	0.800046498664567	-5.70911256908527e-05	35.1519975268365	0.2
6.075	3.3	-3.32235994979383e-26	0.800048581345201	-5.93507221759523e-05	35.1279961011519	0.2
6.225	3.3	-6.90591058315446e-26	0.800050734800362	-6.17017565518265e-05	35.1039946119557	0.2
6.375	3.3	-6.42627475227059e-26	0.800052963107617	-6.41480275525525e-05	35.0799930570639	0.2
6.525	3.3	6.23690658105888e-27	0.80005527038254	-6.66935143655652e-05	35.0559914341693	0.2
6.675	3.3	1.55664561005035e-25	0.800057660791536	-6.93423751546559e-05	35.0319897408409	0.2
6.825	3.3	3.37302489014968e-25	0.800060138567608	-7.20989475167209e-05	35.0079879745218	0.2
6.975	3.3	4.51183202122852e-25	0.800062708023962	-7.49677507809251e-05	34.9839861325269	0.2
7.125	3.3	3.23070995223572e-25	0.800065373568718	-7.79534897149497e-05	34.9599842120403	0.2
7.275	3.3	-2.14036818032314e-25	0.800068139714446	-8.10610593205931e-05	34.9359822101128	0.2
7.425	3.3	-1.25207403401106e-24	0.800071011095054	-8.42955508692227e-05	34.9119801236575	0.2
7.575	3.3	-2.62813706334612e-24	0.800073992473873	-8.76622581849952e-05	34.887977949447	0.2
7.725	3.3	-3.83391610277144e-24	0.800077088757582	-9.11666866008811e-05	34.863975684109	0.2
7.875	3.3	-3.92445012225017e-24	0.800080305006355	-9.48145599997148e-05	34.8399733241216	0.2
8.025	3.3	-1.71803663001286e-24	0.800083646445356	-9.86118308953709e-05	34.8159708658087	0.2
8.175	3.3	3.83137232019102e-24	0.800087118476642	-0.000102564689342921	34.7919683053349	0.2
8.325	3.3	1.2837729821497e-23	0.800090726688069	-0.000106679573756015	34.7679656387001	0.2
8.475	3.3	2.36208075059988e-23	0.800094476866633	-0.000110963181536426	34.7439628617336	0.2
8.625	3.3	3.18161621498183e-23	0.800098375007632	-0.000115422480629337	34.7199599700881	0.2
8.775	3.3	3.02827257863925e-23	0.800102427326364	-0.000120064721081922	34.6959569592331	0.2
8.925	3.3	1.02135390654137e-23	0.800106640269602	-0.000124897448388587	34.6719538244485	0.2
9.075	3.3	-3.55308897558683e-23	0.800111020526039	-0.000129928515375082	34.647950560817	0.2
9.225	3.3	-1.06948304090484e-22	0.80011557503919	-0.000135166097240814	34.6239471632169	0.2
9.375	3.3	-1.89717387735219e-22	0.800120311018194	-0.000140618704553373	34.5999436263146	0.2
9.525	3.3	-2.49209273599897e-22	0.800125235949685	-0.00014629519936443	34.5759399445558	0.2
9.675	3.3	-2.2990538507077e-22	0.80013035761148	-0.000152204809797628	34.5519361121576	0.2
9.825	3.3	-6.65772928869813e-23	0.800135684084124	-0.000158357146703683	34.5279321230991	0.2
9.975	3.3	2.88111413875245e-22	0.800141223764817	-0.000164762220511104	34.5039279711126	0.2
10.125	3.3	8.19289486577213e-22	0.800146985380936	-0.000171430459287182	34.4799236496733	0.2
10.275	3.3	1.39946321915745e-21	0.800152978003278	-0.000178372726456121	34.4559191519897	0.2
10.425	3.3	1.75558346461388e-21	0.800159211061438	-0.000185600340856872	34.4319144709931	0.2
10.575	3.3	1.48986532952468e-21	0.800165694359081	-0.000193125096354686	34.407909599326	0.2
10.725	3.3	1.91302149316785e-22	0.800172438088474	-0.000200959283209561	34.3839045293315	0.2
10.875	3.3	-2.34413258799155e-21	0.800179452846801	-0.000209115710120087	34.3598992530407	0.2
11.025	3.3	-5.81487299444765e-21	0.800186749654372	-0.000217607727045734	34.3358937621607	0.2
11.175	3.3	-9.13801412198402e-21	0.800194339969527	-0.000226449249429276	34.3118880480615	0.2
11.325	3.3	-1.03743660440506e-20	0.800202235708787	-0.000235654783195216	34.2878821017625	0.2
11.475	3.3	-7.07018745896955e-21	0.800210449264597	-0.000245239451054712	34.2638759139189	0.2
11.625	3.3	2.81632487964874e-21	0.800218993524595	-0.00025521902094023	34.2398694748067	0.2
11.775	3.3	1.94250312998991e-20	0.800227881892062	-0.000265609933616118	34.2158627743075	0.2
11.925	3.3	3.92923697043286e-20	0.800237128307338	-0.000276429333877025	34.1918558018931	0.2
12.075	3.3	5.42142213999871e-20	0.800246747268109	-0.000287695101770281	34.167848546609	0.2
12.225	3.3	5.17880495153586e-20	0.800256753854588	-0.000299425886098115	34.143840997057	0.2
12.375	3.3	1.87597032965666e-20	0.800267163750555	-0.000311641138828665	34.1198331413777	0.2
12.525	3.3	-5.23100546692483e-20	0.800277993268995	-0.000324361152204114	34.095824967232	0.2
12.675	3.3	-1.53972924761989e-19	0.800289259377804	-0.000337607096433711	34.0718164617816	0.2
12.825	3.3	-2.55420965094926e-19	0.800300979725431	-0.000351401060217004	34.0478076116693	0.2
12.975	3.3	-2.99878873514884e-19	0.800313172670126	-0.000365766092401233	34.0237984029981	0.2
13.125	3.3	-2.14243617538032e-19	0.800325857306428	-0.000380726246744989	33.9997888213091	0.2
13.275	3.3	6.39664938728541e-20	0.800339053496247	-0.000396306628438178	33.9757788515597	0.2
13.425	3.3	5.42787155065407e-19	0.800352781900993	-0.000412533441545576	33.9517684780994	0.2
13.575	3.3	1.12512416916648e-18	0.800367064012045	-0.000429434041985814	33.9277576846456	0.2
13.725	3.3	1.57374328127955e-18	0.800381922184977	-0.000447036989584865	33.9037464542586	0.2
13.875	3.3	1.52451668036078e-18	0.800397379676022	-0.00046537210596723	33.8797347693145	0.2
14.025	3.3	5.81560973562433e-19	0.800413460678408	-0.000484470532877558	33.8557226114781	0.2
14.175	3.3	-1.48957368726088e-18	0.800430190357296	-0.000504364795100234	33.8317099616738	0.2
14.325	3.3	-4.49481077869452e-18	0.800447594895865	-0.000525088865627145	33.8076968000566	0.2
14.475	3.3	-7.55657925580598e-18	0.800465701530248	-0.000546678235531562	33.7836831059801	0.2
14.625	3.3	-9.02219624855491e-18	0.80048453859758	-0.000569169985472565	33.7596688579648	0.2
14.775	3.3	-6.72445491717316e-18	0.800504135579306	-0.000592602862629479	33.7356540336642	0.2
14.925	3.3	1.25330203967375e-18	0.80052452314823	-0.000617017360592745	33.71163860983	0.2
15.075	3.3	1.53052435244608e-17	0.800545733218613	-0.000642455804663659	33.6876225622754	0.2
15.225	3.3	3.28005787420818e-17	0.800567798997175	-0.000668962440616816	33.6636058658369	0.2
15.375	3.3	4.69852209923051e-17	0.800590755037081	-0.000696583528008906	33.6395884943355	0.2
15.525	3.3	4.72331239789425e-17	0.800614637294745	-0.000725367439447777	33.6155704205347	0.2
15.675	3.3	2.1641638359373e-17	0.800639483188178	-0.000755364764407091	33.5915516160978	0.2
15.825	3.3	-3.74897928818292e-17	0.800665331658869	-0.000786628419123527	33.5675320515434	0.2
15.975	3.3	-1.25891963819143e-16	0.800692223236294	-0.000819213761411431	33.5435116961983	0.2
16.125	3.3	-2.19615859484527e-16	0.800720200107615	-0.000853178713234961	33.5194905181492	0.2
16.275	3.3	-2.7165714021665e-16	0.800749306185258	-0.000888583888340218	33.4954684841919	0.2
16.425	3.3	-2.18388126259338e-16	0.800779587185437	-0.000925492728166186	33.4714455597781	0.2
16.575	3.3	-4.72143379504207e-19	0.800811090704211	-0.000963971643395278	33.4474217089607	0.2
16.725	3.3	4.01081490700329e-16	0.800843866301363	-0.00100409016614382	33.4233968943358	0.2
16.875	3.3	9.20774682981133e-16	0.800877965586866	-0.00104592110623014	33.3993710769827	0.200000000000001
17.025	3.3	1.37371510665233e-15	0.800913442312551	-0.00108954072075377	33.3753442164006	0.200000000000001
17.175	3.3	1.45663809931051e-15	0.80095035246924	-0.00113502888838312	33.3513162704439	0.200000000000001
17.325	3.3	8.1417321080138e-16	0.800988754388943	-0.00118246929657947	33.3272871952525	0.200000000000001
17.475	3.3	-8.11425877949069e-16	0.801028708852308	-0.00123194963830217	33.3032569451806	0.199999999999999
17.625	3.3	-3.35899854752003e-15	0.801070279203241	-0.00128356181686239	33.2792254727213	0.199999999999997
17.775	3.3	-6.2161004461089e-15	0.801113531469619	-0.00133740216628923	33.2551927284284	0.199999999999995
17.925	3.3	-8.09190972045324e-15	0.801158534493252	-0.00139357168022175	33.2311586608332	0.199999999999994
18.075	3.3	-7.1510219670769e-15	0.801205360064628	-0.00145217625480404	33.2071232163588	0.199999999999994
18.225	3.3	-1.55151462641941e-15	0.801254083069684	-0.00151332694435347	33.1830863392293	0.199999999999999
18.375	3.3	9.56855438711552e-15	0.801304781643423	-0.0015771402308523	33.1590479713746	0.200000000000008
18.525	3.3	2.48161861912424e-14	0.801357537336316	-0.00164373830839972	33.1350080523307	0.20000000000002
18.675	3.3	3.94255094255512e-14	0.801412435290022	-0.00171324938143519	33.1109665191344	0.200000000000032
18.825	3.3	4.50232419804643e-14	0.801469564426577	-0.00178580798099089	33.0869233062133	0.200000000000036
18.975	3.3	3.11268908948776e-14	0.801529017650457	-0.00186155529556292	33.0628783452688	0.200000000000025
19.125	3.3	-1.10032089733774e-14	0.801590892066522	-0.00194063952028339	33.0388315651542	0.199999999999991
19.275	3.3	-8.22796967874599e-14	0.801655289213061	-0.00202321622400326	33.0147828917448	0.199999999999934
19.425	3.3	-1.68873759008e-13	0.801722315312938	-0.00210944873470202	32.9907322478015	0.199999999999865
19.575	3.3	-2.37448233151793e-13	0.801792081545573	-0.00219950854516158	32.9666795528261	0.19999999999981
19.725	3.3	-2.36796309874385e-13	0.801864704337791	-0.00229357573754304	32.9426247229088	0.199999999999811
19.875	3.3	-1.10220094880211e-13	0.801940305682812	-0.00239183942954089	32.9185676705659	0.199999999999912
20.025	3.3	1.79147971749359e-13	0.802019013480213	-0.00249449824124791	32.8945083045678	0.200000000000143
20.175	3.3	6.12866639901006e-13	0.802100961909114	-0.00260176078404142	32.870446529757	0.20000000000049
20.325	3.3	1.08186231627185e-12	0.802186291831003	-0.00271384617117468	32.8463822468532	0.200000000000865
20.475	3.3	1.36974754611581e-12	0.802275151228297	-0.00283098455030779	32.8223153522469	0.200000000001096
20.625	3.3	1.17838010966017e-12	0.802367695681298	-0.00295341765974564	32.7982457377792	0.200000000000943
20.775	3.3	2.16257740734012e-13	0.802464088888829	-0.00308139940467018	32.7741732905058	0.200000000000173
20.925	3.3	-1.64561715767087e-12	0.802564503234974	-0.0032151964570947	32.7500978924458	0.199999999998684
21.075	3.3	-4.17667851979668e-12	0.802669120409022	-0.00335508887565047	32.726019420312	0.199999999996659
21.225	3.3	-6.61659975043452e-12	0.802778132082393	-0.0035013707465917	32.7019377452221	0.199999999994707
21.375	3.3	-7.63990596968018e-12	0.802891740648874	-0.00365435084259537	32.6778527323884	0.199999999993888
21.525	3.3	-5.57968825075033e-12	0.803010160037418	-0.00381435329998143	32.6537642407846	0.199999999995536
21.675	3.3	9.98923439476163e-13	0.803133616598652	-0.00398171830998038	32.6296721227872	0.200000000000799
21.825	3.3	1.23900824054323e-11	0.803262350082087	-0.00415680282194328	32.6055762237885	0.200000000009912
21.975	3.3	2.66969626989595e-11	0.803396614702989	-0.00433998125480844	32.5814763817799	0.200000000021358
22.125	3.3	3.90537214080361e-11	0.803536680317036	-0.00453164621000959	32.5573724269012	0.200000000031243
22.275	3.3	4.17169930641882e-11	0.803682833707138	-0.00473220918215285	32.5332641809534	0.200000000033374
22.425	3.3	2.56528420876561e-11	0.803835379995546	-0.0049421012553644	32.5091514568707	0.200000000020522
22.575	3.3	-1.60117072257155e-11	0.803994644192705	-0.00516177378143958	32.4850340581487	0.199999999987191
22.725	3.3	-8.29339627329813e-11	0.804160972896036	-0.0053916990251706	32.4609117782222	0.199999999933653
22.875	3.3	-1.62135439815372e-10	0.804334736154706	-0.00563237076670887	32.4367843997909	0.199999999870292
23.025	3.3	-2.24561004713113e-10	0.804516329511656	-0.00588430485202382	32.4126516940843	0.199999999820351
23.175	3.3	-2.26764402994981e-10	0.804706176249463	-0.00614803967233179	32.3885134200636	0.199999999818588
23.325	3.3	-1.20760077276126e-10	0.804904729853838	-0.00642413656141454	32.3643693235531	0.199999999903392
23.475	3.3	1.26545128276199e-10	0.805112476716838	-0.00671318008646892	32.3402191362957	0.200000000101236
23.625	3.3	5.06401404770647e-10	0.805329939105198	-0.00701577820716825	32.3160625749256	0.200000000405121
23.775	3.3	9.40828133136723e-10	0.805557678403621	-0.0073325622597357	32.2918993398515	0.200000000752663
23.925	3.3	1.26720315428858e-09	0.805796298656725	-0.00766418672120719	32.2677291140395	0.200000001013763
24.075	3.3	1.25065057394073e-09	0.80604645041005	-0.00801132868694417	32.243551561687	0.20000000100052
24.225	3.3	6.38627042116276e-10	0.80630883486195	-0.00837468699361595	32.219366326773	0.200000000510902
24.375	3.3	-7.36838707882204e-10	0.806584208331167	-0.0087549809190396	32.1951730314717	0.199999999410529
24.525	3.3	-2.82139659102514e-09	0.80687338705014	-0.00915294840149758	32.1709712744157	0.199999997742883
24.675	3.3	-5.2015287545148e-09	0.807177252320763	-0.00956934374173438	32.1467606287951	0.199999995838777
24.825	3.3	-7.02970363479856e-09	0.80749675607659	-0.010004934778456	32.1225406402841	0.199999994376237
24.975	3.3	-7.08719072670333e-09	0.807832926921853	-0.010460499541213	32.0983108247928	0.199999994330247
25.125	3.3	-4.05167993225554e-09	0.808186876739411	-0.0109368223767915	32.0740706660429	0.199999996758656
25.275	3.3	3.00603440743752e-09	0.808559807914038	-0.0114346894880577	32.0498196129744	0.200000002404828
25.425	3.3	1.39530314665558e-08	0.808953021191315	-0.0119548837081299	32.0255570769847	0.200000011162425
25.575	3.3	2.69186802791816e-08	0.809367924064196	-0.0124981781695949	32.0012824289939	0.200000021534944
25.725	3.3	3.7887471643385e-08	0.809806039444227	-0.0130653283338082	31.976994996312	0.200000030309977
25.875	3.3	4.08998192352636e-08	0.810269014221884	-0.0136570616979996	31.9526940592637	0.200000032719855
26.025	3.3	2.91673062833405e-08	0.810758627212966	-0.0142740644571545	31.9283788475051	0.200000023333845
26.175	3.3	-2.76627262177815e-09	0.811276795987201	-0.014916964567497	31.9040485359555	0.199999997786982
26.325	3.3	-5.6016917606425e-08	0.811825582253213	-0.0155863110724743	31.8797022402845	0.199999955186466
26.475	3.3	-1.24148767098277e-07	0.812407195851078	-0.0162825502036564	31.8553390119345	0.199999900680986
26.625	3.3	-1.90853240649741e-07	0.813023997925495	-0.0170059995153934	31.8309578327396	0.199999847317407
26.775	3.3	-2.29903878421532e-07	0.813678504427336	-0.0177568219403701	31.8065576092994	0.199999816076897
26.925	3.3	-2.0870773974965e-07	0.814373391432379	-0.0185350018051131	31.7821371673703	0.199999833033808
27.075	3.3	-9.61961697757953e-08	0.815111503657936	-0.0193403242408822	31.7576952466053	0.199999923043064
27.225	3.3	1.25343247031949e-07	0.815895866666462	-0.0201723578281313	31.7332304959694	0.200000100274598
27.375	3.3	4.46463685949675e-07	0.816729701500643	-0.0210304378242726	31.7087414700612	0.200000357170949
27.525	3.3	8.18410934515135e-07	0.817616437956543	-0.0219136443684174	31.6842266263657	0.200000654728748
27.675	3.3	1.14746364667523e-06	0.818559719882048	-0.0228207674814257	31.6596843231887	0.200000917970917
27.825	3.3	1.30074959534818e-06	0.819563393548056	-0.0237502495880896	31.6351128177486	0.200001040599676
27.975	3.3	1.12713032318018e-06	0.820631469329298	-0.0247000977907283	31.6105102637246	0.200000901704259
28.125	3.3	4.93632332359285e-07	0.821768048630707	-0.0256677629124784	31.5858747075987	0.200000394905866
28.275	3.3	-6.66593263877122e-07	0.822977212773574	-0.0266499903081948	31.5612040834505	0.199999466725389
28.425	3.3	-2.30376832530241e-06	0.82426287823831	-0.0276426573660322	31.5364962064942	0.19999815698534
28.575	3.3	-4.21149644752113e-06	0.82562863199765	-0.0286406221886078	31.5117487664947	0.199996630802842
28.725	3.3	-6.01198774423824e-06	0.827077569410464	-0.0296376140551431	31.486959323086	0.199995190409805
28.875	3.3	-7.17923639397423e-06	0.828612162309943	-0.0306261958880591	31.4621253057013	0.199994256610885
29.025	3.3	-7.10690561227842e-06	0.830234183602703	-0.03159782006936	31.43724402106	0.19999431447551
29.175	3.3	-5.21843195377727e-06	0.831944704937774	-0.0325429815624568	31.4123126707802	0.199995825254437
29.325	3.3	-1.10627649700458e-06	0.833744165829705	-0.033451449049075	31.387328380711	0.199999114978802
29.475	3.3	5.32200242300522e-06	0.835632488614543	-0.0343125308434699	31.3622882421948	0.200004257601938
29.625	3.3	1.3718481334077e-05	0.837609188878706	-0.0351153144528253	31.337189364057	0.200010974785067
29.775	3.3	2.32178050460898e-05	0.839673412252289	-0.0358488134237074	31.3120289330878	0.200018574244037
29.925	3.3	3.24302144903328e-05	0.841823822326147	-0.0365019669060207	31.2868042804322	0.200025944171592
30.075	3.3	3.95180383654913e-05	0.844058275369239	-0.0370634665412734	31.2615129516218	0.200031614430692
30.225	3.3	4.23608944772354e-05	0.846373245952177	-0.0375214273210139	31.2361527785835	0.200033888715582
30.375	3.3	3.88098557498629e-05	0.848763009189499	-0.0378629651395853	31.210721952114	0.2000310478846
30.525	3.3	2.70286015532045e-05	0.851218631714704	-0.0380737826563621	31.1852190923433	0.200021622881243
30.675	3.3	5.9146967789797e-06	0.853726864547631	-0.038137886015787	31.1596433124713	0.200004731757423
30.825	3.3	-2.44236644103872e-05	0.856269058076493	-0.0380375505163768	31.1339942685819	0.199980461068472
30.975	3.3	-6.22022269745357e-05	0.858820228504721	-0.0377536215330834	31.1082721881614	0.19995023821842
31.125	3.3	-0.000103644036401864	0.861348398548519	-0.0372661820679482	31.082477875799	0.199917084770879
31.275	3.3	-0.000143034170289544	0.863814319624272	-0.0365555495386335	31.0566127099185	0.199885572663768
31.425	3.3	-0.000173425011498365	0.866171663873452	-0.0356034942265082	31.030678669813	0.199861259990801
31.575	3.3	-0.000188226508936621	0.868367748597339	-0.0343945139134866	31.0046784618855	0.199849418792851
31.725	3.3	-0.000183684652825683	0.870344803991778	-0.0329169683383398	30.9786158328564	0.199853052277739
31.875	3.3	-0.000161779978459603	0.87204168580626	-0.0311638897561004	30.9524961422019	0.199870576017232
32.025	3.3	-0.000132412035721589	0.873395742465908	-0.0291333592132127	30.9263271906404	0.199894070371423
32.175	3.3	-0.000113092386986854	0.874344286816711	-0.0268284810194169	30.9001201531999	0.199909526090411
32.325	3.3	-0.000124168046603629	0.87482488633785	-0.0242571813122033	30.8738902650352	0.199900665562717
32.475	3.3	-0.000178393631214102	0.874773642220446	-0.0214322288187661	30.847656730091	0.199857285095029
32.625	3.3	-0.000265927317532754	0.87412097901446	-0.0183718889031894	30.8214412994731	0.199787258145974
32.775	3.3	-0.000339534156106498	0.872785348960723	-0.0151012936716996	30.7952652599855	0.199728372675115
32.925	3.3	-0.000309027032249831	0.870666601303089	-0.0116538021217709	30.7691453002404	0.1997527783742
33.075	3.3	-5.66940724949729e-05	0.867642102197405	-0.00807042089321575	30.7430898381911	0.199954644742004
33.225	3.3	0.000516327298248876	0.863568879819224	-0.00439432466801149	30.7170985797479	0.200413061838599
33.375	3.3	0.0014119845116636	0.858292389669118	-0.000657797612119319	30.6911686931972	0.201129587609331
33.525	3.3	0.00244257528632178	0.851655914464312	0.00313834887383912	30.6653101814332	0.201954060229057
33.675	3.3	0.00316380283772106	0.843496334933758	0.00704790131506968	30.6395700822439	0.202531042270177
33.825	3.3	0.00289431930750747	0.83360824955819	0.0111951712165815	30.6140599238736	0.202315455446006
33.975	3.3	0.000884594090254316	0.821664494678994	0.0157714137091932	30.588974532442	0.200707675272203
34.125	3.3	-0.00333437782916031	0.807094921171889	0.0209963365729647	30.5645856126994	0.197332497736672
34.275	3.3	-0.00946523954967229	0.788942215626702	0.0270190591942605	30.5411947154304	0.192427808360262
34.425	3.3	-0.0159598402027165	0.76574931824262	0.0337203922669858	30.5190412862567	0.187232127837827
34.575	3.3	-0.0197442539938031	0.735650442893825	0.0404173806296081	30.4981828531569	0.184204596804958
34.725	3.3	-0.0163447943595665	0.697073197605113	0.0456806544056378	30.4783882282899	0.186924164512347
34.875	3.3	-0.000483096326642205	0.650350118956988	0.0477820294619825	30.459092905637	0.199613522938686
35.025	3.3	0.0329545720084637	0.59907008063762	0.0459098640939729	30.4394426247733	0.226363657606771
35.175	3.3	0.0877444790223187	0.548864470912466	0.0409423169171265	30.4184105972523	0.270195583217855
35.325	3.3	0.165091231846652	0.504351683089169	0.0346983938371504	30.3949523980255	0.332072985477321
35.475	3.3	0.262541232044614	0.467583085824614	0.0286885912605507	30.3681661265121	0.410032985635691
35.625	3.3	0.373545995730586	0.438603152984926	0.0236471478847773	30.3374350514115	0.498836796584469
35.775	3.3	0.488344495136178	0.41649751807698	0.0197277034148695	30.30252870897	0.590675596108942
35.925	3.3	0.596282664054364	0.400054009288529	0.0168091499729285	30.2636305754811	0.677026131243492
36.075	3.3	0.688590419998307	0.388071482557819	0.0146888533230459	30.2212746035109	0.750872335998646
36.225	3.3	0.760173006246243	0.3795022206892	0.0131700305908659	30.1762129332883	0.808138404996994
36.375	3.3	0.809764730088524	0.373510863757096	0.012091815233913	30.1292675077147	0.847811784070819
36.525	3.3	0.838917604430081	0.369475679960912	0.011334609006015	30.0812128597568	0.871134083544064
36.675	3.3	0.850694262140077	0.366955266767041	0.0108167056968606	30.0327086503584	0.880555409712062
36.825	3.3	0.848634549700771	0.365644776945389	0.0104889706274309	29.9842755261746	0.878907639760617
36.975	3.3	0.836140434148199	0.365336969395385	0.0103300129776572	29.9362982539896	0.868912347318559
37.125	3.3	0.816191518499096	0.365893331364927	0.0103423431599731	29.8890417850827	0.852953214799277
37.275	3.3	0.791255753385159	0.3672247986321	0.0105491689255816	29.8426712860112	0.833004602708127
37.425	3.3	0.763293987393577	0.369279753250069	0.0109911728252579	29.797271800836	0.810635189914861
37.575	3.3	0.733802608877754	0.372036939037906	0.0117226013633551	29.7528659371389	0.787042087102203
37.725	3.3	0.703870106035965	0.375501357700503	0.0128061995767961	29.7094291821421	0.763096084828772
37.875	3.3	0.674238852590139	0.379701606742994	0.0143069022713885	29.6669028523662	0.739391082072111
38.025	3.3	0.645368249828612	0.384687449256015	0.0162846986358081	29.6252047875799	0.716294599862889
38.175	3.3	0.617495374147597	0.390526763949078	0.0187876547272294	29.5842379896051	0.693996299318077
38.325	3.3	0.590688552462471	0.397301523468151	0.0218466145267577	29.5438975488903	0.672550841969977
38.475	3.3	0.564889820512597	0.405103155199287	0.025473465885641	29.5040763473677	0.651911856410077
38.625	3.3	0.53994439536622	0.414028514347087	0.0296648574115073	29.4646700839072	0.631955516292976
38.775	3.3	0.515618500826852	0.424178553786794	0.0344126734034855	29.4255820663045	0.612494800661482
38.925	3.3	0.491610080529084	0.435662272149664	0.0397213075285744	29.3867279362833	0.593288064423267
39.075	3.3	0.467559066614863	0.44860829950777	0.0456299791977955	29.3480400984487	0.57404725329189
39.225	3.3	0.443064170939136	0.463185374856277	0.0522365013240993	29.3094712276423	0.554451336751308
39.375	3.3	0.417711340714888	0.479631195628477	0.0597177006157873	29.2709959733729	0.53416907257191
39.525	3.3	0.391115376667678	0.49828721750149	0.0683415852579355	29.2326099823587	0.512892301334143
39.675	3.3	0.362971635771852	0.51963547715015	0.0784672899261085	29.1943256700599	0.490377308617482
39.825	3.3	0.333110512211854	0.544332465925552	0.0905301778270668	29.1561647483346	0.466488409769483
39.975	3.3	0.301544822674742	0.573233868909373	0.105010397836313	29.1181482341353	0.441235858139794
40.125	3.3	0.268500210841833	0.607401428172905	0.122383155539395	29.0802853469157	0.414800168673467
40.275	3.3	0.234421317123131	0.648078099398542	0.143048221491973	29.0425631696777	0.387537053698505
40.425	3.3	0.199950877404195	0.696609772541832	0.167236056270033	29.0049390637535	0.359960701923356
40.575	3.3	0.165883617486328	0.754283397108511	0.194890575931467	28.9673375268705	0.332706893989063
40.725	3.3	0.133100367776172	0.822049725964453	0.22553637087463	28.9296524778816	0.306480294220938
40.875	3.3	0.102489678308766	0.900118513198731	0.258152035342315	28.8917549143071	0.281991742647013
41.025	3.3	0.0748649801647315	0.987473019767203	0.291088594734734	28.8535046814439	0.259891984131785
41.175	3.3	0.0508861650871728	1.08145333051597	0.322087178778346	28.8147640175919	0.240708932069738
41.325	3.3	0.0309957394333065	1.17766032938911	0.348460281295861	28.7754100385624	0.224796591546645
41.475	3.3	0.0153802358010828	1.27042327734458	0.367495562114208	28.735343809178	0.212304188640866
41.625	3.3	0.0039651603322819	1.35385097283233	0.377064886290297	28.6944951836242	0.203172128265826
41.775	3.3	-0.0035546495286279	1.42312518111995	0.3762407546017	28.6528243741265	0.197156280377098
41.925	3.3	-0.00765605336997989	1.47548485154719	0.365593612550679	28.6103217634581	0.193875157304016
42.075	3.3	-0.00891388205749217	1.5105107521632	0.346980270082106	28.5670064168185	0.192868894354006
42.225	3.3	-0.00792842191900108	1.52972264869419	0.322951767724138	28.5229226018542	0.193657262464799
42.375	3.3	-0.00526673005641136	1.53581081186551	0.296100826221981	28.4781338466755	0.195786615954871
42.525	3.3	-0.00142397915390481	1.53186420865901	0.268604130867386	28.4327152413736	0.198860816676876
42.675	3.3	0.00319524802368506	1.52081090592624	0.242030290036539	28.3867455164039	0.202556198418948
42.825	3.3	0.00827981883869339	1.50511698179036	0.217350064641024	28.340300338688	0.206623855070955
42.975	3.3	0.0136045554175344	1.48669038832109	0.195049134510986	28.2934475944709	0.210883644334028
43.125	3.3	0.0190173814072775	1.46690922821894	0.17526661621583	28.2462447325624	0.215213905125822
43.275	3.3	0.024424774763747	1.44670720395422	0.157918591324897	28.1987378154298	0.219539819810998
43.425	3.3	0.0297777791394085	1.42667345754351	0.142792732208875	28.1509617808998	0.223822223311527
43.575	3.3	0.0350597075658194	1.40714495667808	0.129614310022563	28.1029414478678	0.228047766052656
43.725	3.3	0.040275928891259	1.38828311569921	0.118089209920171	28.054692901735	0.232220743113007
43.875	3.3	0.0454457030324981	1.37013352022595	0.107930334928228	28.0062250068341	0.236356562425999
44.025	3.3	0.0505958299594118	1.35267069900419	0.0988727478600773	27.9575408870634	0.240476663967529
44.175	3.3	0.0557558130222395	1.33583075150093	0.0906814849802213	27.9086392856912	0.244604650417792
44.325	3.3	0.0609542465612449	1.31953450985409	0.0831547311888663	27.8595157628669	0.248763397248996
44.475	3.3	0.0662161797004358	1.30370344732557	0.0761241162736861	27.8101637194536	0.252972943760349
44.625	3.3	0.071561258564375	1.28827004910491	0.0694532535565792	27.7605752532088	0.2572490068515
44.775	3.3	0.0770024950632904	1.27318395048284	0.0630352282089699	27.710741862247	0.261601996050632
44.925	3.3	0.0825455465553828	1.25841484510184	0.056789484586607	27.660655014373	0.266036437244306
45.075	3.3	0.0881884165806219	1.24395295674828	0.0506584055598314	27.6103066016571	0.270550733264498
45.225	3.3	0.0939215047461299	1.22980772503161	0.0446037823683587	27.5596892989946	0.275137203796904
45.375	3.3	0.0997279472319505	1.21600525231707	0.0386033143941283	27.5087968440552	0.27978235778556
45.525	3.3	0.105584201479062	1.20258497690712	0.032647238493917	27.4576242540227	0.28446736118325
45.675	3.3	0.111460841250085	1.18959596379656	0.0267351596412385	27.4061679915614	0.289168673000068
45.825	3.3	0.117323541180951	1.17709313325011	0.0208731357952605	27.3544260881456	0.293858832944761
45.975	3.3	0.123134239726218	1.16513367920691	0.0150710598215082	27.3023982272402	0.298507391780974
46.125	3.3	0.128852471432168	1.15377386653957	0.00934038072408755	27.2500857834487	0.303081977145734
46.275	3.3	0.134436851177728	1.14306633531926	0.00369221222410155	27.1974918078452	0.307549480942182
46.425	3.3	0.139846669389417	1.1330579875226	-0.00186411778764161	27.1446209460157	0.311877335511534
46.575	3.3	0.145043518057373	1.12378849265691	-0.00732202581183765	27.0914792760066	0.316034814445899
46.725	3.3	0.149992829282884	1.11528939929123	-0.0126781035693205	27.0380740596898	0.319994263426307
46.875	3.3	0.154665174267286	1.10758380155623	-0.0179320184365202	26.9844134130566	0.323732139413829
47.025	3.3	0.159037151945548	1.10068648644249	-0.0230859335554998	26.9305059175924	0.327229721556438
47.175	3.3	0.163091709549371	1.09460447152035	-0.0281435595637387	26.8763602133128	0.330473367639497
47.325	3.3	0.166817794590019	1.08933782276025	-0.0331090091249795	26.8219846298115	0.333454235672015
47.475	3.3	0.170209330765021	1.08488063387324	-0.0379856687477758	26.7673869199897	0.336167464612016
47.625	3.3	0.17326362730363	1.08122204594791	-0.0427753120477498	26.7125741581827	0.338610901842904
47.775	3.3	0.175979448286238	1.07834718936135	-0.0474776443181581	26.6575528483685	0.340783558628991
47.925	3.3	0.178355056547708	1.07623793712024	-0.052090391140464	26.6023292603943	0.342684045238166
48.075	3.3	0.18038657873693	1.0748733694391	-0.0566099384103874	26.5469099773891	0.344309262989544
48.225	3.3	0.182066996754925	1.07422986495058	-0.061032425248736	26.4913026031027	0.34565359740394
48.375	3.3	0.183385956023144	1.07428075823455	-0.0653551198169229	26.4355165522115	0.346708764818515
48.525	3.3	0.184330413601844	1.07499554184639	-0.0695779033698528	26.379563836676	0.347464330881475
48.675	3.3	0.184885969505616	1.07633864932244	-0.07370476829585	26.323459770217	0.347908775604492
48.825	3.3	0.185038585989135	1.07826793750808	-0.0777453964788607	26.2672235381896	0.348030868791308
48.975	3.3	0.184776356732461	1.08073309216905	-0.0817170916795431	26.2108786120929	0.347821085385969
49.125	3.3	0.184091081676887	1.08367430518211	-0.0856475304052095	26.1544530110504	0.347272865341509
49.275	3.3	0.182979644634336	1.08702170221795	-0.0895788781048354	26.0979794077756	0.346383715707469
49.425	3.3	0.181445545292579	1.09069611308146	-0.0935736767558156	26.0414950261698	0.345156436234063
49.575	3.3	0.179501314643623	1.09461183312818	-0.0977224235705189	25.985041172754	0.343601051714899
49.725	3.3	0.17717279733784	1.09868196382317	-0.102151830693834	25.9286620930451	0.341738237870272
49.875	3.3	0.174506233506402	1.10282666329747	-0.107031363804784	25.872402681265	0.339604986805121
50.025	3.3	0.171578542264228	1.10698408654895	-0.112573943864603	25.8163044627139	0.337262833811382
50.175	3.3	0.168510106712972	1.1111228493705	-0.119025066830321	25.760399304261	0.334808085370377
50.325	3.3	0.165477762323663	1.11525345285423	-0.126633854195678	25.7047005885713	0.332382209858931
50.475	3.3	0.162723916987798	1.11943437499988	-0.135600997324879	25.6491921820973	0.330179133590238
50.625	3.3	0.160556363104503	1.12376703939129	-0.146003868130554	25.5938164269567	0.328445090483602
50.775	3.3	0.159333140661197	1.12837394803283	-0.157709424277165	25.5384634520168	0.327466512528958
50.925	3.3	0.15942850547657	1.13335794208178	-0.170299660088723	25.4829650224795	0.327542804381256
51.075	3.3	0.16118001632393	1.13874919998647	-0.183046018461852	25.4270964804017	0.328944013059144
51.225	3.3	0.16482259935856	1.14445807701451	-0.194967269816023	25.3705896029662	0.331858079486848
51.375	3.3	0.170421777027529	1.15025866289409	-0.204980680186958	25.3131571825544	0.336337421622023
51.525	3.3	0.177822731963435	1.15582068803545	-0.212113801142305	25.2545270931034	0.342258185570748
51.675	3.3	0.186631963440215	1.16078516474869	-0.21570807374362	25.1944804550948	0.349305570752172
51.825	3.3	0.19624249049376	1.16485524083956	-0.215543345557347	25.1328864757556	0.356993992395008
51.975	3.3	0.205902690016529	1.16786617675313	-0.211849042450879	25.0697265581981	0.364722152013223
52.125	3.3	0.21481638685851	1.1698121436692	-0.205217806500746	25.005102476181	0.371853109486808
52.275	3.3	0.222252568950139	1.17083036577023	-0.196468879921154	24.9392270732565	0.377802055160111
52.425	3.3	0.22764091590972	1.17115891695552	-0.186509250568725	24.8723998406516	0.382112732727776
52.575	3.3	0.230634930289488	1.17108700480579	-0.176221242938137	24.8049726529918	0.384507944231591
52.725	3.3	0.23113505222704	1.17091007200228	-0.166383512838755	24.7373121636315	0.384908041781632
52.875	3.3	0.229275013665941	1.17089380467523	-0.157619233720578	24.6697648421169	0.383420010932753
53.025	3.3	0.225381771864628	1.17124588976587	-0.150362362945879	24.6026289290148	0.380305417491702
53.175	3.3	0.219921060835251	1.17209338692147	-0.144836833511624	24.5361354949892	0.375936848668201
53.325	3.3	0.213438031431196	1.17346604952619	-0.141049915560346	24.4704390007477	0.370750425144957
53.475	3.3	0.206498291845663	1.17529004956543	-0.138806178758381	24.4056165839629	0.36519863347653
53.625	3.3	0.199631538543216	1.17739991376829	-0.137749729689487	24.3416747047359	0.359705230834573
53.775	3.3	0.19327927121402	1.1795762808606	-0.137437934703599	24.2785615116331	0.354623416971216
53.925	3.3	0.187749591275698	1.18161127912195	-0.137439737353532	24.216183093347	0.350199673020559
54.075	3.3	0.183184359368125	1.18339253662639	-0.137439184993221	24.1544215465575	0.3465474874945
54.225	3.3	0.179545235357056	1.18498570150005	-0.137316311585862	24.0931525802609	0.343636188285644
54.375	3.3	0.176624050583375	1.18669070200717	-0.137179525840419	24.0322603556668	0.3412992404667
54.525	3.3	0.174079323036228	1.18905290378319	-0.137337442401563	23.971647589682	0.339263458428982
54.675	3.3	0.171495384421583	1.19282413665362	-0.138217456260619	23.9112396955492	0.337196307537266
54.825	3.3	0.168455130754832	1.19888234950235	-0.140253439086718	23.8509828213559	0.334764104603866
54.975	3.3	0.164613546474236	1.20812552030619	-0.143769512564626	23.7908368626725	0.331690837179389
55.125	3.3	0.159758150290923	1.22135450092747	-0.148882147566851	23.7307655717817	0.327806520232739
55.275	3.3	0.15384480888823	1.23915531041177	-0.155434835604148	23.6707264719969	0.323075847110584
55.425	3.3	0.14700246657043	1.26178975752326	-0.162973483160012	23.6106632262981	0.317601973256344
55.575	3.3	0.139506974322403	1.28910690350879	-0.170767545129294	23.55050239695	0.311605579457923
55.725	3.3	0.13173069769419	1.32049463154293	-0.177879134442613	23.4901553552031	0.305384558155352
55.875	3.3	0.124079329316499	1.35489414411882	-0.183276495815787	23.4295247960702	0.299263463453199
56.025	3.3	0.11692920230915	1.39089331247089	-0.185978100304925	23.368514260949	0.29354336184732
56.175	3.3	0.110577040947292	1.42689471172759	-0.185201862751534	23.3070385463964	0.288461632757834
56.325	3.3	0.105210020629306	1.46132725671907	-0.180486519466632	23.2450329474538	0.284168016503445
56.475	3.3	0.100898523009362	1.49285067467915	-0.171755128455394	23.1824598059955	0.280718818407489
56.625	3.3	0.097608708649958	1.52050228844155	-0.159305812842045	23.1193115642178	0.278086966919966
56.775	3.3	0.0952284152065318	1.54375685529176	-0.143736966927191	23.0556102451196	0.276182732165225
56.925	3.3	0.0935986235014721	1.56250072021144	-0.125832879544662	22.9914038683902	0.274878898801178
57.075	3.3	0.092543627084286	1.57694570754731	-0.106442573371664	22.9267607019157	0.274034901667429
57.225	3.3	0.0918952652400262	1.58751722842988	-0.0863785591161953	22.8617624198198	0.273516212192021
57.375	3.3	0.0915091389085048	1.59474628219065	-0.066349030685072	22.7964971921832	0.273207311126804
57.525	3.3	0.0912728623055692	1.59918335815953	-0.0469242555742215	22.7310535167142	0.273018289844455
57.675	3.3	0.0911077530257238	1.60134051793103	-0.0285300027739123	22.6655153005059	0.272886202420579
57.825	3.3	0.0909659278580408	1.60165979530093	-0.0114583114277021	22.5999583968986	0.272772742286433
57.975	3.3	0.0908247508928163	1.60050206306925	0.00411303435752033	22.5344485601342	0.272659800714253
58.125	3.3	0.0906802302516048	1.59814964270081	0.0180984197124378	22.4690406248313	0.272544184201284
58.275	3.3	0.0905405096089976	1.59481673068656	0.0304832666659079	22.4037786429542	0.272432407687198
58.425	3.3	0.0904201815377477	1.5906630578388	0.0413055108874226	22.3386966963036	0.272336145230198
58.575	3.3	0.0903357456254391	1.58580778290348	0.0506401227441903	22.2738201292952	0.272268596500351
58.725	3.3	0.090302247164278	1.58034189586867	0.0585864873008731	22.209166998493	0.272241797731422
58.875	3.3	0.0903309685647538	1.57433832346064	0.0652582476407876	22.1447495936673	0.272264774851803
59.025	3.3	0.0904279776296714	1.56785954065458	0.070775216730203	22.0805759377404	0.272342382103737
59.175	3.3	0.0905933393695514	1.56096285302761	0.0752570412449498	22.0166512130362	0.272474671495641
59.325	3.3	0.090820846403647	1.55370368920127	0.078818381410247	21.9529790855623	0.272656677122918
59.475	3.3	0.0910981907561155	1.54613729091988	0.0815654221858891	21.8895629074974	0.272878552604892
59.625	3.3	0.0914075583774203	1.5383191658389	0.0835935496226716	21.8264067737406	0.273126046701936
59.775	3.3	0.0917266486862621	1.53030462334031	0.0849860248441829	21.7635163977987	0.27338131894901
59.925	3.3	0.0920300834242101	1.52214768384851	0.0858134863773055	21.7008997648446	0.273624066739368
60.075	3.3	0.0922910673404334	1.51389965680179	0.0861341271006924	21.6385675259697	0.273832853872347
60.225	3.3	0.0924830192910048	1.50560771811213	0.0859944332318226	21.5765331257958	0.273986415432804
60.375	3.3	0.0925807592163766	1.49731385640748	0.0854304331361157	21.5148127074505	0.274064607373101
60.525	3.3	0.0925607929995964	1.48905455083094	0.0844694605731853	21.4534249055455	0.274048634399677
60.675	3.3	0.0924003683437409	1.48086143755453	0.0831324554591959	21.3923906975908	0.273920294674993
60.825	3.3	0.0920753378305822	1.47276297817965	0.0814367699018102	21.331733505142	0.273660270264466
60.975	3.3	0.091557448796908	1.4647867628601	0.0793992994030579	21.2714796831985	0.273245959037526
61.125	3.3	0.090812368108123	1.45696163124742	0.0770395341276275	21.211659386002	0.272649894486498
61.275	3.3	0.0898003116318016	1.44931841485114	0.0743818798099658	21.1523075526903	0.271840249305441
61.425	3.3	0.0884812631815508	1.44188798454125	0.0714564180652907	21.0934644622382	0.270785010545241
61.575	3.3	0.0868261052443427	1.43469561105302	0.068297245280553	21.0351750567617	0.269460884195474
61.725	3.3	0.084833326312274	1.42775152945561	0.0649376998361967	20.9774861578676	0.267866661049819
61.875	3.3	0.0825483598925625	1.42103904878318	0.0614021817522134	20.9204409462616	0.26603868791405
62.025	3.3	0.0800794806859447	1.4145034625614	0.0576949231731196	20.8640707486649	0.264063584548756
62.175	3.3	0.0776014110298386	1.40804714007768	0.0537870631898975	20.8083852898586	0.262081128823871
62.325	3.3	0.0753366193589039	1.40153790700883	0.049604743969992	20.7533639734935	0.260269295487123
62.475	3.3	0.0735060818144295	1.39483785850107	0.0450223425608175	20.6989521047632	0.258804865451544
62.625	3.3	0.0722470837694808	1.38785607511393	0.0398653513155273	20.645066726206	0.257797667015585
62.775	3.3	0.0715056974984335	1.38061987919163	0.0339253727733343	20.5916162872692	0.257204557998747
62.925	3.3	0.0709248487846194	1.37334724238841	0.0269849110998355	20.5385362084699	0.256739879027696
63.075	3.3	0.0697628588884391	1.3664949075071	0.0188450893733575	20.4858383858085	0.255810287110751
63.225	3.3	0.0668882107368596	1.36076094562228	0.00935125484975522	20.433667172084	0.253510568589488
63.375	3.3	0.0608996116725347	1.35703646773074	-0.00157436999232481	20.3823482014984	0.248719689338028
63.525	3.3	0.0504122183305296	1.35631526519193	-0.0138532575968267	20.3324106654833	0.240329774664424
63.675	3.3	0.0345285534326594	1.35956169575891	-0.0270298674861624	20.2845593188827	0.227622842746128
63.825	3.3	0.0134746506882366	1.36748307837224	-0.0397211756723941	20.2395704760617	0.210779720550589
63.975	3.3	-0.010675052883798	1.38000368327618	-0.0484574906780326	20.1980880085492	0.191459957692962
64.125	3.3	-0.0333461184631139	1.39488127673093	-0.0460301853424247	20.1603058420184	0.173323105229509
64.275	3.3	-0.0471706159606963	1.40463186468255	-0.0221005094199176	20.1255584622578	0.162263507231443
64.425	3.3	-0.0424568603124238	1.39435213974215	0.0267556700980026	20.0919296942	0.166034511750061
64.575	3.3	-0.00880675650986115	1.35187273016631	0.0829049995755175	20.0561052892403	0.192954594792111
64.725	3.3	0.0620245683117068	1.28406596460072	0.120756600613373	20.0136746777437	0.249619654649365
64.875	3.3	0.172449379523547	1.20865970481594	0.133396775045329	19.9599468584532	0.337959503618838
65.025	3.3	0.31578430298388	1.13786538391162	0.129337720119778	19.8911312675812	0.452627442387104
65.175	3.3	0.475865300365835	1.0765460444632	0.117887648624554	19.8054381289063	0.580692240292668
65.325	3.3	0.631714417900303	1.02543213743538	0.104387178814812	19.7035886872842	0.705371534320242
65.475	3.3	0.765407767389393	0.983268578861177	0.0911742807344004	19.5884449368742	0.812326213911515
65.625	3.3	0.867635249127771	0.94821084905055	0.0790761619735269	19.4639682347127	0.894108199302216
65.775	3.3	0.937884624014392	0.918662174693151	0.0682813112064331	19.3341040084396	0.950307699211514
65.925	3.3	0.981154076713308	0.893513795676158	0.0587382878210788	19.2020647134439	0.984923261370646
66.075	3.3	1.00441256125839	0.872040074217443	0.0503194337049998	19.0700912519317	1.00353004900671
66.225	3.3	1.01433803316275	0.853730847308292	0.0428845890843049	18.9395291879268	1.0114704265302
66.375	3.3	1.01632181746059	0.83818032688912	0.0363039082846261	18.8110342006586	1.01305745396847
66.525	3.3	1.01425001624752	0.825036767831049	0.0304636092118202	18.6847917395572	1.01140001299802
66.675	3.3	1.0106543830879	0.813985998339081	0.0252650238546364	18.5607015413542	1.00852350647032
66.825	3.3	1.00699933320587	0.804747697340554	0.0206220308597608	18.4385145355866	1.00559946656469
66.975	3.3	1.00398923655357	0.797074283103634	0.0164591689506573	18.3179253848131	1.00319138924285
67.125	3.3	1.00184121993954	0.790749199333291	0.0127109396302084	18.1986291183762	1.00147297595163
67.275	3.3	1.00050010033421	0.78558429453114	0.00932183628372653	18.0803511986556	1.00040008026737
67.425	3.3	0.999790345073857	0.781416731883464	0.0062463961897143	17.9628595409936	0.999832276059085
67.575	3.3	0.999511219606741	0.778105821699654	0.00344878712883227	17.8459654977881	0.999608975685393
67.725	3.3	0.999487237854691	0.775529995204586	0.000901788538099351	17.7295190719821	0.999589790283753
67.875	3.3	0.999587661125163	0.773584028547138	-0.00141470408449857	17.6134019382185	0.999670128900131
68.025	3.3	0.999727427022958	0.772176576440108	-0.00351540103939926	17.4975204183325	0.999781941618366
68.175	3.3	0.999859002705731	0.771228047525008	-0.00541131558785709	17.3817994791695	0.999887202164584
68.325	3.3	0.999961459539055	0.77066882804429	-0.00711125098060486	17.2661781019424	0.999969167631244
68.475	3.3	1.00003030884473	0.770437835042793	-0.00862297594822064	17.1506059592312	1.00002424707578
68.625	3.3	1.00006963102795	0.77048136005211	-0.00995406135593824	17.0350411471819	1.00005570482236
68.775	3.3	1.00008677887693	0.770752152617181	-0.0111124031103733	16.9194486753696	1.00006942310154
68.925	3.3	1.00008929103361	0.771208690318865	-0.0121064858763346	16.8037994490079	1.00007143282689
69.075	3.3	1.00008342022839	0.77181458603665	-0.0129454528291036	16.6880695414019	1.00006673618272
69.225	3.3	1.00007368881002	0.772538091262549	-0.0136390444255458	16.5722396208227	1.00005895104801
69.375	3.3	1.00006300213495	0.773351663836183	-0.0141974596745471	16.4562944514581	1.00005040170796
69.525	3.3	1.00005299639248	0.774231577765782	-0.0146311810568753	16.3402224282129	1.00004239711398
69.675	3.3	1.00004442773282	0.775157560819331	-0.0149507920412786	16.2240151305881	1.00003554218626
69.825	3.3	1.00003750698853	0.776112451880105	-0.0151668056776007	16.1076668947443	1.00003000559082
69.975	3.3	1.00003214740046	0.777081874599754	-0.0152895146300177	15.9911744087264	1.00002571792036
70.125	3.3	1.00002812770492	0.778053926830179	-0.0153288672200662	15.8745363369022	1.00002250216394
70.275	3.3	1.000025188116	0.779018886946618	-0.0152943702345196	15.7577529783255	1.0000201504928
70.425	3.3	1.00002307994102	0.779968938815702	-0.0151950169653802	15.6408259615518	1.00001846395282
70.575	3.3	1.00002158675754	0.780897917119317	-0.0150392377510295	15.5237579763066	1.00001726940603
70.725	3.3	1.00002053018153	0.78180107429296	-0.0148348698175567	15.4065525407424	1.00001642414522
70.875	3.3	1.00001976846905	0.782674869693084	-0.0145891431974491	15.2892138019144	1.00001581477524
71.025	3.3	1.00001919247953	0.783516780933781	-0.0143086797314112	15.1717463665071	1.00001535398363
71.175	3.3	1.0000187210862	0.784325136732881	-0.0139995025017581	15.0541551586248	1.00001497686896
71.325	3.3	1.00001829675887	0.785098970139441	-0.0136670534184237	14.9364453014893	1.00001463740709
71.475	3.3	1.00001788143792	0.785837890694207	-0.0133162170296167	14.8186220200623	1.00001430515033
71.625	3.3	1.000017452651	0.786541973895488	-0.0129513489380957	14.7006905618465	1.0000139621208
71.775	3.3	1.00001699985343	0.78721166628032	-0.0125763074621026	14.5826561333805	1.00001359988275
71.925	3.3	1.00001652104955	0.787847704454668	-0.0121944873939231	14.4645238501926	1.00001321683964
72.075	3.3	1.00001601980102	0.788451046487399	-0.0118088548868234	14.3462986982142	1.00001281584082
72.225	3.3	1.00001550272892	0.789022814194821	-0.0114219826537989	14.2279855048756	1.00001240218313
72.375	3.3	1.00001497757763	0.789564244968604	-0.0110360847965092	14.1095889183034	1.00001198206211
72.525	3.3	1.00001445185193	0.790076651926274	-0.0106530507076554	13.9911133932331	1.00001156148155
72.675	3.3	1.00001393198141	0.790561391283576	-0.010274477606251	13.8725631824202	1.00001114558513
72.825	3.3	1.00001342292458	0.791019835959722	-0.00990170137303245	13.7539423325001	1.00001073833967
72.975	3.3	1.00001292810253	0.791453354529227	-0.00953582545372657	13.6352546833945	1.00001034248203
73.125	3.3	1.00001244954927	0.791863294727602	-0.0091777476857485	13.5165038704992	1.00000995963942
73.275	3.3	1.0000119881784	0.792250970805742	-0.00882818498190912	13.3976933290113	1.00000959054272
73.425	3.3	1.00001154408706	0.792617654108632	-0.00848769586707575	13.2788262998608	1.00000923526964
73.575	3.3	1.00001111684274	0.792964566329093	-0.00815670091491856	13.1599058368073	1.00000889347419
73.725	3.3	1.00001070572153	0.793292874958639	-0.00783550116893931	13.0409348143406	1.00000856457723
73.875	3.3	1.00001030988545	0.793603690521018	-0.00752429465807251	12.9219159360974	1.00000824790836
74.025	3.3	1.00000992849966	0.793898065235072	-0.0072231911336264	12.802851743558	1.00000794279973
74.175	3.3	1.00000956079866	0.794176992806042	-0.00693222516257765	12.6837446248416	1.00000764863893
74.325	3.3	1.00000920611395	0.794441409093595	-0.00665136771455341	12.5645968234528	1.00000736489116
74.475	3.3	1.00000886387588	0.794692193446131	-0.0063805363779203	12.4454104468716	1.0000070911007
74.625	3.3	1.00000853360094	0.794930170529125	-0.00611960433506197	12.3261874748988	1.00000682688075
74.775	3.3	1.00000821487277	0.79515611250529	-0.00586840822004402	12.2069297676994	1.00000657189822
74.925	3.3	1.00000790732268	0.795370741452968	-0.00562675497372526	12.0876390734985	1.00000632585815
75.075	3.3	1.00000761061289	0.795574731930359	-0.00539442780276763	11.9683170359019	1.00000608849032
75.225	3.3	1.00000732442383	0.795768713613605	-0.00517119134045448	11.8489652008261	1.00000585953906
75.375	3.3	1.00000704844559	0.795953273951092	-0.00495679609856124	11.7295850230304	1.00000563875647
75.525	3.3	1.00000678237311	0.796128960790886	-0.00475098229166947	11.6101778722513	1.00000542589849
75.675	3.3	1.00000652590389	0.796296284947223	-0.00455348310725864	11.4907450389478	1.00000522072311
75.825	3.3	1.00000627873763	0.796455722682259	-0.0043640274881789	11.3712877396664	1.00000502299011
75.975	3.3	1.00000604057683	0.796607718085417	-0.00418234248681357	11.2518071220412	1.00000483246146
76.125	3.3	1.0000058111278	0.796752685338244	-0.00400815524454265	11.1323042694458	1.00000464890224
76.275	3.3	1.00000559010181	0.796891010858263	-0.00384119464411884	11.0127802053132	1.00000447208145
76.425	3.3	1.00000537721603	0.797023055317572	-0.00368119267724151	10.8932358971442	1.00000430177282
76.575	3.3	1.00000517219419	0.797149155535839	-0.00352788556517058	10.773672260222	1.00000413775535
76.725	3.3	1.00000497476709	0.797269626248829	-0.00338101466550824	10.6540901610522	1.00000397981367
76.875	3.3	1.00000478467282	0.797384761755638	-0.00324032719467585	10.5344904205469	1.00000382773825
77.025	3.3	1.00000460165683	0.797494837448775	-0.00310557679182506	10.4148738169702	1.00000368132547
77.175	3.3	1.00000442547198	0.797600111232068	-0.00297652394699542	10.2952410886636	1.00000354037759
77.325	3.3	1.00000425587837	0.797700824832249	-0.0028529363134254	10.1755929365659	1.0000034047027
77.475	3.3	1.00000409264327	0.797797205009923	-0.00273458892126486	10.0559300265449	1.00000327411461
77.625	3.3	1.00000393554098	0.797889464676234	-0.00262126430810069	9.93625299155476	1.00000314843278
77.775	3.3	1.00000378435268	0.797977803921239	-0.0025127525793069	9.81656243363204	1.00000302748214
77.925	3.3	1.00000363886633	0.79806241096024	-0.00240885140980725	9.69685892574459	1.00000291109307
78.075	3.3	1.00000349887653	0.79814346300359	-0.00230936599717296	9.57714301350411	1.00000279910122
78.225	3.3	1.00000336418435	0.798221127056229	-0.00221410897457918	9.45741521675381	1.00000269134748
78.375	3.3	1.00000323459727	0.798295560651745	-0.00212290029121111	9.33767603104121	1.00000258767782
78.525	3.3	1.00000310992901	0.798366912526619	-0.00203556706634569	9.21792592898558	1.0000024879432
78.675	3.3	1.00000298999939	0.798435323239114	-0.00195194342262006	9.09816536154851	1.00000239199951
78.825	3.3	1.00000287463423	0.798500925737565	-0.00187187030330834	8.97839475921569	1.00000229970738
78.975	3.3	1.00000276366519	0.798563845882159	-0.00179519527739939	8.85861453309705	1.00000221093215
79.125	3.3	1.00000265692962	0.798624202924238	-0.00172177233597182	8.73882507595195	1.0000021255437
79.275	3.3	1.00000255427045	0.798682109946607	-0.0016514616828864	8.61902676314559	1.00000204341636
79.425	3.3	1.00000245553598	0.798737674268409	-0.00158412952188179	8.49921995354219	1.00000196442879
79.575	3.3	1.00000236057983	0.798790997817343	-0.0015196478424123	8.37940499033988	1.00000188846386
79.725	3.3	1.00000226926069	0.798842177472376	-0.00145789420576554	8.25958220185225	1.00000181540855
79.875	3.3	1.00000218144224	0.798891305379386	-0.00139875153288843	8.1397519022405	1.00000174515379
80.025	3.3	1.00000209699298	0.79893846924206	-0.00134210789503572	8.01991439220027	1.00000167759439
80.175	3.3	1.00000201578612	0.798983752590252	-0.00128785630819629	7.90006995960661	1.0000016126289
80.325	3.3	1.00000193769938	0.799027235027926	-0.00123589453204997	7.78021888012025	1.0000015501595
80.475	3.3	1.00000186261488	0.799068992462179	-0.00118612487396456	7.66036141775824	1.00000149009191
80.625	3.3	1.00000179041902	0.799109097315255	-0.00113845399853353	7.54049782543158	1.00000143233522
80.775	3.3	1.00000172100232	0.799147618720914	-0.00109279274295886	7.42062834545225	1.00000137680186
80.925	3.3	1.00000165425928	0.799184622706391	-0.00104905593848694	7.30075321001194	1.00000132340742
81.075	3.3	1.00000159008826	0.799220172361461	-0.00100716223812786	7.1808726416345	1.00000127207061
81.225	3.3	1.00000152839136	0.799254327995333	-0.000967033950563604	7.06098685360405	1.00000122271309
81.375	3.3	1.00000146907428	0.799287147282713	-0.000928596880448145	6.94109605037032	1.00000117525943
81.525	3.3	1.00000141204619	0.799318685399714	-0.000891780174915608	6.82120042793298	1.00000112963696
81.675	3.3	1.00000135721963	0.799348995150423	-0.000856516176329913	6.70130017420626	1.0000010857757
81.825	3.3	1.00000130451039	0.799378127085061	-0.000822740281065035	6.58139546936525	1.00000104360831
81.975	3.3	1.00000125383744	0.799406129610074	-0.000790390804246922	6.46148648617519	1.00000100306995
82.125	3.3	1.00000120512282	0.799433049091066	-0.000759408850270902	6.34157339030471	1.00000096409825
82.275	3.3	1.0000011582915	0.79945892994877	-0.000729738188826196	6.22165634062425	1.0000009266332
82.425	3.3	1.00000111327125	0.799483814748836	-0.000701325136354917	6.10173548949054	1.000000890617
82.575	3.3	1.00000106999244	0.799507744285628	-0.000674118442536124	5.98181098301814	1.00000085599395
82.725	3.3	1.00000102838789	0.799530757660464	-0.000648069181692392	5.86188296133879	1.00000082271031
82.875	3.3	1.00000098839274	0.799552892354697	-0.000623130648767983	5.74195155884948	1.0000007907142
83.025	3.3	1.00000094994452	0.79957418429771	-0.000599258259687592	5.62201690444997	1.00000075995562
83.175	3.3	1.00000091298331	0.799594667930285	-0.000576409455700313	5.5020791217704	1.00000073038665
83.325	3.3	1.00000087745211	0.799614376263395	-0.000554543611447826	5.38213832938977	1.00000070196169
83.475	3.3	1.00000084329703	0.799633340932728	-0.00053362194626904	5.26219464104583	1.00000067463763
83.625	3.3	1.00000081046717	0.799651592249124	-0.000513607438186953	5.14224816583721	1.00000064837374
83.775	3.3	1.00000077891375	0.799669159245264	-0.000494464739979672	5.02229900841818	1.000000623131
83.925	3.3	1.00000074858861	0.799686069718742	-0.00047616009669044	4.90234726918691	1.00000059887089
84.075	3.3	1.00000071944216	0.799702350271932	-0.000458661264014481	4.78239304446764	1.00000057555373
84.225	3.3	1.00000069142176	0.799718026348439	-0.000441937427487315	4.66243642668736	1.0000005531374
84.375	3.3	1.00000066447155	0.799733122266395	-0.000425959122213287	4.54247750454734	1.00000053157724
84.525	3.3	1.0000006385351	0.799747661248567	-0.000410698153269233	4.42251636318986	1.00000051082808
84.675	3.3	1.0000006135619	0.799761665449395	-0.000396127515877244	4.3025530843602	1.00000049084952
84.825	3.3	1.00000058951792	0.799775155980146	-0.000382221313302571	4.18258774656403	1.00000047161433
84.975	3.3	1.00000056639894	0.799788152933662	-0.000368954668363443	4.06262042521982	1.00000045311915
85.125	3.3	1.00000054424182	0.799800675411591	-0.000356303623121782	3.94265119280622	1.00000043539345
85.275	3.3	1.00000052312312	0.799812741557488	-0.000344245021806262	3.82268011900415	1.00000041849849
85.425	3.3	1.00000050312772	0.799824368599584	-0.000332756375638951	3.70270727083455	1.00000040250218
85.575	3.3	1.00000048426744	0.799835572906552	-0.000321815715659266	3.58273271279361	1.00000038741395
85.725	3.3	1.00000046634306	0.799846370058457	-0.000311401447789711	3.46275650698943	1.00000037307445
85.875	3.3	1.00000044878728	0.79985677493315	-0.000301492229334884	3.34277871328248	1.00000035902982
86.025	3.3	1.00000043060371	0.799866801805034	-0.000292066880869247	3.22279938942646	1.00000034448297
86.175	3.3	1.00000041060126	0.799876464449172	-0.000283104328263491	3.10281859119084	1.00000032848101
86.325	3.3	1.00000038813454	0.799885776241318	-0.0002745835390919	2.98283637242552	1.00000031050763
86.475	3.3	1.00000036437734	0.799894750251275	-0.00026648338909403	2.86285278501123	1.00000029150187
86.625	3.3	1.00000034368271	0.799903399354506	-0.000258782389375162	2.74286787865166	1.00000027494616
86.775	3.3	1.00000033388573	0.799911736445722	-0.000251458245987311	2.62288170052931	1.00000026710859
86.925	3.3	1.00000034387337	0.799919774920988	-0.000244487317167028	2.50289429497534	1.00000027509869
87.075	3.3	1.00000037712749	0.799927529655437	-0.000237844156925599	2.38290570344731	1.00000030170199
87.225	3.3	1.00000042207609	0.799935018643548	-0.000231501431418766	2.26291596514536	1.00000033766087
87.375	3.3	1.00000044414453	0.799942265164996	-0.000225430493906319	2.14292511835033	1.00000035531563
87.525	3.3	1.00000038889598	0.799949299736161	-0.000219602756110869	2.02293320191633	1.00000031111678
87.675	3.3	1.0000002067673	0.799956160372641	-0.000213991714465827	1.90294025542071	1.00000016541384
87.825	3.3	0.999999902343012	0.79996288934839	-0.000208575183413392	1.782946315829	0.999999921874409
87.975	3.3	0.999999591474167	0.799969525529434	-0.000203337119469171	1.66295140915689	0.999999673179334
88.125	3.3	0.999999522096346	0.799976094199979	-0.000198268532463494	1.54295553846821	0.999999617677077
88.275	3.3	0.999999996480725	0.799982600804635	-0.000193367395458245	1.42295867459132	0.99999999718458
88.425	3.3	1.00000115284076	0.799989038925585	-0.000188638020601552	1.30296076092084	1.00000092227261
88.575	3.3	1.00000264941792	0.799995421559747	-0.000184090761159592	1.18296174367146	1.00000211953434
88.725	3.3	1.0000034397183	0.800001833230291	-0.000179742832751534	1.06296162795301	1.00000275177464
88.875	3.3	1.00000196391277	0.800008477293704	-0.000175620417050713	0.942960535549039	1.00000157113021
89.025	3.3	0.999997063965204	0.800015666393783	-0.000171761232329545	0.822958710056017	0.999997651172163
89.175	3.3	0.999989590856138	0.80002369624398	-0.000168215926109292	0.702956401823023	0.99999167268491
89.325	3.3	0.999983957148171	0.800032584032007	-0.000165046573037564	0.582953602359988	0.999987165718537
89.475	3.3	0.999988047352288	0.800041761713507	-0.00016232171195412	0.462949709632811	0.99999043788183
89.625	3.3	1.00000960733108	0.800049966599984	-0.000160109774497239	0.342943371648785	1.00000768586487
89.775	3.3	1.00004843929434	0.800045524029347	-0.000158475730934163	0.222932877817063	1.00003875143547
89.925	3.3	1.00008704370555	0.400082509375934	-0.00015750980797195	0.102920416158127	1.00006963496444
0.075	3.5	8.67815812946227e-31	0.399999694243748	-3.47530262589772e-05	36.0880173834084	0.2
0.225	3.5	4.77762358704785e-30	0.799999109805626	-3.45485245692777e-05	36.0640174017538	0.2
0.375	3.5	-3.94218464420917e-30	0.799998604390611	-3.41540246031473e-05	36.0400174368201	0.2
0.525	3.5	5.35280368143167e-30	0.799998223667269	-3.35968886076393e-05	36.0160174854903	0.2
0.675	3.5	-1.58140705010605e-29	0.799998003836221	-3.29143572018763e-05	35.9920175434	0.2
0.825	3.5	-1.92556239642016e-30	0.799997969708076	-3.21497695873959e-05	35.9680176052602	0.2
0.975	3.5	-3.36310153980051e-29	0.799998134157931	-3.13485960145276e-05	35.9440176652175	0.2
1.125	3.5	-6.6948387486066e-30	0.799998498829414	-3.05548298636032e-05	35.9200177172107	0.2
1.275	3.5	-3.53023348126813e-29	0.799999055787937	-2.98081286805618e-05	35.8960177552878	0.2
1.425	3.5	2.3775734736311e-29	0.799999789740184	-2.91418956042025e-05	35.8720177738634	0.2
1.575	3.5	1.51978517119909e-29	0.800000680449728	-2.85823087627473e-05	35.8480177679034	0.2
1.725	3.5	1.14509783039086e-28	0.800001705041199	-2.81481766962362e-05	35.8240177330364	0.2
1.875	3.5	1.10449932798211e-28	0.800002839986841	-2.78514231233353e-05	35.8000176656009	0.2
2.025	3.5	2.03722463366667e-28	0.800004062665852	-2.76979833856478e-05	35.7760175626372	0.2
2.175	3.5	1.18716443389509e-28	0.800005352465589	-2.76889128018014e-05	35.7520174218409	0.2
2.325	3.5	9.64163870759761e-29	0.800006691462142	-2.78215491327919e-05	35.7280172414893	0.2
2.475	3.5	-1.80325770025595e-28	0.800008064741776	-2.80906103630356e-05	35.7040170203532	0.2
2.625	3.5	-3.72014128257669e-28	0.800009460447435	-2.84891620116257e-05	35.6800167576048	0.2
2.775	3.5	-7.8316792776976e-28	0.800010869630819	-2.9009416239679e-05	35.6560164527264	0.2
2.925	3.5	-9.0637716177616e-28	0.800012285979198	-2.96433589400043e-05	35.6320161054269	0.2
3.075	3.5	-1.02480853207674e-27	0.800013705478643	-3.03832133395167e-05	35.6080157155676	0.2
3.225	3.5	-4.97114564224503e-28	0.80001512605441	-3.12217609145838e-05	35.5840152830982	0.2
3.375	3.5	2.47632167178611e-28	0.800016547220413	-3.21525464245991e-05	35.5600148080043	0.2
3.525	3.5	1.75426637051385e-27	0.800017969756507	-3.31699906091424e-05	35.536014290265	0.2
3.675	3.5	3.11474837083612e-27	0.800019395423749	-3.42694329429071e-05	35.512013729819	0.2
3.825	3.5	4.53653529996244e-27	0.800020826722169	-3.5447127037764e-05	35.4880131265396	0.2
3.975	3.5	4.52699722177041e-27	0.80002226669079	-3.67002025700239e-05	35.4640124802156	0.2
4.125	3.5	3.26916936624732e-27	0.800023718746269	-3.80266072311513e-05	35.4400117905381	0.2
4.275	3.5	-6.12840856699792e-28	0.800025186556744	-3.94250386190709e-05	35.4160110570909	0.2
4.425	3.5	-5.75954029477275e-27	0.800026673947363	-4.08948726568224e-05	35.3920102793447	0.2
4.575	3.5	-1.21720391376128e-26	0.80002818482691	-4.24360916002661e-05	35.368009456654	0.2
4.725	3.5	-1.63305343451529e-26	0.800029723140674	-4.40492176907516e-05	35.3440085882551	0.2
4.875	3.5	-1.70585206361322e-26	0.800031292833836	-4.57352528676485e-05	35.3200076732656	0.2
5.025	3.5	-1.04310065106767e-26	0.800032897831959	-4.7495622844952e-05	35.296006710685	0.2
5.175	3.5	2.13885494990457e-27	0.800034542030493	-4.9332132021224e-05	35.2720056993957	0.2
5.325	3.5	2.0177648272583e-26	0.800036229287956	-5.12469203480826e-05	35.2480046381632	0.2
5.475	3.5	3.52640251772982e-26	0.800037963433729	-5.32424320133006e-05	35.2240035256384	0.2
5.625	3.5	4.15943220903766e-26	0.800039748266277	-5.53213856936226e-05	35.2000023603572	0.2
5.775	3.5	2.87073002606686e-26	0.800041587568958	-5.74867528186466e-05	35.1760011407424	0.2
5.925	3.5	-1.67424686442316e-27	0.800043485114623	-5.97417393578766e-05	35.1519998651031	0.2
6.075	3.5	-4.36288636257928e-26	0.800045444681052	-6.20897719160982e-05	35.1279985316355	0.2
6.225	3.5	-6.98901402161865e-26	0.800047470061252	-6.4534487277298e-05	35.1039971384222	0.2
6.375	3.5	-5.26657681191267e-26	0.800049565075748	-6.70797268221344e-05	35.0799956834318	0.2
6.525	3.5	4.10724132304841e-26	0.800051733587362	-6.97295300933535e-05	35.0559941645177	0.2
6.675	3.5	2.05802689539894e-25	0.800053979509999	-7.24881345117397e-05	35.0319925794166	0.2
6.825	3.5	3.94659024105765e-25	0.800056306823168	-7.53599740868471e-05	35.0079909257471	0.2
6.975	3.5	4.77870128156848e-25	0.800058719584697	-7.83496814587563e-05	34.9839892010072	0.2
7.125	3.5	2.8541696398164e-25	0.800061221939005	-8.14620909774013e-05	34.959987402572	0.2
7.275	3.5	-3.64541000264966e-25	0.800063818131974	-8.47022434642738e-05	34.9359855276908	0.2
7.425	3.5	-1.5157438940469e-24	0.800066512519498	-8.80753907097746e-05	34.9119835734841	0.2
7.575	3.5	-2.96622651235963e-24	0.800069309579198	-9.15870029557286e-05	34.8879815369397	0.2
7.725	3.5	-4.09675796753335e-24	0.8000722139208	-9.52427753974367e-05	34.8639794149093	0.2
7.875	3.5	-3.90222759721389e-24	0.800075230296325	-9.90486370433562e-05	34.8399772041044	0.2
8.025	3.5	-1.13403883995514e-24	0.800078363610807	-0.000103010758893771	34.8159749010916	0.2
8.175	3.5	5.14728334489056e-24	0.80008161893203	-0.000107135564345976	34.7919725022878	0.2
8.325	3.5	1.48436108979351e-23	0.800085001500465	-0.000111429738821328	34.7679700039556	0.2
8.475	3.5	2.57985256251242e-23	0.80008851673992	-0.000115900240694814	34.7439674021978	0.2
8.625	3.5	3.31134485380218e-23	0.80009217026757	-0.000120554313033191	34.7199646929512	0.2
8.775	3.5	2.90756806219872e-23	0.800095967904068	-0.000125399495653327	34.6959618719817	0.2
8.925	3.5	4.75716785564382e-24	0.800099915683636	-0.000130443637548832	34.671958934877	0.2
9.075	3.5	-4.6388544265363e-23	0.800104019865384	-0.000135694910718704	34.6479558770407	0.2
9.225	3.5	-1.22427673064871e-22	0.800108286943575	-0.000141161823766631	34.6239526936851	0.2
9.375	3.5	-2.05754477512582e-22	0.800112723658761	-0.00014685323661158	34.5999493798241	0.2
9.525	3.5	-2.57334778794029e-22	0.80011733700818	-0.000152778375702647	34.5759459302655	0.2
9.675	3.5	-2.17794895658052e-22	0.800122134259095	-0.000158946850368779	34.5519423396036	0.2
9.825	3.5	-2.11853498298717e-23	0.800127122958755	-0.000165368669249171	34.52793860221	0.2
9.975	3.5	3.73517124018861e-22	0.80013231094737	-0.000172054257575808	34.503934712226	0.2
10.125	3.5	9.35027809835462e-22	0.800137706371418	-0.000179014475438692	34.4799306635532	0.2
10.275	3.5	1.50892554331395e-21	0.800143317694607	-0.000186260637624411	34.4559264498438	0.2
10.425	3.5	1.79085991455344e-21	0.800149153713313	-0.000193804532425095	34.4319220644915	0.2
10.575	3.5	1.3616419922032e-21	0.800155223569559	-0.000201658442815625	34.407917500621	0.2
10.725	3.5	-1.78974689994664e-22	0.800161536764183	-0.000209835168745309	34.3839127510773	0.2
10.875	3.5	-2.96880350461529e-21	0.800168103174121	-0.000218348049283086	34.3599078084151	0.2
11.025	3.5	-6.57217065184634e-21	0.800174933065682	-0.000227210986432422	34.3359026648869	0.2
11.175	3.5	-9.72088002662419e-21	0.800182037110651	-0.00023643847060407	34.3118973124312	0.2
11.325	3.5	-1.0299911415769e-20	0.800189426404268	-0.000246045605609066	34.2878917426602	0.2
11.475	3.5	-5.79992244217833e-21	0.800197112480139	-0.000256048137297582	34.2638859468469	0.2
11.625	3.5	5.61787514811992e-21	0.800205107329544	-0.000266462480340944	34.2398799159114	0.2
11.775	3.5	2.35170566695523e-20	0.800213423418842	-0.000277305750220053	34.2158736404071	0.2
11.925	3.5	4.3485729939232e-20	0.800222073709789	-0.000288595792131081	34.1918671105063	0.2
12.075	3.5	5.62134174746388e-20	0.800231071677627	-0.000300351215529988	34.1678603159846	0.2
12.225	3.5	4.85293813141782e-20	0.800240431332512	-0.000312591427768674	34.1438532462056	0.2
12.375	3.5	7.49192369838168e-21	0.800250167241953	-0.000325336670676979	34.1198458901046	0.2
12.525	3.5	-7.2172247656679e-20	0.800260294550375	-0.000338608056374889	34.0958382361711	0.2
12.675	3.5	-1.78590579869232e-19	0.800270829004279	-0.00035242760923045	34.0718302724316	0.2
12.825	3.5	-2.74830554499859e-19	0.800281786975711	-0.000366818306122	34.0478219864309	0.2
12.975	3.5	-2.98284179286139e-19	0.800293185486292	-0.000381804119945789	34.023813365213	0.2
13.125	3.5	-1.73948488988351e-19	0.800305042234454	-0.000397410064988681	33.9998043953017	0.2
13.275	3.5	1.54091537255856e-19	0.800317375620203	-0.000413662245121405	33.975795062679	0.2
13.425	3.5	6.75055520912551e-19	0.800330204775462	-0.000430587904893374	33.9517853527645	0.2
13.575	3.5	1.26079708107725e-18	0.800343549591078	-0.000448215480700798	33.9277752503925	0.2
13.725	3.5	1.63768565298314e-18	0.800357430748429	-0.000466574657866798	33.903764739789	0.2
13.875	3.5	1.41607967866578e-18	0.800371869749272	-0.000485696427399489	33.8797538045476	0.2
14.025	3.5	2.09608955549887e-19	0.800386888949921	-0.000505613148138842	33.855742427604	0.2
14.175	3.5	-2.14593384895882e-18	0.800402511594271	-0.000526358611326704	33.8317305912106	0.2
14.325	3.5	-5.3120575583131e-18	0.800418761849733	-0.000547968107493907	33.8077182769084	0.2
14.475	3.5	-8.20932873248859e-18	0.800435664843174	-0.00057047849794635	33.7837054654996	0.2
14.625	3.5	-8.99037790340787e-18	0.800453246700367	-0.000593928289654085	33.7596921370178	0.2
14.775	3.5	-5.4177103594568e-18	0.800471534585135	-0.00061835771376904	33.7356782706975	0.2
14.925	3.5	4.22096412851029e-18	0.800490556741215	-0.000643808809301052	33.7116638449427	0.2
15.075	3.5	1.97147006401532e-17	0.800510342535767	-0.000670325509118411	33.6876488372931	0.2
15.225	3.5	3.74169129586037e-17	0.800530922504649	-0.000697953732885177	33.6636332243905	0.2
15.375	3.5	4.93620877162467e-17	0.800552328399988	-0.000726741482905327	33.6396169819428	0.2
15.525	3.5	4.40320841394949e-17	0.800574593238773	-0.000756738946433443	33.6156000846865	0.2
15.675	3.5	9.73936008984029e-18	0.80059775135525	-0.000787998603611715	33.5915825063485	0.2
15.825	3.5	-5.90406842945542e-17	0.800621838454589	-0.000820575339267627	33.5675642196052	0.2
15.975	3.5	-1.53406240993876e-16	0.800646891668606	-0.000854526563632287	33.5435451960412	0.2
16.125	3.5	-2.42776021384236e-16	0.800672949616799	-0.000889912336696269	33.5195254061051	0.2
16.275	3.5	-2.73499926280674e-16	0.800700052466681	-0.000926795501509022	33.4955048190642	0.2
16.425	3.5	-1.79028335846282e-16	0.800728241998629	-0.000965241824355056	33.4714834029571	0.2
16.575	3.5	9.42558402751717e-17	0.800757561675865	-0.00100532014173611	33.4474611245443	0.2
16.725	3.5	5.4661380831169e-16	0.800788056714419	-0.00104710251519024	33.4234379492565	0.2
16.875	3.5	1.07992147726034e-15	0.800819774158839	-0.00109066439740723	33.3994138411414	0.200000000000001
17.025	3.5	1.46889550681078e-15	0.800852762963532	-0.00113608480352055	33.375388762807	0.200000000000001
17.175	3.5	1.37795716998394e-15	0.800887074073962	-0.00118344649523714	33.3513626753636	0.200000000000001
17.325	3.5	4.52660991649078e-16	0.800922760517134	-0.0012328361737167	33.3273355383626	0.2
17.475	3.5	-1.50201902386416e-15	0.800959877494281	-0.0012843446821859	33.3033073097326	0.199999999999999
17.625	3.5	-4.28141851838759e-15	0.800998482481594	-0.00133806722307377	33.2792779457129	0.199999999999997
17.775	3.5	-7.05826994270799e-15	0.801038635332305	-0.00139410358303761	33.2552474007837	0.199999999999994
17.925	3.5	-8.31297523040009e-15	0.801080398391639	-0.00145255837421788	33.231215627593	0.199999999999993
18.075	3.5	-6.0824012098852e-15	0.80112383661452	-0.00151354128616671	33.2071825768802	0.199999999999995
18.225	3.5	1.34316947724087e-15	0.801169017691015	-0.00157716735485638	33.1831481973961	0.200000000000001
18.375	3.5	1.42806320933447e-14	0.801216012183755	-0.00164355724227564	33.1591124358187	0.200000000000011
18.525	3.5	3.03217443661378e-14	0.801264893670821	-0.0017128375367075	33.1350752366651	0.200000000000024
18.675	3.5	4.33675256308528e-14	0.801315738901188	-0.00178514106527455	33.1110365421985	0.200000000000035
18.825	3.5	4.38528392384157e-14	0.801368627961542	-0.00186060722619413	33.086996292331	0.200000000000035
18.975	3.5	2.10227869312031e-14	0.801423644453458	-0.00193938233846637	33.0629544245208	0.200000000000017
19.125	3.5	-3.22698019829776e-14	0.801480875687399	-0.00202162001106062	33.0389108736638	0.199999999999974
19.275	3.5	-1.12740710627644e-13	0.801540412889342	-0.00210748153136576	33.0148655719795	0.19999999999991
19.425	3.5	-1.99806707070209e-13	0.801602351425709	-0.00219713627566713	32.9908184488904	0.19999999999984
19.575	3.5	-2.52300001824422e-13	0.801666791045738	-0.00229076214090316	32.966769430894	0.199999999999798
19.725	3.5	-2.13445562434111e-13	0.801733836146096	-0.00238854599855564	32.9427184414277	0.199999999999829
19.875	3.5	-2.82126485737603e-14	0.801803596055605	-0.00249068417429016	32.9186654007253	0.199999999999977
20.025	3.5	3.26051460461698e-13	0.801876185348531	-0.00259738295044639	32.8946102256644	0.200000000000261
20.175	3.5	8.01067908205479e-13	0.801951724183696	-0.00270885909402003	32.8705528296043	0.200000000000641
20.325	3.5	1.24502124316157e-12	0.802030338674787	-0.00282534041258098	32.8464931222132	0.200000000000996
20.475	3.5	1.39784754662505e-12	0.802112161297488	-0.00294706633562837	32.8224310092836	0.200000000001118
20.625	3.5	9.39444564474299e-13	0.802197331330906	-0.00307428852366101	32.7983663925351	0.200000000000752
20.775	3.5	-3.91658437831649e-13	0.80228599534723	-0.00320727150599274	32.7742991694036	0.199999999999687
20.925	3.5	-2.61421181784539e-12	0.802378307744052	-0.00334629334575286	32.7502292328144	0.199999999997909
21.075	3.5	-5.29770921340786e-12	0.802474431331969	-0.00349164633435564	32.7261564709394	0.199999999995762
21.225	3.5	-7.42221631549302e-12	0.80257453797962	-0.00364363771316064	32.7020807669355	0.199999999994062
21.375	3.5	-7.42979295075615e-12	0.802678809326667	-0.00380259042390787	32.6780019986621	0.199999999994056
21.525	3.5	-3.59368617668731e-12	0.802787437564726	-0.00396884388485126	32.6539200383773	0.199999999997125
21.675	3.5	5.23124355458421e-12	0.80290062630484	-0.00414275479386977	32.6298347524089	0.200000000004185
21.825	3.5	1.85574739383822e-11	0.803018591529845	-0.00432469795418742	32.605746000798	0.200000000014846
21.975	3.5	3.32093580582626e-11	0.803141562649213	-0.00451506712103392	32.5816536369135	0.200000000026568
22.125	3.5	4.27931464650769e-11	0.803269783662557	-0.00471427586496473	32.5575575070327	0.200000000034235
22.275	3.5	3.837081484438e-11	0.803403514446617	-0.00492275844572304	32.5334574498855	0.200000000030697
22.425	3.5	1.09397402296173e-11	0.803543032174898	-0.00514097069283663	32.5093532961585	0.200000000008752
22.575	3.5	-4.41139997297648e-11	0.803688632885906	-0.00536939088190063	32.4852448679529	0.199999999964709
22.725	3.5	-1.21269753800061e-10	0.803840633216591	-0.00560852060074419	32.4611319781938	0.199999999902984
22.875	3.5	-1.99673116073699e-10	0.803999372315651	-0.00585888559631912	32.4370144299833	0.199999999840262
23.025	3.5	-2.4145524477115e-10	0.804165213960802	-0.00612103659204539	32.4128920158934	0.199999999806836
23.175	3.5	-1.97078616265169e-10	0.80433854889778	-0.00639555006476206	32.3887645171923	0.199999999842337
23.325	3.5	-2.0454933632408e-11	0.804519797431481	-0.00668302896505044	32.3646317029976	0.199999999983636
23.475	3.5	3.06069570037057e-10	0.804709412290491	-0.00698410336526487	32.3404933293503	0.200000000244856
23.625	3.5	7.41419355952609e-10	0.804907881791226	-0.00729943099744839	32.316349138201	0.200000000593135
23.775	3.5	1.16064333894142e-09	0.805115733327118	-0.00762969765139453	32.2921988562996	0.200000000928515
23.925	3.5	1.3506363650285e-09	0.805333537198283	-0.00797561736759731	32.2680421939771	0.200000001080509
24.075	3.5	1.04414532383136e-09	0.805561910798982	-0.00833793237157529	32.2438788438067	0.200000000835316
24.225	3.5	4.28894867537889e-12	0.805801523174997	-0.00871741267397634	32.2197084791273	0.200000000003431
24.375	3.5	-1.84270716027967e-09	0.806053099976593	-0.0091148552805313	32.1955307524153	0.199999998525834
24.525	3.5	-4.25258786479979e-09	0.806317428834998	-0.00953108296439327	32.1713452934852	0.19999999659793
24.675	3.5	-6.5404926805574e-09	0.806595365218701	-0.00996694258609735	32.1471517075082	0.199999994767606
24.825	3.5	-7.56896827990838e-09	0.806887838857804	-0.0104233029692855	32.1229495728382	0.199999993944825
24.975	3.5	-5.92987506978604e-09	0.807195860832893	-0.010901052344017	32.0987384386425	0.1999999952561
25.125	3.5	-3.75184666291879e-10	0.807520531435022	-0.0114010953375279	32.074517822337	0.199999999699852
25.275	3.5	9.51970162498266e-09	0.80786304887161	-0.0119243493963006	32.0502872068291	0.200000007615761
25.425	3.5	2.25880862419068e-08	0.808224718791361	-0.0124717403596821	32.026046037559	0.200000018070469
25.575	3.5	3.54574017783806e-08	0.80860696449332	-0.013044196706307	32.0017937193201	0.200000028365921
25.725	3.5	4.24503532351186e-08	0.809011337493741	-0.0136426417842367	31.9775296128083	0.200000033960283
25.875	3.5	3.63837187640611e-08	0.80943952801637	-0.0142679832243091	31.9532530308282	0.200000029106975
26.025	3.5	1.0520636114299e-08	0.809893374885247	-0.0149210988067064	31.9289632340593	0.200000008416509
26.175	3.5	-3.83761637036375e-08	0.810374874436484	-0.0156028183851506	31.9046594262901	0.199999969299069
26.325	3.5	-1.06417045254971e-07	0.810886188381049	-0.0163139021001351	31.8803407490568	0.199999914866364
26.475	3.5	-1.79458697502118e-07	0.811429651090919	-0.0170550159364316	31.8560062756974	0.199999856433042
26.625	3.5	-2.31999791658997e-07	0.812007777432093	-0.0178267064864634	31.8316550049397	0.199999814400167
26.775	3.5	-2.29737551580219e-07	0.812623272804844	-0.0186293772108827	31.807285854264	0.199999816209959
26.925	3.5	-1.3698379474319e-07	0.813279047166397	-0.0194632681527037	31.7828976533771	0.199999890412964
27.075	3.5	7.09889274409908e-08	0.813978234183623	-0.020328439619635	31.7584891381715	0.200000056791142
27.225	3.5	3.92355519714292e-07	0.814724215022012	-0.0212247577350083	31.734058945458	0.200000313884416
27.375	3.5	7.83643086294815e-07	0.815520643651153	-0.0221518763145761	31.7096056085514	0.200000626914469
27.525	3.5	1.15064317997796e-06	0.81637146730057	-0.0231092060616456	31.6851275534604	0.200000920514544
27.675	3.5	1.35155853887228e-06	0.817280932633164	-0.0240958599052075	31.6606230950688	0.200001081246831
27.825	3.5	1.21754140240255e-06	0.818253566522581	-0.0251105638435203	31.6360904323977	0.200000974033122
27.975	3.5	5.92499458814608e-07	0.81929412126258	-0.0261515270782108	31.6115276419756	0.200000473999567
28.125	3.5	-6.11284784713809e-07	0.820407478587897	-0.0272162738512847	31.5869326686184	0.199999510972172
28.275	3.5	-2.35162915794127e-06	0.821598515200215	-0.0283014512371089	31.562303313621	0.199998118696674
28.425	3.5	-4.40484842054189e-06	0.822871943508332	-0.0294026396784393	31.5376372214092	0.199996476121264
28.575	3.5	-6.34319780121103e-06	0.824232152531894	-0.0305142025118877	31.5129318669207	0.199994925441759
28.725	3.5	-7.5592192445164e-06	0.825683081800911	-0.0316292129171388	31.4881845470416	0.199993952624604
28.875	3.5	-7.34790473359069e-06	0.827228161626257	-0.0327394882694513	31.4633923799774	0.199994121676213
29.025	3.5	-5.04535663879125e-06	0.828870343134625	-0.033835741702798	31.4385523161585	0.199995963714689
29.175	3.5	-2.07268762898518e-07	0.830612220025369	-0.0349078311548557	31.4136611630564	0.19999983418499
29.325	3.5	7.20419638150997e-06	0.832456213390272	-0.0359450533479112	31.3887156242753	0.200005763357105
29.475	3.5	1.66662692609916e-05	0.834404757199611	-0.036936403063112	31.3637123509303	0.200013333015409
29.625	3.5	2.701620782815e-05	0.836460394065128	-0.0378707064158206	31.3386480013039	0.200021612966263
29.775	3.5	3.64791865324548e-05	0.838625678438974	-0.0387365482142233	31.3135193037693	0.200029183349226
29.925	3.5	4.28174825628705e-05	0.840902795247521	-0.0395219503075273	31.2883231184258	0.20003425398605
30.075	3.5	4.35925247736988e-05	0.843292838880512	-0.0402138156127873	31.2630564947727	0.200034874019819
30.225	3.5	3.65116987704894e-05	0.845794756387031	-0.0407972198561207	31.2377167253896	0.200029209359016
30.375	3.5	1.98211444826082e-05	0.848404028636176	-0.0412546939903458	31.2123013978526	0.200015856915586
30.525	3.5	-7.2936234760552e-06	0.851111228347192	-0.0415656779833318	31.1868084477501	0.199994165101219
30.675	3.5	-4.43301046770792e-05	0.853900637930435	-0.0417063281345584	31.1612362139962	0.199964535916258
30.825	3.5	-8.91426612340599e-05	0.856749121151391	-0.0416498194834431	31.1355834943154	0.199928685871013
30.975	3.5	-0.000137714124218727	0.859625417702877	-0.0413672055500786	31.1098495962223	0.199889828700625
31.125	3.5	-0.000184119813590467	0.8624899766904	-0.0408287915849712	31.084034381068	0.199852704149128
31.275	3.5	-0.000220850375791501	0.865295379960697	-0.0400058629882988	31.0581383099794	0.199823319699367
31.425	3.5	-0.000239718520231685	0.867987346242982	-0.0388725093356671	31.0321625224647	0.199808225183815
31.575	3.5	-0.000233550902840951	0.870506259026539	-0.0374072201943262	31.0061090066389	0.199813159277727
31.725	3.5	-0.000198672503146478	0.872789111931437	-0.0355939280589848	30.9799809407286	0.199841061997483
31.875	3.5	-0.000137762850845808	0.874771682561758	-0.0334222658392334	30.9537832757304	0.199889789719323
32.025	3.5	-6.20286216988494e-05	0.876390595954435	-0.0308870173192631	30.9275235624247	0.199950377102641
32.175	3.5	9.0108107784668e-06	0.877584723715923	-0.0279870688976344	30.9012128866854	0.200007208648623
32.325	3.5	5.20885816683907e-05	0.878295160935477	-0.0247245552553957	30.8748665811417	0.200041670865335
32.475	3.5	5.03909544320902e-05	0.878462992053785	-0.0211051613359306	30.8485041972334	0.200040312763546
32.625	3.5	8.56728282726427e-06	0.878024407257954	-0.0171404115634174	30.8221481776372	0.200006853826262
32.775	3.5	-3.18784314848808e-05	0.876903625581882	-0.012851890336495	30.7958209274499	0.199974497254812
32.925	3.5	1.44804338519939e-05	0.875005500488531	-0.00827543679326983	30.7695406691372	0.200011584347082
33.075	3.5	0.00026405128145171	0.872211211187894	-0.00346063211809666	30.7433175565104	0.200211241025161
33.225	3.5	0.000820842047684531	0.868380958851636	0.00154147203161881	30.7171527224288	0.200656673638148
33.375	3.5	0.00170070679954893	0.863365234670671	0.00670902109340851	30.6910436261142	0.201360565439639
33.525	3.5	0.0027383633190931	0.857019606716993	0.0120993260113641	30.6649984088786	0.202190690655275
33.675	3.5	0.00351549795381138	0.849208893827143	0.0179083415009474	30.639059210258	0.202812398363049
33.825	3.5	0.00336917061473501	0.839781412512942	0.0245191218278902	30.6133293811381	0.202695336491788
33.975	3.5	0.00154391843468859	0.828498770386825	0.0325121159139685	30.5879932774614	0.201235134747751
34.125	3.5	-0.00247791823320899	0.814919259901318	0.0426005127689058	30.563312462629	0.198017665413433
34.275	3.5	-0.0085026091043948	0.79824553281854	0.0554221733649102	30.5395827546576	0.193197912716484
34.425	3.5	-0.0151375429141401	0.777169203696123	0.0710679328386161	30.5170466513962	0.187889965668688
34.575	3.5	-0.0194928389774167	0.749838839423504	0.0882716881965846	30.4957760661572	0.184405728818067
34.725	3.5	-0.0172690128467527	0.714333132873613	0.103660779003618	30.4755642780922	0.186184789722598
34.875	3.5	-0.00331422437891356	0.670132096379224	0.112404485446066	30.4558766769164	0.197348620496869
35.025	3.5	0.0274329910067227	0.61987535580677	0.111185505288575	30.4358893846609	0.221946392805378
35.175	3.5	0.0787978264386985	0.56893324635172	0.100955715517222	30.4146029471533	0.263038261150959
35.325	3.5	0.152181759669899	0.522469875098303	0.0858983065588974	30.3909940211115	0.321745407735919
35.475	3.5	0.245524099663467	0.483278568516587	0.070176802223143	30.3641722622554	0.396419279730774
35.625	3.5	0.352844198316246	0.451900115744921	0.0561882508481951	30.3335197384993	0.482275358652997
35.775	3.5	0.464974543336343	0.427641515558661	0.0447354001790857	30.2987901751365	0.571979634669075
35.925	3.5	0.571655213023209	0.409350158032621	0.0357570000448998	30.2601390671477	0.657324170418567
36.075	3.5	0.664168621061708	0.395810933665427	0.0288663945504689	30.2180674492246	0.731334896849366
36.225	3.5	0.737174912498999	0.385932383045914	0.0236208665710868	30.1732979626445	0.789739929999199
36.375	3.5	0.789034932898138	0.378825087597862	0.0196271046379496	30.1266315852733	0.83122794631851
36.525	3.5	0.820959056872204	0.37381242492058	0.0165702403391725	30.0788309627711	0.856767245497763
36.675	3.5	0.835778421677446	0.370401927726379	0.0142128629282659	30.0305505127837	0.868622737341957
36.825	3.5	0.836916372314897	0.368243179049683	0.0123846488347931	29.9823091018576	0.869533097851917
36.975	3.5	0.827742736012789	0.367088886685175	0.0109706670314757	29.9344906231111	0.862194188810231
37.125	3.5	0.811252494716617	0.366765432129736	0.00990092668283258	29.8873585303946	0.849001995773293
37.275	3.5	0.789946504081882	0.367152984037317	0.00914149347016746	29.8410752479535	0.831957203265506
37.425	3.5	0.765815659087639	0.368172998275541	0.00868668563866787	29.7957218594635	0.812652527270111
37.575	3.5	0.740371439531038	0.369780659780766	0.0085517055238954	29.7513162326971	0.792297151624831
37.725	3.5	0.714696559120473	0.371960200513012	0.00876525043836358	29.7078290104224	0.771757247296378
37.875	3.5	0.68950531624726	0.374721511126789	0.00936201267280604	29.6651973385616	0.751604252997808
38.025	3.5	0.665208682477822	0.37809693363731	0.0103753999840858	29.6233363259866	0.732166945982258
38.175	3.5	0.641979667256236	0.382137588198657	0.0118311869407386	29.5821483154057	0.713583733804989
38.325	3.5	0.619813985063715	0.386909070366991	0.0137430715749198	29.5415301758824	0.695851188050972
38.475	3.5	0.598581473648375	0.392486861218101	0.0161112050872292	29.5013789745209	0.6788651789187
38.625	3.5	0.578065484059462	0.398952295808437	0.0189246257082417	29.4615964769032	0.66245238724757
38.775	3.5	0.557990109344559	0.406390357023431	0.0221680983922568	29.422092904294	0.646392087475647
38.925	3.5	0.538037827076885	0.414890765368427	0.0258331164888829	29.3827902235413	0.630430261661508
39.075	3.5	0.517862121716896	0.424553670209085	0.0299318457839535	29.3436249961624	0.614289697373517
39.225	3.5	0.497100383080797	0.435500639170206	0.0345118158228955	29.3045505398638	0.597680306464637
39.375	3.5	0.475391640180384	0.447890671295468	0.0396685045114605	29.2655379495169	0.580313312144307
39.525	3.5	0.452401646729941	0.461939862254506	0.0455528722771385	29.2265754641824	0.561921317383953
39.675	3.5	0.427854981240572	0.477942400809537	0.0523714183363549	29.1876657927319	0.542283984992458
39.825	3.5	0.401570883836566	0.496289915273781	0.0603772337583402	29.14882131127	0.521256707069253
39.975	3.5	0.373497302264124	0.517485710086131	0.0698514532468416	29.1100574586357	0.498797841811299
40.125	3.5	0.343736689567374	0.542149814848709	0.0810751705458888	29.0713850846623	0.474989351653899
40.275	3.5	0.312557774240238	0.57100965834133	0.0942922553284347	29.0328028419194	0.45004621939219
40.425	3.5	0.280389645843284	0.604869479806541	0.109663909025741	28.9942908632704	0.424311716674628
40.575	3.5	0.247797474951374	0.644549808342516	0.127216802459088	28.9558068797172	0.398237979961099
40.725	3.5	0.215442201947519	0.690787966285535	0.146788828535806	28.9172855991728	0.372353761558015
40.875	3.5	0.184028869817484	0.74409423829516	0.167980028855592	28.8786416304116	0.347223095853987
41.025	3.5	0.154249607755784	0.804569391288864	0.190120394026731	28.8397755876644	0.323399686204627
41.175	3.5	0.12672769281326	0.871709532725838	0.212269262962609	28.8005823838098	0.301382154250608
41.325	3.5	0.10196891950621	0.944250502324902	0.233260621738927	28.7609602786083	0.281575135604968
41.475	3.5	0.0803258331598435	1.0201236436503	0.251802980949766	28.7208191448386	0.264260666527875
41.625	3.5	0.061979065607331	1.09658781002863	0.2666320364218	28.6800867124048	0.249583252485865
41.775	3.5	0.0469377999204288	1.17055385746466	0.276699315609501	28.6387121591596	0.237550239936343
41.925	3.5	0.0350583787558359	1.23903838306179	0.2813589880092	28.596667107495	0.228046703004669
42.075	3.5	0.0260769308910638	1.29961627730194	0.280495458769063	28.5539445737136	0.220861544712851
42.225	3.5	0.0196496355721762	1.35073434738004	0.274539103519004	28.5105565299334	0.215719708457741
42.375	3.5	0.0153936533103985	1.39180919287582	0.264358504829212	28.4665305678274	0.212314922648319
42.525	3.5	0.0129229057141975	1.42312122048561	0.251070630981331	28.4219059715954	0.210338324571358
42.675	3.5	0.011875166195869	1.44558074154969	0.235837505902739	28.3767294878737	0.209500132956695
42.825	3.5	0.0119294097099532	1.46045752293739	0.219706389896356	28.3310511643291	0.209543527767963
42.975	3.5	0.0128143169032998	1.46914265765023	0.203518019947803	28.2849206614202	0.21025145352264
43.125	3.5	0.0143099101944011	1.47297608914575	0.187878061367735	28.2383843505682	0.211447928155521
43.275	3.5	0.016244579384457	1.47314366614953	0.173172180435173	28.1914833387385	0.212995663507566
43.425	3.5	0.0184895014768345	1.47063115603721	0.159603625253391	28.1442523867841	0.214791601181468
43.575	3.5	0.020951966652746	1.46621752836065	0.147237424446183	28.0967195725127	0.216761573322197
43.725	3.5	0.0235686047789154	1.46049137933652	0.1360418490896	28.0489065013001	0.218854883823132
43.875	3.5	0.0262990784588018	1.45387849782887	0.125922965435372	28.0008288711679	0.221039262767041
44.025	3.5	0.0291205047930755	1.44667282049203	0.11675133693867	27.9524972319062	0.22329640383446
44.175	3.5	0.0320226788837073	1.43906636250845	0.108381568113443	27.9039178196657	0.225618143106966
44.325	3.5	0.0350040699331205	1.4311759613612	0.10066599052657	27.8550933877512	0.228003255946496
44.475	3.5	0.0380685159424656	1.42306602137598	0.0934638471035408	27.8060239859588	0.230454812753972
44.625	3.5	0.0412225312192566	1.41476717165787	0.0866471447302001	27.7567076637034	0.232978024975405
44.775	3.5	0.044473145097615	1.40629109097223	0.0801040902321817	27.707141087523	0.235578516078092
44.925	3.5	0.0478262000542062	1.39764188357352	0.0737407846656505	27.6573200731879	0.238260960043365
45.075	3.5	0.0512850476653679	1.38882441955821	0.0674816572177163	27.6072400384299	0.241028038132294
45.225	3.5	0.0548495902519803	1.37985004344888	0.0612689779045342	27.556896385641	0.243879672201584
45.375	3.5	0.0585156254738726	1.37074003490421	0.055061690738787	27.5062848255448	0.246812500379098
45.525	3.5	0.0622744621214224	1.36152718639997	0.0488337456641805	27.4554016530256	0.249819569697138
45.675	3.5	0.0661127887459572	1.35225584587447	0.0425720688062068	27.4042439847936	0.252890230996766
45.825	3.5	0.070012791546593	1.34298075584881	0.0362742892916276	27.3528099650567	0.256010233237274
45.975	3.5	0.0739525305352156	1.33376500333428	0.029946332640542	27.3010989398322	0.259162024428172
46.125	3.5	0.0779065881314638	1.32467737696776	0.023599992718899	27.249111593544	0.262325270505171
46.275	3.5	0.0818469964978644	1.31578940845678	0.0172506017652481	27.1968500344587	0.265477597198292
46.425	3.5	0.0857444242430316	1.3071723563059	0.0109149247638893	27.1443178103712	0.268595539394425
46.575	3.5	0.0895695596443176	1.29889437081997	0.00460940483437458	27.0915198352216	0.271655647715454
46.725	3.5	0.0932945746997951	1.29101804899674	-0.00165112867001491	27.0384622128855	0.274635659759836
46.875	3.5	0.0968944997248989	1.28359855817061	-0.00785421569478979	26.9851519571272	0.277515599779919
47.025	3.5	0.100348303724711	1.2766824588073	-0.0139899701500872	26.9315966257613	0.280278642979769
47.175	3.5	0.103639480719954	1.27030727986677	-0.0200507904031683	26.8778039090061	0.282911584575963
47.325	3.5	0.106755985006488	1.26450183720622	-0.0260307032556988	26.8237812321277	0.285404788005191
47.475	3.5	0.10968945207811	1.25928720089085	-0.0319245236270961	26.7695354453721	0.287751561662488
47.625	3.5	0.112433775031803	1.25467812317334	-0.0377270343359928	26.7150726745363	0.289947020025442
47.775	3.5	0.11498324978821	1.2506846556878	-0.0434323697181692	26.6603983905005	0.291986599830568
47.925	3.5	0.117330621876545	1.24731362449196	-0.0490337235335067	26.605517726514	0.293864497501236
48.075	3.5	0.119465426647423	1.24456961219885	-0.0545234118283787	26.5504360330542	0.295572341317938
48.225	3.5	0.121372986605415	1.24245513240924	-0.0598932349018563	26.4951596202508	0.297098389284332
48.375	3.5	0.123034306601405	1.24096978058371	-0.0651350353861415	26.4396966074752	0.298427445281124
48.525	3.5	0.124426908595818	1.24010830324569	-0.0702413726890927	26.3840577878636	0.299541526876654
48.675	3.5	0.125526418234271	1.23985772617502	-0.0752063418146308	26.3282574270812	0.300421134587417
48.825	3.5	0.126308521854561	1.2401938925804	-0.0800267463010076	26.2723139484163	0.301046817483649
48.975	3.5	0.126750828948109	1.24107794859045	-0.0847040526600906	26.2162504997541	0.301400663158487
49.125	3.5	0.126834265937067	1.24245344067528	-0.0892477420686083	26.1600954333954	0.301467412749654
49.275	3.5	0.126543926176179	1.24424472835691	-0.0936807418562087	26.1038827324874	0.301235140940943
49.425	3.5	0.125869789126244	1.24635734460806	-0.0980474458894396	26.0476523625619	0.300695831300995
49.575	3.5	0.12480830563077	1.24868074457018	-0.102424282906216	25.991450395137	0.299846644504616
49.725	3.5	0.123366346987171	1.25109357234143	-0.106931738277856	25.9353285431669	0.298693077589737
49.875	3.5	0.121569176542688	1.25347116138046	-0.111745112380868	25.8793424982944	0.297255341234151
50.025	3.5	0.119473635822198	1.25569448784188	-0.117099185048568	25.8235482438259	0.295578908657758
50.175	3.5	0.117186416874606	1.2576592208072	-0.123279695987816	25.7679954563973	0.293749133499685
50.325	3.5	0.114885090775673	1.25928282760903	-0.130592974734884	25.712717351921	0.291908072620539
50.475	3.5	0.112836794063877	1.26050690015019	-0.139305793020636	25.6577170094699	0.290269435251102
50.625	3.5	0.111406890279087	1.26129126795782	-0.149553182968159	25.60295136411	0.28912551222327
50.775	3.5	0.111048666275532	1.26159706411858	-0.161225359418287	25.5483155642966	0.288838933020425
50.925	3.5	0.112266476377492	1.26135949233296	-0.17386586192661	25.4936318591396	0.289813181101994
51.075	3.5	0.115549630937716	1.26045877433439	-0.186633189983615	25.4386479822008	0.292439704750173
51.225	3.5	0.121282604531195	1.25870690318887	-0.198378620117928	25.3830494015948	0.297026083624956
51.375	3.5	0.12964701856133	1.25586972347577	-0.207855126417702	25.3264873476351	0.303717614849064
51.525	3.5	0.140538859660691	1.25172970544671	-0.214003444190365	25.2686204745023	0.312431087728553
51.675	3.5	0.153526427599985	1.24616868893057	-0.21620607537026	25.2091635656108	0.322821142079988
51.825	3.5	0.167867865726245	1.2392321885872	-0.214407968514736	25.147933594687	0.334294292580996
51.975	3.5	0.182592496286607	1.23114498110405	-0.209073511375363	25.0848830912627	0.346073997029286
52.125	3.5	0.196632138422008	1.22227529810688	-0.201028156392241	25.0201134153271	0.357305710737606
52.275	3.5	0.208973944427465	1.21306901973803	-0.19126597861246	24.9538653080307	0.367179155541972
52.425	3.5	0.218800900836345	1.2039808674432	-0.180786194248016	24.8864893178428	0.375040720669076
52.575	3.5	0.225591819856464	1.19542001160339	-0.170482742452492	24.8184027523715	0.380473455885171
52.725	3.5	0.229166186791091	1.18771437306943	-0.161080861904503	24.7500416429282	0.383332949432873
52.875	3.5	0.229674336850682	1.18108946362297	-0.153103248105539	24.6818157362579	0.383739469480545
53.025	3.5	0.227544332520286	1.17565582035253	-0.146851646324294	24.6140724496745	0.382035466016229
53.175	3.5	0.223401128997878	1.17140226957118	-0.142399607162034	24.5470730704971	0.378720903198302
53.325	3.5	0.217972364295783	1.16819779942344	-0.139602089581305	24.4809820920125	0.374377891436626
53.475	3.5	0.211991613239001	1.1658099190312	-0.138133054647169	24.4158688418186	0.369593290591201
53.625	3.5	0.206107203636368	1.16394882272666	-0.137559837113467	24.351719434759	0.364885762909094
53.775	3.5	0.20080402679119	1.16234151157294	-0.137451678563173	24.2884563355684	0.360643221432952
53.925	3.5	0.196346568708836	1.16082799167258	-0.137502550967527	24.2259622586176	0.357077254967069
54.075	3.5	0.192751830659749	1.15945770953032	-0.137634012350659	24.164104753742	0.354201464527799
54.225	3.5	0.18979906014584	1.15855737105874	-0.138042710587272	24.1027577729857	0.351839248116672
54.375	3.5	0.187078438791613	1.15874747555849	-0.139173143363557	24.0418169674422	0.34966275103329
54.525	3.5	0.184073695304048	1.16090139551897	-0.141621586445807	23.9812065239689	0.347258956243239
54.675	3.5	0.18026588615707	1.16605695622738	-0.145997308820039	23.9208769453696	0.344212708925656
54.825	3.5	0.175239689170428	1.17529673274375	-0.152772907345765	23.8607950368697	0.340191751336343
54.975	3.5	0.168771516365915	1.18960900326848	-0.162148998456374	23.8009290692143	0.335017213092732
55.125	3.5	0.160881550536444	1.20973408010811	-0.1739492833494	23.7412331889864	0.328705240429155
55.275	3.5	0.151839025806543	1.23600032372732	-0.187558358229831	23.6816352897174	0.321471220645234
55.425	3.5	0.142120015835842	1.26816625984406	-0.201917542942305	23.6220316291508	0.313696012668673
55.575	3.5	0.132327235661843	1.30530728799393	-0.215597199435653	23.5622896799834	0.305861788529475
55.725	3.5	0.123089421685934	1.34580417350865	-0.226958107633227	23.5022585426451	0.298471537348747
55.875	3.5	0.11496175601303	1.38748484960607	-0.234393066689594	23.4417844077925	0.291969404810424
56.025	3.5	0.108347484554331	1.42792642450015	-0.236605947257089	23.3807276049286	0.286677987643465
56.175	3.5	0.103454565758818	1.46485272204236	-0.232854471414715	23.3189778856292	0.282763652607054
56.325	3.5	0.100291647476777	1.49650676011303	-0.223078112945523	23.2564654730641	0.280233317981422
56.475	3.5	0.0986979140996427	1.52188044167145	-0.207867645894833	23.1931665691992	0.278958331279714
56.625	3.5	0.0983944848492349	1.54074782486307	-0.188294606812009	23.1291031045397	0.278715587879388
56.775	3.5	0.0990428433961768	1.55353039832776	-0.165670407756205	23.0643374384654	0.279234274716942
56.925	3.5	0.100297947617783	1.56107354824485	-0.141316348042877	22.9989634243317	0.280238358094227
57.075	3.5	0.101848360008099	1.56441610439126	-0.116399216612888	22.9330956320584	0.281478688006479
57.225	3.5	0.103440763441947	1.56460613526067	-0.0918477398260175	22.8668584865641	0.282752610753558
57.375	3.5	0.104890060244075	1.56258184154722	-0.0683360108411107	22.8003766911951	0.28391204819526
57.525	3.5	0.106078360890453	1.55911238893064	-0.0463087560374058	22.7337677432326	0.284862688712363
57.675	3.5	0.106946763622563	1.55478290633255	-0.0260252203896797	22.6671368070609	0.285557410898051
57.825	3.5	0.107483439475736	1.5500067776309	-0.00760585714244243	22.6005738088608	0.285986751580589
57.975	3.5	0.107710697198465	1.54505175647828	0.00892651347650934	22.5341523860826	0.286168557758772
58.125	3.5	0.107672789867632	1.54007087168378	0.0236140845300671	22.4679302390171	0.286138231894106
58.275	3.5	0.107425492970557	1.53513265695591	0.0365399944626146	22.4019504392185	0.285940394376445
58.425	3.5	0.107027879399955	1.53024788652374	0.0478114409573411	22.3362433078126	0.285622303519964
58.575	3.5	0.106536269135541	1.52539175370817	0.0575481967697129	22.2708285613274	0.285229015308433
58.725	3.5	0.106000102004917	1.52052131947632	0.0658749012684859	22.2057175114522	0.284800081603934
58.875	3.5	0.10545938539449	1.51558852968139	0.0729158661322358	22.1409151825677	0.284367508315592
59.025	3.5	0.104943361483426	1.51054931857941	0.0787915200174286	22.0764222713076	0.283954689186741
59.175	3.5	0.104470088197872	1.5053693969086	0.0836159422146207	22.0122369138908	0.283576070558298
59.325	3.5	0.104046708188333	1.50002732746709	0.087495169278325	21.948356249814	0.283237366550666
59.475	3.5	0.103670266132481	1.49451545376278	0.0905260991333088	21.8847777768957	0.282936212905985
59.625	3.5	0.103329001988412	1.48883919052213	0.0927958791609565	21.8215004870295	0.282663201590729
59.775	3.5	0.103004073467972	1.48301512770816	0.0943816752068464	21.7585257612224	0.282403258774378
59.925	3.5	0.102671628979709	1.47706835832835	0.0953507113286564	21.6958579955673	0.282137303183767
60.075	3.5	0.102305061963925	1.4710294237511	0.0957604793438963	21.633504936252	0.28184404957114
60.225	3.5	0.101877151889954	1.46493127512387	0.0956590672460186	21.5714777286195	0.281501721511963
60.375	3.5	0.101361686509948	1.45880665662408	0.0950856514163299	21.5097907334996	0.281089349207958
60.525	3.5	0.100734136102784	1.45268629190414	0.0940713180936824	21.4484612245011	0.280587308882227
60.675	3.5	0.099971088249408	1.44659815840075	0.092640476936777	21.3875091323118	0.279976870599526
60.825	3.5	0.099048498420267	1.44056793167589	0.0908131385510035	21.3269570168808	0.279238798736214
60.975	3.5	0.0979393505468733	1.4346203677044	0.0886081864468325	21.2668303946909	0.278351480437499
61.125	3.5	0.0966119416269759	1.42878100731904	0.0860474513639471	21.2071584059168	0.277289553301581
61.275	3.5	0.0950304911087936	1.42307723559631	0.0831599192437662	21.1479745805063	0.276024392887035
61.425	3.5	0.0931598401881528	1.41753755924169	0.0799848668724122	21.0893171969218	0.274527872150522
61.575	3.5	0.0909753571505745	1.41218813420525	0.0765722634442686	21.0312285095577	0.27278028572046
61.725	3.5	0.0884776229635088	1.40704619358798	0.0729785603949461	20.9737520721009	0.270782098370807
61.875	3.5	0.0857091009076635	1.40211111369383	0.0692561813085519	20.9169276333174	0.268567280726131
62.025	3.5	0.0827672157832889	1.39735533483743	0.0654358326526045	20.8607837213779	0.266213772626631
62.175	3.5	0.0798059000654259	1.39271902293412	0.06150248854306	20.8053290627025	0.263844720052341
62.325	3.5	0.0770168410271674	1.38811377581191	0.057368815642934	20.7505452531638	0.261613472821734
62.475	3.5	0.0745836024287331	1.38344091661434	0.0528535853611614	20.6963842830352	0.259666881942987
62.625	3.5	0.0726074200546036	1.37862747069415	0.0476756268545813	20.6427751164141	0.258085936043683
62.775	3.5	0.0710129494891558	1.37367644501172	0.0414731344262198	20.5896429746676	0.256810359591325
62.925	3.5	0.069454564147983	1.36871826041619	0.0338516296448217	20.5369428138738	0.255563651318386
63.075	3.5	0.0672565389070974	1.36404153903764	0.024454755337868	20.4847045837915	0.253805231125678
63.225	3.5	0.0634299032276653	1.36007978256309	0.013050683990034	20.4330825504511	0.250743922582132
63.375	3.5	0.0568105055994015	1.35733641019898	-0.000353739424087042	20.3823950618817	0.245448404479521
63.525	3.5	0.046352772452876	1.35623495114151	-0.0153103595461504	20.3331357335851	0.237082217962301
63.675	3.5	0.0315887836591194	1.35686981174212	-0.030498857722386	20.2859333047948	0.225271026927296
63.825	3.5	0.0132206595458938	1.35859979777217	-0.0428483236233249	20.2414366968173	0.210576527636715
63.975	3.5	-0.00624631194653855	1.35939633330181	-0.0461286934095362	20.2001065364375	0.195002950442769
64.125	3.5	-0.0220028720954693	1.3549786276646	-0.0301463072123026	20.1619108080742	0.182397702323625
64.275	3.5	-0.0268293141430236	1.33859059772494	0.0148877863020744	20.1259630399238	0.178536548685581
64.425	3.5	-0.0117101595623172	1.30406399223557	0.0845096801796123	20.0902146044494	0.190631872350146
64.575	3.5	0.0325062776239858	1.25228257619093	0.152691653656483	20.051384191774	0.226005022099189
64.725	3.5	0.112298881115232	1.19172491026204	0.194051052773198	20.005307959059	0.289839104892185
64.875	3.5	0.228023370678424	1.13111682989711	0.205246023006298	19.9477616473954	0.382418696542739
65.025	3.5	0.371313169411926	1.0755519124451	0.196857245978464	19.8755398919434	0.497050535529541
65.175	3.5	0.525725908569082	1.02719764848134	0.179460559277701	19.7873805511773	0.620580726855266
65.325	3.5	0.671907186643927	0.986299610436705	0.159356609861856	19.6843021729516	0.737525749315141
65.475	3.5	0.794629233073914	0.951935421887881	0.139512394872473	19.5691541434109	0.835703386459131
65.625	3.5	0.886901251694016	0.922814800110126	0.121106168604161	19.4456414762282	0.909521001355213
65.775	3.5	0.949380135354622	0.897841922398621	0.104499270303604	19.3173583110982	0.959504108283698
65.925	3.5	0.987222905317933	0.876271124960644	0.08971158578909	19.1871965722951	0.989778324254346
66.075	3.5	1.00702842306023	0.857621057671323	0.0766310126127674	19.0571640614079	1.00562273844818
66.225	3.5	1.01495675685251	0.841550232838554	0.0651020997178336	18.9284636013321	1.01196540548201
66.375	3.5	1.01592343784153	0.827777833633907	0.0549618891645908	18.8016781446325	1.01273875027322
66.525	3.5	1.01344262679519	0.816050491548976	0.046052574580747	18.6769667947178	1.01075410143615
66.675	3.5	1.00978084960457	0.806133833382616	0.0382248752817598	18.5542302302463	1.00782467968365
66.825	3.5	1.00622673960332	0.79781256940915	0.0313390457275685	18.4332343230021	1.00498139168266
66.975	3.5	1.00337708686684	0.790891574067163	0.0252663628511761	18.3136941943621	1.00270166949347
67.125	3.5	1.00138997448027	0.785195845084327	0.01989138506521	18.1953258324986	1.00111197958422
67.275	3.5	1.00018330787455	0.780569421440755	0.0151141159174908	18.0778735043203	1.00014664629964
67.425	3.5	0.999574043161454	0.776873783025882	0.0108511501282799	17.9611206657897	0.999659234529163
67.575	3.5	0.999364160445805	0.773986102325412	0.00703538028428927	17.8448907889495	0.999491328356644
67.725	3.5	0.999385060389074	0.77179752140817	0.00361438835180972	17.729042946536	0.999508048311259
67.875	3.5	0.999513498777868	0.770211526583696	0.000547972963460395	17.6134654386647	0.999610799022294
68.025	3.5	0.999670750661416	0.769142461947145	-0.00219466019599573	17.4980694186943	0.999736600529133
68.175	3.5	0.999813865368829	0.768514212925701	-0.00463760690640096	17.3827834776058	0.999851092295063
68.325	3.5	0.999924802346656	0.768259077933463	-0.0068005891130768	17.2675494861333	0.999939841877325
68.475	3.5	1.00000062735296	0.768316828185845	-0.00870076538605959	17.1523196193437	1.00000050188236
68.625	3.5	1.00004607527885	0.76863393839792	-0.0103540131410866	17.0370543220073	1.00003686022308
68.775	3.5	1.00006863909349	0.769162959324983	-0.0117757415865628	16.9217209382303	1.00005491127479
68.925	3.5	1.00007577155943	0.769861998348745	-0.0129813294674707	16.8062927635061	1.00006061724754
69.075	3.5	1.00007359836502	0.770694275486845	-0.0139862893893107	16.6907483386634	1.00005887869202
69.225	3.5	1.00006657129016	0.771627727216115	-0.0148062514478583	16.5750708676315	1.00005325703213
69.375	3.5	1.00005761595214	0.772634637304208	-0.015456841718668	16.4592476921309	1.00004609276172
69.525	3.5	1.00004847439352	0.773691280887246	-0.0159535119140619	16.3432697925946	1.00003877951482
69.675	3.5	1.00004006882866	0.774777574335369	-0.0163113587780154	16.2271313068671	1.00003205506293
69.825	3.5	1.00003280481699	0.775876728494407	-0.0165449572393647	16.1108290696454	1.00002624385359
69.975	3.5	1.00002679005103	0.776974906509225	-0.0166682203839773	15.9943621797354	1.00002143204083
70.125	3.5	1.00002197565251	0.778060889657814	-0.0166942916328324	15.877731602061	1.00001758052201
70.275	3.5	1.00001823896123	0.779125755644518	-0.0166354695200955	15.7609398092393	1.00001459116898
70.425	3.5	1.00001542800429	0.780162573859004	-0.0165031624976968	15.6439904648779	1.00001234240343
70.575	3.5	1.00001338392092	0.78116612149485	-0.0163078696691598	15.5268881483748	1.00001070713673
70.725	3.5	1.00001195229528	0.782132623405246	-0.0160591828077171	15.4096381192318	1.00000956183622
70.875	3.5	1.00001098960654	0.783059517393324	-0.015765805084387	15.2922461177848	1.00000879168523
71.025	3.5	1.00001036761859	0.783945245479556	-0.0154355823606186	15.1747181987095	1.00000829409487
71.175	3.5	1.00000997655279	0.784789070683523	-0.0150755434974997	15.0570605935264	1.00000798124224
71.325	3.5	1.00000972701183	0.785590918075463	-0.0146919467732426	14.9392795984481	1.00000778160946
71.475	3.5	1.00000955044909	0.786351238315286	-0.0142903301012407	14.8213814841771	1.00000764035927
71.625	3.5	1.00000939814614	0.787070891586862	-0.0138755632585391	14.7033724245744	1.00000751851691
71.775	3.5	1.00000923891392	0.787751049718114	-0.0134519007544912	14.5852584414429	1.00000739113113
71.925	3.5	1.00000905592632	0.788393114302174	-0.0130230342945119	14.4670453629721	1.00000724474106
72.075	3.5	1.00000884317294	0.788998648755894	-0.0125921440398914	14.3487387936665	1.00000707453836
72.225	3.5	1.00000860198512	0.789569322425733	-0.0121619480503248	14.2303440938314	1.00000688158809
72.375	3.5	1.00000833798201	0.790106865046659	-0.0117347494399446	14.111866366919	1.00000667038561
72.525	3.5	1.00000805864314	0.790613030055197	-0.0113124808956805	13.9933104532507	1.00000644691451
72.675	3.5	1.00000777157725	0.791089565440363	-0.0108967463079382	13.8746809288277	1.0000062172618
72.825	3.5	1.00000748344899	0.791538190980552	-0.0104888593551634	13.7559821081261	1.00000598675919
72.975	3.5	1.00000719945396	0.791960580859388	-0.0100898789656907	13.637218049941	1.00000575956317
73.125	3.5	1.00000692320035	0.792358350780993	-0.00970064165473769	13.5183925654975	1.00000553856028
73.275	3.5	1.00000665685341	0.792733048817303	-0.00932179079683645	13.399509228184	1.00000532548272
73.425	3.5	1.00000640141781	0.793086149320406	-0.00895380294765481	13.2805713843824	1.00000512113425
73.575	3.5	1.00000615706299	0.793419049322359	-0.00859701136786464	13.1615821649751	1.00000492565039
73.725	3.5	1.00000592342782	0.79373306692637	-0.00825162693083491	13.0425444971932	1.00000473874226
73.875	3.5	1.00000569987016	0.794029441266085	-0.00791775661251932	12.9234611165487	1.00000455989613
74.025	3.5	1.00000548564876	0.794309333676382	-0.00759541976954469	12.8043345786479	1.00000438851901
74.175	3.5	1.00000528004022	0.794573829776893	-0.00728456241099535	12.6851672707371	1.00000422403218
74.325	3.5	1.00000508240209	0.794823942222431	-0.00698506966369179	12.5659614228687	1.00000406592167
74.475	3.5	1.00000489219648	0.795060613918782	-0.00669677662001849	12.4467191186101	1.00000391375718
74.625	3.5	1.00000470898815	0.795284721541917	-0.00641947774506548	12.3274423052401	1.00000376719052
74.775	3.5	1.00000453242901	0.795497079231536	-0.00615293500567948	12.208132803402	1.0000036259432
74.925	3.5	1.00000436223731	0.79569844235739	-0.00589688486969468	12.0887923161957	1.00000348978985
75.075	3.5	1.00000419817744	0.795889511280099	-0.0056510443093889	11.9694224377041	1.00000335854195
75.225	3.5	1.00000404004298	0.796070935047302	-0.00541511593001482	11.8500246609608	1.00000323203438
75.375	3.5	1.0000038876442	0.796243314980686	-0.00518879233135614	11.7306003853713	1.00000311011536
75.525	3.5	1.00000374079996	0.796407208122732	-0.00497175979883049	11.6111509236064	1.00000299263997
75.675	3.5	1.00000359933305	0.796563130521297	-0.00476370141012655	11.4916775079913	1.00000287946644
75.825	3.5	1.00000346306819	0.796711560338573	-0.00456429963342472	11.3721812964145	1.00000277045455
75.975	3.5	1.00000333183162	0.796852940776723	-0.00437323848478741	11.252663377784	1.00000266546529
76.125	3.5	1.0000032054516	0.796987682817567	-0.00419020530428013	11.1331247770593	1.00000256436128
76.275	3.5	1.00000308375925	0.797116167777669	-0.00401489220327506	11.0135664598854	1.0000024670074
76.425	3.5	1.00000296658935	0.797238749682213	-0.00384699722917042	10.8939893368576	1.00000237327148
76.575	3.5	1.00000285378105	0.79735575746411	-0.00368622528777173	10.7743942674438	1.00000228302484
76.725	3.5	1.00000274517828	0.797467496995222	-0.00353228885893926	10.654782063589	1.00000219614262
76.875	3.5	1.00000264062997	0.797574252958503	-0.0033849085360313	10.5351534930285	1.00000211250398
77.025	3.5	1.00000253999014	0.797676290569836	-0.0032438134162086	10.4155092823304	1.00000203199211
77.175	3.5	1.0000024431178	0.797773857158738	-0.00310874136484866	10.2958501196923	1.00000195449424
77.325	3.5	1.00000234987681	0.797867183617618	-0.00297943917410893	10.1761766575097	1.00000187990145
77.475	3.5	1.00000226013573	0.79795648572856	-0.0028556626332527	10.0564895147378	1.00000180810858
77.625	3.5	1.0000021737676	0.798041965376883	-0.0027371765256476	9.93678927906208	1.00000173901408
77.775	3.5	1.00000209064983	0.798123811659935	-0.00262375456549896	9.81707650889577	1.00000167251987
77.925	3.5	1.00000201066398	0.798202201899687	-0.00251517928524413	9.69735173521817	1.00000160853119
78.075	3.5	1.00000193369565	0.798277302566826	-0.00241124188332408	9.57761546326812	1.00000154695652
78.225	3.5	1.00000185963434	0.798349270123787	-0.00231174204036743	9.45786817410519	1.00000148770747
78.375	3.5	1.00000178837331	0.798418251793732	-0.00221648771059541	9.33811032605022	1.00000143069865
78.525	3.5	1.00000171980953	0.798484386261669	-0.00212529489452529	9.21834235601593	1.00000137584762
78.675	3.5	1.00000165384348	0.798547804314034	-0.00203798739778092	9.09856468073708	1.00000132307478
78.825	3.5	1.00000159037911	0.798608629421911	-0.00195439658029347	8.97877769790919	1.00000127230329
78.975	3.5	1.00000152932375	0.798666978273289	-0.00187436109929352	8.85898178724383	1.000001223459
79.125	3.5	1.00000147058794	0.798722961258671	-0.00179772664921868	8.73917731144763	1.00000117647035
79.275	3.5	1.00000141408541	0.798776682914632	-0.00172434570062875	8.6193646171319	1.00000113126832
79.425	3.5	1.00000135973291	0.79882824232906	-0.00165407724057455	8.49954403565864	1.00000108778633
79.575	3.5	1.0000013074502	0.798877733511569	-0.00158678651570612	8.37971588392855	1.00000104596016
79.725	3.5	1.00000125715987	0.79892524573258	-0.00152234477948469	8.25988046511594	1.00000100572789
79.875	3.5	1.00000120878728	0.798970863833681	-0.00146062904475226	8.14003806935507	1.00000096702983
80.025	3.5	1.00000116226051	0.799014668512239	-0.00140152184227742	8.02018897438192	1.0000009298084
80.175	3.5	1.0000011175102	0.799056736582488	-0.00134491098597717	7.90033344613519	1.00000089400816
80.325	3.5	1.00000107446953	0.799097141215348	-0.00129068934527555	7.78047173931979	1.00000085957563
80.475	3.5	1.0000010330741	0.79913595215903	-0.0012387546249824	7.66060409793582	1.00000082645928
80.625	3.5	1.00000099326185	0.799173235941992	-0.00118900915283065	7.54073075577598	1.00000079460948
80.775	3.5	1.00000095497299	0.79920905606019	-0.00114135967479404	7.42085193689364	1.00000076397839
80.925	3.5	1.00000091814993	0.799243473149789	-0.0010957171583147	7.3009678560441	1.00000073451995
81.075	3.5	1.0000008827372	0.799276545146719	-0.00105199660327661	7.18107871910086	1.00000070618976
81.225	3.5	1.00000084868134	0.799308327434452	-0.00101011686075516	7.06118472344899	1.00000067894507
81.375	3.5	1.00000081593089	0.7993388729807	-0.000970000459320236	6.94128605835715	1.00000065274471
81.525	3.5	1.00000078443627	0.799368232464298	-0.000931573438877537	6.82138290532993	1.00000062754901
81.675	3.5	1.00000075414973	0.799396454393011	-0.000894765191580471	6.70147543844178	1.00000060331978
81.825	3.5	1.00000072502531	0.799423585212957	-0.000859508309929246	6.58156382465409	1.00000058002025
81.975	3.5	1.00000069701876	0.799449669410429	-0.000825738441528668	6.46164822411626	1.00000055761501
82.125	3.5	1.00000067008754	0.79947474960672	-0.000793394150430092	6.34172879045223	1.00000053607003
82.275	3.5	1.0000006441907	0.799498866646443	-0.000762416784664568	6.22180567103317	1.00000051535256
82.425	3.5	1.00000061928883	0.799522059679859	-0.000732750349740192	6.10187900723746	1.00000049543106
82.575	3.5	1.00000059534395	0.799544366239707	-0.000704341387817048	5.98194893469873	1.00000047627516
82.725	3.5	1.00000057231939	0.799565822312788	-0.000677138862142409	5.86201558354283	1.00000045785551
82.875	3.5	1.00000055017969	0.799586462406848	-0.000651094046573533	5.74207907861438	1.00000044014375
83.025	3.5	1.00000052889057	0.799606319612807	-0.00062616041975331	5.62213953969368	1.00000042311245
83.175	3.5	1.00000050841899	0.799625425662868	-0.000602293563681377	5.50219708170465	1.00000040673519
83.325	3.5	1.00000048873345	0.799643810984545	-0.000579451066266966	5.38225181491429	1.00000039098676
83.475	3.5	1.00000046980422	0.799661504750984	-0.000557592427437911	5.26230384512432	1.00000037584338
83.625	3.5	1.00000045160363	0.799678534927759	-0.000536678968303054	5.14235327385549	1.0000003612829
83.775	3.5	1.00000043410598	0.79969492831653	-0.000516673742725432	5.02240019852517	1.00000034728478
83.925	3.5	1.00000041728696	0.799710710595843	-0.000497541450656131	4.90244471261858	1.00000033382957
84.075	3.5	1.00000040112223	0.799725906359299	-0.000479248352766785	4.78248690585418	1.00000032089778
84.225	3.5	1.00000038558509	0.799740539151615	-0.000461762185869057	4.66252686434381	1.00000030846807
84.375	3.5	1.00000037064378	0.799754631502642	-0.000445052079227535	4.54256467074768	1.00000029651502
84.525	3.5	1.00000035625956	0.799768204959685	-0.000429088471618014	4.42260040442477	1.00000028500765
84.675	3.5	1.00000034238832	0.799781280118515	-0.000413843029038486	4.30263414157857	1.00000027391065
84.825	3.5	1.00000032898939	0.799793876653546	-0.000399288561804583	4.18266595539784	1.00000026319151
84.975	3.5	1.00000031604466	0.799806013348317	-0.000385398938533285	4.06269591619157	1.00000025283573
85.125	3.5	1.00000030358631	0.799817708127935	-0.000372148992801965	3.94272409151698	1.00000024286905
85.275	3.5	1.00000029172098	0.799828978096444	-0.000359514418147991	3.82275054629938	1.00000023337678
85.425	3.5	1.00000028062273	0.799839839583344	-0.00034747164882401	3.70277534294436	1.00000022449818
85.575	3.5	1.00000027045666	0.799850308205042	-0.000335997728734259	3.582798541445	1.00000021636533
85.725	3.5	1.00000026120525	0.799860398947565	-0.00032507017826958	3.46282019949032	1.0000002089642
85.875	3.5	1.00000025242334	0.799870126274863	-0.000314666875020166	3.34284037258101	1.00000020193867
86.025	3.5	1.00000024305118	0.799879504260391	-0.000304765965211615	3.22285911415239	1.00000019444095
86.175	3.5	1.00000023153587	0.799888546727653	-0.000295345813560575	3.10287647568664	1.0000001852287
86.325	3.5	1.00000021655525	0.799897267372063	-0.000286384979267778	2.98289250677021	1.0000001732442
86.475	3.5	1.00000019845711	0.799905679833725	-0.000277862181380016	2.86290725503052	1.00000015876568
86.625	3.5	1.00000018100278	0.799913797717429	-0.00026975620141208	2.74292076589533	1.00000014480222
86.775	3.5	1.00000017219927	0.799921634630008	-0.000262045682385003	2.62293308218862	1.00000013775942
86.925	3.5	1.00000018233747	0.79992920442065	-0.000254708832759531	2.50294424371895	1.00000014586998
87.075	3.5	1.00000021764006	0.799936521912281	-0.000247723125801258	2.38295428717991	1.00000017411205
87.225	3.5	1.00000027007456	0.799943604382858	-0.000241065170486886	2.26296324673852	1.00000021605965
87.375	3.5	1.00000030814115	0.799950473745212	-0.00023471097189405	2.14297115544704	1.00000024651292
87.525	3.5	1.00000027828594	0.79995715870857	-0.000228636751651308	2.02297804694623	1.00000022262875
87.675	3.5	1.00000012807491	0.799963695356947	-0.000222820348374314	1.90298395595759	1.00000010245993
87.825	3.5	0.999999854890976	0.799970124117179	-0.000217243004033047	1.78298891536394	0.999999883912781
87.975	3.5	0.999999564118206	0.799976481918824	-0.000211891156538511	1.66299294826184	0.999999651294565
88.125	3.5	0.999999492764299	0.799982791255064	-0.000206757807514386	1.54299605622276	0.999999594211439
88.275	3.5	0.99999993556401	0.799989052581489	-0.000201843176704522	1.42299821009098	0.999999948451208
88.425	3.5	1.0000010301338	0.799995250707791	-0.000197154650399802	1.30299935471213	1.00000082410704
88.575	3.5	1.00000244280012	0.800001384873968	-0.000192706334566574	1.18299943906317	1.00000195424009
88.725	3.5	1.00000314283473	0.800007520766334	-0.000188518643445423	1.06299847228044	1.00000251426778
88.875	3.5	1.00000159028657	0.800013839342875	-0.000184618168589507	0.942996581535423	1.00000127222926
89.025	3.5	0.999996646299328	0.80002063042303	-0.000181037636361881	0.822994017355902	0.999997317039462
89.175	3.5	0.999989176099604	0.800028170584509	-0.000177815346974038	0.702991038644339	0.999991340879683
89.325	3.5	0.999983599062337	0.800036465471606	-0.00017499351320171	0.582987646845035	0.999986879249869
89.475	3.5	0.999987797765182	0.800044945340407	-0.000172615734945626	0.462983250626434	0.999990238212146
89.625	3.5	1.00000950500182	0.800052354953867	-0.00017072541477537	0.342976508805227	1.00000760400146
89.775	3.5	1.00004849331628	0.80004701716807	-0.000169368438088005	0.222965721767479	1.00003879465302
89.925	3.5	1.00008721085975	0.400083087526325	-0.000168624552308332	0.102953094821167	1.0000697686878
0.075	3.7	2.82836098792749e-30	0.399999806511732	-3.40873669373752e-05	36.0880187572224	0.2
0.225	3.7	-1.13547713846145e-30	0.799999438897397	-3.39447802616005e-05	36.0640187688317	0.2
0.375	3.7	6.01860994618737e-30	0.799999127977699	-3.36693229151516e-05	36.0400187908886	0.2
0.525	3.7	-9.10328252203177e-30	0.799998907096803	-3.32794512182804e-05	36.0160188211531	0.2
0.675	3.7	2.59395210487832e-30	0.799998803512954	-3.28005750261535e-05	35.9920188564628	0.2
0.825	3.7	-2.54582740921256e-29	0.799998837035187	-3.22627437261016e-05	35.9680188929423	0.2
0.975	3.7	-6.05266258489723e-30	0.799999019476257	-3.16981427734125e-05	35.9440189262407	0.2
1.125	3.7	-3.92823641425024e-29	0.799999354885794	-3.1138724815815e-05	35.9200189517737	0.2
1.275	3.7	2.85050627070704e-30	0.799999840416262	-3.06142191622277e-05	35.8960189649475	0.2
1.425	3.7	-1.74345021601617e-29	0.800000467613905	-3.01506718150334e-05	35.8720189613487	0.2
1.575	3.7	6.54232743041009e-29	0.800001223922898	-2.97695569323108e-05	35.8480189368907	0.2
1.725	3.7	6.37838454002432e-29	0.800002094205266	-2.94874264854261e-05	35.8240188879134	0.2
1.875	3.7	1.72089070652429e-28	0.800003062130634	-2.9316001862695e-05	35.8000188112384	0.2
2.025	3.7	1.38413148847816e-28	0.800004111343113	-2.92625933470657e-05	35.7760187041855	0.2
2.175	3.7	1.87376761196797e-28	0.800005226358137	-2.93307227504639e-05	35.7520185645578	0.2
2.325	3.7	7.94117683063473e-30	0.800006393190113	-2.95208438176303e-05	35.728018390604	0.2
2.475	3.7	-1.07294575904599e-28	0.800007599732006	-2.98310775565456e-05	35.7040181809664	0.2
2.625	3.7	-4.85257374310151e-28	0.800008835930065	-3.02578996151173e-05	35.6800179346201	0.2
2.775	3.7	-6.91311040317908e-28	0.800010093797194	-3.07967456185963e-05	35.6560176508106	0.2
2.925	3.7	-1.02374316064858e-27	0.800011367313508	-3.14425159975778e-05	35.6320173289923	0.2
3.075	3.7	-8.74313833283267e-28	0.80001265225401	-3.21899761985697e-05	35.6080169687718	0.2
3.225	3.7	-5.85628108829797e-28	0.800013945974378	-3.30340592067164e-05	35.584016569857	0.2
3.375	3.7	4.85157101981741e-28	0.800015247182727	-3.39700807210426e-05	35.5600161320133	0.2
3.525	3.7	1.67236354975153e-27	0.800016555715544	-3.49938816966116e-05	35.5360156550261	0.2
3.675	3.7	3.36937499441467e-27	0.800017872327191	-3.61019139426718e-05	35.5120151386704	0.2
3.825	3.7	4.30617054668505e-27	0.800019198502493	-3.7291277929647e-05	35.4880145826864	0.2
3.975	3.7	4.61203761922993e-27	0.800020536293535	-3.85597313531196e-05	35.4640139867602	0.2
4.125	3.7	2.69924278960173e-27	0.800021888183863	-3.99056726903557e-05	35.4400133505088	0.2
4.275	3.7	-7.4521282262694e-28	0.800023256975667	-4.1328109587519e-05	35.4160126734692	0.2
4.425	3.7	-6.49252895108806e-27	0.800024645699463	-4.28266205496284e-05	35.3920119550903	0.2
4.575	3.7	-1.1974535877236e-26	0.800026057544589	-4.44013103027436e-05	35.3680111947272	0.2
4.725	3.7	-1.63823076197732e-26	0.800027495807028	-4.60527665090851e-05	35.3440103916376	0.2
4.875	3.7	-1.55331943922646e-26	0.800028963847959	-4.77820159497368e-05	35.3200095449788	0.2
5.025	3.7	-9.16796812054933e-27	0.800030465068259	-4.95904848134964e-05	35.2960086538067	0.2
5.175	3.7	4.71610921588651e-27	0.800032002889793	-5.14799628459625e-05	35.2720077170747	0.2
5.325	3.7	2.0867151758015e-26	0.80003358074401	-5.34525722879373e-05	35.2480067336333	0.2
5.475	3.7	3.5266347317669e-26	0.800035202067772	-5.55107383919386e-05	35.2240057022301	0.2
5.625	3.7	3.68293375579901e-26	0.800036870301857	-5.76571684938872e-05	35.2000046215093	0.2
5.775	3.7	2.1932475522601e-26	0.800038588894473	-5.98948301306169e-05	35.176003490012	0.2
5.925	3.7	-1.25725409816153e-26	0.800040361305723	-6.2226937996856e-05	35.1520023061756	0.2
6.075	3.7	-5.06871317790159e-26	0.800042191014859	-6.46569399886419e-05	35.1280010683336	0.2
6.225	3.7	-7.10568982112667e-26	0.800044081526866	-6.71885087598475e-05	35.1039997747147	0.2
6.375	3.7	-3.56395000527445e-26	0.800046036383891	-6.98255345716374e-05	35.079998423442	0.2
6.525	3.7	7.53398649645292e-26	0.800048059172255	-7.25721220426017e-05	35.0559970125317	0.2
6.675	3.7	2.60222634771675e-25	0.800050153533001	-7.54325871373643e-05	35.0319955398917	0.2
6.825	3.7	4.45884671889371e-25	0.800052323171753	-7.84114576126207e-05	35.0079940033197	0.2
6.975	3.7	5.01951767745212e-25	0.800054571868141	-8.15134744021337e-05	34.9839924005014	0.2
7.125	3.7	2.31416303869672e-25	0.800056903485647	-8.47435938794598e-05	34.9599907290076	0.2
7.275	3.7	-5.24744495853875e-25	0.800059321981548	-8.81069923437116e-05	34.9359889862922	0.2
7.425	3.7	-1.79978519514136e-24	0.800061831415815	-9.16090709298682e-05	34.9119871696887	0.2
7.575	3.7	-3.30607184567805e-24	0.80006443596105	-9.52554627898928e-05	34.8879852764073	0.2
7.725	3.7	-4.36067131240526e-24	0.800067139912222	-9.90520390029065e-05	34.8639833035311	0.2
7.875	3.7	-3.84470666085376e-24	0.800069947695007	-0.000103004917707822	34.8399812480125	0.2
8.025	3.7	-5.07452963758466e-25	0.800072863875567	-0.000107120471634651	34.8159791066694	0.2
8.175	3.7	6.53308762807286e-24	0.800075893169967	-0.000111405339004317	34.79197687618	0.2
8.325	3.7	1.68687414600184e-23	0.80007904045305	-0.000115866432846977	34.7679745530792	0.2
8.475	3.7	2.79086500849552e-23	0.800082310767663	-0.000120510952150181	34.7439721337528	0.2
8.625	3.7	3.41255797602683e-23	0.800085709334308	-0.000125346393926993	34.7199696144331	0.2
8.775	3.7	2.73712365840313e-23	0.800089241560353	-0.000130380564606708	34.6959669911928	0.2
8.925	3.7	-1.32828587360453e-24	0.800092913049364	-0.000135621593354574	34.6719642599395	0.2
9.075	3.7	-5.7542939872393e-23	0.800096729611324	-0.000141077946326628	34.6479614164098	0.2
9.225	3.7	-1.37166415446172e-22	0.800100697271503	-0.000146758439452185	34.6239584561628	0.2
9.375	3.7	-2.19037687665243e-22	0.800104822282153	-0.000152672254792226	34.5999553745735	0.2
9.525	3.7	-2.60111501334752e-22	0.800109111131156	-0.000158828955363569	34.5759521668259	0.2
9.675	3.7	-1.98096437365872e-22	0.800113570553333	-0.00016523850157638	34.5519488279057	0.2
9.825	3.7	3.17920904813447e-23	0.800118207541347	-0.000171911268507026	34.5279453525927	0.2
9.975	3.7	4.6225767193601e-22	0.80012302935643	-0.000178858063811777	34.5039417354532	0.2
10.125	3.7	1.04403785889477e-21	0.800128043540856	-0.000186090146688326	34.4799379708313	0.2
10.275	3.7	1.59628642671633e-21	0.800133257927458	-0.000193619246659414	34.4559340528407	0.2
10.425	3.7	1.78671066831655e-21	0.800138680654497	-0.000201457584857899	34.4319299753557	0.2
10.575	3.7	1.1818273917141e-21	0.80014432017732	-0.000209617895048195	34.4079257320015	0.2
10.725	3.7	-5.97998016186438e-22	0.800150185279794	-0.000218113446288209	34.383921316145	0.2
10.875	3.7	-3.6137143949452e-21	0.800156285089868	-0.000226958065263695	34.3599167208847	0.2
11.025	3.7	-7.28906063252713e-21	0.800162629092536	-0.000236166162582539	34.3359119390396	0.2
11.175	3.7	-1.01740944465987e-20	0.800169227143903	-0.000245752756634768	34.3119069631391	0.2
11.325	3.7	-9.99963863218149e-21	0.800176089486634	-0.000255733501293798	34.287901785411	0.2
11.475	3.7	-4.2439150052179e-21	0.800183226765041	-0.000266124713818569	34.2638963977699	0.2
11.625	3.7	8.66571394101727e-21	0.800190650040615	-0.000276943404100858	34.2398907918051	0.2
11.775	3.7	2.76524123087343e-20	0.800198370809977	-0.000288207304888874	34.2158849587675	0.2
11.925	3.7	4.73229785532262e-20	0.800206401020163	-0.000299934905145738	34.1918788895565	0.2
12.075	3.7	5.73081423410942e-20	0.800214753086983	-0.000312145482156053	34.1678725747063	0.2
12.225	3.7	4.38438247825795e-20	0.800223439914682	-0.000324859138177712	34.1438660043713	0.2
12.375	3.7	-5.38406535563777e-21	0.800232474912497	-0.000338096836547831	34.1198591683114	0.2
12.525	3.7	-9.30699767244889e-20	0.800241872017206	-0.000351880440813226	34.0958520558765	0.2
12.675	3.7	-2.02574260510485e-19	0.800251645711103	-0.000366232755322995	34.0718446559904	0.2
12.825	3.7	-2.90797663981274e-19	0.800261811044746	-0.000381177567113807	34.0478369571338	0.2
12.975	3.7	-2.8990402507955e-19	0.800272383658764	-0.000396739691992414	34.0238289473277	0.2
13.125	3.7	-1.24416863184485e-19	0.800283379805988	-0.00041294501975218	33.9998206141143	0.2
13.275	3.7	2.52753965199043e-19	0.800294816376307	-0.000429820565051275	33.9758119445393	0.2
13.425	3.7	8.09584003770735e-19	0.800306710920252	-0.000447394517058421	33.9518029251317	0.2
13.575	3.7	1.38539498081648e-18	0.800319081674632	-0.00046569629542121	33.9277935418841	0.2
13.725	3.7	1.67152243244031e-18	0.80033194758951	-0.000484756606247979	33.9037837802313	0.2
13.875	3.7	1.25862545467602e-18	0.800345328355869	-0.00050460750178422	33.8797736250287	0.2
14.025	3.7	-2.18964556261577e-19	0.80035924443281	-0.00052528244393061	33.8557630605299	0.2
14.175	3.7	-2.84050338309721e-18	0.800373717078353	-0.000546816369244275	33.8317520703628	0.2
14.325	3.7	-6.10988872034696e-18	0.800388768380438	-0.000569245759530649	33.8077406375052	0.2
14.475	3.7	-8.74353847800532e-18	0.800404421287525	-0.00059260871341193	33.7837287442599	0.2
14.625	3.7	-8.71897635683425e-18	0.800420699643169	-0.00061694502414185	33.759716372228	0.2
14.775	3.7	-3.77893033147471e-18	0.800437628219509	-0.000642296260548881	33.7357035022813	0.2
14.925	3.7	7.50452925944185e-18	0.800455232754409	-0.000668705850239753	33.7116901145348	0.2
15.075	3.7	2.42248507384888e-17	0.800473539987109	-0.000696219171405055	33.6876761883161	0.2
15.225	3.7	4.16621147828525e-17	0.800492577698968	-0.000724883644982694	33.6636617021356	0.2
15.375	3.7	5.06779434497572e-17	0.800512374752314	-0.00075474883554004	33.6396466336542	0.2
15.525	3.7	3.90631302831393e-17	0.800532961133778	-0.000785866554109995	33.6156309596504	0.2
15.675	3.7	-4.25932933961215e-18	0.800554367997653	-0.000818290969726179	33.5916146559861	0.2
15.825	3.7	-8.20985609076546e-17	0.800576627712006	-0.000852078724766001	33.5675976975706	0.2
15.975	3.7	-1.8041759559872e-16	0.800599773906724	-0.000887289057119522	33.5435800583234	0.2
16.125	3.7	-2.61861898241816e-16	0.800623841523493	-0.000923983929772647	33.5195617111361	0.2
16.275	3.7	-2.66770629746285e-16	0.800648866868356	-0.000962228167365935	33.495542627832	0.2
16.425	3.7	-1.27428255584112e-16	0.800674887665268	-0.00100208959789762	33.4715227791241	0.2
16.575	3.7	2.01170569353441e-16	0.800701943116611	-0.00104363920627539	33.4475021345721	0.2
16.725	3.7	6.97156891207157e-16	0.800730073960391	-0.00108695129356414	33.4234806625371	0.200000000000001
16.875	3.7	1.22736705401187e-15	0.800759322535702	-0.00113210364553282	33.3994583301344	0.200000000000001
17.025	3.7	1.52700002360475e-15	0.800789732848722	-0.00117917771160851	33.3754351031849	0.200000000000001
17.175	3.7	1.23483983627223e-15	0.800821350642398	-0.00122825879295035	33.3514109461635	0.200000000000001
17.325	3.7	1.1335021075694e-17	0.800854223473024	-0.00127943624120693	33.3273858221464	0.2
17.475	3.7	-2.25589364118545e-15	0.800888400786398	-0.00133280366934938	33.3033596927551	0.199999999999998
17.625	3.7	-5.19876878526627e-15	0.800923934002025	-0.00138845917302218	33.2793325180992	0.199999999999996
17.775	3.7	-7.76674712250165e-15	0.800960876601697	-0.00144650556689341	33.255304256715	0.199999999999994
17.925	3.7	-8.22982001473295e-15	0.8009992842224	-0.00150705063049444	33.2312748655031	0.199999999999993
18.075	3.7	-4.55641124379774e-15	0.801039214757073	-0.00157020737313955	33.2072442996617	0.199999999999996
18.225	3.7	4.72712907927458e-15	0.801080728461551	-0.0016360943092043	33.1832125126177	0.200000000000004
18.375	3.7	1.92626098003413e-14	0.80112388806744	-0.00170483575277641	33.159179455954	0.200000000000015
18.525	3.7	3.55204443773506e-14	0.80116875890568	-0.00177656212684281	33.1351450793336	0.200000000000028
18.675	3.7	4.60686912888713e-14	0.801215409037349	-0.00185141029159704	33.1111093304196	0.200000000000037
18.825	3.7	4.03539727627767e-14	0.801263909395676	-0.0019295238908783	33.0870721547914	0.200000000000032
18.975	3.7	7.8267912410467e-15	0.801314333937449	-0.00201105371857026	33.0630334958559	0.200000000000006
19.125	3.7	-5.63352876514871e-14	0.801366759809498	-0.00209615810558649	33.0389932947551	0.199999999999955
19.275	3.7	-1.43845834084706e-13	0.801421267526941	-0.00218500332936526	33.0149514902673	0.199999999999885
19.425	3.7	-2.26876324793656e-13	0.801477941167114	-0.00227776404649111	32.9909080187035	0.199999999999819
19.575	3.7	-2.5681541721881e-13	0.801536868581758	-0.00237462374954056	32.9668628137973	0.199999999999795
19.725	3.7	-1.73168014328427e-13	0.801598141626387	-0.0024757752494614	32.9428158065887	0.199999999999861
19.875	3.7	7.38254412081106e-14	0.801661856412957	-0.00258142118526259	32.9187669252998	0.200000000000059
20.025	3.7	4.87661508471226e-13	0.801728113586462	-0.00269177456132073	32.8947160952039	0.20000000000039
20.175	3.7	9.85488284449499e-13	0.80179701862491	-0.00280705931489856	32.8706632384845	0.200000000000788
20.325	3.7	1.37104439438276e-12	0.80186868217458	-0.00292751091337117	32.8466082740862	0.200000000001097
20.475	3.7	1.34561519964532e-12	0.801943220413595	-0.00305337698417858	32.8225511175538	0.200000000001077
20.625	3.7	5.82208171825253e-13	0.80202075545609	-0.00318491797735164	32.7984916808611	0.200000000000466
20.775	3.7	-1.12474237755038e-12	0.802101415797268	-0.00332240786220875	32.7744298722263	0.1999999999991
20.925	3.7	-3.65156456715072e-12	0.802185336803776	-0.0034661348595276	32.7503655959135	0.199999999997079
21.075	3.7	-6.34134400029786e-12	0.802272661259563	-0.00361640220921566	32.7262987520188	0.199999999994927
21.225	3.7	-7.91344392927978e-12	0.802363539967032	-0.00377352897519565	32.7022292362391	0.199999999993669
21.375	3.7	-6.62518472043203e-12	0.802458132416622	-0.00393785088677146	32.6781569396223	0.1999999999947
21.525	3.7	-8.04389192830825e-13	0.802556607528261	-0.00410972121978571	32.6540817482954	0.199999999999357
21.675	3.7	1.02255570722433e-11	0.802659144476064	-0.00428951171162586	32.6300035431707	0.20000000000818
21.825	3.7	2.49914507689969e-11	0.802765933604557	-0.00447761351642799	32.6059221996249	0.200000000019993
21.975	3.7	3.889718030204e-11	0.802877177449092	-0.00467443819262466	32.5818375871496	0.200000000031118
22.125	3.7	4.40736629738087e-11	0.802993091868015	-0.0048804187235855	32.5577495689705	0.200000000035259
22.275	3.7	3.07798689469007e-11	0.803113907305852	-0.00509601056816371	32.5336580016291	0.200000000024624
22.425	3.7	-9.13235952438862e-12	0.803239870194682	-0.00532169273283647	32.5095627345262	0.199999999992694
22.575	3.7	-7.6818013649469e-11	0.803371244514953	-0.00555796886485503	32.4854636094191	0.199999999938546
22.725	3.7	-1.60303530712616e-10	0.803508313530426	-0.00580536835887227	32.4613604598701	0.199999999871757
22.875	3.7	-2.3011399663645e-10	0.803651381721776	-0.00606444746908575	32.4372531106382	0.199999999815909
23.025	3.7	-2.40209939113254e-10	0.803800776937206	-0.00633579042371072	32.4131413770112	0.199999999807832
23.175	3.7	-1.37875795439295e-10	0.803956852791955	-0.00662001053089291	32.3890250640683	0.199999999889699
23.325	3.7	1.15421687725656e-10	0.804119991341421	-0.00691775126399327	32.3649039658703	0.200000000092337
23.475	3.7	5.14021489048475e-10	0.804290606064593	-0.00722968730653274	32.3407778645656	0.200000000411217
23.625	3.7	9.76544376086422e-10	0.804469145176264	-0.007556525529113	32.3166465294072	0.200000000781236
23.775	3.7	1.32697068196126e-09	0.804656095308818	-0.00789900585051529	32.2925097156664	0.200000001061577
23.925	3.7	1.30692020215379e-09	0.804851985574403	-0.00825790193864199	32.2683671634324	0.200000001045536
24.075	3.7	6.36650337063228e-10	0.805057392041188	-0.00863402167609608	32.2442185962795	0.20000000050932
24.225	3.7	-8.67880267414071e-10	0.805272942641322	-0.00902820734182946	32.2200637197869	0.199999999305696
24.375	3.7	-3.13552205524409e-09	0.805499322552207	-0.00944133544845902	32.1959022198888	0.199999997491582
24.525	3.7	-5.6813609937513e-09	0.805737280105296	-0.0098743162231257	32.1717337610399	0.199999995454911
24.675	3.7	-7.52321027937487e-09	0.805987633312571	-0.0103280927293421	32.1475579841811	0.199999993981432
24.825	3.7	-7.2658489270321e-09	0.806251277122879	-0.01080363966123	32.1233745044964	0.199999994187321
24.975	3.7	-3.43502140319725e-09	0.806529191547153	-0.0113019618251967	32.0991829089597	0.199999997251983
25.125	3.7	4.91181258989416e-09	0.80682245076982	-0.0118240922526968	32.0749827536685	0.20000000392945
25.275	3.7	1.73757652565769e-08	0.807132233316656	-0.0123710897537102	32.0507735609624	0.200000013900612
25.425	3.7	3.14270019732222e-08	0.807459833228244	-0.0129440355109065	32.0265548163036	0.200000025141602
25.575	3.7	4.19946951696587e-08	0.807806672032684	-0.0135440280785414	32.0023259648784	0.200000033595756
25.725	3.7	4.18729750323342e-08	0.808174311148374	-0.0141721759624904	31.97808640784	0.20000003349838
25.875	3.7	2.33202258961248e-08	0.808564464246071	-0.0148295869210919	31.9538354980878	0.200000018656181
26.025	3.7	-1.90277160340483e-08	0.808979009123273	-0.0155173533496896	31.9295725354598	0.199999984777827
26.175	3.7	-8.42796519614109e-08	0.80941999891903	-0.0162365336650015	31.9052967612347	0.199999932576278
26.325	3.7	-1.61413998516145e-07	0.809889672987906	-0.0169881304496138	31.8810073518969	0.199999870868801
26.475	3.7	-2.26977709384943e-07	0.810390468459419	-0.0177730670725994	31.85670341223	0.199999818417832
26.625	3.7	-2.4626620276704e-07	0.810925034202893	-0.018592165220502	31.8323839679351	0.199999802987038
26.775	3.7	-1.79671536465742e-07	0.811496249306963	-0.0194461258032856	31.8080479581067	0.199999856262771
26.925	3.7	5.11753080282177e-09	0.812107247876888	-0.0203355145710367	31.7836942279693	0.200000004094025
27.075	3.7	3.1621194007514e-07	0.812761450586166	-0.0212607512467201	31.7593215222366	0.200000252969552
27.225	3.7	7.19471986568781e-07	0.81346260086794	-0.0222220972009726	31.734928479253	0.200000575577589
27.375	3.7	1.12525053034755e-06	0.814214800108342	-0.0232196324023115	31.7105136257213	0.200000900200424
27.525	3.7	1.38733554021978e-06	0.815022532473644	-0.0242532089488892	31.6860753713596	0.200001109868432
27.675	3.7	1.32105833402874e-06	0.815890667311846	-0.0253223676456882	31.6616120024025	0.200001056846667
27.825	3.7	7.44433992803708e-07	0.816824426935152	-0.0264262075418009	31.6371216726394	0.200000595547194
27.975	3.7	-4.59701790372243e-07	0.817829311437218	-0.027563207018823	31.6126023908492	0.199999632238568
28.125	3.7	-2.27051035834375e-06	0.818910980670395	-0.0287310083992852	31.588052004183	0.199998183591713
28.275	3.7	-4.46297639486314e-06	0.820075105888565	-0.0299261937074847	31.563468178252	0.199996429618884
28.425	3.7	-6.57246166327894e-06	0.821327217478834	-0.0311440928346175	31.5388483762239	0.199994742030669
28.575	3.7	-7.91411798746746e-06	0.822672586478764	-0.032378671493455	31.5141898407572	0.19999366870561
28.725	3.7	-7.67436344724333e-06	0.824116181196049	-0.0336225399120364	31.4894895836099	0.199993860509242
28.875	3.7	-5.07696533096338e-06	0.825662731476185	-0.0348671013910354	31.4647443877816	0.199995938427735
29.025	3.7	3.94111902837945e-07	0.827316909516127	-0.0361028239952616	31.439950825768	0.200000315289522
29.175	3.7	8.75455550630309e-06	0.829083599024269	-0.0373195752879816	31.4151052949573	0.200007003644405
29.325	3.7	1.93183597622654e-05	0.830968180364067	-0.0385069204033942	31.3902040678445	0.20001545468781
29.475	3.7	3.05967476700232e-05	0.83297671906838	-0.0396542615230046	31.3652433514293	0.200024477398136
29.625	3.7	4.03485341523883e-05	0.835115922177517	-0.0407507041193975	31.3402193479696	0.200032278827322
29.775	3.7	4.58068305707952e-05	0.837392733422613	-0.0417845782677157	31.3151283091299	0.200036645464457
29.925	3.7	4.40694701056716e-05	0.839813480994946	-0.0427426186649023	31.2899665779705	0.200035255576085
30.075	3.7	3.26011787713871e-05	0.842382568246236	-0.0436089010430664	31.2647306178377	0.200026080943017
30.225	3.7	9.76608851235251e-06	0.845100795611102	-0.0443637237080121	31.2394170328362	0.20000781287081
30.375	3.7	-2.47001222611518e-05	0.847963500322573	-0.0449826863127529	31.2140225893021	0.199980239902191
30.525	3.7	-6.93543018937126e-05	0.850958774118923	-0.0454362326701909	31.1885442495694	0.199944516558485
30.675	3.7	-0.00012088852531177	0.854066045756172	-0.0456898790266035	31.1629792270914	0.199903289179751
30.825	3.7	-0.000174157808933889	0.857255282096921	-0.0457052456686201	31.1373250660524	0.199860673752853
30.975	3.7	-0.000222382813176403	0.860486971573161	-0.0454418634793564	31.1115797416139	0.199822093749459
31.125	3.7	-0.000257539563744095	0.863712926927642	-0.0448595638665978	31.0857417735612	0.199793968349005
31.275	3.7	-0.000271010440383721	0.86687781356242	-0.0439211107569752	31.0598103516584	0.199783191647693
31.425	3.7	-0.000254643749703762	0.869921210565809	-0.0425946268517082	31.0337854886526	0.199796285000237
31.575	3.7	-0.000202386821348773	0.872779964027706	-0.0408553303602387	31.0076682438242	0.199838090542921
31.725	3.7	-0.000112528416294101	0.875390587700151	-0.0386861608341031	30.9814610842099	0.199909977266965
31.875	3.7	9.76741847543272e-06	0.877691463302367	-0.0360770653490042	30.9551684500781	0.20000781393478
32.025	3.7	0.000150530352168861	0.879624537014882	-0.0330230672020891	30.9287975389446	0.200120424281735
32.175	3.7	0.000287190984896123	0.881136072180498	-0.0295217416510821	30.9023591994113	0.200229752787917
32.325	3.7	0.000392803515108978	0.882175847745808	-0.0255712801653746	30.8758686415731	0.200314242812087
32.475	3.7	0.000445672203378863	0.882694134106373	-0.0211706933241483	30.8493454833208	0.200356537762703
32.625	3.7	0.00044393494203133	0.882636054920647	-0.0163234771805708	30.8228125793892	0.200355147953625
32.775	3.7	0.000421325370972585	0.881933773355461	-0.0110447469824447	30.796293280109	0.200337060296778
32.925	3.7	0.000456155741694604	0.880498404679563	-0.00536904008625054	30.76980737353	0.200364924593356
33.075	3.7	0.000662302251702465	0.878215364650236	0.000648091817582626	30.7433669811715	0.200529841801362
33.225	3.7	0.00115141169163299	0.874947980110117	0.00694538122027894	30.7169748570878	0.200921129353306
33.375	3.7	0.00196267584900494	0.87055261773506	0.0134987926693409	30.6906283202848	0.201570140679204
33.525	3.7	0.00297196935716462	0.864902338958021	0.0203952601836064	30.6643316330001	0.202377575485732
33.675	3.7	0.00381407259375707	0.857906098550014	0.0279247876396587	30.6381172687677	0.203051258075006
33.825	3.7	0.00387281522942318	0.849502934006064	0.036661756518736	30.6120719592139	0.203098252183539
33.975	3.7	0.00240112486481428	0.83961274233736	0.0474959535019039	30.5863575004313	0.201920899891851
34.125	3.7	-0.00118944592841616	0.828035686131764	0.0615622968919123	30.5612113510659	0.199048443257267
34.275	3.7	-0.00689088916225808	0.814299068395922	0.0799775438448046	30.5369117361455	0.194487288670194
34.425	3.7	-0.013621745127798	0.797450767545044	0.103211487734819	30.5137001056722	0.189102603897762
34.575	3.7	-0.0188968495144438	0.775842256088082	0.129926102644556	30.4916717311586	0.184882520388445
34.725	3.7	-0.0188412633583123	0.747177282083375	0.155650369341297	30.4706682041533	0.18492698931335
34.875	3.7	-0.00865718093215915	0.709510581103807	0.17304253364754	30.4502197575809	0.193074255254273
35.025	3.7	0.0165093731814767	0.663379524067383	0.175728222126234	30.4295717360408	0.213207498545181
35.175	3.7	0.0604886699786994	0.612935574072593	0.163263416323794	30.4077885109071	0.24839093598296
35.325	3.7	0.124994053971186	0.563899600696178	0.141174743937141	30.3838974437585	0.299995243176949
35.475	3.7	0.208693621255421	0.520515158190904	0.116279953540464	30.3570383515557	0.366954897004337
35.625	3.7	0.306753296210478	0.484540895153292	0.0931251029881843	30.3265957678796	0.445402636968383
35.775	3.7	0.41131748482554	0.455950748666014	0.0736023117894035	30.2922936138296	0.529053987860432
35.925	3.7	0.513143609967511	0.4338600775417	0.0579645259941385	30.2542289993247	0.610514887974009
36.075	3.7	0.603862201435204	0.417113569855498	0.0457551631522173	30.2128302028385	0.683089761148163
36.225	3.7	0.677790027771126	0.404583883832203	0.0363246285948037	30.1687511966834	0.742232022216901
36.375	3.7	0.732543732134491	0.395305019456681	0.0290528589779092	30.1227416685626	0.786034985707593
36.525	3.7	0.768538965988459	0.388511009954887	0.0234229981640404	30.0755341240877	0.814831172790767
36.675	3.7	0.787980721657421	0.383622020244145	0.0190319302511656	30.0277704039975	0.830384577325937
36.825	3.7	0.793896402970467	0.380208897651728	0.0155782808276983	29.9799679813477	0.835117122376374
36.975	3.7	0.789456975740041	0.377955994777077	0.0128448237213371	29.9325147158448	0.831565580592033
37.125	3.7	0.777592178402688	0.376631103930387	0.0106814659714185	29.8856794224772	0.82207374272215
37.275	3.7	0.760812751484434	0.376064229512367	0.00899049258267144	29.8396291534748	0.808650201187547
37.425	3.7	0.741152384086457	0.376133775120518	0.00771404561297126	29.7944480980208	0.792921907269165
37.575	3.7	0.720171838496913	0.376757887184726	0.00682331612597852	29.7501557403677	0.77613747079753
37.725	3.7	0.698994935983868	0.377888824598357	0.00630896905706061	29.7067233239221	0.759195948787094
37.875	3.7	0.678362036737678	0.379508671204102	0.00617258643331841	29.6640882409496	0.742689629390142
38.025	3.7	0.658693235356481	0.381625251915021	0.00641922813007944	29.622166177612	0.726954588285185
38.175	3.7	0.640155138027407	0.384267669981687	0.00705146582879364	29.580860972584	0.712124110421926
38.325	3.7	0.622725338813141	0.387481395236562	0.0080653910434062	29.5400722958171	0.698180271050513
38.475	3.7	0.606249443245222	0.391323258346682	0.00944911190679942	29.4997014129181	0.684999554596178
38.625	3.7	0.590487177197747	0.395857020676083	0.0111841258015377	29.4596554185159	0.672389741758198
38.775	3.7	0.575146445024069	0.401150375926184	0.013249673942152	29.4198503529464	0.660117156019255
38.925	3.7	0.559906558300701	0.407274268667896	0.015629750989303	29.3802135449282	0.647925246640561
39.075	3.7	0.544433683080755	0.414305246781873	0.0183219055256386	29.3406853686533	0.635546946464604
39.225	3.7	0.528392480833321	0.422331181031781	0.0213464402529012	29.3012204145793	0.622713984666657
39.375	3.7	0.511457815907056	0.431460124763312	0.0247542628799159	29.2617879088765	0.609166252725645
39.525	3.7	0.493329368458125	0.441831456413743	0.028631587757916	29.2223711303585	0.5946634947665
39.675	3.7	0.473750311269628	0.453627883454582	0.0330999891905748	29.1829655974859	0.579000249015702
39.825	3.7	0.452529286973062	0.467086488194049	0.0383108815249818	29.1435759331143	0.562023429578449
39.975	3.7	0.429563199841051	0.482506773555082	0.0444341837394297	29.1042115324845	0.543650559872841
40.125	3.7	0.40485720114878	0.500253540519352	0.0516415513836808	29.0648814098386	0.523885760919024
40.275	3.7	0.378537954332804	0.520752288054467	0.0600850453768594	29.0255888204663	0.502830363466244
40.425	3.7	0.350856882843623	0.54447462732736	0.0698725002522416	28.9863263911551	0.480685506274898
40.575	3.7	0.322181489097705	0.571911067218907	0.0810412990654515	28.9470725018991	0.457745191278164
40.725	3.7	0.292974670102281	0.603528812261135	0.0935329136046088	28.9077895288976	0.434379736081825
40.875	3.7	0.263763835944489	0.639713491579683	0.107171462039715	28.8684242960428	0.411011068755591
41.025	3.7	0.235103179978166	0.680696643714835	0.121650469096217	28.8289107311362	0.388082543982533
41.175	3.7	0.207533400452772	0.726475642487056	0.136532521146596	28.7891743504908	0.366026720362217
41.325	3.7	0.181543442491376	0.776739014193227	0.151266000873749	28.7491378820834	0.3452347539931
41.475	3.7	0.157538453509413	0.830815821450277	0.165221118542908	28.7087271597462	0.326030762807531
41.625	3.7	0.135817221476758	0.887669693592535	0.177744012041886	28.6678764272774	0.308653777181407
41.775	3.7	0.116561016801844	0.94595278634097	0.188223347310615	28.6265323786012	0.293248813441476
41.925	3.7	0.0998341523708247	1.00412134977424	0.196159763623337	28.5846565676276	0.27986732189666
42.075	3.7	0.0855949560529901	1.06059604469094	0.201225922123472	28.542226152695	0.268475964842392
42.225	3.7	0.0737145201575488	1.11393427995161	0.203304795906273	28.4992332037056	0.258971616126039
42.375	3.7	0.0639998300648154	1.16297664691223	0.202497070761702	28.4556829444738	0.251199864051852
42.525	3.7	0.056217814609439	1.20693804887646	0.199095403658165	28.4115913310257	0.244974251687551
42.675	3.7	0.0501174342682249	1.24543210561919	0.193532027005887	28.3669823208668	0.24009394741458
42.825	3.7	0.0454478897202587	1.27843625101175	0.186312975015461	28.3218851178832	0.236358311776207
42.975	3.7	0.0419720893254778	1.30621726351095	0.17795388075573	28.276331610666	0.233577671460382
43.125	3.7	0.0394754071644508	1.32924021551497	0.168928772795114	28.2303541618335	0.231580325731561
43.275	3.7	0.0377703585450063	1.34807995128409	0.15963719915632	28.1839838460407	0.230216286836005
43.425	3.7	0.0366981023325046	1.36334707310122	0.150389358006915	28.1372491736107	0.229358481866004
43.575	3.7	0.036127714154209	1.37563339192297	0.141405437110186	28.0901752815578	0.228902171323367
43.725	3.7	0.0359540563308779	1.3854766817246	0.132824213573273	28.0427835325039	0.228763245064702
43.875	3.7	0.0360948862876785	1.393341735826	0.124716412412657	27.995091439056	0.228875909030143
44.025	3.7	0.036487656322588	1.39961371369956	0.117099488501473	27.9471128255909	0.22919012505807
44.175	3.7	0.0370862971500205	1.40459989914118	0.109951746772892	27.8988581464332	0.229669037720016
44.325	3.7	0.0378581571311697	1.40853666297093	0.103224730637201	27.8503348934257	0.230286525704936
44.475	3.7	0.0387811868760411	1.41159923329876	0.0968535008878933	27.8015480421002	0.231024949500833
44.625	3.7	0.039841407202887	1.41391261008717	0.0907648319792457	27.7525005009492	0.23187312576231
44.775	3.7	0.0410306682185039	1.415562536773	0.0848835472536755	27.7031935411635	0.232824534574803
44.925	3.7	0.0423446908179237	1.41660585386329	0.07913727702135	27.6536271943135	0.233875752654339
45.075	3.7	0.0437813738847162	1.41707983526326	0.0734599137859294	27.6038006130774	0.235025099107773
45.225	3.7	0.0453393480730154	1.41701028416031	0.0677939979718157	27.5537123956956	0.236271478458412
45.375	3.7	0.0470167593357813	1.41641827482063	0.0620922192699676	27.5033608786287	0.237613407468625
45.525	3.7	0.0488102722934626	1.41532549531063	0.0563181755297583	27.4527444038913	0.23904821783477
45.675	3.7	0.0507142947840803	1.41375819202772	0.0504464982162768	27.4018615674356	0.240571435827264
45.825	3.7	0.0527204387679718	1.41174975236573	0.0444624324323727	27.3507114524407	0.242176351014377
45.975	3.7	0.0548172453886791	1.40934199564596	0.0383609505612935	27.2992938463636	0.243853796310943
46.125	3.7	0.0569902078308175	1.40658528075767	0.0321454811408237	27.2476094336591	0.245592166264654
46.275	3.7	0.0592221184460122	1.40353758500842	0.0258263463768102	27.1956599485224	0.24737769475681
46.425	3.7	0.0614937414228316	1.40026276263776	0.0194190188728544	27.143448265974	0.249194993138265
46.575	3.7	0.0637847681903615	1.39682824852395	0.0129423255340418	27.0909784076643	0.251027814552289
46.725	3.7	0.0660749551828698	1.39330252105825	0.00641673566947915	27.0382554432144	0.252859964146296
46.875	3.7	0.0683452834148063	1.38975266812311	-0.000137135441456863	26.9852852800084	0.254676226731845
47.025	3.7	0.0705789351890878	1.38624239142417	-0.0066996990671819	26.932074353532	0.25646314815127
47.175	3.7	0.0727618730109099	1.38283073038197	-0.0132531741443427	26.8786292536668	0.258209498408728
47.325	3.7	0.0748828466688623	1.37957166930125	-0.0197819586808751	26.8249563447492	0.25990627733509
47.475	3.7	0.0769327461015225	1.37651463211671	-0.0262726153299897	26.7710614526013	0.261546196881218
47.625	3.7	0.0789033497440035	1.37370568403836	-0.0327135234451544	26.7169496946548	0.263122679795203
47.775	3.7	0.0807856679094179	1.37118906856118	-0.0390942606385235	26.6626255163511	0.264628534327534
47.925	3.7	0.0825682094098817	1.36900855816872	-0.0454047723466384	26.608092968605	0.266054567527905
48.075	3.7	0.0842355659734649	1.36720803155128	-0.0516343816084632	26.5533562223854	0.267388452778772
48.225	3.7	0.0857676810021522	1.36583074545813	-0.0577707034052081	26.4984202765501	0.268614144801722
48.375	3.7	0.0871400357867635	1.36491696007815	-0.0637985775290781	26.4432917850949	0.269712028629411
48.525	3.7	0.0883247657920635	1.36449988622723	-0.069699229863826	26.3879799198861	0.270659812633651
48.675	3.7	0.0892924614617748	1.36460030066202	-0.0754500063302162	26.3324972000315	0.27143396916942
48.825	3.7	0.090014186406004	1.36522054734765	-0.0810251710567162	26.2768602571046	0.272011349124803
48.975	3.7	0.0904631466565736	1.36633892185465	-0.0863983805819859	26.2210905551504	0.272370517325259
49.125	3.7	0.0906155471081118	1.36790554303888	-0.0915474876770663	26.1652151254084	0.272492437686489
49.275	3.7	0.0904505259434667	1.36984068915126	-0.0964622274841813	26.1092673803662	0.272360420754773
49.425	3.7	0.0899496611875783	1.37203618376818	-0.10115501380774	26.0532880094692	0.271959728950063
49.575	3.7	0.0890973089559016	1.3743597765649	-0.10567442732927	25.997325803772	0.271277847164721
49.725	3.7	0.0878837649435426	1.37666165958191	-0.110119913469411	25.9414380010443	0.270307011954834
49.875	3.7	0.0863136274999754	1.37878145950237	-0.114654663366081	25.8856894138698	0.26905090199998
50.025	3.7	0.0844213904609657	1.38055348755193	-0.119511651198949	25.8301492824424	0.267537112368773
50.175	3.7	0.0822948387134982	1.38180795601129	-0.124985554979173	25.7748846258107	0.265835870970799
50.325	3.7	0.0801040925323299	1.38236645960284	-0.131401438645278	25.7199490459923	0.264083274025864
50.475	3.7	0.0781304043143018	1.38203136812529	-0.139051207862478	25.6653666676442	0.262504323451441
50.625	3.7	0.0767849224140579	1.38057103062844	-0.148094097923693	25.6111122832088	0.261427937931246
50.775	3.7	0.0766051196961563	1.37770617080652	-0.158432038330684	25.5570907163328	0.261284095756925
50.925	3.7	0.0782173410518753	1.37310759788091	-0.1695961905438	25.5031204698915	0.2625738728415
51.075	3.7	0.082259548264894	1.3664194358875	-0.180707817362842	25.4489280623917	0.265807638611915
51.225	3.7	0.089269042688435	1.3573197158153	-0.190578776707505	25.3941590528095	0.271415234150748
51.375	3.7	0.0995535215283644	1.34561449124054	-0.197966305066414	25.3384088878462	0.279642817222692
51.525	3.7	0.113075535995111	1.33133540613576	-0.201903713507457	25.2812716246417	0.290460428796089
51.675	3.7	0.129384572003991	1.31479389755127	-0.201962026784282	25.222398811965	0.303507657603193
51.825	3.7	0.147623792674336	1.29655943784926	-0.198327022712415	25.1615566198188	0.318099034139468
51.975	3.7	0.166620584768974	1.27736867576235	-0.191684794768447	25.0986685204998	0.333296467815179
52.125	3.7	0.185046854414197	1.25800525570242	-0.183004216291578	25.0338338795001	0.348037483531357
52.275	3.7	0.201614824187317	1.23919357293149	-0.17332147232785	24.9673186254607	0.361291859349854
52.425	3.7	0.215264599846913	1.22152990325515	-0.16358675645773	24.8995207144826	0.372211679877531
52.575	3.7	0.225304340609042	1.20545141945928	-0.154579934065836	24.8309183162675	0.380243472487234
52.725	3.7	0.23147954360928	1.19123069277194	-0.146873286501706	24.7620112043878	0.385183634887424
52.875	3.7	0.233967273019652	1.17898175620595	-0.140816823270003	24.6932655457982	0.387173818415721
53.025	3.7	0.233306641513701	1.16866943286943	-0.136533148113804	24.6250699438701	0.386645313210961
53.175	3.7	0.23028487843025	1.1601219640098	-0.133923537765763	24.5577073781248	0.3842279027442
53.325	3.7	0.225799838744859	1.15305466849118	-0.132697744003205	24.4913445751226	0.380639870995887
53.475	3.7	0.22071814090059	1.14711622414796	-0.132442113763535	24.4260378040453	0.376574512720472
53.625	3.7	0.215746191278827	1.14196573462334	-0.132730646589366	24.36175215518	0.372596953023062
53.775	3.7	0.211330109681168	1.13737652108694	-0.13326300837424	24.2983899180922	0.369064087744935
53.925	3.7	0.20759903191028	1.13334578380906	-0.133991858881186	24.235822706727	0.366079225528224
54.075	3.7	0.204362622796231	1.13017832456163	-0.135194041963828	24.1739216140546	0.363490098236985
54.225	3.7	0.201166633050427	1.12851682509876	-0.137455237412713	24.1125801176611	0.360933306440341
54.375	3.7	0.197400263538262	1.12930925751959	-0.141568335328847	24.0517258213379	0.35792021083061
54.525	3.7	0.192437970988791	1.13372271008383	-0.148372562376572	23.991319335398	0.353950376791033
54.675	3.7	0.185789264527652	1.14301883397552	-0.158568364155561	23.9313413472149	0.348631411622122
54.825	3.7	0.177226069609061	1.15839726283666	-0.172534063321567	23.8717716545184	0.341780855687249
54.975	3.7	0.166860207049446	1.18080018530032	-0.190158927331782	23.8125659448997	0.333488165639557
55.125	3.7	0.155153260241417	1.21066970936975	-0.210707692554894	23.7536367881838	0.324122608193134
55.275	3.7	0.142855388307448	1.24767359423552	-0.232747595188212	23.6948443177416	0.314284310645958
55.425	3.7	0.130885124251903	1.29046720468226	-0.254190452571918	23.6359995175414	0.304708099401523
55.575	3.7	0.120175423478256	1.33661795516045	-0.272507135483377	23.5768795749582	0.296140338782605
55.725	3.7	0.111519210993366	1.3828280486316	-0.285134701718982	23.5172515693225	0.289215368794693
55.875	3.7	0.105447952832285	1.42549493621853	-0.290009283244688	23.4568990377391	0.284358362265828
56.025	3.7	0.102168060906694	1.4614634402115	-0.286055315947231	23.3956461476784	0.281734448725355
56.175	3.7	0.101563797463357	1.48867755567648	-0.273425363541402	23.3333756587414	0.281251037970686
56.325	3.7	0.103257114546776	1.50647223175344	-0.253379905298238	23.2700385153574	0.282605691637421
56.475	3.7	0.106701573307322	1.5154439083418	-0.227877676087668	23.2056543706456	0.285361258645858
56.625	3.7	0.111283671294589	1.51704179565376	-0.19907579812712	23.1403038210303	0.289026937035671
56.775	3.7	0.116410043679467	1.51309362280867	-0.168928808505724	23.0741145875801	0.293128034943573
56.925	3.7	0.12156874602673	1.50542270205437	-0.138971265712366	23.0072447729288	0.297254996821384
57.075	3.7	0.126362333266066	1.4956141316263	-0.11026732459106	22.9398662614262	0.301089866612853
57.225	3.7	0.130516867849385	1.48491558434787	-0.0834642860586947	22.8721504951106	0.304413494279508
57.375	3.7	0.133873822105387	1.47422924619108	-0.0588885930497303	22.8042577589042	0.30709905768431
57.525	3.7	0.136371990374635	1.46415225008111	-0.0366441868523173	22.7363301714162	0.309097592299708
57.675	3.7	0.13802523488285	1.45503535795022	-0.0166944250006923	22.6684879783266	0.31042018790628
57.825	3.7	0.138900134705824	1.44704258170693	0.00107733052448675	22.6008284666491	0.311120107764659
57.975	3.7	0.139095965393583	1.4402038179351	0.0168265117785097	22.5334267651389	0.311276772314866
58.125	3.7	0.138728194999656	1.43445801888705	0.030721315844425	22.4663378678729	0.310982555999725
58.275	3.7	0.137915859049708	1.42968694139569	0.0429275468843735	22.399599338783	0.310332687239767
58.425	3.7	0.136772527715158	1.42574086623017	0.0536007079418867	22.3332342907429	0.309418022172127
58.575	3.7	0.135400316330801	1.42245778370352	0.0628826199372475	22.2672543630959	0.308320253064641
58.725	3.7	0.13388631753415	1.41967735328034	0.0709006750047984	22.2016625275899	0.30710905402732
58.875	3.7	0.132300862515101	1.41725068778137	0.0777684803124522	22.1364556323994	0.305840690012081
59.025	3.7	0.130697106500877	1.41504677962518	0.0835871246490836	22.0716266491091	0.304557685200702
59.175	3.7	0.129111548254982	1.41295621161848	0.0884466328400369	22.007166620904	0.303289238603986
59.325	3.7	0.127565211990803	1.41089267507739	0.0924273892637287	21.9430663250289	0.302052169592642
59.475	3.7	0.126065323867649	1.40879273868572	0.0956014331374998	21.8793176628338	0.300852259094119
59.625	3.7	0.124607387207493	1.40661425817217	0.0980335766214359	21.8159147816208	0.299685909765995
59.775	3.7	0.123177586378235	1.40433378089721	0.0997822991009156	21.7528549207394	0.298542069102588
59.925	3.7	0.121755421195186	1.4019432776941	0.10090036050183	21.6901389678236	0.297404336956149
60.075	3.7	0.120316396943137	1.39944652621198	0.101435088244525	21.6277717174543	0.296253117554509
60.225	3.7	0.118834494000045	1.3968554727448	0.101428354042369	21.565761848952	0.295067595200036
60.375	3.7	0.117284060826703	1.39418690361599	0.100916376604319	21.5041216818996	0.293827248661362
60.525	3.7	0.115640775020675	1.39145974434473	0.0999296436946627	21.44286681835	0.29251262001654
60.675	3.7	0.113881458108478	1.38869324971199	0.0984933883283572	21.3820158212606	0.291105166486782
60.825	3.7	0.111982842703472	1.3859062250383	0.0966290994916087	21.3215900844539	0.289586274162778
60.975	3.7	0.109919851299244	1.38311721534277	0.0943574122685538	21.2616139952471	0.287935881039396
61.125	3.7	0.107664450984038	1.38034532927583	0.0917023471250993	21.2021153622606	0.28613156078723
61.275	3.7	0.105186511937469	1.37761108366182	0.0886962580368934	21.1431258862007	0.284149209549975
61.425	3.7	0.10245807916142	1.37493645672177	0.085384095605007	21.0846812321146	0.281966463329136
61.575	3.7	0.0994618361847718	1.37234333646597	0.0818248691383372	21.0268200952004	0.279569468947817
61.725	3.7	0.0962031733570967	1.36984983837061	0.0780877340353824	20.9695816427787	0.276962538685677
61.875	3.7	0.0927232650849224	1.36746457862824	0.0742402139898312	20.9130009685455	0.274178612067938
62.025	3.7	0.089108306871685	1.36517988484526	0.0703270341580478	20.8571027807136	0.271286645497348
62.175	3.7	0.08548828773124	1.36296597716084	0.0663403123275721	20.8018944471086	0.268390630184992
62.325	3.7	0.0820183459873043	1.36076909030305	0.0621857486888773	20.7473605914555	0.265614676789843
62.475	3.7	0.0788378874379529	1.35851677555385	0.057654601172176	20.6934623744778	0.263070309950362
62.625	3.7	0.076007965741266	1.35613224455186	0.0524157536521138	20.6401449626914	0.260806372593013
62.775	3.7	0.0734359950795546	1.35355544647545	0.0460427156345665	20.5873559950416	0.258748796063644
62.925	3.7	0.070807689464286	1.35076130477009	0.0380845736369058	20.5350757100384	0.256646151571429
63.075	3.7	0.0675569038408248	1.347757002937	0.0281810961540305	20.4833556878747	0.25404552307266
63.225	3.7	0.0629112401055488	1.34453405533508	0.0162218679107086	20.432358220204	0.250328992084439
63.375	3.7	0.056050563594715	1.340949841308	0.00257167524399988	20.3823829314076	0.244840450875772
63.525	3.7	0.0464027629623725	1.33651769383876	-0.0115669843778472	20.3338625910811	0.237122210369898
63.675	3.7	0.0340730773595056	1.33010044727844	-0.0235378037774517	20.2873075224806	0.227258461887605
63.825	3.7	0.0203589664592819	1.31956386432802	-0.0283287806648458	20.2431796165412	0.216287173167426
63.975	3.7	0.00824430027469852	1.3016474383119	-0.0179445687689018	20.2016861010732	0.206595440219759
64.125	3.7	0.00270417291821872	1.27274715993327	0.0167581773750767	20.1625052888839	0.202163338334575
64.275	3.7	0.0105965922291158	1.23146420575256	0.078472840602993	20.1244952566622	0.208477273783293
64.425	3.7	0.039864992036388	1.18149256129418	0.153640606011043	20.0854855987722	0.23189199362911
64.575	3.7	0.0977782310054415	1.12989095252841	0.216871343984977	20.0423016570146	0.278222584804353
64.725	3.7	0.188222217363906	1.08155520850168	0.251269421155462	19.9911772443658	0.350577773891125
64.875	3.7	0.308778615166179	1.03786762791133	0.257681519779798	19.9285508918153	0.447022892132943
65.025	3.7	0.44925972415048	0.999036688679374	0.245890034691258	19.851992067764	0.559407779320384
65.175	3.7	0.593620498399636	0.965161576878367	0.225151182084943	19.7608902231759	0.674896398719709
65.325	3.7	0.725264904035698	0.93599218420242	0.201309459710768	19.656576846042	0.780211923228558
65.475	3.7	0.832621259951164	0.910860448883275	0.177402476466645	19.5418085445309	0.866097007960931
65.625	3.7	0.91148651192711	0.888988396997776	0.154822355734258	19.4199087932123	0.929189209541688
65.775	3.7	0.963746863557413	0.869765079683176	0.134124292098415	19.2939970167666	0.97099749084593
65.925	3.7	0.994571982180084	0.852804966942669	0.115463102015118	19.1665468802184	0.995657585744067
66.075	3.7	1.00998290063044	0.837875528819581	0.0988076194642013	19.0392664964234	1.00798632050435
66.225	3.7	1.01542331734492	0.824813280279927	0.0840429209690413	18.9131767588239	1.01233865387594
66.375	3.7	1.01517011018445	0.81347476763951	0.071017811701917	18.7887693866725	1.01213608814756
66.525	3.7	1.01224372978511	0.803719033098733	0.0595660237714383	18.6661726080929	1.00979498382809
66.675	3.7	1.00856145123304	0.795405922251775	0.0495161790186932	18.5452919522703	1.00684916098643
66.825	3.7	1.00518311779995	0.788398965430714	0.0406983548626365	18.4259164724611	1.00414649423996
66.975	3.7	1.00256830733386	0.78256795217451	0.0329503032858168	18.3077915351176	1.00205464586709
67.125	3.7	1.00080255042677	0.777790192052238	0.0261234152455544	18.1906637168137	1.00064204034141
67.275	3.7	0.999773326045318	0.773950870311578	0.0200873617960384	18.0743046657056	0.999818660836254
67.425	3.7	0.999291891714502	0.770943024156363	0.0147325043047547	17.9585205600093	0.999433513371601
67.575	3.7	0.99916689826413	0.768667409681842	0.00996988135598192	17.8431527771412	0.999333518611304
67.725	3.7	0.999240824053107	0.76703232606727	0.00572922900182632	17.72807402787	0.999392659242485
67.875	3.7	0.999401396214519	0.765953391117657	0.00195580758286223	17.6131828343281	0.999521116971615
68.025	3.7	0.99957867464937	0.765353265688149	-0.00139319113539223	17.4983980511677	0.999662939719496
68.175	3.7	0.999735753355922	0.76516134388614	-0.00435206494018082	17.383654245687	0.999788602684738
68.325	3.7	0.999858164717248	0.76531343402754	-0.00694949412308467	17.2688981739277	0.999886531773799
68.475	3.7	0.999944682914043	0.765751450165185	-0.00921075887179767	17.1540862671161	0.999955746331234
68.625	3.7	1.00000054166914	0.766423122854912	-0.011159282829037	17.0391829050819	1.00000043333531
68.775	3.7	1.00003307865028	0.767281727350163	-0.0128175921871399	16.9241592306349	1.00002646292023
68.925	3.7	1.00004934068211	0.768285820836986	-0.014207817632157	16.8089922955334	1.00003947254568
69.075	3.7	1.00005505020717	0.769398978037455	-0.0153518705425885	16.6936643865362	1.00004404016574
69.225	3.7	1.00005438899986	0.770589515540278	-0.0162714095586696	16.5781624367965	1.00004351119988
69.375	3.7	1.00005018868733	0.771830198233768	-0.0169876899596752	16.4624774731041	1.00004015094986
69.525	3.7	1.00004426119739	0.773097925061725	-0.0175213634143807	16.3466040804245	1.00003540895791
69.675	3.7	1.00003772188671	0.77437339514097	-0.0178922735524505	16.2305398832212	1.00003017750937
69.825	3.7	1.00003124261466	0.775640758518744	-0.0181192750563396	16.1142850512978	1.00002499409173
69.975	3.7	1.00002522314873	0.776887258182726	-0.0182200907647928	15.9978418397489	1.00002017851898
70.125	3.7	1.00001989449815	0.778102871243503	-0.018211212061678	15.8812141709273	1.00001591559852
70.275	3.7	1.00001537579994	0.779279957506672	-0.0181078417999172	15.7644072631992	1.00001230063995
70.425	3.7	1.00001170482504	0.780412923076395	-0.0179238754026706	15.6474273079984	1.00000936386003
70.575	3.7	1.00000885658893	0.781497905402476	-0.0176719139314487	15.5302811939894	1.00000708527114
70.725	3.7	1.00000675841498	0.78253248454709	-0.0173633022889296	15.4129762752573	1.00000540673198
70.875	3.7	1.00000530487665	0.783515423662344	-0.0170081859269785	15.2955201793598	1.00000424390132
71.025	3.7	1.00000437291357	0.78444643994886	-0.0166155801365172	15.1779206506281	1.00000349833086
71.175	3.7	1.00000383594784	0.785326005871423	-0.0161934469605986	15.0601854241181	1.00000306875827
71.325	3.7	1.00000357556805	0.786155179237682	-0.0157487758093785	14.9423221258936	1.00000286045444
71.475	3.7	1.00000348978057	0.786935459928416	-0.0152876648360162	14.8243381957388	1.00000279182445
71.625	3.7	1.0000034975122	0.787668670591905	-0.0148154009799732	14.7062408288406	1.00000279800976
71.775	3.7	1.00000353968633	0.788356858423449	-0.014336537261193	14.5880369334119	1.00000283174907
71.925	3.7	1.00000357762948	0.789002215179712	-0.0138549664173543	14.4697331016077	1.00000286210359
72.075	3.7	1.00000358975582	0.789607012752334	-0.0133739903351506	14.3513355914198	1.00000287180465
72.225	3.7	1.00000356745536	0.790173551884159	-0.0128963849684024	14.2328503175275	1.00000285396429
72.375	3.7	1.00000351094598	0.79070412190426	-0.0124244605944206	14.114282849342	1.00000280875678
72.525	3.7	1.00000342561519	0.791200969648701	-0.0119601173650632	13.9956384147141	1.00000274049215
72.675	3.7	1.00000331913759	0.791666276002558	-0.0115048961830665	13.876921907991	1.00000265531007
72.825	3.7	1.00000319945037	0.792102138735394	-0.0110600249923955	13.7581379013062	1.00000255956029
72.975	3.7	1.00000307352324	0.792510560504424	-0.0106264606212696	13.6392906581703	1.00000245881859
73.125	3.7	1.00000294677418	0.792893441070294	-0.0102049263610121	13.520384148594	1.00000235741934
73.275	3.7	1.00000282294972	0.793252572914209	-0.00979594550263183	13.4014220651267	1.00000225835978
73.425	3.7	1.0000027042949	0.793589639567573	-0.00939987108522247	13.2824078393183	1.00000216343592
73.575	3.7	1.00000259186697	0.793906216070376	-0.00901691213306341	13.1633446582272	1.00000207349358
73.725	3.7	1.00000248588623	0.794203771065967	-0.00864715667259349	13.0442354806856	1.00000198870898
73.875	3.7	1.00000238605644	0.794483670119881	-0.00829059182460658	12.925083053113	1.00000190884516
74.025	3.7	1.00000229182051	0.794747179921354	-0.00794712126328608	12.8058899247249	1.00000183345641
74.175	3.7	1.00000220254142	0.794995473087753	-0.00761658032291721	12.686658462037	1.00000176203313
74.325	3.7	1.00000211761428	0.795229633345249	-0.00729874901699932	12.5673908625985	1.00000169409142
74.475	3.7	1.0000020365232	0.795450660906842	-0.00699336321492374	12.44808916792	1.00000162921856
74.625	3.7	1.00000195885914	0.795659477906341	-0.00670012420069486	12.3287552755834	1.00000156708731
74.775	3.7	1.00000188431379	0.795856933781488	-0.00641870681582115	12.2093909505354	1.00000150745103
74.925	3.7	1.00000181266136	0.796043810525445	-0.00614876636789869	12.0899978355839	1.00000145012909
75.075	3.7	1.00000174373686	0.796220827748683	-0.00588994446591484	11.9705774611195	1.00000139498949
75.225	3.7	1.00000167741582	0.79638864751094	-0.00564187392477349	11.851131254097	1.00000134193265
75.375	3.7	1.00000161359804	0.796547878897083	-0.00540418286486818	11.731660546312	1.00000129087843
75.525	3.7	1.00000155219607	0.796699082322006	-0.00517649811686221	11.612166582012	1.00000124175686
75.675	3.7	1.00000149312794	0.796842773557617	-0.00495844802850275	11.4926505248838	1.00000119450235
75.825	3.7	1.0000014363133	0.796979427482474	-0.00474966475823198	11.3731134644583	1.00000114905064
75.975	3.7	1.0000013816719	0.797109481558677	-0.00454978612922978	11.2535564219735	1.00000110533752
76.125	3.7	1.00000132912344	0.797233339044314	-0.00435845710855845	11.1339803557362	1.00000106329875
76.275	3.7	1.00000127858821	0.797351371952989	-0.004175330967276	11.0143861660217	1.00000102287057
76.425	3.7	1.00000122998784	0.797463923772313	-0.00400007017015486	10.8947746995477	1.00000098399027
76.575	3.7	1.00000118324604	0.797571311955921	-0.00383234703712301	10.7751467535575	1.00000094659683
76.725	3.7	1.00000113828917	0.797673830202411	-0.0036718442127169	10.655503079547	1.00000091063134
76.875	3.7	1.00000109504652	0.797771750536378	-0.00351825497501751	10.5358443866636	1.00000087603722
77.025	3.7	1.00000105345046	0.797865325205286	-0.00337128341090431	10.4161713448089	1.00000084276036
77.175	3.7	1.00000101343637	0.79795478840644	-0.00323064448072557	10.2964845874689	1.00000081074909
77.325	3.7	1.00000097494257	0.798040357857267	-0.00309606399233381	10.1767847142979	1.00000077995406
77.475	3.7	1.00000093791014	0.798122236221895	-0.00296727850111134	10.0570722934783	1.00000075032811
77.625	3.7	1.00000090228272	0.798200612405909	-0.00284403515056991	9.93734786387628	1.00000072182618
77.775	3.7	1.00000086800636	0.798275662730995	-0.00272609146556411	9.81761193701299	1.00000069440509
77.925	3.7	1.00000083502935	0.798347551999763	-0.00261321510857296	9.69786499886829	1.00000066802348
78.075	3.7	1.00000080330209	0.798416434460826	-0.00250518360765581	9.57810751153232	1.00000064264167
78.225	3.7	1.00000077277694	0.798482454683165	-0.00240178406336051	9.45833991471967	1.00000061822155
78.375	3.7	1.00000074340818	0.798545748348378	-0.00230281284095723	9.33856262715876	1.00000059472655
78.525	3.7	1.00000071515186	0.798606442968289	-0.00220807525275823	9.21877604786834	1.00000057212149
78.675	3.7	1.00000068796574	0.79866465853518	-0.00211738523508856	9.09898055733158	1.00000055037259
78.825	3.7	1.00000066180922	0.798720508111144	-0.00203056502312269	8.97917651857752	1.00000052944737
78.975	3.7	1.00000063664327	0.798774098362247	-0.00194744482665562	8.85936427817838	1.00000050931461
79.125	3.7	1.00000061243036	0.798825530043114	-0.00186786250902631	8.73954416717077	1.00000048994429
79.275	3.7	1.00000058913442	0.798874898436707	-0.00179166327103621	8.61971650190764	1.00000047130754
79.425	3.7	1.00000056672074	0.798922293753568	-0.00171869934139452	8.49988158484755	1.00000045337659
79.575	3.7	1.00000054515594	0.798967801494709	-0.00164882967477044	8.38003970528688	1.00000043612476
79.725	3.7	1.00000052440794	0.799011502781839	-0.00158191965839902	8.26019114004019	1.00000041952635
79.875	3.7	1.00000050444585	0.7990534746577	-0.00151784082781854	8.14033615407348	1.00000040355668
80.025	3.7	1.00000048523997	0.799093790360139	-0.00145647059216799	8.02047500109435	1.00000038819197
80.175	3.7	1.00000046676172	0.799132519571919	-0.0013976919693875	7.90060792410309	1.00000037340938
80.325	3.7	1.00000044898361	0.799169728649061	-0.00134139333149375	7.78073515590792	1.00000035918689
80.475	3.7	1.00000043187919	0.799205480829702	-0.0012874681598382	7.66085691960755	1.00000034550335
80.625	3.7	1.000000415423	0.799239836425271	-0.00123581481044382	7.54097342904381	1.0000003323384
80.775	3.7	1.00000039959055	0.799272852995975	-0.00118633628928836	7.42108488922684	1.00000031967244
80.925	3.7	1.00000038435827	0.799304585511899	-0.00113894003723668	7.30119149673507	1.00000030748662
81.075	3.7	1.00000036970348	0.799335086501145	-0.00109353772454641	7.18129344009212	1.00000029576278
81.225	3.7	1.00000035560435	0.79936440618636	-0.00105004505458813	7.06139090012233	1.00000028448348
81.375	3.7	1.00000034203988	0.799392592610595	-0.00100838157658699	6.94148405028669	1.0000002736319
81.525	3.7	1.00000032898983	0.799419691753643	-0.000968470506917991	6.82157305700065	1.00000026319187
81.675	3.7	1.00000031643474	0.799445747639583	-0.000930238558837307	6.70165807993514	1.00000025314779
81.825	3.7	1.00000030435586	0.799470802436397	-0.000893615780132525	6.58173927230211	1.00000024348469
81.975	3.7	1.00000029273516	0.79949489654842	-0.000858535398474601	6.46181678112568	1.00000023418813
82.125	3.7	1.00000028155532	0.79951806870208	-0.000824933673995547	6.34189074749997	1.00000022524426
82.275	3.7	1.00000027079968	0.799540356025708	-0.000792749758877509	6.2219613068345	1.00000021663974
82.425	3.7	1.00000026045224	0.799561794123644	-0.000761925563467209	6.10202858908809	1.00000020836179
82.575	3.7	1.0000002504976	0.799582417145428	-0.000732405628577169	5.98209271899203	1.00000020039808
82.725	3.7	1.00000024092089	0.799602257850128	-0.000704137003652369	5.86215381626324	1.00000019273671
82.875	3.7	1.00000023170767	0.799621347666449	-0.000677069130372237	5.74221199580815	1.00000018536613
83.025	3.7	1.00000022284387	0.799639716748743	-0.00065115373135399	5.62226736791786	1.0000001782751
83.175	3.7	1.00000021431578	0.799657394029344	-0.000626344703554725	5.50232003845521	1.00000017145263
83.325	3.7	1.00000020611013	0.799674407267461	-0.000602598016090518	5.38237010903425	1.0000001648881
83.475	3.7	1.00000019821436	0.799690783094807	-0.000579871611889357	5.26241767719262	1.00000015857149
83.625	3.7	1.00000019061713	0.799706547058465	-0.000558125312818483	5.14246283655727	1.0000001524937
83.775	3.7	1.00000018330876	0.799721723661034	-0.000537320727629945	5.02250567700393	1.000000146647
83.925	3.7	1.00000017628157	0.799736336398562	-0.000517421162179296	4.90254628481065	1.00000014102526
84.075	3.7	1.00000016952923	0.799750407796671	-0.000498391531302073	4.78258474280584	1.00000013562338
84.225	3.7	1.00000016304445	0.799763959445217	-0.000480198271935434	4.66262113051112	1.00000013043556
84.375	3.7	1.00000015681481	0.79977701203202	-0.000462809257401199	4.54265552427936	1.00000012545185
84.525	3.7	1.00000015081736	0.799789585376137	-0.000446193712801238	4.42268799742825	1.00000012065389
84.675	3.7	1.0000001450156	0.799801698461062	-0.000430322131697346	4.30271862036938	1.00000011601248
84.825	3.7	1.00000013936459	0.799813369468265	-0.000415166193593738	4.18274746073243	1.00000011149167
84.975	3.7	1.00000013383127	0.799824615811378	-0.000400698680804116	4.06277458348322	1.00000010706501
85.125	3.7	1.00000012843183	0.799835454172003	-0.000386893392055768	3.94280005103373	1.00000010274547
85.275	3.7	1.00000012327521	0.799845900538785	-0.000373725049298864	3.82282392334223	1.00000009862017
85.425	3.7	1.00000011858013	0.799855970253842	-0.000361169194874889	3.70284625800324	1.0000000948641
85.575	3.7	1.00000011461538	0.799865678073332	-0.00034920207931955	3.58286711033044	1.0000000916923
85.725	3.7	1.00000011151755	0.79987503825111	-0.000337800545366102	3.46288653343996	1.00000008921404
85.875	3.7	1.00000010899645	0.799884064653604	-0.000326941919978066	3.34290457834316	1.00000008719716
86.025	3.7	1.00000010605577	0.799892770905993	-0.000316603929955589	3.22292129405198	1.00000008484462
86.175	3.7	1.00000010100399	0.799901170552949	-0.000306764654167627	3.10293672768155	1.00000008080319
86.325	3.7	1.00000009210368	0.799909277195979	-0.000297402514416937	2.9829509245052	1.00000007368295
86.475	3.7	1.00000007904401	0.799917104557044	-0.000288496288987883	2.86296392789123	1.00000006323521
86.625	3.7	1.00000006488252	0.79992466643999	-0.000280025116126414	2.74297577905616	1.00000005190601
86.775	3.7	1.00000005723921	0.799931976639784	-0.000271968450385582	2.62298651664021	1.00000004579137
86.925	3.7	1.00000006676515	0.799939048984167	-0.000264305954612176	2.50299617625857	1.00000005341212
87.075	3.7	1.00000010109928	0.799945897825793	-0.000257017357114817	2.38300479035833	1.00000008087943
87.225	3.7	1.00000015463887	0.799952539306207	-0.000250082364969571	2.26301238878229	1.00000012371109
87.375	3.7	1.00000019876798	0.799958993418689	-0.00024348077331297	2.14301900021071	1.00000015901438
87.525	3.7	1.00000018221507	0.799965286212623	-0.000237192913159988	2.02302465398238	1.00000014577206
87.675	3.7	1.00000005295054	0.799971450574304	-0.000231200514690626	1.90302938080658	1.00000004236043
87.825	3.7	0.999999805878752	0.799977523469663	-0.000225487936990369	1.78303321014591	0.999999844703001
87.975	3.7	0.999999540825338	0.799983538288864	-0.000220043572271479	1.66303616259878	0.99999963266027
88.125	3.7	0.999999487100727	0.799989513823812	-0.000214861139712964	1.54303823844522	0.999999589680582
88.275	3.7	0.999999931588305	0.799995446216569	-0.000209940596228119	1.42303940861923	0.999999945270644
88.425	3.7	1.00000100636096	0.800001314601678	-0.000205288515251367	1.30303961947609	1.00000080508877
88.575	3.7	1.00000237660305	0.800007110398632	-0.000200917957909416	1.18303882284942	1.00000190128244
88.725	3.7	1.0000030158281	0.800012888904229	-0.000196847975745646	1.06303703195133	1.00000241266248
88.875	3.7	1.00000139331723	0.800018818422906	-0.000193102850380045	0.943034379113886	1.00000111465378
89.025	3.7	0.999996382997691	0.800025175043997	-0.000189711004248366	0.823031120965865	0.999997106398153
89.175	3.7	0.999988864549193	0.8000322224148	-0.000186703372666236	0.703027523235424	0.999991091639354
89.325	3.7	0.999983271340768	0.800039956075071	-0.000184111192384778	0.583023594569793	0.999986617072614
89.475	3.7	0.999987496312916	0.800047800463098	-0.000181963861643029	0.463018750802429	0.999989997050333
89.625	3.7	1.00000927326497	0.800054499103664	-0.000180288629298608	0.343011657703342	1.00000741861198
89.775	3.7	1.00004835773593	0.800048363314456	-0.000179114589948832	0.22300062300239	1.00003868618874
89.925	3.7	1.00008715525655	0.400083623876104	-0.000178502606815181	0.102987865724155	1.00006972420524
0.075	3.9	8.48915705971983e-31	0.399999884359163	-3.36751950348543e-05	36.0880201103977	0.2
0.225	3.9	4.93468892862031e-30	0.799999667197691	-3.35772508212206e-05	36.0640201173362	0.2
0.375	3.9	-4.3757843831151e-30	0.799999491496157	-3.33880242112181e-05	36.0400201303659	0.2
0.525	3.9	5.43839062453193e-30	0.799999381997649	-3.31202436635623e-05	36.0160201478464	0.2
0.675	3.9	-1.69071960171989e-29	0.799999359446135	-3.27916023826393e-05	35.992020167446	0.2
0.825	3.9	-1.8947725316677e-30	0.79999943961786	-3.24233081745876e-05	35.9680201862797	0.2
0.975	3.9	-3.49655877279383e-29	0.799999632849949	-3.2038475713311e-05	35.944020201069	0.2
1.125	3.9	-5.61848656186234e-30	0.79999994406088	-3.16605527973098e-05	35.9200202083087	0.2
1.275	3.9	-3.51918889018146e-29	0.800000373191841	-3.13119392186806e-05	35.8960202044253	0.2
1.425	3.9	2.79596977565117e-29	0.800000915956384	-3.10129012127129e-05	35.8720201859172	0.2
1.575	3.9	1.82437257616441e-29	0.800001564776922	-3.07808334684228e-05	35.8480201494679	0.2
1.725	3.9	1.21631225349292e-28	0.80000230978135	-3.06298656002385e-05	35.8240200920305	0.2
1.875	3.9	1.12940827446051e-28	0.800003139764256	-3.05707740297542e-05	35.800020010881	0.2
2.025	3.9	2.06163704252654e-28	0.800004043037998	-3.06111361700132e-05	35.7760199036447	0.2
2.175	3.9	1.08873674432244e-28	0.800005008131606	-3.075565820246e-05	35.7520197682988	0.2
2.325	3.9	8.1111932596826e-29	0.800006024322309	-3.10066051624054e-05	35.7280196031568	0.2
2.475	3.9	-2.11788011707452e-28	0.800007082000683	-3.13642769703856e-05	35.7040194068394	0.2
2.625	3.9	-4.02157777578773e-28	0.800008172890163	-3.1827483681192e-05	35.6800191782367	0.2
2.775	3.9	-8.13167937708468e-28	0.800009290142101	-3.23939875358949e-05	35.656018916466	0.2
2.925	3.9	-9.02581925430423e-28	0.800010428338637	-3.30608910864467e-05	35.6320186208282	0.2
3.075	3.9	-9.83486237023955e-28	0.800011583421019	-3.38249653611295e-05	35.6080182907657	0.2
3.225	3.9	-3.86072390326507e-28	0.800012752581899	-3.46829112254963e-05	35.5840179258229	0.2
3.375	3.9	4.01572311585751e-28	0.800013934123669	-3.56315618762627e-05	35.5600175256108	0.2
3.525	3.9	1.93628419559268e-27	0.80001512731224	-3.66680288497256e-05	35.5360170897755	0.2
3.675	3.9	3.22358334475184e-27	0.800016332228868	-3.77898044594818e-05	35.5120166179721	0.2
3.825	3.9	4.49714521119045e-27	0.800017549632192	-3.899482520925e-05	35.4880161098418	0.2
3.975	3.9	4.20827810514899e-27	0.800018780831053	-4.02815043932685e-05	35.4640155649941	0.2
4.125	3.9	2.66665246529256e-27	0.800020027575208	-4.16487458229896e-05	35.4400149829919	0.2
4.275	3.9	-1.44936376464078e-27	0.800021291959722	-4.30959378573405e-05	35.4160143633396	0.2
4.425	3.9	-6.51599965996738e-27	0.800022576346144	-4.4622939110245e-05	35.3920137054743	0.2
4.575	3.9	-1.24448811909856e-26	0.800023883298718	-4.62300562098958e-05	35.3680130087589	0.2
4.725	3.9	-1.55381508739941e-26	0.800025215533508	-4.79180169013906e-05	35.3440122724764	0.2
4.875	3.9	-1.48837553700039e-26	0.800026575876353	-4.96879443654676e-05	35.3200114958269	0.2
5.025	3.9	-6.92082829675075e-27	0.800027967235888	-5.15413294732457e-05	35.2960106779238	0.2
5.175	3.9	5.97569106441441e-27	0.800029392580182	-5.34800052775268e-05	35.2720098177927	0.2
5.325	3.9	2.25086755540167e-26	0.800030854920651	-5.55061232259537e-05	35.248008914369	0.2
5.475	3.9	3.33955485973075e-26	0.800032357305485	-5.76221322928083e-05	35.2240079664974	0.2
5.625	3.9	3.32479206798584e-26	0.800033902810836	-5.98307613363974e-05	35.2000069729307	0.2
5.775	3.9	1.32115942003192e-26	0.800035494542855	-6.21350033779784e-05	35.1760059323288	0.2
5.925	3.9	-2.10473777088333e-26	0.800037135634875	-6.45381026858425e-05	35.1520048432581	0.2
6.075	3.9	-5.8748433213729e-26	0.800038829253527	-6.70435453736185e-05	35.1280037041907	0.2
6.225	3.9	-6.75990329777563e-26	0.800040578601742	-6.96550505194031e-05	35.1040025135029	0.2
6.375	3.9	-1.88312684574076e-26	0.800042386924999	-7.23765660534895e-05	35.0800012694746	0.2
6.525	3.9	1.14908872537504e-25	0.800044257517178	-7.5212264371342e-05	35.0559999702874	0.2
6.675	3.9	3.11403362375907e-25	0.800046193728706	-7.81665409700137e-05	35.0319986140236	0.2
6.825	3.9	4.97821668816086e-25	0.800048198973411	-8.12440150536003e-05	35.0079971986637	0.2
6.975	3.9	5.13790369140099e-25	0.80005027673636	-8.44495298437242e-05	34.9839957220852	0.2
7.125	3.9	1.69906788895297e-25	0.800052430582156	-8.77881565619909e-05	34.9599941820595	0.2
7.275	3.9	-7.04985038577868e-25	0.800054664162688	-9.126519806584e-05	34.9359925762502	0.2
7.425	3.9	-2.08989332647505e-24	0.800056981225439	-9.48861943647487e-05	34.9119909022098	0.2
7.575	3.9	-3.65494532535992e-24	0.800059385621773	-9.8656928059166e-05	34.8879891573767	0.2
7.725	3.9	-4.60226711507501e-24	0.800061881314186	-0.000102583432098648	34.8639873390725	0.2
7.875	3.9	-3.75726039692257e-24	0.800064472386124	-0.000106671997645798	34.8399854444978	0.2
8.025	3.9	1.86012047578582e-25	0.800067163049143	-0.000110929182855551	34.8159834707293	0.2
8.175	3.9	7.96987621045602e-24	0.800069957650376	-0.000115361822095123	34.7919814147149	0.2
8.325	3.9	1.89249568640239e-23	0.800072860682792	-0.000119977036918692	34.7679792732703	0.2
8.475	3.9	2.99248960366583e-23	0.800075876791883	-0.000124782246418683	34.7439770430739	0.2
8.625	3.9	3.48947661108338e-23	0.800079010784421	-0.000129785179036437	34.7199747206627	0.2
8.775	3.9	2.52176486458251e-23	0.800082267638075	-0.000134993885293878	34.6959723024269	0.2
8.925	3.9	-7.88488211838683e-24	0.800085652507853	-0.000140416751135172	34.6719697846045	0.2
9.075	3.9	-6.88548673857983e-23	0.800089170737329	-0.000146062510359944	34.6479671632764	0.2
9.225	3.9	-1.51040962547402e-22	0.80009282786565	-0.000151940260419598	34.6239644343602	0.2
9.375	3.9	-2.29708607594258e-22	0.800096629637463	-0.0001580594774973	34.5999615936044	0.2
9.525	3.9	-2.580000948188e-22	0.800100582012796	-0.00016443003166871	34.575958636582	0.2
9.675	3.9	-1.71766683798367e-22	0.800104691175023	-0.000171062204491734	34.5519555586837	0.2
9.825	3.9	9.10781080039449e-23	0.80010896354229	-0.000177966705693307	34.5279523551115	0.2
9.975	3.9	5.52917296757426e-22	0.800113405776499	-0.000185154692456911	34.5039490208711	0.2
10.125	3.9	1.1453444873131e-21	0.800118024794307	-0.000192637786993637	34.4799455507649	0.2
10.275	3.9	1.66159445457197e-21	0.800122827776873	-0.000200428098564941	34.4559419393835	0.2
10.425	3.9	1.74509855441697e-21	0.800127822182146	-0.00020853824263972	34.4319381810983	0.2
10.575	3.9	9.54937663651363e-22	0.800133015754202	-0.00021698136380553	34.4079342700526	0.2
10.725	3.9	-1.05831165157839e-21	0.800138416537351	-0.000225771158278585	34.383930200153	0.2
10.875	3.9	-4.26941872913158e-21	0.800144032885596	-0.000234921898031486	34.3599259650603	0.2
11.025	3.9	-7.95653692059788e-21	0.800149873477259	-0.000244448455409323	34.3359215581799	0.2
11.175	3.9	-1.04942644047233e-20	0.80015594732583	-0.000254366330335904	34.3119169726517	0.2
11.325	3.9	-9.48220709178194e-21	0.800162263794476	-0.000264691676295217	34.2879122013403	0.2
11.475	3.9	-2.43022767631939e-21	0.800168832609815	-0.00027544133027217	34.263907236824	0.2
11.625	3.9	1.19098794663846e-20	0.800175663874661	-0.000286632841930689	34.2399020713837	0.2
11.775	3.9	3.17650043369466e-20	0.800182768084165	-0.000298284505580853	34.2158966969915	0.2
11.925	3.9	5.07434215950966e-20	0.800190156140396	-0.000310415392389819	34.1918911052987	0.2
12.075	3.9	5.74821593416959e-20	0.800197839366528	-0.000323045386003781	34.1678852876231	0.2
12.225	3.9	3.78087712048329e-20	0.800205829526956	-0.000336195217463987	34.1438792349367	0.2
12.375	3.9	-1.96495969773343e-20	0.800214138838254	-0.000349886503159523	34.1198729378515	0.2
12.525	3.9	-1.14642060766733e-19	0.800222779992176	-0.000364141785329172	34.0958663866064	0.2
12.675	3.9	-2.2548429759643e-19	0.80023176616925	-0.000378984572260022	34.071859571052	0.2
12.825	3.9	-3.03000166811076e-19	0.800241111060005	-0.000394439382850209	34.0478524806362	0.2
12.975	3.9	-2.74815037007991e-19	0.800250828882746	-0.000410531791800398	34.0238451043884	0.2
13.125	3.9	-6.64869113095261e-20	0.800260934403665	-0.000427288477644777	33.9998374309033	0.2
13.275	3.9	3.58147619301458e-19	0.800271442957413	-0.000444737272523069	33.9758294483242	0.2
13.425	3.9	9.43690344219144e-19	0.800282370468076	-0.000462907215674394	33.9518211443258	0.2
13.575	3.9	1.49614077240947e-18	0.800293733472303	-0.000481828608033707	33.9278125060961	0.2
13.725	3.9	1.67386693894732e-18	0.800305549139953	-0.000501533070419284	33.9038035203175	0.2
13.875	3.9	1.0543738997267e-18	0.800317835298918	-0.000522053604659452	33.8797941731477	0.2
14.025	3.9	-6.96237935019367e-19	0.800330610459814	-0.000543424657906731	33.8557844501995	0.2
14.175	3.9	-3.55873479090122e-18	0.800343893840271	-0.000565682189798728	33.8317743365201	0.2
14.325	3.9	-6.8693662659099e-18	0.80035770539104	-0.000588863742452704	33.8077638165691	0.2
14.475	3.9	-9.14262944065979e-18	0.800372065823547	-0.000613008516473613	33.7837528741966	0.2
14.625	3.9	-8.20581944062417e-18	0.800386996637379	-0.000638157447598585	33.7597414926197	0.2
14.775	3.9	-1.83530570222732e-18	0.800402520150454	-0.000664353289692458	33.7357296543984	0.2
14.925	3.9	1.10350304221058e-17	0.80041865952669	-0.000691640702405994	33.7117173414107	0.2
15.075	3.9	2.87252265972771e-17	0.800435438809266	-0.000720066340001714	33.6877045348268	0.2
15.225	3.9	4.54085987088703e-17	0.800452882952653	-0.000749678949710433	33.6636912150821	0.2
15.375	3.9	5.08459614268746e-17	0.800471017854629	-0.000780529471417158	33.6396773618496	0.2
15.525	3.9	3.23693688943331e-17	0.800489870393081	-0.000812671144950724	33.6156629540109	0.2
15.675	3.9	-2.00821907577327e-17	0.800509468461203	-0.000846159621505234	33.591647969626	0.2
15.825	3.9	-1.06101287085159e-16	0.800529841004655	-0.00088105308336701	33.5676323859032	0.2
15.975	3.9	-2.06122834088858e-16	0.800551018061621	-0.000917412367400922	33.5436161791658	0.2
16.125	3.9	-2.76064308900169e-16	0.800573030803081	-0.000955301097563177	33.5195993248195	0.2
16.275	3.9	-2.51116191631341e-16	0.800595911576161	-0.000994785823141883	33.4955817973176	0.2
16.425	3.9	-6.43297488433159e-17	0.800619693946792	-0.00103593616610218	33.4715635701249	0.2
16.575	3.9	3.17820852816751e-16	0.800644412748283	-0.00107882497513418	33.4475446156808	0.2
16.725	3.9	8.48337216906524e-16	0.80067010412855	-0.00112352848999892	33.42352490536	0.200000000000001
16.875	3.9	1.35750866298204e-15	0.800696805601555	-0.00117012651308497	33.3995044094331	0.200000000000001
17.025	3.9	1.54325737094798e-15	0.800724556100341	-0.00121870259290662	33.3754830970239	0.200000000000001
17.175	3.9	1.02688826958173e-15	0.800753396034597	-0.00126934421584695	33.351460936067	0.200000000000001
17.325	3.9	-5.01436336733658e-16	0.80078336734862	-0.00132214301112982	33.3274378932619	0.2
17.475	3.9	-3.05238869251399e-15	0.800814513585277	-0.00137719496568368	33.3034139340261	0.199999999999998
17.625	3.9	-6.07828513720221e-15	0.800846879951317	-0.00143460065228477	33.2793890224467	0.199999999999995
17.775	3.9	-8.30399157069213e-15	0.800880513388923	-0.00149446547060917	33.255363121229	0.199999999999993
17.925	3.9	-7.81716858139491e-15	0.800915462650112	-0.0015568999025318	33.2313361916434	0.199999999999994
18.075	3.9	-2.58625232180841e-15	0.800951778376175	-0.00162201978277581	33.20730819347	0.199999999999998
18.225	3.9	8.5196187186632e-15	0.800989513184921	-0.00168994658388546	33.1832790849408	0.200000000000007
18.375	3.9	2.43482057672419e-14	0.801028721760168	-0.00176080771989677	33.1592488226789	0.200000000000019
18.525	3.9	4.01743868405001e-14	0.801069460952265	-0.00183473686658023	33.1352173616352	0.200000000000032
18.675	3.9	4.72876934611282e-14	0.80111178988258	-0.00191187430087814	33.1111846550218	0.200000000000038
18.825	3.9	3.44170342789524e-14	0.801155770058754	-0.00199236726097801	33.0871506542423	0.200000000000028
18.975	3.9	-8.25051463297599e-15	0.801201465500739	-0.00207637032678039	33.0631153088183	0.199999999999993
19.125	3.9	-8.24838675093557e-14	0.801248942873275	-0.00216404582354545	33.0390785663122	0.199999999999934
19.275	3.9	-1.74301305037962e-13	0.801298271634966	-0.00225556425007123	33.0150403722459	0.199999999999861
19.425	3.9	-2.48398738918882e-13	0.801349524198853	-0.00235110473110551	32.9910006700142	0.199999999999801
19.575	3.9	-2.49510081192309e-13	0.801402776108485	-0.00245085549689427	32.966959400794	0.1999999999998
19.725	3.9	-1.15717263583648e-13	0.801458106231509	-0.00255501439208764	32.9429165034477	0.199999999999907
19.875	3.9	1.93577579547903e-13	0.8015155969723	-0.00266378941310397	32.9188719144201	0.200000000000155
20.025	3.9	6.57966042183679e-13	0.80157533450798	-0.00277739927893131	32.8948255676293	0.200000000000526
20.175	3.9	1.15630549730487e-12	0.801637409046511	-0.0028960740339235	32.8707773943495	0.200000000000925
20.325	3.9	1.44823699338546e-12	0.801701915115292	-0.00302005568605793	32.8467273230863	0.200000000001159
20.475	3.9	1.20433386592702e-12	0.801768951879325	-0.0031495988829322	32.8226752794423	0.200000000000963
20.625	3.9	1.08734470572087e-13	0.801838623496216	-0.0032849716247717	32.7986211859733	0.200000000000087
20.775	3.9	-1.9609802766583e-12	0.801911039509385	-0.00342645601980686	32.7745649620325	0.199999999998431
20.925	3.9	-4.70902737949662e-12	0.801986315288251	-0.00357434908082769	32.7505065236031	0.199999999996233
21.075	3.9	-7.2342242259168e-12	0.802064572517265	-0.00372896356504349	32.7264457831162	0.199999999994213
21.225	3.9	-8.00986703010741e-12	0.802145939744934	-0.00389062886217314	32.7023826492535	0.199999999993592
21.375	3.9	-5.17710422496392e-12	0.802230552993045	-0.00405969192691283	32.678317026733	0.199999999995858
21.525	3.9	2.74803571883501e-12	0.802318556444358	-0.00423651826281924	32.6542488160749	0.200000000002198
21.675	3.9	1.57894711985182e-11	0.80241010320809	-0.00442149295481648	32.6301779133458	0.200000000012632
21.825	3.9	3.13088451389301e-11	0.802505356180391	-0.00461502175220084	32.6061042098793	0.200000000025047
21.975	3.9	4.32171450552496e-11	0.802604489006892	-0.0048175322026065	32.582027591969	0.200000000034574
22.125	3.9	4.23405749233937e-11	0.802707687163393	-0.00502947483552479	32.5579479405306	0.200000000033872
22.275	3.9	1.86750270964017e-11	0.802815149165932	-0.00525132439267426	32.533865130731	0.20000000001494
22.425	3.9	-3.41240701194462e-11	0.802927087927212	-0.00548358110582989	32.5097790315771	0.199999999972701
22.575	3.9	-1.12538878143225e-10	0.803043732275457	-0.00572677201600426	32.4856895054619	0.199999999909969
22.725	3.9	-1.97078851656437e-10	0.80316532865919	-0.0059814523344756	32.4615964076622	0.199999999842337
22.875	3.9	-2.49437061824577e-10	0.803292143058436	-0.00624820684165195	32.4374995857804	0.19999999980045
23.025	3.9	-2.1691693604022e-10	0.803424463129363	-0.00652765132105724	32.4133988791268	0.199999999826466
23.175	3.9	-4.75950891657857e-11	0.803562600617519	-0.00682043402251937	32.3892941180344	0.199999999961924
23.325	3.9	2.82995266293094e-10	0.803706894063449	-0.0071272371458063	32.3651851230989	0.200000000226396
23.475	3.9	7.37995712776624e-10	0.803857711847668	-0.00744877832487126	32.341071704336	0.200000000590397
23.625	3.9	1.18937574222015e-09	0.80401545559183	-0.0077858120842104	32.3169536602457	0.200000000951501
23.775	3.9	1.40987912727799e-09	0.804180563965418	-0.00813913122664885	32.292830776771	0.200000001127903
23.925	3.9	1.10736140694311e-09	0.804353516912265	-0.00850956809657216	32.2687028261357	0.200000000885889
24.075	3.9	1.70664959218783e-11	0.804534840336936	-0.00889799566618992	32.2445695655425	0.200000000013653
24.225	3.9	-1.94889312922842e-09	0.804725111286191	-0.00930532838979467	32.2204307357122	0.199999998440885
24.375	3.9	-4.52351174739168e-09	0.804924963681826	-0.00973252280271991	32.1962860592417	0.199999996381191
24.525	3.9	-6.94170512574293e-09	0.805135094690752	-0.0101805778603559	32.1721352387651	0.199999994446636
24.675	3.9	-7.9253827864427e-09	0.805356271849647	-0.0106505350571355	32.1479779549017	0.199999993659694
24.825	3.9	-5.89814741641315e-09	0.805589341099463	-0.0111434783645865	32.123813863986	0.199999995281482
24.975	3.9	5.0240003430168e-10	0.805835235883343	-0.0116605339941009	32.0996425955761	0.20000000040192
25.125	3.9	1.16349962406953e-08	0.806094987449422	-0.0122028698841813	32.0754637497358	0.200000009307997
25.275	3.9	2.59486255576273e-08	0.806369736399484	-0.0127716946216294	32.0512768940782	0.2000000207589
25.425	3.9	3.92863236104079e-08	0.80666074540042	-0.0133682552595806	32.02708156053	0.200000031429059
25.575	3.9	4.48579013779568e-08	0.806969412784341	-0.0139938332480467	32.0028772417484	0.200000035886321
25.725	3.9	3.4360027692384e-08	0.807297286642212	-0.0146497375555599	31.9786633870752	0.200000027488022
25.875	3.9	5.45168567808061e-10	0.807646078946814	-0.0153372941469638	31.9544393978925	0.200000000436135
26.025	3.9	-5.88829862488536e-08	0.808017679432328	-0.0160578314158302	31.9302046222327	0.199999952893611
26.175	3.9	-1.36816683909398e-07	0.808414169375084	-0.0168126619636486	31.9059583485454	0.199999890546653
26.325	3.9	-2.13238372025096e-07	0.808837836120488	-0.0176030621604024	31.8816997986153	0.199999829409302
26.475	3.9	-2.54737586157675e-07	0.809291190012825	-0.0184302519089281	31.8574281197723	0.199999796209931
26.625	3.9	-2.19196644551903e-07	0.80977698603593	-0.0192953774784924	31.8331423766922	0.199999824642684
26.775	3.9	-6.70350023728968e-08	0.810298252542945	-0.0201994996129291	31.8088415432102	0.199999946371998
26.925	3.9	2.21358968971778e-07	0.810858328498197	-0.0211435869067012	31.784524494576	0.200000177087175
27.075	3.9	6.25020122964192e-07	0.81146090837785	-0.022128510595998	31.7601900004225	0.200000500016098
27.225	3.9	1.06461056212612e-06	0.81211009031024	-0.0231550319714	31.7358367183503	0.20000085168845
27.375	3.9	1.39577336118214e-06	0.812810418783691	-0.0242237688924211	31.7114631875045	0.200001116618689
27.525	3.9	1.42247500973917e-06	0.813566909540532	-0.025335125328936	31.6870678209435	0.200001137980008
27.675	3.9	9.36691925115582e-07	0.814385042808471	-0.0264891696756699	31.6626488951852	0.20000074935354
27.825	3.9	-2.1524719280015e-07	0.815270713651205	-0.0276854554627189	31.6382045352963	0.199999827802246
27.975	3.9	-2.04848969250866e-06	0.816230136169378	-0.0289227922736124	31.6137326944825	0.199998361208246
28.125	3.9	-4.35691608806772e-06	0.81726971150295	-0.0301989932262389	31.5892311284155	0.19999651446713
28.275	3.9	-6.65975248163803e-06	0.818395885945497	-0.031510643702753	31.5646973663784	0.199994672198015
28.425	3.9	-8.20864347301645e-06	0.819615040672968	-0.0328529475893639	31.5401286833341	0.199993433085222
28.575	3.9	-8.08065036245739e-06	0.82093346253397	-0.0342197049909779	31.5155220786407	0.19999353547971
28.725	3.9	-5.36658105062452e-06	0.822357439626809	-0.0356034539850982	31.4908742676644	0.19999570673516
28.875	3.9	5.61089772990521e-07	0.823893501440126	-0.0369957678227112	31.4661816914425	0.200000448871818
29.025	3.9	9.74586401107387e-06	0.82554878081943	-0.0383876440630664	31.4414405466312	0.200007796691209
29.175	3.9	2.13814213225109e-05	0.827331419890667	-0.0397698665101001	31.4166468336287	0.200017105137058
29.325	3.9	3.36664963938177e-05	0.82925088683376	-0.0411331825503306	31.3917964159526	0.200026933197115
29.475	3.9	4.38571970580725e-05	0.831318032303908	-0.0424681358222709	31.3668850801054	0.200035085757646
29.625	3.9	4.85623226502041e-05	0.833544711007318	-0.0437644392861948	31.3419085837875	0.20003884985812
29.775	3.9	4.42755334036468e-05	0.83594283777702	-0.0450098669597431	31.3168626825168	0.200035420426723
29.925	3.9	2.80767250112443e-05	0.838522840036159	-0.046188769151542	31.2917431306852	0.200022461380009
30.075	3.9	-1.61998649858636e-06	0.841291597453734	-0.0472804479223788	31.2665456618006	0.199998704010801
30.225	3.9	-4.442488749878e-05	0.84425009932707	-0.048257731494444	31.2412659619294	0.199964460090001
30.375	3.9	-9.75840063391466e-05	0.847391166452558	-0.0490861253097317	31.2158996572127	0.199921932794929
30.525	3.9	-0.000155941274019429	0.850697641774892	-0.0497238720352078	31.1904423379803	0.199875246980784
30.675	3.9	-0.000212271638736912	0.854141426460365	-0.0501231206768157	31.164889636836	0.19983018268901
30.825	3.9	-0.000257922113097494	0.857683617150567	-0.0502322054553592	31.1392373667927	0.199793662309522
30.975	3.9	-0.00028364221335273	0.861275803557981	-0.0499988062826988	31.113481711544	0.199773086229318
31.125	3.9	-0.000280486583167266	0.86486235730943	-0.0493735523225783	31.0876194491813	0.199775610733466
31.275	3.9	-0.000240740729251936	0.868383344862632	-0.0483134833603135	31.0616481898544	0.199807407416598
31.425	3.9	-0.000158931192195461	0.871777589480946	-0.046784732039297	31.0355666217471	0.199872855046244
31.575	3.9	-3.30677943990666e-05	0.874985422108163	-0.0447638486845855	31.009374787122	0.199973545764481
31.725	3.9	0.000133770236638319	0.87795078196596	-0.042237366934535	30.9830744405417	0.200107016189311
31.875	3.9	0.000331644653070304	0.880622485532485	-0.0391995161417928	30.9566695537199	0.200265315722456
32.025	3.9	0.000542401759172586	0.882954579223058	-0.0356484454738307	30.9301669985125	0.200433921407338
32.175	3.9	0.000740011553386211	0.884905650398972	-0.0315819293631377	30.9035773390984	0.200592009242709
32.325	3.9	0.000894306778900945	0.886436799883635	-0.0269941757166977	30.8769154977914	0.200715445423121
32.475	3.9	0.000979590272828772	0.887507808599005	-0.0218757894915434	30.85020087196	0.200783672218263
32.625	3.9	0.000988138421474265	0.88807111213927	-0.0162186867004054	30.8234563747115	0.200790510737179
32.775	3.9	0.000945730658460688	0.888063834045806	-0.0100262035864366	30.7967059963068	0.200756584526769
32.925	3.9	0.000922413072997108	0.887399545836446	-0.00332528808763322	30.7699709760621	0.200737930458398
33.075	3.9	0.00102822197873143	0.885963517499769	0.00382741186846225	30.7432655718105	0.200822577582985
33.225	3.9	0.00138304362166461	0.883617127724022	0.011358918280179	30.7165945328934	0.201106434897332
33.375	3.9	0.00205506186397388	0.880216756079834	0.0192273961933911	30.6899552446993	0.201644049491179
33.525	3.9	0.00297525818334773	0.875647222836529	0.0275105244895507	30.6633473915556	0.202380206546678
33.675	3.9	0.00385516523460099	0.869859292879164	0.0365228648015423	30.6367911449534	0.203084132187681
33.825	3.9	0.00415571265308306	0.862890266683675	0.0469280119872028	30.6103510056697	0.203324570122466
33.975	3.9	0.00316528246902906	0.854844943556304	0.0597968969921576	30.5841571071925	0.202532225975223
34.125	3.9	0.000230846504673537	0.845822292814862	0.0765541800053968	30.5584109108851	0.200184677203739
34.275	3.9	-0.00486237303882326	0.835776833669932	0.0987202129378792	30.5333609083948	0.196110101568941
34.425	3.9	-0.0114439782605577	0.824286961017547	0.12726899529308	30.5092396269631	0.190844817391554
34.575	3.9	-0.0176013782634837	0.810190736938763	0.161368878510952	30.4861676400287	0.185918897389213
34.725	3.9	-0.0200995083877131	0.791193509611635	0.196659710925841	30.4640506964171	0.18392039328983
34.875	3.9	-0.0147100554426481	0.764091684529961	0.22462893465238	30.4425126535919	0.188231955645881
35.025	3.9	0.00305344502437662	0.726641091425055	0.235873334220961	30.4209027547955	0.202442756019501
35.175	3.9	0.0369549674658876	0.680266935740049	0.226610022156957	30.3983816860363	0.22956397397271
35.325	3.9	0.0890428344901417	0.630171396191282	0.201500988636876	30.3740533204563	0.271234267592113
35.475	3.9	0.158843101617471	0.582179817337113	0.169303075786324	30.3471044629053	0.327074481293977
35.625	3.9	0.242939337706862	0.540043854527232	0.137233869379922	30.3169284719237	0.394351470165489
35.775	3.9	0.335221194017878	0.505113051973146	0.10904527839752	30.2832143365093	0.468176955214302
35.925	3.9	0.427994234971077	0.477197031252326	0.0858443587366004	30.2459837847102	0.542395387976862
36.075	3.9	0.513702462059368	0.455403921617463	0.0673862968924024	30.2055654958371	0.610961969647494
36.225	3.9	0.586553395752748	0.438647712384852	0.0529339192468079	30.1625134416292	0.669242716602199
36.375	3.9	0.643371546363112	0.425899666528969	0.0416778991387722	30.1174969598367	0.714697237090489
36.525	3.9	0.683526819597503	0.416288591634348	0.0329012290468212	30.0711966471454	0.746821455678003
36.675	3.9	0.708272083939747	0.409119282192563	0.0260238105341887	30.0242289842408	0.766617667151797
36.825	3.9	0.719937153933773	0.403852997358923	0.020598680575545	29.977105226235	0.775949723147019
36.975	3.9	0.721262918018946	0.400076518905932	0.0162923025360253	29.9302180977929	0.777010334415156
37.125	3.9	0.714959435891628	0.397473164285148	0.0128621059775373	29.883846149311	0.771967548713302
37.275	3.9	0.703457544061745	0.395800459407407	0.0101359292853698	29.8381671824992	0.762766035249396
37.425	3.9	0.688792410633949	0.394874669675212	0.00799454158397928	29.7932752051594	0.751033928507159
37.575	3.9	0.67256730984006	0.394560606874137	0.00635716524382077	29.7491979001689	0.738053847872048
37.725	3.9	0.655964567512222	0.394764739600756	0.0051695967662223	29.7059131129227	0.724771654009778
37.875	3.9	0.639784637606898	0.39542987100515	0.00439456107429867	29.6633636121894	0.711827710085519
38.025	3.9	0.62450163048252	0.39653015602921	0.00400407957855029	29.6214697310496	0.699601304386016
38.175	3.9	0.610326656148425	0.398065826420715	0.00397377785762755	29.5801397078735	0.68826132491874
38.325	3.9	0.597271739557007	0.400057544181474	0.00427916334624681	29.5392777371205	0.677817391645605
38.475	3.9	0.585208427023074	0.402540722123991	0.00489395008988412	29.4987899195419	0.668166741618459
38.625	3.9	0.573917050370963	0.405560396139108	0.00579048017401685	29.4585884403194	0.65913364029677
38.775	3.9	0.563124791446018	0.409167314189164	0.00694217127084362	29.4185943694617	0.650499833156814
38.925	3.9	0.552532793831776	0.413415846032542	0.0083277005976523	29.3787394594354	0.642026235065421
39.075	3.9	0.541834228379069	0.418364136232916	0.00993634358209753	29.3389672237183	0.633467382703255
39.225	3.9	0.5307262047538	0.424076639269361	0.0117735876155377	29.2992334491165	0.62458096380304
39.375	3.9	0.518918665674742	0.430628819494382	0.0138659308023518	29.2595061648939	0.615134932539793
39.525	3.9	0.506142976780762	0.438113422312238	0.0162637377046471	29.2197650001677	0.60491438142461
39.675	3.9	0.492162007657916	0.446647392385745	0.01904119777131	29.1799998319384	0.593729606126333
39.825	3.9	0.476782320898585	0.456378286412906	0.0222927908649401	29.1402086660601	0.581425856718868
39.975	3.9	0.459867892794398	0.467488925186719	0.0261261271516249	29.1003947910887	0.567894314235518
40.125	3.9	0.4413538040479	0.480199035965633	0.0306514966718595	29.0605633752856	0.55308304323832
40.275	3.9	0.421257731900864	0.494762713650462	0.0359688620226118	29.0207178078371	0.537006185520691
40.425	3.9	0.399686945438412	0.511460652041403	0.0421533301546621	28.980856184007	0.51974955635073
40.575	3.9	0.376838870767629	0.530586284392539	0.0492403682069014	28.9409683737403	0.501471096614103
40.725	3.9	0.352994084106443	0.552425307707445	0.0572122241128857	28.9010340782422	0.482395267285154
40.875	3.9	0.328501662342603	0.577228678296993	0.0659871915460458	28.8610221675503	0.462801329874082
41.025	3.9	0.303757971037503	0.605180183419688	0.0754134750630254	28.820891418255	0.443006376830002
41.175	3.9	0.279180981029626	0.636361147254282	0.0852693500241882	28.7805925634345	0.423344784823701
41.325	3.9	0.255182887116367	0.670716549673005	0.0952709258341974	28.7400713663687	0.404146309693094
41.475	3.9	0.232144034009564	0.708028380006719	0.10508800766775	28.6992722779144	0.385715227207651
41.625	3.9	0.210390904582914	0.747902735448158	0.114367338102425	28.6581421681295	0.368312723666331
41.775	3.9	0.190180254742571	0.789776298262889	0.122761081898014	28.6166336498553	0.352144203794056
41.925	3.9	0.171690526152425	0.832945018829235	0.129957126678262	28.5747076244114	0.33735242092194
42.075	3.9	0.15502061779285	0.876613429862471	0.135706986004479	28.5323348442762	0.32401649423428
42.225	3.9	0.140195143937704	0.919958176118545	0.139847111284017	28.4894964613086	0.312156115150163
42.375	3.9	0.127174610611303	0.962195694348074	0.142310353704721	28.4461836731689	0.301739688489042
42.525	3.9	0.115868597375846	1.00264290299668	0.143126013632206	28.4023966725851	0.292694877900676
42.675	3.9	0.106150042850599	1.04076168336564	0.142408991009175	28.3581431405477	0.284920034280479
42.825	3.9	0.0978690292382565	1.07618208786231	0.14034049141203	28.3134365162344	0.278295223390605
42.975	3.9	0.0908649245140265	1.10870405492857	0.137144037603502	28.2682942401825	0.272691939611221
43.125	3.9	0.084976244521893	1.13828139846799	0.133060863555263	28.2227361184764	0.267980995617514
43.275	3.9	0.0800480408633853	1.16499405898882	0.128328140980889	28.1767829054462	0.264038432690708
43.425	3.9	0.0759369472762486	1.18901496065604	0.123162242564282	28.1304551568476	0.260749557820999
43.575	3.9	0.0725142131527669	1.21057681302871	0.117747854950655	28.0837723678761	0.258011370522214
43.725	3.9	0.0696671346876099	1.22994253727426	0.112232611890428	28.036752382052	0.255733707750088
43.875	3.9	0.0672992937258115	1.24738129201779	0.106726216037913	27.9894110382631	0.253839434980649
44.025	3.9	0.0653299655108007	1.2631506913909	0.101302754205443	27.9417620133407	0.252263972408641
44.175	3.9	0.0636929870110417	1.27748487913837	0.0960049679465954	27.8938168149149	0.250954389608833
44.325	3.9	0.0623353061696816	1.29058761937427	0.0908494728914247	27.8455848819171	0.249868244935745
44.475	3.9	0.0612153696181442	1.30262938241692	0.0858322055553331	27.7970737558982	0.248972295694515
44.625	3.9	0.060301456091178	1.31374742485145	0.0809336395415427	27.7482892935832	0.248241164872942
44.775	3.9	0.0595700250591514	1.32404798756963	0.0761235193670415	27.69923589857	0.247656020047321
44.925	3.9	0.059004123271181	1.33360989518464	0.0713650030183702	27.6499167570973	0.247203298616945
45.075	3.9	0.0585918740124731	1.34248899439187	0.0666181922401516	27.6003340690227	0.246873499209979
45.225	3.9	0.0583250634530584	1.35072299828778	0.0618430762516344	27.5504892703884	0.246660050762447
45.375	3.9	0.058197834687299	1.35833640294644	0.0570019334319233	27.5003832480256	0.246558267749839
45.525	3.9	0.0582055024091078	1.36534521401472	0.0520612370330972	27.4500165492288	0.246564401927286
45.675	3.9	0.0583435087063631	1.37176127115935	0.0469931026052406	27.3993895901902	0.24667480696509
45.825	3.9	0.0586065510809953	1.3775959952142	0.0417763017761693	27.3485028651992	0.246885240864796
45.975	3.9	0.0589879237537719	1.38286341621596	0.0363968535713605	27.2973571544624	0.247190339003018
46.125	3.9	0.0594791173621943	1.38758237947365	0.0308481946732883	27.2459537222044	0.247583293889755
46.275	3.9	0.060069714584874	1.39177787918039	0.0251309277222971	27.1942944896464	0.248055771667899
46.425	3.9	0.0607475956051285	1.39548153890673	0.0192521551695692	27.1423821614613	0.248598076484103
46.575	3.9	0.0614994267792012	1.39873134328492	0.0132244270999282	27.090220281744	0.249199541423361
46.725	3.9	0.0623113527788204	1.40157081530136	0.00706436340423369	27.037813198665	0.249849082223056
46.875	3.9	0.0631697573602823	1.40404791195116	0.000791049791568267	26.9851659271819	0.250535805888226
47.025	3.9	0.0640619172390388	1.40621395254937	-0.00557565188184576	26.9322839161271	0.251249533791231
47.175	3.9	0.0649763641019862	1.40812287888195	-0.0120167011318159	26.8791727471853	0.251981091281589
47.325	3.9	0.0659028060998765	1.40983105537315	-0.0185151796455721	26.8258378142233	0.252722244879901
47.475	3.9	0.066831545757451	1.41139764887632	-0.0250570810277683	26.7722840464207	0.253465236605961
47.625	3.9	0.0677524522329998	1.41288541344177	-0.0316313874254885	26.7185157425181	0.2542019617864
47.775	3.9	0.068653678955098	1.41436147767416	-0.0382292753435421	26.6645365732579	0.254922943164078
47.925	3.9	0.0695204258565944	1.41589755111387	-0.0448423816953054	26.6103497853421	0.255616340685276
48.075	3.9	0.0703340891507731	1.4175688958622	-0.0514602017663957	26.5559586080176	0.256267271320618
48.225	3.9	0.0710720915930222	1.41945150194746	-0.0580668807882526	26.5013668314867	0.256857673274418
48.375	3.9	0.0717085355874388	1.42161717935694	-0.0646378816769721	26.4465795049828	0.257366828469951
48.525	3.9	0.0722155936835755	1.42412671028941	-0.0711372264822593	26.3916037000619	0.25777247494686
48.675	3.9	0.0725652998096822	1.42702171821111	-0.0775161679828892	26.336449304958	0.258052239847746
48.825	3.9	0.0727312064941809	1.4303163944776	-0.0837141971830029	26.2811298548531	0.258184965195345
48.975	3.9	0.0726893136056134	1.43399054889229	-0.0896631875654759	26.2256634484001	0.258151450884491
49.125	3.9	0.0724178300158432	1.43798549077194	-0.0952951901960062	26.1700738326278	0.257934264012675
49.275	3.9	0.0718957515191936	1.44220390045141	-0.100553915983802	26.1143917296332	0.257516601215355
49.425	3.9	0.071100926947531	1.44651406928767	-0.10540927834479	26.0586563986167	0.256880741558025
49.575	3.9	0.0700091596730264	1.45075771238715	-0.109873538212583	26.0029172475954	0.256007327738421
49.725	3.9	0.0685967570113372	1.45475917198243	-0.114016619886651	25.9472350170735	0.25487740560907
49.875	3.9	0.0668494581813044	1.45833257142738	-0.117977079559741	25.8916816745332	0.253479566545043
50.025	3.9	0.0647803846997595	1.46128282281953	-0.121964032708263	25.8363377646484	0.251824307759808
50.175	3.9	0.062458089430588	1.46339684675528	-0.126244143908027	25.7812857139439	0.24996647154447
50.325	3.9	0.0600426430514986	1.46442338414598	-0.131106885772484	25.7265977207726	0.248034114441199
50.475	3.9	0.0578231742739875	1.46404375203644	-0.136801869948018	25.6723176267678	0.24625853941919
50.625	3.9	0.0562453156893424	1.46184213843692	-0.14344696017046	25.618437737966	0.244996252551474
50.775	3.9	0.0559134266503015	1.45729229902782	-0.15091931831869	25.5648738730462	0.244730741320241
50.925	3.9	0.0575527169429866	1.44978510546682	-0.158765258489923	25.5114444705676	0.246042173554389
51.075	3.9	0.0619226808825236	1.43872026429904	-0.166188985690713	25.4578613894855	0.249538144706019
51.225	3.9	0.0696860543279852	1.42366365201875	-0.172177268549964	25.4037397949164	0.255748843462388
51.375	3.9	0.0812541636221201	1.40452705953605	-0.175758982199182	25.3486312897406	0.265003330897696
51.525	3.9	0.0966441598941372	1.38168724540051	-0.176303748326883	25.2920784901826	0.27731532791531
51.675	3.9	0.115389344156318	1.355971874592	-0.173713371488961	25.2336823742803	0.292311475325055
51.825	3.9	0.136536277102556	1.32850981380938	-0.168417510837089	25.1731686484343	0.309229021682044
51.975	3.9	0.158742316170364	1.30051682619612	-0.161206425939514	25.1104382372746	0.326993852936291
52.125	3.9	0.180460289609515	1.27310499189219	-0.153010060761012	25.0455903460925	0.344368231687612
52.275	3.9	0.200172066109224	1.24716634134106	-0.144718223052185	24.9789131628315	0.360137652887379
52.425	3.9	0.216618882380895	1.22333246030547	-0.137075593120594	24.9108448784134	0.373295105904716
52.575	3.9	0.228978619253508	1.20198441873882	-0.130636971745962	24.8419139567337	0.383182895402806
52.725	3.9	0.236956875691076	1.18328398703051	-0.125753151996971	24.7726709174731	0.389565500552861
52.875	3.9	0.240781728638505	1.16720681729107	-0.122566333107339	24.7036239711227	0.392625382910804
53.025	3.9	0.241112578987436	1.15357152332881	-0.121010993330496	24.6351884104007	0.392890063189949
53.175	3.9	0.238886575749618	1.14207043934158	-0.120831660453338	24.5676559345145	0.391109260599695
53.325	3.9	0.235131944593783	1.13231534554458	-0.121636694298418	24.5011861128758	0.388105555675027
53.475	3.9	0.230778827742846	1.12391132225639	-0.123001635290085	24.4358185716	0.384623062194277
53.625	3.9	0.226497164747345	1.11656138126744	-0.124614889287861	24.3715014485556	0.381197731797876
53.775	3.9	0.222588024227545	1.11018590816803	-0.126429994109973	24.3081293718145	0.378070419382036
53.925	3.9	0.218948539175414	1.10502476502918	-0.128770503555409	24.2455829129879	0.375158831340331
54.075	3.9	0.215120069554301	1.10168927983936	-0.132342337651979	24.1837614319795	0.372096055643441
54.225	3.9	0.210414602995516	1.10114880131052	-0.138141993172802	24.1226026423162	0.368331682396413
54.375	3.9	0.204097924511338	1.10465810443369	-0.147283939694035	24.0620850348131	0.36327833960907
54.525	3.9	0.195593716957771	1.1136389482343	-0.160783175656382	24.0022131337121	0.356474973566217
54.675	3.9	0.184664997484725	1.12951508255212	-0.179316983743324	23.942989710423	0.34773199798778
54.825	3.9	0.171531370848726	1.15347623507386	-0.202972784691563	23.8843825727883	0.337225096678981
54.975	3.9	0.156892846619987	1.18613673941539	-0.230991629367658	23.8262953699564	0.32551427729599
55.125	3.9	0.141850583710302	1.22708882366537	-0.26155419132645	23.768551239737	0.313480466968242
55.275	3.9	0.127737256579161	1.27445348032728	-0.291720694158567	23.7108948567204	0.302189805263329
55.425	3.9	0.115890456541125	1.32467965580986	-0.317685243657292	23.6530131850261	0.2927123652329
55.575	3.9	0.107418084664012	1.37290790381123	-0.335459379571687	23.5945698221522	0.285934467731209
55.725	3.9	0.103010461376615	1.41401367118868	-0.341891941445116	23.5352446778104	0.282408369101292
55.875	3.9	0.102844157426084	1.44398520342393	-0.335628956373831	23.4747710337223	0.282275325940867
56.025	3.9	0.106596015333995	1.46095155997938	-0.31749395689737	23.4129642596256	0.285276812267196
56.175	3.9	0.11355160252435	1.46535989573469	-0.29006425107847	23.3497383525503	0.29084128201948
56.325	3.9	0.122766564757931	1.45936728582371	-0.256728827224331	23.2851081144173	0.298213251806345
56.475	3.9	0.133233144128567	1.44591815547491	-0.220756368885591	23.2191775533851	0.306586515302853
56.625	3.9	0.144015858209909	1.42795655971891	-0.184727334479684	23.1521184118076	0.315212686567927
56.775	3.9	0.154339603208439	1.40796483464834	-0.150369710037877	23.0841445463381	0.323471682566751
56.925	3.9	0.163630221742117	1.38780120319977	-0.118655234709445	23.0154873855904	0.330904177393694
57.075	3.9	0.171517360545733	1.36872414204136	-0.0899962941428307	22.9463757816792	0.337213888436586
57.225	3.9	0.177812612909689	1.35149940382771	-0.0644424681546295	22.8770215485504	0.342250090327751
57.375	3.9	0.182474904607892	1.33652411455366	-0.0418351912081854	22.8076105437683	0.345979923686314
57.525	3.9	0.185572192259489	1.32393688644366	-0.0219144022835411	22.7382983952034	0.348457753807591
57.675	3.9	0.187245348320121	1.31370425617054	-0.00438558805628232	22.6692097216788	0.349796278656097
57.825	3.9	0.187677384123484	1.30568410167774	0.011041396827748	22.6004397371849	0.350141907298787
57.975	3.9	0.18706919037942	1.29967041927141	0.0246320163677581	22.5320573051719	0.349655352303536
58.125	3.9	0.185621801111446	1.29542409265349	0.0366182384952912	22.4641087216867	0.348497440889157
58.275	3.9	0.183524363958234	1.29269382023478	0.0471965111508207	22.3966217108256	0.346819491166587
58.425	3.9	0.1809466863637	1.29123032927604	0.0565295098267556	22.3296092977968	0.34475734909096
58.575	3.9	0.178035243445703	1.2907959884562	0.0647498025080368	22.26307336721	0.342428194756562
58.725	3.9	0.17491166613745	1.29117121479391	0.0719643126292355	22.1970078157594	0.33992933290996
58.875	3.9	0.171672915025086	1.29215856919386	0.0782589167665397	22.1314012762952	0.337338332020069
59.025	3.9	0.168392543366801	1.29358510762757	0.0837028009481287	22.0662394308288	0.334714034693441
59.175	3.9	0.165122635904145	1.29530335573422	0.0883523812910173	22.0015069491178	0.332098108723316
59.325	3.9	0.161896163212512	1.29719116257325	0.0922547043055714	21.9371890924307	0.32951693057001
59.475	3.9	0.158729605402494	1.29915063199152	0.095450296991967	21.8732730140423	0.326983684321995
59.625	3.9	0.155625767743023	1.30110630400503	0.0979754502722981	21.8097487743899	0.324500614194419
59.775	3.9	0.152576730590954	1.30300274853443	0.09986390909313	21.7466100756084	0.322061384472763
59.925	3.9	0.14956684841864	1.30480173198432	0.101147933251982	21.6838547136411	0.319653478734912
60.075	3.9	0.146575648765599	1.30647912127055	0.101858712742962	21.6214847518026	0.317260519012479
60.225	3.9	0.143580405967606	1.30802170009932	0.102026193191448	21.5595064404139	0.314864324774085
60.375	3.9	0.1405581146512	1.3094240872626	0.101678497246487	21.4979299409858	0.31244649172096
60.525	3.9	0.137486610314552	1.31068595999952	0.100841295965493	21.4367689517426	0.309989288251642
60.675	3.9	0.134344719575049	1.31180978363454	0.0995376372700175	21.3760403586281	0.307475775660039
60.825	3.9	0.131111586596901	1.31279921261315	0.097788795873012	21.3157640325209	0.304889269277521
60.975	3.9	0.127765684426925	1.31365823886835	0.0956165807704744	21.2559628408364	0.30221254754154
61.125	3.9	0.124284389232679	1.31439101270114	0.093047154955467	21.1966628316316	0.299427511386144
61.275	3.9	0.120645221179381	1.31500206275934	0.090115780651503	21.1378933918608	0.296516176943505
61.425	3.9	0.116829754254857	1.31549643768082	0.0868710867132081	21.0796870163358	0.293463803403885
61.575	3.9	0.112830606594883	1.31587914784552	0.0833766478572066	21.0220782154719	0.290264485275907
61.725	3.9	0.10866077937617	1.31615326844287	0.0797071401677576	20.9651011212764	0.286928623500936
61.875	3.9	0.104363034352139	1.31631621531864	0.075936437748331	20.9087856017837	0.283490427481711
62.025	3.9	0.100015348140699	1.31635401804365	0.0721161548933	20.8531522073028	0.280012278512559
62.175	3.9	0.0957273641375901	1.31623383632409	0.068245763616306	20.7982070154083	0.276581891310072
62.325	3.9	0.091622960344259	1.31589537808845	0.0642397905693534	20.7439382741469	0.273298368275407
62.475	3.9	0.0878063411240885	1.31524202115299	0.0599032592934469	20.6903173975136	0.270245072899271
62.625	3.9	0.0843139539065948	1.31413177782674	0.0549316626930796	20.637306971382	0.267451163125276
62.775	3.9	0.0810619429314108	1.3123659514559	0.0489533176402984	20.5848775757709	0.264849554345129
62.925	3.9	0.0778077588173575	1.30966882438556	0.0416280154377685	20.533033110169	0.262246207053886
63.075	3.9	0.0741527362685622	1.30564584085259	0.0328092404848294	20.4818408712646	0.25932218901485
63.225	3.9	0.0696165486884033	1.29970415390058	0.022776282484288	20.4314582289118	0.255693238950723
63.375	3.9	0.0638103463525368	1.29092540684372	0.0125532456476121	20.3821432018293	0.251048277082029
63.525	3.9	0.0567192669049428	1.27790894849418	0.00433778296034471	20.3342328491443	0.245375413523954
63.675	3.9	0.0490748930703896	1.25867708596502	0.00199232856134552	20.2880729708259	0.239259914456312
63.825	3.9	0.0427560453993866	1.23088161225643	0.0112484675609486	20.2438875575709	0.234204836319509
63.975	3.9	0.0411092404958793	1.1927353140592	0.0386100969099385	20.2015894428691	0.232887392396703
64.125	3.9	0.0490356789916157	1.14493478916263	0.0875158775133219	20.160555652439	0.239228543193293
64.275	3.9	0.0726458631875504	1.09242914364387	0.152523858835568	20.1194191183715	0.25811669055004
64.425	3.9	0.118247101746157	1.04289493524016	0.217890664225739	20.0759633938749	0.294597681396926
64.575	3.9	0.190520076329439	1.00157395614045	0.266231431776422	20.0272487894141	0.352416061063551
64.725	3.9	0.29014343401733	0.96859270306539	0.289517147057391	19.9700721693302	0.432114747213864
64.875	3.9	0.411833056440752	0.941535250983752	0.290494937920592	19.9016858321042	0.529466445152602
65.025	3.9	0.544324544408321	0.918425865451263	0.276590597034577	19.8205187726349	0.635459635526657
65.175	3.9	0.673265094260269	0.898271332621274	0.254718689805212	19.7265990623913	0.738612075408215
65.325	3.9	0.785891654756152	0.880497571071203	0.229584814415296	19.6214765566577	0.828713323804922
65.475	3.9	0.874673201079913	0.864617032575051	0.203930929621005	19.5076950417774	0.899738560863931
65.625	3.9	0.938051287467996	0.850238515522184	0.179215765427573	19.3880977712854	0.950441029974397
65.775	3.9	0.978835481118228	0.837126857612715	0.156156081324652	19.2652645706568	0.983068384894582
65.925	3.9	1.00193976684386	0.825183471748432	0.135058958586415	19.1412118869307	1.00155181347509
66.075	3.9	1.01261411885208	0.814382639820692	0.116008451691577	19.0173253698882	1.01009129508167
66.225	3.9	1.01545009906701	0.804717301443062	0.0989669684406352	18.8944316423317	1.01236007925361
66.375	3.9	1.01398939230323	0.796171754235521	0.0838289654743497	18.7729262685742	1.01119151384259
66.525	3.9	1.01069141381761	0.788714579714811	0.0704494588177008	18.6529070059044	1.00855313105409
66.675	3.9	1.00708031968618	0.782300606166033	0.0586610287654936	18.5342881009167	1.00566425574894
66.825	3.9	1.0039619227584	0.776874693869384	0.0482867120865288	18.4168874788493	1.00316953820672
66.975	3.9	1.00164709835146	0.772374662978634	0.0391514333942479	18.3004869925553	1.00131767868117
67.125	3.9	1.0001464099703	0.768733212908655	0.031091777210441	18.1848697574745	1.00011712797624
67.275	3.9	0.999319601984319	0.76587939932497	0.0239630008070313	18.0698400166402	0.999455681587455
67.425	3.9	0.998977077045323	0.763740072326499	0.0176426024954984	17.955231002362	0.999181661636258
67.575	3.9	0.998939246171738	0.762241359053847	0.012030607837385	17.8409054942903	0.99915139693739
67.725	3.9	0.999063978748818	0.761310095408866	0.00704738925716557	17.7267526467593	0.999251182999055
67.875	3.9	0.999253123376526	0.760875088753503	0.0026300775607543	17.6126834902585	0.999402498701221
68.025	3.9	0.999447513484522	0.760868144534701	-0.00127147230112039	17.4986265072979	0.999558010787617
68.175	3.9	0.999617310613461	0.761224846666647	-0.00469846748671764	17.3845239355605	0.999693848490768
68.325	3.9	0.999751935860046	0.761885116228381	-0.00768632047359027	17.2703289683476	0.999801548688037
68.475	3.9	0.999851728148201	0.762793584993162	-0.0102670021801323	17.1560037598316	0.999881382518561
68.625	3.9	0.999922020284872	0.763899818547031	-0.0124706273824887	17.0415180370555	0.999937616227898
68.775	3.9	0.999969489774605	0.765158416786691	-0.0143263892636733	16.9268481107631	0.999975591819684
68.925	3.9	1.00000027044915	0.766529012400475	-0.015862996730205	16.8119761148672	1.00000021635932
69.075	3.9	1.00001923612848	0.767976182518455	-0.0171087672968476	16.6968893573	1.00001538890279
69.225	3.9	1.0000299490297	0.769469285411927	-0.0180915071550243	16.5815797146295	1.00002395922376
69.375	3.9	1.0000349054824	0.770982232589203	-0.0188382810569395	16.4660430409218	1.00002792438592
69.525	3.9	1.00003585134105	0.772493206372296	-0.0193751456619838	16.350278586103	1.00002868107284
69.675	3.9	1.00003405141746	0.773984333530262	-0.0197268949637932	16.2342884322422	1.00002724113397
69.825	3.9	1.00003047340959	0.775441326320058	-0.0199168466859584	16.1180769607933	1.00002437872767
69.975	3.9	1.00002589041528	0.776853102930429	-0.019966683954269	16.0016503630774	1.00002071233222
70.125	3.9	1.00002092516932	0.778211399518534	-0.0198963563328302	15.8850162027959	1.00001674013545
70.275	3.9	1.00001606238957	0.779510385580064	-0.0197240375272817	15.7681830350267	1.00001284991165
70.425	3.9	1.00001165053343	0.780746293246531	-0.0194661328954381	15.6511600821446	1.00000932042675
70.575	3.9	1.00000790625295	0.781917069348928	-0.0191373277176256	15.5339569640012	1.00000632500236
70.725	3.9	1.00000492722076	0.783022056909549	-0.0187506664594409	15.4165834776674	1.00000394177661
70.875	3.9	1.00000271339607	0.784061710369274	-0.0183176535960546	15.2990494209952	1.00000217071686
71.025	3.9	1.00000119362051	0.785037346571346	-0.0178483676058157	15.1813644539807	1.00000095489641
71.175	3.9	1.00000025336877	0.78595093150723	-0.0173515811742026	15.0635379921525	1.00000020269502
71.325	3.9	0.99999975989089	0.786804901222913	-0.0168348822196467	14.9455791267541	0.999999807912712
71.475	3.9	0.999999582185684	0.787602014144251	-0.016304791863119	14.827496567145	0.999999665748547
71.625	3.9	0.999999604663339	0.788345231399204	-0.0157668767799269	14.7092986015075	0.999999683730671
71.775	3.9	0.999999734600792	0.789037621433264	-0.0152258544290826	14.5909930725444	0.999999787680634
71.925	3.9	0.999999904363919	0.78968228524519	-0.0146856904368269	14.472587365357	0.999999923491135
72.075	3.9	1.00000006981855	0.79028229881265	-0.0141496879416774	14.354088405118	1.00000005585484
72.225	3.9	1.00000020643302	0.79084066964666	-0.0136205690370757	14.2355026624936	1.00000016514642
72.375	3.9	1.00000030439559	0.791360304831601	-0.0131005486281489	14.1168361650663	1.00000024351647
72.525	3.9	1.00000036374846	0.791843988323629	-0.0125914011028322	13.9980945132559	1.00000029099877
72.675	3.9	1.00000039017911	0.792294365662563	-0.0120945202471186	13.879282899467	1.00000031214329
72.825	3.9	1.00000039178125	0.792713934582485	-0.0116109728377055	13.7604061293908	1.000000313425
72.975	3.9	1.00000037684278	0.793105040282833	-0.0111415463406312	13.6414686445829	1.00000030147423
73.125	3.9	1.00000035255042	0.793469874347531	-0.0106867911401853	13.5224745456044	1.00000028204033
73.275	3.9	1.00000032441352	0.793810476481266	-0.0102470577210982	13.4034276151712	1.00000025953082
73.425	3.9	1.00000029618583	0.794128738381073	-0.00982252922446101	13.2843313408855	1.00000023694866
73.575	3.9	1.00000027008264	0.794426409181206	-0.0094132497963122	13.1651889372387	1.00000021606612
73.725	3.9	1.00000024713272	0.794705102010691	-0.00901914913983399	13.0460033666699	1.00000019770618
73.875	3.9	1.00000022755247	0.794966301287678	-0.00864006367020757	12.9267773595349	1.00000018204197
74.025	3.9	1.00000021107556	0.79521137044688	-0.0082757546524404	12.8075134329046	1.00000016886045
74.175	3.9	1.00000019720725	0.795441559858494	-0.00792592367967974	12.6882139081545	1.0000001577658
74.325	3.9	1.00000018539784	0.795658014750288	-0.00759022582175317	12.5688809273381	1.00000014831827
74.475	3.9	1.00000017514515	0.795861782988405	-0.0072682807449604	12.4495164683668	1.00000014011612
74.625	3.9	1.00000016604221	0.796053822610733	-0.00695968207291427	12.33012235903	1.00000013283377
74.775	3.9	1.00000015778813	0.79623500903758	-0.00666400522949923	12.2107002899048	1.0000001262305
74.925	3.9	1.0000001501774	0.796406141908471	-0.00638081397569177	12.0912518262117	1.00000012014192
75.075	3.9	1.0000001430796	0.796567951515157	-0.00610966582644434	11.9717784186753	1.00000011446368
75.225	3.9	1.00000013641715	0.796721104815213	-0.00585011650949269	11.8522814134532	1.00000010913372
75.375	3.9	1.00000013014582	0.796866211023515	-0.00560172360693578	11.7327620611974	1.00000010411666
75.525	3.9	1.00000012423976	0.797003826786618	-0.00536404950138126	11.6132215253096	1.00000009939181
75.675	3.9	1.00000011868127	0.797134460952778	-0.00513666373204882	11.4936608894525	1.00000009494501
75.825	3.9	1.00000011345483	0.797258578953618	-0.00491914485148444	11.3740811643765	1.00000009076386
75.975	3.9	1.00000010854415	0.797376606817376	-0.00471108186146579	11.254483294118	1.00000008683532
76.125	3.9	1.00000010393124	0.797488934834955	-0.00451207529509721	11.1348681616219	1.00000008314499
76.275	3.9	1.00000009959667	0.797595920901101	-0.0043217380029786	11.0152365938406	1.00000007967733
76.425	3.9	1.00000009552029	0.797697893553531	-0.00413969569306689	10.8955893663543	1.00000007641623
76.575	3.9	1.00000009168207	0.797795154731995	-0.00396558726625392	10.775927207558	1.00000007334566
76.725	3.9	1.00000008806278	0.797887982279745	-0.00379906498416842	10.6562508024538	1.00000007045022
76.875	3.9	1.00000008464442	0.797976632207639	-0.00363979449942556	10.5365607960871	1.00000006771554
77.025	3.9	1.00000008141055	0.798061340741526	-0.0034874547748847	10.4168577966604	1.00000006512844
77.175	3.9	1.00000007834626	0.798142326171265	-0.00334173791354503	10.2971423783544	1.00000006267701
77.325	3.9	1.0000000754382	0.798219790519508	-0.00320234891783088	10.1774150838875	1.00000006035056
77.475	3.9	1.0000000726744	0.798293921046315	-0.00306900539400743	10.0576764268362	1.00000005813952
77.625	3.9	1.00000007004416	0.79836489160509	-0.00294143721457569	9.93792689374305	1.00000005603533
77.775	3.9	1.00000006753787	0.798432863863903	-0.00281938614972415	9.81816694603065	1.00000005403029
77.925	3.9	1.00000006514685	0.798497988405103	-0.00270260547688147	9.69839702174287	1.00000005211748
78.075	3.9	1.00000006286326	0.798560405715103	-0.00259085957590639	9.57861753712935	1.00000005029061
78.225	3.9	1.00000006067998	0.798620247075207	-0.00248392351593042	9.45882888808949	1.00000004854398
78.375	3.9	1.00000005859051	0.798677635363241	-0.00238158263914832	9.33903145148992	1.00000004687241
78.525	3.9	1.00000005658893	0.798732685775054	-0.00228363214534347	9.21922558636793	1.00000004527114
78.675	3.9	1.00000005466982	0.798785506474053	-0.00218987668072588	9.09941163503251	1.00000004373585
78.825	3.9	1.0000000528282	0.798836199176002	-0.00210012993339708	8.97958992407299	1.00000004226256
78.975	3.9	1.00000005105952	0.798884859675741	-0.00201421423775439	8.85976076528458	1.00000004084762
79.125	3.9	1.00000004935961	0.798931578321995	-0.00193196018912471	8.73992445651902	1.00000003948769
79.275	3.9	1.00000004772462	0.798976440445461	-0.00185320627000471	8.62008128246772	1.0000000381797
79.425	3.9	1.00000004615103	0.79901952674518	-0.00177779848864567	8.50023151538393	1.00000003692082
79.575	3.9	1.00000004463557	0.79906091363737	-0.00170559003050785	8.38037541575005	1.00000003570845
79.725	3.9	1.00000004317524	0.7991006735709	-0.00163644092304016	8.26051323289509	1.00000003454019
79.875	3.9	1.00000004176728	0.79913887531272	-0.00157021771381413	8.14064520556736	1.00000003341382
80.025	3.9	1.00000004040911	0.799175584206352	-0.00150679316210562	8.02077156246634	1.00000003232729
80.175	3.9	1.00000003909838	0.799210862406447	-0.00144604594385177	7.90089252273777	1.0000000312787
80.325	3.9	1.00000003783286	0.799244769091791	-0.00138786036959081	7.7810082964352	1.00000003026629
80.475	3.9	1.00000003661051	0.799277360658995	-0.00133212611533135	7.66111908495115	1.00000002928841
80.625	3.9	1.00000003542941	0.799308690898891	-0.00127873796592372	7.54122508142062	1.00000002834353
80.775	3.9	1.00000003428779	0.799338811157541	-0.00122759557044329	7.42132647109924	1.00000002743023
80.925	3.9	1.00000003318398	0.799367770483172	-0.00117860320942392	7.30142343171855	1.00000002654718
81.075	3.9	1.00000003211641	0.799395615760839	-0.00113166957322405	7.18151613382004	1.00000002569313
81.225	3.9	1.00000003108363	0.799422391835689	-0.00108670755133068	7.06160474107004	1.0000000248669
81.375	3.9	1.00000003008425	0.79944814162628	-0.00104363403193395	6.9416894105568	1.0000000240674
81.525	3.9	1.00000002911698	0.79947290622871	-0.00100236971146874	6.82177029307135	1.00000002329358
81.675	3.9	1.00000002818058	0.799496725012608	-0.000962838913585817	6.70184753337338	1.00000002254446
81.825	3.9	1.00000002727387	0.79951963570975	-0.000924969417060105	6.58192127044329	1.0000000218191
81.975	3.9	1.00000002639575	0.799541674495839	-0.000888692292299034	6.46199163772146	1.0000000211166
82.125	3.9	1.00000002554518	0.799562876066408	-0.000853941745901768	6.34205876333582	1.00000002043615
82.275	3.9	1.00000002472119	0.799583273707016	-0.000820654972841267	6.22212277031832	1.00000001977695
82.425	3.9	1.00000002392289	0.799602899358568	-0.000788772015853685	6.10218377681141	1.00000001913831
82.575	3.9	1.00000002314947	0.799621783677975	-0.00075823563160895	5.98224189626496	1.00000001851958
82.725	3.9	1.00000002240017	0.799639956094716	-0.000728991163187336	5.86229723762451	1.00000001792013
82.875	3.9	1.0000000216742	0.799657444863522	-0.000700986418494784	5.74234990551129	1.00000001733936
83.025	3.9	1.00000002097066	0.79967427711369	-0.000674171554150836	5.62240000039457	1.00000001677653
83.175	3.9	1.00000002028842	0.799690478895084	-0.00064849896454303	5.50244761875698	1.00000001623073
83.325	3.9	1.00000001962606	0.799706075221432	-0.000623923175523384	5.38249285325308	1.00000001570085
83.475	3.9	1.0000000189821	0.799721090110851	-0.000600400742453322	5.26253579286168	1.00000001518568
83.625	3.9	1.00000001835549	0.799735546624198	-0.000577890152041247	5.14257652303222	1.00000001468439
83.775	3.9	1.00000001774654	0.799749466901228	-0.000556351727526077	5.02261512582548	1.00000001419723
83.925	3.9	1.00000001715786	0.799762872195195	-0.000535747536567932	4.90265168004894	1.00000001372629
84.075	3.9	1.0000000165946	0.799775782906103	-0.000516041301379432	4.78268626138693	1.00000001327568
84.225	3.9	1.00000001606264	0.799788218613247	-0.000497198310625399	4.66271894252597	1.00000001285011
84.375	3.9	1.00000001556375	0.79980019810751	-0.000479185332813035	4.54274979327551	1.000000012451
84.525	3.9	1.00000001508799	0.799811739424143	-0.000461970531389621	4.4227788806845	1.00000001207039
84.675	3.9	1.00000001460675	0.799822859876553	-0.000445523381534371	4.30280626915375	1.0000000116854
84.825	3.9	1.00000001407365	0.799833576091136	-0.000429814588847456	4.18283202054373	1.00000001125892
84.975	3.9	1.00000001344304	0.799843904043415	-0.000414816009330918	4.06285619427626	1.00000001075443
85.125	3.9	1.00000001271151	0.799853859095086	-0.000400500569188438	3.94287884742797	1.00000001016921
85.275	3.9	1.00000001197384	0.799863456032901	-0.000386842182028093	3.82290003481285	1.00000000957907
85.425	3.9	1.00000001145996	0.799872709112487	-0.00037381566105447	3.70291980905336	1.00000000916797
85.575	3.9	1.00000001149546	0.799881632113757	-0.000361396625257502	3.58293822064273	1.00000000919636
85.725	3.9	1.00000001232714	0.799890238418595	-0.00034956140230594	3.46295531800695	1.00000000986172
85.875	3.9	1.00000001380863	0.799898541121421	-0.000338286935790586	3.34297114757736	1.0000000110469
86.025	3.9	1.00000001506414	0.799906553175836	-0.000327550709111563	3.2229857538798	1.00000001205132
86.175	3.9	1.00000001441208	0.799914287561206	-0.000317330699445976	3.10299917962769	1.00000001152966
86.325	3.9	1.00000000992592	0.799921757426621	-0.000307605370525014	2.98301146577593	1.00000000794074
86.475	3.9	1.00000000086803	0.799928976150034	-0.00029835370189595	2.86302265146316	1.00000000069442
86.625	3.9	0.999999989697377	0.799935957265732	-0.000289555238161084	2.74303277377259	0.999999991757902
86.775	3.9	0.99999998346541	0.7999427142907	-0.000281190131799745	2.62304186731057	0.999999986772328
86.925	3.9	0.999999992597012	0.799949260623833	-0.000273239156178534	2.50304996375149	0.999999994077609
87.075	3.9	1.0000000251727	0.799955609844995	-0.000265683686834046	2.38305709168064	1.00000002013816
87.225	3.9	1.00000007688231	0.799961776770557	-0.000258505686244282	2.26306327714709	1.00000006150585
87.375	3.9	1.00000012113683	0.799967779349786	-0.000251687766710094	2.14306854511868	1.00000009690947
87.525	3.9	1.00000010892897	0.799973640806518	-0.000245213426082787	2.02307292136458	1.00000008714318
87.675	3.9	0.999999989921536	0.79997939049891	-0.000239067533197328	1.90307643329469	0.999999991937229
87.825	3.9	0.99999975925322	0.799985061369992	-0.000233237078190863	1.78307910753556	0.999999807402576
87.975	3.9	0.999999514902585	0.799990682555302	-0.000227712115131563	1.66308096254803	0.999999611922068
88.125	3.9	0.999999482201326	0.799996268563074	-0.000222486746027922	1.54308199740688	0.999999585761061
88.275	3.9	0.999999942576297	0.800001811255638	-0.000217559964609714	1.42308218295715	0.999999954061038
88.425	3.9	1.0000010223935	0.800007285311474	-0.000212936210192	1.30308146668006	1.0000008179148
88.575	3.9	1.00000238233924	0.800012677187278	-0.000208625551539481	1.18307980275278	1.00000190587139
88.725	3.9	1.0000029939514	0.800018036393088	-0.000204643469774898	1.06307720786651	1.00000239516112
88.875	3.9	1.00000132801212	0.800023524518304	-0.000201010185977469	0.943073818813639	1.00000106240969
89.025	3.9	0.99999626402127	0.800029410255106	-0.00019774939770683	0.823069897429931	0.999997011217016
89.175	3.9	0.999988691527177	0.800035949761308	-0.000194886274791484	0.703065715053487	0.999990953221742
89.325	3.9	0.999983057446052	0.800043131769487	-0.000192444827669107	0.583061285888502	0.999986445956842
89.475	3.9	0.999987269254819	0.800050375343542	-0.000190445446934366	0.46305603081482	0.999989815403855
89.625	3.9	1.00000906999698	0.800056420708692	-0.000188904340453205	0.343048619976152	1.00000725599759
89.775	3.9	1.00004820921691	0.800049565456102	-0.000187837030457112	0.223037365364244	1.00003856737353
89.925	3.9	1.00008706161252	0.400084115824009	-0.000187286508914914	0.103024495682923	1.00006964929002
0.075	4.1	2.91127778135353e-30	0.399999937104094	-3.34371462774509e-05	36.088021451238	0.2
0.225	4.1	-1.30851137753861e-30	0.799999821791667	-3.33720013622684e-05	36.0640214550118	0.2
0.375	4.1	6.13132532792246e-30	0.799999737320749	-3.3246377102285e-05	36.0400214619305	0.2
0.525	4.1	-9.80864152915726e-30	0.79999970232586	-3.30692326549312e-05	36.0160214707726	0.2
0.675	4.1	2.5472518622476e-30	0.799999732760274	-3.28531239188445e-05	35.992021479791	0.2
0.825	4.1	-2.66972815935274e-29	0.799999841204163	-3.2613274254434e-05	35.9680214868069	0.2
0.975	4.1	-5.77020042568531e-30	0.800000036483249	-3.23665246051327e-05	35.9440214893187	0.2
1.125	4.1	-3.99975925004571e-29	0.800000323601107	-3.21302756096004e-05	35.9200214846179	0.2
1.275	4.1	5.18219813154056e-30	0.800000703951756	-3.1921525096887e-05	35.8960214699027	0.2
1.425	4.1	-1.57195210125056e-29	0.80000117575495	-3.17560724452975e-05	35.8720214423808	0.2
1.575	4.1	7.12299937294886e-29	0.800001734637163	-3.16479322653915e-05	35.8480213993574	0.2
1.725	4.1	6.74641721040268e-29	0.800002374284383	-3.16089691985696e-05	35.8240213383026	0.2
1.875	4.1	1.77831091894163e-28	0.80000308710331	-3.16487391552295e-05	35.8000212569003	0.2
2.025	4.1	1.36274801704006e-28	0.800003864830823	-3.17745059817008e-05	35.7760211530764	0.2
2.175	4.1	1.81711955087973e-28	0.800004699066291	-3.1991393804585e-05	35.7520210250105	0.2
2.325	4.1	-1.25662858832759e-29	0.800005581698429	-3.2302633139391e-05	35.7280208711324	0.2
2.475	4.1	-1.32287804017361e-28	0.80000650522731	-3.27098584146259e-05	35.7040206901085	0.2
2.625	4.1	-5.20088952959424e-28	0.800007462982684	-3.32134287099496e-05	35.6800204808188	0.2
2.775	4.1	-7.11232544181713e-28	0.800008449254018	-3.38127403201968e-05	35.6560202423296	0.2
2.925	4.1	-1.02458723127509e-27	0.800009459343053	-3.45065181033203e-05	35.6320199738636	0.2
3.075	4.1	-8.21433057958652e-28	0.800010489560107	-3.52930714954732e-05	35.608019674769	0.2
3.225	4.1	-4.85044162782098e-28	0.800011537179012	-3.61705110860073e-05	35.5840193444899	0.2
3.375	4.1	6.44132947094247e-28	0.800012600359365	-3.71369249446431e-05	35.5600189825383	0.2
3.525	4.1	1.82837206408202e-27	0.800013678058639	-3.81905161281032e-05	35.5360185884684	0.2
3.675	4.1	3.47121270591322e-27	0.80001476993198	-3.93297046444202e-05	35.5120181618548	0.2
3.825	4.1	4.22843407211199e-27	0.800015876236222	-4.0553201340156e-05	35.4880177022725	0.2
3.975	4.1	4.29510946886679e-27	0.800016997732596	-4.18600558767452e-05	35.4640172092806	0.2
4.125	4.1	2.08626220474846e-27	0.800018135606184	-4.32496840870351e-05	35.4400166824085	0.2
4.275	4.1	-1.51260842557234e-27	0.800019291384594	-4.47218830938149e-05	35.4160161211442	0.2
4.425	4.1	-7.17352695540737e-27	0.800020466874949	-4.62768302518924e-05	35.3920155249254	0.2
4.575	4.1	-1.20813240369882e-26	0.800021664107783	-4.79150791831499e-05	35.3680148931317	0.2
4.725	4.1	-1.54732172046334e-26	0.800022885289019	-4.96375478886352e-05	35.344014225079	0.2
4.875	4.1	-1.32511544568119e-26	0.800024132764133	-5.14455036905618e-05	35.3200135200144	0.2
5.025	4.1	-5.78574082734964e-27	0.800025408987091	-5.33405471002308e-05	35.2960127771131	0.2
5.175	4.1	8.23184869569445e-27	0.800026716498559	-5.53245954198004e-05	35.2720119954752	0.2
5.325	4.1	2.24924831300867e-26	0.800028057908286	-5.73998672597848e-05	35.2480111741232	0.2
5.475	4.1	3.25710559623586e-26	0.80002943588336	-5.95688678330414e-05	35.2240103120007	0.2
5.625	4.1	2.76320903966631e-26	0.800030853140339	-6.18343753578789e-05	35.2000094079702	0.2
5.775	4.1	6.25817758699666e-27	0.800032312439174	-6.4199429988395e-05	35.1760084608122	0.2
5.925	4.1	-3.10865992648165e-26	0.800033816583309	-6.66673241586769e-05	35.1520074692238	0.2
6.075	4.1	-6.31818186365904e-26	0.800035368417481	-6.92415950807934e-05	35.1280064318173	0.2
6.225	4.1	-6.46632369307621e-26	0.800036970832617	-7.19260188905109e-05	35.1040053471188	0.2
6.375	4.1	3.20784426141911e-27	0.80003862676553	-7.47246061211271e-05	35.0800042135673	0.2
6.525	4.1	1.52778772335831e-25	0.800040339205706	-7.76416007640887e-05	35.0560030295129	0.2
6.675	4.1	3.65475899360643e-25	0.800042111198743	-8.06814777803384e-05	35.032001793215	0.2
6.825	4.1	5.4129816135298e-25	0.800043945853601	-8.38489440404202e-05	35.0080005028409	0.2
6.975	4.1	5.21442423959088e-25	0.800045846346142	-8.71489413507643e-05	34.9839991564637	0.2
7.125	4.1	9.1750011426457e-26	0.800047815927988	-9.0586648038139e-05	34.9599977520601	0.2
7.275	4.1	-8.90449926271813e-25	0.800049857931008	-9.41674846326849e-05	34.9359962875081	0.2
7.425	4.1	-2.38977815314132e-24	0.800051975775801	-9.78971178928706e-05	34.9119947605843	0.2
7.575	4.1	-3.98637594388744e-24	0.800054172977446	-0.000101781468165898	34.8879931689615	0.2
7.725	4.1	-4.82108760730485e-24	0.800056453152627	-0.000105826715771112	34.8639915102056	0.2
7.875	4.1	-3.61253057232083e-24	0.800058820027388	-0.000110039309594464	34.8399897817724	0.2
8.025	4.1	9.27951443635505e-25	0.800061277442919	-0.000114425975599095	34.815987981004	0.2
8.175	4.1	9.45679836707651e-24	0.800063829364545	-0.000118993726672494	34.7919861051258	0.2
8.325	4.1	2.09527518016316e-23	0.800066479887358	-0.000123749872864902	34.7679841512421	0.2
8.475	4.1	3.18193985589257e-23	0.800069233244936	-0.000128702032536314	34.7439821163325	0.2
8.625	4.1	3.53528728355193e-23	0.800072093815561	-0.000133858144036976	34.7199799972474	0.2
8.775	4.1	2.26059429531467e-23	0.800075066130908	-0.000139226478860751	34.6959777907036	0.2
8.925	4.1	-1.49761239639804e-23	0.800078154882965	-0.000144815653670591	34.6719754932796	0.2
9.075	4.1	-8.04024032153989e-23	0.800081364932239	-0.000150634645700591	34.6479731014106	0.2
9.225	4.1	-1.64341421917886e-22	0.800084701315226	-0.000156692806802263	34.6239706113836	0.2
9.375	4.1	-2.38260337278054e-22	0.80008816925381	-0.000162999878338787	34.5999680193317	0.2
9.525	4.1	-2.51821642010033e-22	0.800091774161769	-0.000169566008272564	34.5759653212284	0.2
9.675	4.1	-1.39715633497471e-22	0.800095521654503	-0.000176401767871814	34.551962512882	0.2
9.825	4.1	1.55923672363047e-22	0.800099417557419	-0.000183518169358509	34.5279595899292	0.2
9.975	4.1	6.45573739637016e-22	0.800103467914874	-0.000190926684350907	34.5039565478286	0.2
10.125	4.1	1.24044445947772e-21	0.800107678999117	-0.000198639264356225	34.4799533818543	0.2
10.275	4.1	1.7084964615631e-21	0.800112057319928	-0.00020666835949181	34.4559500870886	0.2
10.425	4.1	1.67204641635253e-21	0.800116609634339	-0.000215026941172161	34.4319466584151	0.2
10.575	4.1	6.89192395559366e-22	0.800121342956459	-0.000223728524321261	34.4079430905105	0.2
10.725	4.1	-1.55079797908204e-21	0.80012626456768	-0.000232787189838521	34.3839393778377	0.2
10.875	4.1	-4.92805541354975e-21	0.800131382027044	-0.000242217609934569	34.3599355146365	0.2
11.025	4.1	-8.57176711096885e-21	0.800136703182609	-0.000252035073147138	34.3359314949161	0.2
11.175	4.1	-1.06879562229818e-20	0.8001422361826	-0.000262255510818351	34.3119273124455	0.2
11.325	4.1	-8.76900681323488e-21	0.800147989486738	-0.000272895526129237	34.2879229607451	0.2
11.475	4.1	-3.98071429627288e-22	0.800153971877562	-0.000283972421842486	34.2639184330763	0.2
11.625	4.1	1.52941715321919e-20	0.800160192473783	-0.00029550423195654	34.2399137224324	0.2
11.775	4.1	3.57929609538676e-20	0.800166660742423	-0.000307509753212541	34.2159088215279	0.2
11.925	4.1	5.37038759001278e-20	0.800173386512613	-0.000320008579233806	34.1919037227879	0.2
12.075	4.1	5.67488285190285e-20	0.80018037998691	-0.000333021134324366	34.1678984183372	0.2
12.225	4.1	3.05406760524049e-20	0.800187651758499	-0.000346568711504826	34.1438928999887	0.2
12.375	4.1	-3.50575563627384e-20	0.800195212822357	-0.00036067350999202	34.1198871592317	0.2
12.525	4.1	-1.36518757542678e-19	0.800203074592082	-0.000375358676577068	34.0958811872193	0.2
12.675	4.1	-2.46933111386046e-19	0.800211248914293	-0.000390648346953899	34.0718749747561	0.2
12.825	4.1	-3.11221139254364e-19	0.800219748085272	-0.000406567690005293	34.0478685122845	0.2
12.975	4.1	-2.53278410114666e-19	0.800228584865668	-0.00042314295495303	34.023861789871	0.2
13.125	4.1	-1.1724840692459e-21	0.800237772498274	-0.000440401518970809	33.9998547971925	0.2
13.275	4.1	4.68346526564545e-19	0.800247324725581	-0.000458371938935886	33.9758475235211	0.2
13.425	4.1	1.07483378535425e-18	0.800257255806099	-0.000477084005063412	33.951839957709	0.2
13.575	4.1	1.59072898082484e-18	0.800267580535086	-0.000496568796285207	33.9278320881727	0.2
13.725	4.1	1.64428037972044e-18	0.800278314260634	-0.000516858739906189	33.9038239028769	0.2
13.875	4.1	8.0672539998854e-19	0.80028947290568	-0.000537987673936396	33.8798153893171	0.2
14.025	4.1	-1.21322133536163e-18	0.80030107298592	-0.000559990910703124	33.8558065345026	0.2
14.175	4.1	-4.28605617332636e-18	0.800313131632593	-0.000582905306312826	33.8317973249379	0.2
14.325	4.1	-7.57343347466187e-18	0.800325666611626	-0.000606769332462717	33.8077877466046	0.2
14.475	4.1	-9.39475550780536e-18	0.800338696347599	-0.000631623151090466	33.7837777849412	0.2
14.625	4.1	-7.45603838122478e-18	0.800352239945277	-0.000657508694983007	33.7597674248238	0.2
14.775	4.1	3.7775238981114e-19	0.80036631721283	-0.000684469749838092	33.7357566505445	0.2
14.925	4.1	1.47387121246653e-17	0.80038094868749	-0.000712552043151479	33.711745445791	0.2
15.075	4.1	3.31100582162837e-17	0.800396155657456	-0.000741803336288858	33.6877337936233	0.2
15.225	4.1	4.85498427813784e-17	0.800411960190229	-0.000772273521976269	33.6637216764515	0.2
15.375	4.1	4.98200101095687e-17	0.800428385158925	-0.000804014726449845	33.6397090760119	0.2
15.525	4.1	2.40495082268195e-17	0.800445454267059	-0.000837081418460743	33.615695973342	0.2
15.675	4.1	-3.74054250043845e-17	0.800463192079454	-0.000871530521816638	33.5916823487558	0.2
15.825	4.1	-1.30473919509709e-16	0.800481624050886	-0.000907421535832216	33.5676681818172	0.2
15.975	4.1	-2.29791206812758e-16	0.800500776554696	-0.000944816662544008	33.5436534513128	0.2
16.125	4.1	-2.84772859047131e-16	0.800520676915981	-0.000983780939757716	33.5196381352239	0.2
16.275	4.1	-2.26515751715474e-16	0.800541353443394	-0.00102438238132591	33.4956222106978	0.2
16.425	4.1	9.12544989263498e-18	0.800562835462392	-0.00106669212757047	33.4716056540173	0.2
16.575	4.1	4.41458288408037e-16	0.800585153351387	-0.00111078460084822	33.4475884405701	0.2
16.725	4.1	9.95864979579933e-16	0.800608338576537	-0.00115673767176491	33.4235705448163	0.200000000000001
16.875	4.1	1.46553570335698e-15	0.800632423732151	-0.00120463283568641	33.3995519402555	0.200000000000001
17.025	4.1	1.51463022894348e-15	0.800657442578133	-0.00125455539701945	33.3755325993923	0.200000000000001
17.175	4.1	7.56289445971255e-16	0.800683430084514	-0.00130659466577803	33.3515124937008	0.200000000000001
17.325	4.1	-1.07452887911768e-15	0.800710422473237	-0.001360844164814	33.3274915935873	0.199999999999999
17.475	4.1	-3.86936586804294e-15	0.800738457264962	-0.00141740184994814	33.3034698683524	0.199999999999997
17.625	4.1	-6.88913225364663e-15	0.800767573329112	-0.00147637034182665	33.2794472861514	0.199999999999995
17.775	4.1	-8.64002897964648e-15	0.800797810934714	-0.00153785717188286	33.2554238139527	0.199999999999993
17.925	4.1	-7.06408630616167e-15	0.800829211806041	-0.00160197504425739	33.2313994174953	0.199999999999994
18.075	4.1	-2.04553388518001e-16	0.800861819182165	-0.00166884211034955	33.2073740612443	0.2
18.225	4.1	1.26216752815211e-14	0.800895677878483	-0.00173858226284385	33.1833477083444	0.20000000000001
18.375	4.1	2.93659092645412e-14	0.800930834356923	-0.00181132544595542	33.1593203205716	0.200000000000023
18.525	4.1	4.40692425513128e-14	0.800967336797655	-0.00188720798390738	33.1352918582829	0.200000000000035
18.675	4.1	4.68502538893235e-14	0.801005235178294	-0.00196637293152275	33.1112622803637	0.200000000000037
18.825	4.1	2.6046868500141e-14	0.801044581361302	-0.00204897044344966	33.0872315441722	0.200000000000021
18.975	4.1	-2.68561789056349e-14	0.801085429187503	-0.00213515816837325	33.063199605482	0.199999999999979
19.125	4.1	-1.09884132457694e-13	0.801127834578419	-0.00222510166636637	33.039166418421	0.199999999999912
19.275	4.1	-2.02817382335627e-13	0.801171855650445	-0.00231897485193226	33.0151319354073	0.199999999999838
19.425	4.1	-2.62928940410448e-13	0.801217552838154	-0.00241696046478226	32.991096107082	0.19999999999979
19.575	4.1	-2.29466817937197e-13	0.801264989033711	-0.00251925056980076	32.9670588822371	0.199999999999816
19.725	4.1	-4.17397281677827e-14	0.80131422973767	-0.00262604708815402	32.94302020774	0.199999999999967
19.875	4.1	3.27700280674269e-13	0.80136534322968	-0.00273756236111732	32.9189800284529	0.200000000000262
20.025	4.1	8.30247775744671e-13	0.801418400757498	-0.00285401974929657	32.8949382871462	0.200000000000664
20.175	4.1	1.30403295775e-12	0.801473476747747	-0.00297565426916452	32.8708949244072	0.200000000001043
20.325	4.1	1.46711298972769e-12	0.801530649042212	-0.00310271326930221	32.8468498785411	0.200000000001174
20.475	4.1	9.69952746439955e-13	0.801589999163368	-0.0032354571470663	32.8228030854644	0.200000000000776
20.625	4.1	-4.72027054611857e-13	0.801651612610337	-0.00337416011231676	32.7987544785911	0.199999999999622
20.775	4.1	-2.87097985376932e-12	0.801715579194837	-0.00351911099504606	32.7747039887079	0.199999999997703
20.925	4.1	-5.73378422195309e-12	0.801781993416887	-0.0036706141044858	32.75065154384	0.199999999995413
21.075	4.1	-7.90756219030805e-12	0.801850954889511	-0.00382899014008654	32.726597069104	0.199999999993674
21.225	4.1	-7.65041603780681e-12	0.801922568816952	-0.00399457715640198	32.7025404865481	0.19999999999388
21.375	4.1	-3.07435172050764e-12	0.8019969465374	-0.00416773158778202	32.6784817149764	0.199999999997541
21.525	4.1	6.97031530532706e-12	0.802074206132273	-0.00434882933129892	32.6544206697565	0.200000000005576
21.675	4.1	2.16769135974614e-11	0.802154473119555	-0.00453826689492116	32.6303572626071	0.200000000017342
21.825	4.1	3.71018530156114e-11	0.802237881234823	-0.00473646260976349	32.6062914013651	0.200000000029681
21.975	4.1	4.56729660988151e-11	0.80232457331578	-0.00494385790919281	32.5822229897259	0.200000000036538
22.125	4.1	3.72024928952173e-11	0.802414702304114	-0.00516091867599013	32.5581519269574	0.200000000029762
22.275	4.1	2.09085706832347e-12	0.80250843237309	-0.00538813665825424	32.5340781075805	0.200000000001673
22.425	4.1	-6.31819444868707e-11	0.802605940207663	-0.00562603095451325	32.5100014210146	0.199999999949454
22.575	4.1	-1.49288048709607e-10	0.802707416447761	-0.00587514956790522	32.4859217511802	0.19999999988057
22.725	4.1	-2.28480319227797e-10	0.802813067319651	-0.00613607103224419	32.4618389760565	0.199999999817216
22.875	4.1	-2.54038350686453e-10	0.802923116483988	-0.00640940611048037	32.4377529671851	0.199999999796769
23.025	4.1	-1.69004027045669e-10	0.803037807126639	-0.00669579956515429	32.4136635891164	0.199999999864797
23.175	4.1	7.28899990361525e-11	0.803157404329465	-0.00699593200208197	32.38957069879	0.200000000058312
23.325	4.1	4.75099853626631e-10	0.803282197751971	-0.00731052177798412	32.3654741448426	0.20000000038008
23.475	4.1	9.62383612049167e-10	0.803412504668871	-0.00764032695555821	32.3413737668333	0.200000000769907
23.625	4.1	1.35622867070103e-09	0.803548673392115	-0.00798614728051592	32.3172693943769	0.200000001084983
23.775	4.1	1.3826803700194e-09	0.803691087117567	-0.00834882613890858	32.2931608461682	0.200000001106144
23.925	4.1	7.33792050644767e-10	0.80384016823013	-0.00872925244587325	32.2690479288831	0.200000000587034
24.075	4.1	-8.06306928332252e-10	0.803996383106963	-0.00912836242234483	32.2449304359329	0.199999999354954
24.225	4.1	-3.18304124012337e-09	0.804160247471353	-0.00954714122250768	32.2208081460523	0.199999997453567
24.375	4.1	-5.88780348131498e-09	0.804332332378847	-0.00998662441259097	32.1966808216989	0.199999995289757
24.525	4.1	-7.85409659217159e-09	0.804513270945687	-0.0104478993310479	32.1725482072461	0.199999993716723
24.675	4.1	-7.54338090815711e-09	0.804703765973321	-0.0109321063898281	32.1484100269587	0.199999993965295
24.825	4.1	-3.32157586810888e-09	0.80490459865406	-0.0114404403728657	32.1242659827446	0.199999997342739
24.975	4.1	5.83612720509146e-09	0.80511663853642	-0.0119741517139533	32.1001157516811	0.200000004668902
25.125	4.1	1.94009947424196e-08	0.805340854884411	-0.0125345475888141	32.0759589833047	0.200000015520796
25.275	4.1	3.43713167595499e-08	0.805578329448629	-0.0131229924148741	32.0517952966382	0.200000027497053
25.425	4.1	4.48196970237734e-08	0.805830270515316	-0.0137409070804693	32.0276242768925	0.200000035855758
25.575	4.1	4.24490173741241e-08	0.806098027909722	-0.0143897659972856	32.0034454717391	0.200000033959214
25.725	4.1	1.86233673607576e-08	0.806383108545526	-0.0150710910172848	31.9792583870055	0.200000014898694
25.875	4.1	-3.19956041169723e-08	0.806687192158521	-0.0157864415301811	31.9550624816222	0.199999974403517
26.025	4.1	-1.06696430733119e-07	0.80701214719615	-0.0165374007288886	31.9308571616705	0.199999914642855
26.175	4.1	-1.90157447634995e-07	0.80736004746784	-0.0173255590777071	31.9066417734557	0.199999847874042
26.325	4.1	-2.52175631749999e-07	0.807733191018033	-0.0181524971959686	31.8824155956686	0.199999798259495
26.475	4.1	-2.50186133944482e-07	0.808134123546516	-0.0190197712319255	31.8581778308804	0.199999799851093
26.625	4.1	-1.38680950959868e-07	0.808565669163377	-0.0199289037135749	31.8339275967799	0.199999889055239
26.775	4.1	1.13879171142447e-07	0.80903097081212	-0.0208813812128476	31.8096639176424	0.200000091103337
26.925	4.1	5.02750293742146e-07	0.809533540898206	-0.0218786565757905	31.7853857164196	0.200000402200235
27.075	4.1	9.64730651641776e-07	0.810077319316253	-0.0229221482103293	31.7610918075101	0.200000771784521
27.225	4.1	1.36494383698353e-06	0.810666731574557	-0.0240132230700085	31.7367808896991	0.20000109195507
27.375	4.1	1.50310469270539e-06	0.811306735098518	-0.0251531455330179	31.7124515380522	0.200001202483754
27.525	4.1	1.14840854257266e-06	0.812002838883831	-0.0263429739678201	31.6881021929182	0.200000918726834
27.675	4.1	1.06593579537073e-07	0.812761082604839	-0.0275833928651025	31.6637311439165	0.200000085274864
27.825	4.1	-1.68713909389994e-06	0.813587967957724	-0.0288744823061919	31.6393365071695	0.199998650288725
27.975	4.1	-4.06828897520673e-06	0.814490348198402	-0.0302154471372909	31.6149161952717	0.19999674536882
28.125	4.1	-6.56736899967038e-06	0.815475300050207	-0.0316043513132436	31.5904678815373	0.1999947461048
28.275	4.1	-8.39648446930652e-06	0.816550021318953	-0.0330379211479505	31.5659889625952	0.199993282812425
28.425	4.1	-8.53351611386868e-06	0.817721810907067	-0.0345114855339403	31.5414765257341	0.199993173187109
28.575	4.1	-5.9233649406608e-06	0.818998187357192	-0.036019103348719	31.5169273286709	0.199995261308048
28.725	4.1	2.13271710239068e-07	0.820387180488226	-0.0375538843599257	31.4923377987867	0.200000170617368
28.875	4.1	1.00107016931431e-05	0.821897785155851	-0.0391084439643549	31.4677040558499	0.200008008561355
29.025	4.1	2.26127864765064e-05	0.823540500888446	-0.0406753577014144	31.4430219570117	0.200018090229181
29.175	4.1	3.59598237710629e-05	0.825327809161073	-0.0422474208740098	31.4182871563857	0.200028767859017
29.325	4.1	4.68161645466654e-05	0.827274382077704	-0.0438174975163084	31.3934951655878	0.200037452931637
29.475	4.1	5.11145059980316e-05	0.829396796143525	-0.0453777824642401	31.3686413983058	0.200040891604798
29.625	4.1	4.46285776309635e-05	0.831712562599692	-0.0469184078443868	31.3437211832094	0.200035702862105
29.775	4.1	2.39007698484131e-05	0.83423838959648	-0.0484254882714513	31.3187297361941	0.200019120615879
29.925	4.1	-1.27345491746003e-05	0.836987751856139	-0.0498788840534522	31.293662094488	0.19998981236066
30.075	4.1	-6.42522263214589e-05	0.839968031971631	-0.0512501208036926	31.2685130291616	0.199948598218943
30.225	4.1	-0.000126394759966606	0.843177670312797	-0.0525009865013288	31.2432769653256	0.199898884192027
30.375	4.1	-0.000191671451080107	0.846603867078123	-0.0535832943644619	31.2179479465202	0.199846662839136
30.525	4.1	-0.000249974215109301	0.850221375086056	-0.0544401379293345	31.1925196780509	0.199800020627913
30.675	4.1	-0.000289743435105205	0.853992779890365	-0.0550086926647163	31.1669856720361	0.199768205251916
30.825	4.1	-0.000299479408641214	0.857870392848418	-0.0552242893158572	31.1413394965699	0.199760416473087
30.975	4.1	-0.00026930859979664	0.861799533118285	-0.0550251747456955	31.1155751079495	0.199784553120163
31.125	4.1	-0.000192317802319737	0.865722634659839	-0.0543571663253579	31.0896872261889	0.199846145758144
31.275	4.1	-6.54767528346596e-05	0.869583389157366	-0.0531773527136129	31.0636717083998	0.199947618597732
31.425	4.1	0.000109846516136414	0.87333011022267	-0.0514561102406679	31.0375258878387	0.200087877212909
31.575	4.1	0.00032758696509932	0.876917703449349	-0.0491769587218886	31.0112488780416	0.200262069572079
31.725	4.1	0.000576630447796903	0.880307993312941	-0.046334122480665	30.9848418815975	0.200461304358238
31.875	4.1	0.000840277062280015	0.883468559296242	-0.0429280597830672	30.9583085714686	0.200672221649824
32.025	4.1	0.00109580142333458	0.88637050559738	-0.0389596859145605	30.931655602032	0.200876641138668
32.175	4.1	0.00131500607446776	0.888985601764449	-0.0344245654284029	30.904893232478	0.201052004859574
32.325	4.1	0.00146722433073895	0.891282962117407	-0.0293089426510469	30.8780359007742	0.201173779464591
32.475	4.1	0.00152629130416187	0.893225014222428	-0.0235898966410319	30.8511024038595	0.20122103304333
32.625	4.1	0.00148204550996957	0.894762239817508	-0.0172416886057369	30.8241152027436	0.201185636407976
32.775	4.1	0.00135460008781986	0.895826464138904	-0.010248859477473	30.7970984106641	0.201083680070256
32.925	4.1	0.00120612648410126	0.896323710592609	-0.0026231878788089	30.7700743781096	0.200964901187281
33.075	4.1	0.00114131960746478	0.89612994472063	0.00558389613160494	30.7430595288848	0.200913055685972
33.225	4.1	0.0012861657111218	0.89509577754138	0.0142880844377542	30.7160611164639	0.201028932568897
33.375	4.1	0.00173779945935827	0.893067407024431	0.0234158234199619	30.6890774842729	0.201390239567487
33.525	4.1	0.00248825440464969	0.889927555799973	0.0329962033910269	30.6621045987488	0.20199060352372
33.675	4.1	0.00334165533043846	0.885649963653481	0.0432931749016921	30.6351503830464	0.202673324264351
33.825	4.1	0.00386369674131028	0.880347780543514	0.0549434625771858	30.6082553120683	0.203090957393048
33.975	4.1	0.00341505931352944	0.874289506703326	0.06904587499327	30.5815131809696	0.202732047450824
34.125	4.1	0.00131449073675963	0.867861105440582	0.0871404854539825	30.5550813615407	0.201051592589408
34.275	4.1	-0.00285729131395048	0.861457526009507	0.110997881801381	30.529167723751	0.19771416694884
34.425	4.1	-0.00886365500828234	0.855266519107247	0.142071379240773	30.5039846544056	0.192909075993374
34.575	4.1	-0.0154485036978319	0.848860192693028	0.180378135750432	30.4796711215723	0.187641197041734
34.725	4.1	-0.0201656990667171	0.84053854720666	0.222739104166078	30.4562003116022	0.183867440746626
34.875	4.1	-0.0195443112009114	0.826784296730005	0.261318585618908	30.4333068201152	0.184364551039271
35.025	4.1	-0.00963804243613317	0.803075435496929	0.285106763019273	30.4104713969004	0.192289566051093
35.175	4.1	0.0131389525509105	0.766951292924942	0.285991937146814	30.3869799120158	0.210511162040728
35.325	4.1	0.0511125281951127	0.720819210153434	0.2647089305542	30.3620358545297	0.24089002255609
35.475	4.1	0.104623161863888	0.670752365326257	0.229650221671036	30.3348884652779	0.283698529491111
35.625	4.1	0.171644714331639	0.622718644737522	0.190465246000653	30.304948416621	0.337315771465311
35.775	4.1	0.247884965330281	0.580321893526612	0.153631899767825	30.2718726192613	0.398307972264225
35.925	4.1	0.327469271560483	0.544838530898338	0.122009792494904	30.2356043656196	0.461975417248386
36.075	4.1	0.404113950066454	0.51611436161642	0.0961416276879693	30.1963620169679	0.523291160053163
36.225	4.1	0.472405759427206	0.493346819717599	0.0754959432226468	30.1545809407165	0.577924607541765
36.375	4.1	0.528705928697115	0.475550476660714	0.0591989277206427	30.1108268368177	0.622964742957692
36.525	4.1	0.571422146385055	0.461783253946082	0.046373400245975	30.0657055865796	0.657137717108044
36.675	4.1	0.600733899348133	0.451233054475942	0.0362643949263	30.0197902788286	0.680587119478506
36.825	4.1	0.618045840874503	0.443233494575276	0.0282668876731249	29.9735745651518	0.694436672699603
36.975	4.1	0.625422957415426	0.437249566364569	0.0219145253941856	29.9274510008681	0.70033836593234
37.125	4.1	0.625142759209349	0.432855018388137	0.01685600799834	29.8817077711081	0.700114207367479
37.275	4.1	0.619395145704147	0.42971130714304	0.0128301306674681	29.8365366164369	0.695516116563318
37.425	4.1	0.610107798661149	0.427551292187526	0.00964353556793002	29.7920464292319	0.688086238928919
37.575	4.1	0.598862174823908	0.426167613759675	0.00715233406830862	29.7482789682598	0.679089739859126
37.725	4.1	0.586870255297135	0.42540443051506	0.00524763477521836	29.7052246130425	0.669496204237708
37.875	4.1	0.574990659809169	0.4251509706406	0.00384459483471403	29.662836972811	0.659992527847335
38.025	4.1	0.563769073030052	0.425335649189865	0.00287446968470378	29.6210456738936	0.651015258424041
38.175	4.1	0.553491741344429	0.425920031207385	0.002279123238817	29.5797669735388	0.642793393075543
38.325	4.1	0.544243244160105	0.426892470144253	0.00200753342449539	29.538912099282	0.635394595328084
38.475	4.1	0.535961828811375	0.428261684787702	0.00201395351050229	29.498393423044	0.6287694630491
38.625	4.1	0.528487728632619	0.43005078759182	0.00225751331533018	29.4581287384055	0.622790182906095
38.775	4.1	0.521602018864407	0.432292341262389	0.00270310502610062	29.418044000445	0.617281615091525
38.925	4.1	0.515055487162722	0.435024936954733	0.00332335835762161	29.3780749040236	0.612044389730178
39.075	4.1	0.508588499041837	0.43829160465617	0.0041013756121452	29.3381676288283	0.606870799233469
39.225	4.1	0.501943809054124	0.442140126000015	0.00503371854765347	29.2982789910991	0.601555047243299
39.375	4.1	0.494874690989918	0.446625056758653	0.00613298891640594	29.258376141513	0.595899752791935
39.525	4.1	0.487150698469138	0.451811014436644	0.00742929129035965	29.2184358628252	0.58972055877531
39.675	4.1	0.478562934957221	0.457776580221592	0.00896994857953945	29.1784434683447	0.582850347965777
39.825	4.1	0.468930047122629	0.464618033226409	0.0108170533761295	29.1383912911033	0.575144037698103
39.975	4.1	0.458105396751573	0.47245209338857	0.0130427398331232	29.0982767808596	0.566484317401259
40.125	4.1	0.44598513919823	0.481416893965665	0.0157223891888585	29.0581002806149	0.556788111358584
40.275	4.1	0.43251634304214	0.491670517853602	0.0189262781650181	29.0178626199094	0.546013074433712
40.425	4.1	0.417703903087223	0.503386594805658	0.0227104046713365	28.9775627212964	0.534163122469778
40.575	4.1	0.401614876551389	0.516746661282599	0.0271073668420251	28.9371954533221	0.521291901241111
40.725	4.1	0.384379028320987	0.531929241462301	0.0321182354122126	28.8967499664404	0.50750322265679
40.875	4.1	0.366184785318035	0.549095940724369	0.0377063554334936	28.8562087120419	0.492947828254428
41.025	4.1	0.347270408525102	0.568375271927385	0.0437939399961258	28.8155472709954	0.477816326820082
41.175	4.1	0.327910888904295	0.589845451100632	0.0502621581603209	28.7747350166356	0.462328711123436
41.325	4.1	0.30840172883865	0.613517939868618	0.0569551459903877	28.7337365248446	0.44672138307092
41.475	4.1	0.289041252952357	0.639323949637518	0.0636879704437563	28.6925135418445	0.431233002361885
41.625	4.1	0.270113303153772	0.667106283341782	0.0702580738599705	28.6510272489594	0.416090642523018
41.775	4.1	0.251872073597189	0.696618606168768	0.0764591924207233	28.6092405372244	0.401497658877752
41.925	4.1	0.234530462698996	0.727533421372136	0.0820962839866383	28.5671200271072	0.387624370159197
42.075	4.1	0.218252751988843	0.759458748759652	0.0869997363941175	28.5246376319557	0.374602201591074
42.225	4.1	0.203151789454375	0.791962007401453	0.0910371434081007	28.4817715513163	0.3625214315635
42.375	4.1	0.189290281790413	0.824598262319534	0.0941212563533349	28.4385066717556	0.35143222543233
42.525	4.1	0.176685378965201	0.856939182191563	0.0962132932557483	28.3948344305919	0.341348303172161
42.675	4.1	0.165315511520367	0.888599005004735	0.0973214970356626	28.3507522510267	0.332252409216294
42.825	4.1	0.155128412485623	0.919254519618633	0.0974955283388438	28.3062626825199	0.324102729988498
42.975	4.1	0.146049380487834	0.948657311921989	0.0968178131330613	28.2613723812179	0.316839504390267
43.125	4.1	0.137989058158275	0.976637933369619	0.0953932443886981	28.2160910487562	0.31039124652662
43.275	4.1	0.130850249289532	1.00310287565013	0.0933386366233173	28.1704304215548	0.304680199431625
43.425	4.1	0.124533531098171	1.02802604770361	0.0907730980035045	28.1244033734952	0.299626824878537
43.575	4.1	0.118941604920485	1.05143678269248	0.0878101106487953	28.0780231673851	0.295153283936388
43.725	4.1	0.113982458528839	1.07340632177211	0.0845517019461328	28.0313028677162	0.291185966823071
43.875	4.1	0.109571488622291	1.09403437134547	0.0810847348695983	27.9842549101053	0.287657190897833
44.025	4.1	0.105632763465837	1.11343686389307	0.0774790930879151	27.9368908115142	0.284506210772669
44.175	4.1	0.10209960640114	1.13173559043759	0.0737873982373437	27.8892209991811	0.281679685120912
44.325	4.1	0.0989146634453192	1.14904998827216	0.0700458556265959	27.8412547340878	0.279131730756255
44.475	4.1	0.096029592192808	1.16549108931357	0.0662758511306322	27.7930001055955	0.276823673754246
44.625	4.1	0.0934044813807635	1.181157459662	0.0624859854659404	27.7444640765663	0.274723585104611
44.775	4.1	0.0910070847205195	1.19613287010628	0.0586743079278294	27.6956525620281	0.272805667776416
44.925	4.1	0.0888119309692223	1.21048540558617	0.0548305840853629	27.6465705286527	0.271049544775378
45.075	4.1	0.086799355627452	1.22426772590596	0.050938492571233	27.5972221065857	0.269439484501962
45.225	4.1	0.0849544884745365	1.23751821225375	0.046977691992123	27.5476107091646	0.267963590779629
45.375	4.1	0.0832662255013651	1.25026276204913	0.0429257299904272	27.4977391594425	0.266612980401092
45.525	4.1	0.0817262134541286	1.26251702126339	0.038759783472599	27.4476098247822	0.265380970763303
45.675	4.1	0.0803278793074704	1.2742888657061	0.0344582231011149	27.3972247616301	0.264262303445976
45.825	4.1	0.0790655436123292	1.2855809613328	0.0300019877286302	27.3465858715101	0.263252434889863
45.975	4.1	0.0779336626418997	1.29639325130764	0.025375737953095	27.2956950661344	0.26234693011352
46.125	4.1	0.0769262454092306	1.30672523899085	0.0205687367424953	27.2445544346	0.261540996327385
46.275	4.1	0.0760364836026101	1.31657796627873	0.0155753857635201	27.1931663998549	0.260829186882088
46.425	4.1	0.0752566123368114	1.32595562924081	0.0103953371574324	27.1415338464766	0.260205289869449
46.575	4.1	0.0745779874326983	1.33486682674131	0.00503311143666625	27.0896601991967	0.259662389946159
46.725	4.1	0.073991324394681	1.34332549776255	-0.000502809637796329	27.0375494333292	0.259193059515745
46.875	4.1	0.0734870041366227	1.3513516576304	-0.00620137741304332	26.9852060054895	0.258789603309298
47.025	4.1	0.0730553247014054	1.35897207047372	-0.0120507237761834	26.9326347055063	0.258444259761124
47.175	4.1	0.072686579967259	1.36622097390091	-0.0180400154253382	26.8798404462527	0.258149263973807
47.325	4.1	0.0723708815632959	1.3731408984027	-0.0241610607195927	26.8268280238549	0.257896705250637
47.475	4.1	0.0720977111524759	1.379783489244	-0.0304092386888006	26.7736018921898	0.257678168921981
47.625	4.1	0.0718552846594657	1.3862100607035	-0.0367833063907852	26.7201659989498	0.257484227727573
47.775	4.1	0.0716299014191359	1.39249143793222	-0.0432837203514431	26.6665237241053	0.257303921135309
47.925	4.1	0.0714055077305013	1.39870652661459	-0.0499093027526426	26.6126779468116	0.257124406184401
48.075	4.1	0.0711636954735886	1.40493905743396	-0.0566523945416744	26.5586312485807	0.256930956378871
48.225	4.1	0.0708842651674846	1.41127212935897	-0.0634930360121326	26.5043862461075	0.256707412133988
48.375	4.1	0.0705463156365698	1.41778053758476	-0.0703931361029479	26.4499460437374	0.256437052509256
48.525	4.1	0.0701296138967985	1.42452138454076	-0.0772919407845309	26.3953148074585	0.256103691117439
48.675	4.1	0.069615807664153	1.43152404760217	-0.0841042807142859	26.3404984883404	0.255692646131322
48.825	4.1	0.068988940308015	1.43878107888957	-0.0907229703509957	26.2855057559389	0.255191152246412
48.975	4.1	0.0682347831556585	1.44624187442678	-0.0970262816704646	26.2303492279348	0.254587826524527
49.125	4.1	0.0673387661362907	1.45381080503133	-0.102890621956688	26.1750470833073	0.253871012909033
49.275	4.1	0.0662827914079751	1.46135082559345	-0.108207480800877	26.1196251014394	0.25302623312638
49.425	4.1	0.0650419416386444	1.46869234731903	-0.112902533260693	26.0641190549045	0.252033553310915
49.575	4.1	0.0635829645205585	1.47564550050325	-0.116953717354259	26.0085771761348	0.250866371616447
49.725	4.1	0.0618672419042199	1.48201215887277	-0.120404385698146	25.9530621051535	0.249493793523376
49.875	4.1	0.0598614071552762	1.48759274460099	-0.123367439563936	25.8976513254654	0.247889125724221
50.025	4.1	0.0575583903990778	1.49218248483717	-0.126016717905769	25.8424346856857	0.246046712319262
50.175	4.1	0.0550099349620908	1.4955530271395	-0.128562727521217	25.787507347093	0.244007947969673
50.325	4.1	0.0523681978875775	1.49741866504224	-0.131211067980187	25.7329566381161	0.241894558310062
50.475	4.1	0.0499290795993692	1.49739242771876	-0.134104274220761	25.6788421191174	0.239943263679495
50.625	4.1	0.0481644232618956	1.49494646490872	-0.137253042080933	25.6251698702814	0.238531538609516
50.775	4.1	0.0477262052152456	1.48940283069234	-0.140473110677313	25.5718645549934	0.238180964172197
50.925	4.1	0.049406072211504	1.47998969193034	-0.143358436358708	25.5187456496049	0.239524857769203
51.075	4.1	0.0540405639077156	1.46599054223443	-0.145329297789514	25.4655162588556	0.243232451126172
51.225	4.1	0.0623665796415139	1.44697357464409	-0.145775514658016	25.4117727077303	0.249893263713211
51.375	4.1	0.0748500029943978	1.42302074488319	-0.144260307920361	25.3570395741333	0.259880002395518
51.525	4.1	0.091526350678165	1.39483377563692	-0.140691728747676	25.3008283173536	0.273221080542532
51.675	4.1	0.111898631804167	1.36363996114577	-0.135368908648971	25.2427101767263	0.289518905443333
51.825	4.1	0.134930034850403	1.33093723707574	-0.128886867558637	25.1823884526628	0.307944027880323
51.975	4.1	0.159148221752215	1.29820364971799	-0.121968597520871	25.1197539246341	0.327318577401772
52.125	4.1	0.182849074999731	1.2666838772618	-0.115312511048537	25.0549106011218	0.346279259999785
52.275	4.1	0.204359346089038	1.23729184638873	-0.109500637805968	24.9881660179326	0.36348747687123
52.425	4.1	0.222299769355595	1.2106061423351	-0.104962574585099	24.9199885737028	0.377839815484476
52.575	4.1	0.235789816122806	1.18691363426005	-0.101967557972312	24.8509414574994	0.388631852898244
52.725	4.1	0.244551937362479	1.16626485390377	-0.100621108979219	24.7816068402291	0.395641549889983
52.875	4.1	0.248899131763018	1.14852282486823	-0.10085887863349	24.7125146071853	0.399119305410415
53.025	4.1	0.249615251656915	1.13340445522315	-0.10244766754792	24.6440875505964	0.399692201325532
53.175	4.1	0.247756542219074	1.12052624616589	-0.105015700353911	24.5766107306754	0.398205233775259
53.325	4.1	0.244414338250609	1.1094710970579	-0.108134823186698	24.5102277258548	0.395531470600487
53.475	4.1	0.240483793497338	1.09988687983301	-0.111460472813241	24.4449615102931	0.392387034797871
53.625	4.1	0.23648271471094	1.09160966386002	-0.114903012785425	24.3807533204377	0.389186171768752
53.775	4.1	0.2324575394	1.08478334709502	-0.118773344594236	24.3175096944502	0.38596603152
53.925	4.1	0.227999500567916	1.07993885205276	-0.12384124486676	24.2551464633767	0.382399600454332
54.075	4.1	0.2223735072872	1.0780091983066	-0.131275362940504	24.1936192387884	0.37789880582976
54.225	4.1	0.214737939932948	1.08028078005857	-0.142477203533231	24.1329329467628	0.371790351946359
54.375	4.1	0.20441059658437	1.08829199975938	-0.158842972876887	24.0731278473629	0.363528477267496
54.525	4.1	0.191121021312219	1.10367292733727	-0.181473331798332	24.0142454067145	0.352896817049775
54.675	4.1	0.17518798477886	1.12788097598954	-0.210821992614237	23.9562830484267	0.340150387823088
54.825	4.1	0.157574709877461	1.16175709073949	-0.246269570965364	23.8991506612944	0.326059767901969
54.975	4.1	0.139800048572351	1.20485940494944	-0.285670109372149	23.8426423742174	0.311840038857881
55.125	4.1	0.123714545495482	1.25470150423212	-0.325062641706137	23.7864336401973	0.298971636396385
55.275	4.1	0.111180933516266	1.30633929470639	-0.358910215742867	23.7301063256449	0.288944746813013
55.425	4.1	0.103726608062188	1.35296332925929	-0.381219983591054	23.6731956771693	0.282981286449751
55.575	4.1	0.102254498993029	1.38776142847795	-0.387439336317002	23.6152473346152	0.281803599194423
55.725	4.1	0.106892812812379	1.40626241421136	-0.376219247948229	23.5558728275591	0.285514250249903
55.875	4.1	0.117022105195158	1.40769466551504	-0.349843892274551	23.494794946961	0.293617684156126
56.025	4.1	0.131455125783426	1.39459637724358	-0.313028299906234	23.4318756132532	0.305164100626741
56.175	4.1	0.148696997599563	1.37127028092772	-0.271023185677948	23.3671207222017	0.31895759807965
56.325	4.1	0.167204770835561	1.34220641961051	-0.228178519577519	23.3006624907167	0.333763816668449
56.475	4.1	0.185589789209464	1.31112759191675	-0.187394545547525	23.2327267409922	0.348471831367571
56.625	4.1	0.20274063588548	1.2806818917369	-0.1502287140068	23.1635951807835	0.362192508708384
56.775	4.1	0.217871066728669	1.25252636109769	-0.11726657901182	23.0935707248249	0.374296853382936
56.925	4.1	0.230511136637316	1.22755794549146	-0.0884979040091088	23.0229501780625	0.384408909309853
57.075	4.1	0.240463159785792	1.20615164038654	-0.0635992485079798	22.952005461543	0.392370527828634
57.225	4.1	0.247741534998228	1.18835143470765	-0.0421153803920921	22.8809726713289	0.398193227998583
57.375	4.1	0.25251035022048	1.17400569040597	-0.0235636990917421	22.8100474134085	0.402008280176384
57.525	4.1	0.255027315657961	1.16285632611749	-0.00748859682423196	22.7393846687741	0.404021852526369
57.675	4.1	0.255598133622613	1.15459471916157	0.00651382129041861	22.6691016032789	0.404478506898091
57.825	4.1	0.254542292861846	1.14889546635949	0.018787440807849	22.5992820443508	0.403633834289477
57.975	4.1	0.252169480382474	1.14543601010273	0.0296164566169033	22.529981678594	0.401735584305979
58.125	4.1	0.248764821341916	1.143907592196	0.0392299176752898	22.4612333229102	0.399011857073533
58.275	4.1	0.244580826679454	1.14402111195612	0.0478081094696845	22.3930518707896	0.395664661343564
58.425	4.1	0.239834106634717	1.1455100228853	0.0554895327611252	22.325438705161	0.391867285307774
58.575	4.1	0.23470524436282	1.14813153148003	0.0623778471423716	22.2583854999018	0.387764195490256
58.725	4.1	0.229340601845781	1.1516668242827	0.0685484526097047	22.1918774152751	0.383472481476625
58.875	4.1	0.223855186038936	1.15592072332508	0.0740545377319885	22.1258957394198	0.379084148831149
59.025	4.1	0.218336004195915	1.16072097845029	0.0789325079469255	22.0604200482203	0.374668803356732
59.175	4.1	0.212845571762911	1.16591729771979	0.0832067572685906	21.9954299574122	0.370276457410329
59.325	4.1	0.207425403987231	1.17138016175928	0.086893773601677	21.9309065302309	0.365940323189784
59.475	4.1	0.202099428555479	1.17699944286506	0.0900055751900521	21.8668333869211	0.361679542844383
59.625	4.1	0.196877307878657	1.18268284041343	0.0925524671284576	21.8031975441044	0.357501846302926
59.775	4.1	0.191757663588856	1.1883541414895	0.0945450918337096	21.7399899972101	0.353406130871085
59.925	4.1	0.1867311622796	1.19395131561369	0.0959957425871385	21.6772060523305	0.34938492982368
60.075	4.1	0.181783365541203	1.1994244555523	0.09691893520201	21.6148454182252	0.345426692432962
60.225	4.1	0.176897191351188	1.20473358620332	0.0973313063770764	21.5529120855798	0.341517753080951
60.375	4.1	0.172054807299954	1.20984638464807	0.0972510316387712	21.4914140459994	0.337643845839963
60.525	4.1	0.167238810498124	1.21473588756491	0.0966971112332189	21.430362929724	0.333791048398499
60.675	4.1	0.162432668024161	1.21937830136206	0.0956890111809993	21.3697736563689	0.329946134419329
60.825	4.1	0.157620597635527	1.22375106085936	0.0942471968292685	21.309664182646	0.326096478108421
60.975	4.1	0.152787328289397	1.22783128207381	0.0923949766146899	21.2500553830614	0.322229862631518
61.125	4.1	0.147918418137959	1.23159470012918	0.0901617224521368	21.1909710110396	0.318334734510367
61.275	4.1	0.143001910744892	1.23501505916419	0.0875869425505711	21.1324375714952	0.314401528595913
61.425	4.1	0.138031950743942	1.23806372973368	0.0847239310338283	21.0744838243084	0.310425560595154
61.575	4.1	0.133014459457256	1.24070909422622	0.0816409875872084	21.0171395832895	0.306411567565805
61.725	4.1	0.12797407709113	1.24291500021048	0.0784177703541502	20.9604335387728	0.302379261672904
61.875	4.1	0.122960443435582	1.24463737332459	0.0751345819227524	20.9043900672647	0.298368354748466
62.025	4.1	0.118050827274877	1.24581793411653	0.0718537134197997	20.8490254171726	0.294440661819902
62.175	4.1	0.11334561321936	1.24637390386342	0.0685947793797485	20.7943442301572	0.290676490575488
62.325	4.1	0.108953801784169	1.24618264962216	0.0653103924926216	20.7403379394776	0.287163041427335
62.475	4.1	0.104968016963025	1.2450604297664	0.0618739623866521	20.6869869502064	0.28397441357042
62.625	4.1	0.101432822322006	1.24273467376679	0.0580961215086024	20.6342683478579	0.281146257857605
62.775	4.1	0.0983161550154699	1.23880934023031	0.0537876654573409	20.5821698892957	0.278652924012376
62.925	4.1	0.095500293510211	1.23272286798003	0.0488829764608037	20.5307089943743	0.276400234808169
63.075	4.1	0.0928138359063394	1.22369952488426	0.0436291844123722	20.4799524222479	0.274251068725072
63.225	4.1	0.0901265789434635	1.21070219685135	0.0388343555687892	20.4300287236262	0.272101263154771
63.375	4.1	0.0875214999915847	1.19241646662894	0.0361468661723021	20.3811223431289	0.270017199993268
63.525	4.1	0.0855397495665244	1.16734175456246	0.0382813416110992	20.3334368369639	0.26843179965322
63.675	4.1	0.0854658611469664	1.13413178015179	0.0489684897015979	20.2871168487339	0.268372688917573
63.825	4.1	0.0895851472718167	1.09235575494826	0.0721911731372801	20.2421258383373	0.271668117817453
63.975	4.1	0.101308677221858	1.04365801259758	0.110237803117138	20.198089379155	0.281046941777486
64.125	4.1	0.125025433223006	0.992618278332391	0.160917437130506	20.1541307705279	0.300020346578405
64.275	4.1	0.165514837005111	0.945826690479912	0.216105559597148	20.1087476751905	0.332411869604089
64.425	4.1	0.226788009628976	0.908647283901666	0.264314232149802	20.0598095649778	0.381430407703181
64.575	4.1	0.310429436614071	0.882315747450014	0.296398911925264	20.0047719640046	0.448343549291257
64.725	4.1	0.413941147301395	0.86443405413263	0.309482688997856	19.9411353928369	0.531152917841116
64.875	4.1	0.530063107653009	0.851684239318174	0.306204200185169	19.8670279629658	0.624050486122407
65.025	4.1	0.648005902389085	0.841647492526601	0.291492499914094	19.7816872037678	0.718404721911268
65.175	4.1	0.756492649980801	0.832984869107149	0.270039188107576	19.6856349031231	0.805194119984641
65.325	4.1	0.847068109950809	0.825002587514082	0.245338195578376	19.5804728481779	0.877654487960647
65.475	4.1	0.91586610011108	0.817338220433629	0.219687064607147	19.4684147360728	0.932692880088864
65.625	4.1	0.963318921305087	0.809839845894013	0.194490579491663	19.3517751865344	0.970655137044069
65.775	4.1	0.992648472700153	0.802505460260809	0.17055900881997	19.2325921740966	0.994118778160122
65.925	4.1	1.00823031957568	0.795420509902236	0.148325335874992	19.1124394622522	1.00658425566054
66.075	4.1	1.01441469018283	0.788700852738531	0.127987508892107	18.992394845532	1.01153175214627
66.225	4.1	1.01488628722681	0.782456088058613	0.109596489455813	18.8731006756101	1.01190902978145
66.375	4.1	1.01242719802802	0.776773757753708	0.0931090501056141	18.754862531263	1.00994175842242
66.525	4.1	1.00892483830357	0.771716374719198	0.0784202966937987	18.6377517991749	1.00713987064286
66.675	4.1	1.00550733068605	0.76732337778677	0.0653863623362567	18.5216946323263	1.00440586454884
66.825	4.1	1.00272929866517	0.76361371670609	0.0538429176679656	18.4065405689844	1.00218343893213
66.975	4.1	1.00075951764571	0.760587921907632	0.0436211459918984	18.2921103261451	1.00060761411656
67.125	4.1	0.99954195134885	0.758229989580021	0.0345606020072665	18.178225549231	0.99963356107908
67.275	4.1	0.998917067380258	0.756509583097945	0.0265179578604008	18.0647246827715	0.999133653904207
67.425	4.1	0.998701846503184	0.755384701237963	0.0193713134505083	17.9514692940456	0.998961477202547
67.575	4.1	0.998734326787819	0.754804638869005	0.013020639315169	17.8383446176771	0.998987461430255
67.725	4.1	0.998891972379266	0.754712946918418	0.00738549253381449	17.725257183035	0.999113577903413
67.875	4.1	0.999093467623274	0.755050141122164	0.00240127313527439	17.6121314318789	0.999274774098619
68.025	4.1	0.999291937709033	0.755756013195948	-0.00198490832469727	17.4989064152819	0.999433550167226
68.175	4.1	0.999465244853915	0.756771494407617	-0.00581801984662078	17.3855330572884	0.999572195883132
68.325	4.1	0.999606721328063	0.758040085014176	-0.00913816164324594	17.2719720919563	0.999685377062451
68.475	4.1	0.999717901715931	0.759508895373033	-0.0119827605318865	17.1581925808323	0.999774321372745
68.625	4.1	0.999803622741763	0.761129356105483	-0.0143879567738902	17.0441708448307	0.99984289819341
68.775	4.1	0.999869202249174	0.762857654924881	-0.016389327193739	16.9298896464489	0.999895361799339
68.925	4.1	0.999919146065708	0.764654952657282	-0.0180221187524298	16.8153374955785	0.999935316852566
69.075	4.1	0.999956812857121	0.766487423815921	-0.0193211584791185	16.7005079987483	0.999965450285696
69.225	4.1	0.999984571274449	0.76832615955299	-0.0203205780173141	16.5853992130204	0.999987657019559
69.375	4.1	1.00000412754461	0.770146963898655	-0.0210534574584815	16.4700129959234	1.00000330203568
69.525	4.1	1.00001683685261	0.771930068498846	-0.0215514614637475	16.3543543609458	1.00001346948208
69.675	4.1	1.00002391631359	0.77365978683411	-0.0218445144236147	16.2384308561355	1.00001913305087
69.825	4.1	1.00002654589737	0.77532412606316	-0.0219605412995766	16.1222519841656	1.0000212367179
69.975	4.1	1.00002588052727	0.7769143728312	-0.0219252861447277	16.0058286787267	1.00002070442182
70.125	4.1	1.00002300982249	0.778424668127582	-0.0217622099827331	15.8891728466599	1.00001840785799
70.275	4.1	1.00001890023171	0.779851585078225	-0.0214924626978583	15.7722969795621	1.00001512018537
70.425	4.1	1.00001434501735	0.781193722054666	-0.0211349190822837	15.6552138336996	1.00001147601388
70.575	4.1	1.00000993612817	0.782451321508053	-0.0207062666794383	15.5379361734626	1.00000794890253
70.725	4.1	1.00000606184483	0.783625922519188	-0.0202211321767187	15.4204765713728	1.00000484947586
70.875	4.1	1.00000292686094	0.784720052372933	-0.0196922335039097	15.3028472566692	1.00000234148875
71.025	4.1	1.00000058754428	0.785736959767457	-0.0191305461465231	15.1850600044524	1.00000047003542
71.175	4.1	0.999998994067304	0.786680389809512	-0.0185454741337639	15.0671260579577	0.999999195253843
71.325	4.1	0.999998032062758	0.78755439892227	-0.0179450183706249	14.9490560774496	0.999998425650207
71.475	4.1	0.999997558531356	0.78836320631536	-0.0173359371624451	14.8308601102641	0.999998046825085
71.625	4.1	0.999997429113592	0.789111077757659	-0.0167238957180333	14.7125475775162	0.999997943290873
71.775	4.1	0.999997515976776	0.789802237002057	-0.0161136029870373	14.594127273847	0.999998012781421
71.925	4.1	0.999997717152785	0.790440800236033	-0.0155089353493721	14.4756073772878	0.999998173722228
72.075	4.1	0.999997959097987	0.791030729251425	-0.0149130474509778	14.3569954668655	0.99999836727839
72.225	4.1	0.99999819459445	0.791575799521732	-0.0143284709339224	14.238298545993	0.99999855567556
72.375	4.1	0.999998398015338	0.792079579945372	-0.0137572020228793	14.1195230700183	0.999998718412271
72.525	4.1	0.999998559609632	0.792545421583279	-0.0132007789835984	14.0006749765677	0.999998847687705
72.675	4.1	0.999998679978102	0.792976453239039	-0.0126603504309214	13.8817597175445	0.999998943982481
72.825	4.1	0.999998765433703	0.793375582178815	-0.0121367353854594	13.7627822918393	0.999999012346962
72.975	4.1	0.999998824539133	0.793745498654331	-0.0116304758903429	13.64374727799	0.999999059631306
73.125	4.1	0.999998865825689	0.794088683185926	-0.0111418829211912	13.5246588661932	0.999999092660552
73.275	4.1	0.999998896522785	0.794407415788829	-0.010671076257015	13.4055208892138	0.999999117218228
73.425	4.1	0.999998922049052	0.794703786503041	-0.0102180189297955	13.2863368518713	0.999999137639241
73.575	4.1	0.999998946007634	0.79497970672376	-0.00978254682857793	13.1671099588887	0.999999156806107
73.725	4.1	0.999998970462843	0.795236920936432	-0.00936439399764613	13.0478431409813	0.999999176370274
73.875	4.1	0.999998996329501	0.795477018547733	-0.00896321413366487	12.9285390791337	0.999999197063601
74.025	4.1	0.99999902376338	0.795701445573915	-0.00857859875019004	12.8092002270653	0.999999219010704
74.175	4.1	0.999999052490861	0.795911516006009	-0.0082100924407736	12.6898288319262	0.999999241992689
74.325	4.1	0.999999082053427	0.796108422720626	-0.00785720563194375	12.5704269532912	0.999999265642741
74.475	4.1	0.999999111967332	0.796293247844208	-0.00751942517766209	12.4509964805356	0.999999289573866
74.625	4.1	0.999999141812218	0.796466972512332	-0.00719622310748264	12.3315391486888	0.999999313449775
74.775	4.1	0.99999917126766	0.796630485991731	-0.00688706380226276	12.2120565528664	0.999999337014128
74.925	4.1	0.999999200116232	0.796784594153005	-0.00659140983631589	12.0925501613795	0.999999360092986
75.075	4.1	0.999999228228533	0.796930027299136	-0.00630872669254064	11.9730213276244	0.999999382582827
75.225	4.1	0.999999255541216	0.797067447365446	-0.00603848652790306	11.8534713008465	0.999999404432973
75.375	4.1	0.999999282035076	0.797197454515952	-0.00578017114149951	11.7339012358739	0.999999425628061
75.525	4.1	0.999999307716804	0.797320593166429	-0.00553327427492604	11.614312201907	0.999999446173443
75.675	4.1	0.999999332605688	0.797437357467728	-0.0052973033556037	11.494705190448	0.99999946608455
75.825	4.1	0.999999356725065	0.797548196285336	-0.00507178077715257	11.3750811224488	0.999999485380052
75.975	4.1	0.999999380097634	0.797653517711144	-0.00485624479669966	11.2554408547478	0.999999504078107
76.125	4.1	0.999999402743461	0.797753693143404	-0.00465025011680588	11.1357851858649	0.999999522194769
76.275	4.1	0.999999424679708	0.797849060969694	-0.004453368209425	11.0161148612156	0.999999539743766
76.425	4.1	0.99999944592118	0.797939929886622	-0.00426518743027428	10.8964305778005	0.999999556736944
76.575	4.1	0.999999466481191	0.798026581887612	-0.00408531296456198	10.7767329884233	0.999999573184953
76.725	4.1	0.999999486372388	0.798109274948935	-0.00391336663811314	10.6570227054843	0.999999589097911
76.875	4.1	0.999999505607397	0.798188245441862	-0.00374898662302564	10.5373003043919	0.999999604485918
77.025	4.1	0.999999524199223	0.798263710296695	-0.003591827061468	10.4175663266327	0.999999619359379
77.175	4.1	0.999999542161443	0.798335868942621	-0.00344155762785188	10.2978212825339	0.999999633729155
77.325	4.1	0.999999559508257	0.798404905045426	-0.00329786304575252	10.1780656537507	0.999999647606605
77.475	4.1	0.999999576254407	0.79847098806321	-0.00316044257327056	10.0582998955079	0.999999661003526
77.625	4.1	0.999999592415089	0.798534274638264	-0.00302900946791387	9.93852443862051	0.999999673932071
77.775	4.1	0.999999608005796	0.798594909842233	-0.0029032904401721	9.81873969131786	0.999999686404637
77.925	4.1	0.999999623042209	0.798653028289258	-0.00278302510302633	9.69894604089067	0.999999698433767
78.075	4.1	0.999999637540078	0.798708755131383	-0.00266796542330037	9.57914385518097	0.999999710032063
78.225	4.1	0.999999651515133	0.798762206948038	-0.00255787517962191	9.45933348393096	0.999999721212106
78.375	4.1	0.999999664983014	0.798813492541315	-0.00245252943034705	9.33951526000589	0.999999731986411
78.525	4.1	0.999999677959216	0.798862713646996	-0.00235171399463977	9.21968950050438	0.999999742367373
78.675	4.1	0.999999690459044	0.798909965570036	-0.00225522494838495	9.09985650776804	0.999999752367235
78.825	4.1	0.999999702497578	0.798955337753162	-0.00216286813682003	8.98001657030112	0.999999761998062
78.975	4.1	0.999999714089652	0.798998914285535	-0.00207445870464312	8.86016996360957	0.999999771271722
79.125	4.1	0.999999725249833	0.799040774358093	-0.00198982064441271	8.74031695096807	0.999999780199866
79.275	4.1	0.999999735992397	0.7990809926714	-0.00190878636358806	8.62045778412256	0.999999788793917
79.425	4.1	0.999999746331321	0.799119639801326	-0.00183119627021305	8.50059270393485	0.999999797065057
79.575	4.1	0.999999756280278	0.799156782526864	-0.00175689837721713	8.38072194097546	0.999999805024222
79.725	4.1	0.99999976585261	0.799192484124804	-0.00168574792506308	8.26084571606993	0.999999812682088
79.875	4.1	0.999999775061333	0.799226804634334	-0.00161760702229836	8.14096424080322	0.999999820049067
80.025	4.1	0.999999783919135	0.799259801095326	-0.00155234430362129	8.02107771798664	0.999999827135308
80.175	4.1	0.999999792438359	0.799291527762931	-0.00148983460481776	7.90118634209079	0.999999833950687
80.325	4.1	0.999999800631014	0.79932203630135	-0.00142995865406903	7.78129029964809	0.999999840504811
80.475	4.1	0.999999808508767	0.799351375958801	-0.00137260277892122	7.66138976962762	0.999999846807013
80.625	4.1	0.999999816082944	0.799379593725964	-0.0013176586282888	7.5414849237851	0.999999852866355
80.775	4.1	0.999999823364536	0.799406734479621	-0.00126502290888878	7.42157592699028	0.999999858691629
80.925	4.1	0.9999998303642	0.799432841113066	-0.00121459713529835	7.30166293753377	0.99999986429136
81.075	4.1	0.999999837092264	0.799457954654831	-0.00116628739318492	7.18174610741528	0.999999869673811
81.225	4.1	0.999999843558732	0.799482114376925	-0.00112000411484329	7.06182558261493	0.999999874846986
81.375	4.1	0.999999849773286	0.799505357893607	-0.00107566186656367	6.94190150334893	0.999999879818629
81.525	4.1	0.999999855745288	0.799527721251926	-0.00103317914713472	6.82197400431128	0.999999884596231
81.675	4.1	0.999999861483791	0.799549239014701	-0.000992478196890552	6.70204321490232	0.999999889187033
81.825	4.1	0.999999866997534	0.79956994433675	-0.000953484816761267	6.58210925944547	0.999999893598028
81.975	4.1	0.999999872294956	0.799589869035138	-0.000916128196670791	6.46217225739297	0.999999897835965
82.125	4.1	0.999999877384205	0.799609043654023	-0.000880340752824564	6.34223232352155	0.999999901907364
82.275	4.1	0.99999988227316	0.799627497524563	-0.000846057973347893	6.22228956811865	0.999999905818528
82.425	4.1	0.999999886969464	0.799645258820471	-0.000813218271689891	6.10234409716016	0.999999909575571
82.575	4.1	0.999999891480541	0.799662354609608	-0.000781762847378763	5.98239601247997	0.999999913184433
82.725	4.1	0.999999895813616	0.799678810902027	-0.00075163555361295	5.8624454119322	0.999999916650893
82.875	4.1	0.999999899975663	0.799694652694693	-0.00072278277118705	5.74249238954638	0.999999919980531
83.025	4.1	0.999999903973297	0.799709904013503	-0.000695153288393395	5.62253703567622	0.999999923178637
83.175	4.1	0.999999907812587	0.799724587952531	-0.000668698186372739	5.50257943714224	0.99999992625007
83.325	4.1	0.999999911498912	0.799738726711118	-0.000643370729549281	5.38261967736878	0.99999992919913
83.475	4.1	0.999999915037001	0.799752341628843	-0.00061912626077502	5.26265783651556	0.9999999320296
83.625	4.1	0.999999918431442	0.799765453218779	-0.0005959221006503	5.14269399160417	0.999999934745153
83.775	4.1	0.999999921687779	0.799778081199221	-0.000573717450654152	5.02272821663955	0.999999937350223
83.925	4.1	0.999999924813982	0.799790244524274	-0.000552473299517227	4.90276058272677	0.999999939851186
84.075	4.1	0.999999927821412	0.799801961413597	-0.000532152332356345	4.78279115818304	0.99999994225713
84.225	4.1	0.999999930723738	0.799813249381938	-0.000512718842154025	4.66282000864538	0.999999944578991
84.375	4.1	0.999999933532133	0.799824125268997	-0.000494138643312962	4.54284719717399	0.999999946825706
84.525	4.1	0.999999936246449	0.799834605270422	-0.000476378987219269	4.42287278435185	0.999999948997159
84.675	4.1	0.999999938845418	0.799844704970414	-0.000459408480211187	4.30289682838055	0.999999951076335
84.825	4.1	0.999999941283705	0.799854439376314	-0.000443197003987637	4.18291938517192	0.999999953026964
84.975	4.1	0.999999943507103	0.799863822954478	-0.000427715638719848	4.06294050843409	0.999999954805682
85.125	4.1	0.999999945494301	0.799872869666992	-0.000412936588138912	3.94296024974942	0.999999956395441
85.275	4.1	0.999999947319334	0.799881593008727	-0.000398833105308746	3.82297865864155	0.999999957855467
85.425	4.1	0.999999949202541	0.7998900060469	-0.000385379417245608	3.70299578263022	0.999999959362032
85.575	4.1	0.999999951489526	0.799898121469247	-0.000372550647182709	3.58301166727662	0.999999961191621
85.725	4.1	0.999999954491778	0.79990595165177	-0.0003603227352157	3.46302635622788	0.999999963593422
85.875	4.1	0.999999958171829	0.799913508758616	-0.000348672361751534	3.34303989127265	0.999999966537463
86.025	4.1	0.999999961779883	0.799920804879601	-0.000337576882184593	3.22305231241604	0.999999969423907
86.175	4.1	0.99999996371979	0.799927852191548	-0.000327014284065098	3.10306365796373	0.999999970975832
86.325	4.1	0.999999962033956	0.799934663099937	-0.000316963177101817	2.98307396457428	0.999999969627165
86.475	4.1	0.999999955772479	0.799941250293095	-0.000307402820769656	2.86308326720763	0.999999964617983
86.625	4.1	0.999999946989975	0.799947626650449	-0.000298313184465765	2.74309159889827	0.99999995759198
86.775	4.1	0.999999942222131	0.799953805020416	-0.000289675025109947	2.62309899034793	0.999999953777704
86.925	4.1	0.999999951450166	0.799959798028798	-0.000281469962531331	2.50310546948185	0.999999961160133
87.075	4.1	0.999999982633553	0.79996561824223	-0.000273680539030788	2.38311106129778	0.999999986106842
87.225	4.1	1.00000003189562	0.799971279058195	-0.000266290267853352	2.26311578842284	1.00000002551649
87.375	4.1	1.00000007373466	0.799976796441117	-0.000259283700177771	2.14311967257978	1.00000005898773
87.525	4.1	1.00000006075387	0.799982190956708	-0.000252646560875771	2.02312273650258	1.00000004860309
87.675	4.1	0.999999944360723	0.799987488622265	-0.000246366005990883	1.90312500484438	0.999999955488579
87.825	4.1	0.999999720999211	0.799992718467111	-0.000240431032671533	1.78312650186388	0.999999776799368
87.975	4.1	0.999999488921315	0.799997905351835	-0.000234833029529038	1.66312724418863	0.999999591137052
88.125	4.1	0.999999472289203	0.800003059404976	-0.000229566408962757	1.54312722975529	0.999999577831362
88.275	4.1	0.999999949841284	0.80000816822792	-0.000224629233369129	1.42312642911368	0.999999959873027
88.425	4.1	1.00000104404492	0.800013202481256	-0.000220023743261789	1.30312479040102	1.00000083523594
88.575	4.1	1.00000241112495	0.800018144849042	-0.0002157567029722	1.1831222694531	1.00000192889996
88.725	4.1	1.00000301851566	0.800023041225805	-0.000211839464565089	1.06311888560619	1.00000241481253
88.875	4.1	1.00000133444039	0.800028049632787	-0.000208287587927262	0.943114779185248	1.00000106755231
89.025	4.1	0.999996238852379	0.800033435175199	-0.000205119774987319	0.823110216234284	0.999996991081903
89.175	4.1	0.999988626307231	0.800039450411449	-0.000202355899128895	0.703105472613328	0.999990901045785
89.325	4.1	0.999982954095005	0.800046080545183	-0.000200014221064684	0.583100566851206	0.999986363276004
89.475	4.1	0.999987143930186	0.800052741396499	-0.000198108592659788	0.463094923412271	0.999989715144149
89.625	4.1	1.00000895131445	0.800058170783053	-0.000196647369185317	0.343087215000342	1.00000716105156
89.775	4.1	1.00004812630414	0.800050652895409	-0.000195636191091915	0.223075755522671	1.00003850104332
89.925	4.1	1.00008702097712	0.400084571199512	-0.000195105442823893	0.103062780202003	1.0000696167817
0.075	4.3	8.34053964110281e-31	0.399999971219184	-3.33149107061663e-05	36.0880227853695	0.2
0.225	4.3	5.03961130126228e-30	0.799999921556592	-3.32742699963121e-05	36.0640227870963	0.2
0.375	4.3	-4.75065982729146e-30	0.799999895187683	-3.31963216147451e-05	36.0400227900761	0.2
0.525	4.3	5.4259692504073e-30	0.799999906335223	-3.30874918050207e-05	36.016022793385	0.2
0.675	4.3	-1.78518021464431e-29	0.799999967390575	-3.29568512236484e-05	35.9920227956959	0.2
0.825	4.3	-1.96122428801581e-30	0.800000088416877	-3.28155071952377e-05	35.9680227953416	0.2
0.975	4.3	-3.60167072303821e-29	0.800000276848111	-3.26759057129504e-05	35.9440227903909	0.2
1.125	4.3	-4.62830540761715e-30	0.800000537393618	-3.2551112306888e-05	35.9200227787307	0.2
1.275	4.3	-3.47296619238149e-29	0.800000872129446	-3.24541371756467e-05	35.8960227581473	0.2
1.425	4.3	3.18859984436572e-29	0.800001280746808	-3.23973547860021e-05	35.872022726403	0.2
1.575	4.3	2.14020134214631e-29	0.80000176091452	-3.23920494688646e-05	35.8480226813025	0.2
1.725	4.3	1.27940009834306e-28	0.800002308705426	-3.24481033387834e-05	35.8240226207481	0.2
1.875	4.3	1.1499788983434e-28	0.800002919048708	-3.25738210845145e-05	35.8000225427802	0.2
2.025	4.3	2.07243035128162e-28	0.800003586165073	-3.27758825030133e-05	35.7760224456052	0.2
2.175	4.3	9.86880673723616e-29	0.800004303962144	-3.30593939336686e-05	35.7520223276103	0.2
2.325	4.3	6.53888770977975e-29	0.800005066369545	-3.34280190360786e-05	35.7280221873674	0.2
2.475	4.3	-2.41136790942463e-28	0.800005867606368	-3.38841603389261e-05	35.7040220236281	0.2
2.625	4.3	-4.2906930520018e-28	0.800006702380941	-3.44291668522255e-05	35.680021835311	0.2
2.775	4.3	-8.36676580753275e-28	0.80000756602313	-3.5063553307075e-05	35.6560216214852	0.2
2.925	4.3	-8.92640135215987e-28	0.800008454563725	-3.57872108256523e-05	35.6320213813497	0.2
3.075	4.3	-9.36701288551205e-28	0.800009364763815	-3.6599602019796e-05	35.6080211142114	0.2
3.225	4.3	-2.77534559302888e-28	0.800010294110361	-3.74999345257447e-05	35.5840208194638	0.2
3.375	4.3	5.42950085227294e-28	0.800011240783675	-3.84873068002018e-05	35.5600204965648	0.2
3.525	4.3	2.08885144985491e-27	0.800012203606256	-3.95608300179522e-05	35.5360201450168	0.2
3.675	4.3	3.29117591432126e-27	0.800013181981775	-4.07197230689145e-05	35.5120197643484	0.2
3.825	4.3	4.41096079844468e-27	0.800014175830508	-4.19633859514146e-05	35.4880193540979	0.2
3.975	4.3	3.86295988494957e-27	0.800015185520617	-4.32914532510465e-05	35.4640189137986	0.2
4.125	4.3	2.08393653781734e-27	0.80001621180559	-4.47038311779266e-05	35.4400184429667	0.2
4.275	4.3	-2.18175675179797e-27	0.800017255765032	-4.62007199337071e-05	35.4160179410903	0.2
4.425	4.3	-7.07188787917784e-27	0.800018318751333	-4.77826286220698e-05	35.3920174076207	0.2
4.575	4.3	-1.24335018174051e-26	0.800019402341627	-4.94503783305296e-05	35.3680168419652	0.2
4.725	4.3	-1.44642296063569e-26	0.800020508300576	-5.12051025929819e-05	35.3440162434802	0.2
4.875	4.3	-1.25711220182743e-26	0.800021638544485	-5.30482408394565e-05	35.3200156114671	0.2
5.025	4.3	-3.6246731606533e-27	0.800022795113822	-5.49815330962664e-05	35.2960149451676	0.2
5.175	4.3	9.07031874402094e-27	0.800023980153311	-5.70070098849213e-05	35.2720142437603	0.2
5.325	4.3	2.34983683672646e-26	0.800025195890428	-5.91269824886567e-05	35.2480135063584	0.2
5.475	4.3	2.98060110994779e-26	0.800026444627988	-6.13440358356401e-05	35.2240127320069	0.2
5.625	4.3	2.33800968520866e-26	0.800027728728033	-6.36610169828599e-05	35.2000119196807	0.2
5.775	4.3	-2.60620227780912e-27	0.800029050611119	-6.60810307447071e-05	35.1760110682832	0.2
5.925	4.3	-3.83882273101647e-26	0.800030412747986	-6.86074314309379e-05	35.1520101766441	0.2
6.075	4.3	-6.85920774795286e-26	0.800031817660828	-7.12438172799122e-05	35.1280092435183	0.2
6.225	4.3	-5.69825430922621e-26	0.800033267920348	-7.39940289600234e-05	35.1040082675844	0.2
6.375	4.3	2.43870264233136e-26	0.800034766148884	-7.68621447284554e-05	35.0800072474431	0.2
6.525	4.3	1.94854578675526e-25	0.80003631502176	-7.98524801031143e-05	35.0560061816155	0.2
6.675	4.3	4.13733719906331e-25	0.800037917271072	-8.29695886239567e-05	35.0320050685418	0.2
6.825	4.3	5.82223144895504e-25	0.800039575688523	-8.62182628062234e-05	35.0080039065792	0.2
6.975	4.3	5.12962897652862e-25	0.800041293130949	-8.96035360496687e-05	34.9840026940005	0.2
7.125	4.3	5.05938939199817e-27	0.80004307252443	-9.31306870968632e-05	34.9600014289914	0.2
7.275	4.3	-1.09013100672384e-24	0.800044916869676	-9.68052435915663e-05	34.936000109649	0.2
7.425	4.3	-2.67490332917935e-24	0.800046829247389	-0.000100632989261621	34.9119987339792	0.2
7.575	4.3	-4.28516268842423e-24	0.800048812824575	-0.000104619968417792	34.8879972998941	0.2
7.725	4.3	-4.95266963404248e-24	0.800050870859027	-0.000108772495045466	34.8639958052097	0.2
7.875	4.3	-3.36340492962081e-24	0.800053006706483	-0.000113097159667133	34.8399942476426	0.2
8.025	4.3	1.78959439352173e-24	0.800055223826249	-0.000117600839339923	34.8159926248073	0.2
8.175	4.3	1.0975287891319e-23	0.800057525787502	-0.000122290706559347	34.791990934213	0.2
8.325	4.3	2.28760000592438e-23	0.800059916275005	-0.000127174240459738	34.7679891732601	0.2
8.475	4.3	3.33600502864406e-23	0.800062399096695	-0.000132259237300257	34.7439873392365	0.2
8.625	4.3	3.52463145039215e-23	0.800064978189494	-0.000137553823560697	34.7199854293143	0.2
8.775	4.3	1.92702546270918e-23	0.800067657625272	-0.000143066467199572	34.6959834405452	0.2
8.925	4.3	-2.26982773673832e-23	0.8000704416185	-0.000148805992242366	34.6719813698568	0.2
9.075	4.3	-9.22879806783009e-23	0.800073334533187	-0.000154781592392418	34.647979214048	0.2
9.225	4.3	-1.77424911839969e-22	0.800076340888874	-0.000161002845645639	34.6239769697848	0.2
9.375	4.3	-2.45997972661069e-22	0.800079465368951	-0.000167479730705569	34.5999746335947	0.2
9.525	4.3	-2.44199296901514e-22	0.800082712826604	-0.000174222643375284	34.5759722018626	0.2
9.675	4.3	-1.05743800576018e-22	0.800086088293677	-0.000181242412388834	34.5519696708251	0.2
9.825	4.3	2.23008286985979e-22	0.800089596986885	-0.000188550319567594	34.527967036565	0.2
9.975	4.3	7.40146070008126e-22	0.800093244316596	-0.000196158117011176	34.5039642950059	0.2
10.125	4.3	1.33578497130502e-21	0.800097035894315	-0.000204078047699974	34.479961441906	0.2
10.275	4.3	1.75153755116159e-21	0.800100977541011	-0.000212322866062712	34.4559584728522	0.2
10.425	4.3	1.58867462878054e-21	0.80010507529548	-0.000220905859665983	34.4319553832536	0.2
10.575	4.3	4.06740894235883e-22	0.800109335422644	-0.000229840871653417	34.4079521683345	0.2
10.725	4.3	-2.05999784626762e-21	0.800113764423101	-0.000239142324595635	34.3839488231282	0.2
10.875	4.3	-5.58852643887302e-21	0.8001183690416	-0.000248825245588039	34.3599453424691	0.2
11.025	4.3	-9.15222157916979e-21	0.800123156275902	-0.00025890529130078	34.3359417209857	0.2
11.175	4.3	-1.07915714573179e-20	0.80012813338849	-0.000269398776007369	34.3119379530926	0.2
11.325	4.3	-7.91090138197875e-21	0.800133307913212	-0.000280322699434892	34.2879340329824	0.2
11.475	4.3	1.7938314918314e-21	0.800138687668851	-0.000291694776514048	34.2639299546178	0.2
11.625	4.3	1.87626031047277e-20	0.800144280765804	-0.000303533468591182	34.2399257117223	0.2
11.775	4.3	3.96972371829898e-20	0.800150095621306	-0.000315858015544177	34.2159212977718	0.2
11.925	4.3	5.62037378005368e-20	0.800156140965562	-0.000328688469611527	34.191916705985	0.2
12.075	4.3	5.51755065492103e-20	0.800162425857188	-0.000342045732023211	34.1679119293139	0.2
12.225	4.3	2.22014085727807e-20	0.800168959692516	-0.000355951588929905	34.1439069604336	0.2
12.375	4.3	-5.13360394298379e-20	0.800175752218035	-0.000370428751413493	34.1199017917323	0.2
12.525	4.3	-1.58359279828576e-19	0.800182813542535	-0.000385500894753469	34.0958964153005	0.2
12.675	4.3	-2.66611512543556e-19	0.800190154151399	-0.000401192703454121	34.0718908229198	0.2
12.825	4.3	-3.1539746205474e-19	0.800197784916136	-0.000417529914642691	34.0478850060514	0.2
12.975	4.3	-2.25722376634564e-19	0.800205717110892	-0.000434539364155713	34.0238789558248	0.2
13.125	4.3	7.03529730883764e-20	0.800213962424972	-0.000452249038415439	33.9998726630248	0.2
13.275	4.3	5.81431662424253e-19	0.800222532976112	-0.000470688123518077	33.9758661180793	0.2
13.425	4.3	1.20070459064906e-18	0.800231441325144	-0.000489887060407162	33.9518593110462	0.2
13.575	4.3	1.66748004059762e-18	0.800240700492449	-0.000509877601887625	33.9278522315998	0.2
13.725	4.3	1.58323082276691e-18	0.800250323969486	-0.000530692871413676	33.9038448690167	0.2
13.875	4.3	5.20132613398333e-19	0.800260325738055	-0.000552367426803378	33.8798372121616	0.2
14.025	4.3	-1.76037186867532e-18	0.800270720283524	-0.000574937325029857	33.8558292494724	0.2
14.175	4.3	-5.00849495469877e-18	0.800281522611131	-0.000598440190992174	33.8318209689446	0.2
14.325	4.3	-8.20775505329181e-18	0.800292748264499	-0.000622915290943617	33.8078123581157	0.2
14.475	4.3	-9.49315775398472e-18	0.800304413339841	-0.000648403608147674	33.7838034040487	0.2
14.625	4.3	-6.48171157670168e-18	0.800316534506118	-0.000674947922919895	33.7597940933153	0.2
14.775	4.3	2.81864699725747e-18	0.800329129019605	-0.000702592896928711	33.7357844119784	0.2
14.925	4.3	1.85406583929035e-17	0.800342214744686	-0.000731385161772903	33.7117743455741	0.2
15.075	4.3	3.72834646466437e-17	0.800355810170737	-0.000761373412381249	33.6877638790937	0.2
15.225	4.3	5.1005054882643e-17	0.800369934432187	-0.000792608504858952	33.6637529969639	0.2
15.375	4.3	4.75961235908284e-17	0.800384607325977	-0.000825143560036972	33.6397416830278	0.2
15.525	4.3	1.42515483923567e-17	0.800399849332769	-0.000859034072344713	33.6157299205243	0.2
15.675	4.3	-5.58710857441378e-17	0.800415681638133	-0.000894338025006143	33.5917176920678	0.2
15.825	4.3	-1.54658472664154e-16	0.800432126150341	-0.000931116010240168	33.5677049796261	0.2
15.975	4.3	-2.50800571611587e-16	0.800449205523081	-0.000969431357103909	33.5436917644988	0.2
16.125	4.3	-2.87604083383795e-16	0.800466943177975	-0.00100935026668	33.5196780272947	0.2
16.275	4.3	-1.9327577642184e-16	0.800485363325592	-0.00105094195387978	33.4956637479081	0.2
16.425	4.3	9.14627298003823e-17	0.800504490987632	-0.001094278796815	33.4716489054951	0.2
16.575	4.3	5.69188602584116e-16	0.800524352022819	-0.00113943649659257	33.4476334784488	0.2
16.725	4.3	1.13576329521939e-15	0.800544973148679	-0.00118649424396125	33.4236174443738	0.200000000000001
16.875	4.3	1.54767892844005e-15	0.800566381967795	-0.00123553489643168	33.3996007800599	0.200000000000001
17.025	4.3	1.43995680352918e-15	0.800588606993596	-0.00128664516610943	33.3755834614557	0.200000000000001
17.175	4.3	4.27659398451802e-16	0.800611677677587	-0.00133991581708183	33.3515654636403	0.2
17.325	4.3	-1.69471844982211e-15	0.800635624436389	-0.00139544187663496	33.327546760795	0.199999999999999
17.475	4.3	-4.68447381475049e-15	0.800660478682607	-0.001453322855629	33.3035273261741	0.199999999999996
17.625	4.3	-7.60413358782365e-15	0.800686272855438	-0.00151366298495691	33.2795071320741	0.199999999999994
17.775	4.3	-8.75408690535061e-15	0.800713040452235	-0.00157657146529924	33.2554861498028	0.199999999999993
17.925	4.3	-5.97446055413064e-15	0.800740816065374	-0.00164216273041523	33.231464349647	0.199999999999995
18.075	4.3	2.53873730653262e-15	0.800769635417929	-0.00171055672902282	33.2074417008389	0.200000000000002
18.225	4.3	1.69221565695437e-14	0.80079953540419	-0.0017818792213593	33.1834181715219	0.200000000000014
18.375	4.3	3.414930585984e-14	0.800830554132256	-0.00185626209640466	33.1593937287146	0.200000000000027
18.525	4.3	4.7027050336525e-14	0.800862730971444	-0.00193384370663632	33.1353683382739	0.200000000000038
18.675	4.3	4.4659311353338e-14	0.800896106603282	-0.00201476922523542	33.1113419648563	0.200000000000036
18.825	4.3	1.53616930087707e-14	0.800930723076258	-0.00209919102469393	33.0873145718777	0.200000000000012
18.975	4.3	-4.75179112869006e-14	0.800966623870132	-0.00218726908024374	33.0632861214717	0.199999999999962
19.125	4.3	-1.37642550537783e-13	0.801003853962029	-0.00227917139821545	33.0392565744455	0.19999999999989
19.275	4.3	-2.28191426138859e-13	0.801042459904008	-0.00237507447205685	33.015225890234	0.199999999999817
19.425	4.3	-2.69354321298167e-13	0.801082489908468	-0.00247516376786186	32.9911940268513	0.199999999999785
19.575	4.3	-1.96395082302657e-13	0.801123993943893	-0.00257963424118315	32.9671609408396	0.199999999999843
19.725	4.3	4.72696505627059e-14	0.801167023842527	-0.00268869088686605	32.9431265872147	0.200000000000038
19.875	4.3	4.72050281274818e-13	0.801211633423301	-0.00280254932600345	32.919090919409	0.200000000000378
20.025	4.3	9.97546247381385e-13	0.801257878629332	-0.00292143642967917	32.8950538892093	0.200000000000798
20.175	4.3	1.42018420293569e-12	0.801305817685537	-0.00304559098508476	32.8710154466911	0.200000000001136
20.325	4.3	1.42107817495057e-12	0.801355511278236	-0.00317526440395434	32.8469755401479	0.200000000001137
20.475	4.3	6.43407504672787e-13	0.801407022757085	-0.00331072147987319	32.8229341160141	0.200000000000515
20.625	4.3	-1.14484027557485e-12	0.801460418369762	-0.0034522411925129	32.7988911187823	0.199999999999084
20.775	4.3	-3.82007921118763e-12	0.801515767525857	-0.00360011756775708	32.7748464909121	0.199999999996944
20.925	4.3	-6.67278344897037e-12	0.801573143101121	-0.00375466059231705	32.7508001727315	0.199999999994662
21.075	4.3	-8.30247490602575e-12	0.801632621785043	-0.00391619719024371	32.7267521023274	0.199999999993358
21.225	4.3	-6.79844009468938e-12	0.801694284477333	-0.00408507226244239	32.702702215426	0.199999999994561
21.375	4.3	-3.45108678952375e-13	0.80175821674424	-0.00426164979621845	32.67865044526	0.199999999999724
21.525	4.3	1.17224218913283e-11	0.801824509338768	-0.00444631404504759	32.6545967224214	0.200000000009378
21.675	4.3	2.76069444005871e-11	0.801893258798094	-0.00463947078665904	32.6305409746974	0.200000000022086
21.825	4.3	4.19712818102411e-11	0.801964568126524	-0.00484154866051667	32.6064831268882	0.200000000033577
21.975	4.3	4.5858793368123e-11	0.802038547576711	-0.00505300058951164	32.5824231006018	0.200000000036687
22.125	4.3	2.84705729711754e-11	0.802115315543689	-0.00527430528810417	32.5583608140248	0.200000000022776
22.275	4.3	-1.86260691757432e-11	0.802194999583959	-0.00550596886191637	32.5342961816637	0.199999999985099
22.425	4.3	-9.5097693989649e-11	0.802277737581369	-0.00574852649974328	32.5102291140533	0.199999999923922
22.575	4.3	-1.84836037321621e-10	0.802363679075573	-0.00600254426623554	32.4861595174271	0.199999999852131
22.725	4.3	-2.51514480870562e-10	0.802452986780666	-0.00626862099515006	32.4620872933444	0.199999999798788
22.875	4.3	-2.41093515971554e-10	0.802545838318769	-0.00654739029483555	32.4380123382687	0.199999999807125
23.025	4.3	-9.55596538870987e-11	0.80264242820576	-0.00683952266634723	32.4139345430917	0.199999999923552
23.175	4.3	2.20205675706748e-10	0.802742970115551	-0.00714572774040916	32.3898537925948	0.200000000176165
23.325	4.3	6.81774957428123e-10	0.802847699476559	-0.00746675662572007	32.3657699648423	0.20000000054542
23.475	4.3	1.16973811836726e-09	0.80295687642094	-0.00780340435955076	32.3416829304948	0.200000000935791
23.625	4.3	1.45450909246852e-09	0.803070789144255	-0.0081565124317005	32.3175925520316	0.200000001163607
23.775	4.3	1.22504839504948e-09	0.803189757701372	-0.00852697134851189	32.2934986828658	0.200000000980039
23.925	4.3	1.81492608937615e-10	0.803314138281358	-0.00891572319671599	32.2694011663334	0.200000000145194
24.075	4.3	-1.80484427159923e-09	0.803444328019688	-0.00932376417487517	32.2452998345339	0.199999998556125
24.225	4.3	-4.49152786418985e-09	0.803580770404115	-0.00975214708375555	32.2211945070002	0.199999996406778
24.375	4.3	-7.09336566135157e-09	0.803723961386231	-0.0102019838000968	32.1970849891759	0.199999994325307
24.525	4.3	-8.2454216356684e-09	0.803874456337449	-0.0106744478024606	32.1729710706853	0.199999993403663
24.675	4.3	-6.22177837292755e-09	0.804032878038199	-0.0111707768340813	32.1488525233865	0.199999995022577
24.825	4.3	5.01860934649709e-10	0.804199925901178	-0.0116922757558601	32.1247290992037	0.200000000401489
24.975	4.3	1.23534661755273e-08	0.804376386634348	-0.0122403195474477	32.1006005277355	0.200000009882773
25.125	4.3	2.76170498534001e-08	0.804563146452117	-0.0128163561970466	32.0764665136208	0.20000002209364
25.275	4.3	4.16155704742531e-08	0.804761204824293	-0.0134219089611249	32.0523267336157	0.200000033292456
25.425	4.3	4.6679070217887e-08	0.804971689566405	-0.0140585771767822	32.0281808332936	0.200000037343256
25.575	4.3	3.34877751006353e-08	0.805195872928593	-0.0147280346443904	32.0040284232236	0.20000002679022
25.725	4.3	-5.83251251432509e-09	0.805435188295877	-0.0154320246858595	31.9798690744464	0.19999999533399
25.875	4.3	-7.30185488105245e-08	0.805691247321699	-0.0161723514771041	31.9557023130533	0.199999941585161
26.025	4.3	-1.5836769598649e-07	0.805965857821382	-0.0169508682066614	31.9315276137264	0.199999873305843
26.175	4.3	-2.36767386613658e-07	0.80626104358943	-0.0177694638700248	31.9073443922174	0.199999810586091
26.325	4.3	-2.67735747449831e-07	0.806579068288165	-0.0186300517213176	31.8831519969262	0.199999785811402
26.475	4.3	-2.0220905003941e-07	0.80692246635607	-0.0195345629242363	31.8589496999481	0.19999983823276
26.625	4.3	2.27685900731274e-09	0.80729408397984	-0.0204849480366194	31.8347366881049	0.200000001821487
26.775	4.3	3.58852477017091e-07	0.807697132006082	-0.0214831860048541	31.8105120544682	0.200000287081982
26.925	4.3	8.25572116079502e-07	0.808135249844839	-0.022531295205071	31.7862747906219	0.200000660457693
27.075	4.3	1.28531654681497e-06	0.808612574998978	-0.0236313344728988	31.7620237793557	0.200001028253237
27.225	4.3	1.54306139360317e-06	0.809133807662693	-0.0247853758490241	31.7377577866845	0.200001234449115
27.375	4.3	1.35240786116285e-06	0.809704255510606	-0.0259954277388772	31.7134754512456	0.200001081926289
27.525	4.3	4.78849972311793e-07	0.81032984273356	-0.0272632905173969	31.6891752685417	0.200000383079978
27.675	4.3	-1.20256559966006e-06	0.81101707203521	-0.0285903387828549	31.6648555675553	0.19999903794752
27.825	4.3	-3.5918385867653e-06	0.811772940327519	-0.0299772456973173	31.6405144782919	0.199997126529131
27.975	4.3	-6.26321107012214e-06	0.812604827891274	-0.0314236919456993	31.6161498909174	0.199994989431144
28.125	4.3	-8.42318834020602e-06	0.813520403340705	-0.0329281274031582	31.5917594101022	0.199993261449328
28.275	4.3	-8.97348888739261e-06	0.814527606062631	-0.034487666951492	31.5673403113015	0.19999282120889
28.425	4.3	-6.71152528310135e-06	0.815634774385128	-0.0360981915189076	31.5428895079355	0.199994630779774
28.575	4.3	-6.70014510777988e-07	0.816850971863447	-0.0377546831410025	31.5184035386352	0.199999463988391
28.725	4.3	9.44791775611985e-06	0.81818651927337	-0.0394517487206776	31.4938785809761	0.200007558334205
28.875	4.3	2.28316068455949e-05	0.819653667261956	-0.0411841932970188	31.4693104922406	0.200018265285477
29.025	4.3	3.72566350961632e-05	0.821267255963451	-0.042947414957798	31.444694869578	0.200029805308077
29.175	4.3	4.90547037343352e-05	0.823045126170228	-0.0447373435828754	31.4200271134458	0.200039243762987
29.325	4.3	5.34761999860182e-05	0.825008002079865	-0.0465496670538102	31.3953024721914	0.200042780959989
29.475	4.3	4.54883473131999e-05	0.82717858751601	-0.048378200770904	31.3705160449307	0.200036390677851
29.625	4.3	2.09420880548447e-05	0.829579723841251	-0.0502124540355535	31.3456627264636	0.200016753670444
29.775	4.3	-2.20814059680617e-05	0.832231645934438	-0.0520346951751337	31.3207370919486	0.199982334875226
29.925	4.3	-8.20345728069723e-05	0.835148614617547	-0.0538170557310157	31.2957332381503	0.199934372341754
30.075	4.3	-0.000153111424595821	0.838335447815395	-0.0555193697608731	31.2706446177259	0.199877510860323
30.225	4.3	-0.00022519391620271	0.841784650596487	-0.0570884513384025	31.2454639173777	0.199819844867038
30.375	4.3	-0.000284702105552646	0.845474886002199	-0.0584593334577169	31.2201830342378	0.199772238315558
30.525	4.3	-0.000316315438067845	0.849371381773408	-0.059558632469871	31.1947931942528	0.199746947649546
30.675	4.3	-0.000305310794250941	0.85342852120514	-0.060309727524899	31.1692852319588	0.199755751364599
30.825	4.3	-0.000240079154812936	0.857594369392037	-0.0606389687127517	31.143650017606	0.19980793667615
30.975	4.3	-0.000114298370339659	0.861816356001994	-0.0604817896036998	31.1178789835228	0.199908561303728
31.125	4.3	7.17033675647383e-05	0.866046933623228	-0.0597875166557444	31.0919646772551	0.200057362694052
31.275	4.3	0.000310655599848988	0.8702479098029	-0.0585218833076281	31.0659012638698	0.200248524479879
31.425	4.3	0.000589082671945543	0.874392391313088	-0.0566667127332757	31.0396849192942	0.200471266137556
31.575	4.3	0.000888714112189635	0.878463842161121	-0.054216789644455	31.0133140989335	0.200710971289752
31.725	4.3	0.00118801727996205	0.882452484175762	-0.0511744424962271	30.9867897199932	0.20095041382397
31.875	4.3	0.00146334837298973	0.886349930787131	-0.0475427162174552	30.960115341371	0.201170678698392
32.025	4.3	0.00168957923933607	0.890143314580513	-0.0433182619168736	30.933297434851	0.201351663391469
32.175	4.3	0.00184069124474395	0.893810098865724	-0.0384853179329321	30.9063457902567	0.201472552995795
32.325	4.3	0.00189152648773872	0.897314241182379	-0.0330124895742984	30.8792739740974	0.201513221190191
32.475	4.3	0.00182226579257126	0.900603566181416	-0.0268543545983528	30.8520995853086	0.201457812634057
32.625	4.3	0.00162676730177172	0.903607457897207	-0.0199598386833491	30.8248438867494	0.201301413841417
32.775	4.3	0.00132423162379233	0.906233799679741	-0.0122881462877422	30.7975303476589	0.201059385299034
32.925	4.3	0.000970727536782735	0.9083650153006	-0.00383001990247491	30.7701818435392	0.200776582029426
33.075	4.3	0.00066362113685497	0.909855435987745	0.00537319271777029	30.7428168207567	0.200530896909484
33.225	4.3	0.000529546956931408	0.910535703901259	0.0152269326239703	30.7154456055482	0.200423637565545
33.375	4.3	0.000687618638048476	0.910232814596155	0.0256164135638187	30.688068957384	0.200550094910439
33.525	4.3	0.0011863611843929	0.908813295077099	0.0364910843589045	30.6606814223409	0.200949088947514
33.675	4.3	0.00192604767015544	0.906248502698962	0.0479993657872538	30.6332813962832	0.201540838136124
33.825	4.3	0.00259520227674117	0.902686281576681	0.0606438408348651	30.6058875975028	0.202076161821393
33.975	4.3	0.00266422907575869	0.898501081996656	0.0754013028022858	30.5785579825503	0.202131383260607
34.125	4.3	0.00148036659237969	0.894294724677686	0.0937430932932009	30.5514030175333	0.201184293273904
34.275	4.3	-0.001513034254075	0.890826973031337	0.117488732117075	30.5245825669014	0.19878957259674
34.425	4.3	-0.00645572321620598	0.888843760495049	0.148393239729578	30.4982768835653	0.194835421427035
34.575	4.3	-0.0127299184683403	0.888719556008152	0.187293308335468	30.4726290923038	0.189816065225328
34.725	4.3	-0.0187280687473386	0.889782141069824	0.232646868371264	30.4476689088022	0.185017545002129
34.875	4.3	-0.021863028826276	0.889366595058622	0.278796836630272	30.4232415001055	0.182509576938979
35.025	4.3	-0.0189029569752369	0.882414508601896	0.315638529467053	30.3989735324999	0.184877634419811
35.175	4.3	-0.00660650810442124	0.863254185496107	0.332208186091989	30.3742998880271	0.194714793516463
35.325	4.3	0.0174981078591387	0.829538534281416	0.323404619922098	30.3485470243555	0.213998486287311
35.475	4.3	0.0544282872346797	0.784494074522369	0.29344252535507	30.3210438908312	0.243542629787744
35.625	4.3	0.103357163771496	0.734699015832793	0.252119351571205	30.2912296993669	0.282685731017197
35.775	4.3	0.161614784740557	0.68624159335792	0.208657920400181	30.2587372123207	0.329291827792445
35.925	4.3	0.225096655399046	0.642814302482444	0.168687982939483	30.2234375747917	0.380077324319237
36.075	4.3	0.289014747068272	0.605862509111663	0.134503908896524	30.1854414702842	0.431211797654617
36.225	4.3	0.348799828109014	0.575429136762709	0.106394513448803	30.145061056286	0.479039862487212
36.375	4.3	0.400875662099286	0.550885383469098	0.0837439067810621	30.1027454219204	0.520700529679429
36.525	4.3	0.44308252270865	0.531375334204933	0.0656605028675366	30.0590071629965	0.55446601816692
36.675	4.3	0.474701302473297	0.516038825378327	0.0512679605773609	30.0143565522078	0.579761041978638
36.825	4.3	0.496188573748186	0.504103401566195	0.0398129744554082	29.9692534008657	0.596950858998549
36.975	4.3	0.508788942953871	0.494909820133355	0.0306875604161528	29.9240790646311	0.607031154363097
37.125	4.3	0.514156929517696	0.48790865537635	0.02341636926152	29.8791256970393	0.611325543614156
37.275	4.3	0.51405613580246	0.482647376832736	0.0176327028633168	29.8345977574365	0.611244908641968
37.425	4.3	0.510152156873062	0.478756605670543	0.0130535807264638	29.7906209715118	0.608121725498449
37.575	4.3	0.503889038705868	0.47593855988303	0.00945802613067175	29.7472550694962	0.603111230964695
37.725	4.3	0.496430628768046	0.473957969545714	0.00666993543263381	29.7045078042974	0.597144503014437
37.875	4.3	0.488648397989212	0.472634673714803	0.00454557116332784	29.662348650644	0.59091871839137
38.025	4.3	0.48114016992729	0.471836935423742	0.00296505661739714	29.6207212015998	0.584912135941832
38.175	4.3	0.474267218794876	0.471474781152023	0.00182695262035691	29.5795537057295	0.579413775035901
38.325	4.3	0.468199898429139	0.471493100042686	0.00104497312797761	29.5387675067653	0.574559918743311
38.475	4.3	0.462964434977056	0.471864638549463	0.000546075139106875	29.4982833945549	0.570371547981645
38.625	4.3	0.458485829983123	0.47258329258366	0.000269433348823033	29.4580260574671	0.566788663986499
38.775	4.3	0.454623920017566	0.473658198433623	0.000166059330049139	29.4179269386472	0.563699136014053
38.925	4.3	0.45120141212315	0.475109074611105	0.000198961016349466	29.3779258423002	0.56096112969852
39.075	4.3	0.448024074917757	0.476963113776397	0.000343737683432387	29.33797162168	0.558419259934205
39.225	4.3	0.444894184585278	0.479253515563758	0.000589406158144025	29.298022225597	0.555915347668222
39.375	4.3	0.441618828453556	0.482019529532735	0.000939126214042295	29.2580443062623	0.553295062762845
39.525	4.3	0.438014817844734	0.485307676192552	0.00141040746194824	29.2180125178432	0.550411854275787
39.675	4.3	0.433911836015561	0.489173659142097	0.00203438255303465	29.177908576878	0.547129468812449
39.825	4.3	0.42915513003008	0.4936843909672	0.00285383367650495	29.1377201205582	0.543324104024064
39.975	4.3	0.423608625921383	0.498919537756267	0.00391984094627129	29.0974393880602	0.538886900737106
40.125	4.3	0.41715887333092	0.504972038811026	0.00528714211585275	29.0570617595326	0.533727098664736
40.275	4.3	0.409719767679348	0.511947166594155	0.00700850792932548	29.0165842097057	0.527775814143479
40.425	4.3	0.401237605650859	0.519959839924612	0.00912860907233067	28.9760037597383	0.520990084520688
40.575	4.3	0.391695748038294	0.529130075379124	0.0116779571493645	28.9353160334208	0.513356598430635
40.725	4.3	0.381118029713334	0.53957664831565	0.0146675369926147	28.8945140350511	0.504894423770667
40.875	4.3	0.369570092518094	0.551409232551016	0.0180847151585489	28.8535872611414	0.495656074014475
41.025	4.3	0.357158023031515	0.564719494387337	0.0218909177804144	28.8125212344366	0.485726418425212
41.175	4.3	0.344024023035798	0.579571823555048	0.0260214271673856	28.7712975079143	0.475219218428639
41.325	4.3	0.330339265119721	0.59599456783769	0.0303874566750291	28.7298941337327	0.464271412095777
41.475	4.3	0.316294507144966	0.613972760553474	0.0348804365385235	28.6882865360309	0.453035605715973
41.625	4.3	0.302089372369513	0.633443341775898	0.0393781976124459	28.6464486772916	0.44167149789561
41.775	4.3	0.287921380813336	0.654293731715987	0.043752505272315	28.6043543751526	0.430337104650668
41.925	4.3	0.273975811840715	0.676364300211848	0.0478772109943876	28.5619786162623	0.419180649472572
42.075	4.3	0.260417300554999	0.699454814407621	0.051636192936164	28.5192987271598	0.408333840443999
42.225	4.3	0.247383770759217	0.723334409124048	0.0549302754994207	28.476295295087	0.397907016607374
42.375	4.3	0.234982954770894	0.747754116956707	0.0576824555101482	28.4329527761366	0.387986363816716
42.525	4.3	0.223291415776909	0.77246062897195	0.0598409976030181	28.3892597748269	0.378633132621527
42.675	4.3	0.212355725955037	0.797209814012018	0.0613802507320538	28.3452090198042	0.36988458076403
42.825	4.3	0.202195291951148	0.821778631755584	0.0622993278998609	28.3007970894759	0.361756233560918
42.975	4.3	0.192806261258286	0.845974395574377	0.0626190315250401	28.2560239570108	0.354245009006628
43.125	4.3	0.184165971193567	0.8696407916302	0.0623775614711838	28.210892427262	0.347332776954854
43.275	4.3	0.176237488461164	0.892660536889031	0.0616255973427902	28.1654075316778	0.340989990768931
43.425	4.3	0.16897390190997	0.914954968859267	0.0604213090530471	28.1195759347919	0.335179121527976
43.575	4.3	0.162322148956565	0.936481145118364	0.0588257443314259	28.0734053908678	0.329857719165252
43.725	4.3	0.15622626009223	0.957227172348147	0.0568989010680038	28.0269042744209	0.324981008073784
43.875	4.3	0.15062998704309	0.977206497625329	0.0546966473632434	27.9800811954402	0.320503989634472
44.025	4.3	0.145478836387298	0.99645181427321	0.0522685264365292	27.9329447000653	0.316383069109838
44.175	4.3	0.140721564139093	1.01500910163539	0.0496563903290498	27.8855030504743	0.312577251311275
44.325	4.3	0.1363112026155	1.032932168894	0.0468937489008543	27.8377640735517	0.3090489620924
44.475	4.3	0.132205694089975	1.05027793319818	0.0440056951553122	27.7897350660617	0.30576455527198
44.625	4.3	0.1283682010618	1.06710254634261	0.0410092668625331	27.7414227440048	0.30269456084944
44.775	4.3	0.12476715427758	1.08345839696383	0.0379141193172219	27.6928332250678	0.299813723422064
44.925	4.3	0.121376089769467	1.09939195531132	0.034723407321675	27.6439720351549	0.297100871815573
45.075	4.3	0.118173317105133	1.11494239038239	0.0314348002341376	27.5948441325508	0.294538653684106
45.225	4.3	0.115141454093567	1.13014086890583	0.0280415778374169	27.5454539459753	0.292113163274854
45.375	4.3	0.112266859130037	1.14501043709643	0.024533773560214	27.4958054253021	0.289813487304029
45.525	4.3	0.109538991428169	1.15956638525473	0.0208993425349654	27.445902105643	0.287631193142535
45.675	4.3	0.106949731208074	1.17381699929092	0.0171253329515982	27.3957471864265	0.285559784966459
45.825	4.3	0.104492695182137	1.18776461073867	0.0131990290190352	27.3453436266707	0.283594156145709
45.975	4.3	0.1021625853599	1.20140686726312	0.00910901324824621	27.2946942556818	0.28173006828792
46.125	4.3	0.0999546087353992	1.21473815901672	0.00484606843677365	27.2438018950441	0.279963686988319
46.275	4.3	0.0978639992738027	1.22775115279851	0.000403813204563686	27.1926694835647	0.278291199419042
46.425	4.3	0.0958856606055545	1.24043840501952	-0.00422104964941374	27.1413001927739	0.276708528484444
46.575	4.3	0.0940139295350193	1.25279404070266	-0.00902898265379673	27.0896975178462	0.275211143628015
46.725	4.3	0.0922424391302217	1.26481549804335	-0.0140184246785786	27.0378653285723	0.273793951304177
46.875	4.3	0.0905640431750949	1.27650533457872	-0.0191871348350584	26.9858078679822	0.272451234540076
47.025	4.3	0.0889707577653312	1.28787306519161	-0.0245339053712192	26.9335296922814	0.271176606212265
47.175	4.3	0.0874536872118434	1.29893694629822	-0.0300603181800291	26.8810355538669	0.269962949769475
47.325	4.3	0.0860029337578818	1.30972552689184	-0.0357720620299061	26.8283302374053	0.268802347006305
47.475	4.3	0.0846075366927611	1.3202786693465	-0.0416792176383899	26.7754183651982	0.267686029354209
47.625	4.3	0.083255532090747	1.33064762253096	-0.0477949075224297	26.7223041910138	0.266604425672598
47.775	4.3	0.0819342476237815	1.3408936471487	-0.0541318451726588	26.6689914016449	0.265547398099025
47.925	4.3	0.0806309252757798	1.35108469730597	-0.0606966322969348	26.6154829452754	0.264504740220624
48.075	4.3	0.079333684264029	1.36128980201317	-0.0674821373815552	26.5617809095819	0.263466947411223
48.225	4.3	0.0780327008474598	1.37157109876182	-0.0744588887047818	26.5078864846719	0.262426160677968
48.375	4.3	0.0767213184485752	1.38197394792595	-0.0815670217058197	26.4538000683184	0.26137705475886
48.525	4.3	0.0753966599100557	1.39251614931252	-0.08871077922421	26.3995216005932	0.260317327928045
48.675	4.3	0.0740592539744283	1.40317787392884	-0.0957576938443911	26.3450512433927	0.259247403179543
48.825	4.3	0.0727112647917762	1.41389433416124	-0.10254421880629	26.2903905345887	0.258169011833421
48.975	4.3	0.0713531600104703	1.42455322610678	-0.108888622494421	26.2355441324666	0.257082528008376
49.125	4.3	0.0699790750817323	1.4349983966404	-0.114610462161626	26.1805222111938	0.255983260065386
49.275	4.3	0.0685717072722845	1.44503994183039	-0.119554134058105	26.1253434621384	0.254857365817828
49.425	4.3	0.0670982555700191	1.45446916834716	-0.123612277900482	26.0700384892709	0.253678604456015
49.575	4.3	0.0655096265555594	1.46307492300951	-0.126743719743274	26.0146531494832	0.252407701244448
49.725	4.3	0.0637456910825642	1.47065626985871	-0.128980636127721	25.9592510758513	0.250996552866051
49.875	4.3	0.0617495222186252	1.4770259411223	-0.130420928048411	25.9039142532277	0.2493996177749
50.025	4.3	0.0594928599421564	1.48199983748322	-0.131204259619937	25.8487401643035	0.247594287953725
50.175	4.3	0.057013070211842	1.48537034218255	-0.13147344347742	25.7938338448749	0.245610456169474
50.325	4.3	0.0544582966965179	1.48686553016333	-0.13132653533646	25.7392934181063	0.243566637357214
50.475	4.3	0.052132542916282	1.48610285651683	-0.13076926749669	25.6851885936597	0.241706034333026
50.625	4.3	0.050527121608216	1.48255493637383	-0.129682621345435	25.6315334096885	0.240421697286573
50.775	4.3	0.0503213271268322	1.47555531751763	-0.127825277035692	25.5782570814227	0.240257061701466
50.925	4.3	0.0523360606225352	1.46437724505683	-0.124890061281401	25.5251796341991	0.241868848498028
51.075	4.3	0.0574317838622274	1.44840412900243	-0.120617734064836	25.4720009100141	0.245945427089782
51.225	4.3	0.0663567807469418	1.42736354439541	-0.114936261349052	25.4183111225673	0.253085424597553
51.375	4.3	0.0795699474834715	1.40153168761553	-0.108057939647342	25.3636274374077	0.263655957986777
51.525	4.3	0.097077851609412	1.3717902109047	-0.100470804973515	25.3074544686432	0.27766228128753
51.675	4.3	0.118331886595829	1.33948313173854	-0.0928213727625296	25.2493591175854	0.294665509276663
51.825	4.3	0.142224047149529	1.30613958689847	-0.0857559080743192	25.1890446248889	0.313779237719623
51.975	4.3	0.167199334046032	1.27319381084257	-0.0798013292168168	25.1264072724058	0.333759467236826
52.125	4.3	0.191473317481607	1.24180084563464	-0.0753206868873321	25.0615624784902	0.353178653985285
52.275	4.3	0.213313067840701	1.21276872946789	-0.0725249943595504	24.9948340070521	0.37065045427256
52.425	4.3	0.231318994719896	1.1865737295693	-0.0715025625785701	24.9267084943388	0.385055195775916
52.575	4.3	0.24464240359322	1.16341303046623	-0.072236519564685	24.8577650931297	0.395713922874576
52.725	4.3	0.253089693935295	1.1432622704379	-0.0746016749364167	24.7885948740762	0.402471755148236
52.875	4.3	0.257092144753149	1.1259249723187	-0.0783512391175198	24.7197258613564	0.405673715802519
53.025	4.3	0.257550499605441	1.11107832573406	-0.0831184284913307	24.6515674239057	0.406040399684353
53.175	4.3	0.255589149927175	1.09833103283391	-0.0884641349027274	24.584383055118	0.40447131994174
53.325	4.3	0.252272574952668	1.08730989477332	-0.0939922829579671	24.5182944031308	0.401818059962135
53.475	4.3	0.248345450029972	1.07777888727896	-0.0995241947127358	24.4533128293695	0.398676360023977
53.625	4.3	0.244056000911461	1.06977133105059	-0.105282126617724	24.3893889140236	0.395244800729168
53.775	4.3	0.239108467102478	1.06369779925959	-0.112008111303116	24.3264663623996	0.391286773681983
53.925	4.3	0.232765234046055	1.06039644634618	-0.120961377665802	24.2645256500103	0.386212187236844
54.075	4.3	0.224085477850421	1.06111620404793	-0.133785296078029	24.2036049531353	0.379268382280336
54.225	4.3	0.212251733170632	1.06744092921507	-0.152270180148711	24.1437913021743	0.369801386536506
54.375	4.3	0.19690816500909	1.08114702558554	-0.178027961366596	24.0851826124346	0.357526532007272
54.525	4.3	0.178424050837447	1.10393379303395	-0.21204858471745	24.0278296781802	0.342739240669957
54.675	4.3	0.158008085746996	1.13690215975789	-0.254078020111973	23.9716741834425	0.326406468597597
54.825	4.3	0.137630376799331	1.17966182963141	-0.301826737840601	23.9165020124481	0.310104301439465
54.975	4.3	0.119749588791336	1.22917613308792	-0.350275756799147	23.8619287211589	0.295799671033069
55.125	4.3	0.106885316315605	1.2790263760769	-0.391767582605361	23.8074250437056	0.285508253052484
55.275	4.3	0.101121516809472	1.32030038987968	-0.417728769794212	23.7523769452866	0.280897213447577
55.425	4.3	0.10367026833146	1.3446423309296	-0.421969898934038	23.6961644335766	0.282936214665168
55.575	4.3	0.114632908007785	1.34785527413824	-0.403646061618684	23.6382425419293	0.291706326406228
55.725	4.3	0.13303289455892	1.33129739594838	-0.367432004170096	23.578211060413	0.306426315647136
55.875	4.3	0.157085418796859	1.30026765757276	-0.320832042071188	23.5158591751083	0.325668335037487
56.025	4.3	0.184587274243931	1.26118569486794	-0.270985218553904	23.4511742594699	0.347669819395144
56.175	4.3	0.213301034411798	1.21953691688325	-0.222917032562496	23.3843163142811	0.370640827529439
56.325	4.3	0.241250047432386	1.17911839935341	-0.179359919608958	23.3155712078473	0.393000037945909
56.475	4.3	0.26689300208467	1.14214571122174	-0.141340728381025	23.2452982415748	0.413514401667736
56.625	4.3	0.289185097345446	1.10967374138614	-0.108867971838779	23.1738830977297	0.431348077876357
56.775	4.3	0.30755330745871	1.08201880355783	-0.0814465915133406	23.1017015509501	0.446042645966968
56.925	4.3	0.321819446839622	1.05907541993335	-0.0583920959142473	23.0290951386925	0.457455557471697
57.075	4.3	0.332101425921914	1.04052289374128	-0.0389976193261114	22.9563575699614	0.465681140737532
57.225	4.3	0.33871490413846	1.02594866884649	-0.0226117297596687	22.8837295722566	0.470971923310768
57.375	4.3	0.342088412211646	1.01491708118058	-0.00866790535126259	22.8113996646264	0.473670729769317
57.525	4.3	0.342697413845311	1.0070050071524	0.00330985894804042	22.7395086179075	0.474157931076249
57.675	4.3	0.341017639387858	1.00181851579139	0.0137120734283704	22.6681558413943	0.472814111510287
57.825	4.3	0.337495252288583	0.998999066207703	0.0228527908029644	22.5974064384764	0.469996201830867
57.975	4.3	0.332530269342885	0.998224220104705	0.0309796075590535	22.5272981113697	0.466024215474308
58.125	4.3	0.326469504737093	0.999205734115725	0.0382833546719117	22.4578474407643	0.461175603789674
58.275	4.3	0.319605812611835	1.00168655354229	0.0449070463981889	22.3890553190478	0.455684650089468
58.425	4.3	0.312181101188616	1.00543749630977	0.0509540126313487	22.3209114847697	0.449744880950893
58.575	4.3	0.304391289076928	1.01025402206321	0.0564952505296953	22.2533982089239	0.443513031261543
58.725	4.3	0.296391982427798	1.0159532706959	0.061576044213261	22.1864932376693	0.437113585942238
58.875	4.3	0.288304135803516	1.02237144221415	0.0662218886543064	22.1201721157333	0.430643308642813
59.025	4.3	0.280219316365272	1.02936152942866	0.0704437425359532	22.0544100115087	0.424175453092218
59.175	4.3	0.272204432706628	1.03679138203134	0.0742426294177038	21.9891831477914	0.417763546165303
59.325	4.3	0.264305935792361	1.04454206219955	0.0776136024444653	21.9244699181919	0.411444748633889
59.475	4.3	0.256553570682635	1.05250644058446	0.0805490796953112	21.8602517439262	0.405242856546108
59.625	4.3	0.248963773017987	1.06058797273504	0.0830415440062755	21.7965137032378	0.39917101841439
59.775	4.3	0.241542780257586	1.06869958710176	0.0850855883174146	21.7332449495684	0.393234224206069
59.925	4.3	0.234289479850651	1.07676260672211	0.0866792871317271	21.6704389273254	0.387431583880521
60.075	4.3	0.227197961096363	1.08470562065952	0.0878249012564252	21.6080933969133	0.38175836887709
60.225	4.3	0.220259692843853	1.09246322421376	0.0885289880990773	21.5462102927896	0.376207754275083
60.375	4.3	0.21346523554892	1.09997456585609	0.0888020938751542	21.4847954560511	0.370772188439136
60.525	4.3	0.20680543189956	1.1071816785159	0.0886583293741068	21.4238582996873	0.365444345519648
60.675	4.3	0.200272115189844	1.1140276317546	0.0881152376566599	21.3634114708888	0.360217692151875
60.825	4.3	0.193858521877198	1.12045460828421	0.0871943916809038	21.3034705609368	0.355086817501759
60.975	4.3	0.187559762831457	1.12640206118772	0.0859230479897848	21.2440538725863	0.350047810265166
61.125	4.3	0.181373838195363	1.13180511698429	0.0843368820664678	21.1851821884385	0.345099070556291
61.275	4.3	0.175303694974447	1.13659332329683	0.0824833416568468	21.1268784044104	0.340242955979557
61.425	4.3	0.169360645460214	1.1406896762287	0.0804245518019465	21.0691668268197	0.335488516368171
61.575	4.3	0.163569041227372	1.1440095972177	0.0782381588395858	21.0120719182769	0.330855232981897
61.725	4.3	0.15797145638855	1.14645918007735	0.07601427403364	20.9556163582743	0.32637716511084
61.875	4.3	0.152632908050132	1.1479316387357	0.0738471083256644	20.8998184891451	0.322106326440106
62.025	4.3	0.147642090337843	1.14830053100147	0.071821334783207	20.8446895453279	0.318113672270275
62.175	4.3	0.143107586947004	1.147408147669	0.069995925875838	20.79023145951	0.314486069557603
62.325	4.3	0.139147960130171	1.14504766212922	0.0683920879865665	20.7364363817672	0.311318368104137
62.475	4.3	0.135876806782147	1.14093854344781	0.066996146800652	20.6832891486383	0.308701445425718
62.625	4.3	0.133387367062948	1.13469667519654	0.0657910454346349	20.630773568517	0.306709893650358
62.775	4.3	0.131745611452409	1.12580387005291	0.0648289781941967	20.5788823396668	0.305396489161927
62.925	4.3	0.13100474986189	1.11358638598937	0.0643502032986705	20.5276286036983	0.304803799889512
63.075	4.3	0.131255841221435	1.09721953537415	0.0649377461663268	20.4770547310815	0.305004672977148
63.225	4.3	0.13272613075501	1.07578709195073	0.0676730056790479	20.4272314780281	0.306180904604008
63.375	4.3	0.135926612072224	1.04843984169397	0.0742196857221462	20.3782390915902	0.308741289657779
63.525	4.3	0.141832187051816	1.01470780543427	0.0867114563145638	20.3301224773733	0.313465749641453
63.675	4.3	0.152053078560028	0.974992905940344	0.107276280882984	20.282816248722	0.321642462848023
63.825	4.3	0.168928326212143	0.931141826385668	0.137088891526849	20.2360427415166	0.335142660969714
63.975	4.3	0.19544615914666	0.886737274886385	0.175148054161602	20.1891966438926	0.356356927317328
64.125	4.3	0.234881840608857	0.846528804491694	0.21750196359624	20.1412442503327	0.387905472487085
64.275	4.3	0.290068316919243	0.814772311250108	0.257862197977947	20.0906846971295	0.432054653535394
64.425	4.3	0.362328173884161	0.793360820524714	0.289759529848953	20.0356363997394	0.489862539107329
64.575	4.3	0.450332446860144	0.781279449945234	0.30899628175499	19.9740933733393	0.560265957488115
64.725	4.3	0.549438726866827	0.775764546993947	0.314734661761232	19.9043191160136	0.639550981493462
64.875	4.3	0.652131748677409	0.773926955818451	0.308804951156597	19.8252510801091	0.721705398941927
65.025	4.3	0.749738483761077	0.773642337934209	0.294231899279932	19.7367549372947	0.799790787008861
65.175	4.3	0.834748252341626	0.773632835915176	0.274056896368297	19.6396254758148	0.867798601873301
65.325	4.3	0.902580349618142	0.773231191354874	0.250780840418109	19.5353476892856	0.922064279694514
65.475	4.3	0.952059438964117	0.772158260317666	0.226248220115313	19.4257348173691	0.961647551171294
65.625	4.3	0.984744657172346	0.770377269155719	0.201728183612606	19.3125844592432	0.987795725737877
65.775	4.3	1.00377153438149	0.767993958991072	0.178047178443432	19.197442205269	1.00301722750519
65.925	4.3	1.01278232578491	0.765182705108825	0.155712463797381	19.0814911078004	1.01022586062793
66.075	4.3	1.01519448723405	0.762136239203233	0.135008023781415	18.9655399982312	1.01215558978724
66.225	4.3	1.01381358191715	0.759037369383182	0.116062275479921	18.850070971398	1.01105086553372
66.375	4.3	1.01070306633497	0.75604654856191	0.0988941936729202	18.7353123814495	1.00856245306797
66.525	4.3	1.00721668186682	0.753297814342188	0.0834461176566362	18.6213149229074	1.00577334549346
66.675	4.3	1.00411897338178	0.750897778399453	0.0696096777354195	18.5080183225894	1.00329517870542
66.825	4.3	1.00174012709566	0.748925387637606	0.0572479970319242	18.3953032866821	1.00139210167653
66.975	4.3	1.0001283982646	0.747432239093267	0.0462145126603766	18.2830279322173	1.00010271861168
67.125	4.3	0.999177984501783	0.74644390159221	0.0363674724843234	18.1710505823993	0.999342387601426
67.275	4.3	0.998722636074727	0.745962487179126	0.0275793267040621	18.059242022975	0.998978108859782
67.425	4.3	0.998594815873307	0.745970283385716	0.0197411100055928	17.9474905239887	0.998875852698645
67.575	4.3	0.998656163770549	0.746433986689686	0.0127627571740014	17.83570251211	0.998924931016439
67.725	4.3	0.998807513125285	0.747309040115958	0.00657072994644827	17.7238010683967	0.999046010500228
67.875	4.3	0.998986596010039	0.748543686835204	0.00110432941080185	17.6117236775754	0.999189276808031
68.025	4.3	0.99915997582834	0.750082502244121	-0.00368821697324644	17.4994200208715	0.999327980662672
68.175	4.3	0.999313647480578	0.751869297647987	-0.00785319107290437	17.3868501478934	0.999450917984463
68.325	4.3	0.999444801976289	0.753849380469567	-0.0114339997687591	17.2739830829575	0.999555841581031
68.475	4.3	0.999555778774191	0.755971212663753	-0.0144728988067033	17.1607957823251	0.999644623019353
68.625	4.3	0.999650287485713	0.758187540444898	-0.0170119212198896	17.0472723155967	0.99972022998857
68.775	4.3	0.999731492013978	0.760456082653489	-0.0190931864055862	16.9334031556411	0.999785193611183
68.925	4.3	0.999801383695637	0.762739867378963	-0.0207587824475026	16.8191844960568	0.99984110695651
69.075	4.3	0.999860897069979	0.765007300400532	-0.0220503936196769	16.7046175536541	0.999888717655983
69.225	4.3	0.999910341568662	0.767232037636643	-0.0230088082395286	16.5897078454876	0.99992827325493
69.375	4.3	0.999949866963575	0.769392719989261	-0.0236734032171413	16.4744644516897	0.99995989357086
69.525	4.3	0.999979811066702	0.771472615276125	-0.0240816682177069	16.3588992867791	0.999983848853362
69.675	4.3	1.00000087748025	0.77345920022687	-0.024268806777251	16.2430264051673	1.0000007019842
69.825	4.3	1.00001415541847	0.775343706715564	-0.0242674334806439	16.1268613638348	1.00001132433478
69.975	4.3	1.00002102675014	0.777120650567255	-0.0241073737002263	16.0104206590881	1.00001682140011
70.125	4.3	1.00002301491421	0.778787357806358	-0.0238155636178825	15.8937212469988	1.00001841193136
70.275	4.3	1.00002162448522	0.780343501200434	-0.0234160420401175	15.7767801500641	1.00001729958817
70.425	4.3	1.00001820633532	0.781790658495981	-0.0229300211816026	15.6596141467644	1.00001456506826
70.575	4.3	1.00001386735393	0.78313190218684	-0.0223760208819379	15.5422395364776	1.00001109388315
70.725	4.3	1.00000942944504	0.784371428669054	-0.0217700495529706	15.4246719697292	1.00000754355603
70.875	4.3	1.00000543212139	0.785514232205059	-0.0211258154310127	15.3069263328054	1.00000434569711
71.025	4.3	1.00000216706868	0.786565826438533	-0.0204549532114679	15.1890166759996	1.00000173365494
71.175	4.3	0.999999731131112	0.787532013569403	-0.0197672535285794	15.0709561757982	0.999999784904889
71.325	4.3	0.999998085251921	0.788418698995634	-0.0190708856032143	14.9527571227621	0.999998468201536
71.475	4.3	0.999997109774206	0.789231747462896	-0.0183726063141877	14.8344309284247	0.999997687819364
71.625	4.3	0.999996650051571	0.789976875623947	-0.0176779516302605	14.7159881459933	0.999997320041257
71.775	4.3	0.999996549685633	0.790659575386035	-0.0169914085572445	14.5974385008859	0.999997239748506
71.925	4.3	0.99999667137936	0.791285062422609	-0.0163165674134306	14.4787909281207	0.999997337103488
72.075	4.3	0.999996907159201	0.791858244609313	-0.0156562553533893	14.3600536143103	0.999997525727361
72.225	4.3	0.999997180598962	0.792383705769543	-0.0150126526902386	14.2412340425386	0.99999774447917
72.375	4.3	0.999997443843501	0.792865700847607	-0.0143873938305193	14.1223390387703	0.999997955074801
72.525	4.3	0.999997671912429	0.793308159369199	-0.0137816546513874	14.0033748187099	0.999998137529943
72.675	4.3	0.999997856191477	0.79371469472794	-0.013196228020948	13.8843470342344	0.999998284953181
72.825	4.3	0.999997998378936	0.794088617421081	-0.0126315889688468	13.7652608186907	0.999998398703149
72.975	4.3	0.999998105573729	0.794432950828424	-0.0120879508100411	13.6461208305023	0.999998484458983
73.125	4.3	0.99999818673893	0.794750448498921	-0.0115653133389754	13.5269312946646	0.999998549391144
73.275	4.3	0.999998250470452	0.7950436121861	-0.0110635040588137	13.4076960418388	0.999998600376362
73.425	4.3	0.999998303833332	0.795314710080241	-0.0105822132877389	13.2884185448628	0.999998643066665
73.575	4.3	0.999998351967742	0.795565794835393	-0.0101210238903959	13.1691019525979	0.999998681574193
73.725	4.3	0.999998398178787	0.795798721101582	-0.00967943630614195	13.0497491211081	0.99999871854303
73.875	4.3	0.999998444275658	0.796015162354999	-0.00925688948193377	12.9303626422307	0.999998755420526
74.025	4.3	0.999998490991725	0.796216626883671	-0.00885277826053501	12.8109448696426	0.99999879279338
74.175	4.3	0.99999853838073	0.796404472835339	-0.00846646772008243	12.691497942556	0.999998830704584
74.325	4.3	0.99999858613612	0.796579922274451	-0.00809730490983403	12.5720238071939	0.999998868908896
74.475	4.3	0.999998633817529	0.796744074226391	-0.00774462837557487	12.4525242362085	0.999998907054023
74.625	4.3	0.99999868099105	0.796897916711859	-0.00740777582020099	12.3330008462003	0.99999894479284
74.775	4.3	0.999998727301086	0.797042337793982	-0.00708609019982019	12.2134551134989	0.999998981840869
74.925	4.3	0.999998772494514	0.797178135674402	-0.00677892451362149	12.0938883883546	0.999999017995611
75.075	4.3	0.999998816416058	0.797306027885264	-0.00648564550792681	11.9743019076855	0.999999053132846
75.225	4.3	0.999998858989569	0.797426659629921	-0.00620563648215219	11.8546968065127	0.999999087191655
75.375	4.3	0.999998900195235	0.797540611329901	-0.00593829935437869	11.7350741282083	0.999999120156188
75.525	4.3	0.999998940048597	0.797648405436108	-0.00568305612004238	11.6154348336712	0.999999152038878
75.675	4.3	0.999998978584077	0.797750512562578	-0.00543934981513778	11.4957798095358	0.999999182867262
75.825	4.3	0.999999015843638	0.797847356999667	-0.00520664507765835	11.3761098755106	0.99999921267491
75.975	4.3	0.999999051869949	0.797939321660991	-0.00498442838528385	11.2564257909352	0.999999241495959
76.125	4.3	0.999999086703017	0.798026752515379	-0.00477220803473065	11.1367282606361	0.999999269362414
76.275	4.3	0.999999120379102	0.798109962552407	-0.00456951391692824	11.0170179401549	0.999999296303281
76.425	4.3	0.999999152930943	0.798189235326167	-0.00437589713315732	10.8972954404145	0.999999322344755
76.575	4.3	0.999999184388566	0.798264828118708	-0.0041909294895119	10.7775613318844	0.999999347510853
76.725	4.3	0.999999214780203	0.798336974761309	-0.00401420290054384	10.6578161482972	0.999999371824163
76.875	4.3	0.999999244133102	0.798405888148377	-0.00384532872728986	10.5380603899678	0.999999395306481
77.025	4.3	0.999999272474088	0.798471762475707	-0.00368393707038945	10.4182945267555	0.99999941797927
77.175	4.3	0.999999299829899	0.798534775232118	-0.00352967603506572	10.2985190007114	0.999999439863919
77.325	4.3	0.999999326227344	0.798595088970303	-0.00338221098154415	10.1787342284433	0.999999460981875
77.475	4.3	0.999999351693304	0.798652852880814	-0.00324122377154705	10.0589406032313	0.999999481354643
77.625	4.3	0.999999376254672	0.798708204190372	-0.00310641201957474	9.93913849692109	0.999999501003738
77.775	4.3	0.999999399938255	0.798761269403653	-0.00297748835550093	9.81932826161979	0.999999519950604
77.925	4.3	0.999999422770661	0.798812165405771	-0.00285417970361929	9.69951023121659	0.999999538216529
78.075	4.3	0.999999444778201	0.798861000440882	-0.00273622658199952	9.57968472274803	0.999999555822561
78.225	4.3	0.999999465986814	0.798907874980817	-0.00262338242482956	9.45985203762512	0.999999572789452
78.375	4.3	0.999999486421999	0.798952882495887	-0.00251541292986388	9.34001246273797	0.999999589137599
78.525	4.3	0.99999950610877	0.798996110139153	-0.00241209543199804	9.22016627145168	0.999999604887016
78.675	4.3	0.999999525071625	0.79903763935375	-0.00231321830383728	9.10031372450571	0.9999996200573
78.825	4.3	0.99999954333452	0.799077546412113	-0.00221858038340359	8.98045507082757	0.999999634667616
78.975	4.3	0.999999560920858	0.79911590289506	-0.00212799042891877	8.86059054827047	0.999999648736687
79.125	4.3	0.999999577853473	0.799152776117231	-0.00204126660033778	8.74072038428325	0.999999662282779
79.275	4.3	0.999999594154629	0.79918822950556	-0.00195823596696552	8.62084479652038	0.999999675323703
79.425	4.3	0.999999609846012	0.799222322935824	-0.0018787340404747	8.50096399339842	0.99999968787681
79.575	4.3	0.999999624948731	0.799255113032313	-0.00180260433250179	8.38107817460498	0.999999699958985
79.725	4.3	0.999999639483316	0.799286653434881	-0.00172969793583635	8.26118753156533	0.999999711586653
79.875	4.3	0.999999653469718	0.799316995037059	-0.00165987312824874	8.14129224787122	0.999999722775774
80.025	4.3	0.999999666927312	0.799346186198867	-0.00159299499801611	8.02139249967607	0.99999973354185
80.175	4.3	0.99999967987491	0.799374272936905	-0.00152893508993201	7.90148845605997	0.999999743899928
80.325	4.3	0.999999692330751	0.799401299094638	-0.00146757107104113	7.78158027936776	0.999999753864601
80.475	4.3	0.999999704312525	0.799427306495177	-0.00140878641489943	7.66166812552303	0.99999976345002
80.625	4.3	0.999999715837364	0.799452335078403	-0.00135247010343486	7.54175214432034	0.999999772669891
80.775	4.3	0.999999726921866	0.799476423024483	-0.00129851634547786	7.42183247969804	0.999999781537492
80.925	4.3	0.999999737582094	0.799499606865133	-0.00124682431099682	7.30190926999348	0.999999790065675
81.075	4.3	0.999999747833594	0.799521921584261	-0.00119729788015511	7.18198264818246	0.999999798266875
81.225	4.3	0.999999757691404	0.799543400709038	-0.00114984540636351	7.06205274210421	0.999999806153123
81.375	4.3	0.999999767170064	0.79956407639258	-0.00110437949245936	6.94211967467349	0.999999813736051
81.525	4.3	0.999999776283627	0.799583979489152	-0.00106081677927607	6.82218356408085	0.999999821026902
81.675	4.3	0.999999785045666	0.799603139622815	-0.00101907774581435	6.7022445239821	0.999999828036533
81.825	4.3	0.999999793469283	0.79962158525013	-0.000979086520380085	6.58230266367799	0.999999834775427
81.975	4.3	0.99999980156712	0.799639343717691	-0.00094077070189255	6.46235808828487	0.999999841253696
82.125	4.3	0.999999809351365	0.799656441315	-0.000904061190872331	6.34241089889712	0.999999847481092
82.275	4.3	0.999999816833788	0.7996729033232	-0.000868892029356646	6.22246119274191	0.99999985346703
82.425	4.3	0.999999824025771	0.799688754060177	-0.000835200249242716	6.10250906332705	0.999999859220617
82.575	4.3	0.999999830938361	0.799704016922305	-0.000802925728508798	5.9825546005822	0.999999864750689
82.725	4.3	0.999999837582303	0.799718714423359	-0.000772011054668181	5.86259789099413	0.999999870065843
82.875	4.3	0.99999984396803	0.79973286823082	-0.000742401395121465	5.74263901773635	0.999999875174424
83.025	4.3	0.999999850105545	0.799746499199894	-0.00071404437376426	5.62267806079342	0.999999880084436
83.175	4.3	0.999999856004199	0.799759627405589	-0.000686889953471437	5.50271509708038	0.999999884803359
83.325	4.3	0.999999861672442	0.799772272173076	-0.000660890324046648	5.38275020055751	0.999999889337954
83.475	4.3	0.999999867117735	0.799784452106546	-0.000635999795169584	5.26278344234071	0.999999893694188
83.625	4.3	0.999999872346962	0.799796185116934	-0.00061217469394567	5.1428148908076	0.99999989787757
83.775	4.3	0.999999877367584	0.799807488448619	-0.000589373266691431	5.02284461169951	0.999999901894068
83.925	4.3	0.999999882189419	0.799818378705404	-0.000567555584422966	4.90287266821935	0.999999905751535
84.075	4.3	0.999999886826207	0.79982887187613	-0.000546683451658526	4.78289912112542	0.999999909460966
84.225	4.3	0.999999891295239	0.799838983360448	-0.000526720318111186	4.66292402882139	0.999999913036192
84.375	4.3	0.999999895613005	0.799848727995282	-0.000507631193006986	4.54294744744239	0.999999916490404
84.525	4.3	0.999999899785958	0.799858120082867	-0.000489382561942236	4.42296943093786	0.999999919828766
84.675	4.3	0.999999903798984	0.799867173420905	-0.000471942306454636	4.30299003115105	0.999999923039187
84.825	4.3	0.999999907609395	0.799875901335007	-0.000455279626750179	4.18300929789503	0.999999926087516
84.975	4.3	0.999999911158623	0.799884316712923	-0.000439364967758061	4.06302727902361	0.999999928926898
85.125	4.3	0.999999914411977	0.799892432039119	-0.000424169948680133	3.94304402049478	0.999999931529582
85.275	4.3	0.999999917423187	0.799900259428817	-0.000409667295423915	3.82305956642373	0.99999993393855
85.425	4.3	0.999999920393499	0.799907810662347	-0.000395830774899491	3.70307395912362	0.9999999363148
85.575	4.3	0.999999923664607	0.799915097225209	-0.000382635130023356	3.58308723913691	0.999999938931685
85.725	4.3	0.999999927575052	0.799922130364529	-0.000370056015376337	3.46309944526558	0.999999942060041
85.875	4.3	0.999999932154931	0.799928921175119	-0.000358069935502793	3.34311061461299	0.999999945723945
86.025	4.3	0.999999936755825	0.799935480722784	-0.000346654191069885	3.22312078264693	0.99999994940466
86.175	4.3	0.999999939886381	0.799941820193053	-0.000335786840813728	3.10312998327556	0.999999951909105
86.325	4.3	0.999999939644171	0.799947951023384	-0.000325446688579858	2.98313824889736	0.999999951715337
86.475	4.3	0.999999935023103	0.799953884949216	-0.000315613302483358	2.86314561035457	0.999999948018482
86.625	4.3	0.999999927866662	0.799959633899816	-0.000306267067722366	2.74315209671825	0.99999994229333
86.775	4.3	0.999999924351041	0.799965209749505	-0.000297389266885997	2.62315773489799	0.999999939480832
86.925	4.3	0.9999999340297	0.79997062407432	-0.000288962175027867	2.50316254921686	0.99999994722376
87.075	4.3	0.99999996451853	0.799975888231352	-0.00028096915533406	2.38316656127746	0.999999971614824
87.225	4.3	1.00000001187081	0.799981014135427	-0.000273394747071896	2.26316979053355	1.00000000949665
87.375	4.3	1.00000005094893	0.799986015869481	-0.000266224749906646	2.14317225577102	1.00000004075914
87.525	4.3	1.00000003521067	0.799990911611456	-0.000259446322315883	2.02317397704507	1.00000002816853
87.675	4.3	0.9999999173059	0.799995724431662	-0.000253048119871336	1.90317497662434	0.99999993384472
87.825	4.3	0.999999695039956	0.800000479884822	-0.000247020496288985	1.78317527673436	0.999999756031965
87.975	4.3	0.999999467758682	0.800005198955844	-0.000241355776772796	1.66317489239915	0.999999574206945
88.125	4.3	0.999999460033783	0.800009887701665	-0.000236048596382187	1.54317382047467	0.999999568027026
88.275	4.3	0.999999949976174	0.800014529700235	-0.000231096283632259	1.42317203104964	0.999999959980939
88.425	4.3	1.00000105818174	0.800019091870412	-0.000226499261196311	1.30316947250772	1.0000008465454
88.575	4.3	1.00000243778225	0.800023553616532	-0.000222261415543131	1.18316610170545	1.0000019502258
88.725	4.3	1.00000305227772	0.800027958117655	-0.00021839032974363	1.06316193980398	1.00000244182218
88.875	4.3	1.00000136604446	0.80003246125821	-0.00021489716769786	0.94315712972037	1.00000109283557
89.025	4.3	0.999996256899024	0.800037326507059	-0.000211795888141758	0.823151940704588	0.999997005519219
89.175	4.3	0.999988621103489	0.80004280511593	-0.000209101481669587	0.703146652110162	0.999990896882791
89.325	4.3	0.999982923233168	0.800048881085921	-0.000206827247528	0.583141285734175	0.999986338586534
89.475	4.3	0.999987097399713	0.80005496900667	-0.00020498186978994	0.463135268492367	0.999989677919771
89.625	4.3	1.00000891179411	0.800059805717339	-0.000203568030092137	0.343127274341992	1.00000712943529
89.775	4.3	1.00004811945847	0.8000516624936	-0.000202584844669226	0.22311561749975	1.00003849556678
89.925	4.3	1.00008705357917	0.400085001683005	-0.000202055719759509	0.103102537780528	1.00006964286334
0.075	4.5	2.97102812049226e-30	0.39999999129154	-3.32649250498639e-05	36.0880241164309	0.2
0.225	4.5	-1.45123907216543e-30	0.799999979910531	-3.32428638185269e-05	36.0640241169534	0.2
0.375	4.5	6.16703993844423e-30	0.799999986358306	-3.32011665509702e-05	36.0400241176363	0.2
0.525	4.5	-1.04112274844564e-29	0.800000021619804	-3.31445256931186e-05	36.0160241177719	0.2
0.675	4.5	2.40331783203651e-30	0.800000095406401	-3.30796067069296e-05	35.9920241163391	0.2
0.825	4.5	-2.7714054454542e-29	0.800000215798169	-3.30146423056412e-05	35.9680241120475	0.2
0.975	4.5	-5.569103258329e-30	0.800000389009919	-3.2958961189901e-05	35.9440241033912	0.2
1.125	4.5	-4.03782002936327e-29	0.800000619292409	-3.29224939637671e-05	35.9200240887069	0.2
1.275	4.5	7.35723297507475e-30	0.800000908961759	-3.29152955878192e-05	35.8960240662337	0.2
1.425	4.5	-1.37657408393919e-29	0.800001258538525	-3.29471221686512e-05	35.8720240341692	0.2
1.575	4.5	7.64813077335318e-29	0.800001666972278	-3.30270842844431e-05	35.8480239907213	0.2
1.725	4.5	7.0923285172689e-29	0.800002131922346	-3.31633898621215e-05	35.8240239341509	0.2
1.875	4.5	1.82371444287897e-28	0.800002650064281	-3.33631814781113e-05	35.800023862806	0.2
2.025	4.5	1.33592599418715e-28	0.800003217400585	-3.36324589292098e-05	35.776023775147	0.2
2.175	4.5	1.74995184745533e-28	0.800003829550673	-3.39760803949472e-05	35.752023669762	0.2
2.325	4.5	-3.22653124747914e-29	0.800004482009964	-3.43978211905703e-05	35.728023545374	0.2
2.475	4.5	-1.55755051870822e-28	0.800005170363524	-3.49004790039112e-05	35.7040234008414	0.2
2.625	4.5	-5.50153625111966e-28	0.800005890458519	-3.54860077225338e-05	35.6800232351522	0.2
2.775	4.5	-7.2558569978925e-28	0.800006638528803	-3.61556627724736e-05	35.6560230474139	0.2
2.925	4.5	-1.01818535937074e-27	0.800007411278112	-3.69101546100741e-05	35.6320228368404	0.2
3.075	4.5	-7.65388693607302e-28	0.800008205928797	-3.77497927020025e-05	35.6080226027372	0.2
3.225	4.5	-3.8716158560675e-28	0.800009020239461	-3.86746199747344e-05	35.5840223444847	0.2
3.375	4.5	7.86550574706231e-28	0.800009852498542	-3.96845312199311e-05	35.5600220615228	0.2
3.525	4.5	1.95450836093972e-27	0.800010701503606	-4.07793752225294e-05	35.5360217533348	0.2
3.675	4.5	3.52882664647052e-27	0.800011566524013	-4.1959039626327e-05	35.5120214194326	0.2
3.825	4.5	4.10783524194306e-27	0.800012447262322	-4.32235185547827e-05	35.4880210593433	0.2
3.975	4.5	3.95475390083478e-27	0.80001334380599	-4.45729661678324e-05	35.4640206725969	0.2
4.125	4.5	1.5052381567786e-27	0.800014256584024	-4.60077359700657e-05	35.440020258715	0.2
4.275	4.5	-2.16745599574773e-27	0.800015186321066	-4.75284107223267e-05	35.4160198172018	0.2
4.425	4.5	-7.64201640130827e-27	0.800016133996923	-4.91358208148742e-05	35.3920193475357	0.2
4.575	4.5	-1.19081571585953e-26	0.80001710080963	-5.08310566944645e-05	35.368018849162	0.2
4.725	4.5	-1.42955255761516e-26	0.800018088139261	-5.26154757148323e-05	35.3440183214871	0.2
4.875	4.5	-1.08721115289354e-26	0.800019097523197	-5.44907042856356e-05	35.3200177638737	0.2
5.025	4.5	-2.66400062605283e-27	0.800020130628355	-5.64586361665926e-05	35.2960171756358	0.2
5.175	4.5	1.09514600446525e-26	0.800021189232453	-5.85214312809073e-05	35.2720165560359	0.2
5.325	4.5	2.27677932480197e-26	0.8000222752071	-6.06815109958028e-05	35.2480159042818	0.2
5.475	4.5	2.82088427722775e-26	0.800023390504343	-6.29415531439827e-05	35.2240152195235	0.2
5.625	4.5	1.70936304260001e-26	0.800024537146684	-6.53044898094434e-05	35.2000145008516	0.2
5.775	4.5	-9.4500014943816e-27	0.800025717220374	-6.777349995017e-05	35.1760137472947	0.2
5.925	4.5	-4.71914550839808e-26	0.800026932867588	-7.03520085458803e-05	35.1520129578183	0.2
6.075	4.5	-7.01238409400075e-26	0.800028186287303	-7.30436833731917e-05	35.1280121313226	0.2
6.225	4.5	-5.00317951745619e-26	0.800029479729744	-7.58524321395583e-05	35.1040112666411	0.2
6.375	4.5	5.04684943546869e-26	0.800030815497524	-7.8782403120448e-05	35.0800103625389	0.2
6.525	4.5	2.33909380237321e-25	0.800032195946828	-8.18379843937865e-05	35.0560094177112	0.2
6.675	4.5	4.63010865784233e-25	0.80003362348843	-8.50238053659448e-05	35.0320084307821	0.2
6.825	4.5	6.1160615365721e-25	0.800035100590381	-8.83447386283647e-05	35.0080074003019	0.2
6.975	4.5	4.97598928619466e-25	0.800036629780539	-9.18059037834577e-05	34.9840063247466	0.2
7.125	4.5	-9.92172087420851e-26	0.800038213651081	-9.54126711943261e-05	34.9600052025151	0.2
7.275	4.5	-1.28905637696122e-24	0.800039854861366	-9.91706668532155e-05	34.9360040319276	0.2
7.425	4.5	-2.95173711309802e-24	0.800041556142742	-0.000103085778449687	34.9120028112234	0.2
7.575	4.5	-4.52933369388366e-24	0.800043320303017	-0.000107164162460118	34.888001538559	0.2
7.725	4.5	-5.00543801081458e-24	0.800045150231088	-0.000111412251029391	34.8640002120052	0.2
7.875	4.5	-2.99259343339371e-24	0.800047048901583	-0.000115836761079879	34.8399988295451	0.2
8.025	4.5	2.74120913759737e-24	0.800049019380426	-0.000120444702843779	34.8159973890711	0.2
8.175	4.5	1.25187309414566e-23	0.800051064829812	-0.000125243390311628	34.7919958883823	0.2
8.325	4.5	2.46374361771712e-23	0.800053188512944	-0.000130240451142115	34.7679943251814	0.2
8.475	4.5	3.45379959271396e-23	0.800055393800745	-0.000135443839252023	34.7439926970715	0.2
8.625	4.5	3.45436920943081e-23	0.800057684175731	-0.000140861845478897	34.7199910015533	0.2
8.775	4.5	1.5261358446228e-23	0.800060063239402	-0.000146503111150612	34.695989236021	0.2
8.925	4.5	-3.10396054035811e-23	0.800062534716107	-0.000152376642175473	34.671987397759	0.2
9.075	4.5	-1.04501801059585e-22	0.800065102461064	-0.000158491821723836	34.647985483938	0.2
9.225	4.5	-1.90495635849886e-22	0.800067770463911	-0.000164858427556783	34.6239834916113	0.2
9.375	4.5	-2.53331687389331e-22	0.800070542856853	-0.000171486646016153	34.5999814177102	0.2
9.525	4.5	-2.35884940889626e-22	0.800073423919592	-0.000178387088821897	34.5759792590399	0.2
9.675	4.5	-7.07119260531157e-23	0.800076418086124	-0.000185570811774004	34.551977012275	0.2
9.825	4.5	2.91560792820409e-22	0.800079529951426	-0.000193049331620205	34.5279746739547	0.2
9.975	4.5	8.3652502751784e-22	0.800082764277399	-0.000200834645967912	34.5039722404779	0.2
10.125	4.5	1.4323468342338e-21	0.800086126000244	-0.000208939252947995	34.4799697080981	0.2
10.275	4.5	1.79337768173834e-21	0.800089620237357	-0.000217376172404065	34.4559670729179	0.2
10.425	4.5	1.49951939834353e-21	0.800093252293631	-0.00022615896766393	34.4319643308838	0.2
10.575	4.5	1.14082805529658e-22	0.800097027669898	-0.000235301768186788	34.4079614777803	0.2
10.725	4.5	-2.578231228646e-21	0.800100952069088	-0.00024481929439345	34.3839585092236	0.2
10.875	4.5	-6.24347069133616e-21	0.800105031404941	-0.000254726881333036	34.3599554206561	0.2
11.025	4.5	-9.69430999724981e-21	0.800109271808595	-0.000265040506632831	34.3359522073394	0.2
11.175	4.5	-1.08097480903514e-20	0.800113679638507	-0.000275776816607196	34.3119488643476	0.2
11.325	4.5	-6.92666042911626e-21	0.800118261486164	-0.000286953154949138	34.287945386561	0.2
11.475	4.5	4.1095780444617e-21	0.800123024184987	-0.000298587593744512	34.2639417686585	0.2
11.625	4.5	2.22642760317546e-20	0.800127974821919	-0.000310698963407901	34.2399380051099	0.2
11.775	4.5	4.34258553453429e-20	0.800133120741206	-0.000323306886509215	34.2159340901691	0.2
11.925	4.5	5.82176240757729e-20	0.800138469556909	-0.000336431812169134	34.1919300178655	0.2
12.075	4.5	5.28006186759528e-20	0.800144029161233	-0.00035009505091257	34.1679257819957	0.2
12.225	4.5	1.29329896667926e-20	0.800149807732819	-0.000364318812945644	34.1439213761158	0.2
12.375	4.5	-6.82317681000533e-20	0.800155813747844	-0.000379126248005755	34.1199167935318	0.2
12.525	4.5	-1.79834492752673e-19	0.800162055988969	-0.000394541485749971	34.0959120272909	0.2
12.675	4.5	-2.84250581094898e-19	0.800168543554916	-0.000410589678512124	34.0719070701724	0.2
12.825	4.5	-3.15516665679e-19	0.800175285871044	-0.000427297047569875	34.0479019146776	0.2
12.975	4.5	-1.92663056598208e-19	0.800182292700542	-0.000444690930128312	34.0238965530202	0.2
13.125	4.5	1.46884198489804e-19	0.80018957415234	-0.000462799827770288	33.9998909771156	0.2
13.275	4.5	6.95535020948937e-19	0.80019714069629	-0.000481653460517768	33.975885178571	0.2
13.425	4.5	1.31929809159669e-18	0.800205003168344	-0.000501282819230837	33.9518791486738	0.2
13.575	4.5	1.72525474498103e-18	0.800213172786812	-0.000521720224032619	33.9278728783809	0.2
13.725	4.5	1.49199554128379e-18	0.800221661160777	-0.000542999384153964	33.9038663583066	0.2
13.875	4.5	1.99742639043753e-19	0.800230480301107	-0.00056515545986479	33.8798595787113	0.2
14.025	4.5	-2.32797998520141e-18	0.800239642634006	-0.000588225129841665	33.8558525294886	0.2
14.175	4.5	-5.7132925902117e-18	0.800249161011046	-0.000612246659569216	33.8318452001532	0.2
14.325	4.5	-8.76107311325613e-18	0.800259048722075	-0.000637259974404052	33.8078375798279	0.2
14.475	4.5	-9.43624783135884e-18	0.800269319504866	-0.000663306736132944	33.7838296572299	0.2
14.625	4.5	-5.30088367624797e-18	0.800279987560118	-0.000690430423421094	33.7598214206576	0.2
14.775	4.5	5.44163777341883e-18	0.800291067561184	-0.000718676415910345	33.7358128579763	0.2
14.925	4.5	2.23683149569592e-17	0.800302574666841	-0.000748092083662494	33.7118039566039	0.2
15.075	4.5	4.11633122108707e-17	0.800314524533489	-0.000778726880691577	33.6877947034963	0.2
15.225	4.5	5.27220138320186e-17	0.800326933326705	-0.000810632442671521	33.6637850851319	0.2
15.375	4.5	4.42110323092688e-17	0.800339817735565	-0.00084386269146765	33.6397750874967	0.2
15.525	4.5	3.164175150145e-18	0.800353194980177	-0.000878473943784163	33.6157646960678	0.2
15.675	4.5	-7.51054312809761e-17	0.800367082829117	-0.000914525026212158	33.5917538957979	0.2
15.825	4.5	-1.78140201989459e-16	0.800381499608025	-0.000952077396892818	33.567742671098	0.2
15.975	4.5	-2.68664429074099e-16	0.800396464212543	-0.000991195273686856	33.5437310058214	0.2
16.125	4.5	-2.84413253764698e-16	0.80041199612028	-0.00103194576752047	33.5197188832453	0.2
16.275	4.5	-1.5200490532602e-16	0.800428115403374	-0.00107439902696705	33.4957062860541	0.2
16.425	4.5	1.8095918015052e-16	0.80044484273879	-0.00111862838746755	33.4716931963211	0.2
16.575	4.5	6.98124041178042e-16	0.800462199421988	-0.00116471053043427	33.4476795954898	0.200000000000001
16.725	4.5	1.26456562262612e-15	0.800480207376924	-0.00121272565133048	33.4236654643558	0.200000000000001
16.875	4.5	1.60137946006294e-15	0.800498889169222	-0.0012627576378492	33.3996507830472	0.200000000000001
17.025	4.5	1.31996217944523e-15	0.80051826801738	-0.00131489425634735	33.3756355310056	0.200000000000001
17.175	4.5	4.77313725625821e-17	0.80053836780374	-0.00136922735370269	33.3516196869662	0.2
17.325	4.5	-2.3474539524613e-15	0.800559213088624	-0.0014258530648552	33.3276032289374	0.199999999999998
17.475	4.5	-5.47638424885429e-15	0.800580829120252	-0.00148487203808045	33.3035861341808	0.199999999999996
17.625	4.5	-8.20119738886419e-15	0.800603241849544	-0.00154638967147391	33.2795683791902	0.199999999999993
17.775	4.5	-8.63554987020163e-15	0.800626477940799	-0.00161051636326292	33.2555499396699	0.199999999999993
17.925	4.5	-4.56643873917183e-15	0.800650564787857	-0.00167736777967817	33.2315307905137	0.199999999999996
18.075	4.5	5.57962699891081e-15	0.800675530527506	-0.00174706513606391	33.2075109057826	0.200000000000004
18.225	4.5	2.13045154118684e-14	0.800701404055284	-0.00181973549941095	33.1834902586821	0.200000000000017
18.375	4.5	3.85468474983437e-14	0.800728215043306	-0.00189551210638524	33.1594688215393	0.200000000000031
18.525	4.5	4.89161892113382e-14	0.800755993959072	-0.00197453470345796	33.1354465657795	0.200000000000039
18.675	4.5	4.06994566181685e-14	0.800784772087493	-0.00205694990841638	33.1114234619017	0.200000000000033
18.825	4.5	2.58373954962779e-15	0.800814581554691	-0.00214291159523875	33.0873994794542	0.200000000000002
18.975	4.5	-6.96756649174869e-14	0.80084545535632	-0.00223258130356811	33.0633745870085	0.199999999999944
19.125	4.5	-1.64861062825651e-13	0.800877427389638	-0.00232612867498255	33.0393487521329	0.199999999999868
19.275	4.5	-2.49383729047738e-13	0.800910532490948	-0.00242373191957126	33.0153219413651	0.199999999999801
19.425	4.5	-2.66962271749168e-13	0.800944806479376	-0.00252557831095426	32.9912941201834	0.199999999999786
19.575	4.5	-1.50641841002866e-13	0.800980286208085	-0.00263186471665835	32.9672652529764	0.199999999999879
19.725	4.5	1.4907749828874e-13	0.801017009623932	-0.00274279816386867	32.943235303011	0.200000000000119
19.875	4.5	6.21973831012358e-13	0.801055015838353	-0.00285859644269866	32.9192042323989	0.200000000000498
20.025	4.5	1.15313819518351e-12	0.801094345211219	-0.00297948875183135	32.8951720020606	0.200000000000922
20.175	4.5	1.49785586486686e-12	0.801135039447995	-0.0031057163877787	32.871138571686	0.200000000001198
20.325	4.5	1.30687673533195e-12	0.801177141716335	-0.00323753348290153	32.8471038996934	0.200000000001046
20.475	4.5	2.30527652552752e-13	0.801220696781035	-0.00337520779278198	32.8230679431828	0.200000000000184
20.625	4.5	-1.88931204239571e-12	0.801265751164395	-0.00351902154049838	32.7990306578865	0.199999999998489
20.775	4.5	-4.77091293041881e-12	0.80131235333468	-0.00366927231971874	32.7749919981133	0.199999999996183
20.925	4.5	-7.47670876754333e-12	0.801360553925987	-0.00382627405932092	32.7509519166873	0.199999999994019
21.075	4.5	-8.37447637773389e-12	0.80141040599747	-0.0039903580590286	32.7269103648792	0.1999999999933
21.225	4.5	-5.44462887573653e-12	0.801461965334987	-0.00416187409655547	32.7028672923291	0.199999999995644
21.375	4.5	2.94503287008637e-12	0.80151529080754	-0.00434119161389387	32.6788226469601	0.200000000002356
21.525	4.5	1.68283259469962e-11	0.801570444779424	-0.00452870098757584	32.6547763748801	0.200000000013463
21.675	4.5	3.32860859101688e-11	0.801627493594077	-0.0047248148890622	32.6307284202701	0.200000000026629
21.825	4.5	4.55594335177758e-11	0.801686508136596	-0.00492996973971452	32.606678725258	0.200000000036448
21.975	4.5	4.34944906304783e-11	0.801747564486661	-0.00514462726722916	32.5826272297732	0.200000000034796
22.125	4.5	1.61782655128612e-11	0.801810744676735	-0.00536927616947724	32.5585738713805	0.200000000012943
22.275	4.5	-4.28404083496311e-11	0.801876137572026	-0.00560443388871306	32.5345185850894	0.199999999965728
22.425	4.5	-1.28405521776312e-10	0.801943839883067	-0.00585064850848392	32.5104613031344	0.199999999897276
22.575	4.5	-2.16904737573556e-10	0.802013957342625	-0.00610850077601764	32.4864019547212	0.199999999826476
22.725	4.5	-2.6358552854236e-10	0.802086606062747	-0.00637860626392701	32.4623404657356	0.199999999789132
22.875	4.5	-2.08846024600596e-10	0.802161914104852	-0.00666161767932237	32.4382767584081	0.199999999832923
23.025	4.5	2.51742814153504e-12	0.802240023298279	-0.00695822733170708	32.4142107509295	0.200000000002014
23.175	4.5	3.8869557602259e-10	0.802321091339773	-0.0072691697658631	32.3901423570098	0.200000000310956
23.325	4.5	8.9110950720195e-10	0.802405294219064	-0.00759522455999425	32.3660714853743	0.200000000712888
23.475	4.5	1.34241994590204e-09	0.802492829008403	-0.00793721927908944	32.341998039185	0.200000001073936
23.625	4.5	1.46507319198234e-09	0.802583917055476	-0.00829603256339203	32.3179219153752	0.200000001172059
23.775	4.5	9.2551603201383e-10	0.802678807625678	-0.00867259732274678	32.2938430038795	0.200000000740413
23.925	4.5	-5.39421671816734e-10	0.802777782031992	-0.0090679040117163	32.2697611867394	0.199999999568463
24.075	4.5	-2.93124285579135e-09	0.80288115832046	-0.00948300396758996	32.2456763370615	0.199999997655006
24.225	4.5	-5.77940795514674e-09	0.802989296592024	-0.00991901283607865	32.221588317805	0.199999995376474
24.375	4.5	-8.00294511961097e-09	0.803102605088817	-0.0103771141439847	32.1974969803798	0.199999993597644
24.525	4.5	-7.96959575167591e-09	0.803221547215544	-0.01085856311588	32.1734021630422	0.199999993624323
24.675	4.5	-3.87642151393718e-09	0.803346649710365	-0.0113646908462881	32.1493036890831	0.199999996898863
24.825	4.5	5.48824918211671e-09	0.803478512192675	-0.0118969088764054	32.1252013648069	0.200000004390599
24.975	4.5	1.96832782151284e-08	0.803617818282195	-0.012456714075211	32.1010949772933	0.200000015746623
25.125	4.5	3.55429394427691e-08	0.803765348385042	-0.0130456934852915	32.0769842919137	0.200000028434352
25.275	4.5	4.6605922451733e-08	0.8039219940821	-0.0136655284776656	32.0528690495338	0.200000037284738
25.425	4.5	4.36956859343975e-08	0.804088773880285	-0.014317997309062	32.0287489632766	0.200000034956549
25.575	4.5	1.72346074722445e-08	0.804266849971764	-0.015004975077674	32.0046237146685	0.200000013787686
25.725	4.5	-3.85173525575019e-08	0.804457545709719	-0.0157284303666207	31.9804929489516	0.199999969186118
25.875	4.5	-1.19869137427072e-07	0.804662363876047	-0.016490418616615	31.9563562693625	0.19999990410469
26.025	4.5	-2.08353647068579e-07	0.804883006526089	-0.0172930734854477	31.932213230268	0.199999833317082
26.175	4.5	-2.68255868312803e-07	0.805121398212223	-0.0181385988779471	31.908063329219	0.199999785395305
26.325	4.5	-2.50174810223835e-07	0.805379715421195	-0.0190292653961537	31.8839059982101	0.199999799860152
26.475	4.5	-1.03265719810959e-07	0.805660425660868	-0.0199674148897064	31.8597405946503	0.199999917387424
26.625	4.5	2.03220179200805e-07	0.805966339187507	-0.0209554747544532	31.8355663926378	0.200000162576143
26.775	4.5	6.52117900916293e-07	0.806300674277925	-0.0219959791049907	31.8113825749898	0.200000521694321
26.925	4.5	1.15196514450621e-06	0.806667133026902	-0.0230915871941355	31.7871882259884	0.200000921572116
27.075	4.5	1.52416703400015e-06	0.807069979276732	-0.0242450818833143	31.7629823239876	0.200001219333627
27.225	4.5	1.51789747244009e-06	0.807514104876101	-0.0254593252872141	31.7387637320055	0.200001214317978
27.375	4.5	8.64412522733224e-07	0.808005067339407	-0.0267371485739734	31.7145311835213	0.200000691530018
27.525	4.5	-6.26306337320795e-07	0.808549084003879	-0.0280811618558464	31.6902832603372	0.19999949895493
27.675	4.5	-2.93869396681442e-06	0.809152977535766	-0.0294934900434254	31.666018360017	0.199997649044827
27.825	4.5	-5.725462731884e-06	0.809824085967713	-0.030975469892663	31.6417346523698	0.199995419629815
27.975	4.5	-8.23040552636488e-06	0.810570175208041	-0.0325273758035422	31.6174300276471	0.199993415675579
28.125	4.5	-9.31666529485047e-06	0.811399416942358	-0.0341482658886521	31.5931020429744	0.199992546667764
28.275	4.5	-7.6486233138156e-06	0.812320509975716	-0.0358360410185766	31.5687478769194	0.199993881101349
28.425	4.5	-2.04548304327012e-06	0.813343016250768	-0.0375877748609015	31.5443643035279	0.199998363613565
28.575	4.5	8.02636236327099e-06	0.814477943616126	-0.039400296522325	31.5199476952274	0.200006421089891
28.725	4.5	2.19181277481657e-05	0.815738532442949	-0.0412708969517153	31.4954940579601	0.200017534502199
28.875	4.5	3.73746226858036e-05	0.817141100763074	-0.0431979104938474	31.4709990922101	0.200029899698149
29.025	4.5	5.04064417766569e-05	0.818705695721103	-0.0451808337746027	31.4464582622327	0.200040325153421
29.175	4.5	5.56261910667095e-05	0.820456222994603	-0.0472196311444612	31.421866846137	0.200044500952853
29.325	4.5	4.71391870656962e-05	0.822419719934559	-0.0493129753450753	31.3972199355279	0.200037711349653
29.475	4.5	1.99458896719483e-05	0.824624533494943	-0.0514553934213099	31.3725123585737	0.200015956711738
29.625	4.5	-2.8350920868158e-05	0.827097369976489	-0.0536336021934149	31.3477385160294	0.199977319263305
29.775	4.5	-9.58940093631052e-05	0.829859478173581	-0.0558226561985699	31.3228921441284	0.19992328479251
29.925	4.5	-0.000175424940233483	0.832922554789055	-0.0579827971171847	31.2979660461916	0.199859660047813
30.075	4.5	-0.000254077419847783	0.836285235945289	-0.0600579847278745	31.2729518585345	0.199796738064122
30.225	4.5	-0.000314402740943802	0.839931160906231	-0.0619769261288619	31.2478399275217	0.199748477807245
30.375	4.5	-0.000336663911485203	0.843829471954783	-0.0636569781923597	31.2226193672783	0.199730668870812
30.525	4.5	-0.000302118782986603	0.847938200023491	-0.0650106365358582	31.1972783400677	0.199758304973611
30.675	4.5	-0.000196715487333349	0.852210315363143	-0.0659535944519573	31.1718045580106	0.199842627610133
30.825	4.5	-1.44340191745378e-05	0.856601440860414	-0.0664127783330709	31.1461859554581	0.19998845278466
30.975	4.5	0.000240503212496531	0.861077567441113	-0.0663325645957611	31.1204114389674	0.200192402569997
31.125	4.5	0.000553131887782702	0.865620827648951	-0.0656776838718223	31.0944715993506	0.200442505510226
31.275	4.5	0.000899158712096782	0.87023163544268	-0.064432072702141	31.0683592767126	0.200719326969677
31.425	4.5	0.00124801260362618	0.874926271728237	-0.0625939093776716	31.0420699068985	0.200998410082901
31.575	4.5	0.00156681618975282	0.87973008434825	-0.0601679423088111	31.0156016398455	0.201253452951802
31.725	4.5	0.00182429301768964	0.884667564909992	-0.0571567143571447	30.9889552917563	0.201459434414152
31.875	4.5	0.00199366088580382	0.889751351585284	-0.053552318727196	30.9621342516641	0.201594928708643
32.025	4.5	0.0020539599875601	0.894972467503389	-0.0493300300941007	30.9351444836689	0.201643167990048
32.175	4.5	0.00198998342778909	0.900293748925143	-0.0444448240314533	30.9079947265807	0.201591986742231
32.325	4.5	0.00179183675043354	0.905647491936556	-0.0388316944403429	30.8806968820196	0.201433469400347
32.475	4.5	0.00145582272428401	0.910937044886014	-0.0324108596379363	30.8532664116744	0.201164658179427
32.625	4.5	0.000988384306365735	0.916040767968117	-0.0250991214798011	30.8257223802424	0.200790707445093
32.775	4.5	0.000413804240401832	0.920816029868363	-0.0168281429483333	30.7980866695197	0.200331043392321
32.925	4.5	-0.000215949003748677	0.925101383837789	-0.00756834087266148	30.7703819694316	0.199827240797001
33.075	4.5	-0.000814075891239249	0.928717316473057	0.00264729161622939	30.7426285324228	0.199348739287009
33.225	4.5	-0.0012623461933474	0.931469980644442	0.013711620107522	30.7148403815738	0.198990123045322
33.375	4.5	-0.00143367385075532	0.93316680886985	0.0254624895010932	30.6870225346043	0.198853060919396
33.525	4.5	-0.00123882675796386	0.933654620677773	0.0377514119355464	30.6591714586861	0.199008938593629
33.675	4.5	-0.000692783002022869	0.932885422912365	0.050568403655771	30.6312808500821	0.199445773598382
33.825	4.5	1.79100072668139e-05	0.931000919176416	0.0642026916104095	30.6033534422307	0.200014328005813
33.975	4.5	0.000499661218153052	0.928410036031799	0.079388351678725	30.5754167931156	0.200399728974522
34.125	4.5	0.000187592992262847	0.925826673974698	0.0973682587013887	30.5475375063513	0.20015007439381
34.275	4.5	-0.00151798093140136	0.924241183729715	0.119814051486789	30.519825509814	0.198785615254879
34.425	4.5	-0.00501530387315266	0.924800960935717	0.148539397577679	30.4924197506458	0.195987756901478
34.575	4.5	-0.0102117423260786	0.928543869935459	0.184907822252828	30.4654506100398	0.191830606139137
34.725	4.5	-0.0162718781975884	0.935863476081785	0.228798167796902	30.4389828106269	0.186982497441929
34.875	4.5	-0.0215141748015618	0.945595048498435	0.277143560760934	30.412953583033	0.182788660158751
35.025	4.5	-0.0235474975179925	0.953989795372101	0.322745384065177	30.3871295950365	0.181162001985606
35.175	4.5	-0.0196752628980041	0.95475669156553	0.355158601236228	30.361105572672	0.184259789681597
35.325	4.5	-0.00749572851425423	0.941622814602354	0.365103911953116	30.334352614881	0.194003417188597
35.475	4.5	0.0144757028763525	0.912377692153846	0.350079852733405	30.3063021595513	0.211580562301082
35.625	4.5	0.0463713397079241	0.870435036383511	0.315714333112678	30.27644019934	0.237097071766339
35.775	4.5	0.0868573956911159	0.822326517725717	0.271545035117287	30.2443888800645	0.269485916552893
35.925	4.5	0.13335368601507	0.774162505732992	0.225948018713664	30.2099585747394	0.306682948812056
36.075	4.5	0.182511475836381	0.729889296705733	0.183979342225973	30.1731621480291	0.346009180669105
36.225	4.5	0.230822890233946	0.69132792516699	0.1477478843349	30.1341940554798	0.384658312187157
36.375	4.5	0.275204670438604	0.658878660430243	0.117567694399488	30.0933846381704	0.420163736350883
36.525	4.5	0.313412368825084	0.632186643459803	0.0929099450181525	30.0511429795493	0.450729895060067
36.675	4.5	0.344211277928715	0.610578070404263	0.0729643196153363	30.0079010123309	0.475369022342972
36.825	4.5	0.367321503538918	0.593297907765417	0.0569107254442667	29.9640680094317	0.493857202831134
36.975	4.5	0.383215996593931	0.579622176481269	0.0440267070079387	29.9199996787785	0.506572797275145
37.125	4.5	0.392862401347514	0.568902342721933	0.0337141446319537	29.8759817612408	0.514289921078011
37.275	4.5	0.397477135844098	0.560577056191459	0.0254910092274973	29.8322254564966	0.517981708675278
37.425	4.5	0.398328123058183	0.554170166585319	0.018971002755408	29.7888711628177	0.518662498446546
37.575	4.5	0.396597037625961	0.549284116991575	0.0138418028477178	29.7459972715469	0.517277630100769
37.725	4.5	0.393297024030284	0.545592476620129	0.00984653344363093	29.7036314469309	0.514637619224227
37.875	4.5	0.389235356575088	0.542832745537568	0.00676997389430316	29.6617625475766	0.51138828526007
38.025	4.5	0.385008948570763	0.540799456639854	0.00442937196288995	29.6203519548539	0.50800715885661
38.175	4.5	0.381021433353476	0.539337302485423	0.00266889119395478	29.5793435489329	0.504817146682781
38.325	4.5	0.377512352488416	0.538334105140194	0.00135644314751746	29.5386719394118	0.502009881990732
38.475	4.5	0.374591129347164	0.537713673301435	0.000381776425168245	29.498268836755	0.499672903477731
38.625	4.5	0.372270635337353	0.53742880477054	-0.000344952575338554	29.4580676536983	0.497816508269883
38.775	4.5	0.370497068968234	0.537454818054225	-0.000894502058674558	29.4180065574447	0.496397655174587
38.925	4.5	0.369174449449601	0.537784010794316	-0.00131983406779736	29.378030260265	0.495339559559681
39.075	4.5	0.368183232779627	0.538421356469857	-0.00165730883623586	29.3380908489311	0.494546586223702
39.225	4.5	0.367393400315407	0.539381595648039	-0.00192773891860646	29.2981479271274	0.493914720252326
39.375	4.5	0.366672892132884	0.540687692222152	-0.00213736127183995	29.258168295954	0.493338313706307
39.525	4.5	0.365892518733838	0.542370444984208	-0.00227889984293688	29.2181253408306	0.492714014987071
39.675	4.5	0.364928544640555	0.544468899935002	-0.00233295785648291	29.1779982400865	0.491942835712444
39.825	4.5	0.363664049459387	0.547031119018249	-0.00226996998183394	29.1377710684532	0.490931239567509
39.975	4.5	0.361989980563343	0.550114835843897	-0.002052862162041	29.097431840484	0.489591984450674
40.125	4.5	0.359806552835166	0.553787567201447	-0.00164043464968524	29.0569715242062	0.487845242268133
40.275	4.5	0.357025355865745	0.558125840275502	-0.000991335020011004	29.016383051518	0.485620284692596
40.425	4.5	0.353572227276823	0.563213322921472	-6.83550768541991e-05	28.9756603553716	0.482857781821459
40.575	4.5	0.349390673880357	0.569137789662351	0.00115730711420859	28.9347974707786	0.479512539104286
40.725	4.5	0.344445403443618	0.575987002806417	0.00270221849920429	28.8937877433852	0.475556322754894
40.875	4.5	0.338725400050437	0.583843724217227	0.00456769877946884	28.8526231924758	0.47098032004035
41.025	4.5	0.332245957401468	0.592780190940115	0.00673794355542115	28.8112940721596	0.465796765921175
41.175	4.5	0.32504918190482	0.602852481298633	0.00917949896960276	28.7697886637232	0.460039345523856
41.325	4.5	0.317202674315734	0.614095260404603	0.0118421746744608	28.7280933138764	0.453762139452588
41.475	4.5	0.308796357172351	0.626517415871557	0.0146613394044611	28.6861927099665	0.447037085737881
41.625	4.5	0.299937683805723	0.640099064902902	0.0175614021661748	28.6440703579498	0.439950147044578
41.775	4.5	0.290745690566738	0.654790323844527	0.0204601582026499	28.6017092066484	0.432596552453391
41.925	4.5	0.281344495436296	0.670512080001082	0.0232735889119429	28.5590923469473	0.425075596349037
42.075	4.5	0.271856882790375	0.687158804832321	0.0259206628576099	28.5162037099687	0.4174855062323
42.225	4.5	0.262398549451355	0.704603223194552	0.0283276988082303	28.4730286944981	0.409918839561084
42.375	4.5	0.253073445505941	0.722702440686999	0.0304319202121491	28.4295546692878	0.402458756404753
42.525	4.5	0.243970460829677	0.741304967888481	0.0321839426354743	28.3857713168393	0.395176368663741
42.675	4.5	0.235161522721439	0.760257995356017	0.0335490727117022	28.341670807703	0.388129218177152
42.825	4.5	0.226701011679577	0.779414280430948	0.0345074365401389	28.2972478144341	0.381360809343662
42.975	4.5	0.218626290226497	0.798638099353629	0.0350530760210828	28.2524993894633	0.374901032181198
43.125	4.5	0.210959078987315	0.817809873482417	0.0351922378456683	28.2074247400981	0.368767263189852
43.275	4.5	0.203707400215524	0.836829263709589	0.0349411242661196	28.1620249368072	0.362965920172419
43.425	4.5	0.196867830304785	0.855616709054825	0.0343233783633334	28.1163025889792	0.357494264243828
43.575	4.5	0.190427845968096	0.874113537171475	0.0333675469890964	28.0702615170437	0.352342276774477
43.725	4.5	0.184368101132392	0.892280880507242	0.032104713449252	28.0239064428253	0.347494480905914
43.875	4.5	0.178664523496534	0.9100976881266	0.0305664316396951	27.9772427126255	0.342931618797227
44.025	4.5	0.173290164936266	0.92755813515304	0.0287830343606984	27.9302760607894	0.338632131949013
44.175	4.5	0.168216775600379	0.944668710145477	0.0267823384090004	27.8830124159814	0.334573420480303
44.325	4.5	0.163416096936774	0.961445218431192	0.0245887317220373	27.8354577483172	0.330732877549419
44.475	4.5	0.158860885255621	0.977909887576952	0.0222226041901804	27.7876179528721	0.327088708204497
44.625	4.5	0.154525686443145	0.994088708820903	0.0197000725381584	27.7394987637568	0.323620549154516
44.775	4.5	0.150387386159504	1.01000910091656	0.0170329483633155	27.691105692715	0.320309908927603
44.925	4.5	0.146425560175617	1.02569794337088	0.014228903951315	27.6424439868176	0.317140448140494
45.075	4.5	0.142622648033671	1.04117999545868	0.0112917997057026	27.5935186010898	0.314098118426937
45.225	4.5	0.138963971220806	1.05647669550046	0.00822214671739425	27.5443341835624	0.311171176976645
45.375	4.5	0.135437615427712	1.07160532107006	0.00501768500260502	27.4948950720536	0.30835009234217
45.525	4.5	0.13203419574588	1.0865784844543	0.00167405922127934	27.4452053036505	0.305627356596704
45.675	4.5	0.128746524205479	1.10140393751342	-0.00181443335536488	27.395268639072	0.302997219364384
45.825	4.5	0.125569200426551	1.11608466554613	-0.0054540645964138	27.3450886045115	0.300455360341241
45.975	4.5	0.122498147799844	1.13061925926439	-0.00925093429218725	27.2946685529646	0.297998518239875
46.125	4.5	0.119530118938779	1.14500256507968	-0.0132103627311675	27.2440117453252	0.295624095151023
46.275	4.5	0.116662194771394	1.15922662294745	-0.0173365386285652	27.1931214487904	0.293329755817116
46.425	4.5	0.113891301544906	1.17328190339121	-0.0216325514101953	27.1420010466515	0.291113041235925
46.575	4.5	0.111213769503874	1.18715884767874	-0.0261009127857969	27.0906541498535	0.288971015603099
46.725	4.5	0.108624959458843	1.20084968768253	-0.0307446038126778	27.0390846972827	0.286899967567074
46.875	4.5	0.106118990312776	1.21435047134766	-0.0355685633644569	26.9872970289188	0.284895192250221
47.025	4.5	0.103688612539908	1.22766314427224	-0.0405813677763892	26.9352959139846	0.282950890031926
47.175	4.5	0.101325288241223	1.2407974406603	-0.0457966615928768	26.8830865151194	0.281060230592978
47.325	4.5	0.0990195524968017	1.25377222741841	-0.0512337269417521	26.8306742695473	0.279215641997441
47.475	4.5	0.0967617320026325	1.26661584551517	-0.0569164810349995	26.7780646699003	0.277409385602106
47.625	4.5	0.0945430708911761	1.27936493379255	-0.0628702312896329	26.7252629324978	0.275634456712941
47.775	4.5	0.0923572462468736	1.2920612419101	-0.0691157518129386	26.6722735523612	0.273885796997499
47.925	4.5	0.0902021410830121	1.30474608352408	-0.0756607034439858	26.6190997655948	0.27216171286641
48.075	4.5	0.0880815903504955	1.317452384547	-0.0824890861711566	26.565742973677	0.270465272280396
48.225	4.5	0.086006657418368	1.33019475968446	-0.0895502071443273	26.5122022302239	0.268805325934694
48.375	4.5	0.0839958864899299	1.34295867500952	-0.0967494123736349	26.4584739428969	0.267196709191944
48.525	4.5	0.0820739725043169	1.35569042489099	-0.103943332334386	26.4045519886609	0.265659178003454
48.675	4.5	0.0802684463988646	1.36829017487167	-0.110942350721311	26.3504284617258	0.264214757119092
48.825	4.5	0.0786043107569177	1.38061042427465	-0.117522168176305	26.2960952517943	0.262883448605534
48.975	4.5	0.0770970541252651	1.39246164621696	-0.123444597149924	26.2415465728716	0.261677643300212
49.125	4.5	0.0757450550162902	1.40362543589168	-0.12848528188477	26.1867824272039	0.260596044013032
49.275	4.5	0.0745229705128458	1.41387341632696	-0.132463450495363	26.1318128021108	0.259618376410277
49.425	4.5	0.0733782029785983	1.42298796192583	-0.135266917564137	26.076662170965	0.258702562382879
49.575	4.5	0.0722328712367791	1.43077928090067	-0.136865204331167	26.0213736125138	0.257786296989423
49.725	4.5	0.0709937751836355	1.43709322638115	-0.137305286487278	25.9660115831753	0.256795020146908
49.875	4.5	0.0695724534855047	1.44180563474627	-0.136687949837801	25.9106620973073	0.255657962788404
50.025	4.5	0.0679163054619686	1.44480176267842	-0.135127334062942	25.8554288557805	0.254333044369575
50.175	4.5	0.0660495498300056	1.44594300535579	-0.132701169274667	25.8004238480636	0.252839639864004
50.325	4.5	0.0641193481971941	1.44502719995694	-0.129403992078889	25.7457513431591	0.251295478557755
50.475	4.5	0.0624380165489199	1.44175352094622	-0.125120051143023	25.691485207541	0.249950413239136
50.625	4.5	0.0615079324754528	1.43570825396104	-0.119635536984822	25.6376412766543	0.249206345980362
50.775	4.5	0.0620134072515623	1.42639197604256	-0.112707056050187	25.584148925182	0.24961072580125
50.925	4.5	0.0647657543415165	1.41330646687615	-0.104187251608186	25.5308284557292	0.251812603473213
51.075	4.5	0.0705957872349779	1.39610213330498	-0.0941743990081155	25.4773824109032	0.256476629787982
51.225	4.5	0.0802017831281219	1.37475015907496	-0.0831140544605032	25.4234081847323	0.264161426502498
51.375	4.5	0.0939774351699824	1.34966564205794	-0.0717758246852199	25.3684356219715	0.275181948135986
51.525	4.5	0.111858043732287	1.32170778480204	-0.0610882085828886	25.3119870985182	0.28948643498583
51.675	4.5	0.133228467328478	1.29204124302369	-0.0519077368254211	25.2536506795569	0.306582773862783
51.825	4.5	0.156929454141505	1.26191995134806	-0.0448409971385702	25.1931518220489	0.325543563313204
51.975	4.5	0.181379427330863	1.23248573179842	-0.0401893316425592	25.1304077042836	0.34510354186469
52.125	4.5	0.204799972940553	1.20464238247871	-0.0379998101981115	25.0655512646465	0.363839978352442
52.275	4.5	0.225502774636675	1.17901272810609	-0.0381574958300302	24.9989185867746	0.38040221970934
52.425	4.5	0.242173988771994	1.155952415353	-0.0404605576960521	24.9310015469955	0.393739191017595
52.575	4.5	0.254087755609689	1.13558831786003	-0.0446523849208928	24.8623754561119	0.403270204487751
52.725	4.5	0.261195642276307	1.11785995957764	-0.0504158223838304	24.7936168670484	0.408956513821046
52.875	4.5	0.264067882742672	1.10255818547608	-0.0573557686620766	24.7252286225093	0.411254306194138
53.025	4.5	0.263696756241096	1.08937007451324	-0.0650083289788246	24.6575873265665	0.410957404992877
53.175	4.5	0.261204875170728	1.07794748266731	-0.0729140557857822	24.5909232128398	0.408963900136583
53.325	4.5	0.257525899588385	1.06801220374179	-0.0807708287858818	24.5253348445704	0.406020719670708
53.475	4.5	0.253137248306378	1.05949088528668	-0.0886376261640003	24.4608326877658	0.402509798645102
53.625	4.5	0.247919400954999	1.05264757772979	-0.0971158090009084	24.3973982056996	0.398335520763999
53.775	4.5	0.241192392128404	1.04817244226938	-0.107426202125489	24.3350406114491	0.392953913702723
53.925	4.5	0.231939299079706	1.0472027612015	-0.121340337592233	24.2738331666722	0.385551439263765
54.075	4.5	0.219176493380563	1.05127754055175	-0.140974592576908	24.2139154519146	0.375341194704451
54.225	4.5	0.202383991436271	1.06222183370315	-0.16845997725827	24.1554568362614	0.361907193149017
54.375	4.5	0.181881746805734	1.08189801579821	-0.20544063819756	24.0985877352137	0.345505397444588
54.525	4.5	0.159040778011463	1.11166181279877	-0.252279357693724	24.0433163550787	0.327232622409171
54.675	4.5	0.136251819967875	1.15130618150628	-0.306883730150763	23.9894561321436	0.3090014559743
54.825	4.5	0.116625868865069	1.19751024843638	-0.363426345303412	23.9365897691716	0.293300695092055
54.975	4.5	0.103457894239358	1.24266307538554	-0.412040336019298	23.8840869556699	0.282766315391487
55.125	4.5	0.0995523617437317	1.27597825552728	-0.441165874632163	23.8311747914418	0.279641889394985
55.275	4.5	0.106589240758955	1.28793014613177	-0.442761079136941	23.7770418646093	0.285271392607164
55.425	4.5	0.124745970577633	1.27526483581139	-0.41687632487066	23.7209519035318	0.299796776462106
55.575	4.5	0.152706578184253	1.24204102483132	-0.37119571039383	23.6623457785361	0.322165262547402
55.725	4.5	0.188017683002427	1.1962692153439	-0.316189836877755	23.6009091616742	0.350414146401942
55.875	4.5	0.227626564169075	1.1458411015873	-0.260530656501099	23.5365888817478	0.38210125133526
56.025	4.5	0.268425132757167	1.09642397040039	-0.209404719096289	23.4695609660501	0.414740106205733
56.175	4.5	0.307680134944311	1.05125295272902	-0.165006593727268	23.400169583569	0.446144107955449
56.325	4.5	0.343295150663737	1.01175241168819	-0.127672755405805	23.3288578728012	0.47463612053099
56.475	4.5	0.37390275390063	0.978242034680741	-0.0968235366240188	23.2561053116829	0.499122203120504
56.625	4.5	0.398821815042679	0.95046078236191	-0.0715398235245897	23.182379176941	0.519057452034143
56.775	4.5	0.417932206356493	0.927890347930537	-0.0508579002890139	23.1081021860978	0.534345765085194
56.925	4.5	0.431517672133593	0.909933253260729	-0.0338972268496998	23.0336348935773	0.545214137706874
57.075	4.5	0.440114137448639	0.896001703767914	-0.0199025716811066	22.959269643884	0.552091309958911
57.225	4.5	0.444384083652245	0.885556595703273	-0.00824716966074531	22.8852324672701	0.555507266921796
57.375	4.5	0.445023941840997	0.878120570310451	0.00157927521069464	22.8116897066292	0.556019153472798
57.525	4.5	0.442702882185063	0.873278499646657	0.00998667785900377	22.7387569104251	0.55416230574805
57.675	4.5	0.438027360703612	0.870672472722808	0.0173002038026202	22.6665082985522	0.55042188856289
57.825	4.5	0.431524741579265	0.86999482068791	0.0237739806628817	22.5949857543987	0.545219793263412
57.975	4.5	0.423639793413226	0.870980879722951	0.0296027361063829	22.5242067796699	0.538911834730581
58.125	4.5	0.414739039904285	0.873402200002773	0.0349316713711372	22.4541711832271	0.531791231923428
58.275	4.5	0.40511923974757	0.877060440797953	0.0398649615373802	22.3848664900991	0.524095391798056
58.425	4.5	0.395017432788403	0.881781995243223	0.0444731999631989	22.3162721826223	0.516013946230722
58.575	4.5	0.384620937442059	0.887413320113384	0.0487999959913007	22.2483629479753	0.507696749953647
58.725	4.5	0.374076406168312	0.893816930424037	0.05286784591463	22.1811111250766	0.49926112493465
58.875	4.5	0.363497559475064	0.900868018762555	0.0566833420801608	22.1144885341251	0.490798047580051
59.025	4.5	0.352971555109229	0.908451659515498	0.0602417590725749	22.0484678456563	0.482377244087383
59.175	4.5	0.342564142982775	0.916460554169687	0.063531047031436	21.9830236117544	0.47405131438622
59.325	4.5	0.33232384327963	0.924793265705762	0.0665352584484902	21.9181330465706	0.465859074623704
59.475	4.5	0.32228539734606	0.933352878788753	0.0692374287588485	21.853776611261	0.457828317876848
59.625	4.5	0.312472705707561	0.942046008686576	0.0716219212894664	21.7899384330268	0.449978164566048
59.775	4.5	0.302901406880976	0.95078206627294	0.0736762383633874	21.7266065710838	0.442321125504781
59.925	4.5	0.293581182149171	0.95947267086527	0.0753923017735777	21.6637731349282	0.434864945719337
60.075	4.5	0.28451780986639	0.968031090969056	0.0767672279364062	21.6014342618039	0.427614247893112
60.225	4.5	0.275714951264205	0.976371591547165	0.0778036729207055	21.5395899688583	0.420571961011364
60.375	4.5	0.267175639524431	0.984408582720553	0.0785098984869888	21.4782439073247	0.413740511619545
60.525	4.5	0.258903472785621	0.992055504776826	0.0788997968490928	21.4174030556617	0.407122778228497
60.675	4.5	0.250903579987876	0.999223448676462	0.0789931780483314	21.3570773893468	0.400722863990301
60.825	4.5	0.243183524244401	1.00581959144855	0.078816626238107	21.2972795510264	0.394546819395521
60.975	4.5	0.235754404631925	1.01174560221845	0.0784051247916625	21.23802451314	0.38860352370554
61.125	4.5	0.228632472081641	1.01689621695077	0.0778044064845245	21.1793291791924	0.382905977665313
61.275	4.5	0.22184153908961	1.02115815314045	0.077073615335671	21.1212118211	0.377473231271688
61.425	4.5	0.215416294732848	1.02440940881059	0.0762874443920197	21.0636912188815	0.372333035786278
61.575	4.5	0.209406324801435	1.02651874919581	0.0755365876061758	21.0067853815797	0.367525059841148
61.725	4.5	0.203880226134926	1.02734484585992	0.0749253337186085	20.9505098094644	0.36310418090794
61.875	4.5	0.1989288139211	1.02673416035092	0.0745656935968445	20.8948754189507	0.35914305113688
62.025	4.5	0.194666247583413	1.02451639137401	0.0745688092513005	20.8398864777488	0.35573299806673
62.175	4.5	0.191228192334708	1.02049636144934	0.0750365817924678	20.7855391327099	0.352982553867766
62.325	4.5	0.18876712202808	1.01444194506789	0.0760591208641956	20.7318212541865	0.351013697622464
62.475	4.5	0.187446664119431	1.00606943290157	0.0777257794327088	20.6787142272624	0.349957331295545
62.625	4.5	0.187439331161676	0.995030886405752	0.0801575222924426	20.6261968420365	0.349951464929341
62.775	4.5	0.188934494412027	0.980912523930953	0.0835641476510747	20.574250472359	0.351147595529621
62.925	4.5	0.192164929483707	0.963258369139851	0.0883198405052737	20.5228633197765	0.353731943586966
63.075	4.5	0.197459139231548	0.941637832803282	0.0950345280936059	20.4720298958323	0.357967311385239
63.225	4.5	0.205321273460419	0.915776682816133	0.104578796549453	20.4217406507853	0.364257018768335
63.375	4.5	0.216529739131711	0.885762061958036	0.118003141099289	20.3719564705312	0.373223791305369
63.525	4.5	0.23222984502163	0.852303330168617	0.136292504383656	20.3225644082987	0.385783876017304
63.675	4.5	0.253977386877418	0.816970388095647	0.159939635556232	20.2733150058556	0.403181909501934
63.825	4.5	0.283673834127347	0.782248360799676	0.18842843441089	20.223748103976	0.426939067301877
63.975	4.5	0.323328562931358	0.751208388738705	0.219865581511807	20.173123290189	0.458662850345086
64.125	4.5	0.374604764855557	0.726725164025961	0.251067114121011	20.1203826897421	0.499683811884446
64.275	4.5	0.438174036817662	0.710515885151314	0.278248040778526	20.0641834501439	0.55053922945413
64.425	4.5	0.513030135888434	0.702569046511145	0.298092150770746	20.003032629365	0.610424108710747
64.575	4.5	0.596056582316386	0.701355678832114	0.308669189879497	19.9355239249373	0.676845265853109
64.725	4.5	0.682188922865425	0.704624881189834	0.309736191047889	19.8606198480967	0.74575113829234
64.875	4.5	0.765321998254693	0.710210773642085	0.302394921299996	19.7778814827733	0.812257598603755
65.025	4.5	0.839705724538864	0.716466580679482	0.288459051406572	19.6875576188475	0.871764579631091
65.175	4.5	0.901238039931661	0.722335382095325	0.26989384863335	19.5905044265169	0.920990431945329
65.325	4.5	0.948118199487734	0.727244987438509	0.248475123202638	19.4879784261795	0.958494559590187
65.475	4.5	0.980728235649198	0.730968761738285	0.225645636327958	19.3813863173342	0.984582588519359
65.625	4.5	1.00100149364727	0.733505313146493	0.202495607260678	19.2720686915142	1.00080119491782
65.775	4.5	1.01165196407506	0.734985884611849	0.179803380166711	19.1611584191742	1.00932157126005
65.925	4.5	1.01552430027168	0.735608237565957	0.158094976104788	19.0495175591442	1.01241944021735
66.075	4.5	1.01516164320614	0.735593848087167	0.13770097676296	18.9377351951489	1.01212931456491
66.225	4.5	1.01258316327918	0.73516296656913	0.118803139586341	18.8261627299691	1.01006653062334
66.375	4.5	1.00922264560865	0.734520896524445	0.101471195569523	18.7149661430273	1.00737811648692
66.525	4.5	1.00597391006757	0.733849944945955	0.0856931478443019	18.604180646795	1.00477912805406
66.675	4.5	1.00329541608182	0.73330394887448	0.0714017418580519	18.4937590106902	1.00263633286546
66.825	4.5	1.00133602203427	0.733004513396419	0.0584978001343371	18.3836094921472	1.00106881762742
66.975	4.5	1.00005456965356	0.733039217467512	0.0468695961590244	18.2736226222328	1.00004365572285
67.125	4.5	0.999316954820206	0.733462113321032	0.0364071317661122	18.163688126505	0.999453563856164
67.275	4.5	0.998964288874275	0.7342964142222	0.0270108447950694	18.0537042253045	0.99917143109942
67.425	4.5	0.998853271991912	0.735538844326827	0.0185952455452593	17.9435817267958	0.99908261759353
67.575	4.5	0.998874328483346	0.737164939118265	0.0110887124128606	17.8332450031308	0.999099462786677
67.725	4.5	0.998954624704884	0.739134621511793	0.00443095287031466	17.7226313984043	0.999163699763907
67.875	4.5	0.999052625079911	0.741397531065465	-0.00143048905478338	17.6116900582211	0.999242100063929
68.025	4.5	0.99914930916259	0.743897759425304	-0.00654365241726291	17.5003807106336	0.999319447330072
68.175	4.5	0.999239366919859	0.746577798074381	-0.010954896741382	17.3886726088821	0.999391493535887
68.325	4.5	0.999324102630342	0.749381623677547	-0.0147107142417439	17.2765436604431	0.999459282104273
68.475	4.5	0.999406620846194	0.752256935271085	-0.0178586364325104	17.1639796830024	0.999525296676955
68.625	4.5	0.999489157816046	0.75515662120063	-0.0204474045978219	17.0509737095292	0.999591326252836
68.775	4.5	0.999572075911875	0.758039574618329	-0.0225266292669287	16.9375252804557	0.9996576607295
68.925	4.5	0.999653944159972	0.760870995805491	-0.0241461550957495	16.8236396891661	0.999723155327978
69.075	4.5	0.999732181441175	0.763622319849433	-0.0253553047264399	16.7093271746465	0.99978574515294
69.225	4.5	0.999803861750791	0.766270893528348	-0.0262021224269906	16.5946020761546	0.999843089400633
69.375	4.5	0.999866421009598	0.768799501482381	-0.0267326908789756	16.4794819774042	0.999893136807678
69.525	4.5	0.999918131902975	0.771195814994659	-0.0269905591699171	16.3639868726295	0.99993450552238
69.675	4.5	0.999958312251025	0.773451812048768	-0.0270162973933286	16.2481383856351	0.99996664980082
69.825	4.5	0.999987298903972	0.775563197929761	-0.0268471803877152	16.131959067456	0.999989839123178
69.975	4.5	1.00000625493564	0.777528842592837	-0.0265169962251308	16.0154717903866	1.00000500394851
70.125	4.5	1.00001688848377	0.779350243745855	-0.0260559709076362	15.898699247474	1.00001351078701
70.275	4.5	1.00002115420036	0.781031021508692	-0.0254907974647451	15.7816635583828	1.00001692336029
70.425	4.5	1.00002099042386	0.782576449767683	-0.0248447546390397	15.6643859757314	1.00001679233909
70.575	4.5	1.00001812351342	0.78399302934728	-0.0241378977904794	15.546886681077	1.00001449881074
70.725	4.5	1.00001395037331	0.785288107819703	-0.0233873030419204	15.4291846568489	1.00001116029865
70.875	4.5	1.00000949423802	0.786469549713836	-0.0226073454380962	15.3112976195282	1.00000759539041
71.025	4.5	1.00000541865805	0.787545459087581	-0.0218099931103599	15.1932419998843	1.00000433492644
71.175	4.5	1.00000208021208	0.788523954204289	-0.0210051019267821	15.0750329576294	1.00000166416966
71.325	4.5	0.999999600679253	0.789412991810479	-0.020200698424972	14.9566844199651	0.999999680543403
71.475	4.5	0.999997942679896	0.790220236608089	-0.0194032424607939	14.8382091357551	0.999998354143916
71.625	4.5	0.999996977550238	0.790952970180494	-0.0186178644772073	14.7196187391737	0.99999758204019
71.775	4.5	0.999996539152096	0.791618032948024	-0.0178485752623256	14.6009238184636	0.999997231321677
71.925	4.5	0.999996461541825	0.792221792654706	-0.0170984483316585	14.4821339868255	0.99999716923346
72.075	4.5	0.999996601484122	0.792770133292252	-0.0163697766000085	14.3632579534618	0.999997281187297
72.225	4.5	0.999996848605717	0.793268459092351	-0.0156642058770563	14.2443035934726	0.999997478884573
72.375	4.5	0.999997126701241	0.793721709099488	-0.0149828480629	14.1252780157279	0.999997701360993
72.525	4.5	0.999997389616746	0.794134378746956	-0.0143263768968284	14.0061876281047	0.999997911693397
72.675	4.5	0.999997614562047	0.794510545701892	-0.0136951088702792	13.8870381996413	0.999998091649638
72.825	4.5	0.999997794920637	0.794853897969791	-0.0130890715734958	13.7678349192749	0.99999823593651
72.975	4.5	0.999997933841281	0.795167762834762	-0.012508061386309	13.6485824509224	0.999998347073025
73.125	4.5	0.999998039234498	0.795455135660318	-0.0119516920971966	13.5292849847518	0.999998431387599
73.275	4.5	0.999998120315108	0.795718707905912	-0.0114194357604801	13.4099462845744	0.999998496252086
73.425	4.5	0.99999818553198	0.795960893948136	-0.0109106568870791	13.2905697313708	0.999998548425584
73.575	4.5	0.999998241579952	0.79618385645696	-0.0104246408969284	13.1711583630325	0.999998593263962
73.725	4.5	0.999998293154736	0.796389530187384	-0.00996061763509551	13.0517149104644	0.999998634523789
73.875	4.5	0.999998343146577	0.796579644121456	-0.00951778065293202	12.9322418302371	0.999998674517262
74.025	4.5	0.999998393036866	0.796755741946257	-0.00909530287356771	12.8127413340102	0.999998714429493
74.175	4.5	0.999998443337558	0.796919200889756	-0.00869234918913885	12.6932154149664	0.999998754670047
74.325	4.5	0.999998493980738	0.797071248961892	-0.00830808647229187	12.5736658715002	0.99999879518459
74.475	4.5	0.999998544617311	0.797212980666763	-0.00794169142447803	12.4540943284048	0.999998835693849
74.625	4.5	0.999998594818301	0.797345371264612	-0.00759235662760924	12.3345022557911	0.999998875854641
74.775	4.5	0.999998644191691	0.79746928967173	-0.00725929511391231	12.2148909859573	0.999998915353353
74.925	4.5	0.999998692435857	0.797585510091216	-0.00694174372207243	12.0952617284149	0.999998953948685
75.075	4.5	0.999998739351293	0.797694722469904	-0.00663896546585139	11.9756155832594	0.999998991481034
75.225	4.5	0.999998784829031	0.797797541876377	-0.00635025110453663	11.8559535530572	0.999999027863225
75.375	4.5	0.999998828829176	0.797894516893476	-0.00607492007272954	11.7362765534047	0.999999063063341
75.525	4.5	0.999998871358174	0.797986137113712	-0.00581232089997994	11.6165854223014	0.999999097086539
75.675	4.5	0.999998912449428	0.798072839822858	-0.0055618312279839	11.4968809284652	0.999999129959542
75.825	4.5	0.99999895214897	0.798155015950372	-0.00532285751376733	11.3771637787037	0.999999161719176
75.975	4.5	0.999998990506198	0.798233015360144	-0.00509483449132306	11.2574346244476	0.999999192404958
76.125	4.5	0.999999027568757	0.79830715154915	-0.00487722445120859	11.1376940675364	0.999999222055006
76.275	4.5	0.999999063380387	0.79837770581589	-0.00466951638628233	11.0179426653424	0.99999925070431
76.425	4.5	0.999999097980603	0.798444930954795	-0.00447122504284291	10.8981809353076	0.999999278384482
76.575	4.5	0.99999913140531	0.798509054527615	-0.00428188990903893	10.7784093589588	0.999999305124248
76.725	4.5	0.999999163687761	0.798570281758013	-0.00410107416569184	10.6586283854626	0.999999330950209
76.875	4.5	0.99999919485947	0.798628798090792	-0.00392836362005847	10.5388384347724	0.999999355887576
77.025	4.5	0.99999922495096	0.798684771453096	-0.0037633656384251	10.4190399004156	0.999999379960768
77.175	4.5	0.999999253992221	0.798738354251213	-0.00360570808992996	10.2992331519619	0.999999403193777
77.325	4.5	0.999999282012994	0.798789685132598	-0.00345503831120487	10.1794185372109	0.999999425610395
77.475	4.5	0.99999930904285	0.798838890540422	-0.00331102209900055	10.0595963841327	0.99999944723428
77.625	4.5	0.9999993351112	0.798886086083963	-0.00317334273595865	9.93976700258831	0.99999946808896
77.775	4.5	0.999999360247218	0.798931377746587	-0.00304170005324372	9.8199306858594	0.999999488197775
77.925	4.5	0.99999938447975	0.798974862950031	-0.00291580953228263	9.7000877120067	0.9999995075838
78.075	4.5	0.99999940783723	0.799016631491799	-0.00279540144715998	9.58023834507974	0.999999526269784
78.225	4.5	0.99999943034761	0.799056766370806	-0.00268022004810325	9.46038283619466	0.999999544278088
78.375	4.5	0.999999452038302	0.799095344514216	-0.00257002278595424	9.34052142449604	0.999999561630642
78.525	4.5	0.99999947293613	0.799132437417527	-0.00246457957723701	9.22065433801667	0.999999578348904
78.675	4.5	0.99999949306731	0.799168111708069	-0.00236367210881526	9.10078179444741	0.999999594453848
78.825	4.5	0.999999512457433	0.799202429641096	-0.00226709318090279	8.98090400182788	0.999999609965946
78.975	4.5	0.999999531131452	0.799235449536857	-0.00217464608721714	8.86102115916748	0.999999624905161
79.125	4.5	0.999999549113674	0.799267226165426	-0.00208614403054198	8.74113345700504	0.999999639290939
79.275	4.5	0.99999956642777	0.799297811085832	-0.00200140957234015	8.62124107791433	0.999999653142216
79.425	4.5	0.999999583096763	0.799327252945087	-0.00192027411459242	8.50134419696197	0.99999966647741
79.575	4.5	0.999999599143041	0.799355597741937	-0.00184257741229754	8.38144298212324	0.999999679314432
79.725	4.5	0.999999614588353	0.799382889059656	-0.00176816711498163	8.26153759466088	0.999999691670683
79.875	4.5	0.999999629453827	0.799409168271692	-0.00169689833562491	8.14162818947107	0.999999703563062
80.025	4.5	0.999999643759961	0.799434474723616	-0.00162863324530907	8.02171491540047	0.999999715007968
80.175	4.5	0.999999657526634	0.799458845894119	-0.0015632406923295	7.90179791553771	0.999999726021307
80.325	4.5	0.999999670773126	0.799482317537811	-0.00150059584401438	7.78187732748205	0.999999736618501
80.475	4.5	0.999999683518115	0.799504923811957	-0.00144057985002471	7.66195328359207	0.999999746814492
80.625	4.5	0.999999695779691	0.799526697389274	-0.00138307952581064	7.54202591121631	0.999999756623753
80.775	4.5	0.999999707575366	0.79954766955834	-0.00132798705489106	7.42209533290807	0.999999766060293
80.925	4.5	0.99999971892209	0.799567870313385	-0.00127519970880586	7.30216166662599	0.999999775137672
81.075	4.5	0.999999729836258	0.799587328434495	-0.00122461958358721	7.18222502592188	0.999999783869006
81.225	4.5	0.999999740333728	0.799606071559736	-0.00117615335172553	7.06228552011722	0.999999792266982
81.375	4.5	0.999999750429829	0.799624126249886	-0.00112971202858135	6.94234325446939	0.999999800343863
81.525	4.5	0.999999760139381	0.799641518047003	-0.00108521075232639	6.82239833032872	0.999999808111505
81.675	4.5	0.999999769476698	0.799658271527251	-0.0010425685765294	6.70245084528716	0.999999815581359
81.825	4.5	0.999999778455597	0.799674410349001	-0.00100170827454556	6.58250089331944	0.999999822764478
81.975	4.5	0.999999787089405	0.79968995729661	-0.000962556154925134	6.4625485649174	0.999999829671524
82.125	4.5	0.999999795390967	0.799704934320429	-0.000925041887103919	6.34259394721791	0.999999836312773
82.275	4.5	0.999999803372677	0.799719362573569	-0.000889098336729693	6.22263712412526	0.999999842698142
82.425	4.5	0.99999981104651	0.799733262445749	-0.000854661409886377	6.10267817642805	0.999999848837208
82.575	4.5	0.999999818424087	0.799746653594667	-0.000821669905678796	5.98271718191136	0.999999854739269
82.725	4.5	0.999999825516731	0.799759554975185	-0.000790065376558167	5.86275421546427	0.999999860413385
82.875	4.5	0.999999832335481	0.799771984866554	-0.000759791995865905	5.74278934918325	0.999999865868385
83.025	4.5	0.999999838890984	0.799783960898105	-0.000730796432017662	5.62282265247153	0.999999871112787
83.175	4.5	0.999999845193256	0.799795500073519	-0.000703027728951005	5.50285419213475	0.999999876154605
83.325	4.5	0.999999851251357	0.799806618794087	-0.000676437192309421	5.38288403247313	0.999999881001086
83.475	4.5	0.999999857073199	0.799817332880935	-0.000650978280942698	5.2629122353702	0.999999885658559
83.625	4.5	0.999999862665824	0.799827657596728	-0.000626606503446592	5.14293886037835	0.999999890132659
83.775	4.5	0.999999868036522	0.799837607666778	-0.00060327931916035	5.02296396480101	0.999999894429217
83.925	4.5	0.999999873194759	0.799847197299974	-0.00058095604339973	4.90298760377157	0.999999898555808
84.075	4.5	0.999999878154153	0.799856440209584	-0.000559597756471466	4.78300983032901	0.999999902523322
84.225	4.5	0.999999882932721	0.799865349634656	-0.000539167216042079	4.66303069549016	0.999999906346177
84.375	4.5	0.999999887549128	0.799873938362271	-0.000519628772685749	4.54305024831886	0.999999910039303
84.525	4.5	0.999999892013597	0.799882218751678	-0.000500948288462186	4.42306853599224	0.999999913610877
84.675	4.5	0.999999896315558	0.799890202760822	-0.000483093058563133	4.30308560386444	0.999999917052447
84.825	4.5	0.999999900415589	0.799897901975417	-0.000466031736470454	4.18310149552727	0.999999920332471
84.975	4.5	0.999999904254102	0.799905327639918	-0.000449734262963786	4.06311625286674	0.999999923403281
85.125	4.5	0.999999907788272	0.799912490688833	-0.000434171799376185	3.94312991611281	0.999999926230618
85.275	4.5	0.99999991105587	0.799919401776528	-0.000419316665110357	3.82314252387939	0.999999928844696
85.425	4.5	0.999999914237849	0.799926071305976	-0.000405142278938325	3.7031541131929	0.999999931390279
85.575	4.5	0.999999917660083	0.799932509460606	-0.000391623103476345	3.58316471951167	0.999999934128066
85.725	4.5	0.999999921662624	0.799938726249461	-0.000378734592304108	3.46317437674456	0.999999937330099
85.875	4.5	0.999999926306851	0.799944731579041	-0.000366453140492643	3.34318311728194	0.999999941045481
86.025	4.5	0.999999931010173	0.799950535360448	-0.000354756041116881	3.22319097204896	0.999999944808138
86.175	4.5	0.999999934371121	0.79995614764204	-0.000343621452912775	3.10319797057454	0.999999947496897
86.325	4.5	0.999999934571382	0.799961578727408	-0.000333028385668002	2.98320414103845	0.999999947657106
86.475	4.5	0.999999930637794	0.799966839209954	-0.000322956710175718	2.86320951022769	0.999999944510235
86.625	4.5	0.999999924348159	0.799971939857988	-0.000313387196931328	2.74321410333088	0.999999939478527
86.775	4.5	0.999999921686485	0.799976891350942	-0.000304301582975525	2.62321794356327	0.999999937349188
86.925	4.5	0.999999931901475	0.799981704009236	-0.000295682660794757	2.50322105176082	0.99999994552118
87.075	4.5	0.999999962260411	0.799986387827916	-0.000287514379036929	2.38322344626696	0.999999969808329
87.225	4.5	1.00000000854184	0.799990953186076	-0.000279781944151755	2.26322514352386	1.00000000683347
87.375	4.5	1.00000004554637	0.799995412373813	-0.000272471915570659	2.14322615957173	1.0000000364371
87.525	4.5	1.00000002699969	0.799999781435357	-0.000265572292980686	2.02322651200396	1.00000002159975
87.675	4.5	0.999999906197452	0.800004080905754	-0.000259072600128187	1.90322622093226	0.999999924957962
87.825	4.5	0.999999681914296	0.800008333390704	-0.0002529639734142	1.78322530675701	0.999999745531437
87.975	4.5	0.999999454618434	0.80001255656749	-0.000247239265867679	1.66322378304386	0.999999563694747
88.125	4.5	0.999999449876253	0.800016752954841	-0.000241893180790007	1.54322164560019	0.999999559901003
88.275	4.5	0.999999946296833	0.80002090255224	-0.000236922455279843	1.42321886392645	0.999999957037467
88.425	4.5	1.00000106407033	0.800024968888605	-0.000232326113973351	1.30321538633522	1.00000085125627
88.575	4.5	1.00000245468516	0.800028928401926	-0.000228105786869668	1.18321117018966	1.00000196374813
88.725	4.5	1.00000307871943	0.800032821932139	-0.000224266006112226	1.06320623778595	1.00000246297554
88.875	4.5	1.00000139692118	0.800036803779349	-0.000220814259603344	0.943200733811815	1.00000111753694
89.025	4.5	0.999996284237154	0.80004113658309	-0.000217760437886202	0.823194929825527	0.999997027389724
89.175	4.5	0.999988637081409	0.800046071351753	-0.000215115303672244	0.703189107751258	0.999990909665127
89.325	4.5	0.999982925365843	0.800051592107184	-0.000212887934894504	0.583183291736187	0.999986340292674
89.475	4.5	0.999987093873669	0.800057113400666	-0.00021108286298084	0.463176910231836	0.999989675098936
89.625	4.5	1.0000089225512	0.80006137198424	-0.000209698673546046	0.343168637504624	1.00000713804096
89.775	4.5	1.00004816746285	0.800052626062695	-0.000208730499039852	0.223156787077098	1.00003853397028
89.925	4.5	1.00008714339846	0.400085417964605	-0.000208198890239533	0.103143602452457	1.00006971471877
0.075	4.7	8.23093719973182e-31	0.40000000063398	-3.32541592317845e-05	36.0880254465634	0.2
0.225	4.7	5.09367562594858e-30	0.800000006568092	-3.32463667856799e-05	36.0640254465254	0.2
0.375	4.7	-5.0608120210529e-30	0.800000026305067	-3.3232576995132e-05	36.0400254461694	0.2
0.525	4.7	5.32533722218347e-30	0.800000068414965	-3.32162765464386e-05	36.0160254449471	0.2
0.675	4.7	-1.86320198176375e-29	0.800000140568533	-3.32024431360452e-05	35.9920254420645	0.2
0.825	4.7	-2.11113419958858e-30	0.800000249277629	-3.31972734852566e-05	35.968025436513	0.2
0.975	4.7	-3.67772854261582e-29	0.800000399712492	-3.3207859126447e-05	35.9440254271078	0.2
1.125	4.7	-3.74178889243363e-30	0.800000595614648	-3.32418421693496e-05	35.9200254125302	0.2
1.275	4.7	-3.3966159162213e-29	0.8000008392919	-3.33070760083201e-05	35.896025391371	0.2
1.425	4.7	3.54581973706199e-29	0.800001131695188	-3.34113151230947e-05	35.8720253621727	0.2
1.575	4.7	2.45448571127982e-29	0.800001472557396	-3.35619525189725e-05	35.8480253234692	0.2
1.725	4.7	1.33304332857032e-28	0.800001860575756	-3.37658128904004e-05	35.8240252738193	0.2
1.875	4.7	1.16558925627164e-28	0.800002293623271	-3.4029011101641e-05	35.8000252118347	0.2
2.025	4.7	2.0704556576055e-28	0.800002768966607	-3.43568688937997e-05	35.7760251362019	0.2
2.175	4.7	8.84945232850382e-29	0.800003283479229	-3.47538879800184e-05	35.7520250456967	0.2
2.325	4.7	4.98501559994261e-29	0.800003833837803	-3.52237703036312e-05	35.7280249391931	0.2
2.475	4.7	-2.67542192849218e-28	0.800004416691229	-3.57694726984102e-05	35.7040248156664	0.2
2.625	4.7	-4.51962900810448e-28	0.800005028802856	-3.63932894898153e-05	35.6800246741916	0.2
2.775	4.7	-8.53316112946026e-28	0.800005667160432	-3.7096950828863e-05	35.6560245139383	0.2
2.925	4.7	-8.77170509628766e-28	0.800006329056839	-3.78817271507131e-05	35.632024334162	0.2
3.075	4.7	-8.86456000533946e-28	0.800007012143243	-3.8748536388781e-05	35.6080241341948	0.2
3.225	4.7	-1.75082535473303e-28	0.80000771445925	-3.9698045227689e-05	35.5840239134334	0.2
3.375	4.7	6.67302203420869e-28	0.800008434443254	-4.07307640167795e-05	35.5600236713273	0.2
3.525	4.7	2.20804784180618e-27	0.800009170928414	-4.18471290298158e-05	35.5360234073668	0.2
3.675	4.7	3.31672200545715e-27	0.800009923123963	-4.30475747901707e-05	35.5120231210716	0.2
3.825	4.7	4.28292367259311e-27	0.800010690595273	-4.43325956680755e-05	35.4880228119794	0.2
3.975	4.7	3.50375981835662e-27	0.800011473230627	-4.5702794127278e-05	35.4640224796359	0.2
4.125	4.7	1.54064843068006e-27	0.800012271212916	-4.71589210052944e-05	35.4400221235855	0.2
4.275	4.7	-2.78836444460876e-27	0.800013084985163	-4.87019055247918e-05	35.4160217433631	0.2
4.425	4.7	-7.41369884650886e-27	0.800013915223261	-5.03328781254388e-05	35.3920213384864	0.2
4.575	4.7	-1.21461099424337e-26	0.800014762801739	-5.20531873787312e-05	35.3680209084497	0.2
4.725	4.7	-1.31514421843854e-26	0.800015628770697	-5.38644105686696e-05	35.3440204527183	0.2
4.875	4.7	-1.02017035997218e-26	0.800016514330586	-5.57683612849237e-05	35.3200199707235	0.2
5.025	4.7	-6.47629113895281e-28	0.800017420811119	-5.77670934693567e-05	35.2960194618585	0.2
5.175	4.7	1.13333796693994e-26	0.800018349653331	-5.98629025920653e-05	35.2720189254748	0.2
5.325	4.7	2.31392621033529e-26	0.800019302394573	-6.20583273788192e-05	35.2480183608793	0.2
5.475	4.7	2.46472180239021e-26	0.800020280656157	-6.43561485687253e-05	35.2240177673311	0.2
5.625	4.7	1.23627705256911e-26	0.80002128613283	-6.67593869159318e-05	35.2000171440399	0.2
5.775	4.7	-1.81630133627054e-26	0.800022320585947	-6.92713045811531e-05	35.1760164901632	0.2
5.925	4.7	-5.30343630081143e-26	0.800023385836937	-7.18954016669001e-05	35.1520158048047	0.2
6.075	4.7	-7.27434667041756e-26	0.800024483762566	-7.46354171912646e-05	35.128015087013	0.2
6.225	4.7	-3.84116441227748e-26	0.80002561629385	-7.74953292548202e-05	35.104014335779	0.2
6.375	4.7	7.50718125577593e-26	0.800026785412413	-8.04793546953101e-05	35.0800135500353	0.2
6.525	4.7	2.76656407817204e-25	0.800027993152422	-8.35919518139398e-05	35.0560127286542	0.2
6.675	4.7	5.05745495911748e-25	0.800029241598639	-8.68378220175734e-05	35.0320118704462	0.2
6.825	4.7	6.38796903694271e-25	0.800030532890549	-9.02219131934128e-05	35.0080109741583	0.2
6.975	4.7	4.67586070668498e-25	0.800031869220893	-9.37494231909391e-05	34.9840100384728	0.2
7.125	4.7	-2.08048008857588e-25	0.800033252840338	-9.74258051260407e-05	34.9600090620051	0.2
7.275	4.7	-1.49724899618175e-24	0.800034686059886	-0.000101256772617165	34.9360080433023	0.2
7.425	4.7	-3.2099050020619e-24	0.800036171253311	-0.000105248305897354	34.9120069808415	0.2
7.575	4.7	-4.74526309550861e-24	0.800037710861266	-0.000109406659210752	34.8880058730271	0.2
7.725	4.7	-4.99073111629818e-24	0.800039307394191	-0.000113738368979664	34.8640047181898	0.2
7.875	4.7	-2.55920618389987e-24	0.800040963437426	-0.000118250261421329	34.8400035145835	0.2
8.025	4.7	3.75616264268431e-24	0.800042681653887	-0.000122949463033043	34.8160022603836	0.2
8.175	4.7	1.40478814574974e-23	0.80004446478951	-0.000127843409759909	34.7920009536843	0.2
8.325	4.7	2.63078707049016e-23	0.800046315676402	-0.000132939858565749	34.7679995924962	0.2
8.475	4.7	3.54839836909836e-23	0.800048237238102	-0.000138246897963486	34.7439981747437	0.2
8.625	4.7	3.35277327568543e-23	0.8000502324936	-0.000143772961163161	34.7199966982619	0.2
8.775	4.7	1.08608278038169e-23	0.800052304562994	-0.000149526839323214	34.6959951607941	0.2
8.925	4.7	-3.97101261518103e-23	0.800054456671014	-0.000155517693672967	34.6719935599881	0.2
9.075	4.7	-1.16912049346048e-22	0.800056692152294	-0.000161755071570388	34.6479918933938	0.2
9.225	4.7	-2.03414799534235e-22	0.800059014456743	-0.000168248920845428	34.623990158459	0.2
9.375	4.7	-2.60039997212152e-22	0.800061427154045	-0.000175009606057893	34.5999883525264	0.2
9.525	4.7	-2.26290596173776e-22	0.80006393393881	-0.000182047925343293	34.5759864728297	0.2
9.675	4.7	-3.39408217480131e-23	0.800066538636484	-0.000189375127631776	34.5519845164901	0.2
9.825	4.7	3.61646814865751e-22	0.800069245208026	-0.000197002931314674	34.5279824805116	0.2
9.975	4.7	9.32617328935049e-22	0.800072057754684	-0.000204943543575762	34.5039803617776	0.2
10.125	4.7	1.5246464266243e-21	0.800074980525671	-0.000213209680710504	34.4799781570463	0.2
10.275	4.7	1.82509878833565e-21	0.800078017921657	-0.000221814588702118	34.455975862946	0.2
10.425	4.7	1.39497655826626e-21	0.800081174501108	-0.000230772065947343	34.431973475971	0.2
10.575	4.7	-1.94076150540093e-22	0.800084454987132	-0.000240096486100135	34.407970992476	0.2
10.725	4.7	-3.10071455952364e-21	0.800087864272126	-0.00024980282209657	34.3839684086717	0.2
10.875	4.7	-6.87552429543792e-21	0.800091407424843	-0.000259906671459674	34.3599657206196	0.2
11.025	4.7	-1.01712045179385e-20	0.800095089695521	-0.000270424283123055	34.3359629242263	0.2
11.175	4.7	-1.0716979500931e-20	0.800098916524085	-0.000281372584428987	34.3119600152379	0.2
11.325	4.7	-5.80644514469047e-21	0.800102893543958	-0.00029276921050569	34.2879569892348	0.2
11.475	4.7	6.52984003619209e-21	0.800107026590972	-0.000304632533598908	34.2639538416253	0.2
11.625	4.7	2.5748245680245e-20	0.800111321708806	-0.000316981696109412	34.2399505676394	0.2
11.775	4.7	4.69104925150141e-20	0.800115785156178	-0.000329836642481569	34.2159471623227	0.2
11.925	4.7	5.96936381020372e-20	0.800120423413328	-0.000343218153423188	34.19194362053	0.2
12.075	4.7	4.9637951932317e-20	0.80012524318945	-0.000357147883041123	34.1679399369179	0.2
12.225	4.7	2.85545396425593e-21	0.800130251429302	-0.000371648396227364	34.1439361059386	0.2
12.375	4.7	-8.55013740619835e-20	0.800135455321039	-0.000386743207221032	34.1199321218322	0.2
12.525	4.7	-2.00638127008117e-19	0.800140862302128	-0.000402456822987776	34.0959279786194	0.2
12.675	4.7	-2.99607400787457e-19	0.800146480068893	-0.000418814784455448	34.071923670094	0.2
12.825	4.7	-3.11631037819258e-19	0.800152316580636	-0.000435843712730844	34.0479191898152	0.2
12.975	4.7	-1.54662828208227e-19	0.800158380070824	-0.00045357135724839	34.0239145310992	0.2
13.125	4.7	2.27189282002601e-19	0.800164679051232	-0.000472026644008167	33.999909687011	0.2
13.275	4.7	8.08923724042978e-19	0.800171222320727	-0.00049123972869636	33.9759046503561	0.2
13.425	4.7	1.42891658809391e-18	0.800178018973847	-0.000511242051181852	33.9518994136717	0.2
13.575	4.7	1.76350415671834e-18	0.800185078405705	-0.000532066392420078	33.9278939692177	0.2
13.725	4.7	1.37251641344431e-18	0.800192410322124	-0.000553746934956692	33.9038883089674	0.2
13.875	4.7	-1.48765164419809e-19	0.800200024743705	-0.000576319325023659	33.8798824245984	0.2
14.025	4.7	-2.90659798516982e-18	0.800207932017141	-0.000599820739332364	33.8558763074828	0.2
14.175	4.7	-6.38924004709872e-18	0.800216142818141	-0.000624289954430709	33.8318699486774	0.2
14.325	4.7	-9.22555095413025e-18	0.800224668162276	-0.000649767418749065	33.8078633389137	0.2
14.475	4.7	-9.22730843588883e-18	0.800233519408106	-0.000676295330005424	33.7838564685876	0.2
14.625	4.7	-3.93662877245928e-18	0.80024270826643	-0.00070391771431574	33.7598493277492	0.2
14.775	4.7	8.19900839618495e-18	0.800252246805684	-0.000732680511983313	33.7358419060916	0.2
14.925	4.7	2.61542662379171e-17	0.800262147458174	-0.000762631665174519	33.7118341929408	0.2
15.075	4.7	4.46840912538888e-17	0.800272423025651	-0.000793821211450192	33.6878261772442	0.2
15.225	4.7	5.36777943804902e-17	0.800283086684456	-0.00082630138194033	33.6638178475593	0.2
15.375	4.7	3.97387036500186e-17	0.800294151991105	-0.000860126705707957	33.6398091920431	0.2
15.525	4.7	-8.99364589797293e-18	0.800305632886717	-0.00089535411661271	33.6158001984398	0.2
15.675	4.7	-9.47363904339006e-17	0.800317543700531	-0.00093204307000171	33.5917908540699	0.2
15.825	4.7	-2.00469283309762e-16	0.800329899153692	-0.000970255662387096	33.5677811458178	0.2
15.975	4.7	-2.83048308931568e-16	0.800342714362471	-0.00101005675907639	33.5437710601207	0.2
16.125	4.7	-2.75290691066311e-16	0.800356004840063	-0.00105151412935857	33.5197605829561	0.2
16.275	4.7	-1.03571414726103e-16	0.800369786498808	-0.00109469858739003	33.4957496998302	0.2
16.425	4.7	2.75738209402766e-16	0.800384075649904	-0.00113968414263751	33.4717383957661	0.2
16.575	4.7	8.25526276842031e-16	0.800398889004227	-0.00118654815874115	33.4477266552913	0.200000000000001
16.725	4.7	1.379469126341e-15	0.800414243672159	-0.00123537152040992	33.4237144624259	0.200000000000001
16.875	4.7	1.62537089869218e-15	0.800430157160978	-0.00128623881003961	33.3997018006709	0.200000000000001
17.025	4.7	1.15714648864627e-15	0.800446647372307	-0.00133923849657813	33.3756886529962	0.200000000000001
17.175	4.7	-3.75079723997137e-16	0.800463732599598	-0.00139446313248343	33.3516750018286	0.2
17.325	4.7	-3.0176842380201e-15	0.80048143152396	-0.00145200956488316	33.3276608290402	0.199999999999998
17.475	4.7	-6.22591047192647e-15	0.800499763207209	-0.00151197915843343	33.3036461159372	0.199999999999995
17.625	4.7	-8.66435112817465e-15	0.800518747088479	-0.00157447803132495	33.2796308432478	0.199999999999993
17.775	4.7	-8.28420160588232e-15	0.800538402974803	-0.00163961730686836	33.2556149911119	0.199999999999993
17.925	4.7	-2.8709255500006e-15	0.800558751034977	-0.00170751337926024	33.2315985390693	0.199999999999998
18.075	4.7	8.84420360789633e-15	0.800579811791273	-0.00177828819769372	33.2075814660498	0.200000000000007
18.225	4.7	2.56537474632704e-14	0.800601606110602	-0.00185206956685381	33.1835637503618	0.200000000000021
18.375	4.7	4.24303396969097e-14	0.800624155193526	-0.00192899146722494	33.1595453696831	0.200000000000034
18.525	4.7	4.96578959849553e-14	0.800647480568783	-0.00200919439719962	33.1355263010502	0.20000000000004
18.675	4.7	3.50355759028064e-14	0.800671604080767	-0.00209282573516824	33.111506520849	0.200000000000028
18.825	4.7	-1.19771980924418e-14	0.800696547883003	-0.00218004012788664	33.0874860048054	0.19999999999999
18.975	4.7	-9.27187667492615e-14	0.800722334430569	-0.00227099990300491	33.063464727976	0.199999999999926
19.125	4.7	-1.90693856789352e-13	0.800748986474112	-0.00236587551108421	33.0394426647395	0.199999999999847
19.275	4.7	-2.65580164340177e-13	0.800776527056231	-0.00246484599498025	33.0154197887876	0.199999999999788
19.425	4.7	-2.55477417213864e-13	0.800804979512275	-0.00256809949474005	32.9913960731162	0.199999999999796
19.575	4.7	-9.31552967661461e-14	0.800834367472963	-0.00267583378498156	32.9673714900169	0.199999999999926
19.725	4.7	2.60875371023966e-13	0.800864714873812	-0.00278825685109357	32.9433460110679	0.200000000000209
19.875	4.7	7.72630110102647e-13	0.800896045971682	-0.00290558750561275	32.9193196071244	0.200000000000618
20.025	4.7	1.29099293588558e-12	0.800928385368124	-0.00302805604854896	32.8952922483094	0.200000000001033
20.175	4.7	1.53218020986737e-12	0.800961758043855	-0.00315590497550617	32.8712639040021	0.200000000001226
20.325	4.7	1.12477004042111e-12	0.800996189405967	-0.00328938973663837	32.8472345428265	0.2000000000009
20.475	4.7	-2.58444894982623e-13	0.801031705349867	-0.00342877955044728	32.8232041326375	0.199999999999793
20.625	4.7	-2.68142679075175e-12	0.801068332338871	-0.00357435827869779	32.7991726405055	0.199999999997855
20.775	4.7	-5.68617517765419e-12	0.801106097507014	-0.00372642536401889	32.7751400326977	0.199999999995451
20.925	4.7	-8.10360341832846e-12	0.801145028786666	-0.00388529683929281	32.7511062746562	0.199999999993517
21.075	4.7	-8.09671257465123e-12	0.801185155067898	-0.00405130641104577	32.7270713309721	0.199999999993523
21.225	4.7	-3.60755232126858e-12	0.801226506393626	-0.00422480662580142	32.7030351653537	0.199999999997114
21.375	4.7	6.69832327325656e-12	0.801269114199666	-0.00440617012352509	32.6789977405891	0.200000000005359
21.525	4.7	2.20899370175631e-11	0.801313011604507	-0.00459579098809815	32.6549590185004	0.200000000017672
21.675	4.7	3.84317533464818e-11	0.801358233760083	-0.00479408619825443	32.6309189598886	0.200000000030745
21.825	4.7	4.75791186991063e-11	0.801404818270724	-0.00500149719045306	32.6068775244674	0.200000000038063
21.975	4.7	3.84490437761033e-11	0.801452805695006	-0.00521849153820178	32.5828346707832	0.200000000030759
22.125	4.7	5.79628611429954e-13	0.801502240140247	-0.00544556475695955	32.5587903561183	0.200000000000464
22.275	4.7	-6.96799128879339e-11	0.801553169966795	-0.00568324224610639	32.5347445363747	0.199999999944256
22.425	4.7	-1.61506176611086e-10	0.801605648616739	-0.00593208137376244	32.5106971659337	0.199999999870795
22.575	4.7	-2.43366786228934e-10	0.801659735593901	-0.00619267372229978	32.4866481974888	0.199999999805307
22.725	4.7	-2.62732948000874e-10	0.801715497611743	-0.00646564750407531	32.4625975818449	0.199999999789814
22.875	4.7	-1.56785663062391e-10	0.801773009948258	-0.00675167016696667	32.4385452676826	0.199999999874571
23.025	4.7	1.22563527909797e-10	0.801832358034472	-0.00705145120159761	32.4144912012782	0.200000000098051
23.175	4.7	5.70898120483624e-10	0.801893639317717	-0.00736574516286558	32.390435326177	0.200000000456719
23.325	4.7	1.09032980045623e-09	0.801956965442356	-0.00769535491171124	32.3663775828093	0.200000000872264
23.475	4.7	1.46431422120586e-09	0.802022464780424	-0.00804113506822783	32.3423179080406	0.200000001171451
23.625	4.7	1.37425429242716e-09	0.802090285363477	-0.00840399566539192	32.3182562346406	0.200000001099403
23.775	4.7	4.82987243251324e-10	0.802160598246812	-0.00878490598323839	32.2941924906542	0.20000000038639
23.925	4.7	-1.40439904562505e-09	0.802233601369536	-0.00918489855033332	32.2701265986528	0.199999998876481
24.075	4.7	-4.12361651146594e-09	0.802309523967019	-0.00960507332721943	32.2460584748424	0.199999996701107
24.225	4.7	-6.94496925594945e-09	0.802388631649735	-0.0100466021203305	32.2219880280088	0.199999994444025
24.375	4.7	-8.49206506340163e-09	0.802471232289611	-0.010510733327316	32.1979151582809	0.199999993206348
24.525	4.7	-6.925761768799e-09	0.802557682913312	-0.0109987971429867	32.1738397557069	0.199999994459391
24.675	4.7	-5.09140706543823e-10	0.802648397838955	-0.011512211355488	32.1497616986401	0.199999999592687
24.825	4.7	1.14323019011348e-08	0.802743858292026	-0.0120524877584801	32.1256808519347	0.200000009145842
24.975	4.7	2.73275373989715e-08	0.80284462368614	-0.0126212390270955	32.10159706494	0.20000002186203
25.125	4.7	4.23691033701783e-08	0.802951344623945	-0.0132201856116864	32.0775101692479	0.200000033895283
25.275	4.7	4.83513042606698e-08	0.803064777507252	-0.0138511618937852	32.0534199760977	0.200000038681043
25.425	4.7	3.50509157423282e-08	0.803185800475827	-0.0145161206288723	32.0293262732785	0.200000028040733
25.575	4.7	-6.3488664706892e-09	0.803315430343603	-0.0152171347619229	32.0052288213126	0.199999994920907
25.725	4.7	-7.79006046631383e-08	0.803454840399733	-0.0159563962053732	31.9811273486819	0.199999937679516
25.875	4.7	-1.68713178989696e-07	0.803605379475835	-0.016736212212396	31.9570215459101	0.199999865029457
26.025	4.7	-2.50264206114789e-07	0.803768593610297	-0.0175590014419577	31.9329110584523	0.199999799788635
26.175	4.7	-2.76493950732764e-07	0.80394625277529	-0.0184272932694969	31.9087954785706	0.199999778804839
26.325	4.7	-1.9211137044011e-07	0.80414038612313	-0.019343734635649	31.8846743366345	0.199999846310904
26.475	4.7	4.87901249326547e-08	0.80435332946314	-0.0203111077835975	31.8605470924795	0.2000000390321
26.625	4.7	4.54909553778143e-07	0.804587787488244	-0.0213323587943281	31.836413127448	0.200000363927643
26.775	4.7	9.66684296346444e-07	0.804846910173564	-0.0224106305925038	31.8122717373866	0.200000773347437
26.925	4.7	1.43346314045973e-06	0.805134377729798	-0.0235492858916432	31.7881221261097	0.200001146770512
27.075	4.7	1.6144400302334e-06	0.805454482501157	-0.0247518976488863	31.7639633977315	0.200001291552024
27.225	4.7	1.21889618403139e-06	0.805812191264191	-0.026022180712392	31.7397945450737	0.200000975116947
27.375	4.7	-5.27319301389345e-09	0.806213170530208	-0.027363842857117	31.7156144305274	0.199999995781446
27.525	4.7	-2.14015286052878e-06	0.806663763931157	-0.0287803498708187	31.6914217558622	0.199998287877712
27.675	4.7	-4.94977183274228e-06	0.807170926756754	-0.0302746283822105	31.6672150190236	0.199996040182534
27.825	4.7	-7.76420062226438e-06	0.807742147725922	-0.0318487672734946	31.6429924591317	0.199993788639502
27.975	4.7	-9.46060022097355e-06	0.808385417341029	-0.0335038131133901	31.6187519953133	0.199992431519823
28.125	4.7	-8.60576548078422e-06	0.80910932604072	-0.0352397709872833	31.5944911695659	0.199993115387615
28.275	4.7	-3.79958925248548e-06	0.809923380251681	-0.0370559015411961	31.5702071068721	0.199996960328598
28.425	4.7	5.79412714051234e-06	0.810838596225872	-0.0389513349754893	31.5458965053211	0.200004635301712
28.575	4.7	1.98177329475505e-05	0.81186836115461	-0.0409259031890757	31.5215556635541	0.200015854186358
28.725	4.7	3.615778422499e-05	0.813029441163767	-0.042980942523339	31.4971805421981	0.20002892622738
28.875	4.7	5.06747003865312e-05	0.814342886149147	-0.045119683965598	31.4727668417219	0.200040539760309
29.025	4.7	5.74518625125971e-05	0.815834469447487	-0.0473467828402916	31.4483100650496	0.20004596149001
29.175	4.7	4.97210970162357e-05	0.81753425465024	-0.0496666022174883	31.4238055244647	0.200039776877613
29.325	4.7	2.14706565663194e-05	0.819474948619488	-0.0520800859549567	31.3992482540825	0.200017176525253
29.475	4.7	-3.04672843764491e-05	0.821688905573877	-0.0545804264184001	31.3746328048279	0.199975626172499
29.625	4.7	-0.000104270627373398	0.824203983767521	-0.0571481818150672	31.3499529280592	0.199916583498101
29.775	4.7	-0.000191502669421153	0.82703887161901	-0.0597469126387122	31.3252011914658	0.199846797864463
29.925	4.7	-0.000276619809582424	0.830198897219779	-0.0623206415159688	31.3003686069985	0.199778704152334
30.075	4.7	-0.000338081578016777	0.83367358137672	-0.06479435769325	31.2754443735033	0.199729534737587
30.225	4.7	-0.000351219572430009	0.837437146138454	-0.0670783015795966	31.250415836039	0.199719024342056
30.375	4.7	-0.000292591608851321	0.84145274075098	-0.0690758980852149	31.2252687345709	0.199765926712919
30.525	4.7	-0.000145103630929919	0.845680291221148	-0.0706941314145774	31.1999877600767	0.199883917095256
30.675	4.7	9.71484940537654e-05	0.8500867773502	-0.0718541864788165	31.174557367805	0.200077718795243
30.825	4.7	0.000425468569524538	0.854656716587477	-0.0724997045576327	31.1489627331196	0.20034037485562
30.975	4.7	0.000815545567584039	0.859400081290994	-0.0726002985822714	31.1231906937128	0.200652436454067
31.125	4.7	0.0012293356793232	0.864355085412143	-0.0721490680588739	31.0972305170596	0.200983468543459
31.275	4.7	0.00161969461522216	0.86958427710143	-0.0711544364521798	31.071074368777	0.201295755692178
31.425	4.7	0.00193693962335093	0.875163897890509	-0.0696281689769796	31.0447174298005	0.201549551698681
31.575	4.7	0.00213599860710414	0.881168072701576	-0.0675723881474135	31.0181577013922	0.201708798885683
31.725	4.7	0.00218259058597947	0.887650649376138	-0.0649685021378819	30.9913956237322	0.201746072468784
31.875	4.7	0.00205707053718851	0.894628138310888	-0.0617702595848255	30.9644336917214	0.201645656429751
32.025	4.7	0.00175516539756187	0.902067113959666	-0.0579019990416239	30.9372762602691	0.20140413231805
32.175	4.7	0.00128573104106896	0.909878646425025	-0.0532620581947006	30.9099296784075	0.201028584832855
32.325	4.7	0.000666680807905535	0.917920913953485	-0.0477306754951171	30.882402775271	0.200533344646324
32.475	4.7	-7.89066220014918e-05	0.926009279360887	-0.0411817523514425	30.8547075531087	0.199936874702399
32.625	4.7	-0.000924155922909584	0.93393115329042	-0.0334983760143903	30.8268597548927	0.199260675261672
32.775	4.7	-0.0018354647567337	0.941461529225483	-0.0245924245147906	30.798878827433	0.198531628194613
32.925	4.7	-0.00276524890725053	0.948374977728604	-0.0144279117658782	30.7707867878088	0.1977878008742
33.075	4.7	-0.00364319629946351	0.954451906777776	-0.0030449391923086	30.7426057270582	0.197085442960429
33.225	4.7	-0.00437211540619544	0.959481306417587	0.00942426277678359	30.7143542147593	0.196502307675044
33.375	4.7	-0.00483660067178434	0.963268102375823	0.0227624494443261	30.6860436397936	0.196130719462573
33.525	4.7	-0.00493171721925719	0.965657826406172	0.0367167305195398	30.657676274973	0.196054626224594
33.675	4.7	-0.0046130213217255	0.966589946083181	0.0511032980427444	30.6292471345285	0.19630958294262
33.825	4.7	-0.00395839623473634	0.966179986927732	0.0659595153865968	30.6007510142154	0.196833283012211
33.975	4.7	-0.00321913415993543	0.964811807441665	0.0817038632653143	30.5721942208862	0.197424692672052
34.125	4.7	-0.00282822776994408	0.96320629990895	0.0992399544072139	30.5436077118442	0.197737417784045
34.275	4.7	-0.00333518378778367	0.962432720288747	0.119940369711375	30.515055642925	0.197331852969773
34.425	4.7	-0.00525402031078185	0.963838482355549	0.145462518415498	30.4866321222282	0.195796783751375
34.575	4.7	-0.00884333581278692	0.968867318832285	0.177352166372689	30.4584407004547	0.19292533134977
34.725	4.7	-0.0138745804431645	0.978693874328358	0.216368509228945	30.4305564076723	0.188900335645468
34.875	4.7	-0.0194707424278364	0.993557096159407	0.261483164668629	30.4029780200483	0.184423406057731
35.025	4.7	-0.02409777656852	1.01177091233831	0.308739876683009	30.3755858525363	0.180721778745184
35.175	4.7	-0.0257592968321878	1.02886819865334	0.350764475022325	30.3481233083602	0.17939256253425
35.325	4.7	-0.0223842068322434	1.03806970759161	0.378272469979725	30.3202144617364	0.182092634534205
35.475	4.7	-0.0123176135767735	1.03300916288825	0.384030600779771	30.2914158539945	0.190145909138581
35.625	4.7	0.00524039559396809	1.01129607964398	0.36688562780408	30.2612877218086	0.204192316475174
35.775	4.7	0.0300019515725708	0.975706129184037	0.332169296252626	30.2294661872511	0.224001561258057
35.925	4.7	0.0606333629960248	0.932075959288542	0.288214818976638	30.1957198129288	0.24850669039682
36.075	4.7	0.0950324690650537	0.886290228093041	0.242443784733865	30.1599780536987	0.276025975252043
36.225	4.7	0.130737756416303	0.842571463582435	0.199593774474391	30.122328075559	0.304590205133042
36.375	4.7	0.165353612371315	0.803249589474167	0.161880483328456	30.0829863492192	0.332282889897052
36.525	4.7	0.196895263101693	0.769231207846549	0.129867316945802	30.0422562470893	0.357516210481354
36.675	4.7	0.223994777491128	0.740559802342093	0.103261966874071	30.0004825612952	0.379195821992903
36.825	4.7	0.245956374868421	0.716835473821369	0.0814281015477716	29.9580110921941	0.396765099894737
36.975	4.7	0.262689445375262	0.69747334246964	0.0636557333860424	29.9151579717815	0.410151556300209
37.125	4.7	0.274568235755676	0.6818446033338	0.0492814155200073	29.8721901591265	0.419654588604541
37.275	4.7	0.282266886112468	0.669346281916447	0.0377284832290847	29.8293162068302	0.425813508889974
37.425	4.7	0.286605554489253	0.65943191894639	0.0285097761726552	29.786685152437	0.429284443591402
37.575	4.7	0.288427301253001	0.651622377456162	0.0212158039124351	29.7443910475069	0.430741841002401
37.725	4.7	0.288512179173465	0.645507150888647	0.0154998641827926	29.7024808456858	0.430809743338772
37.875	4.7	0.287526457372935	0.640741368934758	0.011065257870022	29.6609638165075	0.430021165898348
38.025	4.7	0.286000583006275	0.637040908405392	0.00765624122194026	29.6198211405332	0.42880046640502
38.175	4.7	0.284328085807226	0.634176634433135	0.0050524859793364	29.5790147849146	0.427462468645781
38.325	4.7	0.282777972956896	0.631968191529894	0.00306597600296936	29.5384951276196	0.426222378365517
38.475	4.7	0.281514378086082	0.630277563447549	0.0015391148923602	29.498207089221	0.425211502468866
38.625	4.7	0.280618750525542	0.629002610982367	0.000343084147613741	29.4580947467018	0.424495000420434
38.775	4.7	0.280111358454654	0.628070850246525	-0.000624073280417874	29.418104550137	0.424089086763723
38.925	4.7	0.279970155318108	0.627433773748227	-0.00143976521198202	29.3781873487106	0.423976124254487
39.075	4.7	0.28014605754106	0.627062002750953	-0.00215942412424031	29.3382994682509	0.424116846032848
39.225	4.7	0.280574406175046	0.626941482172185	-0.00281912783527141	29.2984030810485	0.424459524940037
39.375	4.7	0.281182873203968	0.627070801800639	-0.00343810436622389	29.2584660831445	0.424946298563175
39.525	4.7	0.28189637218076	0.627459577453829	-0.00402107345488108	29.2184616561998	0.425517097744608
39.675	4.7	0.282639687997274	0.628127683217989	-0.00456048935724853	29.1783676496394	0.426111750397819
39.825	4.7	0.28333858750005	0.629105018234034	-0.00503881593521385	29.138165880229	0.42667087000004
39.975	4.7	0.283920137689607	0.63043143610638	-0.00543097003723524	29.0978414140041	0.427136110151685
40.125	4.7	0.284312859760533	0.632156468658853	-0.00570701937239295	29.0573818708282	0.427450287808426
40.275	4.7	0.284447199496092	0.634338534395468	-0.0058351364624095	29.0167767746636	0.427557759596873
40.425	4.7	0.284256611737457	0.637043422871454	-0.00578471558448792	28.9760169620506	0.427405289389966
40.575	4.7	0.283679356384367	0.640341971068745	-0.00552947769056295	28.9350940561117	0.426943485107494
40.725	4.7	0.28266090793309	0.644306977140328	-0.00505033568384789	28.894000012214	0.426128726346472
40.875	4.7	0.281156715384592	0.649009513167724	-0.00433777778007262	28.8527267426482	0.424925372307674
41.025	4.7	0.279134938829333	0.654514889253908	-0.00339355076355188	28.8112658295098	0.423307951063466
41.175	4.7	0.276578750605738	0.660878579315414	-0.00223148230959639	28.769608335635	0.421263000484591
41.325	4.7	0.27348782795788	0.668142442042418	-0.000877362535652142	28.7277447215263	0.418790262366304
41.475	4.7	0.26987877127898	0.676331559416774	0.000632102255298161	28.6856648710547	0.415903017023184
41.625	4.7	0.26578433471949	0.685451972130045	0.00225115850420389	28.6433582207055	0.412627467775592
41.775	4.7	0.261251522872517	0.695489520159054	0.00392751208187755	28.6008139775922	0.409001218298014
41.925	4.7	0.256338756592929	0.706409902927789	0.0056052303624834	28.5580214023879	0.405071005274343
42.075	4.7	0.251112417271257	0.718159965152676	0.0072277691776258	28.5149701267378	0.400889933817005
42.225	4.7	0.245643128135362	0.730670102916135	0.00874085822693827	28.4716504721179	0.396514502508289
42.375	4.7	0.240002122651724	0.743857583119	0.0100950129811483	28.4280537390311	0.392001698121379
42.525	4.7	0.234257994167356	0.757630492013238	0.0112474996144694	28.3841724413949	0.387406395333885
42.675	4.7	0.228474035858029	0.771891984091848	0.0121636521152779	28.3400004696594	0.382779228686424
42.825	4.7	0.22270628336565	0.786544498677172	0.0128175163681746	28.295533175905	0.37816502669252
42.975	4.7	0.21700228318917	0.80149364334871	0.0131918641083339	28.2507673832582	0.373601826551336
43.125	4.7	0.211400537704151	0.816651505570447	0.0132776721076406	28.2057013291677	0.36912043016332
43.275	4.7	0.205930528885354	0.831939233483837	0.0130731945451373	28.1603345567493	0.364744423108283
43.425	4.7	0.200613197373857	0.847288811170402	0.0125827686656807	28.1146677704342	0.360490557899085
43.575	4.7	0.195461747942671	0.862644031100574	0.0118154882337677	28.0687026718772	0.356369398354137
43.725	4.7	0.190482661268929	0.877960728757164	0.0107838606727058	28.0224417901271	0.352386129015143
43.875	4.7	0.18567680949941	0.893206387369128	0.00950253769147845	27.975888317087	0.348541447599528
44.025	4.7	0.181040594348657	0.908359244201908	0.00798718089737871	27.9290459559494	0.344832475478926
44.175	4.7	0.176567047976798	0.923407035748009	0.00625349750559072	27.8819187870463	0.341253638381439
44.325	4.7	0.172246855640177	0.938345512755252	0.00431645967349635	27.8345111527526	0.337797484512142
44.475	4.7	0.16806927469894	0.953176840269216	0.00218970562192455	27.7868275609027	0.334455419759152
44.625	4.7	0.164022936050492	0.96790797799774	-0.000114888277856267	27.7388726046876	0.331218348840393
44.775	4.7	0.160096521923894	0.982549114995666	-0.00258747857071874	27.6906508962122	0.328077217539115
44.925	4.7	0.156279318658619	0.997112212509445	-0.00522038216035696	27.6421670107646	0.325023454926895
45.075	4.7	0.152561645248474	1.01160969145382	-0.00800807032982406	27.5934254393343	0.322049316198779
45.225	4.7	0.148935158762351	1.02605328760823	-0.0109470369242204	27.5444305479467	0.319148127009881
45.375	4.7	0.145393037016303	1.04045308906093	-0.0140355488702389	27.4951865438485	0.316314429613043
45.525	4.7	0.141930037895797	1.05481676706689	-0.0172732936691475	27.4456974503251	0.313544030316638
45.675	4.7	0.138542434186567	1.06914901377596	-0.0206609528535931	27.395967093731	0.310833947349253
45.825	4.7	0.135227823839417	1.08345120694085	-0.0241997529492446	27.3459991078482	0.308182259071533
45.975	4.7	0.131984819298922	1.09772133066742	-0.0278910736019572	27.2957969615664	0.305587855439137
46.125	4.7	0.128812626866641	1.1119541889441	-0.0317362198270101	27.2453640156556	0.303050101493313
46.275	4.7	0.125710539060545	1.12614194963491	-0.035736481334214	27.1947036126218	0.300568431248436
46.425	4.7	0.122677380111814	1.1402750442697	-0.0398935928961464	27.1438191999062	0.298141904089451
46.575	4.7	0.119710966871919	1.15434341707808	-0.0442106610757039	27.0927144807565	0.295768773497535
46.725	4.7	0.116807673592496	1.16833805901506	-0.0486935233502753	27.041393578907	0.293446138873996
46.875	4.7	0.113962215587806	1.18225267795968	-0.0533523543225041	26.9898611930613	0.291169772470245
47.025	4.7	0.111167787024184	1.19608525008008	-0.0582031434227241	26.9381227059338	0.288934229619347
47.175	4.7	0.108416692210051	1.20983908309439	-0.0632684712126705	26.886184201974	0.286733353768041
47.325	4.7	0.105701585272803	1.22352292256836	-0.0685768585793725	26.8340523405892	0.284561268218242
47.475	4.7	0.103017366489809	1.23714957944519	-0.0741599206922309	26.781734031612	0.282413893191847
47.625	4.7	0.100363664809857	1.25073258899898	-0.0800466951276645	26.7292358718317	0.280290931847886
47.775	4.7	0.0977476652003341	1.26428056961398	-0.0862548887352054	26.6765633307531	0.278198132160267
47.925	4.7	0.0951868336685123	1.27778927218486	-0.0927794261190379	26.6237197239338	0.27614946693481
48.075	4.7	0.0927108923370714	1.29123181994227	-0.0995795519862848	26.5707050828424	0.274168713869657
48.225	4.7	0.0903622645927207	1.30454831719981	-0.106566720288576	26.5175151137195	0.272289811674177
48.375	4.7	0.0881942211449993	1.31763675955007	-0.113596358891809	26.4641405181594	0.270555376915999
48.525	4.7	0.0862661774791116	1.33034779510542	-0.120466972686845	26.410567000684	0.269012941983289
48.675	4.7	0.0846360488360808	1.3424860298121	-0.126929523730146	26.3567762858927	0.267708839068865
48.825	4.7	0.0833502236146656	1.35381986233086	-0.132708291437581	26.3027483877318	0.266680178891732
48.975	4.7	0.0824324616153553	1.36410006336384	-0.137531513026993	26.2484652089706	0.265945969292284
49.125	4.7	0.0818737017700128	1.37308469894456	-0.141166653171123	26.1939153136629	0.26549896141601
49.275	4.7	0.081625215030802	1.38056532068086	-0.14345232074103	26.1390994405189	0.265300172024642
49.425	4.7	0.0815976520131464	1.38638774884478	-0.1443179468099	26.0840360485426	0.265278121610517
49.575	4.7	0.0816682736206527	1.39046119233327	-0.143784140990414	26.0287659391677	0.265334618896522
49.725	4.7	0.0816980184865499	1.39275202447563	-0.141940908500387	25.9733548013752	0.26535841478924
49.875	4.7	0.0815590256650422	1.39326246095355	-0.13890646956869	25.9178923983449	0.265247220532034
50.025	4.7	0.0811716833714119	1.39199837885897	-0.134774881160696	25.8624871028033	0.264937346697129
50.175	4.7	0.0805480580438748	1.38893355505914	-0.129565178920172	25.8072546912145	0.2644384464351
50.325	4.7	0.0798356369092662	1.38397939635388	-0.123188217658962	25.752300873353	0.263868509527413
50.475	4.7	0.079352030181777	1.37697002601308	-0.115449520386316	25.6976981170547	0.263481624145422
50.625	4.7	0.0795985490810365	1.36767237887266	-0.106105071618352	25.6434589836969	0.263678839264829
50.775	4.7	0.0812398943759802	1.35582858649121	-0.0949767237218157	25.589510237448	0.264991915500784
50.925	4.7	0.0850402160593921	1.34123095871067	-0.0821085286852837	25.5356738994295	0.268032172847514
51.075	4.7	0.0917535707909964	1.32381652632913	-0.0679075316253073	25.481662323002	0.273402856632797
51.225	4.7	0.101978800681888	1.30375182722568	-0.0531862041424405	25.4270933334427	0.28158304054551
51.375	4.7	0.11600252979576	1.28147089781819	-0.0390471570764879	25.371528001914	0.292802023836608
51.525	4.7	0.133665113317971	1.25764276722634	-0.0266346053163965	25.314528151732	0.306932090654377
51.675	4.7	0.154288377539578	1.23307658482785	-0.0168656835969168	25.2557247247617	0.323430702031662
51.825	4.7	0.176697425323482	1.20860095792933	-0.01026714981757	25.1948837040852	0.341357940258786
51.975	4.7	0.199350721933595	1.18495864616035	-0.00696691290643551	25.1319550646836	0.359480577546876
52.125	4.7	0.220565821536617	1.16274009197061	-0.0067971860854487	25.067092818538	0.376452657229294
52.275	4.7	0.238799229255081	1.14235689962692	-0.00942658833752865	25.0006400854969	0.391039383404065
52.425	4.7	0.252917548722148	1.12404278256815	-0.0144570701830144	24.9330808572408	0.402334038977718
52.575	4.7	0.262391568712633	1.10786717212028	-0.0214628161047333	24.8649678836886	0.409913254970106
52.725	4.7	0.26735834582169	1.09375268846051	-0.029984420422705	24.7968420256614	0.413886676657352
52.875	4.7	0.268525655072161	1.08149856205642	-0.0395154458265825	24.7291609840951	0.414820524057728
53.025	4.7	0.266931795710536	1.07082342574222	-0.049529678807497	24.6622536855775	0.413545436568429
53.175	4.7	0.263613577992477	1.06144512171981	-0.0595895268666405	24.5963107417694	0.410890862393982
53.325	4.7	0.259267180837701	1.05320376693526	-0.0695397702944089	24.5314122551434	0.407413744670161
53.475	4.7	0.254000747526733	1.04620769578907	-0.0797339073717353	24.4675838345931	0.403200598021386
53.625	4.7	0.2472663662642	1.04095831059543	-0.0911995998316443	24.4048627845645	0.39781309301136
53.775	4.7	0.238020095504014	1.03841316299691	-0.105663651300622	24.3433517810231	0.390416076403212
53.925	4.7	0.22509748792579	1.03997426933039	-0.125412842832404	24.2832388267298	0.380077990340632
54.075	4.7	0.207723226038883	1.04740127329713	-0.15299656978694	24.2247703819353	0.366178580831107
54.225	4.7	0.186018830414848	1.06260156293684	-0.190722006346657	24.1681780531849	0.348815064331878
54.375	4.7	0.161353895909982	1.08712921073225	-0.239769577444487	24.113574952175	0.329083116727986
54.525	4.7	0.136413804157045	1.12109695014695	-0.298705421693671	24.060851292499	0.309131043325636
54.675	4.7	0.114918772763649	1.16135434063166	-0.361534127849706	24.0096051912147	0.29193501821092
54.825	4.7	0.101003975389785	1.19979670340136	-0.41665247443089	23.9591392923246	0.280803180311828
54.975	4.7	0.0983612053982058	1.22438606282141	-0.449463040095124	23.9085331722021	0.278688964318565
55.125	4.7	0.109365162178497	1.22476858938156	-0.449671210235935	23.8567724271927	0.287492129742797
55.275	4.7	0.134490406152202	1.19873734705054	-0.417984257649502	23.8028997731413	0.307592324921761
55.425	4.7	0.172230662221627	1.15283240760421	-0.36502427210113	23.746155704928	0.337784529777302
55.575	4.7	0.219495528925147	1.0971500275564	-0.303997716187491	23.6860770873271	0.375596423140118
55.725	4.7	0.272288169987536	1.04028040910929	-0.244741594285282	23.6225300171288	0.417830535990029
55.875	4.7	0.326445400849424	0.987491206764294	-0.192332445933342	23.555678811052	0.461156320679539
56.025	4.7	0.378269772698494	0.94118147379067	-0.148345103427579	23.4859136736446	0.502615818158796
56.175	4.7	0.424943785748938	0.901946875389549	-0.112477785539734	23.4137630021067	0.53995502859915
56.325	4.7	0.464688867568902	0.869457888918427	-0.0836674994320872	23.3398104483761	0.571751094055122
56.475	4.7	0.496705610710707	0.843003125290329	-0.0606780183444416	23.2646289523398	0.597364488568565
56.625	4.7	0.520977959815781	0.821776193460795	-0.0423553090922385	23.1887364091361	0.616782367852625
56.775	4.7	0.538029089058435	0.805008203564783	-0.0277125392980174	23.1125718324057	0.630423271246748
56.925	4.7	0.548692789399025	0.792018375275032	-0.015939440706502	23.0364876376149	0.63895423151922
57.075	4.7	0.553932621927519	0.782225173330871	-0.00638345917462397	22.9607527847092	0.643146097542015
57.225	4.7	0.554716353177716	0.77514042887573	0.00147598669744408	22.8855621173272	0.643773082542172
57.375	4.7	0.551939344830049	0.770357491021455	0.00805170174789275	22.8110484217194	0.641551475864039
57.525	4.7	0.546385469442217	0.767538408926891	0.0136688300658544	22.7372949217352	0.637108375553774
57.675	4.7	0.538714000610622	0.766402127790773	0.0185808239429081	22.6643468770537	0.630971200488497
57.825	4.7	0.52946285342201	0.766714277374864	0.0229820485048513	22.5922216205468	0.623570282737608
57.975	4.7	0.519060954233439	0.768278517802361	0.0270179323913931	22.5209168054376	0.615248763386751
58.125	4.7	0.507844683029634	0.770929203268325	0.0307934181992501	22.4504168981428	0.606275746423707
58.275	4.7	0.496075068827016	0.774525109999286	0.0343802316131365	22.3806981019926	0.596860055061613
58.425	4.7	0.483953740823086	0.778944032750936	0.0378232755853114	22.311731968203	0.587162992658469
58.575	4.7	0.471636607953738	0.78407812376282	0.0411463049147649	22.2434879691779	0.577309286362991
58.725	4.7	0.459244919396909	0.789829902304792	0.0443569508635934	22.1759352935787	0.567395935517528
58.875	4.7	0.446873801454601	0.796108894236315	0.0474511304439757	22.109044086283	0.557499041163681
59.025	4.7	0.434598619759198	0.802828871945782	0.0504168701792037	22.0427863100195	0.547678895807358
59.175	4.7	0.422479624987274	0.809905661973838	0.0532375809309591	21.9771363572506	0.537983699989819
59.325	4.7	0.410565347672659	0.817255476688346	0.0558948262120075	21.9120714966186	0.528452278138127
59.475	4.7	0.398895151084856	0.824793711803072	0.0583706256694554	21.847572201708	0.519116120867885
59.625	4.7	0.387501261674708	0.832434135614187	0.0606493287694767	21.7836223829628	0.510001009339767
59.775	4.7	0.37641049810547	0.840088379934334	0.0627190863721843	21.7202095268969	0.501128398484376
59.925	4.7	0.365645829391403	0.847665628655846	0.0645729474849402	21.6573247396368	0.492516663513122
60.075	4.7	0.35522782172644	0.855072391117897	0.0662096222961334	21.5949626927373	0.484182257381152
60.225	4.7	0.345175989701214	0.862212249304918	0.0676339842824123	21.5331214754706	0.476140791760972
60.375	4.7	0.335510054800852	0.868985486685252	0.0688574304382443	21.4718023658228	0.468408043840681
60.525	4.7	0.32625113231936	0.875288547273298	0.069898266640088	21.411009537888	0.461000905855488
60.675	4.7	0.317422911430687	0.881013336903103	0.0707823121190268	21.3507497218701	0.45393832914455
60.825	4.7	0.309052948939985	0.886046457522591	0.071543893991401	21.2910318212562	0.447242359151988
60.975	4.7	0.30117424382165	0.890268542364591	0.0722273031010378	21.2318664694765	0.44093939505732
61.125	4.7	0.293827269544756	0.893553908338095	0.0728885952057326	21.1732654795042	0.435061815635805
61.275	4.7	0.287062587087055	0.895770730203879	0.0735973678613748	21.1152411137582	0.429650069669644
61.425	4.7	0.280944027254797	0.896781841790255	0.0744378901128931	21.0578050925129	0.424755221803838
61.575	4.7	0.275552225544647	0.896446073902125	0.0755088264840514	21.0009672827231	0.420441780435718
61.725	4.7	0.270988064233853	0.894619774291437	0.0769209324377933	20.9447340775008	0.416790451387083
61.875	4.7	0.267375418085343	0.891157905994014	0.0787926538316002	20.8891065888598	0.413900334468275
62.025	4.7	0.264862642799321	0.885914044207425	0.0812446024259083	20.8340789108951	0.411890114239457
62.175	4.7	0.263622626846256	0.878738922069799	0.0843952683028981	20.7796368177981	0.410898101477005
62.325	4.7	0.263852034751925	0.869478180230047	0.0883616073211604	20.7257572644641	0.41108162780154
62.475	4.7	0.265771557139594	0.857971837052454	0.0932684597101673	20.6724088660988	0.412617245711675
62.625	4.7	0.269630275869636	0.844060600484329	0.0992690123074082	20.6195530715741	0.415704220695708
62.775	4.7	0.27571807666127	0.827606817311335	0.106573798808908	20.5671449998563	0.420574461329016
62.925	4.7	0.284389529622372	0.808539190003546	0.115478056719586	20.51513198416	0.427511623697897
63.075	4.7	0.296099818794708	0.786928253536632	0.126368387441561	20.4634470292746	0.436879855035767
63.225	4.7	0.311447403008009	0.763091438754082	0.139683639165297	20.4119940537622	0.449157922406407
63.375	4.7	0.33120923320393	0.737710210880796	0.155807921562316	20.3606224597043	0.464967386563144
63.525	4.7	0.356344108401219	0.711917791526089	0.174892290727558	20.3090906971247	0.485075286720975
63.675	4.7	0.387931719225866	0.687292336424986	0.196638239818734	20.2570223416511	0.510345375380692
63.825	4.7	0.427015063187675	0.665687844136264	0.220120747355326	20.2038637574966	0.54161205055014
63.975	4.7	0.474330189137298	0.648882109231465	0.24375427142984	20.148858974165	0.579464151309838
64.125	4.7	0.529946888587045	0.638124977777929	0.26547866344869	20.0910625812794	0.623957510869636
64.275	4.7	0.592905780189128	0.633776033739539	0.283153219144731	20.0294101123381	0.674324624151302
64.425	4.7	0.66099937795857	0.635223864757641	0.295032875017007	19.9628513455556	0.728799502366856
64.575	4.7	0.730859467373992	0.641132774306588	0.300136482489064	19.8905248613804	0.784687573899194
64.725	4.7	0.7984304160626	0.649871496056745	0.298365192356086	19.8119246691907	0.83874433285008
64.875	4.7	0.859733254000442	0.659907402466106	0.290366324859131	19.7270020510615	0.887786603200354
65.025	4.7	0.911657444575136	0.670035577969291	0.277256024704476	19.6361675838128	0.929325955660109
65.175	4.7	0.952487584000647	0.679441235878037	0.260333134470096	19.5401976149158	0.961990067200518
65.325	4.7	0.982012954853255	0.687660191382597	0.240863672935286	19.4400828677658	0.985610363882604
65.475	4.7	1.00126927779797	0.694499945367232	0.219955659874158	19.3368681114805	1.00101542223838
65.625	4.7	1.01208573945874	0.699957986437863	0.198508834454689	19.2315213209508	1.00966859156699
65.775	4.7	1.01661359592585	0.704153134302844	0.177212275598587	19.124850433186	1.01329087674068
65.925	4.7	1.01694662160894	0.707274315366872	0.156565625876137	19.0174677369082	1.01355729728715
66.075	4.7	1.01487352840442	0.709545232183519	0.136908083091722	18.9097915201317	1.01189882272353
66.225	4.7	1.01175765384689	0.711200637418253	0.118447766840215	18.8020713413767	1.00940612307751
66.375	4.7	1.00851844285468	0.712469671031242	0.101289537466787	18.6944244366911	1.00681475428374
66.525	4.7	1.0056824968471	0.713563164864569	0.0854613608522635	18.5868738483482	1.00454599747768
66.675	4.7	1.00347236301349	0.714663712951039	0.0709390211106591	18.4793823303314	1.0027778904108
66.825	4.7	1.00190591776112	0.715918597906149	0.0576680423864914	18.3718791572245	1.0015247342089
66.975	4.7	1.00088665317688	0.717436006069511	0.0455812825890305	18.2642792752909	1.0007093225415
67.125	4.7	1.00027369046899	0.719284637966372	0.0346111219351121	18.1564956873489	1.00021895237519
67.275	4.7	0.999928067641933	0.721496312535071	0.0246961397675218	18.0484466371818	0.999942454113547
67.425	4.7	0.99973744054295	0.724070808436217	0.0157831256337386	17.9400592493369	0.99978995243436
67.575	4.7	0.999624348920447	0.726982072835034	0.0078258525550795	17.8312710214494	0.999699479136358
67.725	4.7	0.999543974786499	0.730184992683111	0.000782167195992245	17.7220301694759	0.999635179829199
67.875	4.7	0.999476616391572	0.733622069213369	-0.00538927609926896	17.6122954395142	0.999581293113257
68.025	4.7	0.999418710366342	0.73722949975245	-0.0107317255074326	17.5020357005015	0.999534968293073
68.175	4.7	0.999374754911773	0.740942328475628	-0.0152920235158378	17.3912294401223	0.999499803929419
68.325	4.7	0.99935125600563	0.744698475834923	-0.0191211959874559	17.2798641868974	0.999481004804504
68.475	4.7	0.99935295572211	0.748441593263512	-0.0222741095301014	17.1679358458575	0.999482364577688
68.625	4.7	0.999381088710643	0.752122808627647	-0.02480849293381	17.055447934889	0.999504870968515
68.775	4.7	0.999433171104772	0.755701518485985	-0.0267836352888135	16.9424107226274	0.999546536883818
68.925	4.7	0.999503767203192	0.759145437327674	-0.0282590201607771	16.8288402841799	0.999603013762554
69.075	4.7	0.999585729299911	0.762430129665982	-0.029293071200735	16.7147575025235	0.999668583439929
69.225	4.7	0.999671511865033	0.765538233549417	-0.0299421010280791	16.6001870498788	0.999737209492026
69.375	4.7	0.999754287438634	0.768458544460344	-0.0302594907649646	16.4851563853207	0.999803429950907
69.525	4.7	0.999828715036666	0.771185079360354	-0.0302950884341173	16.3696948033287	0.999862972029333
69.675	4.7	0.999891317746102	0.773716193012841	-0.0300947977190318	16.2538325636987	0.999913054196881
69.825	4.7	0.999940505723702	0.776053780213178	-0.0297003269119483	16.137600126846	0.999952404578962
69.975	4.7	0.999976330437914	0.778202571465933	-0.0291490732082284	16.0210275106253	0.999981064350332
70.125	4.7	1.00000007683156	0.780169515579255	-0.0284741237229719	15.9041437761466	1.00000006146524
70.275	4.7	1.00001379707519	0.781963237915466	-0.0277043584070273	15.7869766415748	1.00001103766015
70.425	4.7	1.00001987007749	0.78359356406963	-0.0268646406943768	15.6695522154681	1.00001589606199
70.575	4.7	1.00002064299875	0.7850711022357	-0.0259760801337776	15.5518948355482	1.000016514399
70.725	4.7	1.00001818193626	0.786406881047823	-0.0250563490016765	15.4340269953144	1.00001454554901
70.875	4.7	1.00001413407885	0.787612041936938	-0.0241200333697267	15.3159693396285	1.00001130726308
71.025	4.7	1.00000968597691	0.788697585649505	-0.0231789991503717	15.1977407110233	1.00000774878153
71.175	4.7	1.00000559293554	0.789674171808854	-0.0222427554506463	15.0793582305114	1.00000447434843
71.325	4.7	1.00000225201237	0.790551968840134	-0.0213188007898987	14.9608373995091	1.0000018016099
71.475	4.7	0.999999793800131	0.791340549838348	-0.0204129417605632	14.8421922125916	0.999999835040105
71.625	4.7	0.999998173897291	0.79204882851584	-0.0195295778620993	14.7234352737321	0.999998539117833
71.775	4.7	0.999997251724499	0.792685028486929	-0.0186719499647191	14.6045779111769	0.999997801379599
71.925	4.7	0.999996850644016	0.793256678912788	-0.0178423528139691	14.4856302880436	0.999997480515213
72.075	4.7	0.999996798302015	0.793770629859385	-0.0170423140369291	14.3666015070966	0.999997438641612
72.225	4.7	0.999996949409422	0.794233081463425	-0.0162727432928867	14.2474997090397	0.999997559527537
72.375	4.7	0.999997194885392	0.794649621972284	-0.0155340556795377	14.1283321641639	0.999997755908314
72.525	4.7	0.999997461731569	0.795025270763234	-0.0148262734568663	14.0091053574437	0.999997969385255
72.675	4.7	0.999997707600687	0.795364523431793	-0.0141491097848233	13.8898250672683	0.999998166080549
72.825	4.7	0.999997913168915	0.795671396893335	-0.0135020376534116	13.7704964380215	0.999998330535132
72.975	4.7	0.999998074435301	0.795949473133015	-0.0128843466359996	13.6511240467216	0.999998459548241
73.125	4.7	0.999998196166327	0.796201940763411	-0.0122951895919651	13.5317119639365	0.999998556933061
73.275	4.7	0.99999828699176	0.796431633926336	-0.0117336210212437	13.4122638092035	0.999998629593408
73.425	4.7	0.999998356173382	0.796641068331448	-0.0111986284368656	13.292782801209	0.999998684938705
73.575	4.7	0.99999841179238	0.796832474389692	-0.0106891578670474	13.1732718030142	0.999998729433904
73.725	4.7	0.999998459988776	0.79700782750048	-0.01020413440735	13.053733362642	0.999998767991021
73.875	4.7	0.99999850488382	0.797168875609856	-0.00974247860041264	12.9341697493625	0.999998803907056
74.025	4.7	0.999998548875496	0.797317164188168	-0.00930311930983358	12.8145829860286	0.999998839100397
74.175	4.7	0.999998593080446	0.797454058790663	-0.00888500366504591	12.6949748778117	0.999998874464357
74.325	4.7	0.99999863777799	0.797580765370826	-0.00848710457678258	12.5753470376853	0.999998910222392
74.475	4.7	0.999998682780125	0.797698348516625	-0.00810842625540732	12.4557009089821	0.9999989462241
74.625	4.7	0.999998727700292	0.797807747776954	-0.00774800810244422	12.3360377853359	0.999998982160234
74.775	4.7	0.999998772124068	0.797909792241497	-0.00740492729018206	12.2163588282893	0.999999017699254
74.925	4.7	0.999998815700295	0.798005213530277	-0.00707830029439842	12.0966650828289	0.999999052560236
75.075	4.7	0.99999885817592	0.798094657341901	-0.00676728360064728	11.9769574910792	0.999999086540736
75.225	4.7	0.999998899396252	0.79817869370086	-0.00647107376612888	11.8572369043661	0.999999119517002
75.375	4.7	0.999998939287749	0.798257826035242	-0.00618890698599873	11.7375040938367	0.999999151430199
75.525	4.7	0.999998977835068	0.798332499205857	-0.00592005828505245	11.617759759803	0.999999182268055
75.675	4.7	0.999999015059338	0.798403106598576	-0.00566384043234493	11.4980045399572	0.999999212047471
75.825	4.7	0.999999051000906	0.798469996381877	-0.00541960265706843	11.3782390165916	0.999999240800725
75.975	4.7	0.999999085707413	0.79853347702167	-0.00518672922837864	11.2584637229405	0.99999926856593
76.125	4.7	0.999999119226624	0.798593822136947	-0.00496463794866079	11.1386791487476	0.999999295381299
76.275	4.7	0.999999151602911	0.79865127477133	-0.00475277859957186	11.0188857451524	0.999999321282329
76.425	4.7	0.999999182876167	0.798706051147476	-0.00455063137153884	10.8990839289772	0.999999346300934
76.575	4.7	0.999999213082061	0.798758343964685	-0.00435770530039764	10.7792740864873	0.999999370465649
76.725	4.7	0.999999242252926	0.798808325292931	-0.00417353672940944	10.6594565766885	0.99999939380234
76.875	4.7	0.999999270418763	0.798856149111032	-0.0039976878102221	10.539631734219	0.99999941633501
77.025	4.7	0.999999297608106	0.798901953531365	-0.00382974505274921	10.4197998718854	0.999999438086485
77.175	4.7	0.999999323848643	0.798945862748417	-0.00366931793091156	10.2999612828866	0.999999459078914
77.325	4.7	0.999999349167598	0.798987988744535	-0.00351603754886623	10.1801162427659	0.999999479334079
77.475	4.7	0.999999373591933	0.799028432782363	-0.00336955537041983	10.0602650111223	0.999999498873546
77.625	4.7	0.999999397148385	0.799067286709553	-0.00322954201293324	9.94040783311499	0.999999517718708
77.775	4.7	0.99999941986345	0.79910463409935	-0.00309568610567067	9.82054494078393	0.99999953589076
77.925	4.7	0.999999441763312	0.799140551246643	-0.00296769321199022	9.70067655421121	0.99999955341065
78.075	4.7	0.999999462873763	0.799175108037603	-0.00284528481365614	9.58080288254332	0.999999570299011
78.225	4.7	0.999999483220147	0.799208368708857	-0.00272819735551066	9.46092412489162	0.999999586576118
78.375	4.7	0.999999502827292	0.79924039250943	-0.00261618134813717	9.34104047112683	0.999999602261834
78.525	4.7	0.99999952171948	0.799271234278232	-0.00250900052591876	9.22115210258087	0.999999617375584
78.675	4.7	0.999999539920424	0.799300944947373	-0.00240643105786551	9.10125919266817	0.999999631936339
78.825	4.7	0.999999557453245	0.799329571980739	-0.00230826080848783	8.98136190743653	0.999999645962596
78.975	4.7	0.999999574340475	0.799357159756306	-0.00221428864583885	8.86146040605681	0.99999965947238
79.125	4.7	0.999999590604051	0.799383749898998	-0.00212432379414573	8.74155484125914	0.999999672483241
79.275	4.7	0.999999606265311	0.799409381570794	-0.00203818522815939	8.62164535972271	0.999999685012249
79.425	4.7	0.999999621345008	0.799434091723405	-0.00195570110681606	8.501732102425	0.999999697076006
79.575	4.7	0.999999635863309	0.799457915318343	-0.00187670824358088	8.38181520495575	0.999999708690647
79.725	4.7	0.999999649839797	0.799480885518794	-0.00180105161113103	8.26189479780014	0.999999719871838
79.875	4.7	0.999999663293489	0.799503033856862	-0.00172858387808111	8.14197100659521	0.999999730634791
80.025	4.7	0.999999676242833	0.799524390379375	-0.0016591649757046	8.02204395236291	0.999999740994266
80.175	4.7	0.999999688705717	0.799544983775287	-0.00159266169242296	7.9021137517227	0.999999750964573
80.325	4.7	0.999999700699483	0.799564841486808	-0.00152894729437816	7.78218051708644	0.999999760559586
80.475	4.7	0.999999712240932	0.799583989806812	-0.00146790117013738	7.66224435683763	0.999999769792746
80.625	4.7	0.999999723346331	0.799602453963936	-0.00140940849792443	7.54230537549707	0.999999778677065
80.775	4.7	0.999999734031431	0.799620258197463	-0.00135335993380824	7.42236367387655	0.999999787225145
80.925	4.7	0.999999744311472	0.79963742582297	-0.00129965131935559	7.30241934922209	0.999999795449178
81.075	4.7	0.999999754201198	0.799653979290277	-0.00124818340744033	7.18247249534791	0.999999803360959
81.225	4.7	0.999999763714866	0.799669940234654	-0.00119886160487141	7.06252320276227	0.999999810971893
81.375	4.7	0.999999772866263	0.799685329522114	-0.00115159573072784	6.9425715587861	0.99999981829301
81.525	4.7	0.999999781668717	0.799700167289802	-0.00110629978926523	6.82261764766522	0.999999825334974
81.675	4.7	0.999999790135105	0.799714472981982	-0.00106289175635591	6.70266155067687	0.999999832108084
81.825	4.7	0.999999798277857	0.799728265382368	-0.00102129337854776	6.58270334623116	0.999999838622285
81.975	4.7	0.999999806108963	0.799741562643175	-0.00098142998386207	6.46274310996784	0.999999844887171
82.125	4.7	0.999999813639974	0.799754382311539	-0.000943230303474808	6.34278091484906	0.999999850911979
82.275	4.7	0.999999820882022	0.799766741353499	-0.000906626303515306	6.22281683124824	0.999999856705618
82.425	4.7	0.999999827845858	0.799778656176055	-0.000871553026336531	6.1028509270356	0.999999862276687
82.575	4.7	0.99999983454192	0.799790142647498	-0.000837948440471605	5.98288326766043	0.999999867633536
82.725	4.7	0.999999840980404	0.799801216116327	-0.00080575329877937	5.86291391623045	0.999999872784323
82.875	4.7	0.999999847171291	0.799811891429011	-0.000774911004091007	5.74294293358848	0.999999877737032
83.025	4.7	0.999999853124264	0.79982218294684	-0.000745367481888827	5.6229703783864	0.999999882499411
83.175	4.7	0.999999858848468	0.799832104562017	-0.000717071059486265	5.50299630715679	0.999999887078774
83.325	4.7	0.999999864352138	0.799841669713259	-0.000689972351220745	5.38302077438216	0.99999989148171
83.475	4.7	0.999999869642317	0.799850891401118	-0.000664024149327317	5.2630438325619	0.999999895713854
83.625	4.7	0.999999874725024	0.799859782203124	-0.000639181319980391	5.14306553227702	0.999999899780019
83.775	4.7	0.999999879606266	0.79986835428892	-0.00061540070426818	5.02308592225251	0.999999903685013
83.925	4.7	0.999999884294005	0.799876619435558	-0.000592641023654583	4.90310504941737	0.999999907435204
84.075	4.7	0.999999888800357	0.799884589043129	-0.000570862789598162	4.78312295896196	0.999999911040285
84.225	4.7	0.999999893142307	0.799892274151093	-0.00055002821707893	4.66313969439295	0.999999914513846
84.375	4.7	0.999999897338546	0.799899685455811	-0.000530101141635363	4.54315529758564	0.999999917870837
84.525	4.7	0.999999901400804	0.799906833329989	-0.000511046939912658	4.4231698088342	0.999999921120643
84.675	4.7	0.99999990532135	0.79991372784473	-0.000492832453634493	4.3031832668999	0.99999992425708
84.825	4.7	0.999999909063802	0.799920378794206	-0.00047542591730492	4.1831957090571	0.999999927251042
84.975	4.7	0.99999991256964	0.799926795722296	-0.000458796890039089	4.06320717113582	0.999999930055712
85.125	4.7	0.999999915792431	0.79993298794947	-0.000442916192003008	3.94321768755852	0.999999932633945
85.275	4.7	0.99999991875962	0.799938964597734	-0.000427755845714899	3.82322729136803	0.999999935007696
85.425	4.7	0.999999921635514	0.799944734613323	-0.000413289022343823	3.70323601424495	0.999999937308411
85.575	4.7	0.999999924727345	0.799950306790677	-0.000399489992627877	3.58324388651674	0.999999939781876
85.725	4.7	0.99999992836314	0.79995568980718	-0.000386334082071006	3.46325093716671	0.999999942690512
85.875	4.7	0.999999932609915	0.799960892281727	-0.000373797630432079	3.34325719385616	0.999999946087932
86.025	4.7	0.999999936917546	0.799965922866178	-0.000361857956626356	3.2232626829699	0.999999949534037
86.175	4.7	0.999999939945195	0.799970790361208	-0.000350493331646615	3.1032674296793	0.999999951956156
86.325	4.7	0.999999939951559	0.799975503818144	-0.000339682963761808	2.98327145798646	0.999999951961248
86.475	4.7	0.99999993603028	0.799980072559695	-0.000329407001024147	2.86327479068172	0.999999948824224
86.625	4.7	0.999999929978978	0.799984506053859	-0.000319646555530778	2.7432774491444	0.999999943983183
86.775	4.7	0.999999927718891	0.799988813639911	-0.000310383751558826	2.62327945297938	0.999999942175113
86.925	4.7	0.999999938334708	0.799993004245058	-0.00030160179609694	2.50328081962738	0.999999950667767
87.075	4.7	0.999999968841552	0.79999708639673	-0.000293285066219371	2.3832815642709	0.999999975073241
87.225	4.7	1.00000001473023	0.800001068898344	-0.000285419204750941	2.26328170044555	1.00000001178419
87.375	4.7	1.00000005056618	0.800004962310132	-0.000277991213903438	2.14328124155855	1.00000004045294
87.525	4.7	1.00000002999969	0.800008780739093	-0.00027098953662489	2.02328020286092	1.00000002399975
87.675	4.7	0.999999906511205	0.800012542527721	-0.000264404117081716	1.90327860242709	0.999999925208964
87.825	4.7	0.99999967938138	0.80001626780729	-0.000258226435626212	1.78327645893746	0.999999743505104
87.975	4.7	0.999999449890955	0.800019971510711	-0.000252449522185579	1.66327378456551	0.999999559912764
88.125	4.7	0.999999444595111	0.800023653205847	-0.00024706796732435	1.5432705740657	0.999999555676089
88.275	4.7	0.999999942989228	0.800027289855997	-0.000242077969791758	1.42326679624136	0.999999954391383
88.425	4.7	1.00000106562348	0.800030842044624	-0.000237477470317624	1.30326239909247	1.00000085249878
88.575	4.7	1.00000246334642	0.800034283571528	-0.000233266398271947	1.18325734009956	1.00000197067714
88.725	4.7	1.00000309481654	0.800037653172445	-0.000229446971504468	1.06325164216119	1.00000247585323
88.875	4.7	1.00000141788192	0.800041103761629	-0.000226023835520062	0.943245451083609	1.00000113430553
89.025	4.7	0.999996304856784	0.800044897379267	-0.000223003663980076	0.823239040001334	0.999997043885428
89.175	4.7	0.999988651977019	0.800049285099524	-0.000220393815769158	0.70323269264246	0.999990921581615
89.325	4.7	0.999982933697501	0.800054251347834	-0.000218199959862749	0.583226434742824	0.999986346958001
89.475	4.7	0.99998710445833	0.800059211007973	-0.000216423370538205	0.463219695560606	0.999989683566664
89.625	4.7	1.00000895496727	0.800062900917371	-0.000215059693868338	0.34321114899361	1.00000716397381
89.775	4.7	1.00004824338815	0.800053565454198	-0.000214101723620543	0.223199107280218	1.00003859471052
89.925	4.7	1.00008726502592	0.400085827588746	-0.000213569433706963	0.103185817338712	1.00006981202073
0.075	4.9	3.00790336712947e-30	0.400000001681668	-3.32572468376368e-05	36.0880267767636	0.2
0.225	4.9	-1.5613238987182e-30	0.800000008686652	-3.32605312423873e-05	36.0640267766627	0.2
0.375	4.9	6.13191273395173e-30	0.800000026478683	-3.32684516904858e-05	36.0400267762424	0.2
0.525	4.9	-1.09000754082988e-29	0.800000061798319	-3.3283641100979e-05	36.016026775074	0.2
0.675	4.9	2.17608733993512e-30	0.800000120743894	-3.33098773917349e-05	35.9920267725345	0.2
0.825	4.9	-2.8496448544467e-29	0.800000208576804	-3.33518949929875e-05	35.9680267678294	0.2
0.975	4.9	-5.44938954683077e-30	0.800000329585034	-3.34151616355444e-05	35.9440267600199	0.2
1.125	4.9	-4.04480085954933e-29	0.80000048700311	-3.35056335821069e-05	35.9200267480543	0.2
1.275	4.9	9.31510337944166e-30	0.800000682997596	-3.36295137765425e-05	35.8960267307997	0.2
1.425	4.9	-1.16717563365292e-29	0.800000918703309	-3.37930230666505e-05	35.8720267070744	0.2
1.575	4.9	8.10532719800528e-29	0.80000119430905	-3.40022015515187e-05	35.8480266756775	0.2
1.725	4.9	7.40560946103502e-29	0.800001509177533	-3.42627463101197e-05	35.8240266354159	0.2
1.875	4.9	1.85688534933833e-28	0.800001861989651	-3.45798902502612e-05	35.8000265851269	0.2
2.025	4.9	1.30520326049903e-28	0.800002250897724	-3.49583248909898e-05	35.7760265236965	0.2
2.175	4.9	1.67615605828396e-28	0.800002673682247	-3.54021614457819e-05	35.752026450073	0.2
2.325	4.9	-5.05099420882204e-29	0.800003127896923	-3.5914928088114e-05	35.7280263632756	0.2
2.475	4.9	-1.76932313530025e-28	0.80000361100444	-3.64995959722879e-05	35.7040262623992	0.2
2.625	4.9	-5.74819893513486e-28	0.800004120487774	-3.71586263859683e-05	35.6800261466153	0.2
2.775	4.9	-7.34350944715268e-28	0.800004653945358	-3.78940347076196e-05	35.6560260151699	0.2
2.925	4.9	-1.00557016636488e-27	0.80000520916427	-3.87074636437625e-05	35.6320258673786	0.2
3.075	4.9	-7.08669756205281e-28	0.800005784171364	-3.96002577032567e-05	35.6080257026201	0.2
3.225	4.9	-2.9571210169081e-28	0.800006377269135	-4.05735419451386e-05	35.5840255203283	0.2
3.375	4.9	9.08254002661417e-28	0.800006987053481	-4.16282924472225e-05	35.5600253199839	0.2
3.525	4.9	2.04816686029896e-27	0.800007612422419	-4.27654050264696e-05	35.5360251011051	0.2
3.675	4.9	3.54361984689123e-27	0.800008252568454	-4.39857545743629e-05	35.5120248632386	0.2
3.825	4.9	3.95243716231452e-27	0.800008906969902	-4.52902460176798e-05	35.488024605951	0.2
3.975	4.9	3.60655042134332e-27	0.800009575372069	-4.66798609376363e-05	35.4640243288204	0.2
4.125	4.9	9.77135374356701e-28	0.800010257769054	-4.81556924430213e-05	35.4400240314287	0.2
4.275	4.9	-2.69063098690127e-27	0.80001095437821	-4.97189764268706e-05	35.4160237133543	0.2
4.425	4.9	-7.89244833192083e-27	0.800011665621481	-5.13711145646548e-05	35.392023374166	0.2
4.575	4.9	-1.14773835571132e-26	0.800012392099337	-5.31136930247775e-05	35.368023013417	0.2
4.725	4.9	-1.29097881454451e-26	0.800013134573994	-5.49484964756217e-05	35.34402263064	0.2
4.875	4.9	-8.4928434916071e-27	0.800013893946024	-5.68775182980138e-05	35.3200222253426	0.2
5.025	4.9	8.82701960247215e-29	0.800014671240057	-5.89029687120717e-05	35.2960217970032	0.2
5.175	4.9	1.28039978857532e-26	0.800015467587193	-6.1027279265305e-05	35.2720213450681	0.2
5.325	4.9	2.17306735966975e-26	0.800016284212647	-6.32531062595468e-05	35.248020868948	0.2
5.475	4.9	2.23935056481384e-26	0.800017122424936	-6.55833342796449e-05	35.2240203680154	0.2
5.625	4.9	5.62860474433049e-27	0.800017983605167	-6.80210771054297e-05	35.2000198416025	0.2
5.775	4.9	-2.46446055059707e-26	0.800018869200485	-7.05696791551886e-05	35.1760192889991	0.2
5.925	4.9	-6.04072899306666e-26	0.800019780717407	-7.32327173781052e-05	35.1520187094505	0.2
6.075	4.9	-7.1431903514565e-26	0.800020719717356	-7.60140025494157e-05	35.128018102156	0.2
6.225	4.9	-2.78649034589172e-26	0.80002168781304	-7.89175801287124e-05	35.1040174662674	0.2
6.375	4.9	1.0439628342037e-25	0.800022686667481	-8.19477344402617e-05	35.0800168008872	0.2
6.525	4.9	3.16080784740025e-25	0.800023717990279	-8.51089893893794e-05	35.0560161050674	0.2
6.675	4.9	5.50125488595433e-25	0.800024783540049	-8.84061129561665e-05	35.0320153778078	0.2
6.825	4.9	6.5582669245963e-25	0.800025885122229	-9.18441208724032e-05	35.008014618055	0.2
6.975	4.9	4.33671177973577e-25	0.800027024591292	-9.54282813932589e-05	34.9840138247005	0.2
7.125	4.9	-3.31688884268323e-25	0.800028203851855	-9.91641205331709e-05	34.9600129965795	0.2
7.275	4.9	-1.70416579910087e-24	0.8000294248604	-0.000103057427922165	34.9360121324694	0.2
7.425	4.9	-3.46790426209182e-24	0.800030689627277	-0.000107114263954499	34.9120112310879	0.2
7.575	4.9	-4.92913109021319e-24	0.800032000218768	-0.000111340967183415	34.8880102910917	0.2
7.725	4.9	-4.94037683036358e-24	0.800033358761472	-0.000115744161912922	34.8640093110748	0.2
7.875	4.9	-2.06299647276053e-24	0.800034767442854	-0.000120330767990825	34.8400082895661	0.2
8.025	4.9	4.80512971978575e-24	0.800036228516047	-0.00012510800957268	34.8160072250282	0.2
8.175	4.9	1.55916044721103e-23	0.80003774430254	-0.000130083425913766	34.7920061158551	0.2
8.325	4.9	2.7905429537347e-23	0.800039317195597	-0.000135264881973636	34.76800496037	0.2
8.475	4.9	3.63052173446557e-23	0.800040949663599	-0.000140660580184324	34.7440037568234	0.2
8.625	4.9	3.23101980050175e-23	0.800042644253787	-0.00014627907319614	34.7200025033902	0.2
8.775	4.9	6.29297423767799e-24	0.800044403596226	-0.000152129276139143	34.6960011981681	0.2
8.925	4.9	-4.84684240764195e-23	0.800046230406269	-0.000158220481266429	34.6719998391745	0.2
9.075	4.9	-1.29152272603741e-22	0.800048127491558	-0.000164562372171461	34.6479984243437	0.2
9.225	4.9	-2.15839263298508e-22	0.800050097751253	-0.000171165039202909	34.623996951525	0.2
9.375	4.9	-2.65813703866469e-22	0.800052144184134	-0.000178038994949368	34.5999954184787	0.2
9.525	4.9	-2.1551668896604e-22	0.800054269890862	-0.000185195192144472	34.5759938228739	0.2
9.675	4.9	3.76870674813194e-24	0.800056478078261	-0.000192645040790402	34.5519921622852	0.2
9.825	4.9	4.31205946587727e-22	0.800058772063486	-0.000200400426572366	34.5279904341892	0.2
9.975	4.9	1.02497276726354e-21	0.800061155278289	-0.000208473730389557	34.5039886359614	0.2
10.125	4.9	1.60804722241344e-21	0.800063631273473	-0.000216877848728161	34.4799867648725	0.2
10.275	4.9	1.84217004226628e-21	0.800066203723635	-0.000225626215023017	34.455984818085	0.2
10.425	4.9	1.27257673734308e-21	0.800068876430355	-0.000234732821517717	34.4319827926491	0.2
10.575	4.9	-5.15551783213753e-22	0.800071653328393	-0.000244212242494403	34.4079806854992	0.2
10.725	4.9	-3.61906220634655e-21	0.80007453848859	-0.000254079659032189	34.3839784934494	0.2
10.875	4.9	-7.47045260240824e-21	0.800077536123587	-0.000264350884329947	34.3599762131899	0.2
11.025	4.9	-1.05672079740742e-20	0.800080650591356	-0.00027504238905588	34.335973841282	0.2
11.175	4.9	-1.05033841622016e-20	0.800083886402204	-0.000286171330662228	34.3119713741544	0.2
11.325	4.9	-4.55583397655817e-21	0.800087248220281	-0.00029775558126799	34.2879688080979	0.2
11.475	4.9	9.02779050171009e-21	0.800090740870862	-0.000309813759129017	34.2639661392611	0.2
11.625	4.9	2.91684247092723e-20	0.80009436934318	-0.000322365258342854	34.2399633636456	0.2
11.775	4.9	5.01020544102892e-20	0.800098138798388	-0.000335430283390335	34.2159604771005	0.2
11.925	4.9	6.06112290410858e-20	0.80010205456927	-0.000349029883785522	34.1919574753177	0.2
12.075	4.9	4.57325981322511e-20	0.800106122170913	-0.000363185989606463	34.1679543538264	0.2
12.225	4.9	-7.88663855323184e-21	0.800110347300711	-0.000377921449254019	34.1439511079875	0.2
12.375	4.9	-1.02910667096806e-19	0.800114735845623	-0.000393260069608932	34.1199477329883	0.2
12.525	4.9	-2.20502271650603e-19	0.800119293886159	-0.000409226656864756	34.0959442238368	0.2
12.675	4.9	-3.12533623380878e-19	0.800124027701729	-0.000425847059956026	34.0719405753552	0.2
12.825	4.9	-3.03894520006562e-19	0.800128943773951	-0.000443148216182866	34.0479367821746	0.2
12.975	4.9	-1.12391908190657e-19	0.800134048792125	-0.000461158197988107	34.0239328387287	0.2
13.125	4.9	3.10044915321688e-19	0.800139349657113	-0.000479906263537409	33.9999287392471	0.2
13.275	4.9	9.20008912329034e-19	0.800144853486299	-0.00049942290756493	33.9759244777493	0.2
13.425	4.9	1.52827794230254e-18	0.800150567616728	-0.000519739916589712	33.9519200480379	0.2
13.575	4.9	1.78225731599807e-18	0.800156499608628	-0.00054089042600226	33.9279154436923	0.2
13.725	4.9	1.22741052205209e-18	0.80016265725052	-0.000562908979146441	33.9039106580614	0.2
13.875	4.9	-5.19414100221459e-19	0.800169048561909	-0.000585831591696511	33.8799056842573	0.2
14.025	4.9	-3.48725132987693e-18	0.800175681794793	-0.00060969581466652	33.8559005151477	0.2
14.175	4.9	-7.02704755613069e-18	0.800182565438734	-0.000634540806212209	33.8318951433496	0.2
14.325	4.9	-9.59678017251735e-18	0.800189708221171	-0.000660407402421861	33.8078895612214	0.2
14.475	4.9	-8.87419691944064e-18	0.800197119111039	-0.000687338193496609	33.7838837608563	0.2
14.625	4.9	-2.41583413528271e-18	0.800204807317249	-0.00071537760406059	33.7598777340747	0.2
14.775	4.9	1.10428460583562e-17	0.800212782293573	-0.000744571976416044	33.7358714724173	0.2
14.925	4.9	2.9838566882629e-17	0.800221053734273	-0.000774969658958293	33.7118649671371	0.2
15.075	4.9	4.77983029443706e-17	0.80022963157753	-0.000806621098467112	33.6878582091932	0.2
15.225	4.9	5.38779317308507e-17	0.800238526001355	-0.000839578938260704	33.6638511892425	0.2
15.375	4.9	3.42848726532975e-17	0.800247747422609	-0.00087389812017357	33.6398438976331	0.2
15.525	4.9	-2.1983574889618e-17	0.800257306494213	-0.000909635992166984	33.6158363243971	0.2
15.675	4.9	-1.14409403075595e-16	0.800267214101577	-0.000946852422605407	33.5918284592435	0.2
15.825	4.9	-2.21276300343455e-16	0.800277481355914	-0.000985609919938736	33.567820291551	0.2
15.975	4.9	-2.93775577873934e-16	0.800288119589746	-0.00102597375873377	33.5438118103621	0.2
16.125	4.9	-2.60543686900946e-16	0.800299140349588	-0.00106801211291973	33.5198030043756	0.2
16.275	4.9	-4.90481352311357e-17	0.800310555385812	-0.00111179619644794	33.4957938619411	0.2
16.425	4.9	3.73866796680651e-16	0.800322376643316	-0.00115740041172025	33.4717843710525	0.2
16.575	4.9	9.48929590829847e-16	0.800334616251686	-0.00120490250638951	33.4477745193425	0.200000000000001
16.725	4.9	1.47843605660908e-15	0.800347286508517	-0.00125438373905049	33.4237642940774	0.200000000000001
16.875	4.9	1.61967433999779e-15	0.800360399867516	-0.00130592905494544	33.399753682152	0.200000000000001
17.025	4.9	9.55567349074966e-16	0.800373968920901	-0.00135962727098686	33.3757426700853	0.200000000000001
17.175	4.9	-8.31195104031447e-16	0.800388006379317	-0.00141557127282108	33.3517312440168	0.199999999999999
17.325	4.9	-3.6906717301352e-15	0.800402525053911	-0.00147385822298684	33.3277193897026	0.199999999999997
17.475	4.9	-6.91693041931624e-15	0.800417537831813	-0.00153458978198632	33.3037070925135	0.199999999999994
17.625	4.9	-8.9843299786378e-15	0.8004330576516	-0.00159787234223692	33.2796943374327	0.199999999999993
17.775	4.9	-7.70978202996233e-15	0.80044909747694	-0.00166381727791305	33.2556811090544	0.199999999999994
17.925	4.9	-9.29316764013551e-16	0.800465670266736	-0.00173254120833851	33.2316673915841	0.199999999999999
18.075	4.9	1.22532329359869e-14	0.800482788944145	-0.00180416628042996	33.2076531688384	0.20000000000001
18.225	4.9	2.98629512711091e-14	0.800500466362313	-0.00187882046716803	33.1836384242474	0.200000000000024
18.375	4.9	4.57015458583923e-14	0.800518715269437	-0.00195663788710404	33.1596231408567	0.200000000000037
18.525	4.9	4.92290103002215e-14	0.800537548268576	-0.00203775914332239	33.1356073013312	0.200000000000039
18.675	4.9	2.78061518955227e-14	0.800556977780057	-0.00212233168695033	33.1115908879606	0.200000000000022
18.825	4.9	-2.79455577984488e-14	0.800577015997582	-0.00221051020253686	33.0875738826644	0.199999999999978
18.975	4.9	-1.16025227450683e-13	0.800597674845363	-0.00230245702263435	33.0635562670007	0.199999999999907
19.125	4.9	-2.14398652976724e-13	0.800618965934102	-0.00239834256753986	33.0395380221737	0.199999999999829
19.275	4.9	-2.7623713285545e-13	0.800640900512747	-0.00249834581996994	33.0155191290447	0.199999999999779
19.425	4.9	-2.35066988960657e-13	0.800663489425889	-0.00260265482862613	32.991499568143	0.199999999999812
19.575	4.9	-2.54070504104194e-14	0.800686743065919	-0.00271146725179013	32.9674793196792	0.19999999999998
19.725	4.9	3.7947955040591e-13	0.800710671329029	-0.00282499093675912	32.9434583635591	0.200000000000304
19.875	4.9	9.19318892152825e-13	0.800735283574103	-0.002943444544493	32.9194366793994	0.200000000000735
20.025	4.9	1.40616396175078e-12	0.800760588583787	-0.00306705821830414	32.8954142465444	0.200000000001125
20.175	4.9	1.52061342722753e-12	0.800786594530599	-0.00319607430338994	32.8713910440841	0.200000000001217
20.325	4.9	8.78444489329466e-13	0.800813308951114	-0.0033307481196991	32.8473670508723	0.200000000000703
20.475	4.9	-8.09663930405256e-13	0.800840738728297	-0.00347134879507742	32.8233422455468	0.199999999999352
20.625	4.9	-3.49532596167499e-12	0.800868890084924	-0.00361816016030716	32.7993166065488	0.199999999997204
20.775	4.9	-6.53131273695078e-12	0.800897768592826	-0.00377148171461173	32.7752901121424	0.199999999994775
20.925	4.9	-8.52181918298669e-12	0.800927379200027	-0.00393162966705276	32.7512627404345	0.199999999993183
21.075	4.9	-7.46168093530944e-12	0.800957726279124	-0.00409893805918909	32.7272344693921	0.199999999994031
21.225	4.9	-1.33186198237836e-12	0.800988813704982	-0.00427375997741654	32.7032052768592	0.199999999998935
21.375	4.9	1.07927429472673e-11	0.801020644965403	-0.00445646886315063	32.67917514057	0.200000000008634
21.525	4.9	2.73027127468587e-11	0.801053223312209	-0.00464745992752151	32.6551440381591	0.200000000021842
21.675	4.9	4.27943530613138e-11	0.801086551959773	-0.00484715168162251	32.631111947166	0.200000000034235
21.825	4.9	4.7835914311093e-11	0.801120634342693	-0.00505598758962045	32.6070788450333	0.200000000038269
21.975	4.9	3.07499921548837e-11	0.80115547444001	-0.00527443785567909	32.5830447090963	0.2000000000246
22.125	4.9	-1.78730010765994e-11	0.801191077178672	-0.00550300135538612	32.559009516561	0.199999999985702
22.275	4.9	-9.81095096136453e-11	0.801227448931731	-0.00574220772368896	32.534973244469	0.199999999921512
22.425	4.9	-1.92803274451114e-10	0.801264598126785	-0.00599261961371328	32.510935869644	0.199999999845757
22.575	4.9	-2.6242917513447e-10	0.801302535984843	-0.00625483514294539	32.4868973686185	0.199999999790057
22.725	4.9	-2.47804272353118e-10	0.801341277415843	-0.00652949054741592	32.4628577175354	0.199999999801757
22.875	4.9	-8.56978361322582e-11	0.8013808420992	-0.00681726306001285	32.4388168920212	0.199999999931442
23.025	4.9	2.60382884507491e-10	0.801421255782424	-0.00711887403988932	32.4147748670259	0.200000000208306
23.175	4.9	7.58223055684895e-10	0.80146255183626	-0.00743509236233007	32.3907316166241	0.200000000606578
23.325	4.9	1.26699430926697e-09	0.801504773103032	-0.00776673808152264	32.3666871137699	0.200000001013595
23.475	4.9	1.52239798724572e-09	0.801547974081224	-0.00811468636713136	32.3426413299942	0.200000001217918
23.625	4.9	1.17529066287278e-09	0.801592223477314	-0.00847987170630066	32.3185942350321	0.200000000940233
23.775	4.9	-9.29459169185816e-11	0.801637607179248	-0.00886329236613421	32.2945457963595	0.199999999925643
23.925	4.9	-2.37660498761311e-09	0.801684231696009	-0.00926601512305749	32.2704959786193	0.199999998098716
24.075	4.9	-5.31150902967313e-09	0.801732228150013	-0.00968918030029009	32.246444742915	0.199999995750793
24.225	4.9	-7.89027633221949e-09	0.801781756932078	-0.0101340071988668	32.2223920459523	0.199999993687779
24.375	4.9	-8.46292886682263e-09	0.801833013194096	-0.0106018000576667	32.1983378390174	0.199999993229657
24.525	4.9	-5.07126810619234e-09	0.801886233394282	-0.0110939547092251	32.1742820667892	0.199999995942986
24.675	4.9	3.78848334749785e-09	0.801941703139523	-0.0116119660549298	32.1502246659897	0.200000003030787
24.825	4.9	1.80247232709761e-08	0.801999766575309	-0.0121574363761718	32.1261655638717	0.200000014419779
24.975	4.9	3.47126710498632e-08	0.802060837463532	-0.0127320842471123	32.1021046765258	0.200000027770137
25.125	4.9	4.73097496348669e-08	0.802125411976613	-0.013337753515537	32.0780419069419	0.2000000378478
25.275	4.9	4.60732072432424e-08	0.802194083031059	-0.0139764215132521	32.0539771426996	0.200000036858566
25.425	4.9	2.04067926315725e-08	0.802267555863664	-0.0146502055229979	32.0299102530897	0.200000016325434
25.575	4.9	-3.65352751658676e-08	0.802346664580085	-0.0153613667701552	32.0058410854186	0.19999997077178
25.725	4.9	-1.21517897076113e-07	0.802432389750511	-0.0161123119645396	31.9817694602503	0.199999902785682
25.875	4.9	-2.14939484345973e-07	0.802525877862424	-0.0169055937528679	31.9576951654359	0.199999828048413
26.025	4.9	-2.77662806600869e-07	0.802628464536545	-0.0177439130647774	31.9336179489772	0.199999777869755
26.175	4.9	-2.5481464418394e-07	0.80274170462396	-0.0186301277119694	31.9095375110501	0.199999796148285
26.325	4.9	-8.99258395020529e-08	0.802867413128174	-0.0195672717535675	31.8854534957918	0.199999928059328
26.475	4.9	2.49622388465718e-07	0.80300772062378	-0.0205585880780971	31.8613654835901	0.200000199697911
26.625	4.9	7.39430655602685e-07	0.803165144800869	-0.0216075715779234	31.8372729844467	0.200000591544524
26.775	4.9	1.26684858031418e-06	0.803342675558476	-0.0227180123587172	31.8131754323697	0.200001013478864
26.925	4.9	1.61718878818081e-06	0.803543865118524	-0.0238940191681224	31.789072179662	0.200001293751031
27.075	4.9	1.49575982774793e-06	0.803772908488334	-0.0251399959700362	31.7649624885868	0.200001196607862
27.225	4.9	6.00727561072242e-07	0.804034696028547	-0.0264605440349998	31.7408455166124	0.200000480582049
27.375	4.9	-1.25028132050556e-06	0.804334822507146	-0.0278602729742748	31.7167202909037	0.199998999774944
27.525	4.9	-3.95799238969612e-06	0.804679549145325	-0.0293435297922693	31.6925856686167	0.199996833606088
27.675	4.9	-6.98843340775004e-06	0.80507573811759	-0.0309140936686042	31.6684402823347	0.199994409253274
27.825	4.9	-9.29790725756749e-06	0.805530810131671	-0.0325749273612042	31.644282474622	0.199992561674194
27.975	4.9	-9.41523767694774e-06	0.806052806939654	-0.034328107888828	31.620110231267	0.199992467809858
28.125	4.9	-5.74504719891768e-06	0.806650658308001	-0.0361750583279592	31.5959211276085	0.199995403962241
28.275	4.9	2.89352522347917e-06	0.807334740194377	-0.0381171488338787	31.5717123039876	0.200002314820179
28.425	4.9	1.6560031120076e-05	0.808117752951117	-0.0401566183791952	31.5474804825464	0.200013248024896
28.575	4.9	3.34843512734927e-05	0.809015840414958	-0.0422976000532879	31.5232220270213	0.200026787481019
28.725	4.9	4.96106034540667e-05	0.810049725735001	-0.044546850822155	31.4989330306726	0.200039688482763
28.875	4.9	5.86843784541436e-05	0.811245492937241	-0.0469136561558092	31.4746093985838	0.200046947502763
29.025	4.9	5.31250691869445e-05	0.812634548874588	-0.0494083771033514	31.4502468753114	0.20004250005535
29.175	4.9	2.57696970029594e-05	0.814252319276721	-0.0520392940763195	31.4258409645474	0.200020615757602
29.325	4.9	-2.76750803528112e-05	0.816135413015706	-0.0548077955656218	31.4013867002262	0.199977859935718
29.475	4.9	-0.00010592959007576	0.818317344286745	-0.0577025125688111	31.3768782605536	0.199915256327939
29.625	4.9	-0.000199895889146493	0.820823396156115	-0.0606935888840305	31.352308463734	0.199840083288683
29.775	4.9	-0.000291693235534339	0.823665743249892	-0.0637287217738779	31.3276682357976	0.199766645411573
29.925	4.9	-0.000355689180184927	0.826840367637833	-0.0667326979519604	31.3029461809932	0.199715448655852
30.075	4.9	-0.000361883374143433	0.830327398274084	-0.0696117078357475	31.2781283973008	0.199710493300685
30.225	4.9	-0.000281440299040205	0.834096088087157	-0.0722626824431459	31.2531986527001	0.199774847760768
30.375	4.9	-9.35285932609192e-05	0.83811462858239	-0.0745864073443045	31.2281389715961	0.199925177125391
30.525	4.9	0.000207913506334008	0.842363526630427	-0.0765016316228817	31.2029305880288	0.200166330805067
30.675	4.9	0.000609123970457371	0.846849743678738	-0.0779563989511318	31.1775551266972	0.200487299176366
30.825	4.9	0.0010746628216564	0.85161780885594	-0.0789329302110237	31.1519958026533	0.200859730257325
30.975	4.9	0.0015496745105381	0.856754161696706	-0.0794437782423342	31.1262384096865	0.201239739608431
31.125	4.9	0.00196629472734939	0.862382185675813	-0.0795193108964429	31.1002719073308	0.20157303578188
31.275	4.9	0.0022532376967332	0.868647422450906	-0.079189072892336	31.0740885111352	0.201802590157387
31.425	4.9	0.00234676680014959	0.875694681664556	-0.0784613628054295	31.0476833173956	0.20187741344012
31.575	4.9	0.00220081129305681	0.883640588309822	-0.0773058835864199	31.0210536179459	0.201760649034445
31.725	4.9	0.00179408140145134	0.892546205562083	-0.0756435240722932	30.9941981478125	0.201435265121161
31.875	4.9	0.0011326517686389	0.90239466091516	-0.0733455603824472	30.9671165334808	0.200906121414911
32.025	4.9	0.000247494934129709	0.913078211513285	-0.0702423903729633	30.9398091644195	0.200197995947304
32.175	4.9	-0.000812368636751648	0.924397900784964	-0.0661399239593143	30.9122776050544	0.199350105090599
32.325	4.9	-0.00198932529067542	0.936076862775995	-0.0608404758654117	30.8845255188194	0.19840853976746
32.475	4.9	-0.00322663814362317	0.947785560280322	-0.0541648166618269	30.8565599120183	0.197418689485101
32.625	4.9	-0.00447504529311137	0.959174274396946	-0.0459729871845076	30.8283923438523	0.196419963765511
32.775	4.9	-0.0056940371751251	0.969905860861292	-0.0361831209040719	30.8000396191518	0.1954447702599
32.925	4.9	-0.0068467539214202	0.979681236271537	-0.0247888212998682	30.7715234354074	0.194522596862864
33.075	4.9	-0.00788986290032128	0.988252190288325	-0.0118752036281496	30.7428685776986	0.193688109679743
33.225	4.9	-0.00876289692257204	0.995421250737903	0.00236965155860824	30.7140996258202	0.192989682461942
33.375	4.9	-0.00938435640238038	1.00103565277193	0.017657290439807	30.6852367683698	0.192492514878096
33.525	4.9	-0.00966273827792809	1.00498955652788	0.0336313364449968	30.6562920647348	0.192269809377658
33.675	4.9	-0.00952774840793216	1.00725124040739	0.0499461411096022	30.6272680232318	0.192377801273654
33.825	4.9	-0.00897943072187858	1.00792528360047	0.0663956137804717	30.5981602310469	0.192816455422497
33.975	4.9	-0.00814201955873426	1.00734229648507	0.0830695235715134	30.5689646490774	0.193486384353013
34.125	4.9	-0.00729891389615506	1.00614783608682	0.100484913291046	30.5396881254211	0.194160868883076
34.275	4.9	-0.00688104623054096	1.00535168708261	0.119627929875747	30.5103582876536	0.194495163015567
34.425	4.9	-0.00738828385527895	1.00630561613289	0.14185614153436	30.4810273133409	0.194089372915777
34.575	4.9	-0.00924376586214009	1.01058885920062	0.1686371014977	30.4517643198546	0.192604987310288
34.725	4.9	-0.0126094054108616	1.01977122106942	0.20110893625768	30.4226339770203	0.189912475671311
34.875	4.9	-0.0172164970689915	1.03498868278151	0.239447304159126	30.3936641366911	0.186226802344807
35.025	4.9	-0.022276260090583	1.05625752300645	0.282075640251544	30.364811187163	0.182178991927534
35.175	4.9	-0.026523699542201	1.081599115419	0.324966565162644	30.3359357574639	0.178781040366239
35.325	4.9	-0.0284146130708332	1.10646467969165	0.361652570517481	30.3068003626289	0.177268309543333
35.475	4.9	-0.0264457724804368	1.12437771153213	0.384712251454938	30.2770934204624	0.178843382015651
35.625	4.9	-0.0195142689399348	1.12926579908023	0.388695739325176	30.2464741088509	0.184388584848052
35.775	4.9	-0.00719939667076284	1.11828487952609	0.372796183424734	30.2146263036795	0.19424048266339
35.925	4.9	0.010129814311659	1.09292336534758	0.341081064297037	30.1813092504246	0.208103851449327
36.075	4.9	0.0314070292707051	1.05767493048104	0.300158056835289	30.1463938351791	0.225125623416564
36.225	4.9	0.055109331084395	1.01773959014459	0.256345519627909	30.1098763319956	0.244087464867516
36.375	4.9	0.0795565491895349	0.977389427352578	0.214109193388897	30.071868592243	0.263645239351628
36.525	4.9	0.103186137428573	0.939426528455406	0.175897995748704	30.0325711111413	0.282548909942858
36.675	4.9	0.124750450946604	0.905338395212431	0.142665315813643	29.9922384097671	0.299800360757283
36.825	4.9	0.143416794394604	0.875684212995816	0.114476436113739	29.9511448778937	0.314733435515683
36.975	4.9	0.158777767398106	0.850457878844767	0.0909589528839152	29.9095562795322	0.327022213918485
37.125	4.9	0.170796030626796	0.829350168797638	0.0715729641103143	29.8677092923784	0.336636824501437
37.275	4.9	0.179713058087543	0.811914382412228	0.0557504278977261	29.825799337365	0.343770446470034
37.425	4.9	0.18594823270823	0.79766236495879	0.0429563419312452	29.7839756414573	0.348758586166584
37.575	4.9	0.190006907438224	0.78611636665173	0.0327090377179194	29.7423418577727	0.352005525950579
37.725	4.9	0.192407558251899	0.776834869169216	0.0245820158995299	29.7009604499268	0.35392604660152
37.875	4.9	0.193631191965338	0.76942379615613	0.0181994152370336	29.6598592295405	0.35490495357227
38.025	4.9	0.19409155034953	0.763539820742877	0.0132308257949898	29.6190387549311	0.355273240279624
38.175	4.9	0.194122228301456	0.758889533465139	0.00938747474925325	29.5784796496811	0.355297782641164
38.325	4.9	0.193976042777688	0.755226492299093	0.00641988434828984	29.5381492243782	0.35518083422215
38.475	4.9	0.193832235342639	0.752347201829453	0.00411630623603485	29.4980070570127	0.355065788274111
38.625	4.9	0.193807854288219	0.750086568329623	0.00230113906490354	29.4580093986962	0.355046283430575
38.775	4.9	0.193970587099267	0.748313160810512	0.000832798666901696	29.4181124225117	0.355176469679414
38.925	4.9	0.194351191071123	0.746924541534121	-0.000399126358252417	29.3782744306948	0.355480952856899
39.075	4.9	0.194954401436592	0.745842917139071	-0.00147730348028053	29.3384571881907	0.355963521149274
39.225	4.9	0.195767757257789	0.74501134137995	-0.00246038258683171	29.2986265693921	0.356614205806231
39.375	4.9	0.196768190374651	0.744390641486786	-0.00338671618841773	29.2587526998438	0.357414552299721
39.525	4.9	0.19792649903414	0.743957143719751	-0.00427784867265163	29.2188097550331	0.358341199227312
39.675	4.9	0.199210007680883	0.743701153297186	-0.00514166772092672	29.1787755513275	0.359368006144707
39.825	4.9	0.200583820004751	0.743626027564099	-0.00597522084769105	29.1386310348447	0.360467056003801
39.975	4.9	0.202011120773019	0.743747591792377	-0.00676727292437895	29.0983597458504	0.361608896618415
40.125	4.9	0.203452982701707	0.744093602060272	-0.00750070684474932	29.0579473110356	0.362762386161366
40.275	4.9	0.20486809336317	0.744702966592502	-0.00815485363692478	29.0173809946672	0.363894474690536
40.425	4.9	0.20621273880463	0.745624493009499	-0.00870779312236678	28.976649322587	0.364970191043704
40.575	4.9	0.20744127224005	0.746915022511533	-0.00913860772865382	28.935741780569	0.36595301779204
40.725	4.9	0.208507168994417	0.748636925519508	-0.00942951600604847	28.8946485806303	0.366805735195533
40.875	4.9	0.209364638164643	0.75085504688575	-0.00956777158955658	28.8533604852111	0.367491710531715
41.025	4.9	0.209970645025498	0.753633284485289	-0.00954719613955356	28.8118686789678	0.367976516020398
41.175	4.9	0.210287113063622	0.757031049781599	-0.00936922422701981	28.7701646800965	0.368229690450898
41.325	4.9	0.210283033077105	0.761099886573457	-0.00904337199045743	28.728240286231	0.368226426461684
41.475	4.9	0.209936213785491	0.765880514881718	-0.0085870931155332	28.6860875526725	0.367948971028393
41.625	4.9	0.209234459612142	0.77140052623726	-0.00802504596078226	28.6436988020166	0.367387567689713
41.775	4.9	0.208176044334266	0.777672893110534	-0.0073878542748314	28.6010666637579	0.366540835467413
41.925	4.9	0.20676944682554	0.784695378506451	-0.00671049171462536	28.5581841404282	0.365415557460432
42.075	4.9	0.205032408880186	0.792450851318209	-0.00603045056890288	28.5150446940058	0.364025927104149
42.225	4.9	0.202990449858986	0.800908437451086	-0.00538586441463648	28.4716423436776	0.362392359887189
42.375	4.9	0.200675019174332	0.810025373269562	-0.00481374319007948	28.4279717643953	0.360540015339465
42.525	4.9	0.198121482964814	0.819749381526368	-0.00434845081363211	28.3840283755264	0.358497186371852
42.675	4.9	0.195367128253888	0.830021365443567	-0.00402051590524414	28.3398084103532	0.35629370260311
42.825	4.9	0.192449335683792	0.840778211762992	-0.00385582193701749	28.2953089598663	0.353959468547034
42.975	4.9	0.189404027517271	0.851955510170324	-0.00387518072308398	28.2505279876527	0.351523222013817
43.125	4.9	0.186264451468117	0.86349002749647	-0.00409425779302672	28.2054643160821	0.349011561174494
43.275	4.9	0.183060319054211	0.875321816408757	-0.00452379294993905	28.1601175868862	0.346448255243369
43.425	4.9	0.179817283944961	0.887395883427635	-0.00517004532207364	28.1144882012607	0.343853827155968
43.575	4.9	0.1765567228613	0.899663384595709	-0.00603538873968448	28.0685772456705	0.34124537828904
43.725	4.9	0.173295768654435	0.912082354739309	-0.00711898825705764	28.0223864096579	0.338636614923548
43.875	4.9	0.170047540634575	0.92461800546137	-0.0084174993453332	27.9759179013283	0.33603803250766
44.025	4.9	0.166821518923696	0.93724264664068	-0.00992574480119796	27.929174365045	0.333457215138957
44.175	4.9	0.1636240150161	0.949935297439001	-0.0116373382447666	27.8821588044708	0.33089921201288
44.325	4.9	0.160458698511669	0.962681055648295	-0.0135452351577305	27.8348745126293	0.328366958809335
44.475	4.9	0.157327147749248	0.975470292093642	-0.0156422014507946	27.7873250093069	0.325861718199399
44.625	4.9	0.1542293992575	0.988297730406409	-0.0179211951157383	27.7395139849991	0.323383519406
44.775	4.9	0.151164476480524	1.0011614642536	-0.0203756588028566	27.6914452498229	0.320931581184419
44.925	4.9	0.148130881710769	1.01406195544829	-0.0229997212011962	27.6431226854759	0.318504705368615
45.075	4.9	0.145127036392233	1.027001048727	-0.025788304584527	27.5945501985193	0.316101629113786
45.225	4.9	0.142151654112916	1.03998103353905	-0.0287371370728145	27.5457316740947	0.313721323290333
45.375	4.9	0.13920402828888	1.05300378089457	-0.0318426735229863	27.4966709307077	0.311363222631104
45.525	4.9	0.136284213861638	1.0660699846176	-0.0351019406829391	27.4473716788961	0.309027371089311
45.675	4.9	0.133393080908643	1.07917854107807	-0.038512341282338	27.3978374892846	0.306714464726914
45.825	4.9	0.130532220189428	1.09232610801393	-0.0420714767973047	27.3480717783246	0.304425776151542
45.975	4.9	0.127703688859698	1.10550688828468	-0.045777075199139	27.2980778223118	0.302162951087759
46.125	4.9	0.124909601284702	1.11871268348475	-0.0496271295748422	27.247858811181	0.299927681027762
46.275	4.9	0.122151596730174	1.13193324887714	-0.0536203539695918	27.1974179520436	0.29772127738414
46.425	4.9	0.11943025269882	1.14515694829713	-0.0577570300763687	27.1467586273503	0.295544202159056
46.575	4.9	0.116744557210321	1.15837165015967	-0.0620402398318768	27.0958846030542	0.293395645768257
46.725	4.9	0.114091599381141	1.17156572185339	-0.0664773486666367	27.0448002678488	0.291273279504913
46.875	4.9	0.111466674878621	1.18472887503204	-0.071081428810709	26.9935108660663	0.289173339902896
47.025	4.9	0.108864016678876	1.19785250327597	-0.0758721155143325	26.9420226661471	0.287091213343101
47.175	4.9	0.106278334792543	1.2109290610418	-0.0808752145019069	26.8903429874948	0.285022667834034
47.325	4.9	0.103707264237756	1.22394999258658	-0.0861202871720377	26.8384799966863	0.282965811390204
47.475	4.9	0.101154666729853	1.2369017719442	-0.0916355023605822	26.7864421866688	0.280923733383882
47.625	4.9	0.0986345086688193	1.24975980256755	-0.0974393304040841	26.7342374776052	0.278907606935055
47.775	4.9	0.0961747663639784	1.26248028664449	-0.103529219724153	26.6818719319355	0.276939813091183
47.925	4.9	0.0938205357366367	1.27499073214291	-0.109868248376751	26.6293481612208	0.275056428589309
48.075	4.9	0.091635322192679	1.28718050191145	-0.116371811747917	26.5766636127552	0.273308257754143
48.225	4.9	0.0896994499762596	1.29889361987605	-0.122897488845919	26.5238090431031	0.271759559981008
48.375	4.9	0.0881047489899296	1.30992669266528	-0.129241944798157	26.4707675851753	0.270483799191944
48.525	4.9	0.0869452033610313	1.320034882629	-0.135148547095816	26.4175148585546	0.269556162688825
48.675	4.9	0.0863040573352808	1.32894791757155	-0.140327786117617	26.3640205239023	0.269043245868225
48.825	4.9	0.0862388478561101	1.33639587729463	-0.144489442513158	26.3102515201546	0.268991078284888
48.975	4.9	0.0867667552381112	1.34214125135229	-0.147381321990785	26.2561769534876	0.269413404190489
49.125	4.9	0.0878532800974108	1.34601057690719	-0.148825715427641	26.2017742671253	0.270282624077929
49.275	4.9	0.0894073581333957	1.34791738196276	-0.148743333605684	26.1470359722587	0.271525886506717
49.425	4.9	0.0912855312955851	1.3478693732965	-0.147156471209255	26.0919759285027	0.273028425036468
49.575	4.9	0.0933067715171956	1.34595679359015	-0.144168243370944	26.0366339766149	0.274645417213757
49.725	4.9	0.095278166603485	1.34232420021282	-0.139921147495643	25.9810776689646	0.276222533282788
49.875	4.9	0.0970300866542108	1.33713254388883	-0.134543813402051	25.9253999192941	0.277624069323369
50.025	4.9	0.0984577258051569	1.33052085829496	-0.128098410121397	25.8697116155468	0.278766180644126
50.175	4.9	0.09956405484779	1.32257681979263	-0.120542912707832	25.8141286539138	0.279651243878232
50.325	4.9	0.10049727277657	1.31332352748536	-0.111722974701728	25.758753539713	0.280397818221256
50.475	4.9	0.101574090946006	1.30272680590713	-0.1014071568143	25.7036527383962	0.281259272756805
50.625	4.9	0.103279263826962	1.29072331298219	-0.089374007408008	25.648832341504	0.282623411061569
50.775	4.9	0.106232644181281	1.2772645046415	-0.0755452555907203	25.5942161507607	0.284986115345024
50.925	4.9	0.111118648252555	1.26236551262093	-0.0601336735021489	25.5396315466702	0.288894918602044
51.075	4.9	0.118579847315799	1.24614369529732	-0.0437450954756915	25.4848088561564	0.294863877852639
51.225	4.9	0.129085929817797	1.22883308181103	-0.0273654009856649	25.4293987179632	0.303268743854238
51.375	4.9	0.142799660855956	1.21077002670794	-0.0122007497476307	25.3730088566182	0.314239728684765
51.525	4.9	0.159469678977799	1.19235756966946	0.000582929751546513	25.3152571045555	0.327575743182239
51.675	4.9	0.178382493599768	1.17402258363869	0.0101104997446707	25.2558326315112	0.342705994879814
51.825	4.9	0.198399971704701	1.15617702877906	0.0159330170118439	25.1945537312944	0.358719977363761
51.975	4.9	0.218092839252378	1.13918764622102	0.0180155485030498	25.1314094922336	0.374474271401903
52.125	4.9	0.23595724345009	1.12335361725588	0.0166238167173861	25.0665747921518	0.388765794760072
52.275	4.9	0.25067553182977	1.10889029013614	0.0121879994456137	25.0003930536909	0.400540425463816
52.425	4.9	0.261361928957992	1.095916877709	0.00520426336840414	24.9333281755707	0.409089543166394
52.575	4.9	0.267726569096949	1.0844466921791	-0.00380481191058489	24.8658946132359	0.414181255277559
52.725	4.9	0.270102241378239	1.07438221499961	-0.0142875422384547	24.7985809278963	0.416081793102591
52.875	4.9	0.269307618571342	1.06552525839778	-0.0256622015099268	24.7317853496876	0.415446094857073
53.025	4.9	0.266364313629633	1.05762069333424	-0.037373307519455	24.6657804356245	0.413091450903707
53.175	4.9	0.262133406362012	1.05045064237527	-0.0490442164779274	24.6007171296731	0.409706725089609
53.325	4.9	0.25697610539388	1.04397538745136	-0.0607129862475248	24.5366674278578	0.405580884315104
53.475	4.9	0.250557497058925	1.03848429780321	-0.0730721048470238	24.4736921914195	0.40044599764714
53.625	4.9	0.241890395608583	1.03470259666892	-0.0876042830426386	24.4119103636555	0.393512316486866
53.775	4.9	0.229656122578586	1.0338181778823	-0.106544755698786	24.3515417267125	0.383724898062869
53.925	4.9	0.21275195393006	1.03742266871412	-0.132655604892571	24.2928998311786	0.370201563144048
54.075	4.9	0.190926535709622	1.04734294695639	-0.168774498527605	24.2363250786329	0.352741228567697
54.225	4.9	0.165308771050163	1.06522848063246	-0.216956252630146	24.1820675198264	0.332247016840131
54.375	4.9	0.138639613669979	1.09158023810124	-0.276862664547309	24.1301493831501	0.310911690935983
54.525	4.9	0.115080318388956	1.12390179603221	-0.343277599193587	24.0802520025404	0.292064254711165
54.675	4.9	0.099567570631602	1.1545609674305	-0.404026654557347	24.0316739210222	0.279654056505282
54.825	4.9	0.0968027701333912	1.17120856207428	-0.442008815231124	23.9833887051332	0.277442216106713
54.975	4.9	0.110123655401904	1.16283137077229	-0.444024366408806	23.9341911113269	0.288098924321523
55.125	4.9	0.140646754759105	1.12763583290388	-0.410216356993065	23.8828855650073	0.312517403807284
55.275	4.9	0.186992845919775	1.07375747761198	-0.353268299336119	23.8284693644454	0.34959427673582
55.425	4.9	0.245623629829442	1.01262494296236	-0.288761549553419	23.7702717243749	0.396498903863553
55.575	4.9	0.311603888217382	0.953061704082461	-0.227646268689074	23.7080179604727	0.449283110573906
55.725	4.9	0.379557509159101	0.899778465444495	-0.174993785382839	23.6418133662814	0.503646007327281
55.875	4.9	0.444585951997331	0.854394871331075	-0.131925546315038	23.5720670109929	0.555668761597864
56.025	4.9	0.502934331151861	0.81682781482701	-0.0976651875816005	23.4993852042612	0.602347464921489
56.175	4.9	0.552281319971174	0.786260660472261	-0.0707977594429634	23.4244627619316	0.641825055976939
56.325	4.9	0.591673611375799	0.761670412833082	-0.0498645414787384	23.3479926665354	0.673338889100639
56.475	4.9	0.621233992708388	0.742069523231494	-0.0335854498268791	23.2706040690405	0.69698719416671
56.625	4.9	0.641793955651725	0.726595486203815	-0.0209097044535183	23.1928287800736	0.71343516452138
56.775	4.9	0.654559057791507	0.714528881623355	-0.0109995245826645	23.1150904379687	0.723647246233206
56.925	4.9	0.660856404604693	0.705282205495091	-0.00319438921985145	23.0377087228116	0.728685123683755
57.075	4.9	0.661970150924056	0.698379654522798	0.00302502611602033	22.960911842626	0.729576120739244
57.225	4.9	0.659049624404761	0.693436513219314	0.00806694978981507	22.8848523870669	0.727239699523809
57.375	4.9	0.653069294012728	0.690141240555053	0.0122517135954808	22.8096234741725	0.722455435210183
57.525	4.9	0.644822128431056	0.688240884421959	0.0158290857057325	22.7352734999766	0.715857702744845
57.675	4.9	0.634932457918402	0.68752947031051	0.0189912659907349	22.6618187126356	0.707945966334722
57.825	4.9	0.623878742635599	0.6878387208558	0.0218829484254226	22.5892533854042	0.699102994108479
57.975	4.9	0.612019937830184	0.689030482184919	0.0246095093526181	22.5175576798717	0.689615950264147
58.125	4.9	0.599621491063986	0.690990370562031	0.0272440043167136	22.4467034621846	0.679697192851188
58.275	4.9	0.586878657431898	0.693622314101533	0.0298333439578675	22.3766584153246	0.669502925945519
58.425	4.9	0.573935988104313	0.696843802749515	0.0324038068103005	22.3073888115474	0.65914879048345
58.575	4.9	0.560902668610801	0.700581757028151	0.0349659321313095	22.2388612904035	0.64872213488864
58.725	4.9	0.547863932192715	0.704768981300354	0.0375187961641394	22.1710439436227	0.638291145754172
58.875	4.9	0.534889100537066	0.70934118905303	0.0400536803891324	22.103906950234	0.627911280429652
59.025	4.9	0.522036953319905	0.714234587580655	0.0425571632948409	22.0374229433392	0.617629562655924
59.175	4.9	0.509359143969063	0.719383998065259	0.0450136893325691	21.9715672314461	0.60748731517525
59.325	4.9	0.496902306253231	0.724721471867271	0.0474076806667479	21.9063179472702	0.597521845002585
59.475	4.9	0.484709374813255	0.730175349001477	0.0497252574985968	21.8416561581516	0.587767499850604
59.625	4.9	0.472820505065382	0.735669691959602	0.0519556246667879	21.7775659454701	0.578256404052305
59.775	4.9	0.461273847446079	0.741124017947177	0.0540921720483605	21.7140344449592	0.569019077956863
59.925	4.9	0.450106322475272	0.746453246244689	0.0561333304964651	21.6510518338674	0.560085057980218
60.075	4.9	0.439354464192433	0.751567777056135	0.0580832284747196	21.588611252049	0.551483571353946
60.225	4.9	0.429055352433626	0.756373627488344	0.0599522084332339	21.5267086493263	0.543244281946901
60.375	4.9	0.419247637441053	0.760772573347639	0.0617572823382788	21.4653425576049	0.535398109952843
60.525	4.9	0.409972668271495	0.764662285030916	0.063522622636746	21.4045137899645	0.527978134617196
60.675	4.9	0.401275760692484	0.767936500926745	0.0652801831877692	21.3442250675467	0.521020608553987
60.825	4.9	0.393207668270014	0.770485345109543	0.0670705075527891	21.284480567052	0.514566134616011
60.975	4.9	0.385826336527637	0.772195952732629	0.0689436975712234	21.2252853678038	0.50866106922211
61.125	4.9	0.379199007900451	0.77295359478455	0.070960385197856	21.1666447613628	0.503359206320361
61.275	4.9	0.373404692030639	0.772643470150442	0.0731924000073006	21.1085633754065	0.498723753624512
61.425	4.9	0.36853691969279	0.771153240568121	0.0757227070040307	21.0510440658693	0.494829535754232
61.575	4.9	0.364706575356535	0.768376226241757	0.0786441828096042	20.9940865553994	0.491765260285228
61.725	4.9	0.36204449242257	0.76421499411104	0.0820569875379301	20.9376858454015	0.489635593938056
61.875	4.9	0.360703457612654	0.758584940718622	0.0860647273216644	20.8818304966387	0.488562766090123
62.025	4.9	0.360859376890147	0.751417526869601	0.0907702527647221	20.8265009383167	0.488687501512118
62.175	4.9	0.362711655933217	0.742663211594528	0.096272616317046	20.7716679904998	0.490169324746573
62.325	4.9	0.366483333791392	0.732294960280135	0.102667049306038	20.7172917208349	0.493186667033114
62.475	4.9	0.372422057969506	0.720314404458614	0.110049317236226	20.6633205572768	0.497937646375605
62.625	4.9	0.380803330519983	0.706763945239708	0.118524024651727	20.6096902230736	0.504642664415986
62.775	4.9	0.391937165407468	0.691748570159276	0.128213309330735	20.5563215851457	0.513549732325975
62.925	4.9	0.40617789003311	0.675469843669236	0.139258594904331	20.5031160351616	0.524942312026488
63.075	4.9	0.423933952362726	0.658270426400069	0.151805332326124	20.4499467747144	0.53914716189018
63.225	4.9	0.445670383678517	0.640680243683734	0.165961340653514	20.3966446455172	0.556536306942814
63.375	4.9	0.471891989537546	0.623446270450406	0.181725654265978	20.3429782296896	0.577513591630037
63.525	4.9	0.503092492191722	0.607520498825917	0.198897179911631	20.2886300370669	0.602473993753378
63.675	4.9	0.539656852963881	0.593981383657774	0.21698807929025	20.2331736393257	0.631725482371105
63.825	4.9	0.581714230166615	0.583879903914473	0.235178784122484	20.176060084234	0.665371384133292
63.975	4.9	0.628959179870254	0.578033844382194	0.252351083018431	20.1166245453754	0.703167343896204
64.125	4.9	0.680485717307708	0.576831218683603	0.26721670612308	20.0541237273234	0.744388573846166
64.275	4.9	0.734701910203493	0.580120667064937	0.278523480043924	19.9878085749079	0.787761528162795
64.425	4.9	0.789394091927365	0.587241156600398	0.28528308232456	19.9170247043618	0.831515273541892
64.575	4.9	0.841974229008814	0.597181759563739	0.286945792514415	19.8413185776183	0.873579383207051
64.725	4.9	0.889874677178001	0.608803872180373	0.283465592751825	19.7605190024073	0.911899741742401
64.875	4.9	0.930983054083591	0.62104289235528	0.275246984489495	19.6747681494748	0.944786443266873
65.025	4.9	0.96398148585065	0.633037107390751	0.263011785082545	19.5844931307925	0.97118518868052
65.175	4.9	0.988491881874919	0.644176600167687	0.247642255134019	19.4903292707006	0.990793505499935
65.325	4.9	1.00500939075115	0.654093898700148	0.230045415108114	19.3930193332411	1.00400751260092
65.475	4.9	1.01468004741018	0.662624433044773	0.211059544186646	19.2933147142294	1.01174403792814
65.625	4.9	1.01901080160437	0.669758312445436	0.191403280293039	19.1918974373871	1.01520864128349
65.775	4.9	1.01959078462244	0.675595546848372	0.171656959195217	19.0893313863214	1.01567262769795
65.925	4.9	1.01787338099545	0.680309266709335	0.15226398791634	18.9860422660907	1.01429870479636
66.075	4.9	1.01503917237875	0.684116814702868	0.133543079015246	18.8823203438986	1.012031337903
66.225	4.9	1.01193837743195	0.687256620838547	0.115706117438984	18.7783379695136	1.00955070194556
66.375	4.9	1.00909831256378	0.689968857891388	0.0988790308535135	18.6741742227062	1.00727865005102
66.525	4.9	1.00677488567945	0.692478976631684	0.0831238760545746	18.5698406995906	1.00541990854356
66.675	4.9	1.00502592267203	0.694984302737974	0.0684601928951516	18.4653045779036	1.00402073813763
66.825	4.9	1.00378714827148	0.697644338810625	0.054883507563011	18.3605071038055	1.00302971861718
66.975	4.9	1.00293739133287	0.70057523366094	0.042379253391874	18.2553771764518	1.0023499130663
67.125	4.9	1.00234616716557	0.703848385250066	0.0309312971640773	18.1498406464426	1.00187693373246
67.275	4.9	1.00190250488044	0.70749267284474	0.0205253456211257	18.043826337848	1.00152200390435
67.425	4.9	1.00152773551293	0.711499530274379	0.0111483794253541	17.9372698026105	1.00122218841034
67.575	4.9	1.00117675729521	0.715829970038708	0.00278571220712787	17.8301156028264	1.00094140583616
67.725	4.9	1.00083246365213	0.720422675439644	-0.00458271573575819	17.7223186456503	1.00066597092171
67.875	4.9	1.00049721484951	0.725202338479566	-0.0109855187770327	17.6138448660335	1.00039777187961
68.025	4.9	1.00018406425462	0.73008751816242	-0.0164617270898566	17.5046714045824	1.0001472514037
68.175	4.9	0.999909327052395	0.734997433146878	-0.02106105189724	17.3947863586666	0.999927461641916
68.325	4.9	0.99968720283623	0.739857286289857	-0.0248427067972046	17.2841881692959	0.999749762268984
68.475	4.9	0.999526571736475	0.744601932417228	-0.0278732068140738	17.1728847148479	0.99962125738918
68.625	4.9	0.999429730914237	0.74917791460329	-0.0302236652429279	17.0608921933206	0.999543784731389
68.775	4.9	0.999392655424346	0.753544073707932	-0.0319670648489717	16.9482338763939	0.999514124339477
68.925	4.9	0.999406296313358	0.757671054277776	-0.0331758486506101	16.8349388098317	0.999525037050687
69.075	4.9	0.999458431653898	0.761540076453246	-0.0339200149497614	16.7210405198204	0.999566745323118
69.225	4.9	0.999535641363608	0.76514132460415	-0.0342657583529221	16.6065757691421	0.999628513090887
69.375	4.9	0.999625069289659	0.768472238011726	-0.0342745999579363	16.4915833944416	0.999700055431727
69.525	4.9	0.999715751156339	0.771535901214778	-0.0340029018875305	16.3761032474676	0.999772600925072
69.675	4.9	0.999799407260559	0.774339643934775	-0.0335016551655896	16.2601752580493	0.999839525808448
69.825	4.9	0.999870706652073	0.776893888431888	-0.0328164495810165	16.1438386327529	0.999896565321658
69.975	4.9	0.999927090806002	0.779211233089805	-0.0319875634762432	16.027131198858	0.999941672644802
70.125	4.9	0.999968291871243	0.781305735112981	-0.0310501383451132	15.9100888976328	0.999974633496995
70.275	4.9	0.999995693389889	0.78319234781702	-0.0300344214880625	15.7927454240304	0.999996554711911
70.425	4.9	1.00001166622005	0.784886472510409	-0.0289660685825228	15.6751320027928	1.00000933297604
70.575	4.9	1.00001897929748	0.786403595038756	-0.0278664990026263	15.5572772846877	1.00001518343798
70.725	4.9	1.00002034465708	0.787758987869454	-0.0267532935169143	15.4392073421969	1.00001627572566
70.875	4.9	1.00001811796779	0.788967467268254	-0.0256406198801811	15.3209457419312	1.00001449437424
71.025	4.9	1.00001414581958	0.7900432005641	-0.0245396690797653	15.2025136713489	1.00001131665566
71.175	4.9	1.00000973186013	0.790999560872671	-0.0234590846195971	15.0839300995776	1.0000077854881
71.325	4.9	1.00000568545388	0.791849026782706	-0.0224053692100533	14.9652119556018	1.0000045483631
71.475	4.9	1.00000241674484	0.792603123425541	-0.0213832569031871	14.8463743110681	1.00000193339588
71.625	4.9	1.00000004788728	0.793272399939265	-0.0203960431560493	14.7274305588602	1.00000003830983
71.775	4.9	0.999998518794741	0.793866437210661	-0.0194458696614986	14.6083925819804	0.999998815035793
71.925	4.9	0.999997674641486	0.794393879229177	-0.0185339644493476	14.4892709099196	0.999998139713189
72.075	4.9	0.999997329938483	0.794862481471786	-0.0176608404133507	14.3700748615638	0.999997863950787
72.225	4.9	0.999997309521411	0.795279170337295	-0.0168264570133428	14.2508126748501	0.999997847617129
72.375	4.9	0.999997470108358	0.795650108585682	-0.0160303505676611	14.1314916239991	0.999997976086686
72.525	4.9	0.999997707515398	0.79598076281407	-0.0152717385191439	14.0121181253859	0.999998166012319
72.675	4.9	0.999997954671965	0.796275970064761	-0.014549602579155	13.8926978331145	0.999998363737572
72.825	4.9	0.999998174800561	0.796540001603509	-0.0138627549491973	13.7732357252559	0.999998539840449
72.975	4.9	0.999998352984648	0.79677662267392	-0.0132098910577056	13.6537361815712	0.999998682387718
73.125	4.9	0.999998488182585	0.796989147616998	-0.0125896315393415	13.5342030534221	0.999998790546068
73.275	4.9	0.999998586756033	0.797180490152905	-0.0120005555806384	13.4146397264788	0.999998869404826
73.425	4.9	0.99999865785514	0.797353208890013	-0.0114412272771205	13.2950491767797	0.999998926284112
73.575	4.9	0.999998710545056	0.797509548284154	-0.0109102162853047	13.1754340206686	0.999998968436045
73.725	4.9	0.999998752326263	0.79765147535449	-0.0104061137873691	13.0557965591173	0.999999001861011
73.875	4.9	0.99999878863264	0.797780712494531	-0.00992754459423724	12.9361388169313	0.999999030906112
74.025	4.9	0.99999882292366	0.797898766721233	-0.00947317607099903	12.8164625773259	0.999999058338928
74.175	4.9	0.999998857068847	0.79800695569218	-0.00904172446083388	12.6967694123405	0.999999085655077
74.325	4.9	0.999998891817171	0.798106430801386	-0.00863195909730097	12.5770607095356	0.999999113453737
74.475	4.9	0.999998927229189	0.798198197642452	-0.00824270492141952	12.4573376953897	0.999999141783351
74.625	4.9	0.999998963015219	0.798283134104652	-0.00787284365667838	12.337601455774	0.999999170412175
74.775	4.9	0.9999989987668	0.798362006347346	-0.00752131393833672	12.217852953856	0.99999919901344
74.925	4.9	0.999999034093534	0.798435482876784	-0.00718711064293867	12.0980930457379	0.999999227274827
75.075	4.9	0.999999068688109	0.798504146931006	-0.00686928362001736	11.9783224941102	0.999999254950487
75.225	4.9	0.999999102343767	0.798568507359699	-0.00656693598922876	11.8585419801631	0.999999281875014
75.375	4.9	0.999999134944895	0.798629008169225	-0.00627922213396374	11.7387521139719	0.999999307955916
75.525	4.9	0.999999166445912	0.798686036886064	-0.00600534549480832	11.6189534435474	0.99999933315673
75.675	4.9	0.999999196848199	0.798739931876753	-0.00574455624384037	11.4991464627159	0.999999357478559
75.825	4.9	0.999999226180209	0.798790988748385	-0.0054961489024286	11.3793316179781	0.999999380944167
75.975	4.9	0.999999254482795	0.798839465939345	-0.00525945995056896	11.2595093144731	0.999999403586236
76.125	4.9	0.999999281799754	0.798885589599093	-0.00503386546370709	11.1396799211621	0.999999425439803
76.275	4.9	0.999999308172678	0.798929557843541	-0.00481877880403547	11.0198437753312	0.999999446538142
76.425	4.9	0.99999933363884	0.798971544463024	-0.00461364838557687	10.9000011864991	0.999999466911072
76.575	4.9	0.999999358230955	0.799011702150996	-0.00441795552649916	10.7801524398076	0.999999486584764
76.725	4.9	0.999999381977857	0.799050165312839	-0.00423121239792351	10.6602977989612	0.999999505582285
76.875	4.9	0.999999404905526	0.799087052508094	-0.00405296007432434	10.5404375087747	0.999999523924421
77.025	4.9	0.999999427038056	0.799122468571705	-0.00388276668823141	10.4205717973798	0.999999541630445
77.175	4.9	0.999999448398411	0.799156506455416	-0.00372022568969681	10.3007008781362	0.999999558718729
77.325	4.9	0.99999946900893	0.799189248824998	-0.00356495420929336	10.1808249512858	0.999999575207144
77.475	4.9	0.999999488891622	0.799220769444158	-0.00341659152216381	10.0609442053844	0.999999591113298
77.625	4.9	0.999999508068283	0.799251134373101	-0.00327479760986965	9.94105881854047	0.999999606454627
77.775	4.9	0.999999526560506	0.799280403005427	-0.00313925181602267	9.82116895948765	0.999999621248404
77.925	4.9	0.999999544389646	0.799308628964373	-0.00300965159137759	9.70127478851232	0.999999635511717
78.075	4.9	0.999999561576752	0.799335860876808	-0.0028857113237164	9.58137645825701	0.999999649261402
78.225	4.9	0.99999957814251	0.79936214304125	-0.00276716124778608	9.46147411441604	0.999999662514008
78.375	4.9	0.999999594107193	0.799387516003418	-0.00265374643058199	9.34156789633848	0.999999675285755
78.525	4.9	0.999999609490612	0.799412017052029	-0.00254522582723038	9.22165793755106	0.99999968759249
78.675	4.9	0.999999624312107	0.799435680645337	-0.00244137140291075	9.10174436621245	0.999999699449685
78.825	4.9	0.999999638590521	0.799458538777554	-0.00234196731640665	8.98182730550824	0.999999710872417
78.975	4.9	0.999999652344211	0.799480621293533	-0.00224680916105195	8.86190687399524	0.999999721875369
79.125	4.9	0.999999665591026	0.799501956158556	-0.00215570325902612	8.74198318590209	0.999999732472821
79.275	4.9	0.999999678348326	0.799522569689385	-0.00206846600520879	8.62205635139261	0.999999742678661
79.425	4.9	0.999999690632985	0.799542486752076	-0.00198492325703894	8.5021264767971	0.999999752506388
79.575	4.9	0.999999702461393	0.799561730930896	-0.00190490976691872	8.38219366481634	0.999999761969115
79.725	4.9	0.99999971384946	0.79958032467264	-0.00182826865414934	8.26225801470224	0.999999771079568
79.875	4.9	0.99999972481263	0.799598289409606	-0.00175485091333231	8.1423196224185	0.999999779850104
80.025	4.9	0.999999735365881	0.799615645664514	-0.00168451495659619	8.02237858078438	0.999999788292705
80.175	4.9	0.999999745523738	0.799632413139657	-0.00161712618707475	7.90243497960393	0.999999796418991
80.325	4.9	0.999999755300276	0.799648610792762	-0.0015525566012488	7.78248890578295	0.999999804240221
80.475	4.9	0.999999764709129	0.799664256901584	-0.00149068441811735	7.66254044343548	0.999999811767303
80.625	4.9	0.999999773763497	0.79967936911862	-0.00143139373295314	7.54258967398138	0.999999819010798
80.775	4.9	0.99999978247616	0.799693964517704	-0.00137457419400287	7.42263667623645	0.999999825980928
80.925	4.9	0.999999790859483	0.799708059633576	-0.00132012070029758	7.30268152649595	0.999999832687587
81.075	4.9	0.999999798925425	0.799721670495529	-0.00126793311898457	7.18272429861288	0.99999983914034
81.225	4.9	0.999999806685553	0.799734812656072	-0.00121791602078766	7.06276506407147	0.999999845348443
81.375	4.9	0.999999814151053	0.799747501215429	-0.00116997843219829	6.94280389205673	0.999999851320843
81.525	4.9	0.999999821332738	0.799759750842468	-0.00112403360308346	6.82284084952071	0.99999985706619
81.675	4.9	0.999999828241058	0.799771575792766	-0.00107999878881056	6.70287600124569	0.999999862592846
81.825	4.9	0.999999834886102	0.799782989924221	-0.0010377950454377	6.58290940990505	0.999999867908881
81.975	4.9	0.999999841277597	0.799794006710671	-0.000997347037432733	6.4629411361218	0.999999873022077
82.125	4.9	0.999999847424912	0.799804639253866	-0.000958582856630505	6.34297123852529	0.999999877939929
82.275	4.9	0.999999853337061	0.79981490029418	-0.000921433851868513	6.22299977380623	0.999999882669649
82.425	4.9	0.999999859022747	0.79982480222024	-0.00088583446838118	6.10302679677015	0.999999887218198
82.575	4.9	0.99999986449042	0.799834357077762	-0.000851722096325589	5.9830523603895	0.999999891592336
82.725	4.9	0.999999869748361	0.799843576577821	-0.000819036927716234	5.86307651585451	0.999999895798688
82.875	4.9	0.999999874804727	0.799852472104668	-0.000787721821169176	5.74309931262272	0.999999899843781
83.025	4.9	0.999999879667481	0.799861054723388	-0.000757722173951951	5.62312079846753	0.999999903733985
83.175	4.9	0.999999884344166	0.799869335187456	-0.000728985800724179	5.50314101952546	0.999999907475333
83.325	4.9	0.999999888841513	0.799877323946406	-0.000701462818572756	5.38316002034241	0.999999911073211
83.475	4.9	0.9999998931651	0.799885031153751	-0.000675105537882388	5.26317784391877	0.99999991453208
83.625	4.9	0.99999989731942	0.799892466675301	-0.000649868358671072	5.14319453175335	0.999999917855536
83.775	4.9	0.999999901308787	0.799899640097915	-0.00062570767200045	5.02321012388595	0.99999992104703
83.925	4.9	0.999999905139255	0.799906560738811	-0.000602581766230906	4.90322465893849	0.999999924111404
84.075	4.9	0.999999908820898	0.799913237655518	-0.000580450737682114	4.78323817415447	0.999999927056718
84.225	4.9	0.99999991236883	0.799919679656809	-0.000559276405553433	4.66325070543664	0.999999929895064
84.375	4.9	0.999999915800513	0.799925895315009	-0.000539022230747914	4.54326228738299	0.999999932640411
84.525	4.9	0.999999919127598	0.799931892980214	-0.000519653238486198	4.42327295332124	0.999999935302078
84.675	4.9	0.999999922343655	0.799937680797262	-0.000501135944725139	4.30328273534212	0.999999937874924
84.825	4.9	0.99999992541458	0.79994326672528	-0.000483438286414145	4.18329166433117	0.999999940331664
84.975	4.9	0.999999928283803	0.799948658559287	-0.000466529556038768	4.06329976999794	0.999999942627042
85.125	4.9	0.999999930904408	0.799953863951792	-0.000450380340784562	3.94330708090035	0.999999944723526
85.275	4.9	0.999999933298656	0.799958890432327	-0.000434962466832189	3.82331362446124	0.999999946638925
85.425	4.9	0.999999935619702	0.799963745423916	-0.000420248949071107	3.70331942697542	0.999999948495762
85.575	4.9	0.999999938158817	0.799968436259643	-0.000406213946179001	3.58332451360942	0.999999950527054
85.725	4.9	0.999999941227844	0.799972970208012	-0.000392832720987749	3.46332890840225	0.999999952982275
85.875	4.9	0.999999944885187	0.799977354519918	-0.000380081605902712	3.34333263428005	0.99999995590815
86.025	4.9	0.999999948588706	0.799981596506122	-0.000367937973634133	3.22333571309536	0.999999958870965
86.175	4.9	0.99999995102865	0.799985703637526	-0.000356380214270648	3.10333816568521	0.99999996082292
86.325	4.9	0.999999950517367	0.799989683631101	-0.000345387720921034	2.98334001191236	0.999999960413894
86.475	4.9	0.999999946213615	0.799993544456086	-0.000334940886993495	2.86334127062282	0.999999956970892
86.625	4.9	0.999999939969462	0.799997294195994	-0.000325021118537565	2.74334195945015	0.999999951975569
86.775	4.9	0.99999993772073	0.800000940765729	-0.000315610864508452	2.62334209445973	0.999999950176584
86.925	4.9	0.999999948498996	0.800004491620939	-0.000306693665901994	2.503341689771	0.999999958799197
87.075	4.9	0.999999979183177	0.800007953762029	-0.000298254222095377	2.38334075747863	0.999999983346542
87.225	4.9	1.00000002505275	0.800011334397149	-0.000290278469223417	2.26333930828118	1.0000000200422
87.375	4.9	1.00000006042558	0.800014642403562	-0.000282753661657861	2.1433373530172	1.00000004834046
87.525	4.9	1.0000000387397	0.800017890091649	-0.000275668444166761	2.02333490465313	1.00000003099176
87.675	4.9	0.999999913395481	0.800021093865153	-0.000269012899989107	1.9033319792746	0.999999930716385
87.825	4.9	0.999999683828108	0.80002427175151	-0.000262778561994925	1.78332859387446	0.999999747062486
87.975	4.9	0.999999451777292	0.800027436408171	-0.000256958383787162	1.66332475923882	0.999999561421834
88.125	4.9	0.999999444541143	0.800030584978644	-0.000251546687849961	1.54332046902892	0.999999555632914
88.275	4.9	0.999999942465871	0.800033691917748	-0.000246539135529143	1.42331569124495	0.999999953972696
88.425	4.9	1.00000106669568	0.80003671533269	-0.000241932783136758	1.30331037338251	1.00000085335654
88.575	4.9	1.00000246793011	0.800039626747978	-0.000237726270931881	1.18330447274781	1.00000197434409
88.725	4.9	1.00000310356459	0.800042463028065	-0.000233920105287146	1.0632980124469	1.00000248285167
88.875	4.9	1.00000142922116	0.800045375809711	-0.000230516832626561	0.943291138916926	1.00000114337693
89.025	4.9	0.999996315113073	0.800048626546177	-0.000227520726737134	0.823284126311824	0.999997052090459
89.175	4.9	0.999988657568494	0.800052466329271	-0.000224936571512953	0.703277259570182	0.999990926054795
89.325	4.9	0.999982935550114	0.800056879897177	-0.000222767433597116	0.583270565422199	0.999986348440091
89.475	4.9	0.999987112829138	0.80006128230624	-0.000221012124833134	0.463263473373305	0.99998969026331
89.625	4.9	1.00000899026571	0.800064410156455	-0.000219664186333187	0.343254656468964	1.00000719221257
89.775	4.9	1.00004832715646	0.800054492968058	-0.000218714999795659	0.223242425317783	1.00003866172516
89.925	4.9	1.00008739787572	0.400086234811241	-0.000218184833965787	0.103229030264945	1.00006991830058
0.075	5.1	8.16764223041998e-31	0.399999996254894	-3.32544954352711e-05	36.0880281071432	0.2
0.225	5.1	5.10018331382139e-30	0.799999991628228	-3.3266453334154e-05	36.0640281073679	0.2
0.375	5.1	-5.29986183387007e-30	0.79999999549188	-3.32914037617783e-05	36.0400281076455	0.2
0.525	5.1	5.14818705279663e-30	0.800000013180831	-3.33313670946511e-05	36.0160281076384	0.2
0.675	5.1	-1.92355339310003e-29	0.800000049563307	-3.33892552894953e-05	35.9920281068547	0.2
0.825	5.1	-2.33492931935551e-30	0.800000108898346	-3.34687410959119e-05	35.9680281046646	0.2
0.975	5.1	-3.72534204479834e-29	0.800000194727839	-3.35740988058244e-05	35.9440281003208	0.2
1.125	5.1	-2.99012253926594e-30	0.80000030981192	-3.37100326152819e-05	35.9200280929809	0.2
1.275	5.1	-3.29693617859733e-29	0.800000456105965	-3.38814993533202e-05	35.896028081732	0.2
1.425	5.1	3.85747294728437e-29	0.800000634778071	-3.40935410266583e-05	35.8720280656146	0.2
1.575	5.1	2.75571347334959e-29	0.800000846259591	-3.43511331396911e-05	35.8480280436454	0.2
1.725	5.1	1.37643104472747e-28	0.800001090324187	-3.46590588358542e-05	35.824028014839	0.2
1.875	5.1	1.17650574178721e-28	0.800001366185114	-3.50218084001917e-05	35.8000279782259	0.2
2.025	5.1	2.05781948992376e-28	0.800001672605035	-3.5443510784809e-05	35.7760279328679	0.2
2.175	5.1	7.87470936764574e-29	0.800002008008422	-3.5927892256345e-05	35.7520278778696	0.2
2.325	5.1	3.51535216877706e-29	0.800002370591782	-3.64782618440503e-05	35.7280278123874	0.2
2.475	5.1	-2.90287052614822e-28	0.800002758426918	-3.70975189913558e-05	35.7040277356341	0.2
2.625	5.1	-4.70415249897318e-28	0.800003169551073	-3.77881795991947e-05	35.6800276468818	0.2
2.775	5.1	-8.63377381208502e-28	0.800003602044099	-3.85524161366832e-05	35.656027545461	0.2
2.925	5.1	-8.57680516810123e-28	0.800004054092754	-3.93921058324165e-05	35.6320274307591	0.2
3.075	5.1	-8.35614335246156e-28	0.800004524038838	-4.0308886051516e-05	35.6080273022155	0.2
3.225	5.1	-8.26421043347731e-29	0.800005010413036	-4.13042091513199e-05	35.5840271593168	0.2
3.375	5.1	7.70970912339454e-28	0.800005511958929	-4.23793994931925e-05	35.5600270015907	0.2
3.525	5.1	2.29253507742524e-27	0.800006027645532	-4.35357052547048e-05	35.5360268285992	0.2
3.675	5.1	3.30402305479712e-27	0.800006556669751	-4.47743479256771e-05	35.512026639932	0.2
3.825	5.1	4.1240307691685e-27	0.800007098453428	-4.60965659475767e-05	35.4880264351991	0.2
3.975	5.1	3.14909594067376e-27	0.800007652635355	-4.75036533723685e-05	35.4640262140248	0.2
4.125	5.1	1.05854361586165e-27	0.800008219058514	-4.89969931375696e-05	35.4400259760409	0.2
4.275	5.1	-3.25301993464577e-27	0.800008797755858	-5.05780847653309e-05	35.4160257208812	0.2
4.425	5.1	-7.54469525688048e-27	0.800009388934506	-5.22485684168286e-05	35.3920254481756	0.2
4.575	5.1	-1.16195991295215e-26	0.800009992959253	-5.40102430640794e-05	35.3680251575452	0.2
4.725	5.1	-1.16783054710642e-26	0.800010610337141	-5.58650823678788e-05	35.344024848598	0.2
4.875	5.1	-7.88663045178569e-27	0.80001124170079	-5.78152468381991e-05	35.320024520925	0.2
5.025	5.1	1.90026531001125e-27	0.800011887796435	-5.98630931442394e-05	35.296024174096	0.2
5.175	5.1	1.27168265381852e-26	0.800012549470123	-6.2011182019493e-05	35.2720238076572	0.2
5.325	5.1	2.15186568414389e-26	0.800013227654373	-6.42622837272976e-05	35.2480234211278	0.2
5.475	5.1	1.81967998049436e-26	0.800013923361675	-6.66193830591001e-05	35.2240230139979	0.2
5.625	5.1	6.49644475432398e-28	0.800014637673025	-6.90856840109158e-05	35.2000225857261	0.2
5.775	5.1	-3.29560266047718e-26	0.800015371732315	-7.16646116089593e-05	35.1760221357375	0.2
5.925	5.1	-6.46889679122985e-26	0.800016126739234	-7.43598167093971e-05	35.1520216634221	0.2
6.075	5.1	-7.14182036543273e-26	0.800016903945624	-7.71751780003444e-05	35.1280211681332	0.2
6.225	5.1	-1.27950641153365e-26	0.80001770465106	-8.0114806130806e-05	35.1040206491854	0.2
6.375	5.1	1.31872914402092e-25	0.800018530200206	-8.31830461813477e-05	35.0800201058541	0.2
6.525	5.1	3.59479302334094e-25	0.800019381980976	-8.63844824782024e-05	35.0560195373734	0.2
6.675	5.1	5.88862532757041e-25	0.800020261423363	-8.97239424378e-05	35.0320189429352	0.2
6.825	5.1	6.73152787137554e-25	0.800021169999231	-9.32065017382075e-05	35.008018321688	0.2
6.975	5.1	3.88059585321735e-25	0.800022109221293	-9.68374889555988e-05	34.9840176727353	0.2
7.125	5.1	-4.57745036928843e-25	0.800023080645032	-0.000100622492131036	34.9600169951347	0.2
7.275	5.1	-1.92414178569181e-24	0.800024085868603	-0.000104567365673139	34.9360162878966	0.2
7.425	5.1	-3.72206016395516e-24	0.800025126534392	-0.00010867823628793	34.9120155499826	0.2
7.575	5.1	-5.11715698056384e-24	0.800026204330628	-0.000112961512104056	34.8880147803045	0.2
7.725	5.1	-4.87147133682597e-24	0.800027320993061	-0.000117423890359251	34.8640139777228	0.2
7.875	5.1	-1.55975687113661e-24	0.800028478307116	-0.00012207236681777	34.8400131410449	0.2
8.025	5.1	5.88283701221528e-24	0.800029678110088	-0.000126914245565293	34.8160122690243	0.2
8.175	5.1	1.71433522287513e-23	0.80003092229297	-0.00013195714943845	34.7920113603583	0.2
8.325	5.1	2.95286415631699e-23	0.800032212803781	-0.000137209030483717	34.7680104136868	0.2
8.475	5.1	3.71213298907465e-23	0.80003355164976	-0.000142678183420461	34.7440094275901	0.2
8.625	5.1	3.11111115897447e-23	0.800034940899182	-0.000148373256423484	34.7200084005878	0.2
8.775	5.1	1.7552892401995e-24	0.800036382685643	-0.000154303264682235	34.6960073311361	0.2
8.925	5.1	-5.70240748348112e-23	0.800037879209609	-0.000160477605318419	34.6720062176266	0.2
9.075	5.1	-1.40874686833541e-22	0.800039432741924	-0.000166906071137018	34.6480050583836	0.2
9.225	5.1	-2.27135344292305e-22	0.800041045626427	-0.000173598865888917	34.6240038516621	0.2
9.375	5.1	-2.69811466743195e-22	0.800042720283262	-0.000180566621045002	34.600002595646	0.2
9.525	5.1	-2.02653778193093e-22	0.800044459210998	-0.00018782041205859	34.5760012884451	0.2
9.675	5.1	4.2555720865337e-23	0.800046264990558	-0.000195371776970487	34.5519999280933	0.2
9.825	5.1	4.98603653488547e-22	0.800048140288518	-0.00020323273428999	34.5279985125457	0.2
9.975	5.1	1.10906830730822e-21	0.800050087858498	-0.000211415802570487	34.503997039676	0.2
10.125	5.1	1.67522398906784e-21	0.800052110546033	-0.000219934020757848	34.4799955072742	0.2
10.275	5.1	1.83606566425779e-21	0.800054211291444	-0.000228800970157243	34.4559939130432	0.2
10.425	5.1	1.12620743758254e-21	0.800056393131204	-0.000238030795326554	34.4319922545967	0.2
10.575	5.1	-8.50012339488064e-22	0.800058659203407	-0.000247638229051006	34.4079905294554	0.2
10.725	5.1	-4.1235463512594e-21	0.800061012749988	-0.000257638614683845	34.3839887350445	0.2
10.875	5.1	-8.01021390815279e-21	0.800063457118531	-0.000268047933221301	34.3599868686904	0.2
11.025	5.1	-1.08614352615659e-20	0.800065995767128	-0.000278882829199196	34.3359849276174	0.2
11.175	5.1	-1.01555884521126e-20	0.800068632267364	-0.00029016063809458	34.3119829089443	0.2
11.325	5.1	-3.17932443199544e-21	0.800071370305947	-0.000301899416036714	34.2879808096813	0.2
11.475	5.1	1.157432189679e-20	0.800074213688541	-0.000314117968579416	34.263978626726	0.2
11.625	5.1	3.24759675578351e-20	0.800077166343046	-0.000326835884945316	34.23997635686	0.2
11.775	5.1	5.29515110836156e-20	0.800080232322178	-0.000340073568071324	34.2159739967454	0.2
11.925	5.1	6.09538561060138e-20	0.800083415805187	-0.000353852271337288	34.1919715429207	0.2
12.075	5.1	4.11409936770456e-20	0.800086721102009	-0.000368194133391373	34.1679689917971	0.2
12.225	5.1	-1.91433194902013e-20	0.800090152656162	-0.000383122216648051	34.1439663396546	0.2
12.375	5.1	-1.20223855087788e-19	0.800093715044192	-0.000398660546236727	34.1199635826377	0.2
12.525	5.1	-2.39191621988065e-19	0.80009741298179	-0.000414834151026731	34.0959607167519	0.2
12.675	5.1	-3.22927007939107e-19	0.800101251322873	-0.000431669107682783	34.0719577378588	0.2
12.825	5.1	-2.925447667358e-19	0.800105235063025	-0.000449192584878885	34.0479546416725	0.2
12.975	5.1	-6.65622154604747e-20	0.800109369340839	-0.000467432890561635	34.023951423755	0.2
13.125	5.1	3.94233236699538e-19	0.800113659438752	-0.000486419521461984	33.9999480795121	0.2
13.275	5.1	1.02739144082616e-18	0.800118110783326	-0.000506183215158641	33.9759446041887	0.2
13.425	5.1	1.61643895455431e-18	0.80012272894922	-0.000526756003752813	33.9519409928651	0.2
13.575	5.1	1.78208654832001e-18	0.800127519655861	-0.000548171269947785	33.9279372404518	0.2
13.725	5.1	1.05975921546933e-18	0.800132488767732	-0.000570463807682504	33.9039333416857	0.2
13.875	5.1	-9.06068068151573e-19	0.80013764229656	-0.000593669883249039	33.8799292911257	0.2
14.025	5.1	-4.06171225930391e-18	0.800142986397466	-0.000617827301150006	33.8559250831479	0.2
14.175	5.1	-7.61934419935369e-18	0.800148527368069	-0.000642975472050984	33.8319207119419	0.2
14.325	5.1	-9.87365580091601e-18	0.800154271645687	-0.000669155483889897	33.8079161715059	0.2
14.475	5.1	-8.38856850393792e-18	0.80016022580575	-0.00069641017826686	33.7839114556431	0.2
14.625	5.1	-7.68057975758042e-19	0.800166396555824	-0.000724784228388128	33.7599065579575	0.2
14.775	5.1	1.39267708726294e-17	0.800172790732735	-0.00075432422267377	33.7359014718498	0.2
14.925	5.1	3.33700543322102e-17	0.800179415295524	-0.000785078750751918	33.7118961905135	0.2
15.075	5.1	5.04766813475331e-17	0.800186277319875	-0.000817098495962563	33.687890706932	0.2
15.225	5.1	5.3353656189066e-17	0.800193383988808	-0.000850436331098914	33.6638850138744	0.2
15.375	5.1	2.79804432806684e-17	0.80020074258619	-0.000885147418587435	33.6398791038927	0.2
15.525	5.1	-3.55589262708226e-17	0.800208360483252	-0.000921289318952281	33.6158729693192	0.2
15.675	5.1	-1.33800135994526e-16	0.800216245130039	-0.000958922100708906	33.5918666022637	0.2
15.825	5.1	-2.40281205616323e-16	0.800224404038832	-0.000998108459485734	33.5678599946114	0.2
15.975	5.1	-3.00822591323329e-16	0.800232844771734	-0.00103891384203574	33.5438531380214	0.2
16.125	5.1	-2.4066690562909e-16	0.800241574923246	-0.00108140657765688	33.5198460239251	0.2
16.275	5.1	1.03502794418388e-17	0.800250602100265	-0.0011256580159281	33.495838643526	0.2
16.425	5.1	4.73447178932922e-16	0.800259933903229	-0.00117174267318623	33.4718309877991	0.2
16.575	5.1	1.06623643182234e-15	0.800269577901164	-0.00121973838650033	33.4478230474918	0.200000000000001
16.725	5.1	1.56023871314611e-15	0.80027954160749	-0.00126972647698793	33.423814813125	0.200000000000001
16.875	5.1	1.58551344076699e-15	0.800289832451747	-0.00132179192175986	33.3998062749953	0.200000000000001
17.025	5.1	7.20541341542725e-16	0.80030045774848	-0.00137602353730584	33.3757974231779	0.200000000000001
17.175	5.1	-1.31042460031826e-15	0.800311424663801	-0.00143251417160882	33.3517882475304	0.199999999999999
17.325	5.1	-4.35272876916765e-15	0.800322740178345	-0.00149136090997701	33.3277787376981	0.199999999999997
17.475	5.1	-7.53705326552588e-15	0.800334411048442	-0.00155266529179925	33.3037688831197	0.199999999999994
17.625	5.1	-9.158702121267e-15	0.800346443760221	-0.00161653354171894	33.2797586730352	0.199999999999993
17.775	5.1	-6.93093961531973e-15	0.800358844486573	-0.00168307681367144	33.2557480964941	0.199999999999994
17.925	5.1	1.20929742413387e-15	0.800371619031641	-0.00175241145243858	33.231737142366	0.200000000000001
18.075	5.1	1.57268248919596e-14	0.800384772779611	-0.00182465927039289	33.2077257993522	0.200000000000013
18.225	5.1	3.38389902776371e-14	0.800398310635086	-0.00189994784210526	33.1837140559992	0.200000000000027
18.375	5.1	4.82964844882454e-14	0.800412236958625	-0.00197841081970977	33.1597019007141	0.200000000000039
18.525	5.1	4.76609492989966e-14	0.800426555502215	-0.00206018826778801	33.1356893217817	0.200000000000038
18.675	5.1	1.92120918226459e-14	0.800441269335228	-0.0021454270215928	33.1116763073839	0.200000000000015
18.825	5.1	-4.49050291543534e-14	0.800456380768933	-0.00223428106992108	33.0876628456216	0.199999999999964
18.975	5.1	-1.38999839362452e-13	0.800471891277583	-0.00232691196367727	33.0636489245378	0.199999999999889
19.125	5.1	-2.35378541605912e-13	0.800487801410959	-0.0024234892554103	33.0396345321449	0.199999999999812
19.275	5.1	-2.81106049289505e-13	0.800504110708146	-0.0025241909665787	33.0156196564532	0.199999999999775
19.425	5.1	-2.06315687747564e-13	0.800520817603112	-0.00262920409252706	32.9916042855025	0.199999999999835
19.575	5.1	5.0718334051116e-14	0.800537919328246	-0.0027387251413124	32.9675884073971	0.200000000000041
19.725	5.1	5.01548118026103e-13	0.800555411816034	-0.00285296071508508	32.9435720103428	0.200000000000401
19.875	5.1	1.05778395384027e-12	0.800573289595427	-0.00297212813255632	32.919555082688	0.200000000000846
20.025	5.1	1.49508626126788e-12	0.80059154568892	-0.00309645610188081	32.8955376129669	0.200000000001196
20.175	5.1	1.46304352289711e-12	0.800610171508777	-0.00322618544281817	32.8715195899464	0.20000000000117
20.325	5.1	5.74671633846577e-13	0.800629156752084	-0.00336156986593669	32.8475010026761	0.20000000000046
20.475	5.1	-1.40672327546349e-12	0.800648489299549	-0.00350287681478214	32.8234818405411	0.199999999998875
20.625	5.1	-4.30515759721152e-12	0.800668155118264	-0.00365038837277913	32.7994620933184	0.199999999996556
20.775	5.1	-7.27690497721375e-12	0.800688138169807	-0.00380440224513129	32.7754417512349	0.199999999994178
20.925	5.1	-8.71205313232535e-12	0.800708420329208	-0.00396523282090561	32.7514208050296	0.19999999999303
21.075	5.1	-6.48135400722611e-12	0.800728981315507	-0.00413321232134998	32.7273992460168	0.199999999994815
21.225	5.1	1.31555064920556e-12	0.800749798638677	-0.00430869204633099	32.7033770661519	0.200000000001052
21.375	5.1	1.50916243499197e-11	0.800770847571989	-0.00449204372370996	32.6793542580982	0.200000000012073
21.525	5.1	3.22713175521788e-11	0.800792101146638	-0.00468366097487873	32.6553308152947	0.200000000025817
21.675	5.1	4.61759100457826e-11	0.800813530185238	-0.00488396090406514	32.6313067320232	0.200000000036941
21.825	5.1	4.6241736998139e-11	0.800835103376509	-0.00509338582471885	32.6072820034747	0.200000000036993
21.975	5.1	2.05785688531461e-11	0.800856787399817	-0.00531240513279427	32.5832566258117	0.200000000016463
22.125	5.1	-3.8568701150874e-11	0.800878547112299	-0.00554151734209382	32.5592305962267	0.199999999969145
22.275	5.1	-1.27018715793369e-10	0.800900345811349	-0.0057812522962106	32.5352039129924	0.199999999898385
22.425	5.1	-2.2083655996639e-10	0.800922145586422	-0.00603217357495155	32.5111765755025	0.199999999823331
22.575	5.1	-2.72781389813291e-10	0.800943907778358	-0.00629488111651284	32.4871485842997	0.199999999781775
22.725	5.1	-2.18545796335524e-10	0.800965593574508	-0.00657001407821842	32.4631199410882	0.199999999825163
22.875	5.1	2.41769044956323e-12	0.800987164762426	-0.00685825396317648	32.4390906487272	0.200000000001934
23.025	5.1	4.10634995776958e-10	0.801008584675416	-0.00716032803487677	32.415060711202	0.200000000328508
23.175	5.1	9.41740794160797e-10	0.801029819366865	-0.0074770130429994	32.3910301335677	0.200000000753393
23.325	5.1	1.4101468788185e-09	0.801050839045916	-0.00780913927356761	32.3669989218589	0.200000001128118
23.475	5.1	1.50796610435501e-09	0.801071619812536	-0.00815759493177071	32.3429670829539	0.200000001206373
23.625	5.1	8.68982017449869e-10	0.801092145726101	-0.00852333085694123	32.3189346243803	0.200000000695186
23.775	5.1	-7.82908846175186e-10	0.80111241125377	-0.0089073655831463	32.2949015540432	0.199999999373673
23.925	5.1	-3.41053233014056e-09	0.80113242414989	-0.00931079077075472	32.2708678798556	0.199999997271574
24.075	5.1	-6.42300579124681e-09	0.801152208857963	-0.00973477708250161	32.24683360925	0.199999994861595
24.225	5.1	-8.53141622294646e-09	0.80117181056067	-0.0101805806246656	32.2227987485591	0.199999993174867
24.375	5.1	-7.8552474856132e-09	0.801191300065087	-0.0106495501260715	32.1987633022568	0.199999993715802
24.525	5.1	-2.42747549585302e-09	0.801210779750403	-0.0111431350453908	32.1747272720656	0.19999999805802
24.675	5.1	8.84305956201754e-09	0.801230390838196	-0.0116628947336303	32.1506906559385	0.200000007074448
24.825	5.1	2.48841677316033e-08	0.801250322201792	-0.012210508626644	32.1266534469149	0.200000019907334
24.975	5.1	4.12532852105181e-08	0.801270820842406	-0.0127877871702477	32.1026156318212	0.200000033002628
25.125	5.1	4.9696631110465e-08	0.801292203986884	-0.013396682861368	32.0785771897311	0.200000039757305
25.275	5.1	3.93093032220617e-08	0.801314872588665	-0.0140393005192757	32.0545380900248	0.200000031447443
25.425	5.1	-2.7694088546491e-11	0.801339325926014	-0.014717905898564	32.030498289816	0.199999999977845
25.575	5.1	-7.18795346462615e-08	0.801366177131908	-0.0154349321897002	32.0064577304746	0.199999942496372
25.725	5.1	-1.66230337203039e-07	0.801396169982684	-0.0161929850006702	31.9824163330125	0.19999986701573
25.875	5.1	-2.53716678730034e-07	0.801430198205732	-0.016994847976043	31.9583739922476	0.199999797026657
26.025	5.1	-2.84939711183839e-07	0.801469329800951	-0.0178434929420426	31.9343305699209	0.199999772048231
26.175	5.1	-1.99074345496288e-07	0.801514840064147	-0.0187420995407104	31.9102858872684	0.199999840740524
26.325	5.1	5.53530462691956e-08	0.801568257531264	-0.0196940886954299	31.8862397178117	0.200000044282437
26.475	5.1	4.88357488097473e-07	0.801631426147579	-0.0207031708125296	31.8621917811679	0.20000039068599
26.625	5.1	1.03189294297674e-06	0.801706583946456	-0.0217734028449766	31.838141738287	0.200000825514354
26.775	5.1	1.51265195697073e-06	0.801796453288474	-0.0229092388961832	31.814089187585	0.200001210121566
26.925	5.1	1.65374314842903e-06	0.801904331138096	-0.0241155494123577	31.7900336600083	0.200001322994519
27.075	5.1	1.12522463365599e-06	0.802034162212392	-0.025397578612552	31.7659746094422	0.200000900179707
27.225	5.1	-3.44750254755321e-07	0.802190576614184	-0.0267608142828542	31.7419113936831	0.199999724199796
27.375	5.1	-2.80543264415146e-06	0.802378880792428	-0.0282107634414583	31.7178432412187	0.199997755653885
27.525	5.1	-5.90123492193615e-06	0.802605009355446	-0.0297526633120249	31.6937692010803	0.199995279012062
27.675	5.1	-8.7385455843006e-06	0.802875475204538	-0.0313912046464949	31.6696880773839	0.199993009163533
27.825	5.1	-9.89069645528961e-06	0.803197391156651	-0.0331303901189431	31.6455983563994	0.199992087442836
27.975	5.1	-7.62867862001154e-06	0.803578665507222	-0.0349736722165234	31.6214981405181	0.199993897057104
28.125	5.1	-4.26498084321933e-07	0.804028479092223	-0.0369244868065723	31.5973851077274	0.199999658801533
28.275	5.1	1.22912013069382e-05	0.804558113016959	-0.0389871995818222	31.5732565140726	0.200009832961046
28.425	5.1	2.930607370293e-05	0.805182101358251	-0.0411683102249714	31.5491092475898	0.200023444858962
28.575	5.1	4.69341231550436e-05	0.805919534944994	-0.0434775411187672	31.5249399247768	0.200037547298524
28.725	5.1	5.88721062980843e-05	0.806795168590261	-0.0459282371781715	31.5007449974627	0.200047097685039
28.875	5.1	5.69004999925779e-05	0.807839839059355	-0.0485364114874739	31.476520815206	0.200045520399994
29.025	5.1	3.26431318180183e-05	0.809089656508056	-0.0513178806978662	31.4522635751613	0.200026114505454
29.175	5.1	-1.96908879777135e-05	0.810583557986535	-0.0542833033106675	31.4279690971226	0.199984247289618
29.325	5.1	-0.00010002642831296	0.812359150509417	-0.0574315518315521	31.4036323923485	0.19991997885735
29.475	5.1	-0.00019941583185409	0.814447313858983	-0.0607426121038412	31.3792470498643	0.199840467334517
29.625	5.1	-0.000298359035833175	0.816866698449388	-0.0641719094619948	31.3548045328023	0.199761312771333
29.775	5.1	-0.000367481836157691	0.819619873651482	-0.0676483355958845	31.3302935406519	0.199706014531074
29.925	5.1	-0.000371242569332463	0.822693204023363	-0.0710779951617999	31.305699627283	0.199703005944534
30.075	5.1	-0.000274651115357946	0.826062260525988	-0.0743545967932763	31.2810052489078	0.199780279107714
30.225	5.1	-5.21051650903365e-05	0.829703494969267	-0.0773755157272872	31.2561903425926	0.199958315867928
30.375	5.1	0.0003033898148437	0.833611066153546	-0.0800602867461047	31.2312334148507	0.200242711851875
30.525	5.1	0.000772873656499693	0.837815562589833	-0.0823664699691061	31.2061129804377	0.2006182989252
30.675	5.1	0.0013081927753132	0.842399723236784	-0.0842974008176539	31.1808090749567	0.201046554220251
30.825	5.1	0.00183444313656336	0.847505913460332	-0.0858978273903473	31.1553045119478	0.201467554509251
30.975	5.1	0.00225846116758522	0.853331392215817	-0.0872365801198221	31.1295855918116	0.201806768934068
31.125	5.1	0.00248225750397426	0.860109926487303	-0.0883791526430636	31.1036420966199	0.201985806003179
31.275	5.1	0.00241895075133703	0.868081217615101	-0.0893560848992386	31.0774665927858	0.20193516060107
31.425	5.1	0.00200794932111255	0.877452104154429	-0.0901344150134608	31.0510532605917	0.20160635945689
31.575	5.1	0.00122611110221782	0.88835523661141	-0.0905990037702266	31.0243966154908	0.200980888881774
31.725	5.1	9.24197135104933e-05	0.900811904648499	-0.0905485774078085	30.9974905330627	0.200073935770808
31.875	5.1	-0.00133485567364473	0.9147059765209	-0.0897084027043132	30.9703279205452	0.198932115461084
32.025	5.1	-0.00296788635769361	0.929775232595795	-0.0877581103456447	30.9429012145824	0.197625690913845
32.175	5.1	-0.00470379186386054	0.945624267634522	-0.084369891576763	30.9152036787243	0.196236966508912
32.325	5.1	-0.00644086275667902	0.961759352766563	-0.0792498826894781	30.8872312832611	0.194847309794657
32.475	5.1	-0.00809310875326382	0.977640665192491	-0.072174897597097	30.8589848119574	0.193525512997389
32.625	5.1	-0.00960001732614161	0.992742442310433	-0.0630183373569288	30.8304717598835	0.192319986139087
32.775	5.1	-0.0109291940525852	1.00660864691081	-0.0517628387019809	30.8017075481339	0.191256644757932
32.925	5.1	-0.0120708574824727	1.01889204917153	-0.0385016691969022	30.7727155821658	0.190343314014022
33.075	5.1	-0.0130250835093629	1.02936869849281	-0.0234338450714754	30.7435257613554	0.18957993319251
33.225	5.1	-0.013785237770454	1.03792694663824	-0.00685724956652133	30.7141712874385	0.188971809783637
33.375	5.1	-0.0143237493992127	1.0445390052015	0.0108412923700323	30.6846840812965	0.18854100048063
33.525	5.1	-0.0145881399994745	1.04923130415231	0.0292084023355711	30.655089758714	0.18832948800042
33.675	5.1	-0.0145144290367101	1.05207456762188	0.047774936929427	30.625403723005	0.188388456770632
33.825	5.1	-0.0140604251084657	1.05321159122566	0.0661484410189009	30.5956301474534	0.188751659913227
33.975	5.1	-0.0132531163515752	1.05292710927152	0.0841431929127527	30.5657650921799	0.18939750691874
34.125	5.1	-0.0122347051266087	1.051742201902	0.101915352155509	30.5358036166145	0.190212235898713
34.275	5.1	-0.0112850269778733	1.05049621602122	0.120047363086328	30.5057488214361	0.190971978417701
34.425	5.1	-0.0107987681642	1.05037536868298	0.139526170286477	30.4756190144063	0.19136098546864
34.575	5.1	-0.0112066677249586	1.05286030785308	0.161585728549596	30.4454485617371	0.191034665820033
34.725	5.1	-0.0128492072480689	1.05957801684045	0.187415029320159	30.4152791692866	0.189720634201545
34.875	5.1	-0.0158329050846785	1.07203752458896	0.217748069744489	30.3851414177348	0.187333675932257
35.025	5.1	-0.0199143266093807	1.09121044508303	0.252362326583497	30.355030550221	0.184068538712495
35.175	5.1	-0.0244577820227527	1.11693620219372	0.289562574458499	30.3248841641186	0.180433774381798
35.325	5.1	-0.0284969644263665	1.14726806541133	0.325857672899524	30.2945706458093	0.177202428458907
35.475	5.1	-0.0309016601032682	1.1781495574496	0.356199498685248	30.2638945579333	0.175278671917385
35.625	5.1	-0.0306150898325692	1.20399527621767	0.375123575214038	30.2326192988844	0.175507928133945
35.775	5.1	-0.0268962995859453	1.21938062675788	0.378632682711681	30.2005013430097	0.178482960331244
35.925	5.1	-0.0194912853856156	1.2210781504761	0.36586221798834	30.1673276996741	0.184406971691508
36.075	5.1	-0.00867902174059517	1.20910739965872	0.339363531152313	30.1329487458313	0.193056782607524
36.225	5.1	0.00481271949705734	1.18619707202127	0.303824713438001	30.0972997843526	0.203850175597646
36.375	5.1	0.0199797789899151	1.15631271114028	0.264234889161303	30.0604068014038	0.215983823191932
36.525	5.1	0.0357399610044716	1.12329238528082	0.224590465895677	30.0223763323053	0.228591968803577
36.675	5.1	0.0511040934969112	1.09011394262653	0.187474689506781	29.9833741160358	0.240883274797529
36.825	5.1	0.0652903681725281	1.05873811889832	0.154228350861821	29.9435992673846	0.252232294538022
36.975	5.1	0.0777759810447271	1.0302608983004	0.125325843235701	29.9032597325224	0.262220784835782
37.125	5.1	0.0882958791276657	1.00515641438793	0.100725521500334	29.8625525209833	0.270636703302133
37.275	5.1	0.0968056653248193	0.983498997211733	0.0801186308298542	29.8216500670345	0.277444532259855
37.425	5.1	0.103426399860153	0.965129330677039	0.0630811171864357	29.7806925952054	0.282741119888123
37.575	5.1	0.10838580760286	0.949765983898278	0.0491565794909718	29.7397855426968	0.286708646082288
37.725	5.1	0.111965612450275	0.937075102775348	0.037897536170798	29.6990007594039	0.28957248996022
37.875	5.1	0.114460042937313	0.926711580850591	0.0288842494399356	29.6583801914596	0.291568034349851
38.025	5.1	0.116146891163757	0.918342110751147	0.0217327382465127	29.6179409171925	0.292917512931006
38.175	5.1	0.117270133006147	0.911657277830399	0.0160981308823795	29.5776806453293	0.293816106404918
38.325	5.1	0.118031905100183	0.906377259760068	0.0116760979655936	29.5375830396682	0.294425524080146
38.475	5.1	0.118591277404968	0.902253867271253	0.0082032543287127	29.4976224654136	0.294873021923975
38.625	5.1	0.119067428955301	0.899070481716565	0.00545660753789269	29.4577679423527	0.29525394316424
38.775	5.1	0.11954525720088	0.896640751541834	0.00325193736483829	29.4179862339408	0.295636205760704
38.925	5.1	0.120081943344679	0.894806549599507	0.00144109514595604	29.3782441014378	0.296065554675743
39.075	5.1	0.120713453307492	0.893435535444113	-9.16024414841005e-05	29.3385098147104	0.296570762645993
39.225	5.1	0.121460332424182	0.892418606164352	-0.0014335673235991	29.2987540440013	0.297168265939346
39.375	5.1	0.122332443413521	0.891667485174293	-0.00264835043684732	29.2589502678046	0.297865954730817
39.525	5.1	0.123332513880187	0.891112645851838	-0.00377993014373909	29.2190748279692	0.29866601110415
39.675	5.1	0.124458514842492	0.890701689463522	-0.00485663007386899	29.1791067499903	0.299566811873993
39.825	5.1	0.125705002230856	0.890398196628083	-0.00589453009820997	29.1390274283362	0.300564001784685
39.975	5.1	0.127063628093534	0.890180968815829	-0.00690033986468314	29.0988202564422	0.301650902474827
40.125	5.1	0.12852307302087	0.890043490404446	-0.00787378526934767	29.0584702605534	0.302818458416696
40.275	5.1	0.130068668283586	0.889993389238837	-0.00880960631004888	29.0179637771357	0.304054934626869
40.425	5.1	0.131681966082753	0.890051664283763	-0.00969927939829115	28.9772881960184	0.305345572866203
40.575	5.1	0.133340480360601	0.890251484212331	-0.0105325630986056	28.9364317765424	0.306672384288481
40.725	5.1	0.135017762270928	0.890636433561206	-0.0112989316153888	28.8953835324345	0.308014209816743
40.875	5.1	0.136683900219257	0.89125817936054	-0.01198891552461	28.8541331733472	0.309347120175405
41.025	5.1	0.138306453845953	0.892173632813062	-0.0125953253712803	28.8126710870991	0.310645163076762
41.175	5.1	0.139851755586768	0.893441769364472	-0.0131143008325095	28.7709883462498	0.311881404469414
41.325	5.1	0.141286453284911	0.895120331696496	-0.0135461131754604	28.7290767249468	0.313029162627929
41.475	5.1	0.142579130969118	0.897262665514262	-0.0138956542542782	28.6869287158851	0.314063304775294
41.625	5.1	0.1437018362839	0.899914926570877	-0.0141725689993587	28.6445375415519	0.31496146902712
41.775	5.1	0.144631361049963	0.903113854874382	-0.0143910240674309	28.6018971577034	0.31570508883997
41.925	5.1	0.145350160414336	0.906885248381493	-0.014569144719507	28.5590022496162	0.316280128331469
42.075	5.1	0.145846847349311	0.911243195357805	-0.0147281868962903	28.5158482228814	0.316677477879449
42.225	5.1	0.146116253203218	0.916190052883687	-0.0148915356122403	28.472431190564	0.316893002562574
42.375	5.1	0.146159092941412	0.921717097349922	-0.0150836309396358	28.4287479578486	0.31692727435313
42.525	5.1	0.14598130951672	0.92780572667179	-0.0153289189509337	28.3847960043476	0.316785047613376
42.675	5.1	0.145593192349175	0.93442906632605	-0.0156509094527663	28.3405734634587	0.31647455387934
42.825	5.1	0.145008370746402	0.941553821022946	-0.0160713993314072	28.2960790977784	0.316006696597122
42.975	5.1	0.144242776155529	0.949142219810585	-0.01660989443512	28.2513122696637	0.315394220924423
43.125	5.1	0.143313651632436	0.957153920176421	-0.0172832381466709	28.2062729064893	0.314650921305949
43.275	5.1	0.142238666819463	0.965547762496612	-0.0181054343142886	28.1609614608192	0.313790933455571
43.425	5.1	0.141035175723109	0.974283295693395	-0.0190876376987484	28.1153788663824	0.312828140578488
43.575	5.1	0.139719635429976	0.98332202456117	-0.020238277013915	28.0695264912826	0.31177570834398
43.725	5.1	0.138307188278925	0.992628356068249	-0.0215632733817954	28.0234060901611	0.31064575062314
43.875	5.1	0.136811398630322	1.00217024426357	-0.0230663193073043	27.9770197570544	0.309449118904257
44.025	5.1	0.135244128189561	1.01191955027098	-0.0247491884693371	27.9303698804373	0.308195302551649
44.175	5.1	0.133615530207114	1.0218521454259	-0.0266120530172893	27.8834591014683	0.306892424165691
44.325	5.1	0.131934142064894	1.03194779207388	-0.0286537912136134	27.8362902758227	0.305547313651915
44.475	5.1	0.130207056516973	1.04218983934396	-0.0308722731324498	27.7888664387592	0.304165645213578
44.625	5.1	0.128440153244345	1.05256477112422	-0.0332646151230638	27.7411907723469	0.302752122595476
44.775	5.1	0.126638373326107	1.06306164190373	-0.0358273950577225	27.6932665731711	0.301310698660886
44.925	5.1	0.124806018862919	1.07367143424064	-0.0385568208075231	27.6450972185345	0.299844815090335
45.075	5.1	0.122947057757973	1.08438637044976	-0.0414488454308845	27.5966861293708	0.298357646206379
45.225	5.1	0.121065409517153	1.09519921154255	-0.0444992261776188	27.5480367290148	0.296852327613723
45.375	5.1	0.119165182550349	1.10610257889699	-0.0477035326019905	27.4991523988266	0.295332146040279
45.525	5.1	0.117250828421079	1.11708833830529	-0.0510571231752221	27.4500364345049	0.293800662736864
45.675	5.1	0.115327176350128	1.1281470905727	-0.0545551294646191	27.4006920105877	0.292261741080102
45.825	5.1	0.11339931543741	1.13926781489257	-0.0581925092329451	27.3511221646393	0.290719452349928
45.975	5.1	0.111472306265788	1.15043770640564	-0.0619642482961511	27.3013298160201	0.289177845012631
46.125	5.1	0.109550731012259	1.16164223201886	-0.0658657957064021	27.2513178356114	0.287640584809807
46.275	5.1	0.107638133417432	1.17286539276062	-0.069893795362887	27.2010891807328	0.286110506733946
46.425	5.1	0.10573645529023	1.18409012230478	-0.0740471173123505	27.1506471020554	0.284589164232184
46.575	5.1	0.10384563843048	1.19529866958274	-0.07832808615576	27.0999954152481	0.283076510744384
46.725	5.1	0.101963618186654	1.20647271539783	-0.0827436545554298	27.0491388090505	0.281570894549324
46.875	5.1	0.100086969903712	1.21759287489929	-0.0873060943850292	26.9980831347309	0.28006957592297
47.025	5.1	0.0982124605798283	1.22863716625802	-0.0920326121606083	26.9468355930146	0.278569968463863
47.175	5.1	0.0963396826473325	1.2395780165763	-0.0969431922052087	26.8954047097335	0.277071746117866
47.325	5.1	0.0944747872908187	1.25037747030745	-0.102055996862366	26.8437999793639	0.275579829832655
47.475	5.1	0.0926350861093393	1.26098050509027	-0.107379879009765	26.7920310665854	0.274108068887471
47.625	5.1	0.0908539688127353	1.27130677949195	-0.112904050426119	26.7401065000174	0.272683175050188
47.775	5.1	0.0891852372756752	1.28124175003231	-0.118585731385699	26.688031875857	0.27134818982054
47.925	5.1	0.0877056622124188	1.29062886549772	-0.124337643024659	26.6358077111393	0.270164529769935
48.075	5.1	0.0865144351925308	1.29926534408606	-0.130018325039402	26.5834272336906	0.269211548154025
48.225	5.1	0.0857283308559108	1.30690458320394	-0.135429103919707	26.530874540716	0.268582664684729
48.375	5.1	0.0854718994279875	1.31326809976728	-0.140321538112132	26.4781236590569	0.26837751954239
48.525	5.1	0.0858628910978262	1.31806855757865	-0.144417714746678	26.4251390501832	0.268690312878261
48.675	5.1	0.0869942683844057	1.32104267166841	-0.147442584569196	26.3718779831177	0.269595414707525
48.825	5.1	0.0889153581215896	1.32198903184394	-0.149163132253079	26.3182949361087	0.271132286497272
48.975	5.1	0.0916156092931999	1.3208025036224	-0.149425160668746	26.2643478104393	0.27329248743456
49.125	5.1	0.0950147399999846	1.31749568768125	-0.148176923620321	26.2100053156213	0.276011791999988
49.275	5.1	0.0989625845526461	1.31220021997968	-0.145471175667837	26.1552545067265	0.279170067642117
49.425	5.1	0.10325070922276	1.30514610126953	-0.141442972902986	26.1001072083698	0.282600567378208
49.575	5.1	0.107636082665241	1.2966236590384	-0.136267476614862	26.0446039981075	0.286108866132193
49.725	5.1	0.111875112255529	1.28693753251867	-0.130107381763383	25.9888145509035	0.289500089804423
49.875	5.1	0.115764519357396	1.2763636205371	-0.123061991795556	25.9328334387364	0.292611615485917
50.025	5.1	0.119184032014869	1.26511833766789	-0.115129837674366	25.8767709046177	0.295347225611895
50.175	5.1	0.122134796242462	1.2533460215508	-0.106195517592907	25.8207386814062	0.297707836993969
50.325	5.1	0.124766767965531	1.24112617747101	-0.0960499442877993	25.7648316246935	0.299813414372425
50.475	5.1	0.127388238553218	1.22849799066422	-0.0844504682229996	25.7091067983258	0.301910590842575
50.625	5.1	0.130451319445053	1.2154952074459	-0.0712205760744006	25.6535626584304	0.304361055556043
50.775	5.1	0.134509067588726	1.20218051263089	-0.0563750746032095	25.5981219770174	0.307607254070981
50.925	5.1	0.140143392046752	1.18866674929433	-0.0402367202998371	25.542622824514	0.312114713637402
51.075	5.1	0.147868136305898	1.17511570333054	-0.0234935503395106	25.4868218623975	0.318294509044718
51.225	5.1	0.158018444760296	1.16171500974609	-0.00715011994325281	25.4304129617553	0.326414755808237
51.375	5.1	0.170644568990019	1.14864583259799	0.00763698396458157	25.37306158603	0.336515655192015
51.525	5.1	0.185433718307351	1.13605917336397	0.019790659972786	25.3144517702733	0.348346974645881
51.675	5.1	0.201684973907029	1.12407125382622	0.0285224289213626	25.254338753212	0.361347979125623
51.825	5.1	0.218357327371818	1.11277423755264	0.0334408372066222	25.1925975074843	0.374685861897455
51.975	5.1	0.234198586374152	1.1022491690252	0.0345372053558867	25.1292565209236	0.387358869099321
52.125	5.1	0.247943737381295	1.09256946968752	0.0320866594685296	25.0645077100106	0.398354989905036
52.275	5.1	0.258548515209876	1.08379086674571	0.0265289540793385	24.9986873709033	0.406838812167901
52.425	5.1	0.26540345281424	1.07593004550549	0.0183817729536672	24.932229253351	0.412322762251392
52.575	5.1	0.268463565584327	1.06893812508145	0.00820572081700045	24.8655982363977	0.414770852467462
52.725	5.1	0.268236805913203	1.06267979420519	-0.00339759957334573	24.7992199401386	0.414589444730562
52.875	5.1	0.265604882290953	1.05693672876815	-0.015803887738355	24.733425488656	0.412483905832762
53.025	5.1	0.261500411871753	1.05145930941622	-0.0284609022386074	24.6684291231085	0.409200329497402
53.175	5.1	0.256522628024943	1.04608075293615	-0.0410918528747131	24.6043482398962	0.405218102419955
53.325	5.1	0.250619733130423	1.04087514149023	-0.0539702682979899	24.5412618658038	0.400495786504339
53.475	5.1	0.242977170863662	1.0363033586591	-0.0681591775869409	24.4792884073631	0.39438173669093
53.625	5.1	0.232212095353237	1.03328560610649	-0.0856000757990132	24.4186521303059	0.385769676282589
53.775	5.1	0.216885044215537	1.03317347684077	-0.108995211181756	24.3597053312306	0.37350803537243
53.925	5.1	0.19622160015485	1.03761467837775	-0.141454086024732	24.3028825516459	0.35697728012388
54.075	5.1	0.170831597908405	1.04823473232456	-0.185761900324706	24.2485838715196	0.336665278326724
54.225	5.1	0.143169721825313	1.06587751299852	-0.24288822217186	24.1970112802731	0.314535777460251
54.375	5.1	0.117526065729587	1.08899692503126	-0.309324573960721	24.1480068878512	0.29402085258367
54.525	5.1	0.0994505977835226	1.11134711738597	-0.374003754636552	24.1009549389656	0.279560478226818
54.675	5.1	0.0946656818918119	1.12141138283336	-0.418703462477456	24.0548002683676	0.27573254551345
54.825	5.1	0.107712495997792	1.1077089410273	-0.426836571404596	24.0081920544188	0.286169996798234
54.975	5.1	0.140771609277102	1.06775633659407	-0.395878625020632	23.9597023491356	0.312617287421681
55.125	5.1	0.193075508574398	1.01000792261978	-0.338846731141993	23.908052327547	0.354460406859518
55.275	5.1	0.261036433401816	0.946598910574606	-0.273265019857703	23.8523000033809	0.408829146721453
55.425	5.1	0.338970796969099	0.886517260394679	-0.211506275057828	23.7919531600779	0.471176637575279
55.575	5.1	0.420234124679803	0.834093947443748	-0.159064016983371	23.7269881368095	0.536187299743843
55.725	5.1	0.498496183151574	0.79039906379815	-0.116927436046822	23.6577839856543	0.598796946521259
55.875	5.1	0.568789176767257	0.754869532552894	-0.0840470032645533	23.585001573029	0.655031341413805
56.025	5.1	0.628037864862784	0.726348043942657	-0.058773556681249	23.5094450249043	0.702430291890227
56.175	5.1	0.675030065769708	0.703600024850778	-0.0394927799686872	23.431938912473	0.740024052615767
56.325	5.1	0.710012395419755	0.685522870641637	-0.0248361068279552	23.3532407423613	0.768009916335804
56.475	5.1	0.734160577118593	0.671203331115093	-0.0137098258066065	23.2739924037149	0.787328461694874
56.625	5.1	0.749104419965482	0.659910423602124	-0.00526043807511806	23.1947034965101	0.799283535972386
56.775	5.1	0.756583586276485	0.651066883893084	0.0011738529882432	23.1157557426746	0.805266869021188
56.925	5.1	0.758236406209736	0.644217929007729	0.00610727178355093	23.0374187191756	0.806589124967789
57.075	5.1	0.755491901118911	0.63900417022445	0.00994127000219098	22.9598699899807	0.804393520895129
57.225	5.1	0.749530571906819	0.635140215550493	0.0129901623551852	22.8832154748697	0.799624457525455
57.375	5.1	0.741286322923252	0.63239844209062	0.0154994469563468	22.8075078948873	0.793029058338601
57.525	5.1	0.731470598786665	0.630596805786472	0.0176589361407237	22.7327623725622	0.785176479029332
57.675	5.1	0.720606743509939	0.629589544989501	0.0196125374661964	22.6589689609912	0.776485394807951
57.825	5.1	0.709067235383772	0.629259843498441	0.0214660399778285	22.5861022466401	0.767253788307018
57.975	5.1	0.697109376121679	0.629513784296135	0.0232937603374193	22.5141283613654	0.757687500897344
58.125	5.1	0.684906886775669	0.630275172332247	0.0251444873377449	22.4430098288392	0.747925509420535
58.275	5.1	0.672576140180329	0.631480999122426	0.0270468771421496	22.3727086975632	0.738060912144263
58.425	5.1	0.660196673795191	0.633077452858091	0.0290142976200102	22.3031883961753	0.728157339036153
58.575	5.1	0.647826273857941	0.635016450002622	0.0310490711427037	22.2344146995204	0.718261019086353
58.725	5.1	0.635511339431349	0.637252691863449	0.0331460812280588	22.166356127421	0.708409071545079
58.875	5.1	0.623293450497836	0.639741249005152	0.0352957515638483	22.098984023186	0.698634760398269
59.025	5.1	0.611213113421498	0.642435662262094	0.0374864489597351	22.0322724851567	0.688970490737199
59.175	5.1	0.599311584762976	0.64528653179921	0.0397063902472487	21.9661982591376	0.679449267810381
59.325	5.1	0.587631528001913	0.648240550821059	0.0419451433402576	21.9007406466894	0.67010522240153
59.475	5.1	0.576217079747784	0.651239930208881	0.0441948076791397	21.8358814455947	0.660973663798227
59.625	5.1	0.565113725410576	0.654222154608318	0.0464509454040249	21.7716049138852	0.652090980328461
59.775	5.1	0.554368230710367	0.657120008771612	0.0487133186067291	21.7078977357498	0.643494584568293
59.925	5.1	0.544028756095781	0.6598618152432	0.0509864753768899	21.6447489637689	0.635223004876625
60.075	5.1	0.534145199205193	0.662371831748331	0.0532802211455352	21.5821499142256	0.627316159364154
60.225	5.1	0.524769763353481	0.664570770708975	0.0556100119078308	21.5200939977003	0.619815810682785
60.375	5.1	0.515957731480145	0.666376425999828	0.0579973085979393	21.4585764729251	0.612766185184116
60.525	5.1	0.50776842664532	0.667704423805487	0.0604699302472114	21.3975941155638	0.606214741316256
60.675	5.1	0.500266352138879	0.668469152622675	0.0630624287778684	21.3371447935597	0.600213081711103
60.825	5.1	0.493522515796368	0.668584965037975	0.065816472559495	21.277226936527	0.594818012637094
60.975	5.1	0.487615943427731	0.667967769159644	0.0687811666407047	21.2178388795053	0.590092754742185
61.125	5.1	0.48263536639717	0.666537125837671	0.0720131625053142	21.1589780542327	0.586108293117736
61.275	5.1	0.478681024029065	0.66421892589313	0.0755763408607498	21.1006399983686	0.582944819223252
61.425	5.1	0.475866456463046	0.660948634989426	0.0795408227731175	21.0428171597294	0.580693165170437
61.575	5.1	0.474320092642969	0.656674975395896	0.0839811195990234	20.985497491909	0.579456074114375
61.725	5.1	0.474186387339952	0.651363801321528	0.0889734032400035	20.9286628687663	0.579349109871962
61.875	5.1	0.47562626293281	0.645001881056823	0.0945921631739356	20.87228738036	0.580501010346248
62.025	5.1	0.478816693077341	0.637600401658347	0.100906850721016	20.8163355956782	0.583053354461873
62.175	5.1	0.483949428727184	0.629198318622552	0.107979349337233	20.7607608644625	0.587159542981747
62.325	5.1	0.491229066847137	0.619866170613323	0.115863041982432	20.7055036565166	0.59298325347771
62.475	5.1	0.500870787288285	0.609711521195496	0.124603664088271	20.6504897868917	0.600696629830628
62.625	5.1	0.513097958341527	0.598887458873879	0.134240952674286	20.5956281597317	0.610478366673222
62.775	5.1	0.52813923884853	0.5876051354773	0.144808529883372	20.5408074355779	0.622511391078824
62.925	5.1	0.546223662628725	0.576149731897418	0.156328076295929	20.4858908926449	0.63697893010298
63.075	5.1	0.567570585064088	0.56489640140916	0.168793559574974	20.4307088636373	0.654056468051271
63.225	5.1	0.59236979825086	0.554319187195594	0.18214300755035	20.3750486491091	0.673895838600688
63.375	5.1	0.620746546890812	0.544983036524599	0.196219476764453	20.3186428455853	0.69659723751265
63.525	5.1	0.652707899201828	0.537508975612976	0.210728865664374	20.261158545789	0.722166319361463
63.675	5.1	0.68807208353223	0.532507414437326	0.225208176658427	20.2021915820228	0.750457666825784
63.825	5.1	0.726391106526586	0.530485100277853	0.239020892598542	20.1412712642473	0.781112885221269
63.975	5.1	0.766887308997372	0.53174487697626	0.251393420652592	20.0778809578494	0.813509847197898
64.125	5.1	0.808432054864958	0.536307762185114	0.261496585942917	20.0114973561621	0.846745643891966
64.275	5.1	0.849593527129558	0.543886229948529	0.268560460647099	19.9416460794246	0.879674821703646
64.425	5.1	0.888766255687906	0.553922533377362	0.271995061313169	19.8679644494549	0.911013004550325
64.575	5.1	0.924369000842735	0.565682011949484	0.271482310716922	19.7902568899985	0.939495200674188
64.725	5.1	0.95506949483593	0.578371508376381	0.267012627499693	19.7085277888546	0.964055595868744
64.875	5.1	0.979978516098372	0.591248352488915	0.258860143967813	19.6229822032562	0.983982812878698
65.025	5.1	0.998761962982373	0.603696330650898	0.247512198952443	19.5339943237573	0.999009570385899
65.175	5.1	1.01164609818992	0.615262295922191	0.233579742929339	19.4420526796785	1.00931687855194
65.325	5.1	1.01932459117242	0.625660369972222	0.217712928861817	19.3476959377547	1.01545967293794
65.475	5.1	1.02280103338749	0.634755935193379	0.200536071190062	19.2514528172807	1.01824082670999
65.625	5.1	1.02320960038148	0.64254049362702	0.182605703384296	19.1537956152927	1.01856768030519
65.775	5.1	1.02165149101577	0.649104550551359	0.164388928605813	19.0551115232534	1.01732119281261
65.925	5.1	1.01907232163019	0.654611745737835	0.146257078347374	18.9556912706063	1.01525785730415
66.075	5.1	1.01619165395874	0.65927488625699	0.128490140214843	18.8557316077522	1.01295332316699
66.225	5.1	1.01348358702964	0.66333359288714	0.111288519746223	18.7553468645341	1.01078686962371
66.375	5.1	1.01119839270374	0.667033491427975	0.094789349468802	18.6545849419935	1.00895871416299
66.525	5.1	1.00941027480006	0.67060749613776	0.0790846419965404	18.5534440883924	1.00752821984005
66.675	5.1	1.00807557973527	0.674260123033596	0.0642385572654352	18.4518881489578	1.00646046378822
66.825	5.1	1.00708844068532	0.678155713641263	0.0503013757310699	18.3498592415528	1.00567075254825
66.975	5.1	1.00632544529059	0.682411075145439	0.0373185788337256	18.2472877388964	1.00506035623247
67.125	5.1	1.00567582881897	0.687092596841871	0.0253345562248311	18.1440999460715	1.00454066305517
67.275	5.1	1.00505763187487	0.692217543761057	0.0143915714075475	18.0402240030565	1.0040461054999
67.425	5.1	1.00442262598551	0.697758976760486	0.0045254495633804	17.9355944473838	1.0035381007884
67.575	5.1	1.00375365063857	0.703653553816487	-0.00424014693164972	17.8301556875567	1.00300292051086
67.725	5.1	1.0030577641544	0.709811293777862	-0.0118990401761019	17.7238644765363	1.00244621132352
67.875	5.1	1.00235783152909	0.716126248015493	-0.0184660628042363	17.6166913949004	1.00188626522327
68.025	5.1	1.0016842911172	0.722486981062008	-0.0239780403143927	17.508621360925	1.00134743289376
68.175	5.1	1.00106811220235	0.728785853167809	-0.0284921683652591	17.3996532497693	1.00085448976188
68.325	5.1	1.00053544957652	0.734926333602117	-0.032082288743227	17.2897987829644	1.00042835966122
68.475	5.1	1.00010418066693	0.74082791405203	-0.0348339039754033	17.179080905855	1.00008334453355
68.625	5.1	0.999782299853775	0.746428565159726	-0.0368388485472854	17.0675318855667	0.99982583988302
68.775	5.1	0.999567982061957	0.751685009371699	-0.0381903964020383	16.9551913357381	0.999654385649566
68.925	5.1	0.999450988823758	0.756571311768886	-0.0389793167542889	16.8421043206984	0.999560791059007
69.075	5.1	0.999414982960731	0.761076391526777	-0.0392910905121095	16.7283196300782	0.999531986368585
69.225	5.1	0.999440265334177	0.765201037628238	-0.0392042461443704	16.6138882614836	0.999552212267342
69.375	5.1	0.99950646554982	0.768954905666661	-0.0387896102233941	16.4988621130867	0.999605172439856
69.525	5.1	0.999594806842419	0.772353821371909	-0.0381102015665953	16.3832928711662	0.999675845473935
69.675	5.1	0.999689703116618	0.775417561941944	-0.0372215097631178	16.2672310752772	0.999751762493295
69.825	5.1	0.999779601063956	0.778168157938402	-0.0361719572198504	16.1507253489064	0.999823680851165
69.975	5.1	0.999857119540677	0.780628670975017	-0.035003417298338	16.0338217896861	0.999885695632542
70.125	5.1	0.999918637903547	0.782822356807632	-0.0337517266370087	15.9165635164002	0.999934910322838
70.275	5.1	0.999963534264454	0.784772111846503	-0.0324471755017	15.7989903687468	0.999970827411563
70.425	5.1	0.99999327640507	0.786500111806615	-0.0311149838676114	15.6811387510033	0.999994621124056
70.575	5.1	1.00001053450053	0.788027572666235	-0.0297757771098163	15.5630416043579	1.00000842760042
70.725	5.1	1.00001843197598	0.789374587430186	-0.0284460704785863	15.4447284868563	1.00001474558078
70.875	5.1	1.00001999415064	0.790560011958631	-0.0271387625788442	15.3262257362003	1.00001599532051
71.025	5.1	1.00001780530765	0.791601387016338	-0.0258636297041415	15.2075566896982	1.00001424424612
71.175	5.1	1.00001384984512	0.792514891678052	-0.0246278077034982	15.0887419373739	1.0000110798761
71.325	5.1	1.00000949381401	0.793315326521905	-0.0234362467576743	14.969799587913	1.0000075950512
71.475	5.1	1.00000555753404	0.794016125322093	-0.0222921263777756	14.8507455318448	1.00000444602723
71.625	5.1	1.00000243429078	0.794629392774148	-0.0211972218742878	14.7315936912601	1.00000194743263
71.775	5.1	1.00000022006709	0.795165964303655	-0.0201522181755205	14.6123562497756	1.00000017605367
71.925	5.1	0.999998831090353	0.795635482908672	-0.0191569711663545	14.493043859981	0.999999064872283
72.075	5.1	0.999998096978067	0.796046487542775	-0.0182107200449832	14.3736658281191	0.999998477582454
72.225	5.1	0.999997825905575	0.796406507750201	-0.0173122563197479	14.254230277303	0.99999826072446
72.375	5.1	0.999997843977848	0.796722159953395	-0.016460056049475	14.1347442913558	0.999998275182278
72.525	5.1	0.999998014050562	0.796999241748611	-0.0156523820015903	14.0152140415882	0.99999841124045
72.675	5.1	0.999998240198934	0.797242821593129	-0.0148873618592328	13.8956448987148	0.999998592159147
72.825	5.1	0.999998463588934	0.797457322219006	-0.0141630477358653	13.7760415318395	0.999998770871147
72.975	5.1	0.999998654324878	0.79764659690259	-0.0134774612773787	13.6564079961148	0.999998923459902
73.125	5.1	0.999998802440447	0.79781399832031	-0.0128286277004857	13.5367478103911	0.999999041952358
73.275	5.1	0.999998909899569	0.7979624401389	-0.0122146013158564	13.4170640259352	0.999999127919655
73.425	5.1	0.99999898444971	0.798094451746529	-0.0116334844460236	13.2973592871295	0.999999187559768
73.575	5.1	0.999999035471996	0.798212226668977	-0.0110834411666486	13.1776358849469	0.999999228377596
73.725	5.1	0.999999071571131	0.798317665267536	-0.0105627069511992	13.0578958039194	0.999999257256905
73.875	5.1	0.999999099476316	0.798412412313414	-0.0100695950538912	12.9381407632657	0.999999279581053
74.025	5.1	0.999999123805939	0.798497890000864	-0.00960250029279325	12.818372252799	0.999999299044751
74.175	5.1	0.999999147315512	0.798575326914999	-0.0091599007716538	12.6985915641957	0.999999317852409
74.325	5.1	0.999999171348847	0.798645783419088	-0.00874035798563019	12.5787998181658	0.999999337079078
74.475	5.1	0.999999196313362	0.7987101738771	-0.00834251568286356	12.4589979880198	0.99999935705069
74.625	5.1	0.999999222083717	0.798769286081706	-0.00796509779138794	12.3391869200807	0.999999377666973
74.775	5.1	0.999999248297877	0.798823798217726	-0.00760690566773711	12.2193673513452	0.999999398638302
74.925	5.1	0.999999274546444	0.798874293654436	-0.00726681487637494	12.0995399247505	0.999999419637155
75.075	5.1	0.999999300474767	0.798921273828651	-0.0069437716679615	11.9797052023612	0.999999440379814
75.225	5.1	0.999999325823322	0.798965169451169	-0.00663678928913474	11.8598636767518	0.999999460658658
75.375	5.1	0.99999935043016	0.799006350243661	-0.00634494422635862	11.7400157808234	0.999999480344128
75.525	5.1	0.999999374214218	0.799045133389561	-0.00606737246151749	11.6201618962651	0.999999499371374
75.675	5.1	0.999999397152252	0.799081790861453	-0.00580326579679701	11.5003023608389	0.999999517721802
75.825	5.1	0.999999419256906	0.799116555767964	-0.00555186829014692	11.3804374746465	0.999999535405525
75.975	5.1	0.999999440559369	0.799149627846576	-0.00531247282979053	11.260567505515	0.999999552447495
76.125	5.1	0.999999461097488	0.799181178213041	-0.00508441786665514	11.140692693619	0.999999568877991
76.275	5.1	0.999999480908756	0.799211353463951	-0.00486708431591481	11.0208132554437	0.999999584727005
76.425	5.1	0.999999500026966	0.799240279217985	-0.00465989263299035	10.9009293871775	0.999999600021573
76.575	5.1	0.999999518481248	0.799268063169131	-0.00446230006544479	10.7810412676135	0.999999614784998
76.725	5.1	0.999999536296464	0.799294797717091	-0.00427379807855244	10.6611490606266	0.999999629037171
76.875	5.1	0.999999553494148	0.799320562230985	-0.0040939099504543	10.5412529172851	0.999999642795319
77.025	5.1	0.999999570093539	0.799345424994944	-0.00392218853087846	10.4213529776492	0.999999656074831
77.175	5.1	0.999999586112465	0.799369444879063	-0.00375821415648609	10.3014493722982	0.999999668889972
77.325	5.1	0.999999601567958	0.799392672772144	-0.00360159271487407	10.1815422236277	0.999999681254367
77.475	5.1	0.999999616476651	0.799415152808698	-0.00345195384926323	10.0616316469474	0.999999693181321
77.625	5.1	0.999999630854972	0.799436923418405	-0.00330894929536956	9.94171775140939	0.999999704683977
77.775	5.1	0.9999996447192	0.799458018222097	-0.00317225134206949	9.82180064079121	0.99999971577536
77.925	5.1	0.999999658085454	0.799478466795544	-0.00304155140766234	9.70188041415556	0.999999726468363
78.075	5.1	0.999999670969649	0.799498295319289	-0.00291655872369698	9.58195716640426	0.999999736775719
78.225	5.1	0.999999683387439	0.799517527130474	-0.00279699911869559	9.46203098874279	0.999999746709952
78.375	5.1	0.999999695354169	0.79953618319041	-0.00268261389441337	9.34210196906885	0.999999756283335
78.525	5.1	0.99999970688483	0.799554282479701	-0.00257315878764564	9.22217019229659	0.999999765507864
78.675	5.1	0.999999717994048	0.799571842331357	-0.00246840301113448	9.10223574062667	0.999999774395238
78.825	5.1	0.99999972869606	0.799588878710789	-0.00236812836729192	8.98229869377055	0.999999782956848
78.975	5.1	0.999999739004717	0.799605406450317	-0.00227212842920323	8.86235912913654	0.999999791203773
79.125	5.1	0.999999748933481	0.799621439444907	-0.00218020778336793	8.74241712198376	0.999999799146784
79.275	5.1	0.999999758495424	0.799636990814806	-0.00209218132946374	8.62247274554946	0.999999806796339
79.425	5.1	0.999999767703249	0.799652073040185	-0.00200787363230285	8.50252607115418	0.999999814162599
79.575	5.1	0.99999977656928	0.799666698071739	-0.00192711832200809	8.38257716828872	0.999999821255424
79.725	5.1	0.999999785105477	0.799680877421293	-0.00184975753831676	8.26262610468606	0.999999828084382
79.875	5.1	0.999999793323436	0.79969462223526	-0.00177564141555851	8.14267294638113	0.999999834658749
80.025	5.1	0.999999801234406	0.799707943353721	-0.00170462760489642	8.02271775776079	0.999999840987524
80.175	5.1	0.999999808849281	0.799720851357565	-0.0016365808309405	7.90276060160581	0.999999847079425
80.325	5.1	0.999999816178624	0.799733356605587	-0.00157137247984628	7.7828015391267	0.999999852942899
80.475	5.1	0.999999823232655	0.799745469263131	-0.00150888021634192	7.66284062999457	0.999999858586124
80.625	5.1	0.999999830021271	0.799757199323908	-0.00144898762749311	7.54287793236836	0.999999864017017
80.775	5.1	0.999999836554046	0.79976855662614	-0.00139158389087917	7.4229135029192	0.999999869243237
80.925	5.1	0.999999842840245	0.799779550864035	-0.00133656346536094	7.30294739685273	0.999999874272196
81.075	5.1	0.999999848888821	0.79979019159553	-0.00128382580263782	7.18297966793005	0.999999879111057
81.225	5.1	0.999999854708437	0.799800488247016	-0.00123327507783186	7.06301036848772	0.99999988376675
81.375	5.1	0.999999860307466	0.799810450115762	-0.00118481993774695	6.94303954945724	0.999999888245973
81.525	5.1	0.999999865694005	0.799820086370434	-0.00113837326539673	6.82306726038441	0.999999892555204
81.675	5.1	0.999999870875878	0.799829406050298	-0.00109385195938338	6.70309354944861	0.999999896700703
81.825	5.1	0.999999875860639	0.799838418063334	-0.00105117672728742	6.58311846348233	0.999999900688511
81.975	5.1	0.999999880655569	0.799847131183803	-0.00101027189162498	6.46314204799113	0.999999904524455
82.125	5.1	0.999999885267667	0.799855554049229	-0.000971065207774046	6.34316434717385	0.999999908214134
82.275	5.1	0.999999889703664	0.799863695157254	-0.000933487692692011	6.22318540394343	0.999999911762931
82.425	5.1	0.999999893970042	0.799871562862518	-0.00089747346379301	6.10320525994817	0.999999915176034
82.575	5.1	0.999999898073104	0.799879165373608	-0.000862959587108831	5.98322395559337	0.999999918458483
82.725	5.1	0.999999902019053	0.799886510750267	-0.000829885934152483	5.86324153006354	0.999999921615242
82.875	5.1	0.999999905814048	0.799893606901108	-0.00079819504678214	5.7432580213449	0.999999924651239
83.025	5.1	0.999999909464157	0.79990046158166	-0.000767832009480474	5.6232734662482	0.999999927571326
83.175	5.1	0.999999912975136	0.799907082393197	-0.00073874432855707	5.50328790043185	0.999999930380109
83.325	5.1	0.999999916352045	0.799913476782167	-0.000710881817785247	5.38330135842511	0.999999933081636
83.475	5.1	0.999999919598871	0.79991965204051	-0.000684196490002218	5.26331387365151	0.999999935679097
83.625	5.1	0.999999922718526	0.799925615306849	-0.000658642454332806	5.14332547845199	0.999999938174821
83.775	5.1	0.999999925713655	0.799931373568507	-0.000634175818697728	5.02333620410792	0.999999940570924
83.925	5.1	0.999999928588468	0.799936933664596	-0.000610754597245321	4.90334608086356	0.999999942870775
84.075	5.1	0.999999931351015	0.799942302290014	-0.000588338622516325	4.78335513794775	0.999999945080812
84.225	5.1	0.999999934014353	0.799947486000629	-0.000566889461977697	4.66336340359477	0.999999947211482
84.375	5.1	0.99999993659418	0.799952491220006	-0.00054637033883885	4.54337090506419	0.999999949275344
84.525	5.1	0.999999939101131	0.799957324248179	-0.000526746056863798	4.42337766866021	0.999999951280905
84.675	5.1	0.999999941528897	0.799961991273058	-0.000507982929156338	4.30338371975039	0.999999953223118
84.825	5.1	0.999999943844686	0.799966498384481	-0.000490048711010654	4.18338908278378	0.999999955075749
84.975	5.1	0.999999945993854	0.799970851590239	-0.000472912536969984	4.06339378130729	0.999999956795083
85.125	5.1	0.999999947930673	0.799975056832001	-0.000456544862486099	3.94339783797815	0.999999958344538
85.275	5.1	0.999999949675956	0.799979119999019	-0.000440917410619185	3.82340127456957	0.999999959740765
85.425	5.1	0.999999951376975	0.799983046938311	-0.000426003124091412	3.70340411196803	0.99999996110158
85.575	5.1	0.999999953314034	0.799986843464242	-0.000411776122999355	3.58340637016438	0.999999962651227
85.725	5.1	0.99999995578448	0.799990515375641	-0.000398211668143635	3.46340806824698	0.999999964627584
85.875	5.1	0.999999958833056	0.799994068492851	-0.000385286129846339	3.34340922440997	0.999999967066445
86.025	5.1	0.999999961911509	0.799997508723472	-0.000372976962130218	3.22340985598704	0.999999969529207
86.175	5.1	0.999999963718749	0.800000842149233	-0.00036126268243294	3.10340997950535	0.999999970974999
86.325	5.1	0.999999962595349	0.80000407509772	-0.000350122857574881	2.9834096107239	0.999999970076279
86.475	5.1	0.999999957746801	0.80000721413481	-0.00033953809745256	2.86340876459019	0.999999966197441
86.625	5.1	0.99999995108103	0.800010265914878	-0.000329490058586999	2.74340745504605	0.999999960864824
86.775	5.1	0.99999994858069	0.800013236889103	-0.000319961459830536	2.6234056946764	0.999999958864552
86.925	5.1	0.999999959290896	0.800016133009509	-0.000310936112242724	2.50340349433904	0.999999967432717
87.075	5.1	0.999999990046429	0.80001895973013	-0.000302398963659989	2.3834008630966	0.999999992037143
87.225	5.1	1.00000003600947	0.80002172266809	-0.000294336155910991	2.26339780885837	1.00000002880758
87.375	5.1	1.00000007131191	0.800024429061443	-0.000286735088412547	2.14339433993073	1.00000005704953
87.525	5.1	1.00000004917232	0.80002708952639	-0.00027958447667764	2.0233904670184	1.00000003933786
87.675	5.1	0.9999999228101	0.800029718706903	-0.000272874389592687	1.90338620422527	0.99999993824808
87.825	5.1	0.999999691619364	0.800032332792463	-0.000266596248827127	1.78338156684523	0.999999753295491
87.975	5.1	0.999999457538924	0.800034942514996	-0.000260742782409038	1.6633765642419	0.99999956603114
88.125	5.1	0.999999448344942	0.800037543007891	-0.000255307946148043	1.54337118891672	0.999999558675953
88.275	5.1	0.999999945039229	0.80004010665982	-0.000250286857855193	1.42336540795826	0.999999956031383
88.425	5.1	1.00000106930278	0.800042589524927	-0.000245675813983508	1.30335916819594	1.00000085544222
88.575	5.1	1.00000247180616	0.800044961207302	-0.000241472445458239	1.18335242653722	1.00000197744493
88.725	5.1	1.00000310897412	0.80004725694607	-0.000237675984918661	1.06334520600431	1.00000248717929
88.875	5.1	1.00000143461799	0.800049627213611	-0.00023428745366381	0.94333765331089	1.00000114769439
89.025	5.1	0.999996317309412	0.800052332852037	-0.000231309393536042	0.823330043225332	0.99999705384753
89.175	5.1	0.999988653887147	0.800055624819247	-0.000228744723265818	0.703322661461383	0.999990923109718
89.325	5.1	0.999982928122164	0.800059487900069	-0.000226594610351032	0.583315535303771	0.999986342497731
89.475	5.1	0.999987113222722	0.800063336942576	-0.000224856064894148	0.463308094092009	0.999989690578178
89.625	5.1	1.0000090200078	0.800065907787209	-0.000223521112261491	0.34329900967332	1.00000721600624
89.775	5.1	1.00004840827071	0.80005541408687	-0.000222580186541104	0.223286590807146	1.00003872661657
89.925	5.1	1.00008753028013	0.400086641429242	-0.000222053936298807	0.103273091345097	1.0000700242241
0.075	5.3	3.0234624594906e-30	0.399999985737715	-3.32304860428002e-05	36.0880294371233	0.2
0.225	5.3	-1.63575433320874e-30	0.799999959475786	-3.32492777403618e-05	36.064029437979	0.2
0.375	5.3	6.03433014610586e-30	0.799999939927017	-3.32876663555989e-05	36.0400294395547	0.2
0.525	5.3	-1.12654079099054e-29	0.799999931329579	-3.33472266733126e-05	36.0160294415834	0.2
0.675	5.3	1.87881168995237e-30	0.799999937578663	-3.34302381502587e-05	35.992029443675	0.2
0.825	5.3	-2.90405098927001e-29	0.799999962118967	-3.35395920868252e-05	35.9680294453287	0.2
0.975	5.3	-5.4203972099236e-30	0.800000007862641	-3.3678678643361e-05	35.9440294459478	0.2
1.125	5.3	-4.02474577467563e-29	0.800000077135707	-3.3851261981432e-05	35.9200294448569	0.2
1.275	5.3	1.09833897450542e-29	0.800000171653283	-3.40613521293942e-05	35.8960294413197	0.2
1.425	5.3	-9.5414026636117e-30	0.800000292524847	-3.43130801728306e-05	35.8720294345577	0.2
1.575	5.3	8.48417276744371e-29	0.800000440285192	-3.46105835775065e-05	35.8480294237682	0.2
1.725	5.3	7.68087462819505e-29	0.800000614944103	-3.49579064642619e-05	35.8240294081406	0.2
1.875	5.3	1.87853371810266e-28	0.800000816053608	-3.53589213239013e-05	35.8000293868716	0.2
2.025	5.3	1.27329456044214e-28	0.80000104278598	-3.58172671920108e-05	35.7760293591774	0.2
2.175	5.3	1.60072625251871e-28	0.800001294014069	-3.63363110427964e-05	35.7520293243044	0.2
2.325	5.3	-6.66244936331786e-29	0.80000156839474	-3.69191287914836e-05	35.7280292815365	0.2
2.475	5.3	-1.95190291963997e-28	0.800001864447476	-3.75685022511209e-05	35.7040292302007	0.2
2.625	5.3	-5.93847409099422e-28	0.800002180624924	-3.82869313536851e-05	35.6800291696697	0.2
2.775	5.3	-7.38179032200001e-28	0.800002515376856	-3.90766581324517e-05	35.6560290993632	0.2
2.925	5.3	-9.88640741344196e-28	0.800002867204482	-3.99396987181954e-05	35.6320290187471	0.2
3.075	5.3	-6.54544243094625e-28	0.800003234700255	-4.08778821646277e-05	35.608028927331	0.2
3.225	5.3	-2.14643331544777e-28	0.800003616584401	-4.18928905676465e-05	35.5840288246651	0.2
3.375	5.3	1.00606657215498e-27	0.800004011725578	-4.29863012285592e-05	35.5600287103359	0.2
3.525	5.3	2.10948093593905e-27	0.800004419157786	-4.41596287590802e-05	35.5360285839615	0.2
3.675	5.3	3.52165969384642e-27	0.800004838087413	-4.54143630605325e-05	35.5120284451864	0.2
3.825	5.3	3.7762089300837e-27	0.800005267895812	-4.67520070853986e-05	35.4880282936763	0.2
3.975	5.3	3.27128205686266e-27	0.800005708136084	-4.81741086166701e-05	35.4640281291127	0.2
4.125	5.3	5.24168226807178e-28	0.800006158527057	-4.96822903247881e-05	35.4400279511881	0.2
4.275	5.3	-3.06980375699314e-27	0.800006618944664	-5.12782742945911e-05	35.4160277596011	0.2
4.425	5.3	-7.93744202640467e-27	0.800007089410199	-5.29639049253267e-05	35.3920275540514	0.2
4.575	5.3	-1.08412554401784e-26	0.800007570080731	-5.47411671042031e-05	35.3680273342364	0.2
4.725	5.3	-1.14124022044063e-26	0.800008061235562	-5.66122018205754e-05	35.3440270998466	0.2
4.875	5.3	-6.238398564773e-27	0.800008563265234	-5.85793189828815e-05	35.3200268505623	0.2
5.025	5.3	2.36239505424109e-27	0.800009076659793	-6.06450090407699e-05	35.2960265860507	0.2
5.175	5.3	1.37684071485758e-26	0.800009601999949	-6.28119506799101e-05	35.2720263059627	0.2
5.325	5.3	1.95271495074372e-26	0.80001013994442	-6.50830202068648e-05	35.2480260099307	0.2
5.475	5.3	1.54815376384355e-26	0.800010691224422	-6.74612962036157e-05	35.224025697566	0.2
5.625	5.3	-6.24151350915686e-27	0.800011256633868	-6.99500652889631e-05	35.2000253684572	0.2
5.775	5.3	-3.88224720568797e-26	0.800011837023456	-7.25528286471881e-05	35.176025022168	0.2
5.925	5.3	-7.0550247434849e-26	0.80001243329552	-7.52733050218678e-05	35.1520246582358	0.2
6.075	5.3	-6.75435897106664e-26	0.800013046398003	-7.81154354674878e-05	35.1280242761703	0.2
6.225	5.3	7.5489926230682e-28	0.800013677322401	-8.10833886253945e-05	35.1040238754519	0.2
6.375	5.3	1.63853162284714e-25	0.800014327098889	-8.418156465048e-05	35.0800234555309	0.2
6.525	5.3	3.99569799551357e-25	0.800014996795315	-8.74146002633614e-05	35.056023015826	0.2
6.675	5.3	6.30580113280003e-25	0.800015687514363	-9.07873737175391e-05	35.0320225557232	0.2
6.825	5.3	6.82738801613017e-25	0.800016400393651	-9.43050105816067e-05	35.0080220745751	0.2
6.975	5.3	3.41974674757801e-25	0.800017136604008	-9.79728900016968e-05	34.9840215716996	0.2
7.125	5.3	-5.97447488468303e-25	0.800017897349627	-0.00010179665030491	34.9600210463789	0.2
7.275	5.3	-2.14808741393208e-24	0.800018683868297	-0.000105782197172147	34.9360204978586	0.2
7.425	5.3	-3.99488442173641e-24	0.800019497431972	-0.000109935710502253	34.9120199253468	0.2
7.575	5.3	-5.30936433103296e-24	0.80002033934675	-0.000114263652579588	34.8880193280127	0.2
7.725	5.3	-4.81972210097607e-24	0.80002121095518	-0.000118772777346202	34.864018704986	0.2
7.875	5.3	-1.0482344393865e-24	0.800022113635762	-0.000123470139431551	34.8400180553554	0.2
8.025	5.3	6.96434021281242e-24	0.800023048805984	-0.000128363103916898	34.8160173781678	0.2
8.175	5.3	1.87399590560246e-23	0.800024017922718	-0.000133459357074168	34.792016672427	0.2
8.325	5.3	3.11976971712654e-23	0.800025022483522	-0.000138766918412978	34.7680159370925	0.2
8.475	5.3	3.80312307756066e-23	0.800026064029015	-0.000144294151212071	34.744015171078	0.2
8.625	5.3	3.00202383209257e-23	0.800027144145577	-0.000150049776165312	34.7200143732507	0.2
8.775	5.3	-2.54578147209108e-24	0.800028264464019	-0.000156042884532047	34.6960135424293	0.2
8.925	5.3	-6.51187546069849e-23	0.800029426664598	-0.000162282951652911	34.6720126773829	0.2
9.075	5.3	-1.51619333450831e-22	0.800030632477464	-0.000168779851989	34.6480117768294	0.2
9.225	5.3	-2.36773585999752e-22	0.800031883684465	-0.000175543874425232	34.6240108394342	0.2
9.375	5.3	-2.71477065815494e-22	0.800033182122714	-0.000182585738551545	34.6000098638084	0.2
9.525	5.3	-1.87590100107647e-22	0.800034529683003	-0.000189916611875618	34.5760088485069	0.2
9.675	5.3	8.16824247158816e-23	0.800035928315458	-0.000197548126945811	34.5520077920274	0.2
9.825	5.3	5.61641283025912e-22	0.800037380029409	-0.000205492400177717	34.528006692808	0.2
9.975	5.3	1.18122906210108e-21	0.800038886896009	-0.000213762052139757	34.5040055492256	0.2
10.125	5.3	1.72154179336542e-21	0.80004045105018	-0.000222370226517648	34.4800043595942	0.2
10.275	5.3	1.80289960689443e-21	0.800042074690672	-0.000231330612303013	34.4560031221626	0.2
10.425	5.3	9.54902792452891e-22	0.800043760085382	-0.000240657465850417	34.4320018351128	0.2
10.575	5.3	-1.19325053967304e-21	0.800045509569399	-0.000250365633838178	34.4080004965575	0.2
10.725	5.3	-4.60443296632895e-21	0.800047325549485	-0.00026047057815072	34.3839991045386	0.2
10.875	5.3	-8.48168804006275e-21	0.80004921050388	-0.000270988400336068	34.3599976570245	0.2
11.025	5.3	-1.10434731294667e-20	0.800051166985089	-0.000281935868805773	34.3359961519083	0.2
11.175	5.3	-9.67346754572603e-21	0.800053197619816	-0.000293330445656517	34.3119945870054	0.2
11.325	5.3	-1.69462269647633e-21	0.800055305113095	-0.000305190316935502	34.2879929600511	0.2
11.475	5.3	1.41329232859263e-20	0.800057492245369	-0.000317534421107571	34.2639912686986	0.2
11.625	5.3	3.5624168582319e-20	0.800059761877437	-0.000330382481580634	34.2399895105164	0.2
11.775	5.3	5.54234760421789e-20	0.800062116949675	-0.000343755039549526	34.215987682986	0.2
11.925	5.3	6.07302691643158e-20	0.800064560482327	-0.00035767348748593	34.1919857834994	0.2
12.075	5.3	3.5945081523962e-20	0.800067095577042	-0.000372160106458057	34.1679838093571	0.2
12.225	5.3	-3.07418304242837e-20	0.800069725416937	-0.000387238101926981	34.1439817577648	0.2
12.375	5.3	-1.3721247203491e-19	0.800072453266431	-0.000402931644397989	34.119979625832	0.2
12.525	5.3	-2.56498803559904e-19	0.800075282470795	-0.000419265908965326	34.0959774105688	0.2
12.675	5.3	-3.3076199606604e-19	0.800078216456633	-0.000436267119425284	34.0719751088838	0.2
12.825	5.3	-2.77890028752801e-19	0.800081258730446	-0.000453962591950877	34.0479727175814	0.2
12.975	5.3	-1.79556127430378e-20	0.800084412876565	-0.00047238078225487	34.02397023336	0.2
13.125	5.3	4.78585251537745e-19	0.800087682557558	-0.000491551334592537	33.9999676528088	0.2
13.275	5.3	1.12983133998365e-18	0.800091071510295	-0.000511505132379918	33.9759649724065	0.2
13.425	5.3	1.69283385203776e-18	0.80009458354353	-0.000532274352191958	33.9519621885182	0.2
13.575	5.3	1.76400454866282e-18	0.800098222536772	-0.000553892519834098	33.9279592973939	0.2
13.725	5.3	8.73067274793339e-19	0.80010199243278	-0.000576394568516665	33.903956295166	0.2
13.875	5.3	-1.30263916699911e-18	0.800105897236809	-0.000599816899833739	33.8799531778479	0.2
14.025	5.3	-4.62253754718149e-18	0.800109941009869	-0.000624197449759294	33.8559499413318	0.2
14.175	5.3	-8.16073052422699e-18	0.800114127861981	-0.000649575753538465	33.8319465813873	0.2
14.325	5.3	-1.005796514303e-17	0.800118461946222	-0.000675993018364661	33.8079430936601	0.2
14.475	5.3	-7.78523361182284e-18	0.8001229474516	-0.000703492196836028	33.7839394736706	0.2
14.625	5.3	9.75698639357219e-19	0.800127588591269	-0.000732118063539859	33.759935716813	0.2
14.775	5.3	1.68070580773208e-17	0.800132389597114	-0.000761917297598648	33.7359318183551	0.2
14.925	5.3	3.67070903959677e-17	0.800137354703245	-0.000792938567859713	33.7119277734372	0.2
15.075	5.3	5.27070804759978e-17	0.800142488137119	-0.000825232623247276	33.6879235770729	0.2
15.225	5.3	5.21582108019594e-17	0.80014779410441	-0.000858852385647069	33.663919224149	0.2
15.375	5.3	2.09741600073463e-17	0.800153276771897	-0.000893853050464956	33.6399147094266	0.2
15.525	5.3	-4.94743845517358e-17	0.800158940251641	-0.000930292189973044	33.6159100275426	0.2
15.675	5.3	-1.52623735038866e-16	0.800164788580915	-0.000968229864006628	33.5919051730115	0.2
15.825	5.3	-2.57295315674362e-16	0.800170825700652	-0.00100772873425753	33.5679001402278	0.2
15.975	5.3	-3.04305120404571e-16	0.800177055432504	-0.00104885418692829	33.5438949234695	0.2
16.125	5.3	-2.16304546567992e-16	0.800183481451094	-0.00109167445996254	33.5198895169018	0.2
16.275	5.3	7.33313519983808e-17	0.80019010725827	-0.00113626077941549	33.4958839145824	0.2
16.425	5.3	5.72696089526313e-16	0.800196936149467	-0.00118268750150719	33.4718781104663	0.2
16.575	5.3	1.17577931623746e-15	0.80020397117992	-0.00123103226260616	33.4478720984134	0.200000000000001
16.725	5.3	1.62444905459494e-15	0.800211215128042	-0.00128137613996457	33.4238658721956	0.200000000000001
16.875	5.3	1.52516246149847e-15	0.800218670453662	-0.0013338038186084	33.3998594255058	0.200000000000001
17.025	5.3	4.58295661994131e-16	0.800226339254538	-0.00138840377013057	33.3758527519683	0.2
17.175	5.3	-1.80250569303934e-15	0.800234223215647	-0.0014452684409937	33.3518458451505	0.199999999999999
17.325	5.3	-4.99182054063832e-15	0.800242323560304	-0.0015044944529793	33.3278386985754	0.199999999999996
17.475	5.3	-8.0779916247626e-15	0.800250640989528	-0.00156618281451583	33.3038313057369	0.199999999999994
17.625	5.3	-9.19155039101464e-15	0.800259175622407	-0.0016304391460917	33.279823660116	0.199999999999993
17.775	5.3	-5.97370459156657e-15	0.800267926929258	-0.00169737391952405	33.2558157551995	0.199999999999995
17.925	5.3	3.49119509915595e-15	0.800276893657791	-0.00176710271157698	33.2318075845003	0.200000000000003
18.075	5.3	1.91887778127424e-14	0.800286073758005	-0.00183974647549285	33.2077991415801	0.200000000000015
18.225	5.3	3.75068417528619e-14	0.800295464296452	-0.00191543182882172	33.1837904200748	0.20000000000003
18.375	5.3	5.01871994111238e-14	0.800305061368364	-0.00199429136059199	33.1597814137222	0.20000000000004
18.525	5.3	4.50352175473088e-14	0.800314859999648	-0.00207646395982528	33.1357721163927	0.200000000000036
18.675	5.3	9.50226875471808e-15	0.800324854044086	-0.00216209516616486	33.1117625221223	0.200000000000008
18.825	5.3	-6.24245345494069e-14	0.800335036074727	-0.00225133754452777	33.08775262515	0.19999999999995
18.975	5.3	-1.61107961967676e-13	0.800345397264753	-0.00234435108683008	33.0637424199578	0.199999999999871
19.125	5.3	-2.53211424109446e-13	0.800355927263652	-0.00244130364170283	33.0397319013142	0.199999999999797
19.275	5.3	-2.80236506035384e-13	0.800366614063307	-0.00254237137607539	33.015721064322	0.199999999999776
19.425	5.3	-1.70173931145543e-13	0.800377443859458	-0.00264773927094171	32.9917099044704	0.199999999999864
19.575	5.3	1.33055126002302e-13	0.800388400901909	-0.00275760165342121	32.9676984176905	0.200000000000106
19.725	5.3	6.23795873846321e-13	0.800399467339983	-0.0028721627705903	32.9436866004163	0.200000000000499
19.875	5.3	1.18446779659994e-12	0.800410623057464	-0.00299163740653481	32.91967444965	0.200000000000948
20.025	5.3	1.55575953946866e-12	0.800421845502915	-0.0031162515479649	32.8956619630326	0.200000000001245
20.175	5.3	1.36171954064595e-12	0.80043310951253	-0.00324624310328181	32.8716491389195	0.200000000001089
20.325	5.3	2.22765625126023e-13	0.800444387123973	-0.00338186267891708	32.8476359764616	0.200000000000178
20.475	5.3	-2.03183044925548e-12	0.800455647389967	-0.00352337441914462	32.823622475692	0.199999999998375
20.625	5.3	-5.08682693394926e-12	0.800466856182885	-0.00367105691500091	32.7996086376186	0.199999999995931
20.775	5.3	-7.90053639523367e-12	0.800477975999785	-0.00382520419056136	32.775594464322	0.19999999999368
20.925	5.3	-8.66834511100628e-12	0.800488965765469	-0.00398612677107389	32.7515799590601	0.199999999993065
21.075	5.3	-5.18579891040323e-12	0.800499780637633	-0.00415415284514775	32.7275651263778	0.199999999995851
21.225	5.3	4.25094697099907e-12	0.800510371816799	-0.00432962952622519	32.7035499722229	0.200000000003401
21.375	5.3	1.94539824452188e-11	0.800520686365539	-0.0045129242266782	32.6795345040679	0.200000000015563
21.525	5.3	3.68238187706794e-11	0.800530667040498	-0.00470442615316356	32.6555187310372	0.200000000029459
21.675	5.3	4.84436241504344e-11	0.80054025214157	-0.00490454793543674	32.6315026640384	0.200000000038755
21.825	5.3	4.281893350419e-11	0.800549375387863	-0.00511372740208359	32.6074863158994	0.200000000034255
21.975	5.3	8.25193750624495e-12	0.800557965824718	-0.00533242951611867	32.5834697015069	0.200000000006602
22.125	5.3	-6.07898656005756e-11	0.800565947769366	-0.00556114848744073	32.5594528379483	0.199999999951368
22.275	5.3	-1.55312433250143e-10	0.800573240810115	-0.00580041007896966	32.5354357446525	0.19999999987575
22.425	5.3	-2.44398076816017e-10	0.800579759869626	-0.0060507741296502	32.5114184435295	0.199999999804482
22.575	5.3	-2.73694000990553e-10	0.800585415349658	-0.00631283731684305	32.4874009591072	0.199999999781045
22.725	5.3	-1.75605703829562e-10	0.800590113379008	-0.00658723618896012	32.4633833186612	0.199999999859515
22.875	5.3	1.04542595922877e-10	0.800593756191046	-0.00687465049602255	32.4393655523382	0.200000000083634
23.025	5.3	5.67324175709023e-10	0.800596242656468	-0.00717580684845456	32.4153476932696	0.200000000453859
23.175	5.3	1.11298668700813e-09	0.800597469007878	-0.0074914827299567	32.3913297776698	0.200000000890389
23.325	5.3	1.51129218373289e-09	0.800597329778866	-0.00782251088355036	32.3673118449153	0.200000001209034
23.475	5.3	1.41737973658601e-09	0.800595718998168	-0.00816978408639224	32.3432939375927	0.200000001133904
23.625	5.3	4.63521362590452e-10	0.800592531662195	-0.00853426032511153	32.3192761015031	0.200000000370817
23.775	5.3	-1.55971686160704e-09	0.800587665533228	-0.0089169683980149	32.2952583856039	0.199999998752227
23.925	5.3	-4.4565567081559e-09	0.800581023310015	-0.0093190139984864	32.2712408418708	0.199999996434755
24.075	5.3	-7.39197287950206e-09	0.800572515276237	-0.00974158638105995	32.2472235250616	0.199999994086422
24.225	5.3	-8.80706247637509e-09	0.800562062550682	-0.0101859657669974	32.2232064923745	0.19999999295435
24.375	5.3	-6.65253666790219e-09	0.8005496011403	-0.010653531698649	32.1991898030007	0.199999994677971
24.525	5.3	9.22357955753552e-10	0.800535087034448	-0.0111457725439106	32.1751735175842	0.200000000737886
24.675	5.3	1.44178251154512e-08	0.800518502585485	-0.0116642962785156	32.1511576976014	0.20000001153426
24.825	5.3	3.1599064027605e-08	0.800499864372801	-0.0122108424738227	32.1271424046591	0.200000025279251
24.975	5.3	4.64186795309062e-08	0.800479232624892	-0.0127872951314957	32.1031276996682	0.200000037134944
25.125	5.3	4.9058915805318e-08	0.800456722096673	-0.0133956956844207	32.0791136417838	0.200000039247133
25.275	5.3	2.7975535971755e-08	0.800432514136515	-0.0140382552904818	32.0551002869177	0.200000022380429
25.425	5.3	-2.55070451640147e-08	0.800406869647614	-0.0147173656796538	32.0310876855615	0.199999979594364
25.575	5.3	-1.10375187210432e-07	0.800380142910457	-0.0154356084865647	32.0070758796387	0.19999991169985
25.725	5.3	-2.08598314799389e-07	0.800352796884381	-0.0161957643125545	31.9830648981889	0.199999833121348
25.875	5.3	-2.80613455264999e-07	0.800325421717829	-0.0170008245161051	31.9590547518942	0.199999775509236
26.025	5.3	-2.6810422129958e-07	0.800298759499727	-0.0178540104237566	31.9350454267856	0.199999785516623
26.175	5.3	-1.08368993858885e-07	0.800273739386997	-0.0187588052812779	31.9110368778195	0.199999913304805
26.325	5.3	2.3788227598535e-07	0.800251527353736	-0.0197190026328998	31.8870290232363	0.200000190305821
26.475	5.3	7.48659758340918e-07	0.800233593127518	-0.0207387698843559	31.8630217404905	0.200000598927807
26.625	5.3	1.30352565060117e-06	0.800221792893796	-0.021822717367127	31.839014863864	0.200001042820521
26.775	5.3	1.66555806302393e-06	0.800218460211499	-0.0229759526773439	31.8150081825705	0.20000133244645
26.925	5.3	1.50529873187588e-06	0.800226490842598	-0.024204090948124	31.7910014363769	0.200001204238986
27.075	5.3	4.86342149861981e-07	0.80024940278852	-0.025513189578377	31.7669943040208	0.20000038907372
27.225	5.3	-1.58237748002429e-06	0.800291354912576	-0.0269095871020923	31.7429863788027	0.199998734098016
27.375	5.3	-4.54959281367616e-06	0.800357120293893	-0.0283996549724202	31.7189771266532	0.199996360325749
27.525	5.3	-7.7374854027619e-06	0.800452036060522	-0.029989517474099	31.6949658254969	0.199993810011678
27.675	5.3	-9.86121077178189e-06	0.800581987560841	-0.0316848494934362	31.6709514909262	0.199992111031383
27.825	5.3	-9.15842578160105e-06	0.800753522212375	-0.0334909046750041	31.6469328009731	0.199992673259375
27.975	5.3	-3.81400850985713e-06	0.800974210680735	-0.0354129291335601	31.6229080396674	0.199996948793192
28.125	5.3	7.30550426237508e-06	0.801253358584294	-0.0374570485833678	31.5988750815136	0.20000584440341
28.275	5.3	2.37130851935997e-05	0.801603100654518	-0.0396315615552798	31.574831433298	0.200018970468155
28.425	5.3	4.2410698160644e-05	0.802039773091506	-0.0419483384187686	31.5507743334385	0.200033928558529
28.575	5.3	5.74294413543059e-05	0.802585274340931	-0.0444237665874453	31.5267008832965	0.200045943553083
28.725	5.3	6.0232335323755e-05	0.803267936433731	-0.0470784901662898	31.5026081548923	0.200048185868259
28.875	5.3	4.13196330357016e-05	0.804122313655979	-0.04993518502756	31.4784931952616	0.200033055706429
29.025	5.3	-6.89247073626915e-06	0.805187340471326	-0.0530138920093392	31.4543528418236	0.199994486023411
29.175	5.3	-8.62760278329388e-05	0.806502589796671	-0.0563250455932402	31.4301832867686	0.199930979177734
29.325	5.3	-0.000189130509658423	0.808102904640261	-0.0598612252667678	31.4059793860774	0.199848695592273
29.475	5.3	-0.000295518556739276	0.810012434697431	-0.0635896368980476	31.3817337933496	0.199763585154609
29.625	5.3	-0.000373198055918745	0.812239934713404	-0.0674480859800783	31.3574360896849	0.199701441555265
29.775	5.3	-0.000381263338992038	0.814777795871578	-0.0713473192267713	31.3330721475942	0.199694989328806
29.925	5.3	-0.000277844911977529	0.817607296331715	-0.0751816791806561	31.3086239767093	0.199777724070418
30.075	5.3	-3.10826516461798e-05	0.820711587628772	-0.0788478561348628	31.2840702301409	0.199975133878683
30.225	5.3	0.000368646880498716	0.824095848093686	-0.0822684598090784	31.2593874038258	0.200294917504399
30.375	5.3	0.000898218157056241	0.827811235660632	-0.0854141625988341	31.234551567168	0.200718574525645
30.525	5.3	0.00149620792366946	0.831976753906015	-0.0883166989982224	31.2095402764663	0.201196966338936
30.675	5.3	0.00206492033627888	0.836792092698627	-0.091066155328436	31.1843342074829	0.201651936269023
30.825	5.3	0.00248105363533921	0.842535577002474	-0.0937897694539344	31.1589180527421	0.201984842908271
30.975	5.3	0.00261394894709965	0.849544200313109	-0.0966146075952562	31.1332803826332	0.20209115915768
31.125	5.3	0.00234821850810783	0.85817621485092	-0.0996211218602785	31.107412441083	0.201878574806486
31.275	5.3	0.00160604397716722	0.868759853518035	-0.102797326486284	31.0813061652772	0.201284835181734
31.425	5.3	0.000364085846656202	0.881534183645532	-0.106003824240133	31.0549519859047	0.200291268677325
31.575	5.3	-0.00133905355205203	0.896590229125053	-0.108958555992606	31.0283370852697	0.198928757158358
31.725	5.3	-0.00340674248788001	0.913822614290326	-0.111247309675121	31.0014447119166	0.197274606009696
31.875	5.3	-0.00569887111456154	0.932903395196702	-0.112361716264743	30.9742548864107	0.195440903108351
32.025	5.3	-0.00805386998055664	0.953288732715297	-0.111760724103956	30.9467464672956	0.193556904015555
32.175	5.3	-0.0103135023188377	0.974263924630069	-0.108945229575121	30.9189002016895	0.19174919814493
32.325	5.3	-0.0123454790190978	0.995023080206423	-0.103530637767911	30.8907021693968	0.190123616784722
32.475	5.3	-0.014059845532262	1.01476917892044	-0.0953010952186813	30.8621469856515	0.18875212357419
32.625	5.3	-0.0154166613361567	1.03281297401681	-0.0842334906902526	30.8332402181591	0.187666670931075
32.775	5.3	-0.0164241447570808	1.04864878133106	-0.0704883075072334	30.8039996138931	0.186860684194335
32.925	5.3	-0.0171278419809205	1.06199187403535	-0.0543747999646709	30.7744548495314	0.186297726415264
33.075	5.3	-0.0175925820780117	1.07277293294317	-0.0363053050914075	30.7446456124118	0.185925934337591
33.225	5.3	-0.0178803599372584	1.08109578157043	-0.0167542513385072	30.7146179565645	0.185695712050193
33.375	5.3	-0.0180290290212962	1.0871729078357	0.00376927716317803	30.6844191571259	0.185576776782963
33.525	5.3	-0.0180383303459916	1.09125846526098	0.0247383765862639	30.654091743352	0.185569335723207
33.675	5.3	-0.0178701565985895	1.09360065164213	0.0456293838926499	30.6236679245756	0.185703874721128
33.825	5.3	-0.0174676405475156	1.09443333727014	0.0659672144741268	30.5931659798297	0.186025887561988
33.975	5.3	-0.0167920822270733	1.09401790820657	0.0854073992213831	30.5625900446927	0.186566334218341
34.125	5.3	-0.0158689758446378	1.09272913591807	0.103845335742252	30.5319339066187	0.18730481932429
34.275	5.3	-0.0148271910572508	1.09115752887761	0.121515761782719	30.5011880146806	0.188138247154199
34.425	5.3	-0.0139123610171979	1.09018634905626	0.139030066900037	30.4703473671631	0.188870111186242
34.575	5.3	-0.0134596350469984	1.09100458470242	0.157309580003944	30.4394169295926	0.189232291962401
34.725	5.3	-0.0138225201746164	1.09503475028662	0.177404378409771	30.4084113777317	0.188941983860307
34.875	5.3	-0.0152704762997516	1.10376998066653	0.200218242653418	30.3773475181581	0.187783618960199
35.025	5.3	-0.0178824623700588	1.11851572810421	0.226176172392316	30.3462304012909	0.185694030103953
35.175	5.3	-0.0214705960183441	1.14002738744105	0.25488056481525	30.3150370101722	0.182823523185325
35.325	5.3	-0.025563769245047	1.16806118165967	0.284830559954103	30.283703254241	0.179548984603962
35.475	5.3	-0.0294658456793265	1.20094795478752	0.313335264089911	30.2521197504355	0.176427323456539
35.625	5.3	-0.0323810400633477	1.23543998667507	0.336794906324778	30.2201392442588	0.174095167949322
35.775	5.3	-0.0335766006866705	1.26713445945401	0.351459583979798	30.1875945108441	0.173138719450664
35.925	5.3	-0.0325377294604334	1.29155063851449	0.354526965765125	30.1543222329543	0.173969816431653
36.075	5.3	-0.0290695087489404	1.30545941246199	0.345108758213374	30.1201872625957	0.176744393000848
36.225	5.3	-0.0233184919728597	1.30776097126653	0.324513148041164	30.0851024435215	0.181345206421712
36.375	5.3	-0.0157156717238185	1.29947451079342	0.295678825089875	30.0490404076103	0.187427462620945
36.525	5.3	-0.00686816628488115	1.28301114734224	0.262147930402249	30.0120352804319	0.194505466972095
36.675	5.3	0.00256270812596429	1.26125361489016	0.227149852256775	29.9741746029071	0.202050166500771
36.825	5.3	0.0119653262586909	1.23686120466891	0.193112636825137	29.9355843295654	0.209572261006953
36.975	5.3	0.0208465567078567	1.21192615749299	0.161580971971481	29.8964110631428	0.216677245366285
37.125	5.3	0.0288628172273422	1.18790661107389	0.133363300569606	29.8568052831475	0.223090253781874
37.275	5.3	0.0358201136694107	1.16570831548742	0.108745679990097	29.8169079469427	0.228656090935529
37.425	5.3	0.0416536260154801	1.14581602622451	0.0876836375400982	29.7768413911704	0.233322900812384
37.575	5.3	0.0463972318504356	1.12842055332655	0.0699435241828823	29.7367044112319	0.237117785480348
37.725	5.3	0.0501510921293494	1.11352073072476	0.0551957748986229	29.6965708163618	0.24012087370348
37.875	5.3	0.0530525435306399	1.10099748644693	0.0430724789104018	29.6564905400073	0.242442034824512
38.025	5.3	0.0552529318930077	1.0906644680583	0.0332016386417108	29.6164923950766	0.244202345514406
38.175	5.3	0.0569010764764855	1.08230134118336	0.0252272600841081	29.5765876936266	0.245520861181188
38.325	5.3	0.0581328394533946	1.07567518758655	0.0188210500307057	29.5367741278731	0.246506271562716
38.475	5.3	0.0590656736478609	1.07055406429254	0.0136889931766706	29.4970394896553	0.247252538918289
38.625	5.3	0.0597968523040792	1.06671547719202	0.00957453227489088	29.4573649647394	0.247837481843263
38.775	5.3	0.0604041710031576	1.06395152007207	0.00625925909306006	29.4177278663421	0.248323336802526
38.925	5.3	0.060948117028559	1.06207176225109	0.00356167572722518	29.3781037672413	0.248758493622847
39.075	5.3	0.0614747367639738	1.06090457483688	0.00133448326925228	29.338468054833	0.249179789411179
39.225	5.3	0.0620186495976268	1.06029738018185	-0.00053915391394779	29.2987969736783	0.249614919678101
39.375	5.3	0.0626058384228871	1.06011620980302	-0.00214992124688059	29.2590682412163	0.25008467073831
39.525	5.3	0.0632559906172344	1.06024489822568	-0.00356682819263424	29.2192613296964	0.250604792493788
39.675	5.3	0.0639842742436925	1.06058418613247	-0.00484149392681059	29.1793575054026	0.251187419394954
39.825	5.3	0.0648025200113581	1.06105093613274	-0.00601198650528064	29.1393397082667	0.251842016009086
39.975	5.3	0.0657198461667119	1.06157757688445	-0.00710606025167996	29.0991923433494	0.25257587693337
40.125	5.3	0.0667428141612926	1.06211179549261	-0.00814373588927459	29.0589010420424	0.253394251329034
40.275	5.3	0.0678752388968224	1.06261640739813	-0.00913925413288238	29.0184524363754	0.254300191117458
40.425	5.3	0.0691177981797463	1.06306926177418	-0.0101024984150574	28.9778339753967	0.255294238543797
40.575	5.3	0.07046759079533	1.06346300060713	-0.0110400213964713	28.9370337990642	0.256374072636264
40.725	5.3	0.0719177810550073	1.0638044879449	-0.0119558210706612	28.8960406732276	0.257534224844006
40.875	5.3	0.0734574410602996	1.06411376237721	-0.0128519973271956	28.8548439798077	0.25876595284824
41.025	5.3	0.0750716635528071	1.0644224335371	-0.0137293843407678	28.8134337497294	0.260057330842246
41.175	5.3	0.0767419732340126	1.06477152912548	-0.0145882071103552	28.7718007227214	0.26139357858721
41.325	5.3	0.0784470191350365	1.06520888603781	-0.0154287626954863	28.7299364176167	0.262757615308029
41.475	5.3	0.0801634913287776	1.06578625132354	-0.0162520883538693	28.6878331987114	0.264130793063022
41.625	5.3	0.0818671771849855	1.06655630350614	-0.0170605569882587	28.6454843272773	0.265493741747988
41.775	5.3	0.0835340585453315	1.06756981627277	-0.0178583375098239	28.6028839915705	0.266827246836265
41.925	5.3	0.0851413521550139	1.06887316575424	-0.0186516716177921	28.5600273128129	0.268113081724011
42.075	5.3	0.0866684095049975	1.07050633650323	-0.019448943264882	28.5169103280378	0.269334727603998
42.225	5.3	0.0880974151723996	1.0725015202799	-0.0202605454529706	28.4735299530507	0.27047793213792
42.375	5.3	0.0894138501611218	1.07488233704101	-0.0210985742819796	28.4298839300118	0.271531080128897
42.525	5.3	0.0906067140791544	1.07766364869936	-0.021976397760609	28.3859707644543	0.272485371263324
42.675	5.3	0.0916685235189081	1.08085189008857	-0.022908154720828	28.3417896561879	0.273334818815126
42.825	5.3	0.0925951214423234	1.08444581115926	-0.0239082377895137	28.2973404277913	0.274076097153859
42.975	5.3	0.0933853426630143	1.08843751031001	-0.0249908059227587	28.2526234535387	0.274708274130411
43.125	5.3	0.0940405840443368	1.09281363865781	-0.0261693593887692	28.2076395908045	0.275232467235469
43.275	5.3	0.0945643259702378	1.09755666575549	-0.0274563962976006	28.1623901153398	0.27565146077619
43.425	5.3	0.0949616456507768	1.10264611490918	-0.0288631571778306	28.1168766613444	0.275969316520621
43.575	5.3	0.0952387546397636	1.10805969726717	-0.0303994542115455	28.0711011669311	0.276191003711811
43.725	5.3	0.0954025841201814	1.11377429523742	-0.0320735752165701	28.0250658253562	0.276322067296145
43.875	5.3	0.0954604332488249	1.11976676540977	-0.0338922491945005	27.9787730422027	0.27636834659906
44.025	5.3	0.0954196889108491	1.12601454770882	-0.0358606596297902	27.9322253984963	0.276335751128679
44.175	5.3	0.0952876199402835	1.13249608049883	-0.0379824927882686	27.8854256194558	0.276230095952227
44.325	5.3	0.0950712451724627	1.13919103081659	-0.0402600100654757	27.8383765482018	0.27605699613797
44.475	5.3	0.0947772721446245	1.14608035547247	-0.0426941351844866	27.7910811232575	0.2758218177157
44.625	5.3	0.0944121011762412	1.1531462131969	-0.045284548252172	27.7435423581334	0.275529680940993
44.775	5.3	0.0939818870788259	1.16037175131513	-0.0480297794152546	27.6957633207973	0.275185509663061
44.925	5.3	0.0934926470341304	1.16774079354398	-0.0509272957202323	27.6477471105981	0.274794117627304
45.075	5.3	0.0929503976860165	1.17523745913161	-0.0539735768908878	27.5994968305035	0.274360318148813
45.225	5.3	0.0923612972533304	1.18284574795707	-0.0571641804555682	27.5510155536418	0.273889037802664
45.375	5.3	0.0917317604463325	1.19054913088965	-0.0604938051057996	27.5023062853705	0.273385408357066
45.525	5.3	0.0910685072831306	1.19833018810024	-0.0639563734716155	27.4533719255466	0.272854805826505
45.675	5.3	0.0903785048962199	1.20617033731803	-0.0675451699256418	27.4042152401334	0.272302803916976
45.825	5.3	0.0896687683636477	1.21404968510969	-0.0712530812050553	27.3548388560906	0.271735014690918
45.975	5.3	0.0889460069259516	1.2219470122094	-0.0750729903156923	27.3052452974278	0.271156805540761
46.125	5.3	0.0882161389849572	1.22983986414102	-0.0789983578323775	27.2554370815794	0.270572911187966
46.275	5.3	0.0874837535612129	1.23770465836528	-0.0830239795204516	27.2054168917271	0.26998700284897
46.425	5.3	0.0867516633119078	1.24551664118044	-0.087146828505258	27.1551878302421	0.269401330649526
46.575	5.3	0.0860207644642756	1.25324944107146	-0.0913667750070727	27.1047537395831	0.268816611571421
46.725	5.3	0.0852904748536369	1.26087388889156	-0.0956868401732799	27.0541195497814	0.26823237988291
46.875	5.3	0.0845600392987161	1.26835573744469	-0.100112511480644	27.0032915783982	0.267648031438973
47.025	5.3	0.083830945302298	1.2756519495651	-0.104649569936413	26.9522776748939	0.267064756241838
47.175	5.3	0.0831105575112539	1.28270537358429	-0.109299910758476	26.9010870753102	0.266488446009003
47.325	5.3	0.0824168431156481	1.28943792338321	-0.114055041659504	26.8497298263858	0.265933474492519
47.475	5.3	0.0817837295960616	1.29574284891	-0.1188873721072	26.7982156631779	0.265426983676849
47.625	5.3	0.0812662486021892	1.30147731443376	-0.123740091705893	26.7465522915837	0.265012998881751
47.775	5.3	0.0809442499869091	1.30645723087298	-0.128517341435933	26.6947431413555	0.264755399989527
47.925	5.3	0.0809232283886607	1.3104569509748	-0.133077353751494	26.642784809565	0.264738582710929
48.075	5.3	0.0813308218275023	1.31321672756099	-0.13723194263884	26.5906645865841	0.265064657462002
48.225	5.3	0.0823079354492893	1.31446032041909	-0.1407556413495	26.5383586069457	0.265846348359431
48.375	5.3	0.0839942698700108	1.31392339016233	-0.143406346258381	26.4858312437101	0.267195415896009
48.525	5.3	0.086509233641569	1.31139023993365	-0.144956278009791	26.4330363149387	0.269207386913255
48.675	5.3	0.0899305866601542	1.30673268950832	-0.145227957879016	26.3799204617953	0.271944469328123
48.825	5.3	0.0942743587396456	1.29994189279622	-0.144126272276812	26.3264286965981	0.275419486991716
48.975	5.3	0.0994802299994596	1.29114359087532	-0.1416566149256	26.2725116630254	0.279584183999568
49.125	5.3	0.105406345190603	1.28059066596578	-0.137921848061448	26.2181336984138	0.284325076152483
49.275	5.3	0.111836369902292	1.26863311381256	-0.133096773913139	26.1632804514391	0.289469095921833
49.425	5.3	0.118499657264647	1.25567214859197	-0.127385460510287	26.1079646742603	0.294799725811718
49.575	5.3	0.125103077096276	1.24210930987652	-0.120971312275071	26.0522289099049	0.300082461677021
49.725	5.3	0.131370858821739	1.22830180388053	-0.113970901253881	25.9961441084464	0.305096687057391
49.875	5.3	0.137087149539832	1.21453250016229	-0.106401025097111	25.9398036665837	0.309669719631866
50.025	5.3	0.142135148087335	1.2009987509498	-0.0981660535526891	25.8833129268037	0.313708118469868
50.175	5.3	0.146526689294315	1.18782002830069	-0.089070708041587	25.8267747490502	0.317221351435452
50.325	5.3	0.150416896339344	1.17506086971667	-0.0788618487476583	25.7702723644118	0.320333517071475
50.475	5.3	0.154099804204649	1.16276261716027	-0.0672999751778714	25.7138513346994	0.323279843363719
50.625	5.3	0.157982541751602	1.15097481353224	-0.0542547363872688	25.6575030493884	0.326386033401281
50.775	5.3	0.162537726827225	1.13977569409775	-0.0398077647265511	25.6011527035193	0.33003018146178
50.925	5.3	0.168236293516766	1.12927291234456	-0.0243332287583219	25.5446549356438	0.334589034813413
51.075	5.3	0.175466187598254	1.11958226794277	-0.00851948825921558	25.4878000033846	0.340372950078603
51.225	5.3	0.184446226274918	1.11079275204267	0.00669546973249191	25.4303322798252	0.347556981019934
51.375	5.3	0.195148516396918	1.10293510237401	0.0202722772601436	25.371980870753	0.356118813117534
51.525	5.3	0.207246239139826	1.09597081549603	0.0312603885513294	25.3124994979442	0.365796991311861
51.675	5.3	0.220104803945018	1.08980743214754	0.0389644234725834	25.2517100226908	0.376083843156015
51.825	5.3	0.232831811475206	1.08433071822786	0.0430309973675305	25.1895418077297	0.386265449180165
51.975	5.3	0.244393119153038	1.07943593687276	0.0434400525619379	25.12605817511	0.39551449532243
52.125	5.3	0.253787307492948	1.07504300221159	0.040428252200596	25.0614620397881	0.403029845994359
52.275	5.3	0.260249854646484	1.07108926132773	0.0343945669891047	24.9960758504244	0.408199883717187
52.425	5.3	0.263436095614779	1.06750249154398	0.0258318930297209	24.9302964862108	0.410748876491824
52.575	5.3	0.263517859376219	1.06416385486792	0.0153004311308196	24.8645332157083	0.410814287500975
52.725	5.3	0.261134162881862	1.06087872597056	0.00342065906762668	24.7991443714642	0.40890733030549
52.875	5.3	0.257169919857114	1.05738273120592	-0.00916949824101002	24.734392889424	0.405735935885691
53.025	5.3	0.252396499370075	1.05341178773278	-0.0219551355396251	24.6704389198537	0.40191719949606
53.175	5.3	0.247077857937359	1.04884261739498	-0.0348003105144847	24.6073775947315	0.397662286349888
53.325	5.3	0.240697670701495	1.04386329846635	-0.0482509660932596	24.5453133738774	0.392558136561196
53.475	5.3	0.231966047021912	1.03909675063152	-0.0637519659298312	24.4844444853504	0.385572837617529
53.625	5.3	0.219199738016438	1.03561548803222	-0.0836665405644439	24.4251191290675	0.37535979041315
53.775	5.3	0.201042245774233	1.03483414416126	-0.111050826305312	24.3678259615896	0.360833796619386
53.925	5.3	0.177337683997715	1.03826019986133	-0.149100652882041	24.3130981891348	0.341870147198172
54.075	5.3	0.149859362524415	1.04694992380083	-0.199958430705332	24.2613409113827	0.319887490019532
54.225	5.3	0.122583842839837	1.06030248930064	-0.262317978647356	24.2126263341447	0.29806707427187
54.375	5.3	0.101310952721519	1.07397335016902	-0.327850757015369	24.1665285331341	0.281048762177216
54.525	5.3	0.0926179770982638	1.07839427377378	-0.379448622210361	24.1220746699419	0.274094381678611
54.675	5.3	0.102363062442094	1.06219557651056	-0.39770734328932	24.0778539896315	0.281890449953675
54.825	5.3	0.134188201460171	1.02119522396472	-0.375179383042301	24.0322478332417	0.307350561168136
54.975	5.3	0.188526930078984	0.962684778781552	-0.322546280622273	23.9836945120873	0.350821544063187
55.125	5.3	0.262361659097695	0.89892285817527	-0.258418115174044	23.9309286650803	0.409889327278156
55.275	5.3	0.349721939184976	0.839237643664708	-0.197051310842005	23.8731568464038	0.479777551347981
55.425	5.3	0.442857091418553	0.787942932565365	-0.145021402883032	23.8101344505775	0.554285673134842
55.575	5.3	0.533860136175151	0.745853549810472	-0.103624549474796	23.7421332027733	0.627088108940121
55.725	5.3	0.616228125694907	0.71211429411425	-0.0717675034359704	23.6698196829486	0.692982500555926
55.875	5.3	0.685801907275282	0.685333557515127	-0.0476748268172251	23.5940883795084	0.748641525820226
56.025	5.3	0.740879050015791	0.664121480242199	-0.0296246521090326	23.5158989348906	0.792703240012633
56.175	5.3	0.781715973432393	0.647289410524478	-0.0161802812208042	23.4361530047635	0.825372778745915
56.325	5.3	0.809803649091602	0.633888179181361	-0.00621308612576103	23.3556224170655	0.847842919273282
56.475	5.3	0.82721135283072	0.623182426671237	0.00114333334270751	23.2749217234647	0.861769082264576
56.625	5.3	0.836122073796812	0.61460783019697	0.00655119486479242	23.1945106126909	0.868897659037449
56.775	5.3	0.838560315997086	0.607730500968077	0.0105193767881478	23.1147123319996	0.870848252797669
56.925	5.3	0.836262903146958	0.602214429366001	0.0134424629559781	23.0357382992091	0.869010322517566
57.075	5.3	0.830639574876865	0.597797268852268	0.0156287444392405	22.9577131653533	0.864511659901492
57.225	5.3	0.822783609766711	0.594272905702538	0.0173195625218918	22.8806974864552	0.858226887813369
57.375	5.3	0.813507369591877	0.591478972147077	0.0187025820244656	22.8047068694416	0.850805895673502
57.525	5.3	0.803388223571365	0.589287710807745	0.0199212310568667	22.7297273474546	0.842710578857092
57.675	5.3	0.792816651790321	0.587598988104795	0.0210819777025794	22.6557271730754	0.834253321432257
57.825	5.3	0.782041831261003	0.58633463791839	0.0222605124926964	22.5826654252058	0.825633465008802
57.975	5.3	0.771211988302712	0.58543364023457	0.0235073819726438	22.5104979234479	0.816969590642169
58.125	5.3	0.760408074369145	0.584847881630523	0.0248532409696287	22.4391809807829	0.808326459495316
58.275	5.3	0.749670268686726	0.584538402018039	0.0263136778785492	22.3686735181976	0.799736214949381
58.425	5.3	0.739017547465091	0.584472115550541	0.027893494711461	22.2989380220464	0.791214037972073
58.575	5.3	0.728461093465899	0.584619022298717	0.0295903443896616	22.2299407554098	0.782768874772719
58.725	5.3	0.718012641161236	0.584949922887652	0.0313976914051781	22.16165154977	0.774410112928989
58.875	5.3	0.707688972520011	0.585434629387586	0.0333071296354506	22.0940434146578	0.766151178016009
59.025	5.3	0.697513733593294	0.586040645116201	0.0353101406028879	22.0270921204833	0.758010986874635
59.175	5.3	0.687517584909881	0.586732270335929	0.0373993996223166	21.9607758403321	0.750014067927905
59.325	5.3	0.67773748350629	0.587470082185134	0.0395697387126181	21.8950748834259	0.742189986805032
59.475	5.3	0.668215667162021	0.588210734888246	0.041818861158657	21.8299715165688	0.734572533729617
59.625	5.3	0.658998704683437	0.588907028679782	0.0441478813070329	21.7654498484581	0.72719896374675
59.775	5.3	0.650136808435859	0.589508201411663	0.0465617413224644	21.7014957422695	0.720109446748687
59.925	5.3	0.641683483408291	0.589960404727441	0.0490695386293781	21.6380967210267	0.713346786726633
60.075	5.3	0.633695508957895	0.590207337062812	0.0516847854051831	21.5752418345673	0.706956407166316
60.225	5.3	0.626233207819261	0.590191019133305	0.054425614017449	21.5129214634791	0.700986566255408
60.375	5.3	0.619360942226146	0.589852714353886	0.0573149367695928	21.4511270417866	0.695488753780917
60.525	5.3	0.613147778636913	0.589134015972169	0.0603805603637518	21.3898506847135	0.690518222909531
60.675	5.3	0.607668270562918	0.58797814172865	0.0636552406297206	21.3290847096576	0.686134616450335
60.825	5.3	0.603003314506448	0.586331490229035	0.0671766386375302	21.268821037687	0.682402651605159
60.975	5.3	0.599241030016392	0.584145513573306	0.0709871068013023	21.2090504605625	0.679392824013113
61.125	5.3	0.596477597208171	0.581378940667445	0.0751332006488228	21.1497617566571	0.677182077766536
61.275	5.3	0.594817953739213	0.578000340816596	0.0796647929869092	21.0909406408596	0.675854362991371
61.425	5.3	0.594376213485101	0.573990951104957	0.0846336810984802	21.032568541012	0.675500970788081
61.575	5.3	0.595275631980825	0.569347618849859	0.0900916413736908	20.9746212074515	0.67622050558466
61.725	5.3	0.597647924043175	0.564085660246295	0.0960880041724956	20.9170671806108	0.67811833923454
61.875	5.3	0.601631751253899	0.558241444782446	0.102666975013096	20.8598661581182	0.681305401003119
62.025	5.3	0.607370247175885	0.55187461387282	0.109865063149164	20.802967307193	0.685896197740708
62.175	5.3	0.615007524381559	0.545070036047382	0.117709010696645	20.7463075483331	0.692006019505247
62.325	5.3	0.624684172172657	0.537939841059239	0.126214450711384	20.6898097833943	0.699747337738126
62.475	5.3	0.636531745207381	0.530626041438957	0.135385102845792	20.6333809568401	0.709225396165905
62.625	5.3	0.650666091649074	0.523304162046703	0.145211678825604	20.5769097440579	0.720532873319259
62.775	5.3	0.667179037264177	0.516187773406701	0.155669002934359	20.5202636013905	0.733743229811341
62.925	5.3	0.686127481422512	0.509532785842107	0.166709490722543	20.4632849588436	0.74890198513801
63.075	5.3	0.707518571584434	0.503638966270822	0.178251475567332	20.4057865669476	0.766014857267547
63.225	5.3	0.731289667220758	0.498844867846147	0.190162226565548	20.347546479585	0.785031733776606
63.375	5.3	0.757282731602051	0.495511978602186	0.20223784317985	20.2883038515004	0.805826185281641
63.525	5.3	0.785214932054536	0.493995214190222	0.214185040786652	20.2277575213414	0.828171945643629
63.675	5.3	0.814650490551992	0.494600332272622	0.225612161742483	20.1655699581979	0.851720392441594
63.825	5.3	0.844982393459774	0.49753395921442	0.236037274755025	20.1013791646098	0.875985914767819
63.975	5.3	0.875434860943811	0.502857014141877	0.244918826781776	20.0348201360805	0.900347888755048
64.125	5.3	0.905096570462373	0.510454836029434	0.251708648274795	19.965555289301	0.924077256369898
64.275	5.3	0.932989212832297	0.520035032709871	0.255919346999106	19.8933102247666	0.946391370265838
64.425	5.3	0.958166465322256	0.53115672512288	0.257191200924304	19.8179082891429	0.966533172257805
64.575	5.3	0.979827642815548	0.543285119270573	0.255341363728482	19.7392960464166	0.983862114252438
64.725	5.3	0.9974224872516	0.555857750987501	0.250382766485888	19.6575529953164	0.99793798980128
64.875	5.3	1.01072269570169	0.568346920297126	0.242509937416493	19.5728825764257	1.00857815656135
65.025	5.3	1.01984303993512	0.580306945366839	0.232059094865614	19.4855863085683	1.01587443194809
65.175	5.3	1.02520777104312	0.591401845973136	0.219455498683564	19.3960268798818	1.0201662168345
65.325	5.3	1.02747152705446	0.601415138296998	0.205160804801621	19.3045878534181	1.02197722164356
65.475	5.3	1.02741357483608	0.610246512983878	0.189629107428633	19.2116371082551	1.02193085986886
65.625	5.3	1.02582768870485	0.617900376859685	0.173275561754716	19.1174989302952	1.02066215096388
65.775	5.3	1.02342763814938	0.624469861530141	0.156457980119192	19.022436849938	1.0187421105195
65.925	5.3	1.02078195134115	0.630118302549222	0.139469992049053	18.9266468068892	1.01662556107292
66.075	5.3	1.01828354551528	0.635059183832763	0.122543657885692	18.8302585380781	1.01462683641223
66.225	5.3	1.01615202142193	0.639535274858678	0.105859096067435	18.7333423797029	1.01292161713754
66.375	5.3	1.01446057383699	0.64379786262208	0.089558370483874	18.6359188066322	1.01156845906959
66.525	5.3	1.01317659072884	0.648087189606207	0.0737606447375301	18.5379686961516	1.01054127258307
66.675	5.3	1.01220522257579	0.652615219841752	0.0585756746458945	18.4394431506357	1.00976417806063
66.825	5.3	1.0114277495669	0.657551677465216	0.0441132306761333	18.3402724548382	1.00914219965352
66.975	5.3	1.01073019521713	0.663014067618109	0.030486988745966	18.2403742067836	1.00858415617371
67.125	5.3	1.01002107575524	0.669062186524711	0.0178126242390243	18.1396608096652	1.00801686060419
67.275	5.3	1.00923960311618	0.675697430787778	0.00620104625805634	18.0380464173438	1.00739168249295
67.425	5.3	1.00835681639261	0.682866933911584	-0.00425132894994937	17.9354532181712	1.00668545311409
67.575	5.3	1.00737221389595	0.690472131551865	-0.013472845938528	17.8318167547129	1.00589777111676
67.725	5.3	1.00630794123514	0.698380826567867	-0.0214250339306128	17.727089904731	1.00504635298811
67.875	5.3	1.00520190203992	0.70644133086778	-0.0281073720152878	17.621245223895	1.00416152163193
68.025	5.3	1.00410061159788	0.714496965027661	-0.0335575236663072	17.5142755442105	1.00328048927831
68.175	5.3	1.00305232650564	0.722399209187553	-0.0378472142566003	17.4061929645007	1.00244186120451
68.325	5.3	1.00210090940026	0.730018127777727	-0.0410747949344076	17.2970265818774	1.00168072752021
68.475	5.3	1.00128089889473	0.737249244959529	-0.0433560345988241	17.1868194377043	1.00102471911578
68.625	5.3	1.0006142212621	0.744016682091185	-0.0448147492732467	17.0756251663755	1.00049137700968
68.775	5.3	1.00010882999185	0.750272937890858	-0.0455745851713022	16.9635047552735	1.00008706399348
68.925	5.3	0.999759298069501	0.755996091716661	-0.045752769236261	16.8505236884851	0.999807438455601
69.075	5.3	0.9995490834612	0.761185394821685	-0.0454560980109529	16.7367496004955	0.99963926676896
69.225	5.3	0.999453931548508	0.765856194850111	-0.0447789877552149	16.6222504455033	0.999563145238806
69.375	5.3	0.999445742038785	0.77003496800272	-0.0438031297130546	16.5070931124226	0.999556593631028
69.525	5.3	0.999496241125469	0.773754983453453	-0.0425981945921619	16.3913423866299	0.999596992900375
69.675	5.3	0.999579943182462	0.777052865570924	-0.0412230727720189	16.2750601660169	0.999663954545969
69.825	5.3	0.999676106940591	0.77996610279289	-0.039727262413707	16.1583048644885	0.999740885552473
69.975	5.3	0.999769624858607	0.782531403936558	-0.0381521682748684	16.0411309653299	0.999815699886885
70.125	5.3	0.99985097738383	0.78478372629959	-0.0365322071272588	15.9235887095006	0.999880781907064
70.275	5.3	0.999915504775804	0.786755782170783	-0.0348957094058471	15.8057239155711	0.999932403820643
70.425	5.3	0.999962291848399	0.788477851318159	-0.0332656573186829	15.6875779293603	0.999969833478719
70.575	5.3	0.999992938523053	0.789977766838863	-0.0316603149597347	15.5691876958714	0.999994350818443
70.725	5.3	1.00001042501627	0.791280985093105	-0.0300937986587966	15.4505859381328	1.00000834001301
70.875	5.3	1.00001819992067	0.792410687835791	-0.0285766182453795	15.3318014205613	1.00001455993654
71.025	5.3	1.0000195428376	0.793387891964365	-0.0271162013661234	15.2128592705534	1.00001563427008
71.175	5.3	1.00001719343557	0.794231559208209	-0.0257173988284932	15.0937813317662	1.00001375474845
71.325	5.3	1.00001320097215	0.794958706467249	-0.0243829610550156	14.9745865254609	1.00001056077772
71.475	5.3	1.00000893149617	0.795584520036702	-0.0231139736663703	14.8552912012181	1.00000714519693
71.625	5.3	1.00000516954171	0.796122476213111	-0.0219102422875198	14.7359094640744	1.00000413563337
71.775	5.3	1.00000226114532	0.796584468755818	-0.0207706209132172	14.6164534706202	1.00000180891626
71.925	5.3	1.00000025979187	0.79698094165969	-0.0196932828848703	14.4969336911688	1.00000020783349
72.075	5.3	0.999999052053678	0.797321024318009	-0.0186759375789367	14.3773591384383	0.999999241642942
72.225	5.3	0.999998452497474	0.797612665587182	-0.0177159987205898	14.2577375652777	0.999998761997979
72.375	5.3	0.999998266665503	0.797862763396258	-0.0168107117104426	14.1380756350043	0.999998613332402
72.525	5.3	0.999998326496823	0.798077287141277	-0.0159572476749095	14.0183790681786	0.999998661197459
72.675	5.3	0.999998505033293	0.79826139092244	-0.0151527714528672	13.8986527694113	0.999998804026634
72.825	5.3	0.999998717540297	0.798419516523169	-0.0143944897536216	13.778900937321	0.999998974032237
72.975	5.3	0.999998915159669	0.798555485765556	-0.0136796845600512	13.6591271602098	0.999999132127735
73.125	5.3	0.999999075639317	0.798672582444043	-0.0130057357094312	13.5393344995147	0.999999260511454
73.275	5.3	0.999999194065542	0.798773624425897	-0.0123701355872377	13.4195255626698	0.999999355252434
73.425	5.3	0.999999275155154	0.79886102673187	-0.0117704980661573	13.2997025666999	0.999999420124123
73.575	5.3	0.999999327665983	0.798936856508909	-0.0112045632161375	13.1798673936336	0.999999462132786
73.725	5.3	0.999999360857466	0.799002880815304	-0.0106701988780884	13.0600216386756	0.999999488685973
73.875	5.3	0.999999382613502	0.799060608092101	-0.0101653998940709	12.9401666519636	0.999999506090802
74.025	5.3	0.999999398739376	0.799111324118791	-0.00968828558624674	12.8203035746596	0.999999518991501
74.175	5.3	0.999999412977213	0.799156123164054	-0.00923709594061755	12.700433370055	0.99999953038177
74.325	5.3	0.999999427381096	0.799195934956478	-0.00881018685778501	12.5805568503136	0.999999541904877
74.475	5.3	0.999999442806004	0.799231548019772	-0.00840602476326992	12.4606746994146	0.999999554244803
74.625	5.3	0.999999459366038	0.799263629847016	-0.00802318081547372	12.3407874928009	0.99999956749283
74.775	5.3	0.999999476794847	0.799292744325988	-0.00766032490339374	12.220895714182	0.999999581435878
74.925	5.3	0.999999494692179	0.799319366775655	-0.00731621958681432	12.1009997698857	0.999999595753743
75.075	5.3	0.999999512669247	0.799343896907557	-0.00698971409733401	11.9811000011025	0.999999610135397
75.225	5.3	0.999999530417657	0.799366669986366	-0.00667973848900317	11.8611966943215	0.999999624334125
75.375	5.3	0.999999547728098	0.799387966429497	-0.00638529800245478	11.741290090213	0.999999638182479
75.525	5.3	0.999999564480991	0.799408020055118	-0.00610546768601982	11.6213803911811	0.999999651584792
75.675	5.3	0.99999958062518	0.79942702516119	-0.00583938730089959	11.5014677677737	0.999999664500144
75.825	5.3	0.999999596154795	0.799445142594939	-0.00558625652475816	11.3815523641153	0.999999676923836
75.975	5.3	0.999999611089524	0.799462504950794	-0.00534533045861052	11.2616343025008	0.999999688871619
76.125	5.3	0.999999625460263	0.799479221017206	-0.00511591543468799	11.1417136872726	0.99999970036821
76.275	5.3	0.999999639300066	0.799495379576205	-0.00489736511793702	11.0217906080832	0.999999711440053
76.425	5.3	0.999999652639351	0.799511052646075	-0.00468907689050591	10.9018651426341	0.999999722111481
76.575	5.3	0.999999665504074	0.799526298244838	-0.004490488506094	10.7819373589665	0.999999732403259
76.725	5.3	0.999999677915668	0.799541162741924	-0.00430107499972682	10.6620073173715	0.999999742332534
76.875	5.3	0.999999689891834	0.799555682856178	-0.00412034583804892	10.5420750719753	0.999999751913467
77.025	5.3	0.999999701447584	0.799569887350421	-0.00394784229442267	10.4221406720501	0.999999761158067
77.175	5.3	0.999999712596217	0.799583798465438	-0.00378313503390614	10.3022041630903	0.999999770076974
77.325	5.3	0.999999723350048	0.799597433131263	-0.00362582189298604	10.1822655876933	0.999999778680039
77.475	5.3	0.999999733720903	0.799610803987385	-0.0034755258397104	10.0623249862723	0.999999786976723
77.625	5.3	0.999999743720389	0.799623920239624	-0.00333189310047078	9.94238239763033	0.999999794976311
77.775	5.3	0.999999753360004	0.79963678837795	-0.00319459144043139	9.82243785941678	0.999999802688004
77.925	5.3	0.999999762651166	0.799649412775025	-0.00306330858518993	9.70249140848552	0.999999810120933
78.075	5.3	0.999999771605165	0.79966179618373	-0.00293775077228207	9.58254308117189	0.999999817284132
78.225	5.3	0.999999780233129	0.799673940148359	-0.00281764142172098	9.46259291350178	0.999999824186503
78.375	5.3	0.999999788545972	0.799685845342969	-0.00270271991553746	9.34264094134507	0.999999830836778
78.525	5.3	0.999999796554362	0.799697511847513	-0.0025927404772507	9.22268720052336	0.999999837243489
78.675	5.3	0.999999804268683	0.799708939371768	-0.00248747114254054	9.10273172688052	0.999999843414946
78.825	5.3	0.999999811699038	0.799720127435116	-0.00238669281349225	8.98277455632322	0.99999984935923
78.975	5.3	0.999999818855236	0.799731075509072	-0.00229019838895816	8.86281572483758	0.999999855084189
79.125	5.3	0.999999825746791	0.799741783128832	-0.00219779196469662	8.74285526848693	0.999999860597433
79.275	5.3	0.999999832382929	0.799752249978599	-0.00210928809701233	8.62289322339504	0.999999865906343
79.425	5.3	0.999999838772601	0.799762475955587	-0.00202451112445236	8.50292962571818	0.999999871018081
79.575	5.3	0.999999844924478	0.799772461215741	-0.00194329454261447	8.38296451160927	0.999999875939582
79.725	5.3	0.999999850846962	0.799782206205086	-0.00186548042723469	8.26299791717613	0.99999988067757
79.875	5.3	0.999999856548197	0.799791711678697	-0.00179091890153532	8.14302987843626	0.999999885238557
80.025	5.3	0.999999862036067	0.799800978710058	-0.00171946764395804	8.02306043126942	0.999999889628854
80.175	5.3	0.999999867318204	0.79981000869262	-0.00165099143280108	7.90308961136953	0.999999893854563
80.325	5.3	0.999999872402	0.799818803334894	-0.0015853617245056	7.78311745419687	0.9999998979216
80.475	5.3	0.999999877294604	0.799827364650873	-0.00152245626289244	7.66314399493139	0.999999901835683
80.625	5.3	0.99999988200293	0.79983569494664	-0.00146215871655006	7.54316926842782	0.999999905602344
80.775	5.3	0.999999886533664	0.799843796804164	-0.00140435834205047	7.42319330917295	0.999999909226932
80.925	5.3	0.99999989089327	0.79985167306316	-0.00134894967091266	7.30321615124564	0.999999912714616
81.075	5.3	0.999999895087992	0.799859326801567	-0.00129583221812614	7.18323782827955	0.999999916070393
81.225	5.3	0.999999899123865	0.799866761315273	-0.00124491021071889	7.06325837342895	0.999999919299092
81.375	5.3	0.999999903006724	0.799873980097429	-0.00119609233445067	6.94327781933758	0.999999922405379
81.525	5.3	0.999999906742205	0.799880986817802	-0.00114929149739623	6.82329619811067	0.999999925393764
81.675	5.3	0.999999910335761	0.799887785302411	-0.00110442460889204	6.70331354128993	0.999999928268609
81.825	5.3	0.99999991379265	0.799894379513711	-0.00106141237268449	6.58332987983175	0.99999993103412
81.975	5.3	0.999999917117934	0.799900773531425	-0.00102017909314303	6.46334524408813	0.999999933694347
82.125	5.3	0.999999920316474	0.799906971534306	-0.000980652493530124	6.34335966379055	0.999999936253179
82.275	5.3	0.999999923392928	0.799912977782784	-0.000942763545360592	6.22337316803647	0.999999938714342
82.425	5.3	0.999999926351772	0.799918796602752	-0.000906446308026432	6.10338578527834	0.999999941081418
82.575	5.3	0.999999929197365	0.79992443237042	-0.000871637777895395	5.983397543315	0.999999943357892
82.725	5.3	0.999999931934024	0.799929889498275	-0.000838277746187213	5.86340846928524	0.999999945547219
82.875	5.3	0.999999934566088	0.799935172422423	-0.000806308664943346	5.74341858966332	0.99999994765287
83.025	5.3	0.999999937097883	0.799940285590987	-0.000775675520536928	5.62342793025635	0.999999949678307
83.175	5.3	0.999999939533519	0.799945233453913	-0.000746325714183635	5.50343651620335	0.999999951626815
83.325	5.3	0.999999941876516	0.799950020454102	-0.000718208948937097	5.38344437197567	0.999999953501213
83.475	5.3	0.999999944129412	0.799954651019857	-0.00069127712273929	5.26345152137879	0.99999995530353
83.625	5.3	0.999999946293724	0.799959129558803	-0.000665484227208752	5.1434579875551	0.999999957034979
83.775	5.3	0.999999948370673	0.799963460453067	-0.000640786251705428	5.02346379298749	0.999999958696538
83.925	5.3	0.999999950362928	0.799967648055871	-0.000617141092521008	4.9034689595035	0.999999960290342
84.075	5.3	0.999999952276833	0.799971696689376	-0.000594508466824641	4.78347350827956	0.999999961821466
84.225	5.3	0.999999954123601	0.799975610643935	-0.000572849831166151	4.66347745984534	0.999999963298881
84.375	5.3	0.999999955917131	0.799979394179105	-0.000552128304411626	4.54348083408803	0.999999964733705
84.525	5.3	0.999999957666642	0.799983051526697	-0.000532308594778059	4.42348365025679	0.999999966133314
84.675	5.3	0.999999959365187	0.79998658689652	-0.00051335693107803	4.30348592696749	0.99999996749215
84.825	5.3	0.999999960980394	0.799990004484711	-0.000495240997979779	4.18348768220769	0.999999968784315
84.975	5.3	0.999999962459004	0.799993308483939	-0.000477929875527993	4.06348893334066	0.999999969967203
85.125	5.3	0.99999996375698	0.799996503093487	-0.000461393983069818	3.94348969710641	0.999999971005584
85.275	5.3	0.999999964895839	0.799999592526911	-0.000445605027977711	3.82348998961688	0.999999971916671
85.425	5.3	0.999999966020931	0.800002581016065	-0.000430535959472991	3.70348982634389	0.999999972816744
85.575	5.3	0.999999967406635	0.800005472814028	-0.000416160927934702	3.58348922210196	0.999999973925308
85.725	5.3	0.999999969340102	0.800008272204926	-0.000402455249749343	3.46348819103429	0.999999975472082
85.875	5.3	0.999999971853251	0.800010983532657	-0.000389395377732227	3.34348674661506	0.999999977482601
86.025	5.3	0.999999974386272	0.800013611256992	-0.000376958876834906	3.22348490167819	0.999999979509017
86.175	5.3	0.999999975633483	0.800016160029529	-0.000365124404940921	3.10348266846743	0.999999980506786
86.325	5.3	0.999999973943828	0.800018634753597	-0.000353871698654862	2.98348005867194	0.999999979155063
86.475	5.3	0.999999968548097	0.800021040564697	-0.000343181564350508	2.86347708338148	0.999999974838477
86.625	5.3	0.999999961395587	0.80002338266987	-0.000333035875410859	2.74347375289231	0.999999969116469
86.775	5.3	0.999999958518402	0.800025666047453	-0.000323417577185171	2.62347007635782	0.999999966814722
86.925	5.3	0.999999969003074	0.800027895146062	-0.000314310701580315	2.50346606142258	0.999999975202459
87.075	5.3	0.999999999695263	0.800030073884474	-0.000305700392991188	2.38346171416075	0.99999999975621
87.225	5.3	1.00000004571418	0.800032206314856	-0.000297572945403468	2.26345703972685	1.00000003657134
87.375	5.3	1.000000081081	0.800034298084861	-0.000289915847003246	2.14345204391652	1.0000000648648
87.525	5.3	1.00000005884541	0.800036358198878	-0.000282717822852272	2.02344673517816	1.00000004707633
87.675	5.3	0.999999932045368	0.800038399669342	-0.000275968860393525	1.903441125621	0.999999945636295
87.825	5.3	0.999999699965018	0.800040437032105	-0.000269660200411696	1.78343522880695	0.999999759972015
87.975	5.3	0.999999464604304	0.800042479337821	-0.000263784283361401	1.66342905262214	0.999999571683444
88.125	5.3	0.999999454031036	0.800044520007505	-0.00025833466229018	1.54342258832843	0.999999563224829
88.275	5.3	0.999999949707115	0.800046529696113	-0.000253305925866262	1.42341580199424	0.999999959765692
88.425	5.3	1.0000010736946	0.800048462741608	-0.000248693702079077	1.3034086396408	1.00000085895568
88.575	5.3	1.00000247656446	0.800050287131379	-0.000244494802987069	1.18340105759714	1.00000198125157
88.725	5.3	1.00000311381444	0.800052036711165	-0.000240707488094713	1.06339307858211	1.00000249105155
88.875	5.3	1.0000014376092	0.800053860916636	-0.000237331659696701	0.943384849328228	1.00000115008736
89.025	5.3	0.999996315146309	0.800056019980805	-0.000234368618281592	0.82337664492899	0.999997052117047
89.175	5.3	0.999988644110291	0.800058764595543	-0.000231819958189028	0.703368751563632	0.999990915288232
89.325	5.3	0.999982913428207	0.800062079327567	-0.000229685496605741	0.583361196757366	0.999986330742566
89.475	5.3	0.999987106021717	0.800065378426164	-0.000227960951380735	0.46335340938678	0.999989684817374
89.625	5.3	1.00000904274689	0.800067396464775	-0.000226637243296555	0.343344059850923	1.00000723419751
89.775	5.3	1.0000484836177	0.800056330407755	-0.000225704083101516	0.223331454900259	1.00003878689416
89.925	5.3	1.00008765806463	0.400087047787066	-0.000225182289739559	0.103317851942624	1.00007012645171
0.075	5.5	8.166055229236e-31	0.399999971199128	-3.31730684668445e-05	36.0880307655821	0.2
0.225	5.5	5.06421484724507e-30	0.799999915387728	-3.31972637346452e-05	36.0640307673101	0.2
0.375	5.5	-5.46148368174119e-30	0.799999864893481	-3.32462899582983e-05	36.0400307706588	0.2
0.525	5.5	4.90730257646875e-30	0.799999823084982	-3.33213947756248e-05	36.0160307754165	0.2
0.675	5.5	-1.96544322473511e-29	0.799999793075965	-3.3424389873972e-05	35.9920307812737	0.2
0.825	5.5	-2.62791884886599e-30	0.799999777644212	-3.35575855504831e-05	35.968030787832	0.2
0.975	5.5	-3.74640111344774e-29	0.799999779168132	-3.37237085519482e-05	35.9440307946151	0.2
1.125	5.5	-2.41615983701304e-30	0.799999799580491	-3.39258124674371e-05	35.9200308010819	0.2
1.275	5.5	-3.18199169289745e-29	0.799999840348212	-3.41671820801916e-05	35.8960308066402	0.2
1.425	5.5	4.11357183433483e-29	0.799999902469969	-3.44512413485528e-05	35.872030810661	0.2
1.575	5.5	3.03454651710457e-29	0.799999986491209	-3.47814648332692e-05	35.848030812492	0.2
1.725	5.5	1.40931726900313e-28	0.800000092540092	-3.51613022918928e-05	35.8240308114715	0.2
1.875	5.5	1.18389341943592e-28	0.800000220370971	-3.55941128962944e-05	35.8000308069396	0.2
2.025	5.5	2.03774016276559e-28	0.800000369418863	-3.60831155755775e-05	35.7760307982492	0.2
2.175	5.5	6.99903452763099e-29	0.800000538859277	-3.66313541265099e-05	35.7520307847745	0.2
2.325	5.5	2.19615051017538e-29	0.800000727670247	-3.72416748041318e-05	35.7280307659177	0.2
2.475	5.5	-3.08821918326787e-28	0.800000934690288	-3.79167201434736e-05	35.7040307411143	0.2
2.625	5.5	-4.84413270239553e-28	0.800001158676876	-3.86589317394305e-05	35.6800307098363	0.2
2.775	5.5	-8.67819088470238e-28	0.800001398354021	-3.94705638802155e-05	35.6560306715937	0.2
2.925	5.5	-8.36487965107187e-28	0.800001652460733	-4.03537044957063e-05	35.632030625935	0.2
3.075	5.5	-7.87706912394005e-28	0.800001919782932	-4.13103009441229e-05	35.608030572446	0.2
3.225	5.5	-4.18006670579726e-30	0.800002199187606	-4.2342189752262e-05	35.584030510748	0.2
3.375	5.5	8.51470789486964e-28	0.800002489641674	-4.34511288194592e-05	35.5600304404948	0.2
3.525	5.5	2.34385553548756e-27	0.800002790229851	-4.46388284262636e-05	35.5360303613695	0.2
3.675	5.5	3.26152782310612e-27	0.800003100165189	-4.59069831111903e-05	35.512030273081	0.2
3.825	5.5	3.95088161049945e-27	0.800003418792509	-4.72573011833486e-05	35.4880301753596	0.2
3.975	5.5	2.82193108131994e-27	0.800003745591023	-4.86915327990387e-05	35.4640300679534	0.2
4.125	5.5	6.59560845509054e-28	0.800004080171091	-5.02114940484126e-05	35.4400299506242	0.2
4.275	5.5	-3.56767739382519e-27	0.800004422269593	-5.18190918039342e-05	35.4160298231432	0.2
4.425	5.5	-7.48779870075988e-27	0.800004771744063	-5.35163408442975e-05	35.392029685288	0.2
4.575	5.5	-1.09220291429841e-26	0.8000051285638	-5.53053843862232e-05	35.3680295368385	0.2
4.725	5.5	-1.01600604313041e-26	0.800005492801016	-5.71885073316014e-05	35.3440293775742	0.2
4.875	5.5	-5.76483852754977e-27	0.800005864624471	-5.9168150497296e-05	35.3200292072705	0.2
5.025	5.5	3.91234937258222e-27	0.800006244287537	-6.12469210997824e-05	35.2960290256967	0.2
5.175	5.5	1.32326159579619e-26	0.800006632121563	-6.34276037345084e-05	35.2720288326132	0.2
5.325	5.5	1.8855935540552e-26	0.800007028527358	-6.57131680298081e-05	35.2480286277694	0.2
5.475	5.5	1.0924459977796e-26	0.800007433968059	-6.81067761924825e-05	35.2240284109016	0.2
5.625	5.5	-1.11144723495187e-26	0.800007848962959	-7.06117905277768e-05	35.2000281817313	0.2
5.775	5.5	-4.64055293884616e-26	0.800008274079672	-7.32317783527098e-05	35.1760279399638	0.2
5.925	5.5	-7.32309647107967e-26	0.800008709930276	-7.59705187780126e-05	35.1520276852865	0.2
6.075	5.5	-6.53274381412331e-26	0.800009157167392	-7.88320077365507e-05	35.128027417368	0.2
6.225	5.5	1.8294737452506e-26	0.800009616478647	-8.1820463681227e-05	35.1040271358565	0.2
6.375	5.5	1.93150682313799e-25	0.800010088584735	-8.49403328615342e-05	35.0800268403793	0.2
6.525	5.5	4.43502774426515e-25	0.800010574235559	-8.81962950176722e-05	35.0560265305414	0.2
6.675	5.5	6.67770087430222e-25	0.8000110742096	-9.15932696947138e-05	35.0320262059251	0.2
6.825	5.5	6.96300778292283e-25	0.80001158931077	-9.5136422027295e-05	35.0080258660888	0.2
6.975	5.5	2.89615520915577e-25	0.800012120368396	-9.88311691321932e-05	34.9840255105665	0.2
7.125	5.5	-7.34743898613911e-25	0.800012668235434	-0.000102683188027356	34.9600251388667	0.2
7.275	5.5	-2.38793217607644e-24	0.800013233788352	-0.000106698421754566	34.9360247504724	0.2
7.425	5.5	-4.28267614836013e-24	0.800013817927127	-0.000110883088933985	34.9120243448394	0.2
7.575	5.5	-5.54825764336237e-24	0.800014421574638	-0.000115243690662528	34.8880239213967	0.2
7.725	5.5	-4.81269290257031e-24	0.80001504567732	-0.000119787020810534	34.864023479545	0.2
7.875	5.5	-5.96635097678641e-25	0.800015691205288	-0.000124520174627752	34.8400230186561	0.2
8.025	5.5	8.03666639265169e-24	0.800016359153043	-0.000129450559672549	34.8160225380726	0.2
8.175	5.5	2.03670659808812e-23	0.800017050540214	-0.00013458590636784	34.7920220371069	0.2
8.325	5.5	3.29863659611843e-23	0.800017766412109	-0.000139934279008943	34.7680215150402	0.2
8.475	5.5	3.9076787896217e-23	0.800018507839198	-0.000145504088315993	34.7440209711222	0.2
8.625	5.5	2.90968239803542e-23	0.800019275921195	-0.00015130410352829	34.7200204045699	0.2
8.775	5.5	-6.65332720384751e-24	0.800020071784901	-0.000157343466692914	34.6960198145669	0.2
8.925	5.5	-7.2705879658449e-23	0.800020896586586	-0.000163631705509007	34.6720192002628	0.2
9.075	5.5	-1.61137217411404e-22	0.800021751511662	-0.000170178749004802	34.6480185607717	0.2
9.225	5.5	-2.43904484841106e-22	0.800022637777603	-0.000176994941836581	34.6240178951721	0.2
9.375	5.5	-2.6935304846743e-22	0.800023556633113	-0.000184091062431711	34.6000172025051	0.2
9.525	5.5	-1.68470954128637e-22	0.800024509359968	-0.000191478337677298	34.5760164817741	0.2
9.675	5.5	1.22380561892248e-22	0.800025497272892	-0.000199168461994666	34.5520157319435	0.2
9.825	5.5	6.19819084167102e-22	0.800026521721309	-0.000207173615651791	34.5280149519377	0.2
9.975	5.5	1.23825676496804e-21	0.800027584090148	-0.000215506484155615	34.5040141406402	0.2
10.125	5.5	1.74156307353058e-21	0.800028685799262	-0.00022418027855318	34.4800132968923	0.2
10.275	5.5	1.73685076816792e-21	0.800029828305592	-0.000233208756258882	34.4560124194922	0.2
10.425	5.5	7.55736094998673e-22	0.800031013102324	-0.000242606243585273	34.432011507194	0.2
10.575	5.5	-1.54257543568257e-21	0.800032241720437	-0.000252387659055371	34.4080105587061	0.2
10.725	5.5	-5.05260167766633e-21	0.800033515727885	-0.000262568536712901	34.3840095726907	0.2
10.875	5.5	-8.87276584433754e-21	0.800034836730939	-0.000273165052169468	34.3600085477624	0.2
11.025	5.5	-1.11049541057783e-20	0.800036206373608	-0.00028419404836573	34.3360074824869	0.2
11.175	5.5	-9.06167668226575e-21	0.800037626336519	-0.000295673063593905	34.31200637538	0.2
11.325	5.5	-1.25457431485806e-22	0.800039098338777	-0.000307620359300696	34.2880052249067	0.2
11.475	5.5	1.66612135862583e-20	0.800040624135739	-0.000320054951122827	34.2640040294797	0.2
11.625	5.5	3.85646771867169e-20	0.800042205518482	-0.000332996638514315	34.2400027874585	0.2
11.775	5.5	5.74888618319985e-20	0.800043844314121	-0.000346466039229653	34.2160014971486	0.2
11.925	5.5	5.99618870624708e-20	0.800045542382408	-0.000360484622444044	34.1920001567997	0.2
12.075	5.5	3.02476094153924e-20	0.800047301616344	-0.000375074743229799	34.1679987646056	0.2
12.225	5.5	-4.24982860690652e-20	0.800049123938918	-0.000390259681907565	34.1439973187027	0.2
12.375	5.5	-1.5364311118575e-19	0.800051011301579	-0.000406063680554608	34.1199958171693	0.2
12.525	5.5	-2.72249080524984e-19	0.800052965681659	-0.000422511985446433	34.0959942580246	0.2
12.675	5.5	-3.36054757419573e-19	0.800054989078898	-0.000439630887298541	34.0719926392284	0.2
12.825	5.5	-2.60312828884464e-19	0.800057083512732	-0.000457447767258907	34.0479909586799	0.2
12.975	5.5	3.26237952790364e-20	0.800059251017453	-0.000475991141613804	34.0239892142176	0.2
13.125	5.5	5.61953229380723e-19	0.80006149363823	-0.000495290710885617	33.9999874036188	0.2
13.275	5.5	1.22627535657097e-18	0.800063813426641	-0.000515377410098963	33.9759855245993	0.2
13.425	5.5	1.75717716989202e-18	0.800066212432327	-0.000536283460560704	33.9519835748133	0.2
13.575	5.5	1.72943219279728e-18	0.800068692700779	-0.000558042426394216	33.9279815518534	0.2
13.725	5.5	6.71082486620195e-19	0.800071256261066	-0.000580689270791259	33.9039794532512	0.2
13.875	5.5	-1.70312423981709e-18	0.800073905121776	-0.000604260417688953	33.8799772764777	0.2
14.025	5.5	-5.1631668693729e-18	0.800076641259217	-0.00062879381307753	33.8559750189439	0.2
14.175	5.5	-8.64752342562598e-18	0.800079466609719	-0.000654328993009377	33.8319726780021	0.2
14.325	5.5	-1.01540098137672e-17	0.800082383054648	-0.000680907151798367	33.8079702509473	0.2
14.475	5.5	-7.08126747104176e-18	0.800085392412532	-0.000708571214131997	33.7839677350189	0.2
14.625	5.5	2.78388222033103e-18	0.800088496421659	-0.000737365911747778	33.7599651274026	0.2
14.775	5.5	1.96435168061513e-17	0.800091696726718	-0.000767337863135821	33.7359624252336	0.2
14.925	5.5	3.98173092782917e-17	0.800094994861285	-0.000798535656507923	33.711959625599	0.2
15.075	5.5	5.44926025459205e-17	0.800098392229287	-0.000831009937711933	33.6879567255419	0.2
15.225	5.5	5.03621805440568e-17	0.800101890085924	-0.000864813502773549	33.6639537220652	0.2
15.375	5.5	1.34256068216655e-17	0.800105489513821	-0.000900001393354021	33.6399506121367	0.2
15.525	5.5	-6.34941331572972e-17	0.800109191398653	-0.00093663100008713	33.6159473926944	0.2
15.675	5.5	-1.70639714790292e-16	0.800112996404306	-0.000974762167250918	33.5919440606528	0.2
15.825	5.5	-2.72217145419665e-16	0.800116904941667	-0.00101445730722828	33.5679406129101	0.2
15.975	5.5	-3.04457529622127e-16	0.800120917137667	-0.00105578151698791	33.5439370463563	0.2
16.125	5.5	-1.88208540234842e-16	0.800125032799581	-0.0010988027039585	33.5199333578819	0.2
16.275	5.5	1.38584822463355e-16	0.80012925137836	-0.00114359171646033	33.4959295443883	0.2
16.425	5.5	6.70005340785193e-16	0.800133571925371	-0.00119022248209862	33.4719256027992	0.200000000000001
16.575	5.5	1.27634656141958e-15	0.800137993049648	-0.00123877215484253	33.4479215300728	0.200000000000001
16.725	5.5	1.6713774568338e-15	0.800142512866421	-0.00128932126761606	33.4239173232162	0.200000000000001
16.875	5.5	1.44174517417504e-15	0.800147128945007	-0.00134195389708632	33.3999129793008	0.200000000000001
17.025	5.5	1.75602649728042e-16	0.80015183825199	-0.00139675783477335	33.3759084954795	0.2
17.175	5.5	-2.29758388859649e-15	0.80015663708658	-0.00145382477078905	33.3519038690057	0.199999999999998
17.325	5.5	-5.59799219494104e-15	0.800161521013774	-0.00151325048546909	33.3278990972543	0.199999999999996
17.475	5.5	-8.5356257130825e-15	0.800166484790891	-0.00157513505680254	33.3038941777449	0.199999999999993
17.625	5.5	-9.09276383214237e-15	0.800171522287015	-0.00163958307627172	33.2798891081669	0.199999999999993
17.775	5.5	-4.86963895377698e-15	0.800176626399196	-0.00170670388054088	33.2558838864076	0.199999999999996
17.925	5.5	5.86107947605339e-15	0.800181788956926	-0.00177661179852361	33.2318785105829	0.200000000000005
18.075	5.5	2.25702566232947e-14	0.800187000623229	-0.00184942641099551	33.2078729790702	0.200000000000018
18.225	5.5	4.0812343813979e-14	0.800192250788282	-0.00192527283171805	33.1838672905455	0.200000000000033
18.375	5.5	5.13809968397958e-14	0.800197527450656	-0.00200428200348367	33.1598614440229	0.200000000000041
18.525	5.5	4.14760173869777e-14	0.800202817094871	-0.00208659101709439	33.1358554388985	0.200000000000033
18.675	5.5	-1.04284123159512e-15	0.800208104555465	-0.00217234344927805	33.1118492749972	0.199999999999999
18.825	5.5	-8.00829634804553e-14	0.800213372874747	-0.00226168972817232	33.0878429526251	0.199999999999936
18.975	5.5	-1.81902435297289e-13	0.800218603148205	-0.0023547875210745	33.0638364726248	0.199999999999854
19.125	5.5	-2.67665322808236e-13	0.800223774358708	-0.002451802153229	33.0398298364363	0.199999999999786
19.275	5.5	-2.73959084020291e-13	0.800228863202516	-0.00255290705591949	33.0158230461633	0.199999999999781
19.425	5.5	-1.27885364146355e-13	0.800233843899818	-0.00265828424877815	32.9918161046442	0.199999999999898
19.575	5.5	2.19297287125888e-13	0.800238687994896	-0.002768124859287	32.9678090155293	0.200000000000175
19.725	5.5	7.43189185126429e-13	0.800243364144449	-0.00288262968180472	32.9438017833644	0.200000000000595
19.875	5.5	1.29669923140006e-12	0.80024783789146	-0.00300200978176875	32.9197944136805	0.200000000001037
20.025	5.5	1.58780907718353e-12	0.800252071426281	-0.00312648714735856	32.8957869130907	0.20000000000127
20.175	5.5	1.22101984745028e-12	0.800256023334902	-0.0032562953952776	32.8717792893946	0.200000000000977
20.325	5.5	-1.66101708978923e-13	0.800259648333405	-0.00339168053398314	32.8477715516904	0.199999999999867
20.475	5.5	-2.66699878239984e-12	0.800262896988892	-0.00353290179185973	32.8237637104947	0.199999999997866
20.625	5.5	-5.81950114543788e-12	0.800265715427915	-0.00368023251589264	32.7997557778716	0.199999999995344
20.775	5.5	-8.38803153117911e-12	0.800268045032069	-0.00383396114713442	32.7757477675701	0.19999999999329
20.925	5.5	-8.39802151486061e-12	0.800269822122196	-0.00399439228414008	32.7517396951712	0.199999999993282
21.075	5.5	-3.62052877039938e-12	0.800270977632492	-0.0041618478385381	32.7277315782444	0.199999999997104
21.225	5.5	7.38007228889364e-12	0.80027143677672	-0.004336668298195	32.703723436514	0.200000000005904
21.375	5.5	2.37445335781225e-11	0.800271118707314	-0.00451921410288267	32.6797152920364	0.200000000018996
21.525	5.5	4.08231824453914e-11	0.800269936173269	-0.00470986714931752	32.655707169387	0.200000000032659
21.675	5.5	4.9537433112691e-11	0.800267795175884	-0.00490903243605088	32.6316990958581	0.20000000003963
21.825	5.5	3.76952107818639e-11	0.800264594630842	-0.00511713986146731	32.6076911016669	0.200000000030156
21.975	5.5	-5.80471892888147e-12	0.800260226040156	-0.00533464619393294	32.583683220173	0.199999999995356
22.125	5.5	-8.37701226698769e-11	0.800254573178151	-0.0055620372284872	32.5596754881056	0.199999999932984
22.275	5.5	-1.81995487667833e-10	0.800247511803598	-0.00579983015330521	32.5356679457984	0.199999999854404
22.425	5.5	-2.62620298308775e-10	0.800238909406884	-0.00604857614972757	32.5116606374324	0.199999999789904
22.575	5.5	-2.6506077000984e-10	0.800228625005205	-0.0063088632553847	32.4876536112845	0.199999999787951
22.725	5.5	-1.20455541298181e-10	0.800216509007867	-0.00658131951909753	32.4636469199829	0.199999999903636
22.875	5.5	2.16920581300717e-10	0.800202403168525	-0.00686661648641917	32.4396406207671	0.200000000173536
23.025	5.5	7.24328919539706e-10	0.800186140653633	-0.00716547304532642	32.4156347757512	0.200000000579463
23.175	5.5	1.26468633096371e-09	0.800167546248357	-0.00747865966487236	32.3916294521888	0.200000001011749
23.325	5.5	1.56508973680041e-09	0.800146436729305	-0.00780700305082064	32.3676247227334	0.200000001252072
23.475	5.5	1.25227624746139e-09	0.800122621423097	-0.00815139123906442	32.3436206656845	0.200000001001821
23.625	5.5	-2.64300828082321e-11	0.800095902982562	-0.00851277915621232	32.3196173652075	0.199999999978856
23.775	5.5	-2.39111058377024e-09	0.800066078408492	-0.00889219468603199	32.2956149115106	0.199999998087112
23.925	5.5	-5.46580861627994e-09	0.800032940377845	-0.00929074532296656	32.2716134009622	0.199999995627353
24.075	5.5	-8.16447493973247e-09	0.799996278966543	-0.00970962554377855	32.2476129361374	0.19999999346842
24.225	5.5	-8.68428978502797e-09	0.799955883912096	-0.0101501250929432	32.2236136257917	0.199999993052568
24.375	5.5	-4.88320044200523e-09	0.799911547612807	-0.0106136384074104	32.19961558477	0.19999999609344
24.525	5.5	4.84255594773569e-09	0.79986306909573	-0.0111016754074287	32.1756189338724	0.200000003874045
24.675	5.5	2.02386687300606e-08	0.799810259188179	-0.0116158737541197	32.1516237996946	0.200000016190935
24.825	5.5	3.77730080890475e-08	0.799752947046586	-0.0121580124667463	32.1276303144363	0.200000030218406
24.975	5.5	4.97922324767114e-08	0.799690988061259	-0.0127300264847647	32.1036386156217	0.200000039833786
25.125	5.5	4.51771903657121e-08	0.799624272966457	-0.0133340214606577	32.0796488455962	0.200000036141752
25.275	5.5	1.23772806797222e-08	0.799552737846558	-0.013972287974292	32.0556611505737	0.200000009901825
25.425	5.5	-5.48347993350186e-08	0.799476374780116	-0.0146473146539054	32.0316756789502	0.199999956132161
25.575	5.5	-1.49694276905266e-07	0.799395243222856	-0.0153618006063147	32.0076925786083	0.199999880244578
25.725	5.5	-2.45308840536898e-07	0.799309483079123	-0.0161186690869331	31.9837119930765	0.199999803752928
25.875	5.5	-2.9217709600922e-07	0.799219331611451	-0.0169210862375538	31.9597340566822	0.199999766258323
26.025	5.5	-2.25353699390055e-07	0.799125147707244	-0.0177724902227712	31.935758889223	0.199999819717041
26.175	5.5	1.47377739181423e-08	0.799027447890674	-0.0186766361071879	31.9117865910404	0.200000011790219
26.325	5.5	4.47623467261689e-07	0.798926958081756	-0.0196376590422073	31.8878172395234	0.200000358098774
26.475	5.5	1.01079447827613e-06	0.798824682612167	-0.0206601518575016	31.8638508877271	0.200000808635583
26.625	5.5	1.52565294091267e-06	0.798721987078907	-0.0217492432874493	31.8398875647792	0.200001220522353
26.775	5.5	1.6942949540884e-06	0.79862068487164	-0.0229106520194679	31.8159272760449	0.200001355435963
26.925	5.5	1.15222539450085e-06	0.798523110782204	-0.0241506842114394	31.7919699989432	0.200000921780316
27.075	5.5	-4.06229831184491e-07	0.798432162685277	-0.0254761446291269	31.7680156685791	0.199999675016135
27.225	5.5	-3.03542466491519e-06	0.798351298488123	-0.0268941508057562	31.7440641470253	0.199997571660268
27.375	5.5	-6.3201224454905e-06	0.798284494372332	-0.0284118791375025	31.7201151722703	0.199994943902044
27.525	5.5	-9.21429935237282e-06	0.798236202602514	-0.030036327867908	31.6961682882244	0.199992628560518
27.675	5.5	-1.0051948920667e-05	0.798211387697498	-0.0317742397846146	31.6722227653591	0.199991958440863
27.825	5.5	-6.84646610638809e-06	0.798215755347649	-0.0336323604602957	31.6482775306217	0.199994522827115
27.975	5.5	2.05423725343884e-06	0.798256298136166	-0.0356181814252442	31.6243311316279	0.200001643389803
28.125	5.5	1.70008975701274e-05	0.798342241515159	-0.0377412002782632	31.6003817591797	0.200013600718056
28.275	5.5	3.59710081144813e-05	0.798486364190899	-0.0400145105987994	31.5764273397287	0.200028776806492
28.425	5.5	5.37736551125049e-05	0.79870648970737	-0.0424562428878382	31.552465683962	0.20004301892409
28.575	5.5	6.20332975837138e-05	0.799026732927697	-0.0450900951311966	31.5284946424981	0.200049626638067
28.725	5.5	5.04387862370635e-05	0.799477905098933	-0.0479440455875231	31.5045121840831	0.20004035102899
28.875	5.5	9.52307029015767e-06	0.800096430635409	-0.051046474054324	31.4805162902653	0.200007618456232
29.025	5.5	-6.52057838721886e-05	0.800921307733677	-0.0544194388119038	31.4565045695951	0.199947835372902
29.175	5.5	-0.000168566799040472	0.801989123826861	-0.0580697798687358	31.4324735457297	0.199865146560768
29.325	5.5	-0.000281832083034162	0.803327919777748	-0.0619799185364694	31.408417667463	0.199774534333573
29.475	5.5	-0.000371441235765387	0.80495167999668	-0.0661013951469408	31.3843282074025	0.199702847011388
29.625	5.5	-0.000391968622465534	0.806858150476818	-0.0703548415994621	31.3601923248024	0.199686425102028
29.775	5.5	-0.000294276417823413	0.80903311106278	-0.0746396150786287	31.3359926215125	0.199764578865741
29.925	5.5	-3.84471270768658e-05	0.811463599944734	-0.0788542240392453	31.3117074771864	0.199969242298339
30.075	5.5	0.00039059642724259	0.814160514673658	-0.082924983493328	31.2873122931424	0.200312477141794
30.225	5.5	0.000968429719289427	0.817187689742097	-0.086836008522277	31.2627815243409	0.200774743775432
30.375	5.5	0.00162191147324055	0.820691032807663	-0.0906505571098673	31.2380910984351	0.201297529178592
30.525	5.5	0.00222954039798291	0.82491918504388	-0.0945137902066552	31.2132206012039	0.201783632318386
30.675	5.5	0.00263375321865187	0.830227616640398	-0.098630904837103	31.1881545415769	0.202107002574922
30.825	5.5	0.0026646462726086	0.837060891085173	-0.103221036162638	31.1628821566877	0.202131717018087
30.975	5.5	0.00217130414745032	0.84591160825045	-0.108453818682855	31.1373955750278	0.20173704331796
31.125	5.5	0.00105420778225759	0.857257839697632	-0.114380027919767	31.1116866446606	0.200843366225806
31.275	5.5	-0.00070897488049655	0.871483571380147	-0.120869883035682	31.0857432099533	0.199432820095603
31.425	5.5	-0.0030509888216843	0.888790061036091	-0.127573103521955	31.0595459167684	0.197559208942653
31.575	5.5	-0.00581983072933835	0.909111432461535	-0.133913996098269	31.033066611541	0.195344135416529
31.725	5.5	-0.00880050078615622	0.932054534576721	-0.139131553776155	31.006269040737	0.192959599371075
31.875	5.5	-0.0117491129275507	0.956886997841986	-0.142366830105001	30.9791119506658	0.190600709657959
32.025	5.5	-0.0144317943172504	0.982592416200319	-0.142787218905281	30.9515540384816	0.1884545645462
32.175	5.5	-0.0166599319076776	1.00799425422834	-0.139722880675187	30.9235597428894	0.186672054473858
32.325	5.5	-0.018314825113621	1.03192506310157	-0.13278109567699	30.8951047309812	0.185348139909103
32.475	5.5	-0.0193580565708576	1.053397651776	-0.121906598438939	30.866180125598	0.184513554743314
32.625	5.5	-0.0198276163640167	1.07173261443955	-0.107371834118493	30.836794887395	0.184137906908787
32.775	5.5	-0.0198226448572009	1.08661399650076	-0.0897046353415666	30.8069761454813	0.184141884114239
32.925	5.5	-0.0194808465811685	1.09807117465001	-0.0695809464257332	30.7767675428088	0.184415322735065
33.075	5.5	-0.0189524122532503	1.10640588005685	-0.0477177517416125	30.7462258004636	0.1848380701974
33.225	5.5	-0.0183736522033185	1.11209130347591	-0.0247946367068575	30.7154157644914	0.185301078237345
33.375	5.5	-0.0178434873830689	1.11566759282111	-0.00141664185790128	30.6844042851738	0.185725210093545
33.525	5.5	-0.0174067189781611	1.11765165160694	0.021886523536568	30.65325348507	0.186074624817471
33.675	5.5	-0.0170488410402208	1.11847446450489	0.0446437982192903	30.622014301649	0.186360927167823
33.825	5.5	-0.0167066166366075	1.11845698896054	0.0664343902297069	30.5907215036044	0.186634706690714
33.975	5.5	-0.016295620842797	1.11783277866513	0.086910430302026	30.5593914340248	0.186963503325762
34.125	5.5	-0.0157507332891112	1.116818109324	0.105858537525611	30.5280233238749	0.187399413368711
34.275	5.5	-0.0150695088214244	1.11571580935993	0.123284218118492	30.4966041164667	0.18794439294286
34.425	5.5	-0.0143440669963041	1.11502206618388	0.139480372421568	30.4651155647289	0.188524746402957
34.575	5.5	-0.0137672439329023	1.11549675582898	0.155034527009835	30.4335413407884	0.188986204853678
34.725	5.5	-0.0136044952216379	1.11816504273163	0.17074618670898	30.4018715152057	0.18911640382269
34.875	5.5	-0.0141333699347827	1.12423687193269	0.187457100099098	30.3701023352599	0.188693304052174
35.025	5.5	-0.0155639960142479	1.13494790326724	0.205824599177912	30.338230724235	0.187548803188602
35.175	5.5	-0.0179625744748624	1.15133175553666	0.226080627651375	30.3062448989782	0.18562994042011
35.325	5.5	-0.021201788337132	1.1739365838922	0.247822508729566	30.2741142306798	0.183038569330294
35.475	5.5	-0.0249560341641362	1.20251832174532	0.269888692603134	30.2417821971381	0.180035172668691
35.625	5.5	-0.0287470551160869	1.23579068982266	0.29038488182109	30.209165552572	0.17700235590713
35.775	5.5	-0.0320306363742907	1.27136845161121	0.306923092415173	30.1761608380861	0.174375490900567
35.925	5.5	-0.0343022144131513	1.30604237287265	0.317087167970404	30.1426569032124	0.172558228469479
36.075	5.5	-0.0351930133432384	1.33640672531493	0.319031564246374	30.1085503306354	0.171845589325409
36.225	5.5	-0.0345314771832749	1.35965068678009	0.312002520724394	30.0737602228253	0.17237481825338
36.375	5.5	-0.0323567200349011	1.37418234666284	0.296546212204144	30.0382394686289	0.174114623972079
36.525	5.5	-0.0288866683167938	1.37982820512825	0.274305574259335	30.0019806500579	0.176890665346565
36.675	5.5	-0.0244565762840446	1.37759509558496	0.247525611911104	29.9650158498481	0.180434738972764
36.825	5.5	-0.0194486932531561	1.36919062902789	0.218511252971235	29.9274108466133	0.184441045397475
36.975	5.5	-0.0142307934377591	1.35653753263157	0.189235429198403	29.8892553645582	0.188615365249793
37.125	5.5	-0.0091136247028013	1.34142501599763	0.161160482641459	29.8506516999555	0.192709100237759
37.275	5.5	-0.0043294314553126	1.32532740692289	0.135229799319384	29.8117039221975	0.19653645483575
37.425	5.5	-2.82620063559631e-05	1.30935336857726	0.111951649798901	29.7725091549396	0.199977390394915
37.575	5.5	0.00371362310302734	1.29427189155837	0.0915111946889493	29.7331516012716	0.202970898482422
37.725	5.5	0.0068789847109993	1.28057123982525	0.0738746183294262	29.6936992963265	0.205503187768799
37.875	5.5	0.00949302539907626	1.26852391994258	0.0588718163251963	29.6542031596869	0.207594420319261
38.025	5.5	0.0116079678423839	1.25824470704358	0.046256569292418	29.61469774998	0.209286374273907
38.175	5.5	0.0132903400381301	1.24973747372728	0.0357480935668921	29.5752031178809	0.210632272030504
38.325	5.5	0.0146114659656551	1.24293095643903	0.0270587365524951	29.5357272369202	0.211689172772524
38.475	5.5	0.0156410063373241	1.23770527190986	0.019911833497627	29.4962686100863	0.212512805069859
38.625	5.5	0.0164430640717607	1.23391127453441	0.0140526501595202	29.4568187711652	0.213154451257409
38.775	5.5	0.0170742613878293	1.23138454938646	0.00925441492768852	29.4173645058992	0.213659409110263
38.925	5.5	0.0175832171407978	1.22995540317095	0.00532081115907214	29.3778897026024	0.214066573712638
39.075	5.5	0.0180109354180945	1.22945583876555	0.00208591266834264	29.3383768042064	0.214408748334476
39.225	5.5	0.0183917163610959	1.22972423380634	-0.00058768038704551	29.2988078763457	0.214713373088877
39.375	5.5	0.0187542951891799	1.23060828083728	-0.00281188447319667	29.2591653327435	0.215003436151344
39.525	5.5	0.0191229967895927	1.23196665273564	-0.00467683058881512	29.2194323736648	0.215298397431674
39.675	5.5	0.019518759757772	1.23366979908415	-0.00625477801961351	29.1795931989365	0.215615007806218
39.825	5.5	0.0199599385065634	1.23560022734821	-0.00760388978072512	29.1396330566568	0.215967950805251
39.975	5.5	0.0204628374111398	1.23765256330218	-0.00877160436491344	29.099538184202	0.216370269928912
40.125	5.5	0.0210419691590346	1.23973361160371	-0.00979742983039717	29.0592956908969	0.216833575327228
40.275	5.5	0.0217100616143059	1.24176255106408	-0.0107150764484366	29.0188934227648	0.217368049291445
40.425	5.5	0.0224778633670094	1.24367130719172	-0.0115539281768627	28.9783198398745	0.217982290693608
40.575	5.5	0.0233538167035716	1.24540505751543	-0.0123399253164514	28.9375639266413	0.218683053362857
40.725	5.5	0.0243436767719812	1.24692275467572	-0.0130959848200006	28.8966151456792	0.219474941417585
40.875	5.5	0.0254501564050359	1.24819750874257	-0.0138421157103703	28.8554634370809	0.220360125124029
41.025	5.5	0.0266726674853658	1.2492166603768	-0.0145953922147421	28.8140992579174	0.221338133988293
41.175	5.5	0.0280072131373247	1.24998140144477	-0.0153699276476796	28.7725136517145	0.22240577050986
41.325	5.5	0.0294464627990718	1.25050585412912	-0.0161769530769544	28.730698334904	0.223557170239257
41.475	5.5	0.0309800175556815	1.2508155924131	-0.0170250551710763	28.6886457866794	0.224784014044545
41.625	5.5	0.0325948494591444	1.25094566665032	-0.0179205776453017	28.6463493299964	0.226075879567316
41.775	5.5	0.0342758790350485	1.25093825827416	-0.0188681497180697	28.6038031941158	0.227420703228039
41.925	5.5	0.0360066420193405	1.25084013628638	-0.0198712792407163	28.5610025524789	0.228805313615472
42.075	5.5	0.0377699906331208	1.25070010412407	-0.0209329397262871	28.517943533216	0.230215992506497
42.225	5.5	0.0395487761964603	1.25056661499696	-0.0220560874227021	28.4746232027392	0.231639020957168
42.375	5.5	0.0413264673617645	1.25048570111941	-0.0232440621018894	28.4310395253141	0.233061173889412
42.525	5.5	0.04308766978756	1.25049931577422	-0.0245008474856248	28.3871913031088	0.234470135830048
42.675	5.5	0.0448185264985652	1.25064413607311	-0.0258311888290891	28.3430781019867	0.235854821198852
42.825	5.5	0.0465069914785167	1.25095082656396	-0.0272405823440228	28.2987001683797	0.237205593182813
42.975	5.5	0.0481429806152629	1.25144372516277	-0.0287351620294757	28.2540583421294	0.23851438449221
43.125	5.5	0.0497184129769437	1.25214088612875	-0.0303215139776269	28.2091539694295	0.239774730381555
43.275	5.5	0.0512271611487556	1.2530544002913	-0.0320064475168788	28.163988819118	0.240981728919004
43.425	5.5	0.0526649321231899	1.25419090906753	-0.0337967483957782	28.118565004686	0.242131945698552
43.575	5.5	0.0540291005059519	1.25555223344184	-0.0356989334192861	28.072884913591	0.243223280404762
43.725	5.5	0.0553185142756061	1.25713604919245	-0.0377190199967001	28.0269511448048	0.244254811420485
43.875	5.5	0.0565332907691112	1.25893655260765	-0.0398623189462726	27.9807664550034	0.245226632615289
44.025	5.5	0.0576746176249552	1.260945074633	-0.0421332550690961	27.9343337133632	0.246139694099964
44.175	5.5	0.058744570574669	1.26315061439827	-0.04453521747238	27.8876558645193	0.246995656459735
44.325	5.5	0.0597459574409191	1.26554027463401	-0.0470704401380882	27.8407358987999	0.247796765952735
44.475	5.5	0.0606821953608057	1.2680995914302	-0.0497399124548096	27.7935768283481	0.248545756288645
44.625	5.5	0.061557225701918	1.27081275935778	-0.0525433190716168	27.7461816671995	0.249245780561534
44.775	5.5	0.0623754677594193	1.27366276063188	-0.0554790084649733	27.698553412902	0.249900374207535
44.925	5.5	0.0631418074765932	1.27663141412734	-0.0585439902542847	27.6506950270507	0.250513445981275
45.075	5.5	0.0638616107467336	1.2796993667302	-0.0617339629908072	27.6026094124617	0.251089288597387
45.225	5.5	0.064540742588887	1.28284605508304	-0.0650433772682136	27.5542993859674	0.25163259407111
45.375	5.5	0.0651855648994186	1.28604966870418	-0.0684655434590412	27.5057676482714	0.252148451919535
45.525	5.5	0.0658028790764104	1.28928714309517	-0.0719927980681201	27.4570167560508	0.252642303261128
45.675	5.5	0.0663997793492494	1.29253420027413	-0.0756167449535358	27.4080491062524	0.2531198234794
45.825	5.5	0.0669833926821803	1.29576543037597	-0.0793285830818355	27.3588669474665	0.253586714145744
45.975	5.5	0.0675605060312014	1.29895436869216	-0.083119515313529	27.3094724369146	0.254048404824961
46.125	5.5	0.0681371241517165	1.30207346764932	-0.0869811971599019	27.2598677618745	0.254509699321373
46.275	5.5	0.0687180600200789	1.30509379758685	-0.0909061270832279	27.2100553388909	0.254974448016063
46.425	5.5	0.0693067285130208	1.30798424556846	-0.0948878028473186	27.1600380906798	0.255445382810417
46.575	5.5	0.0699053784551459	1.31070993775893	-0.0989203826609347	27.1098197779951	0.255924302764117
46.725	5.5	0.0705160374329127	1.31322961539903	-0.102997517725524	27.0594053325958	0.25641282994633
46.875	5.5	0.0711424314965942	1.31549177876154	-0.107109998303466	27.008801101379	0.256913945197275
47.025	5.5	0.0717930508917435	1.31742960805552	-0.111241921659686	26.9580148777689	0.257434440713395
47.175	5.5	0.0724853428464195	1.31895499625919	-0.115365293157832	26.9070555750803	0.257988274277136
47.325	5.5	0.0732507193511907	1.31995248752802	-0.119433349085071	26.8559324007687	0.258600575480953
47.475	5.5	0.0741396954075982	1.32027447183651	-0.123373451760187	26.8046534332156	0.259311756326079
47.625	5.5	0.0752260813831782	1.3197395494031	-0.127081105839662	26.7532235931314	0.260180865106543
47.775	5.5	0.0766088408723593	1.3181363690134	-0.130417329202377	26.7016421399119	0.261287072697887
47.925	5.5	0.0784101213000496	1.31523518347094	-0.13321199143817	26.6498999951485	0.26272809704004
48.075	5.5	0.0807681996820738	1.31080851115464	-0.135275389773777	26.5979773688379	0.264614559745659
48.225	5.5	0.0838247495979197	1.30466038660873	-0.136418859127781	26.5458422900215	0.267059799678336
48.375	5.5	0.0877069196033582	1.29666082000386	-0.136482515719383	26.4934506663891	0.270165535682687
48.525	5.5	0.0925060686008947	1.28677899208199	-0.135364892661419	26.440748370511	0.274004854880716
48.675	5.5	0.0982563338862238	1.27510675379087	-0.133046604823366	26.3876755590924	0.278605067108979
48.825	5.5	0.104917125664724	1.26186463970407	-0.129599929043635	26.3341730096977	0.283933700531779
48.975	5.5	0.112363783835052	1.24738640806222	-0.125179181321993	26.280189790076	0.289891027068042
49.125	5.5	0.120389792619219	1.23208401444227	-0.119992213914769	26.2256911716025	0.296311834095375
49.275	5.5	0.128722176911592	1.21640050896575	-0.114258944896542	26.1706654678524	0.302977741529274
49.425	5.5	0.137049326137317	1.2007612740454	-0.10816616797348	26.1151284879021	0.309639460909854
49.575	5.5	0.145058029760051	1.18553341928748	-0.101828001092786	26.0591245457793	0.316046423808041
49.725	5.5	0.152474536490173	1.17099992819044	-0.095259094975086	26.0027234086609	0.321979629192139
49.875	5.5	0.159103420935233	1.15735108211782	-0.0883649381087738	25.9460131089805	0.327282736748186
50.025	5.5	0.164858159662046	1.14469219547995	-0.0809516376117239	25.8890890998007	0.331886527729637
50.175	5.5	0.169778486651006	1.13306423693823	-0.0727565752303471	25.8320407335574	0.335822789320805
50.325	5.5	0.174031471611253	1.12247215817958	-0.0635003014102839	25.7749364620422	0.339225177289002
50.475	5.5	0.177895380399094	1.11291425394949	-0.0529573569089519	25.7178094884993	0.342316304319275
50.625	5.5	0.181727312449649	1.10440474283613	-0.0410382345793894	25.6606458537114	0.345381849959719
50.775	5.5	0.185917128055596	1.096981983515	-0.0278668198457874	25.6033770825438	0.348733702444477
50.925	5.5	0.190831310160995	1.09069781102395	-0.0138303560072657	25.5458794771235	0.352665048128796
51.075	5.5	0.196751434528016	1.08559004395462	0.0004223143327384	25.4879817837381	0.357401147622413
51.225	5.5	0.203813247421151	1.08164843600842	0.0140484628993439	25.4294821388565	0.363050597936921
51.375	5.5	0.211954277009497	1.07878958452149	0.0261376446228395	25.370173850303	0.369563421607597
51.525	5.5	0.220880352507263	1.07685399356731	0.0358636200127521	25.3098777878414	0.376704282005811
51.675	5.5	0.230063783121349	1.07562820925439	0.0426150904666392	25.2484771971615	0.384051026497079
51.825	5.5	0.23878664116941	1.07488228506241	0.0460658732008959	25.1859489524734	0.391029312935528
51.975	5.5	0.246238630119451	1.07440546744893	0.0461723044930143	25.1223840527371	0.396990904095561
52.125	5.5	0.251667064879808	1.07402427314368	0.0431175540933191	25.0579901931071	0.401333651903847
52.275	5.5	0.254555354621405	1.07359469234774	0.0372417435893462	24.9930714276049	0.403644283697124
52.425	5.5	0.254780465479845	1.07297011920865	0.028993468292265	24.927985084935	0.403824372383876
52.575	5.5	0.252680945455813	1.07195759550722	0.0189129378776475	24.8630839821121	0.402144756364651
52.725	5.5	0.248971422798621	1.07028787638571	0.00761821180988315	24.7986604471115	0.399177138238897
52.875	5.5	0.244479152647237	1.06763571905791	-0.00426737518058832	24.7349136466359	0.39558332211779
53.025	5.5	0.239750761659619	1.06372046857057	-0.0163053463161727	24.6719587817445	0.391800609327696
53.175	5.5	0.234660335055776	1.05847662184725	-0.0285437707830319	24.6098837483139	0.387728268044621
53.325	5.5	0.228205305443504	1.05222353430594	-0.0418257163300088	24.5488383895382	0.382564244354803
53.475	5.5	0.218664586397548	1.04573932504434	-0.0579544918758514	24.4891208179257	0.374931669118038
53.625	5.5	0.204192224796216	1.04019036430507	-0.0796183322884376	24.4312141523579	0.363353779836973
53.775	5.5	0.183745211347142	1.0369218786104	-0.110023731783119	24.3757336877397	0.346996169077714
53.925	5.5	0.1580589978383	1.03706547905213	-0.152054690497839	24.3232717765048	0.32644719827064
54.075	5.5	0.13028228084024	1.04073079446609	-0.206451346614915	24.2741695517218	0.304225824672192
54.225	5.5	0.105936523492648	1.04543270828664	-0.268501853864636	24.2282866212424	0.284749218794118
54.375	5.5	0.0920692512984197	1.04425477880214	-0.324651719484061	24.184863707626	0.273655401038736
54.525	5.5	0.0957475165482328	1.02699554829593	-0.354958876367	24.1425568331586	0.276598013238586
54.675	5.5	0.122314889655993	0.987516924799392	-0.346063518822723	24.0996442291471	0.297851911724795
54.825	5.5	0.173968940732818	0.930486855244655	-0.302977451687334	24.0543166919851	0.339175152586254
54.975	5.5	0.249028011347697	0.867479973753252	-0.243473997005535	24.0049648228151	0.399222409078158
55.125	5.5	0.341995987506055	0.808342340266491	-0.183852701793777	23.9504214585006	0.473596790004844
55.275	5.5	0.44451768264312	0.75780998342296	-0.132552439631872	23.8901163215426	0.555614146114496
55.425	5.5	0.547187572876935	0.716767192417515	-0.0917507093345064	23.8241064744437	0.637750058301548
55.575	5.5	0.641672888228292	0.684243072428814	-0.0606024658669773	23.7529808259168	0.713338310582634
55.725	5.5	0.722276473170503	0.658689148154419	-0.0373308946354463	23.6776774352495	0.777821178536403
55.875	5.5	0.786399535254737	0.638584919306617	-0.0201539460115985	23.599278115065	0.82911962820379
56.025	5.5	0.834044958205191	0.622657513332442	-0.00758202601782448	23.518838447988	0.867235966564152
56.175	5.5	0.866892412889065	0.609916315235812	0.00154532663192126	23.4372808179411	0.893513930311252
56.325	5.5	0.887414313253195	0.599614875197336	0.00810817461138657	23.3553478307919	0.909931450602556
56.475	5.5	0.898246968556418	0.591195629428408	0.0127704803001266	23.2735982879838	0.918597574845134
56.625	5.5	0.901829892993841	0.584240124675065	0.0160365648509249	23.1924265693564	0.921463914395073
56.775	5.5	0.900241914918056	0.578430878099662	0.0182942644150786	23.112091430315	0.920193531934445
56.925	5.5	0.895156000123629	0.573524236863073	0.0198455473152632	23.032746063547	0.916124800098903
57.075	5.5	0.887856315968067	0.569331675835091	0.0209272056955066	22.9544654972607	0.910285052774453
57.225	5.5	0.879283972099939	0.565706947141528	0.0217245113706717	22.877269829172	0.903427177679951
57.375	5.5	0.870093605444606	0.562537023462132	0.0223804052573959	22.8011429880659	0.896074884355685
57.525	5.5	0.860711715198199	0.559735366832436	0.0230022166455903	22.7260472396988	0.888569372158559
57.675	5.5	0.851391907905487	0.557236565945456	0.0236672490638141	22.6519338770216	0.88111352632439
57.825	5.5	0.842264229120658	0.55499178628935	0.0244279499598691	22.5787506370138	0.873811383296527
57.975	5.5	0.833376903757194	0.552964764577034	0.0253168988702464	22.5064464348731	0.866701523005755
58.125	5.5	0.824729698909016	0.551128258556186	0.0263515512187638	22.4349740159258	0.859783759127212
58.275	5.5	0.81629892456856	0.549460952997838	0.0275385548194757	22.3642910971025	0.853039139654848
58.425	5.5	0.80805476506029	0.54794484814453	0.0288774658172071	22.2943605063403	0.846443812048232
58.575	5.5	0.799972114704614	0.546563145546784	0.0303637685116421	22.225149739286	0.839977691763691
58.725	5.5	0.792036338233165	0.545298620838741	0.0319911962330972	22.1566302515206	0.833629070586532
58.875	5.5	0.784245403899034	0.544132448590097	0.0337534248780431	22.0887767045417	0.827396323119227
59.025	5.5	0.776609696530254	0.543043428115277	0.0356452535605811	22.0215662953449	0.821287757224204
59.175	5.5	0.769150575692846	0.542007552501504	0.0376633989984715	21.9549782287963	0.815320460554277
59.325	5.5	0.761898463986144	0.540997864407844	0.0398070198466589	21.8889933411463	0.809518771188915
59.475	5.5	0.754890981170038	0.539984548568297	0.0420780641402825	21.8235938508732	0.803912784936031
59.625	5.5	0.748171412032842	0.538935219787533	0.0444815058953831	21.758763196468	0.798537129626274
59.775	5.5	0.741787623521174	0.537815374769292	0.0470255117079313	21.6944859158343	0.793430098816939
59.925	5.5	0.735791430622409	0.536588985533911	0.0497215580922214	21.6307475246837	0.788633144497928
60.075	5.5	0.730238343459612	0.535219221345273	0.0525845060951957	21.5675343581453	0.78419067476769
60.225	5.5	0.725187598492071	0.53366929516404	0.05563263034464	21.5048333479834	0.780150078793656
60.375	5.5	0.720702372006214	0.531903439596311	0.0588875928583273	21.442631715344	0.776561897604971
60.525	5.5	0.716850082571246	0.529888025254236	0.0623743449532644	21.380916564665	0.773480066056997
60.675	5.5	0.713702701208648	0.527592839406888	0.0661209312750053	21.3196743679113	0.770962160966918
60.825	5.5	0.711336996637885	0.52499254170666	0.0701581577703122	21.2588903299914	0.769069597310308
60.975	5.5	0.709834643882207	0.52206830319779	0.074519072427054	21.1985476271192	0.767867715105765
61.125	5.5	0.709282116533336	0.518809612339953	0.0792381989881824	21.13862651146	0.767425693226669
61.275	5.5	0.709770268046079	0.515216198008098	0.0843504672776324	21.0791032791987	0.767816214436863
61.425	5.5	0.711393490623274	0.511299979991858	0.0898898071518833	21.0199491062289	0.769114792498619
61.575	5.5	0.714248328988511	0.507086924007113	0.0958874204871028	20.9611287657942	0.771398663190809
61.725	5.5	0.718431428636108	0.502618666881307	0.102369812153784	20.902599253639	0.774745142908886
61.875	5.5	0.724036719553803	0.497953804252897	0.109356728344871	20.8443083545239	0.779229375643042
62.025	5.5	0.731151776236615	0.493168804506923	0.116859186536017	20.7861931840431	0.784921420989292
62.175	5.5	0.739853342920695	0.488358615227577	0.124877745658994	20.7281787268778	0.791882674336556
62.325	5.5	0.75020204966964	0.483637119907965	0.133401025578264	20.6701763661647	0.800161639735712
62.475	5.5	0.762236346784786	0.479137613137408	0.142404240834152	20.6120823656071	0.809789077427829
62.625	5.5	0.775965638380289	0.475013312890982	0.151847219190143	20.5537762444537	0.820772510704231
62.775	5.5	0.791362517023985	0.471437568990228	0.16167115114289	20.4951190047753	0.833090013619188
62.925	5.5	0.808353954792273	0.468602887412804	0.171793331050344	20.4359512652225	0.846683163833818
63.075	5.5	0.826811408695423	0.466717322831616	0.182099566297656	20.3760915521863	0.861449126956338
63.225	5.5	0.846540190529169	0.465996472136479	0.192434818808879	20.3153352961357	0.877232152423335
63.375	5.5	0.867269226560421	0.466649563060462	0.202593894759999	20.2534554257039	0.893815381248337
63.525	5.5	0.888643438328597	0.468859225188364	0.212315277064366	20.1902057290005	0.910914750662878
63.675	5.5	0.910222126311134	0.47275644103087	0.221281968100495	20.125328190441	0.928177701048907
63.825	5.5	0.931487408390532	0.478394476453646	0.229132886301804	20.0585651330225	0.945189926712426
63.975	5.5	0.951866327142671	0.485727449272476	0.235486537931351	19.9896760983988	0.961493061714137
64.125	5.5	0.970768243708409	0.494599624462618	0.239975462576109	19.9184580613141	0.976614594966727
64.275	5.5	0.98763563787117	0.504749870778216	0.242286161943347	19.8447661348237	0.990108510296936
64.425	5.5	1.00200219341861	0.515832171450543	0.242196355941837	19.7685309185249	1.00160175473489
64.575	5.5	1.01354841511938	0.52744885498322	0.239601004454995	19.6897686124012	1.01083873209551
64.725	5.5	1.0221434763848	0.539190031299063	0.234521195163416	19.6085811989795	1.01771478110784
64.875	5.5	1.02786349082282	0.550671873121693	0.227094764097371	19.5251461129971	1.02229079265825
65.025	5.5	1.03098085722074	0.561567940614356	0.217552284819608	19.4396971632789	1.02478468577659
65.175	5.5	1.03192556122427	0.571630608429642	0.206184931839456	19.3525002453276	1.02554044897942
65.325	5.5	1.03122548747099	0.580702370916506	0.193311091638409	19.2638280700332	1.02498038997679
65.475	5.5	1.02943713220737	0.588718446403605	0.179247152651152	19.1739376825471	1.0235497057659
65.625	5.5	1.02707951371527	0.595702572723235	0.164285813548369	19.083053292255	1.02166361097222
65.775	5.5	1.02458238628244	0.601757639760682	0.14868334793891	18.9913553900936	1.01966590902595
65.925	5.5	1.02225575064928	0.607052394366109	0.132655825502455	18.8989757670279	1.01780460051943
66.075	5.5	1.02028238242141	0.611805203704292	0.116383220185834	18.8059971741721	1.01622590593712
66.225	5.5	1.01873014674194	0.616265805238275	0.100019485665622	18.7124560778118	1.01498411739356
66.375	5.5	1.01757748983216	0.620695977392675	0.083706014033659	18.6183471728507	1.01406199186573
66.525	5.5	1.01674435240429	0.625350038506413	0.0675854952863412	18.5236288180601	1.01339548192343
66.675	5.5	1.01612172874597	0.630456052094088	0.0518131715033008	18.4282291017596	1.01289738299678
66.825	5.5	1.01559546139349	0.636198685064607	0.0365629054227611	18.332052632484	1.01247636911479
66.975	5.5	1.01506260313875	0.642704875405408	0.0220263763551068	18.2349882613549	1.012050082511
67.125	5.5	1.01444090410536	0.650033711358391	0.008405016458924	18.1369177758312	1.01155272328429
67.275	5.5	1.01367319191279	0.658171977464593	-0.00410417278525024	18.0377252500722	1.01093855353023
67.425	5.5	1.01272857744003	0.667036460652779	-0.0153263471372408	17.9373063477723	1.01018286195203
67.575	5.5	1.01160186759778	0.676483259202422	-0.0251265607160739	17.8355766098206	1.00928149407822
67.725	5.5	1.01031175496807	0.686323170773791	-0.0334238674186542	17.7324777374053	1.00824940397445
67.875	5.5	1.00889770767195	0.696341104981209	-0.0401989401268564	17.6279811314638	1.00711816613756
68.025	5.5	1.0074152585304	0.706316746165385	-0.0454938935977602	17.5220884044121	1.00593220682432
68.175	5.5	1.00592961674529	0.716043606278454	-0.0494047612451053	17.414829102511	1.00474369339623
68.325	5.5	1.00450803180199	0.725344139564594	-0.0520685450913648	17.306256315134	1.00360642544159
68.475	5.5	1.00321186195682	0.734079528669029	-0.0536475656619806	17.1964410907774	1.00256948956545
68.625	5.5	1.00208959089315	0.742153807842392	-0.0543138877764595	17.0854665936301	1.00167167271452
68.775	5.5	1.00117196223464	0.749512910516246	-0.0542360330775947	16.973422756947	1.00093756978771
68.925	5.5	1.00046998164739	0.756139858187074	-0.0535692877793164	16.8604019042806	1.00037598531791
69.075	5.5	0.999975916111073	0.762047590751485	-0.0524499676614723	16.746495510249	0.999980732888859
69.225	5.5	0.99966680129033	0.767270904076713	-0.0509932372600031	16.6317920317954	0.999733441032264
69.375	5.5	0.999509527756601	0.771858692787631	-0.0492936152092942	16.5163755959116	0.999607622205281
69.525	5.5	0.999466410406483	0.775867304734855	-0.0474271451518752	16.4003252820263	0.999573128325186
69.675	5.5	0.999500250200299	0.779355405334233	-0.0454543055642926	16.2837147632276	0.999600200160239
69.825	5.5	0.999578194226302	0.782380406209012	-0.0434229688383246	16.1666121362797	0.999662555381041
69.975	5.5	0.999674075519088	0.784996276883607	-0.0413709980190147	16.0490798443861	0.99973926041527
70.125	5.5	0.999769262123984	0.787252437299683	-0.0393283140215849	15.9311746570995	0.999815409699187
70.275	5.5	0.999852295117579	0.789193402877915	-0.0373184385981434	15.8129477089495	0.999881836094063
70.425	5.5	0.999917721244198	0.790858890674336	-0.0353596123850125	15.6944446124927	0.999934176995358
70.575	5.5	0.999964538262152	0.79228416269043	-0.0334656170877697	15.5757056587639	0.999971630609722
70.725	5.5	0.999994603064103	0.793500455574789	-0.0316464187167561	15.4567661066754	0.999995682451282
70.875	5.5	1.00001124390553	0.794535409385659	-0.0299087166374981	15.3376565498889	1.00000899512442
71.025	5.5	1.00001820346726	0.795413455027467	-0.0282564475140421	15.2184033397807	1.00001456277381
71.175	5.5	1.0000189427783	0.796156149850766	-0.0266912637468159	15.0990290383574	1.00001515422264
71.325	5.5	1.00001626882195	0.79678246661553	-0.0252129866304975	14.979552875292	1.00001301505756
71.475	5.5	1.00001221242824	0.797309046752855	-0.023820025028698	14.8599911873268	1.00000976994259
71.625	5.5	1.00000807273719	0.797750428684019	-0.0225097485612039	14.7403578243721	1.00000645818975
71.775	5.5	1.00000455202893	0.79811925907591	-0.0212788071404669	14.6206645131197	1.00000364162315
71.925	5.5	1.00000192178013	0.798426491460601	-0.0201233934877868	14.5009211747199	1.0000015374241
72.075	5.5	1.00000018065229	0.798681573786906	-0.0190394500650287	14.3811361974311	1.00000014452183
72.225	5.5	0.999999183191111	0.798892624635708	-0.0180228255731677	14.2613166679616	0.999999346552889
72.375	5.5	0.999998731944207	0.799066596997503	-0.0170693883943683	14.1414685666566	0.999998985555365
72.525	5.5	0.999998634845819	0.799209428435759	-0.0161751051675885	14.0215969320512	0.999998907876655
72.675	5.5	0.999998734554899	0.799326176839434	-0.015336092414897	13.901705999983	0.999998987643919
72.825	5.5	0.999998918008288	0.79942114153847	-0.0145486481859153	13.7817993217669	0.999999134406631
72.975	5.5	0.999999113931883	0.799497970123117	-0.0138092694220543	13.6618798651205	0.999999291145506
73.125	5.5	0.99999928446353	0.799559751769436	-0.0131146594403805	13.5419501007555	0.999999427570824
73.275	5.5	0.999999415140126	0.799609098180431	-0.0124617287671167	13.4220120769046	0.999999532112101
73.425	5.5	0.999999505759148	0.799648213413605	-0.011847591596071	13.3020674835474	0.999999604607319
73.575	5.5	0.999999563270762	0.799678953903029	-0.0112695594245826	13.1821177077411	0.99999965061661
73.725	5.5	0.999999596945457	0.799702879936745	-0.010725132904532	13.0621638812033	0.999999677556366
73.875	5.5	0.999999615544741	0.799721299749193	-0.0102119925992026	12.9422069211265	0.999999692435793
74.025	5.5	0.999999626002789	0.799735307262699	-0.00972798911239479	12.8222475650773	0.999999700802231
74.175	5.5	0.999999633101105	0.799745814381732	-0.00927113291481126	12.7022864007409	0.999999706480884
74.325	5.5	0.999999639697303	0.799753578618084	-0.00883958410409702	12.5823238911948	0.999999711757842
74.475	5.5	0.999999647187972	0.799759226714015	-0.0084316422758777	12.4623603963224	0.999999717750378
74.625	5.5	0.999999656003227	0.799763274832898	-0.00804573664239367	12.3423961909107	0.999999724802582
74.775	5.5	0.999999666026452	0.799766145804456	-0.00768041650204125	12.2224314799114	0.999999732821162
74.925	5.5	0.999999676900087	0.799768183841179	-0.00733434213616234	12.102466411285	0.999999741520069
75.075	5.5	0.999999688219095	0.799769667084657	-0.00700627618588374	11.9825010867882	0.999999750575276
75.225	5.5	0.999999699633631	0.799770818289165	-0.00669507554116373	11.8625355710167	0.999999759706905
75.375	5.5	0.999999710888353	0.799771813908482	-0.00639968375709442	11.7425698989682	0.999999768710682
75.525	5.5	0.999999721823588	0.799772791814183	-0.00611912399883638	11.6226040823512	0.99999977745887
75.675	5.5	0.999999732357786	0.799773857842738	-0.00585249250539315	11.5026381148325	0.999999785886229
75.825	5.5	0.999999742464263	0.799775091341025	-0.00559895255499541	11.3826719763856	0.99999979397141
75.975	5.5	0.999999752149562	0.799776549856041	-0.00535772890907685	11.2627056368783	0.99999980171965
76.125	5.5	0.999999761436733	0.799778273094305	-0.00512810270850051	11.1427390590185	0.999999809149386
76.275	5.5	0.999999770354139	0.79978028625849	-0.00490940679393261	11.0227722007577	0.999999816283311
76.425	5.5	0.999999778929066	0.799782602853141	-0.00470102142133963	10.9028050172378	0.999999823143253
76.575	5.5	0.99999978718485	0.79978522703885	-0.00450237034406022	10.7828374623535	0.99999982974788
76.725	5.5	0.999999795140238	0.799788155602121	-0.00431291723346236	10.6628694899941	0.99999983611219
76.875	5.5	0.999999802809926	0.799791379598629	-0.00413216241124641	10.5429010550147	0.999999842247941
77.025	5.5	0.999999810205575	0.799794885719584	-0.00395963986819917	10.422932113985	0.99999984816446
77.175	5.5	0.999999817336825	0.799798657422817	-0.00379491454511719	10.3029626257507	0.99999985386946
77.325	5.5	0.999999824212135	0.799802675865344	-0.00363757985388036	10.1829925518421	0.999999859369708
77.475	5.5	0.999999830839369	0.799806920667423	-0.00348725541752857	10.0630218567564	0.999999864671495
77.625	5.5	0.999999837226137	0.799811370534906	-0.00334358501021961	9.9430505081362	0.99999986978091
77.775	5.5	0.999999843379977	0.79981600376196	-0.00320623467920595	9.82307847686537	0.999999874703981
77.925	5.5	0.999999849308396	0.799820798633362	-0.00307489103249553	9.70310573709695	0.999999879446717
78.075	5.5	0.999999855018859	0.799825733742557	-0.00294925967705271	9.58313226622789	0.999999884015087
78.225	5.5	0.999999860518753	0.799830788239322	-0.00282906379386316	9.46315804483178	0.999999888415003
78.375	5.5	0.999999865815339	0.799835942018797	-0.00271404283735876	9.34318305655922	0.999999892652271
78.525	5.5	0.999999870915709	0.799841175861778	-0.00260395134746814	9.22320728801385	0.999999896732567
78.675	5.5	0.999999875826765	0.799846471534839	-0.0024985578642437	9.10323072861068	0.999999900661412
78.825	5.5	0.999999880555206	0.799851811857299	-0.00239764393520104	8.98325337042206	0.999999904444165
78.975	5.5	0.999999885107523	0.799857180741304	-0.00230100320702241	8.8632752080159	0.999999908086019
79.125	5.5	0.999999889489991	0.799862563209835	-0.00220844059364943	8.74329623828969	0.999999911591993
79.275	5.5	0.999999893708677	0.799867945397223	-0.00211977151373955	8.62331646030324	0.999999914966942
79.425	5.5	0.999999897769456	0.799873314535619	-0.00203482119114014	8.50333587511255	0.999999918215565
79.575	5.5	0.999999901678	0.79987865893044	-0.00195342401232018	8.38335448560669	0.9999999213424
79.725	5.5	0.999999905439798	0.799883967927455	-0.00187542293587601	8.26337229634894	0.999999924351838
79.875	5.5	0.999999909060161	0.799889231873467	-0.00180066894903835	8.14338931342357	0.999999927248129
80.025	5.5	0.999999912544212	0.799894442072427	-0.00172902056702514	8.02340554428883	0.999999930035369
80.175	5.5	0.999999915896914	0.799899590738358	-0.00166034337130838	7.90342099763682	0.999999932717531
80.325	5.5	0.999999919123058	0.799904670946348	-0.00159450958337522	7.78343568326062	0.999999935298446
80.475	5.5	0.999999922227274	0.799909676582483	-0.00153139767066303	7.66344961192889	0.999999937781819
80.625	5.5	0.999999925214033	0.7999146022936	-0.00147089198187876	7.543462795268	0.999999940171227
80.775	5.5	0.999999928087656	0.799919443437397	-0.00141288240917211	7.42347524565171	0.999999942470125
80.925	5.5	0.999999930852307	0.79992419603345	-0.00135726407464634	7.30348697609826	0.999999944681845
81.075	5.5	0.999999933512009	0.799928856715489	-0.0013039370392314	7.18349800017472	0.999999946809607
81.225	5.5	0.999999936070645	0.799933422685293	-0.00125280603196463	7.06350833190846	0.999999948856516
81.375	5.5	0.999999938531967	0.799937891668342	-0.00120378019788349	6.94351798570528	0.999999950825573
81.525	5.5	0.999999940899596	0.799942261871418	-0.00115677286304882	6.82352697627417	0.999999952719677
81.675	5.5	0.999999943177034	0.799946531942305	-0.00111170131516382	6.70353531855822	0.999999954541627
81.825	5.5	0.999999945367657	0.799950700931633	-0.00106848659859884	6.58354302767141	0.999999956294126
81.975	5.5	0.999999947474709	0.799954768256876	-0.00102705332260558	6.463550118841	0.999999957979767
82.125	5.5	0.999999949501292	0.799958733668521	-0.000987329481618348	6.34355660735512	0.999999959601034
82.275	5.5	0.999999951450366	0.799962597218466	-0.000949246286769247	6.22356250851527	0.999999961160293
82.425	5.5	0.999999953324767	0.799966359230541	-0.000912738007662409	6.10356783759346	0.999999962659813
82.575	5.5	0.999999955127256	0.799970020273163	-0.000877741823633229	5.98357260979351	0.999999964101805
82.725	5.5	0.999999956860603	0.799973581134052	-0.000844197683795865	5.86357684021638	0.999999965488482
82.875	5.5	0.99999995852765	0.799977042797044	-0.000812048175197554	5.74358054382903	0.99999996682212
83.025	5.5	0.999999960131279	0.799980406420824	-0.000781238398497321	5.62358373543674	0.999999968105023
83.175	5.5	0.999999961674228	0.799983673319692	-0.000751715850624323	5.50358642965832	0.999999969339383
83.325	5.5	0.999999963158733	0.799986844946276	-0.000723430313928796	5.38358864090424	0.999999970526986
83.475	5.5	0.999999964586134	0.799989922876113	-0.000696333751400479	5.2635903833571	0.999999971668907
83.625	5.5	0.999999965956818	0.79999290879422	-0.000670380207584229	5.14359167095445	0.999999972765454
83.775	5.5	0.999999967270899	0.799995804483306	-0.000645525714836318	5.02359251737333	0.999999973816719
83.925	5.5	0.999999968529877	0.799998611813812	-0.000621728204648709	4.90359293601645	0.999999974823902
84.075	5.5	0.999999969738799	0.800001332735521	-0.000598947423785101	4.78359293999945	0.999999975791039
84.225	5.5	0.999999970907418	0.800003969270842	-0.000577144855073865	4.66359254213913	0.999999976725934
84.375	5.5	0.999999972048085	0.800006523509923	-0.000556283642506765	4.54359175494256	0.999999977638468
84.525	5.5	0.999999973168581	0.80000899760802	-0.000536328520757488	4.42359059059712	0.999999978534865
84.675	5.5	0.999999974260945	0.800011393785537	-0.000517245748717207	4.30358906096182	0.999999979408756
84.825	5.5	0.999999975292556	0.800013714330575	-0.000499003047208172	4.18358717755947	0.999999980234045
84.975	5.5	0.999999976210842	0.800015961603365	-0.000481569540779872	4.06358495156889	0.999999980968673
85.125	5.5	0.999999976973214	0.800018138040432	-0.000464915703787081	3.94358239381495	0.999999981578571
85.275	5.5	0.999999977602716	0.800020246156325	-0.000449013310908484	3.82357951475371	0.999999982082173
85.425	5.5	0.999999978245139	0.800022288541576	-0.000433835392444758	3.70357632445123	0.999999982596111
85.575	5.5	0.999999979172817	0.800024267859371	-0.000419356194643928	3.58357283255845	0.999999983338254
85.725	5.5	0.999999980667293	0.800026186848867	-0.000405551145267036	3.46356904829021	0.999999984533834
85.875	5.5	0.999999982751227	0.800028048346831	-0.000392396824436866	3.34356498042162	0.999999986200982
86.025	5.5	0.999999984853451	0.800029855335923	-0.000379870940614849	3.22356063731217	0.999999987882761
86.175	5.5	0.999999985658307	0.800031611012028	-0.000367952311275159	3.10355602695186	0.999999988526645
86.325	5.5	0.999999983511171	0.800033318834721	-0.00035662084781064	2.98355115699403	0.999999986808937
86.475	5.5	0.999999977651048	0.80003498249801	-0.000345857544335392	2.86354603470854	0.999999982120838
86.625	5.5	0.999999970050781	0.8000366057604	-0.000335644470335476	2.74354066678664	0.999999976040625
86.775	5.5	0.999999966780328	0.800038192136925	-0.000325964767994642	2.62353505899187	0.999999973424262
86.925	5.5	0.999999976970137	0.800039744593043	-0.000316802655671761	2.50352921579551	0.99999998157611
87.075	5.5	1.00000000749932	0.800041265543218	-0.000308143439450542	2.38352314031832	1.00000000599945
87.225	5.5	1.00000005348774	0.800042757516942	-0.000299973533775319	2.2635168349864	1.00000004279019
87.375	5.5	1.00000008890434	0.800044224627371	-0.000292280489134807	2.14351030309869	1.00000007112347
87.525	5.5	1.00000006668949	0.800045674341252	-0.000285053019398231	2.02350355084558	1.0000000533516
87.675	5.5	0.99999993974187	0.800047118138306	-0.000278281015204529	1.90349658832199	0.999999951793496
87.825	5.5	0.999999707241532	0.800048569031024	-0.000271955526833884	1.78348942731845	0.999999765793225
87.975	5.5	0.999999471206711	0.800050034555254	-0.000266068706342778	1.66348207418371	0.999999576965369
88.125	5.5	0.99999945990396	0.800051506622077	-0.0002606137191254	1.54347451885896	0.999999567923168
88.275	5.5	0.999999955124774	0.800052954383558	-0.000255584667336594	1.42346672628965	0.999999964099819
88.425	5.5	1.00000107916884	0.800054330704551	-0.000250976595183482	1.30345864156358	1.00000086333507
88.575	5.5	1.00000248238281	0.800055602187384	-0.000246785636938123	1.18345022028311	1.00000198590625
88.725	5.5	1.00000311926341	0.800056801476376	-0.000243009286566346	1.06344148469297	1.00000249541073
88.875	5.5	1.0000014403313	0.800058077094225	-0.000239646603619783	0.94343258135293	1.00000115226504
89.025	5.5	0.99999631150493	0.800059688696155	-0.000236697984180011	0.823423785473151	0.999997049203944
89.175	5.5	0.999988631502545	0.800061886630558	-0.000234164077552994	0.703415383479163	0.999990905202036
89.325	5.5	0.999982894666579	0.80006465505361	-0.000232043744389539	0.583407402915361	0.999986315733263
89.475	5.5	0.999987093906022	0.800067407313789	-0.000230331779595793	0.463399271984168	0.999989675124818
89.625	5.5	1.00000906030122	0.800068876325726	-0.000229018288738459	0.343389659453182	1.00000724824097
89.775	5.5	1.00004855405383	0.800057241777364	-0.000228092387973139	0.223376869934242	1.00003884324306
89.925	5.5	1.00008778139808	0.400087453551746	-0.000227574841309701	0.103363164391105	1.00007022511847
0.075	5.7	3.02040712936508e-30	0.399999953477608	-3.30726373521406e-05	36.0880320909688	0.2
0.225	5.7	-1.67109996780442e-30	0.799999861846886	-3.31011054561983e-05	36.0640320937601	0.2
0.375	5.7	5.88425321260678e-30	0.799999774419037	-3.31585519928023e-05	36.0400320992579	0.2
0.525	5.7	-1.14994651932282e-29	0.799999693862978	-3.32459800185243e-05	36.016032107295	0.2
0.675	5.7	1.52301352907284e-30	0.79999962265756	-3.33648521802184e-05	35.9920321176262	0.2
0.825	5.7	-2.93509314380622e-29	0.799999563027452	-3.35170412499659e-05	35.9680321299355	0.2
0.975	5.7	-5.50007485177059e-30	0.799999516893674	-3.37047726582891e-05	35.9440321438445	0.2
1.125	5.7	-3.98305500793723e-29	0.799999485837591	-3.39305569148776e-05	35.9200321589219	0.2
1.275	5.7	1.22835613310943e-29	0.799999471081468	-3.41971197145705e-05	35.8960321746943	0.2
1.425	5.7	-7.47504789472099e-30	0.799999473481253	-3.45073320449317e-05	35.872032190657	0.2
1.575	5.7	8.77711850611658e-29	0.799999493537075	-3.48641437257305e-05	35.8480322062854	0.2
1.725	5.7	7.91849877477998e-29	0.799999531413159	-3.52705236205434e-05	35.8240322210448	0.2
1.875	5.7	1.89024919551948e-28	0.799999586969256	-3.57294073294525e-05	35.8000322344006	0.2
2.025	5.7	1.24390231325735e-28	0.799999659797716	-3.62436565229779e-05	35.7760322458266	0.2
2.175	5.7	1.52933536286209e-28	0.799999749268665	-3.68160283926891e-05	35.7520322548127	0.2
2.325	5.7	-7.9960943093393e-29	0.799999854573416	-3.74491546277352e-05	35.7280322608705	0.2
2.475	5.7	-2.10099853844423e-28	0.799999974771488	-3.81455311287353e-05	35.7040322635383	0.2
2.625	5.7	-6.07424009597451e-28	0.800000108833017	-3.89075175732001e-05	35.6800322623842	0.2
2.775	5.7	-7.38367172761831e-28	0.800000255679883	-3.97373439657898e-05	35.6560322570083	0.2
2.925	5.7	-9.70025944616657e-28	0.800000414221733	-4.06371225863056e-05	35.6320322470434	0.2
3.075	5.7	-6.0679409876561e-28	0.800000583386682	-4.16088663205308e-05	35.608032232155	0.2
3.225	5.7	-1.47737443815279e-28	0.80000076214718	-4.26545110221039e-05	35.5840322120402	0.2
3.375	5.7	1.0781847846678e-27	0.800000949540732	-4.37759376881206e-05	35.5600321864262	0.2
3.525	5.7	2.14156037800498e-27	0.800001144685433	-4.49749969094331e-05	35.5360321550678	0.2
3.675	5.7	3.47351007592477e-27	0.80000134679045	-4.62535346733811e-05	35.5120321177451	0.2
3.825	5.7	3.59822728412795e-27	0.800001555162942	-4.76134162606586e-05	35.4880320742604	0.2
3.975	5.7	2.97337579003271e-27	0.800001769212131	-4.90565478897622e-05	35.4640320244353	0.2
4.125	5.7	1.67576694138164e-28	0.800001988448467	-5.05849008239666e-05	35.4400319681076	0.2
4.275	5.7	-3.30199066861713e-27	0.800002212482254	-5.22005283526827e-05	35.4160319051284	0.2
4.425	5.7	-7.81017592026375e-27	0.800002441020044	-5.3905586897753e-05	35.3920318353587	0.2
4.575	5.7	-1.00837099156756e-26	0.800002673858667	-5.57023495034802e-05	35.3680317586672	0.2
4.725	5.7	-9.93651872218462e-27	0.800002910880868	-5.75932218836206e-05	35.3440316749272	0.2
4.875	5.7	-4.26138934036534e-27	0.800003152046785	-5.95807549798618e-05	35.3200315840143	0.2
5.025	5.7	4.05522738243717e-27	0.800003397389007	-6.16676563892907e-05	35.2960314858044	0.2
5.175	5.7	1.38924181902458e-26	0.80000364700383	-6.38568004878151e-05	35.272031380171	0.2
5.325	5.7	1.64633743531265e-26	0.800003901047795	-6.61512375107268e-05	35.2480312669841	0.2
5.475	5.7	8.08758772314305e-27	0.800004159727736	-6.85542014885228e-05	35.2240311461081	0.2
5.625	5.7	-1.76797275457422e-26	0.800004423297746	-7.10691183088461e-05	35.2000310174005	0.2
5.775	5.7	-5.12296006290094e-26	0.80000469205245	-7.36996124626312e-05	35.1760308807103	0.2
5.925	5.7	-7.74694445395152e-26	0.800004966322882	-7.6449513089779e-05	35.1520307358773	0.2
6.075	5.7	-5.95084597890932e-26	0.800005246471534	-7.93228612658742e-05	35.1280305827309	0.2
6.225	5.7	3.33063429582796e-26	0.800005532888983	-8.23239153334375e-05	35.104030421089	0.2
6.375	5.7	2.25461421915514e-25	0.800005825990453	-8.54571577082694e-05	35.0800302507576	0.2
6.525	5.7	4.82251841890728e-25	0.800006126212778	-8.87273010582468e-05	35.0560300715296	0.2
6.675	5.7	7.07027324871521e-25	0.800006434011794	-9.21392945875132e-05	35.0320298831848	0.2
6.825	5.7	7.0340578562963e-25	0.800006749861108	-9.56983311760849e-05	35.0080296854889	0.2
6.975	5.7	2.42171507669558e-25	0.80000707424942	-9.94098543165229e-05	34.9840294781931	0.2
7.125	5.7	-8.76316901541386e-25	0.800007407679355	-0.000103279565392329	34.9600292610339	0.2
7.275	5.7	-2.62075265335722e-24	0.80000775066711	-0.000107313431761868	34.9360290337324	0.2
7.425	5.7	-4.58351340599415e-24	0.800008103740086	-0.00011151769455323	34.9120287959939	0.2
7.575	5.7	-5.7999697736111e-24	0.800008467437717	-0.000115898878395111	34.888028547508	0.2
7.725	5.7	-4.85317817871105e-24	0.800008842309961	-0.000120463799455586	34.8640282879476	0.2
7.875	5.7	-1.87450745768849e-25	0.800009228917076	-0.00012521957634681	34.8400280169694	0.2
8.025	5.7	9.05441819693611e-24	0.80000962783037	-0.000130173639526572	34.8160277342126	0.2
8.175	5.7	2.19921524133241e-23	0.800010039630227	-0.000135333742601846	34.7920274392996	0.2
8.325	5.7	3.47962624820851e-23	0.800010464907705	-0.000140707974402667	34.7680271318348	0.2
8.475	5.7	4.0200066119051e-23	0.800010904263146	-0.000146304769933125	34.7440268114051	0.2
8.625	5.7	2.82369186783912e-23	0.800011358307535	-0.000152132923728986	34.720026477579	0.2
8.775	5.7	-1.0628373276547e-23	0.8000118276612	-0.000158201603254334	34.6960261299066	0.2
8.925	5.7	-7.99609697426078e-23	0.800012312955009	-0.000164520362497281	34.6720257679193	0.2
9.075	5.7	-1.69687200537587e-22	0.800012814829045	-0.000171099157306747	34.6480253911293	0.2
9.225	5.7	-2.49040379478033e-22	0.800013333933222	-0.000177948360681094	34.6240249990296	0.2
9.375	5.7	-2.64036533068638e-22	0.800013870928389	-0.00018507877785584	34.6000245910933	0.2
9.525	5.7	-1.45827926324586e-22	0.800014426483589	-0.000192501664714443	34.5760241667739	0.2
9.675	5.7	1.64828893313494e-22	0.800015001277935	-0.000200228744535715	34.5520237255043	0.2
9.825	5.7	6.74638169247618e-22	0.800015595999972	-0.000208272226735328	34.5280232666972	0.2
9.975	5.7	1.28379565648857e-21	0.800016211345532	-0.00021664482591136	34.5040227897443	0.2
10.125	5.7	1.74129777213291e-21	0.800016848020649	-0.000225359782311638	34.4800222940165	0.2
10.275	5.7	1.64599769104877e-21	0.800017506737291	-0.000234430882818708	34.4560217788631	0.2
10.425	5.7	5.37220764314506e-22	0.800018188214913	-0.000243872482793412	34.4320212436122	0.2
10.575	5.7	-1.89160320763144e-21	0.80001889317872	-0.000253699528885249	34.4080206875702	0.2
10.725	5.7	-5.46774905698942e-21	0.80001962235869	-0.00026392758336422	34.3840201100215	0.2
10.875	5.7	-9.19304502330273e-21	0.800020376488223	-0.000274572848873651	34.3600195102287	0.2
11.025	5.7	-1.10688827490394e-20	0.800021156303099	-0.000285652194396903	34.3360188874322	0.2
11.175	5.7	-8.35668011255883e-21	0.800021962538703	-0.000297183182664344	34.3120182408505	0.2
11.325	5.7	1.48185095193306e-21	0.80002279592983	-0.000309184098003554	34.2880175696799	0.2
11.475	5.7	1.91136917021369e-20	0.80002365720629	-0.00032167397699272	34.2640168730947	0.2
11.625	5.7	4.12696314635474e-20	0.800024547092951	-0.000334672638456179	34.2400161502475	0.2
11.775	5.7	5.91590817414811e-20	0.80002546630456	-0.00034820071547593	34.2160154002691	0.2
11.925	5.7	5.87228626849868e-20	0.800026415543868	-0.000362279689713641	34.1920146222692	0.2
12.075	5.7	2.41940380999044e-20	0.800027395497923	-0.000376931926339053	34.1680138153365	0.2
12.225	5.7	-5.42036899423136e-20	0.800028406833744	-0.000392180710011012	34.1440129785394	0.2
12.375	5.7	-1.69304884784761e-19	0.800029450194866	-0.000408050284052305	34.1200121109265	0.2
12.525	5.7	-2.8631899216185e-19	0.800030526195159	-0.000424565888946451	34.0960112115277	0.2
12.675	5.7	-3.38921632531827e-19	0.800031635414226	-0.000441753805527945	34.0720102793548	0.2
12.825	5.7	-2.40275138153138e-19	0.800032778391244	-0.000459641396718874	34.0480093134028	0.2
12.975	5.7	8.43072809837237e-20	0.80003395561825	-0.000478257154405107	34.0240083126513	0.2
13.125	5.7	6.43253904992071e-19	0.800035167532999	-0.000497630745923487	34.0000072760657	0.2
13.275	5.7	1.31582656647605e-18	0.800036414510858	-0.000517793063010983	33.9760062025993	0.2
13.425	5.7	1.80951518233834e-18	0.800037696855376	-0.000538776275169279	33.9520050911951	0.2
13.575	5.7	1.68011318563583e-18	0.800039014789371	-0.000560613881719637	33.928003940788	0.2
13.725	5.7	4.57806323791168e-19	0.800040368444563	-0.000583340769284409	33.9040027503077	0.2
13.875	5.7	-2.10172498597154e-18	0.800041757847439	-0.000606993270466429	33.8800015186813	0.2
14.025	5.7	-5.67781332471812e-18	0.800043182909026	-0.000631609226065089	33.8560002448369	0.2
14.175	5.7	-9.07763664794866e-18	0.800044643410522	-0.000657228048365137	33.8319989277068	0.2
14.325	5.7	-1.01680607236587e-17	0.800046138984968	-0.000683890789758018	33.8079975662322	0.2
14.475	5.7	-6.29541484878787e-18	0.800047669104656	-0.000711640212679816	33.7839961593677	0.2
14.625	5.7	4.62521197973602e-18	0.800049233059189	-0.000740520864721191	33.759994706086	0.2
14.775	5.7	2.23997073647915e-17	0.800050829937571	-0.000770579154208652	33.7359932053841	0.2
14.925	5.7	4.26769564283334e-17	0.800052458603644	-0.000801863433215186	33.7119916562897	0.2
15.075	5.7	5.58489256616965e-17	0.80005411767549	-0.000834424081533137	33.6879900578679	0.2
15.225	5.7	4.80488667931375e-17	0.800055805496847	-0.00086831359614128	33.6639884092292	0.2
15.375	5.7	5.49880669288155e-18	0.8000575201089	-0.000903586686181779	33.6399867095381	0.2
15.525	5.7	-7.73973917551376e-17	0.800059259219765	-0.000940300368842042	33.6159849580227	0.2
15.675	5.7	-1.87652891706552e-16	0.80006102017137	-0.000978514074841	33.5919831539849	0.2
15.825	5.7	-2.85022701842812e-16	0.800062799901058	-0.00101828975603328	33.5679812968124	0.2
15.975	5.7	-3.01607672546667e-16	0.800064594903151	-0.00105969199915233	33.5439793859908	0.2
16.125	5.7	-1.57196536377665e-16	0.80006640118538	-0.00110278814741431	33.5199774211182	0.2
16.275	5.7	2.0483333103181e-16	0.800068214220744	-0.00114764842526224	33.4959754019197	0.2
16.425	5.7	7.63980180280353e-16	0.800070028898318	-0.00119434607296539	33.4719733282649	0.200000000000001
16.575	5.7	1.36717193014193e-15	0.800071839465978	-0.00124295748641439	33.4479712001858	0.200000000000001
16.725	5.7	1.70196985981581e-15	0.800073639471632	-0.0012935623659108	33.423969017897	0.200000000000001
16.875	5.7	1.33900506736541e-15	0.800075421697478	-0.00134624387189416	33.3999667818175	0.200000000000001
17.025	5.7	-1.2056991265146e-16	0.800077178089509	-0.00140108879231772	33.3759644925951	0.2
17.175	5.7	-2.7865972082224e-15	0.800078899681626	-0.0014581877154607	33.3519621511321	0.199999999999998
17.325	5.7	-6.16359403261863e-15	0.800080576512093	-0.00151763521787072	33.3279597586142	0.199999999999995
17.475	5.7	-8.9097722439687e-15	0.800082197535212	-0.00157953005828932	33.3039573165414	0.199999999999993
17.625	5.7	-8.87702088282341e-15	0.800083750524161	-0.00164397538850945	33.2799548267621	0.199999999999993
17.775	5.7	-3.65383699537671e-15	0.800085221966229	-0.00171107897372472	33.25595229151	0.199999999999997
17.925	5.7	8.26487452882175e-15	0.800086596950731	-0.00178095342792865	33.2319497134441	0.200000000000007
18.075	5.7	2.58125337442087e-14	0.80008785904704	-0.00185371646505418	33.2079470956929	0.200000000000021
18.225	5.7	4.37231981016853e-14	0.800088990173074	-0.00192949116553137	33.1839444419013	0.200000000000035
18.375	5.7	5.19173473788965e-14	0.800089970454461	-0.0020084062616365	33.1599417562825	0.200000000000042
18.525	5.7	3.71407258447877e-14	0.800090778071967	-0.00209059644065292	33.135939043674	0.20000000000003
18.675	5.7	-1.21279735884069e-14	0.800091389095912	-0.00217620267192515	33.1119363095982	0.19999999999999
18.825	5.7	-9.74906883810423e-14	0.800091777312537	-0.0022653725531967	33.0879335603283	0.199999999999922
18.975	5.7	-2.01041782287943e-13	0.800091914031579	-0.00235826068539502	33.0639308029595	0.199999999999839
19.125	5.7	-2.78699086902231e-13	0.800091767883875	-0.00245502907257391	33.0399280454864	0.199999999999777
19.275	5.7	-2.62850390001191e-13	0.800091304602525	-0.00255584755275097	33.0159252968865	0.19999999999979
19.425	5.7	-8.09008304546131e-14	0.800090486787928	-0.00266089426182589	32.9919225672103	0.199999999999935
19.575	5.7	3.07136184159029e-13	0.800089273657252	-0.00277035613234388	32.9679198676792	0.200000000000246
19.725	5.7	8.57105809848891e-13	0.800087620775969	-0.00288442943321299	32.9439172107908	0.200000000000686
19.875	5.7	1.39280241694777e-12	0.800085479769327	-0.00300332035150819	32.9199146104325	0.200000000001114
20.025	5.7	1.5924270997666e-12	0.800082798018237	-0.00312724562341989	32.8959120820044	0.200000000001274
20.175	5.7	1.0470898669375e-12	0.800079518331442	-0.0032564332154514	32.8719096425511	0.200000000000838
20.325	5.7	-5.79659992645344e-13	0.800075578597792	-0.00339112306684523	32.8479073109043	0.199999999999536
20.475	5.7	-3.29515428170287e-12	0.80007091141816	-0.00353156789248786	32.8239051078354	0.199999999997364
20.625	5.7	-6.48675573027729e-12	0.800065443713743	-0.00367803405846846	32.7999030562198	0.199999999994811
20.775	5.7	-8.73399194913865e-12	0.800059096311556	-0.00383080253591503	32.7759011812138	0.199999999993013
20.925	5.7	-7.92067161197394e-12	0.800051783507798	-0.00399016993883823	32.7518995104428	0.199999999993663
21.075	5.7	-1.84292419083181e-12	0.800043412607634	-0.00415644966144295	32.7278980742048	0.199999999998526
21.225	5.7	1.0604772747838e-11	0.800033883443515	-0.0043299731179838	32.7038969056867	0.200000000008484
21.375	5.7	2.78425025524304e-11	0.80002308786987	-0.00451109110346128	32.6798960411962	0.200000000022274
21.525	5.7	4.41752157667584e-11	0.800010909238726	-0.0047001752821518	32.6558955204092	0.20000000003534
21.675	5.7	4.94713690726679e-11	0.79999722185553	-0.00489761982174469	32.6318953866334	0.200000000039577
21.825	5.7	3.10906817423242e-11	0.799981890416409	-0.00510384318625464	32.6078956870884	0.200000000024873
21.975	5.7	-2.10926294022364e-11	0.7999647694328	-0.00531929010597975	32.5838964732024	0.199999999983126
22.125	5.7	-1.06751935068377e-10	0.799945702642595	-0.00554443374401241	32.5598978009264	0.199999999914598
22.275	5.7	-2.06242820888253e-10	0.799924522416798	-0.00577977808276509	32.5358997310644	0.199999999835006
22.425	5.7	-2.75029484291161e-10	0.799901049167477	-0.00602586055736328	32.511902329621	0.199999999779976
22.575	5.7	-2.4738468783316e-10	0.799875090767994	-0.00628325496753847	32.4879056681671	0.199999999802092
22.725	5.7	-5.524551743747e-11	0.799846442002072	-0.00655257470410811	32.4639098242224	0.199999999955804
22.875	5.7	3.35384655877445e-10	0.799814884052656	-0.00683447632559457	32.4399148816576	0.200000000268308
23.025	5.7	8.75908382244853e-10	0.799780184057253	-0.00712966352474243	32.4159209311149	0.200000000700727
23.175	5.7	1.39132546419526e-09	0.79974209474324	-0.00743889151656796	32.391928070446	0.20000000111306
23.325	5.7	1.56970812661291e-09	0.7997003541614	-0.00776297188037658	32.3679364051633	0.200000001255767
23.475	5.7	1.01925761334098e-09	0.799654685535931	-0.00810277788589897	32.3439460488951	0.200000000815406
23.625	5.7	-5.81255510280621e-10	0.799604797244041	-0.00845925033936888	32.3199571238355	0.199999999534996
23.775	5.7	-3.2428604965692e-09	0.799550382956912	-0.0088334040117172	32.295969761172	0.199999997405712
23.925	5.7	-6.394725847929e-09	0.799491121987904	-0.00922633475147693	32.2719841014804	0.199999994884219
24.075	5.7	-8.70360171252359e-09	0.79942667994262	-0.0096392274440986	32.2480002950797	0.199999993037119
24.225	5.7	-8.1610512909175e-09	0.799356709811834	-0.0100733650365282	32.2240185023537	0.199999993471159
24.375	5.7	-2.61656810076072e-09	0.799280853693177	-0.0105301388856248	32.2000388940567	0.199999997906746
24.525	5.7	9.16015994516085e-09	0.799198745379317	-0.0110110606451338	32.176061651634	0.200000007328128
24.675	5.7	2.60237144409128e-08	0.799110013994238	-0.0115177757844192	32.152086967577	0.200000020818972
24.825	5.7	4.30670843764101e-08	0.799014288806734	-0.0120520785925315	32.1281150458034	0.200000034453668
24.975	5.7	5.11153058863398e-08	0.798911205151922	-0.0126159282005937	32.1041461019898	0.200000040892245
25.125	5.7	3.8104514827091e-08	0.798800411228913	-0.0132114649301502	32.0801803636935	0.200000030483612
25.275	5.7	-6.83050983087542e-09	0.798681575433435	-0.0138410262557562	32.056218070011	0.199999994535592
25.425	5.7	-8.65088873059602e-08	0.798554393989161	-0.0145071621659266	32.0322594704768	0.19999993079289
25.575	5.7	-1.87470793385555e-07	0.798418599156648	-0.0152126508329831	32.0083048229514	0.199999850023365
25.725	5.7	-2.73585781292066e-07	0.798273969256143	-0.015960517224331	31.9843543904506	0.199999781131375
25.875	5.7	-2.86373484631933e-07	0.798120343056019	-0.0167540592059989	31.9604084372111	0.199999770901212
26.025	5.7	-1.57321291464038e-07	0.797957642393401	-0.017596886890821	31.9364672247218	0.199999874142967
26.175	5.7	1.64518987332008e-07	0.797785907482576	-0.0184929802510142	31.9125310087961	0.20000013161519
26.325	5.7	6.71647579984706e-07	0.797605348401468	-0.0194467660118274	31.8886000387726	0.200000537318064
26.475	5.7	1.25431909274462e-06	0.797416412931402	-0.0204632069603734	31.8646745593217	0.200001003455274
26.625	5.7	1.67381641636423e-06	0.797219865201794	-0.0215478858650727	31.8407548139452	0.200001339053133
26.775	5.7	1.5797149888294e-06	0.797016862541524	-0.0227070554219033	31.8168410471537	0.200001263771991
26.925	5.7	5.96821074396976e-07	0.796809012361535	-0.0239476207372287	31.7929335000184	0.20000047745686
27.075	5.7	-1.50740869118754e-06	0.796598391105179	-0.0252770292308962	31.7690323922794	0.199998794073047
27.225	5.7	-4.59540741181248e-06	0.796387518175672	-0.0267030710406428	31.7451378847439	0.199996323674071
27.375	5.7	-7.9367486809042e-06	0.79617930266741	-0.0282336427767298	31.7212500195229	0.199993650601055
27.525	5.7	-1.01002576134941e-05	0.795977018620313	-0.0298765909860671	31.6973686431619	0.199991919793909
27.675	5.7	-9.09679213747012e-06	0.795784406943184	-0.0316398080458682	31.6734933279032	0.19999272256629
27.825	5.7	-2.88871560682207e-06	0.795606031583235	-0.0335317686189847	31.6496233161258	0.199997689027515
27.975	5.7	9.70481368986183e-06	0.795448009083535	-0.0355626295921034	31.6257575175953	0.200007763850952
28.125	5.7	2.78364190565098e-05	0.79531915887413	-0.0377458403916944	31.6018945828588	0.200022269135245
28.275	5.7	4.75283436596518e-05	0.795232472680215	-0.040099925190153	31.5780330547418	0.200038022674928
28.425	5.7	6.1165684130702e-05	0.795206588695081	-0.042649758486463	31.5541715634383	0.200048932547305
28.575	5.7	5.8193970839985e-05	0.795266732123042	-0.0454263777661343	31.5303089859749	0.200046555176672
28.725	5.7	2.7504537543243e-05	0.795444440521849	-0.0484643243704582	31.5064444523759	0.200022003630035
28.875	5.7	-3.84099204187527e-05	0.79577544527389	-0.0517958406934092	31.4825770687441	0.199969272063665
29.025	5.7	-0.000138109574141146	0.796295436591556	-0.0554420799668603	31.4587052614207	0.199889512340687
29.175	5.7	-0.000256042356051351	0.797034157978459	-0.0594027743655679	31.4348257367942	0.199795166115159
29.325	5.7	-0.000359595600738331	0.798009321294873	-0.0636473310705184	31.4109321898228	0.199712323519409
29.475	5.7	-0.000400614327451668	0.799223011004685	-0.0681116027351136	31.3870140480705	0.199679508538039
29.625	5.7	-0.000323106141730831	0.800664130776913	-0.0727048648827271	31.3630556524079	0.199741515086615
29.775	5.7	-7.74564266463207e-05	0.802320378234304	-0.0773299857887927	31.3390362881034	0.199938034858683
29.925	5.7	0.000360617286638072	0.804201537732578	-0.0819159253285197	31.3149313444826	0.20028849382931
30.075	5.7	0.000970430794318032	0.806372380842901	-0.0864561499707516	31.2907145936851	0.200776344635454
30.225	5.7	0.00167179161974502	0.808989043108157	-0.0910413580284437	31.2663611947704	0.201337433295796
30.375	5.7	0.00232164787217804	0.81232929546581	-0.0958728979514155	31.241850660434	0.201857318297742
30.525	5.7	0.00272640560840921	0.816806456120194	-0.101246223527968	31.2171688108231	0.202181124486727
30.675	5.7	0.00267084284415225	0.822959022670325	-0.107500831341213	31.192307806098	0.202136674275322
30.825	5.7	0.00195981183151195	0.831411730775112	-0.114941299825189	31.1672637508509	0.20156784946521
30.975	5.7	0.000464365472886364	0.842806549507399	-0.12374041745794	31.1420320437203	0.200371492378309
31.125	5.7	-0.00183884784569321	0.857703911085715	-0.133839523031751	31.1166014290176	0.198528921723445
31.275	5.7	-0.00484589412970885	0.876457999826244	-0.144864885879272	31.0909483339325	0.196123284696233
31.425	5.7	-0.00832906523146781	0.899079347942746	-0.156083464385456	31.0650332824703	0.193336747814826
31.575	5.7	-0.0119670784240294	0.925114732260616	-0.166424208801336	31.0388008107849	0.190426337260776
31.725	5.7	-0.0153965271721548	0.953591965682237	-0.17458552456148	31.0121834194672	0.187682778262276
31.875	5.7	-0.0182733184924608	0.98307969528511	-0.179228957739182	30.9851089739506	0.185381345206031
32.025	5.7	-0.0203299591497063	1.01188334464414	-0.179224850416601	30.9575100285602	0.183736032680235
32.175	5.7	-0.0214157704197673	1.03834021468653	-0.173882160590809	30.9293331445665	0.182867383664186
32.325	5.7	-0.0215122396499519	1.06112159093316	-0.163084963859065	30.9005464610363	0.182790208280039
32.475	5.7	-0.0207229855301401	1.07943937555763	-0.147287289918607	30.8711443535814	0.183421611575888
32.625	5.7	-0.0192444217377593	1.09310083129873	-0.127375094556266	30.8411487080773	0.184604462609793
32.775	5.7	-0.0173266956680017	1.10242452119274	-0.104455419568616	30.8106069661193	0.186138643465599
32.925	5.7	-0.0152340681052009	1.10807763476687	-0.0796485838025921	30.7795875666079	0.187812745515839
33.075	5.7	-0.0132107518669075	1.11090032899544	-0.0539385030175138	30.7481736352703	0.189431398506474
33.225	5.7	-0.0114545667674178	1.11175948817499	-0.0281008694684469	30.7164557457311	0.190836346586066
33.375	5.7	-0.0100985241711044	1.1114460776769	-0.00270039930782953	30.6845243995685	0.191921180663116
33.525	5.7	-0.00920030902974525	1.11061221648706	0.0218660233079464	30.6524627326897	0.192639752776204
33.675	5.7	-0.00874086578610041	1.10973929621438	0.0453073415331522	30.6203399807242	0.19300730737112
33.825	5.7	-0.00863423794727694	1.10913216824713	0.0673833567715443	30.5882063946558	0.193092609642178
33.975	5.7	-0.0087501340346065	1.1089404981485	0.0878783426200677	30.5560904132828	0.192999892772315
34.125	5.7	-0.00894806048826702	1.10921166591745	0.106615736173492	30.5239987754858	0.192841551609386
34.275	5.7	-0.0091176662626069	1.10997501115079	0.12351118874392	30.4919197836672	0.192705866989914
34.425	5.7	-0.00921592046769188	1.11134508545989	0.138642376049849	30.4598291664275	0.192627263625847
34.575	5.7	-0.00928998240857933	1.11361780276649	0.152299783132806	30.4276971748403	0.192568014073137
34.725	5.7	-0.00947658613275649	1.11732740622224	0.164983208705209	30.3954950158129	0.192418731093795
34.875	5.7	-0.00997451282903099	1.12323969879369	0.177326824881552	30.3631987583238	0.192020389736775
35.025	5.7	-0.0109947000509788	1.13227408105391	0.189962351524666	30.3307895383939	0.191204239959217
35.175	5.7	-0.0127000424004196	1.14536323195852	0.203351040465291	30.2982500767958	0.189839966079664
35.325	5.7	-0.0151512003820303	1.16326812216627	0.217623059632316	30.2655588232627	0.187879039694376
35.475	5.7	-0.0182740320974726	1.1863708184054	0.232460799717442	30.2326839674859	0.185380774322022
35.625	5.7	-0.0218586204674658	1.21447723084223	0.247057835683848	30.199579720978	0.182513103626027
35.775	5.7	-0.0255910248119579	1.24668008408781	0.260179397028417	30.1661865648806	0.179527180150434
35.925	5.7	-0.0291096361920142	1.28134775366981	0.270336945967868	30.1324358329642	0.176712291046389
36.075	5.7	-0.0320712835459797	1.31629319142934	0.2760613776458	30.0982575957272	0.174342973163216
36.225	5.7	-0.0342101658641102	1.34912134314908	0.27621848131824	30.0635898923997	0.172631867308712
36.375	5.7	-0.0353758976401962	1.37766932595079	0.270274954552617	30.028387194719	0.171699281887843
36.525	5.7	-0.0355441698851401	1.4003948086312	0.258422156829312	29.9926264422163	0.171564664091888
36.675	5.7	-0.0348019170217008	1.41658422343505	0.241513692705074	29.9563097152374	0.172158466382639
36.825	5.7	-0.0333152992095434	1.42633773986202	0.220850381124525	29.9194633519938	0.173347760632365
36.975	5.7	-0.0312913252277049	1.43038270669668	0.19790311143253	29.8821339793042	0.174966939817836
37.125	5.7	-0.0289425967919574	1.42981463561049	0.174067566579797	29.8443824465061	0.176845922566434
37.275	5.7	-0.0264610244430523	1.42585453416477	0.15050520672321	29.8062769128042	0.178831180445558
37.425	5.7	-0.0240023924705967	1.41967110066872	0.128077283257883	29.7678862716596	0.180798086023523
37.575	5.7	-0.0216806822684365	1.41227725660992	0.107348848104704	29.729274767469	0.182655454185251
37.725	5.7	-0.0195695451915003	1.40448759546381	0.0886319845262299	29.6904982285371	0.1843443638468
37.875	5.7	-0.0177080266613614	1.39691620654926	0.0720432389120856	29.6516019557741	0.185833578670911
38.025	5.7	-0.0161080957015648	1.3899965037445	0.057559898351453	29.6126200472072	0.187113523438748
38.175	5.7	-0.0147622707768316	1.38401012837272	0.0450679323257909	29.5735758127591	0.188190183378535
38.325	5.7	-0.0136503516107952	1.37911725758259	0.0343995792645667	29.5344829112503	0.189079718711364
38.475	5.7	-0.0127448248437239	1.37538447848881	0.025361154808652	29.495346881819	0.189804140125021
38.625	5.7	-0.0120148780388255	1.3728087278587	0.0177526349561303	29.456166810766	0.19038809756894
38.775	5.7	-0.0114291595292871	1.37133702955729	0.011380716382967	29.4169369492121	0.19085667237657
38.925	5.7	-0.0109575086522999	1.37088231164426	0.00606687120468002	29.3776481641156	0.19123399307816
39.075	5.7	-0.0105718976071653	1.37133577391409	0.00165164498923071	29.3382891596633	0.191542481914268
39.225	5.7	-0.0102468068459577	1.37257630577011	-0.0020038020628953	29.2988474468136	0.191802554523234
39.375	5.7	-0.00995922238999146	1.37447742999525	-0.00501811164709611	29.2593100671459	0.192032622088007
39.525	5.7	-0.00968840779958516	1.37691221723659	-0.00749145695960693	29.2196640953488	0.192249273760332
39.675	5.7	-0.00941557067606214	1.37975659086173	-0.00950805987264857	29.1798969550072	0.19246754345915
39.825	5.7	-0.00912351457823288	1.38289141833023	-0.0111390669206021	29.1399965868644	0.192701188337414
39.975	5.7	-0.00879634224431609	1.3862037595282	-0.012445440013621	29.0999515091111	0.192962926204547
40.125	5.7	-0.0084192535533545	1.38958760535981	-0.0134805965420426	29.0597508067381	0.193264597157316
40.275	5.7	-0.00797846110034437	1.39294438794334	-0.014292610134287	29.0193840824817	0.193617231119725
40.425	5.7	-0.00746122747694535	1.39618347672493	-0.0149258592664315	28.9788413960889	0.194031018018444
40.575	5.7	-0.00685601175881899	1.39922279612067	-0.0154220850228821	28.9381132120828	0.194515190592945
40.725	5.7	-0.00615269909935431	1.40198961659133	-0.0158208880745335	28.897190369428	0.195077840720517
40.875	5.7	-0.00534287764738154	1.40442149123141	-0.016159753196912	28.8560640799477	0.195725697882095
41.025	5.7	-0.00442012201954161	1.40646724376533	-0.0164737318615013	28.8147259564805	0.196463902384367
41.175	5.7	-0.00338024263074286	1.40808786996043	-0.0167949351820049	28.7731680669619	0.197295805895406
41.325	5.7	-0.00222146510228697	1.4092571986522	-0.0171519889662818	28.7313830071579	0.19822282791817
41.475	5.7	-0.000944512892672038	1.40996217211754	-0.0175695814452499	28.6893639828076	0.199244389685862
41.625	5.7	0.000447422124564946	1.41020264464822	-0.0180681974456321	28.6471048914187	0.200357937699652
41.775	5.7	0.00194882383811835	1.40999065464347	-0.0186640878546239	28.6046003947215	0.201559059070495
41.925	5.7	0.00355210165296066	1.40934918843385	-0.0193694784005973	28.5618459745243	0.202841681322369
42.075	5.7	0.0052479268959804	1.40831051212341	-0.0201929843132051	28.5188379670359	0.204198341516784
42.225	5.7	0.00702563031952788	1.40691419172921	-0.0211401721212222	28.4755735732494	0.205620504255622
42.375	5.7	0.00887363206196072	1.40520494633817	-0.0222141984403065	28.4320508453715	0.207098905649569
42.525	5.7	0.0107798757472171	1.40323048258813	-0.0234164569403094	28.3882686512694	0.208623900597774
42.675	5.7	0.0127322415573801	1.40103944414213	-0.0247471755528774	28.344226620357	0.210185793245904
42.825	5.7	0.0147189182322058	1.39867958212985	-0.0262059223011787	28.2999250751887	0.211775134585765
42.975	5.7	0.0167287200717564	1.39619621802581	-0.0277919959335401	28.2553649533326	0.213382976057405
43.125	5.7	0.0187513412466623	1.39363103504545	-0.0295046937466933	28.21054772394	0.21500107299733
43.275	5.7	0.020777545345087	1.39102120249986	-0.0313434617385361	28.1654753029634	0.21662203627607
43.425	5.7	0.0227992926498441	1.3883988125497	-0.0333079408680186	28.1201499703233	0.218239434119875
43.575	5.7	0.0248098109545576	1.38579059160961	-0.0353979279649501	28.0745742916084	0.219847848763646
43.725	5.7	0.026803617841118	1.38321783907337	-0.0376132715182127	28.0287510462027	0.221442894272894
43.875	5.7	0.0287765034677728	1.38069654292372	-0.0399537221693286	27.9826831631001	0.223021202774218
44.025	5.7	0.0307254833521692	1.3782376235995	-0.0424187561958282	27.936373665102	0.224580386681735
44.175	5.7	0.0326487306468886	1.37584726265605	-0.0450073882946009	27.8898256215659	0.226118984517511
44.325	5.7	0.0345454971451113	1.3735272798493	-0.0477179880479391	27.8430421093371	0.227636397716089
44.475	5.7	0.0364160316696863	1.37127553033105	-0.0505481127850285	27.796026180921	0.229132825335749
44.625	5.7	0.0382615033177785	1.36908630189206	-0.0534943681692389	27.7487808383635	0.230609202654223
44.775	5.7	0.0400839348159886	1.36695070011566	-0.0565523066527833	27.7013090107878	0.232067147852791
44.925	5.7	0.0418861475394102	1.36485701631673	-0.0597163727613692	27.6536135332941	0.233508918031528
45.075	5.7	0.0436717143702312	1.36279107833423	-0.0629799026651707	27.6056971252434	0.234937371496185
45.225	5.7	0.0454449099198086	1.36073658624889	-0.0663351831103871	27.5575623671415	0.236355927935847
45.375	5.7	0.047210641045416	1.35867543197009	-0.069773570570893	27.5092116776877	0.237768512836333
45.525	5.7	0.0489743365271714	1.35658799111651	-0.0732856639715469	27.4606472960754	0.239179469221737
45.675	5.7	0.0507417767496051	1.35445335575474	-0.0768615115738387	27.4118712789873	0.240593421399684
45.825	5.7	0.0525188562885717	1.35224944672244	-0.0804908125183456	27.3628855259792	0.242015085030857
45.975	5.7	0.0543112979007143	1.34995290658084	-0.08416304466886	27.3136918495379	0.243449038320571
46.125	5.7	0.0561243768410712	1.34753863504054	-0.0878674134144897	27.2642921049137	0.244899501472857
46.275	5.7	0.0579627669154266	1.34497879968738	-0.0915924752860446	27.2146883875568	0.246370213532341
46.425	5.7	0.0598306756077869	1.34224115308186	-0.095325255372868	27.1648832906911	0.24786454048623
46.575	5.7	0.0617324796364397	1.33928653380949	-0.0990496648197655	27.1148801915677	0.249385983709152
46.725	5.7	0.0636740828477449	1.33606554509696	-0.102744056604798	27.0646835037803	0.250939266278196
46.875	5.7	0.0656651706558485	1.33251460614271	-0.10637786078379	27.0142987992919	0.252532136524679
47.025	5.7	0.0677224068845659	1.32855186148388	-0.109907439681022	26.9637326756484	0.254177925507653
47.175	5.7	0.0698733982473218	1.32407379369524	-0.113271613831494	26.9129922324675	0.255898718597858
47.325	5.7	0.0721609481072881	1.31895376240741	-0.116387719679585	26.8620840395078	0.25772875848583
47.475	5.7	0.0746467744913885	1.31304399042594	-0.11914951025495	26.8110125377618	0.259717419593111
47.625	5.7	0.077413553583546	1.3061825838255	-0.121428565518951	26.7597779204061	0.261930842866837
47.775	5.7	0.0805639773629991	1.29820681079332	-0.123080916378761	26.708373686226	0.264451181890399
47.925	5.7	0.0842156048720038	1.28897288470681	-0.123960026109261	26.6567842227703	0.267372483897603
48.075	5.7	0.0884907415841603	1.27838083623598	-0.123935899082171	26.6049829216678	0.270792593267328
48.225	5.7	0.0935014320722189	1.26640094506192	-0.122917958100184	26.5529314042221	0.274801145657775
48.375	5.7	0.0993308142129552	1.25309627604499	-0.12087699205274	26.5005803924983	0.279464651370364
48.525	5.7	0.106013339250245	1.23863508901795	-0.117859953058624	26.4478725700465	0.284810671400196
48.675	5.7	0.113517382165084	1.2232881161924	-0.113991781193898	26.3947474451014	0.290813905732067
48.825	5.7	0.121734192254083	1.20740903653155	-0.109461204618608	26.3411478115749	0.297387353803266
48.975	5.7	0.130476692420403	1.19140092476463	-0.10449184001272	26.2870269916017	0.304381353936323
49.125	5.7	0.139490255347567	1.17567525571411	-0.0993041324975525	26.2323557436066	0.311592204278053
49.275	5.7	0.14847545918025	1.16061166391936	-0.0940759610768012	26.1771276182688	0.3187803673442
49.425	5.7	0.157120398287906	1.14652568175115	-0.0889094282833649	26.1213616798362	0.325696318630325
49.575	5.7	0.165137983707376	1.13364893713884	-0.0838091816972401	26.0651018601403	0.332110386965901
49.725	5.7	0.172302372916635	1.12212316478083	-0.0786750429366532	26.0084127036772	0.337841898333308
49.875	5.7	0.178478572984578	1.11200692515273	-0.0733099294579631	25.9513717940943	0.342782858387662
50.025	5.7	0.183640394822503	1.10329242079686	-0.0674433185114888	25.894059629972	0.346912315858002
50.175	5.7	0.187873997592372	1.09592890679379	-0.0607701841480748	25.8365480754642	0.350299198073898
50.325	5.7	0.191366714852326	1.08984840155465	-0.0530043314033591	25.7788887248132	0.353093371881861
50.475	5.7	0.19438308459391	1.08498852009129	-0.0439423923139706	25.7211026013807	0.355506467675128
50.625	5.7	0.197231494281651	1.08130669501728	-0.0335302463012218	25.6631725939395	0.357785195425321
50.775	5.7	0.20022532388737	1.07878080563675	-0.0219183925883287	25.6050399432233	0.360180259109896
50.925	5.7	0.203642003273196	1.07739430030783	-0.00948937176086074	25.5466059289104	0.362913602618557
51.075	5.7	0.207682468625007	1.07710929827896	0.0031580280283091	25.4877396291336	0.366145974900005
51.225	5.7	0.212432916126947	1.07783710495133	0.0152740868364156	25.4282921586827	0.369946332901558
51.375	5.7	0.217831453514941	1.07941876929258	0.0260640240347291	25.368117063801	0.374265162811953
51.525	5.7	0.22364494100395	1.08162586712595	0.0348093544419437	25.3070955062533	0.37891595280316
51.675	5.7	0.229465843262265	1.08418342842693	0.0409710688976988	25.2451634749955	0.383572674609812
51.825	5.7	0.234743187000365	1.08680652317843	0.0442464192692838	25.1823365650305	0.387794549600292
51.975	5.7	0.238861309280736	1.08923476006531	0.0445702121572188	25.1187261811479	0.391089047424589
52.125	5.7	0.2412695336151	1.09124835999532	0.0420756329107613	25.0545402296098	0.39301562689208
52.275	5.7	0.241642519177194	1.0926557917661	0.0370455794669697	24.9900628836583	0.393314015341755
52.425	5.7	0.24001988562307	1.09325464163534	0.0298824189578879	24.925613178556	0.392015908498456
52.575	5.7	0.236850180026139	1.09278325179233	0.0210987381441817	24.8614909201901	0.389480144020911
52.725	5.7	0.232869538613585	1.09089843526102	0.0112920850555961	24.7979279650685	0.386295630890868
52.875	5.7	0.228794652993936	1.08722381109391	0.00103728184757848	24.735068130404	0.383035722395149
53.025	5.7	0.224898152497795	1.08149193236467	-0.00935075482720049	24.6729942977022	0.379918521998236
53.175	5.7	0.220631272744894	1.07373968950282	-0.0201441203971325	24.6118044854549	0.376505018195915
53.325	5.7	0.214513525192039	1.06445061984493	-0.0324807363537178	24.5517137833021	0.371610820153631
53.475	5.7	0.204472345302665	1.05454532997926	-0.0484463506809259	24.4931360750989	0.363577876242132
53.625	5.7	0.188666139725568	1.04520441031349	-0.0708876382174289	24.4366909778597	0.350932911780454
53.775	5.7	0.16659647156824	1.03755137091421	-0.102880869758165	24.3830970869638	0.333277177254592
53.925	5.7	0.140107760935349	1.03211912180369	-0.146540234732365	24.3329533202132	0.312086208748279
54.075	5.7	0.113811243657666	1.02783048421899	-0.200538697507545	24.2864640438538	0.291048994926133
54.225	5.7	0.0946245877049618	1.02041510208827	-0.256377113355302	24.2432086113974	0.275699670163969
54.375	5.7	0.0904374793293437	1.00191638740154	-0.296999324002215	24.202065611731	0.272349983463475
54.525	5.7	0.108259717012696	0.965097687232807	-0.304881938599363	24.1613470379353	0.286607773610157
54.675	5.7	0.152424485566538	0.911084340952496	-0.276735749456121	24.1190842618949	0.32193958845323
54.825	5.7	0.223327250495188	0.849567604074909	-0.226114059006051	24.0733528026037	0.37866180039615
54.975	5.7	0.316911470999646	0.790800410548461	-0.170462490426281	24.0225746223398	0.453529176799717
55.125	5.7	0.425111341287378	0.740362887669353	-0.120718341171789	23.9657574848411	0.540089073029902
55.275	5.7	0.537495925844365	0.699566720676322	-0.080656211000323	23.9026160506278	0.629996740675492
55.425	5.7	0.643805222595394	0.667515043116975	-0.0500876575661688	23.8335400586678	0.715044178076315
55.575	5.7	0.736303070455853	0.64257493500973	-0.0274167041598083	23.7594252270201	0.789042456364683
55.725	5.7	0.810902491940464	0.623104840093807	-0.0108720232631143	23.6814343871324	0.848721993552372
55.875	5.7	0.866894088946592	0.607731787903346	0.00106472255333045	23.6007723923972	0.893515271157274
56.025	5.7	0.905881667927213	0.595402988928574	0.00957952062431418	23.5185290971546	0.92470533434177
56.175	5.7	0.930630596317731	0.585343381472355	0.0155657196562028	23.4356006964137	0.944504477054185
56.325	5.7	0.944211710662347	0.576989212377541	0.0196898464338072	23.3526712638302	0.955369368529878
56.475	5.7	0.9495042528312	0.569928149766683	0.022451961621866	23.2702293505704	0.95960340226496
56.625	5.7	0.948970349737048	0.563854380420499	0.0242325429451355	23.1885997663615	0.959176279789638
56.775	5.7	0.94459156578015	0.558537714784468	0.0253259359487856	23.107978626484	0.95567325262412
56.925	5.7	0.937887192319578	0.553803113520704	0.0259628311192231	23.0284658999812	0.950309753855663
57.075	5.7	0.929967830431722	0.549517167302426	0.0263247240626834	22.9500932763358	0.943974264345377
57.225	5.7	0.921601201163008	0.545578899359885	0.0265531274873328	22.8728468808564	0.937280960930406
57.375	5.7	0.913279675977104	0.541913102128628	0.0267558110754754	22.7966850618193	0.930623740781683
57.525	5.7	0.905284588886419	0.538465094423287	0.0270117007011267	22.721551721372	0.924227671109135
57.675	5.7	0.897744520159666	0.535196283800346	0.0273753958956345	22.6473857597616	0.918195616127733
57.825	5.7	0.890685639558297	0.532080257943319	0.0278816850645102	22.5741272569062	0.912548511646637
57.975	5.7	0.884072896334915	0.529099330448134	0.0285500376872693	22.5017210455229	0.907258317067932
58.125	5.7	0.877841633812197	0.526241558436627	0.0293888557564747	22.430118326475	0.902273307049758
58.275	5.7	0.871920025687827	0.523498266745461	0.0303992386737788	22.3592769321518	0.897536020550261
58.425	5.7	0.86624342303779	0.520862091021147	0.0315780906950054	22.2891607611453	0.892994738430232
58.575	5.7	0.860762148926213	0.518325517843293	0.0329205111066833	22.219738800133	0.88860971914097
58.725	5.7	0.855444446765058	0.515879871261031	0.0344215071761731	22.1509840332951	0.884355557412046
58.875	5.7	0.850276214887557	0.513514679011558	0.0360771355594478	22.0828724308012	0.880220971910046
59.025	5.7	0.845258918339868	0.511217348352026	0.0378852058191944	22.0153821163404	0.876207134671895
59.175	5.7	0.840406743370313	0.5089730875008	0.0398456776246549	21.9484927444031	0.87232539469625
59.325	5.7	0.835743721902195	0.506765019927045	0.0419608624424909	21.8821850715074	0.868594977521756
59.475	5.7	0.831301251867906	0.50457445154324	0.0442355116268366	21.8164406790756	0.865041001494325
59.625	5.7	0.827116201173343	0.50238126284064	0.0466768435164454	21.7512417948402	0.861692960938674
59.775	5.7	0.823229615813004	0.500164407973596	0.0492945370561805	21.6865711597066	0.858583692650403
59.925	5.7	0.819685950756843	0.49790251046097	0.0521007005171614	21.6224118935413	0.855748760605474
60.075	5.7	0.816532692884039	0.495574550792802	0.0551098110737059	21.558747322838	0.853226154307231
60.225	5.7	0.81382023303921	0.493160645183801	0.0583386130438626	21.4955607430978	0.851056186431368
60.375	5.7	0.811601854447495	0.490642917137883	0.0618059576614585	21.4328350974417	0.849281483557996
60.525	5.7	0.809933724964045	0.488006464019694	0.0655325635109118	21.3705525597288	0.847946979971236
60.675	5.7	0.80887480199131	0.485240418535286	0.069540673037354	21.3086940152303	0.847099841593048
60.825	5.7	0.808486575854355	0.482339098643595	0.0738535768111951	21.2472384352262	0.846789260683484
60.975	5.7	0.808832587631364	0.479303227877203	0.0784949748960546	21.1861621446087	0.847066070105091
61.125	5.7	0.809977661280469	0.476141191326427	0.0834881464972245	21.1254379847384	0.847982129024375
61.275	5.7	0.811986789979771	0.472870272561063	0.088854908380238	21.0650343782677	0.849589431983817
61.425	5.7	0.814923617032552	0.469517798009882	0.0946143617291147	21.0049143088583	0.851938893626041
61.575	5.7	0.818848457194936	0.466122104530811	0.100781455511394	20.9450342362555	0.855078765755949
61.725	5.7	0.823815818844733	0.46273325038941	0.10736542630067	20.8853429747083	0.859052655075786
61.875	5.7	0.829871412740679	0.459413414162772	0.11436819813679	20.8257805680539	0.863897130192543
62.025	5.7	0.837048667317752	0.456236967514725	0.121782825207565	20.7662771956881	0.869638933854202
62.175	5.7	0.845364807691823	0.45329025243954	0.129592019470787	20.7067521390496	0.876291846153458
62.325	5.7	0.854816587735208	0.450671115397645	0.137766718833851	20.647112830042	0.883853270188167
62.475	5.7	0.865375785782686	0.44848821676126	0.146264532978351	20.5872539973124	0.892300628626149
62.625	5.7	0.876984587419131	0.446860017280161	0.155027794318057	20.5270569347176	0.901587669935305
62.775	5.7	0.889551000929566	0.445913142557652	0.163980907345199	20.4663889527822	0.911640800743653
62.925	5.7	0.902944516158993	0.445779585349078	0.173026806553961	20.4051031504143	0.922355612927194
63.075	5.7	0.916992366983763	0.44659202042114	0.182042655014509	20.3430387619793	0.93359389358701
63.225	5.7	0.931477018036819	0.448476512368159	0.190875434473876	20.280022475457	0.945181614429455
63.375	5.7	0.946135848291807	0.451542221612573	0.199338690768126	20.2158712357807	0.956908678633445
63.525	5.7	0.960664353766351	0.45586841276766	0.207212201336151	20.1503970742673	0.968531483013081
63.675	5.7	0.974724366327046	0.461490056449413	0.214246457100988	20.0834143628171	0.979779493061637
63.825	5.7	0.987958571852077	0.468384331964274	0.2201733560155	20.0147495261983	0.990366857481662
63.975	5.7	1.00001183762946	0.476460996459632	0.224723298311437	19.9442526671341	1.00000947010357
64.125	5.7	1.01055850211303	0.485559504230002	0.227647135383342	19.8718098736192	1.00844680169042
64.275	5.7	1.01933304381938	0.495454756269753	0.228739652496702	19.797354388412	1.01546643505551
64.425	5.7	1.02615986545184	0.505871614057746	0.227860152392393	19.7208745710943	1.02092789236147
64.575	5.7	1.03097687215866	0.516506366993382	0.224945836963278	19.6424168561877	1.02478149772693
64.725	5.7	1.03384760533764	0.527051892211313	0.220015179497135	19.5620827205878	1.02707808427011
64.875	5.7	1.03495816944702	0.537222779901379	0.213160848438229	19.4800198218581	1.02796653555762
65.025	5.7	1.03459789650663	0.546777249233544	0.20453410878684	19.396408608624	1.0276783172053
65.175	5.7	1.03312603265386	0.55553384890736	0.19432421216439	19.3114464848442	1.02650082612309
65.325	5.7	1.0309298158753	0.563382170365734	0.182736784764822	19.2253318221709	1.02474385270024
65.475	5.7	1.02838124545955	0.570287709254374	0.169974808002348	19.1382497601032	1.02270499636764
65.625	5.7	1.0258000196438	0.576291490020118	0.156224853027659	19.0503609952846	1.02064001571504
65.775	5.7	1.02342845330929	0.581505226231865	0.141650122388049	18.9617939134743	1.01874276264744
65.925	5.7	1.02142116455848	0.586102772699147	0.126390758619774	18.8726397230854	1.01713693164678
66.075	5.7	1.01984883839407	0.590308513199698	0.110570866834381	18.782949880719	1.01587907071526
66.225	5.7	1.01871245234778	0.594383137192027	0.0943107836242221	18.6927351039388	1.01496996187823
66.375	5.7	1.01796276292178	0.598607031146229	0.0777423222558288	18.601965571691	1.01437021033742
66.525	5.7	1.01751989810513	0.603261375727107	0.0610240698365853	18.5105723619121	1.0140159184841
66.675	5.7	1.01728933545531	0.608607196087735	0.0443533944452882	18.4184505802942	1.01383146836425
66.825	5.7	1.01717272395519	0.614863205553314	0.0279718142950609	18.3254648237336	1.01373817916415
66.975	5.7	1.0170741392587	0.622184261422691	0.0121610315524382	18.2314574883662	1.01365931140696
67.125	5.7	1.0169037629571	0.6306432857769	-0.00277157014222551	18.136259962735	1.01352301036568
67.275	5.7	1.01658127428348	0.640220066040474	-0.016516902524858	18.039706043928	1.01326501942678
67.425	5.7	1.01604051085596	0.650799936370448	-0.0287940163449889	17.9416461834411	1.01283240868476
67.575	5.7	1.01523562612084	0.662183775683867	-0.0393801979572053	17.8419606637926	1.01218850089667
67.725	5.7	1.01414758349059	0.674108418472365	-0.0481351027410313	17.7405697424753	1.01131806679247
67.875	5.7	1.01278892803979	0.686274260863748	-0.0550139313198082	17.6374392570219	1.01023114243183
68.025	5.7	1.01120472846361	0.698375393443413	-0.0600673480103455	17.5325810533058	1.00896378277088
68.175	5.7	1.00946840990631	0.710127447406744	-0.0634290246456438	17.4260486133958	1.00757472792505
68.325	5.7	1.00767258960823	0.721289376452703	-0.0652942780055476	17.3179291124247	1.00613807168658
68.475	5.7	1.00591646580998	0.731677089163559	-0.0658945699840293	17.2083336026928	1.00473317264798
68.625	5.7	1.00429228677138	0.74116860074407	-0.0654725624940564	17.0973870394827	1.0034338294171
68.775	5.7	1.00287363377241	0.749701770022773	-0.0642613209465455	16.9852195085091	1.00229890701793
68.925	5.7	1.00170767958719	0.757266549094642	-0.0624696766865556	16.8719594600804	1.00136614366975
69.075	5.7	1.0008124859263	0.763894000108301	-0.0602741828155484	16.7577291833126	1.00064998874104
69.225	5.7	1.00017916822077	0.769644221780146	-0.0578168682427144	16.6426423033007	1.00014333457661
69.375	5.7	0.999777751457565	0.77459491127668	-0.0552072713423363	16.5268028217925	0.999822201166052
69.525	5.7	0.999564995957323	0.778831711388219	-0.05252701888141	16.4103051465418	0.999651996765859
69.675	5.7	0.999492434271429	0.782440897776516	-0.0498353964688019	16.293234619165	0.999593947417143
69.825	5.7	0.99951322297902	0.785504457360254	-0.0471747667670468	16.1756681908557	0.999610578383216
69.975	5.7	0.999586986999244	0.788097260968501	-0.0445751657053008	16.0576750496842	0.999669589599395
70.125	5.7	0.999682426019795	0.790285854668535	-0.0420578221488376	15.9393171312272	0.999745940815836
70.275	5.7	0.999777921766016	0.792128358042204	-0.0396376392258402	15.8206495271001	0.999822337412813
70.425	5.7	0.999860664421438	0.793675017041177	-0.0373248351596642	15.7017208432893	0.99988853153715
70.575	5.7	0.999924907110833	0.794969065099858	-0.0351259918328083	15.5825735629107	0.999939925688667
70.725	5.7	0.999969903159678	0.796047660560244	-0.03304473828918	15.4632444509278	0.999975922527742
70.875	5.7	0.999997942974241	0.796942767517921	-0.0310822406760222	15.34376501479	0.999998354379393
71.025	5.7	1.00001274301808	0.797681920688764	-0.0292376072810411	15.2241620141149	1.00001019441446
71.175	5.7	1.00001829003462	0.798288862048562	-0.0275082637074388	15.1044579990163	1.0000146320277
71.325	5.7	1.0000181320782	0.798784062268308	-0.0258903156424273	14.9846718513279	1.00001450566256
71.475	5.7	1.0000150404193	0.799185149708359	-0.0243788953414422	14.8648193042712	1.00001203233544
71.625	5.7	1.00001093817044	0.799507270058505	-0.0229684795680128	14.7449134215994	1.00000875053635
71.775	5.7	1.00000699205397	0.799763395462651	-0.0216531668224522	14.6249650244217	1.00000559364317
71.925	5.7	1.00000378138237	0.799964596405684	-0.0204269061018646	14.5049830608866	1.0000030251059
72.075	5.7	1.00000148292341	0.800120284623324	-0.019283675046465	14.3849749195101	1.00000118633873
72.225	5.7	1.00000003467062	0.800238431596239	-0.0182176102353802	14.264946690739	1.0000000277365
72.375	5.7	0.99999926150498	0.800325764913524	-0.0172230957334054	14.1449033833762	0.999999409203984
72.525	5.7	0.999998959745224	0.800387943678104	-0.0162948176308529	14.0248491031176	0.99999916779618
72.675	5.7	0.999998945824071	0.800429713804304	-0.01542779255077	13.9047872001025	0.999999156659257
72.825	5.7	0.999999077934063	0.800455044169714	-0.0146173773753888	13.7847203914909	0.99999926234725
72.975	5.7	0.999999259922777	0.800467244860146	-0.0138592662186572	13.6646508639931	0.999999407938222
73.125	5.7	0.999999435353973	0.800469069015986	-0.0131494792985936	13.544580360215	0.999999548283178
73.275	5.7	0.999999577558481	0.800462799966263	-0.0124843470798308	13.4245102517685	0.999999662046784
73.425	5.7	0.999999679384515	0.800450325400031	-0.0118604919863321	13.3044416013855	0.999999743507612
73.575	5.7	0.999999744604705	0.800433200282258	-0.0112748091662292	13.1843752157462	0.999999795683764
73.725	5.7	0.999999781685103	0.800412700105968	-0.0107244472113737	13.0643116903684	0.999999825348083
73.875	5.7	0.999999799853019	0.800389865911189	-0.0102067893503933	12.9442514476578	0.999999839882416
74.025	5.7	0.999999807019582	0.80036554232308	-0.0097194353963923	12.8241947690474	0.999999845615665
74.175	5.7	0.99999980899957	0.800340409685603	-0.00926018459257668	12.7041418220357	0.999999847199656
74.325	5.7	0.999999809514711	0.800315011203974	-0.00882701942314199	12.5840926828354	0.999999847611769
74.475	5.7	0.999999810582009	0.800289775866812	-0.00841809041680117	12.4640473552682	0.999999848465607
74.625	5.7	0.999999813019281	0.800265037795126	-0.00803170194798994	12.3440057864631	0.999999850415425
74.775	5.7	0.999999816914191	0.800241052564747	-0.00766629902756629	12.2239678798485	0.999999853531353
74.925	5.7	0.999999821988057	0.800218010961359	-0.00732045506413049	12.1039335058637	0.999999857590446
75.075	5.7	0.999999827840427	0.800196050558132	-0.00699286056837232	11.9839025107549	0.999999862272342
75.225	5.7	0.999999834089858	0.800175265445908	-0.00668231276447978	11.8638747237664	0.999999867271886
75.375	5.7	0.999999840437945	0.800155714396916	-0.00638770606638589	11.7438499629906	0.999999872350356
75.525	5.7	0.999999846684215	0.800137427700992	-0.00610802337061866	11.6238280400973	0.999999877347372
75.675	5.7	0.999999852714517	0.800120412877944	-0.00584232811473733	11.5038087641303	0.999999882171613
75.825	5.7	0.999999858478928	0.800104659439337	-0.00558975704776376	11.3837919445257	0.999999886783142
75.975	5.7	0.999999863968848	0.800090142847266	-0.00534951365928858	11.2637773934832	0.999999891175078
76.125	5.7	0.999999869198104	0.800076827795401	-0.00512086221447516	11.1437649278019	0.999999895358483
76.275	5.7	0.999999874189618	0.800064670918841	-0.0049031223442532	11.0237543702708	0.999999899351694
76.425	5.7	0.999999878967294	0.800053623023226	-0.00469566414259079	10.903745550694	0.999999903173835
76.575	5.7	0.999999883551952	0.800043630909427	-0.00449790372553425	10.7837383066143	0.999999906841562
76.725	5.7	0.999999887959992	0.800034638859053	-0.00430929920992505	10.6637324837914	0.999999910367994
76.875	5.7	0.999999892203588	0.800026589835365	-0.00412934707294723	10.5437279364806	0.99999991376287
77.025	5.7	0.999999896291587	0.800019426446375	-0.00395757885670534	10.4237245275503	0.99999991703327
77.175	5.7	0.999999900230559	0.80001309170908	-0.00379355818512244	10.3037221284716	0.999999920184447
77.325	5.7	0.9999999040257	0.800007529648481	-0.00363687806314776	10.1837206192066	0.99999992322056
77.475	5.7	0.999999907681514	0.800002685759038	-0.00348715843115448	10.0637198880178	0.999999926145212
77.625	5.7	0.999999911202226	0.799998507352415	-0.00334404394975372	9.94371983121808	0.999999928961781
77.775	5.7	0.999999914592017	0.79999494381146	-0.00320720199250855	9.82372035287576	0.999999931673613
77.925	5.7	0.999999917855099	0.799991946767219	-0.0030763208262032	9.70372136448801	0.99999993428408
78.075	5.7	0.999999920995723	0.799989470213054	-0.00295110796032567	9.58372278463301	0.999999936796579
78.225	5.7	0.999999924018152	0.799987470567805	-0.00283128864910373	9.46372453860911	0.999999939214521
78.375	5.7	0.999999926926605	0.799985906697846	-0.00271660453089727	9.34372655806801	0.999999941541284
78.525	5.7	0.999999929725229	0.799984739906489	-0.00260681239181467	9.22372878064734	0.999999943780184
78.675	5.7	0.999999932418059	0.799983933897502	-0.00250168304074451	9.10373114960702	0.999999945934447
78.825	5.7	0.999999935009003	0.799983454718721	-0.00240100028541705	8.98373361347277	0.999999948007202
78.975	5.7	0.999999937501838	0.799983270690312	-0.00230455999915397	8.8637361256894	0.99999995000147
79.125	5.7	0.9999999399002	0.799983352321871	-0.00221216926964952	8.74373864428586	0.99999995192016
79.275	5.7	0.999999942207594	0.799983672221533	-0.00212364562159554	8.62374113155339	0.999999953766075
79.425	5.7	0.999999944427401	0.799984204999549	-0.00203881630611812	8.50374355373782	0.999999955541921
79.575	5.7	0.999999946562873	0.799984927169043	-0.00195751765052558	8.38374588074666	0.999999957250298
79.725	5.7	0.999999948617145	0.799985817045078	-0.00187959446235228	8.2637480858712	0.999999958893716
79.875	5.7	0.999999950593244	0.799986854643843	-0.00180489948278253	8.14375014552381	0.999999960474595
80.025	5.7	0.999999952494083	0.799988021583038	-0.00173329288454055	8.02375203899035	0.999999961995266
80.175	5.7	0.999999954322475	0.799989300984121	-0.00166464181010227	7.90375374819734	0.99999996345798
80.325	5.7	0.999999956081133	0.799990677377379	-0.00159881994642172	7.78375525749363	0.999999964864906
80.475	5.7	0.99999995777267	0.799992136610035	-0.00153570713276994	7.66375655344614	0.999999966218136
80.625	5.7	0.999999959399608	0.799993665758051	-0.00147518899863505	7.54375762464908	0.999999967519686
80.775	5.7	0.999999960964372	0.799995253041626	-0.00141715662887208	7.42375846154608	0.999999968771497
80.925	5.7	0.999999962469301	0.799996887744703	-0.00136150625369435	7.30375905626483	0.999999969975441
81.075	5.7	0.999999963916649	0.799998560138557	-0.00130813896123305	7.18375940246333	0.999999971133319
81.225	5.7	0.999999965308586	0.800000261409396	-0.00125696043062523	7.06375949518745	0.999999972246869
81.375	5.7	0.999999966647206	0.800001983590058	-0.00120788068394118	6.94375933073893	0.999999973317765
81.525	5.7	0.999999967934531	0.800003719495772	-0.00116081385510476	6.82375890655337	0.999999974347625
81.675	5.7	0.999999969172515	0.800005462663684	-0.00111567797455768	6.70375822108756	0.999999975338012
81.825	5.7	0.999999970363038	0.80000720729636	-0.00107239476823888	6.58375727371559	0.99999997629043
81.975	5.7	0.999999971507905	0.800008948208852	-0.0010308894696284	6.46375606463313	0.999999977206324
82.125	5.7	0.999999972608826	0.800010680779422	-0.000991090643879183	6.34375459476939	0.999999978087061
82.275	5.7	0.999999973667418	0.800012400903567	-0.000952930022966518	6.22375286570624	0.999999978933934
82.425	5.7	0.999999974685217	0.800014104951461	-0.000916342351073006	6.10375087960394	0.999999979748173
82.575	5.7	0.999999975663726	0.800015789728424	-0.000881265239270823	5.98374863913302	0.999999980530981
82.725	5.7	0.999999976604496	0.800017452438479	-0.000847639028939854	5.86374614741185	0.999999981283597
82.875	5.7	0.999999977509181	0.800019090650696	-0.000815406663107691	5.74374340794946	0.999999982007345
83.025	5.7	0.999999978379519	0.800020702268338	-0.000784513565293586	5.62374042459319	0.999999982703615
83.175	5.7	0.999999979217151	0.80002228550071	-0.000754907525125161	5.50373720148076	0.999999983373721
83.325	5.7	0.99999998002328	0.800023838837413	-0.000726538590454275	5.3837337429964	0.999999984018624
83.475	5.7	0.99999998079829	0.800025361025235	-0.000699358965437705	5.26373005373072	0.999999984638632
83.625	5.7	0.999999981541676	0.800026851047245	-0.00067332291413889	5.14372613844386	0.999999985233341
83.775	5.7	0.999999982252712	0.800028308104247	-0.00064838666955455	5.02372200203159	0.999999985802169
83.925	5.7	0.999999982932045	0.80002973159819	-0.000624508347496905	4.90371764949398	0.999999986345636
84.075	5.7	0.999999983583792	0.800031121117554	-0.00060164786534975	4.78371308590607	0.999999986867033
84.225	5.7	0.999999984216639	0.80003247642466	-0.000579766865294858	4.66370831639061	0.999999987373312
84.375	5.7	0.999999984841738	0.800033797445016	-0.000558828642018845	4.54370334609228	0.99999998787339
84.525	5.7	0.999999985465608	0.800035084259007	-0.000538798074530215	4.42369818015404	0.999999988372487
84.675	5.7	0.999999986079189	0.800036337096264	-0.000519641562221454	4.30369282369521	0.999999988863352
84.825	5.7	0.999999986649195	0.800037556332663	-0.000501326964886463	4.1836872817916	0.999999989319356
84.975	5.7	0.9999999871231	0.800038742489013	-0.000483823546768296	4.06368155945618	0.99999998969848
85.125	5.7	0.999999987459188	0.800039896229577	-0.000467101924643009	3.94367566161859	0.99999998996735
85.275	5.7	0.99999998768197	0.800041018357971	-0.00045113402007283	3.82366959310055	0.999999990145576
85.425	5.7	0.999999987938652	0.800042109809333	-0.000435893015975105	3.7036633585859	0.999999990350921
85.575	5.7	0.999999988501875	0.8000431716412	-0.000421353317766997	3.58365696258757	0.9999999908015
85.725	5.7	0.999999989651163	0.800044205030859	-0.000407490519267797	3.4636504094198	0.99999999172093
85.875	5.7	0.999999991403927	0.800045211290932	-0.000394281373444326	3.34364370318866	0.999999993123142
86.025	5.7	0.999999993180527	0.800046191911266	-0.000381703767838409	3.22363684781128	0.999999994544421
86.175	5.7	0.999999993655128	0.800047148619474	-0.000369736704416326	3.10362984705807	0.999999994924102
86.325	5.7	0.999999991164555	0.800048083424151	-0.00035836028309854	2.98362270458246	0.999999992931644
86.475	5.7	0.999999984945671	0.800048998578064	-0.000347555688344571	2.86361542387164	0.999999987956536
86.625	5.7	0.999999976980509	0.800049896400807	-0.000337305178335923	2.74360800804975	0.999999981584407
86.775	5.7	0.999999973362176	0.800050778964284	-0.000327592076867293	2.62360045952755	0.999999978689741
86.925	5.7	0.999999983255509	0.800051647781882	-0.000318400769088071	2.50359277963765	0.999999986604407
87.075	5.7	1.00000001357468	0.800052503805366	-0.000309716702829842	2.38358496857704	1.00000001085974
87.225	5.7	1.00000005945735	0.800053348093034	-0.000301526396962352	2.26357702606521	1.00000004756588
87.375	5.7	1.00000009485358	0.80005418328453	-0.000293817455757633	2.14356895291529	1.00000007588286
87.525	5.7	1.00000007263932	0.80005501538013	-0.000286578583239314	2.0235607530568	1.00000005811146
87.675	5.7	0.999999945620715	0.800055854410086	-0.000279799585535719	1.90355243455123	0.999999956496572
87.825	5.7	0.999999712909093	0.800056711961888	-0.000273471345938926	1.78354400738093	0.999999770327274
87.975	5.7	0.999999476551584	0.800057594172979	-0.000267585763252072	1.66353547630187	0.999999581241267
88.125	5.7	0.999999464989857	0.800058491580282	-0.00026213566369474	1.54352682986078	0.999999571991885
88.275	5.7	0.999999960284792	0.800059371985959	-0.000257114728457983	1.42351803178857	0.999999968227834
88.425	5.7	1.0000010848835	0.800060186944944	-0.000252517506289727	1.30350902613148	1.0000008679068
88.575	5.7	1.00000248880334	0.800060901835386	-0.000248339571372398	1.18349976764202	1.00000199104267
88.725	5.7	1.00000312544197	0.80006154824165	-0.000244577804829136	1.06349027795451	1.00000250035357
88.875	5.7	1.00000144361008	0.800062273875749	-0.00024123061381376	0.94348070330919	1.00000115488807
89.025	5.7	0.999996307937669	0.800063337858776	-0.000238297716001905	0.8234713188786	0.999997046350135
89.175	5.7	0.999988618241924	0.800064990164789	-0.000235779069750905	0.703462411176453	0.999990894593539
89.325	5.7	0.999982874422846	0.800067214425193	-0.000233672847072221	0.583454007608776	0.999986299538277
89.475	5.7	0.99998707957044	0.800069422891934	-0.000231973177855307	0.463445535552703	0.999989663656352
89.625	5.7	1.00000907517174	0.800070346561208	-0.000230669562261447	0.343435662008372	1.00000726013739
89.775	5.7	1.00004862169266	0.800058147464132	-0.000229750626871567	0.223422689340733	1.00003889735413
89.925	5.7	1.00008790204962	0.400087858160278	-0.000229236941252008	0.103408882033066	1.0000703216397
0.075	5.9	8.24826148139579e-31	0.399999933241688	-3.292159650005e-05	36.0880334113931	0.2
0.225	5.9	4.99221846219486e-30	0.799999800834957	-3.29534300726615e-05	36.0640334153986	0.2
0.375	5.9	-5.54003285606042e-30	0.799999671727386	-3.30175131851888e-05	36.040033423343	0.2
0.525	5.9	4.6154801228381e-30	0.799999548018129	-3.3114665061498e-05	36.0160334350949	0.2
0.675	5.9	-1.9886108672826e-29	0.799999431660972	-3.3246083823632e-05	35.9920334504619	0.2
0.825	5.9	-2.99071433072015e-30	0.799999324416895	-3.34133106987503e-05	35.9680334691953	0.2
0.975	5.9	-3.74394568755396e-29	0.799999227813991	-3.36181873628523e-05	35.9440334909969	0.2
1.125	5.9	-2.07058889043152e-30	0.799999143117724	-3.38628059306192e-05	35.9200335155264	0.2
1.275	5.9	-3.06040907643494e-29	0.799999071314843	-3.4149458040455e-05	35.8960335424098	0.2
1.425	5.9	4.30525547445978e-29	0.799999013104154	-3.44805794667906e-05	35.8720335712475	0.2
1.575	5.9	3.28478494055766e-29	0.799998968902558	-3.48587020129795e-05	35.8480336016235	0.2
1.725	5.9	1.43206237718732e-28	0.799998938855645	-3.52864044480903e-05	35.8240336331134	0.2
1.875	5.9	1.18974147174941e-28	0.799998922860348	-3.57662734427418e-05	35.8000336652922	0.2
2.025	5.9	2.014264913173e-28	0.799998920590443	-3.63008684008767e-05	35.7760336977418	0.2
2.175	5.9	6.28097451270965e-29	0.79999893152869	-3.68926954691237e-05	35.7520337300568	0.2
2.325	5.9	1.08716231346868e-29	0.799998954999965	-3.75441892684964e-05	35.72803376185	0.2
2.475	5.9	-3.22829634887773e-28	0.799998990206323	-3.82577020484809e-05	35.7040337927568	0.2
2.625	5.9	-4.94382920286896e-28	0.799999036259611	-3.9035499973302e-05	35.6800338224377	0.2
2.775	5.9	-8.68204241285361e-28	0.799999092214441	-3.98797644786917e-05	35.6560338505812	0.2
2.925	5.9	-8.16525332499357e-28	0.799999157097495	-4.0792601382748e-05	35.6320338769048	0.2
3.075	5.9	-7.46579496434031e-28	0.79999922993144	-4.17760524392581e-05	35.6080339011554	0.2
3.225	5.9	5.67458008718992e-29	0.799999309759304	-4.28321094137133e-05	35.5840339231089	0.2
3.375	5.9	9.07893265625191e-28	0.799999395660228	-4.39627326641615e-05	35.5600339425698	0.2
3.525	5.9	2.36653038177617e-27	0.799999486766947	-4.51698701621388e-05	35.5360339593693	0.2
3.675	5.9	3.201811609311e-27	0.799999582272876	-4.64554760925824e-05	35.5120339733638	0.2
3.825	5.9	3.78428785146614e-27	0.799999681441854	-4.78215304118811e-05	35.4880339844329	0.2
3.975	5.9	2.54750563215838e-27	0.799999783611839	-4.92700593270808e-05	35.4640339924773	0.2
4.125	5.9	3.63138425259204e-28	0.799999888196998	-5.08031516224687e-05	35.4400339974162	0.2
4.275	5.9	-3.73458340406935e-27	0.799999994687935	-5.24229773387081e-05	35.4160339991855	0.2
4.425	5.9	-7.28595140630324e-27	0.800000102649381	-5.41318034876508e-05	35.3920339977349	0.2
4.575	5.9	-1.01503555704453e-26	0.800000211717114	-5.59320081282582e-05	35.3680339930265	0.2
4.725	5.9	-8.74390813703964e-27	0.800000321593736	-5.78260949482973e-05	35.3440339850319	0.2
4.875	5.9	-3.99782322452497e-27	0.800000432044935	-5.98167048832623e-05	35.3200339737309	0.2
5.025	5.9	5.28975895936486e-27	0.800000542893524	-6.19066272152615e-05	35.2960339591092	0.2
5.175	5.9	1.29597059917231e-26	0.800000654013461	-6.40988102240043e-05	35.2720339411573	0.2
5.325	5.9	1.55323187071746e-26	0.800000765326032	-6.63963698062393e-05	35.2480339198684	0.2
5.475	5.9	3.58832753186392e-27	0.800000876793927	-6.88025991889035e-05	35.2240338952377	0.2
5.625	5.9	-2.18608099053613e-26	0.800000988415031	-7.13209753242734e-05	35.2000338672608	0.2
5.775	5.9	-5.74391375084015e-26	0.800001100219755	-7.39551678114007e-05	35.1760338359328	0.2
5.925	5.9	-7.81983397777891e-26	0.800001212265176	-7.67090452310809e-05	35.1520338012476	0.2
6.075	5.9	-5.54977104408664e-26	0.80000132463107	-7.95866818951612e-05	35.1280337631969	0.2
6.225	5.9	5.14386426541787e-26	0.800001437416789	-8.25923654279427e-05	35.1040337217697	0.2
6.375	5.9	2.52667418151634e-25	0.800001550736995	-8.57306031648571e-05	35.0800336769519	0.2
6.525	5.9	5.20466690811344e-25	0.800001664719819	-8.90061287666943e-05	35.0560336287255	0.2
6.675	5.9	7.34986409713093e-25	0.800001779502734	-9.24239095075152e-05	35.0320335770687	0.2
6.825	5.9	7.06682432851828e-25	0.800001895231058	-9.59891533804672e-05	35.0080335219553	0.2
6.975	5.9	1.83353477248084e-25	0.800002012056032	-9.97073166497606e-05	34.9840334633548	0.2
7.125	5.9	-1.00943074316993e-24	0.800002130132289	-0.000103584111564534	34.960033401232	0.2
7.275	5.9	-2.83950520879432e-24	0.800002249616156	-0.000107625514326209	34.9360333355469	0.2
7.425	5.9	-4.83130979782133e-24	0.800002370665042	-0.000111837774213177	34.912033266255	0.2
7.575	5.9	-5.98616542566119e-24	0.8000024934347	-0.000116227421784718	34.888033193307	0.2
7.725	5.9	-4.7986789112761e-24	0.800002618079931	-0.000120801279241865	34.8640331166489	0.2
7.875	5.9	2.77088517355701e-25	0.800002744752058	-0.000125566468941793	34.8400330362222	0.2
8.025	5.9	1.00667073091007e-23	0.800002873597853	-0.000130530425606478	34.8160329519638	0.2
8.175	5.9	2.34494156795969e-23	0.800003004760228	-0.000135700906184205	34.7920328638063	0.2
8.325	5.9	3.62860502540104e-23	0.800003138375518	-0.000141086001239943	34.7680327716782	0.2
8.475	5.9	4.0847965849974e-23	0.800003274573588	-0.000146694148047861	34.7440326755038	0.2
8.625	5.9	2.69315533758629e-23	0.800003413477072	-0.000152534142753115	34.7200325752038	0.2
8.775	5.9	-1.48739063153217e-23	0.800003555200116	-0.000158615153090961	34.6960324706952	0.2
8.925	5.9	-8.71233121991908e-23	0.800003699847311	-0.000164946733845088	34.6720323618918	0.2
9.075	5.9	-1.77916050971801e-22	0.80000384751419	-0.000171538840041414	34.6480322487043	0.2
9.225	5.9	-2.53953014608825e-22	0.800003998283752	-0.000178401843188496	34.6240321310409	0.2
9.375	5.9	-2.59206283355846e-22	0.800004152227774	-0.00018554654703136	34.6000320088073	0.2
9.525	5.9	-1.24645129966996e-22	0.80000430940423	-0.000192984204222084	34.5760318819072	0.2
9.675	5.9	2.05236615992765e-22	0.800004469856776	-0.000200726534085736	34.552031750243	0.2
9.825	5.9	7.28436804877379e-22	0.800004633613148	-0.000208785740683709	34.5280316137158	0.2
9.975	5.9	1.33159809436149e-21	0.800004800682691	-0.000217174532389343	34.5040314722263	0.2
10.125	5.9	1.74869490315747e-21	0.800004971056488	-0.000225906141096146	34.4800313256749	0.2
10.275	5.9	1.56861381413165e-21	0.800005144704931	-0.000234994343918232	34.4560311739629	0.2
10.425	5.9	3.36270583011355e-22	0.800005321574289	-0.00024445348434527	34.4320310169926	0.2
10.575	5.9	-2.22240292450528e-21	0.800005501586249	-0.00025429849494021	34.4080308546684	0.2
10.725	5.9	-5.86716118465971e-21	0.800005684634627	-0.000264544921735326	34.3840306868974	0.2
10.875	5.9	-9.50249690955165e-21	0.800005870582896	-0.000275208947877181	34.3600305135903	0.2
11.025	5.9	-1.10298088822238e-20	0.800006059262148	-0.000286307420089099	34.3360303346624	0.2
11.175	5.9	-7.66547605353773e-21	0.800006250464956	-0.000297857875089434	34.3120301500346	0.2
11.325	5.9	3.03963093451086e-21	0.800006443945862	-0.000309878568141355	34.2880299596345	0.2
11.475	5.9	2.14523121254292e-20	0.800006639415222	-0.000322388501366132	34.2640297633979	0.2
11.625	5.9	4.37722179090606e-20	0.800006836534187	-0.000335407454844891	34.2400295612696	0.2
11.775	5.9	6.05464082055583e-20	0.800007034912305	-0.000348956018637094	34.2160293532058	0.2
11.925	5.9	5.71941348443895e-20	0.800007234101229	-0.000363055624244762	34.1920291391749	0.2
12.075	5.9	1.80120129078343e-20	0.800007433589249	-0.000377728581190801	34.1680289191597	0.2
12.225	5.9	-6.56342480622459e-20	0.800007632795125	-0.000392998111538321	34.1440286931595	0.2
12.375	5.9	-1.84037457680983e-19	0.800007831063106	-0.000408888387761853	34.120028461192	0.2
12.525	5.9	-2.98716995280353e-19	0.800008027653016	-0.000425424572311035	34.0960282232957	0.2
12.675	5.9	-3.39626730533432e-19	0.800008221735518	-0.000442632857244255	34.0720279795328	0.2
12.825	5.9	-2.18392898544348e-19	0.800008412380739	-0.000460540508120271	34.0480277299916	0.2
12.975	5.9	1.36179405496184e-19	0.800008598551908	-0.000479175907430123	34.02402747479	0.2
13.125	5.9	7.21451353067053e-19	0.800008779093579	-0.000498568601233719	34.0000272140785	0.2
13.275	5.9	1.39783000445078e-18	0.800008952720562	-0.000518749347473272	33.9760269480444	0.2
13.425	5.9	1.85020834446238e-18	0.800009118007749	-0.000539750166407224	33.9520266769153	0.2
13.575	5.9	1.61818113775064e-18	0.800009273375302	-0.000561604392789023	33.9280264009639	0.2
13.725	5.9	2.37406284665715e-19	0.800009417075805	-0.000584346731945831	33.9040261205128	0.2
13.875	5.9	-2.49278961345765e-18	0.800009547179332	-0.000608013316261796	33.8800258359393	0.2
14.025	5.9	-6.16148553527256e-18	0.800009661555628	-0.000632641764709738	33.856025547682	0.2
14.175	5.9	-9.4502814952117e-18	0.800009757858011	-0.000658271247335718	33.832025256246	0.2
14.325	5.9	-1.0108032981677e-17	0.800009833502133	-0.000684942548942913	33.8080249622105	0.2
14.475	5.9	-5.44743903319153e-18	0.800009885645747	-0.000712698138343663	33.7840246662359	0.2
14.625	5.9	6.46903946814182e-18	0.800009911166517	-0.000741582239792617	33.7600243690718	0.2
14.775	5.9	2.50429489835723e-17	0.800009906635532	-0.000771640908592126	33.7360240715659	0.2
14.925	5.9	4.52695576840429e-17	0.800009868291654	-0.000802922108738327	33.7120237746736	0.2
15.075	5.9	5.68015489821198e-17	0.800009792012031	-0.000835475795230238	33.6880234794684	0.2
15.225	5.9	4.53097179382553e-17	0.800009673279575	-0.000869354000777884	33.6640231871529	0.2
15.375	5.9	-2.64268762465617e-18	0.800009507150281	-0.000904610924838712	33.6400228990716	0.2
15.525	5.9	-9.0981531518722e-17	0.800009288213591	-0.000941303029447067	33.6160226167239	0.2
15.675	5.9	-2.03510276842862e-16	0.800009010554783	-0.000979489137782626	33.5920223417788	0.2
15.825	5.9	-2.95751993442346e-16	0.80000866770942	-0.00101923053824129	33.5680220760906	0.2
15.975	5.9	-2.96149733349567e-16	0.800008252615629	-0.00106059109486045	33.5440218217162	0.2
16.125	5.9	-1.24113775597316e-16	0.800007757564722	-0.00110363736020501	33.5200215809337	0.2
16.275	5.9	2.70870375249462e-16	0.800007174144381	-0.00114843869892344	33.4960213562623	0.2
16.425	5.9	8.53453395937456e-16	0.800006493177311	-0.00119506741359033	33.472021150485	0.200000000000001
16.575	5.9	1.44789201417349e-15	0.800005704659171	-0.00124359887874045	33.4480209666717	0.200000000000001
16.725	5.9	1.71767475763218e-15	0.800004797685764	-0.00129411168258203	33.4240208082055	0.200000000000001
16.875	5.9	1.22106885020484e-15	0.800003760376486	-0.00134668777702954	33.4000206788106	0.200000000000001
17.025	5.9	-4.23364070611642e-16	0.800002579793666	-0.0014014126329239	33.3760205825829	0.2
17.175	5.9	-3.26153761639106e-15	0.800001241852391	-0.00145837540895273	33.3520205240229	0.199999999999997
17.325	5.9	-6.6832979425869e-15	0.799999731223445	-0.00151766912631327	33.3280205080717	0.199999999999995
17.475	5.9	-9.20369431261127e-15	0.799998031229827	-0.00157939085551442	33.3040205401495	0.199999999999993
17.625	5.9	-8.56256714575096e-15	0.799996123733199	-0.00164364191434361	33.280020626198	0.199999999999993
17.775	5.9	-2.36295142728923e-15	0.799993989013392	-0.00171052807738973	33.2560207727255	0.199999999999998
17.925	5.9	1.06520406175808e-14	0.799991605634868	-0.00178015979906338	33.2320209868572	0.200000000000009
18.075	5.9	2.88686157004348e-14	0.799988950306417	-0.00185265245109341	33.2080212763874	0.200000000000023
18.225	5.9	4.62282370544533e-14	0.799985997726193	-0.00192812657452062	33.1840216498388	0.200000000000037
18.375	5.9	5.18628308250657e-14	0.799982720417253	-0.00200670814951844	33.1600221165239	0.200000000000042
18.525	5.9	3.22091316248364e-14	0.79997908854772	-0.00208852888317659	33.1360226866137	0.200000000000026
18.675	5.9	-2.34589398482285e-14	0.799975069738891	-0.00217372651661446	33.112023371211	0.199999999999981
18.825	5.9	-1.14306273530033e-13	0.799970628856899	-0.00226244515473607	33.0880241824294	0.199999999999909
18.975	5.9	-2.18298680696708e-13	0.799965727789198	-0.00235483561892326	33.0640251334796	0.199999999999825
19.125	5.9	-2.86449235756161e-13	0.799960325202359	-0.0024510558264401	33.0400262387621	0.199999999999771
19.275	5.9	-2.47684166415123e-13	0.799954376283476	-0.00255127119853848	33.0160275139675	0.199999999999802
19.425	5.9	-3.07866132757238e-14	0.799947832459952	-0.00265565509871321	32.9920289761851	0.199999999999975
19.575	5.9	3.94384056991099e-13	0.79994064109908	-0.0027643893070821	32.9680306440199	0.200000000000316
19.725	5.9	9.63448670348173e-13	0.799932745184757	-0.00287766453124343	32.9440325377191	0.200000000000771
19.875	5.9	1.47212323571633e-12	0.79992408297073	-0.00299568096031832	32.9200346793086	0.200000000001178
20.025	5.9	1.57220717012819e-12	0.799914587607752	-0.00311864886378387	32.8960370927406	0.200000000001258
20.175	5.9	8.47388106177237e-13	0.799904186744886	-0.00324678924261783	32.8720398040519	0.200000000000678
20.325	5.9	-1.00530483817903e-12	0.799892802100153	-0.0033803345354405	32.8480428415357	0.199999999999196
20.475	5.9	-3.90106961894842e-12	0.799880349004066	-0.00351952938807518	32.8240462359261	0.199999999996879
20.625	5.9	-7.07729087304955e-12	0.799866735907541	-0.00366463149189642	32.8000500205962	0.199999999994338
20.775	5.9	-8.94164170137491e-12	0.79985186386014	-0.00381591249859655	32.776054231773	0.199999999992847
20.925	5.9	-7.26632119541899e-12	0.799835625951002	-0.00397365902113636	32.7520589087663	0.199999999994187
21.075	5.9	8.18842938062514e-14	0.799817906714712	-0.00413817372878045	32.7280640942173	0.200000000000066
21.225	5.9	1.38292818954254e-11	0.799798581499271	-0.00430977654853441	32.7040698343634	0.200000000011063
21.375	5.9	3.16485204843174e-11	0.799777515795652	-0.00448880598336655	32.6800761793247	0.200000000025319
21.525	5.9	4.68325323168013e-11	0.799754564529176	-0.00467562056136791	32.6560831834096	0.200000000037466
21.675	5.9	4.83291332191543e-11	0.799729571307938	-0.0048706004304069	32.6320909054439	0.200000000038663
21.825	5.9	2.32989772867323e-11	0.799702367633326	-0.00507414911307077	32.6080994091219	0.200000000018639
21.975	5.9	-3.70764417562279e-11	0.799672772067129	-0.00528669544195403	32.5841087633815	0.199999999970339
22.125	5.9	-1.29038216937423e-10	0.799640589359331	-0.0055086956963714	32.560119042805	0.199999999896769
22.275	5.9	-2.27449621928839e-10	0.79960560953655	-0.00574063596388515	32.5361303280447	0.19999999981804
22.425	5.9	-2.81562101941098e-10	0.799567606955741	-0.00598303475809184	32.5121427062764	0.19999999977475
22.575	5.9	-2.21714783982404e-10	0.799526339329952	-0.0062364459246639	32.4881562716814	0.199999999822628
22.725	5.9	1.73845664091908e-11	0.799481546735257	-0.00650146187508767	32.4641711259592	0.200000000013908
22.875	5.9	4.55691020162831e-10	0.799432950609471	-0.00677871718699753	32.4401873788739	0.200000000364553
23.025	5.9	1.01713192544502e-09	0.799380252755639	-0.0070688926106155	32.4162051488352	0.200000000813706
23.175	5.9	1.48951468074696e-09	0.79932313436149	-0.00737271952119457	32.3922245635134	0.200000001191612
23.325	5.9	1.52683054348513e-09	0.799261255042366	-0.00769098485159017	32.3682457604877	0.200000001221464
23.475	5.9	7.29142517875587e-10	0.799194251912501	-0.00802453654246127	32.344268887918	0.200000000583314
23.625	5.9	-1.17824716396298e-09	0.799121738693355	-0.00837428955861125	32.3202941052331	0.199999999057402
23.775	5.9	-4.08182696498367e-09	0.799043304874908	-0.00874123255288439	32.2963215838224	0.199999996734538
23.925	5.9	-7.20874498881735e-09	0.798958514976037	-0.0091264352969772	32.2723515077234	0.199999994233004
24.075	5.9	-8.99222323242492e-09	0.798866907985038	-0.0095310570693494	32.2483840743061	0.199999992806221
24.225	5.9	-7.26527213714486e-09	0.79876799711403	-0.00995635624372116	32.2244194949684	0.199999994187782
24.375	5.9	4.5186272201485e-11	0.798661270056379	-0.0104037013425047	32.200457995872	0.200000000036149
24.525	5.9	1.3683237532093e-08	0.798546189938634	-0.0108745837755626	32.1764998187563	0.20000001094659
24.675	5.9	3.15121147556612e-08	0.79842219713638	-0.0113706323352293	32.1525452218533	0.200000025209692
24.825	5.9	4.72333566870477e-08	0.798288711997241	-0.0118936292548627	32.1285944808898	0.200000037786685
24.975	5.9	5.03103578689993e-08	0.7981451383482	-0.0124455273665564	32.1046478900841	0.200000040248286
25.125	5.9	2.81534501972189e-08	0.797990867470385	-0.0130284676802999	32.0807057629517	0.20000002252276
25.275	5.9	-2.87252848561007e-08	0.797825282166839	-0.0136447968481027	32.056768432644	0.199999977019772
25.425	5.9	-1.1890134749832e-07	0.79764776072589	-0.0142970846211428	32.0328362515219	0.199999904878922
25.575	5.9	-2.21581086962687e-07	0.797457681219941	-0.014988142733012	32.0089095897623	0.19999982273513
25.725	5.9	-2.91517670115825e-07	0.797254427637846	-0.0157210484910059	31.9849888330571	0.199999766785864
25.875	5.9	-2.62820900532584e-07	0.797037400723747	-0.0164991781973251	31.9610743798834	0.19999978974328
26.025	5.9	-6.69695490629271e-08	0.796806037602327	-0.0173262563212456	31.9371666392884	0.199999946424361
26.175	5.9	3.32857313946386e-07	0.796559844511368	-0.0182064247742703	31.9132660304341	0.200000266285851
26.325	5.9	8.9588439915282e-07	0.796298445377887	-0.0191443314683511	31.889372984984	0.200000716707519
26.475	5.9	1.46090835010626e-06	0.796021644908093	-0.0201452282482993	31.8654879524974	0.20000116872668
26.625	5.9	1.73127290009116e-06	0.79572949850316	-0.0212150568104427	31.8416114071899	0.20000138501832
26.775	5.9	1.31772404943447e-06	0.795422374314732	-0.0223604914780983	31.8177438519573	0.20000105417924
26.925	5.9	-1.36656352087793e-07	0.795100988499122	-0.0235889064041757	31.7938858131757	0.199999890674918
27.075	5.9	-2.7479076130815e-06	0.794766398025954	-0.0249082498255761	31.7700378187247	0.19999780167391
27.225	5.9	-6.13827010861722e-06	0.794419951105824	-0.0263268453124033	31.7462003534409	0.199995089383913
27.375	5.9	-9.23019624845698e-06	0.794063225791822	-0.0278531987792689	31.7223737919857	0.199992615843001
27.525	5.9	-1.02246481509308e-05	0.793698029226314	-0.0294959577814683	31.6985583189396	0.199991820281479
27.675	5.9	-6.91420510765932e-06	0.793326571303525	-0.0312642188014728	31.6747538579001	0.199994468635914
27.825	5.9	2.56808577513148e-06	0.79295194558607	-0.0331683684004288	31.6509600411149	0.20000205446862
27.975	5.9	1.85960147225016e-05	0.792579019371142	-0.035221532371886	31.6271762524365	0.200014876811778
28.125	5.9	3.87365321984638e-05	0.792215729406213	-0.0374414682228443	31.6034017626379	0.200030989225759
28.275	5.9	5.67617827604392e-05	0.79187459402044	-0.0398523894427061	31.5796359436265	0.200045409426208
28.425	5.9	6.26601010826763e-05	0.791574015799892	-0.0424858406150552	31.5558784994254	0.200050128080866
28.575	5.9	4.43271610467387e-05	0.791338736071506	-0.0453795057238416	31.5321295986526	0.200035461728837
28.725	5.9	-8.66776213754374e-06	0.79119872774823	-0.0485729249969898	31.5083897565892	0.19999306579029
28.875	5.9	-9.94789273356801e-05	0.791186006390953	-0.0520996982536158	31.4846593208891	0.199920416858131
29.025	5.9	-0.000217693838560704	0.791329408321396	-0.0559769502678793	31.4609374857262	0.199825844929151
29.175	5.9	-0.000334461980553702	0.791648367017375	-0.0601945302833611	31.4372209005985	0.199732430415557
29.325	5.9	-0.000401778338566733	0.792148015856496	-0.0647082388532436	31.4135021300125	0.199678577329147
29.475	5.9	-0.000358531187962698	0.792819222734328	-0.0694425763456788	31.3897684039464	0.19971317504963
29.625	5.9	-0.000144720357197752	0.793647765889449	-0.0743080051900353	31.3660011967488	0.199884223714242
29.775	5.9	0.000277056684271243	0.794635907248589	-0.0792344726218615	31.3421771036702	0.200221645347417
29.925	5.9	0.000896760476189804	0.795836478250418	-0.0842168243413453	31.3182702041083	0.200717408380952
30.075	5.9	0.00163545941120941	0.797394680590544	-0.089360469525224	31.2942556330474	0.201308367528968
30.225	5.9	0.00233555688098847	0.799588003299733	-0.0949106953245324	31.2701135376805	0.201868445504791
30.375	5.9	0.00277012690404956	0.80285242669602	-0.101249632618239	31.2458321568663	0.20221610152324
30.525	5.9	0.00267504412296028	0.807784415481638	-0.108851375597632	31.2214086313331	0.202140035298368
30.675	5.9	0.00180142694109965	0.815111319324137	-0.11819485226174	31.1968464857886	0.20144114155288
30.825	5.9	-2.10959647430507e-05	0.825624501304103	-0.129641619611205	31.1721495449359	0.199983123228206
30.975	5.9	-0.00282530451956822	0.840068696180411	-0.143291027048684	31.1473131958732	0.197739756384345
31.125	5.9	-0.00646827424787023	0.858981768914513	-0.15883199406452	31.1223150511372	0.194825380601704
31.275	5.9	-0.010627829907319	0.882490269447555	-0.175423856777967	31.0971077608556	0.191497736074145
31.425	5.9	-0.0148394348801883	0.910096758127826	-0.191657096290587	31.0716165845252	0.188128452095849
31.575	5.9	-0.0185690170188481	0.94054075714901	-0.205654577095894	31.0457432325464	0.185144786384922
31.725	5.9	-0.0213069920328318	0.971845040951628	-0.21535150898839	31.0193757192546	0.182954406373735
31.875	5.9	-0.022661669588253	1.00162123058143	-0.218922493555867	30.99240223278	0.181870664329398
32.025	5.9	-0.022429086427198	1.02758334937382	-0.215228224950346	30.9647260636709	0.182056730858242
32.175	5.9	-0.0206225224836343	1.04807585277413	-0.204099592677941	30.9362786931986	0.183501982013093
32.325	5.9	-0.0174570389048283	1.06238969222477	-0.186329809370669	30.9070288647857	0.186034368876137
32.475	5.9	-0.0132976604697982	1.07076066434412	-0.163391527364993	30.8769863944306	0.189361871624161
32.625	5.9	-0.00858873466167443	1.07411745439168	-0.137027974029735	30.8462004917472	0.19312901227066
32.775	5.9	-0.00378344228612809	1.07373873510824	-0.10888975482224	30.8147534215218	0.196973246171098
32.925	5.9	0.000712661646195469	1.07095645886508	-0.0803139430123081	30.782751150489	0.200570129316956
33.075	5.9	0.00457817859162966	1.06696626965662	-0.0522505903894764	30.7503128588875	0.203662542873304
33.225	5.9	0.00759357281595722	1.06274112785027	-0.0252915515537874	30.7175608313975	0.206074858252766
33.375	5.9	0.00964489764955632	1.05901452738235	0.00024944698743301	30.6846115907032	0.207715918119645
33.525	5.9	0.0107185860953873	1.05629773148373	0.0242417855431562	30.6515685789403	0.20857486887631
33.675	5.9	0.0108902397544974	1.05490669627076	0.0466488057328321	30.6185164424516	0.208712191803598
33.825	5.9	0.0103079720732976	1.05498774174725	0.067456731904532	30.5855170123222	0.208246377658638
33.975	5.9	0.0091694324313643	1.05654284127708	0.0866306262679627	30.5526072297437	0.207335545945091
34.125	5.9	0.00769210676578222	1.05946275679046	0.104104186655647	30.5197993462791	0.206153685412626
34.275	5.9	0.00607883106513533	1.06357714612617	0.119805019613878	30.4870835841828	0.204863064852108
34.425	5.9	0.00448349266765777	1.06872469118374	0.133707159511832	30.4544330441205	0.203586794134126
34.575	5.9	0.00298410553425594	1.07483486372432	0.14589077472075	30.4218101140757	0.202387284427405
34.725	5.9	0.00157053399508483	1.08200147337424	0.156581747977835	30.3891731713373	0.201256427196068
34.875	5.9	0.000151581048796679	1.0905236211432	0.166147450427689	30.3564821888501	0.200121264839037
35.025	5.9	-0.00141852717485189	1.10089579778349	0.175040086922892	30.3237020814173	0.198865178260119
35.175	5.9	-0.00329960737121249	1.11374257485824	0.18369852358916	30.2908032371285	0.19736031410303
35.325	5.9	-0.00562053014168622	1.12970730263	0.192433952595824	30.2577595060961	0.195503575886651
35.475	5.9	-0.00844097686429122	1.14931314380144	0.20132900239483	30.2245446919177	0.193247218508567
35.625	5.9	-0.0117294886033094	1.17281898822892	0.21017559480069	30.1911290356257	0.190616409117352
35.775	5.9	-0.0153629332946692	1.20009592177057	0.218468518471786	30.1574771286934	0.187709653364265
35.925	5.9	-0.0191467333979351	1.23055335111139	0.225461945293166	30.1235481587818	0.184682613281652
36.075	5.9	-0.0228498448323218	1.26314355056776	0.230284600056063	30.0892985860937	0.181720124134143
36.225	5.9	-0.0262451447128689	1.29646206669369	0.232095380956109	30.0546865779393	0.179003884229705
36.375	5.9	-0.0291454400590795	1.32893588644179	0.230247261696544	30.0196770623853	0.176683647952736
36.525	5.9	-0.0314276438556976	1.35905916491815	0.224419308657435	29.9842462058457	0.174857884915442
36.675	5.9	-0.0330417595263865	1.38561470547058	0.214681368006648	29.9483843990695	0.173566592378891
36.825	5.9	-0.0340056524756985	1.40782301448482	0.201475353372661	29.9120972790122	0.172795478019441
36.975	5.9	-0.0343897716467458	1.42538914202252	0.185524153515889	29.8754047638431	0.172488182682603
37.125	5.9	-0.0342972763806329	1.43845446773485	0.167700861036406	29.8383384441953	0.172562178895494
37.275	5.9	-0.0338445181406399	1.44748700642494	0.148897138495075	29.8009379126848	0.172924385487488
37.425	5.9	-0.0331452118727303	1.45315084480234	0.129920049252346	29.7632467038691	0.173483830501816
37.575	5.9	-0.0322997484605139	1.45618669336559	0.111429947646706	29.7253084602289	0.174160201231589
37.725	5.9	-0.0313895711840777	1.45732071808021	0.0939173001033438	29.6871637736049	0.174888343052738
37.875	5.9	-0.030475630104584	1.45720567411999	0.0777082338856238	29.6488479385244	0.175619495916333
38.025	5.9	-0.0295996060321015	1.45639027370737	0.0629869006805217	29.6103896558243	0.176320315174319
38.175	5.9	-0.0287866762313616	1.45530949297229	0.0498247956246052	29.5718105809013	0.176970659014911
38.325	5.9	-0.0280488723609077	1.45428846790628	0.038210442976793	29.5331255318117	0.177560902111274
38.475	5.9	-0.0273884026562982	1.45355404007943	0.0280758298158538	29.4943431492139	0.178089277874962
38.625	5.9	-0.0268005881046408	1.45324975166233	0.0193180878850267	29.4554668150067	0.178559529516287
38.775	5.9	-0.0262762644033103	1.45345160104514	0.0118162002380066	29.416495671636	0.178978988477352
38.925	5.9	-0.0258036293613314	1.45418298697416	0.00544316198905653	29.3774256258	0.179357096510935
39.075	5.9	-0.0253695853130292	1.45542801609367	7.42870109375941e-05	29.3382502601342	0.179704331749577
39.225	5.9	-0.0249606570168096	1.45714281727434	-0.00440759759061285	29.2989616100875	0.180031474386552
39.375	5.9	-0.0245635731840503	1.45926478907764	-0.00810937687275993	29.2595507891985	0.18034914145276
39.525	5.9	-0.0241655949134086	1.46171987281464	-0.0111266850033999	29.2200084645287	0.180667524069273
39.675	5.9	-0.0237546641515932	1.46442804004275	-0.013544232632746	29.1803251961072	0.180996268678725
39.825	5.9	-0.0233194345398368	1.46730724235138	-0.0154369836652388	29.1404916612299	0.181344452368131
39.975	5.9	-0.022849236093381	1.47027610154946	-0.0168718111957266	29.1004987876112	0.181720611125295
40.125	5.9	-0.0223340146854789	1.4732556281099	-0.0179093256475682	29.0603378197209	0.182132788251617
40.275	5.9	-0.0217642774634483	1.47617024846949	-0.0186056279772142	29.0200003410047	0.182588578029241
40.425	5.9	-0.0211310660263995	1.47894839908847	-0.0190138005703889	28.9794782717418	0.18309514717888
40.575	5.9	-0.0204259703618093	1.48152290856733	-0.019185009699831	28.9387638585644	0.183659223710553
40.725	5.9	-0.0196411882228363	1.48383134087156	-0.0191691554111002	28.8978496675527	0.184287049421731
40.875	5.9	-0.0187696270469145	1.48581641623865	-0.0190150645552619	28.8567285886697	0.184984298362468
41.025	5.9	-0.0178050390325695	1.48742656640171	-0.0187702760996465	28.8153938553767	0.185755968773944
41.175	5.9	-0.0167421750362905	1.48861662309334	-0.0184805101134764	28.7738390798231	0.186606259970968
41.325	5.9	-0.0155769399160813	1.4893485894842	-0.0181889389683336	28.7320583012069	0.187538448067135
41.475	5.9	-0.0143065310919419	1.48959240876277	-0.0179353891028817	28.6900460428923	0.188554775126446
41.625	5.9	-0.0129295434339494	1.4893266262375	-0.0177555944168762	28.6477973727076	0.18965636525284
41.775	5.9	-0.011446026874088	1.48853884241867	-0.0176806005941474	28.6053079605103	0.19084317850073
41.925	5.9	-0.00985748786495497	1.48722587283386	-0.0177363880277715	28.5625741275049	0.192114009708036
42.075	5.9	-0.00816683129806001	1.4853935615997	-0.017943745180776	28.5195928827788	0.193466534961552
42.225	5.9	-0.00637824500571868	1.48305623390086	-0.0183183897760864	28.4763619438799	0.194897403995425
42.375	5.9	-0.00449703382369456	1.48023581098733	-0.0188713067683541	28.4328797397889	0.196402372941044
42.525	5.9	-0.00252941387092641	1.4769606441699	-0.0196092524667602	28.3891453961428	0.197976468903259
42.675	5.9	-0.000482279928498504	1.47326414748081	-0.0205353644371559	28.3451587038763	0.199614176057201
42.825	5.9	0.00163704046832411	1.46918332022795	-0.0216498161732245	28.3009200734686	0.201309632374659
42.975	5.9	0.0038210331996314	1.46475725088431	-0.0229504620326917	28.2564304776505	0.203056826559705
43.125	5.9	0.00606223255390715	1.46002568456555	-0.0244334290471723	28.2116913857551	0.204849786043126
43.275	5.9	0.00835343580533442	1.45502772073327	-0.0260936253818604	28.1667046929203	0.206682748644268
43.425	5.9	0.0106878905736883	1.44980068892843	-0.0279251483499327	28.1214726471527	0.208550312458951
43.575	5.9	0.0130594505476057	1.44437923117801	-0.0299215865060028	28.0759977769165	0.210447560438085
43.725	5.9	0.0154626973023546	1.43879460239396	-0.0320762196926836	28.0302828214881	0.212370157841884
43.875	5.9	0.0178930278061702	1.43307418592656	-0.0343821277893176	27.9843306658728	0.214314422244936
44.025	5.9	0.0203467088229996	1.42724121095423	-0.0368322235340875	27.9381442816308	0.2162773670584
44.175	5.9	0.0228209008591278	1.42131465147382	-0.0394192275418027	27.8917266744941	0.218256720687302
44.325	5.9	0.0253136556061466	1.41530928274246	-0.0421356049506569	27.8450808391621	0.220250924484917
44.475	5.9	0.0278238919382023	1.40923586927475	-0.0449734832772266	27.7982097211072	0.222259113550562
44.625	5.9	0.030351356221417	1.40310145802226	-0.0479245701210195	27.7511161846355	0.224281084977134
44.775	5.9	0.0328965726640195	1.39690975007215	-0.0509800871379904	27.7038029859058	0.226317258131216
44.925	5.9	0.0354607883425507	1.39066152309888	-0.0541307327696575	27.6562727492876	0.228368630674041
45.075	5.9	0.038045915233566	1.38435507378249	-0.0573666799502424	27.6085279455774	0.230436732186853
45.225	5.9	0.0406544683570473	1.37798664346209	-0.0606776057207918	27.560570871471	0.232523574685638
45.375	5.9	0.0432894959904936	1.37155078082506	-0.0640527367935131	27.5124036315153	0.234631596792395
45.525	5.9	0.0459544966700323	1.36504058248349	-0.0674808784153794	27.4640281265349	0.236763597336026
45.675	5.9	0.0486533209053409	1.35844773742669	-0.0709503739182208	27.4154460558698	0.238922656724273
45.825	5.9	0.0513900659685631	1.35176228804846	-0.074448920850382	27.3666589438008	0.24111205277485
45.975	5.9	0.0541689918150234	1.34497201489983	-0.07796315000066	27.3176682018293	0.243335193452019
46.125	5.9	0.0569945151223421	1.3380613632661	-0.0814778616046485	27.2684752361709	0.245595612097874
46.275	5.9	0.0598713729775003	1.33100986779347	-0.0849748166773107	27.2190816019686	0.247897098382
46.425	5.9	0.0628050794564924	1.32379010739505	-0.0884310111100878	27.1694891909277	0.250244063565194
46.575	5.9	0.0658028135887312	1.31636534423002	-0.0918164276247652	27.119700417234	0.252642250870985
46.725	5.9	0.0688748583148112	1.30868716805316	-0.0950913768991284	27.0697183398673	0.255099886651849
46.875	5.9	0.0720366386532008	1.30069366889986	-0.0982037107657654	27.019546632764	0.257629310922561
47.025	5.9	0.0753112700098823	1.29230886759003	-0.101086413315215	26.9691892957753	0.260249016007906
47.175	5.9	0.0787323237731375	1.28344429349586	-0.103656325868605	26.9186499994135	0.26298585901851
47.325	5.9	0.082346267613533	1.2740036366775	-0.105814982476557	26.867930985767	0.265877014090826
47.475	5.9	0.0862137905093311	1.26389122175592	-0.107452623944247	26.8170315145553	0.268971032407465
47.625	5.9	0.0904090539008386	1.25302455908673	-0.108456279400593	26.7659459477371	0.272327243120671
47.775	5.9	0.0950159153421974	1.24135037428573	-0.108722206924341	26.7146616974337	0.276012732273758
47.925	5.9	0.100120439382046	1.22886236154358	-0.108171894652069	26.6631573951824	0.280096351505637
48.075	5.9	0.105799591590689	1.2156176928813	-0.106769360299381	26.6114017382424	0.284639673272551
48.225	5.9	0.112106875638464	1.20174848346583	-0.104536056791937	26.5593534883046	0.289685500510771
48.375	5.9	0.119056683509686	1.18746448206722	-0.101558947357873	26.5069630049662	0.295245346807749
48.525	5.9	0.126610045033538	1.17304456368781	-0.0979878914840369	26.4541754794557	0.30128803602683
48.675	5.9	0.134664986117798	1.15881700553986	-0.0940205884431499	26.4009357171365	0.307731988894238
48.825	5.9	0.143054562970174	1.14513130133154	-0.0898764311793295	26.3471939608919	0.314443650376139
48.975	5.9	0.151554689980503	1.13232637418156	-0.0857635962173555	26.2929119371713	0.321243751984402
49.125	5.9	0.159902196296958	1.12070068729113	-0.0818453754126146	26.238068129018	0.327921757037566
49.275	5.9	0.167821449676064	1.11048882053314	-0.0782116277478846	26.1826612956244	0.334257159740851
49.425	5.9	0.175055880816899	1.10184718265014	-0.07485968241058	26.1267114772954	0.340044704653519
49.575	5.9	0.181399375333105	1.09484954442536	-0.0716870206301656	26.0702581056851	0.345119500266484
49.725	5.9	0.186722185956123	1.0894916485219	-0.068496506593685	26.0133552990037	0.349377748764898
49.875	5.9	0.190986887591549	1.08570340856246	-0.0650141822949872	25.9560648638475	0.352789510073239
50.025	5.9	0.194251760576998	1.08336685252772	-0.0609193912258195	25.8984478669262	0.355401408461599
50.175	5.9	0.196661388370705	1.08233754421389	-0.05588653747878	25.8405558322668	0.357329110696564
50.325	5.9	0.198426607035421	1.08246645113195	-0.0496363877698195	25.7824226532819	0.358741285628337
50.475	5.9	0.199797663333667	1.08361824675324	-0.0419921601758059	25.7240582103682	0.359838130666934
50.625	5.9	0.201035070405342	1.08568145626939	-0.0329321440730864	25.6654445040015	0.360828056324273
50.775	5.9	0.202381977103866	1.08856659510907	-0.0226275486732813	25.6065349114723	0.361905581683093
50.925	5.9	0.204040031601849	1.09219120884297	-0.0114535207324624	25.5472570059603	0.363232025281479
51.075	5.9	0.206148344892338	1.09645529257342	3.55575597416844e-05	25.4875192640375	0.364918675913871
51.225	5.9	0.208763395250476	1.10121540382133	0.0111677954502334	25.4272219018909	0.36701071620038
51.375	5.9	0.211838067167495	1.10626836049982	0.0212432551229238	25.3662719078233	0.369470453733996
51.525	5.9	0.215201771107063	1.11135346137195	0.0296317104664791	25.3046018599593	0.37216141688565
51.675	5.9	0.218550695542485	1.11617516145121	0.0358543126742749	25.2421910441698	0.374840556433988
51.825	5.9	0.221464899472309	1.12043830747177	0.0396291012002569	25.1790855443804	0.377171919577848
51.975	5.9	0.2234710767992	1.12387984213503	0.0408744244438478	25.1154116840105	0.37877686143936
52.125	5.9	0.224158981505538	1.12627901584101	0.0396827861881152	25.0513756406088	0.37932718520443
52.275	5.9	0.223332097836615	1.12743524143119	0.0362897602041977	24.9872432093604	0.378665678269292
52.425	5.9	0.221135911138637	1.12711852411574	0.0310575634072056	24.9232993314884	0.37690872891091
52.575	5.9	0.218079848416907	1.12501921460694	0.024466507525006	24.8597969662835	0.374463878733526
52.725	5.9	0.21487796072434	1.12074437283231	0.0170697572298934	24.796915613863	0.371902368579472
52.875	5.9	0.212095913659105	1.11390855669514	0.00934789157624354	24.7347547202349	0.369676730927284
53.025	5.9	0.209698812210689	1.10432113119879	0.00144007549065839	24.6733797917257	0.367759049768551
53.175	5.9	0.206703883672982	1.09218585277799	-0.00717111737783126	24.6129174932802	0.365363106938386
53.325	5.9	0.201189955857688	1.07817732238052	-0.0178674215707186	24.5536664667682	0.36095196468615
53.475	5.9	0.190842964350564	1.06331885154008	-0.0328753188552729	24.4961664264423	0.352674371480452
53.625	5.9	0.174008210199565	1.04869825030572	-0.0549754802257933	24.4411648744731	0.339206568159652
53.775	5.9	0.150939947882885	1.03506589099766	-0.086814894941206	24.3894488260859	0.320751958306308
53.925	5.9	0.124730072722114	1.02220956846975	-0.129376736433258	24.3415650510191	0.299784058177691
54.075	5.9	0.101413851564029	1.00789514465346	-0.179046998662856	24.2975161862628	0.281131081251223
54.225	5.9	0.0890374988902812	0.986830052081769	-0.224368538657915	24.2565598554779	0.271229999112225
54.375	5.9	0.095898973013235	0.952233829249571	-0.248045042209213	24.2172188120178	0.276719178410588
54.525	5.9	0.128508772894646	0.901979375191956	-0.238905352009898	24.1775094466125	0.302807018315717
54.675	5.9	0.189848867869848	0.842566413659095	-0.202371683651412	24.1352811064627	0.351879094295879
54.825	5.9	0.278247590291516	0.783978954594387	-0.154262642111784	24.0885649946558	0.422598072233213
54.975	5.9	0.387108160576871	0.732895398155789	-0.107864067801285	24.0358887079978	0.509686528461497
55.125	5.9	0.505950793818926	0.691442306074592	-0.0692693809449691	23.9765009212925	0.60476063505514
55.275	5.9	0.622931086605228	0.659027259776381	-0.0395080309227495	23.9104415815602	0.698344869284182
55.425	5.9	0.72792611327145	0.634027016400283	-0.0174529494882201	23.8384324296175	0.78234089061716
55.575	5.9	0.814652242885427	0.614692361266297	-0.00147000496807966	23.7616340033544	0.851721794308341
55.725	5.9	0.881006938506952	0.599526334653658	0.00993614191306673	23.6813683653519	0.904805550805562
55.875	5.9	0.928061902443418	0.587381453063555	0.0179568468149822	23.5988975767198	0.942449521954735
56.025	5.9	0.958649769323078	0.577426424484936	0.023491304313389	23.5152951544585	0.966919815458462
56.175	5.9	0.97620585135993	0.569071640592703	0.0272057850071899	23.4314000611787	0.980964681087944
56.325	5.9	0.984060298892348	0.561897734552678	0.0295943852174143	23.3478234003294	0.987248239113878
56.475	5.9	0.985103493625357	0.555601696473321	0.0310282426728359	23.2649802964789	0.988082794900285
56.625	5.9	0.981680716903939	0.549960553113151	0.0317914990188627	23.1831292571986	0.985344573523151
56.775	5.9	0.975601870951558	0.544808126898975	0.0321057922406655	23.1024101024803	0.980481496761247
56.925	5.9	0.968199177277848	0.540020305444199	0.0321459690536837	23.0228769708857	0.974559341822278
57.075	5.9	0.960400474307704	0.535505401434656	0.032049748263015	22.9445255524471	0.968320379446163
57.225	5.9	0.952804696138843	0.531197355061994	0.0319237440749459	22.867314732832	0.962243756911074
57.375	5.9	0.94575429014296	0.527050438908768	0.0318477246214809	22.7911831508683	0.956603432114368
57.525	5.9	0.939401985787676	0.523034765343529	0.0318783380722749	22.7160612552047	0.951521588630141
57.675	5.9	0.933769938778843	0.519132312805812	0.0320529103534368	22.6418794896198	0.947015951023074
57.825	5.9	0.928799591812445	0.515333421313539	0.0323934228019334	22.5685732809292	0.943039673449956
57.975	5.9	0.924391204663079	0.511633802482883	0.0329104821733141	22.4960855312138	0.939512963730463
58.125	5.9	0.920432890018376	0.508032113634006	0.0336069967015169	22.4243673038947	0.936346312014701
58.275	5.9	0.916819907895968	0.504528105752317	0.0344813150128248	22.353377332418	0.933455926316774
58.425	5.9	0.91346569202588	0.501121307029508	0.0355296961782749	22.2830808788024	0.930772553620704
58.575	5.9	0.910306483579695	0.497810168088597	0.0367480974282458	22.2134483448328	0.928245186863756
58.725	5.9	0.907301521836908	0.494591578740999	0.0381333549998633	22.1444539110524	0.925841217469527
58.875	5.9	0.904430556439038	0.491460667213527	0.0396838816602838	22.0760743640093	0.923544445151231
59.025	5.9	0.901690103320416	0.488410805311353	0.0414000160959872	22.0082881802879	0.921352082656333
59.175	5.9	0.899089465011269	0.4854337607016	0.0432841459663525	21.9410748702098	0.919271572009015
59.325	5.9	0.896647151705404	0.482519955584052	0.0453406999705229	21.8744145433961	0.917317721364323
59.475	5.9	0.894388018944811	0.47965880652832	0.0475760742132189	21.8082876383591	0.915510415155849
59.625	5.9	0.892341200990537	0.476839131904761	0.0499985305551189	21.7426747534668	0.91387296079243
59.775	5.9	0.890538766014386	0.474049620999519	0.0526180825648904	21.6775565215706	0.912431012811509
59.925	5.9	0.889014937974178	0.471279363128291	0.0554463690010102	21.6129134807234	0.911211950379343
60.075	5.9	0.887805702588541	0.468518436654608	0.0584965048630685	21.5487259052757	0.910244562070833
60.225	5.9	0.886948622600449	0.465758557505895	0.0617828946324332	21.484973572965	0.909558898080359
60.375	5.9	0.886482714212066	0.462993785018494	0.0653209898300595	21.4216354531748	0.909186171369653
60.525	5.9	0.886448269730305	0.460221279811782	0.0691269721262835	21.3586893089344	0.909158615784244
60.675	5.9	0.886886542861848	0.457442103658745	0.0732173431589979	21.2961112106624	0.909509234289479
60.825	5.9	0.887839238415602	0.454662044653358	0.0776084029055053	21.2338749637053	0.910271390732481
60.975	5.9	0.889347766263665	0.451892442302764	0.0823156006148249	21.1719514551525	0.911478213010932
61.125	5.9	0.891452231443944	0.449150977091118	0.0873527471501661	21.1103079289704	0.913161785155156
61.275	5.9	0.894190140864077	0.446462379181852	0.0927310862587373	21.0489072027391	0.915352112691261
61.425	5.9	0.897594815390378	0.443859003868104	0.0984582350252532	20.9877068443639	0.918075852312302
61.575	5.9	0.901693507166061	0.441381220281236	0.10453701900479	20.9266583327542	0.921354805732849
61.725	5.9	0.906505237811612	0.439077567169305	0.110964241277487	20.8657062318239	0.925204190249289
61.875	5.9	0.912038394155499	0.43700464527256	0.117729430749911	20.8047874112572	0.9296307153244
62.025	5.9	0.918288142983696	0.43522673577466	0.124813606679567	20.7438303495283	0.934630514386956
62.175	5.9	0.925233752343839	0.433815149220784	0.132188069400286	20.6827545548774	0.940187001875071
62.325	5.9	0.93283593162181	0.432847306063365	0.139813184085593	20.6214701401739	0.946268745297448
62.475	5.9	0.941034325512442	0.432405515873398	0.147637078141767	20.5598775917129	0.952827460409954
62.625	5.9	0.949745321938678	0.432575352093565	0.155594148129359	20.4978677853064	0.959796257550943
62.775	5.9	0.958860369574792	0.433443423723761	0.163603301166849	20.435322330498	0.967088295659834
62.925	5.9	0.968245057833335	0.435094256888049	0.171565967574651	20.3721143667318	0.974596046266668
63.075	5.9	0.977739297477724	0.437605970146125	0.179364125745335	20.3081099877425	0.982191437982179
63.225	5.9	0.987159045437893	0.441044517143604	0.186858850439328	20.2431705156049	0.989727236350314
63.375	5.9	0.996300110888331	0.445456521366167	0.193890159869661	20.1771558564238	0.997040088710665
63.525	5.9	1.00494460219405	0.450861136961775	0.200279083966444	20.1099291127303	1.00395568175524
63.675	5.9	1.01287045008886	0.45724186509586	0.205832784224834	20.0413624763824	1.01029636007108
63.825	5.9	1.01986410427014	0.464539696609565	0.210353140247361	19.9713441751359	1.01589128341611
63.975	5.9	1.02573592612632	0.4726491624084	0.213648488706749	19.8997859278056	1.02058874090105
64.125	5.9	1.03033704595226	0.481418705485847	0.215547298583496	19.8266300510699	1.02426963676181
64.275	5.9	1.03357566910053	0.490656200503048	0.21591175703621	19.7518551590252	1.02686053528042
64.425	5.9	1.0354302292852	0.500139550558209	0.214648833163385	19.6754794044628	1.02834418342816
64.575	5.9	1.03595664921843	0.509631335595526	0.211716604573596	19.5975604797086	1.02876531937474
64.725	5.9	1.03528747082578	0.518895765561157	0.207124483875769	19.5181920913437	1.02822997666062
64.875	5.9	1.03362180354811	0.527715910024538	0.200927233901478	19.4374972254341	1.02689744283848
65.025	5.9	1.03120674192697	0.535909364623442	0.193213931950684	19.3556190557782	1.02496539354158
65.175	5.9	1.02831274120719	0.543341035676126	0.184093986802066	19.2727106595893	1.02265019296575
65.325	5.9	1.0252069009097	0.549932364870648	0.173682749136805	19.1889247112835	1.02016552072776
65.475	5.9	1.02212871043527	0.555666891993287	0.162089199942072	19.1044040483769	1.01770296834822
65.625	5.9	1.01927228967394	0.560592456820832	0.149407786081616	19.0192735576649	1.01541783173915
65.775	5.9	1.01677758261676	0.564820521669485	0.135715856756425	18.9336333752785	1.01342206609341
65.925	5.9	1.01473075021851	0.568523026434713	0.121077457343189	18.8475530836523	1.01178460017481
66.075	5.9	1.01317179546892	0.571926859892407	0.10555350422856	18.7610665223812	1.01053743637514
66.225	5.9	1.01210587992997	0.575305496110275	0.0892175649679894	18.6741670328157	1.00968470394398
66.375	5.9	1.01151429744269	0.578966770381894	0.0721755220110824	18.5868033745265	1.00921143795416
66.525	5.9	1.01136177703718	0.58323545896529	0.0545862523181185	18.4988770667569	1.00908942162974
66.675	5.9	1.01159848343555	0.588429662395308	0.0366792100487558	18.410242354939	1.00927878674844
66.825	5.9	1.012157297194	0.594831270068123	0.0187638352409203	18.3207101940332	1.0097258377552
66.975	5.9	1.0129490412241	0.602652971374302	0.00122570073256567	18.2300574041925	1.01035923297928
67.125	5.9	1.01385956194577	0.612006797484847	-0.0154940254955366	18.1380413958616	1.01108764955662
67.275	5.9	1.01475236616923	0.622880968613892	-0.0309356398518024	18.0444196498796	1.01180189293539
67.425	5.9	1.01547890358049	0.635131642382428	-0.0446694887903841	17.9489717529283	1.01238312286439
67.575	5.9	1.01589605488982	0.648493397099912	-0.0563466810874456	17.851520683218	1.01271684391185
67.725	5.9	1.01588760880532	0.662607656013661	-0.0657406688036656	17.7519496970077	1.01271008704426
67.875	5.9	1.01538453751382	0.677063556085125	-0.0727703718117915	17.6502118461208	1.01230763001105
68.025	5.9	1.01437854289449	0.691442948758217	-0.0775006223240918	17.5463307158616	1.01150283431559
68.175	5.9	1.01292487128966	0.705361228076287	-0.0801217753377408	17.440392895392	1.01033989703173
68.325	5.9	1.01113327744977	0.718498011475736	-0.0809149760573975	17.3325343387003	1.00890662195982
68.475	5.9	1.00914922825811	0.730614987539	-0.0802115122746482	17.2229236749012	1.00731938260649
68.625	5.9	1.00712987094285	0.741561202393621	-0.0783540349009925	17.111745547251	1.00570389675428
68.775	5.9	1.00522022826762	0.751268018559352	-0.0756651792308395	16.9991863776244	1.0041761826141
68.925	5.9	1.00353441713685	0.759736895845368	-0.0724263561795764	16.8854239119538	1.00282753370948
69.075	5.9	1.0021448567967	0.767023269358989	-0.0688669950186977	16.7706208543675	1.00171588543736
69.225	5.9	1.00108016247507	0.773219425452378	-0.0651627177464451	16.6549220939303	1.00086412998006
69.375	5.9	1.00033041771246	0.778438619436371	-0.061439934627492	16.5384545781073	1.00026433416997
69.525	5.9	0.999857256121008	0.782801894270827	-0.0577841091719971	16.421328777723	0.999885804896807
69.675	5.9	0.999605810854191	0.786428278248844	-0.054249269538553	16.3036408274704	0.999684648683353
69.825	5.9	0.999515973385065	0.789428377054269	-0.0508670016497158	16.1854746946076	0.999612778708052
69.975	5.9	0.999531240953339	0.791900911080263	-0.047653907460189	16.0669040193983	0.999624992762671
70.125	5.9	0.999604391652162	0.793931507556563	-0.0446171660043146	15.9479935118566	0.99968351332173
70.275	5.9	0.999700047446444	0.795593010633917	-0.0417582962053226	15.8287999477563	0.999760037957155
70.425	5.9	0.999794728492459	0.796946660236159	-0.0390754712187074	15.7093728823049	0.999835782793967
70.575	5.9	0.999875242774934	0.798043644723302	-0.0365648113531506	15.5897552113928	0.999900194219947
70.725	5.9	0.999936248932564	0.798926698390559	-0.0342210463553988	15.4699836836997	0.999948999146052
70.875	5.9	0.999977668496102	0.799631558329509	-0.0320378463461994	15.3500894256599	0.999982134796882
71.025	5.9	1.00000239751373	0.800188201440382	-0.0300080175276863	15.230098501876	1.00000191801098
71.175	5.9	1.00001454604133	0.800621850465773	-0.028123669724452	15.1100325047981	1.00001163683307
71.325	5.9	1.00001825806885	0.800953774400041	-0.0263763985998044	14.9899091517266	1.00001460645508
71.475	5.9	1.0000170492284	0.801201922708927	-0.0247574865826938	14.8697428627506	1.00001363938272
71.625	5.9	1.00001354192699	0.801381433220488	-0.0232581083381032	14.7495452965453	1.00001083354159
71.775	5.9	1.00000946427957	0.80150504720335	-0.0218695223856194	14.629325828246	1.00000757142366
71.925	5.9	1.00000579424769	0.801583456681076	-0.0205832339968591	14.5090919618252	1.00000463539815
72.075	5.9	1.00000295904911	0.801625601113871	-0.0193911210275256	14.3888496765454	1.00000236723929
72.225	5.9	1.00000103125946	0.801638924397277	-0.0182855208308769	14.2686037122004	1.00000082500757
72.375	5.9	0.999999890376843	0.801629598917668	-0.0172592813251284	14.1483578008201	0.999999912301475
72.525	5.9	0.999999338934332	0.801602720887686	-0.0163057822015822	14.028114853617	0.999999471147465
72.675	5.9	0.999999175116228	0.801562479896627	-0.0154189333663658	13.907877111734	0.999999340092982
72.825	5.9	0.999999230388446	0.801512305083025	-0.0145931574991587	13.7876462683365	0.999999384310757
72.975	5.9	0.999999382647509	0.801454990198375	-0.0138233626290548	13.6674235682553	0.999999506118007
73.125	5.9	0.999999554600286	0.801392799833406	-0.0131049093246025	13.5472098900257	0.999999643680229
73.275	5.9	0.999999704961331	0.801327559077162	-0.0124335757905461	13.4270058139725	0.999999763969065
73.425	5.9	0.999999817609744	0.801260728816406	-0.0118055230381526	13.3068116790456	0.999999854087795
73.575	5.9	0.999999891674468	0.801193468748099	-0.0112172614232349	13.1866276304034	0.999999913339574
73.725	5.9	0.999999933875653	0.801126689985492	-0.0106656192273883	13.0664536592524	0.999999947100522
73.875	5.9	0.999999953378185	0.801061098917702	-0.0101477135566033	12.9462896361233	0.999999962702548
74.025	5.9	0.999999958827045	0.800997233751871	-0.00966092359412948	12.8261353385422	0.999999967061636
74.175	5.9	0.999999957000664	0.800935494949945	-0.00920286612068668	12.7059904739147	0.999999965600531
74.325	5.9	0.999999952505562	0.800876170573706	-0.00877137316141309	12.5858546983248	0.999999962004449
74.475	5.9	0.999999948035655	0.800819457382099	-0.00836447160447317	12.4657276318736	0.999999958428524
74.625	5.9	0.999999944857513	0.800765478380391	-0.00798036464047534	12.3456088710997	0.999999955886011
74.775	5.9	0.999999943313879	0.80071429740196	-0.00761741488205712	12.2254979989592	0.999999954651103
74.925	5.9	0.999999943240939	0.800665931205772	-0.00727412903455564	12.1053945927749	0.999999954592751
75.075	5.9	0.999999944264862	0.800620359492578	-0.00694914399751633	11.9852982305066	0.99999995541189
75.225	5.9	0.999999945983855	0.800577533177401	-0.0066412142843996	11.865208495639	0.999999956787084
75.375	5.9	0.999999948060462	0.800537381201567	-0.00634920065352282	11.7451249809346	0.99999995844837
75.525	5.9	0.999999950253198	0.80049981612255	-0.00607205984849321	11.6250472912603	0.999999960202558
75.675	5.9	0.999999952413099	0.80046473868218	-0.00580883535121142	11.504975045658	0.999999961930479
75.825	5.9	0.999999954464196	0.800432041522091	-0.00555864905609707	11.3849078788006	0.999999963571357
75.975	5.9	0.999999956380093	0.800401612188543	-0.00532069377937183	11.264845441952	0.999999965104074
76.125	5.9	0.999999958163247	0.800373335545988	-0.0050942265236328	11.1447874035264	0.999999966530598
76.275	5.9	0.999999959829554	0.800347095699997	-0.0048785624234527	11.0247334493279	0.999999967863643
76.425	5.9	0.999999961398441	0.80032277751347	-0.00467306930444	10.9046832825359	0.999999969118753
76.575	5.9	0.999999962887512	0.800300267786961	-0.00447716279363406	10.7846366234918	0.99999997031001
76.725	5.9	0.999999964310394	0.800279456162155	-0.00429030192518302	10.6645932093317	0.999999971448316
76.875	5.9	0.999999965676491	0.800260235797849	-0.00411198519038031	10.5445527935018	0.999999972541193
77.025	5.9	0.999999966991716	0.800242503859998	-0.00394174698623978	10.4245151451886	0.999999973593373
77.175	5.9	0.999999968259507	0.800226161860064	-0.00377915442124373	10.3044800486875	0.999999974607606
77.325	5.9	0.999999969481797	0.800211115870635	-0.00362380444123945	10.1844473027308	0.999999975585438
77.475	5.9	0.999999970659763	0.800197276642078	-0.00347532124216988	10.0644167197918	0.99999997652781
77.625	5.9	0.999999971794305	0.800184559640318	-0.0033333539395741	9.94438812537754	0.999999977435444
77.775	5.9	0.999999972886342	0.800172885022249	-0.00319757446825557	9.82436135732129	0.999999978309073
77.925	5.9	0.999999973936902	0.800162177562194	-0.00306767568799304	9.70433626508285	0.999999979149522
78.075	5.9	0.999999974947173	0.800152366541085	-0.00294336967388233	9.58431270906301	0.999999979957739
78.225	5.9	0.999999975918452	0.800143385607447	-0.00282438617189709	9.46429055993704	0.999999980734761
78.375	5.9	0.999999976852113	0.800135172617694	-0.00271047120264065	9.34426969801093	0.99999998148169
78.525	5.9	0.999999977749558	0.800127669462264	-0.00260138579785212	9.22425001260278	0.999999982199646
78.675	5.9	0.999999978612172	0.800120821882406	-0.00249690485578364	9.10423140145115	0.999999982889738
78.825	5.9	0.999999979441316	0.800114579281634	-0.00239681610332359	8.98421377015152	0.999999983553053
78.975	5.9	0.999999980238298	0.800108894535505	-0.00230091915372945	8.86419703162114	0.999999984190638
79.125	5.9	0.999999981004375	0.80010372380172	-0.0022090246502254	8.74418110559255	0.9999999848035
79.275	5.9	0.999999981740752	0.800099026333116	-0.00212095348674076	8.62416591813544	0.999999985392602
79.425	5.9	0.999999982448585	0.80009476429475	-0.0020365360978087	8.5041514012063	0.999999985958868
79.575	5.9	0.999999983128981	0.800090902586441	-0.00195561181071152	8.38413749222507	0.999999986503185
79.725	5.9	0.999999983782998	0.80008740867159	-0.00187802825369152	8.26412413367806	0.999999987026399
79.875	5.9	0.999999984411663	0.80008425241284	-0.0018036408144722	8.14411127274601	0.99999998752933
80.025	5.9	0.999999985015952	0.800081405915107	-0.00173231214417321	8.02409886095624	0.999999988012762
80.175	5.9	0.999999985596811	0.800078843375985	-0.00166391170223941	7.90408685385782	0.999999988477449
80.325	5.9	0.999999986155149	0.800076540943994	-0.00159831533822138	7.78407521071861	0.999999988924119
80.475	5.9	0.999999986691839	0.800074476584275	-0.00153540490693127	7.66406389424295	0.999999989353471
80.625	5.9	0.999999987207721	0.800072629951856	-0.00147506791381029	7.54405287030898	0.999999989766177
80.775	5.9	0.999999987703604	0.8000709822724	-0.00141719718753339	7.42404210772439	0.999999990162883
80.925	5.9	0.999999988180262	0.800069516229936	-0.00136169057739459	7.30403157799948	0.99999999054421
81.075	5.9	0.999999988638439	0.800068215861739	-0.00130845067312215	7.18402125513654	0.999999990910751
81.225	5.9	0.999999989078852	0.80006706645971	-0.00125738454506432	7.06401111543457	0.999999991263082
81.375	5.9	0.999999989502191	0.800066054478239	-0.00120840350291101	6.94400113730815	0.999999991601753
81.525	5.9	0.999999989909126	0.800065167448133	-0.00116142287129115	6.82399130111983	0.9999999919273
81.675	5.9	0.999999990300303	0.800064393896357	-0.00111636178078916	6.70398158902483	0.999999992240242
81.825	5.9	0.999999990676349	0.800063723271245	-0.0010731429729265	6.58397198482747	0.999999992541079
81.975	5.9	0.999999991037854	0.800063145873015	-0.00103169261806248	6.46396247384836	0.999999992830283
82.125	5.9	0.999999991385365	0.800062652789136	-0.000991940145039588	6.34395304280164	0.999999993108292
82.275	5.9	0.999999991719373	0.800062235834364	-0.000953818081602439	6.22394367968157	0.999999993375499
82.425	5.9	0.999999992040336	0.800061887495265	-0.000917261904721542	6.10393437365778	0.999999993632269
82.575	5.9	0.999999992348709	0.800061600878808	-0.000882209900086027	5.98392511497848	0.999999993878968
82.725	5.9	0.999999992645031	0.800061369664856	-0.000848603029937717	5.8639158948811	0.999999994116025
82.875	5.9	0.999999992929972	0.800061188062465	-0.000816384808768839	5.74390670550979	0.999999994343977
83.025	5.9	0.999999993204319	0.800061050769524	-0.000785501186121611	5.62389753983915	0.999999994563455
83.175	5.9	0.999999993468798	0.800060952935826	-0.000755900436174702	5.50388839160381	0.999999994775038
83.325	5.9	0.99999999372374	0.800060890129195	-0.000727533053464161	5.38387925523331	0.999999994978992
83.475	5.9	0.99999999396872	0.800060858304705	-0.000700351654464094	5.26387012579184	0.999999995174976
83.625	5.9	0.999999994202489	0.800060853776592	-0.000674310884630426	5.1438609989225	0.999999995361991
83.775	5.9	0.99999999442363	0.800060873192907	-0.000649367330510964	5.02385187079547	0.999999995538904
83.925	5.9	0.999999994632129	0.800060913512539	-0.000625479436801009	4.90384273805972	0.999999995705703
84.075	5.9	0.999999994831412	0.800060971984464	-0.000602607427960237	4.78383359779774	0.99999999586513
84.225	5.9	0.999999995029393	0.8000610461292	-0.000580713234304127	4.66382444748314	0.999999996023515
84.375	5.9	0.999999995236311	0.800061133722492	-0.000559760422334924	4.54381528494077	0.999999996189049
84.525	5.9	0.999999995457665	0.800061232781447	-0.000539714129221336	4.42380610830955	0.999999996366132
84.675	5.9	0.999999995683352	0.800061341553484	-0.000520541001284396	4.30379691600813	0.999999996546681
84.825	5.9	0.999999995879221	0.800061458507907	-0.000502209136385411	4.18378770670313	0.999999996703377
84.975	5.9	0.999999995992324	0.800061582329211	-0.000484688030158583	4.06377847927899	0.999999996793859
85.125	5.9	0.999999995981171	0.800061711910077	-0.000467948526084901	3.94376923280715	0.999999996784936
85.275	5.9	0.999999995871232	0.800061846341907	-0.000451962769374694	3.82375996651221	0.999999996696985
85.425	5.9	0.999999995811153	0.800061984901464	-0.000436704164839113	3.70375067973331	0.999999996648922
85.575	5.9	0.999999996074871	0.800062127036339	-0.000422147338783707	3.58374137188345	0.999999996859897
85.725	5.9	0.999999996942074	0.800062272356968	-0.000408268105172458	3.46373204241492	0.999999997553659
85.875	5.9	0.999999998428099	0.800062420646845	-0.000395043436060578	3.3437226908039	0.999999998742479
86.025	5.9	0.999999999948232	0.800062571899159	-0.000382451436324587	3.22371331656466	0.999999999958586
86.175	5.9	1.00000000016877	0.800062726371887	-0.000370471322244783	3.1037039192877	1.00000000013501
86.325	5.9	0.999999997417589	0.800062884625477	-0.000359083403456938	2.98369449866602	0.999999997934071
86.475	5.9	0.999999990925054	0.800063047480401	-0.000348269067409523	2.86368505444303	0.999999992740043
86.625	5.9	0.999999982673689	0.8000632158341	-0.000338010765661895	2.74367558621339	0.999999986138951
86.775	5.9	0.99999997876792	0.800063390341329	-0.000328292001885995	2.6236660930706	0.999999983014336
86.925	5.9	0.999999988394901	0.800063571099311	-0.000319097322266556	2.50365657324075	0.999999990715921
87.075	5.9	1.0000000184958	0.800063757642796	-0.00031041230990527	2.38364702402411	1.00000001479664
87.225	5.9	1.00000006422654	0.800063949613502	-0.000302223584721289	2.26363744245353	1.00000005138124
87.375	5.9	1.00000009953048	0.800064148239894	-0.000294518808218948	2.1436278268669	1.00000007962439
87.525	5.9	1.00000007724379	0.800064358124552	-0.000287286688053563	2.02361817893181	1.00000006179503
87.675	5.9	0.999999950113843	0.800064587922899	-0.000280516971452307	1.90360850466157	0.999999960091075
87.825	5.9	0.999999717219535	0.80006484787795	-0.000274200413477565	1.78359881220039	0.999999773775628
87.975	5.9	0.999999480666284	0.800065142815868	-0.000268328711694522	1.66358910466556	0.999999584533027
88.125	5.9	0.999999469083714	0.800065461993795	-0.000262894418242128	1.54357936914762	0.999999575266971
88.275	5.9	0.999999964790913	0.800065771965242	-0.000257890871539309	1.42356956808627	0.999999971832731
88.425	5.9	1.00000109034435	0.800066023080824	-0.000253312216773147	1.30355964439622	1.00000087227548
88.575	5.9	1.00000249537048	0.800066179599033	-0.000249153574775102	1.1835495518791	1.00000199629639
88.725	5.9	1.00000313209296	0.80006627213904	-0.000245411336577523	1.06353931144932	1.00000250567437
88.875	5.9	1.00000144754047	0.800066447675933	-0.000242083396293618	0.943529068912527	1.00000115803238
89.025	5.9	0.999996305005538	0.800066964836949	-0.000239168948810582	0.823519099285835	0.99999704400443
89.175	5.9	0.999988605398198	0.800068073217036	-0.000236667431520852	0.703509689053381	0.999990884318559
89.325	5.9	0.999982854225161	0.800069755865224	-0.00023457650755766	0.583500865367647	0.999986283380128
89.475	5.9	0.999987064857915	0.800071423825965	-0.0002328898211994	0.463492054670578	0.999989651886332
89.625	5.9	1.00000908931371	0.800071806023548	-0.000231596425966674	0.343481922093693	1.00000727145096
89.775	5.9	1.00004868841617	0.800059046609524	-0.000230684563283008	0.223468767667469	1.00003895073294
89.925	5.9	1.00008802176299	0.400088261004336	-0.000230174554007018	0.103454859342522	1.00007041741039
0.075	6.1	3.00236035629988e-30	0.39999991103275	-3.27139626595458e-05	36.0880347246965	0.2
0.225	6.1	-1.66388908158568e-30	0.799999733958013	-3.27484221067105e-05	36.0640347300345	0.2
0.375	6.1	5.69236593565071e-30	0.799999559438891	-3.28176852599617e-05	36.040034740659	0.2
0.525	6.1	-1.1597450344035e-29	0.799999389102307	-3.29224315812079e-05	36.0160347564682	0.2
0.675	6.1	1.11744989679184e-30	0.799999224463494	-3.3063656484019e-05	35.9920347773129	0.2
0.825	6.1	-2.94410763415494e-29	0.799999066889333	-3.32426471999426e-05	35.9680348030004	0.2
0.975	6.1	-5.71325964905361e-30	0.799998917566497	-3.34609491738292e-05	35.9440348332995	0.2
1.125	6.1	-3.92602098817057e-29	0.799998777476762	-3.37203298205328e-05	35.9200348679464	0.2
1.275	6.1	1.31390173905775e-29	0.799998647383405	-3.40227390672816e-05	35.8960349066509	0.2
1.425	6.1	-5.55945369742061e-30	0.799998527822522	-3.43702698562367e-05	35.8720349491034	0.2
1.575	6.1	8.98042611497012e-29	0.799998419103942	-3.47651177082801e-05	35.8480349949815	0.2
1.725	6.1	8.12484338455654e-29	0.799998321317881	-3.52095452454318e-05	35.8240350439572	0.2
1.875	6.1	1.89437617060248e-28	0.799998234350598	-3.57058493774648e-05	35.8000350957025	0.2
2.025	6.1	1.22137192515016e-28	0.799998157901955	-3.62563341667933e-05	35.7760351498961	0.2
2.175	6.1	1.46773717599455e-28	0.799998091507543	-3.68632879335006e-05	35.7520352062284	0.2
2.325	6.1	-8.99733024741121e-29	0.799998034564469	-3.75289678353829e-05	35.7280352644057	0.2
2.475	6.1	-2.21498180183707e-28	0.799997986357127	-3.82555889113002e-05	35.7040353241545	0.2
2.625	6.1	-6.16175011575232e-28	0.799997946083213	-3.9045318907092e-05	35.6800353852242	0.2
2.775	6.1	-7.36758211546839e-28	0.7999979128779	-3.99002783178565e-05	35.6560354473895	0.2
2.925	6.1	-9.52819488946429e-28	0.799997885837818	-4.08225448907103e-05	35.6320355104516	0.2
3.075	6.1	-5.69281752681321e-28	0.799997864042763	-4.18141610290638e-05	35.6080355742392	0.2
3.225	6.1	-9.80889790544619e-29	0.799997846573521	-4.2877144782857e-05	35.584035638609	0.2
3.375	6.1	1.12458067894788e-27	0.799997832526238	-4.40135027305825e-05	35.5600357034448	0.2
3.525	6.1	2.15042141948588e-27	0.799997821027839	-4.52252442280228e-05	35.5360357686574	0.2
3.675	6.1	3.41328847905342e-27	0.799997811243262	-4.65143971579603e-05	35.5120358341832	0.2
3.825	6.1	3.44053197864282e-27	0.799997802385185	-4.78830236854761e-05	35.4880358999828	0.2
3.975	6.1	2.73770234088121e-27	0.799997793717351	-4.93332353812883e-05	35.46403596604	0.2
4.125	6.1	-7.58337846370395e-29	0.799997784557692	-5.08672094772822e-05	35.4400360323598	0.2
4.275	6.1	-3.3953176891003e-27	0.799997774279923	-5.24872034967561e-05	35.4160360989666	0.2
4.425	6.1	-7.56200868916991e-27	0.799997762312261	-5.41955688888097e-05	35.392036165903	0.2
4.575	6.1	-9.31123755640215e-27	0.799997748136527	-5.59947652992138e-05	35.3680362332278	0.2
4.725	6.1	-8.636518996811e-27	0.799997731285179	-5.7887371711485e-05	35.3440363010148	0.2
4.875	6.1	-2.7242351983716e-27	0.799997711337354	-5.98760992928551e-05	35.3200363693507	0.2
5.025	6.1	5.07746201750024e-27	0.799997687915162	-6.19638012137647e-05	35.2960364383345	0.2
5.175	6.1	1.32801872718375e-26	0.799997660680344	-6.41534831308774e-05	35.2720365080758	0.2
5.325	6.1	1.29696515387697e-26	0.79999762932909	-6.64483118309583e-05	35.2480365786937	0.2
5.475	6.1	1.06520717512637e-27	0.79999759358706	-6.88516246062899e-05	35.2240366503161	0.2
5.625	6.1	-2.74377357945009e-26	0.799997553206161	-7.13669370133556e-05	35.2000367230785	0.2
5.775	6.1	-6.04750266013345e-26	0.799997507959358	-7.39979505477072e-05	35.1760367971237	0.2
5.925	6.1	-8.02503826806439e-26	0.799997457637505	-7.67485605116489e-05	35.1520368726009	0.2
6.075	6.1	-4.79617319489728e-26	0.799997402044546	-7.96228635233295e-05	35.1280369496655	0.2
6.225	6.1	6.59942308287287e-26	0.799997340993814	-8.26251638570462e-05	35.1040370284783	0.2
6.375	6.1	2.80355781453687e-25	0.79999727430609	-8.57599813881743e-05	35.0800371092058	0.2
6.525	6.1	5.48564571000452e-25	0.79999720180436	-8.90320584906958e-05	35.0560371920199	0.2
6.675	6.1	7.57585415886609e-25	0.799997123312305	-9.24463676684664e-05	35.0320372770976	0.2
6.825	6.1	6.947233024817e-25	0.799997038651634	-9.60081189123871e-05	35.0080373646212	0.2
6.975	6.1	1.24042112478603e-25	0.79999694763849	-9.97227671470048e-05	34.9840374547785	0.2
7.125	6.1	-1.13938225090005e-24	0.799996850082466	-0.000103596021142689	34.9600375477629	0.2
7.275	6.1	-3.0163599487986e-24	0.799996745783438	-0.000107633851127364	34.9360376437735	0.2
7.425	6.1	-5.01447348805751e-24	0.799996634530132	-0.000111842497948889	34.9120377430158	0.2
7.575	6.1	-6.05953962693589e-24	0.799996516097827	-0.000116228481711436	34.8880378457017	0.2
7.725	6.1	-4.63808207686035e-24	0.79999639024708	-0.000120798612045682	34.86403795205	0.2
7.875	6.1	8.21599143973567e-25	0.799996256721822	-0.000125559998071985	34.8400380622869	0.2
8.025	6.1	1.10240733334018e-23	0.799996115247585	-0.000130520058331526	34.8160381766467	0.2
8.175	6.1	2.46900758323963e-23	0.799995965529539	-0.000135686532200789	34.792038295372	0.2
8.325	6.1	3.73410604236107e-23	0.799995807251353	-0.000141067491408457	34.7680384187149	0.2
8.475	6.1	4.09594879776129e-23	0.799995640074726	-0.000146671352636225	34.7440385469369	0.2
8.625	6.1	2.50934595118208e-23	0.799995463634133	-0.000152506888979133	34.7200386803104	0.2
8.775	6.1	-1.94480786352327e-23	0.7999952775397	-0.000158583244870703	34.6960388191189	0.2
8.925	6.1	-9.44568558220653e-23	0.799995081372279	-0.000164909948879683	34.672038963658	0.2
9.075	6.1	-1.86369914402216e-22	0.799994874683165	-0.00017149692819278	34.6480391142365	0.2
9.225	6.1	-2.59697888462709e-22	0.799994656990692	-0.000178354524853408	34.6240392711771	0.2
9.375	6.1	-2.56171987434776e-22	0.799994427780324	-0.00018549351035381	34.6000394348171	0.2
9.525	6.1	-1.06041796281136e-22	0.799994186500861	-0.00019292510369915	34.5760396055102	0.2
9.675	6.1	2.43766808327786e-22	0.799993932562729	-0.000200660987127766	34.5520397836271	0.2
9.825	6.1	7.83673677151554e-22	0.79999366533532	-0.000208713326201468	34.5280399695565	0.2
9.975	6.1	1.38731898267092e-21	0.799993384145149	-0.00021709478650972	34.5040401637069	0.2
10.125	6.1	1.77235364765478e-21	0.799993088272055	-0.000225818555038609	34.4800403665078	0.2
10.275	6.1	1.51493172509239e-21	0.799992776946311	-0.000234898360442435	34.4560405784106	0.2
10.425	6.1	1.61861525234753e-22	0.799992449346825	-0.000244348494046489	34.432040799891	0.2
10.575	6.1	-2.5306869058293e-21	0.799992104595411	-0.000254183832702456	34.4080410314498	0.2
10.725	6.1	-6.25510627600861e-21	0.799991741754933	-0.000264419861272959	34.3840412736153	0.2
10.875	6.1	-9.8163591848692e-21	0.799991359823625	-0.000275072698482645	34.3600415269445	0.2
11.025	6.1	-1.10150974930815e-20	0.799990957733587	-0.000286159120723944	34.3360417920258	0.2
11.175	6.1	-7.0250399388603e-21	0.799990534341123	-0.000297696589348149	34.3120420694805	0.2
11.325	6.1	4.50665668814795e-21	0.799990088428183	-0.000309703277794005	34.2880423599653	0.2
11.475	6.1	2.36424388984547e-20	0.799989618690607	-0.000322198100517182	34.2640426641748	0.2
11.625	6.1	4.6059809222719e-20	0.79998912373698	-0.000335200742711737	34.2400429828439	0.2
11.775	6.1	6.16783221489249e-20	0.799988602078935	-0.000348731691096293	34.2160433167506	0.2
11.925	6.1	5.54623230074386e-20	0.799988052126915	-0.000362812267499467	34.1920436667192	0.2
12.075	6.1	1.18488319638605e-20	0.799987472181237	-0.000377464661121456	34.168044033623	0.2
12.225	6.1	-7.65963506454315e-20	0.799986860425011	-0.000392711964502877	34.1440444183883	0.2
12.375	6.1	-1.97670195599683e-19	0.799986214913832	-0.00040857821055465	34.1200448219975	0.2
12.525	6.1	-3.09385081018592e-19	0.799985533569318	-0.000425088409935404	34.0960452454934	0.2
12.675	6.1	-3.38368883553526e-19	0.79998481416638	-0.000442268591910442	34.0720456899834	0.2
12.825	6.1	-1.95198395634951e-19	0.799984054324415	-0.000460145844581556	34.0480461566435	0.2
12.975	6.1	1.87358168976105e-19	0.799983251494045	-0.000478748359094112	34.0240466467239	0.2
13.125	6.1	7.95565866406732e-19	0.799982402946264	-0.000498105474646885	34.0000471615538	0.2
13.275	6.1	1.47164818995856e-18	0.799981505757344	-0.000518247725119166	33.9760477025471	0.2
13.425	6.1	1.87970556252459e-18	0.799980556794959	-0.000539206888178285	33.9520482712084	0.2
13.575	6.1	1.54580201684811e-18	0.799979552702042	-0.000561016036822977	33.9280488691394	0.2
13.725	6.1	1.4078874167232e-20	0.799978489879995	-0.000583709592685758	33.9040494980463	0.2
13.875	6.1	-2.8708984771382e-18	0.799977364470221	-0.000607323380345085	33.8800501597466	0.2
14.025	6.1	-6.60965017355208e-18	0.799976172334323	-0.000631894687646946	33.856050856178	0.2
14.175	6.1	-9.76552109306977e-18	0.799974909031364	-0.000657462323893889	33.8320515894066	0.2
14.325	6.1	-9.98267720888528e-18	0.799973569797168	-0.000684066685368642	33.8080523616362	0.2
14.475	6.1	-4.55752805534711e-18	0.799972149516915	-0.000711749819599806	33.7840531752187	0.2
14.625	6.1	8.28574700432139e-18	0.799970642698848	-0.000740555495252689	33.7600540326651	0.2
14.775	6.1	2.75436801377338e-17	0.799969043445323	-0.000770529274095857	33.7360549366568	0.2
14.925	6.1	4.7584205062137e-17	0.799967345421486	-0.000801718586299162	33.7120558900584	0.2
15.075	6.1	5.73824511286502e-17	0.799965541819705	-0.00083417280914802	33.6880568959315	0.2
15.225	6.1	4.22402435680302e-17	0.799963625324191	-0.000867943349844481	33.6640579575492	0.2
15.375	6.1	-1.08395252371596e-17	0.799961588070433	-0.000903083731423693	33.6400590784121	0.2
15.525	6.1	-1.04062359193844e-16	0.799959421602559	-0.000939649683601983	33.616060262265	0.2
15.675	6.1	-2.18094765718227e-16	0.79995711682612	-0.000977699236867817	33.5920615131159	0.2
15.825	6.1	-3.04492584235501e-16	0.79995466395827	-0.00101729282185765	33.5680628352554	0.2
15.975	6.1	-2.88517578024319e-16	0.799952052474417	-0.00105849337398156	33.5440642332784	0.2
16.125	6.1	-8.98012205628662e-17	0.799949271046278	-0.00110136644250398	33.520065712107	0.2
16.275	6.1	3.35583036433076e-16	0.799946307482832	-0.00114598030471673	33.4960672770156	0.2
16.425	6.1	9.37476097489718e-16	0.799943148658845	-0.00119240608667124	33.472068933658	0.200000000000001
16.575	6.1	1.51847690229644e-15	0.79993978044027	-0.00124071789057826	33.4480706880961	0.200000000000001
16.725	6.1	1.72029365339399e-15	0.799936187607202	-0.00129099292843708	33.4240725468316	0.200000000000001
16.875	6.1	1.09222334068242e-15	0.79993235376392	-0.00134331166111079	33.4000745168397	0.200000000000001
17.025	6.1	-7.26269452952061e-16	0.799928261246827	-0.001397757949199	33.3760766056058	0.199999999999999
17.175	6.1	-3.71557561958916e-15	0.799923891023716	-0.00145441920683522	33.3520788211649	0.199999999999997
17.325	6.1	-7.15391648228646e-15	0.799919222583536	-0.00151338656923743	33.3280811721443	0.199999999999994
17.475	6.1	-9.42340926649734e-15	0.799914233817822	-0.0015747550669785	33.3040836678099	0.199999999999992
17.625	6.1	-8.16990141091106e-15	0.799908900894886	-0.00163862381047263	33.2800863181153	0.199999999999993
17.775	6.1	-1.03340761104164e-15	0.799903198119999	-0.00170509618776208	33.2560891337562	0.199999999999999
17.925	6.1	1.29772461100985e-14	0.799897097785768	-0.00177428007215154	33.2320921262281	0.20000000000001
18.075	6.1	3.1703682928078e-14	0.799890570012974	-0.00184628804334073	33.208095307889	0.200000000000025
18.225	6.1	4.83351106408185e-14	0.799883582575236	-0.00192123762467352	33.1840986920273	0.200000000000039
18.375	6.1	5.13046420530847e-14	0.799876100709618	-0.0019992515333238	33.1601022929345	0.200000000000041
18.525	6.1	2.68723760563248e-14	0.799868086915956	-0.00208045794818801	33.1361061259847	0.200000000000021
18.675	6.1	-3.47563029309086e-14	0.799859500733906	-0.00216499079775661	33.1121102077195	0.199999999999972
18.825	6.1	-1.30247275652715e-13	0.799850298509764	-0.00225299006527238	33.0881145559406	0.199999999999896
18.975	6.1	-2.33558536643003e-13	0.799840433136088	-0.00234460211924526	33.064119189809	0.199999999999813
19.125	6.1	-2.91204746534764e-13	0.799829853777602	-0.00243998006558844	33.0401241299525	0.199999999999767
19.275	6.1	-2.29373183002112e-13	0.799818505572698	-0.00253928412732197	33.0161293985824	0.199999999999817
19.425	6.1	2.08653219982707e-14	0.799806329309547	-0.00264268205433474	32.9921350196182	0.200000000000017
19.575	6.1	4.79074056609058e-13	0.799793261080103	-0.00275034956438237	32.9681410188238	0.200000000000383
19.725	6.1	1.06070701979548e-12	0.799779231904065	-0.00286247082061303	32.9441474239533	0.200000000000849
19.875	6.1	1.53497576575857e-12	0.799764167325455	-0.00297923894793012	32.9201542649094	0.200000000001228
20.025	6.1	1.53089163250986e-12	0.799747986975542	-0.00310085659319379	32.8961615739135	0.200000000001225
20.175	6.1	6.30183397003289e-13	0.799730604103832	-0.00322753653449306	32.8721693856905	0.200000000000504
20.325	6.1	-1.43080455321909e-12	0.799711925073359	-0.00335950234290305	32.8481777376671	0.199999999998855
20.475	6.1	-4.47205961086502e-12	0.799691848813364	-0.00349698910424341	32.8241866701864	0.199999999996422
20.625	6.1	-7.58518814733901e-12	0.799670266236822	-0.00364024420783097	32.8001962267392	0.199999999993932
20.775	6.1	-9.02204454721953e-12	0.799647059606878	-0.00378952820802312	32.7762064542137	0.199999999992782
20.925	6.1	-6.47301938921382e-12	0.799622101862507	-0.00394511576939727	32.7522174031645	0.199999999994822
21.075	6.1	2.08527641999301e-12	0.799595255891425	-0.00410729670267636	32.7282291281032	0.200000000001668
21.225	6.1	1.69656557544578e-11	0.799566373749795	-0.00427637710417055	32.7042416878106	0.200000000013573
21.375	6.1	3.50891634857643e-11	0.799535295828639	-0.00445268061040198	32.6802551456749	0.200000000028071
21.525	6.1	4.87945277195728e-11	0.799501849960871	-0.00463654977938621	32.6562695700542	0.200000000039036
21.675	6.1	4.62548067072645e-11	0.799465850464268	-0.00482834761602079	32.6322850346679	0.200000000037004
21.825	6.1	1.46647207237815e-11	0.799427097122527	-0.0050284592560498	32.6083016190174	0.200000000011732
21.975	6.1	-5.32200649819295e-11	0.799385374095405	-0.00523729382915144	32.5843194088377	0.199999999957424
22.125	6.1	-1.50033567376442e-10	0.799340448757429	-0.00545528652205284	32.5603384965819	0.199999999879973
22.275	6.1	-2.45258433278786e-10	0.799292070463942	-0.00568290086910358	32.5363589819411	0.199999999803793
22.425	6.1	-2.82546343347284e-10	0.799239969243373	-0.00592063129976098	32.5123809724011	0.199999999773963
22.575	6.1	-1.89545156408573e-10	0.799183854416843	-0.00616900597896534	32.4884045838407	0.199999999848364
22.725	6.1	9.4514432686751e-11	0.799123413149695	-0.00642858997935298	32.4644299411725	0.200000000075612
22.875	6.1	5.73823169351944e-10	0.799058308940051	-0.00669998882764088	32.4404571790336	0.200000000459059
23.025	6.1	1.14419279362869e-09	0.798988180048032	-0.00698385246547056	32.416486442526	0.200000000915354
23.175	6.1	1.55812960674069e-09	0.798912637868912	-0.00728087966880728	32.3925178880113	0.200000001246504
23.325	6.1	1.44134725000604e-09	0.798831265242678	-0.00759182296036554	32.3685516839552	0.200000001153078
23.475	6.1	3.95914553729756e-10	0.798743614703807	-0.00791749406414823	32.3445880118204	0.200000000316732
23.625	6.1	-1.79356473405701e-09	0.79864920665582	-0.00825876996117397	32.320627066997	0.199999998565148
23.775	6.1	-4.87860825165425e-09	0.798547527482663	-0.00861659963440137	32.2966690597648	0.199999996097113
23.925	6.1	-7.88476079112796e-09	0.798438027631156	-0.00899201165297981	32.272714216283	0.199999993692191
24.075	6.1	-9.03353115772573e-09	0.798320119730118	-0.00938612279641076	32.2487627796179	0.199999992773175
24.225	6.1	-6.0510086965636e-09	0.79819317687967	-0.00980014797879919	32.22481501083	0.199999995159193
24.375	6.1	2.97777793112927e-09	0.798056531266997	-0.0102354117475059	32.2008711901642	0.200000002382222
24.525	6.1	1.82195956380555e-08	0.797909473279871	-0.0106933615652458	32.1769316183837	0.200000014575677
24.675	6.1	3.64881617718624e-08	0.797751251235358	-0.0111755829213247	32.1529966182784	0.200000029190529
24.825	6.1	5.01356067864378e-08	0.797581071699396	-0.0116838160618061	32.1290665363235	0.200000040108485
24.975	6.1	4.74817336370074e-08	0.797398100190318	-0.0122199738669244	32.1051417443795	0.200000037985387
25.125	6.1	1.58537690560661e-08	0.797201461880459	-0.0127861602781757	32.0812226412253	0.200000012683015
25.275	6.1	-5.22254111863232e-08	0.796990241872365	-0.0133846889180248	32.0573096536334	0.199999958219671
25.425	6.1	-1.50442363799946e-07	0.796763484904201	-0.014018102363329	32.0334032367025	0.199999879646109
25.575	6.1	-2.50377688215738e-07	0.796520195042687	-0.0146891939944043	32.0095038733073	0.199999799697849
25.725	6.1	-2.98256230389155e-07	0.796259337089981	-0.0154010362464982	31.9856120728633	0.199999761395016
25.875	6.1	-2.22792056459767e-07	0.795979842804967	-0.0161570207607839	31.9617283700793	0.199999821766355
26.025	6.1	4.08325304709867e-08	0.795680626074619	-0.0169609162585958	31.9378533248561	0.200000032666024
26.175	6.1	5.1033107751658e-07	0.795360611040135	-0.0178169475545379	31.9139875247173	0.200000408264862
26.325	6.1	1.10699092105138e-06	0.795018774986316	-0.0187298929147077	31.8901315907784	0.200000885592737
26.475	6.1	1.61680095830625e-06	0.79465420306091	-0.0197051870268419	31.8662861869993	0.200001293440767
26.625	6.1	1.69124090344377e-06	0.794266145128027	-0.020749005397893	31.8424520302433	0.200001352992723
26.775	6.1	9.19765973367366e-07	0.793854058428647	-0.0218682980256415	31.8186298959007	0.200000735812779
26.925	6.1	-1.00561765501645e-06	0.793417617129643	-0.0230707431940934	31.7948206114992	0.199999195505876
27.075	6.1	-4.04469277156883e-06	0.792956676442406	-0.0243646142283473	31.7710250303628	0.199996764245783
27.225	6.1	-7.543653490141e-06	0.792471199289123	-0.0257585978195773	31.7472439806565	0.199993965077208
27.375	6.1	-1.00695880978476e-05	0.791961188551037	-0.0272616682435865	31.7234781931562	0.199991944329522
27.525	6.1	-9.50701987170051e-06	0.791426711812656	-0.0288831897885483	31.699728223277	0.199992394384103
27.675	6.1	-3.57273096703332e-06	0.79086814259977	-0.030633456037972	31.6759943962338	0.199997141815226
27.825	6.1	9.18242066469892e-06	0.790286747270341	-0.0325248333795468	31.6522768128552	0.200007345936532
27.975	6.1	2.80015337878111e-05	0.789685690785576	-0.0345735136832824	31.6285754497787	0.20002240122703
28.125	6.1	4.85603287888643e-05	0.789071396596483	-0.0368015813453384	31.6048903644295	0.200038848263031
28.275	6.1	6.226839872068e-05	0.788454980826135	-0.0392387039314869	31.5812219697669	0.200049814718977
28.425	6.1	5.70402879484074e-05	0.787853236494518	-0.0419223831066122	31.557571282581	0.200045632230359
28.575	6.1	2.02326501491208e-05	0.78728846645818	-0.044895547038916	31.5339399901271	0.200016186120119
28.725	6.1	-5.60571634393269e-05	0.786786487172181	-0.048200554408177	31.5103301516498	0.199955154269249
28.875	6.1	-0.000168048035828432	0.78637248800063	-0.0518696025426005	31.4867433861013	0.199865561571337
29.025	6.1	-0.000293575043129777	0.786065232781062	-0.0559131455191456	31.4631795179742	0.199765139965496
29.175	6.1	-0.000388589151184766	0.785871332981739	-0.0603100411733825	31.4396348567267	0.199689128679052
29.325	6.1	-0.000390262936751055	0.785782809193996	-0.0650051695818425	31.4161005294531	0.199687789650599
29.475	6.1	-0.000229409041813354	0.785782360178951	-0.0699210933670012	31.3925614870327	0.199816472766549
29.625	6.1	0.000147243009402734	0.785860755634021	-0.0749884951801997	31.3689968515812	0.200117794407522
29.775	6.1	0.00074783926986461	0.786048548261556	-0.0801945831190586	31.345382070694	0.200598271415892
29.925	6.1	0.00150620573574461	0.786459602016786	-0.0856401279712051	31.3216928575721	0.201204964588596
30.075	6.1	0.00226280858084065	0.787338167602737	-0.0915876318226161	31.2979101977818	0.201810246864673
30.225	6.1	0.00276677524852985	0.789097230462066	-0.0984799445838154	31.2740249845811	0.202213420198824
30.375	6.1	0.00270689528850988	0.792335677744152	-0.106912744419797	31.2500403828294	0.202165516230808
30.525	6.1	0.0017725269132736	0.797824245962984	-0.117552995688117	31.2259700991854	0.201418021530619
30.675	6.1	-0.00026432416606077	0.806450890142402	-0.131003170737214	31.2018315284841	0.199788540667151
30.825	6.1	-0.00346389951153676	0.819111811542137	-0.147615270644376	31.177634205247	0.197228880390771
30.975	6.1	-0.00765425219653893	0.836528238275146	-0.167265255816396	31.1533657768326	0.193876598242769
31.125	6.1	-0.0124100590665878	0.858975309466614	-0.189119753222274	31.1289792304957	0.19007195274673
31.275	6.1	-0.0170888362475603	0.885950929462501	-0.211471123238221	31.1043856425031	0.186328931001952
31.425	6.1	-0.0209247743947619	0.915901506570595	-0.231768756334135	31.0794557436137	0.183260180484191
31.575	6.1	-0.023164294423824	0.946215694969899	-0.246978638092188	31.0540311598831	0.181468564460941
31.725	6.1	-0.0232132312434429	0.973674421264817	-0.254287670153546	31.0279432224627	0.181429415005246
31.875	6.1	-0.0207582393160209	0.995304675471742	-0.251935022589236	31.0010352056864	0.183393408547183
32.025	6.1	-0.0158295000907706	1.0092537493709	-0.23976434209629	30.9731835273694	0.187336399927384
32.175	6.1	-0.00878909746088343	1.01521749775061	-0.219181280828683	30.9443142164803	0.192968722031293
32.325	6.1	-0.000253091972530557	1.01425701335232	-0.192567908017085	30.914411960432	0.199797526421976
32.475	6.1	0.0090256671594585	1.00822732696146	-0.162520603773072	30.8835204037531	0.207220533727567
32.625	6.1	0.0182804730233735	0.99917338864234	-0.131273705058182	30.8517343389885	0.214624378418699
32.775	6.1	0.0268319832073527	0.988917243305858	-0.100443563859054	30.8191863135122	0.221465586565882
32.925	6.1	0.0341531538765679	0.978874744262922	-0.0710276425453623	30.7860309977823	0.227322523101254
33.075	6.1	0.0398964137120391	0.970037165265258	-0.043530147114383	30.7524302305124	0.231917130969631
33.225	6.1	0.0438907090126376	0.963035953286826	-0.0181156411808913	30.7185405268916	0.23511256721011
33.375	6.1	0.0461197922682424	0.958231078497375	0.00525706103466177	30.6845036739245	0.236895833814594
33.525	6.1	0.0466922717508844	0.955790582197742	0.026732791084226	30.6504402417933	0.237353817400708
33.675	6.1	0.0458104201353589	0.955748605440662	0.0464861691483263	30.6164455109284	0.236648336108287
33.825	6.1	0.0437407486607799	0.958040682000665	0.064669925656334	30.5825873466287	0.234992598928624
33.975	6.1	0.0407861020736995	0.962522442932633	0.0813824797442247	30.5489057700056	0.23262888165896
34.125	6.1	0.0372579046248859	0.968981686608297	0.0966556816515343	30.5154141907874	0.229806323699909
34.275	6.1	0.0334480020347641	0.977154961195774	0.110464901081105	30.482102334266	0.226758401627811
34.425	6.1	0.0296014979953662	0.986757566691416	0.122760766788391	30.4489407616444	0.223681198396293
34.575	6.1	0.0258939763393701	0.997529618271632	0.133515377065223	30.4158865997528	0.220715181071496
34.725	6.1	0.0224174964438784	1.00929176512364	0.142768651205198	30.3828897825481	0.217933997155103
34.875	6.1	0.0191791322350833	1.02199594190626	0.150657119237177	30.3498989031521	0.215343305788067
35.025	6.1	0.0161135992962949	1.03575355690109	0.157411209646094	30.3168657871584	0.212890879437036
35.175	6.1	0.0131083065064344	1.05082793847983	0.16331751912336	30.2837481574694	0.210486645205148
35.325	6.1	0.0100360082910102	1.0675876889227	0.168655042739834	30.2505102129209	0.208028806632808
35.475	6.1	0.00678818267966044	1.08642815565954	0.173623181777996	30.2171214595987	0.205430546143728
35.625	6.1	0.00330202425803113	1.10767562400184	0.178281412083866	30.183554554112	0.202641619406425
35.775	6.1	-0.000424381078673038	1.13149209615689	0.182516500952896	30.1497831049313	0.199660495137062
35.925	6.1	-0.00433106575647081	1.15779880515587	0.186045891361469	30.1157802724633	0.196535147394823
36.075	6.1	-0.00830822816202074	1.18623487230353	0.188457796462606	30.0815186572838	0.193353417470383
36.225	6.1	-0.012217240527937	1.21616318276494	0.189280931230019	30.0469715025185	0.19022620757765
36.375	6.1	-0.0159149617789334	1.24672738400486	0.188070382340813	30.0121148242679	0.187268030576853
36.525	6.1	-0.0192757677357626	1.2769521745636	0.184491968000353	29.9769298479579	0.18457938581139
36.675	6.1	-0.0222071842015448	1.30586698033638	0.178387056226732	29.9414051098405	0.182234252638764
36.825	6.1	-0.0246572509214567	1.33262590107134	0.169804195782793	29.9055377399957	0.180274199262835
36.975	6.1	-0.02661398601184	1.3565983568162	0.158992442797237	29.8693336896707	0.178708811190528
37.125	6.1	-0.0280989388794799	1.37741483686107	0.146361284193568	29.8328069161128	0.177520848896416
37.275	6.1	-0.0291575256851162	1.39496594808786	0.132419885796452	29.7959777343341	0.176673979451907
37.425	6.1	-0.0298487016505306	1.40936468589147	0.117711305430976	29.7588706605382	0.176121038679576
37.575	6.1	-0.0302358418209041	1.42088775648056	0.102755039565996	29.7215121026269	0.175811326543277
37.725	6.1	-0.030379839412249	1.42991159138346	0.0880058217430156	29.6839282121375	0.175696128470201
37.875	6.1	-0.030334671132535	1.43685459665686	0.0738307178616471	29.6461431234286	0.175732263093972
38.025	6.1	-0.0301451643593937	1.44213190366038	0.0605022501886799	29.6081776991352	0.175883868512485
38.175	6.1	-0.0298464484440375	1.446124376125	0.0482031703102189	29.5700488019923	0.17612284124477
38.325	6.1	-0.0294645233356277	1.44916067920428	0.0370382157185428	29.5317690389603	0.176428381331498
38.475	6.1	-0.0290174514728131	1.45150978702603	0.0270489595641417	29.4933468801159	0.17678603882175
38.625	6.1	-0.0285168020796111	1.45338096854436	0.0182290082554523	29.4547870392925	0.177186558336311
38.775	6.1	-0.0279691029997073	1.4549285729373	0.0105378856278852	29.4160910085856	0.177624717600234
38.925	6.1	-0.0273771597257803	1.456259472776	0.00391277927285852	29.3772576562235	0.178098272219376
39.075	6.1	-0.0267411768602916	1.45744159541313	-0.00172211290135603	29.3382838197842	0.178607058511767
39.225	6.1	-0.02605966594612	1.45851247436923	-0.00644856225300557	29.2991648493307	0.179152267243104
39.375	6.1	-0.0253301511741613	1.45948714934639	-0.0103493656381062	29.2598950748085	0.179735879060671
39.525	6.1	-0.0245496959640932	1.46036502944206	-0.013505152903729	29.220468187601	0.180360243228725
39.675	6.1	-0.0237152773637718	1.4611355418489	-0.0159926011071056	29.1808775372347	0.181027778108983
39.825	6.1	-0.0228240348900529	1.46178253181622	-0.0178837209519153	29.141116351404	0.181740772087958
39.975	6.1	-0.0218734177537135	1.46228747418787	-0.0192459049093856	29.1011778914476	0.182501265797029
40.125	6.1	-0.020861251464874	1.46263161908545	-0.0201424579860002	29.0610555569044	0.183310998828101
40.275	6.1	-0.0197857425610407	1.46279723414208	-0.0206333690020357	29.0207429525439	0.184171405951167
40.425	6.1	-0.018645438829306	1.46276812912153	-0.0207761220278083	28.9802339299344	0.185083648936555
40.575	6.1	-0.0174391616036785	1.46252965878063	-0.0206263937148208	28.9395226136782	0.186048670717057
40.725	6.1	-0.0161659259749075	1.46206839761935	-0.0202385311285916	28.8986034202643	0.187067259220074
40.875	6.1	-0.0148248634798681	1.46137166602511	-0.0196657537993386	28.8574710752977	0.188140109216106
41.025	6.1	-0.0134151596503627	1.46042706187002	-0.0189600697038416	28.8161206328089	0.18926787227971
41.175	6.1	-0.0119360155704891	1.45922211655955	-0.0181719344547297	28.7745474985117	0.190451187543609
41.325	6.1	-0.0103866384736762	1.45774415267846	-0.0173497130578383	28.7327474573123	0.191690689221059
41.475	6.1	-0.00876626189467234	1.45598037605247	-0.0165390223191735	28.6907167041113	0.192986990484262
41.625	6.1	-0.00707419155733194	1.45391819295022	-0.0157820388928458	28.6484518760187	0.194340646754134
41.775	6.1	-0.00530986963084815	1.45154570798591	-0.0151168538515386	28.6059500835276	0.195752104295321
41.925	6.1	-0.00347294769171807	1.44885233363787	-0.0145769415895359	28.563208937973	0.197221641846626
42.075	6.1	-0.00156335792121507	1.44582943021122	-0.0141907917003273	28.5202265727176	0.198749313663028
42.225	6.1	0.000418627279016472	1.44247089557125	-0.0139817304080482	28.4770016558945	0.200334901823213
42.375	6.1	0.00247235521474888	1.43877363534295	-0.0139679362847143	28.4335333931434	0.201977884171799
42.525	6.1	0.00459677769760778	1.43473786337794	-0.0141626358626456	28.3898215194939	0.203677422158086
42.675	6.1	0.00679046306981761	1.43036720544882	-0.014574450126685	28.3458662802978	0.205432370455854
42.825	6.1	0.00905163493749562	1.42566860256852	-0.0152078536758991	28.3016684018026	0.207241307949997
42.975	6.1	0.0113782346359249	1.42065203104576	-0.0160637045702766	28.257229052528	0.20910258770874
43.125	6.1	0.0137680025869426	1.41533007225066	-0.017139803892242	28.212549797025	0.211014402069554
43.275	6.1	0.016218572492075	1.4097173751657	-0.0184314487549629	28.1676325438499	0.21297485799366
43.425	6.1	0.0187275716910492	1.40383005916048	-0.0199319496106906	28.1224794896889	0.214982057352839
43.575	6.1	0.0212927209129758	1.39768510381691	-0.0216330909969276	28.0770930615622	0.217034176730381
43.725	6.1	0.0239119269683871	1.39129976822216	-0.0235255232687976	28.0314758589383	0.21912954157471
43.875	6.1	0.0265833626232126	1.38469107518883	-0.0255990806179865	27.9856305974412	0.22126669009857
44.025	6.1	0.0293055289576477	1.37787538742143	-0.0278430272608503	27.9395600556335	0.223444423166118
44.175	6.1	0.0320772969716617	1.37086809353242	-0.0302462388084068	27.8932670261	0.225661837577329
44.325	6.1	0.0348979270717043	1.36368341237758	-0.0327973293026118	27.8467542717147	0.227918341657363
44.475	6.1	0.0377670673117755	1.35633431454294	-0.0354847360511053	27.8000244875316	0.23021365384942
44.625	6.1	0.0406847337052804	1.34883254973275	-0.0382967739332653	27.753080268197	0.232547786964224
44.775	6.1	0.0436512782822902	1.34118875808238	-0.041221667949478	27.7059240802039	0.234921022625832
44.925	6.1	0.0466673524610513	1.33341263184808	-0.0442475670234732	27.6585582378221	0.237333881968841
45.075	6.1	0.0497338743717002	1.32551308176218	-0.0473625332236965	27.610984881349	0.23978709949736
45.225	6.1	0.0528520088373537	1.31749835043053	-0.0505544887335494	27.5632059566557	0.242281607069883
45.375	6.1	0.0560231679769716	1.3093760052818	-0.0538110889420891	27.5152231960528	0.244818534381577
45.525	6.1	0.0592490395427478	1.30115273862834	-0.0571194757383108	27.4670381022854	0.247399231634198
45.675	6.1	0.0625316503240335	1.29283390648081	-0.0604658535290941	27.4186519397201	0.250025320259227
45.825	6.1	0.0658734746360827	1.28442275581299	-0.0638348259145467	27.3700657388325	0.252698779708866
45.975	6.1	0.0692776040955175	1.27591932730042	-0.0672084386053062	27.3212803208129	0.255422083276414
46.125	6.1	0.0727480043690691	1.26731908138932	-0.070564899735062	27.272296347031	0.258198403495255
46.275	6.1	0.0762898949682979	1.2586113814954	-0.0738769974035329	27.2231143917527	0.261031915974638
46.425	6.1	0.0799102940778533	1.24977807584554	-0.0771103095667447	27.1737350249172	0.263928235262283
46.575	6.1	0.0836187633979959	1.24079253838503	-0.0802214033932142	27.1241588751445	0.266895010718397
46.725	6.1	0.0874283576109745	1.23161963951162	-0.0831563446080955	27.0743866235677	0.26994268608878
46.875	6.1	0.0913567196227989	1.22221718909272	-0.0858499685032814	27.0244188610257	0.273085375698239
47.025	6.1	0.095427161652335	1.21253938790942	-0.0882264775596774	26.9742557314872	0.276341729321868
47.175	6.1	0.0996694399307952	1.20254269485568	-0.0902019845559868	26.923896291628	0.279735551944636
47.325	6.1	0.104119790148441	1.19219422596133	-0.0916895561710607	26.8733375481425	0.283295832118752
47.475	6.1	0.108819684211792	1.18148232926353	-0.0926070619490362	26.8225731950407	0.287055747369434
47.625	6.1	0.113812755155611	1.17042835462373	-0.0928876410626018	26.7715921602334	0.291050204124489
47.775	6.1	0.119139479405907	1.1590979604932	-0.0924918629496819	26.7203771715828	0.295311583524726
47.925	6.1	0.124829549804187	1.14760975618218	-0.0914197825081948	26.6689036439813	0.29986363984335
48.075	6.1	0.130892419117677	1.13613891321534	-0.0897203195226498	26.6171392400002	0.304713935294141
48.225	6.1	0.137307171493866	1.12491381243388	-0.0874950731556119	26.5650444361953	0.309845737195093
48.375	6.1	0.144013537445057	1.1142048895934	-0.0848941377070688	26.5125743151519	0.315210829956046
48.525	6.1	0.150906294423679	1.10430640169756	-0.0821028177115378	26.4596816017984	0.320725035538943
48.675	6.1	0.157835270506251	1.09551340064017	-0.079320085624346	26.4063207021728	0.326268216405001
48.825	6.1	0.164612546355978	1.08809722625095	-0.0767315911183033	26.352452240816	0.331690037084783
48.975	6.1	0.171027237370337	1.08228296352979	-0.0744813500673694	26.2980473993747	0.33682178989627
49.125	6.1	0.176866639583128	1.07823158572766	-0.0726465143366974	26.2430912953309	0.341493311666503
49.275	6.1	0.181940919879179	1.07602833052213	-0.0712189225153017	26.1875847368886	0.345552735903343
49.425	6.1	0.186107375364281	1.07567776131673	-0.0700959212914809	26.1315439352744	0.348885900291425
49.575	6.1	0.189289951247251	1.07710531095023	-0.0690817832102528	26.0749980956345	0.351431960997801
49.725	6.1	0.191490350116312	1.08016491661121	-0.0679002562253025	26.0179851657859	0.353192280093049
49.875	6.1	0.192788575191544	1.08465235342504	-0.0662183058523246	25.9605463227021	0.354230860153235
50.025	6.1	0.193332783893491	1.09032364961731	-0.0636805711067229	25.9027199649496	0.354666227114793
50.175	6.1	0.193320423644339	1.09691720035585	-0.0599529739347395	25.844536030159	0.354656338915471
50.325	6.1	0.192974308754251	1.10417687032806	-0.0547720261947153	25.7860113734381	0.354379447003401
50.475	6.1	0.192518165199692	1.11187189749628	-0.0479938735194783	25.7271467535487	0.354014532159753
50.625	6.1	0.192155902874931	1.11980860038145	-0.0396347930649858	25.667925730554	0.353724722299945
50.775	6.1	0.192057311106568	1.12782969938215	-0.029893900004918	25.608315557689	0.353645848885254
50.925	6.1	0.192350156201714	1.1358000473154	-0.0191502582317345	25.5482700431232	0.353880124961371
51.075	6.1	0.193115469021647	1.14358232772186	-0.00793075353005083	25.4877344388865	0.354492375217318
51.225	6.1	0.194380537877509	1.151011226732	0.0031486906609793	25.42665267844	0.355504430302007
51.375	6.1	0.196104718199764	1.15787727699788	0.0134591442899739	25.3649775617573	0.356883774559811
51.525	6.1	0.198158353944151	1.16392961202155	0.0224370265765004	25.3026843945123	0.358526683155321
51.675	6.1	0.200304749175426	1.1688993526207	0.029647953104358	25.2397876147899	0.360243799340341
51.825	6.1	0.202205526858341	1.17253421071542	0.0348231306984695	25.176357771362	0.361764421486673
51.975	6.1	0.203473125460883	1.17462533802083	0.0378655210526817	25.1125332666661	0.362778500368706
52.125	6.1	0.2037815032471	1.17500618650402	0.0388357657861765	25.0485191257753	0.36302520259768
52.275	6.1	0.203013562073449	1.1735142958914	0.0379349543193425	24.9845662089933	0.362410849658759
52.425	6.1	0.201380623164752	1.16992928308865	0.035493614759889	24.920930831857	0.361104498531801
52.575	6.1	0.199420165579168	1.16392733776686	0.0319512673710972	24.8578261908671	0.359536132463334
52.725	6.1	0.197794029141993	1.15511012117192	0.0277813722729804	24.7953886518103	0.358235223313594
52.875	6.1	0.196888111145954	1.1431477604795	0.0233150959230069	24.7336858512042	0.357510488916763
53.025	6.1	0.196340718761265	1.12799982894522	0.0184751910085186	24.6727824573844	0.357072575009012
53.175	6.1	0.194745304874019	1.11008256126314	0.0125228949011993	24.6128525101448	0.355796243899215
53.325	6.1	0.189805623119997	1.09024225732634	0.00395221982020974	24.5542934956697	0.351844498495998
53.475	6.1	0.179101600253922	1.06951457954144	-0.00940194186641808	24.4977737880644	0.343281280203138
53.625	6.1	0.161350949628358	1.04876264182535	-0.03001351110438	24.4441501954515	0.329080759702687
53.775	6.1	0.137728862753468	1.0282404707422	-0.059875379776339	24.3942355059885	0.310183090202774
53.925	6.1	0.112627796372943	1.00696904282343	-0.0987495109760307	24.3484673534456	0.290102237098355
54.075	6.1	0.0933699541649378	0.981892242496426	-0.141184801726258	24.3065983143849	0.27469596333195
54.225	6.1	0.0888147260558007	0.947877613379525	-0.174603539247843	24.2675508028134	0.271051780844641
54.375	6.1	0.107287853461566	0.90108107987796	-0.184544079396205	24.2295211398462	0.285830282769253
54.525	6.1	0.154477407888313	0.844224449167611	-0.166797269853861	24.1902839248556	0.323581926310651
54.675	6.1	0.231759841977531	0.785788168937363	-0.131152625940039	24.1475684077962	0.385407873582025
54.825	6.1	0.335192400761678	0.733398682335937	-0.0913000737053884	24.0994292406728	0.468153920609343
54.975	6.1	0.455637444401272	0.690363956470996	-0.055874988937254	24.0445653672446	0.564509955521017
55.125	6.1	0.580645706816704	0.656684027392589	-0.0277597864199519	23.9825140427646	0.664516565453363
55.275	6.1	0.697825342687463	0.63088417249901	-0.00672375201739232	23.9136521429033	0.758260274149971
55.425	6.1	0.798073803568492	0.611145342901485	0.00850967967263766	23.8390017210858	0.838459042854794
55.575	6.1	0.877028521277526	0.595827292204306	0.0193073341768655	23.759926041127	0.901622817022021
55.725	6.1	0.934526193177324	0.583647630465054	0.0268157423812901	23.677838276589	0.947620954541859
55.875	6.1	0.973059112321966	0.573680579537871	0.0319157974735577	23.5940030237177	0.978447289857573
56.025	6.1	0.996260820853587	0.565282597621602	0.0352615766116737	23.5094434141011	0.99700865668287
56.175	6.1	1.00788716900211	0.55800895177148	0.0373346690021221	23.4249255307274	1.00630973520169
56.325	6.1	1.01129571335342	0.551547796863345	0.0384922827632498	23.3409844619518	1.00903657068273
56.475	6.1	1.00925627228709	0.545675688491974	0.0390041170570919	23.257965961473	1.00740501782967
56.625	6.1	1.00393380467088	0.540229836683976	0.0390783624452227	23.1760695339435	1.0031470437367
56.775	6.1	0.996943833429518	0.535091248190297	0.0388787900833935	23.0953869723905	0.997555066743614
56.925	6.1	0.989431153642148	0.530174216589307	0.0385352728047077	23.0159346382027	0.991544922913718
57.075	6.1	0.982152086964572	0.525419197991954	0.0381500093017064	22.9376795065748	0.985721669571658
57.225	6.1	0.975553815566652	0.520787350320236	0.0378013957480163	22.8605595114818	0.980443052453321
57.375	6.1	0.96984859862182	0.516255873324688	0.0375469857710706	22.7844988047467	0.975878878897456
57.525	6.1	0.96508123361515	0.511813832585775	0.037426397513056	22.7094185506164	0.97206498689212
57.675	6.1	0.961187891323515	0.507458448825881	0.0374644900738205	22.6352439128076	0.968950313058812
57.825	6.1	0.958044617549246	0.503191945564607	0.037674745416596	22.5619079437602	0.966435694039397
57.975	6.1	0.955504539811836	0.499019039630706	0.0380625987699404	22.4893531156635	0.964403631849469
58.125	6.1	0.953423876919251	0.494945094414769	0.038628436691915	22.4175312115056	0.962739101535401
58.275	6.1	0.951677869456661	0.490974884567986	0.0393700631797053	22.3464022170116	0.961342295565329
58.425	6.1	0.950168474579479	0.487111871090147	0.0402845517838017	22.2759327347269	0.960134779663583
58.575	6.1	0.94882599826211	0.483357865539302	0.0413695062898435	22.2060943023054	0.959060798609688
58.725	6.1	0.947606801860183	0.47971296686561	0.0426238209134577	22.1368618605654	0.958085441488146
58.875	6.1	0.94648892176959	0.476175674509366	0.0440480605414138	22.0682124994113	0.957191137415672
59.025	6.1	0.945467006069815	0.472743107519321	0.0456445810006768	22.0001245199174	0.956373604855852
59.175	6.1	0.944547509242804	0.469411284760816	0.04741749054364	21.9325767904386	0.955638007394243
59.325	6.1	0.943744671252336	0.46617544202011	0.0493725272170548	21.8655483404722	0.954995737001869
59.475	6.1	0.94307748124038	0.463030376556927	0.0515168999026913	21.7990181224914	0.954461984992304
59.625	6.1	0.942567600803569	0.459970818584526	0.053859117796503	21.7329648727761	0.954054080642855
59.775	6.1	0.942238089610707	0.456991833233065	0.056408815679608	21.6673670115572	0.953790471688566
59.925	6.1	0.942112718657323	0.45408925707222	0.059176570638023	21.6022025359229	0.953690174925859
60.075	6.1	0.942215651688937	0.451260171450628	0.0621736990838151	21.5374488726544	0.953772521351149
60.225	6.1	0.942571302318309	0.448503411730545	0.0654120197950262	21.4730826704699	0.954057041854647
60.375	6.1	0.943204215976725	0.445820107571157	0.0689035679897342	21.4090795211771	0.95456337278138
60.525	6.1	0.944138869828727	0.443214245026202	0.0726602461974948	21.3454136068088	0.955311095862981
60.675	6.1	0.945399322731324	0.440693236421731	0.0766933993148389	21.2820572753416	0.956319458185059
60.825	6.1	0.94700867791059	0.4382684787519	0.0810133036097547	21.2189805516845	0.957606942328472
60.975	6.1	0.948988342977082	0.435955875825805	0.0856285628354277	21.1561505939845	0.959190674381666
61.125	6.1	0.951357086854493	0.433776294106621	0.0905454094485111	21.0935311085242	0.961085669483594
61.275	6.1	0.954129903742009	0.431755918032739	0.0957669154477892	21.0310817399761	0.963303922993607
61.425	6.1	0.957316703085809	0.429926468827755	0.101292125216586	20.9687574576389	0.965853362468647
61.575	6.1	0.960920853937597	0.428325252531523	0.107115130709091	20.9065079623164	0.968736683150078
61.725	6.1	0.964937623397986	0.426995008626185	0.113224115137293	20.8442771423046	0.971950098718389
61.875	6.1	0.969352562438567	0.425983539087856	0.119600392219441	20.7820026100801	0.975482049950854
62.025	6.1	0.974139907758839	0.425343105883327	0.126217461808655	20.7196153535178	0.979311926207071
62.175	6.1	0.979261084541113	0.425129587909502	0.133040089238392	20.6570395371832	0.98340886763289
62.325	6.1	0.984663411375368	0.425401380670883	0.140023398781089	20.5941924915244	0.987730729100294
62.475	6.1	0.990279125555025	0.426218000134113	0.147111959863782	20.5309849324156	0.99222330044402
62.625	6.1	0.996024865907998	0.427638318108213	0.154238850884222	20.4673214622833	0.996819892726398
62.775	6.1	1.00180177329251	0.429718320483255	0.161324723110654	20.4031014177003	1.00144141863401
62.925	6.1	1.0074963962054	0.432508261242308	0.168276964388512	20.3382201449393	1.00599711696432
63.075	6.1	1.01298261617848	0.436049109887918	0.174989174580293	20.2725707985376	1.01038609294278
63.225	6.1	1.01812482235082	0.440368281310817	0.181341288364418	20.2060467579972	1.01449985788065
63.375	6.1	1.02278254516161	0.445474804943511	0.187200773039253	20.1385447308953	1.01822603612929
63.525	6.1	1.0268166775811	0.451354318605927	0.192425334068586	20.0699685445463	1.02145334206488
63.675	6.1	1.03009724288081	0.457964514621295	0.196867429082753	20.0002335177356	1.02407779430465
63.825	6.1	1.0325124000449	0.465231848300656	0.200380600433492	19.9292711575443	1.02600992003592
63.975	6.1	1.03397803039839	0.473050361748895	0.202827216639221	19.8570337702926	1.02718242431871
64.125	6.1	1.03444687987193	0.481283322461757	0.20408675384371	19.7834984523214	1.02755750389754
64.275	6.1	1.0339159366289	0.489768023207659	0.204063385144035	19.7086698834426	1.02713274930312
64.425	6.1	1.0324306214984	0.49832360265571	0.202691517911523	19.6325814194608	1.02594449719872
64.575	6.1	1.03008456648281	0.506761246631745	0.199938113955893	19.5552941760508	1.02406765318625
64.725	6.1	1.0270143090204	0.514895755154183	0.195801133106983	19.4768940792905	1.02161144721632
64.875	6.1	1.02338909622587	0.522557312699156	0.190304141634455	19.3974871567731	1.01871127698069
65.025	6.1	1.01939701671399	0.529602409201258	0.183487845897577	19.3171935710949	1.0155176133712
65.175	6.1	1.01522960085677	0.535923182469019	0.175399882324036	19.2361409843839	1.01218368068542
65.325	6.1	1.01106756134014	0.541454892668222	0.166084522626117	19.1544577612753	1.00885404907211
65.475	6.1	1.00707025561168	0.546181678325032	0.155574036615093	19.0722662961257	1.00565620448934
65.625	6.1	1.00337066910578	0.550141059369102	0.143883363948682	18.9896764631988	1.00269653528462
65.775	6.1	1.0000763771178	0.553427727400592	0.131009571490916	18.9067789358809	1.00006110169424
65.925	6.1	0.997275356504093	0.556196891257062	0.116937365073371	18.8236380003667	0.997820285203274
66.075	6.1	0.995044086320881	0.558666765775377	0.101651636768758	18.7402835736817	0.996035269056705
66.225	6.1	0.993454476190412	0.561118742689562	0.0851574869733495	18.6567024596579	0.99476358095233
66.375	6.1	0.992576067454201	0.563892579283024	0.0675070884674355	18.5728294267365	0.99406085396336
66.525	6.1	0.992470813489879	0.567373038956136	0.048830899009688	18.4885393979864	0.993976650791904
66.675	6.1	0.993179584414028	0.57196451512488	0.0293680764413979	18.4036427608335	0.994543667531222
66.825	6.1	0.994702206294403	0.578052025987298	0.00948807194717462	18.3178862920159	0.995761765035522
66.975	6.1	0.996975859247304	0.585950939054949	-0.0103063740358218	18.2309621291304	0.997580687397843
67.125	6.1	0.999858992687874	0.59585318117425	-0.0294033687510395	18.1425262898477	0.999887194150299
67.275	6.1	1.00312807608899	0.607782553943957	-0.0471361259973931	18.0522263394966	1.00250246087119
67.425	6.1	1.00649238652015	0.621572881906717	-0.0628610200061249	17.959735238048	1.00519390921612
67.575	6.1	1.00962746610414	0.636878116089934	-0.0760432990857938	17.8647859569901	1.00770197288332
67.725	6.1	1.01222192822146	0.653214167129488	-0.0863291746345706	17.7672002378286	1.00977754257717
67.875	6.1	1.01402720121967	0.670022319304256	-0.093586115598758	17.6669056580535	1.01122176097574
68.025	6.1	1.01489779828467	0.686738467669021	-0.0979034885718689	17.5639378929442	1.01191823862774
68.175	6.1	1.01481186951718	0.702853271497938	-0.0995578973426761	17.4584287038747	1.01184949561374
68.325	6.1	1.01386741069569	0.717953926415355	-0.0989560889454738	17.3505833744691	1.01109392855655
68.475	6.1	1.01225637028561	0.731745008834373	-0.0965707037133186	17.2406530470815	1.00980509622849
68.625	6.1	1.01022445297834	0.744050890196832	-0.0928815827500842	17.1289074227521	1.00817956238267
68.775	6.1	1.00802697083394	0.754804647547924	-0.0883304968949012	17.0156119768219	1.00642157666715
68.925	6.1	1.00589037357471	0.764028762721971	-0.0832923226423203	16.9010119177149	1.00471229885977
69.075	6.1	1.00398599899267	0.771812191631304	-0.0780620155501651	16.7853232484459	1.00318879919413
69.225	6.1	1.00241853184299	0.778287338361405	-0.0728544583346117	16.6687299139977	1.00193482547439
69.375	6.1	1.0012279540656	0.783609421830711	-0.0678132120236705	16.5513852918874	1.00098236325248
69.525	6.1	1.00040126683651	0.787939753948722	-0.0630241043887809	16.4334161507188	1.00032101346921
69.675	6.1	0.999889265712747	0.791433570889722	-0.0585301760202468	16.3149274839209	0.999911412570197
69.825	6.1	0.999623976381731	0.794232318445856	-0.0543454832456757	16.1960071127718	0.999699181105384
69.975	6.1	0.99953354161586	0.796459757165823	-0.0504663396676691	16.0767294644136	0.999626833292688
70.125	6.1	0.999552845885772	0.798220965654456	-0.0468795253268483	15.9571583493015	0.999642276708617
70.275	6.1	0.999629525968841	0.799603266814064	-0.0435676640290557	15.8373488373865	0.999703620775073
70.425	6.1	0.999725982796543	0.800678218759615	-0.0405123343306639	15.717348464996	0.999780786237235
70.575	6.1	0.999818509899344	0.801504017651534	-0.0376955885030996	15.5971980276638	0.999854807919475
70.725	6.1	0.999894752445296	0.802127881996722	-0.0351004939377425	15.476932171311	0.999915801956237
70.875	6.1	0.999950540493412	0.802588180504023	-0.0327111695913187	15.3565799243439	0.999960432394729
71.025	6.1	0.999986840752937	0.80291620785864	-0.0305126312926028	15.2361652441069	0.99998947260235
71.175	6.1	1.00000725411574	0.803137603414661	-0.0284906223420313	15.1157075977712	1.00000580329259
71.325	6.1	1.0000162205676	0.803273455833095	-0.0266315055950109	14.9952225648292	1.00001297645408
71.475	6.1	1.00001790833548	0.803341154649435	-0.0249222309026606	14.8747224339282	1.00001432666839
71.625	6.1	1.00001566103843	0.80335504946381	-0.0233503603619543	14.7542167656729	1.00001252883075
71.775	6.1	1.00001183951791	0.803326968113722	-0.0219041237182786	14.6337128995584	1.00000947161433
71.925	6.1	1.00000790226614	0.803266632999387	-0.0205724784895915	14.5132163925969	1.00000632181291
72.075	6.1	1.00000459929109	0.803182003238455	-0.0193451570345255	14.3927313862273	1.00000367943287
72.225	6.1	1.00000219284104	0.803079561130637	-0.0182126913588997	14.2722609050481	1.00000175427283
72.375	6.1	1.0000006543442	0.802964554869857	-0.0171664135416877	14.1518070952408	1.00000052347536
72.525	6.1	0.99999981501084	0.802841205232699	-0.0161984343849116	14.0313714124864	0.999999852008672
72.675	6.1	0.999999466405884	0.802712881512845	-0.015301605318834	13.9109547693139	0.999999573124707
72.825	6.1	0.999999417864505	0.802582250666949	-0.0144694692445351	13.7905576508288	0.999999534291604
72.975	6.1	0.999999521910053	0.802451402994901	-0.0136962055109552	13.6701802062433	0.999999617528043
73.125	6.1	0.999999679058865	0.802321957357283	-0.012976573172179	13.5498223220035	0.999999743247092
73.275	6.1	0.999999831469813	0.802195148721874	-0.0123058554693747	13.4294836808343	0.999999865175851
73.425	6.1	0.999999952208571	0.802071900629275	-0.0116798073846697	13.3091638098321	0.999999961766857
73.575	6.1	1.00000003430792	0.801952884933288	-0.0110946072418262	13.1888621198437	1.00000002744634
73.725	6.1	1.00000008174031	0.801838570909023	-0.0105468127083974	13.0685779377472	1.00000006539225
73.875	6.1	1.00000010299784	0.801729265543276	-0.010033321158926	12.948310532839	1.00000008239827
74.025	6.1	1.00000010713925	0.801625146549459	-0.00955133413948695	12.8280591382642	1.0000000857114
74.175	6.1	1.00000010177623	0.801526289395938	-0.00909832557599489	12.7078229682598	1.00000008142098
74.325	6.1	1.00000009237815	0.801432689413991	-0.00867201334659468	12.5876012318651	1.00000007390252
74.475	6.1	1.00000008234537	0.801344279858735	-0.00827033385671009	12.4673931436653	1.0000000658763
74.625	6.1	1.00000007343903	0.801260946639619	-0.0078914192907497	12.3471979320685	1.00000005875123
74.775	6.1	1.00000006630033	0.801182540305137	-0.00753357725428807	12.2270148455487	1.00000005304027
74.925	6.1	1.00000006091349	0.801108885762591	-0.00719527255602783	12.1068431572262	1.00000004873079
75.075	6.1	1.00000005695289	0.801039790127577	-0.00687511090956909	11.9866821681059	1.00000004556231
75.225	6.1	1.00000005400811	0.800975049030113	-0.00657182436010885	11.8665312092363	1.00000004320649
75.375	6.1	1.0000000517072	0.80091445164764	-0.00628425826085209	11.7463896430121	1.00000004136576
75.525	6.1	1.0000000497678	0.800857784689343	-0.00601135964130275	11.6262568638002	1.00000003981424
75.675	6.1	1.00000004800385	0.80080483551866	-0.0057521668238589	11.5061322980369	1.00000003840308
75.825	6.1	1.00000004631013	0.800755394569375	-0.00550580015825078	11.3860154039157	1.0000000370481
75.975	6.1	1.00000004463914	0.800709257183772	-0.00527145375554025	11.2659056707631	1.00000003571131
76.125	6.1	1.000000042979	0.800666224980706	-0.00504838811433633	11.1458026181791	1.0000000343832
76.275	6.1	1.00000004133607	0.800626106841912	-0.00483592354267857	11.0257057950068	1.00000003306885
76.425	6.1	1.00000003972327	0.800588719590114	-0.00463343428855316	10.9056147781804	1.00000003177862
76.575	6.1	1.00000003815336	0.800553888420159	-0.00444034330133012	10.7855291714937	1.00000003052269
76.725	6.1	1.00000003663585	0.800521447132414	-0.00425611755430428	10.6654486043201	1.00000002930868
76.875	6.1	1.00000003517626	0.800491238210787	-0.00408026386654443	10.5453727303115	1.00000002814101
77.025	6.1	1.00000003377662	0.800463112778086	-0.00391232516861645	10.4253012260949	1.0000000270213
77.175	6.1	1.00000003243639	0.800436930457477	-0.00375187716319591	10.305233789985	1.00000002594911
77.325	6.1	1.00000003115348	0.800412559162085	-0.00359852533679048	10.1851701407222	1.00000002492278
77.475	6.1	1.00000002992504	0.800389874831532	-0.00345190228385903	10.0651100162473	1.00000002394003
77.625	6.1	1.00000002874803	0.800368761130332	-0.00331166530877598	9.9450531725196	1.00000002299842
77.775	6.1	1.00000002761952	0.800349109120253	-0.00317749427511444	9.82499938238118	1.00000002209562
77.925	6.1	1.00000002653685	0.800330816916397	-0.00304908967507491	9.70494843447318	1.00000002122948
78.075	6.1	1.00000002549764	0.800313789334832	-0.00292617089471103	9.58490013220379	1.00000002039812
78.225	6.1	1.00000002449983	0.800297937537716	-0.00280847465390156	9.46485429276976	1.00000001959987
78.375	6.1	1.00000002354155	0.800283178681015	-0.00269575360169533	9.34481074623103	1.00000001883324
78.525	6.1	1.00000002262111	0.800269435568284	-0.00258777505013775	9.22476933463792	1.00000001809689
78.675	6.1	1.00000002173695	0.800256636313337	-0.00248431983193674	9.10472991120963	1.00000001738956
78.825	6.1	1.0000000208876	0.800244714014141	-0.00238518126811555	8.98469233956263	1.00000001671008
78.975	6.1	1.00000002007167	0.800233606439038	-0.00229016423425585	8.86465649298703	1.00000001605733
79.125	6.1	1.00000001928782	0.800223255726613	-0.00219908431451691	8.74462225376905	1.00000001543025
79.275	6.1	1.00000001853478	0.800213608099647	-0.00211176703430125	8.62458951255748	1.00000001482782
79.425	6.1	1.00000001781131	0.800204613593569	-0.00202804716313267	8.50455816777196	1.00000001424905
79.575	6.1	1.00000001711623	0.800196225799366	-0.00194776808042581	8.38452812505089	1.00000001369299
79.725	6.1	1.00000001644842	0.800188401620944	-0.00187078119763074	8.26449929673683	1.00000001315874
79.875	6.1	1.00000001580678	0.80018110104664	-0.00179694543076675	8.14447160139723	1.00000001264542
80.025	6.1	1.00000001519027	0.800174286934353	-0.00172612671846531	8.02444496337837	1.00000001215222
80.175	6.1	1.0000000145979	0.80016792481014	-0.00165819758049481	7.90441931239052	1.00000001167832
80.325	6.1	1.0000000140287	0.800161982679417	-0.00159303671307663	7.78439458312233	1.00000001122296
80.475	6.1	1.00000001348177	0.800156430850531	-0.00153052861704424	7.66437071488263	1.00000001078541
80.625	6.1	1.00000001295622	0.800151241769782	-0.00147056325570735	7.54434765126775	1.00000001036497
80.775	6.1	1.00000001245121	0.800146389867672	-0.00141303573951411	7.42432533985279	1.00000000996096
80.925	6.1	1.00000001196593	0.800141851415417	-0.00135784603490885	7.3043037319051	1.00000000957274
81.075	6.1	1.0000000114996	0.800137604391501	-0.00130489869504773	7.18428278211856	1.00000000919968
81.225	6.1	1.00000001105148	0.800133628357377	-0.00125410261035487	7.06426244836713	1.00000000884119
81.375	6.1	1.00000001062086	0.800129904341978	-0.00120537077705112	6.94424269147639	1.00000000849669
81.525	6.1	1.00000001020704	0.800126414734412	-0.00115862008202544	6.82422347501176	1.00000000816564
81.675	6.1	1.00000000980939	0.800123143184311	-0.00111377110252805	6.70420476508222	1.00000000784752
81.825	6.1	1.00000000942729	0.800120074509441	-0.0010707479194116	6.58418653015843	1.00000000754183
81.975	6.1	1.00000000906012	0.80011719461001	-0.00102947794276021	6.46416874090415	1.0000000072481
82.125	6.1	1.0000000087073	0.80011449038921	-0.000989891748742894	6.34415137002009	1.00000000696584
82.275	6.1	1.0000000083682	0.800111949679816	-0.000951922926898231	6.22413439209917	1.00000000669456
82.425	6.1	1.00000000804223	0.800109561176108	-0.000915507936809503	6.10411778349239	1.00000000643378
82.575	6.1	1.00000000772883	0.800107314371042	-0.000880585973612195	5.9841015221845	1.00000000618306
82.725	6.1	1.00000000742755	0.800105199498154	-0.000847098841486921	5.86408558767871	1.00000000594204
82.875	6.1	1.00000000713812	0.800103207478024	-0.000814990834585052	5.74406996088978	1.0000000057105
83.025	6.1	1.00000000686041	0.800101329868885	-0.000784208624875955	5.62405462404483	1.00000000548833
83.175	6.1	1.00000000659426	0.800099558821188	-0.000754701156334155	5.50403956059117	1.00000000527541
83.325	6.1	1.00000000633914	0.800097887035899	-0.000726419545129822	5.3840247551108	1.00000000507132
83.475	6.1	1.00000000609385	0.800096307726288	-0.000699316985324776	5.26401019324083	1.00000000487508
83.625	6.1	1.00000000585639	0.800094814582956	-0.000673348659851062	5.14399586159953	1.00000000468511
83.775	6.1	1.00000000562466	0.8000934017419	-0.000648471656326919	5.02398174771721	1.00000000449973
83.925	6.1	1.00000000539802	0.800092063755358	-0.000624644887601749	4.90396783997172	1.00000000431841
84.075	6.1	1.00000000517928	0.800090795565149	-0.000601829016672037	4.78395412752785	1.00000000414342
84.225	6.1	1.0000000049757	0.800089592478448	-0.000579986385869837	4.66394060028036	1.00000000398056
84.375	6.1	1.0000000047968	0.80008845014601	-0.000559080950132968	4.54392724880046	1.00000000383744
84.525	6.1	1.0000000046472	0.800087364543009	-0.000539078214231675	4.42391406428588	1.00000000371776
84.675	6.1	1.00000000451585	0.800086331952792	-0.00051994517381327	4.30390103851439	1.00000000361268
84.825	6.1	1.00000000436768	0.800085348953311	-0.000501650260195952	4.18388816380083	1.00000000349414
84.975	6.1	1.00000000414898	0.800084412405305	-0.000484163288811678	4.06387543295631	1.00000000331918
85.125	6.1	1.00000000381795	0.800083519440279	-0.000467455411226077	3.94386283924776	1.00000000305436
85.275	6.1	1.00000000340037	0.800082667445836	-0.000451499070701368	3.82385037635487	1.0000000027203
85.425	6.1	1.00000000304585	0.800081854047354	-0.000436267961340114	3.70383803832333	1.00000000243668
85.575	6.1	1.00000000302966	0.800081077088429	-0.000421736990866943	3.5838258195165	1.00000000242373
85.725	6.1	1.00000000363255	0.800080334618034	-0.000407882247088798	3.46381371457412	1.00000000290604
85.875	6.1	1.0000000048697	0.800079624896033	-0.000394680968173933	3.34380171839094	1.00000000389576
86.025	6.1	1.00000000615403	0.800078946425281	-0.000382111516641772	3.22378982612582	1.00000000492322
86.175	6.1	1.00000000614677	0.800078298002324	-0.000370153356795038	3.10377803323541	1.00000000491742
86.325	6.1	1.00000000316872	0.800077678750836	-0.000358787035081846	2.98376633549664	1.00000000253497
86.475	6.1	0.999999996443296	0.800077088074865	-0.000347994162577046	2.8637547289515	0.999999997154637
86.625	6.1	0.999999987949883	0.800076525471657	-0.000337757398917129	2.74374320970483	0.999999990359907
86.775	6.1	0.999999983797121	0.800075990208051	-0.000328060437338699	2.62373177356936	0.999999987037697
86.925	6.1	0.999999993184885	0.800075481002549	-0.000318887991418836	2.50372041569689	0.999999994547908
87.075	6.1	1.00000002307148	0.800074996018667	-0.000310225784915226	2.38370913051806	1.00000001845719
87.225	6.1	1.00000006862414	0.800074533535175	-0.000302060546119659	2.26369791239951	1.00000005489931
87.375	6.1	1.0000001037789	0.80007409342954	-0.000294380006308829	2.14368675721621	1.00000008302312
87.525	6.1	1.0000000813403	0.800073678971793	-0.000287172897567456	2.02367566437631	1.00000006507224
87.675	6.1	0.999999954014523	0.800073297510794	-0.000280428939819328	1.90366463783613	0.999999963211618
87.825	6.1	0.999999720872885	0.800072958015052	-0.00027413880390247	1.78365368388038	0.999999776698308
87.975	6.1	0.999999484106603	0.800072664070123	-0.000268294043139156	1.66364280395313	0.999999587285283
88.125	6.1	0.999999472556805	0.800072403724203	-0.000262887005209284	1.54363198364088	0.999999578045444
88.275	6.1	0.999999968813359	0.800072142352726	-0.000257910766928887	1.42362118403178	0.999999975050687
88.425	6.1	1.00000109553812	0.800071829171424	-0.000253359161112738	1.30361034683759	1.0000008764305
88.575	6.1	1.00000250194382	0.800071427385411	-0.000249226954638478	1.18359942482865	1.00000200155506
88.725	6.1	1.00000313904058	0.800070966708251	-0.000245510154242979	1.06358843811255	1.00000251123246
88.875	6.1	1.00000145202596	0.800070593425728	-0.000242206251674167	0.943577531969622	1.00000116162077
89.025	6.1	0.999996302807467	0.800070565700407	-0.00023931403382998	0.823566981169792	0.999997042245974
89.175	6.1	0.999988593354862	0.800071132752346	-0.000236832536417258	0.703557072077281	0.99999087468389
89.325	6.1	0.999982834774397	0.800072277022395	-0.00023475903834265	0.583547831504348	0.999986267819518
89.475	6.1	0.999987050743769	0.800073408290494	-0.000233086827135135	0.463538684876554	0.999989640595015
89.625	6.1	1.00000910386383	0.800073253325637	-0.000231804635038744	0.343528295382501	1.00000728309107
89.775	6.1	1.00004875538323	0.800059938289705	-0.000230900421598731	0.223514960651759	1.00003900430659
89.925	6.1	1.0000881416352	0.400088661464603	-0.000230394251812032	0.103500952048084	1.00007051330816
0.075	6.3	8.4407458620263e-31	0.399999887295667	-3.24450671144436e-05	36.0880360285101	0.2
0.225	6.3	4.89147146514558e-30	0.799999662538136	-3.24815407020261e-05	36.0640360352723	0.2
0.375	6.3	-5.53127529756128e-30	0.799999439714762	-3.255477682485e-05	36.0400360487578	0.2
0.525	6.3	4.28438974871474e-30	0.799999220056353	-3.26653466050853e-05	36.0160360688894	0.2
0.675	6.3	-1.99339799256508e-29	0.79999900470675	-3.28140903302841e-05	35.9920360955544	0.2
0.825	6.3	-3.42911190120728e-30	0.799998794693517	-3.3002097131395e-05	35.968036128607	0.2
0.975	6.3	-3.72193491390112e-29	0.799998590903803	-3.32306820720729e-05	35.9440361678728	0.2
1.125	6.3	-2.00657550699545e-30	0.799998394064561	-3.35013578849028e-05	35.9200362131528	0.2
1.275	6.3	-2.94053444465209e-29	0.799998204727693	-3.38158048909551e-05	35.8960362642289	0.2
1.425	6.3	4.42585283849319e-29	0.799998023266303	-3.41758411307916e-05	35.8720363208691	0.2
1.575	6.3	3.50417174184688e-29	0.799997849868778	-3.45833916718528e-05	35.848036382833	0.2
1.725	6.3	1.44563516539368e-28	0.799997684546745	-3.50404605767056e-05	35.824036449877	0.2
1.875	6.3	1.19669107590401e-28	0.799997527141798	-3.55491043634694e-05	35.8000365217601	0.2
2.025	6.3	1.9918662513292e-28	0.799997377338979	-3.61114104564948e-05	35.7760365982485	0.2
2.175	6.3	5.77667350619232e-29	0.799997234683687	-3.67294786495044e-05	35.7520366791198	0.2
2.325	6.3	2.33856952584402e-30	0.799997098598743	-3.74054069188353e-05	35.7280367641675	0.2
2.475	6.3	-3.32284547559228e-28	0.799996968404894	-3.81412821193322e-05	35.7040368532039	0.2
2.625	6.3	-5.01182985292995e-28	0.799996843340339	-3.89391741108845e-05	35.6800369460632	0.2
2.775	6.3	-8.66564834169554e-28	0.799996722579853	-3.98011350038268e-05	35.6560370426035	0.2
2.925	6.3	-8.01031698747843e-28	0.799996605253952	-4.07292001942276e-05	35.6320371427084	0.2
3.075	6.3	-7.1590979223612e-28	0.799996490464869	-4.17253939411081e-05	35.6080372462882	0.2
3.225	6.3	9.75398243656082e-29	0.799996377303605	-4.27917374698528e-05	35.5840373532805	0.2
3.375	6.3	9.41293998665193e-28	0.799996264861003	-4.39302573224827e-05	35.56003746365	0.2
3.525	6.3	2.36789618165401e-27	0.799996152241005	-4.51429979612188e-05	35.5360375773888	0.2
3.675	6.3	3.14041427173942e-27	0.799996038567024	-4.64320324971499e-05	35.5120376945156	0.2
3.825	6.3	3.64679148277421e-27	0.799995922990663	-4.77994765328593e-05	35.4880378150748	0.2
3.975	6.3	2.3496596452241e-27	0.799995804697303	-4.92475005173574e-05	35.4640379391361	0.2
4.125	6.3	1.82350860570171e-28	0.799995682906283	-5.07783434940051e-05	35.440038066793	0.2
4.275	6.3	-3.76814894654292e-27	0.799995556875569	-5.2394324890468e-05	35.4160381981617	0.2
4.425	6.3	-6.99857953091341e-27	0.799995425900442	-5.4097857484361e-05	35.3920383333804	0.2
4.575	6.3	-9.41790417640808e-27	0.799995289313266	-5.58914596803812e-05	35.3680384726077	0.2
4.725	6.3	-7.58561660491529e-27	0.799995146481752	-5.7777766294399e-05	35.3440386160216	0.2
4.875	6.3	-2.73943303244882e-27	0.799994996805513	-5.9759539215852e-05	35.3200387638188	0.2
5.025	6.3	5.96495041033613e-27	0.799994839715036	-6.18396779021988e-05	35.2960389162133	0.2
5.175	6.3	1.20340597342045e-26	0.799994674666004	-6.40212283780316e-05	35.2720390734359	0.2
5.325	6.3	1.20138620485362e-26	0.799994501137454	-6.63073933877668e-05	35.2480392357334	0.2
5.475	6.3	-2.93443723211397e-27	0.799994318627081	-6.87015397278811e-05	35.2240394033677	0.2
5.625	6.3	-3.03336727194206e-26	0.799994126647266	-7.12072073751997e-05	35.2000395766157	0.2
5.775	6.3	-6.46821283198716e-26	0.799993924721661	-7.38281170523811e-05	35.1760397557688	0.2
5.925	6.3	-7.86878714225333e-26	0.799993712380991	-7.65681775684769e-05	35.1520399411324	0.2
6.075	6.3	-4.25899974605474e-26	0.799993489160015	-7.94314944707477e-05	35.128040133026	0.2
6.225	6.3	8.27531635359074e-26	0.799993254593089	-8.24223762040411e-05	35.1040403317828	0.2
6.375	6.3	3.01096068204812e-25	0.7999930082108	-8.55453424313198e-05	35.0800405377504	0.2
6.525	6.3	5.73533947894973e-25	0.799992749538054	-8.88051312708554e-05	35.0560407512902	0.2
6.675	6.3	7.65855292187459e-25	0.799992478088863	-9.22067068790248e-05	35.0320409727781	0.2
6.825	6.3	6.76987055674444e-25	0.79999219336499	-9.57552670916508e-05	35.0080412026048	0.2
6.975	6.3	5.47923027858097e-26	0.799991894853105	-9.94562520194155e-05	34.9840414411762	0.2
7.125	6.3	-1.25254680799315e-24	0.799991582020271	-0.000103315351397259	34.9600416889137	0.2
7.275	6.3	-3.16116577402081e-24	0.799991254313719	-0.000107338513855097	34.936041946255	0.2
7.425	6.3	-5.11726372745137e-24	0.799990911157604	-0.00011153195557775	34.9120422136548	0.2
7.575	6.3	-6.0376654256134e-24	0.799990551949274	-0.000115902169650342	34.8880424915855	0.2
7.725	6.3	-4.36513551006239e-24	0.799990176057976	-0.000120455935372309	34.8640427805379	0.2
7.875	6.3	1.40911230610307e-24	0.799989782823741	-0.00012520032902669	34.840043081022	0.2
8.025	6.3	1.19260395397242e-23	0.799989371552504	-0.000130142733670551	34.8160433935685	0.2
8.175	6.3	2.56946569185317e-23	0.799988941516027	-0.00013529085080452	34.7920437187289	0.2
8.325	6.3	3.80401847695218e-23	0.799988491948556	-0.000140652711846026	34.7680440570775	0.2
8.475	6.3	4.06549620246865e-23	0.799988022043417	-0.000146236689648901	34.744044409212	0.2
8.625	6.3	2.29774764004834e-23	0.799987530953826	-0.000152051511849476	34.7200447757549	0.2
8.775	6.3	-2.41230503218457e-23	0.799987017787066	-0.000158106273756466	34.6960451573548	0.2
8.925	6.3	-1.01784615084992e-22	0.799986481602891	-0.000164410451963301	34.6720455546877	0.2
9.075	6.3	-1.95171577248796e-22	0.799985921412799	-0.000170973919246101	34.6480459684586	0.2
9.225	6.3	-2.66652684698774e-22	0.799985336174259	-0.000177806959238493	34.6240463994029	0.2
9.375	6.3	-2.55596212382972e-22	0.79998472478936	-0.000184920282432445	34.6000468482881	0.2
9.525	6.3	-9.06528952893921e-23	0.799984086101754	-0.000192325042273363	34.5760473159155	0.2
9.675	6.3	2.79836621538999e-22	0.799983418893621	-0.000200032853223305	34.552047803122	0.2
9.825	6.3	8.39789389090028e-22	0.799982721880622	-0.000208055806741605	34.5280483107819	0.2
9.975	6.3	1.44982118414327e-21	0.799981993710775	-0.000216406492106947	34.5040488398092	0.2
10.125	6.3	1.81020201592964e-21	0.799981232957958	-0.000225098014587966	34.4800493911593	0.2
10.275	6.3	1.48207463424302e-21	0.799980438119611	-0.000234144015835351	34.4560499658317	0.2
10.425	6.3	1.20888288950552e-23	0.79997960761165	-0.000243558695175445	34.4320505648721	0.2
10.575	6.3	-2.814820102604e-21	0.7999787397631	-0.000253356831945519	34.408051189375	0.2
10.725	6.3	-6.6239608831991e-21	0.799977832813389	-0.000263553808034974	34.3840518404863	0.2
10.875	6.3	-1.01220971279132e-20	0.799976884903965	-0.000274165631199321	34.3600525194062	0.2
11.025	6.3	-1.1012332378331e-20	0.79997589407402	-0.000285208961094074	34.3360532273921	0.2
11.175	6.3	-6.43255699379675e-21	0.799974858255303	-0.000296701134787613	34.3120539657618	0.2
11.325	6.3	5.8683474877382e-21	0.799973775264617	-0.000308660193284907	34.2880547358968	0.2
11.475	6.3	2.56507239744095e-20	0.799972642795473	-0.000321104909684221	34.2640555392459	0.2
11.625	6.3	4.8091881530429e-20	0.799971458413069	-0.000334054818829497	34.240056377329	0.2
11.775	6.3	6.25331574025562e-20	0.799970219545885	-0.000347530247829752	34.2160572517411	0.2
11.925	6.3	5.35542282666085e-20	0.799968923474872	-0.000361552346996594	34.1920581641563	0.2
12.075	6.3	5.80674890695154e-21	0.799967567326448	-0.000376143123134284	34.1680591163326	0.2
12.225	6.3	-8.69257419121784e-20	0.799966148062783	-0.000391325474925991	34.1440601101167	0.2
12.375	6.3	-2.10022449349793e-19	0.799964662468747	-0.000407123227023822	34.1200611474489	0.2
12.525	6.3	-3.18248748005238e-19	0.799963107144705	-0.000423561168045453	34.0960622303686	0.2
12.675	6.3	-3.35301047631707e-19	0.79996147848919	-0.000440665089554886	34.0720633610202	0.2
12.825	6.3	-1.71206647849329e-19	0.799959772691115	-0.000458461826332782	34.0480645416592	0.2
12.975	6.3	2.37004402788316e-19	0.799957985711969	-0.000476979297928826	34.0240657746587	0.2
13.125	6.3	8.64625042247856e-19	0.799956113272392	-0.00049624655246807	34.0000670625165	0.2
13.275	6.3	1.53671484012896e-18	0.79995415083584	-0.000516293813148814	33.9760684078624	0.2
13.425	6.3	1.8985004184774e-18	0.799952093591693	-0.000537152524429378	33.9520698134663	0.2
13.575	6.3	1.465251797858e-18	0.799949936435942	-0.000558855402544068	33.9280712822469	0.2
13.725	6.3	-2.07992756808476e-19	0.799947673951434	-0.000581436485228143	33.9040728172802	0.2
13.875	6.3	-3.23072258853577e-18	0.799945300385959	-0.000604931187985268	33.8800744218098	0.2
14.025	6.3	-7.01817446865262e-18	0.79994280963094	-0.00062937635831544	33.856076099257	0.2
14.175	6.3	-1.00239504711165e-17	0.799940195194285	-0.000654810333925291	33.8320778532319	0.2
14.325	6.3	-9.8013730107712e-18	0.799937450174565	-0.000681273003679081	33.8080796875453	0.2
14.475	6.3	-3.64597030578513e-18	0.799934567232555	-0.000708805871752225	33.7840816062215	0.2
14.625	6.3	1.00465684165145e-17	0.799931538560654	-0.000737452122976115	33.7600836135114	0.2
14.775	6.3	2.98748217809612e-17	0.799928355847491	-0.00076725669161192	33.7360857139078	0.2
14.925	6.3	4.96137860221286e-17	0.799925010244881	-0.000798266333609328	33.7120879121605	0.2
15.075	6.3	5.76275796392946e-17	0.799921492327172	-0.00083052970229607	33.6880902132931	0.2
15.225	6.3	3.89370009060587e-17	0.799917792050073	-0.000864097426130524	33.6640926226209	0.2
15.375	6.3	-1.89381543921214e-17	0.799913898705048	-0.000899022190622298	33.6400951457701	0.2
15.525	6.3	-1.16472237999729e-16	0.799909800873377	-0.000935358824684794	33.6160977886986	0.2
15.675	6.3	-2.31316612978338e-16	0.799905486370379	-0.000973164389944079	33.5921005577177	0.2
15.825	6.3	-3.11363055438797e-16	0.799900942192825	-0.00101249827459954	33.5681034595164	0.2
15.975	6.3	-2.79161376440214e-16	0.799896154454825	-0.00105342229127374	33.5441065011862	0.2
16.125	6.3	-5.50730720795012e-17	0.799891108323921	-0.00109600078090211	33.5201096902491	0.2
16.275	6.3	3.97959096511042e-16	0.799885787952356	-0.00114030071924141	33.4961130346867	0.2
16.425	6.3	1.0152881403343e-15	0.799880176395923	-0.0011863918313353	33.472116542972	0.200000000000001
16.575	6.3	1.579143609014e-15	0.799874255536999	-0.00123434670937581	33.448120224103	0.200000000000001
16.725	6.3	1.7118299502998e-15	0.799868005991474	-0.00128424093812255	33.4241240876397	0.200000000000001
16.875	6.3	9.56724947400335e-16	0.799861407015417	-0.00133615322542802	33.4001281437435	0.200000000000001
17.025	6.3	-1.02327842054382e-15	0.799854436399779	-0.00139016554123731	33.3761324032188	0.199999999999999
17.175	6.3	-4.14304770015985e-15	0.799847070358951	-0.00144636326275573	33.3521368775595	0.199999999999997
17.325	6.3	-7.57405530521469e-15	0.799839283409847	-0.00150483532773042	33.3281415789973	0.199999999999994
17.475	6.3	-9.57686766851024e-15	0.799831048241365	-0.00156567439669051	33.3041465205549	0.199999999999992
17.625	6.3	-7.72048726364736e-15	0.799822335572306	-0.00162897702447891	33.2801517161028	0.199999999999994
17.775	6.3	3.00057551343429e-16	0.799813113997874	-0.00169484384138509	33.2561571804206	0.2
17.925	6.3	1.52012971135406e-14	0.799803349827381	-0.00176337974559264	33.2321629292629	0.200000000000012
18.075	6.3	3.42943801289353e-14	0.799793006902738	-0.00183469410655215	33.2081689794309	0.200000000000027
18.225	6.3	5.00666768846674e-14	0.799782046406352	-0.00190890098256076	33.1841753488487	0.20000000000004
18.375	6.3	5.03432726004374e-14	0.799770426652658	-0.00198611935002968	33.1601820566465	0.20000000000004
18.525	6.3	2.13225136310757e-14	0.799758102861746	-0.00206647335197864	33.1361891232496	0.200000000000017
18.675	6.3	-4.57658776822705e-14	0.799745026916402	-0.00215009255742618	33.1121965704748	0.199999999999963
18.825	6.3	-1.45094589930542e-13	0.799731147094766	-0.00223711224438818	33.0882044216346	0.199999999999884
18.975	6.3	-2.46808811018514e-13	0.799716407788816	-0.00232767370036757	33.0642127016491	0.199999999999803
19.125	6.3	-2.93372457199643e-13	0.799700749191666	-0.00242192454387785	33.0402214371673	0.199999999999765
19.275	6.3	-2.08907049329703e-13	0.799684106964983	-0.00252001907343552	33.0162306566977	0.199999999999833
19.425	6.3	7.25180329510894e-14	0.799666411876959	-0.00262211863993359	32.9922403907495	0.200000000000058
19.575	6.3	5.5953016751271e-13	0.799647589410054	-0.00272839205086603	32.9682506719851	0.200000000000448
19.725	6.3	1.14796304410853e-12	0.799627559339599	-0.00283901600605216	32.9442615353848	0.200000000000918
19.875	6.3	1.58251760851206e-12	0.799606235273662	-0.0029541755701812	32.9202730184245	0.200000000001266
20.025	6.3	1.47305721439895e-12	0.79958352415923	-0.00307406468585437	32.896285161268	0.200000000001178
20.175	6.3	4.04046309705812e-13	0.799559325746691	-0.00319888673045841	32.8722980069746	0.200000000000323
20.325	6.3	-1.84489609275073e-12	0.799533532010031	-0.00332885512351774	32.8483116017232	0.199999999998524
20.475	6.3	-4.99839749615426e-12	0.799506026521128	-0.00346419398984342	32.8243259950544	0.199999999996001
20.625	6.3	-8.00971702270729e-12	0.799476683772198	-0.00360513888386169	32.8003412401329	0.199999999993592
20.775	6.3	-8.99279924462869e-12	0.799445368444605	-0.00375193758384976	32.7763573940296	0.199999999992806
20.925	6.3	-5.58407753913882e-12	0.799411934619443	-0.00390485096322356	32.7523745180279	0.199999999995533
21.075	6.3	4.09918288336427e-12	0.799376224921645	-0.00406415394997707	32.7283926779535	0.200000000003279
21.225	6.3	1.99379682529413e-11	0.799338069601908	-0.00423013658226977	32.7044119445318	0.20000000001595
21.375	6.3	3.81189372661442e-11	0.79929728554066	-0.00440310517331566	32.6804323937736	0.200000000030495
21.525	6.3	5.01036995372957e-11	0.799253675177529	-0.00458338360092325	32.656454107392	0.200000000040083
21.675	6.3	4.34399268888314e-11	0.799207025355531	-0.00477131473011096	32.6324771732533	0.200000000034752
21.825	6.3	5.55968661977477e-12	0.79915710607532	-0.00496726199294906	32.6085016858624	0.200000000004448
21.975	6.3	-6.90182170439363e-11	0.799103669152656	-0.00517161113966315	32.5845277468877	0.199999999944785
22.125	6.3	-1.69272310900225e-10	0.799046446773629	-0.00538477218507916	32.5605554657265	0.199999999864582
22.275	6.3	-2.59562939568387e-10	0.798985149939555	-0.00560718157742705	32.5365849601138	0.19999999979235
22.425	6.3	-2.78654030639524e-10	0.798919466798023	-0.00583930461961593	32.5126163567799	0.199999999777077
22.575	6.3	-1.5269005299939e-10	0.798849060857206	-0.0060816381794228	32.4886497921593	0.199999999877848
22.725	6.3	1.73149302242877e-10	0.798773569079471	-0.0063347137280423	32.4646854131577	0.200000000138519
22.875	6.3	6.86237985479184e-10	0.798692599853211	-0.00659910074931841	32.4407233779813	0.20000000054899
23.025	6.3	1.25458524998857e-09	0.798605730838518	-0.0068754105632755	32.416763857035	0.200000001003668
23.175	6.3	1.59823586257459e-09	0.798512506677077	-0.00716430060372179	32.3928070338906	0.200000001278589
23.325	6.3	1.32080362744093e-09	0.798412436555542	-0.00746647919679203	32.3688531063281	0.200000001056643
23.475	6.3	3.55198978571995e-11	0.798304991599514	-0.0077827108859725	32.3449022874442	0.200000000028416
23.625	6.3	-2.40404866660209e-09	0.798189602083267	-0.00811382237516532	32.3209548068253	0.199999998076761
23.775	6.3	-5.60950582002966e-09	0.798065654445645	-0.00846070919170789	32.2970109117797	0.199999995512395
23.925	6.3	-8.41218868581833e-09	0.797932488132971	-0.00882434322923498	32.273070868633	0.199999993270249
24.075	6.3	-8.84954168852486e-09	0.797789392327977	-0.0092057813834821	32.2491349641027	0.199999992920367
24.225	6.3	-4.59248542305863e-09	0.797635602670773	-0.00960617555299186	32.2252035067877	0.199999996326012
24.375	6.3	6.04650624363452e-09	0.797470298108914	-0.0100267842723876	32.2012768288216	0.200000004837205
24.525	6.3	2.25933480776348e-08	0.797292598013997	-0.0104689861760586	32.1773552877439	0.200000018074678
24.675	6.3	4.07979057126096e-08	0.797101559615515	-0.0109342953164374	32.1534392686175	0.200000032638325
24.825	6.3	5.1755735368796e-08	0.796896175664493	-0.011424378114433	32.1295291863621	0.200000041404588
24.975	6.3	4.28962836186583e-08	0.796675372024863	-0.0119410714912598	32.1056254881791	0.200000034317027
25.125	6.3	1.88993738312154e-09	0.796438004735601	-0.0124864016774345	32.0817286558388	0.20000000151195
25.275	6.3	-7.6206451076824e-08	0.79618285607465	-0.0130626035498716	32.0578392075337	0.199999939034839
25.425	6.3	-1.79780132222618e-07	0.795908629499659	-0.0136721412827455	32.0339576990361	0.199999856175894
25.575	6.3	-2.72844301689529e-07	0.795613944135326	-0.0143177326597926	32.010084724105	0.199999781724559
25.725	6.3	-2.9406528912709e-07	0.795297330688115	-0.0150023812652364	31.9862209144869	0.199999764747769
25.875	6.3	-1.69003482826765e-07	0.794957232005321	-0.0157294222131287	31.9623669403923	0.199999864797214
26.025	6.3	1.59953305616734e-07	0.794592012348069	-0.016502586889273	31.9385235128107	0.200000127962645
26.175	6.3	6.87404620349405e-07	0.794199978899319	-0.0173260890165795	31.914691389148	0.200000549923696
26.325	6.3	1.29400431054886e-06	0.79377941627462	-0.0182047273387888	31.8908713830519	0.200001035203448
26.475	6.3	1.71445522507843e-06	0.793328629508919	-0.0191439898534248	31.8670643776546	0.20000137156418
26.625	6.3	1.55755825733644e-06	0.792845984032592	-0.0201501336663333	31.8432713388511	0.200001246046606
26.775	6.3	4.10899067150361e-07	0.792329925128184	-0.021230208929767	31.8194933222357	0.200000328719254
26.925	6.3	-1.95556783296449e-06	0.791778958642206	-0.0223920028900912	31.7957314652071	0.199998435545734
27.075	6.3	-5.31345241373569e-06	0.791191584521246	-0.023643908612736	31.7719869563278	0.199995749238069
27.225	6.3	-8.71324264467542e-06	0.790566199029816	-0.0249947756301815	31.748260979086	0.199993029405884
27.375	6.3	-1.03829080132489e-05	0.789901019762701	-0.0264538694412489	31.7245546376008	0.199991693673589
27.525	6.3	-7.97032311093663e-06	0.789194131197414	-0.0280311307745763	31.7008688862529	0.199993623741511
27.675	6.3	7.19645677797242e-07	0.788443778692367	-0.029737944248343	31.6772044993607	0.200000575716542
27.825	6.3	1.64749917334239e-05	0.787649027853939	-0.0315885499335518	31.6535621233554	0.200013179993387
27.975	6.3	3.71374046951736e-05	0.786810825198667	-0.0336020190177028	31.6299424433268	0.200029709923756
28.125	6.3	5.6311605773593e-05	0.785933329991714	-0.0358043626711189	31.6063464610165	0.200045049284619
28.275	6.3	6.31428883952905e-05	0.785025153941987	-0.0382299173480384	31.582775821807	0.200050514310716
28.425	6.3	4.40739978641521e-05	0.784099911618527	-0.0409208041636968	31.5592330552787	0.200035259198291
28.575	6.3	-1.27844984852078e-05	0.783175366224449	-0.0439232236503877	31.5357215330896	0.199989772401212
28.725	6.3	-0.000110802718503735	0.782270599240545	-0.0472798723381829	31.5122449363062	0.199911357825197
28.875	6.3	-0.000236855804061286	0.781401178347562	-0.0510190453626115	31.4888060997853	0.199810515356751
29.025	6.3	-0.000354997262302825	0.780573328207987	-0.0551430349814831	31.4654052846624	0.199716002190158
29.175	6.3	-0.000405642622108481	0.779779567280219	-0.0596209228005487	31.4420382044276	0.199675485902313
29.325	6.3	-0.000314204660786921	0.778999827867858	-0.0643929104541887	31.4186944254644	0.19974863627137
29.475	6.3	-1.15734629014318e-05	0.778212956660077	-0.06939339074639	31.3953569584459	0.199990741229679
29.625	6.3	0.000534588248968628	0.777422544097094	-0.0745962413490912	31.3720038096533	0.200427670599175
29.775	6.3	0.00128362667554616	0.776697341936979	-0.0800776520112495	31.3486118615705	0.201026901340437
29.925	6.3	0.00209166579313619	0.776220615031875	-0.0860813403642315	31.3251626916746	0.201673332634509
30.075	6.3	0.00270144055561396	0.776337208520183	-0.0930633491455453	31.3016489620825	0.202161152444491
30.225	6.3	0.00276538908792599	0.777584985685274	-0.101693382163055	31.2780791242466	0.202212311270341
30.375	6.3	0.00190880737011271	0.780698788709646	-0.112796186978076	31.2544777849332	0.20152704589609
30.525	6.3	-0.000171681575884519	0.786575599201079	-0.127223263896368	31.2308795480597	0.199862654739292
30.675	6.3	-0.00359298899086352	0.796182792375768	-0.145646321764522	31.2073156587103	0.197125608807309
30.825	6.3	-0.00818379045418616	0.810376735508645	-0.168264112738455	31.183795142759	0.193452967636651
30.975	6.3	-0.0134299755238588	0.829591354731754	-0.194434331946831	31.160284723394	0.189256019580913
31.125	6.3	-0.0184945472949688	0.853393995908585	-0.222312125135084	31.1366935954564	0.185204362164025
31.275	6.3	-0.0223229078764928	0.880036883891695	-0.24870209624588	31.1128690361879	0.182141673698806
31.425	6.3	-0.0238219883475021	0.906333683058188	-0.269427249394451	31.0886061781718	0.180942409321998
31.575	6.3	-0.0220776801427339	0.92824669484887	-0.280387512654177	31.0636707761093	0.182337855885813
31.725	6.3	-0.0165562847660392	0.942183826950315	-0.278999493333403	31.0378298245502	0.186754972187169
31.875	6.3	-0.00723247830252494	0.946329315079727	-0.265198172129386	31.0108835217901	0.19421401735798
32.025	6.3	0.00539384143062339	0.941140808356115	-0.241307193013833	30.9826926991426	0.204315073144499
32.175	6.3	0.0203925664888179	0.928803850878801	-0.210923126865496	30.9531967458605	0.216314053191054
32.325	6.3	0.0365758921808237	0.912197412034344	-0.177623778170447	30.9224187014617	0.229260713744659
32.475	6.3	0.0526968560639525	0.894024190003459	-0.14416533673708	30.8904574369328	0.242157484851162
32.625	6.3	0.0676259525581796	0.876372792145538	-0.11227892901932	30.8574703066875	0.254100762046544
32.775	6.3	0.0804745752893282	0.860639619217994	-0.0828328158109367	30.8236513386365	0.264379660231463
32.925	6.3	0.0906545317522068	0.847636908726586	-0.0561063235900181	30.7892096236543	0.272523625401765
33.075	6.3	0.0978801626204411	0.837753842301174	-0.0320345237110787	30.7543510136193	0.278304130096353
33.225	6.3	0.102129946427881	0.83110385303683	-0.0103810781893114	30.7192645173594	0.281703957142305
33.375	6.3	0.103587258226103	0.827636233943861	0.00915457880941052	30.6841134403603	0.282869806580883
33.525	6.3	0.102576939011544	0.827211264598019	0.0268754441559675	30.6490305269349	0.282061551209235
33.675	6.3	0.0995084431323375	0.829644909647432	0.0430518178887633	30.6141160926192	0.27960675450587
33.825	6.3	0.094830078990607	0.834730315792675	0.0579004086015373	30.5794382307612	0.275864063192486
33.975	6.3	0.0889940376728214	0.842243417448279	0.0715717721443565	30.5450344636439	0.271195230138257
34.125	6.3	0.0824296025872768	0.851939988373331	0.0841453327921947	30.510914511533	0.265943682069821
34.275	6.3	0.0755217259255668	0.863551905192662	0.0956340840872549	30.4770640464207	0.260417380740453
34.425	6.3	0.0685933640172459	0.876790084251505	0.106001119805545	30.4434493339479	0.254874691213797
34.575	6.3	0.0618916826878652	0.891359397139693	0.115187465833575	30.4100225658258	0.249513346150292
34.725	6.3	0.0555796332792085	0.906986408921078	0.12314629131907	30.3767275142071	0.244463706623367
34.875	6.3	0.0497348864938438	0.923454916954043	0.129874535895777	30.3435049880113	0.239787909195075
35.025	6.3	0.0443575038418088	0.940639255226603	0.135431711296924	30.3102975170754	0.235486003073447
35.175	6.3	0.0393862289794061	0.958523696335316	0.139938524137667	30.2770527744471	0.231508983183525
35.325	6.3	0.034721402687226	0.977199172031916	0.143554301766491	30.2437254631866	0.227777122149781
35.475	6.3	0.0302508849486265	0.996834812183362	0.146439322692797	30.2102776898953	0.224200707958901
35.625	6.3	0.0258745593513067	1.01762879930988	0.148713011157338	30.1766781420038	0.220699647481045
35.775	6.3	0.0215232817299155	1.03974825324104	0.150419867778404	30.142900594713	0.217218625383932
35.925	6.3	0.0171694416778798	1.06327018210443	0.151512263192502	30.1089223361094	0.213735553342304
36.075	6.3	0.0128282408690363	1.08813515481104	0.151854374748039	30.0747230024957	0.210262592695229
36.225	6.3	0.00855079531442272	1.11412292103377	0.151246301706286	30.0402841004534	0.206840636251538
36.375	6.3	0.00441170216841948	1.14085521732126	0.149462963031746	30.005589234341	0.203529361734736
36.525	6.3	0.000494428036319016	1.16782584364887	0.146299461452212	29.9706248401895	0.200395542429055
36.675	6.3	-0.00312229552442919	1.19445252421216	0.141613577991918	29.9353811063208	0.197502163580457
36.825	6.3	-0.00637475037808717	1.22014040629665	0.135357089293324	29.8998527528417	0.19490019969753
36.975	6.3	-0.0092200721635608	1.24434480237459	0.127590455956641	29.8640394236669	0.192623942269151
37.125	6.3	-0.0116377083629656	1.26662180493738	0.118479408841602	29.827945572429	0.190689833309628
37.275	6.3	-0.0136273962407884	1.28665932426512	0.108275967830753	29.7915798534119	0.189098083007369
37.425	6.3	-0.0152049679291255	1.30428641776202	0.0972893410227037	29.7549541289184	0.1878360256567
37.575	6.3	-0.0163972890664008	1.3194636434055	0.0858532738221912	29.7180822603028	0.186882168746879
37.725	6.3	-0.0172373641341073	1.33226024364206	0.0742957410007868	29.6809788607397	0.186210108692714
37.875	6.3	-0.0177602555820135	1.34282486527228	0.062914997453316	29.6436581628702	0.185791795534389
38.025	6.3	-0.0180000946370983	1.35135568223471	0.0519637633449321	29.6061331078975	0.185599924290321
38.175	6.3	-0.0179881837587521	1.35807402487794	0.041641412333916	29.5684147091765	0.185609452992998
38.325	6.3	-0.017752025412108	1.36320369538379	0.0320928084883234	29.5305116948331	0.185798379670314
38.475	6.3	-0.0173150448386865	1.36695655482767	0.0234119179884279	29.4924303978477	0.186147964129051
38.625	6.3	-0.0166967755945193	1.36952389589802	0.0156483288863365	29.4541748409129	0.186642579524385
38.775	6.3	-0.0159133146042941	1.37107254864971	0.00881511671164663	29.4157469560525	0.187269348316565
38.925	6.3	-0.0149779040273431	1.37174448410499	0.00289690467792815	29.3771468821088	0.188017676778126
39.075	6.3	-0.0139015450670868	1.37165873985604	-0.00214263578894383	29.3383732927421	0.188878763946331
39.225	6.3	-0.0126935866083649	1.37091467341405	-0.00635427175861653	29.2994237199067	0.189845130713308
39.375	6.3	-0.0113622573789484	1.36959577047929	-0.00979786713583281	29.2602948501307	0.190910194096841
39.525	6.3	-0.00991512526782898	1.36777344702287	-0.0125382311969919	29.2209827815938	0.192067899785737
39.675	6.3	-0.00835947495394156	1.36551046655216	-0.014642071209307	29.181483238125	0.193312420036847
39.825	6.3	-0.0067025983954172	1.36286374183172	-0.0161759012693115	29.1417917417313	0.194637921283666
39.975	6.3	-0.00495199433494403	1.35988640532596	-0.0172047289971724	29.1019037484141	0.196038404532045
40.125	6.3	-0.00311547479389387	1.35662912163263	-0.0177913341273307	29.0618147533578	0.197507620164885
40.275	6.3	-0.00120117966737487	1.35314068407018	-0.0179959618144222	29.0215203716361	0.1990390562661
40.425	6.3	0.000782494781180709	1.34946799034131	-0.0178762736637179	28.9810163999321	0.200625995824945
40.575	6.3	0.00282704204349945	1.34565553028876	-0.0174874268575216	28.9402988638173	0.2022616336348
40.725	6.3	0.00492404884815185	1.34174454266236	-0.0168821826710064	28.8993640541723	0.203939239078521
40.875	6.3	0.00706543403888466	1.33777200676059	-0.0161109770092307	28.8582085554968	0.205652347231108
41.025	6.3	0.00924369815769732	1.3337696291278	-0.0152219146395438	28.8168292681972	0.207394958526158
41.175	6.3	0.0114521588718436	1.3297629664634	-0.0142606739675413	28.7752234264219	0.209161727097475
41.325	6.3	0.0136851500688788	1.3257707953739	-0.0132703289915523	28.7333886125884	0.210948120055103
41.475	6.3	0.0159381673978799	1.32180480222309	-0.0122911090190252	28.6913227693494	0.212750533918304
41.625	6.3	0.0182079496535213	1.31786962578861	-0.0113601251030027	28.6490242093658	0.214566359722817
41.775	6.3	0.0204924926683403	1.31396324654091	-0.0105110952831032	28.606491622891	0.216393994134672
41.925	6.3	0.022790999298289	1.31007768292261	-0.00977409947462705	28.5637240828463	0.218232799438631
42.075	6.3	0.0251037748164492	1.30619992989496	-0.00917539024845667	28.5207210468231	0.220083019853159
42.225	6.3	0.0274320810089426	1.30231305971213	-0.00873727885745247	28.4774823553153	0.221945664807154
42.375	6.3	0.0297779642431173	1.29839739974664	-0.00847810788207171	28.4340082254757	0.223822371394494
42.525	6.3	0.0321440729171273	1.29443170584913	-0.00841231367254295	28.3902992398082	0.225715258333702
42.675	6.3	0.0345334781948736	1.29039426080682	-0.00855057424606801	28.3463563294114	0.227626782555899
42.825	6.3	0.0369495093142048	1.28626384328946	-0.00890003218945344	28.3021807516634	0.229559607451364
42.975	6.3	0.0393956114947811	1.28202053094315	-0.00946457776682131	28.257774062528	0.231516489195825
43.125	6.3	0.0418752310068767	1.27764631977815	-0.0102451749964096	28.2131380839431	0.233500184805501
43.275	6.3	0.0443917286464025	1.27312555890291	-0.0112402128929799	28.1682748669928	0.235513382917122
43.425	6.3	0.0469483199453216	1.26844521373045	-0.0124458650975946	28.1231866517664	0.237558655956257
43.575	6.3	0.0495480380964151	1.2635949813482	-0.013856443352012	28.0778758249544	0.239638430477132
43.725	6.3	0.0521937139011381	1.25856728851266	-0.0154647332480962	28.0323448763397	0.24175497112091
43.875	6.3	0.0548879661552016	1.25335720580849	-0.0172623039170796	27.9865963554079	0.243910372924161
44.025	6.3	0.0576331958678447	1.24796231111959	-0.01923978634349	27.9406328292969	0.246106556694276
44.175	6.3	0.0604315786664866	1.24238253200995	-0.0213871173417072	27.8944568432258	0.248345262933189
44.325	6.3	0.0632850517346493	1.23661999015017	-0.0236937474924774	27.8480708843243	0.250628041387719
44.475	6.3	0.0661952946426512	1.23067886182884	-0.0261488110860138	27.8014773494041	0.252956235714121
44.625	6.3	0.0691637072684079	1.22456525714154	-0.0287412540084718	27.7546785166459	0.255330965814726
44.775	6.3	0.0721913922537132	1.21828710723309	-0.0314599113006951	27.7076765204614	0.257753113802971
44.925	6.3	0.0752791534303447	1.21185403495794	-0.0342935198945768	27.6604733280273	0.260223322744276
45.075	6.3	0.0784275244996299	1.20527717126118	-0.0372306443259224	27.613070715364	0.262742019599704
45.225	6.3	0.0816368429950095	1.19856886999053	-0.0402594853381964	27.5654702405809	0.265309474396008
45.375	6.3	0.0849073823664751	1.19174227122116	-0.0433675353844575	27.5176732122866	0.26792590589318
45.525	6.3	0.0882395494584255	1.18481067157746	-0.0465410442088949	27.4696806522985	0.27059163956674
45.675	6.3	0.0916341458999564	1.17778668365057	-0.0497642657111866	27.4214932536271	0.273307316719965
45.825	6.3	0.0950926809253046	1.17068120870382	-0.0530184780391968	27.3731113368454	0.276074144740244
45.975	6.3	0.0986177114551824	1.16350230847499	-0.056280805403161	27.3245348095902	0.278894169164146
46.125	6.3	0.102213174675503	1.15625414022164	-0.0595229235931784	27.2757631339526	0.281770539740403
46.275	6.3	0.10588467016578	1.14893620604433	-0.0627097995382718	27.22679530364	0.284707736132624
46.425	6.3	0.109639642936686	1.1415432481493	-0.0657986921177506	27.1776298260975	0.287711714349349
46.575	6.3	0.113487413830907	1.13406617458022	-0.0687387154697916	27.1282646941613	0.290789931064725
46.725	6.3	0.117438996245526	1.1264943982926	-0.0714713207549649	27.0786973186788	0.293951196996421
46.875	6.3	0.121506624208697	1.11881988829142	-0.0739320666956053	27.028924381125	0.297205299366957
47.025	6.3	0.125702894720149	1.11104304253107	-0.0760539991187309	26.9789415587276	0.300562315776119
47.175	6.3	0.130039400805333	1.10318019112514	-0.0777728210165727	26.928743080188	0.304031520644266
47.325	6.3	0.134524713900113	1.09527214405936	-0.0790337887390073	26.8783210934118	0.307619771120091
47.475	6.3	0.139161588418772	1.08739276456099	-0.0797999136963293	26.827664870307	0.311329270735018
47.625	6.3	0.143943338320663	1.07965617069205	-0.0800606087355894	26.7767599344938	0.315154670656531
47.775	6.3	0.148849503186362	1.07222096510156	-0.0798394645646443	26.725587264838	0.31907960254909
47.925	6.3	0.153841188878607	1.06528998675704	-0.0791994940541117	26.674122782677	0.323072951102885
48.075	6.3	0.158856807096246	1.0591045405095	-0.0782440926704404	26.6223373508974	0.327085445676996
48.225	6.3	0.163809271099498	1.05393286029211	-0.0771122666022205	26.5701974784817	0.331047416879598
48.375	6.3	0.168585908142253	1.05005353862033	-0.0759674240383421	26.5176668256081	0.334868726513802
48.525	6.3	0.173052282476442	1.04773554527979	-0.0749801120218203	26.464708451107	0.338441825981153
48.675	6.3	0.177060681406781	1.04721699170207	-0.0743062678703013	26.4112875662812	0.341648545125425
48.825	6.3	0.180463192102596	1.04868482795704	-0.074063530878046	26.3573744026133	0.344370553682076
48.975	6.3	0.183128217944283	1.05225725276898	-0.0743086838929055	26.3029467138287	0.346502574355427
49.125	6.3	0.184958210926818	1.05797003425257	-0.0750192990020443	26.2479914485227	0.347966568741455
49.275	6.3	0.185905655863521	1.06576750309906	-0.076082271098592	26.1925052530336	0.348724524690816
49.425	6.3	0.185984209758885	1.07549889625679	-0.0772913534291913	26.1364936687379	0.348787367807108
49.575	6.3	0.185272495076056	1.08692095653445	-0.0783552141945856	26.0799691243022	0.348217996060845
49.725	6.3	0.183909276626781	1.09970793097046	-0.0789168905758417	26.0229480375296	0.347127421301425
49.875	6.3	0.182080346315518	1.11346991007358	-0.0785846254321618	25.9654474908234	0.345664277052414
50.025	6.3	0.179999045068384	1.12777941984583	-0.0769726787496323	25.9074820060841	0.343999236054707
50.175	6.3	0.17788364229622	1.1422042219926	-0.0737487167303218	25.8490609131639	0.342306913836976
50.325	6.3	0.175935527705058	1.15634178213531	-0.0686820731705175	25.7901866854235	0.340748422164046
50.475	6.3	0.174322162982662	1.16984873510357	-0.0616852775824963	25.7308544218403	0.339457730386129
50.625	6.3	0.173167808603297	1.18245810201347	-0.0528407377069508	25.6710524264695	0.338534246882637
50.775	6.3	0.172553024790729	1.19397897122674	-0.0424061013205692	25.6107636529297	0.338042419832584
50.925	6.3	0.172520910342089	1.20427799390805	-0.0307955529531586	25.5499677642707	0.338016728273671
51.075	6.3	0.173084638698708	1.21324829304636	-0.0185390838975587	25.4886438206999	0.338467710958967
51.225	6.3	0.174228620531588	1.22077702670012	-0.00622606753614361	25.426774152499	0.33938289642527
51.375	6.3	0.175896844056005	1.22672508003907	0.00555787832781423	25.3643505677366	0.340717475244804
51.525	6.3	0.177968583091442	1.23092875144771	0.0162910286989554	25.3013841508718	0.342374866473154
51.675	6.3	0.180233395992466	1.23322321064792	0.025563979476837	25.2379188476621	0.344186716793973
51.825	6.3	0.182389438921425	1.23347410639311	0.0331105225954917	25.1740464364877	0.34591155113714
51.975	6.3	0.18409233107814	1.23159417353876	0.0388199962565875	25.1099169652331	0.347273864862512
52.125	6.3	0.185065986156029	1.22752424883081	0.0427355190318563	25.0457362959116	0.348052788924823
52.275	6.3	0.185248874763916	1.2211761037111	0.0450440136866312	24.9817439937495	0.348199099811133
52.425	6.3	0.184901588257871	1.21236318094727	0.046056186578956	24.9181725699046	0.347921270606297
52.575	6.3	0.184573768858711	1.20077295134139	0.0461576948351783	24.8552019122441	0.347659015086969
52.725	6.3	0.184854841638771	1.18604087975586	0.0457001909216377	24.7929347074227	0.347883873311017
52.875	6.3	0.18592960295336	1.1679419153943	0.0448187255108049	24.7314205636976	0.348743682362688
53.025	6.3	0.187102640015204	1.14661579639624	0.0432197728512587	24.6707409981145	0.349682112012163
53.175	6.3	0.186576365023407	1.12266306167484	0.0400359895616744	24.6111352536925	0.349261092018726
53.325	6.3	0.181774418117316	1.09700245298339	0.0338222881290085	24.5531102400476	0.345419534493853
53.475	6.3	0.170327567848426	1.0705402387456	0.022701515318077	24.4974574306981	0.336262054278741
53.625	6.3	0.151503526884725	1.04378153767889	0.00469981022206816	24.445115622087	0.32120282150778
53.775	6.3	0.127516577017593	1.01641882608642	-0.021462079296999	24.396877758216	0.302013261614075
53.925	6.3	0.104034209499914	0.986820996112783	-0.0546112690632805	24.3530240326373	0.283227367599931
54.075	6.3	0.0894667247670716	0.951658530389725	-0.0885294646479472	24.3130293443096	0.271573379813657
54.225	6.3	0.0931777964006312	0.907100470428338	-0.111618192884296	24.2754904955794	0.274542237120505
54.375	6.3	0.123217620078272	0.85285380548978	-0.113734526892196	24.2383181265763	0.298574096062618
54.525	6.3	0.184210084701888	0.794720124741829	-0.0954990479016954	24.1990984793651	0.347368067761511
54.675	6.3	0.275721049634185	0.740542360756975	-0.0668641346548821	24.1555000083335	0.420576839707348
54.825	6.3	0.391428223125135	0.69502778767038	-0.037707117665612	24.1056619896382	0.513142578500108
54.975	6.3	0.519859439526204	0.659115628353167	-0.0130598284891189	24.0485055030052	0.615887551620963
55.125	6.3	0.647241913928924	0.631679231443908	0.00591174231528178	23.9838796564637	0.717793531143139
55.275	6.3	0.761476747136323	0.610910542497961	0.0197897615284166	23.9124809231787	0.809181397709058
55.425	6.3	0.855060292541825	0.595028215888428	0.0296222970049555	23.8355784224675	0.88404823403346
55.575	6.3	0.925631826798733	0.582575106729058	0.0364070461812315	23.7546708301418	0.940505461438986
55.725	6.3	0.974670052520201	0.572482166703909	0.0409496711601147	23.6712039015943	0.979736042016161
55.875	6.3	1.00566974176563	0.564012376341045	0.0438608293242804	23.5864064065023	1.00453579341251
56.025	6.3	1.0227071651329	0.556669169250963	0.0455922302361106	23.5012327156055	1.01816573210632
56.175	6.3	1.02962021959301	0.550115576901425	0.046476796130613	23.4163719648267	1.02369617567441
56.325	6.3	1.0296623988443	0.544117618428966	0.0467625319704756	23.3322873519295	1.02372991907544
56.475	6.3	1.02542423900328	0.538509159003308	0.046637995777381	23.2492631191821	1.02033939120262
56.625	6.3	1.0188738806036	0.533171292012738	0.0462499615436865	23.1674487196931	1.01509910448288
56.775	6.3	1.01143791976076	0.528020205966757	0.0457147611216101	23.0868966088645	1.00915033580861
56.925	6.3	1.00408964458799	0.522999470317064	0.0451250515575759	23.0075931892435	1.00327171567039
57.075	6.3	0.997434367436281	0.518074359913354	0.0445537086870893	22.9294834361005	0.997947493949025
57.225	6.3	0.991789716518171	0.513227022763631	0.0440562864270069	22.8524898864969	0.993431773214537
57.375	6.3	0.987260115162116	0.508452054956467	0.0436730672897892	22.7765266267147	0.989808092129693
57.525	6.3	0.983803946576107	0.503752471049108	0.0434312600607521	22.7015088989601	0.987043157260885
57.675	6.3	0.981291325413629	0.499136226881648	0.0433474878459439	22.627358997864	0.985033060330903
57.825	6.3	0.979550661033591	0.494613447937727	0.0434304359108891	22.5540091934338	0.983640528826873
57.975	6.3	0.978403164268505	0.490194425841936	0.0436834159637337	22.4814024478156	0.982722531414804
58.125	6.3	0.977685684494423	0.485888339787665	0.0441066190746504	22.4094916613191	0.982148547595538
58.275	6.3	0.977263352629751	0.481702582127334	0.0446989145086138	22.3382380896507	0.9818106821038
58.425	6.3	0.977034200119926	0.477642532641605	0.0454591514655229	22.2676094391001	0.981627360095941
58.575	6.3	0.976928160616775	0.473711628759556	0.0463870003458443	22.1975779961346	0.98154252849342
58.725	6.3	0.976902711189294	0.469911605234581	0.0474834167836463	22.1281190061392	0.981522168951436
58.875	6.3	0.976937009311927	0.466242812389081	0.04875082747338	22.0592093987389	0.981549607449542
59.025	6.3	0.977025872416578	0.462704556827261	0.050193130792389	21.9908268712961	0.981620697933263
59.175	6.3	0.977174441563109	0.459295436898925	0.0518155873352129	21.9229492877359	0.981739553250487
59.325	6.3	0.977393941640354	0.45601366520936	0.0536246536338472	21.8555543221867	0.981915153312283
59.475	6.3	0.977698630482272	0.452857382418916	0.0556277916314121	21.7886192693398	0.982158904385818
59.625	6.3	0.978103822059052	0.449824971893926	0.0578332695246049	21.7221209490187	0.982483057647242
59.775	6.3	0.978624759854566	0.446915385279135	0.060249957254416	21.656035645202	0.982899807883653
59.925	6.3	0.979276082307049	0.444128486505785	0.0628871119837427	21.5903390351192	0.983420865845639
60.075	6.3	0.980071637702809	0.441465417559826	0.0657541445829052	21.5250060789779	0.984057310162247
60.225	6.3	0.981024448841589	0.438928984550972	0.0688603565017341	21.4600108537189	0.984819559073271
60.375	6.3	0.98214668080002	0.43652405786129	0.0722146365523608	21.3953263242688	0.985717344640016
60.525	6.3	0.983449516491885	0.434257975709924	0.0758251083901849	21.3309240531628	0.986759613193508
60.675	6.3	0.984942887919092	0.432140936424768	0.0796987214599748	21.2667738546272	0.987954310335273
60.825	6.3	0.986635043607618	0.430186361069351	0.0838407807379333	21.2028434029186	0.989308034886095
60.975	6.3	0.988531955166666	0.428411204908353	0.0882544137970024	21.1390978075757	0.990825564133333
61.125	6.3	0.990636580276801	0.426836193741299	0.0929399776396934	21.0754991707829	0.992509264221441
61.275	6.3	0.992948008415315	0.425485959778897	0.0978944123262288	21.0120061445973	0.994358406732252
61.425	6.3	0.995460521872643	0.424389051930268	0.103110553303316	20.9485735084668	0.996368417498114
61.575	6.3	0.998162610152129	0.423577797372748	0.108576418740612	20.8851517901743	0.998530088121704
61.725	6.3	1.00103598196388	0.423087994882453	0.114274491024304	20.8216869558652	1.00082878557111
61.875	6.3	1.00405462625669	0.422958424663951	0.120181011792901	20.7581201969415	1.00324370100535
62.025	6.3	1.00718398203824	0.423230162597165	0.126265307101183	20.6943878432653	1.00574718563059
62.175	6.3	1.01038028576751	0.423945686776763	0.132489154387865	20.630421433469	1.00830422861401
62.325	6.3	1.01359017448631	0.425147759220548	0.13880619873064	20.5661479746607	1.01087213958905
62.475	6.3	1.01675063229057	0.426878055712934	0.145161427152416	20.5014904259669	1.01340050583246
62.625	6.3	1.0197893768099	0.429175505047757	0.151490722196912	20.4363684433835	1.01583150144792
62.775	6.3	1.02262578990872	0.43207429249205	0.157720544136443	20.3706994266629	1.01810063192697
62.925	6.3	1.02517249998002	0.435601491473158	0.16376783529524	20.3043999103149	1.02013799998401
63.075	6.3	1.02733771642739	0.439774323485741	0.169540293078733	20.2373873363715	1.02187017314192
63.225	6.3	1.02902839167233	0.444597116578382	0.174937204513239	20.1695822310888	1.02322271333786
63.375	6.3	1.0301542318023	0.450058136102825	0.179851051108091	20.1009107759801	1.02412338544184
63.525	6.3	1.03063248446584	0.456126583031249	0.184170053403632	20.0313077124903	1.02450598757267
63.675	6.3	1.03039329863821	0.462750166436041	0.187781711729558	19.9607194513569	1.02431463891057
63.825	6.3	1.02938528426159	0.469853719902932	0.190577213515101	19.8891071815974	1.02350822740927
63.975	6.3	1.02758072607675	0.477339310444278	0.192456343944292	19.8164497069558	1.0220645808614
64.125	6.3	1.02497976842533	0.485088162244415	0.193332308070769	19.7427457009187	1.01998381474026
64.275	6.3	1.02161284189242	0.49296449385182	0.193135716424913	19.6680150846911	1.01729027351394
64.425	6.3	1.01754070314002	0.500821086943975	0.191816964742349	19.5922993054824	1.01403256251201
64.575	6.3	1.01285174066964	0.508506134590562	0.18934638336472	19.5156604176436	1.01028139253571
64.725	6.3	1.00765665417908	0.515870732535953	0.185711827300014	19.438179019751	1.00612532334326
64.875	6.3	1.00208117868958	0.522776339618754	0.18091376209525	19.3599512353694	1.00166494295166
65.025	6.3	0.996258074227153	0.529101671282582	0.174958288837495	19.2810850000295	0.997006459381722
65.175	6.3	0.990319980272945	0.534748789768964	0.167848872153795	19.2016959001867	0.992255984218356
65.325	6.3	0.984394792965105	0.53964856166047	0.159577762418647	19.1219026940178	0.987515834372084
65.475	6.3	0.978604872929619	0.543766077354142	0.150118271685257	19.0418224502948	0.982883898343695
65.625	6.3	0.973070638303143	0.547106944590212	0.139419252014194	18.9615650174476	0.978456510642514
65.775	6.3	0.967918044030804	0.549725426179172	0.127403417383527	18.8812263447082	0.974334435224643
65.925	6.3	0.963288263308684	0.551735015455137	0.113971564197823	18.8008800936533	0.970630610646947
66.075	6.3	0.959346758532375	0.553321060836789	0.0990151532636921	18.7205670762175	0.9674774068259
66.225	6.3	0.956288042776863	0.554753361871582	0.0824397721878543	18.6402824061285	0.96503043422149
66.375	6.3	0.954332000459786	0.55639436323953	0.0642011146478783	18.5599609129092	0.963465600367829
66.525	6.3	0.953707972764713	0.558696182327891	0.0443525724104476	18.4794623573622	0.96296637821177
66.675	6.3	0.954624395815161	0.562178370065017	0.0230988413516497	18.398559221144	0.963699516652129
66.825	6.3	0.957225134815661	0.567379812968842	0.000843509236126616	18.3169310503111	0.965780107852529
66.975	6.3	0.961538905778461	0.574784243813186	-0.0217873950688236	18.2341699800555	0.969231124622769
67.125	6.3	0.967433828423561	0.584729580643428	-0.0439653227310289	18.1498014165976	0.973947062738849
67.275	6.3	0.974592207396786	0.597323530952508	-0.0647344833810439	18.0633212827869	0.979673765917428
67.425	6.3	0.98251976841157	0.612393851009618	-0.083136676391447	17.9742467586867	0.986015814729256
67.575	6.3	0.990596328815894	0.629494839893935	-0.0983578570784751	17.8821722762064	0.992477063052715
67.725	6.3	0.998162418395463	0.647972239684999	-0.109854742017493	17.7868190017164	0.99852993471637
67.875	6.3	1.00462323836591	0.667066645479716	-0.117424583698651	17.6880663727504	1.00369859069273
68.025	6.3	1.00954356862241	0.686023755153479	-0.121203295443464	17.5859588461277	1.00763485489792
68.175	6.3	1.01270897464974	0.704183596014604	-0.121602955438746	17.4806879386573	1.01016717971979
68.325	6.3	1.01413951664319	0.721034695256337	-0.119215568836324	17.3725558989714	1.01131161331455
68.475	6.3	1.01405712937923	0.736233293214147	-0.114711526585879	17.2619307103835	1.01124570350338
68.625	6.3	1.01282042013105	0.749596043039891	-0.108753121047702	17.1492020726103	1.01025633610484
68.775	6.3	1.01084659199216	0.761076703535994	-0.101932890933606	17.0347454647838	1.00867727359373
68.925	6.3	1.00853914955958	0.770735640418895	-0.0947381698925173	16.9188978403149	1.00683131964766
69.075	6.3	1.00623432391458	0.778708154272474	-0.0875383159659433	16.801945230201	1.00498745913166
69.225	6.3	1.00417181051691	0.78517525285212	-0.0805890086470874	16.6841202615044	1.00333744841353
69.375	6.3	1.00248884376159	0.7903388740768	-0.0740475908906846	16.5656065097742	1.00199107500927
69.525	6.3	1.00123217429683	0.794402545874123	-0.0679939299270933	16.4465465120863	1.00098573943747
69.675	6.3	1.00038055242864	0.797557734866417	-0.0624522938971409	16.3270508238354	1.00030444194291
69.825	6.3	0.999870533823245	0.79997552762664	-0.0574110700009029	16.2072063486174	0.999896427058596
69.975	6.3	0.999620082962557	0.801802810237627	-0.0528385533942749	16.0870830222918	0.999696066370046
70.125	6.3	0.999546712136262	0.803161830727757	-0.0486942713519879	15.9667386139963	0.99963736970901
70.275	6.3	0.99957904808609	0.804151975239381	-0.0449361973534762	15.8462218483144	0.999663238468872
70.425	6.3	0.999662325595841	0.804852725182308	-0.0415246984119185	15.7255742636579	0.999729860476673
70.575	6.3	0.999759218440505	0.805327008235295	-0.0384242005909125	15.6048312575174	0.999807374752404
70.725	6.3	0.999847704320906	0.805624427093417	-0.035603465959258	15.4840226990797	0.999878163456724
70.875	6.3	0.99991750834969	0.805784087077694	-0.0330351682702282	15.3631733757359	0.999934006679752
71.025	6.3	0.999966288107288	0.805836919383318	-0.0306952257261465	15.2423034258644	0.99997303048583
71.175	6.3	0.999996283864453	0.805807507955828	-0.0285621512473795	15.1214288198276	0.999997027091563
71.325	6.3	1.00001177102954	0.80571548584975	-0.0266165356451103	15.0005618921528	1.00000941682363
71.475	6.3	1.0000173700767	0.80557658728404	-0.0248406878046471	14.879711897886	1.00001389606136
71.625	6.3	1.000017100076	0.805403439410908	-0.0232184084243455	14.7588855576624	1.0000136800608
71.775	6.3	1.00001398755579	0.805206164604338	-0.0217348566593396	14.6380875606694	1.00001119004463
71.925	6.3	1.00001003440041	0.804992847539039	-0.0203764697662097	14.5173210051902	1.00000802752033
72.075	6.3	1.00000637846916	0.804769905841486	-0.0191309049814779	14.3965877677757	1.00000510277533
72.225	6.3	1.00000352590598	0.804542390610596	-0.017986984103061	14.2758888014665	1.00000282072479
72.375	6.3	1.00000157948838	0.804314234053612	-0.0169346311130991	14.1552243697713	1.0000012635907
72.525	6.3	1.00000042462103	0.804088455466316	-0.0159648002828686	14.0345942263496	1.00000033969682
72.675	6.3	0.999999860821304	0.803867333087154	-0.0150693964254552	13.9139977511838	0.999999888657043
72.825	6.3	0.999999682269738	0.803652547228868	-0.0142411908480271	13.7934340532711	0.99999974581579
72.975	6.3	0.999999718408532	0.803445298922959	-0.0134737368516737	13.6729020482938	0.999999774726826
73.125	6.3	0.999999847347175	0.803246407658639	-0.0127612880327791	13.5524005178884	0.99999987787774
73.275	6.3	0.99999999340463	0.803056391379279	-0.0120987216858183	13.4319281554201	0.999999994723704
73.425	6.3	1.00000011732266	0.802875531564857	-0.0114814686386975	13.3114836017412	1.00000009385813
73.575	6.3	1.00000020471714	0.802703925907905	-0.0109054500464548	13.1910654733389	1.00000016377371
73.725	6.3	1.00000025582955	0.802541530769488	-0.0103670210902731	13.0706723845253	1.00000020466364
73.875	6.3	1.00000027783379	0.802388195282291	-0.00986292117015739	12.9503029648276	1.00000022226703
74.025	6.3	1.00000027983001	0.802243688666674	-0.00939022999572586	12.8299558724319	1.00000022386401
74.175	6.3	1.00000027008229	0.802107722050984	-0.00894632892081856	12.7096298043439	1.00000021606584
74.325	6.3	1.00000025486053	0.801979965849887	-0.00852886688453445	12.5893235038183	1.00000020388843
74.475	6.3	1.00000023827252	0.801860063552686	-0.00813573037845676	12.4690357655285	1.00000019061802
74.625	6.3	1.00000022260167	0.801747642609337	-0.00776501693060473	12.3487654388915	1.00000017808134
74.775	6.3	1.00000020882079	0.801642322967746	-0.00741501166787525	12.2285114299063	1.00000016705663
74.925	6.3	1.00000019709036	0.801543723709918	-0.00708416658182415	12.1082727018184	1.00000015767229
75.075	6.3	1.00000018715273	0.801451468149509	-0.00677108217627729	11.9880482748718	1.00000014972218
75.225	6.3	1.00000017860026	0.801365187685572	-0.00647449121837276	11.8678372253676	1.00000014288021
75.375	6.3	1.00000017103142	0.801284524653275	-0.00619324435063369	11.7476386842086	1.00000013682514
75.525	6.3	1.00000016412339	0.80120913436837	-0.00592629735061742	11.6274518350728	1.00000013129871
75.675	6.3	1.0000001576509	0.801138686526556	-0.00567269984936133	11.5072759123304	1.00000012612072
75.825	6.3	1.00000015147609	0.801072866090024	-0.00543158534095136	11.3871101987941	1.00000012118087
75.975	6.3	1.00000014552663	0.801011373768759	-0.0052021623340308	11.2669540233719	1.00000011642131
76.125	6.3	1.00000013977271	0.80095392618504	-0.00498370651283652	11.1468067586776	1.00000011181817
76.275	6.3	1.00000013420792	0.800900255792854	-0.00477555379002394	11.0266678186382	1.00000010736633
76.425	6.3	1.00000012883583	0.800850110610258	-0.00457709414702814	10.9065366561326	1.00000010306867
76.575	6.3	1.00000012366189	0.800803253811975	-0.00438776616967854	10.7864127606818	1.00000009892951
76.725	6.3	1.00000011868933	0.800759463220196	-0.00420705219782941	10.666295656211	1.00000009495147
76.875	6.3	1.00000011391788	0.800718530723688	-0.00403447401673949	10.5461848988942	1.00000009113431
77.025	6.3	1.00000010934392	0.800680261649766	-0.0038695890272661	10.4260800750901	1.00000008747514
77.175	6.3	1.00000010496134	0.800644474108175	-0.00371198683871297	10.305980799375	1.00000008396907
77.325	6.3	1.00000010076254	0.800610998321962	-0.0035612862353745	10.1858867126758	1.00000008061003
77.475	6.3	1.00000009673927	0.80057967595708	-0.00341713247328188	10.0657974805037	1.00000007739142
77.625	6.3	1.00000009288323	0.80055035945991	-0.00327919486904446	9.9457127912873	1.00000007430658
77.775	6.3	1.0000000891864	0.800522911409335	-0.00314716464710223	9.8256323548053	1.00000007134912
77.925	6.3	1.00000008564126	0.80049720388853	-0.00302075301566753	9.70555590071433	1.00000006851301
78.075	6.3	1.00000008224084	0.800473117880088	-0.00289968944527917	9.58548317716959	1.00000006579267
78.225	6.3	1.00000007897863	0.80045054268695	-0.00278372012668325	9.46541394953428	1.0000000631829
78.375	6.3	1.00000007584858	0.800429375380717	-0.00267260658790987	9.34534799917396	1.00000006067886
78.525	6.3	1.00000007284501	0.800409520278136	-0.00256612445235075	9.22528512233153	1.00000005827601
78.675	6.3	1.00000006996259	0.80039088844618	-0.00246406232207016	9.1052251290786	1.00000005597007
78.825	6.3	1.00000006719621	0.800373397235359	-0.00236622077225064	8.98516784233902	1.00000005375697
78.975	6.3	1.00000006454106	0.800356969840952	-0.00227241144453651	8.86511309698024	1.00000005163285
79.125	6.3	1.00000006199251	0.800341534891365	-0.0021824562281262	8.74506073896845	1.00000004959401
79.275	6.3	1.00000005954614	0.800327026062531	-0.00209618651909804	8.62501062458348	1.00000004763691
79.425	6.3	1.00000005719774	0.800313381717639	-0.00201344254937803	8.50496261968957	1.00000004575819
79.575	6.3	1.00000005494325	0.800300544570584	-0.00193407277779957	8.38491659905841	1.0000000439546
79.725	6.3	1.00000005277882	0.800288461372416	-0.00185793333643298	8.26487244574086	1.00000004222306
79.875	6.3	1.00000005070075	0.800277082619276	-0.00178488752661687	8.14483005048404	1.0000000405606
80.025	6.3	1.0000000487055	0.800266362280617	-0.00171480535896391	8.02478931119068	1.0000000389644
80.175	6.3	1.00000004678968	0.800256257546689	-0.00164756313311476	7.90475013241773	1.00000003743174
80.325	6.3	1.00000004495005	0.800246728593949	-0.00158304305288271	7.78471242491149	1.00000003596004
80.475	6.3	1.00000004318352	0.800237738367269	-0.00152113287326696	7.66467610517663	1.00000003454681
80.625	6.3	1.00000004148711	0.800229252377982	-0.00146172557599799	7.54464109507656	1.00000003318969
80.775	6.3	1.00000003985799	0.800221238516553	-0.00140471907084162	7.42460732146311	1.00000003188639
80.925	6.3	1.00000003829344	0.800213666879021	-0.00135001592000758	7.30457471583312	1.00000003063475
81.075	6.3	1.00000003679084	0.80020650960613	-0.00129752308348478	7.18454321401011	1.00000002943267
81.225	6.3	1.00000003534769	0.800199740734428	-0.00124715168323443	7.0645127558492	1.00000002827816
81.375	6.3	1.00000003396161	0.80019333605834	-0.00119881678444315	6.94448328496344	1.00000002716929
81.525	6.3	1.00000003263031	0.800187273002527	-0.00115243719224154	6.82445474847007	1.00000002610425
81.675	6.3	1.00000003135159	0.800181530503813	-0.00110793526252221	6.70442709675517	1.00000002508128
81.825	6.3	1.00000003012337	0.800176088901823	-0.00106523672547	6.58440028325536	1.0000000240987
81.975	6.3	1.00000002894362	0.800170929838047	-0.00102427052079807	6.46437426425523	1.0000000231549
82.125	6.3	1.0000000278104	0.800166036162251	-0.000984968643558451	6.34434899869935	1.00000002224832
82.275	6.3	1.0000000267218	0.800161391846204	-0.000947265999706575	6.22432444801773	1.00000002137744
82.425	6.3	1.00000002567597	0.800156981903792	-0.000911100270602975	6.10430057596379	1.00000002054078
82.575	6.3	1.00000002467117	0.800152792317273	-0.000876411785669493	5.98427734846373	1.00000001973694
82.725	6.3	1.00000002370582	0.800148809969197	-0.000843143402626982	5.86425473347661	1.00000001896465
82.875	6.3	1.00000002277853	0.800145022579517	-0.000811240394721072	5.74423270086418	1.00000001822283
83.025	6.3	1.00000002188813	0.80014141864765	-0.000780650344348621	5.62421122226976	1.0000000175105
83.175	6.3	1.00000002103342	0.800137987398976	-0.000751323042759129	5.50419027100551	1.00000001682674
83.325	6.3	1.00000002021293	0.800134718735748	-0.000723210395299749	5.38416982194735	1.00000001617034
83.475	6.3	1.00000001942448	0.800131603191752	-0.000696266331921344	5.26414985143706	1.00000001553958
83.625	6.3	1.00000001866521	0.800128631890902	-0.000670446722552639	5.14413033719082	1.00000001493217
83.775	6.3	1.00000001793222	0.800125796508942	-0.000645709297165684	5.0241112582138	1.00000001434577
83.925	6.3	1.00000001722409	0.800123089238498	-0.000622013570151802	4.90409259472	1.00000001377927
84.075	6.3	1.00000001654294	0.800120502756733	-0.000599320768930042	4.78407432805706	1.00000001323435
84.225	6.3	1.00000001589533	0.800118030195775	-0.000577593766530688	4.66405644063544	1.00000001271626
84.375	6.3	1.00000001529004	0.800115665115716	-0.000556797018000335	4.54403891586186	1.00000001223203
84.525	6.3	1.00000001473088	0.800113401480478	-0.000536896500592622	4.42402173807707	1.0000000117847
84.675	6.3	1.0000000142059	0.800111233636627	-0.000517859657487478	4.30400489249788	1.00000001136472
84.825	6.3	1.00000001367903	0.800109156294998	-0.000499655345088585	4.18398836516334	1.00000001094322
84.975	6.3	1.00000001309561	0.800107164514181	-0.000482253783715312	4.06397214288395	1.00000001047649
85.125	6.3	1.00000001241313	0.800105253683702	-0.00046562651159227	3.94395621319167	1.0000000099305
85.275	6.3	1.00000001165708	0.800103419504795	-0.000449746342155767	3.82394056428828	1.00000000932566
85.425	6.3	1.00000001097735	0.800101657967379	-0.000434587324555226	3.70392518499049	1.00000000878188
85.575	6.3	1.0000000106501	0.800099965325988	-0.000420124707375455	3.5839100646743	1.00000000852008
85.725	6.3	1.00000001095714	0.800098338082545	-0.000406334905683641	3.46389519322704	1.00000000876571
85.875	6.3	1.00000001191425	0.800096772987711	-0.000393195471283278	3.34388056102	1.0000000095314
86.025	6.3	1.00000001293359	0.800095267069006	-0.000380685066252769	3.22386615891227	1.00000001034687
86.175	6.3	1.00000001267357	0.800093817677911	-0.000368783439470865	3.10385197827976	1.00000001013885
86.325	6.3	1.00000000945018	0.800092422519834	-0.000357471405621544	2.98383801103372	1.00000000756014
86.475	6.3	1.00000000248138	0.800091079604146	-0.00034673082605479	2.8638242495618	1.00000000198511
86.625	6.3	0.999999993743069	0.80008978705394	-0.000336544590735534	2.74381068652259	0.999999994994455
86.775	6.3	0.999999989345163	0.800088542779546	-0.000326896601091397	2.62379731448739	0.99999999147613
86.925	6.3	0.999999998494606	0.800087344158277	-0.000317771754182871	2.50378412556843	0.999999998795685
87.075	6.3	1.00000002815918	0.800086188026538	-0.000309155929560156	2.3837711113559	1.00000002252734
87.225	6.3	1.00000007350944	0.800085071350589	-0.000301035980171472	2.26375826357314	1.00000005880755
87.375	6.3	1.00000010846816	0.800083992712868	-0.000293399726894335	2.14374557564781	1.00000008677452
87.525	6.3	1.00000008580688	0.80008295411078	-0.000286235952204787	2.02373304473589	1.00000006864551
87.675	6.3	0.999999958195672	0.800081961648783	-0.000279534383139909	1.9037206727346	0.999999966556538
87.825	6.3	0.999999724710234	0.800081023083201	-0.000273285650974486	1.78370846405679	0.999999779768187
87.975	6.3	0.999999487645092	0.800080140819753	-0.000267481220755706	1.66369641845018	0.999999590116073
88.125	6.3	0.999999476072694	0.800079301755506	-0.000262113302991967	1.54368451996332	0.999999580858155
88.275	6.3	0.999999972871429	0.800078470141721	-0.000257174790562556	1.42367272828853	0.999999978297143
88.425	6.3	1.0000011008197	0.800077594108539	-0.000252659289984277	1.30366098388111	1.00000088065576
88.575	6.3	1.00000250871774	0.800076635851616	-0.000248561305927125	1.1836492384189	1.00000200697419
88.725	6.3	1.00000314635206	0.800075624216196	-0.000244876555029716	1.06363751113577	1.00000251708164
88.875	6.3	1.00000145706853	0.800074704827549	-0.000241602220482623	0.943625946716265	1.00000116565482
89.025	6.3	0.999996301360796	0.800074135401369	-0.000238736773049509	0.823614819611499	0.999997041088637
89.175	6.3	0.99998858222452	0.800074164786972	-0.000236278937514506	0.703604415995517	0.999990865779616
89.325	6.3	0.999982816331038	0.800074774805575	-0.000234225701354588	0.583594762273998	0.99998625306483
89.475	6.3	0.999987037636877	0.800075373945007	-0.000232570093562281	0.46358528279593	0.999989630109502
89.625	6.3	1.00000911931985	0.800074686776588	-0.00023130062756601	0.343574638754203	1.00000729545588
89.775	6.3	1.00004882308675	0.800060821445499	-0.00023040507628207	0.223561125331278	1.0000390584694
89.925	6.3	1.00008826209407	0.40008905888846	-0.000229903251571411	0.103547017252891	1.00007060967525
0.075	6.5	2.97355605798848e-30	0.399999862401467	-3.2111330222121e-05	36.0880373203019	0.2
0.225	6.5	-1.61106886217185e-30	0.799999587678678	-3.21493036499697e-05	36.0640373285578	0.2
0.375	6.5	5.46915798998356e-30	0.799999314364329	-3.22254969619711e-05	36.0400373450411	0.2
0.525	6.5	-1.15583926608513e-29	0.799999043350735	-3.23403973748598e-05	36.0160373696959	0.2
0.675	6.5	6.67378267878393e-31	0.799998775462726	-3.24947228548107e-05	35.9920374024401	0.2
0.825	6.5	-2.9332347980409e-29	0.799998511433643	-3.26894084222717e-05	35.9680374431681	0.2
0.975	6.5	-6.08893640830908e-30	0.799998251885718	-3.29255872366738e-05	35.9440374917541	0.2
1.125	6.5	-3.86025427837526e-29	0.799997997313223	-3.32045699535273e-05	35.920037548055	0.2
1.275	6.5	1.34840280609259e-29	0.799997748072395	-3.35278227510813e-05	35.8960376119153	0.2
1.425	6.5	-3.85819294899186e-30	0.799997504373434	-3.38969421697253e-05	35.8720376831707	0.2
1.575	6.5	9.09488422308636e-29	0.799997266277789	-3.43136334337439e-05	35.8480377616529	0.2
1.725	6.5	8.3118803004179e-29	0.799997033701088	-3.47796870848406e-05	35.824037847194	0.2
1.875	6.5	1.89380833763453e-28	0.799996806417364	-3.52969595673678e-05	35.8000379396308	0.2
2.025	6.5	1.21023893972685e-28	0.799996584069535	-3.58673542094545e-05	35.7760380388089	0.2
2.175	6.5	1.42109804931684e-28	0.799996366178849	-3.64928067548379e-05	35.7520381445866	0.2
2.325	6.5	-9.62919903760583e-29	0.799996152160035	-3.71752735011151e-05	35.7280382568382	0.2
2.475	6.5	-2.29538439975895e-28	0.799995941334062	-3.79167229793922e-05	35.7040383754571	0.2
2.625	6.5	-6.21135375914249e-28	0.799995732945976	-3.87191295243629e-05	35.6800385003582	0.2
2.775	6.5	-7.35583538272408e-28	0.799995526176533	-3.9584473050212e-05	35.6560386314803	0.2
2.925	6.5	-9.40246089042544e-28	0.799995320159223	-4.05147376200242e-05	35.6320387687876	0.2
3.075	6.5	-5.45465697760604e-28	0.799995113993315	-4.15119164432798e-05	35.6080389122707	0.2
3.225	6.5	-6.75649264259568e-29	0.79999490675556	-4.25780161087852e-05	35.584039061948	0.2
3.375	6.5	1.14733704531647e-27	0.799994697512316	-4.3715064170512e-05	35.5600392178654	0.2
3.525	6.5	2.14479024958246e-27	0.799994485327567	-4.49251175308785e-05	35.5360393800972	0.2
3.675	6.5	3.35748983215184e-27	0.79999426927178	-4.62102729638473e-05	35.5120395487458	0.2
3.825	6.5	3.32575104372412e-27	0.79999404842773	-4.75726758246977e-05	35.4880397239409	0.2
3.975	6.5	2.58601493134003e-27	0.799993821894727	-4.9014532562897e-05	35.4640399058401	0.2
4.125	6.5	-1.97473910926263e-28	0.799993588791978	-5.05381202171645e-05	35.4400400946272	0.2
4.275	6.5	-3.37132215319593e-27	0.799993348261346	-5.21457992232106e-05	35.4160402905126	0.2
4.425	6.5	-7.25984667419864e-27	0.799993099465511	-5.38400223138985e-05	35.3920404937316	0.2
4.575	6.5	-8.64154409914851e-27	0.79999284159149	-5.56233466115312e-05	35.3680407045446	0.2
4.725	6.5	-7.66326369447431e-27	0.799992573845926	-5.74984432242732e-05	35.3440409232361	0.2
4.875	6.5	-1.7610775241394e-27	0.799992295455282	-5.94681069093246e-05	35.3200411501139	0.2
5.025	6.5	5.39771587873232e-27	0.799992005662928	-6.15352661998946e-05	35.2960413855088	0.2
5.175	6.5	1.21108504582928e-26	0.79999170372634	-6.37029924471109e-05	35.2720416297741	0.2
5.325	6.5	9.53113577813458e-27	0.799991388913989	-6.5974508019778e-05	35.2480418832852	0.2
5.475	6.5	-4.76837558755361e-27	0.79999106050153	-6.83531949827913e-05	35.2240421464393	0.2
5.625	6.5	-3.44800209913207e-26	0.799990717769842	-7.08426034820237e-05	35.2000424196551	0.2
5.775	6.5	-6.56199402260405e-26	0.799990359999092	-7.34464594278656e-05	35.1760427033731	0.2
5.925	6.5	-7.86056569477713e-26	0.799989986467592	-7.61686724844042e-05	35.1520429980551	0.2
6.075	6.5	-3.40308327871303e-26	0.799989596446379	-7.90133433307992e-05	35.128043304185	0.2
6.225	6.5	9.53900448232966e-26	0.799989189196651	-8.1984771630343e-05	35.1040436222684	0.2
6.375	6.5	3.22046935883661e-25	0.79998876396597	-8.50874632897178e-05	35.0800439528332	0.2
6.525	6.5	5.88731226185959e-25	0.799988319985139	-8.83261387332851e-05	35.0560442964304	0.2
6.675	6.5	7.70382687335379e-25	0.799987856464537	-9.17057398384469e-05	35.0320446536341	0.2
6.825	6.5	6.46597004811995e-25	0.799987372591356	-9.52314384273114e-05	35.0080450250425	0.2
6.975	6.5	-1.24513009272002e-26	0.79998686752627	-9.89086443300725e-05	34.9840454112786	0.2
7.125	6.5	-1.36339015679276e-24	0.799986340400102	-0.000102743013656771	34.960045812991	0.2
7.275	6.5	-3.27253840714848e-24	0.799985790311121	-0.000106740457733772	34.9360462308546	0.2
7.425	6.5	-5.17674178144566e-24	0.799985216322323	-0.000110907151502945	34.9120466655723	0.2
7.575	6.5	-5.93955072536727e-24	0.799984617458049	-0.00011524954333454	34.8880471178753	0.2
7.725	6.5	-4.03498815519126e-24	0.799983992701322	-0.00011977436466278	34.8640475885248	0.2
7.875	6.5	2.02892418245764e-24	0.799983340990843	-0.000124488640064965	34.8400480783132	0.2
8.025	6.5	1.27525217826712e-23	0.799982661218264	-0.000129399697796314	34.8160485880654	0.2
8.175	6.5	2.65275716762211e-23	0.799981952225212	-0.000134515180668032	34.7920491186401	0.2
8.325	6.5	3.84591631403153e-23	0.799981212799773	-0.000139843058013211	34.7680496709318	0.2
8.475	6.5	4.01161513013412e-23	0.799980441674603	-0.000145391636902218	34.7440502458721	0.2
8.625	6.5	2.0794459525596e-23	0.799979637522138	-0.000151169575391302	34.7200508444314	0.2
8.775	6.5	-2.8517298177535e-23	0.799978798952842	-0.000157185895491751	34.6960514676208	0.2
8.925	6.5	-1.08588536519316e-22	0.799977924511973	-0.000163449996550098	34.6720521164942	0.2
9.075	6.5	-2.03513676738996e-22	0.799977012673219	-0.000169971669705099	34.6480527921501	0.2
9.225	6.5	-2.73906245572184e-22	0.799976061839626	-0.000176761112262853	34.6240534957338	0.2
9.375	6.5	-2.56678229951433e-22	0.799975070336227	-0.000183828944633631	34.6000542284397	0.2
9.525	6.5	-7.85464083525198e-23	0.799974036406398	-0.000191186224525408	34.5760549915136	0.2
9.675	6.5	3.11752323532969e-22	0.79997295821021	-0.000198844465252157	34.5520557862553	0.2
9.825	6.5	8.92594323363561e-22	0.799971833816782	-0.000206815653199895	34.528056614021	0.2
9.975	6.5	1.51244465689411e-21	0.799970661201298	-0.000215112265450671	34.5040574762263	0.2
10.125	6.5	1.85411724990135e-21	0.799969438240588	-0.000223747289553169	34.4800583743489	0.2
10.275	6.5	1.46313463226427e-21	0.799968162705558	-0.000232734242944262	34.4560593099319	0.2
10.425	6.5	-1.15405457766475e-22	0.799966832258705	-0.000242087194345886	34.4320602845866	0.2
10.575	6.5	-3.06931619448721e-21	0.799965444445084	-0.000251820784191693	34.4080612999964	0.2
10.725	6.5	-6.95972471331713e-21	0.799963996689275	-0.000261950248189621	34.3840623579199	0.2
10.875	6.5	-1.03998324309296e-20	0.799962486286174	-0.000272491440232832	34.360063460195	0.2
11.025	6.5	-1.10033198460159e-20	0.799960910395013	-0.000283460857318625	34.3360646087427	0.2
11.175	6.5	-5.88062664998302e-21	0.799959266031875	-0.000294875663249536	34.3120658055713	0.2
11.325	6.5	7.11317356566017e-21	0.799957550061735	-0.00030675371660576	34.2880670527808	0.2
11.475	6.5	2.74468821381856e-20	0.799955759189953	-0.000319113598133335	34.2640683525676	0.2
11.625	6.5	4.98316379350951e-20	0.799953889952552	-0.000331974637898577	34.2400697072294	0.2
11.775	6.5	6.30912236600327e-20	0.799951938707963	-0.000345356946357864	34.2160711191705	0.2
11.925	6.5	5.14997311653173e-20	0.799949901626354	-0.000359281444305286	34.1920725909069	0.2
12.075	6.5	-1.86456200642013e-23	0.799947774677408	-0.000373769896077527	34.1680741250729	0.2
12.225	6.5	-9.64637616703289e-20	0.7999455536199	-0.000388844940758976	34.1440757244263	0.2
12.375	6.5	-2.20940405280457e-19	0.799943233989808	-0.000404530129636896	34.1200773918557	0.2
12.525	6.5	-3.2525370712076e-19	0.799940811085772	-0.000420849960780716	34.0960791303869	0.2
12.675	6.5	-3.30623092249132e-19	0.799938279955189	-0.000437829916247459	34.0720809431905	0.2
12.825	6.5	-1.46948919304932e-19	0.799935635380057	-0.00045549650217895	34.0480828335896	0.2
12.975	6.5	2.84249572865454e-19	0.79993287185923	-0.00047387728886674	34.0240848050677	0.2
13.125	6.5	9.2770480967347e-19	0.799929983592558	-0.000493000953308269	34.000086861278	0.2
13.275	6.5	1.59251652653482e-18	0.799926964461392	-0.000512897322789215	33.9760890060522	0.2
13.425	6.5	1.90724012983967e-18	0.799923808009406	-0.000533597420523504	33.9520912434103	0.2
13.575	6.5	1.37891220180863e-18	0.799920507421195	-0.000555133514089338	33.9280935775716	0.2
13.725	6.5	-4.24505466790408e-19	0.799917055498936	-0.000577539164300554	33.9040960129651	0.2
13.875	6.5	-3.56702482229688e-18	0.799913444639506	-0.000600849276169538	33.8800985542417	0.2
14.025	6.5	-7.38313843751093e-18	0.799909666806462	-0.000625100153168095	33.8561012062867	0.2
14.175	6.5	-1.02266381869735e-17	0.799905713504481	-0.000650329553465291	33.8321039742333	0.2
14.325	6.5	-9.57389351340011e-18	0.799901575746408	-0.000676576747183598	33.8081068634764	0.2
14.475	6.5	-2.73321333891277e-18	0.799897244024638	-0.000703882576406601	33.7841098796885	0.2
14.625	6.5	1.17234037135007e-17	0.799892708272449	-0.000732289519580586	33.760113028835	0.2
14.775	6.5	3.20108518026916e-17	0.799887957831207	-0.000761841755654894	33.7361163171921	0.2
14.925	6.5	5.13535553896053e-17	0.799882981406888	-0.000792585233545632	33.7121197513651	0.2
15.075	6.5	5.757471863205e-17	0.799877767029664	-0.000824567742376397	33.6881233383077	0.2
15.225	6.5	3.54958920158541e-17	0.799872302006501	-0.000857838985573787	33.6641270853433	0.2
15.375	6.5	-2.67909827789295e-17	0.799866572872362	-0.000892450659464806	33.6401310001873	0.2
15.525	6.5	-1.28056276017842e-16	0.799860565336624	-0.00092845653287592	33.616135090971	0.2
15.675	6.5	-2.4310409921433e-16	0.799854264226478	-0.000965912531212507	33.5921393662671	0.2
15.825	6.5	-3.16497445794512e-16	0.799847653423215	-0.00100487682566965	33.5681438351174	0.2
15.975	6.5	-2.68529346922661e-16	0.799840715799177	-0.00104540992372812	33.5441485070617	0.2
16.125	6.5	-2.07040222633461e-17	0.799833433142273	-0.00108757476552609	33.5201533921695	0.2
16.275	6.5	4.57079612588805e-16	0.799825786082455	-0.00113143682513698	33.4961585010732	0.2
16.425	6.5	1.08627358049094e-15	0.799817754005078	-0.00117706421432114	33.4721638450045	0.200000000000001
16.575	6.5	1.63026155957173e-15	0.799809314964809	-0.00122452779407401	33.4481694358329	0.200000000000001
16.725	6.5	1.69435003290555e-15	0.799800445585951	-0.00127390128776729	33.4241752861066	0.200000000000001
16.875	6.5	8.1865474078857e-16	0.799791120959637	-0.00132526140564179	33.4001814090977	0.200000000000001
17.025	6.5	-1.30895290669693e-15	0.79978131453027	-0.00137868796791728	33.3761878188491	0.199999999999999
17.175	6.5	-4.53932076613248e-15	0.79977099797512	-0.00143426404166669	33.3521945302259	0.199999999999996
17.325	6.5	-7.94364327390938e-15	0.799760141071431	-0.00149207607895243	33.3282015589706	0.199999999999994
17.475	6.5	-9.67308455189762e-15	0.799748711555578	-0.0015522140661073	33.3042089217616	0.199999999999992
17.625	6.5	-7.23559696743638e-15	0.799736674968725	-0.00161477167985826	33.2802166362772	0.199999999999994
17.775	6.5	1.60543408223677e-15	0.799723994491625	-0.00167984645125084	33.2562247212635	0.200000000000001
17.925	6.5	1.72913029185254e-14	0.799710630765698	-0.00174753994028083	33.2322331966077	0.200000000000014
18.075	6.5	3.66270973443175e-14	0.799696541697478	-0.00181795792122731	33.2082420834175	0.200000000000029
18.225	6.5	5.14564822835478e-14	0.799681682250291	-0.00189121057651239	33.1842514041059	0.200000000000041
18.375	6.5	4.90850209258767e-14	0.79966600421702	-0.00196741270655653	33.1602611824825	0.200000000000039
18.525	6.5	1.57435028287195e-14	0.799649455972701	-0.00204668394924915	33.1362714438528	0.200000000000013
18.675	6.5	-5.62654020457859e-14	0.799631982210668	-0.00212914901638879	33.1122822151241	0.199999999999955
18.825	6.5	-1.58690374658208e-13	0.799613523652756	-0.00221493794611744	33.0882935249202	0.199999999999873
18.975	6.5	-2.58120487398971e-13	0.799594016736759	-0.00230418636953167	33.064305403705	0.199999999999793
19.125	6.5	-2.93436364892274e-13	0.799573393280192	-0.00239703580261019	33.040317883916	0.199999999999765
19.275	6.5	-1.8729109176706e-13	0.799551580111121	-0.00249363395371745	33.0163310001083	0.19999999999985
19.425	6.5	1.22755406525616e-13	0.79952849867265	-0.00259413505770197	32.9923447891094	0.200000000000098
19.575	6.5	6.34403190785841e-13	0.79950406459148	-0.00269870023628572	32.9683592901879	0.200000000000508
19.725	6.5	1.22484637667288e-12	0.799478187211209	-0.00280749788652902	32.9443745452338	0.20000000000098
19.875	6.5	1.61656767198758e-12	0.79945076908531	-0.00292070410140646	32.920390598955	0.200000000001293
20.025	6.5	1.40376656648589e-12	0.799421705429028	-0.00303850312790027	32.8964074990884	0.200000000001123
20.175	6.5	1.77374317291976e-13	0.799390883521794	-0.00316108786287902	32.872425296629	0.200000000000142
20.325	6.5	-2.23773079356784e-12	0.799358182063382	-0.00328866039676878	32.848444046077	0.19999999999821
20.475	6.5	-5.4734367191019e-12	0.799323470469724	-0.00342143260401063	32.8244638057056	0.199999999995621
20.625	6.5	-8.35473405250189e-12	0.7992866081139	-0.00355962679287566	32.8004846378499	0.199999999993316
20.775	6.5	-8.87634737079225e-12	0.799247443500483	-0.00370347641544713	32.7765066092204	0.199999999992899
20.925	6.5	-4.64519768877716e-12	0.799205813368191	-0.00385322685107346	32.7525297912416	0.199999999996284
21.075	6.5	6.05960672099666e-12	0.799161541719571	-0.00400913626807126	32.7285542604192	0.200000000004848
21.225	6.5	2.26850280064712e-11	0.799114438766354	-0.00417147657535972	32.7045800987372	0.200000000018148
21.375	6.5	4.0719745543102e-11	0.799064299784967	-0.00434053447602663	32.6806073940888	0.200000000032576
21.525	6.5	5.08388991377611e-11	0.799010903878509	-0.00451661263264003	32.6566362407423	0.200000000040671
21.675	6.5	4.0108284373368e-11	0.798954012629034	-0.00470003096252915	32.6326667398464	0.200000000032087
21.825	6.5	-3.64026926097363e-12	0.798893368638044	-0.00489112807507853	32.6086989999769	0.199999999997088
21.975	6.5	-8.40214101975595e-11	0.798828693942627	-0.00509026287272892	32.5847331377288	0.199999999932783
22.125	6.5	-1.86432176581625e-10	0.798759688295445	-0.00529781633622305	32.5607692783564	0.199999999850854
22.275	6.5	-2.70490378096713e-10	0.798686027301747	-0.00551419352084211	32.5368075564668	0.199999999783608
22.425	6.5	-2.70830213040127e-10	0.798607360399835	-0.00573982579386546	32.5128481167702	0.199999999783336
22.575	6.5	-1.13149001787727e-10	0.798523308679908	-0.00597517334840154	32.4888911148947	0.199999999909481
22.725	6.5	2.50403569977563e-10	0.798433462529469	-0.00622072803372452	32.4649367182711	0.200000000200323
22.875	6.5	7.90036195268059e-10	0.798337379097494	-0.00647701654202902	32.440985107095	0.200000000632029
23.025	6.5	1.3471425840885e-09	0.798234579560922	-0.00674460399575203	32.4170364753739	0.200000001077714
23.175	6.5	1.61283072636844e-09	0.798124546180979	-0.007024097976739	32.3930910320632	0.200000001290265
23.325	6.5	1.17468998973541e-09	0.798006719115181	-0.00731615304336873	32.3691490022941	0.200000000939752
23.475	6.5	-3.35337452017326e-10	0.797880492957983	-0.00762147578639411	32.3452106286913	0.19999999973173
23.625	6.5	-2.98870230821186e-09	0.79774521297653	-0.0079408305021145	32.3212761727808	0.199999997609038
23.775	6.5	-6.25766014773618e-09	0.797600171017094	-0.0082750455895268	32.297345916485	0.199999994993872
23.925	6.5	-8.79266734490402e-09	0.797444601088079	-0.00862502083983818	32.2734201637176	0.199999992965866
24.075	6.5	-8.47797903653818e-09	0.797277674661789	-0.00899173584009504	32.2494992421025	0.199999993217617
24.225	6.5	-2.97699958046713e-09	0.797098495775853	-0.00937625975462841	32.2255835048602	0.1999999976184
24.375	6.5	9.11730128716729e-09	0.796906096049278	-0.00977976275028464	32.2016733329254	0.200000007293841
24.525	6.5	2.66574063810591e-08	0.796699429697171	-0.0102035292409583	32.1777691373535	0.200000021325925
24.675	6.5	4.43568939606269e-08	0.796477368542445	-0.0106489729581013	32.1538713620465	0.200000035485515
24.825	6.5	5.21865569352505e-08	0.7962386968505	-0.0111176536299166	32.1299804867619	0.200000041749246
24.975	6.5	3.69487998101321e-08	0.795982105605617	-0.0116112948458611	32.1060970302627	0.20000002955904
25.125	6.5	-1.29703446687304e-08	0.795706185680168	-0.012131802723183	32.082221553367	0.199999989623724
25.275	6.5	-9.96071031093494e-08	0.795409419388326	-0.0126812854185067	32.0583546615989	0.199999920314317
25.425	6.5	-2.05894846489147e-07	0.795090170301901	-0.0132620745576571	32.0344970072185	0.199999835284123
25.575	6.5	-2.88656130869088e-07	0.794746672062758	-0.0138767512378877	32.01064929067	0.199999769075095
25.725	6.5	-2.80227654686251e-07	0.794377018163629	-0.0145281810437275	31.9868122619528	0.199999775817876
25.875	6.5	-1.05247896484825e-07	0.793979155938957	-0.015219563664578	31.9629867230057	0.199999915801683
26.025	6.5	2.83734229656068e-07	0.793550888634128	-0.0159545020446234	31.939173532652	0.200000226987384
26.175	6.5	8.55509977631937e-07	0.7930898884853	-0.0167370922196185	31.9153736156498	0.200000684407982
26.325	6.5	1.44951029963801e-06	0.792593720499151	-0.0175720274856446	31.8915879765037	0.20000115960824
26.475	6.5	1.75318676449028e-06	0.792059870883134	-0.0184647002062157	31.8678177166904	0.200001402549412
26.625	6.5	1.34376293910887e-06	0.791485767120439	-0.0194212748098131	31.8440640509798	0.200001075010351
26.775	6.5	-1.73984475087693e-07	0.790868771427608	-0.0204487025647598	31.8203283154066	0.19999986081242
26.925	6.5	-2.92788598229916e-06	0.790206130476345	-0.0215546606597306	31.7966119577179	0.199997657691214
27.075	6.5	-6.48047883484995e-06	0.789494876924922	-0.0227474320881666	31.77291650285	0.199994815616932
27.225	6.5	-9.58453019023646e-06	0.78873170569562	-0.0240358001714991	31.7492434930156	0.199992332375848
27.375	6.5	-1.01666300578054e-05	0.78791288784409	-0.0254291018290644	31.7255944148178	0.199991866695954
27.525	6.5	-5.73555248563849e-06	0.787034326238206	-0.0269376398283173	31.7019706422454	0.199995411558011
27.675	6.5	5.65108625586684e-06	0.786091878588412	-0.0285736525209545	31.6783734386219	0.200004520869005
27.825	6.5	2.39107685437166e-05	0.785082045613712	-0.0303529289908969	31.6548040633846	0.200019128614835
27.975	6.5	4.52997998862462e-05	0.784003018564622	-0.0322969019296717	31.6312640106254	0.200036239839909
28.125	6.5	6.13213724258773e-05	0.782855893600734	-0.0344346610833144	31.6077553586276	0.200049057097941
28.275	6.5	5.91552920725408e-05	0.781645622426548	-0.036803898030141	31.5842811356179	0.200047324233658
28.425	6.5	2.45794037154279e-05	0.780381062968768	-0.0394495035922733	31.560845524048	0.200019663522972
28.575	6.5	-5.2135118337637e-05	0.779073451803428	-0.0424186504387232	31.5374536683275	0.19995829190533
28.725	6.5	-0.00016794603453479	0.777732894079651	-0.0457519752842157	31.5141108650405	0.199865643172372
28.875	6.5	-0.000298522537773425	0.776363188775257	-0.0494721127655888	31.4908210428001	0.199761181969781
29.025	6.5	-0.000393249530391712	0.774956528184069	-0.0535732819681554	31.4675846965723	0.199685400375687
29.175	6.5	-0.000378494255287176	0.773491192886011	-0.0580183817170517	31.4443967914188	0.19969720459577
29.325	6.5	-0.00017336282266349	0.77193680266149	-0.0627518666083258	31.4212454878726	0.199861309741869
29.475	6.5	0.000280516906353575	0.770271968358538	-0.0677355489881303	31.3981127012934	0.200224413525083
29.625	6.5	0.000978627534236019	0.768517060496545	-0.0730085060293685	31.3749773119368	0.200782902027389
29.775	6.5	0.00181246649621843	0.766779783481989	-0.0787616607400177	31.3518211755942	0.201449973196975
29.925	6.5	0.00254346072652182	0.765304912164701	-0.0854063176815996	31.3286369818877	0.202034768581217
30.075	6.5	0.00281014238574678	0.764515341590999	-0.0936101290039092	31.3054357153472	0.202248113908597
30.225	6.5	0.00218314073757642	0.765031639346762	-0.104276349515886	31.2822504461204	0.201746512590061
30.375	6.5	0.000271214414675283	0.767658453651173	-0.118447421995326	31.2591329757695	0.20021697153174
30.525	6.5	-0.00313591123473222	0.773320243660126	-0.137112083355032	31.2361409708921	0.197491271012214
30.675	6.5	-0.00792064089334949	0.782909390929469	-0.160884751168821	31.2133157764235	0.19366348728532
30.825	6.5	-0.0135314526681215	0.796985000888228	-0.189529225215136	31.1906546820294	0.189174837865503
30.975	6.5	-0.0189620569431615	0.815273399121129	-0.221370850779883	31.1680849239262	0.184830354445471
31.125	6.5	-0.022844833726513	0.836059842298882	-0.252843592959092	31.1454485006305	0.18172413301879
31.275	6.5	-0.0236602293267667	0.855874603581008	-0.278692331882511	31.1225052489281	0.181071816538587
31.425	6.5	-0.0200291272771522	0.8701099354924	-0.293332139079625	31.0989560698706	0.183976698178278
31.575	6.5	-0.0110205913802848	0.874744652873393	-0.293089211482159	31.0744812630329	0.191183526895772
31.725	6.5	0.00361182735505556	0.868189931168888	-0.277910159751177	31.0487850395098	0.202889461884044
31.875	6.5	0.0233375364419721	0.851822776694272	-0.251160741796469	31.0216372866485	0.218670029153578
32.025	6.5	0.0469250298797425	0.828952451938921	-0.21777639657741	30.9929046060857	0.237540023903794
32.175	6.5	0.0726573407157348	0.803274559672409	-0.182298769493951	30.9625644710739	0.258125872572588
32.325	6.5	0.0986221727945523	0.77782130938871	-0.147875263984464	30.9307008220965	0.278897738235642
32.475	6.5	0.12300286557787	0.754623542828704	-0.116202971752125	30.8974846898919	0.298402292462296
32.625	6.5	0.144308536772871	0.734816406597272	-0.0879136653035594	30.8631464035587	0.315446829418297
32.775	6.5	0.161508093863085	0.718893173570267	-0.0630061320354726	30.8279460381922	0.329206475090468
32.925	6.5	0.174063721023919	0.70694634645475	-0.0411685494076512	30.7921471172674	0.339250976819136
33.075	6.5	0.181884199000259	0.698845066776631	-0.0219758201585813	30.7559963666142	0.345507359200208
33.225	6.5	0.185230333248283	0.694349910111641	-0.00499460510629956	30.7197102832138	0.348184266598626
33.375	6.5	0.18460407893107	0.693181226246647	0.0101681281505634	30.6834678523497	0.347683263144856
33.525	6.5	0.180644583231993	0.695056664750748	0.0238467833275721	30.6474080300061	0.344515666585594
33.675	6.5	0.17404388833338	0.699708824639496	0.0363126263098532	30.6116304792983	0.339235110666704
33.825	6.5	0.165485935980781	0.70688993773696	0.0477740169186578	30.5761982898378	0.332388748784625
33.975	6.5	0.155606643888827	0.716367979849452	0.0583774631592101	30.5411418007184	0.324485315111062
34.125	6.5	0.144970133001528	0.727917671932624	0.0682091201051177	30.5064630229347	0.315976106401223
34.275	6.5	0.134055814273503	0.741310028195265	0.0772984786011822	30.472140423191	0.307244651418802
34.425	6.5	0.123252128067071	0.756304545435359	0.0856266535546809	30.4381339605729	0.298601702453657
34.575	6.5	0.112854435379836	0.772647961519713	0.0931408254051278	30.4043902757389	0.290283548303869
34.725	6.5	0.10306620630023	0.790082105002051	0.0997742640123154	30.3708478630149	0.282452965040184
34.875	6.5	0.0940037710988594	0.808360624899696	0.105468731373254	30.337441965784	0.275203016879088
35.025	6.5	0.085705273590575	0.827271018789326	0.110194075725029	30.3041088782053	0.26856421887246
35.175	6.5	0.0781441194076178	0.84665567698636	0.11395958995706	30.2707893472969	0.262515295526094
35.325	6.5	0.0712463717941739	0.866424929738299	0.116813634051343	30.2374308586295	0.256997097435339
35.475	6.5	0.0649105671204436	0.886556840374056	0.11883151408622	30.2039887396704	0.251928453696355
35.625	6.5	0.0590276708611017	0.907082113868224	0.120095280932984	30.1704261904567	0.247222136688881
35.775	6.5	0.0534986470698525	0.928056593918386	0.120671508219905	30.1367135061676	0.242798917655882
35.925	6.5	0.0482474705365815	0.94952700660691	0.120593441298432	30.1028268494986	0.238597976429265
36.075	6.5	0.0432282753829885	0.971497084212016	0.119852308866093	30.0687469394652	0.234582620306391
36.225	6.5	0.0384264602265698	0.993900890870515	0.118399844764744	30.0344579500083	0.230741168181256
36.375	6.5	0.0338546510752715	1.01658844532424	0.116161138889981	29.9999467836804	0.227083720860217
36.525	6.5	0.029545192723733	1.03932612199496	0.113054588059152	29.965202743984	0.223636154178986
36.675	6.5	0.0255411492144738	1.06181136165957	0.109014388548779	29.9302175146222	0.220432919371579
36.825	6.5	0.0218876417898065	1.08369850769461	0.104010835511364	29.8949852905022	0.217510113431845
36.975	6.5	0.0186248602636935	1.10463066424875	0.098064558664631	29.8595028990218	0.214899888210955
37.125	6.5	0.0157834379339137	1.12427176968811	0.0912524223251358	29.8237697886238	0.212626750347131
37.275	6.5	0.0133822657732847	1.14233370294362	0.0837047129965287	29.7877878231531	0.210705812618628
37.425	6.5	0.0114283687988169	1.15859491554359	0.0755949587594018	29.7515608832757	0.209142695039054
37.575	6.5	0.00991822926697067	1.17290924129323	0.0671248937240726	29.7150943242245	0.207934583413577
37.725	6.5	0.00883990121106018	1.18520554901101	0.0585075159484973	29.6783943649346	0.207071920968848
37.875	6.5	0.008175359380849	1.19548030897302	0.0499509345640756	29.6414674872915	0.206540287504679
38.025	6.5	0.00790269121134873	1.20378576468865	0.041644981212949	29.6043199109182	0.206322152969079
38.175	6.5	0.00799791261244976	1.21021632703608	0.0337516585562338	29.5669571860863	0.20639833008996
38.325	6.5	0.00843632922419596	1.21489527911446	0.0263996625463318	29.5293839222338	0.206749063379357
38.475	6.5	0.00919345933765626	1.21796316610973	0.01968259488612	29.491603647768	0.207354767470125
38.625	6.5	0.0102455848320774	1.21956855509394	0.0136601225614633	29.453618781505	0.208196467865662
38.775	6.5	0.0115700131153317	1.21986130476119	0.00836121221481399	29.4154306881208	0.209256010492265
38.925	6.5	0.0131451294111142	1.21898812309879	0.00378860266909238	29.3770397885086	0.210516103528891
39.075	6.5	0.0149503062132223	1.2170899967203	-7.61905454992199e-05	29.338445699144	0.211960244970578
39.225	6.5	0.0169657231246404	1.21430100866769	-0.00326787548767789	29.2996473803517	0.213572578499712
39.375	6.5	0.0191721394358618	1.21074807713225	-0.00583275547720636	29.2606432798952	0.215337711548689
39.525	6.5	0.0215506533561202	1.20655121492003	-0.00782468964533333	29.2214314642943	0.217240522684896
39.675	6.5	0.024082478207507	1.20182398938431	-0.00930174158586742	29.1820097349226	0.219265982566006
39.825	6.5	0.0267487629202876	1.19667394937165	-0.0103235284907651	29.1423757289231	0.22139901033623
39.975	6.5	0.0295304802757013	1.19120286862611	-0.0109492249123119	29.1025270064968	0.223624384220561
40.125	6.5	0.0324084008557589	1.18550672841921	-0.0112361413577969	29.0624611265296	0.225926720684607
40.275	6.5	0.0353631631680215	1.17967542388416	-0.011238782679728	29.0221757122464	0.228290530534417
40.425	6.5	0.0383754411731559	1.17379222764897	-0.0110082891223406	28.9816685080166	0.230700352938525
40.575	6.5	0.041426200610719	1.1679330791401	-0.010592168869657	28.9409374278879	0.233140960488575
40.725	6.5	0.0444970260123969	1.16216578945838	-0.0100342413105313	28.8999805960594	0.235597620809917
40.875	6.5	0.0475704927493011	1.15654925920908	-0.00937472238426477	28.8587963793929	0.238056394199441
41.025	6.5	0.0506305536034494	1.15113280246885	-0.00865039557674645	28.817383412151	0.24050444288276
41.175	6.5	0.0536629076363118	1.14595565726039	-0.00789482413473446	28.7757406133904	0.242930326109049
41.325	6.5	0.0566553214935796	1.14104674138732	-0.00713857111439179	28.7338671976936	0.245324257194864
41.475	6.5	0.0595978781604602	1.13642468929957	-0.00640940395005802	28.6917626801138	0.247678302528368
41.625	6.5	0.062483135627127	1.13209818053249	-0.00573246951403544	28.6494268762945	0.249986508501702
41.775	6.5	0.0653061865584831	1.12806654722248	-0.00513043359668143	28.606859898684	0.252244949246786
41.925	6.5	0.0680646188153512	1.12432062872957	-0.00462358528110875	28.5640621496091	0.254451695052281
42.075	6.5	0.0707583845476925	1.12084382676446	-0.00422991160203273	28.5210343117553	0.256606707638154
42.225	6.5	0.0733895918410059	1.11761330497132	-0.00396515097504943	28.4777773363604	0.258711673472805
42.375	6.5	0.0759622369202829	1.11460127340711	-0.00384283537171704	28.4342924292279	0.260769789536226
42.525	6.5	0.0784818970518735	1.11177629872019	-0.00387433113747285	28.3905810345154	0.262785517641499
42.675	6.5	0.0809554040513767	1.10910458624875	-0.00406888704277673	28.3466448161797	0.264764323241101
42.825	6.5	0.0833905165335573	1.10655118815047	-0.00443369621472478	28.3024856369609	0.266712413226846
42.975	6.5	0.0857956060146202	1.10408110171941	-0.00497397623594544	28.2581055348545	0.268636484811696
43.125	6.5	0.0881793682117144	1.10166023300235	-0.00569306937805714	28.213506697127	0.270543494569372
43.275	6.5	0.0905505668416858	1.09925621175552	-0.00659256291453788	28.1686914320751	0.272440453473349
43.425	6.5	0.0929178132975311	1.09683905391797	-0.00767242786479238	28.1236621388828	0.274334250638025
43.575	6.5	0.0952893821066926	1.09438167650425	-0.00893117337038812	28.078421276097	0.276231505685354
43.725	6.5	0.0976730593285083	1.09186027668967	-0.0103660130837249	28.0329713293942	0.278138447462807
43.875	6.5	0.100076019273552	1.08925459156019	-0.0119730392329063	27.9873147794355	0.280060815418841
44.025	6.5	0.10250472434548	1.08654805731535	-0.0137473991181846	27.9414540706609	0.282003779476384
44.175	6.5	0.10496484359534	1.08372788649763	-0.0156834673592452	27.8953915818118	0.283971874876272
44.325	6.5	0.107461187825378	1.08078507902783	-0.0177750049106559	27.8491295987256	0.285968950260303
44.475	6.5	0.109997662693825	1.07771437752672	-0.0200152924544804	27.8026702894599	0.28799813015506
44.625	6.5	0.112577245877313	1.07451416996963	-0.0223972212065541	27.7560156810549	0.29006179670185
44.775	6.5	0.115201999180617	1.07118633392382	-0.0249133187339112	27.709167636243	0.292161599344494
44.925	6.5	0.117873130342175	1.06773600785711	-0.0275556818848417	27.6621278273003	0.29429850427374
45.075	6.5	0.120591120579175	1.06417126844708	-0.0303157848677049	27.6148977032215	0.29647289646334
45.225	6.5	0.12335593087354	1.06050269136743	-0.0331841301338208	27.5674784458135	0.298684744698832
45.375	6.5	0.126167291039977	1.05674278014756	-0.0361497159077685	27.5198709105345	0.300933832831982
45.525	6.5	0.12902505988277	1.05290526691378	-0.0391993101706144	27.4720755492693	0.303220047906216
45.675	6.5	0.131929622695296	1.04900432273146	-0.0423165493871699	27.4240923148922	0.305543698156237
45.825	6.5	0.13488226623904	1.04505376450857	-0.045480922595422	27.3759205512245	0.307905812991232
45.975	6.5	0.13788544537948	1.04106640702935	-0.0486667562250818	27.327558876198	0.310308356303584
46.125	6.5	0.140942835602951	1.03705377487436	-0.0518423768172321	27.279005069554	0.312754268482361
46.275	6.5	0.144059058197382	1.03302644616422	-0.0549696875900537	27.2302559777767	0.315247246557906
46.425	6.5	0.1472389755964	1.02899532906802	-0.0580044359050964	27.1813074467216	0.31779118047712
46.575	6.5	0.150486486297094	1.02497415029414	-0.0608974545842495	27.1321542856777	0.320389189037675
46.725	6.5	0.153802800877481	1.02098334086752	-0.0635971134893498	27.0827902556824	0.323042240701985
46.875	6.5	0.157184247545467	1.01705532522714	-0.0660531065073628	27.0332080618317	0.325747398036373
47.025	6.5	0.160619728671043	1.01324095848536	-0.0682215205488196	26.9833993179269	0.328495782936835
47.175	6.5	0.164088019725804	1.00961654088437	-0.0700708983206513	26.9333544472433	0.331270415780643
47.325	6.5	0.167555162907486	1.00629052145415	-0.0715887411295397	26.8830624905435	0.334044130325989
47.475	6.5	0.170972259112815	1.00340875798261	-0.0727876403338467	26.832510814615	0.336777807290252
47.625	6.5	0.17427400864908	1.0011571050943	-0.0737100234248695	26.7816847501448	0.339419206919264
47.775	6.5	0.177378397757429	0.999760214383283	-0.0744304029718492	26.7305672294312	0.341902718205943
47.925	6.5	0.180187969538551	0.999475763782365	-0.0750540692478506	26.6791385296892	0.344150375630841
48.075	6.5	0.182593129643468	1.00058384068089	-0.075711401919115	26.6273762415693	0.346074503714774
48.225	6.5	0.184477872141333	1.00337177974939	-0.0765473989845215	26.5752555628626	0.347582297713067
48.375	6.5	0.185728110865162	1.00811526754055	-0.0777066026011238	26.5227499609695	0.348582488692129
48.525	6.5	0.186242423463097	1.01505685978939	-0.0793142740639645	26.4698321642083	0.348993938770478
48.675	6.5	0.185944468317211	1.02438318340211	-0.0814553424676714	26.4164753534974	0.348755574653768
48.825	6.5	0.184795707274192	1.03620210027564	-0.0841532359849425	26.3626543604704	0.347836565819354
48.975	6.5	0.182806527772045	1.05052118086899	-0.0873511455341105	26.3083466594809	0.346245222217636
49.125	6.5	0.180043611750153	1.06722917215339	-0.0908985475214096	26.253532978556	0.344034889400123
49.275	6.5	0.176631612778403	1.08608282555861	-0.0945459050851187	26.198197438419	0.341305290222722
49.425	6.5	0.172747926552845	1.1067022988649	-0.0979502939118017	26.1423272343611	0.338198341242276
49.575	6.5	0.168610462007275	1.1285788755978	-0.100694072586538	26.0859119739015	0.33488836960582
49.725	6.5	0.1644595916282	1.15109826564195	-0.102317382501584	26.0289428524749	0.33156767330256
49.875	6.5	0.160536580231979	1.17358066672619	-0.102363043290661	25.971411881797	0.328429264185583
50.025	6.5	0.157061523158614	1.19533500819292	-0.100429447255422	25.9133113820243	0.325649218526892
50.175	6.5	0.154214065261261	1.21572016224981	-0.0962240060377614	25.8546339084082	0.323371252209009
50.325	6.5	0.152119937313393	1.23420201781969	-0.0896077104541174	25.7953726966635	0.321695949850715
50.475	6.5	0.150845659176808	1.25039404836985	-0.0806216662149211	25.7355225712792	0.320676527341447
50.625	6.5	0.150402522536714	1.26407159369539	-0.0694896810199457	25.6750810902916	0.320322018029371
50.775	6.5	0.150758970074033	1.275156344016	-0.0565964583187498	25.6140495821313	0.320607176059227
50.925	6.5	0.151857672023539	1.2836757819578	-0.0424467549948418	25.5524338079449	0.321486137618831
51.075	6.5	0.153630539206982	1.28970998883659	-0.0276145613465874	25.4902443914024	0.322904431365586
51.225	6.5	0.15600321658667	1.29334254636926	-0.0126914001714466	25.4274978867733	0.324802573269336
51.375	6.5	0.158882715326365	1.2946311070106	0.00176043528579884	25.3642200952485	0.327106172261092
51.525	6.5	0.162129740400228	1.29360551607033	0.0152482166982366	25.300453339002	0.329703792320182
51.675	6.5	0.165530181104126	1.29028827090081	0.0273836893954829	25.2362681019241	0.3324241448833
51.825	6.5	0.168792493323096	1.28471842032354	0.0379126596079881	25.1717764464698	0.335033994658477
51.975	6.5	0.1715990053743	1.27695398630891	0.0467361468771434	25.1071407986123	0.33727920429944
52.125	6.5	0.173719333687328	1.26703666576599	0.0539170063409827	25.042569439141	0.338975466949862
52.275	6.5	0.175151821241549	1.25492600199989	0.0596642647846165	24.9782924949861	0.340121456993239
52.425	6.5	0.176210176919425	1.24044003092469	0.0642857843625037	24.9145212610753	0.34096814153554
52.575	6.5	0.177450238373805	1.22326084000401	0.0680992833722704	24.8514073353769	0.341960190699044
52.725	6.5	0.179371169214179	1.20305375251041	0.0713009193320937	24.7890293080385	0.343496935371343
52.875	6.5	0.181938353748319	1.17968341791592	0.0738180771781516	24.7274337522545	0.345550682998655
53.025	6.5	0.184128636439914	1.15340666909647	0.0752027487621245	24.6667371848036	0.347302909151931
53.175	6.5	0.183812130612246	1.12488056924199	0.0746124087937171	24.6072593047708	0.347049704489797
53.325	6.5	0.178257916425071	1.09492994428614	0.0708708970983269	24.549620344061	0.342606333140057
53.475	6.5	0.165320109234157	1.06417900286408	0.0625798202886389	24.4947203247936	0.332256087387325
53.625	6.5	0.144974976522335	1.03268235960566	0.0483527323763624	24.4435463585296	0.315979981217868
53.775	6.5	0.120537842632819	0.999583493522943	0.0274717580087209	24.3968282390159	0.296430274106255
53.925	6.5	0.0988591507246002	0.962817253669355	0.0013942865950472	24.3546543158364	0.27908732057968
54.075	6.5	0.0892075740216654	0.919372524431729	-0.0243048871212902	24.3162152127556	0.271366059217332
54.225	6.5	0.101174033177739	0.86745688010502	-0.0406108460227483	24.2798083661641	0.280939226542191
54.375	6.5	0.142296564005092	0.809922054816296	-0.0413353553812685	24.2431044132689	0.313837251204074
54.525	6.5	0.215946329541638	0.753729538791395	-0.0287794696913254	24.2035532527522	0.37275706363331
54.675	6.5	0.319734006121114	0.704892985218035	-0.0104380030448798	24.1588170103729	0.455787204896891
54.825	6.5	0.444983375069413	0.665689118106395	0.00753006155013139	24.107168891707	0.55598670005553
54.975	6.5	0.578269640763287	0.635623387205767	0.0223689902232317	24.0477827215611	0.662615712610629
55.125	6.5	0.705190446212163	0.613036480374401	0.033591699491835	23.9808166786073	0.76415235696973
55.275	6.5	0.814581176493864	0.596048069680683	0.0416423456872911	23.9072467401451	0.851664941195091
55.425	6.5	0.900776489843194	0.583001675923504	0.047185652312715	23.8285267053429	0.920621191874555
55.575	6.5	0.963235621673315	0.572629824446926	0.0508387873779285	23.7462296308189	0.970588497338652
55.725	6.5	1.00469948364077	0.564047800922531	0.0531011814419287	23.6617903290904	1.00375958691262
55.875	6.5	1.02930234650008	0.55666764404956	0.0543549558750816	23.5763791145229	1.02344187720006
56.025	6.5	1.04131110130296	0.550102498560275	0.054885600745697	23.4908752355095	1.03304888104237
56.175	6.5	1.04450592528528	0.544093218258891	0.0549053439976742	23.4058942833438	1.03560474022823
56.325	6.5	1.04197568106345	0.538461359368461	0.0545734533701397	23.3218355807228	1.03358054485076
56.475	6.5	1.0361169823135	0.533081900990029	0.0540118683710778	23.2389313277845	1.0288935858508
56.625	6.5	1.02870972411701	0.527867984665116	0.0533161803970132	23.1572902161242	1.02296777929361
56.775	6.5	1.02101058707008	0.522762014150886	0.0525626921645058	23.0769337457744	1.01680846965606
56.925	6.5	1.01384446890782	0.517729659504088	0.0518125899334024	22.9978255630431	1.01107557512626
57.075	6.5	1.00768994802082	0.512754944440927	0.0511143105159224	22.9198946018014	1.00615195841665
57.225	6.5	1.00275906991257	0.507835674098771	0.0505050424873583	22.8430527455818	1.00220725593006
57.375	6.5	0.99907116664387	0.502979100974437	0.0500120280989199	22.7672076225806	0.999256933315096
57.525	6.5	0.996518998133079	0.49819802667109	0.0496540131415033	22.6922711393933	0.997215198506464
57.675	6.5	0.994924882758727	0.493507588474138	0.0494429143263283	22.6181644293618	0.995939906206982
57.825	6.5	0.994084948251385	0.488922885155109	0.0493855961033147	22.5448199689799	0.995267958601108
57.975	6.5	0.993800816056652	0.484457453431059	0.0494855829766467	22.4721816448151	0.995040652845322
58.125	6.5	0.993899395065798	0.480122485089139	0.049744552625336	22.4002035107584	0.995119516052638
58.275	6.5	0.994242570549529	0.475926606995243	0.0501635172200099	22.3288478683126	0.995394056439623
58.425	6.5	0.994729209336969	0.471876032671273	0.0507436682227517	22.2580831559869	0.995783367469575
58.575	6.5	0.995292040589193	0.467974918589901	0.0514869118489362	22.1878819768599	0.996233632471354
58.725	6.5	0.995891720660001	0.464225801008435	0.0523961513521798	22.118219450071	0.996713376528
58.875	6.5	0.996509909375958	0.460630034410254	0.0534753810336788	22.0490719571814	0.997207927500766
59.025	6.5	0.997142624565036	0.457188191211112	0.0547296519226081	21.9804162734831	0.997714099652029
59.175	6.5	0.997794613862309	0.453900410575002	0.0561649570690457	21.9122290258115	0.998235691089848
59.325	6.5	0.998475053127855	0.450766701802036	0.0577880703387822	21.844486396472	0.998780042502284
59.475	6.5	0.999194574243376	0.447787216449091	0.0596063595785991	21.7771639901359	0.999355659394701
59.625	6.5	0.9999634380777	0.444962505432518	0.0616275845126376	21.7102367897829	0.99997075046216
59.775	6.5	1.00079058098906	0.44229377512547	0.0638596821485269	21.6436791429902	1.00063246479125
59.925	6.5	1.00168324856042	0.439783151843265	0.066310537609125	21.5774647366729	1.00134659884833
60.075	6.5	1.00264696152195	0.437433958571198	0.0689877356686961	21.5115665339912	1.00211756921756
60.225	6.5	1.00368561316586	0.435251002312718	0.0718982872984997	21.4459566600957	1.00294849053269
60.375	6.5	1.00480155796188	0.433240865565279	0.0750483257157312	21.3806062332591	1.00384124636951
60.525	6.5	1.00599560654234	0.431412191389764	0.0784427674120807	21.3154851449551	1.00479648523388
60.675	6.5	1.0072668870478	0.4297759483423	0.0820849351904303	21.2505617971801	1.00581350963824
60.825	6.5	1.00861256536699	0.428345659122902	0.0859761422664215	21.1858028084667	1.0068900522936
60.975	6.5	1.01002743809564	0.427137575111487	0.0901152389701955	21.1211727022455	1.00802195047651
61.125	6.5	1.01150342452348	0.426170778032233	0.0944981264765095	21.0566335929905	1.00920273961879
61.275	6.5	1.01302899051475	0.425467189895805	0.0991172451728559	20.9921448872243	1.0104231924118
61.425	6.5	1.01458854041093	0.425051473195873	0.103961048464025	20.9276630181056	1.01167083232875
61.575	6.5	1.01616181508784	0.424950805049258	0.109013475579061	20.8631412339226	1.01292945207027
61.725	6.5	1.01772333633862	0.425194511304839	0.114253438809363	20.7985294622704	1.01417866907089
61.875	6.5	1.01924194044249	0.425813549042764	0.119654341238291	20.7337742728505	1.01539355235399
62.025	6.5	1.02068044718553	0.42683982758349	0.125183640527885	20.6688189626088	1.01654435774842
62.175	6.5	1.02199551441968	0.428305358412744	0.130802473524734	20.603603787332	1.01759641153574
62.325	6.5	1.02313773191429	0.4302412231451	0.136465356961396	20.5380663638793	1.01851018553143
62.475	6.5	1.02405201095075	0.43267634673212	0.142119983569343	20.4721422669285	1.0192416087606
62.625	6.5	1.02467832662736	0.435636063070976	0.147707142564844	20.4057658431635	1.01974266130188
62.775	6.5	1.02495286633511	0.439140466030243	0.15316080951803	20.338871263433	1.01996229306809
62.925	6.5	1.0248096276356	0.443202555562808	0.158408471227854	20.2713938281491	1.01984770210848
63.075	6.5	1.02418248827019	0.447826220093867	0.163371770891148	20.203271531074	1.01934599061615
63.225	6.5	1.02300773637913	0.45300414379395	0.167967568356336	20.1344468695642	1.0184061891033
63.375	6.5	1.02122699725955	0.458715786345121	0.172109498217042	20.064868863954	1.01698159780764
63.525	6.5	1.01879042410254	0.464925642408744	0.175710064736853	19.9944952155619	1.01503233928203
63.675	6.5	1.01565993937536	0.471582031248401	0.178683232636525	19.9232944952307	1.01252795150029
63.825	6.5	1.01181223341377	0.478616674325877	0.180947362257417	19.8512482191411	1.00944978673102
63.975	6.5	1.00724116777411	0.485945273879155	0.182428214436408	19.778352645282	1.00579293421929
64.125	6.5	1.00195921918181	0.493469202407637	0.183061642744477	19.7046201222742	1.00156737534545
64.275	6.5	0.995997662101207	0.501078261400558	0.182795529897444	19.6300798491197	0.996798129680965
64.425	6.5	0.989405342445213	0.50865429518601	0.181590534887663	19.5547779601363	0.99152427395617
64.575	6.5	0.982246141891603	0.516075294606805	0.179419303134796	19.4787769248994	0.985796913513282
64.725	6.5	0.974595545362389	0.523219543761959	0.176263935692813	19.4021543303655	0.979676436289911
64.875	6.5	0.966537048678663	0.529969395108194	0.172111678983603	19.3250011674889	0.973229638942931
65.025	6.5	0.958159403692456	0.536214432788418	0.166948945615668	19.2474197534484	0.966527522953964
65.175	6.5	0.949555815483859	0.541854107748084	0.160753893546977	19.1695213652388	0.959644652387087
65.325	6.5	0.940826120064027	0.54680037987748	0.153487903568077	19.0914235343846	0.952660896051221
65.475	6.5	0.932082655099611	0.550981426924365	0.145086487860559	19.0132467632808	0.945666124079689
65.625	6.5	0.923459997460617	0.554347976767385	0.135450565935397	18.9351101932513	0.938767997968493
65.775	6.5	0.915127999777996	0.556884123840159	0.124439799120653	18.8571255211811	0.932102399822397
65.925	6.5	0.907306616626644	0.558624348002766	0.111870858611019	18.7793882847737	0.925845293301315
66.075	6.5	0.900279841298326	0.559677506436865	0.0975250118662474	18.7019656041833	0.920223873038661
66.225	6.5	0.894404653513584	0.56025638590681	0.0811707984929144	18.6248797039848	0.915523722810867
66.375	6.5	0.890109309051797	0.560707641511379	0.0626078523590596	18.5480872005362	0.912087447241437
66.525	6.5	0.887874026387591	0.561531758122691	0.041735534823257	18.4714553835655	0.910299221110073
66.675	6.5	0.888187182161186	0.56337741773365	0.0186431355396157	18.3947386239212	0.910549745728949
66.825	6.5	0.891473245358139	0.566992725070822	-0.00629392134081755	18.317560434225	0.913178596286511
66.975	6.5	0.89799673988616	0.573122219964849	-0.0323427674131764	18.2394089376855	0.918397391908928
67.125	6.5	0.907758607049992	0.582357752774119	-0.0584079834440906	18.1596542486068	0.926206885639994
67.275	6.5	0.920413001474214	0.594980074279348	-0.0831273558618155	18.0775938095282	0.936330401179371
67.425	6.5	0.935238892342691	0.610849729779693	-0.105070968754792	17.9925248691141	0.948191113874153
67.575	6.5	0.951193626810605	0.629399401504717	-0.122996462120638	17.9038331238219	0.960954901448484
67.725	6.5	0.967052586078853	0.649738804390923	-0.136076023532233	17.8110775371614	0.973642068863082
67.875	6.5	0.981607278064961	0.670831325322373	-0.144017181971638	17.7140492137043	0.985285822451969
68.025	6.5	0.993868603770203	0.69167536200683	-0.147049217926983	17.6127893589331	0.995094883016162
68.175	6.5	1.0032173083567	0.711436700283122	-0.145804067729325	17.5075644296725	1.00257384668536
68.325	6.5	1.00946363344174	0.729512817318408	-0.141149838945387	17.3988090101507	1.00757090675339
68.475	6.5	1.0128119373394	0.745539144606827	-0.134030423965209	17.2870536624226	1.01024954987152
68.625	6.5	1.01375569521395	0.759359352072902	-0.125342297764197	17.1728548345754	1.01100455617116
68.775	6.5	1.01294193850098	0.77098019814066	-0.115857190556199	17.0567389330071	1.01035355080079
68.925	6.5	1.01104148345645	0.780524549835433	-0.106185512416117	16.9391660603381	1.00883318676516
69.075	6.5	1.00864920399717	0.788189425234537	-0.0967702281078073	16.8205132123184	1.00691936319774
69.225	6.5	1.00622458350015	0.794211459480833	-0.087900809629538	16.7010731020959	1.00497966680012
69.375	6.5	1.0040713320479	0.798840024643977	-0.0797386510421305	16.5810633019414	1.00325706563832
69.525	6.5	1.00234760305845	0.802317499082344	-0.0723472385695023	16.4606405323824	1.00187808244676
69.675	6.5	1.00109524669515	0.804866012295534	-0.0657220530389416	16.3399160066911	1.00087619735612
69.825	6.5	1.00027677549075	0.80667986700343	-0.059816767352318	16.2189691622499	1.0002214203926
69.975	6.5	0.999811124986661	0.807922635930747	-0.0545638559660277	16.0978584619757	0.999848899989329
70.125	6.5	0.999602643509708	0.808727745211577	-0.0498891305962394	15.9766289946036	0.999682114807767
70.275	6.5	0.999561008536486	0.809201310170891	-0.0457207652657984	15.8553172631817	0.999648806829189
70.425	6.5	0.999612279947679	0.809426117598627	-0.041993968714658	15.7339538573414	0.999689823958143
70.575	6.5	0.999702810107509	0.809465901407899	-0.0386526337630067	15.6125647472756	0.999762248086007
70.725	6.5	0.999798310233808	0.809369352210512	-0.0356491664159431	15.4911718225357	0.999838648187046
70.875	6.5	0.999880276960595	0.80917356574028	-0.0329434204373872	15.3697931195725	0.999904221568476
71.025	6.5	0.999941512389693	0.808906833175972	-0.0305013553485395	15.2484430032222	0.999953209911754
71.175	6.5	0.999981879266426	0.808590801533943	-0.0282937694630787	15.1271324242622	0.999985503413141
71.325	6.5	1.00000488918593	0.8082420959473	-0.0262952640910815	15.0058692792998	1.00000391134874
71.475	6.5	1.00001530994844	0.80787351602991	-0.0244834713681766	14.8846588470786	1.00001224795875
71.625	6.5	1.00001771773778	0.807494913135442	-0.02283851283975	14.7635042560457	1.00001417419023
71.775	6.5	1.00001579115471	0.807113837662487	-0.0213426311769373	14.6424069394571	1.00001263292377
71.925	6.5	1.00001211094086	0.80673602452981	-0.0199799368463363	14.5213670458796	1.00000968875269
72.075	6.5	1.00000825351818	0.80636576554157	-0.01873622265836	14.4003837872131	1.00000660281455
72.225	6.5	1.00000501698805	0.806006201760031	-0.0175988135994798	14.2794557189265	1.00000401359044
72.375	6.5	1.00000267341	0.805659557626492	-0.0165564325760934	14.1585809561857	1.000002138728
72.525	6.5	1.0000011887426	0.805327330909578	-0.0155990726884076	14.0377573347066	1.00000095099408
72.675	6.5	1.00000038675934	0.80501044774888	-0.0147178731012072	13.9169825271481	1.00000030940747
72.825	6.5	1.00000005528892	0.804709389212691	-0.0139049990430886	13.7962541256525	1.00000004423114
72.975	6.5	1.0000000045337	0.804424294167175	-0.0131535278084469	13.6755696996995	1.00000000362696
73.125	6.5	1.00000009113273	0.804155042323471	-0.0124573426980346	13.55492683652	1.00000007290618
73.275	6.5	1.00000022105238	0.803901320747186	-0.0118110362726941	13.4343231694068	1.0000001768419
73.425	6.5	1.00000034166402	0.803662676683439	-0.0112098235555094	13.3137563976391	1.00000027333122
73.575	6.5	1.00000043008956	0.803438559175933	-0.0106494651483476	13.1932243004939	1.00000034407165
73.725	6.5	1.00000048195786	0.803228351605429	-0.0101261997390601	13.0727247469459	1.00000038556629
73.875	6.5	1.00000050249942	0.803031396938363	-0.00963668518002438	12.9522557020943	1.00000040199953
74.025	6.5	1.00000050046374	0.802847017165931	-0.00917794719013625	12.8318152310099	1.00000040037099
74.175	6.5	1.00000048455293	0.802674528138893	-0.00874733472213651	12.7114015005042	1.00000038764234
74.325	6.5	1.00000046174176	0.802513250764833	-0.00834248109983632	12.5910127792133	1.00000036939341
74.475	6.5	1.00000043681959	0.80236251933828	-0.00796127012782852	12.4706474363316	1.00000034945567
74.625	6.5	1.00000041260087	0.802221687613675	-0.00760180648536501	12.3503039392843	1.0000003300807
74.775	6.5	1.00000039041141	0.802090133103469	-0.007262389818609	12.2299808505972	1.00000031232913
74.925	6.5	1.00000037060974	0.801967259983153	-0.00694149203693753	12.109676824187	1.00000029648779
75.075	6.5	1.00000035302313	0.801852500907276	-0.00663773739461062	11.9893906012583	1.00000028241851
75.225	6.5	1.00000033725744	0.801745317977816	-0.00634988500188731	11.869121005965	1.00000026980595
75.375	6.5	1.0000003228867	0.801645203058582	-0.00607681346007415	11.7488669409574	1.00000025830936
75.525	6.5	1.00000030954867	0.801551677590421	-0.00581750735643714	11.6286273829123	1.00000024763894
75.675	6.5	1.00000029697725	0.801464292031468	-0.00557104538925162	11.5084013781177	1.0000002375818
75.825	6.5	1.00000028499888	0.801382625021497	-0.00533658992206757	11.3881880381644	1.0000002279991
75.975	6.5	1.00000027351276	0.801306282349559	-0.00511337779125513	11.2679865357818	1.0000002188102
76.125	6.5	1.00000026246738	0.80123489578764	-0.00490071221220806	11.1477961008436	1.0000002099739
76.275	6.5	1.00000025184001	0.801168121839842	-0.00469795564901011	11.0276160165577	1.00000020147201
76.425	6.5	1.00000024162164	0.801105640445509	-0.00450452352845346	10.9074456158508	1.00000019329731
76.575	6.5	1.00000023180742	0.801047153666243	-0.00431987869458391	10.7872842779509	1.00000018544593
76.725	6.5	1.00000022239164	0.800992384379897	-0.00414352651254584	10.6671314251673	1.00000017791331
76.875	6.5	1.00000021336575	0.800941074998077	-0.00397501054216371	10.5469865198657	1.0000001706926
77.025	6.5	1.00000020471825	0.800892986220396	-0.00381390871142849	10.4268490616335	1.0000001637746
77.175	6.5	1.00000019643532	0.80084789583399	-0.00365982992905509	10.3067185846291	1.00000015714826
77.325	6.5	1.00000018850186	0.800805597564797	-0.00351241108274118	10.1865946551062	1.00000015080149
77.475	6.5	1.00000018090231	0.800765899984228	-0.00337131437642313	10.0664768691084	1.00000014472185
77.625	6.5	1.00000017362129	0.800728625473512	-0.00323622496589956	9.94636485032115	1.00000013889703
77.775	6.5	1.00000016664401	0.800693609246594	-0.00310684885674933	9.82625824807643	1.00000013331521
77.925	6.5	1.00000015995649	0.800660698431093	-0.00298291103346891	9.70615673549853	1.00000012796519
78.075	6.5	1.00000015354552	0.80062975120665	-0.00286415379219172	9.58606000778382	1.00000012283642
78.225	6.5	1.00000014739875	0.800600635998726	-0.0027503352529952	9.46596778060526	1.000000117919
78.375	6.5	1.00000014150454	0.800573230726039	-0.00264122803051729	9.34587978863395	1.00000011320363
78.525	6.5	1.00000013585189	0.800547422099428	-0.00253661804449473	9.22579578416951	1.00000010868151
78.675	6.5	1.00000013043041	0.800523104969337	-0.00243630345375054	9.10571553587192	1.00000010434433
78.825	6.5	1.0000001252302	0.80050018171967	-0.00234009369941953	8.98563882758766	1.00000010018416
78.975	6.5	1.00000012024185	0.800478561705293	-0.00224780864479789	8.86556545726345	1.00000009619348
79.125	6.5	1.00000011545638	0.800458160730407	-0.00215927780070618	8.74549523594115	1.0000000923651
79.275	6.5	1.00000011086522	0.800438900565535	-0.00207433962672718	8.62542798682792	1.00000008869218
79.425	6.5	1.00000010646018	0.800420708500236	-0.00199284089966703	8.50536354443613	1.00000008516815
79.575	6.5	1.00000010223345	0.800403516929549	-0.00191463614172312	8.38530175378767	1.00000008178676
79.725	6.5	1.00000009817753	0.800387262971435	-0.00183958710176218	8.26524246967789	1.00000007854202
79.875	6.5	1.0000000942853	0.800371888113425	-0.00176756228379674	8.14518555599472	1.00000007542824
80.025	6.5	1.00000009054993	0.800357337886042	-0.00169843651755234	8.02513088508865	1.00000007243994
80.175	6.5	1.00000008696489	0.800343561561285	-0.00163209056654582	7.90507833718975	1.00000006957191
80.325	6.5	1.00000008352395	0.800330511874149	-0.00156841076967703	7.78502779986817	1.00000006681916
80.475	6.5	1.00000008022115	0.800318144765655	-0.00150728871276538	7.66497916753468	1.00000006417692
80.625	6.5	1.00000007705079	0.800306419145517	-0.00144862092694362	7.54493234097828	1.00000006164063
80.775	6.5	1.00000007400741	0.800295296673206	-0.00139230861108612	7.42488722693791	1.00000005920593
80.925	6.5	1.0000000710858	0.800284741555803	-0.00133825737586535	7.30484373770578	1.00000005686864
81.075	6.5	1.00000006828096	0.800274720361499	-0.00128637700724487	7.1848017907597	1.00000005462476
81.225	6.5	1.00000006558811	0.800265201847422	-0.00123658124750366	7.06476130842238	1.00000005247048
81.375	6.5	1.00000006300267	0.800256156800717	-0.00118878759205665	6.94472221754543	1.00000005040214
81.525	6.5	1.00000006052028	0.800247557891931	-0.00114291710063198	6.82468444921627	1.00000004841622
81.675	6.5	1.00000005813674	0.80023937953955	-0.00109889422134763	6.7046479384862	1.0000000465094
81.825	6.5	1.00000005584806	0.800231597785098	-0.00105664662664043	6.58461262411788	1.00000004467845
81.975	6.5	1.0000000536504	0.800224190177688	-0.00101610505985409	6.46457844835093	1.00000004292032
82.125	6.5	1.00000005154004	0.800217135667513	-0.000977203191621989	6.34454535668401	1.00000004123203
82.275	6.5	1.00000004951341	0.8002104145075	-0.000939877485217556	6.22451329767238	1.00000003961073
82.425	6.5	1.00000004756708	0.800204008162473	-0.000904067070044932	6.10448222273952	1.00000003805366
82.575	6.5	1.00000004569776	0.800197899225289	-0.00086971362270307	5.98445208600189	1.0000000365582
82.725	6.5	1.0000000439024	0.800192071339408	-0.000836761254951475	5.86442284410574	1.00000003512192
82.875	6.5	1.00000004217822	0.800186509127455	-0.000805156408075855	5.74439445607507	1.00000003374258
83.025	6.5	1.00000004052269	0.800181198125183	-0.000774847753260491	5.62436688316988	1.00000003241815
83.175	6.5	1.00000003893332	0.800176124720589	-0.000745786097404501	5.50434008875392	1.00000003114665
83.325	6.5	1.00000003740737	0.800171276097827	-0.000717924294133446	5.38431403817126	1.00000002992589
83.475	6.5	1.00000003594148	0.800166640185392	-0.000691217159608198	5.26428869863093	1.00000002875319
83.625	6.5	1.00000003453166	0.800162205608492	-0.000665621392912779	5.14426403909908	1.00000002762533
83.775	6.5	1.00000003317391	0.800157961645067	-0.00064109550065845	5.02424003019795	1.00000002653913
83.925	6.5	1.00000003186584	0.800153898185181	-0.000617599725718798	4.90421664411107	1.00000002549267
84.075	6.5	1.0000000306086	0.800150005693548	-0.000595095979739428	4.78419385449411	1.00000002448688
84.225	6.5	1.00000002940789	0.800146275174833	-0.000573547779441348	4.66417163639094	1.00000002352631
84.375	6.5	1.00000002827159	0.800142698141857	-0.000552920186435131	4.54414996615474	1.00000002261727
84.525	6.5	1.00000002720263	0.800139266586748	-0.000533179750476439	4.42412882137402	1.00000002176211
84.675	6.5	1.00000002618807	0.800135972955179	-0.000514294456117221	4.30410818080375	1.00000002095046
84.825	6.5	1.00000002519077	0.800132810123622	-0.0004962336725473	4.1840880243012	1.00000002015262
84.975	6.5	1.00000002415499	0.800129771378348	-0.000478968106610711	4.06406833276552	1.000000019324
85.125	6.5	1.00000002303719	0.80012685039444	-0.000462469758899346	3.94404908807881	1.00000001842975
85.275	6.5	1.00000002186209	0.800124041212188	-0.000446711882829719	3.82403027304604	1.00000001748967
85.425	6.5	1.00000002077928	0.80012133821	-0.000431668946601704	3.70401187133245	1.00000001662342
85.575	6.5	1.00000002006511	0.800118736076198	-0.000417316598076199	3.58399386740076	1.00000001605208
85.725	6.5	1.000000020002	0.80011622978786	-0.000403631632490021	3.46397624645664	1.0000000160016
85.875	6.5	1.0000000206063	0.80011381460845	-0.000390591963080495	3.34395899441544	1.00000001648504
86.025	6.5	1.00000002128998	0.800111486112515	-0.000378176594454241	3.22394209790063	1.00000001703199
86.175	6.5	1.00000002070996	0.800109240229619	-0.00036636559855071	3.1039255442681	1.00000001656797
86.325	6.5	1.0000000171792	0.800107073271475	-0.000355140092742205	2.98390932162036	1.00000001374336
86.475	6.5	1.00000000991207	0.800104981879497	-0.000344482219412327	2.86389341874371	1.00000000792966
86.625	6.5	1.00000000088214	0.800102962832112	-0.000334375126490573	2.74387782489908	1.00000000070571
86.775	6.5	0.999999996200382	0.800101012716286	-0.000324802948621432	2.62386252946025	0.999999996960306
86.925	6.5	1.00000000507853	0.800099127605505	-0.000315750789606121	2.50384752153857	1.00000000406283
87.075	6.5	1.00000003448946	0.800097303051096	-0.000307204707350525	2.38383278991691	1.00000002759157
87.225	6.5	1.00000007960108	0.800095534753503	-0.000299151702708584	2.26381832370226	1.00000006368086
87.375	6.5	1.0000001143166	0.800093820051009	-0.000291579711797563	2.14380411389522	1.00000009145328
87.525	6.5	1.00000009136966	0.800092159722476	-0.000284477597368845	2.02379015541249	1.00000007309573
87.675	6.5	0.999999963392406	0.800090558683659	-0.000277835129572622	1.90377644809715	0.999999970713925
87.825	6.5	0.999999729467574	0.800089023534322	-0.000271642943926435	1.78376299448673	0.999999783574059
87.975	6.5	0.999999492000297	0.800087555553963	-0.000265892469933794	1.66374979262039	0.999999593600237
88.125	6.5	0.999999480305482	0.800086140538497	-0.000260575843082035	1.54373682498775	0.999999584244385
88.275	6.5	0.999999977563255	0.800084741660032	-0.000255685843370617	1.42372404985596	0.999999982050604
88.425	6.5	1.00000110668183	0.800083306002247	-0.00025121592942136	1.30371140638686	1.00000088534546
88.575	6.5	1.00000251606038	0.800081794783921	-0.000247160426772835	1.18369884512216	1.00000201284831
88.725	6.5	1.00000315426977	0.800080236007549	-0.000243514846342018	1.06368638437301	1.00000252341582
88.875	6.5	1.00000146280618	0.800078774655877	-0.000240276145062198	0.943674168175342	1.00000117024495
89.025	6.5	0.999996300741157	0.800077668007737	-0.000237442555806026	0.823662470606683	0.999997040592925
89.175	6.5	0.999988572071511	0.800077164543619	-0.000235012567225018	0.703651577596646	0.999990857657209
89.325	6.5	0.999982798987894	0.800077245459469	-0.000232982950382684	0.583641515093738	0.999986239190315
89.475	6.5	0.999987025664197	0.800077317938752	-0.000231346555770705	0.463631706326635	0.999989620531357
89.625	6.5	1.00000913580361	0.800076104336514	-0.000230091764119876	0.343620810457428	1.00000730864289
89.775	6.5	1.00004889157886	0.800061694822659	-0.00022920624427356	0.223607120193206	1.00003911326309
89.925	6.5	1.00008838309373	0.400089452565953	-0.000228709546041052	0.103592913572459	1.00007070647499
0.075	6.7	8.771351055051e-31	0.399999836664389	-3.17100847725579e-05	36.0880385974165	0.2
0.225	6.7	4.76947637810858e-30	0.799999510315415	-3.17491206395853e-05	36.0640386072166	0.2
0.375	6.7	-5.43309396085094e-30	0.799999184923382	-3.18274047195165e-05	36.0400386267976	0.2
0.525	6.7	3.92361708041499e-30	0.799998861088791	-3.194535847939e-05	36.0160386561212	0.2
0.675	6.7	-1.98077495033929e-29	0.799998539358618	-3.21036040033693e-05	35.9920386951322	0.2
0.825	6.7	-3.9532122521983e-30	0.799998220207574	-3.23029537276024e-05	35.9680387437597	0.2
0.975	6.7	-3.6849237834524e-29	0.799997904021644	-3.25443960826351e-05	35.9440388019198	0.2
1.125	6.7	-2.27355994460321e-30	0.799997591083437	-3.28290806840504e-05	35.9200388695184	0.2
1.275	6.7	-2.82959802329674e-29	0.799997281565221	-3.31582998940689e-05	35.8960389464548	0.2
1.425	6.7	4.47179786558599e-29	0.799996975518594	-3.35334712913759e-05	35.8720390326245	0.2
1.575	6.7	3.69476714444229e-29	0.799996672875615	-3.39561194288885e-05	35.8480391279236	0.2
1.725	6.7	1.45155017299923e-28	0.799996373445274	-3.44278584001245e-05	35.824039232252	0.2
1.875	6.7	1.20777227538181e-28	0.799996076918879	-3.49503756035184e-05	35.8000393455169	0.2
2.025	6.7	1.97496876430727e-28	0.799995782876217	-3.5525417062897e-05	35.7760394676368	0.2
2.175	6.7	5.5331457285075e-29	0.799995490791266	-3.61547761365479e-05	35.7520395985443	0.2
2.325	6.7	-3.39215746285278e-30	0.799995200043638	-3.68402826080958e-05	35.7280397381894	0.2
2.475	6.7	-3.37483861197184e-28	0.79999490993042	-3.75837948799227e-05	35.7040398865417	0.2
2.625	6.7	-5.06051808429077e-28	0.799994619673588	-3.83871974660605e-05	35.6800400435936	0.2
2.775	6.7	-8.65209262185105e-28	0.799994328435672	-3.92523954864509e-05	35.6560402093613	0.2
2.925	6.7	-7.93200080756086e-28	0.79999403532909	-4.01813168393357e-05	35.6320403838874	0.2
3.075	6.7	-6.98716372280298e-28	0.799993739427014	-4.11759132957575e-05	35.6080405672416	0.2
3.225	6.7	1.1705142564066e-28	0.799993439773389	-4.22381644048256e-05	35.5840407595218	0.2
3.375	6.7	9.5494598490956e-28	0.799993135392376	-4.33700834344134e-05	35.5600409608552	0.2
3.525	6.7	2.35774718976639e-27	0.799992825295983	-4.45737232605957e-05	35.5360411713982	0.2
3.675	6.7	3.09456469603192e-27	0.799992508489319	-4.58511843978529e-05	35.5120413913374	0.2
3.825	6.7	3.56017091294263e-27	0.79999218397823	-4.72046239793363e-05	35.4880416208889	0.2
3.975	6.7	2.2473809031236e-27	0.799991850771487	-4.86362641659648e-05	35.4640418602987	0.2
4.125	6.7	1.20108174936679e-28	0.799991507883738	-5.01484016582683e-05	35.4400421098426	0.2
4.275	6.7	-3.69712158473592e-27	0.799991154339349	-5.17434170663584e-05	35.4160423698257	0.2
4.425	6.7	-6.69958996012903e-27	0.799990789170531	-5.34237851586533e-05	35.3920426405822	0.2
4.575	6.7	-8.84336954987172e-27	0.799990411418954	-5.5192083067385e-05	35.3680429224754	0.2
4.725	6.7	-6.82532727430939e-27	0.79999002013474	-5.70510003700923e-05	35.3440432158971	0.2
4.875	6.7	-2.09381393965762e-27	0.799989614374732	-5.90033486816342e-05	35.3200435212674	0.2
5.025	6.7	5.95467051359088e-27	0.799989193200844	-6.10520693019437e-05	35.2960438390346	0.2
5.175	6.7	1.06870984059849e-26	0.799988755677178	-6.32002424052769e-05	35.2720441696753	0.2
5.325	6.7	8.79529544605748e-27	0.799988300867504	-6.54510955368586e-05	35.248044513694	0.2
5.475	6.7	-7.94322269859847e-27	0.799987827833011	-6.78080117118582e-05	35.2240448716233	0.2
5.625	6.7	-3.58620368277807e-26	0.799987335628007	-7.02745372054483e-05	35.200045244024	0.2
5.775	6.7	-6.7902277989397e-26	0.799986823296297	-7.28543892814326e-05	35.1760456314856	0.2
5.925	6.7	-7.53889967049948e-26	0.799986289869195	-7.55514644825379e-05	35.1520460346262	0.2
6.075	6.7	-2.84524954002043e-26	0.799985734361167	-7.83698454966343e-05	35.1280464540934	0.2
6.225	6.7	1.09681874503792e-25	0.799985155766343	-8.13138096276784e-05	35.1040468905646	0.2
6.375	6.7	3.36824345979326e-25	0.799984553054656	-8.43878354844654e-05	35.0800473447474	0.2
6.525	6.7	6.04922983754915e-25	0.799983925169325	-8.75966115763059e-05	35.0560478173813	0.2
6.675	6.7	7.69703264678633e-25	0.799983271022568	-9.09450437431777e-05	35.0320483092373	0.2
6.825	6.7	6.24728810978307e-25	0.79998258949246	-9.44382632633642e-05	35.0080488211199	0.2
6.975	6.7	-7.54359608426621e-26	0.79998187941925	-9.80816349308299e-05	34.9840493538677	0.2
7.125	6.7	-1.45608299368761e-24	0.799981139602286	-0.000101880765697663	34.9600499083548	0.2
7.275	6.7	-3.38514403818979e-24	0.799980368797107	-0.00010584151338219	34.9360504854916	0.2
7.425	6.7	-5.24672469312555e-24	0.799979565709956	-0.000109969995061194	34.9120510862269	0.2
7.575	6.7	-5.90509871975951e-24	0.799978728998308	-0.000114272597817951	34.888051711549	0.2
7.725	6.7	-3.79466418328176e-24	0.799977857262176	-0.00011875598662977	34.8640523624871	0.2
7.875	6.7	2.51751260463641e-24	0.799976949046217	-0.000123427116040296	34.8400530401133	0.2
8.025	6.7	1.34850356011532e-23	0.799976002831933	-0.000128293239238555	34.8160537455443	0.2
8.175	6.7	2.73155618995722e-23	0.799975017035853	-0.000133361920547859	34.7920544799433	0.2
8.325	6.7	3.89578611654146e-23	0.799973990006732	-0.000138641045373278	34.7680552445221	0.2
8.475	6.7	3.97409916565092e-23	0.799972920020173	-0.000144138833120638	34.7440560405429	0.2
8.625	6.7	1.89108916182636e-23	0.799971805275784	-0.000149863849496199	34.7200568693209	0.2
8.775	6.7	-3.24332447601071e-23	0.799970643891886	-0.000155825018046379	34.6960577322264	0.2
8.925	6.7	-1.14420864321631e-22	0.799969433904258	-0.000162031635545158	34.6720586306874	0.2
9.075	6.7	-2.10048005613088e-22	0.79996817325853	-0.000168493385083539	34.6480595661921	0.2
9.225	6.7	-2.78234727248984e-22	0.799966859807733	-0.000175220350754583	34.6240605402919	0.2
9.375	6.7	-2.54270796748238e-22	0.799965491306664	-0.000182223032966294	34.6000615546037	0.2
9.525	6.7	-6.41116577741857e-23	0.799964065407402	-0.000189512364488404	34.5760626108135	0.2
9.675	6.7	3.41695020939794e-22	0.79996257965512	-0.000197099726775557	34.5520637106792	0.2
9.825	6.7	9.35850793882082e-22	0.799961031480663	-0.000204996967302457	34.5280648560342	0.2
9.975	6.7	1.55658383394277e-21	0.799959418195414	-0.000213216417591587	34.5040660487904	0.2
10.125	6.7	1.87413526013181e-21	0.799957736987805	-0.000221770912322272	34.4800672909424	0.2
10.275	6.7	1.42462907330256e-21	0.799955984913241	-0.000230673807578391	34.4560685845711	0.2
10.425	6.7	-2.43426671878874e-22	0.799954158890091	-0.000239939002539175	34.4320699318476	0.2
10.575	6.7	-3.29156664906638e-21	0.799952255691513	-0.000249580959645914	34.4080713350377	0.2
10.725	6.7	-7.22610354622048e-21	0.79995027193824	-0.000259614727249888	34.3840727965062	0.2
10.875	6.7	-1.05852338869444e-20	0.799948204091605	-0.000270055961580076	34.3600743187214	0.2
11.025	6.7	-1.09152051242572e-20	0.799946048443756	-0.000280920950699664	34.3360759042607	0.2
11.175	6.7	-5.3168330103603e-21	0.799943801109602	-0.000292226640211431	34.3120775558148	0.2
11.325	6.7	8.24818221696725e-21	0.799941458017845	-0.00030399065735517	34.2880792761941	0.2
11.475	6.7	2.89832333467154e-20	0.799939014900433	-0.000316231338435043	34.2640810683337	0.2
11.625	6.7	5.11924263208628e-20	0.799936467282329	-0.000328967757224338	34.2400829353001	0.2
11.775	6.7	6.32684331991412e-20	0.799933810470549	-0.000342219752271524	34.2160848802968	0.2
11.925	6.7	4.92669649497659e-20	0.799931039541988	-0.000356007958194235	34.1920869066718	0.2
12.075	6.7	-5.56198571137242e-21	0.799928149331583	-0.000370353835867865	34.1680890179243	0.2
12.225	6.7	-1.05054665755186e-19	0.799925134417464	-0.000385279705637384	34.1440912177119	0.2
12.375	6.7	-2.30228770477142e-19	0.799921989108952	-0.000400808779928266	34.1200935098592	0.2
12.525	6.7	-3.30305370857606e-19	0.799918707429317	-0.000416965198750677	34.0960958983654	0.2
12.675	6.7	-3.24479172379647e-19	0.799915283100866	-0.000433774066234654	34.0720983874135	0.2
12.825	6.7	-1.22952129088361e-19	0.79991170952746	-0.000451261487447091	34.0481009813794	0.2
12.975	6.7	3.28235879609802e-19	0.799907979777046	-0.00046945460848694	34.0241036848418	0.2
13.125	6.7	9.8383706658453e-19	0.799904086560531	-0.000488381656255913	34.0001065025927	0.2
13.275	6.7	1.63855515495051e-18	0.799900022212759	-0.000508071981344537	33.9761094396482	0.2
13.425	6.7	1.90656717805142e-18	0.799895778669749	-0.000528556101642842	33.95211250126	0.2
13.575	6.7	1.28926087157671e-18	0.799891347444357	-0.000549865748006064	33.928115692928	0.2
13.725	6.7	-6.3111825123439e-19	0.799886719602104	-0.000572033911258308	33.9041190204133	0.2
13.875	6.7	-3.87450306888971e-18	0.799881885734159	-0.000595094892160838	33.8801224897519	0.2
14.025	6.7	-7.70074179972272e-18	0.799876835927625	-0.000619084351337259	33.8561261072693	0.2
14.175	6.7	-1.0374808600964e-17	0.799871559735718	-0.000644039363360145	33.8321298795962	0.2
14.325	6.7	-9.31029443832043e-18	0.799866046143936	-0.000669998471563662	33.8081338136851	0.2
14.475	6.7	-1.83975460801938e-18	0.799860283536172	-0.000697001745414181	33.7841379168276	0.2
14.625	6.7	1.32883799528108e-17	0.799854259654794	-0.000725090839564009	33.760142196673	0.2
14.775	6.7	3.39270336971491e-17	0.799847961562137	-0.000754309057229634	33.7361466612483	0.2
14.925	6.7	5.27996692931089e-17	0.799841375596412	-0.000784701412243267	33.7121513189792	0.2
15.075	6.7	5.72620393238554e-17	0.799834487324654	-0.00081631469814027	33.6881561787125	0.2
15.225	6.7	3.20111997436367e-17	0.799827281493527	-0.000849197557047395	33.6641612497397	0.2
15.375	6.7	-3.42551445652246e-17	0.799819741975651	-0.000883400551505393	33.6401665418229	0.2
15.525	6.7	-1.38667683114721e-16	0.799811851710943	-0.00091897624023634	33.6161720652212	0.2
15.675	6.7	-2.53394125479602e-16	0.799803592646626	-0.000955979257585257	33.5921778307202	0.2
15.825	6.7	-3.20032286218349e-16	0.799794945669285	-0.000994466392769269	33.5681838496624	0.2
15.975	6.7	-2.57055181291007e-16	0.799785890534841	-0.00103449667790682	33.5441901339801	0.2
16.125	6.7	1.25738306264381e-17	0.799776405788925	-0.00107613147456664	33.5201966962303	0.2
16.275	6.7	5.12100234197457e-16	0.79976646868717	-0.00111943456707646	33.4962035496327	0.2
16.425	6.7	1.14990734253019e-15	0.799756055104153	-0.00116447225924013	33.4722107081091	0.200000000000001
16.575	6.7	1.67226052382156e-15	0.799745139439096	-0.00121131347463167	33.4482181863265	0.200000000000001
16.725	6.7	1.66986769666676e-15	0.799733694509304	-0.0012600298623415	33.4242259997428	0.200000000000001
16.875	6.7	6.81827169728737e-16	0.799721691441877	-0.00131069590627003	33.4002341646559	0.200000000000001
17.025	6.7	-1.57840764300386e-15	0.799709099551576	-0.00136338904158753	33.3762426982562	0.199999999999999
17.175	6.7	-4.90055957843186e-15	0.799695886211018	-0.00141818977393193	33.3522516186828	0.199999999999996
17.325	6.7	-8.26339594670896e-15	0.799682016710753	-0.00147518180778472	33.3282609450836	0.199999999999993
17.475	6.7	-9.72130467215802e-15	0.799667454106646	-0.00153445217758184	33.3042706976802	0.199999999999992
17.625	6.7	-6.73537645795317e-15	0.799652159058923	-0.00159609138840031	33.2802808978372	0.199999999999995
17.775	6.7	2.85400423187585e-15	0.799636089650443	-0.00166019356252454	33.2562915681367	0.200000000000002
17.925	6.7	1.92201304320032e-14	0.79961920120087	-0.00172685659449245	33.2323027324581	0.200000000000015
18.075	6.7	3.86954735274821e-14	0.799601446054356	-0.00179618231419778	33.2083144160646	0.200000000000031
18.225	6.7	5.25437855982713e-14	0.799582773359316	-0.00186827666020873	33.1843266456949	0.200000000000042
18.375	6.7	4.76349690595811e-14	0.799563128822328	-0.00194324986242348	33.160339449663	0.200000000000038
18.525	6.7	1.03042648992775e-14	0.799542454448625	-0.00202121663591448	33.1363528579655	0.200000000000008
18.675	6.7	-6.60671035974538e-14	0.799520688254053	-0.00210229638756221	33.1123669023961	0.199999999999947
18.825	6.7	-1.70930158940319e-13	0.799497763957422	-0.0021866134355047	33.0883816166703	0.199999999999863
18.975	6.7	-2.67623680985114e-13	0.799473610646697	-0.00227429724418822	33.0643970365587	0.199999999999786
19.125	6.7	-2.91914440627357e-13	0.799448152412823	-0.00236548267405428	33.0404132000315	0.199999999999767
19.275	6.7	-1.65491040293295e-13	0.799421307958168	-0.00246031025039425	33.016430147414	0.199999999999868
19.425	6.7	1.70328825451816e-13	0.79939299016635	-0.00255892645358008	32.9924479215541	0.200000000000136
19.575	6.7	7.02672004801811e-13	0.799363105637897	-0.00266148402806337	32.968466568004	0.200000000000562
19.725	6.7	1.29144303723394e-12	0.799331554185597	-0.00276814231866214	32.9444861352157	0.200000000001033
19.875	6.7	1.63938358198968e-12	0.799298228285041	-0.0028790676349185	32.9205066747526	0.200000000001312
20.025	6.7	1.32821397572271e-12	0.799263012477722	-0.00299443364359522	32.8965282415183	0.200000000001063
20.175	6.7	-4.20157262509118e-14	0.799225782723022	-0.00311442179824311	32.8725508940037	0.199999999999966
20.325	6.7	-2.60114564728655e-12	0.799186405691028	-0.00323922180634429	32.8485746945549	0.199999999997919
20.475	6.7	-5.89344699473558e-12	0.799144737995973	-0.00336903214008766	32.8245997096627	0.199999999995285
20.625	6.7	-8.62774417225785e-12	0.799100625358985	-0.00350406059580612	32.8006260102763	0.199999999993098
20.775	6.7	-8.69804244642522e-12	0.799053901699445	-0.00364452490975124	32.7766536721428	0.199999999993042
20.925	6.7	-3.70170789306297e-12	0.799004388142758	-0.00379065343484918	32.752682776176	0.199999999997039
21.075	6.7	7.90940404496508e-12	0.798951891943221	-0.00394268588827404	32.728713408855	0.200000000006328
21.225	6.7	2.51615246760865e-11	0.798896205307143	-0.0041008741796638	32.7047456626579	0.200000000020129
21.375	6.7	4.28980722470572e-11	0.798837104115151	-0.00426548332810921	32.6807796365317	0.200000000034318
21.525	6.7	5.11062589095665e-11	0.79877434652576	-0.00443679248074875	32.6568154364027	0.200000000040885
21.675	6.7	3.64997665604089e-11	0.79870767145582	-0.00461509604728504	32.6328531757304	0.2000000000292
21.825	6.7	-1.25758318952865e-11	0.798636796922748	-0.00480070496397328	32.6088929761084	0.199999999989939
21.975	6.7	-9.7853055359773e-11	0.798561418234879	-0.00499394810449086	32.5849349679174	0.199999999921718
22.125	6.7	-2.01333915777881e-10	0.798481206017235	-0.00519517386079738	32.560979291033	0.199999999838933
22.275	6.7	-2.78366094676143e-10	0.798395804058535	-0.00540475191695478	32.537026095595	0.199999999777307
22.425	6.7	-2.60208498271942e-10	0.798304826964051	-0.00562307524478299	32.5130755428429	0.199999999791833
22.575	6.7	-7.29743394817822e-11	0.798207857599176	-0.00585056235738929	32.489127806027	0.199999999941621
22.725	6.7	3.23648824327315e-10	0.798104444310438	-0.00608765985426349	32.4651830714009	0.200000000258919
22.875	6.7	8.83050614329201e-10	0.797994097904102	-0.00633484530098425	32.4412415393064	0.200000000706441
23.025	6.7	1.42194855158082e-09	0.797876288361887	-0.00659263048239649	32.4173034253575	0.200000001137559
23.175	6.7	1.60644737006332e-09	0.797750441261568	-0.00686156507160495	32.3933689617323	0.200000001285158
23.325	6.7	1.01366116649971e-09	0.797615933867544	-0.00714224075849179	32.3694383985743	0.200000000810929
23.475	6.7	-7.00281411049977e-10	0.797472090840775	-0.00743529589498129	32.3455120055063	0.199999999439775
23.625	6.7	-3.52972910513279e-09	0.797318179523399	-0.00774142072966858	32.3215900732578	0.199999997176217
23.775	6.7	-6.81333646492253e-09	0.797153404757894	-0.00806136335208156	32.2976729154103	0.199999994549331
23.925	6.7	-9.03860089078706e-09	0.796976903227401	-0.00839593650639942	32.2737608702759	0.199999992769119
24.075	6.7	-7.96809470303426e-09	0.796787737341527	-0.00874602549692063	32.2498543029455	0.199999993625524
24.225	6.7	-1.29767059259218e-09	0.79658488872373	-0.00911259744400985	32.2259536075591	0.199999998961864
24.375	6.7	1.20658550671883e-08	0.796367251380102	-0.00949671212956205	32.2020592098701	0.200000009652684
24.525	6.7	3.03008185247385e-08	0.796133624586553	-0.00989953459822306	32.1781715701702	0.200000024240655
24.675	6.7	4.71490963054965e-08	0.795882705432649	-0.0103223495038195	32.1542911866053	0.200000037719277
24.825	6.7	5.16135690962181e-08	0.795613080763401	-0.0107665769880593	32.1304185988382	0.200000041290855
24.975	6.7	3.01187972168235e-08	0.795323218048307	-0.0112337897318934	32.1065543919041	0.200000024095038
25.125	6.7	-2.79454330596304e-08	0.795011454552409	-0.0117257308962414	32.0826992000063	0.199999977643654
25.275	6.7	-1.21510665516779e-07	0.794675984235341	-0.0122443331774235	32.058853709963	0.199999902791468
25.425	6.7	-2.28155097242503e-07	0.794314842253773	-0.0127917402599376	32.035018664127	0.199999817475922
25.575	6.7	-2.98147017689136e-07	0.79392588781551	-0.0133703334955525	32.0111948629222	0.199999761482386
25.725	6.7	-2.58840410119572e-07	0.793506787388195	-0.0139827682668697	31.9873831676676	0.199999792927672
25.875	6.7	-3.59460213226226e-08	0.793055001441109	-0.0146320253571554	31.9635845049729	0.199999971243183
26.025	6.7	4.05685976827966e-07	0.792567778287594	-0.0153214815652373	31.9397998744229	0.200000324548781
26.175	6.7	1.00784799461321e-06	0.792042157324383	-0.0160549996457579	31.9160303611076	0.200000806278396
26.325	6.7	1.57017435574875e-06	0.791474980275928	-0.0168370300021933	31.8922771534015	0.200001256139485
26.475	6.7	1.7387786114464e-06	0.790862903031053	-0.0176727066921229	31.8685415640302	0.200001391022889
26.625	6.7	1.07092317961043e-06	0.790202393811262	-0.0185679120001742	31.8448250491871	0.200000856738544
26.775	6.7	-7.94904474778019e-07	0.789489698979228	-0.0195292835238137	31.8211292173024	0.19999936407642
26.925	6.7	-3.86732921998558e-06	0.788720760640696	-0.0205641533036324	31.7974558178649	0.199996906136624
27.075	6.7	-7.49165846035936e-06	0.787891085179213	-0.0216804461978329	31.7738067037223	0.199994006673232
27.225	6.7	-1.01375817083515e-05	0.786995591331321	-0.0228866239094435	31.7501837693807	0.199991889934633
27.375	6.7	-9.48336928638411e-06	0.78602850649835	-0.0241918285355148	31.7265888830181	0.199992413304571
27.525	6.7	-3.00042250721558e-06	0.784983417537706	-0.025606424973736	31.7030238479985	0.199997599661994
27.675	6.7	1.08568721243829e-05	0.783853593874766	-0.0271431190688881	31.6794904432335	0.2000086854977
27.825	6.7	3.09859010620899e-05	0.782632657329371	-0.028818688227195	31.6559905899184	0.20002478872085
27.975	6.7	5.19808223945158e-05	0.781315551456962	-0.0306560744474703	31.632526663655	0.200041584657916
28.125	6.7	6.3359805429326e-05	0.779899564845586	-0.0326861828522683	31.609101909609	0.200050687844343
28.275	6.7	5.07877750063067e-05	0.778384932852991	-0.0349483153006534	31.5857208303359	0.200040630220005
28.425	6.7	2.69170377464347e-07	0.776774378522228	-0.037487958127617	31.5623893258525	0.200000215336302
28.575	6.7	-9.44503487821349e-05	0.775070995564723	-0.0403509132952848	31.5391143174443	0.199924439720974
28.725	6.7	-0.000222440924237474	0.773274274221807	-0.0435737917940595	31.5159026354929	0.19982204726061
28.875	6.7	-0.000347141746064737	0.771374937883336	-0.047172846723508	31.4927591428736	0.199722286603148
29.025	6.7	-0.000403700466975424	0.769350598590461	-0.0511358878160884	31.4696844055661	0.19967703962642
29.175	6.7	-0.000307607809305887	0.767165811479924	-0.0554248696054039	31.4466726478852	0.199753913752555
29.325	6.7	2.12030427547138e-05	0.764781224092501	-0.0599980515579339	31.4237110935641	0.200016962434204
29.475	6.7	0.000618738535337915	0.762175983151248	-0.0648580280619356	31.4007818826743	0.20049499082827
29.625	6.7	0.00142853426861069	0.75938422984808	-0.0701237445307531	31.3778673535386	0.201142827414889
29.775	6.7	0.00225921713583023	0.756540635276592	-0.0761123322005095	31.3549584753485	0.201807373708664
29.925	6.7	0.00276925450921571	0.75392417584614	-0.0834058065994019	31.3320647099259	0.202215403607373
30.075	6.7	0.00250112462744982	0.751987240359122	-0.0928741984862357	31.3092219508961	0.20200089970196
30.225	6.7	0.000979223803105995	0.751358545905542	-0.10562918278328	31.2864940801908	0.200783379042485
30.375	6.7	-0.00213210360535404	0.75280618119235	-0.122879793906294	31.2639638585802	0.198294317115717
30.525	6.7	-0.00683855168273648	0.757130694282985	-0.145643705910524	31.2417109239048	0.194529158653811
30.675	6.7	-0.0126448544252957	0.764924730197208	-0.174245078439835	31.2197786594953	0.189884116459763
30.825	6.7	-0.0184646694873617	0.776114723694102	-0.20756545074254	31.1981368069393	0.185228264410111
30.975	6.7	-0.0226648894997179	0.78929182086118	-0.242233281276722	31.1766511445194	0.181868088400226
31.125	6.7	-0.0232699348933102	0.801187261954331	-0.272405083469968	31.1550727085443	0.181384052085352
31.275	6.7	-0.0183084012343953	0.807107725036998	-0.291101687128501	31.1330543669037	0.185353279012484
31.425	6.7	-0.00623338993017498	0.802852284309469	-0.293208253445864	31.1101926895387	0.19501328805586
31.575	6.7	0.01369348350431	0.787038281799027	-0.278215481283079	31.0860843077678	0.210954786803448
31.725	6.7	0.0411671934590918	0.761765297298573	-0.250233645612101	31.0603838416558	0.232933754767273
31.875	6.7	0.0748210685235702	0.731157651821405	-0.215399318798195	31.0328520524824	0.259856854818856
32.025	6.7	0.112427765090331	0.69936804083949	-0.179129914380973	31.0033849433221	0.289942212072265
32.175	6.7	0.151266836339684	0.669436201335615	-0.144897207303859	30.9720191574383	0.321013469071747
32.325	6.7	0.188567179954024	0.643113437868908	-0.114337461775792	30.9389155321282	0.350853743963219
32.475	6.7	0.221915254983438	0.621160172163294	-0.087862363139146	30.9043275301975	0.37753220398675
32.625	6.7	0.249537563184992	0.603719872143203	-0.0652328444343359	30.8685631414805	0.399630050547994
32.775	6.7	0.270416077793552	0.59060859132371	-0.0459394840554761	30.8319481492911	0.416332862234841
32.925	6.7	0.284252277867345	0.58149816516836	-0.0294118576447419	30.7947962118947	0.427401822293876
33.075	6.7	0.29133172258365	0.576018319319759	-0.0151174318788791	30.757388136655	0.43306537806692
33.225	6.7	0.29234788862135	0.57380767532465	-0.00259916511863808	30.7199601345257	0.43387831089708
33.375	6.7	0.288230415075098	0.574535874830081	0.00851732363063701	30.6826993251701	0.430584332060078
33.525	6.7	0.280003073956292	0.577910482072749	0.0185296575283248	30.6457442907533	0.424002459165034
33.675	6.7	0.268680114393563	0.583676048259667	0.0276684777403447	30.6091886854973	0.41494409151485
33.825	6.7	0.255199083289237	0.591608965303456	0.0361065750616423	30.573086412478	0.404159266631389
33.975	6.7	0.24038333639795	0.601509715013096	0.0439656766743743	30.5374574118324	0.39230666911836
34.125	6.7	0.224926140717415	0.613193444417721	0.0513210125483722	30.5022935306563	0.379940912573932
34.275	6.7	0.20938887847375	0.626479962072805	0.0582049573205478	30.4675642287755	0.367511102779
34.425	6.7	0.194207388716387	0.641184767166773	0.0646115833903033	30.4332220281372	0.355365910973109
34.575	6.7	0.179702322111404	0.657113125422152	0.0705037785520108	30.3992076661096	0.343761857689123
34.725	6.7	0.166091145612191	0.674059077683625	0.075823682666883	30.3654548995251	0.332872916489752
34.875	6.7	0.153500842757285	0.691810376616073	0.0805058179511215	30.3318948627871	0.322800674205828
35.025	6.7	0.141981247100826	0.71015878744668	0.0844908988339947	30.2984598427268	0.313584997680661
35.175	6.7	0.131519278436421	0.728913422262452	0.0877374786413391	30.2650863202728	0.305215422749137
35.325	6.7	0.122054206492187	0.747913487804472	0.0902287405130636	30.2317171572298	0.29764336519375
35.475	6.7	0.1134936261531	0.767036604346509	0.0919729110721848	30.1983028740577	0.29079490092248
35.625	6.7	0.10572932157855	0.786199879937831	0.0929975704148601	30.1648020572204	0.28458345726284
35.775	6.7	0.0986518378495225	0.805352864722453	0.0933398807470165	30.131181030078	0.278921470279618
35.925	6.7	0.0921625087522704	0.824463684602379	0.0930358253155191	30.0974129956837	0.273730007001816
36.075	6.7	0.086181941971688	0.843501367003893	0.0921116168853551	30.0634768950303	0.26894555357735
36.225	6.7	0.0806544668102149	0.862418186434348	0.090579580605501	30.029356213056	0.264523573448172
36.375	6.7	0.0755486613983771	0.881135683950238	0.0884394166126296	29.9950379128856	0.260438929118702
36.525	6.7	0.0708546339705298	0.89953703847296	0.0856842778724788	29.9605116028751	0.256683707176424
36.675	6.7	0.0665791066222575	0.917467019924831	0.0823099557884902	29.9257689623523	0.253263285297806
36.825	6.7	0.0627394772192855	0.934739200859181	0.078324878720685	29.8908033893896	0.250191581775428
36.975	6.7	0.0593579272193925	0.95114877669686	0.0737586446701236	29.8556097985891	0.247486341775514
37.125	6.7	0.0564563689106332	0.966488493106765	0.0686673295508785	29.8201844900209	0.245165095128507
37.275	6.7	0.0540526800543389	0.980564925627573	0.0631346423593784	29.7845250255832	0.243242144043471
37.425	6.7	0.0521583463924502	0.993212676752205	0.0572689072748709	29.7486300755559	0.24172667711396
37.575	6.7	0.0507773838707642	1.00430479194993	0.0511966298272567	29.7124992255775	0.240621907096611
37.725	6.7	0.0499062673389264	1.0137586140558	0.0450539057868334	29.6761327552523	0.239925013871141
37.875	6.7	0.0495345440537694	1.0215371605467	0.0389771039168326	29.6395314107158	0.239627635243016
38.025	6.7	0.0496458325066084	1.02764675142358	0.0330941305849296	29.6026961950239	0.239716666005287
38.175	6.7	0.0502189681548842	1.03213196423832	0.027517258236983	29.565628194791	0.240175174523907
38.325	6.7	0.0512291301467352	1.03506906383334	0.022338084915396	29.5283284526311	0.240983304117388
38.475	6.7	0.0526488489848383	1.03655892075813	0.0176247895033671	29.4907978858933	0.242119079187871
38.625	6.7	0.0544488459287768	1.03672018603223	0.0134215250979535	29.4530372452057	0.243559076743021
38.775	6.7	0.0565986898028558	1.03568321256575	0.00974958103852202	29.4150471024881	0.245278951842285
38.925	6.7	0.0590672788477235	1.03358496200202	0.00660984179529968	29.3768278573601	0.247253823078179
39.075	6.7	0.0618231685811794	1.03056494014772	0.00398605804961533	29.3383797524888	0.249458534864944
39.225	6.7	0.0648347748463241	1.02676207318159	0.00184849383369192	29.2997028913443	0.251867819877059
39.375	6.7	0.0680704862806554	1.02231236535764	0.000157595829287615	29.2607972550173	0.254456389024524
39.525	6.7	0.0714987226879807	1.01734715606128	-0.00113257501236501	29.2216627174611	0.257198978150385
39.675	6.7	0.0750879757276289	1.01199180463734	-0.00207131941726789	29.1822990603284	0.260070380582103
39.825	6.7	0.0788068660074989	1.00636466079968	-0.00270877666403428	29.1427059893277	0.263045492805999
39.975	6.7	0.0826242448852564	1.00057621788565	-0.00309393555846918	29.1028831538856	0.266099395908205
40.125	6.7	0.0865093605325248	0.994728386581319	-0.0032731686602226	29.0628301711859	0.26920748842602
40.275	6.7	0.0904320973362232	0.988913861380581	-0.00328924907792081	29.0225466547003	0.272345677868979
40.425	6.7	0.094363286336079	0.983215579033335	-0.00318079042445139	28.9820322464064	0.275490629068863
40.575	6.7	0.098275074394418	0.977706283656427	-0.00298204020846401	28.9412866511869	0.278620059515534
40.725	6.7	0.102141330967542	0.97244822153855	-0.00272295273447639	28.900309671524	0.281713064774034
40.875	6.7	0.105938066035193	0.967492987613667	-0.00242946796774856	28.8591012405398	0.284750452828154
41.025	6.7	0.109643830398457	0.962881539693075	-0.00212392704292793	28.8176614516247	0.287715064318766
41.175	6.7	0.113240069348383	0.958644390514807	-0.00182556188455979	28.7759905833025	0.290592055478707
41.325	6.7	0.11671140554362	0.95480197514203	-0.00155100565304459	28.7340891184509	0.293369124434896
41.475	6.7	0.120045831677834	0.951365185027628	-0.00131478167493964	28.6919577574657	0.296036665342267
41.625	6.7	0.123234800963572	0.94833605157817	-0.00112973991615709	28.6495974253814	0.298587840770858
41.775	6.7	0.126273211081747	0.945708556698161	-0.00100742144445733	28.6070092732759	0.301018568865398
41.925	6.7	0.129159284649942	0.943469544030252	-0.000958341753460487	28.5641946744911	0.303327427719954
42.075	6.7	0.131894355727326	0.941599702725012	-0.000992192637259492	28.5211552162991	0.305515484581861
42.225	6.7	0.134482577119275	0.940074594589618	-0.00111796920542842	28.477892687653	0.30758606169542
42.375	6.7	0.136930566111186	0.938865697487177	-0.00134403324350827	28.4344090636241	0.309544452888949
42.525	6.7	0.139247008577789	0.937941438128942	-0.00167812676548851	28.3907064870536	0.311397606862231
42.675	6.7	0.141442240834655	0.937268191382031	-0.00212735056007876	28.3467872478611	0.313153792667724
42.825	6.7	0.143527827318996	0.936811226065538	-0.00269812195289559	28.3026537603901	0.314822261855196
42.975	6.7	0.14551614963072	0.936535581167261	-0.00339612453212772	28.2583085391247	0.316412919704576
43.125	6.7	0.147420019223769	0.936406860496174	-0.00422626052623061	28.2137541730968	0.317936015379015
43.275	6.7	0.149252322479799	0.936391937909793	-0.00519261421138303	28.1689932993247	0.319401857983839
43.425	6.7	0.151025703382194	0.936459569207727	-0.00629843235887679	28.124028575666	0.320820562705755
43.575	6.7	0.15275228588044	0.936580910337213	-0.00754612540373315	28.0788626535414	0.322201828704352
43.725	6.7	0.154443435616209	0.936729944517348	-0.00893729066063198	28.0334981510539	0.323554748492967
43.875	6.7	0.156109559275692	0.93688382305127	-0.0104727563946257	27.9879376270602	0.324887647420554
44.025	6.7	0.157759939699901	0.937023125764364	-0.0121526426290664	27.9421835567007	0.326207951759921
44.175	6.7	0.159402606197574	0.937132047040622	-0.0139764309979573	27.896238308678	0.32752208495806
44.325	6.7	0.161044242257049	0.937198512233789	-0.0159430315480595	27.8501041241223	0.328835393805639
44.475	6.7	0.162690136737041	0.937214226883794	-0.0180508291542382	27.8037830961247	0.330152109389633
44.625	6.7	0.164344188890361	0.937174658005691	-0.0202976864864458	27.7572771479356	0.331475351112289
44.775	6.7	0.166008980961801	0.937078943452475	-0.0226808750949443	27.7105880064799	0.332807184769441
44.925	6.7	0.167685932781705	0.936929723239615	-0.0251969026647211	27.6637171664125	0.334148746225364
45.075	6.7	0.169375548551892	0.936732887566221	-0.0278412050625614	27.6166658387833	0.335500438841514
45.225	6.7	0.171077754712274	0.936497242413562	-0.0306076792868402	27.5694348779558	0.336862203769819
45.375	6.7	0.172792307880164	0.936234107577637	-0.0334880509081212	27.5220246813122	0.338233846304131
45.525	6.7	0.174519223387114	0.935956885994312	-0.0364710996145373	27.4744350589816	0.339615378709691
45.675	6.7	0.176259140318758	0.935680678167993	-0.0395418100103485	27.4266650756243	0.341007312255007
45.825	6.7	0.178013503642425	0.935422059935484	-0.0426805698250939	27.3787128730243	0.34241080291394
45.975	6.7	0.179784416509149	0.935199190485137	-0.0458625977677903	27.3305754900425	0.343827533207319
46.125	6.7	0.181574006865	0.935032460628723	-0.049057836725966	27.2822487038077	0.345259205492
46.275	6.7	0.183383173075846	0.934945913993359	-0.0522315782440184	27.2337269207028	0.346706538460677
46.425	6.7	0.185209631697471	0.934969657850589	-0.055346071868774	27.1850031453611	0.348167705357977
46.575	6.7	0.187045289225778	0.93514340774075	-0.0583633005909058	27.1360690485968	0.349636231380622
46.725	6.7	0.188873092372669	0.93552116919429	-0.0612489622073996	27.0869151402963	0.351098473898135
46.875	6.7	0.190663662057901	0.936176852583521	-0.0639774919839135	27.0375310321557	0.352530929646321
47.025	6.7	0.192372160439231	0.937210364729069	-0.0665377192652771	26.9879057514499	0.353897728351385
47.175	6.7	0.193935949340134	0.938753464679814	-0.0689385109581696	26.9380280464362	0.355148759472108
47.325	6.7	0.195273645843345	0.940974465030106	-0.0712135664515358	26.8878866129205	0.356218916674676
47.475	6.7	0.196286148274144	0.944080755331117	-0.073424432968453	26.8374701750708	0.357028918619315
47.625	6.7	0.196860086820944	0.948318149936761	-0.0756608292694485	26.786767373571	0.357488069456755
47.775	6.7	0.196873952375405	0.953966212586437	-0.0780374965903431	26.7357664476752	0.357499161900324
47.925	6.7	0.196206886322431	0.961328941010535	-0.0806870187133819	26.6844547371267	0.356965509057945
48.075	6.7	0.194749786165467	0.970720443446597	-0.0837483456402232	26.6328180652353	0.355799828932374
48.225	6.7	0.192418011149679	0.982445453443811	-0.087351107879151	26.5808400868108	0.353934408919743
48.375	6.7	0.189164580504164	0.99677470973025	-0.0915962324787515	26.5285016899771	0.351331664403331
48.525	6.7	0.184992387821125	1.013915461044	-0.0965338978631547	26.4757805314694	0.3479939102569
48.675	6.7	0.17996368409525	1.03397782727566	-0.102140527274955	26.4226507681895	0.3439709472762
48.825	6.7	0.17420501419547	1.05693870535642	-0.108297334083001	26.3690830316562	0.339364011356376
48.975	6.7	0.167906035711478	1.08260654666352	-0.114773846478945	26.3150446805472	0.334324828569183
49.125	6.7	0.161311271003426	1.11059259548514	-0.121220679706276	26.2605003572199	0.329049016802741
49.275	6.7	0.154704815641399	1.14029651397909	-0.127176229539418	26.2054128600634	0.323763852513119
49.425	6.7	0.148389200810015	1.17091554789691	-0.132091372826449	26.1497443195079	0.318711360648012
49.575	6.7	0.142660730628034	1.20148492244475	-0.13537405750725	26.0934576338211	0.314128584502427
49.725	6.7	0.137784398764557	1.23095178411462	-0.136451520353518	26.0365180921113	0.310227519011646
49.875	6.7	0.133971712128705	1.25827604350258	-0.134842300194176	25.9788950984184	0.307177369702964
50.025	6.7	0.131364360467793	1.28254156319016	-0.130224966205482	25.9205639144903	0.305091488374234
50.175	6.7	0.130025818338999	1.30305460313788	-0.122488196514634	25.8615073440938	0.304020654671199
50.325	6.7	0.129941917622337	1.31940706255712	-0.111749674734293	25.8017172604348	0.30395353409787
50.475	6.7	0.131030380794106	1.33149054686288	-0.0983391691446919	25.7411958122204	0.304824304635285
50.625	6.7	0.133158196389999	1.33946052592895	-0.0827513000716401	25.679956056412	0.306526557111999
50.775	6.7	0.136164236869868	1.34366269284499	-0.0655816501652449	25.6180217452002	0.308931389495895
50.925	6.7	0.139882446078039	1.34454179794462	-0.0474626851325155	25.5554261815976	0.311905956862431
51.075	6.7	0.144158724552295	1.34255505686407	-0.029012534484349	25.4922105663914	0.315326979641836
51.225	6.7	0.148853906347629	1.33810835157425	-0.0108016837402883	25.4284230322725	0.319083125078104
51.375	6.7	0.153828335612995	1.3315253451432	0.0066665175831309	25.3641202280373	0.323062668490396
51.525	6.7	0.158912181041092	1.32304875194667	0.0229716928373531	25.2993731929231	0.327129744832873
51.675	6.7	0.163878353203183	1.31286128867799	0.0377981592083992	25.2342776478495	0.331102682562546
51.825	6.7	0.168445315817812	1.30110524451568	0.0509639490958984	25.1689656245689	0.33475625265425
51.975	6.7	0.172334787700548	1.28787979563739	0.0624468098320067	25.1036117130606	0.337867830160438
52.125	6.7	0.175385510799245	1.27320742674283	0.072388529276102	25.038425678951	0.340308408639396
52.275	6.7	0.177680369502549	1.25698301831014	0.0810591953152455	24.9736267550817	0.342144295602039
52.425	6.7	0.179599073979597	1.23894335581616	0.0887727284301018	24.9094048081359	0.343679259183677
52.575	6.7	0.181696323970026	1.2187073857857	0.0957638709875831	24.8458870146725	0.345357059176021
52.725	6.7	0.184358411651757	1.19591718905932	0.102063439143806	24.7831380485105	0.347486729321406
52.875	6.7	0.187315327205772	1.170439803601	0.107428647706831	24.7212174089028	0.349852261764618
53.025	6.7	0.189239370462549	1.14250384754996	0.111366673156267	24.6602937447457	0.351391496370039
53.175	6.7	0.187757250932699	1.11263940347633	0.11322345903355	24.600777567923	0.350205800746159
53.325	6.7	0.180137333620033	1.08140992611437	0.112256879556467	24.5433979127748	0.344109866896026
53.475	6.7	0.164634218366124	1.04905404421617	0.107652411305534	24.4891404202023	0.331707374692899
53.625	6.7	0.14205841952062	1.01515532649154	0.0985746722906646	24.4390042238994	0.313646735616496
53.775	6.7	0.116827576538927	0.978387029940187	0.0845261599551786	24.393620373913	0.293462061231142
53.925	6.7	0.0968290328151414	0.936494324930519	0.0663512767287004	24.352868381553	0.277463226252113
54.075	6.7	0.0919498533086634	0.88724283937484	0.0475654790020427	24.3156675528843	0.273559882646931
54.225	6.7	0.111769634183089	0.83110435672762	0.0338534070835519	24.2800541674473	0.289415707346471
54.375	6.7	0.163132396800316	0.773204389504567	0.0290470241599573	24.2435071563	0.330505917440253
54.525	6.7	0.248023903812638	0.720381625717831	0.0319789415033196	24.2033895796107	0.398419123050111
54.675	6.7	0.36204870003168	0.676704291102236	0.0386804084854332	24.157403011626	0.489638960025344
54.825	6.7	0.494345789323124	0.642769843595406	0.0458958696750613	24.1039873440086	0.595476631458499
54.975	6.7	0.630015033041192	0.617297021390258	0.0520603622660599	24.0425766852457	0.704012026432954
55.125	6.7	0.754626725930795	0.598405891709985	0.0567394926671401	23.9736119859265	0.803701380744636
55.275	6.7	0.858320951771211	0.584253173685197	0.0600035692455967	23.8982947928216	0.886656761416969
55.425	6.7	0.93723701316871	0.573324793082467	0.0620885831037077	23.8182023778781	0.949789610534968
55.575	6.7	0.99234521503324	0.564519702425262	0.0632539399215214	23.7349334132419	0.993876172026592
55.725	6.7	1.02729026746034	0.557099491273874	0.063730905616828	23.649883573614	1.02183221396827
55.875	6.7	1.04657485794668	0.550587381352517	0.0637082464117318	23.564154751271	1.03725988635734
56.025	6.7	1.05449993305165	0.544675127762349	0.0633330414633991	23.4785529122303	1.04359994644132
56.175	6.7	1.05471901451015	0.53915818365069	0.062717352106783	23.3936278710226	1.04377521160812
56.325	6.7	1.05013964910833	0.533896935374029	0.0619463099238642	23.309724928061	1.04011171928666
56.475	6.7	1.04297413683369	0.528795387183705	0.0610854548873753	23.2270341332103	1.03437930946695
56.625	6.7	1.03483515712531	0.523789633256654	0.0601864329911466	23.1456324258275	1.02786812570025
56.775	6.7	1.0268346629894	0.518841041248255	0.0592909133181737	23.065518132631	1.02146773039152
56.925	6.7	1.01967530052429	0.5139312715044	0.0584329979636706	22.9866386115759	1.01574024041943
57.075	6.7	1.01373453830678	0.509057771551999	0.0576405812495193	22.9089119306477	1.01098763064542
57.225	6.7	1.00914305922301	0.504229341895457	0.0569361321531998	22.8322432784788	1.00731444737841
57.375	6.7	1.00585718186936	0.499461895833544	0.0563372789778254	22.7565366803825	1.00468574549549
57.525	6.7	1.00372334495799	0.494774730078045	0.0558574255330969	22.68170260433	1.00297867596639
57.675	6.7	1.00253215445863	0.490187587002039	0.0555064800373477	22.6076621292797	1.0020257235669
57.825	6.7	1.00206015187556	0.485718637278084	0.055291671535037	22.534348432865	1.00164812150045
57.975	6.7	1.00209879864846	0.48138334396843	0.0552183777029205	22.4617063810972	1.00167903891876
58.125	6.7	1.00247159757924	0.477194048690813	0.055290883705592	22.3896909512634	1.00197727806339
58.275	6.7	1.00304136160816	0.473160067619395	0.0555130145984386	22.3182651028924	1.00243308928652
58.425	6.7	1.00371020426756	0.469288089747998	0.0558886145731272	22.2473975587699	1.00296816341405
58.575	6.7	1.00441487824633	0.465582709237066	0.0564218727156112	22.1770607988462	1.00353190259707
58.725	6.7	1.00511976237773	0.462046975643073	0.0571175118995121	22.1072294281646	1.00409580990219
58.875	6.7	1.00580926469368	0.458682895145867	0.0579808650854522	22.0378789691795	1.00464741175494
59.025	6.7	1.00648082285655	0.455491854846527	0.05901786413505	21.9689850531369	1.00518465828524
59.175	6.7	1.00713915073507	0.452474968702617	0.0602349631471207	21.9005229418395	1.00571132058806
59.325	6.7	1.00779195948584	0.449633358782367	0.0616390135865752	21.8324672936445	1.00623356758867
59.475	6.7	1.00844709145317	0.446968391701407	0.0632371035707667	21.7647920882249	1.00675767316253
59.625	6.7	1.00911083672805	0.444481890073546	0.0650363693752113	21.6974706362422	1.00728866938244
59.775	6.7	1.00978713188456	0.442176335003493	0.0670437838174832	21.6304756167395	1.00782970550765
59.925	6.7	1.01047733967205	0.440055070025223	0.069265923702928	21.5637791025951	1.00838187173764
60.075	6.7	1.01118034989687	0.438122510845355	0.0717087168834602	21.4973525501852	1.0089442799175
60.225	6.7	1.01189280273872	0.436384359677362	0.0743771685663139	21.4311667422285	1.00951424219097
60.375	6.7	1.01260929987137	0.434847818314576	0.0772750662105692	21.3651916823356	1.01008743989709
60.525	6.7	1.01332252573714	0.433521790538589	0.0804046625858568	21.2993964463642	1.01065802058971
60.675	6.7	1.01402324616102	0.432417061949938	0.083766337300131	21.2337489999226	1.01121859692882
60.825	6.7	1.01470018310458	0.431546443714501	0.0873582383022511	21.1682159939617	1.01176014648367
60.975	6.7	1.01533978416831	0.430924865897614	0.091175906498849	21.1027625519899	1.01227182733465
61.125	6.7	1.01592591612274	0.430569405913335	0.0952118886185022	21.0373520635273	1.01274073289819
61.275	6.7	1.0164395162518	0.430499238076653	0.0994553456763406	20.9719459992768	1.01315161300144
61.425	6.7	1.01685823627657	0.430735491255811	0.103891666625805	20.9065037642906	1.01348658902126
61.575	6.7	1.01715611310144	0.431301003077453	0.108502098781296	20.8409826061351	1.01372489048115
61.725	6.7	1.01730329986521	0.432219960859513	0.113263408118155	20.7753375956571	1.01384263989217
61.875	6.7	1.01726589038628	0.433517421181602	0.118147583499267	20.7095216982947	1.01381271230903
62.025	6.7	1.01700587012041	0.435218701502331	0.123121599376742	20.6434859538758	1.01360469609633
62.175	6.7	1.01648122684929	0.43734863841722	0.128147252027885	20.5771797823923	1.01318498147943
62.325	6.7	1.01564625383544	0.439930708327424	0.133181085641062	20.5105514322404	1.01251700306835
62.475	6.7	1.01445207620734	0.442986008366893	0.138174427380946	20.4435485856852	1.01156166096587
62.625	6.7	1.01284742673133	0.446532099985703	0.143073555402058	20.3761191335168	1.01027794138506
62.775	6.7	1.01077968850564	0.45058172666294	0.147820030247336	20.3082121264632	1.00862375080451
62.925	6.7	1.00819620797493	0.455141432766791	0.15235122638449	20.2397789041583	1.00655696637994
63.075	6.7	1.00504586066605	0.460210133523665	0.156601103443547	20.17077439251	1.00403668853284
63.225	6.7	1.00128082354476	0.465777715191987	0.160501251459196	20.1011585466092	1.00102465883581
63.375	6.7	0.996858472749588	0.471823775606738	0.163982226445645	20.0308978989756	0.997486778199671
63.525	6.7	0.99174328695747	0.478316640688802	0.166975158973204	19.9599671532653	0.993394629565976
63.675	6.7	0.985908601232221	0.485212802232276	0.169413569788806	19.8883507443463	0.988726880985777
63.825	6.7	0.979338033657522	0.492456905841665	0.17123526868444	19.8160442710941	0.983470426926018
63.975	6.7	0.972026409472626	0.499982367622408	0.172384156423633	19.7430557033155	0.977621127578101
64.125	6.7	0.963980046934371	0.507712612775699	0.17281170769076	19.6694062732911	0.971184037547497
64.275	6.7	0.955216354234332	0.515562816431762	0.17247789659998	19.595130987757	0.964173083387466
64.425	6.7	0.945762818233849	0.523441905072299	0.171351338146821	19.5202787361697	0.956610254587079
64.575	6.7	0.935655633246509	0.531254473378916	0.16940844947022	19.4449120195334	0.948524506597208
64.725	6.7	0.924938399843817	0.538902220565532	0.166631461624558	19.3691063699961	0.939950719875054
64.875	6.7	0.913661490353926	0.546284549475913	0.163005107501482	19.2929495604827	0.930929192283141
65.025	6.7	0.901882800494325	0.553298137749436	0.158511754760311	19.2165406996742	0.92150624039546
65.175	6.7	0.889670666230134	0.559835616332244	0.153124653029425	19.1399892544603	0.911736532984107
65.325	6.7	0.877109716352274	0.565784001200039	0.146798882197451	19.0634139245097	0.901687773081819
65.475	6.7	0.864310355703038	0.571024224878061	0.139459653223943	18.9869410996323	0.891448284562431
65.625	6.7	0.851422414729069	0.575433968598237	0.130988032897249	18.9107023547946	0.881137931783255
65.775	6.7	0.838653185040419	0.578896882214093	0.121205213409624	18.8348300905401	0.870922548032335
65.925	6.7	0.826289420249471	0.581321920953549	0.109858411567352	18.7594500504812	0.861031536199577
66.075	6.7	0.814721643133763	0.582676397047115	0.0966145198762452	18.6846691385509	0.851777314507011
66.225	6.7	0.804466939026572	0.583034559477395	0.0810714915069844	18.6105568894686	0.843573551221257
66.375	6.7	0.796183121799167	0.582638844508086	0.0628009679957837	18.5371193784026	0.836946497439334
66.525	6.7	0.790662976077851	0.581962178367054	0.0414361466831876	18.4642656274123	0.832530380862281
66.675	6.7	0.788793460432965	0.581746969507387	0.0168117484574876	18.3917690202004	0.831034768346372
66.825	6.7	0.791464276171783	0.582983810218159	-0.0108570083923018	18.3192300399992	0.833171420937426
66.975	6.7	0.799418071875131	0.586791371967337	-0.0408032423784515	18.2460513853367	0.839534457500105
67.125	6.7	0.813054228970976	0.594185093637078	-0.0716273227189471	18.1714405671595	0.85044338317678
67.275	6.7	0.832226314748431	0.605783893445241	-0.101395783336821	18.0944551509567	0.865781051798744
67.425	6.7	0.856101106542951	0.621572373057487	-0.127956713562528	18.0140977022306	0.884880885234361
67.575	6.7	0.883154667224398	0.640847218913	-0.149395496079416	17.9294498974444	0.906523733779518
67.725	6.7	0.911350961768547	0.662390525326384	-0.164453468985836	17.8398147381295	0.929080769414838
67.875	6.7	0.938481981157739	0.684783633632729	-0.172737337486882	17.7448256077677	0.950785584926191
68.025	6.7	0.962574173939499	0.706712544307527	-0.174666596295778	17.6444900158344	0.970059339151599
68.175	6.7	0.982229607990973	0.727159962049282	-0.171237003123778	17.5391596766575	0.985783686392778
68.325	6.7	0.996799253548629	0.745466493055699	-0.16372817162798	17.4294432874384	0.997439402838903
68.475	6.7	1.0063618778536	0.761300563043682	-0.153453731450533	17.3160923805561	1.00508950228288
68.625	6.7	1.01155569018141	0.774586713556698	-0.141595528787826	17.1998907262384	1.00924455214513
68.775	6.7	1.01334365417021	0.785427285250896	-0.129119551575486	17.0815681543085	1.01067492333617
68.925	6.7	1.01278567287819	0.794034842675809	-0.116751850612307	16.9617472278447	1.01022853830255
69.075	6.7	1.01086263681499	0.80068051803769	-0.104991091131193	16.8409211567632	1.00869010945199
69.225	6.7	1.00836864781556	0.80565719423297	-0.0941402293021607	16.7194556720297	1.00669491825245
69.375	6.7	1.00586762062476	0.809254331764469	-0.0843462215182381	16.5976058557742	1.0046940964998
69.525	6.7	1.00369964917401	0.811741395133113	-0.0756410314036043	16.4755397571195	1.00295971933921
69.675	6.7	1.00201878607085	0.813357749515066	-0.0679796255778569	16.3533626792193	1.00161502885668
69.825	6.7	1.0008448629019	0.814307658691293	-0.0612721437863778	16.2311383533905	1.00067589032152
69.975	6.7	1.00011573673707	0.81475933122858	-0.0554087247105826	16.1089052668085	1.00009258938966
70.125	6.7	0.999731256194496	0.814846971875642	-0.0502767328529914	15.9866879225971	0.999785004955596
70.275	6.7	0.999584983162963	0.814674755299324	-0.0457711875843155	15.8645037316597	0.99966798653037
70.425	6.7	0.999583411835316	0.814321711307086	-0.0417998450933982	15.7423666409003	0.999666729468253
70.575	6.7	0.999654735293572	0.813846714402959	-0.0382845815757161	15.6202886350917	0.999723788234858
70.725	6.7	0.999750197711443	0.813293041044509	-0.0351605730906148	15.4982800647856	0.999800158169154
70.875	6.7	0.999841074514161	0.812692218276058	-0.032374426868919	15.3763494817641	0.999872859611329
71.025	6.7	0.99991375732143	0.812067088716835	-0.0298820357281598	15.2545033970986	0.999931005857144
71.175	6.7	0.999964644671466	0.811434144842373	-0.0276465935280103	15.1327461635051	0.999971715737172
71.325	6.7	0.999995798662826	0.810805249049065	-0.0256369638931853	15.0110800388848	0.999996638930261
71.475	6.7	1.00001174902076	0.81018887366347	-0.0238264386371128	14.8895054063359	1.00000939921661
71.625	6.7	1.00001744558882	0.809590985604365	-0.0221918396877996	14.7680210922369	1.00001395647105
71.775	6.7	1.00001715761799	0.809015678445267	-0.0207128865757124	14.6466247209378	1.00001372609439
71.925	6.7	1.00001404789382	0.808465629746175	-0.0193717502493994	14.5253130573085	1.00001123831506
72.075	6.7	1.0000101621212	0.807942438998435	-0.0181527275553271	14.404082306269	1.00000812969696
72.225	6.7	1.00000662728471	0.807446883571444	-0.017041988870958	14.282928355103	1.00000530182777
72.375	6.7	1.0000039173821	0.80697911699566	-0.0160273683216422	14.1618469569062	1.00000313390568
72.525	6.7	1.00000210354264	0.80653882511592	-0.0150981792022044	14.040833861297	1.00000168283411
72.675	6.7	1.00000105024449	0.806125350099103	-0.0142450461663183	13.9198849021813	1.00000084019559
72.825	6.7	1.00000054873324	0.805737788976814	-0.0134597510180349	13.7989960530672	1.00000043898659
72.975	6.7	1.00000039497579	0.805375071514544	-0.0127350915201721	13.6781634593663	1.00000031598063
73.125	6.7	1.00000042612098	0.805036021123206	-0.0120647535026257	13.557383455258	1.00000034089679
73.275	6.7	1.00000053007258	0.804719401876687	-0.0114431965040942	13.4366525706888	1.00000042405807
73.425	6.7	1.00000064033452	0.804423954239388	-0.0108655527566538	13.31596753231	1.00000051226762
73.575	6.7	1.00000072479388	0.804148421731048	-0.0103275388518196	13.1953252607817	1.0000005798351
73.725	6.7	1.00000077376488	0.803891570413517	-0.00982537906433533	13.074722865897	1.0000006190119
73.875	6.7	1.00000078998634	0.803652202765569	-0.00935573910473277	12.95415764036	1.00000063198907
74.025	6.7	1.00000078148249	0.803429167222137	-0.00891566901103341	12.8336270526849	1.000000625186
74.175	6.7	1.00000075716728	0.803221364398356	-0.0085025539356047	12.7131287394924	1.00000060573382
74.325	6.7	1.00000072460248	0.803027750800979	-0.00811407169351561	12.5926604973903	1.00000057968199
74.475	6.7	1.00000068921088	0.80284734065265	-0.00774815607886662	12.4722202745878	1.0000005513687
74.625	6.7	1.00000065432914	0.802679206309942	-0.00740296509890049	12.3518061623803	1.00000052346331
74.775	6.7	1.00000062164538	0.802522477645987	-0.00707685341040671	12.2314163866275	1.00000049731631
74.925	6.7	1.00000059173111	0.802376340681825	-0.00676834835857554	12.1110492993383	1.00000047338489
75.075	6.7	1.00000056451219	0.802240035684993	-0.00647612911574706	11.9907033704565	1.00000045160975
75.225	6.7	1.00000053961787	0.802112854903202	-0.00619900849725748	11.8703771799257	1.0000004316943
75.375	6.7	1.00000051660345	0.801994140062854	-0.0059359170956824	11.7500694100873	1.00000041328276
75.525	6.7	1.00000049506939	0.801883279731729	-0.00568588942721056	11.629778838453	1.00000039605551
75.675	6.7	1.00000047470831	0.801779706621906	-0.00544805182697729	11.5095043308713	1.00000037976665
75.825	6.7	1.00000045530898	0.801682894890963	-0.00522161186573139	11.3892448350995	1.00000036424718
75.975	6.7	1.00000043673926	0.801592357484164	-0.00500584909085094	11.2689993747797	1.00000034939141
76.125	6.7	1.0000004189228	0.801507643549838	-0.00480010692033648	11.1487670438115	1.00000033513824
76.275	6.7	1.00000040181737	0.801428335949733	-0.00460378554085264	11.0285470011072	1.0000003214539
76.425	6.7	1.00000038539828	0.801354048880204	-0.0044163356806003	10.9083384657162	1.00000030831862
76.575	6.7	1.00000036964756	0.801284425613372	-0.00423725314440626	10.7881407122968	1.00000029571805
76.725	6.7	1.0000003545479	0.801219136363725	-0.00406607401330324	10.6679530669202	1.00000028363832
76.875	6.7	1.00000034008	0.801157876281966	-0.00390237042375332	10.547774903184	1.000000272064
77.025	6.7	1.00000032622212	0.801100363575346	-0.00374574685274347	10.427605638618	1.0000002609777
77.175	6.7	1.00000031295057	0.801046337752077	-0.00359583684460087	10.3074447313617	1.00000025036045
77.325	6.7	1.0000003002406	0.800995557985958	-0.0034523001238375	10.1872916770972	1.00000024019248
77.475	6.7	1.00000028806737	0.800947801596219	-0.00331482004561468	10.0671460062167	1.0000002304539
77.625	6.7	1.0000002764065	0.80090286263744	-0.00318310134152193	9.9470072812113	1.0000002211252
77.775	6.7	1.00000026523459	0.8008605505935	-0.00305686812405718	9.82687509426168	1.00000021218767
77.925	6.7	1.00000025452937	0.800820689169658	-0.00293586211769653	9.70674906501819	1.0000002036235
78.075	6.7	1.0000002442698	0.8007831151768	-0.00281984108877256	9.58662883855435	1.00000019541584
78.225	6.7	1.00000023443598	0.800747677501825	-0.00270857744961702	9.46651408348128	1.00000018754879
78.375	6.7	1.00000022500915	0.800714236158287	-0.00260185701591016	9.34640449021033	1.00000018000732
78.525	6.7	1.0000002159715	0.800682661411831	-0.00249947789856717	9.22629976935217	1.0000001727772
78.675	6.7	1.00000020730617	0.800652832974993	-0.00240124951386317	9.10619965024189	1.00000016584494
78.825	6.7	1.0000001989971	0.800624639266009	-0.00230699169783855	8.9861038795797	1.00000015919768
78.975	6.7	1.000000191029	0.800597976727333	-0.00221653391227745	8.86601222017829	1.0000001528232
79.125	6.7	1.00000018338728	0.800572749198703	-0.00212971453175074	8.74592444980811	1.00000014670982
79.275	6.7	1.00000017605803	0.800548867340866	-0.00204638020187268	8.62584036013274	1.00000014084642
79.425	6.7	1.00000016902797	0.800526248105986	-0.00196638526069604	8.5057597557271	1.00000013522238
79.575	6.7	1.00000016228441	0.800504814250781	-0.00188959121580754	8.3856824531717	1.00000012982753
79.725	6.7	1.00000015581524	0.800484493889158	-0.00181586627094135	8.26560828021686	1.00000012465219
79.875	6.7	1.00000014960889	0.800465220081172	-0.00174508489609332	8.14553707501126	1.00000011968711
80.025	6.7	1.00000014365431	0.800446930455102	-0.00167712743669499	8.02546868538946	1.00000011492344
80.175	6.7	1.00000013794092	0.800429566860229	-0.00161187975718555	7.90540296821378	1.00000011035274
80.325	6.7	1.00000013245865	0.80041307504767	-0.00154923291531959	7.78533978876601	1.00000010596692
80.475	6.7	1.00000012719785	0.800397404376847	-0.00148908286383205	7.66527902018508	1.00000010175828
80.625	6.7	1.0000001221493	0.800382507545714	-0.00143133017656767	7.54522054294682	1.00000009771944
80.775	6.7	1.00000011730418	0.80036834034251	-0.00137587979640783	7.42516424438255	1.00000009384335
80.925	6.7	1.00000011265407	0.800354861417459	-0.00132264080283645	7.30511001823333	1.00000009012325
81.075	6.7	1.0000001081909	0.800342032072677	-0.00127152619698734	7.18505776423701	1.00000008655272
81.225	6.7	1.00000010390695	0.800329816068791	-0.00122245270253452	7.06500738774558	1.00000008312556
81.375	6.7	1.00000009979485	0.800318179446815	-0.00117534058078696	6.94495879937018	1.00000007983588
81.525	6.7	1.00000009584753	0.800307090364205	-0.00113011345863211	6.8249119146519	1.00000007667803
81.675	6.7	1.00000009205826	0.800296518943744	-0.00108669816809401	6.70486665375602	1.00000007364661
81.825	6.7	1.00000008842056	0.800286437134263	-0.00104502459645266	6.58482294118808	1.00000007073645
81.975	6.7	1.00000008492826	0.800276818582287	-0.00100502554591671	6.46478070552994	1.00000006794261
82.125	6.7	1.00000008157539	0.800267638513572	-0.000966636602073259	6.34473987919437	1.00000006526031
82.275	6.7	1.00000007835623	0.800258873624006	-0.000929796010281917	6.22470039819665	1.00000006268499
82.425	6.7	1.0000000752653	0.800250501978691	-0.000894444559413486	6.10466220194188	1.00000006021224
82.575	6.7	1.00000007229733	0.800242502919006	-0.00086052547231315	5.98462523302685	1.00000005783786
82.725	6.7	1.0000000694474	0.800234856976711	-0.000827984302452417	5.86458943705525	1.00000005555792
82.875	6.7	1.00000006671092	0.800227545794563	-0.000796768836353823	5.7445547624653	1.00000005336874
83.025	6.7	1.00000006408363	0.80022055205317	-0.000766829001293303	5.62452116036871	1.00000005126691
83.175	6.7	1.00000006156139	0.800213859403217	-0.000738116777987313	5.50448858440034	1.00000004924911
83.325	6.7	1.00000005913985	0.800207452403079	-0.000710586117922609	5.3844569905775	1.00000004731188
83.475	6.7	1.00000005681414	0.800201316461028	-0.000684192865032799	5.26442633716834	1.00000004545131
83.625	6.7	1.00000005457877	0.800195437782015	-0.000658894681449103	5.14439658456863	1.00000004366302
83.775	6.7	1.00000005242838	0.800189803318354	-0.000634650977160195	5.02436769518608	1.00000004194271
83.925	6.7	1.00000005035924	0.800184400724085	-0.000611422843307065	4.90433963333177	1.00000004028739
84.075	6.7	1.00000004837128	0.800179218312621	-0.000589172989048331	4.78431236511791	1.00000003869703
84.225	6.7	1.00000004646902	0.800174245017464	-0.000567865681725736	4.66428585836158	1.00000003717522
84.375	6.7	1.00000004465923	0.800169470355933	-0.000547466690339009	4.54426008249405	1.00000003572739
84.525	6.7	1.00000004294375	0.800164884395979	-0.000527943232118876	4.42423500847587	1.000000034355
84.675	6.7	1.0000000413085	0.800160477726295	-0.000509263922147348	4.30421060871759	1.0000000330468
84.825	6.7	1.00000003971517	0.800156241429473	-0.000491398725951489	4.18418685700582	1.00000003177214
84.975	6.7	1.00000003810679	0.800152167057011	-0.000474318914966974	4.06416372843369	1.00000003048543
85.125	6.7	1.00000003643856	0.800148246604445	-0.000457997024809514	3.94414119933329	1.00000002915085
85.275	6.7	1.00000003473412	0.800144472483958	-0.00044240681617479	3.82411924720766	1.0000000277873
85.425	6.7	1.00000003314226	0.800140837493488	-0.000427523238440081	3.7040978506607	1.00000002651381
85.575	6.7	1.00000003193892	0.800137334784922	-0.000413322395797225	3.58407698932747	1.00000002555114
85.725	6.7	1.00000003140653	0.800133957839437	-0.000399781515921109	3.4640566438133	1.00000002512523
85.875	6.7	1.00000003156154	0.800130700461809	-0.000386878921150617	3.34403679565464	1.00000002524923
86.025	6.7	1.00000003181568	0.800127556802068	-0.000374594002101311	3.22401742731221	1.00000002545254
86.175	6.7	1.00000003082478	0.800124521396716	-0.000362907193451046	3.10399852219041	1.00000002465982
86.325	6.7	1.00000002689984	0.80012158919343	-0.000351799951555965	2.9839800646471	1.00000002151987
86.475	6.7	1.00000001925306	0.800118755496489	-0.000341254733281623	2.86396203992669	1.00000001540245
86.625	6.7	1.00000000985715	0.800116015772244	-0.000331254975559383	2.74394443394703	1.00000000788572
86.775	6.7	1.00000000482508	0.800113365318992	-0.000321785075510386	2.62392723293375	1.00000000386007
86.925	6.7	1.00000001337326	0.800110798943721	-0.000312830371734572	2.50391042304134	1.00000001069861
87.075	6.7	1.00000004247798	0.800108310952937	-0.000304377128149366	2.38389399028354	1.00000003398239
87.225	6.7	1.00000008730126	0.800105895824577	-0.000296412521696856	2.26387792118322	1.00000006984101
87.375	6.7	1.00000012172235	0.800103549698847	-0.00028892463356646	2.14386220433979	1.00000009737788
87.525	6.7	1.00000009843221	0.800101272184332	-0.000281902439519516	2.02384683244988	1.00000007874576
87.675	6.7	0.999999970021117	0.800099067057502	-0.000275335789859542	1.90383180331476	0.999999976016893
87.825	6.7	0.999999735576677	0.800096939810755	-0.000269215366953823	1.78381711760181	0.999999788461342
87.975	6.7	0.999999497614942	0.800094890644858	-0.000263532614068903	1.66380277163955	0.999999598091954
88.125	6.7	0.999999485696355	0.800092904298807	-0.000258279648301813	1.54378874634955	0.999999588557084
88.275	6.7	0.999999983308741	0.800090942905234	-0.000253449200659675	1.4237749985579	0.999999986646993
88.425	6.7	1.00000111349928	0.800088952535384	-0.000249034651998098	1.30376146611077	1.00000089079942
88.575	6.7	1.00000252427891	0.800086893458802	-0.000245030222961727	1.18374809838591	1.00000201942313
88.725	6.7	1.00000316301896	0.800084792855868	-0.00024143129409337	1.06373491273878	1.00000253041517
88.875	6.7	1.00000146938199	0.800082795080305	-0.000238234669328448	0.943722052519541	1.00000117550559
89.025	6.7	0.999996301024685	0.800081156980725	-0.000235438412713881	0.823709791392056	0.999997040819748
89.175	6.7	0.999988562929344	0.800080126669937	-0.000233040842032593	0.703698415000937	0.999990850343475
89.325	6.7	0.99998278275416	0.800079684716603	-0.000231038576810852	0.583687948800131	0.999986226203328
89.475	6.7	0.999987014804442	0.800079236997366	-0.000229424358283921	0.463677814868015	0.999989611843554
89.625	6.7	1.00000915322409	0.800077503648877	-0.000228186509086631	0.343666670315769	1.00000732257927
89.775	6.7	1.00004896064609	0.800062556970838	-0.000227312663763691	0.223652805362009	1.00003916851687
89.925	6.7	1.00008850429242	0.400089841725024	-0.000226822083984667	0.103638501307104	1.00007080343394
0.075	6.9	2.93846279272561e-30	0.399999810353723	-3.12394417985256e-05	36.0880398571086	0.2
0.225	6.9	-1.51048871442358e-30	0.799999431251786	-3.1279162353407e-05	36.0640398684874	0.2
0.375	6.9	5.22409347313442e-30	0.79999905271356	-3.135878908423e-05	36.0400398912335	0.2
0.525	6.9	-1.1385708914609e-29	0.799998675085008	-3.14786901248149e-05	36.0160399253246	0.2
0.675	6.9	1.74406344182212e-31	0.799998298669218	-3.16394116203605e-05	35.9920399707284	0.2
0.825	6.9	-2.90527372389505e-29	0.799997923710984	-3.18416672744216e-05	35.9680400274044	0.2
0.975	6.9	-6.65659215080234e-30	0.799997550383072	-3.20863300166442e-05	35.9440400953058	0.2
1.125	6.9	-3.79207173713071e-29	0.799997178774841	-3.23744185699854e-05	35.9200401743815	0.2
1.275	6.9	1.32719990752618e-29	0.799996808884959	-3.27070842052889e-05	35.8960402645793	0.2
1.425	6.9	-2.40505025151188e-30	0.799996440613852	-3.30855973636115e-05	35.8720403658484	0.2
1.575	6.9	9.12598995107121e-29	0.799996073761593	-3.35113329568688e-05	35.8480404781424	0.2
1.725	6.9	8.49597063569476e-29	0.799995708026376	-3.3985757279173e-05	35.8240406014227	0.2
1.875	6.9	1.89169965224143e-28	0.799995343006009	-3.45104143608942e-05	35.8000407356609	0.2
2.025	6.9	1.21471158732732e-28	0.799994978202105	-3.50869155133192e-05	35.7760408808423	0.2
2.175	6.9	1.3933758635588e-28	0.799994613025053	-3.57169283842186e-05	35.7520410369687	0.2
2.325	6.9	-9.87791425834582e-29	0.799994246801326	-3.6402169057314e-05	35.7280412040608	0.2
2.475	6.9	-2.34695023629113e-28	0.799993878780766	-3.71443962493366e-05	35.7040413821607	0.2
2.625	6.9	-6.23658933601754e-28	0.799993508145435	-3.79454065661871e-05	35.680041571334	0.2
2.775	6.9	-7.37229582728218e-28	0.799993134017248	-3.88070319164719e-05	35.6560417716719	0.2
2.925	6.9	-9.35274273238856e-28	0.799992755468953	-3.97311400959541e-05	35.6320419832929	0.2
3.075	6.9	-5.37922612670009e-28	0.799992371529628	-4.07196348520917e-05	35.6080422063438	0.2
3.225	6.9	-5.63940540851009e-29	0.799991981195405	-4.17744590218048e-05	35.5840424410011	0.2
3.375	6.9	1.15069993877866e-27	0.799991583433916	-4.28975993129328e-05	35.5600426874721	0.2
3.525	6.9	2.13546036846236e-27	0.799991177192998	-4.40910906040151e-05	35.5360429459951	0.2
3.675	6.9	3.323299213119e-27	0.799990761404032	-4.5357023260847e-05	35.5120432168405	0.2
3.825	6.9	3.27430933493858e-27	0.799990334987855	-4.66975491911799e-05	35.4880435003109	0.2
3.975	6.9	2.53334276626934e-27	0.799989896857902	-4.81148898256189e-05	35.4640437967412	0.2
4.125	6.9	-2.00258579209644e-28	0.799989445921607	-4.96113442616832e-05	35.4400441064994	0.2
4.275	6.9	-3.26620815476164e-27	0.79998898108312	-5.11892974233278e-05	35.4160444299859	0.2
4.425	6.9	-6.98249965281851e-27	0.799988501244555	-5.28512281330062e-05	35.3920447676344	0.2
4.575	6.9	-8.19216292071738e-27	0.799988005304427	-5.45997176031523e-05	35.3680451199113	0.2
4.725	6.9	-7.14147049679284e-27	0.7999874921583	-5.64374584763604e-05	35.3440454873161	0.2
4.875	6.9	-1.44334890795732e-27	0.799986960696802	-5.83672621701585e-05	35.3200458703818	0.2
5.025	6.9	5.08577944467742e-27	0.799986409804744	-6.03920677648014e-05	35.2960462696743	0.2
5.175	6.9	1.0671768211173e-26	0.799985838357976	-6.25149499091421e-05	35.2720466857935	0.2
5.325	6.9	6.66914261051148e-27	0.799985245221436	-6.4739126710621e-05	35.2480471193728	0.2
5.475	6.9	-8.79575080723363e-27	0.799984629246092	-6.70679675365164e-05	35.2240475710802	0.2
5.625	6.9	-3.84283612406504e-26	0.799983989266248	-6.95050011695259e-05	35.2000480416181	0.2
5.775	6.9	-6.70617280836135e-26	0.799983324096087	-7.20539226823308e-05	35.1760485317242	0.2
5.925	6.9	-7.41824604635433e-26	0.799982632526048	-7.47186016984408e-05	35.1520490421723	0.2
6.075	6.9	-2.05558155811797e-26	0.799981913319466	-7.75030893331793e-05	35.1280495737727	0.2
6.225	6.9	1.1895484995477e-25	0.799981165210126	-8.04116267207778e-05	35.1040501273731	0.2
6.375	6.9	3.51940514669955e-25	0.799980386896624	-8.34486516987534e-05	35.0800507038601	0.2
6.525	6.9	6.14086693660287e-25	0.799979577040683	-8.66188069826883e-05	35.0560513041593	0.2
6.675	6.9	7.72666040606007e-25	0.799978734262382	-8.99269480631298e-05	35.0320519292376	0.2
6.825	6.9	6.02808209899032e-25	0.799977857136574	-9.33781508362517e-05	35.0080525801036	0.2
6.975	6.9	-1.21520823986455e-25	0.799976944189695	-9.69777204569025e-05	34.9840532578094	0.2
7.125	6.9	-1.53930196251096e-24	0.79997599389534	-0.000100731199078633	34.9600539634522	0.2
7.275	6.9	-3.4823167980584e-24	0.799975004671828	-0.000104644374729449	34.9360546981757	0.2
7.425	6.9	-5.33785477117197e-24	0.799973974876205	-0.000108723290733792	34.9120554631719	0.2
7.575	6.9	-5.91719830072132e-24	0.799972902802892	-0.000112974254859748	34.8880562596831	0.2
7.725	6.9	-3.6639342895408e-24	0.799971786677228	-0.000117403848179654	34.8640570890037	0.2
7.875	6.9	2.88246170619585e-24	0.799970624654039	-0.000122018935738331	34.8400579524825	0.2
8.025	6.9	1.40837258225499e-23	0.79996941481227	-0.000126826677496963	34.8160588515245	0.2
8.175	6.9	2.80517323782182e-23	0.799968155150376	-0.000131834538374527	34.7920597875937	0.2
8.325	6.9	3.94886589524301e-23	0.799966843582483	-0.000137050298952803	34.7680607622155	0.2
8.475	6.9	3.95477703884576e-23	0.799965477935955	-0.000142482068723674	34.7440617769788	0.2
8.625	6.9	1.73384716220091e-23	0.799964055942544	-0.000148138297017256	34.7200628335393	0.2
8.775	6.9	-3.57608393946815e-23	0.79996257523827	-0.000154027786728669	34.6960639336222	0.2
8.925	6.9	-1.19201277362111e-22	0.799961033355557	-0.000160159706322758	34.672065079025	0.2
9.075	6.9	-2.14698771010773e-22	0.799959427719826	-0.000166543605119294	34.6480662716209	0.2
9.225	6.9	-2.79795176516662e-22	0.799957755642412	-0.000173189426439986	34.6240675133619	0.2
9.375	6.9	-2.48773624670719e-22	0.799956014317506	-0.000180107522876715	34.6000688062823	0.2
9.525	6.9	-4.81239455091951e-23	0.799954200814984	-0.000187308672210265	34.5760701525028	0.2
9.675	6.9	3.68789511315265e-22	0.799952312073156	-0.000194804093675012	34.5520715542335	0.2
9.825	6.9	9.68884997684988e-22	0.799950344895434	-0.000202605463935945	34.5280730137784	0.2
9.975	6.9	1.58247610660453e-21	0.799948295941358	-0.000210724936048207	34.5040745335397	0.2
10.125	6.9	1.87187362166971e-21	0.799946161720767	-0.000219175156195815	34.4800761160219	0.2
10.275	6.9	1.36993095941254e-21	0.799943938585285	-0.000227969283844313	34.4560777638365	0.2
10.425	6.9	-3.6742190105057e-22	0.799941622722325	-0.000237121011367854	34.4320794797068	0.2
10.575	6.9	-3.47697106920973e-21	0.799939210145354	-0.000246644583907022	34.4080812664732	0.2
10.725	6.9	-7.42085680099525e-21	0.799936696687037	-0.00025655482138444	34.3840831270981	0.2
10.875	6.9	-1.06807524996429e-20	0.799934077988384	-0.000266867140347302	34.3600850646719	0.2
11.025	6.9	-1.07578965476585e-20	0.799931349490179	-0.00027759757732627	34.3360870824188	0.2
11.175	6.9	-4.75889524274703e-21	0.799928506423092	-0.000288762812309822	34.3120891837025	0.2
11.325	6.9	9.24997034619626e-21	0.799925543797459	-0.000300380194635333	34.2880913720334	0.2
11.475	6.9	3.0238782897987e-20	0.799922456389828	-0.000312467767553422	34.2640936510747	0.2
11.625	6.9	5.21700888041091e-20	0.799919238734175	-0.000325044296181489	34.24009602465	0.2
11.775	6.9	6.30947543609131e-20	0.799915885106759	-0.000338129294612082	34.2160984967506	0.2
11.925	6.9	4.69388563904406e-20	0.799912389514759	-0.00035174305539078	34.1921010715436	0.2
12.075	6.9	-1.0690637838386e-20	0.799908745680797	-0.000365906679354334	34.1681037533797	0.2
12.225	6.9	-1.12536769208835e-19	0.799904947027952	-0.000380642107009247	34.1441065468027	0.2
12.375	6.9	-2.37777776404841e-19	0.799900986665834	-0.00039597215071267	34.1201094565581	0.2
12.525	6.9	-3.33439222706518e-19	0.79989685737056	-0.000411920528264177	34.0961124876028	0.2
12.675	6.9	-3.17189144550504e-19	0.799892551570193	-0.000428511898184783	34.0721156451158	0.2
12.825	6.9	-9.98620809360336e-20	0.799888061323819	-0.000445771895481093	34.0481189345086	0.2
12.975	6.9	3.68030074264077e-19	0.799883378300751	-0.000463727169045266	34.0241223614364	0.2
13.125	6.9	1.03213189199407e-18	0.799878493762182	-0.000482405421589405	34.0001259318105	0.2
13.275	6.9	1.67447759653645e-18	0.79987339853407	-0.000501835448369849	33.9761296518107	0.2
13.425	6.9	1.89740782532198e-18	0.799868082987128	-0.000522047181155453	33.9521335278985	0.2
13.575	6.9	1.19901136055874e-18	0.799862537008195	-0.000543071729367763	33.9281375668314	0.2
13.725	6.9	-8.23262107447658e-19	0.799856749973548	-0.000564941427633233	33.904141775678	0.2
13.875	6.9	-4.14786682435147e-18	0.799850710719522	-0.000587689880065556	33.880146161833	0.2
14.025	6.9	-7.96733572141704e-18	0.799844407511774	-0.00061135201072722	33.8561507330348	0.2
14.175	6.9	-1.04701187422608e-17	0.799837828010546	-0.000635964113097066	33.8321554973823	0.2
14.325	6.9	-9.02106590791778e-18	0.799830959237293	-0.00066156390154569	33.8081604633542	0.2
14.475	6.9	-9.86514674765503e-19	0.799823787533669	-0.000688190566404955	33.7841656398281	0.2
14.625	6.9	1.47135730932149e-17	0.799816298523387	-0.000715884829830141	33.7601710361022	0.2
14.775	6.9	3.55988275553495e-17	0.7998084770679	-0.000744689002632782	33.7361766619167	0.2
14.925	6.9	5.39486859980456e-17	0.799800307218673	-0.000774647046752662	33.7121825274781	0.2
15.075	6.9	5.67275963549963e-17	0.799791772169879	-0.000805804636009238	33.6881886434836	0.2
15.225	6.9	2.85760388433172e-17	0.799782854202144	-0.000838209221078454	33.6641950211479	0.2
15.375	6.9	-4.11905173823379e-17	0.799773534627855	-0.000871910097834242	33.6402016722314	0.2
15.525	6.9	-1.48162980556823e-16	0.79976379372859	-0.000906958475804276	33.6162086090702	0.2
15.675	6.9	-2.62124717831343e-16	0.79975361068998	-0.000943407551292256	33.5922158446077	0.2
15.825	6.9	-3.22097633527097e-16	0.799742963529664	-0.000981312582477929	33.5682233924288	0.2
15.975	6.9	-2.45152391059955e-16	0.799731829023368	-0.00102073096708645	33.5442312667959	0.2
16.125	6.9	4.40658384867766e-17	0.799720182623424	-0.00106172232380992	33.5202394826874	0.2
16.275	6.9	5.62225202595363e-16	0.79970799836921	-0.00110434857638481	33.4962480558385	0.2
16.425	6.9	1.20570125179828e-15	0.799695248794985	-0.001148674040754	33.4722570027853	0.200000000000001
16.575	6.9	1.70555096078561e-15	0.799681904827433	-0.00119476551618423	33.4482663409108	0.200000000000001
16.725	6.9	1.64026147636638e-15	0.799667935677366	-0.0012426923807246	33.4242760884956	0.200000000000001
16.875	6.9	5.49754025373791e-16	0.799653308720638	-0.00129252668914984	33.4002862647702	0.2
17.025	6.9	-1.82722301891123e-15	0.799637989373309	-0.00134434327488817	33.3762968899724	0.199999999999999
17.175	6.9	-5.22343408372762e-15	0.799621940953498	-0.00139821985946908	33.3523079854078	0.199999999999996
17.325	6.9	-8.53427366371834e-15	0.799605124533282	-0.00145423716141838	33.3283195735152	0.199999999999993
17.475	6.9	-9.73027836897115e-15	0.799587498781365	-0.00151247901616846	33.3043316779358	0.199999999999992
17.625	6.9	-6.23819344543585e-15	0.799569019788719	-0.00157303249565768	33.2803443235883	0.199999999999995
17.775	6.9	4.02043506314686e-15	0.799549640883348	-0.00163598803797029	33.2563575367485	0.200000000000003
17.925	6.9	2.09652737446635e-14	0.799529312430081	-0.00170143958155841	33.2323713451353	0.200000000000017
18.075	6.9	4.04974252693227e-14	0.799507981609681	-0.00176948470508296	33.2083857780027	0.200000000000032
18.225	6.9	5.33686084663682e-14	0.799485592186155	-0.00184022477787183	33.1844008662387	0.200000000000043
18.375	6.9	4.60909917222259e-14	0.79946208424957	-0.00191376511392666	33.1604166424715	0.200000000000037
18.525	6.9	5.15422166248755e-15	0.799437393939281	-0.00199021513898824	33.1364331411837	0.200000000000004
18.675	6.9	-7.50162927790504e-14	0.799411453144523	-0.0020696885647417	33.1124503988351	0.19999999999994
18.825	6.9	-1.81750259561076e-13	0.799384189177113	-0.00215230357330254	33.0884684539951	0.199999999999855
18.975	6.9	-2.75479842945573e-13	0.799355524419176	-0.00223818301480953	33.0644873474846	0.19999999999978
19.125	6.9	-2.89316634990006e-13	0.799325375938448	-0.00232745461733378	33.04050712253	0.199999999999769
19.275	6.9	-1.44387517031134e-13	0.799293655071452	-0.00242025121108183	33.0165278249283	0.199999999999884
19.425	6.9	2.14182361376094e-13	0.79926026696907	-0.00251671096728894	32.9925495032257	0.200000000000171
19.575	6.9	7.63612359915934e-13	0.799225110104215	-0.00261697765701765	32.9685722089101	0.200000000000611
19.725	6.9	1.34816878758533e-12	0.799188075734822	-0.00272120092802038	32.9445959966193	0.200000000001079
19.875	6.9	1.65341815646891e-12	0.79914904731861	-0.00282953660440075	32.9206209243658	0.200000000001323
20.025	6.9	1.25139201696016e-12	0.79910789987846	-0.00294214701141632	32.8966470537799	0.200000000001001
20.175	6.9	-2.47202179801642e-13	0.799064499306291	-0.00305920132808405	32.8726744503728	0.199999999999802
20.325	6.9	-2.92875171853783e-12	0.79901870160997	-0.00318087597093454	32.8487031838215	0.199999999997657
20.475	6.9	-6.25719512523017e-12	0.798970352086262	-0.00330735501416638	32.8247333282768	0.199999999994994
20.625	6.9	-8.83871317270718e-12	0.798919284422454	-0.00343883064966935	32.8007649626975	0.199999999992929
20.775	6.9	-8.48413207591943e-12	0.798865319713916	-0.00357550369301131	32.7767981712131	0.199999999993213
20.925	6.9	-2.79608881452916e-12	0.798808265390722	-0.00371758414209348	32.7528330435163	0.199999999997763
21.075	6.9	9.60018684255999e-12	0.798747914047804	-0.0038652917932689	32.7288696752902	0.20000000000768
21.225	6.9	2.73376463897196e-11	0.798684042164152	-0.00401885692676384	32.7049081686716	0.20000000002187
21.375	6.9	4.4680252349088e-11	0.79861640870382	-0.00417852106623276	32.6809486327551	0.200000000035744
21.525	6.9	5.10286074200332e-11	0.798544753585711	-0.00434453782753811	32.6569911841408	0.200000000040823
21.675	6.9	3.28544334273807e-11	0.798468796009418	-0.00451717386321342	32.6330359475302	0.200000000026284
21.825	6.9	-2.09212136786537e-11	0.798388232620557	-0.004696709920992	32.609083056374	0.199999999983263
21.975	6.9	-1.102182673713e-10	0.798302735502173	-0.00488344203083834	32.585132653577	0.199999999911825
22.125	6.9	-2.13928312785475e-10	0.798211949971731	-0.00507768283783956	32.561184892265	0.199999999828857
22.275	6.9	-2.83664657083119e-10	0.798115492166708	-0.0052797631057815	32.5372399366197	0.199999999773068
22.425	6.9	-2.48019826226301e-10	0.798012946400002	-0.00549003341801794	32.5132979627893	0.199999999801584
22.575	6.9	-3.41506737796331e-11	0.79790386226327	-0.0057088661046037	32.4893591598832	0.199999999972679
22.725	6.9	3.9061920183527e-10	0.797787751459341	-0.00593665743287417	32.46542373106	0.200000000312495
22.875	6.9	9.63855356026394e-10	0.797664084334482	-0.00617383009451867	32.4414918947208	0.200000000771084
23.025	6.9	1.48014533001322e-09	0.797532286083999	-0.00642083603062744	32.4175638858155	0.200000001184116
23.175	6.9	1.58467239843723e-09	0.797391732585461	-0.00667815963002956	32.3936399572725	0.200000001267738
23.325	6.9	8.48762549966669e-10	0.797241745813573	-0.00694632134690057	32.3697203815571	0.20000000067901
23.475	6.9	-1.04414889843996e-09	0.79708158877296	-0.00722588179024814	32.3458054523613	0.199999999164681
23.625	6.9	-4.01308781799988e-09	0.796910459887411	-0.00751744635899034	32.3218954864304	0.19999999678953
23.775	6.9	-7.27344702218756e-09	0.796727486789175	-0.00782167053941701	32.2979908255356	0.199999994181242
23.925	6.9	-9.17084299918743e-09	0.796531719480079	-0.00813926601766121	32.2740918386139	0.199999992663326
24.075	6.9	-7.37600033002787e-09	0.796322122860653	-0.0084710078231801	32.2501989241199	0.1999999940992
24.225	6.9	3.53163035280632e-10	0.796097568666415	-0.00881774273550502	32.2263125126519	0.20000000028253
24.375	6.9	1.47840705223576e-08	0.795856826846013	-0.00918039918000167	32.2024330699325	0.200000011827256
24.525	6.9	3.3450782976938e-08	0.795598556378546	-0.00955999875013563	32.1785611002173	0.200000026760626
24.675	6.9	4.92182914009959e-08	0.795321295398316	-0.00995766934293697	32.1546971501625	0.200000039374633
24.825	6.9	5.0289373018536e-08	0.795023450291095	-0.0103746597083199	32.1308418130988	0.200000040231498
24.975	6.9	2.29252762823504e-08	0.794703283206526	-0.010812355115042	32.1069957335496	0.200000018340221
25.125	6.9	-4.2297959956328e-08	0.79435889727566	-0.011272293954515	32.0831596117339	0.199999966161632
25.275	6.9	-1.41193907015279e-07	0.793988218899304	-0.0117561856398291	32.059334207777	0.199999887044874
25.425	6.9	-2.46315732854545e-07	0.793588976943714	-0.0122659312011351	32.0355203455054	0.199999802947414
25.575	6.9	-3.02199351147509e-07	0.793158679591991	-0.0128036494279277	32.011718916074	0.199999758240519
25.725	6.9	-2.32542533438285e-07	0.792694590807952	-0.0133717128375875	31.987930882256	0.199999813965973
25.875	6.9	3.43034055854676e-08	0.792193709462918	-0.0139727983366614	31.9641572848659	0.200000027442724
26.025	6.9	5.20038487169103e-07	0.791652754349351	-0.0146099560650688	31.9403992531662	0.20000041603079
26.175	6.9	1.13980903043177e-06	0.791068156707473	-0.0152866956150324	31.9166580207994	0.200000911847224
26.325	6.9	1.65661697087621e-06	0.790436057873713	-0.0160070813924611	31.8929349473638	0.200001325293577
26.475	6.9	1.68224531186707e-06	0.789752303451687	-0.0167758198828138	31.869231543059	0.20000134579625
26.625	6.9	7.64743570529312e-07	0.789012418734955	-0.0175983149029182	31.845549490303	0.200000611794856
26.775	6.9	-1.41151993613695e-06	0.78821154646941	-0.0184806689419222	31.8218906531208	0.199998870784051
26.925	6.9	-4.7278541378928e-06	0.787344332299609	-0.0194296267337154	31.7982570645331	0.19999621771669
27.075	6.9	-8.31709457887682e-06	0.786404759904456	-0.0204524963780254	31.7746508865706	0.199993346324337
27.225	6.9	-1.03941298889103e-05	0.785385968355962	-0.0215571413524264	31.7510743486835	0.199991684696089
27.375	6.9	-8.44921166146202e-06	0.784280123291622	-0.02275219840361	31.7275296876862	0.199993240630671
27.525	6.9	-8.18060551771807e-09	0.783078446261027	-0.0240477097578331	31.7040191316577	0.199999993455516
27.675	6.9	1.59730322457107e-05	0.781771508679964	-0.0254563176142221	31.680544982448	0.200012778425797
27.825	6.9	3.72991296952054e-05	0.780349840150466	-0.0269950082634322	31.6571098441942	0.200029839303756
27.975	6.9	5.69366144995347e-05	0.778804766998522	-0.028687092013488	31.6337170065102	0.2000455492916
28.125	6.9	6.26554128395501e-05	0.777129196016101	-0.0305637034553907	31.6103709159726	0.200050124330272
28.275	6.9	3.91302752696027e-05	0.775317847154402	-0.0326637339088551	31.5870775688251	0.200031304220216
28.425	6.9	-2.65746756882787e-05	0.77336632457787	-0.0350309876338029	31.5638445639272	0.199978740259449
28.575	6.9	-0.000136221287849315	0.771268538997386	-0.0377077708472866	31.5406805218206	0.199891022969721
28.725	6.9	-0.000270141501697533	0.769012493681004	-0.0407253536719216	31.5175936667538	0.199783886798642
28.875	6.9	-0.00037949748988269	0.766575405475848	-0.0440939335822967	31.4945896303253	0.199696402008094
29.025	6.9	-0.000386845264853469	0.763920493725718	-0.0477976601598634	31.4716689616514	0.199690523788117
29.175	6.9	-0.000201095808421224	0.760999177794822	-0.0518030162270752	31.448825325268	0.199839123353263
29.325	6.9	0.000249408683289383	0.757763030580543	-0.0560894295165127	31.4260457390825	0.200199526946632
29.475	6.9	0.00096775508720466	0.754188385547972	-0.0607068941503711	31.40331418519	0.200774204069764
29.625	6.9	0.00183405133044718	0.750312183243134	-0.0658554971398311	31.3806192672343	0.201467241064358
29.775	6.9	0.00256616342080822	0.746271610510847	-0.0719689377835307	31.3579651875415	0.202052930736647
29.925	6.9	0.00272258983389002	0.742335755754553	-0.0797748411286275	31.3353833574256	0.202178071867112
30.075	6.9	0.00177300020171961	0.738917556216554	-0.0903026249907198	31.3129399840086	0.201418400161376
30.225	6.9	-0.000751677181688421	0.73655564680969	-0.104808079914859	31.2907338798183	0.199398658254649
30.375	6.9	-0.00504380767044348	0.735848069490704	-0.124566837860655	31.2688795216974	0.195964953863645
30.525	6.9	-0.0107847086383841	0.7372925438526	-0.150449788447038	31.2474737499217	0.191372233089293
30.675	6.9	-0.0169640146520729	0.740949095505926	-0.182172293374428	31.2265503255303	0.186428788278342
30.825	6.9	-0.0218318404944996	0.745860716783144	-0.217247780660538	31.2060334773064	0.1825345276044
30.975	6.9	-0.0230422408176239	0.749423624091273	-0.250193403182687	31.1857067254513	0.181566207345901
31.125	6.9	-0.0180004574558632	0.747465835001069	-0.27327418141795	31.1652124757699	0.185599634035309
31.275	6.9	-0.00436306909178697	0.735920210623719	-0.27971385863318	31.1440879098223	0.19650954472657
31.425	6.9	0.0194226947713635	0.713412614403493	-0.267642960600831	31.1218278721065	0.215538155817091
31.575	6.9	0.0536825815118863	0.682287067806645	-0.241043291498198	31.0979576180487	0.242946065209509
31.725	6.9	0.0972982742561539	0.647031907833111	-0.206821188011402	31.0721001845664	0.277838619404923
31.875	6.9	0.147773916494941	0.61195407961312	-0.171196294469833	31.0440264824537	0.318219133195953
32.025	6.9	0.201596545804708	0.579946395124625	-0.13804703364491	31.0136795355353	0.361277236643767
32.175	6.9	0.254826913774434	0.552437058101927	-0.109071178994087	30.9811700531441	0.403861531019547
32.325	6.9	0.303767466790033	0.529832908469282	-0.0845787014123701	30.9467471127122	0.443013973432026
32.475	6.9	0.34551294108646	0.511975350279389	-0.0641925477535697	30.9107530385333	0.476410352869168
32.625	6.9	0.378244793042907	0.498455872739802	-0.0472835572758465	30.8735740055261	0.502595834434326
32.775	6.9	0.401248422672162	0.488795909628544	-0.033192945714202	30.8355964849468	0.520998738137729
32.925	6.9	0.414731059446159	0.482534645013283	-0.0213280882192926	30.7971753898891	0.531784847556927
33.075	6.9	0.419551378585521	0.479263806271309	-0.0111930543333293	30.758615101155	0.535641102868417
33.225	6.9	0.416950016776889	0.47863543819313	-0.00238911734114823	30.7201613717623	0.533560013421511
33.375	6.9	0.408328811038257	0.480357666181053	0.00539659613300109	30.6820008819071	0.526663048830605
33.525	6.9	0.395092321993211	0.484186194472633	0.0124055148517759	30.6442653818623	0.516073857594569
33.675	6.9	0.378546200116627	0.489915026465085	0.018821035457165	30.6070381307544	0.502836960093302
33.825	6.9	0.359840150025029	0.497367638755314	0.0247792583861668	30.5703611670788	0.487872120020023
33.975	6.9	0.339943056745757	0.50638873998796	0.0303766490290826	30.5342425894498	0.471954445396605
34.125	6.9	0.319639891011886	0.516836415678535	0.035675025481344	30.498663441998	0.455711912809508
34.275	6.9	0.299542291889937	0.528574598430065	0.040704824301373	30.4635840359702	0.43963383351195
34.425	6.9	0.280106695444069	0.541466186422188	0.0454679071643375	30.4289496588965	0.424085356355255
34.575	6.9	0.261655574697712	0.555367544507849	0.0499411666390766	30.3946956717833	0.409324459758169
34.725	6.9	0.244398874820717	0.570125344546142	0.0540818197459365	30.3607520028596	0.395519099856574
34.875	6.9	0.228454055169248	0.58557656732963	0.0578346010507266	30.3270470328592	0.382763244135399
35.025	6.9	0.213864192562318	0.601551949272289	0.0611402661566982	30.2935108468794	0.371091354049855
35.175	6.9	0.200614268166514	0.617882330816451	0.0639441543735218	30.2600778146431	0.360491414533211
35.325	6.9	0.18864603171372	0.634406518099546	0.0662032819632687	30.2266884642441	0.350916825370976
35.475	6.9	0.177871776069782	0.650978727432766	0.0678906678350825	30.1932906382453	0.342297420855825
35.625	6.9	0.168187093042164	0.667473680857547	0.0689962690678027	30.1598399624144	0.334549674433731
35.775	6.9	0.15948237276592	0.68378799910097	0.0695247919227087	30.1262997074581	0.327585898212736
35.925	6.9	0.151652588564884	0.699837515380624	0.0694914370780914	30.0926401706526	0.321322070851907
36.075	6.9	0.144604857352595	0.715551193374552	0.0689170774085306	30.0588377355475	0.315683885882076
36.225	6.9	0.138263395296967	0.73086315752219	0.0678243394810199	30.024873776271	0.310610716237574
36.375	6.9	0.13257175278815	0.745704727549538	0.066235621717081	29.9907335568986	0.30605740223052
36.525	6.9	0.127492529340336	0.759998243354217	0.0641734112596893	29.9564052407476	0.301994023472269
36.675	6.9	0.123005050683573	0.773653960786513	0.0616625774510248	29.9218790786959	0.298404040546858
36.825	6.9	0.119101671502225	0.786570565683593	0.0587338071015719	29.8871468003824	0.29528133720178
36.975	6.9	0.115783419369999	0.798639087578326	0.0554271100916863	29.8522011961643	0.292626735495999
37.125	6.9	0.113055627391501	0.809749365252819	0.0517943781449997	29.8170358556711	0.2904445019132
37.275	6.9	0.110924050994047	0.819797836309547	0.0479002658513446	29.7816450208447	0.288739240795237
37.425	6.9	0.109391775469861	0.828695333121767	0.0438210782837573	29.7460235142127	0.287513420375889
37.575	6.9	0.108457038556659	0.836373739004494	0.0396417800264653	29.7101667119421	0.286765630845327
37.725	6.9	0.108111946190645	0.842790710153827	0.0354515900682522	29.6740705413462	0.286489556952516
37.875	6.9	0.108341962535826	0.847932095496545	0.0313388363603438	29.6377314907954	0.286673570028661
38.025	6.9	0.109126006336955	0.851812088392358	0.0273857962988695	29.6011466250589	0.287300805069564
38.175	6.9	0.110436974725992	0.85447144961448	0.0236641657585862	29.5643136011665	0.288349579780794
38.325	6.9	0.112242529977954	0.855974316953605	0.0202316240739796	29.5272306800296	0.289794023982363
38.475	6.9	0.114506012623165	0.856404165667038	0.0171297476416329	29.4898967286458	0.291604810098532
38.625	6.9	0.117187377176716	0.855859433315005	0.0143833167186187	29.4523112078005	0.293749901741373
38.775	6.9	0.12024407928689	0.854449211131331	0.0120008905215326	29.4144741413136	0.296195263429512
38.925	6.9	0.123631872582345	0.852289270293505	0.00997641062204638	29.376386065047	0.298905498065876
39.075	6.9	0.127305498550005	0.849498565438532	0.00829153361036345	29.3380479566636	0.301844398840004
39.225	6.9	0.131219272565037	0.846196258146274	0.00691838320157236	29.299461149907	0.30497541805203
39.375	6.9	0.135327583028587	0.842499237337079	0.00582243686349149	29.2606272393889	0.30826206642287
39.525	6.9	0.139585327999761	0.838520080410519	0.00496530947467963	29.2215479831486	0.311668262399809
39.675	6.9	0.143948315063663	0.834365391474119	0.00430725474725763	29.1822252104543	0.31515865205093
39.825	6.9	0.148373646474037	0.830134461565668	0.00380926486206584	29.1426607415201	0.31869891717923
39.975	6.9	0.152820104030107	0.825918211648648	0.00343470400564637	29.10285632425	0.322256083224085
40.125	6.9	0.157248538616648	0.821798394993826	0.00315045899804434	29.0628135911353	0.325798830893318
40.275	6.9	0.161622259854925	0.817847047084336	0.00292762829566468	29.0225340373543	0.32929780788394
40.425	6.9	0.165907414068373	0.814126175576999	0.00274179896861527	28.9820190191986	0.332725931254699
40.575	6.9	0.17007333389401	0.810687682369153	0.00257297998493104	28.941269770376	0.336058667115208
40.725	6.9	0.174092841997013	0.807573503583424	0.00240527012707068	28.9002874326035	0.33927427359761
40.875	6.9	0.177942492591173	0.804815946468425	0.0022263412450862	28.8590730962345	0.342353994072938
41.025	6.9	0.181602737981104	0.802438195449215	0.00202681342898206	28.8176278464733	0.345282190384883
41.175	6.9	0.185058012976648	0.800454952928048	0.0017995900888375	28.7759528109026	0.348046410381319
41.325	6.9	0.188296733707691	0.798873180475109	0.00153920900514014	28.7340492045618	0.350637386966152
41.475	6.9	0.191311212899839	0.797692905036809	0.00124125170679449	28.6919183695468	0.353048970319872
41.625	6.9	0.194097497113861	0.796908058761717	0.00090183986366055	28.6495618069354	0.355277997691089
41.775	6.9	0.196655134366774	0.796507325796191	0.000517234488561958	28.6069811997086	0.357324107493419
41.925	6.9	0.198986882569415	0.796474975100537	8.35426178369723e-05	28.5641784261447	0.359189506055532
42.075	6.9	0.201098370454379	0.796791663935975	-0.000403472727183975	28.521155563841	0.360878696363503
42.225	6.9	0.202997722979774	0.797435202220268	-0.00094848999698865	28.4779148850584	0.362398178383819
42.375	6.9	0.204695163779755	0.798381271120841	-0.00155664873079213	28.4344588444419	0.363756131023804
42.525	6.9	0.206202606009491	0.799604093576728	-0.00223350812236267	28.3907900603789	0.364962084807593
42.675	6.9	0.207533242568936	0.801077055641471	-0.00298496175822823	28.3469112913381	0.366026594055149
42.825	6.9	0.208701145270456	0.802773279176008	-0.00381712480051321	28.3028254085033	0.366960916216365
42.975	6.9	0.209720881021568	0.804666146973778	-0.00473620816145592	28.258535365926	0.367776704817254
43.125	6.9	0.210607151403667	0.806729781626093	-0.00574839200209608	28.2140441692997	0.368485721122933
43.275	6.9	0.211374460283463	0.808939479409285	-0.00685970843834548	28.1693548443259	0.369099568226771
43.425	6.9	0.212036812471379	0.811272100320872	-0.00807594082584529	28.1244704055282	0.369629449977103
43.575	6.9	0.212607445156962	0.813706415189084	-0.00940254443943622	28.0793938262588	0.37008595612557
43.725	6.9	0.213098593155818	0.816223410533056	-0.0108445907055231	28.034128010527	0.370478874524655
43.875	6.9	0.213521289151354	0.8188065515525	-0.012406734216487	27.9886757671104	0.370817031321083
44.025	6.9	0.213885201312532	0.821442003246622	-0.0140931983566845	27.9430397861251	0.371108161050026
44.175	6.9	0.214198512975752	0.824118809177317	-0.0159077713061422	27.8972226177401	0.371358810380602
44.325	6.9	0.214467852281149	0.826829026836813	-0.0178537993973524	27.8512266519486	0.371574281824919
44.475	6.9	0.214698283114104	0.829567818102602	-0.0199341594735169	27.8050540971884	0.371758626491283
44.625	6.9	0.214893371230054	0.832333493165605	-0.0221511866567533	27.7587069541568	0.371914696984043
44.775	6.9	0.215055339238575	0.835127507221636	-0.0245065299961824	27.7121869795183	0.37204427139086
44.925	6.9	0.215185318904057	0.837954412006323	-0.0270009077760286	27.665495632674	0.372148255123246
45.075	6.9	0.21528369657122	0.840821770260202	-0.0296337394532178	27.618633997828	0.372226957256976
45.225	6.9	0.215350525571435	0.843740051941891	-0.0324026453498762	27.5716026739322	0.372280420457148
45.375	6.9	0.215385947834104	0.846722548063336	-0.0353028312518982	27.52440162744	0.372308758267284
45.525	6.9	0.215390527838863	0.849785362407387	-0.0383264146412092	27.4770300077923	0.37231242227109
45.675	6.9	0.215365361291178	0.85294757283485	-0.0414618014625516	27.4294859334335	0.372292289032942
45.825	6.9	0.215311788270871	0.856231689723918	-0.0446932818008065	27.3817662664975	0.372249430616697
45.975	6.9	0.215230529280983	0.859664573168562	-0.0480010687131993	27.3338664057408	0.372184423424786
46.125	6.9	0.215120087243983	0.863278992623451	-0.0513620398219795	27.2857801374465	0.372096069795186
46.275	6.9	0.214974331697229	0.867116008626699	-0.0547514350398164	27.2374995896532	0.371979465357783
46.425	6.9	0.214779309392562	0.871228310438429	-0.0581456952697631	27.1890153326588	0.37182344751405
46.575	6.9	0.214509503289405	0.875684543064468	-0.0615264831706605	27.1403166554655	0.371607602631524
46.725	6.9	0.214123970285619	0.880574498260369	-0.0648857114533035	27.0913920225459	0.371299176228496
46.875	6.9	0.213562992997921	0.886014837150498	-0.0682311421472865	27.0422296797219	0.370850394398337
47.025	6.9	0.212746037558022	0.892154783420844	-0.0715918583841733	26.9928183370059	0.370196830046418
47.175	6.9	0.21157186976178	0.899181012304126	-0.0750227049003894	26.9431478179019	0.369257495809424
47.325	6.9	0.209921605747479	0.907320795492116	-0.0786066921822626	26.8932095383411	0.367937284597983
47.475	6.9	0.207665239027755	0.916842359991594	-0.0824543816087832	26.8429966729761	0.366132191222204
47.625	6.9	0.204671797793094	0.928051363875816	-0.086699399225853	26.7925038876603	0.363737438234475
47.775	6.9	0.200822777978872	0.941282342180318	-0.0914894234991966	26.7417265652823	0.360658222383097
47.925	6.9	0.196027926300321	0.956883889739433	-0.0969722210039184	26.6906595227729	0.356822341040257
48.075	6.9	0.190241888065837	0.97519622743416	-0.103276565545836	26.6392953003901	0.35219351045267
48.225	6.9	0.183479770932059	0.996519749869608	-0.110488236863243	26.5876221879568	0.346783816745648
48.375	6.9	0.175829394366429	1.02107344018199	-0.118621888196413	26.5356222236934	0.340663515493143
48.525	6.9	0.167457978537989	1.04894310755274	-0.127590568735175	26.4832694476441	0.333966382830391
48.675	6.9	0.158611345722647	1.08002181450532	-0.137176224448573	26.4305287030661	0.326889076578118
48.825	6.9	0.149604401960625	1.11394903352895	-0.147006556782782	26.3773552475557	0.3196835215685
48.975	6.9	0.140802721723747	1.15006076824134	-0.156545828354652	26.3236953581002	0.312642177378998
49.125	6.9	0.132596377809186	1.18736850367869	-0.16510865647352	26.2694879967454	0.306077102247348
49.275	6.9	0.125368548820583	1.22458707877053	-0.171904984216234	26.2146674648285	0.300294839056467
49.425	6.9	0.119462613129367	1.26022614254208	-0.176119442357648	26.1591668428264	0.295570090503494
49.575	6.9	0.115152074339857	1.29274430735995	-0.177018352258096	26.1029219183266	0.292121659471885
49.725	6.9	0.112617489538799	1.32074245596635	-0.17406477320357	26.0458752591247	0.290093991631039
49.875	6.9	0.11193351167411	1.34315260759205	-0.167012347156704	25.9879800830363	0.289546809339288
50.025	6.9	0.11306743483226	1.35937324798985	-0.155949625090908	25.9292035935295	0.290453947865808
50.175	6.9	0.115888745975031	1.36931666115298	-0.141280724309787	25.8695294850857	0.292710996780024
50.325	6.9	0.120187700760158	1.37336237372358	-0.123649616474981	25.8089593800914	0.296150160608126
50.475	6.9	0.125700147458956	1.37223907365214	-0.103833011097143	25.7475130388203	0.300560117967165
50.625	6.9	0.132135518856994	1.36687290217941	-0.0826326478557562	25.6852272787345	0.305708415085595
50.775	6.9	0.139204515478081	1.35823956360118	-0.0607916760230101	25.6221536742556	0.311363612382464
50.925	6.9	0.146642077437822	1.3472464240042	-0.0389471933320528	25.5583553656334	0.317313661950258
51.075	6.9	0.154220169576907	1.33465656635102	-0.0176178940042187	25.4939037653505	0.323376135661525
51.225	6.9	0.16174522935692	1.3210550883814	0.00278444373010897	25.4288765407748	0.329396183485536
51.375	6.9	0.169038974012502	1.30685031236382	0.0219366893138162	25.3633586140644	0.335231179210002
51.525	6.9	0.175909708313718	1.29229797542611	0.0395963295944904	25.2974474493953	0.340727766650974
51.675	6.9	0.182132184820805	1.27753350930214	0.0556133053480116	25.23126207316	0.345705747856644
51.825	6.9	0.18746060986426	1.26259731365925	0.0699575237582544	25.1649522462217	0.349968487891408
51.975	6.9	0.191692662673911	1.24744145587006	0.0827430241901715	25.0987012913568	0.353354130139129
52.125	6.9	0.194776089894772	1.23191548766345	0.094221900483832	25.0327156690601	0.355820871915818
52.275	6.9	0.196908011520391	1.21574372168144	0.104726377643131	24.9671989184726	0.357526409216313
52.425	6.9	0.198540807695736	1.19852226399213	0.114557884133665	24.902317522858	0.358832646156589
52.575	6.9	0.200209098958895	1.17977116424943	0.12385531542031	24.8381782438328	0.360167279167116
52.725	6.9	0.202156670524836	1.15905763356942	0.13250832293681	24.7748430317777	0.361725336419869
52.875	6.9	0.203869007883788	1.13614983614123	0.14018229143228	24.7124000901028	0.36309520630703
53.025	6.9	0.203760057509526	1.11109924896265	0.146457400991818	24.6510838640328	0.363008046007621
53.175	6.9	0.199331667620995	1.08415646642511	0.150986533199746	24.5913986999168	0.359465334096796
53.325	6.9	0.188022167067846	1.05552130081775	0.153544412953902	24.5341688641077	0.350417733654277
53.475	6.9	0.168648810004706	1.02501938765702	0.153917315098867	24.4804366852998	0.334919048003764
53.625	6.9	0.142932043990966	0.991801425610799	0.151699507563149	24.4311793088578	0.314345635192773
53.775	6.9	0.116329323578645	0.954162044744845	0.146171882245887	24.3869061505642	0.293063458862916
53.925	6.9	0.0975774965247499	0.909817969965405	0.13659176618357	24.3472903001132	0.2780619972198
54.075	6.9	0.0969469018753591	0.857492129516231	0.123229255815559	24.3110104100136	0.277557521500287
54.225	6.9	0.123809307716541	0.799717937858406	0.108450158701127	24.2758892830608	0.299047446173233
54.375	6.9	0.184190919139916	0.743072110558861	0.0957098230499575	24.2392643279209	0.347352735311933
54.525	6.9	0.27864203818502	0.6937830420845	0.0869091556231901	24.1984568440197	0.422913630548016
54.675	6.9	0.400837437045079	0.654412771683096	0.081724629712729	24.1512412363786	0.520669949636063
54.825	6.9	0.538027594535374	0.624549635546811	0.0789291895446971	24.0962369245576	0.630422075628299
54.975	6.9	0.674320347008117	0.602518785033029	0.0774223278859579	24.0331222731062	0.739456277606494
55.125	6.9	0.795678509927811	0.5863679248961	0.0764859922436034	23.9625760351669	0.836542807942249
55.275	6.9	0.893649327910335	0.574322924151971	0.0757206940225804	23.8859657119921	0.914919462328268
55.425	6.9	0.965959601552088	0.564995177585207	0.0749361012408669	23.8049382688763	0.972767681241671
55.575	6.9	1.01474684905421	0.557413448874696	0.0740641684785989	23.7210829973482	1.01179747924337
55.725	6.9	1.04426395589981	0.550945981752414	0.0730999363900399	23.6357414121357	1.03541116471985
55.875	6.9	1.0591986419925	0.545193304400207	0.0720650368046127	23.5499463111487	1.047358913594
56.025	6.9	1.06380116364501	0.539900175102273	0.0709878335419393	23.4644374920369	1.05104093091601
56.175	6.9	1.06157591245157	0.53489833262057	0.0698944104523231	23.3797091563561	1.04926072996126
56.325	6.9	1.05525846201845	0.53007394596015	0.068805780701979	23.2960631475545	1.04420676961476
56.475	6.9	1.04689964793561	0.525350394046651	0.0677381590992261	23.2136571155255	1.03751971834849
56.625	6.9	1.03797231528037	0.520679125198295	0.0667043883793536	23.1325447296945	1.0303778522243
56.775	6.9	1.02947184377446	0.516034104174458	0.0657154796289359	23.0527082439092	1.02357747501957
56.925	6.9	1.02200607099206	0.511407438533132	0.0647817785424328	22.9740844640818	1.01760485679365
57.075	6.9	1.01587731342433	0.506805149633406	0.0639136093351332	22.8965850359334	1.01270185073946
57.225	6.9	1.01115868981678	0.502242894546964	0.063121450071234	22.8201117101821	1.00892695185343
57.375	6.9	1.00776447891958	0.497741879838966	0.0624157939198623	22.7445671181276	1.00621158313566
57.525	6.9	1.00551240265347	0.493325330696851	0.0618068731165207	22.6698616167101	1.00440992212278
57.675	6.9	1.00417529926777	0.489015794511204	0.0613043907607774	22.5959168610314	1.00334023941422
57.825	6.9	1.00352043837345	0.484833381902489	0.0609173483321896	22.5226668494072	1.00281635069876
57.975	6.9	1.00333613642033	0.480794876538272	0.0606539990991189	22.4500572082101	1.00266890913626
58.125	6.9	1.00344675698668	0.476913532582748	0.06052191493249	22.3780434270938	1.00275740558935
58.275	6.9	1.00371822104394	0.473199337393282	0.060528131041719	22.3065886352229	1.00297457683515
58.425	6.9	1.00405664944516	0.469659531651923	0.060679326834705	22.2356613555392	1.00324531955613
58.575	6.9	1.0044027510572	0.466299224537502	0.0609820054239763	22.1652335171481	1.00352220084576
58.725	6.9	1.00472420194694	0.463121995813793	0.0614426435202599	22.0952788683207	1.00377936155755
58.875	6.9	1.0050077082919	0.460130425764103	0.0620677936166319	22.0257718267634	1.00400616663352
59.025	6.9	1.00525185735226	0.457326531324792	0.0628641293499651	21.9566867328435	1.00420148588181
59.175	6.9	1.00546133801016	0.454712111406856	0.0638384319213979	21.8879974320761	1.00436907040813
59.325	6.9	1.0056427072123	0.452289017870151	0.0649975203594762	21.8196770986519	1.00451416576984
59.475	6.9	1.00580160469445	0.450059373604014	0.0663481314343736	21.7516982144339	1.00464128375556
59.625	6.9	1.0059411640074	0.448025758413266	0.0678967565058546	21.6840326305924	1.00475293120592
59.775	6.9	1.0060613084045	0.446191379282157	0.0696494428668573	21.616651656227	1.0048490467236
59.925	6.9	1.00615862683774	0.444560235940888	0.0716115665987504	21.5495261359535	1.00492690147019
60.075	6.9	1.0062265711907	0.443137286792902	0.07378758293423	21.4826264941002	1.00498125695256
60.225	6.9	1.00625577901699	0.441928615002619	0.0761807589584066	21.4159227357078	1.00500462321359
60.375	6.9	1.00623439073895	0.440941590298579	0.0787928924376911	21.3493844037372	1.00498751259116
60.525	6.9	1.00614828685789	0.440185018952495	0.0816240198610832	21.2829804980976	1.00491862948631
60.675	6.9	1.005981214696	0.439669272371019	0.08467211654084	21.2166793659467	1.0047849717568
60.825	6.9	1.00571480473838	0.439406383641977	0.0879327919105981	21.1504485748704	1.0045718437907
60.975	6.9	1.00532849533219	0.439410101019772	0.0913989839647644	21.0842547816494	1.00426279626576
61.125	6.9	1.00479939403113	0.439695887565154	0.0950606580267203	21.0180636098424	1.0038395152249
61.275	6.9	1.00410210718849	0.440280856835031	0.0989045165738668	20.9518395496627	1.00328168575079
61.425	6.9	1.00320856909373	0.441183635542409	0.102913728510231	20.8855458937668	1.00256685527499
61.575	6.9	1.00208789996877	0.442424145365759	0.107067687861631	20.8191447226364	1.00167031997502
61.725	6.9	1.00070631972988	0.444023297473759	0.111341813213129	20.7525969531899	1.00056505578391
61.875	6.9	0.999027142161823	0.446002594738405	0.115707400214964	20.6858624640136	0.999221713729458
62.025	6.9	0.997010872106205	0.448383638013723	0.120131540174116	20.6189003100761	0.997608697684964
62.175	6.9	0.994615426122905	0.451187534357318	0.124577118253901	20.5516690388579	0.995692340898324
62.325	6.9	0.991796494282537	0.454434207023807	0.129002905326279	20.4841271183945	0.99343719542603
62.475	6.9	0.988508056594775	0.458141610105921	0.133363758184991	20.4162334856172	0.99080644527582
62.625	6.9	0.984703061336228	0.462324855733944	0.137610943512709	20.3479482203506	0.987762449068983
62.775	6.9	0.98033426355606	0.466995269741602	0.141692601123533	20.2792333460863	0.984267410844848
62.925	6.9	0.975355209899144	0.472159403330618	0.145554360456283	20.2100537528416	0.980284167919315
63.075	6.9	0.969721340680382	0.477818043388597	0.14914011949434	20.1403782297391	0.975777072544306
63.225	6.9	0.963391162757928	0.483965281255371	0.152392985625733	20.0701805853641	0.970712930206343
63.375	6.9	0.95632742918882	0.490587715685747	0.155256362462767	19.9994408228518	0.965061943351056
63.525	6.9	0.948498247202349	0.497663875541463	0.157675145858983	19.9281463250773	0.958798597761879
63.675	6.9	0.93987802916223	0.50516394511618	0.159596968987073	19.8562929950424	0.951902423329784
63.825	6.9	0.930448206950378	0.513049853513416	0.160973415253656	19.7838862900151	0.944358565560302
63.975	6.9	0.9201976530594	0.521275744058459	0.161761104964054	19.7109420879231	0.93615812244752
64.125	6.9	0.909122793953171	0.529788768319104	0.161922561542028	19.6374873334626	0.927298235162537
64.275	6.9	0.897227461613942	0.538530054620102	0.161426775269412	19.5635604309598	0.917781969291154
64.425	6.9	0.884522602003281	0.547435591638418	0.160249397587272	19.4892113812452	0.907618081602625
64.575	6.9	0.871026035717849	0.556436659508688	0.158372496285036	19.4145016985127	0.896820828574279
64.725	6.9	0.856762538557707	0.56545935789899	0.155783750195259	19.3395041854343	0.885410030846165
64.875	6.9	0.841764577451616	0.574422757036567	0.152474825791457	19.2643026822548	0.873411661961293
65.025	6.9	0.826074113878953	0.583235280865922	0.14843843044261	19.1889919249648	0.860859291103162
65.175	6.9	0.809746003856788	0.591789183883418	0.143663179895122	19.113677629123	0.84779680308543
65.325	6.9	0.792853722986949	0.599953481780268	0.138125008678992	19.0384768315037	0.834282978389559
65.475	6.9	0.775498457262054	0.607566524354123	0.131773538436988	18.9635183358185	0.820398765809643
65.625	6.9	0.75782300064985	0.614430625337388	0.124511873393637	18.8889427834834	0.80625840051988
65.775	6.9	0.740032249677501	0.620312795857008	0.116169148630855	18.814901379852	0.792025799742001
65.925	6.9	0.722422067429213	0.624957529056701	0.106467430000387	18.7415516620128	0.77793765394337
66.075	6.9	0.705417375454177	0.628119309140258	0.0949890001152666	18.6690479816595	0.764333900363341
66.225	6.9	0.689617811226306	0.629623021175539	0.0811572846174184	18.5975237975762	0.751694248981045
66.375	6.9	0.675844423238085	0.629457601543644	0.0642544127590077	18.5270627804445	0.740675538590468
66.525	6.9	0.665173252336791	0.627898484322274	0.0435078146342949	18.4576566431615	0.732138601869432
66.675	6.9	0.658931859100438	0.62563320863023	0.0182792049483018	18.3891501649146	0.72714548728035
66.825	6.9	0.658625782178444	0.623830966902469	-0.0116333134857988	18.3211787338556	0.726900625742755
66.975	6.9	0.66576082479052	0.62406438670339	-0.0456317663583058	18.2531112288536	0.732608659832416
67.125	6.9	0.681546190092927	0.628000708456594	-0.0820418998442413	18.184020241657	0.745236952074341
67.275	6.9	0.706508815474316	0.636885542352344	-0.118142381745355	18.1127084286917	0.765207052379453
67.425	6.9	0.740116438762331	0.651030666958993	-0.150651488952185	18.0378154490866	0.792093151009865
67.575	6.9	0.780565891410038	0.66962275743411	-0.176567088189332	17.9580053489727	0.82445271312803
67.725	6.9	0.824892202591771	0.691005985958408	-0.193970248663335	17.8721937593448	0.859913762073417
67.875	6.9	0.869453611413803	0.713255754431993	-0.20238916685936	17.7797436818724	0.895562889131042
68.025	6.9	0.910670441311946	0.734698194171206	-0.202629479643957	17.6805641441061	0.928536353049556
68.175	6.9	0.945749504228352	0.754169809091404	-0.196290403213841	17.5750854873296	0.956599603382681
68.325	6.9	0.973128484410648	0.771034870765671	-0.185252275494151	17.4641325820273	0.978502787528518
68.475	6.9	0.992530695740215	0.785077657294977	-0.171304066575048	17.3487475562307	0.994024556592172
68.625	6.9	1.00470610482687	0.796366658971102	-0.15594472674301	17.2300166409708	1.00376488386149
68.775	6.9	1.01102779480847	0.805137421432922	-0.140318731278815	17.1089380901427	1.00882223584678
68.925	6.9	1.01309685567515	0.811706978553558	-0.125230070566714	16.9863444808721	1.01047748454012
69.075	6.9	1.0124415849981	0.816417915750903	-0.111191309048241	16.8628746023779	1.00995326799848
69.225	6.9	1.01033490186993	0.819605036991904	-0.0984825703747021	16.7389812982492	1.00826792149595
69.375	6.9	1.00771734432396	0.821577028537171	-0.0872089936850946	16.6149601622455	1.00617387545917
69.525	6.9	1.00519818710041	0.822607113195288	-0.0773524289343785	16.4909864954076	1.00415854968033
69.675	6.9	1.00310486490013	0.82292896794225	-0.0688157925420054	16.3671517725181	1.0024838919201
69.825	6.9	1.00155456125913	0.822736033743629	-0.0614591593940988	16.2434945850357	1.00124364900731
69.975	6.9	1.0005281763802	0.822183330467221	-0.0551270517516857	16.1200240039344	1.00042254110416
70.125	6.9	0.999934044580756	0.821391154844641	-0.0496670815012909	15.9967353640144	0.999947235664605
70.275	6.9	0.999655395234714	0.82044998786772	-0.0449409435601915	15.8736196595227	0.999724316187771
70.425	6.9	0.999580709642543	0.819425893589504	-0.0408293903314683	15.7506682230822	0.999664567714034
70.575	6.9	0.999619406780449	0.818365778112857	-0.0372330442333057	15.6278743500097	0.999695525424359
70.725	6.9	0.999706786732552	0.817302068915808	-0.0340707545702588	15.5052332411136	0.999765429386042
70.875	6.9	0.999802302203032	0.81625659206214	-0.0312768289282613	15.3827412438425	0.999841841762426
71.025	6.9	0.999884560679128	0.815243605564702	-0.0287980314340109	15.260394992799	0.999907648543302
71.175	6.9	0.999945467468076	0.814272064937264	-0.0265908525285266	15.1381907488459	0.999956373974461
71.325	6.9	0.999984941347304	0.813347254231737	-0.0246192673095982	15.0161240303461	0.999987953077843
71.475	6.9	1.00000685135589	0.812471928694615	-0.0228530166833652	14.8941895120675	1.00000548108471
71.625	6.9	1.00001629283633	0.81164710176754	-0.021266348653715	14.7723811157609	1.00001303426907
71.775	6.9	1.00001802332527	0.810872584110236	-0.0198371200294659	14.6506922077603	1.00001441866022
71.925	6.9	1.00001575834466	0.810147355198962	-0.0185461576253877	14.5291158330097	1.00001260667573
72.075	6.9	1.00001202039626	0.809469824014192	-0.0173767943963895	14.4076449372115	1.000009616317
72.225	6.9	1.0000082872357	0.808838016422586	-0.0163145178371469	14.2862725505599	1.00000662978856
72.375	6.9	1.00000525871516	0.808249713248739	-0.0153466886132537	14.1649919235468	1.00000420697213
72.525	6.9	1.00000313138642	0.807702553941351	-0.0144623037457235	14.0437966164892	1.00000250510914
72.675	6.9	1.00000182526003	0.8071941150648	-0.0136517901002874	13.9226805503382	1.00000146020802
72.825	6.9	1.00000114466935	0.806721969516258	-0.0129068210405913	13.8016380283566	1.00000091573548
72.975	6.9	1.00000087695198	0.806283730508728	-0.0122201529731353	13.6806637378479	1.00000070156159
73.125	6.9	1.00000084255077	0.805877083340861	-0.0115854802537196	13.5597527394939	1.00000067404062
73.275	6.9	1.00000091234252	0.805499807387555	-0.0109973074464844	13.4389004498742	1.00000072987402
73.425	6.9	1.00000100604761	0.805149790356432	-0.0104508378731062	13.3181026208899	1.00000080483808
73.575	6.9	1.00000108197659	0.804825036543361	-0.00994187715627847	13.1973553183484	1.00000086558127
73.725	6.9	1.00000112467074	0.804523670540663	-0.00946675025505387	13.0766549009195	1.00000089973659
73.875	6.9	1.00000113395804	0.804243937588665	-0.00902223038982653	12.9559980000129	1.00000090716643
74.025	6.9	1.0000011168174	0.803984201521843	-0.00860547826993342	12.8353815007519	1.00000089345392
74.175	6.9	1.00000108216015	0.803742941050532	-0.00821399013922317	12.7148025240427	1.00000086572812
74.325	6.9	1.00000103800865	0.803518744940314	-0.00784555331120252	12.5942584096724	1.00000083040692
74.475	6.9	1.00000099035575	0.803310306508719	-0.00749820804154291	12.4737467003682	1.0000007922846
74.625	6.9	1.00000094303683	0.803116417745044	-0.00717021476132149	12.3532651267658	1.00000075442947
74.775	6.9	1.00000089810084	0.802935963274216	-0.00686002585276699	12.2328115932566	1.00000071848067
74.925	6.9	1.00000085634042	0.802767914321781	-0.00656626128720388	12.1123841646949	1.00000068507234
75.075	6.9	1.00000081779073	0.802611322789811	-0.00628768755911854	11.9919810539526	1.00000065423259
75.225	6.9	1.00000078211388	0.802465315520122	-0.00602319944342301	11.8716006103075	1.0000006256911
75.375	6.9	1.00000074885317	0.802329088795285	-0.00577180417861338	11.7512413086449	1.00000059908253
75.525	6.9	1.00000071757574	0.802201903110579	-0.00553260773972593	11.6309017394465	1.00000057406059
75.675	6.9	1.00000068793466	0.802083078235486	-0.00530480291450972	11.5105805995331	1.00000055034773
75.825	6.9	1.000000659681	0.801971988574283	-0.0050876589380144	11.3902766835226	1.0000005277448
75.975	6.9	1.00000063265029	0.801868058826751	-0.0048805124744612	11.2699888759629	1.00000050612023
76.125	6.9	1.0000006067397	0.801770759945262	-0.00468275976529656	11.149716144094	1.00000048539176
76.275	6.9	1.00000058188561	0.801679605379868	-0.00449384978658562	11.0294575311982	1.00000046550849
76.425	6.9	1.00000055804573	0.801594147600524	-0.00431327828071474	10.9092121504931	1.00000044643659
76.575	6.9	1.00000053518704	0.801513974883459	-0.00414058254558971	10.7889791795282	1.00000042814963
76.725	6.9	1.00000051327876	0.801438708347256	-0.00397533688065127	10.6687578550448	1.00000041062301
76.875	6.9	1.00000049228913	0.801367999224057	-0.00381714860271241	10.5485474682631	1.0000003938313
77.025	6.9	1.00000047218446	0.801301526350752	-0.00366565455630422	10.4283473605609	1.00000037774756
77.175	6.9	1.00000045292953	0.801238993864996	-0.00352051805373612	10.3081569195139	1.00000036234363
77.325	6.9	1.00000043448847	0.801180129091752	-0.00338142618868201	10.1879755752657	1.00000034759078
77.475	6.9	1.00000041682557	0.801124680606032	-0.00324808747462375	10.0678027972015	1.00000033346045
77.625	6.9	1.00000039990601	0.801072416458531	-0.00312022976625947	9.9476380908992	1.00000031992481
77.775	6.9	1.00000038369632	0.801023122551373	-0.00299759842738217	9.82748099533564	1.00000030695705
77.925	6.9	1.00000036816458	0.800976601151984	-0.00287995471356039	9.70733108032474	1.00000029453167
78.075	6.9	1.00000035328053	0.800932669533884	-0.0027670743423405	9.5871879441692	1.00000028262443
78.225	6.9	1.00000033901548	0.800891158733873	-0.00265874622724662	9.46705121150678	1.00000027121238
78.375	6.9	1.00000032534223	0.800851912415987	-0.00255477135469637	9.34692053133472	1.00000026027378
78.525	6.9	1.00000031223497	0.800814785833114	-0.00245496178609524	9.22679557519686	1.00000024978797
78.675	6.9	1.00000029966917	0.800779644877957	-0.00235913976943596	9.10667603551958	1.00000023973534
78.825	6.9	1.00000028762148	0.800746365215734	-0.00226713694679514	8.98656162408366	1.00000023009718
78.975	6.9	1.00000027606963	0.80071483149153	-0.00217879364590464	8.86645207062043	1.00000022085571
79.125	6.9	1.0000002649924	0.800684936605701	-0.00209395824553617	8.74634712152147	1.00000021199392
79.275	6.9	1.00000025436951	0.800656581051601	-0.00201248660578825	8.62624653865211	1.00000020349561
79.425	6.9	1.00000024418161	0.800629672309984	-0.00193424155525077	8.50615009825985	1.00000019534529
79.575	6.9	1.00000023441022	0.800604124295181	-0.00185909242855288	8.38605758996951	1.00000018752817
79.725	6.9	1.00000022503769	0.800579856848514	-0.00178691464799516	8.26596881585788	1.00000018003015
79.875	6.9	1.00000021604717	0.800556795274788	-0.00171758934436435	8.1458835896008	1.00000017283774
80.025	6.9	1.00000020742254	0.800534869917887	-0.00165100301221449	8.02580173568685	1.00000016593803
80.175	6.9	1.00000019914842	0.800514015772434	-0.00158704719574722	7.90572308869182	1.00000015931874
80.325	6.9	1.0000001912101	0.800494172127784	-0.00152561820175292	7.78564749260888	1.00000015296808
80.475	6.9	1.00000018359352	0.800475282242027	-0.00146661683664683	7.66557480022984	1.00000014687481
80.625	6.9	1.00000017628524	0.800457293042981	-0.00140994816489563	7.54550487257316	1.00000014102819
80.775	6.9	1.00000016927244	0.800440154853995	-0.00135552128659014	7.42543757835489	1.00000013541795
80.925	6.9	1.0000001625428	0.80042382114238	-0.00130324913190977	7.30537279349894	1.00000013003424
81.075	6.9	1.0000001560846	0.800408248288379	-0.00125304827105418	7.18531040068353	1.00000012486768
81.225	6.9	1.00000014988658	0.800393395373028	-0.00120483873767501	7.06525028892079	1.00000011990927
81.375	6.9	1.000000143938	0.800379223983172	-0.00115854386473832	6.94519235316677	1.0000001151504
81.525	6.9	1.00000013822858	0.800365698032156	-0.00111409013139465	6.8251364939596	1.00000011058286
81.675	6.9	1.00000013274848	0.800352783594929	-0.00107140701995281	6.70508261708332	1.00000010619878
81.825	6.9	1.00000012748828	0.80034044875622	-0.00103042688187149	6.58503063325546	1.00000010199062
81.975	6.9	1.00000012243897	0.800328663470706	-0.000991084812044947	6.46498045783644	1.00000009795118
82.125	6.9	1.0000001175919	0.800317399434269	-0.000953318530607725	6.3449320105591	1.00000009407352
82.275	6.9	1.00000011293875	0.800306629965098	-0.000917068271621352	6.22488521527679	1.000000090351
82.425	6.9	1.00000010847156	0.800296329894298	-0.00088227667807649	6.10483999972846	1.00000008677724
82.575	6.9	1.00000010418269	0.800286475464703	-0.00084888870270108	5.98479629531966	1.00000008334615
82.725	6.9	1.00000010006496	0.80027704423754	-0.000816851514124691	5.86475403691796	1.00000008005197
82.875	6.9	1.0000000961116	0.800268015006249	-0.000786114408044163	5.7447131626619	1.00000007688928
83.025	6.9	1.00000009231627	0.800259367716729	-0.000756628722988171	5.62467361378232	1.00000007385301
83.175	6.9	1.00000008867282	0.800251083393732	-0.0007283477604291	5.50463533443518	1.00000007093826
83.325	6.9	1.00000008517501	0.8002431440727	-0.000701226708912992	5.38459827154509	1.00000006814001
83.475	6.9	1.00000008181611	0.800235532736769	-0.000675222572037722	5.26456237465857	1.00000006545289
83.625	6.9	1.00000007858888	0.800228233258478	-0.000650294100010921	5.14452759580654	1.0000000628711
83.775	6.9	1.00000007548625	0.800221230345705	-0.000626401724656354	5.02449388937517	1.000000060389
83.925	6.9	1.00000007250289	0.800214509491526	-0.000603507497630215	4.90446121198435	1.00000005800232
84.075	6.9	1.00000006963722	0.800208056927455	-0.000581575031830854	4.78442952237334	1.00000005570978
84.225	6.9	1.00000006689231	0.800201859580037	-0.000560569445716837	4.66439878129287	1.00000005351385
84.375	6.9	1.00000006427358	0.80019590503051	-0.000540457310614182	4.54436895140363	1.00000005141886
84.525	6.9	1.00000006178155	0.800190181477769	-0.000521206600736181	4.42433999718091	1.00000004942524
84.675	6.9	1.00000005940086	0.800184677704663	-0.000502786646023121	4.30431188482563	1.00000004752069
84.825	6.9	1.00000005709188	0.800179383047457	-0.000485168087552624	4.18428458218117	1.00000004567351
84.975	6.9	1.00000005479628	0.800174287367326	-0.000468322835596161	4.06425805865515	1.00000004383703
85.125	6.9	1.00000005246792	0.800169381021948	-0.000452224030099183	3.94423228514378	1.00000004197434
85.275	6.9	1.00000005012912	0.800164654834702	-0.000436846003655842	3.82420723395622	1.0000000401033
85.425	6.9	1.00000004792755	0.800160100060464	-0.000422164246778016	3.70418287873737	1.00000003834204
85.575	6.9	1.00000004613834	0.800155708350567	-0.000408155375465796	3.58415919439154	1.00000003691067
85.725	6.9	1.00000004504337	0.800151471725035	-0.000394797101012044	3.46413615701538	1.0000000360347
85.875	6.9	1.00000004465867	0.800147382563981	-0.000382068202039296	3.34411374385303	1.00000003572693
86.025	6.9	1.00000004439535	0.80014343362658	-0.000369948498619129	3.22409193328402	1.00000003551628
86.175	6.9	1.00000004290808	0.800139618089848	-0.000358418828321164	3.10407070483779	1.00000003432646
86.325	6.9	1.00000003850623	0.800135929571276	-0.000347461023754507	2.9840500391991	1.00000003080498
86.475	6.9	1.00000003040065	0.800132362072362	-0.000337057891142904	2.86402991813677	1.00000002432052
86.625	6.9	1.00000002056431	0.800128909782525	-0.000327193189418089	2.74401032428659	1.00000001645145
86.775	6.9	1.00000001511335	0.800125566747619	-0.000317851609824749	2.62399124078168	1.00000001209068
86.925	6.9	1.00000002326961	0.80012232654569	-0.000309018756626066	2.50397265086955	1.00000001861569
87.075	6.9	1.00000005201281	0.800119182277457	-0.000300681130421182	2.383954537839	1.00000004161025
87.225	6.9	1.00000009649802	0.800116127238967	-0.000292826115405797	2.26393688566704	1.00000007719842
87.375	6.9	1.00000013057839	0.800113156414467	-0.000285441970221857	2.14391968058402	1.00000010446271
87.525	6.9	1.00000010689924	0.800110268285446	-0.000278517818118224	2.02390291309257	1.00000008551939
87.675	6.9	0.999999978005555	0.800107465532768	-0.000272043627012902	1.90388657897189	0.999999982404444
87.825	6.9	0.999999742986348	0.800104752584714	-0.000266010167552737	1.78387067703278	0.999999794389079
87.975	6.9	0.999999504465519	0.800102128605085	-0.000260408943049692	1.66385520190066	0.999999603572416
88.125	6.9	0.999999492246845	0.800099577315163	-0.000255232104002732	1.54384013293062	0.999999593797476
88.275	6.9	0.999999990125601	0.80009705984364	-0.000250472389952667	1.42382542550385	0.999999992100481
88.425	6.9	1.00000112129165	0.800094521280251	-0.000246123166635751	1.30381101614191	1.00000089703332
88.575	6.9	1.00000253337805	0.800091920970722	-0.000242178616067904	1.18379685304468	1.00000202670244
88.725	6.9	1.0000031725751	0.800089285292537	-0.000238634055835947	1.0637829525934	1.00000253806008
88.875	6.9	1.00000147673514	0.800086757983042	-0.000235486202719491	0.943769457429234	1.00000118138811
89.025	6.9	0.999996302116669	0.800084595467265	-0.000232733014281037	0.823756640775493	0.999997041693335
89.175	6.9	0.999988554677071	0.800083045492951	-0.000230372696572794	0.703744787963424	0.999990843741657
89.325	6.9	0.999982767483826	0.800082088003847	-0.000228401776602391	0.583733923926738	0.999986213987061
89.475	6.9	0.999987004866379	0.800081127576291	-0.00022681294942158	0.463723469575672	0.999989603893103
89.625	6.9	1.00000917129774	0.800078882141363	-0.000225594547027955	0.343712079963505	1.00000733703819
89.775	6.9	1.0000490298601	0.80006340629702	-0.000224734230376214	0.223698042820102	1.00003922388808
89.925	6.9	1.00008862511957	0.400090225546716	-0.000224250934714572	0.103683642651871	1.00007090009566
0.075	7.1	9.26575353823124e-31	0.399999783703716	-3.06981851502206e-05	36.0880410965718	0.2
0.225	7.1	4.63336482252479e-30	0.799999351186145	-3.07382599366505e-05	36.0640411095496	0.2
0.375	7.1	-5.24603132565769e-30	0.799998918886285	-3.08185737215584e-05	36.0400411355007	0.2
0.525	7.1	3.54009821584666e-30	0.799998486925316	-3.09394526461682e-05	36.0160411744164	0.2
0.675	7.1	-1.95229842062243e-29	0.799998055389081	-3.11013801107138e-05	35.9920412262852	0.2
0.825	7.1	-4.57566129207535e-30	0.799997624316165	-3.13049908306131e-05	35.9680412910931	0.2
0.975	7.1	-3.63766570568092e-29	0.799997193686791	-3.1551062855771e-05	35.9440413688262	0.2
1.125	7.1	-2.91097553570422e-30	0.79999676341143	-3.18405081239216e-05	35.9200414594719	0.2
1.275	7.1	-2.73303652979872e-29	0.799996333326678	-3.2174361740911e-05	35.8960415630215	0.2
1.425	7.1	4.44316352134175e-29	0.799995903186855	-3.2553771999092e-05	35.8720416794723	0.2
1.575	7.1	3.86262714210963e-29	0.79999547266245	-3.29799888451122e-05	35.8480418088303	0.2
1.725	7.1	1.45171853682918e-28	0.799995041336553	-3.34543529998944e-05	35.8240419511126	0.2
1.875	7.1	1.22604956772681e-28	0.799994608708112	-3.39782863363943e-05	35.8000421063501	0.2
2.025	7.1	1.96745027010982e-28	0.799994174190743	-3.45532821750528e-05	35.7760422745901	0.2
2.175	7.1	5.58233420989081e-29	0.799993737119699	-3.51808976133198e-05	35.7520424558986	0.2
2.325	7.1	-6.31931546111914e-30	0.799993296753233	-3.5862746294851e-05	35.7280426503629	0.2
2.475	7.1	-3.39025621597089e-28	0.799992852280549	-3.66004944169812e-05	35.7040428580934	0.2
2.625	7.1	-5.10470567507475e-28	0.799992402825927	-3.73958551355137e-05	35.6800430792261	0.2
2.775	7.1	-8.6644487807178e-28	0.799991947457564	-3.82505882180647e-05	35.6560433139239	0.2
2.925	7.1	-7.9575830422181e-28	0.799991485191911	-3.9166498632996e-05	35.6320435623786	0.2
3.075	7.1	-6.96902085011119e-28	0.799991015001746	-4.01454371838436e-05	35.6080438248123	0.2
3.225	7.1	1.1587079190341e-28	0.799990535820964	-4.11893028809942e-05	35.5840441014785	0.2
3.375	7.1	9.54132886708171e-28	0.799990046550243	-4.23000461704289e-05	35.5600443926631	0.2
3.525	7.1	2.34726381100524e-27	0.799989546064066	-4.34796737007668e-05	35.5360446986855	0.2
3.675	7.1	3.08094266189454e-27	0.799989033211284	-4.47302517714452e-05	35.5120450198993	0.2
3.825	7.1	3.54214601732179e-27	0.799988506822813	-4.60539144457793e-05	35.4880453566928	0.2
3.975	7.1	2.25113191235124e-27	0.799987965711099	-4.7452868373137e-05	35.4640457094899	0.2
4.125	7.1	1.66747433150489e-28	0.799987408673659	-4.89294005226769e-05	35.4400460787501	0.2
4.275	7.1	-3.56352506705701e-27	0.799986834494246	-5.04858844723365e-05	35.4160464649695	0.2
4.425	7.1	-6.47037536118608e-27	0.799986241943579	-5.21247885058317e-05	35.3920468686805	0.2
4.575	7.1	-8.53716782768472e-27	0.799985629778491	-5.38486835229946e-05	35.3680472904529	0.2
4.725	7.1	-6.56913458469689e-27	0.799984996742048	-5.56602494300429e-05	35.3440477308938	0.2
4.875	7.1	-2.09881709150393e-27	0.799984341562468	-5.75622832750442e-05	35.3200481906483	0.2
5.025	7.1	5.36798833826994e-27	0.79998366295042	-5.95577079265944e-05	35.2960486704	0.2
5.175	7.1	9.24431698982913e-27	0.799982959598532	-6.16495779808509e-05	35.2720491708713	0.2
5.325	7.1	6.41523822331498e-27	0.799982230177219	-6.38410881622666e-05	35.2480496928241	0.2
5.475	7.1	-1.08179227452765e-26	0.799981473333916	-6.61355809823394e-05	35.2240502370607	0.2
5.625	7.1	-3.8071703826155e-26	0.799980687687701	-6.85365533273072e-05	35.2000508044241	0.2
5.775	7.1	-6.74502686136576e-26	0.799979871829187	-7.10476649676322e-05	35.1760513957994	0.2
5.925	7.1	-6.98643552404151e-26	0.799979024313625	-7.36727450706273e-05	35.1520520121144	0.2
6.075	7.1	-1.5917990306661e-26	0.799978143661028	-7.64158003529874e-05	35.1280526543406	0.2
6.225	7.1	1.29047655891464e-25	0.799977228349703	-7.9281021431877e-05	35.1040533234947	0.2
6.375	7.1	3.58952648523546e-25	0.799976276814367	-8.22727918620841e-05	35.0800540206396	0.2
6.525	7.1	6.20350628243939e-25	0.799975287440832	-8.53956946114988e-05	35.0560547468858	0.2
6.675	7.1	7.63838307398855e-25	0.799974258564199	-8.86545203722947e-05	35.0320555033931	0.2
6.825	7.1	5.80655363907772e-25	0.799973188462504	-9.20542756150512e-05	35.008056291372	0.2
6.975	7.1	-1.70156964160472e-25	0.799972075355067	-9.56001900339653e-05	34.9840571120854	0.2
7.125	7.1	-1.59931610459267e-24	0.79997091739668	-9.929772596118e-05	34.9600579668507	0.2
7.275	7.1	-3.5474816629655e-24	0.799969712674611	-0.00010315258624572	34.9360588570416	0.2
7.425	7.1	-5.36123589100857e-24	0.799968459203469	-0.000107170723508992	34.9120597840902	0.2
7.575	7.1	-5.86527758171573e-24	0.799967154921741	-0.00011135834850559	34.8880607494894	0.2
7.725	7.1	-3.47288042585505e-24	0.799965797687737	-0.000115721941164877	34.8640617547949	0.2
7.875	7.1	3.22144095348018e-24	0.799964385273363	-0.000120268259407671	34.8400628016281	0.2
8.025	7.1	1.45561405918205e-23	0.799962915361724	-0.000125004349141568	34.8160638916785	0.2
8.175	7.1	2.85107543535485e-23	0.799961385540978	-0.000129937556161858	34.7920650267064	0.2
8.325	7.1	3.97059805338766e-23	0.799959793299564	-0.000135075536122179	34.768066208546	0.2
8.475	7.1	3.91407274960956e-23	0.799958136022827	-0.000140426266256938	34.7440674391084	0.2
8.625	7.1	1.59293266741061e-23	0.7999564109847	-0.000145998057921941	34.7200687203847	0.2
8.775	7.1	-3.84680117967656e-23	0.799954615346146	-0.000151799568454871	34.6960700544493	0.2
8.925	7.1	-1.23048040471405e-22	0.799952746146436	-0.00015783981461396	34.6720714434639	0.2
9.075	7.1	-2.18814621190563e-22	0.799950800298483	-0.00016412818553453	34.6480728896806	0.2
9.225	7.1	-2.82191992597694e-22	0.799948774584161	-0.000170674457187307	34.624074395446	0.2
9.375	7.1	-2.46460657303056e-22	0.799946665645342	-0.000177488807437572	34.6000759632055	0.2
9.525	7.1	-3.77153190612346e-23	0.799944469979851	-0.000184581829969396	34.5760775955073	0.2
9.675	7.1	3.89220556841615e-22	0.799942183932901	-0.000191964551135225	34.5520792950067	0.2
9.825	7.1	9.97164643428603e-22	0.799939803690798	-0.00019964844670195	34.5280810644713	0.2
9.975	7.1	1.6093261479853e-21	0.799937325272641	-0.000207645457272016	34.5040829067853	0.2
10.125	7.1	1.87987920308227e-21	0.799934744523891	-0.000215968008315394	34.4800848249549	0.2
10.275	7.1	1.3367080075227e-21	0.799932057106326	-0.000224629027198748	34.4560868221138	0.2
10.425	7.1	-4.59137331754467e-22	0.799929258489915	-0.000233641962209342	34.4320889015286	0.2
10.575	7.1	-3.62297957380097e-21	0.79992634394478	-0.000243020803765071	34.4080910666044	0.2
10.725	7.1	-7.57697016956837e-21	0.799923308529822	-0.000252780103756652	34.3840933208919	0.2
10.875	7.1	-1.07532062881113e-20	0.799920147083805	-0.000262934998237345	34.3600956680927	0.2
11.025	7.1	-1.06160719432215e-20	0.799916854214311	-0.00027350122913483	34.3360981120668	0.2
11.175	7.1	-4.28476321947999e-21	0.799913424286345	-0.000284495167452658	34.3121006568398	0.2
11.325	7.1	1.00745969536504e-20	0.799909851410899	-0.000295933837493803	34.2881033066097	0.2
11.475	7.1	3.12242541914875e-20	0.799906129431823	-0.000307834942566318	34.2641060657552	0.2
11.625	7.1	5.28392833819812e-20	0.799902251912941	-0.000320216888718601	34.2401089388438	0.2
11.775	7.1	6.27064883231455e-20	0.799898212124857	-0.00033309881477712	34.2161119306404	0.2
11.925	7.1	4.46931777003926e-20	0.799894003029036	-0.000346500617723674	34.1921150461163	0.2
12.075	7.1	-1.52130034862806e-20	0.799889617262771	-0.000360442982750697	34.1681182904586	0.2
12.225	7.1	-1.18764466675798e-19	0.799885047122451	-0.000374947413109139	34.1441216690805	0.2
12.375	7.1	-2.43550322043747e-19	0.799880284547097	-0.000390036261049703	34.1201251876313	0.2
12.525	7.1	-3.34832873850751e-19	0.799875321099233	-0.000405732760520743	34.0961288520077	0.2
12.675	7.1	-3.09205530713467e-19	0.799870147944605	-0.000422061059573391	34.0721326683653	0.2
12.825	7.1	-7.84526703554034e-20	0.79986475583289	-0.000439046256521892	34.048136643131	0.2
12.975	7.1	4.02685289878544e-19	0.799859135075493	-0.000456714434481718	34.0241407830153	0.2
13.125	7.1	1.07174931463765e-18	0.799853275521409	-0.000475092698962539	34.0001450950265	0.2
13.275	7.1	1.70013604136124e-18	0.799847166533618	-0.000494209216646146	33.9761495864841	0.2
13.425	7.1	1.88090732364573e-18	0.799840796961743	-0.000514093254630844	33.9521542650345	0.2
13.575	7.1	1.11116144833877e-18	0.799834155115928	-0.00053477522250332	33.9281591386664	0.2
13.725	7.1	-9.9623737753993e-19	0.799827228734747	-0.000556286713415806	33.9041642157275	0.2
13.875	7.1	-4.38179005376239e-18	0.799820004956136	-0.000578660550952253	33.8801695049423	0.2
14.025	7.1	-8.17953107766537e-18	0.799812470283603	-0.000601930832276703	33.8561750154301	0.2
14.175	7.1	-1.05146059361935e-17	0.799804610547932	-0.00062613297632989	33.8321807567253	0.2
14.325	7.1	-8.71727071591823e-18	0.79979641087295	-0.000651303773401277	33.8081867387972	0.2
14.475	7.1	-1.94858167030246e-19	0.799787855631864	-0.000677481435251925	33.7841929720729	0.2
14.625	7.1	1.59707200393704e-17	0.799778928406406	-0.00070470564681533	33.7601994674593	0.2
14.775	7.1	3.70016848656788e-17	0.799769611939397	-0.000733017621726571	33.7362062363685	0.2
14.925	7.1	5.47971944757787e-17	0.799759888085437	-0.000762460157119979	33.712213290743	0.2
15.075	7.1	5.60094126684611e-17	0.799749737758961	-0.000793077691690906	33.6882206430834	0.2
15.225	7.1	2.52830411875574e-17	0.799739140877874	-0.000824916366847138	33.6642283064774	0.2
15.375	7.1	-4.74574997494301e-17	0.799728076302627	-0.000858024086252301	33.6402362946307	0.2
15.525	7.1	-1.5639815927948e-16	0.799716521772789	-0.000892450582038824	33.6162446218993	0.2
15.675	7.1	-2.69229624551703e-16	0.799704453837799	-0.000928247479284176	33.5922533033243	0.2
15.825	7.1	-3.22812349308875e-16	0.799691847781585	-0.000965468365914548	33.568262354669	0.2
15.975	7.1	-2.33214091947003e-16	0.7996786775464	-0.00100416886149247	33.5442717924574	0.2
16.125	7.1	7.31040513426634e-17	0.79966491564297	-0.00104440669208587	33.5202816340162	0.2
16.275	7.1	6.06679496224492e-16	0.799650533064823	-0.00108624176483759	33.4962918975188	0.200000000000001
16.425	7.1	1.25315624927363e-15	0.799635499184618	-0.00112973624614157	33.4723026020324	0.200000000000001
16.575	7.1	1.73046442296438e-15	0.799619781652017	-0.00117495464379138	33.4483137675678	0.200000000000001
16.725	7.1	1.60722825936483e-15	0.799603346278652	-0.00122196388869834	33.4243254151332	0.200000000000001
16.875	7.1	4.25658109205772e-16	0.799586156916441	-0.0012708334227629	33.400337566791	0.2
17.025	7.1	-2.0513099997765e-15	0.799568175324631	-0.00132163528925101	33.3763502457183	0.199999999999998
17.175	7.1	-5.50480888481336e-15	0.799549361028948	-0.00137444422441814	33.3523634762716	0.199999999999996
17.325	7.1	-8.7569943620027e-15	0.799529671168423	-0.00142933775534085	33.3283772840565	0.199999999999993
17.475	7.1	-9.70770822955004e-15	0.799509060328126	-0.00148639629920878	33.3043916960015	0.199999999999992
17.625	7.1	-5.76029651148809e-15	0.799487480362898	-0.00154570326840212	33.2804067404368	0.199999999999995
17.775	7.1	5.08245294736601e-15	0.799464880202815	-0.00160734517794454	33.2564224471797	0.200000000000004
17.925	7.1	2.25073257010833e-14	0.799441205644616	-0.00167141175885452	33.2324388476247	0.200000000000018
18.075	7.1	4.20320473501463e-14	0.799416399125937	-0.00173799607565958	33.208455974841	0.200000000000034
18.225	7.1	5.39672792496349e-14	0.7993903994805	-0.0018071946490665	33.1844738636771	0.200000000000043
18.375	7.1	4.45392400706843e-14	0.799363141674236	-0.00187910758498976	33.1604925508722	0.200000000000036
18.525	7.1	4.21453561512661e-16	0.799334556514034	-0.00195383870848455	33.1365120751766	0.2
18.675	7.1	-8.29865148877515e-14	0.799304570341971	-0.00203149570603115	33.1125324774813	0.199999999999934
18.825	7.1	-1.9111207189563e-13	0.799273104691008	-0.00211219027402627	33.0885538009561	0.199999999999847
18.975	7.1	-2.81853273453705e-13	0.799240075920998	-0.00219603827636388	33.0645760911999	0.199999999999774
19.125	7.1	-2.86107518112341e-13	0.79920539481767	-0.00228315991013692	33.0405993964009	0.199999999999771
19.275	7.1	-1.24743248932286e-13	0.79916896615837	-0.00237367988263519	33.0166237675109	0.1999999999999
19.425	7.1	2.53456246867866e-13	0.799130688238058	-0.00246772759916783	32.9926492584315	0.200000000000203
19.575	7.1	8.16738351494273e-13	0.799090452356413	-0.00256543736385165	32.9686759262165	0.200000000000653
19.725	7.1	1.39561967078609e-12	0.799048142255586	-0.0026669485942112	32.9447038312899	0.200000000001116
19.875	7.1	1.66107534121609e-12	0.799003633507063	-0.00277240605277666	32.9207330376809	0.200000000001329
20.025	7.1	1.17780276371032e-12	0.798956792846479	-0.00288196009608488	32.8967636132792	0.200000000000942
20.175	7.1	-4.32363937578683e-13	0.798907477444984	-0.00299576694549	32.8727956301099	0.199999999999654
20.325	7.1	-3.21584702848768e-12	0.798855534111737	-0.00311398897982114	32.8488291646326	0.199999999997427
20.475	7.1	-6.56531982964082e-12	0.798800798426601	-0.00323679505746084	32.8248642980638	0.199999999994748
20.625	7.1	-8.99873375459145e-12	0.798743093788586	-0.00336436086569292	32.8009011167282	0.199999999992801
20.775	7.1	-8.25979908049613e-12	0.798682230374568	-0.00349686930843502	32.7769397124383	0.199999999993392
20.925	7.1	-1.96593615466653e-12	0.798618004003254	-0.0036345109311966	32.7529801829073	0.199999999998427
21.075	7.1	1.10932929443681e-11	0.798550194886043	-0.00377748439407355	32.7290226321984	0.200000000008875
21.225	7.1	2.91973234164109e-11	0.798478566262767	-0.00392599699604339	32.705067171212	0.200000000023358
21.375	7.1	4.61063071515543e-11	0.798402862903311	-0.00408026526015682	32.6811139182171	0.200000000036885
21.525	7.1	5.07341904674915e-11	0.798322809464702	-0.00424051558741974	32.657162999429	0.200000000040587
21.675	7.1	2.93978129636781e-11	0.798238108689256	-0.00440698499003536	32.6332145496395	0.200000000023518
21.825	7.1	-2.83968076901882e-11	0.798148439419967	-0.00457992191464948	32.609268712902	0.199999999977283
21.975	7.1	-1.20904712935581e-10	0.798053454424395	-0.00475958717064508	32.5853256432797	0.199999999903276
22.125	7.1	-2.24272837583278e-10	0.797952777995226	-0.00494625497874488	32.5613855056597	0.199999999820582
22.275	7.1	-2.86952226127983e-10	0.79784600331324	-0.00514021416158601	32.5374484766429	0.199999999770438
22.425	7.1	-2.35501345283615e-10	0.797732689545802	-0.00534176949661634	32.5135147455159	0.199999999811599
22.575	7.1	1.50744404507293e-12	0.797612358655326	-0.00555124326140205	32.4895845153153	0.200000000001206
22.725	7.1	4.4947289485135e-10	0.797484491890512	-0.00576897699930309	32.4656580039963	0.200000000359578
22.875	7.1	1.03170653445703e-09	0.797348525930334	-0.00599533353878128	32.4417354457158	0.200000000825365
23.025	7.1	1.52366650832433e-09	0.797203848635985	-0.00623069929874291	32.417817092243	0.200000001218933
23.175	7.1	1.55362454310497e-09	0.797049794365413	-0.00647548691560315	32.3939032145061	0.2000000012429
23.325	7.1	6.90719597560212e-10	0.796885638782803	-0.00673013823102306	32.3699941042839	0.200000000552576
23.475	7.1	-1.35363661532639e-09	0.796710593097025	-0.00699512768966254	32.3460900760471	0.199999998917091
23.625	7.1	-4.42859657644543e-09	0.796523797640544	-0.00727096621914541	32.3221914689569	0.199999996457123
23.775	7.1	-7.64047092094569e-09	0.796324314728828	-0.007558205693127	32.2982986490352	0.199999993887623
23.925	7.1	-9.21586219058798e-09	0.796111120745272	-0.00785744412750607	32.2744120115334	0.19999999262731
24.075	7.1	-6.76001786577503e-09	0.795883097428142	-0.00816933179726741	32.2505319835514	0.199999994591986
24.225	7.1	1.88937205361599e-09	0.795639022376376	-0.00849457848500724	32.226659026979	0.200000001511498
24.375	7.1	1.71836063847156e-08	0.7953775587705	-0.00883396206095571	32.202793641848	0.200000013746885
24.525	7.1	3.606994879823e-08	0.795097244256637	-0.00918833850416437	32.1789363701726	0.200000028855959
24.675	7.1	5.06539793292525e-08	0.794796478807206	-0.00955865335216226	32.1550878003096	0.200000040523183
24.825	7.1	4.85046869946074e-08	0.794473511140793	-0.00994595440342367	32.1312485717818	0.20000003880375
24.975	7.1	1.58849887809832e-08	0.794126423070292	-0.0103514054355334	32.1074193803926	0.200000012707991
25.125	7.1	-5.53765908974665e-08	0.79375311098102	-0.0107763008479103	32.0836009833701	0.199999955698727
25.275	7.1	-1.58141843230496e-07	0.793351263745607	-0.011222081669868	32.059794204283	0.199999873486525
25.425	7.1	-2.60465487826832e-07	0.792918336856343	-0.0116903543424314	32.0359999376562	0.19999979162761
25.575	7.1	-3.0208178223371e-07	0.792451523484691	-0.0121829149876781	32.0122191536383	0.199999758334574
25.725	7.1	-2.04221309108417e-07	0.791947724348046	-0.012701783085357	31.9884529036996	0.199999836622953
25.875	7.1	1.01110955098541e-07	0.791403519258939	-0.0132492488124493	31.9647023289932	0.200000080888764
26.025	7.1	6.22082041067447e-07	0.790815143205515	-0.013827936797036	31.9409686733394	0.200000497665633
26.175	7.1	1.24899587283378e-06	0.79017846796244	-0.0144408848568942	31.9172533023325	0.200000999196698
26.325	7.1	1.71273232116369e-06	0.789488985949137	-0.0150916294648687	31.8935577283985	0.200001370185857
26.475	7.1	1.59805446091185e-06	0.788741786733246	-0.0157842818237452	31.8698836386515	0.200001278443569
26.625	7.1	4.52523819648311e-07	0.787931510122245	-0.0165235734043271	31.8462329186859	0.200000362019056
26.775	7.1	-1.98700652721861e-06	0.787052256807329	-0.0173148535065608	31.8226076624703	0.199998410394778
26.925	7.1	-5.47588164212406e-06	0.786097442831312	-0.0181640404105164	31.7990101586082	0.199995619294686
27.075	7.1	-8.9509695683344e-06	0.785059601861335	-0.0190775658670308	31.7754428489988	0.199992839224345
27.225	7.1	-1.04100065917268e-05	0.783930169950024	-0.0200624065413513	31.7519082689872	0.199991671994727
27.375	7.1	-7.21440038771273e-06	0.782699324676666	-0.021126349505043	31.7284089973742	0.19999422847969
27.525	7.1	2.98582654094668e-06	0.781355978274472	-0.0222786606089411	31.7049476647162	0.200002388661233
27.675	7.1	2.06805948257838e-05	0.779888018003419	-0.023531271482197	31.6815270787593	0.200016544475861
27.825	7.1	4.25929631459454e-05	0.778282820389759	-0.0249004323753742	31.6581505127844	0.200034074370517
27.975	7.1	6.01962131841317e-05	0.776527925585857	-0.0264084821561524	31.6348221536867	0.200048156970547
28.125	7.1	5.98251019356905e-05	0.77461156235451	-0.0280850129705013	31.6115476186795	0.200047860081549
28.275	7.1	2.56735759977669e-05	0.772522528272637	-0.0299663916711739	31.5883343380537	0.200020538860798
28.425	7.1	-5.34960339734955e-05	0.770248865271358	-0.0320925669454518	31.5651915069634	0.199957203172821
28.575	7.1	-0.000174389612800217	0.767774962770086	-0.0345006179419665	31.5421292953997	0.19986048830976
28.725	7.1	-0.000308490992858906	0.765077287331402	-0.0372158470787603	31.519157143272	0.199753207205713
28.875	7.1	-0.000395571991313885	0.762119922992262	-0.0402434953616306	31.4962813028283	0.199683542406949
29.025	7.1	-0.000348090514141555	0.758852383985451	-0.043567060817553	31.4735023014834	0.199721527588687
29.175	7.1	-7.29319533080449e-05	0.755213266997916	-0.0471616173107009	31.4508135556251	0.199941654437354
29.325	7.1	0.000486613613025304	0.751143293941772	-0.051030314857012	31.4282027244664	0.20038929089042
29.475	7.1	0.00129330108810699	0.746608985823692	-0.0552669791286766	31.4056572340161	0.201034640870486
29.625	7.1	0.00215822027740879	0.741633313562775	-0.0601370572809452	31.3831744436657	0.201726576221927
29.775	7.1	0.00270937217873509	0.736324167059512	-0.0661570083922299	31.360775089269	0.202167497742988
29.925	7.1	0.00241915864391025	0.730889025163086	-0.0741447548362161	31.3385161993511	0.201935326915128
30.075	7.1	0.000718463483053714	0.725626039362111	-0.0852113271203694	31.3164973949985	0.200574770786443
30.225	7.1	-0.00279569949589962	0.720882189300924	-0.100654075161633	31.2948535163945	0.19776344040328
30.375	7.1	-0.00808731504670955	0.716956817577135	-0.121676445710213	31.273728152434	0.193530147962632
30.525	7.1	-0.0144115633455148	0.713897322155456	-0.148803044000524	31.253227688698	0.188470749323588
30.675	7.1	-0.0201436851696885	0.711110790039405	-0.180873741782688	31.23336352346	0.183885051864249
30.825	7.1	-0.0228000030159814	0.706824246710897	-0.213845531884484	31.2139988953457	0.181759997587215
30.975	7.1	-0.0193062002019015	0.697865012883573	-0.240526628927283	31.1948218114469	0.184555039838479
31.125	7.1	-0.0064997536394954	0.680712304750673	-0.252942263328499	31.1753605437693	0.194800197088404
31.275	7.1	0.0182250077786443	0.653881146918406	-0.246956615755445	31.1550409441092	0.214580006222915
31.425	7.1	0.0562736560953475	0.619440976903004	-0.224993388781835	31.1332675975969	0.245018924876278
31.575	7.1	0.10735558430923	0.581803680466607	-0.193857116155655	31.1095085154536	0.285884467447384
31.725	7.1	0.16926070373669	0.545258275551129	-0.160417897036583	31.0833690069921	0.335408562989352
31.875	7.1	0.238027227814075	0.512563301728123	-0.129149028019736	31.0546432270554	0.39042178225126
32.025	7.1	0.308559702285027	0.484909431762035	-0.102045098410451	31.023334243659	0.446847761828021
32.175	7.1	0.375579594246346	0.462443771724802	-0.079498309257724	30.9896390187738	0.500463675397077
32.325	7.1	0.434595306989242	0.444780357214032	-0.0611197359133421	30.9539033507604	0.547676245591394
32.475	7.1	0.482553529372207	0.431335951740384	-0.0462440824969894	30.9165603279283	0.586042823497765
32.625	7.1	0.518018390085451	0.421511095455067	-0.0341796538029165	30.8780689490502	0.614414712068361
32.775	7.1	0.540958842568793	0.414770609528263	-0.0243106743353762	30.838865542424	0.632767074055034
32.925	7.1	0.552343298255375	0.410668049625432	-0.0161266968188017	30.7993329935516	0.6418746386043
33.075	7.1	0.553720733485188	0.40884310903425	-0.00922024784629795	30.7597863206421	0.64297658678815
33.225	7.1	0.546885073863205	0.409008531816815	-0.00327289628320324	30.720470029518	0.637508059090564
33.375	7.1	0.533646169892675	0.410934841599206	0.00196112258605502	30.6815624500611	0.62691693591414
33.525	7.1	0.515691739795104	0.414436414745264	0.00666992391615737	30.6431834259913	0.612553391836083
33.675	7.1	0.494514079117236	0.419359974420195	0.0109962454789255	30.6054031205953	0.595611263293789
33.825	7.1	0.471378789690613	0.425575460689736	0.015046664680264	30.5682507687495	0.577103031752491
33.975	7.1	0.447319840004744	0.432968773060612	0.018897968299381	30.5317228540142	0.557855872003795
34.125	7.1	0.423151056163882	0.441435790214421	0.0226011929382063	30.4957905170157	0.538520844931106
34.275	7.1	0.399487624611053	0.45087719701575	0.0261840807060478	30.4604061415955	0.519590099688842
34.425	7.1	0.376772987763826	0.461193906871321	0.0296528345360914	30.4255091186922	0.501418390211061
34.575	7.1	0.355307543569194	0.47228317352773	0.0329940570806253	30.3910308096879	0.484246034855355
34.725	7.1	0.335276433675287	0.484035739334424	0.0361775744673236	30.3568987424593	0.46822114694023
34.875	7.1	0.316774637462154	0.49633446973448	0.0391604923940155	30.3230400789785	0.453419709969723
35.025	7.1	0.299828523475813	0.509054818169862	0.0418923827926668	30.2893843930648	0.43986281878065
35.175	7.1	0.284413791503718	0.522067162763247	0.0443210757718449	30.2558657928083	0.427531033202974
35.325	7.1	0.270470244751656	0.535240643957057	0.0463982596334418	30.2224244190155	0.416376195801325
35.475	7.1	0.257914027939894	0.548447751153442	0.0480840560280095	30.1890073538576	0.406331222351915
35.625	7.1	0.246647906256032	0.56156869803624	0.0493499479917057	30.1555689854788	0.397318325004825
35.775	7.1	0.236569948073062	0.574494676529533	0.0501798256139015	30.1220708935139	0.38925595845845
35.925	7.1	0.227580728735021	0.587129382484166	0.0505693515994398	30.0884813426963	0.382064582988017
36.075	7.1	0.219588987825355	0.599388668046685	0.050524201141448	30.0547744907103	0.375671190260284
36.225	7.1	0.212515599367666	0.611198653304954	0.0500578988810511	30.0209294263902	0.370012479494133
36.375	7.1	0.206295758066083	0.622492986333544	0.0491899292367512	29.9869291519584	0.365036606452866
36.525	7.1	0.200879413158705	0.633210090022735	0.0479445734605034	29.9527596082086	0.360703530526964
36.675	7.1	0.19623014402883	0.643291159850617	0.0463506130086912	29.9184088174475	0.356984115223064
36.825	7.1	0.192322817499357	0.65267942543748	0.0444417328704344	29.8838661905496	0.353858253999485
36.975	7.1	0.189140458916923	0.661320845247732	0.0422572408847063	29.8491220168755	0.351312367133539
37.125	7.1	0.186670791821376	0.669166062513036	0.0398426331528457	29.814167133076	0.349336633457101
37.275	7.1	0.184902858478759	0.676173190029416	0.0372495835269016	29.7789927510249	0.347922286783007
37.425	7.1	0.18382404418284	0.68231085873353	0.0345350855271276	29.7435904163151	0.347059235346272
37.575	7.1	0.183417716193613	0.687560969123903	0.0317596777885944	29.7079520655547	0.346734172954891
37.725	7.1	0.183661576164411	0.691920701505229	0.0289848860657444	29.6720701511195	0.346929260931529
37.875	7.1	0.184526729423406	0.695403524825827	0.0262701726606617	29.6359378042758	0.347621383538725
38.025	7.1	0.185977404287081	0.698039142123292	0.0236697720838436	29.5995490104942	0.348781923429665
38.175	7.1	0.187971211571949	0.699872478489553	0.0212298032593267	29.5628987738901	0.350376969257559
38.325	7.1	0.190459815761788	0.700961927251375	0.0189859933505124	29.5259832511302	0.352367852609431
38.475	7.1	0.19338988957685	0.701377114027149	0.016962246448519	29.4887998391701	0.35471191166148
38.625	7.1	0.196704237050967	0.701196425757398	0.0151701661581441	29.4513472060566	0.357363389640774
38.775	7.1	0.20034299114541	0.700504502304506	0.0136095174152663	29.4136252597163	0.360274392916328
38.925	7.1	0.204244815729169	0.699389824042461	0.0122695076554054	29.3756350557657	0.363395852583335
39.075	7.1	0.208348064628569	0.697942468744123	0.011130692062318	29.3373786512975	0.366678451702856
39.225	7.1	0.212591869483513	0.696252066770884	0.010167266697442	29.2988589166207	0.37007349558681
39.375	7.1	0.216917141452493	0.694405959159985	0.00934950574396905	29.2600793204497	0.373533713161995
39.525	7.1	0.221267478743017	0.692487556555931	0.00864611969705252	29.2210437057106	0.377013982994414
39.675	7.1	0.225589973275456	0.690574902111714	0.00802635238671625	29.1817560728883	0.380471978620365
39.825	7.1	0.229835907441337	0.688739451312287	0.00746168759111715	29.142220385893	0.38386872595307
39.975	7.1	0.233961328366705	0.68704508994372	0.00692709256871794	29.1024404121817	0.387169062693364
40.125	7.1	0.237927484861308	0.685547414012516	0.00640177940273563	29.0624196048425	0.390341987889046
40.275	7.1	0.241701113203057	0.684293290797713	0.0058695106505126	29.0221610300683	0.393360890562446
40.425	7.1	0.245254562913647	0.683320708961257	0.00531851023736408	28.9816673393603	0.396203650330917
40.575	7.1	0.248565761973925	0.682658910288694	0.00474106258359403	28.9409407822972	0.39885260957914
40.725	7.1	0.251618031251719	0.682328778793688	0.00413289285422871	28.899983253014	0.401294425001375
40.875	7.1	0.25439976787133	0.682343447952214	0.003492420484096	28.8587963618128	0.403519814297064
41.025	7.1	0.256904025229669	0.682709075786789	0.00281996921589463	28.8173815225926	0.405523220183735
41.175	7.1	0.259128022172913	0.683425731465739	0.0021170022933237	28.7757400469543	0.40730241773833
41.325	7.1	0.26107261423404	0.684488337249469	0.00138543411124525	28.7338732367614	0.408858091387232
41.475	7.1	0.262741757178431	0.685887614174253	0.000627051879112131	28.6917824684109	0.410193405742745
41.625	7.1	0.264141987499977	0.687610988619629	-0.000156935597873518	28.649469263837	0.411313589999982
41.775	7.1	0.265281937502682	0.689643427795947	-0.000966218692167685	28.6069353451351	0.412225550002145
41.925	7.1	0.266171895388688	0.691968183767347	-0.00180158451543614	28.5641826714384	0.412937516310951
42.075	7.1	0.266823414287204	0.694567436582422	-0.00266500575400777	28.5212134581838	0.413458731429763
42.225	7.1	0.267248969045173	0.697422836430824	-0.00355963940703378	28.4780301800719	0.413799175236138
42.375	7.1	0.267461656214424	0.700515951771575	-0.00448975571100859	28.434635559832	0.413969324971539
42.525	7.1	0.26747493064405	0.703828635297785	-0.00546061723520411	28.3910325453659	0.41397994451524
42.675	7.1	0.267302371701245	0.707343321931238	-0.00647832646379984	28.3472242780154	0.413841897360996
42.825	7.1	0.266957472587795	0.711043273675135	-0.00754965778462799	28.3032140546358	0.413565978070236
42.975	7.1	0.266453447301581	0.714912785242927	-0.00868188701545711	28.259005285937	0.413162757841264
43.125	7.1	0.265803051178471	0.718937362492704	-0.00988262876196116	28.2146014532457	0.412642440942776
43.275	7.1	0.265018412434627	0.723103883242708	-0.0111596891923698	28.1700060654938	0.412014729947702
43.425	7.1	0.264110873640329	0.727400747376413	-0.0125209392821656	28.1252226178922	0.411288698912263
43.575	7.1	0.263090843647269	0.731818020550794	-0.0139742111871619	28.080254553401	0.410472674917815
43.725	7.1	0.261967662308843	0.736347573469068	-0.0155272180209692	28.0351052277576	0.409574129847074
43.875	7.1	0.260749482555592	0.74098321673194	-0.0171874947548934	27.9897778784004	0.408599586044474
44.025	7.1	0.259443177127663	0.745720829825393	-0.0189623550334125	27.9442755970708	0.40755454170213
44.175	7.1	0.258054280434104	0.750558481949603	-0.0208588552640303	27.8986013050892	0.406443424347283
44.325	7.1	0.256586979154439	0.755496542267235	-0.0228837533981629	27.8527577291979	0.405269583323551
44.475	7.1	0.255044167351999	0.760537777948968	-0.0250434456863125	27.8067473744231	0.404035333881599
44.625	7.1	0.253427581446315	0.765687440409017	-0.0273438611120072	27.7605724886849	0.402742065157052
44.775	7.1	0.251738025234765	0.77095334381904	-0.0297902915968077	27.7142350121185	0.401390420187812
44.925	7.1	0.249975682812161	0.776345945998056	-0.0323871385344885	27.6677365026987	0.399980546249729
45.075	7.1	0.248140495568695	0.781878450964038	-0.0351375655575938	27.6210780294508	0.398512396454956
45.225	7.1	0.246232547565673	0.787566965764534	-0.0380430667481645	27.5742600261297	0.396986038052538
45.375	7.1	0.244252363071848	0.793430762561943	-0.0411029913653768	27.5272821026188	0.395401890457478
45.525	7.1	0.242200976159517	0.799492720618351	-0.0443141113703258	27.4801428190904	0.393760780927614
45.675	7.1	0.240079594797339	0.805780050757338	-0.0476703737901396	27.4328394392139	0.392063675837871
45.825	7.1	0.237888665030638	0.812325433681409	-0.051163038116703	27.3853676925054	0.39031093202451
45.975	7.1	0.235626161610879	0.819168726406269	-0.0547814446076511	27.3377215900756	0.388500929288704
46.125	7.1	0.233285006212157	0.826359397382664	-0.0585146714624977	27.2898933490695	0.386628004969726
46.275	7.1	0.230849653825749	0.833959826747129	-0.062354293359079	27.2418734845162	0.384679723060599
46.425	7.1	0.228292091017723	0.842049539138934	-0.066298330666318	27.1936511185104	0.382633672814178
46.575	7.1	0.225567738376114	0.850730312197435	-0.0703562711476025	27.1452145321605	0.380454190700892
46.725	7.1	0.22261200583204	0.860131922968174	-0.074554769771434	27.0965519447809	0.378089604665632
46.875	7.1	0.219338458042316	0.870418067873062	-0.0789433281756769	27.0476524505459	0.375470766433853
47.025	7.1	0.215639642253472	0.881791739715681	-0.08359898135883	26.9985069830622	0.372511713802777
47.175	7.1	0.211391551198546	0.894499085929244	-0.0886288309516343	26.9491091248924	0.369113240958837
47.325	7.1	0.206462396969604	0.908830507515398	-0.0941691914561772	26.8994555460696	0.365169917575683
47.475	7.1	0.200725852680135	0.925117461046803	-0.10038014710462	26.8495458564364	0.360580682144108
47.625	7.1	0.194078217160091	0.943723047503669	-0.107434409752487	26.7993817005193	0.355262573728073
47.775	7.1	0.186458160473228	0.965023975772851	-0.115499485323653	26.7489650128136	0.349166528378583
47.925	7.1	0.177866937828237	0.989380927897011	-0.124712324081881	26.6982954790924	0.34229355026259
48.075	7.1	0.168386357563769	1.01709398344109	-0.135145997935741	26.647367399702	0.334709086051016
48.225	7.1	0.158191491459878	1.04834017953508	-0.146768825422928	26.5961662998048	0.326553193167903
48.375	7.1	0.147555231775569	1.08309252595676	-0.159398201148769	26.544665749756	0.318044185420456
48.525	7.1	0.136842394259794	1.12102520491929	-0.172654640344073	26.4928249157589	0.309473915407835
48.675	7.1	0.126492150336245	1.16141924099626	-0.185926364711795	26.4405873319248	0.301193720268996
48.825	7.1	0.116989091383416	1.20309570514806	-0.198360340048435	26.3878812611626	0.293591273106733
48.975	7.1	0.108825049075574	1.24441461290448	-0.208899403423203	26.3346218120017	0.287060039260459
49.125	7.1	0.102455670347434	1.28337747179303	-0.216381991312273	26.2807147488716	0.281964536277947
49.275	7.1	0.0982572835738265	1.31784960372921	-0.21970535770252	26.2260617318906	0.278605826859061
49.425	7.1	0.0964902933278037	1.34587392366234	-0.218024731962895	26.1705665753147	0.277192234662243
49.575	7.1	0.0972747528095848	1.36599844381049	-0.210931718589496	26.1141419917485	0.277819802247668
49.725	7.1	0.10058175758147	1.37751672669588	-0.198547377445067	26.0567161500557	0.280465406065176
49.875	7.1	0.106241304683104	1.38054553078913	-0.181492651904987	25.9982382553142	0.284993043746483
50.025	7.1	0.113964189289949	1.37592683224683	-0.160749023268162	25.9386823882006	0.291171351431959
50.175	7.1	0.123373378738391	1.36500521573353	-0.137463980285589	25.8780491127491	0.298698702990713
50.325	7.1	0.13403966940176	1.34936229262487	-0.112765594554054	25.816364801946	0.307231735521408
50.475	7.1	0.145517095920075	1.33058036041953	-0.0876303869248853	25.753679037046	0.31641367673606
50.625	7.1	0.157374710949414	1.31007524177999	-0.0628183474338649	25.690060654736	0.325899768759532
50.775	7.1	0.169222074083508	1.28900538382528	-0.0388659886565384	25.6255930715398	0.335377659266806
50.925	7.1	0.18072571978029	1.26824349904541	-0.016118117728286	25.5603695722131	0.344580575824232
51.075	7.1	0.191613601880534	1.24838974456775	0.00522208031837193	25.4944894489839	0.353290881504427
51.225	7.1	0.201665590063113	1.2298070442881	0.025042683655811	25.4280561582172	0.36133247205049
51.375	7.1	0.210692172829421	1.21266434130776	0.0432872216181721	25.3611786831465	0.368553738263537
51.525	7.1	0.218510795112202	1.19697856509451	0.0599431850401958	25.2939765653428	0.374808636089761
51.675	7.1	0.224936496795015	1.18265032278192	0.075055927696397	25.2265873121229	0.379949197436012
51.825	7.1	0.229805505798047	1.16948979994807	0.0887568938944061	25.1591724530462	0.383844404638437
51.975	7.1	0.233039926239421	1.15723026815173	0.101283523410517	25.0919166773253	0.386431940991537
52.125	7.1	0.234735567899336	1.14552921022498	0.112963836280349	25.0250152314373	0.387788454319469
52.275	7.1	0.235220231141289	1.13396332142195	0.124147800074445	24.958649776782	0.388176184913032
52.425	7.1	0.235005895703387	1.12203288019095	0.135093287490864	24.892961964655	0.38800471656271
52.575	7.1	0.23457194184731	1.10919686773732	0.145853006660995	24.8280435618861	0.387657553477848
52.725	7.1	0.23398695838633	1.09494996017772	0.156239666126643	24.7639654014332	0.387189566709064
52.875	7.1	0.232496558088789	1.07891739136172	0.165929273998752	24.7008576016912	0.385997246471031
53.025	7.1	0.228326483927171	1.06090198240774	0.174674381546994	24.6390276587625	0.382661187141737
53.175	7.1	0.218989965751681	1.04081491275586	0.182495835660181	24.5790677980824	0.375191972601345
53.325	7.1	0.202258093712107	1.01847554595979	0.189702282146973	24.5218760386935	0.361806474969686
53.475	7.1	0.177629720351288	0.993326714366433	0.196655554236338	24.4685204839443	0.342103776281031
53.625	7.1	0.147742913395899	0.964140004046552	0.203252513700547	24.4199297926737	0.318194330716719
53.775	7.1	0.118969687079344	0.928868117139917	0.208141385112452	24.3764853189528	0.295175749663475
53.925	7.1	0.100683210455954	0.885165568426523	0.208125818250339	24.337675989829	0.280546568364763
54.075	7.1	0.103322689966127	0.832507619634469	0.199346347807907	24.3019862701557	0.282658151972902
54.225	7.1	0.135908245783736	0.774980648178286	0.181198806069235	24.2670814702482	0.308726596626989
54.375	7.1	0.203602249116378	0.720105163753438	0.158421093775876	24.2302091287665	0.362881799293102
54.525	7.1	0.305588977416762	0.673660028117122	0.137071256265795	24.1886875529972	0.444471181933409
54.675	7.1	0.433842237547517	0.63735271971213	0.12025025232461	24.1403823880908	0.547073790038014
54.825	7.1	0.574119219915101	0.610277162583317	0.108134573573078	24.0840838626079	0.659295375932081
54.975	7.1	0.709953866190327	0.590590010632895	0.0996877847224042	24.0196765146922	0.767963092952262
55.125	7.1	0.827898917883684	0.576325904584339	0.0937583026047481	23.9480184632379	0.862319134306947
55.275	7.1	0.920778757452893	0.565771042445252	0.0894526775003386	23.870583458156	0.936623005962314
55.425	7.1	0.987576045696675	0.557626408353245	0.0861724362304503	23.7890442108992	0.99006083655734
55.575	7.1	1.03125983927437	0.551007259299144	0.083547561088048	23.7049582376535	1.0250078714195
55.725	7.1	1.05646160874321	0.545349198364973	0.0813588994415161	23.6196081775017	1.04516928699457
55.875	7.1	1.06793973599208	0.540299466611652	0.0794777307792734	23.5339635678078	1.05435178879366
56.025	7.1	1.06985902425414	0.535633849652835	0.077825935532106	23.4487084647695	1.05588721940331
56.175	7.1	1.06558228934471	0.531204961694879	0.0763524126255974	23.364292886969	1.05246583147577
56.325	7.1	1.05769855627525	0.526913686344952	0.0750203979898442	23.2809859432609	1.0461588450202
56.475	7.1	1.04812807410165	0.522694339821652	0.073801445509918	23.1989222629091	1.03850245928132
56.625	7.1	1.03823510538213	0.518506816976942	0.0726731514277225	23.1181401360534	1.03058808430571
56.775	7.1	1.02892842012612	0.51433170856385	0.071618708185808	23.0386121787465	1.0231427361009
56.925	7.1	1.02074919529459	0.510166302092863	0.0706270679420761	22.9602697105841	1.01659935623567
57.075	7.1	1.01395052918822	0.506020612385231	0.0696929985669423	22.883021758462	1.01116042335057
57.225	7.1	1.00857117165186	0.501913331762219	0.068816705055129	22.8067693055907	1.00685693732149
57.375	7.1	1.00450325798257	0.497867964051015	0.0680029836444636	22.7314152824559	1.00360260638606
57.525	7.1	1.0015519762967	0.493909498062054	0.0672600614794084	22.656870829683	1.00124158103736
57.675	7.1	0.999484733954217	0.490061883128337	0.0665983469583387	22.5830584644369	0.999587787163373
57.825	7.1	0.998068210626801	0.486346398328403	0.0660292961403135	22.5099128676838	0.998454568501441
57.975	7.1	0.997093074609165	0.482780845590117	0.0655645284438026	22.4373800294509	0.997674459687332
58.125	7.1	0.996387510323843	0.47937939317794	0.0652152408652575	22.365415431902	0.997110008259074
58.275	7.1	0.995821681555878	0.476152859252235	0.0649919017573777	22.2939818322433	0.996657345244702
58.425	7.1	0.995305699896736	0.473109239791695	0.0649041640573845	22.2230470585117	0.996244559917389
58.575	7.1	0.994783629487552	0.470254327789968	0.0649609225040689	22.1525820803261	0.995826903590041
58.725	7.1	0.994225684350701	0.467592321074049	0.0651704425525243	22.0825594851683	0.995380547480561
58.875	7.1	0.993620231851167	0.465126361590982	0.0655405021666294	22.0129523901611	0.994896185480933
59.025	7.1	0.992966646405316	0.462858983830181	0.0660785048904002	21.9437337522938	0.994373317124253
59.175	7.1	0.992269555701395	0.460792473196917	0.0667915393430336	21.874876003227	0.993815644561116
59.325	7.1	0.991534635004776	0.458929148129546	0.0676863743114187	21.8063509216656	0.993227708003821
59.475	7.1	0.990765844918979	0.45727158496043	0.0687693890592343	21.7381296594467	0.992612675935183
59.625	7.1	0.989963862231164	0.455822804428308	0.0700464453128797	21.670182850192	0.991971089784931
59.775	7.1	0.989125398180356	0.454586435489027	0.0715227110724273	21.6024807462288	0.991300318544285
59.925	7.1	0.988243106082938	0.453566867314487	0.0732024476206293	21.5349933466996	0.990594484866351
60.075	7.1	0.987305825037885	0.452769395319993	0.0750887706304173	21.4676904950442	0.989844660030308
60.225	7.1	0.986298967544337	0.452200362486112	0.0771833948365073	21.4005419362441	0.989039174035469
60.375	7.1	0.985204921353833	0.451867293554645	0.0794863699630025	21.33351733314	0.988163937083067
60.525	7.1	0.984003390573118	0.451779017022607	0.0819958139626895	21.266586247092	0.987202712458494
60.675	7.1	0.982671643589498	0.451945768189062	0.0847076484338763	21.1997180918283	0.986137314871599
60.825	7.1	0.981184665024117	0.452379265690166	0.0876153404981048	21.1328820711983	0.984947732019294
60.975	7.1	0.979515227081021	0.453092753812855	0.0907096554726368	21.0660471123012	0.983612181664817
61.125	7.1	0.977633904897694	0.454101003226607	0.0939784252893116	20.9991818055751	0.982107123918155
61.275	7.1	0.975509063596935	0.455420263469524	0.0974063386555992	20.9322543632261	0.980407250877548
61.425	7.1	0.973106844152455	0.457068161432298	0.100974760248877	20.8652326070235	0.978485475321964
61.575	7.1	0.970391172776296	0.459063541089404	0.104661587596184	20.798083996067	0.976312938221037
61.725	7.1	0.967323815510222	0.461426240741428	0.108441155539559	20.7307757046331	0.973859052408177
61.875	7.1	0.963864496643609	0.464176804990857	0.112284199182877	20.6632747595965	0.971091597314887
62.025	7.1	0.959971096600557	0.467336129584168	0.116157886847342	20.5955482461334	0.967976877280446
62.175	7.1	0.955599941831585	0.470925038220289	0.120025934743356	20.5275635893887	0.964479953465268
62.325	7.1	0.950706195633686	0.474963791709522	0.123848814683169	20.4592889184476	0.960564956506949
62.475	7.1	0.945244354295636	0.479471531886738	0.127584065021818	20.3906935172096	0.956195483436509
62.625	7.1	0.939168847209579	0.484465665985785	0.131186712794134	20.3217483644782	0.951335077767663
62.775	7.1	0.932434732511892	0.489961202338733	0.134609811230704	20.2524267626002	0.945947786009514
62.925	7.1	0.924998471679349	0.495970055653635	0.137805090933342	20.1827050501018	0.93999877734348
63.075	7.1	0.916818758043394	0.502500349685718	0.140723714568871	20.1125633888246	0.933455006434715
63.225	7.1	0.907857366668369	0.509555756031139	0.143317114124327	20.0419866099554	0.926285893334695
63.375	7.1	0.89807998822286	0.517134918214256	0.145537877684395	19.9709650962191	0.918463990578288
63.525	7.1	0.887457009331799	0.525231017212639	0.14734064188718	19.8994956697585	0.909965607465439
63.675	7.1	0.875964208086575	0.533831533904859	0.148682940743306	19.827582447726	0.90077136646926
63.825	7.1	0.863583346438422	0.542918250508677	0.149525966380458	19.7552376216786	0.890866677150737
63.975	7.1	0.850302659570678	0.552467501190499	0.149835216957768	19.6824821143855	0.880242127656542
64.125	7.1	0.836117261755215	0.56245062602566	0.149581042742422	19.6093460710639	0.868893809404172
64.275	7.1	0.821029501806674	0.572834497779108	0.148739147612947	19.5358691542687	0.856823601445339
64.425	7.1	0.805049301522134	0.583581875684574	0.147291143735008	19.4621006358361	0.844039441217707
64.575	7.1	0.788194493499037	0.594651198143399	0.145225261579457	19.3880993181893	0.83055559479923
64.725	7.1	0.770491147053126	0.605995270600288	0.142537240881133	19.3139333719623	0.816392917642501
64.875	7.1	0.751973858333258	0.617558165565054	0.139231214875505	19.2396802440743	0.801579086666607
65.025	7.1	0.732686035433615	0.629269582395405	0.135319994778037	19.165426858865	0.786148828346892
65.175	7.1	0.712680411346552	0.641035999019353	0.130823529534996	19.0912703805977	0.770144329077242
65.325	7.1	0.692020462715441	0.65272830285445	0.125763476076457	19.017319787049	0.753616370172353
65.475	7.1	0.670784179651125	0.664166357056788	0.120150883678972	18.9436983603036	0.7366273437209
65.625	7.1	0.649072726419507	0.675102296277889	0.113963242174273	18.8705468572305	0.719258181135605
65.775	7.1	0.627027803906619	0.685206402049225	0.107107064267179	18.798026505391	0.701622243125296
65.925	7.1	0.604862570403389	0.694062301930152	0.0993636018855566	18.7263200413853	0.683890056322711
66.075	7.1	0.582911059697325	0.701181996648528	0.0903195867221201	18.6556278133612	0.66632884775786
66.225	7.1	0.561699055834365	0.706055519639187	0.0792941068976167	18.5861547038145	0.649359244667492
66.375	7.1	0.542033987719326	0.708253363750738	0.0652894993692328	18.5180827096811	0.633627190175461
66.525	7.1	0.525101296331644	0.707597546007002	0.0470197089328098	18.4515241271707	0.620081037065315
66.675	7.1	0.512539240936522	0.704398623703882	0.0230975067096243	18.3864523636333	0.610031392749217
66.825	7.1	0.506444282526218	0.699703921593739	-0.00753450999151324	18.3226125451282	0.605155426020975
66.975	7.1	0.509240307028997	0.69540848186212	-0.0449219620098351	18.2594234762034	0.607392245623197
67.125	7.1	0.523344180553864	0.69399334636037	-0.0873723069148041	18.1958968292996	0.618675344443091
67.275	7.1	0.550601750949012	0.697741427451026	-0.131169488713004	18.130616504422	0.64048140075921
67.425	7.1	0.591569610678905	0.707696067832538	-0.171245576712959	18.0618297072522	0.673255688543124
67.575	7.1	0.644866721728408	0.723086703223629	-0.202771436026072	17.9876783833929	0.715893377382727
67.725	7.1	0.706935028071664	0.741742646408845	-0.222785652411843	17.9065338126182	0.765548022457331
67.875	7.1	0.77249521028566	0.761145625672491	-0.230842334719616	17.8173264985531	0.817996168228528
68.025	7.1	0.835681531755642	0.779304240495721	-0.228514009957854	17.7197495510383	0.868545225404513
68.175	7.1	0.89142908008521	0.795049820398375	-0.218383096842233	17.6142682053861	0.913143264068168
68.325	7.1	0.936507491826569	0.807916114109363	-0.203163751056008	17.5019512346082	0.949205993461255
68.475	7.1	0.969832529314195	0.817898380927088	-0.185198105375686	17.3842045600662	0.975866023451356
68.625	7.1	0.992120296894884	0.825247978199229	-0.16627777396324	17.262503462431	0.993696237515908
68.775	7.1	1.0052166815945	0.830332628332758	-0.14765539849948	17.1381908167769	1.0041733452756
68.925	7.1	1.0114244004449	0.833549919056229	-0.1301347052833	17.0123640945021	1.00913952035592
69.075	7.1	1.01299998312608	0.835278765040966	-0.114175279998303	16.8858403671201	1.01039998650086
69.225	7.1	1.01185688879729	0.835856629067167	-0.0999853705818201	16.759174398621	1.00948551103783
69.375	7.1	1.0094411817008	0.835572302653549	-0.0875967046773956	16.6327048202107	1.00755294536064
69.525	7.1	1.00672687282767	0.834666416128126	-0.0769235022769708	16.5066093982355	1.00538149826214
69.675	7.1	1.00428170285379	0.833334884982277	-0.0678090957715598	16.3809573686061	1.00342536228303
69.825	7.1	1.0023645700987	0.831733192654703	-0.06006226958705	16.2557525905694	1.00189165607896
69.975	7.1	1.00102704406892	0.829981003865137	-0.053484204635617	16.1309654048582	1.00082163525514
70.125	7.1	1.00020183106064	0.828167118772975	-0.0478866331756506	16.0065537069069	1.00016146484851
70.275	7.1	0.999769969010953	0.826354696744447	-0.0431022409873795	15.8824751532556	0.999815975208762
70.425	7.1	0.999605319267943	0.824586475727899	-0.0389889133897689	15.7586929188012	0.999684255414354
70.575	7.1	0.999599275010914	0.822889632000826	-0.0354296990314328	15.635177318144	0.999679420008731
70.725	7.1	0.999670666616206	0.821279991646254	-0.0323302645226141	15.5119051697781	0.999736533292965
70.875	7.1	0.999766142681188	0.819765446362493	-0.0296152491140763	15.388858234622	0.999812914144951
71.025	7.1	0.999855524399847	0.818348565650617	-0.0272244734602004	15.2660215458163	0.999884419519878
71.175	7.1	0.999925392577548	0.81702849403198	-0.0251095408151598	15.1433820404536	0.999940314062038
71.325	7.1	0.999972914392761	0.815802268452777	-0.0232310562225354	15.0209276271307	0.999978331514209
71.475	7.1	1.00000089536656	0.81466569843554	-0.0215564894306234	14.8986466630677	1.00000071629325
71.625	7.1	1.00001433448522	0.813613935632671	-0.020058601565563	14.7765277425277	1.00001146758817
71.775	7.1	1.00001834858362	0.812641833628526	-0.0187143158188857	14.6545596833102	1.0000146788669
71.925	7.1	1.00001714875197	0.811744171960749	-0.0175039121292501	14.5327316138294	1.00001371900157
72.075	7.1	1.00001371830511	0.81091579505584	-0.0164104448925907	14.4110330908143	1.00001097464409
72.225	7.1	1.00000989033311	0.810151698807348	-0.0154193078683287	14.2894542054468	1.00000791226649
72.375	7.1	1.0000066030447	0.809447084837979	-0.0145178941840369	14.1679856581185	1.00000528243576
72.525	7.1	1.00000419198692	0.808797394201282	-0.013695318349956	14.0466187972265	1.00000335358954
72.675	7.1	1.0000026441983	0.808198327260129	-0.0129421807342296	13.925345626132	1.00000211535864
72.825	7.1	1.00000178554874	0.807645853663335	-0.0122503636494781	13.8041587861453	1.00000142843899
72.975	7.1	1.00000140029618	0.807136214876355	-0.0116128532271482	13.6830515239163	1.00000112023694
73.125	7.1	1.0000012954317	0.806665921003833	-0.0110235838076094	13.5620176504118	1.00000103634536
73.275	7.1	1.00000132645354	0.806231743285895	-0.0104773026524152	13.4410514968037	1.00000106116283
73.425	7.1	1.00000139994081	0.805830703442638	-0.00996945310384856	13.3201478707463	1.00000111995265
73.575	7.1	1.00000146471306	0.805460060872509	-0.00949607433067581	13.1993020150057	1.00000117177045
73.725	7.1	1.0000014993675	0.80511729854831	-0.00905371575608475	13.0785095693221	1.000001199494
73.875	7.1	1.00000150057297	0.804800108288079	-0.00863936427284035	12.9577665357024	1.00000120045838
74.025	7.1	1.00000147403017	0.804506375920376	-0.00825038243918384	12.8370692469773	1.00000117922414
74.175	7.1	1.00000142846791	0.804234166721628	-0.00788445600365993	12.7164143382978	1.00000114277433
74.325	7.1	1.00000137224834	0.803981711382384	-0.00753954930013778	12.5957987212221	1.00000109779867
74.475	7.1	1.00000131186392	0.80374739266573	-0.00721386725958145	12.475219560078	1.00000104949114
74.625	7.1	1.00000125161498	0.803529732849444	-0.00690582298172746	12.3546742503417	1.00000100129198
74.775	7.1	1.00000119390092	0.803327381992431	-0.00661400998710852	12.2341603988289	1.00000095512074
74.925	7.1	1.00000113973821	0.803139107031785	-0.00633717842080631	12.1136758055367	1.00000091179057
75.075	7.1	1.00000108927965	0.802963781694025	-0.00607421460549723	11.9932184470051	1.00000087142372
75.225	7.1	1.00000104222988	0.802800377190479	-0.00582412344354418	11.8727864610851	1.00000083378391
75.375	7.1	1.00000099812892	0.802647953658051	-0.00558601325071483	11.7523781330113	1.00000079850313
75.525	7.1	1.00000095651743	0.802505652303376	-0.00535908267075987	11.6319918826835	1.00000076521395
75.675	7.1	1.0000009170138	0.80237268820535	-0.00514260937438839	11.5116262530635	1.00000073361104
75.825	7.1	1.00000087933462	0.80224834373178	-0.00493594029060793	11.3912798996015	1.00000070346769
75.975	7.1	1.00000084328502	0.802131962525928	-0.00473848315551051	11.2709515806044	1.00000067462802
76.125	7.1	1.00000080873686	0.802022944020047	-0.00454969919440293	11.1506401484674	1.00000064698949
76.275	7.1	1.00000077560566	0.801920738435192	-0.00436909677962746	11.0303445416927	1.00000062048453
76.425	7.1	1.00000074383181	0.801824842227844	-0.00419622592876327	10.9100637776261	1.00000059506545
76.575	7.1	1.0000007133673	0.801734793946939	-0.00403067352706726	10.7897969458445	1.00000057069384
76.725	7.1	1.0000006841679	0.801650170465987	-0.00387205917443989	10.6695432021385	1.00000054733432
76.875	7.1	1.00000065618925	0.801570583558617	-0.00372003157108307	10.5493017630319	1.0000005249514
77.025	7.1	1.00000062938565	0.801495676786959	-0.00357426536856879	10.4290719007919	1.00000050350852
77.175	7.1	1.0000006037102	0.801425122675534	-0.00343445842279263	10.3088529388828	1.00000048296816
77.325	7.1	1.00000057911565	0.80135862014448	-0.00330032939446697	10.1886442478236	1.00000046329252
77.475	7.1	1.00000055555526	0.801295892179145	-0.00317161565044949	10.0684452414117	1.00000044444421
77.625	7.1	1.00000053298349	0.801236683714123	-0.0030480714254172	9.94825537327971	1.00000042638679
77.775	7.1	1.00000051135653	0.801180759711971	-0.00292946620922944	9.82807413375367	1.00000040908523
77.925	7.1	1.00000049063251	0.801127903418896	-0.00281558332999877	9.70790104698586	1.00000039250601
78.075	7.1	1.0000004707716	0.801077914780669	-0.00270621870700222	9.58773566833662	1.00000037661728
78.225	7.1	1.00000045173594	0.801030609003961	-0.00260117975103681	9.46757758198229	1.00000036138875
78.375	7.1	1.00000043348959	0.800985815249533	-0.00250028439298442	9.34742639872856	1.00000034679167
78.525	7.1	1.00000041599834	0.800943375444828	-0.00240336022387497	9.22728175401053	1.00000033279867
78.675	7.1	1.00000039922964	0.800903143204924	-0.00231024373199419	9.1071433060623	1.00000031938371
78.825	7.1	1.00000038315246	0.800864982851419	-0.00222077962455353	8.98701073424078	1.00000030652197
78.975	7.1	1.0000003677372	0.800828768520343	-0.00213482022311357	8.86688373748959	1.00000029418976
79.125	7.1	1.00000035295561	0.800794383350401	-0.00205222492335965	8.74676203293058	1.00000028236449
79.275	7.1	1.0000003387807	0.800761718744349	-0.00197285971111638	8.62664535457124	1.00000027102456
79.425	7.1	1.00000032518669	0.800730673696321	-0.00189659672763719	8.50653345211781	1.00000026014935
79.575	7.1	1.00000031214896	0.800701154179116	-0.00182331387792108	8.38642608988453	1.00000024971917
79.725	7.1	1.00000029964397	0.800673072585771	-0.00175289447684354	8.26632304579057	1.00000023971518
79.875	7.1	1.00000028764924	0.800646347220315	-0.00168522692855293	8.1462241104368	1.00000023011939
80.025	7.1	1.00000027614328	0.800620901833195	-0.00162020443501138	8.02612908625551	1.00000022091462
80.175	7.1	1.00000026510554	0.800596665197145	-0.00155772473026091	7.90603778672661	1.00000021208443
80.325	7.1	1.0000002545164	0.800573570719752	-0.00149768983746476	7.78595003565455	1.00000020361312
80.475	7.1	1.00000024435708	0.800551556089397	-0.00144000584598119	7.66586566650071	1.00000019548566
80.625	7.1	1.00000023460964	0.800530562951436	-0.00138458270630333	7.54578452176666	1.00000018768771
80.775	7.1	1.00000022525691	0.800510536611815	-0.00133133404068129	7.42570645242365	1.00000018020553
80.925	7.1	1.00000021628248	0.80049142576574	-0.00128017696803197	7.30563131738476	1.00000017302598
81.075	7.1	1.00000020767064	0.800473182248942	-0.00123103194117806	7.18555898301584	1.00000016613651
81.225	7.1	1.00000019940638	0.800455760809695	-0.00118382259553113	7.06548932268225	1.0000001595251
81.375	7.1	1.00000019147532	0.800439118899522	-0.00113847560770943	6.94542221632829	1.00000015318025
81.525	7.1	1.00000018386371	0.800423216481021	-0.00109492056338523	6.82535755008661	1.00000014709097
81.675	7.1	1.0000001765584	0.800408015851368	-0.00105308983318544	6.70529521591536	1.00000014124672
81.825	7.1	1.0000001695468	0.800393481479855	-0.00101291845614898	6.58523511126058	1.00000013563744
81.975	7.1	1.00000016281684	0.80037957985852	-0.000974344029862551	6.46517713874204	1.00000013025347
82.125	7.1	1.00000015635697	0.800366279364537	-0.000937306606812608	6.3451212058605	1.00000012508558
82.275	7.1	1.00000015015609	0.800353550133385	-0.000901748596323145	6.22506722472477	1.00000012012487
82.425	7.1	1.00000014420354	0.800341363941953	-0.000867614671744668	6.1050151117971	1.00000011536283
82.575	7.1	1.00000013848915	0.800329694100583	-0.000834851682386131	5.9849647876553	1.00000011079132
82.725	7.1	1.00000013300327	0.800318515353394	-0.000803408569915285	5.86491617677043	1.00000010640262
82.875	7.1	1.00000012773681	0.800307803786214	-0.000773236288858197	5.74486920729893	1.00000010218945
83.025	7.1	1.00000012268116	0.800297536741374	-0.000744287730968753	5.62482381088786	1.00000009814493
83.175	7.1	1.00000011782804	0.800287692738876	-0.000716517653230231	5.50477992249258	1.00000009426243
83.325	7.1	1.00000011316912	0.800278251403458	-0.0006898826092436	5.38473748020575	1.0000000905353
83.475	7.1	1.00000010869569	0.800269193396972	-0.000664340883868374	5.26469642509688	1.00000008695656
83.625	7.1	1.00000010439862	0.800260500355757	-0.000639852430905801	5.14465670106174	1.00000008351889
83.775	7.1	1.000000100269	0.80025215483244	-0.000616378813715191	5.0246182546807	1.0000000802152
83.925	7.1	1.00000009629976	0.800244140241778	-0.00059388314864969	4.90458103508542	1.00000007703981
84.075	7.1	1.00000009248764	0.800236440810152	-0.000572330051154548	4.78454499383319	1.00000007399012
84.225	7.1	1.00000008883416	0.800229041528415	-0.00055168558451995	4.66451008478837	1.00000007106733
84.375	7.1	1.00000008534324	0.800221928108031	-0.000531917211081322	4.54447626401068	1.00000006827459
84.525	7.1	1.00000008201397	0.800215086940567	-0.000512993745963754	4.42444348965026	1.00000006561118
84.675	7.1	1.00000007882963	0.80020850506064	-0.000494885313141697	4.30441172184955	1.0000000630637
84.825	7.1	1.00000007574921	0.80020217011212	-0.000477563303886285	4.18438092265148	1.00000006059937
84.975	7.1	1.00000007271302	0.800196070316439	-0.000461000337452304	4.06435105591317	1.00000005817041
85.125	7.1	1.00000006967352	0.800190194441059	-0.000445170223983396	3.94432208722259	1.00000005573881
85.275	7.1	1.0000000666517	0.800184531765703	-0.000430047929571257	3.8242939838157	1.00000005332136
85.425	7.1	1.00000006379402	0.80017907204515	-0.000415609543353047	3.70426671449252	1.00000005103522
85.575	7.1	1.00000006137457	0.800173805471382	-0.000401832246668856	3.58424024953443	1.00000004909966
85.725	7.1	1.0000000596744	0.800168722643102	-0.000388694284198017	3.46421456063117	1.00000004773952
85.875	7.1	1.00000005870872	0.800163814554519	-0.000376174937037082	3.34418962083052	1.00000004696698
86.025	7.1	1.00000005788764	0.800159072611984	-0.000364254497649391	3.22416540452103	1.00000004631011
86.175	7.1	1.0000000558644	0.800154488670595	-0.000352914246482334	3.10414188744181	1.00000004469152
86.325	7.1	1.00000005094674	0.800150055054962	-0.000342136429864253	2.98411904668347	1.00000004075739
86.475	7.1	1.00000004234444	0.800145764501105	-0.000331904238746653	2.8640968606127	1.00000003387555
86.625	7.1	1.00000003203142	0.800141609958892	-0.00032220178783763	2.74407530865099	1.00000002562514
86.775	7.1	1.00000002612786	0.800137584259341	-0.000313014095135107	2.62405437090098	1.00000002090228
86.925	7.1	1.00000003386195	0.800133679789505	-0.000304327062644432	2.50403402775953	1.00000002708956
87.075	7.1	1.00000006221754	0.800129888482661	-0.000296127459629275	2.38401425984103	1.00000004977403
87.225	7.1	1.00000010634302	0.800126202491701	-0.00028840290995259	2.26399504862126	1.00000008507442
87.375	7.1	1.00000014006506	0.80012261568396	-0.000281141883132317	2.14397637800037	1.00000011205205
87.525	7.1	1.0000001159823	0.800119125452944	-0.000274333684881185	2.02395823632	1.00000009278584
87.675	7.1	0.999999986592614	0.800115733422713	-0.000267968437905116	1.90394061736462	0.999999989274091
87.825	7.1	0.999999750983667	0.80011244299539	-0.000262037041179587	1.78392351811015	0.999999800786933
87.975	7.1	0.99999951188333	0.800109252334322	-0.000256531101690512	1.66390693149534	0.999999609506664
88.125	7.1	0.999999499333994	0.800106144177463	-0.000251442851173961	1.54389083532037	0.999999599467195
88.275	7.1	0.999999997434185	0.80010307868116	-0.000246765090026494	1.42387518352854	0.999999997947348
88.425	7.1	1.00000112951587	0.800099999981758	-0.000242491225464459	1.30385991131966	1.00000090361269
88.575	7.1	1.00000254284163	0.800096866524967	-0.000238615460665897	1.18384496571449	1.0000020342733
88.725	7.1	1.00000318243933	0.800093703904121	-0.000235133111360398	1.06383036211427	1.00000254595147
88.875	7.1	1.00000148437826	0.800090655253323	-0.000232040867313312	0.943816242440751	1.00000118750261
89.025	7.1	0.999996303540675	0.800087976582093	-0.00022933663723761	0.823802879461758	0.99999704283254
89.175	7.1	0.999988546850151	0.8000859152786	-0.000227018570915547	0.703790558178051	0.999990837480121
89.325	7.1	0.999982752716466	0.800084450669431	-0.000225083158976049	0.583779302988306	0.999986202173172
89.475	7.1	0.999986995364328	0.800082986046781	-0.000223523110853892	0.463768533628079	0.999989596291462
89.625	7.1	1.0000091894589	0.800080237164415	-0.000222326832730413	0.343756903097885	1.00000735156712
89.775	7.1	1.00004909851746	0.800064241150905	-0.00022148206953888	0.223742696650108	1.00003927881396
89.925	7.1	1.000088744733	0.400090603193153	-0.000221007389370916	0.103728201934789	1.0000709957864
0.075	7.3	2.90137504717131e-30	0.399999756920532	-3.00856839879954e-05	36.0880423129634	0.2
0.225	7.3	-1.36133047751796e-30	0.799999270733561	-3.01258214567267e-05	36.0640423275482	0.2
0.375	7.3	4.96498443051119e-30	0.799998784456565	-3.0206243052466e-05	36.0400423567194	0.2
0.525	7.3	-1.10872718968387e-29	0.799998298009933	-3.03272399491434e-05	36.0160424004808	0.2
0.675	7.3	-3.62942307540604e-31	0.799997811285176	-3.04892448530786e-05	35.9920424588388	0.2
0.825	7.3	-2.86344908956592e-29	0.799997324133952	-3.06928274607522e-05	35.9680425318037	0.2
0.975	7.3	-7.4420109571285e-30	0.799996836359856	-3.09386880176454e-05	35.9440426193908	0.2
1.125	7.3	-3.72692108916279e-29	0.79999634770974	-3.12276490862581e-05	35.9200427216221	0.2
1.275	7.3	1.24815879781611e-29	0.799995857866204	-3.15606498205668e-05	35.8960428385282	0.2
1.425	7.3	-1.20218318991394e-30	0.799995366444285	-3.19387353230321e-05	35.8720429701501	0.2
1.575	7.3	9.08340612637793e-29	0.799994872987118	-3.2363049622455e-05	35.8480431165415	0.2
1.725	7.3	8.69573677819443e-29	0.799994376963139	-3.2834826229662e-05	35.8240432777709	0.2
1.875	7.3	1.8911086349783e-28	0.799993877767079	-3.33553805094734e-05	35.8000434539238	0.2
2.025	7.3	1.23814675708537e-28	0.799993374720283	-3.39261031382043e-05	35.7760436451049	0.2
2.175	7.3	1.38685667613607e-28	0.799992867072769	-3.45484516184193e-05	35.7520438514405	0.2
2.325	7.3	-9.75498273794672e-29	0.799992354005807	-3.52239475421528e-05	35.7280440730805	0.2
2.475	7.3	-2.37705060326635e-28	0.799991834635879	-3.59541696961085e-05	35.7040443102002	0.2
2.625	7.3	-6.25251343812454e-28	0.799991308020126	-3.67407528252071e-05	35.6800445630024	0.2
2.775	7.3	-7.43918993582738e-28	0.799990773159322	-3.75853851425873e-05	35.656044831719	0.2
2.925	7.3	-9.4019763990199e-28	0.799990229003736	-3.84898070070621e-05	35.6320451166128	0.2
3.075	7.3	-5.47922020091807e-28	0.799989674457363	-3.94558132448118e-05	35.6080454179788	0.2
3.225	7.3	-6.30151908576941e-29	0.799989108383193	-4.04852530931587e-05	35.5840457361454	0.2
3.375	7.3	1.14064887005014e-27	0.799988529606321	-4.15800332441598e-05	35.5600460714758	0.2
3.525	7.3	2.13382424007108e-27	0.799987936918933	-4.27421216568648e-05	35.536046424369	0.2
3.675	7.3	3.32594784195181e-27	0.799987329082768	-4.39735522488734e-05	35.5120467952606	0.2
3.825	7.3	3.30069763424072e-27	0.799986704832524	-4.52764286038404e-05	35.488047184624	0.2
3.975	7.3	2.58441963810765e-27	0.79998606287641	-4.66529306346102e-05	35.4640475929707	0.2
4.125	7.3	-1.0022385413081e-28	0.799985401900263	-4.81053199651964e-05	35.4400480208514	0.2
4.275	7.3	-3.12720087260251e-27	0.799984720565818	-4.96359464030113e-05	35.4160484688567	0.2
4.425	7.3	-6.80999917892586e-27	0.799984017512339	-5.12472545354576e-05	35.3920489376175	0.2
4.575	7.3	-8.06234249525111e-27	0.799983291356735	-5.29417901295572e-05	35.3680494278059	0.2
4.725	7.3	-7.15252409904898e-27	0.799982540691957	-5.47222075633884e-05	35.3440499401361	0.2
4.875	7.3	-1.77627995158525e-27	0.799981764085287	-5.65912767240427e-05	35.3200504753644	0.2
5.025	7.3	4.28196262577644e-27	0.799980960078428	-5.85518897551416e-05	35.2960510342909	0.2
5.175	7.3	9.30125645227804e-27	0.799980127184432	-6.06070678402447e-05	35.2720516177597	0.2
5.325	7.3	4.91919642389257e-27	0.79997926388406	-6.27599698421299e-05	35.2480522266599	0.2
5.475	7.3	-1.0374250920177e-26	0.799978368625896	-6.50138971429922e-05	35.2240528619267	0.2
5.625	7.3	-3.87347794118646e-26	0.799977439820936	-6.73723024712633e-05	35.2000535245423	0.2
5.775	7.3	-6.46431688741128e-26	0.799976475840269	-6.98387968153488e-05	35.1760542155374	0.2
5.925	7.3	-6.75879529780165e-26	0.799975475012123	-7.24171557187182e-05	35.1520549359919	0.2
6.075	7.3	-9.32191550021303e-27	0.799974435617869	-7.51113273616142e-05	35.1280556870367	0.2
6.225	7.3	1.33173893676871e-25	0.799973355888158	-7.79254397634459e-05	35.1040564698548	0.2
6.375	7.3	3.64055604815805e-25	0.799972233999245	-8.08638077515413e-05	35.0800572856834	0.2
6.525	7.3	6.15222706993302e-25	0.799971068069291	-8.39309410324243e-05	35.0560581358149	0.2
6.675	7.3	7.5134956197688e-25	0.799969856154511	-8.71315514868882e-05	35.0320590215992	0.2
6.825	7.3	5.4913427165791e-25	0.799968596243562	-9.04705611276841e-05	35.0080599444456	0.2
6.975	7.3	-2.08814809987153e-25	0.799967286255481	-9.39531103213942e-05	34.9840609058246	0.2
7.125	7.3	-1.64349366776102e-24	0.799965924033782	-9.75845654523074e-05	34.9600619072703	0.2
7.275	7.3	-3.56097127672305e-24	0.799964507341901	-0.000101370528392705	34.9360629503826	0.2
7.425	7.3	-5.32214035742344e-24	0.799963033859953	-0.000105316844315699	34.9120640368298	0.2
7.575	7.3	-5.72554104280476e-24	0.799961501179203	-0.000109429611272076	34.888065168351	0.2
7.725	7.3	-3.23363957036042e-24	0.799959906795953	-0.000113715189481091	34.864066346759	0.2
7.875	7.3	3.54831994407183e-24	0.799958248110257	-0.000118180210961208	34.8400675739432	0.2
8.025	7.3	1.48673442249829e-23	0.799956522416511	-0.000122831590305739	34.8160688518724	0.2
8.175	7.3	2.86872756477891e-23	0.799954726901092	-0.000127676533513487	34.7920701825982	0.2
8.325	7.3	3.95610867679743e-23	0.799952858635946	-0.000132722550446256	34.7680715682584	0.2
8.475	7.3	3.85294466040222e-23	0.799950914573396	-0.000137977465581024	34.7440730110801	0.2
8.625	7.3	1.46722603879835e-23	0.799948891539503	-0.000143449429535096	34.720074513384	0.2
8.775	7.3	-4.05018432208077e-23	0.799946786229573	-0.000149146931583337	34.6960760775877	0.2
8.925	7.3	-1.25995741333293e-22	0.799944595199582	-0.000155078811913124	34.6720777062102	0.2
9.075	7.3	-2.22520315450924e-22	0.799942314862652	-0.00016125427512886	34.6480794018757	0.2
9.225	7.3	-2.85863415272768e-22	0.799939941479948	-0.000167682904436713	34.6240811673184	0.2
9.375	7.3	-2.48029251731209e-22	0.799937471154099	-0.000174374674366857	34.6000830053869	0.2
9.525	7.3	-3.38016647344124e-23	0.799934899823029	-0.000181339967409073	34.5760849190492	0.2
9.675	7.3	4.02390047941252e-22	0.799932223251002	-0.000188589588236287	34.5520869113976	0.2
9.825	7.3	1.02098201264261e-21	0.799929437020648	-0.000196134779628793	34.5280889856541	0.2
9.975	7.3	1.63911241165002e-21	0.799926536525607	-0.000203987240351304	34.5040911451763	0.2
10.125	7.3	1.90200645077821e-21	0.799923516960862	-0.000212159140775037	34.4800933934626	0.2
10.275	7.3	1.33033571104044e-21	0.799920373313594	-0.000220663141507273	34.4560957341587	0.2
10.425	7.3	-5.13278125426901e-22	0.799917100353422	-0.000229512412970984	34.4320981710638	0.2
10.575	7.3	-3.72646669491118e-21	0.799913692623543	-0.000238720652585346	34.4081007081374	0.2
10.725	7.3	-7.69634942567942e-21	0.799910144427722	-0.000248302107001606	34.3841033495064	0.2
10.875	7.3	-1.08114224586721e-20	0.799906449821263	-0.00025827159152705	34.3601060994718	0.2
11.025	7.3	-1.05067740114725e-20	0.799902602597798	-0.000268644512104037	34.3361089625171	0.2
11.175	7.3	-3.91764005351447e-21	0.799898596278511	-0.000279436888028766	34.3121119433159	0.2
11.325	7.3	1.06977050715629e-20	0.799894424097392	-0.000290665374833436	34.2881150467404	0.2
11.475	7.3	3.19246120863702e-20	0.799890078988283	-0.000302347287706241	34.2641182778701	0.2
11.625	7.3	5.32096603871153e-20	0.799885553571006	-0.000314500628616075	34.2401216420011	0.2
11.775	7.3	6.21530590465031e-20	0.799880840134831	-0.000327144109474264	34.2161251446558	0.2
11.925	7.3	4.26326476068272e-20	0.799875930624126	-0.000340297180922232	34.192128791593	0.2
12.075	7.3	-1.89855941886141e-20	0.799870816620157	-0.00035398005901673	34.1681325888184	0.2
12.225	7.3	-1.23583684811148e-19	0.799865489323663	-0.000368213754501749	34.1441365425958	0.2
12.375	7.3	-2.47471094662868e-19	0.799859939535943	-0.000383020102315677	34.1201406594589	0.2
12.525	7.3	-3.34582171592676e-19	0.79985415763934	-0.000398421792615528	34.0961449462236	0.2
12.675	7.3	-3.00923571054734e-19	0.7998481335755	-0.000414442402625272	34.0721494100006	0.2
12.825	7.3	-5.943221982508e-20	0.799841856823701	-0.000431106429298938	34.0481540582091	0.2
12.975	7.3	4.31254226189029e-19	0.79983531637763	-0.00044843932371137	34.0241588985912	0.2
13.125	7.3	1.10187284726875e-18	0.799828500719106	-0.000466467526612141	34.0001639392264	0.2
13.275	7.3	1.71535708449969e-18	0.799821397793239	-0.000485218504297058	33.976169188548	0.2
13.425	7.3	1.85826203894797e-18	0.799813994979725	-0.000504720786822333	33.9521746553589	0.2
13.575	7.3	1.02871719437135e-18	0.799806279062952	-0.00052500400666831	33.9281803488492	0.2
13.725	7.3	-1.14527600576032e-18	0.799798236202077	-0.000546098939458752	33.9041862786151	0.2
13.875	7.3	-4.5710112177298e-18	0.799789851894611	-0.000568037544268837	33.8801924546771	0.2
14.025	7.3	-8.33404077117853e-18	0.799781110944517	-0.000590853008310527	33.8561988875014	0.2
14.175	7.3	-1.05106278718399e-17	0.799771997422272	-0.000614579789770172	33.8322055880204	0.2
14.325	7.3	-8.41031457442178e-18	0.799762494625534	-0.000639253664006757	33.808212567656	0.2
14.475	7.3	5.13414127263701e-19	0.799752585035705	-0.000664911770773206	33.7842198383429	0.2
14.625	7.3	1.70313158743286e-17	0.799742250274862	-0.000691592662793051	33.7602274125539	0.2
14.775	7.3	3.81109247630981e-17	0.79973147105419	-0.000719336355556158	33.7362353033264	0.2
14.925	7.3	5.5341920761482e-17	0.799720227125406	-0.000748184379205695	33.7122435242906	0.2
15.075	7.3	5.51456910866264e-17	0.799708497223422	-0.00077817983176547	33.6882520896989	0.2
15.225	7.3	2.22252777589655e-17	0.79969625900934	-0.000809367433509417	33.6642610144572	0.2
15.375	7.3	-5.29154628179559e-17	0.799683489007615	-0.000841793583743018	33.6402703141584	0.2
15.525	7.3	-1.63226240990269e-16	0.799670162537956	-0.000875506418858286	33.6162800051168	0.2
15.675	7.3	-2.7463599773767e-16	0.799656253644584	-0.000910555871742528	33.5922901044061	0.2
15.825	7.3	-3.22283403392055e-16	0.799641735020256	-0.000946993733153553	33.5683006298981	0.2
15.975	7.3	-2.21617294441743e-16	0.79962657792182	-0.000984873715854571	33.5443116003049	0.2
16.125	7.3	9.90343525386948e-17	0.79961075208583	-0.00102425151866272	33.5203230352228	0.2
16.275	7.3	6.44684224624547e-16	0.799594225630283	-0.0010651848927565	33.4963349551797	0.200000000000001
16.425	7.3	1.2917278097453e-15	0.79957696495636	-0.00110773371241631	33.472347381685	0.200000000000001
16.575	7.3	1.74721927318319e-15	0.799558934637571	-0.00115196004289357	33.4483603372823	0.200000000000001
16.725	7.3	1.57227344150315e-15	0.799540097305161	-0.00119792821518243	33.4243738456067	0.200000000000001
16.875	7.3	3.12524917447347e-16	0.799520413519955	-0.00124570489922677	33.400387931444	0.2
17.025	7.3	-2.24675453776807e-15	0.799499841637928	-0.00129535918122297	33.3764026207955	0.199999999999998
17.175	7.3	-5.74146011124674e-15	0.799478337665102	-0.00134696264175182	33.3524179409458	0.199999999999995
17.325	7.3	-8.93165462258548e-15	0.799455855100322	-0.00140058943708969	33.3284339205356	0.199999999999993
17.475	7.3	-9.65990789156723e-15	0.799432344763841	-0.00145631638216423	33.3044505896397	0.199999999999992
17.625	7.3	-5.3157766642768e-15	0.799407754617057	-0.00151422303628156	33.2804679798498	0.199999999999996
17.775	7.3	6.020201781466e-15	0.799382029562939	-0.00157439179139492	33.2564861243627	0.200000000000005
17.925	7.3	2.38282839466059e-14	0.799355111233025	-0.00163690796137662	33.232505058076	0.200000000000019
18.075	7.3	4.32967445560881e-14	0.799326937756184	-0.00170185987875411	33.2085248176887	0.200000000000035
18.225	7.3	5.43688806753437e-14	0.799297443507017	-0.00176933898723065	33.1845454418106	0.200000000000044
18.375	7.3	4.30513772128434e-14	0.799266558837274	-0.00183943994438294	33.1605669710783	0.200000000000034
18.525	7.3	-3.78666482552082e-15	0.799234209777895	-0.00191226072369979	33.1365894482804	0.199999999999997
18.675	7.3	-8.98721586200795e-14	0.799200317723531	-0.00198790272189831	33.1126129184916	0.199999999999928
18.825	7.3	-1.9898511604912e-13	0.799164799083251	-0.00206647086986867	33.088637429217	0.199999999999841
18.975	7.3	-2.86884707051382e-13	0.799127564904635	-0.00214807374883344	33.0646630305467	0.199999999999771
19.125	7.3	-2.82676489541377e-13	0.799088520463519	-0.00223282371168706	33.0406897753228	0.199999999999774
19.275	7.3	-1.0718462245341e-13	0.799047564819187	-0.00232083700905358	33.0167177193189	0.199999999999914
19.425	7.3	2.87470520457186e-13	0.799004590326993	-0.00241223392337908	32.9927469214336	0.20000000000023
19.575	7.3	8.61724273569192e-13	0.798959482110417	-0.00250713890961992	32.9687774438992	0.200000000000689
19.725	7.3	1.43441444696415e-12	0.798912117482576	-0.00260568074419094	32.9448093525068	0.200000000001148
19.875	7.3	1.66448565383008e-12	0.798862365316445	-0.00270799268403387	32.92084271685	0.200000000001332
20.025	7.3	1.11123260932946e-12	0.798810085355234	-0.00281421263734134	32.8968776105876	0.200000000000889
20.175	7.3	-5.92870257056076e-13	0.798755127462642	-0.00292448334494676	32.8729141117285	0.199999999999526
20.325	7.3	-3.45917619550112e-12	0.79869733079569	-0.00303895257902084	32.8489523029399	0.199999999997233
20.475	7.3	-6.81956549470871e-12	0.798636522907071	-0.00315777335671921	32.8249922718814	0.199999999994544
20.625	7.3	-9.11865529231002e-12	0.798572518755324	-0.00328110417511752	32.8010341115668	0.199999999992705
20.775	7.3	-8.0473954604064e-12	0.798505119625002	-0.00340910926833845	32.7770779207578	0.199999999993562
20.925	7.3	-1.24246025314383e-12	0.798434111937865	-0.00354195889093883	32.7531238043908	0.199999999999006
21.075	7.3	1.2359845068135e-11	0.79835926595186	-0.00367982963447137	32.7291718740418	0.200000000009888
21.225	7.3	3.07353471300079e-11	0.798280334331205	-0.00382290477743724	32.7052222484314	0.200000000024588
21.375	7.3	4.72228862288279e-11	0.798197050573414	-0.00397137467964809	32.681275053976	0.200000000037778
21.525	7.3	5.03454828323526e-11	0.798109127281737	-0.00412543722400411	32.6573304253879	0.200000000040276
21.675	7.3	2.63281910602306e-11	0.798016254262398	-0.00428529831550239	32.6333885063295	0.200000000021063
21.825	7.3	-3.47772423070348e-11	0.797918096427843	-0.00445117244563544	32.6094494501271	0.199999999972178
21.975	7.3	-1.29776425459034e-10	0.797814291484169	-0.00462328333394772	32.5855134205505	0.199999999896179
22.125	7.3	-2.3250066095353e-10	0.797704447380738	-0.00480186465930611	32.5615805926629	0.199999999813999
22.275	7.3	-2.88824758905982e-10	0.797588139492809	-0.00498716089714391	32.5376511537521	0.19999999976894
22.425	7.3	-2.23810702122742e-10	0.797464907514612	-0.00517942828327123	32.5137253043486	0.199999999820951
22.575	7.3	3.24364153018043e-11	0.797334252026699	-0.00537893592326132	32.4898032593441	0.200000000025949
22.725	7.3	4.98813203768197e-10	0.797195630712349	-0.00558596707499986	32.4658852492208	0.200000000399051
22.875	7.3	1.08642952048352e-09	0.797048454176762	-0.00580082062984714	32.4419715214059	0.200000000869144
23.025	7.3	1.5549246000194e-09	0.796892081326383	-0.00602381281886032	32.4180623417624	0.20000000124394
23.175	7.3	1.51943440732065e-09	0.796725814247062	-0.00625527917686377	32.3941579962289	0.200000001215548
23.325	7.3	5.49325156707125e-10	0.796548892508686	-0.00649557679260639	32.370258792617	0.20000000043946
23.475	7.3	-1.61771150533617e-09	0.796360486809491	-0.00674508689391927	32.3463650625734	0.199999998705831
23.625	7.3	-4.76966644371042e-09	0.796159691871117	-0.00700421782498156	32.3224771637177	0.199999996184267
23.775	7.3	-7.9209694029296e-09	0.795945518497926	-0.00727340850862382	32.2985954819725	0.199999993663224
23.925	7.3	-9.20270771045634e-09	0.795716884732526	-0.0075531325215901	32.2747204341209	0.199999992637834
24.075	7.3	-6.17641405158064e-09	0.795472606070185	-0.00784390294175673	32.250852470646	0.199999995058869
24.225	7.3	3.23507152723081e-09	0.795211384711723	-0.00814627815275783	32.2269920789358	0.200000002588057
24.375	7.3	1.91967818144189e-08	0.794931797828622	-0.00846086876285403	32.2031397869459	0.200000015357425
24.525	7.3	3.81501635392711e-08	0.794632284743063	-0.00878834573764548	32.1792961674037	0.200000030520131
24.675	7.3	5.15741988514033e-08	0.79431113277422	-0.00912944972046584	32.1554618425856	0.200000041259359
24.825	7.3	4.65594423679125e-08	0.79396646127686	-0.00948500140620169	32.1316374896054	0.200000037247554
24.975	7.3	9.47782700058618e-09	0.793596203158405	-0.00985591277788472	32.107823846037	0.200000007582262
25.125	7.3	-6.66398471403028e-08	0.793198083007205	-0.0102431991907597	32.0840217156107	0.199999946688122
25.275	7.3	-1.72032771101964e-07	0.792769591067668	-0.01064799275503	32.0602319737427	0.199999862373783
25.425	7.3	-2.70938946409658e-07	0.792307952790878	-0.0110715583365673	32.0364555728784	0.199999783248843
25.575	7.3	-2.99262649761155e-07	0.791810094598274	-0.0115153145942643	32.0126935480953	0.19999976058988
25.725	7.3	-1.76737007443445e-07	0.791272607650059	-0.0119808634470171	31.9889470240727	0.199999858610394
25.875	7.3	1.60581729767163e-07	0.790691712285473	-0.0124700315147846	31.9652172251996	0.200000128465384
26.025	7.3	7.08286342759033e-07	0.790063225635186	-0.0129849255909842	31.9415054908627	0.200000566629074
26.175	7.3	1.33490489959024e-06	0.789382532836799	-0.0135280004167452	31.9178132973597	0.20000106792392
26.325	7.3	1.7446275041013e-06	0.788644557819635	-0.0141021311034068	31.8941422859923	0.200001395702003
26.475	7.3	1.50214405591852e-06	0.787843723251594	-0.0147106760529303	31.8704942936767	0.200001201715245
26.625	7.3	1.60455922518417e-07	0.786973882982051	-0.0153575126741669	31.8468713785681	0.200000128364738
26.775	7.3	-2.49058011167007e-06	0.786028207841907	-0.0160470328144402	31.8232758303918	0.199998007535911
26.925	7.3	-6.09079508017053e-06	0.784999011670759	-0.0167841030828028	31.7997101559374	0.199995127363936
27.075	7.3	-9.40726976948863e-06	0.783877522631742	-0.0175740299519265	31.7761770371959	0.199992474184184
27.225	7.3	-1.02630910391142e-05	0.782653635145393	-0.018422616522158	31.7526792743749	0.199991789527169
27.375	7.3	-5.94179887741405e-06	0.78131571271631	-0.0193364416167033	31.7292197468741	0.199995246560898
27.525	7.3	5.7430093398602e-06	0.779850534953566	-0.0203235036575237	31.7058014457929	0.200004594407472
27.675	7.3	2.4732428773853e-05	0.778243468963702	-0.0213943134816299	31.6824276398916	0.200019785943019
27.825	7.3	4.67590557699896e-05	0.776478872122914	-0.0225633583518288	31.6591022181708	0.200037407244616
27.975	7.3	6.2015353001585e-05	0.774540591369689	-0.0238505891110543	31.6358301937837	0.200049612282401
28.125	7.3	5.57405473747524e-05	0.77241223852097	-0.0252822567906041	31.6126182546707	0.2000445924379
28.275	7.3	1.20605958479915e-05	0.770076762526243	-0.0268901758297601	31.589475126349	0.200009648476678
28.425	7.3	-7.82219643374205e-05	0.767514819214059	-0.0287085271614286	31.5664114198988	0.19993742242853
28.575	7.3	-0.000206734368046303	0.764701680805672	-0.0307678891966623	31.5434386459602	0.199834612505563
28.725	7.3	-0.000336741642184258	0.761603022973592	-0.0330875279188811	31.5205672606789	0.199730606686253
28.875	7.3	-0.000398247346783261	0.758170875691052	-0.0356691584777788	31.4978040158104	0.199681402122573
29.025	7.3	-0.000296428246959209	0.754342130361651	-0.0384980477860909	31.475149473627	0.199762857402433
29.175	7.3	5.99991306010732e-05	0.750042710712529	-0.0415592767340219	31.4525971539844	0.200047999304481
29.325	7.3	0.000708681046481996	0.745199861827154	-0.0448760967408849	31.4301361105257	0.200566944837186
29.475	7.3	0.00156933823445457	0.73976202308475	-0.0485715229868082	31.4077584161104	0.201255470587564
29.625	7.3	0.00238548642587574	0.733720707365769	-0.0529439609973433	31.3854717643021	0.201908389140701
29.775	7.3	0.00270455021628081	0.727124302471392	-0.0585370994099159	31.3633151062794	0.202163640173025
29.925	7.3	0.00193402897800589	0.720073185515594	-0.0661783552975352	31.3413723355483	0.201547223182405
30.075	7.3	-0.000497830657623722	0.712688814234544	-0.0769555890271763	31.3197764809708	0.199601735473901
30.225	7.3	-0.00487698655070219	0.705049655017213	-0.0920825782235859	31.2986961582961	0.196098410759438
30.375	7.3	-0.0108791662507455	0.697074349143564	-0.112552750422344	31.2782987459142	0.191296666999404
30.525	7.3	-0.0172775758218214	0.68830978872856	-0.138422159645351	31.2586917584035	0.186177939342543
30.675	7.3	-0.0217996763831557	0.67760011549617	-0.167657306534634	31.2398543164857	0.182560258893475
30.825	7.3	-0.021234417147187	0.662822432084361	-0.195087385793646	31.2215809026502	0.18301246628225
30.975	7.3	-0.0118310382705302	0.641336468213812	-0.213097513195832	31.2034628860849	0.190535169383576
31.125	7.3	0.0100560420808713	0.611698205170997	-0.215392360842761	31.1849217568693	0.208044833664697
31.275	7.3	0.0471948842129854	0.575419694471331	-0.201365968071693	31.1652846906805	0.237755907370388
31.425	7.3	0.100717046568105	0.536505350353738	-0.176213913270787	31.1438789273959	0.280573637254484
31.575	7.3	0.169513410541351	0.499154963798343	-0.146883761754288	31.1201259134139	0.335610728433081
31.725	7.3	0.249981873021047	0.466103510447077	-0.118542592315203	31.0936223990955	0.399985498416838
31.875	7.3	0.336377322255109	0.438450718833498	-0.0937561471681508	31.0641955199319	0.469101857804087
32.025	7.3	0.421860191353404	0.416201795874249	-0.0732266120628536	31.0319189850674	0.537488153082723
32.175	7.3	0.49994776825928	0.398818559964395	-0.0567021048567587	30.9970844595597	0.599958214607424
32.325	7.3	0.565772552441401	0.385580391095896	-0.0435725762503402	30.9601366437109	0.652618041953121
32.475	7.3	0.616672851081053	0.375778305635709	-0.0331698305542114	30.9215934436039	0.693338280864842
32.625	7.3	0.652066891124336	0.368800075211286	-0.0248909929768253	30.8819741983861	0.721653512899469
32.775	7.3	0.672899468557768	0.36415252585261	-0.0182351085351637	30.8417496826538	0.738319574846214
32.925	7.3	0.681002232213503	0.361452857417559	-0.0128024942724587	30.8013159169661	0.744801785770802
33.075	7.3	0.678575002798732	0.360408627282269	-0.00828079297119164	30.7609864625508	0.742860002238986
33.225	7.3	0.667846027231441	0.360796558240556	-0.00442824909679551	30.7209959708652	0.734276821785153
33.375	7.3	0.650884083025327	0.362444256548869	-0.00105838343804537	30.681509097522	0.720707266420261
33.525	7.3	0.629511502730424	0.365215812000793	0.00197254889900713	30.642631108055	0.70360920218434
33.675	7.3	0.605274734875843	0.369000978133857	0.00477508957531855	30.60441833569	0.684219787900675
33.825	7.3	0.579444771672503	0.373707236730232	0.00743333480724926	30.5668877767569	0.663555817338002
33.975	7.3	0.553032859326608	0.379253991690202	0.0100093592924141	30.5300256524159	0.642426287461286
34.125	7.3	0.526814708913579	0.385568201692517	0.0125458581455681	30.4937949565909	0.621451767130863
34.275	7.3	0.501359883466155	0.392580893854233	0.0150676348702692	30.4581420403285	0.601087906772924
34.425	7.3	0.477064011844411	0.400224188961506	0.0175825942172265	30.4230022682732	0.581651209475529
34.575	7.3	0.454181548440765	0.408428691262417	0.0200828548114203	30.3883047752572	0.563345238752612
34.725	7.3	0.432856887873006	0.417121308368225	0.0225464589899619	30.3539763606954	0.546285510298405
34.875	7.3	0.413152080596474	0.426223715199859	0.0249399360046507	30.3199445772177	0.530521664477179
35.025	7.3	0.395070114500681	0.435651716931169	0.0272217092305299	30.2861400862471	0.516056091600545
35.175	7.3	0.378573508008518	0.445315686248094	0.0293460865759843	30.2524983605162	0.502858806406814
35.325	7.3	0.363598592798638	0.455122075205737	0.0312673948949374	30.2189608119089	0.49087887423891
35.475	7.3	0.350066233753553	0.46497578932285	0.0329437555734151	30.1854754169407	0.480052987002842
35.625	7.3	0.337889829826847	0.474783032818731	0.0343400614536993	30.1519969069443	0.470311863861478
35.775	7.3	0.326981327714808	0.484454149277143	0.035429882916472	30.1184865890123	0.461585062171847
35.925	7.3	0.317255759757434	0.49390601902244	0.0361962536859799	30.0849118673603	0.453804607805948
36.075	7.3	0.308634584343519	0.503063719206879	0.0366315024191938	30.0512455408356	0.446907667474815
36.225	7.3	0.301047930035786	0.511861356814291	0.0367364481136962	30.0174649573577	0.440838344028629
36.375	7.3	0.294435755925721	0.520242185273102	0.0365193318949225	29.9835511069625	0.435548604740577
36.525	7.3	0.288747938816059	0.528158256520642	0.0359948112868266	29.9494877299808	0.430998351052847
36.675	7.3	0.283943357693275	0.535569911184105	0.0351832201453388	29.9152605056659	0.42715468615462
36.825	7.3	0.279988132355244	0.542445369833686	0.0341101400483936	29.8808563707831	0.423990505884195
36.975	7.3	0.276853252583566	0.548760583910057	0.0328061824824379	29.8462629996348	0.421482602066853
37.125	7.3	0.274511883458535	0.554499376026313	0.03130678199289	29.8114684591377	0.419609506766828
37.275	7.3	0.27293664114911	0.559653786171664	0.0296517682728209	29.7764610367318	0.418349312919288
37.425	7.3	0.272097103858786	0.564224471779803	0.0278845211886028	29.7412292260624	0.417677683087029
37.575	7.3	0.271957765051869	0.568220996685775	0.026050602586836	29.7057618456976	0.417566212041495
37.725	7.3	0.272476564643582	0.57166187968555	0.0241958779998359	29.6700482593058	0.417981251714866
37.875	7.3	0.273604061776408	0.574574337842131	0.0223642620663076	29.634078661289	0.418883249421126
38.025	7.3	0.275283249852249	0.576993728245089	0.0205953179309395	29.5978443896051	0.420226599881799
38.175	7.3	0.277449965840892	0.578962743739992	0.0189219942819885	29.5613382275169	0.421959972672713
38.325	7.3	0.280033812683763	0.580530441717665	0.0173687849529613	29.5245546585469	0.42402705014701
38.475	7.3	0.282959494264572	0.581751180179654	0.0159505467815502	29.4874900443003	0.426367595411657
38.625	7.3	0.286148454045338	0.582683510748698	0.0146721228949074	29.4501427030006	0.42891876323627
38.775	7.3	0.289520707986638	0.583389047240004	0.0135288087193386	29.4125128770637	0.43161656638931
38.925	7.3	0.292996767058196	0.583931303319935	0.0125075872734025	29.374602589769	0.434397413646557
39.075	7.3	0.296499552290675	0.58437448173289	0.0115889673777946	29.3364154026909	0.43719964183254
39.225	7.3	0.299956214274316	0.584782202786396	0.0107491966263931	29.297956095536	0.439964971419453
39.375	7.3	0.303299778300934	0.585216178198025	0.00996259643966156	29.2592302971502	0.442639822640748
39.525	7.3	0.306470545841928	0.585734861664818	0.00920377819485166	29.2202440999388	0.445176436673542
39.675	7.3	0.309417193506047	0.586392132266177	0.0084495405000679	29.1810036895848	0.447533754804838
39.825	7.3	0.312097523343654	0.587236084632503	0.00768030792514953	29.1415150181165	0.449678018674923
39.975	7.3	0.314478834611875	0.588308006529047	0.00688103969946525	29.1017835418752	0.4515830676895
40.125	7.3	0.316537907406426	0.589641618617807	0.00604160283510327	29.0618140378161	0.453230325925141
40.275	7.3	0.318260612147303	0.591262633742505	0.00515665988149421	29.0216105029797	0.454608489717842
40.425	7.3	0.319641183657743	0.593188667150455	0.00422516199739716	28.9811761339304	0.455712946926194
40.575	7.3	0.320681221378736	0.595429498820004	0.00324956117095487	28.9405133763025	0.456544977102988
40.725	7.3	0.321388494796995	0.597987659015563	0.00223486177972891	28.8996240298588	0.457110795837596
40.875	7.3	0.321775642755211	0.600859282461837	0.00118762384782264	28.8585093918884	0.457420514204169
41.025	7.3	0.321858855756919	0.604035158124196	0.000115012207620582	28.8171704212744	0.457487084605535
41.175	7.3	0.321656621992411	0.60750189219622	-0.000976038409990699	28.7756079068416	0.457325297593929
41.325	7.3	0.321188602337747	0.611243101739756	-0.00207949835420668	28.7338226261832	0.456950881870197
41.475	7.3	0.320474679740094	0.615240564434706	-0.00319073854257289	28.6918154845285	0.456379743792075
41.625	7.3	0.319534207143202	0.619475264063419	-0.00430684741573749	28.649587626833	0.455627365714561
41.775	7.3	0.31838545818973	0.623928289096873	-0.00542678555977753	28.6071405197213	0.454708366551784
41.925	7.3	0.317045268346387	0.628581560534311	-0.00655140389194478	28.5644760028788	0.45363621467711
42.075	7.3	0.31552884203224	0.63341838271825	-0.0076833559270733	28.5215963118003	0.452423073625792
42.225	7.3	0.313849694121144	0.638423825554506	-0.00882693514013848	28.4785040753987	0.451079755296915
42.375	7.3	0.312019691404642	0.643584957515457	-0.00998786600609525	28.4352022928983	0.449615753123714
42.525	7.3	0.310049160460154	0.648890955708484	-0.0111730730702899	28.3916942947869	0.448039328368123
42.675	7.3	0.307947031919213	0.654333122357199	-0.0123904473655447	28.3479836925043	0.44635762553537
42.825	7.3	0.305720996269837	0.659904836960086	-0.013648624442481	28.3040743211456	0.444576797015869
42.975	7.3	0.30337765218721	0.665601470912402	-0.0149567836674966	28.259970178879	0.442702121749768
43.125	7.3	0.300922634291094	0.671420287350185	-0.0163244745348286	28.2156753661218	0.440738107432875
43.275	7.3	0.29836071274657	0.677360344134259	-0.0177614725920493	28.1711940268574	0.438688570197256
43.425	7.3	0.2956958620685	0.683422412875402	-0.0192776651066943	28.1265302938588	0.4365566896548
43.575	7.3	0.292931300872498	0.689608922156062	-0.0208829646474438	28.0816882389972	0.434345040697999
43.725	7.3	0.29006950828239	0.69592392897811	-0.0225872470795866	28.0366718292509	0.432055606625912
43.875	7.3	0.287112226435155	0.702373119182395	-0.0244003088688674	27.9914848884071	0.429689781148124
44.025	7.3	0.28406046209945	0.708963835333886	-0.026331836840484	27.9461310636912	0.42724836967956
44.175	7.3	0.280914503662215	0.715705129480365	-0.0283913815369709	27.9006137955647	0.424731602929772
44.325	7.3	0.277673972022241	0.72260783846149	-0.0305883231225204	27.8549362876304	0.422139177617793
44.475	7.3	0.274337924061534	0.729684681245685	-0.0329318167299193	27.8091014719642	0.419470339249227
44.625	7.3	0.270905023518135	0.736950381400664	-0.0354307030599437	27.7631119633943	0.416724018814508
44.775	7.3	0.267373783953689	0.744421823593594	-0.0380933713329519	27.7169699945829	0.413899027162951
44.925	7.3	0.263742869765229	0.7521182614735	-0.0409275675152297	27.670677322819	0.410994295812183
45.075	7.3	0.260011412303108	0.760061606017056	-0.0439401538541336	27.6242351000104	0.408009129842486
45.225	7.3	0.256179259587752	0.768276839074645	-0.0471368491177612	27.5776437004697	0.404943407670201
45.375	7.3	0.252247033713933	0.776792616916123	-0.0505220147208252	27.5309025076357	0.401797626971147
45.525	7.3	0.248215828265348	0.785642152808175	-0.0540985999585911	27.484009671432	0.398572662612278
45.675	7.3	0.24408635256036	0.794864494241095	-0.0578684152959984	27.4369618622241	0.395269082048288
45.825	7.3	0.239857338241197	0.804506334843097	-0.0618329550013686	27.3897540637345	0.391885870592958
45.975	7.3	0.235523086011591	0.814624514838822	-0.0659950206983417	27.3423794625959	0.388418468809273
46.125	7.3	0.231070162077053	0.825289354284891	-0.0703613805786521	27.2948295017221	0.384856129661642
46.275	7.3	0.226473460542145	0.836588913828292	-0.0749466085359194	27.2470941625735	0.381178768433716
46.425	7.3	0.221692117540401	0.848634171312512	-0.0797780642438021	27.1991625221645	0.377353694032321
46.575	7.3	0.216666059941127	0.861564925920762	-0.0849016982872124	27.1510235907455	0.373332847952901
46.725	7.3	0.211314236591663	0.875555989104266	-0.0903880207642231	27.1026673759174	0.36905138927333
46.875	7.3	0.205535735261197	0.890822894941129	-0.0963372059333611	27.0540860444958	0.364428588208957
47.025	7.3	0.199214951070216	0.907625962682497	-0.102881975928557	27.0052749769331	0.359371960856173
47.175	7.3	0.192231675229252	0.926271056419349	-0.110186651846577	26.9562334479159	0.353785340183402
47.325	7.3	0.184476388126929	0.947104768635513	-0.118440579995383	26.9069646406939	0.347581110501543
47.475	7.3	0.175870197992273	0.970500944644194	-0.127843998976342	26.8574747297428	0.340696158393819
47.625	7.3	0.166387861815743	0.996834440791934	-0.138584285747472	26.8077708576266	0.333110289452595
47.775	7.3	0.156081314289917	1.02643692351764	-0.150800489724784	26.7578579870102	0.324865051431933
47.925	7.3	0.145100303599944	1.05952893821852	-0.164534458002472	26.7077348124415	0.316080242879955
48.075	7.3	0.133706280651244	1.09612371640112	-0.179668374100431	26.6573891377711	0.306965024520995
48.225	7.3	0.122275768108195	1.13590352407153	-0.195852312744718	26.6067933193965	0.297820614486556
48.375	7.3	0.111290151836973	1.17808161723612	-0.212432784490048	26.5559004921101	0.289032121469578
48.525	7.3	0.101310239575666	1.22128340389078	-0.228404734821082	26.5046422906683	0.281048191660533
48.675	7.3	0.0929360106525277	1.26350463321195	-0.242422408899348	26.4529286444595	0.274348808522022
48.825	7.3	0.0867546183422707	1.30221695867395	-0.252909654735545	26.4006499934632	0.269403694673817
48.975	7.3	0.0832825525738002	1.33466804614784	-0.258291819267473	26.3476820264794	0.26662604205904
49.125	7.3	0.0829102148391832	1.35835028577922	-0.257318961431857	26.293892815881	0.266328171871347
49.275	7.3	0.0858580028140379	1.37151299883024	-0.249381467131511	26.2391519419677	0.26868640225123
49.425	7.3	0.092151525126345	1.37353399517054	-0.234686139127918	26.1833407478921	0.273721220101076
49.575	7.3	0.101619793045224	1.36500682828551	-0.21420791883433	26.1263623216651	0.281295834436179
49.725	7.3	0.113915350485413	1.34752698622404	-0.18943992230936	26.06814952746	0.291132280388331
49.875	7.3	0.128551112887959	1.32328816482678	-0.162055123936385	26.0086697403498	0.302840890310367
50.025	7.3	0.144946544371393	1.29464915321404	-0.133607125434599	25.9479257976679	0.315957235497114
50.175	7.3	0.162475916637112	1.26379449079757	-0.105344686784024	25.8859536101333	0.32998073330969
50.325	7.3	0.180512989432651	1.23253724113974	-0.0781475597853844	25.8228174478201	0.344410391546121
50.475	7.3	0.198468467764653	1.20225077519157	-0.0525499249932586	25.7586040199885	0.358774774211722
50.625	7.3	0.215818216910625	1.17388811100125	-0.0288089218638287	25.6934162726955	0.3726545735285
50.775	7.3	0.232121065586847	1.14804593379819	-0.00698577312455127	25.6273675879758	0.385696852469478
50.925	7.3	0.247025341431209	1.12504146152196	0.012979145016898	25.5605769617485	0.397620273144967
51.075	7.3	0.260263638803967	1.10498365126024	0.031206183872234	25.4931658000068	0.408210911043174
51.225	7.3	0.27163726240995	1.08783010959793	0.0478356150582212	25.4252570468578	0.41730980992796
51.375	7.3	0.280995215985582	1.07342843145769	0.0630088031774083	25.3569771471257	0.424796172788466
51.525	7.3	0.288217314217279	1.0615449539005	0.0768719101683988	25.2884605600241	0.430573851373823
51.675	7.3	0.293214689401042	1.05188497381088	0.0895976893531649	25.2198550973634	0.434571751520833
51.825	7.3	0.295958660825835	1.04410745141204	0.101413167247676	25.1513247113838	0.436766928660668
51.975	7.3	0.296536363921995	1.03783480764916	0.112613641195928	25.0830456159398	0.437229091137596
52.125	7.3	0.295208628436076	1.03265656927068	0.123541930487499	25.0151932404739	0.436166902748861
52.275	7.3	0.292420351399345	1.02812675906873	0.13452200449116	24.9479224307131	0.433936281119476
52.425	7.3	0.288702811299674	1.02376016358145	0.145761351596421	24.8813507897689	0.430962249039739
52.575	7.3	0.284431163442117	1.01903913906013	0.157271805828895	24.8155618359407	0.427544930753693
52.725	7.3	0.279470393397939	1.01344227326666	0.16888142393901	24.7506452843253	0.423576314718351
52.875	7.3	0.272847866210059	1.00648989678534	0.180383553046061	24.6867807929536	0.418278292968047
53.025	7.3	0.262685627681416	0.997772606946053	0.191781601674342	24.6243474215501	0.410148502145133
53.175	7.3	0.246636847283804	0.986911292131554	0.203494666740901	24.5640103108874	0.397309477827043
53.325	7.3	0.222925459204505	0.973411582186385	0.216364396767087	24.5067146585085	0.378340367363604
53.475	7.3	0.191776819301264	0.95641117345081	0.23132229941318	24.4535260422071	0.353421455441011
53.625	7.3	0.156672443403128	0.934363852256056	0.248529133842688	24.4053097898321	0.325337954722502
53.775	7.3	0.12471784819036	0.90484840517889	0.265785134633463	24.3623308348091	0.299774278552288
53.925	7.3	0.10570323569655	0.865177830530783	0.276880072213241	24.3239347064734	0.28456258855724
54.075	7.3	0.110062924191679	0.814924454470956	0.273193240065312	24.2884716619036	0.288050339353343
54.225	7.3	0.146391996374344	0.758956067748093	0.251277847187674	24.2535129267761	0.317113597099475
54.375	7.3	0.219045693608436	0.705561785270245	0.218021006921992	24.2162690752982	0.375236554886749
54.525	7.3	0.326062805404104	0.660678420391239	0.184142724408751	24.1740871547066	0.460850244323284
54.675	7.3	0.458112585865787	0.625884934628803	0.156043011870367	24.1249269318612	0.56649006869263
54.825	7.3	0.599931289089708	0.600182215320162	0.135045297092366	24.0677198748229	0.679945031271767
54.975	7.3	0.73479622973653	0.581692549008205	0.120043193948227	24.0024996573116	0.787836983789224
55.125	7.3	0.849825070307621	0.568451458204368	0.109420503869638	23.9302362038317	0.879860056246097
55.275	7.3	0.938796426767683	0.558773538678816	0.101799902865783	23.8524523377147	0.951037141414146
55.425	7.3	1.00153915987824	0.551401388978385	0.0961927020281327	23.7708118871545	1.00123132790259
55.575	7.3	1.04153290218011	0.545488762171363	0.0919419028575287	23.6868282342461	1.03322632174409
55.725	7.3	1.06360802522995	0.540499001197679	0.0886248030604905	23.6017278829669	1.05088642018396
55.875	7.3	1.07252668170953	0.536096793453877	0.0859696680365765	23.5164273161013	1.05802134536762
56.025	7.3	1.07236657726798	0.532068429512011	0.0837970995475771	23.4315673277693	1.05789326181438
56.175	7.3	1.06637640415879	0.528273045782823	0.0819827084868954	23.3475658341794	1.05310112332703
56.325	7.3	1.05703514969004	0.524615806232577	0.0804350466985449	23.2646698463878	1.04562811975203
56.475	7.3	1.04616935113476	0.521033864505864	0.0790835719595893	23.1829999224601	1.03693548090781
56.625	7.3	1.03506915179357	0.517488827834236	0.077872794326654	23.1025862961292	1.02805532143486
56.775	7.3	1.02458832181533	0.513962044575719	0.076759877138049	23.0233977794883	1.01967065745227
56.925	7.3	1.01523020849028	0.510450796786191	0.0757137933869439	22.9453646913595	1.01218416679222
57.075	7.3	1.00722466158844	0.506964588374888	0.0747147921005073	22.8683967151579	1.00577972927075
57.225	7.3	1.0005988575187	0.503521388885771	0.0737534913341374	22.7923962794254	1.00047908601496
57.375	7.3	0.995242031071485	0.500144038619349	0.072829383508245	22.7172679294751	0.996193624857188
57.525	7.3	0.990962278368706	0.496857118900963	0.0719488721469671	22.6429241885901	0.992769822694965
57.675	7.3	0.987533222753209	0.493684524459416	0.0711231276709855	22.5692885033239	0.990026578202567
57.825	7.3	0.984729095282609	0.490647833420912	0.0703660683292496	22.496295948451	0.987783276226087
57.975	7.3	0.982348072879266	0.487765430199698	0.0696926919543976	22.4238923860125	0.985878458303413
58.125	7.3	0.980224989638241	0.485052241474841	0.0691178665132968	22.3520327193489	0.984179991710593
58.275	7.3	0.97823544065145	0.482519906358915	0.0686555801390673	22.2806787727139	0.98258835252116
58.425	7.3	0.97629370791159	0.48017720788848	0.0683185786693606	22.209797187394	0.981034966329272
58.575	7.3	0.974346900100202	0.47803062520649	0.0681182844377303	22.1393575834215	0.979477520080161
58.725	7.3	0.972367348196229	0.476084907106236	0.0680648862191286	22.0693311120036	0.977893878556984
58.875	7.3	0.970344792209079	0.474343606578108	0.0681675052426852	21.9996894285212	0.976275833767263
59.025	7.3	0.968279361357443	0.472809547085866	0.0684343657422451	21.9304040520018	0.974623489085955
59.175	7.3	0.966175878106211	0.471485213053571	0.0688729233656325	21.8614460413844	0.972940702484969
59.325	7.3	0.964039650331832	0.470373070302862	0.0694899266874658	21.7927859056813	0.971231720265465
59.475	7.3	0.961873666839329	0.469475828711718	0.0702914041472026	21.7243936675127	0.969498933471463
59.625	7.3	0.959676969152726	0.468796661099728	0.0712825805380812	21.6562390111127	0.967741575322181
59.775	7.3	0.957443915291434	0.468339391031167	0.0724677341680582	21.5882914617165	0.965955132233147
59.925	7.3	0.955164053896693	0.468108659271677	0.0738500089116794	21.5205205595939	0.964131243117354
60.075	7.3	0.95282236581981	0.468110075102642	0.075431195665292	21.4528960066425	0.962257892655848
60.225	7.3	0.950399685622644	0.46835035529764	0.0772114962711034	21.3853877752734	0.960319748498115
60.375	7.3	0.947873173228767	0.468837450729056	0.0791892807154406	21.3179661780192	0.958298538583014
60.525	7.3	0.94521675734605	0.469580658478097	0.081360846048202	21.2506019021126	0.95617340587684
60.675	7.3	0.942401512893041	0.470590715998129	0.0837201834944528	21.183266016753	0.953921210314433
60.825	7.3	0.939395963480814	0.47187987323384	0.0862587589044894	21.1159299625014	0.951516770784651
60.975	7.3	0.936166318151114	0.473461938500769	0.0889653111051663	21.0485655327988	0.948933054520891
61.125	7.3	0.932676661260552	0.47535229421484	0.0918256728282459	20.9811448574501	0.946141329008442
61.275	7.3	0.928889118121098	0.477567879089053	0.0948226195768704	20.913640397379	0.943111294496879
61.425	7.3	0.924764019005021	0.480127134037144	0.0979357528741739	20.8460249592517	0.939811215204017
61.575	7.3	0.920260082124688	0.483049909615344	0.101141425626295	20.7782717377903	0.93620806569975
61.725	7.3	0.915334633332742	0.486357333279378	0.104412718635914	20.7103543927952	0.932267706666193
61.875	7.3	0.909943877139004	0.490071634944271	0.107719478423162	20.6422471670741	0.927955101711203
62.025	7.3	0.904043230369849	0.494215929263898	0.111028427250092	20.5739250506388	0.923234584295879
62.175	7.3	0.897587726300469	0.49881395271933	0.114303356357041	20.5053639956708	0.918070181040375
62.325	7.3	0.89053249315953	0.503889753168031	0.117505412598657	20.4365411858738	0.912425994527624
62.475	7.3	0.882833306369191	0.509467329229682	0.1205934865123	20.3674353629194	0.906266645095353
62.625	7.3	0.874447208747716	0.515570217220818	0.123524705872994	20.2980272116983	0.899557766998173
62.775	7.3	0.865333187465115	0.522221024873346	0.126255032490317	20.2282998049176	0.892266549972092
62.925	7.3	0.855452891475156	0.529440914446356	0.128739951041176	20.1582391060407	0.884362313180125
63.075	7.3	0.8447713695018	0.537249043679754	0.130935227244636	20.0878345273783	0.87581709560144
63.225	7.3	0.833257807755391	0.545661981701506	0.132797699691966	20.0170795369238	0.866606246204313
63.375	7.3	0.820886249672821	0.554693128291605	0.134286057551309	19.9459723028788	0.856708999738257
63.525	7.3	0.807636287795574	0.564352177646339	0.135361549322859	19.8745163583918	0.846109030236459
63.675	7.3	0.793493729679487	0.574644679273071	0.135988571760165	19.8027212607548	0.83479498374359
63.825	7.3	0.778451252342239	0.585571754032235	0.136135110041804	19.7306032096821	0.822761001873791
63.975	7.3	0.762509066859061	0.597130015055464	0.135773046723398	19.6581855798478	0.810007253487249
64.125	7.3	0.745675606618249	0.609311710803402	0.134878430718365	19.5854993166391	0.796540485294599
64.275	7.3	0.727968217705086	0.622105038012175	0.133431893213728	19.5125831460999	0.782374574164069
64.425	7.3	0.709413757773274	0.635494452604276	0.131419495979599	19.4394835673769	0.767531006218619
64.575	7.3	0.690048898812798	0.649460627856927	0.128834360459005	19.3662546371016	0.752039119050238
64.725	7.3	0.669919795825885	0.663979473803032	0.125679391160366	19.2929576278452	0.735935836660708
64.875	7.3	0.649080673697325	0.679019364401489	0.121971188830103	19.2196607502257	0.71926453895786
65.025	7.3	0.627590884164928	0.694535477272889	0.11774474856139	19.1464392628189	0.702072707331942
65.175	7.3	0.605510221211656	0.710460034257903	0.113057666420386	19.0733764293632	0.684408176969324
65.325	7.3	0.58289291249198	0.726687378249904	0.10799129796548	19.0005658657598	0.666314329993584
65.475	7.3	0.559781874769539	0.743053389304928	0.10264469235737	18.9281157652948	0.647825499815631
65.625	7.3	0.536206607615195	0.759309870199065	0.0971153958090362	18.8561551857625	0.628965286092156
65.775	7.3	0.512190406682815	0.775096322325543	0.0914598050818432	18.7848419003696	0.609752325346252
65.925	7.3	0.487775015372982	0.789914123897888	0.0856253368262786	18.7143701502884	0.590220012298385
66.075	7.3	0.463072571850851	0.803111905487966	0.0793484406106881	18.6449749631906	0.570458057480681
66.225	7.3	0.438354351523748	0.813896840029821	0.0720188985859113	18.5769276530227	0.550683481218999
66.375	7.3	0.414181376440475	0.821395997537676	0.0625274071855338	18.510515099622	0.53134510115238
66.525	7.3	0.391571163678018	0.824804685096173	0.0491504294362381	18.445994231201	0.513256930942414
66.675	7.3	0.372175745883771	0.823666506379808	0.0295954810266991	18.3835140832299	0.497740596707017
66.825	7.3	0.358417853457878	0.818302429494015	0.00142083550861326	18.3230025536868	0.486734282766303
66.975	7.3	0.353496279639373	0.810280300313074	-0.0369396475762628	18.2640253293961	0.482797023711498
67.125	7.3	0.361138211754199	0.802547956851231	-0.0846108202264651	18.205642278476	0.48891056940336
67.275	7.3	0.384980386021859	0.798646754919525	-0.137010662398812	18.1463130758271	0.507984308817487
67.425	7.3	0.427549068657991	0.800942209828764	-0.186393285924	18.0839322725384	0.542039254926393
67.575	7.3	0.489026730062595	0.809156946523988	-0.224800585073467	18.0160704402295	0.591221384050076
67.725	7.3	0.566294179161546	0.820759559728241	-0.247534081822385	17.940415005586	0.653035343329237
67.875	7.3	0.652909172175974	0.832775535177252	-0.254405777346076	17.855274939965	0.72232733774078
68.025	7.3	0.74040965714981	0.843184053750627	-0.248417808764261	17.7599540450066	0.792327725719848
68.175	7.3	0.820555766604048	0.851130201682919	-0.233670761139318	17.6548515088619	0.856444613283239
68.325	7.3	0.887422477196184	0.856514553281132	-0.213930064166401	17.5412702820742	0.909937981756947
68.475	7.3	0.938365681069519	0.859590211704765	-0.1920688589343	17.4210389716716	0.950692544855615
68.625	7.3	0.973713835741331	0.860741253307516	-0.170044170609018	17.2961084803012	0.978971068593064
68.775	7.3	0.995740714019249	0.860379581537091	-0.149075692167078	17.1682467363078	0.996592571215399
68.925	7.3	1.00756532192784	0.85889194275423	-0.129851860994288	17.0388741104809	1.00605225754227
69.075	7.3	1.01233379241931	0.85661210951522	-0.112699477038453	16.9090196829047	1.00986703393545
69.225	7.3	1.01275038382374	0.853811505657135	-0.0977063893274792	16.7793548113943	1.01020030705899
69.375	7.3	1.01088624585799	0.850702334905402	-0.0848061161758954	16.6502634893428	1.00870899668639
69.525	7.3	1.00816791034359	0.847446407800228	-0.0738367783915218	16.5219214817713	1.00653432827487
69.675	7.3	1.00546472479946	0.844164638244942	-0.0645839003402659	16.3943683190885	1.00437177983957
69.825	7.3	1.00321838878517	0.840944994705891	-0.0568124141837331	16.2675649397063	1.00257471102814
69.975	7.3	1.00157750685225	0.837848729111523	-0.05029005769719	16.1414352635633	1.0012620054818
70.125	7.3	1.00051519589489	0.834915485378091	-0.0448029945360635	16.0158931100579	1.00041215671591
70.275	7.3	0.999919388552159	0.832167818665679	-0.0401644664740515	15.8908573831339	0.999935510841727
70.425	7.3	0.999653963728967	0.829615317451718	-0.0362177768821703	15.7662588641899	0.999723170983174
70.575	7.3	0.9995942577003	0.82725827118148	-0.032835268492719	15.6420416863669	0.99967540616024
70.725	7.3	0.999643131396275	0.82509075633525	-0.0299149607117359	15.5181619397074	0.99971450511702
70.875	7.3	0.999734220071992	0.823103065419276	-0.0273762144236238	15.3945851272129	0.999787376057594
71.025	7.3	0.999828084426656	0.82128349162299	-0.0251553654792065	15.2712835234967	0.999862467541325
71.175	7.3	0.999905476532282	0.819619552111538	-0.0232018582559936	15.1482339656564	0.999924381225826
71.325	7.3	0.999960383083248	0.818098767350991	-0.0214750953359641	15.0254162514396	0.999968306466599
71.475	7.3	0.999994224562517	0.816709117072551	-0.0199420161723427	14.9028121139714	0.999995379650013
71.625	7.3	1.00001168460628	0.815439277654788	-0.0185753103568377	14.7804046483501	1.00000934768503
71.775	7.3	1.00001810305548	0.814278722158721	-0.0173521316271692	14.6581780439213	1.00001448244439
71.925	7.3	1.00001811008309	0.813217740554562	-0.0162531799461175	14.5361174938652	1.00001448806647
72.075	7.3	1.00001511282252	0.812247417712357	-0.015262040008047	14.4142091871553	1.00001209025802
72.225	7.3	1.00001128647045	0.811359591762105	-0.0143646916886956	14.2924403224529	1.00000902917636
72.375	7.3	1.00000780710381	0.810546805236396	-0.0135491335512686	14.170799111839	1.00000624568305
72.525	7.3	1.00000515444288	0.809802255077225	-0.0128050811282263	14.0492747621408	1.00000412355431
72.675	7.3	1.00000338928706	0.8091197440383	-0.0121237165549965	13.9278574335205	1.00000271142965
72.825	7.3	1.00000236524085	0.808493634268151	-0.0114974758798698	13.8065381807511	1.00000189219268
72.975	7.3	1.00000186831735	0.807918803162815	-0.0109198662112135	13.6853088842748	1.00000149465388
73.125	7.3	1.00000169540483	0.807390601405945	-0.0103853080273588	13.5641621775163	1.00000135632386
73.275	7.3	1.00000168870047	0.806904813154762	-0.00988899949901771	13.4430913753091	1.00000135096037
73.425	7.3	1.00000174277444	0.806457618409532	-0.00942680031221531	13.3220904065212	1.00000139421955
73.575	7.3	1.00000179746069	0.80604555765428	-0.00899513271391199	13.2011537524521	1.00000143796855
73.725	7.3	1.000001825548	0.805665498860379	-0.00859089760761848	13.0802763914832	1.0000014604384
73.875	7.3	1.00000182049504	0.805314606911725	-0.00821140363243224	12.9594537497843	1.00000145639603
74.025	7.3	1.00000178660289	0.8049903154599	-0.0078543073092571	12.8386816575295	1.00000142928231
74.175	7.3	1.00000173229099	0.804690301162096	-0.00751756253190461	12.7179563099548	1.00000138583279
74.325	7.3	1.00000166615883	0.804412460209156	-0.0071993778979949	12.597274232606	1.00000133292707
74.475	7.3	1.00000159512884	0.80415488701535	-0.00689818059555567	12.4766322501992	1.00000127610307
74.625	7.3	1.00000152392678	0.803915854920849	-0.00661258576827763	12.356027458619	1.00000121914143
74.775	7.3	1.00000145528596	0.803693798748054	-0.00634137046634955	12.2354571996687	1.00000116422877
74.925	7.3	1.00000139044517	0.803487299052608	-0.00608345144655321	12.1149190382603	1.00000111235614
75.075	7.3	1.00000132968194	0.803295067915261	-0.00583786621505138	11.9944107417933	1.00000106374555
75.225	7.3	1.00000127275421	0.803115936130247	-0.0056037568118369	11.8739302615037	1.00000101820337
75.375	7.3	1.0000012192103	0.802948841656498	-0.00538035592093783	11.7534757156007	1.00000097536824
75.525	7.3	1.00000116857512	0.802792819209564	-0.00516697495890781	11.6330453740212	1.00000093486009
75.675	7.3	1.00000112044155	0.802646990883149	-0.00496299384981264	11.5126376446525	1.00000089635324
75.825	7.3	1.00000107449936	0.802510557699615	-0.00476785224005081	11.3922510608827	1.00000085959948
75.975	7.3	1.00000103052951	0.80238279199825	-0.00458104194393562	11.2718842703528	1.0000008244236
76.125	7.3	1.00000098838359	0.802263030578832	-0.00440210044207826	11.1515360247921	1.00000079070687
76.275	7.3	1.00000094796062	0.802150668525692	-0.00423060528106496	11.0312051708309	1.0000007583685
76.425	7.3	1.00000090918732	0.80204515364503	-0.00406616924495834	10.9108906416932	1.00000072734986
76.575	7.3	1.00000087200399	0.801945981454007	-0.00390843618813798	10.790591449682	1.0000006976032
76.725	7.3	1.0000008363559	0.801852690666957	-0.00375707743530392	10.670306679378	1.00000066908472
76.875	7.3	1.00000080218883	0.801764859128414	-0.00361178866781857	10.5500354814809	1.00000064175107
77.025	7.3	1.00000076944757	0.801682100148432	-0.00347228722757905	10.4297770672286	1.00000061555806
77.175	7.3	1.00000073807591	0.801604059199474	-0.00333830977951338	10.3095307033388	1.00000059046073
77.325	7.3	1.00000070801743	0.801530410938519	-0.00320961028226594	10.189295707419	1.00000056641394
77.475	7.3	1.00000067921635	0.801460856521726	-0.00308595822391046	10.0690714438006	1.00000054337308
77.625	7.3	1.00000065161833	0.801395121181717	-0.00296713708572835	9.94885731975523	1.00000052129466
77.775	7.3	1.00000062517096	0.801332952041593	-0.0028529430023809	9.8286527820552	1.00000050013677
77.925	7.3	1.00000059982405	0.80127411614139	-0.00274318359134224	9.70845731384542	1.00000047985924
78.075	7.3	1.00000057552972	0.801218398655755	-0.00263767692816215	9.58827043179602	1.00000046042378
78.225	7.3	1.00000055224239	0.801165601283593	-0.0025362506476201	9.46809168350885	1.00000044179391
78.375	7.3	1.00000052991862	0.801115540792408	-0.00243874115357879	9.34792064515326	1.0000004239349
78.525	7.3	1.00000050851707	0.80106804770188	-0.00234499292263125	9.22775691930928	1.00000040681366
78.675	7.3	1.0000004879983	0.801022965092761	-0.00225485788901628	9.1076001329984	1.00000039039864
78.825	7.3	1.00000046832468	0.800980147528457	-0.00216819489964253	8.98744993588412	1.00000037465974
78.975	7.3	1.00000044946026	0.800939460078181	-0.00208486923001636	8.86730599862621	1.00000035956821
79.125	7.3	1.00000043137071	0.800900777431725	-0.00200475215286137	8.74716801137435	1.00000034509657
79.275	7.3	1.00000041402321	0.800863983096406	-0.00192772055244126	8.62703568238806	1.00000033121857
79.425	7.3	1.00000039738637	0.800828968668495	-0.00185365657867517	8.50690873677119	1.0000003179091
79.575	7.3	1.00000038143022	0.800795633171559	-0.00178244733579995	8.38678691531046	1.00000030514417
79.725	7.3	1.00000036612605	0.800763882455119	-0.00171398460113722	8.26666997340844	1.00000029290084
79.875	7.3	1.00000035144646	0.800733628648005	-0.00164816457010656	8.14655768010254	1.00000028115717
80.025	7.3	1.00000033736522	0.800704789660755	-0.00158488762421372	8.026449817162	1.00000026989218
80.175	7.3	1.00000032385726	0.800677288732562	-0.00152405811920656	7.90634617825614	1.0000002590858
80.325	7.3	1.00000031089858	0.800651054018338	-0.00146558419069188	7.78624656818727	1.00000024871887
80.475	7.3	1.00000029846628	0.800626018212117	-0.00140937757545471	7.66615080218287	1.00000023877302
80.625	7.3	1.0000002865384	0.800602118203284	-0.00135535344630359	7.54605870524148	1.00000022923072
80.775	7.3	1.00000027509395	0.800579294762516	-0.00130343025908916	7.42597011152798	1.00000022007516
80.925	7.3	1.00000026411287	0.800557492254726	-0.00125352961037446	7.30588486381375	1.0000002112903
81.075	7.3	1.00000025357594	0.80053665837624	-0.00120557610469068	7.18580281295809	1.00000020286075
81.225	7.3	1.00000024346477	0.800516743914307	-0.00115949723025704	7.06572381742716	1.00000019477181
81.375	7.3	1.00000023376177	0.800497702526476	-0.00111522324234168	6.94564774284763	1.00000018700941
81.525	7.3	1.00000022445011	0.80047949053829	-0.00107268705343888	6.82557446159179	1.00000017956008
81.675	7.3	1.00000021551367	0.800462066757539	-0.00103182412970467	6.70550385239186	1.00000017241093
81.825	7.3	1.00000020693704	0.800445392303541	-0.000992572392886737	6.58543579998092	1.00000016554963
81.975	7.3	1.00000019870543	0.800429430450086	-0.000954872127491106	6.46537019475835	1.00000015896435
82.125	7.3	1.00000019080469	0.800414146480892	-0.000918665892501854	6.34530693247791	1.00000015264375
82.275	7.3	1.00000018322122	0.800399507556431	-0.000883898437474627	6.2252459139566	1.00000014657698
82.425	7.3	1.00000017594198	0.800385482591032	-0.00085051662255856	6.10518704480266	1.00000014075358
82.575	7.3	1.00000016895452	0.800372042139567	-0.000818469342214984	5.98513023516128	1.00000013516361
82.725	7.3	1.00000016224698	0.800359158292616	-0.000787707452354462	5.86507539947661	1.00000012979759
82.875	7.3	1.00000015580818	0.800346804579659	-0.000758183700702311	5.74502245626893	1.00000012464655
83.025	7.3	1.0000001496275	0.800334955879408	-0.000729852660185996	5.62497132792572	1.000000119702
83.175	7.3	1.00000014369473	0.800323588336746	-0.00070267066518501	5.50492194050566	1.00000011495578
83.325	7.3	1.00000013799968	0.8003126792858	-0.000676595750514143	5.38487422355471	1.00000011039975
83.475	7.3	1.00000013253189	0.800302207178524	-0.000651587592982221	5.26482810993326	1.00000010602551
83.625	7.3	1.00000012728048	0.800292151518421	-0.00062760745548429	5.14478353565368	1.00000010182439
83.775	7.3	1.00000012223494	0.800282492798877	-0.000604618133441743	5.02474043972739	1.00000009778795
83.925	7.3	1.00000011738662	0.8002732124456	-0.000582583903616861	4.90469876402075	1.0000000939093
84.075	7.3	1.00000011273076	0.800264292762911	-0.000561470475121827	4.78465845311909	1.00000009018461
84.225	7.3	1.00000010826744	0.800255716883419	-0.00054124494265341	4.66461945419839	1.00000008661395
84.375	7.3	1.00000010399923	0.800247468721045	-0.000521875741846253	4.54458171690417	1.00000008319939
84.525	7.3	1.00000009992397	0.800239532927599	-0.000503332606729601	4.4245451932377	1.00000007993918
84.675	7.3	1.00000009602367	0.800231894852752	-0.000485586529199638	4.30450983744937	1.00000007681894
84.825	7.3	1.00000009225614	0.800224540507393	-0.000468609720577333	4.18447560593898	1.00000007380491
84.975	7.3	1.00000008856047	0.800217456529185	-0.000452375575026898	4.06444245716172	1.00000007084838
85.125	7.3	1.00000008488795	0.80021063014829	-0.000436858634988326	3.94441035153777	1.00000006791036
85.275	7.3	1.00000008125843	0.800204049150928	-0.000422034558392473	3.82437925136261	1.00000006500675
85.425	7.3	1.00000007781729	0.800197701839666	-0.000407880087774196	3.7043491207167	1.00000006225384
85.575	7.3	1.0000000748377	0.800191576993	-0.000394373021079857	3.58431992537681	1.00000005987016
85.725	7.3	1.00000007259986	0.800185663832483	-0.000381492184303485	3.46429163273736	1.00000005807989
85.875	7.3	1.00000007111809	0.800179952009294	-0.00036921740582102	3.34426421175482	1.00000005689447
86.025	7.3	1.00000006980133	0.800174431618705	-0.000357529492388197	3.22423763292547	1.00000005584107
86.175	7.3	1.00000006730126	0.800169093234842	-0.000346410206601512	3.10421186829068	1.00000005384101
86.325	7.3	1.00000006192391	0.800163927929709	-0.000335842245501219	2.98418689143338	1.00000004953913
86.475	7.3	1.00000005287811	0.800158927213568	-0.000325809219857282	2.8641626773986	1.00000004230249
86.625	7.3	1.00000004213905	0.800154082836035	-0.000316295633758729	2.7441392024681	1.00000003371124
86.775	7.3	1.0000000358315	0.800149386452175	-0.00030728686458192	2.62411644378265	1.0000000286652
86.925	7.3	1.00000004319078	0.800144829296491	-0.000298769144077908	2.50409437895127	1.00000003455263
87.075	7.3	1.00000007120568	0.800140402172849	-0.000290729542122556	2.38407298597084	1.00000005696454
87.225	7.3	1.00000011501869	0.800136096128496	-0.000283155954538919	2.26405224386715	1.00000009201495
87.375	7.3	1.00000014843074	0.800131903950661	-0.000276037094795268	2.14403213425571	1.00000011874459
87.525	7.3	1.00000012399421	0.800127821980885	-0.000269362485381589	2.02401264335718	1.00000009919537
87.675	7.3	0.999999994159721	0.800123850821266	-0.000263122439796627	1.90399376299594	0.999999995327777
87.825	7.3	0.999999758012152	0.80011999288124	-0.000257308023583386	1.78397548834268	0.999999806409722
87.975	7.3	0.999999518380042	0.800116245355448	-0.000251910988420445	1.66395781067432	0.999999614704034
88.125	7.3	0.999999505538999	0.800112590028272	-0.000246923691673937	1.54394070625689	0.999999604431199
88.275	7.3	1.00000000388468	0.800108986111233	-0.000242339042764495	1.42392412761281	1.00000000310774
88.425	7.3	1.00000113688797	0.800105376812146	-0.000238150542299027	1.30390800863374	1.00000090951038
88.575	7.3	1.00000255144646	0.800101719698389	-0.000234352469570184	1.1838922951715	1.00000204115717
88.725	7.3	1.00000319144432	0.800098039596823	-0.0002309401950165	1.06387700165344	1.00000255315545
88.875	7.3	1.00000149119759	0.800094479051457	-0.000227910437799589	0.943862269283086	1.00000119295807
89.025	7.3	0.999996304237677	0.800091293665492	-0.000225261112792138	0.823848370369191	0.999997043390142
89.175	7.3	0.999988538445018	0.800088730475648	-0.000222990367684714	0.703835589575626	0.999990830756014
89.325	7.3	0.999982737494236	0.800086768204412	-0.000221094712874304	0.583823950761808	0.999986189995389
89.475	7.3	0.99998698535359	0.800084808885586	-0.000219566933896666	0.463812872493228	0.999989588282872
89.625	7.3	1.00000920671687	0.80008156613951	-0.000218395578199582	0.343801005734869	1.00000736537349
89.775	7.3	1.00004916551698	0.800065059920985	-0.000217568536013019	0.223786633284467	1.00003933241359
89.925	7.3	1.0000888619093	0.400090973840728	-0.000217103975816872	0.103772045867312	1.00007108952744
0.075	7.5	9.94389724680362e-31	0.399999730187039	-2.94018276661386e-05	36.0880435034266	0.2
0.225	7.5	4.48936466401489e-30	0.799999190441118	-2.94417671717095e-05	36.0640435196153	0.2
0.375	7.5	-4.97353968787913e-30	0.799998650328471	-2.95217782003982e-05	36.0400435520001	0.2
0.525	7.5	3.13802564902783e-30	0.799998109589443	-2.96421234971858e-05	36.0160436005956	0.2
0.675	7.5	-1.90998905291504e-29	0.799997567938843	-2.98031935970753e-05	35.9920436654247	0.2
0.825	7.5	-5.30920770669161e-30	0.799997025058901	-3.00055041094558e-05	35.9680437465193	0.2
0.975	7.5	-3.58467453266256e-29	0.799996480591087	-3.02496889973187e-05	35.9440438439212	0.2
1.125	7.5	-3.94288760529628e-30	0.799995934129025	-3.05364977778367e-05	35.9200439576838	0.2
1.275	7.5	-2.65407961249051e-29	0.799995385211626	-3.08667868439443e-05	35.8960440878735	0.2
1.425	7.5	4.34366788545851e-29	0.799994833320735	-3.12415143845118e-05	35.8720442345711	0.2
1.575	7.5	4.01676841621756e-29	0.799994277874592	-3.16617327786699e-05	35.8480443978742	0.2
1.725	7.5	1.44822486584473e-28	0.799993718228476	-3.21285828966035e-05	35.8240445778986	0.2
1.875	7.5	1.25423193820487e-28	0.799993153672065	-3.26432872939737e-05	35.8000447747805	0.2
2.025	7.5	1.97220677158543e-28	0.799992583429361	-3.32071439536294e-05	35.7760449886783	0.2
2.175	7.5	5.93732090229307e-29	0.799992006660503	-3.38215222161514e-05	35.7520452197748	0.2
2.325	7.5	-6.67874457457012e-30	0.79999142246268	-3.44878572897882e-05	35.7280454682787	0.2
2.475	7.5	-3.3773155860915e-28	0.799990829873264	-3.52076477524107e-05	35.704045734427	0.2
2.625	7.5	-5.15968933755252e-28	0.799990227872255	-3.59824522198145e-05	35.6800460184863	0.2
2.775	7.5	-8.72281329975972e-28	0.79998961538532	-3.68138883882905e-05	35.6560463207547	0.2
2.925	7.5	-8.10601219378421e-28	0.799988991287671	-3.77036325779953e-05	35.6320466415632	0.2
3.075	7.5	-7.10980458776127e-28	0.799988354406967	-3.86534188755123e-05	35.6080469812774	0.2
3.225	7.5	9.63105290274305e-29	0.79998770352785	-3.96650425480609e-05	35.5840473402988	0.2
3.375	7.5	9.45505983931951e-28	0.799987037392053	-4.07403604670378e-05	35.5600477190658	0.2
3.525	7.5	2.34754430129243e-27	0.7999863547051	-4.18812952704839e-05	35.5360481180552	0.2
3.675	7.5	3.11326701926799e-27	0.79998565413552	-4.30898378553417e-05	35.5120485377834	0.2
3.825	7.5	3.60351621410942e-27	0.799984934318278	-4.43680528141503e-05	35.4880489788071	0.2
3.975	7.5	2.36045683821669e-27	0.799984193855803	-4.57180822262875e-05	35.4640494417243	0.2
4.125	7.5	3.00095012349079e-28	0.799983431319339	-4.71421514229947e-05	35.4400499271757	0.2
4.275	7.5	-3.41822199021185e-27	0.799982645248357	-4.86425746815445e-05	35.4160504358452	0.2
4.425	7.5	-6.38895635145389e-27	0.799981834152031	-5.02217602259972e-05	35.3920509684608	0.2
4.575	7.5	-8.58550240673907e-27	0.799980996507516	-5.18822176908378e-05	35.3680515257961	0.2
4.725	7.5	-6.87257933045345e-27	0.799980130759937	-5.36265629255537e-05	35.3440521086704	0.2
4.875	7.5	-2.7215757631649e-27	0.799979235319622	-5.54575258125825e-05	35.3200527179505	0.2
5.025	7.5	4.38639143899248e-27	0.799978308562393	-5.73779550696829e-05	35.2960533545512	0.2
5.175	7.5	8.07360509466429e-27	0.799977348824885	-5.93908271525146e-05	35.2720540194367	0.2
5.325	7.5	5.40954747105829e-27	0.799976354405077	-6.14992505379431e-05	35.2480547136217	0.2
5.475	7.5	-1.09582918328304e-26	0.799975323556931	-6.37064742238922e-05	35.2240554381724	0.2
5.625	7.5	-3.64924141609591e-26	0.799974254488175	-6.60158939159538e-05	35.2000561942083	0.2
5.775	7.5	-6.32692285537905e-26	0.799973145358137	-6.8431058142125e-05	35.1760569829031	0.2
5.925	7.5	-6.28158683780952e-26	0.799971994272915	-7.09556767091009e-05	35.1520578054868	0.2
6.075	7.5	-6.92181387267506e-27	0.799970799282288	-7.3593626454122e-05	35.1280586632468	0.2
6.225	7.5	1.37002103398491e-25	0.799969558375901	-7.6348959023996e-05	35.1040595575299	0.2
6.375	7.5	3.60617367059727e-25	0.799968269479212	-7.92259076752548e-05	35.0800604897442	0.2
6.525	7.5	6.08669631805641e-25	0.799966930449175	-8.22288948755372e-05	35.0560614613611	0.2
6.675	7.5	7.32292116595413e-25	0.799965539070565	-8.53625396828731e-05	35.0320624739173	0.2
6.825	7.5	5.27143656198228e-25	0.799964093051056	-8.86316655690661e-05	35.0080635290169	0.2
6.975	7.5	-2.37622629983279e-25	0.799962590015974	-9.2041308589131e-05	34.9840646283342	0.2
7.125	7.5	-1.65747256558516e-24	0.79996102750592	-9.55967245008292e-05	34.9600657736159	0.2
7.275	7.5	-3.555723585692e-24	0.79995940296959	-9.93033983958371e-05	34.9360669666838	0.2
7.425	7.5	-5.26765399493531e-24	0.799957713759725	-0.000103167051829207	34.9120682094377	0.2
7.575	7.5	-5.62371777344131e-24	0.799955957128079	-0.000107193653442188	34.8880695038583	0.2
7.725	7.5	-3.07131274933829e-24	0.799954130221002	-0.00011138942692307	34.86407085201	0.2
7.875	7.5	3.73005047577607e-24	0.79995223007233	-0.000115760860567523	34.840072256045	0.2
8.025	7.5	1.50346071093069e-23	0.799950253598579	-0.000120314717614756	34.8160737182057	0.2
8.175	7.5	2.87455156516548e-23	0.799948197594122	-0.000125058046003752	34.7920752408291	0.2
8.325	7.5	3.94407175276353e-23	0.79994605872351	-0.000129998190345702	34.7680768263501	0.2
8.475	7.5	3.81152431394609e-23	0.799943833517026	-0.00013514280036366	34.7440784773057	0.2
8.625	7.5	1.38918037574772e-23	0.799941518363762	-0.000140499844893316	34.720080196339	0.2
8.775	7.5	-4.17634629974729e-23	0.799939109503087	-0.000146077622003643	34.6960819862039	0.2
8.925	7.5	-1.27765662968314e-22	0.7999366030213	-0.00015188477260005	34.6720838497689	0.2
9.075	7.5	-2.24705515255611e-22	0.799933994842005	-0.000157930292526915	34.6480857900226	0.2
9.225	7.5	-2.87912367187009e-22	0.799931280718408	-0.000164223545535322	34.6240878100783	0.2
9.375	7.5	-2.4876656291976e-22	0.799928456227943	-0.00017077427821558	34.6000899131795	0.2
9.525	7.5	-3.13223844305313e-23	0.799925516761473	-0.000177592633592487	34.5760921027047	0.2
9.675	7.5	4.09968161422511e-22	0.799922457516667	-0.000184689165837362	34.5520943821738	0.2
9.825	7.5	1.0340594097634e-21	0.799919273487722	-0.00019207485669174	34.5280967552537	0.2
9.975	7.5	1.65442709198489e-21	0.799915959458237	-0.000199761130505689	34.5040992257645	0.2
10.125	7.5	1.91148049848743e-21	0.799912509988833	-0.000207759871769314	34.4801017976862	0.2
10.275	7.5	1.3225961946893e-21	0.799908919409906	-0.000216083442122873	34.4561044751652	0.2
10.425	7.5	-5.46641880016581e-22	0.799905181808495	-0.000224744697556257	34.4321072625216	0.2
10.575	7.5	-3.78098081203491e-21	0.799901291019333	-0.000233757008798903	34.4081101642567	0.2
10.725	7.5	-7.74458126786461e-21	0.799897240611237	-0.000243134279074913	34.3841131850604	0.2
10.875	7.5	-1.0801071791582e-20	0.799893023876936	-0.000252890965048422	34.36011632982	0.2
11.025	7.5	-1.03744396150109e-20	0.799888633818939	-0.000263042096951269	34.3361196036278	0.2
11.175	7.5	-3.62464134981766e-21	0.799884063136412	-0.00027360330076473	34.3121230117908	0.2
11.325	7.5	1.11130024289561e-20	0.79987930421142	-0.000284590819919723	34.2881265598396	0.2
11.475	7.5	3.22942318053019e-20	0.799874349093029	-0.000296021539407397	34.2641302535382	0.2
11.625	7.5	5.32173942823405e-20	0.799869189484005	-0.000307913008229914	34.240134098894	0.2
11.775	7.5	6.13923562248022e-20	0.799863816721875	-0.000320283465710682	34.2161381021691	0.2
11.925	7.5	4.07739775155537e-20	0.799858221762861	-0.000333151865598229	34.1921422698907	0.2
12.075	7.5	-2.1908035149958e-20	0.799852395164666	-0.000346537904513034	34.1681466088633	0.2
12.225	7.5	-1.26843219761212e-19	0.799846327064787	-0.000360462047248671	34.1441511261809	0.2
12.375	7.5	-2.49406551600586e-19	0.799840007162811	-0.000374945557082418	34.1201558292395	0.2
12.525	7.5	-3.32715366633088e-19	0.799833424698837	-0.000390010523535964	34.0961607257511	0.2
12.675	7.5	-2.92643014699799e-19	0.799826568429099	-0.000405679893838712	34.0721658237575	0.2
12.825	7.5	-4.34617702124148e-20	0.799819426605043	-0.000421977503316964	34.0481711316453	0.2
12.975	7.5	4.52849495317872e-19	0.799811986945944	-0.000438928108928307	34.0241766581612	0.2
13.125	7.5	1.12168442969365e-18	0.799804236614043	-0.000456557420786607	34.0001824124286	0.2
13.275	7.5	1.72001368272742e-18	0.799796162186445	-0.000474892138487544	33.9761884039644	0.2
13.425	7.5	1.83066217190345e-18	0.799787749625096	-0.000493959985672578	33.9521946426974	0.2
13.575	7.5	9.54730774150959e-19	0.799778984245705	-0.000513789746415778	33.9282011389869	0.2
13.725	7.5	-1.26568312805456e-18	0.799769850684506	-0.000534411303375718	33.9042079036427	0.2
13.875	7.5	-4.71037760423972e-18	0.799760332864296	-0.000555855677200567	33.8802149479458	0.2
14.025	7.5	-8.42790948314682e-18	0.799750413956308	-0.000578155064741306	33.8562222836708	0.2
14.175	7.5	-1.04609283951234e-17	0.799740076340394	-0.000601342882511544	33.8322299231084	0.2
14.325	7.5	-8.11210542701653e-18	0.799729301564947	-0.000625453807687847	33.8082378790904	0.2
14.475	7.5	1.11621430134155e-18	0.799718070300167	-0.000650523821639998	33.7842461650146	0.2
14.625	7.5	1.78668104181363e-17	0.799706362293369	-0.000676590255176208	33.7602547948724	0.2
14.775	7.5	3.89023434669487e-17	0.799694156317551	-0.000703691834365742	33.7362637832769	0.2
14.925	7.5	5.5580407967354e-17	0.799681430117134	-0.000731868728014194	33.7122731454933	0.2
15.075	7.5	5.41758036159524e-17	0.799668160353271	-0.000761162595212459	33.6882828974699	0.2
15.225	7.5	1.94970878419748e-17	0.799654322541751	-0.000791616635958447	33.6642930558721	0.2
15.375	7.5	-5.74220266570113e-17	0.799639890989101	-0.000823275641435928	33.6403036381174	0.2
15.525	7.5	-1.68497360011684e-16	0.799624838722407	-0.000856186046090558	33.6163146624128	0.2
15.675	7.5	-2.78265650385775e-16	0.799609137418341	-0.000890395981209071	33.5923261477941	0.2
15.825	7.5	-3.20609585592935e-16	0.79959275732275	-0.000925955329373155	33.5683381141677	0.2
15.975	7.5	-2.1073006515321e-16	0.799575667165402	-0.000962915779716668	33.5443505823547	0.2
16.125	7.5	1.21204566190482e-16	0.799557834073796	-0.00100133088454248	33.5203635741377	0.2
16.275	7.5	6.75440760119567e-16	0.799539223473388	-0.00104125611870923	33.4963771123103	0.200000000000001
16.425	7.5	1.32080994936061e-15	0.799519798984593	-0.00108274893664166	33.4723912207293	0.200000000000001
16.575	7.5	1.75591509027694e-15	0.799499522314832	-0.00112586883444068	33.4484059243712	0.200000000000001
16.725	7.5	1.53673334414796e-15	0.799478353136979	-0.00117067740948998	33.4244212493904	0.200000000000001
16.875	7.5	2.13176705179541e-16	0.799456248961594	-0.00121723842388899	33.400437223183	0.2
17.025	7.5	-2.40967255442663e-15	0.799433165001163	-0.00126561786672537	33.3764538744527	0.199999999999998
17.175	7.5	-5.92986216136553e-15	0.799409054021221	-0.00131588401930357	33.3524712332829	0.199999999999995
17.325	7.5	-9.05750162200615e-15	0.799383866181338	-0.00136810751917829	33.3284893312115	0.199999999999993
17.475	7.5	-9.59168967052584e-15	0.799357548862238	-0.00142236142675502	33.304508201312	0.199999999999992
17.625	7.5	-4.91678799755849e-15	0.799330046484207	-0.00147872129177826	33.2805278782797	0.199999999999996
17.775	7.5	6.81542610523456e-15	0.799301300302645	-0.00153726522129175	33.256548398523	0.200000000000005
17.925	7.5	2.49099464734406e-14	0.799271248194496	-0.00159807394758164	33.2325698002616	0.20000000000002
18.075	7.5	4.42849345874295e-14	0.799239824425003	-0.00166123089716735	33.2085921236313	0.200000000000035
18.225	7.5	5.45929151205196e-14	0.799206959393122	-0.00172682226093466	33.1846154107961	0.200000000000044
18.375	7.5	4.16836509356806e-14	0.799172579358621	-0.00179493706438078	33.1606397060677	0.200000000000033
18.525	7.5	-7.38077355157024e-15	0.79913660614429	-0.00186566723906581	33.1366650560345	0.199999999999994
18.675	7.5	-9.55797112260457e-14	0.799098956813804	-0.00193910769365535	33.1126915096991	0.199999999999924
18.825	7.5	-2.05330884468855e-13	0.79905954332177	-0.002015356387992	33.0887191186257	0.199999999999836
18.975	7.5	-2.90669551757168e-13	0.799018272131895	-0.00209451440574974	33.0647479370998	0.199999999999767
19.125	7.5	-2.79317741106149e-13	0.798975043804134	-0.00217668602951325	33.0407780222979	0.199999999999777
19.275	7.5	-9.21977332500575e-14	0.798929752542479	-0.00226197881639066	33.0168094344716	0.199999999999926
19.425	7.5	3.15692777497734e-13	0.798882285703878	-0.00235050367553184	32.9928422371453	0.200000000000253
19.575	7.5	8.98316610229451e-13	0.798832523262112	-0.00244237494691155	32.9688764973293	0.200000000000719
19.725	7.5	1.46504458917626e-12	0.798780337222663	-0.00253771048401823	32.9449122857494	0.200000000001172
19.875	7.5	1.66531950911582e-12	0.798725590982607	-0.00263663173636917	32.9209496770957	0.200000000001332
20.025	7.5	1.0546039389536e-12	0.798668138632512	-0.00273926383769092	32.8969887502902	0.200000000000844
20.175	7.5	-7.25259377153308e-13	0.798607824190335	-0.00284573569788546	32.8730295887775	0.19999999999942
20.325	7.5	-3.65657281697582e-12	0.798544480764321	-0.00295618010058524	32.8490722808389	0.199999999997075
20.475	7.5	-7.02195188059893e-12	0.798477929633262	-0.00307073380559422	32.8251169199324	0.199999999994382
20.625	7.5	-9.20778985371277e-12	0.798407979240369	-0.00318953766198098	32.8011636050622	0.199999999992634
20.775	7.5	-7.86498571842307e-12	0.798334424085346	-0.00331273672929518	32.7772124411797	0.199999999993708
20.925	7.5	-6.49579623895545e-13	0.798257043510406	-0.00344048041167967	32.7532635396186	0.19999999999948
21.075	7.5	1.33799908911352e-11	0.798175600363014	-0.00357292260735698	32.7293170185692	0.200000000010704
21.225	7.5	3.19536897355372e-11	0.79808983952655	-0.00371022187592561	32.7053730035943	0.200000000025563
21.375	7.5	4.80759000061148e-11	0.797999486301029	-0.00385254162793521	32.6814316281915	0.200000000038461
21.525	7.5	4.99688244752957e-11	0.797904244619915	-0.00400005034090475	32.657493034407	0.200000000039975
21.675	7.5	2.38064728733813e-11	0.797803795080001	-0.00415292180692321	32.6335573735047	0.200000000019045
21.825	7.5	-3.98949246115027e-11	0.797697792769092	-0.00431133541887946	32.6096248066976	0.199999999968084
21.975	7.5	-1.36761925641493e-10	0.797585864861733	-0.00447547650212403	32.5856955059462	0.19999999989059
22.125	7.5	-2.38784989156094e-10	0.797467607961377	-0.00464553670192667	32.5617696548321	0.199999999808972
22.275	7.5	-2.89846297433201e-10	0.797342585156756	-0.00482171443760745	32.5378474495143	0.199999999768123
22.425	7.5	-2.13949772688561e-10	0.79721032276653	-0.00500421543761976	32.5139290997782	0.19999999982884
22.575	7.5	5.73822387193125e-11	0.797070306733804	-0.00519325337358547	32.4900148301892	0.200000000045906
22.725	7.5	5.37675522230331e-10	0.796921978635591	-0.0053890506077568	32.4661048813632	0.20000000043014
22.875	7.5	1.1282697537442e-09	0.796764731264788	-0.00559183907898847	32.4421995113682	0.200000000902616
23.025	7.5	1.57648048759588e-09	0.796597903724937	-0.00580186134376387	32.4182989972715	0.200000001261184
23.175	7.5	1.48775527403042e-09	0.796420775978256	-0.00601937179617239	32.3944036368433	0.200000001190204
23.325	7.5	4.32938548616798e-10	0.796232562758448	-0.00624463809381105	32.3705137504285	0.200000000346351
23.475	7.5	-1.82781628338395e-09	0.796032406757273	-0.00647794282077118	32.3466296829951	0.199999998537747
23.625	7.5	-5.03277296410673e-09	0.795819370980761	-0.00671958544127617	32.3227518063722	0.199999995973782
23.775	7.5	-8.12389735325967e-09	0.79559243017551	-0.00696988461283212	32.2988805216975	0.199999993500882
23.925	7.5	-9.16003722667588e-09	0.795350461246481	-0.00722918096159226	32.2750162621129	0.19999999267197
24.075	7.5	-5.67572780435881e-09	0.795092232605401	-0.00749784045251216	32.2511594957712	0.199999995459418
24.225	7.5	4.32732111336096e-09	0.794816392412383	-0.00777625849081187	32.2273107292396	0.200000003461857
24.375	7.5	2.07754570874834e-08	0.794521455653297	-0.00806486488717134	32.203470511401	0.200000016620366
24.525	7.5	3.97041035297607e-08	0.794205789918508	-0.00836412975316307	32.1796394379388	0.200000031763283
24.675	7.5	5.21075181632579e-08	0.793867599587857	-0.00867457031087029	32.1558181564379	0.200000041686015
24.825	7.5	4.47365270672378e-08	0.79350490789208	-0.00899675850534791	32.1320073720356	0.200000035789222
24.975	7.5	4.12079314031377e-09	0.793115536072254	-0.00933132929191633	32.1082078534447	0.200000003296635
25.125	7.5	-7.56640326340605e-08	0.792697078705976	-0.00967898960946403	32.0844204390869	0.199999939468774
25.275	7.5	-1.82702074779038e-07	0.792246874374846	-0.0100405284632207	32.0606460431172	0.19999985383834
25.425	7.5	-2.78210133852526e-07	0.791761971340455	-0.0104168292310293	32.0368856613633	0.199999777431893
25.575	7.5	-2.95224457344779e-07	0.791239088797195	-0.0108088861903689	32.0131403777031	0.199999763820434
25.725	7.5	-1.52692180990947e-07	0.790674575383942	-0.011217827991662	31.9894113720978	0.199999877846255
25.875	7.5	2.09487661001358e-07	0.790064367432818	-0.0116449508401152	31.9656999321552	0.200000167590129
26.025	7.5	7.76229264949461e-07	0.789403949144118	-0.0120917628265581	31.9420074703297	0.200000620983412
26.175	7.5	1.3983723697805e-06	0.788688314646434	-0.0125600377063995	31.9183355481445	0.200001118697896
26.325	7.5	1.75938883274647e-06	0.787911927319025	-0.0130518716457306	31.8946859067597	0.200001407511066
26.475	7.5	1.4100311693361e-06	0.787068665356389	-0.0135697314457497	31.871060499807	0.200001128024935
26.625	7.5	-8.84388883621007e-08	0.786151736451394	-0.0141164804518014	31.8474615204884	0.199999929248889
26.775	7.5	-2.89855404515174e-06	0.785153542351768	-0.014695372986317	31.8238914123062	0.199997681156764
26.925	7.5	-6.56307335002211e-06	0.784065480430626	-0.0153100240189892	31.8003528541417	0.19999474954132
27.075	7.5	-9.71270299340755e-06	0.782877687701262	-0.0159643897283821	31.7768487184914	0.199992229837605
27.225	7.5	-1.00393865339248e-05	0.781578762180589	-0.0166628324977843	31.7533820178057	0.199991968490773
27.375	7.5	-4.78701110147645e-06	0.780155529238147	-0.0174103772164192	31.7299558759377	0.199996170391119
27.525	7.5	8.06153310726581e-06	0.778592939675221	-0.0182132702837554	31.7065735823585	0.200006449226486
27.675	7.5	2.79603197785869e-05	0.776874168278725	-0.0190798974944015	31.6832387931605	0.200022368255823
27.825	7.5	4.98116593152909e-05	0.77498090486069	-0.0200219763715648	31.6599559190658	0.200039849327452
27.975	7.5	6.27916128083314e-05	0.772893689768478	-0.0210557127406789	31.6367306741285	0.200050233290247
28.125	7.5	5.1366856665772e-05	0.770591972262015	-0.0222023502109565	31.6135706501818	0.200041093485333
28.275	7.5	-1.44005313067688e-07	0.768053436572439	-0.0234873601026421	31.5904856558998	0.19999988479575
28.425	7.5	-9.89023221984192e-05	0.765252154427315	-0.0249375959079081	31.5674874705323	0.199920878142241
28.575	7.5	-0.000231980159480355	0.762155393891367	-0.0265762823547636	31.5445886910858	0.199814415872416
28.725	7.5	-0.000355693280900439	0.758719506164491	-0.0284169102543569	31.521800580082	0.19971544537528
28.875	7.5	-0.000392355986347757	0.754886179554989	-0.03045899795259	31.4991302898592	0.199686115210922
29.025	7.5	-0.000242479581604691	0.750581238646129	-0.0326908875733735	31.4765784934955	0.199806016334716
29.175	7.5	0.000181010288109547	0.745718475489533	-0.0351061577925806	31.4541390956904	0.200144808230488
29.325	7.5	0.000895919573673772	0.740209789376781	-0.0377389842385399	31.4318029891142	0.200716735658939
29.475	7.5	0.00178163806481236	0.7339794818098	-0.0407182781505723	31.4095673479024	0.20142531045185
29.625	7.5	0.00252236541942105	0.726975696449053	-0.0443314942769818	31.3874503756176	0.202017892335537
29.775	7.5	0.00260040525181173	0.719168659637385	-0.0490806162474661	31.3655087185097	0.202080324201449
29.925	7.5	0.00138125138886752	0.710526600941733	-0.055708079703798	31.3438514248491	0.201105001111094
30.075	7.5	-0.00168153153334602	0.700964937840512	-0.0651636408036565	31.3226415826482	0.198654774773323
30.225	7.5	-0.00673004569087483	0.690266154487829	-0.0784577433093992	31.3020764152939	0.1946159634473
30.375	7.5	-0.0131364465992733	0.677961796036943	-0.0962905353882048	31.2823405388409	0.189490842720581
30.525	7.5	-0.0192011805644302	0.663167583140941	-0.118303276275314	31.2635361496748	0.184639055548456
30.675	7.5	-0.0220485096359613	0.644433252497602	-0.141983001933492	31.2456065479745	0.182361192291231
30.825	7.5	-0.0178205323878491	0.619917510615649	-0.16202082127196	31.2282802647916	0.185743574089721
30.975	7.5	-0.00219011136752691	0.588408283155035	-0.171851695171159	31.2110628397557	0.198247910905978
31.125	7.5	0.0288780184573922	0.550890739339005	-0.167710758887908	31.193285050923	0.223102414765914
31.275	7.5	0.0782345134553098	0.510827120092667	-0.151453111359568	31.1741913234901	0.262587610764248
31.425	7.5	0.146635092600181	0.472353791142351	-0.128705952640558	31.1530439890294	0.317308074080145
31.575	7.5	0.231983271781847	0.438369768704513	-0.104933873159315	31.1292268219646	0.385586617425477
31.725	7.5	0.329074621124472	0.410073242313832	-0.0834081053302983	31.1023351341405	0.463259696899578
31.875	7.5	0.430263223721588	0.387457345467996	-0.0653656904992044	31.0722357001823	0.54421057897727
32.025	7.5	0.527101227695389	0.36990635578329	-0.0508628341182949	31.0390776182486	0.621680982156311
32.175	7.5	0.61232356701004	0.356593561828437	-0.0394544751901133	31.0032465762115	0.689858853608032
32.325	7.5	0.681244126945632	0.346700544303951	-0.0305643157118049	30.9652778505185	0.744995301556506
32.475	7.5	0.732067610358925	0.339521059173795	-0.0236460315174187	30.9257594932455	0.78565408828714
32.625	7.5	0.765325552529429	0.334492943281688	-0.0182372645838807	30.8852540180587	0.812260442023543
32.775	7.5	0.782979231286189	0.331189686514251	-0.0139665371738838	30.8442508774563	0.826383385028951
32.925	7.5	0.787619059162133	0.329295419708471	-0.0105426265183384	30.8031471217902	0.830095247329706
33.075	7.5	0.781928202074128	0.328577720812176	-0.00773940819485133	30.7622469085961	0.825542561659302
33.225	7.5	0.768394992942184	0.328864476448754	-0.00538136419026743	30.7217706537871	0.814715994353747
33.375	7.5	0.749193291289691	0.33002619008012	-0.0033315463868375	30.6818675639148	0.799354633031753
33.525	7.5	0.726154182672061	0.331963130631566	-0.00148237996141215	30.6426282645684	0.780923346137649
33.675	7.5	0.700778636095976	0.334596236625409	0.00025086962185509	30.6040962362847	0.760622908876781
33.825	7.5	0.674265024825025	0.337860761747316	0.00193436632648398	30.5662777957281	0.73941201986002
33.975	7.5	0.647541015287618	0.341701826363203	0.00361820724561944	30.5291507438022	0.718032812230094
34.125	7.5	0.621296988299842	0.346071203907037	0.00533770196907449	30.4926718587298	0.697037590639874
34.275	7.5	0.596020645081301	0.350924823410439	0.00711397617622957	30.4567833523538	0.676816516065041
34.425	7.5	0.572032384678852	0.356220631891471	0.00895440984196998	30.4214183438153	0.657625907743082
34.575	7.5	0.549520248495954	0.361916635989856	0.0108533298098859	30.3865053774325	0.639616198796763
34.725	7.5	0.528572699143894	0.367969111266051	0.0127932386014009	30.3519720209174	0.622858159315116
34.875	7.5	0.509207553012189	0.374331098760281	0.0147466955962922	30.3177476084341	0.607366042409752
35.025	7.5	0.491395920442426	0.380951374877541	0.0166788007102269	30.2837652215159	0.593116736353941
35.175	7.5	0.475080755571887	0.387774071051115	0.0185500919885431	30.249963017581	0.58006460445751
35.325	7.5	0.460190316636292	0.394739043029331	0.020319578637264	30.216285017573	0.568152253309034
35.475	7.5	0.446647319467926	0.401782972650085	0.0219476020430544	30.1826814545512	0.557317855574341
35.625	7.5	0.434374778103957	0.408841063583472	0.0233982506477772	30.1491087701559	0.547499822483166
35.775	7.5	0.423299500951441	0.415849101129432	0.0246411402454723	30.1155293316304	0.538639600761153
35.925	7.5	0.41335403060309	0.42274560752443	0.0256524892250509	30.0819109320131	0.530683224482472
36.075	7.5	0.404477572030372	0.42947384350632	0.0264155414544678	30.0482261309894	0.523582057624298
36.225	7.5	0.396616223445653	0.435983471846986	0.0269204898072492	30.0144514924094	0.517292978756522
36.375	7.5	0.3897226538834	0.442231785349136	0.0271641085326823	29.9805667743373	0.51177812310672
36.525	7.5	0.383755278528711	0.44818448423608	0.0271493020571225	29.9465541264842	0.507004222822969
36.675	7.5	0.378676959824957	0.453816046264928	0.0268847247437572	29.9123973465038	0.502941567859966
36.825	7.5	0.374453287680001	0.459109759478869	0.0263845366724894	29.8780812403357	0.499562630144
36.975	7.5	0.3710505393538	0.46405748685002	0.0256682589159135	29.8435911228128	0.49684043148304
37.125	7.5	0.368433465883171	0.468659217057389	0.0247606044937338	29.8089124837358	0.494746772706537
37.275	7.5	0.366563082152905	0.472922441136595	0.0236911107628239	29.7740308322713	0.493250465722324
37.425	7.5	0.365394645968521	0.476861391273174	0.0224933993580795	29.7389317194335	0.492315716774817
37.575	7.5	0.364875999084705	0.480496187907455	0.0212039432816087	29.7036009249773	0.491900799267764
37.725	7.5	0.364946415547005	0.483851958494644	0.0198603173097885	29.6680247817704	0.491957132437604
37.875	7.5	0.365536066052956	0.48695800440352	0.0184990268171018	29.6321905983697	0.492428852842365
38.025	7.5	0.366566165793829	0.489847090338366	0.0171531240817879	29.5960871303232	0.493252932635063
38.175	7.5	0.367949829479036	0.492554907422843	0.0158499023997917	29.559705044214	0.494359863583229
38.325	7.5	0.369593611508447	0.495119718978356	0.0146089857428163	29.5230373172709	0.495674889206757
38.475	7.5	0.371399662142789	0.497582147057809	0.0134410964784002	29.4860795206594	0.497119729714231
38.625	7.5	0.37326838405941	0.499985012092631	0.012347692067249	29.4488299465341	0.498614707247528
38.775	7.5	0.375101431705291	0.502373110791464	0.0113215331652887	29.4112895565296	0.500081145364233
38.925	7.5	0.376804863265096	0.504792816693904	0.0103481073828215	29.3734617503407	0.501443890612077
39.075	7.5	0.378292236424719	0.507291414195949	0.00940771252841413	29.3353519743428	0.502633789139775
39.225	7.5	0.379487437448664	0.509916124337863	0.00847792149600251	29.2969672086261	0.503589949958931
39.375	7.5	0.380327049262747	0.512712838771854	0.00753611864675374	29.2583153836812	0.504261639410198
39.525	7.5	0.38076209706168	0.515724635531977	0.00656181423123741	29.2194047836383	0.504609677649344
39.675	7.5	0.380759056712183	0.518990196345656	0.00553849995768137	29.1802434910538	0.504607245369746
39.825	7.5	0.380300068016234	0.522542273181596	0.004454890888125	29.1408389196328	0.504240054412987
39.975	7.5	0.379382356886635	0.526406358081489	0.00330549060876375	29.1011974677751	0.503505885509308
40.125	7.5	0.378016932035809	0.53059969519073	0.00209050366088138	29.0613243097937	0.502413545628647
40.275	7.5	0.376226676741933	0.535130740396608	0.00081519046170767	29.021223325524	0.500981341393547
40.425	7.5	0.374043998678479	0.539999127533953	-0.000511191492596737	28.9808971549503	0.499235198942783
40.575	7.5	0.371508226041894	0.545196147502474	-0.00187669302400945	28.940347353965	0.497206580833516
40.725	7.5	0.368662943664785	0.550705695201311	-0.00326805875285996	28.8995746212353	0.494930354931828
40.875	7.5	0.365553448834374	0.55650559561595	-0.00467204634082727	28.8585790644083	0.492442759067499
41.025	7.5	0.362224476357679	0.562569189785428	-0.00607656677192663	28.8173604759528	0.489779581086143
41.175	7.5	0.35871830130929	0.568867046614393	-0.00747157309560102	28.7759185937768	0.486974641047432
41.325	7.5	0.35507328197438	0.575368668002857	-0.00884966535354169	28.7342533282042	0.484058625579504
41.475	7.5	0.351322861015791	0.582044070359214	-0.0102064147487581	28.6923649437863	0.481058288812633
41.625	7.5	0.34749500455877	0.58886515150695	-0.0115404372000272	28.650254190854	0.477996003647016
41.775	7.5	0.343612029761137	0.595806783548519	-0.0128532638241775	28.6079223870541	0.474889623808909
41.925	7.5	0.33969075271832	0.602847604693082	-0.0141490638733922	28.5653714530633	0.471752602174656
42.075	7.5	0.335742879854896	0.609970512399469	-0.0154342756841096	28.5226039091855	0.468594303883917
42.225	7.5	0.331775565751008	0.617162883677769	-0.01671719541471	28.4796228407691	0.465420452600806
42.375	7.5	0.327792066489826	0.624416564679054	-0.018007564084497	28.4364318405906	0.46223365319186
42.525	7.5	0.323792427860167	0.631727680640299	-0.0193161827443253	28.3930349358275	0.459033942288133
42.675	7.5	0.319774160064231	0.639096319661423	-0.0206545751544763	28.3494365062815	0.455819328051385
42.825	7.5	0.315732863306433	0.646526141079029	-0.0220347082000306	28.3056411993311	0.452586290645146
42.975	7.5	0.311662780612634	0.65402395295441	-0.0234687729835425	28.2616538458827	0.449330224490107
43.125	7.5	0.307557264753456	0.661599294959104	-0.0249690242297425	28.2174793804502	0.446045811802765
43.275	7.5	0.303409154926618	0.669264054011137	-0.0265476721351183	28.1731227675002	0.442727323941295
43.425	7.5	0.299211065913194	0.677032131376614	-0.0282168187667881	28.1285889353575	0.439368852730555
43.575	7.5	0.294955597996264	0.684919172265652	-0.0299884301374901	28.0838827182528	0.435964478397012
43.725	7.5	0.290635480359229	0.692942362643285	-0.0318743347848707	28.0390088064532	0.432508384287383
43.875	7.5	0.286243664287404	0.701120293249839	-0.0338862397200016	27.9939717037515	0.428994931429923
44.025	7.5	0.281773385439988	0.70947288783814	-0.0360357547706761	27.9487756908151	0.42541870835199
44.175	7.5	0.277218216570873	0.718021391448322	-0.0383344165265779	27.903424791885	0.421774573256699
44.325	7.5	0.272572132689097	0.726788415302655	-0.0407937033973507	27.8579227410249	0.418057706151278
44.475	7.5	0.267829608475491	0.73579803774485	-0.0434250341027649	27.8122729425574	0.414263686780393
44.625	7.5	0.262985760906589	0.745075965837839	-0.0462397440238261	27.7664784186723	0.410388608725271
44.775	7.5	0.258036536198289	0.754649770090789	-0.0492490386510659	27.720541735853	0.406429228958631
44.925	7.5	0.252978917305942	0.764549215773757	-0.0524639329108434	27.6744649014148	0.402383133844754
45.075	7.5	0.247811095471326	0.774806728929877	-0.0558952020645163	27.6282492230265	0.398248876377061
45.225	7.5	0.242532508484433	0.785458054023335	-0.059553396793619	27.5818951286531	0.394026006787547
45.375	7.5	0.237143605387251	0.796543183238192	-0.0634490135388042	27.5354019528687	0.389714884309801
45.525	7.5	0.231645163618981	0.808107663702587	-0.0675929596857144	27.488767708302	0.385316130895185
45.675	7.5	0.226036976964319	0.820204414873897	-0.0719975048401325	27.4419888773713	0.380829581571455
45.825	7.5	0.220315771880367	0.832896206488517	-0.0766779495007622	27.3950602770662	0.376252617504294
45.975	7.5	0.214472316346901	0.846258944772535	-0.0816552474209046	27.3479750640311	0.371577853077521
46.125	7.5	0.208487872813968	0.860385871620957	-0.0869597577939664	27.3007249525123	0.366790298251174
46.275	7.5	0.20233041307438	0.875392673484136	-0.0926361479866388	27.2533007068922	0.361864330459504
46.425	7.5	0.195951331999637	0.891423297029734	-0.0987491973308321	27.2056929374084	0.35676106559971
46.575	7.5	0.189283713929353	0.908655952626551	-0.105389869300258	27.1578931692876	0.351426971143482
46.725	7.5	0.182243437277081	0.927308333543059	-0.112680550670757	27.1098950746355	0.345794749821665
46.875	7.5	0.17473445003084	0.947640466843874	-0.120777845728091	27.061695663326	0.339787560024672
47.025	7.5	0.166659316057993	0.969952807292552	-0.129870798074672	27.0132961420327	0.333327452846394
47.175	7.5	0.157935557034593	0.994576134173829	-0.140171898176244	26.9647020937352	0.326348445627674
47.325	7.5	0.148517396668812	1.02184846451882	-0.151897700821043	26.9159226293988	0.31881391733505
47.475	7.5	0.138421333324199	1.0520726233104	-0.165235345901627	26.8669682401664	0.310737066659359
47.625	7.5	0.12775268741055	1.08544676508659	-0.180290987701028	26.8178472411348	0.30220214992844
47.775	7.5	0.116729115742816	1.1219603383021	-0.197016843886642	26.7685609363538	0.293383292594253
47.925	7.5	0.105696306036084	1.16125249996667	-0.215116914172709	26.7190979156714	0.284557044828867
48.075	7.5	0.0951309012095264	1.20244320181025	-0.233940096260755	26.6694281624466	0.276104720967621
48.225	7.5	0.0856263752866461	1.24397321844199	-0.252386317742078	26.6194978422568	0.268501100229317
48.375	7.5	0.0778592971334136	1.28352609775173	-0.268875669474051	26.5692257091043	0.262287437706731
48.525	7.5	0.07253633101249	1.3181339040031	-0.28145031383424	26.5185020108341	0.258029064809992
48.675	7.5	0.0703263481725405	1.34455106096609	-0.288065392930945	26.467190651541	0.256261078538032
48.825	7.5	0.0717864707440886	1.35988094203002	-0.287048545620471	26.4151351793243	0.257429176595271
48.975	7.5	0.077294204742763	1.36227988798951	-0.277583932606966	26.3621687421887	0.26183536379421
49.125	7.5	0.0869981314736468	1.35145218441143	-0.259997663256672	26.3081272643059	0.269598505178917
49.275	7.5	0.100795961487301	1.32870755291053	-0.23568738642786	26.2528638955672	0.280636769189841
49.425	7.5	0.118342304714724	1.29657006814847	-0.206729274393303	26.1962620058518	0.294673843771779
49.575	7.5	0.139082137237085	1.2581429249431	-0.175360298888161	26.138244309857	0.311265709789668
49.725	7.5	0.162302102115521	1.21649561005847	-0.143550580146385	26.078776980687	0.329841681692417
49.875	7.5	0.18719090663144	1.17424805559366	-0.112774607716702	26.017869022519	0.349752725305152
50.025	7.5	0.212901001021568	1.13338869698877	-0.0839706604837873	25.9555680433985	0.370320800817255
50.175	7.5	0.238605214262275	1.09527167876608	-0.0576171330998563	25.8919537995471	0.39088417140982
50.325	7.5	0.263543595872277	1.06071266849161	-0.0338531750244571	25.8271307346116	0.410834876697822
50.475	7.5	0.287057376024635	1.03011781737672	-0.0125968312264578	25.7612204720356	0.429645900819708
50.625	7.5	0.308608730034805	1.00360679562	0.00635971787641636	25.6943549653323	0.446886984027844
50.775	7.5	0.327786487252742	0.981112866341137	0.0232815001514214	25.6266708278222	0.462229189802194
50.925	7.5	0.344299410741791	0.962455808305727	0.0384451796154537	25.5583052637383	0.475439528593433
51.075	7.5	0.357959865503154	0.947389937065661	0.0521119993575238	25.4893939670843	0.486367892402523
51.225	7.5	0.368661917510294	0.935632474044546	0.0645163144592235	25.420071249646	0.494929534008235
51.375	7.5	0.376360203981855	0.926878131165345	0.0758683880040189	25.3504723237697	0.501088163185484
51.525	7.5	0.381058065633287	0.920805794000408	0.0863698704915072	25.2807369515732	0.504846452506629
51.675	7.5	0.38281333872704	0.917082343751456	0.0962373979910619	25.211012662205	0.506250670981632
51.825	7.5	0.381764957879933	0.915366592858617	0.105724720082599	25.1414548860122	0.505411966303946
51.975	7.5	0.378171214604556	0.915313186376579	0.115129334277536	25.0722214933292	0.502536971683645
52.125	7.5	0.372432926674624	0.916573376976298	0.124769931370131	25.003461270965	0.497946341339699
52.275	7.5	0.36505952482196	0.91878886513876	0.134930646110443	24.9353001854387	0.492047619857568
52.425	7.5	0.356536215952513	0.92157817179345	0.14578953205217	24.8678349086919	0.48522897276201
52.575	7.5	0.347079700148318	0.924521855405557	0.157376315756125	24.8011472565528	0.477663760118655
52.725	7.5	0.336333923394426	0.927158423973567	0.169618664724532	24.7353517329623	0.469067138715541
52.875	7.5	0.323142811925716	0.928998019104355	0.182509566044309	24.6706773918319	0.458514249540573
53.025	7.5	0.305604774846233	0.929540680073841	0.196356164791325	24.6075640840959	0.444483819876986
53.175	7.5	0.281603016701555	0.928260028510653	0.211993274419104	24.5467276541687	0.425282413361244
53.325	7.5	0.249859076014673	0.924501199773769	0.230803768066141	24.4891322845502	0.399887260811738
53.475	7.5	0.211273283217012	0.917251583901264	0.254336693436063	24.4358187784501	0.36901862657361
53.625	7.5	0.170009216912609	0.904778540356575	0.283142609884583	24.387587408636	0.336007373530087
53.775	7.5	0.133678750614791	0.884282561738841	0.31433546556774	24.3446151001585	0.306943000491833
53.925	7.5	0.112280968497665	0.852310299774581	0.338686171176632	24.306160105801	0.289824774798132
54.075	7.5	0.116130751212812	0.80745385033686	0.342411414152094	24.2705089079513	0.292904600970249
54.225	7.5	0.153413079780501	0.75422649323757	0.318618675375376	24.2352080214505	0.322730463824401
54.375	7.5	0.227852042909444	0.701623698706547	0.276069052009595	24.1974853481538	0.382281634327555
54.525	7.5	0.336724320029748	0.656623587321382	0.230272910364745	24.154742665183	0.469379456023798
54.675	7.5	0.469960285749262	0.621493505747083	0.191154678970567	24.1050236614848	0.575968228599409
54.825	7.5	0.611821361052949	0.595526228411199	0.16134857087182	24.0473545111054	0.689457088842359
54.975	7.5	0.745558156043209	0.576920675547787	0.139776761168165	23.9818467275537	0.796446524834567
55.125	7.5	0.858645046094173	0.563711627741812	0.124413568031487	23.9095085709616	0.886916036875338
55.275	7.5	0.94533700661151	0.554198027759294	0.113425256830261	23.8318572627082	0.956269605289208
55.425	7.5	1.00582987339286	0.547107488410134	0.105443766783121	23.750519752184	1.00466389871429
55.575	7.5	1.04378855218005	0.541579402634194	0.0995272964797833	23.6669595200113	1.03503084174404
55.725	7.5	1.06408454018787	0.537062889787284	0.0950481744136215	23.5823543366897	1.0512676321503
55.875	7.5	1.07144116243298	0.533209598216906	0.0915893813087918	23.4975804702722	1.05715292994638
56.025	7.5	1.06986608891659	0.529794959482842	0.088868369591882	23.4132491099802	1.05589287113327
56.175	7.5	1.06253406649147	0.526669585232204	0.0866864142999548	23.3297584540077	1.05002725319318
56.325	7.5	1.05185888961977	0.523731927645581	0.0848971556240237	23.2473438846032	1.04148711169582
56.475	7.5	1.03961566795893	0.520913480909144	0.0833883354494902	23.1661204382193	1.03169253436715
56.625	7.5	1.02705833517432	0.518170590613738	0.0820720661181439	23.0861171198113	1.02164666813946
56.775	7.5	1.0150193482493	0.515479369921095	0.0808801774613041	23.0073042609904	1.01201547859944
56.925	7.5	1.00399417378201	0.512831834684526	0.0797621290390612	22.9296151894332	1.00319533902561
57.075	7.5	0.994215879837117	0.510232376580412	0.0786837561529151	22.8529631091121	0.995372703869694
57.225	7.5	0.98572304207296	0.507694309835732	0.0776258204225797	22.7772537753492	0.988578433658368
57.375	7.5	0.978421351255145	0.505236568912697	0.0765819480456045	22.7023944154333	0.982737081004116
57.525	7.5	0.972137493719016	0.502880767109396	0.0755559993669041	22.6282993620638	0.977709994975213
57.675	7.5	0.966663433331334	0.500648811946939	0.074559174213596	22.5548929497477	0.973330746665067
57.825	7.5	0.961789839792927	0.498561181348242	0.0736072242498422	22.4821102974785	0.969431871834341
57.975	7.5	0.957328536372764	0.496635856766841	0.0727180719737911	22.4098966199697	0.965862829098211
58.125	7.5	0.953124977700879	0.494887825898821	0.0719100008847181	22.3382056633834	0.962499982160703
58.275	7.5	0.949062592047082	0.493329023662952	0.0712004460718571	22.2669977628894	0.959250073637666
58.425	7.5	0.945061210959937	0.491968572390056	0.0706053152300846	22.1962378927	0.956048968767949
58.575	7.5	0.941071794975766	0.490813198513828	0.0701387169955587	22.1258939489989	0.952857435980613
58.725	7.5	0.937069363484564	0.489867730630522	0.0698129599462265	22.055935390935	0.949655490787651
58.875	7.5	0.93304558653759	0.489135613018356	0.0696386984918021	21.9863322749524	0.946436469230072
59.025	7.5	0.929002013634052	0.488619394145478	0.0696251282309207	21.9170546561664	0.943201610907242
59.175	7.5	0.924944479868722	0.488321169201836	0.0697801634446333	21.8480722950482	0.939955583894978
59.325	7.5	0.920878886239551	0.488242969152032	0.0701105571801619	21.7793545932481	0.936703108991641
59.475	7.5	0.916808311357003	0.488387097091709	0.070621946828202	21.710870682903	0.933446649085602
59.625	7.5	0.912731269161386	0.488756417002436	0.071318824259409	21.6425896034763	0.930185015329109
59.775	7.5	0.908640863499126	0.489354601527907	0.0722044397664606	21.5744805143298	0.926912690799301
59.925	7.5	0.904524583526605	0.490186345163697	0.0732806542486527	21.5065129063383	0.923619666821284
60.075	7.5	0.90036451260989	0.491257548084622	0.0745477555417096	21.4386567896888	0.920291610087912
60.225	7.5	0.896137769798241	0.492575474322669	0.0760042538250793	21.3708828463691	0.916910215838593
60.375	7.5	0.891817053790396	0.494148886556726	0.0776466687766071	21.3031625443446	0.913453643032317
60.525	7.5	0.887371205984439	0.495988158603849	0.0794693184861416	21.2354682161805	0.909896964787552
60.675	7.5	0.882765747171262	0.498105365902444	0.0814641177268586	21.1677731083183	0.90621259773701
60.825	7.5	0.877963370268703	0.500514353850464	0.0836203913862594	21.1000514089051	0.902370696214963
60.975	7.5	0.872924389819715	0.503230783734147	0.0859247078468094	21.0322782625324	0.898339511855772
61.125	7.5	0.867607159516863	0.506272156064023	0.0883607368850059	20.9644297799208	0.89408572761349
61.275	7.5	0.86196847384665	0.509657811301793	0.0909091371334334	20.8964830498238	0.88957477907732
61.425	7.5	0.855963971007431	0.513408908091662	0.0935474791739435	20.8284161594515	0.884771176805945
61.575	7.5	0.849548553061828	0.517548379061976	0.0962502117264126	20.760208228684	0.879638842449462
61.725	7.5	0.842676836847439	0.522100863889827	0.0989886799770887	20.6918394623293	0.874141469477951
61.875	7.5	0.835303646022082	0.527092618476162	0.101731206646293	20.6232912237698	0.868242916817666
62.025	7.5	0.82738455093417	0.532551397619562	0.104443247666545	20.5545461325783	0.861907640747336
62.175	7.5	0.818876458746037	0.538506306413017	0.107087634991158	20.4855881881586	0.85510116699683
62.325	7.5	0.80973825131465	0.54498761273062	0.10962491860158	20.4164029212621	0.84779060105172
62.475	7.5	0.799931462784909	0.552026509789117	0.112013817601769	20.3469775754283	0.839945170227927
62.625	7.5	0.789420982986222	0.559654814311321	0.114211785602651	20.2773013210399	0.831536786388977
62.775	7.5	0.778175767252357	0.567904583069907	0.116175687598374	20.2073655056927	0.822540613801885
62.925	7.5	0.76616952938638	0.576807629772764	0.117862573598244	20.1371639457364	0.812935623509104
63.075	7.5	0.753381393762481	0.586394927010037	0.119230518395967	20.0666932646447	0.802705115009985
63.225	7.5	0.73979648676675	0.596695886230742	0.120239478213818	19.9959532835364	0.7918371894134
63.375	7.5	0.725406458352379	0.607737524250275	0.120852096666061	19.9249474665965	0.780325166681903
63.525	7.5	0.710209941620563	0.619543548525161	0.1210343802583	19.8536834180616	0.768167953296451
63.675	7.5	0.694212979807684	0.632133424260516	0.120756166170675	19.7821734166999	0.755370383846147
63.825	7.5	0.677429469835233	0.645521519698143	0.119991333599737	19.7104349578619	0.741943575868186
63.975	7.5	0.659881678721923	0.659716451941433	0.118717776462276	19.6384912533103	0.727905342977538
64.125	7.5	0.641600867677645	0.674720758527396	0.116917268807873	19.5663716187942	0.713280694142116
64.275	7.5	0.622627989411571	0.690530978028784	0.11457551470669	19.4941116660097	0.698102391529257
64.425	7.5	0.603014289723912	0.707138111797877	0.111682863806812	19.4217532206358	0.68241143177913
64.575	7.5	0.582821438368728	0.724528237983504	0.108236346401467	19.3493439266061	0.666257150694983
64.725	7.5	0.5621205542356	0.742682752685343	0.10424375443064	19.2769365848024	0.64969644338848
64.875	7.5	0.540989234088221	0.761577346596189	0.0997303422387493	19.2045884237081	0.632791387270577
65.025	7.5	0.519505555359131	0.781178460725367	0.094748185481568	19.1323607091	0.615604444287305
65.175	7.5	0.497738176221105	0.801435729602241	0.0893871629405147	19.0603193440444	0.598190540976884
65.325	7.5	0.47573232514103	0.82226898285702	0.0837848305559248	18.9885373273028	0.580585860112824
65.475	7.5	0.453492894122079	0.843548885083777	0.078130221760127	18.917100020645	0.562794315297663
65.625	7.5	0.430968202342556	0.865071270960527	0.0726541470346401	18.84611397214	0.544774561874044
65.775	7.5	0.408041291367678	0.886526470918428	0.06759636768222	18.7757193738543	0.526433033094142
65.925	7.5	0.384539552785876	0.907466043743947	0.063138506270501	18.7061049264363	0.507631642228701
66.075	7.5	0.360277283418515	0.927270230486545	0.0592908304654208	18.6375218304359	0.488221826734812
66.225	7.5	0.335147904055384	0.945121256511532	0.0557213524580801	18.5702908566922	0.468118323244308
66.375	7.5	0.309280627713909	0.959993982809495	0.0515201657137648	18.5047932570751	0.447424502171127
66.525	7.5	0.283266942241356	0.970693041336093	0.0449139138898385	18.4414334077359	0.426613553793085
66.675	7.5	0.25844163784187	0.976000992465946	0.0330202660952779	18.3805600146705	0.406753310273496
66.825	7.5	0.237168632252435	0.975045652945913	0.0119190116871632	18.3223359173787	0.389734905801948
66.975	7.5	0.223033582461317	0.967974248577445	-0.0223858973406211	18.2665572169571	0.378426865969054
67.125	7.5	0.220786906880786	0.956740409047577	-0.0714969486874697	18.2124436790081	0.376629525504629
67.275	7.5	0.235835515868893	0.945115656727733	-0.131253389085522	18.1584562110679	0.388668412695114
67.425	7.5	0.273110112657146	0.936825246582138	-0.190734454446269	18.1022426983722	0.418488090125717
67.575	7.5	0.335342236896306	0.932855144816912	-0.236963530310819	18.0408411485992	0.468273789517045
67.725	7.5	0.421223025691762	0.931191677802303	-0.262269202034384	17.9711932142504	0.536978420553409
67.875	7.5	0.524407554145278	0.929271325541783	-0.267015795104723	17.8908321976838	0.619526043316222
68.025	7.5	0.634389195410726	0.925844109247178	-0.256530400670873	17.7984808780044	0.707511356328581
68.175	7.5	0.739374532342022	0.920886546370688	-0.236979946501141	17.6943186312366	0.791499625873617
68.325	7.5	0.829792978355073	0.914815397561334	-0.21323059823906	17.5798164709239	0.863834382684058
68.475	7.5	0.90049962056155	0.908031876833038	-0.188478918820389	17.4572439329661	0.92039969644924
68.625	7.5	0.950847787736462	0.9008428181176	-0.164601403679816	17.3290907917783	0.96067823018917
68.775	7.5	0.98331567253297	0.893497909805408	-0.142595657594099	17.1976179077044	0.986652538026376
68.925	7.5	1.00183573335945	0.886208346075781	-0.122916936088784	17.0646191976431	1.00146858668756
69.075	7.5	1.01052693740453	0.879141562892193	-0.105697242534718	16.9313649617413	1.00842154992363
69.225	7.5	1.01297898805704	0.872415756391515	-0.0908788214190911	16.7986556083998	1.01038319044563
69.375	7.5	1.01196660758441	0.866103573804155	-0.0782939438988948	16.6669226971323	1.00957328606753
69.525	7.5	1.00942680306798	0.860241967272184	-0.0677140939189139	16.5363370990677	1.00754144245438
69.675	7.5	1.00657133122291	0.854842811204642	-0.0588828232792306	16.4069038673544	1.00525706497833
69.825	7.5	1.00405280574382	0.84990125526418	-0.0515395191431438	16.2785360664361	1.00324224459506
69.975	7.5	1.00213590865788	0.845401357911084	-0.0454367786920365	16.1511068144405	1.0017087269263
70.125	7.5	1.00084676792197	0.841319780202112	-0.0403520106519675	16.024482291034	1.00067741433758
70.275	7.5	1.00008826706729	0.837628425177651	-0.0360935815872374	15.8985399037454	1.00007061365383
70.425	7.5	0.999719211311864	0.834296547085276	-0.0325023012530653	15.7731760190693	0.999775369049491
70.575	7.5	0.999601676205609	0.831292503059806	-0.0294495168445878	15.648307162257	0.999681340964487
70.725	7.5	0.999623991759001	0.828585144627973	-0.0268332213967111	15.5238677378003	0.999699193407201
70.875	7.5	0.999707394019815	0.826144820233052	-0.0245733895437638	15.3998063920192	0.999765915215852
71.025	7.5	0.999803333864412	0.823944000469935	-0.0226073952369656	15.2760823080978	0.99984266709153
71.175	7.5	0.99988665396237	0.82195758287557	-0.0208859956463009	15.1526620819174	0.999909323169896
71.325	7.5	0.999947988735481	0.820162957058486	-0.0193700718042925	15.0295173929744	0.999958390988385
71.475	7.5	0.999987188520826	0.818539912302465	-0.0180281251481224	14.9066234326372	0.999989750816661
71.625	7.5	1.00000846080442	0.817070456836635	-0.0168344282104665	14.7839579360792	1.00000676864353
71.775	7.5	1.00001724535822	0.815738599552631	-0.0157676915290712	14.6615006364338	1.00001379628657
71.925	7.5	1.00001850620778	0.814530127053829	-0.0148101115701145	14.539232979949	1.00001480496622
72.075	7.5	1.00001602080959	0.813432394469316	-0.013946686057671	14.4171379805745	1.00001281664767
72.225	7.5	1.00001227663889	0.812434138248643	-0.0131647103976206	14.2952001339487	1.00000982131111
72.375	7.5	1.00000867378636	0.811525312771627	-0.0124533944927459	14.1734053453321	1.00000693902908
72.525	7.5	1.00000583199905	0.810696949185023	-0.011803559906952	14.05174085074	1.00000466559924
72.675	7.5	1.00000388683974	0.809941033461125	-0.0112073923394701	13.9301951258419	1.00000310947179
72.825	7.5	1.00000272280495	0.809250400451319	-0.010658234350325	13.8087577851357	1.00000217824396
72.975	7.5	1.00000213122185	0.808618641079741	-0.0101504093921425	13.6874194768629	1.00000170497748
73.125	7.5	1.00000190196355	0.808040020396806	-0.00967907164897687	13.5661717791879	1.00000152157084
73.275	7.5	1.00000186623025	0.80750940477422	-0.00924007796310805	13.4450071018751	1.0000014929842
73.425	7.5	1.00000190810587	0.807022196974536	-0.00882987897780006	13.3239185960534	1.0000015264847
73.575	7.5	1.00000195932585	0.8065742781482	-0.00844542701787707	13.2029000731871	1.00000156746068
73.725	7.5	1.0000019873072	0.806161956018045	-0.00808409844537129	13.0819459333024	1.00000158984576
73.875	7.5	1.00000198245315	0.805781918635604	-0.00774362840539001	12.9610511018543	1.00000158596252
74.025	7.5	1.00000194766773	0.805431193165827	-0.00742205606868623	12.8402109743033	1.00000155813419
74.175	7.5	1.00000189099888	0.805107109202538	-0.00711767869132027	12.7194213673861	1.00000151279911
74.325	7.5	1.00000182120812	0.804807266150739	-0.00682901303656864	12.5986784761243	1.0000014569665
74.475	7.5	1.00000174558505	0.804529504244129	-0.0065547629245873	12.4779788357379	1.00000139646804
74.625	7.5	1.00000166923939	0.80427187879842	-0.00629379187883195	12.3573192877702	1.00000133539151
74.775	7.5	1.00000159521769	0.804032637336658	-0.00604510001706544	12.2366969498608	1.00000127617415
74.925	7.5	1.00000152497676	0.803810199258398	-0.00580780448650891	12.11610918871	1.00000121998141
75.075	7.5	1.00000145892538	0.803603137759331	-0.00558112286827128	11.9955535958584	1.0000011671403
75.225	7.5	1.00000139688739	0.803410163742063	-0.00536435907788281	11.8750279659706	1.00000111750991
75.375	7.5	1.00000133843451	0.803230111489305	-0.00515689137086514	11.7545302773524	1.0000010707476
75.525	7.5	1.00000128309128	0.803061925897647	-0.00495816212833765	11.6340586744676	1.00000102647302
75.675	7.5	1.00000123043953	0.802904651095389	-0.00476766915090247	11.5136114522458	1.00000098435163
75.825	7.5	1.00000118015522	0.802757420288548	-0.00458495823264606	11.3931870419943	1.00000094412418
75.975	7.5	1.00000113200668	0.802619446697698	-0.00440961682240181	11.2727839987443	1.00000090560534
76.125	7.5	1.00000108583549	0.802490015464387	-0.0042412686097359	11.1524009898821	1.00000086866839
76.275	7.5	1.00000104153328	0.802368476420303	-0.0040795688972082	11.0320367849278	1.00000083322663
76.425	7.5	1.00000099902142	0.80225423762378	-0.00392420064183729	10.9116902463398	1.00000079921714
76.575	7.5	1.00000095823615	0.802146759579722	-0.00377487106621876	10.7913603212363	1.00000076658892
76.725	7.5	1.00000091911931	0.802045550068182	-0.00363130875464697	10.671046033937	1.00000073529545
76.875	7.5	1.00000088161351	0.801950159514989	-0.00349326116243619	10.5507464792377	1.00000070529081
77.025	7.5	1.00000084566031	0.801860176845853	-0.00336049247731514	10.4304608163418	1.00000067652824
77.175	7.5	1.00000081120011	0.801775225771203	-0.00323278178093326	10.310188263379	1.00000064896009
77.325	7.5	1.00000077817295	0.801694961455283	-0.00310992146633698	10.1899280924513	1.00000062253836
77.475	7.5	1.00000074651936	0.80161906752815	-0.00299171587381111	10.069679625151	1.00000059721549
77.625	7.5	1.00000071618121	0.801547253403735	-0.00287798011307385	9.94944222850275	1.00000057294497
77.775	7.5	1.00000068710228	0.801479251871003	-0.00276853904456887	9.82921531128608	1.00000054968182
77.925	7.5	1.00000065922856	0.801414816929489	-0.00266322639668617	9.70899832069993	1.00000052738285
78.075	7.5	1.00000063250842	0.801353721842819	-0.00256188399904572	9.58879073933456	1.00000050600673
78.225	7.5	1.00000060689255	0.801295757387299	-0.0024643611150282	9.46859208241993	1.00000048551404
78.375	7.5	1.00000058233393	0.801240730275024	-0.00237051385915728	9.34840189532299	1.00000046586714
78.525	7.5	1.00000055878767	0.801188461733179	-0.00228020468705588	9.22821975126925	1.00000044703014
78.675	7.5	1.00000053621091	0.801138786223023	-0.00219330194743514	9.10804524926626	1.00000042896873
78.825	7.5	1.0000005145627	0.801091550284197	-0.00210967948741613	8.98787801220948	1.00000041165016
78.975	7.5	1.00000049380385	0.801046611491096	-0.00202921630320131	8.86771768515256	1.00000039504308
79.125	7.5	1.00000047389691	0.801003837510012	-0.00195179622997125	8.74756393372622	1.00000037911753
79.275	7.5	1.00000045480605	0.800963105246454	-0.00187730766524808	8.6274164426915	1.00000036384484
79.425	7.5	1.00000043649695	0.800924300073376	-0.00180564332098308	8.50727491461445	1.00000034919756
79.575	7.5	1.00000041893681	0.800887315132347	-0.00173670000046928	8.38713906865085	1.00000033514944
79.725	7.5	1.00000040209421	0.800852050699827	-0.0016703783965809	8.26700863943064	1.00000032167537
79.875	7.5	1.00000038593913	0.800818413612432	-0.00160658290834892	8.14688337603273	1.0000003087513
80.025	7.5	1.00000037044279	0.800786316744889	-0.00154522147349195	8.02676304104192	1.00000029635423
80.175	7.5	1.0000003555777	0.800755678535548	-0.00148620541463621	7.90664740968026	1.00000028446216
80.325	7.5	1.00000034131753	0.800726422554919	-0.00142944929759076	7.78653626900633	1.00000027305403
80.475	7.5	1.00000032763709	0.800698477112553	-0.00137487079992968	7.66642941717614	1.00000026210968
80.625	7.5	1.00000031451228	0.800671774899009	-0.00132239058873439	7.54632666276027	1.00000025160983
80.775	7.5	1.00000030192003	0.800646252659005	-0.0012719322062701	7.42622782411221	1.00000024153603
80.925	7.5	1.00000028983826	0.800621850893126	-0.0012234219627346	7.30613272878356	1.00000023187061
81.075	7.5	1.00000027824583	0.800598513585062	-0.00117678883517248	7.18604121298191	1.00000022259666
81.225	7.5	1.0000002671225	0.8005761879521	-0.00113196437188549	7.06595312106782	1.000000213698
81.375	7.5	1.00000025644892	0.800554824216576	-0.00108888260187825	6.94586830508759	1.00000020515914
81.525	7.5	1.00000024620654	0.800534375396338	-0.00104747994863451	6.82578662433882	1.00000019696523
81.675	7.5	1.00000023637763	0.800514797112468	-0.00100769514793309	6.705707944966	1.0000001891021
81.825	7.5	1.00000022694518	0.800496047412618	-0.000969469169368065	6.58563213958383	1.00000018155615
81.975	7.5	1.00000021789293	0.800478086608561	-0.000932745141085685	6.46555908692577	1.00000017431434
82.125	7.5	1.00000020920526	0.800460877126647	-0.000897468277734379	6.34548867151611	1.0000001673642
82.275	7.5	1.00000020086718	0.800444383369962	-0.000863585811186972	6.22542078336342	1.00000016069375
82.425	7.5	1.00000019286435	0.80042857159121	-0.000831046923954724	6.10535531767392	1.00000015429148
82.575	7.5	1.00000018518301	0.800413409775356	-0.000799802685095925	5.98529217458312	1.00000014814641
82.725	7.5	1.00000017781012	0.800398867531012	-0.000769805988518899	5.86523125890439	1.0000001422481
82.875	7.5	1.00000017073329	0.800384915990073	-0.000741011493508076	5.74517247989317	1.00000013658663
83.025	7.5	1.0000001639408	0.800371527714669	-0.000713375567438272	5.62511575102561	1.00000013115264
83.175	7.5	1.00000015742135	0.800358676610897	-0.000686856230518005	5.50506098979076	1.00000012593708
83.325	7.5	1.00000015116374	0.800346337848733	-0.000661413102576546	5.38500811749511	1.00000012093099
83.475	7.5	1.00000014515649	0.800334487787727	-0.00063700735178399	5.26495705907883	1.00000011612519
83.625	7.5	1.00000013938779	0.800323103907744	-0.000613601645234312	5.14490774294276	1.00000011151023
83.775	7.5	1.00000013384619	0.800312164744588	-0.000591160101435643	5.02486010078535	1.00000010707696
83.925	7.5	1.00000012852217	0.800301649829636	-0.000569648244538921	4.90481406744889	1.00000010281774
84.075	7.5	1.00000012341013	0.800291539633528	-0.000549032960444101	4.78476958077422	1.00000009872811
84.225	7.5	1.00000011850934	0.800281815513171	-0.000529282454580041	4.6647265814635	1.00000009480748
84.375	7.5	1.00000011382163	0.800272459662296	-0.000510366211470775	4.54468501295061	1.00000009105731
84.525	7.5	1.0000001093441	0.800263455065369	-0.000492254956010606	4.42464482127922	1.00000008747528
84.675	7.5	1.00000010505809	0.800254785455232	-0.000474920616461471	4.3046059549884	1.00000008404647
84.825	7.5	1.00000010092073	0.800246435273943	-0.000458336289071524	4.18456836500554	1.00000008073658
84.975	7.5	1.00000009687046	0.800238389635953	-0.00044247620444121	4.0645320045453	1.00000007749637
85.125	7.5	1.00000009285791	0.800230634291511	-0.000427315695454127	3.94449682901251	1.00000007428633
85.275	7.5	1.00000008890232	0.800223155587924	-0.000412831166820346	3.82446279590622	1.00000007112186
85.425	7.5	1.00000008514852	0.80021594042755	-0.000399000066189878	3.70442986472334	1.00000006811881
85.575	7.5	1.0000000818692	0.800208976225275	-0.000385800856833946	3.58439799686437	1.00000006549536
85.725	7.5	1.00000007934412	0.800202250873513	-0.000373212991834448	3.46436715554936	1.0000000634753
85.875	7.5	1.00000007758704	0.800195752726749	-0.000361216889841418	3.3443373057573	1.00000006206963
86.025	7.5	1.00000007600596	0.800189470614205	-0.000349793912316871	3.22430841419923	1.00000006080477
86.175	7.5	1.00000007325117	0.800183393872832	-0.000338926342066405	3.10428044931903	1.00000005860094
86.325	7.5	1.00000006762714	0.800177512364836	-0.000328597362802568	2.98425338128582	1.00000005410171
86.475	7.5	1.00000005834197	0.800171816416562	-0.000318791039284795	2.8642271819104	1.00000004667358
86.625	7.5	1.0000000473724	0.800166296618326	-0.0003094922977351	2.74420182441597	1.00000003789792
86.775	7.5	1.00000004084825	0.800160943489271	-0.000300686906599892	2.62417728305658	1.0000000326786
86.925	7.5	1.00000004801247	0.800155747150414	-0.00029236145846797	2.50415353272249	1.00000003840998
87.075	7.5	1.00000007585956	0.800150697314168	-0.00028450335466186	2.38413054885639	1.00000006068764
87.225	7.5	1.00000011952708	0.800145783958846	-0.000277100793997587	2.26410830809164	1.00000009562167
87.375	7.5	1.00000015279146	0.800140998826892	-0.000270142765499056	2.1440867898112	1.00000012223316
87.525	7.5	1.00000012816019	0.800136337241508	-0.000263619040991742	2.0240659781615	1.00000010252815
87.675	7.5	0.999999998037684	0.800131798814608	-0.000257520158682309	1.90404586304856	0.999999998430147
87.825	7.5	0.999999761505979	0.800127384992625	-0.000251837386410719	1.78402643787485	0.999999809204783
87.975	7.5	0.999999521491908	0.800123092028987	-0.000246562658661222	1.66400769228833	0.999999617193526
88.125	7.5	0.999999508499092	0.800118900779828	-0.000241688499472767	1.54398960105006	0.999999606799274
88.275	7.5	1.00000000721348	0.800114769535007	-0.000237207971804585	1.42397211528782	1.00000000577078
88.425	7.5	1.00000114124053	0.800110640594781	-0.000233114717808643	1.30395516760878	1.00000091299243
88.575	7.5	1.00000255711759	0.800106470666603	-0.000229403144305274	1.18393870271656	1.00000204569408
88.725	7.5	1.00000319760491	0.800102283826046	-0.000226068730074521	1.06392273408178	1.00000255808392
88.875	7.5	1.00000149529825	0.800098222038501	-0.000223108278158912	0.943907402202158	1.0000011962386
89.025	7.5	0.999996302407095	0.800094540509287	-0.000220519764129727	0.82389297893473	0.999997041925676
89.175	7.5	0.999988527758607	0.800091485932596	-0.000218301388990476	0.703879748610805	0.999990822206886
89.325	7.5	0.999982720203887	0.800089036443343	-0.000216449742180819	0.583867734557205	0.999986176163109
89.475	7.5	0.999986973279221	0.800086592850691	-0.000214957752261685	0.463856354185754	0.999989578623377
89.625	7.5	1.00000922151458	0.800082866699752	-0.000213814182672054	0.343844256456203	1.00000737721166
89.775	7.5	1.000049229229	0.800065861127837	-0.000213007141234224	0.223829721747508	1.0000393833832
89.925	7.5	1.00008897492013	0.400091336713452	-0.000212554382714213	0.103815043788526	1.00007117993611
0.075	7.7	2.86600784728109e-30	0.399999703667748	-2.86469675061443e-05	36.0880446651097	0.2
0.225	7.7	-1.16440335554272e-30	0.799999110799508	-2.86864745008075e-05	36.0640446828896	0.2
0.375	7.7	4.69760521588574e-30	0.799998517314853	-2.87656082899647e-05	36.0400447184617	0.2
0.525	7.7	-1.06748786274556e-29	0.799997922789307	-2.88846072152905e-05	36.0160447718507	0.2
0.675	7.7	-9.48078067352412e-31	0.799997326777826	-2.90438269226776e-05	35.9920448430943	0.2
0.825	7.7	-2.81110344963967e-29	0.799996728806694	-2.92437363116152e-05	35.968044932244	0.2
0.975	7.7	-8.46322846274532e-30	0.799996128368216	-2.94849150591497e-05	35.9440450393659	0.2
1.125	7.7	-3.66890818662494e-29	0.799995524912598	-2.9768048239348e-05	35.9200451645419	0.2
1.275	7.7	1.1119337047278e-29	0.799994917844077	-3.00939225008863e-05	35.8960453078712	0.2
1.425	7.7	-2.23289415723475e-31	0.799994306516578	-3.04634204569195e-05	35.8720454694713	0.2
1.575	7.7	8.97971568916318e-29	0.799993690229001	-3.08775151179709e-05	35.8480456494802	0.2
1.725	7.7	8.92946770047237e-29	0.799993068223701	-3.1337265703075e-05	35.8240458480576	0.2
1.875	7.7	1.89464629651681e-28	0.799992439685884	-3.18438117101353e-05	35.8000460653867	0.2
2.025	7.7	1.28266502860716e-28	0.799991803740368	-3.23983689090523e-05	35.7760463016764	0.2
2.175	7.7	1.40198463395339e-28	0.799991159455006	-3.30022246783553e-05	35.7520465571623	0.2
2.325	7.7	-9.29458231970603e-29	0.799990505838187	-3.36567354318671e-05	35.7280468321091	0.2
2.475	7.7	-2.39462102773486e-28	0.799989841842662	-3.43633230227291e-05	35.704047126812	0.2
2.625	7.7	-6.27379473644153e-28	0.799989166365858	-3.51234730885814e-05	35.6800474415985	0.2
2.775	7.7	-7.57449948794226e-28	0.799988478252358	-3.59387339124987e-05	35.6560477768301	0.2
2.925	7.7	-9.56396282844185e-28	0.79998777629668	-3.68107157238345e-05	35.6320481329034	0.2
3.075	7.7	-5.75350775459884e-28	0.79998705924387	-3.77410913240414e-05	35.6080485102523	0.2
3.225	7.7	-8.43551527519386e-29	0.799986325794246	-3.87315974706419e-05	35.5840489093488	0.2
3.375	7.7	1.124102738841e-27	0.799985574602686	-3.9784035925586e-05	35.5600493307046	0.2
3.525	7.7	2.15057445655922e-27	0.799984804282531	-4.09002768581879e-05	35.5360497748726	0.2
3.675	7.7	3.37713462547951e-27	0.799984013406196	-4.20822616665754e-05	35.5120502424477	0.2
3.825	7.7	3.41230947600164e-27	0.799983200506678	-4.33320065828136e-05	35.4880507340682	0.2
3.975	7.7	2.73370517626756e-27	0.799982364078349	-4.4651607180076e-05	35.4640512504173	0.2
4.125	7.7	7.57968275894753e-29	0.799981502576957	-4.60432424850521e-05	35.4400517922235	0.2
4.275	7.7	-3.00775745915373e-27	0.799980614420567	-4.75091803718228e-05	35.4160523602627	0.2
4.425	7.7	-6.81602898398295e-27	0.799979697988217	-4.90517829412073e-05	35.3920529553583	0.2
4.575	7.7	-8.32418223505233e-27	0.799978751619875	-5.06735111915505e-05	35.3680535783834	0.2
4.725	7.7	-7.72311452421987e-27	0.799977773614509	-5.23769318964708e-05	35.3440542302611	0.2
4.875	7.7	-2.68512701397931e-27	0.799976762229088	-5.416472265826e-05	35.3200549119665	0.2
5.025	7.7	3.21838086711999e-27	0.799975715676712	-5.60396782193279e-05	35.2960556245274	0.2
5.175	7.7	8.40525019401897e-27	0.799974632123815	-5.80047169436051e-05	35.2720563690259	0.2
5.325	7.7	4.80475115907305e-27	0.799973509687868	-6.00628862591217e-05	35.2480571465999	0.2
5.475	7.7	-9.04327574133e-27	0.799972346434796	-6.22173700359413e-05	35.2240579584446	0.2
5.625	7.7	-3.53091691118329e-26	0.799971140375818	-6.44714941440415e-05	35.2000588058138	0.2
5.775	7.7	-5.90630486717652e-26	0.799969889463087	-6.68287339928841e-05	35.1760596900221	0.2
5.925	7.7	-6.06950143651226e-26	0.799968591587656	-6.92927200236613e-05	35.1520606124461	0.2
6.075	7.7	-3.509395613068e-27	0.799967244574702	-7.1867245321128e-05	35.1280615745268	0.2
6.225	7.7	1.34113030018531e-25	0.799965846179939	-7.45562719233446e-05	35.1040625777716	0.2
6.375	7.7	3.55381879360221e-25	0.799964394084924	-7.73639389237549e-05	35.080063623756	0.2
6.525	7.7	5.9324153402797e-25	0.799962885893336	-8.02945681523429e-05	35.0560647141265	0.2
6.675	7.7	7.1577451672288e-25	0.799961319126711	-8.33526721502819e-05	35.0320658506024	0.2
6.825	7.7	5.06151726551154e-25	0.799959691218185	-8.65429622487009e-05	35.0080670349789	0.2
6.975	7.7	-2.45483225459722e-25	0.799957999510312	-8.98703547888557e-05	34.9840682691293	0.2
7.125	7.7	-1.65364172863362e-24	0.799956241247414	-9.3339981071948e-05	34.9600695550083	0.2
7.275	7.7	-3.5233122807253e-24	0.799954413572075	-9.69571929285128e-05	34.9360708946545	0.2
7.425	7.7	-5.22112263414837e-24	0.799952513519885	-0.000100727574145434	34.9120722901939	0.2
7.575	7.7	-5.55928350946274e-24	0.799950538012265	-0.000104656946494688	34.8880737438433	0.2
7.725	7.7	-3.01796602705441e-24	0.799948483853482	-0.000108751379752484	34.8640752579132	0.2
7.875	7.7	3.777392274659e-24	0.799946347722887	-0.000113017201652518	34.8400768348121	0.2
8.025	7.7	1.50549025574483e-23	0.799944126168827	-0.000117461006261489	34.8160784770498	0.2
8.175	7.7	2.875848800168e-23	0.799941815603993	-0.000122089664783507	34.7920801872419	0.2
8.325	7.7	3.94215588898942e-23	0.799939412296864	-0.000126910335218496	34.7680819681136	0.2
8.475	7.7	3.80626337572806e-23	0.799936912367583	-0.000131930474111524	34.7440838225041	0.2
8.625	7.7	1.37457190191274e-23	0.799934311777363	-0.000137157846281243	34.7200857533715	0.2
8.775	7.7	-4.20119810115986e-23	0.799931606325614	-0.000142600537659266	34.6960877637975	0.2
8.925	7.7	-1.28125407409207e-22	0.799928791639123	-0.000148266966342826	34.672089856992	0.2
9.075	7.7	-2.25060773332262e-22	0.799925863165538	-0.000154165895088138	34.6480920362991	0.2
9.225	7.7	-2.8812625348649e-22	0.799922816165484	-0.000160306445112811	34.6240943052021	0.2
9.375	7.7	-2.48655350781157e-22	0.79991964570359	-0.000166698108521709	34.6000966673292	0.2
9.525	7.7	-3.08819703145316e-23	0.799916346639592	-0.000173350762556263	34.5760991264599	0.2
9.675	7.7	4.10474426220421e-22	0.799912913619974	-0.000180274683860053	34.5521016865308	0.2
9.825	7.7	1.03379163658091e-21	0.799909341067892	-0.000187480563635904	34.5281043516427	0.2
9.975	7.7	1.65196179163984e-21	0.799905623172073	-0.000194979523039779	34.5041071260668	0.2
10.125	7.7	1.9051048290747e-21	0.799901753878806	-0.000202783129466479	34.4801100142523	0.2
10.275	7.7	1.31188030427991e-21	0.799897726879185	-0.000210903412683925	34.456113020834	0.2
10.425	7.7	-5.58139905166213e-22	0.799893535597808	-0.000219352883125669	34.4321161506396	0.2
10.575	7.7	-3.78217561051372e-21	0.799889173181434	-0.000228144548917566	34.4081194086981	0.2
10.725	7.7	-7.7155519033319e-21	0.799884632485839	-0.000237291934732279	34.3841228002487	0.2
10.875	7.7	-1.0717000202364e-20	0.799879906064065	-0.000246809101304545	34.360126330749	0.2
11.025	7.7	-1.02193331505818e-20	0.79987498615025	-0.000256710665106325	34.3361300058849	0.2
11.175	7.7	-3.41393761791572e-21	0.799869864647875	-0.000267011819121675	34.31213383158	0.2
11.325	7.7	1.13051656251684e-20	0.799864533112628	-0.000277728354179673	34.288137814006	0.2
11.475	7.7	3.23186640929243e-20	0.799858982737208	-0.000288876680936701	34.2641419595932	0.2
11.625	7.7	5.28644407373006e-20	0.79985320433598	-0.000300473852958262	34.2401462750418	0.2
11.775	7.7	6.04595634592553e-20	0.799847188325064	-0.000312537590121016	34.2161507673331	0.2
11.925	7.7	3.9201274938033e-20	0.799840924705793	-0.000325086303640829	34.1921554437422	0.2
12.075	7.7	-2.38597336714229e-20	0.799834403044754	-0.000338139120377683	34.1681603118507	0.2
12.225	7.7	-1.28416800434645e-19	0.799827612453384	-0.000351715910098354	34.1441653795596	0.2
12.375	7.7	-2.49315035422984e-19	0.799820541567639	-0.00036583731090396	34.1201706551035	0.2
12.525	7.7	-3.29361777492325e-19	0.799813178523586	-0.000380524758780281	34.0961761470655	0.2
12.675	7.7	-2.84778415203379e-19	0.799805510935439	-0.000395800515148194	34.0721818643921	0.2
12.825	7.7	-3.12277456768584e-20	0.799797525870394	-0.000411687696369036	34.0481878164094	0.2
12.975	7.7	4.66616144888152e-19	0.799789209821247	-0.000428210304840301	34.0241940128399	0.2
13.125	7.7	1.13055063137443e-18	0.799780548679419	-0.000445393260364472	34.0002004638201	0.2
13.275	7.7	1.71419227299303e-18	0.799771527706623	-0.000463262432204423	33.9762071799191	0.2
13.425	7.7	1.7995740089902e-18	0.799762131502717	-0.00048184467162088	33.9522141721577	0.2
13.575	7.7	8.92364005429013e-19	0.799752343972721	-0.000501167848010525	33.928221452029	0.2
13.725	7.7	-1.35281085320333e-18	0.799742148294548	-0.000521260882566579	33.9042290315193	0.2
13.875	7.7	-4.79515913347249e-18	0.799731526879464	-0.000542153784627712	33.8802369231313	0.2
14.025	7.7	-8.45882538069802e-18	0.799720461337361	-0.000563877689575715	33.8562451399066	0.2
14.175	7.7	-1.03691212971114e-17	0.799708932431773	-0.000586464895765439	33.8322536954511	0.2
14.325	7.7	-7.83520981522099e-18	0.799696920039985	-0.000609948904566127	33.8082626039607	0.2
14.475	7.7	1.59121621353346e-18	0.799684403105939	-0.000634364459570868	33.7842718802486	0.2
14.625	7.7	1.84493123544968e-17	0.799671359590938	-0.0006597475882454	33.7602815397743	0.2
14.775	7.7	3.93532483586343e-17	0.799657766423568	-0.000686135643611162	33.7362915986732	0.2
14.925	7.7	5.55124864258652e-17	0.799643599444351	-0.000713567345915804	33.7123020737889	0.2
15.075	7.7	5.31414677150189e-17	0.799628833345845	-0.000742082828248344	33.6883129827065	0.2
15.225	7.7	1.71946672299368e-17	0.799613441614535	-0.000771723679212546	33.6643243437881	0.2
15.375	7.7	-6.08340031072785e-17	0.799597396460949	-0.000802532989432151	33.6403361762097	0.2
15.525	7.7	-1.72061500524036e-16	0.799580668751437	-0.00083455539699672	33.6163485000005	0.2
15.675	7.7	-2.80040107872678e-16	0.799563227933433	-0.000867837134714311	33.5923613360846	0.2
15.825	7.7	-3.1788836421183e-16	0.799545041955875	-0.000902426077680109	33.5683747063245	0.2
15.975	7.7	-2.00919518608055e-16	0.799526077181847	-0.00093837179017189	33.5443886335672	0.2
16.125	7.7	1.38957458440665e-16	0.799506298300419	-0.000975725576445066	33.5204031416935	0.2
16.275	7.7	6.98127673286419e-16	0.799485668227326	-0.00101454052812832	33.4964182556692	0.200000000000001
16.425	7.7	1.33974131717373e-15	0.799464148001852	-0.00105487157500909	33.4724340015999	0.200000000000001
16.575	7.7	1.75655464936105e-15	0.799441696673865	-0.00109677553292952	33.4484504067891	0.200000000000001
16.725	7.7	1.50182154270745e-15	0.799418271186054	-0.00114031115632179	33.4244674997995	0.200000000000001
16.875	7.7	1.30349085946173e-16	0.799393826243511	-0.00118553918650189	33.4004853105179	0.2
17.025	7.7	-2.53610575936664e-15	0.799368314177292	-0.00123252240206896	33.3765038702249	0.199999999999998
17.175	7.7	-6.0660801425111e-15	0.799341684795303	-0.00128132566826074	33.3525232116673	0.199999999999995
17.325	7.7	-9.132880875443e-15	0.799313885223679	-0.00133201598758342	33.3285433691371	0.199999999999993
17.475	7.7	-9.50647128461929e-15	0.799284859733813	-0.00138466254678367	33.3045643785539	0.199999999999992
17.625	7.7	-4.57395123655234e-15	0.79925454955763	-0.00143933676600471	33.2805862775531	0.199999999999996
17.775	7.7	7.45064448640532e-15	0.799222892688493	-0.00149611234619001	33.2566091055804	0.200000000000006
17.925	7.7	2.57326498380547e-14	0.79918982366534	-0.00155506531442263	33.2326329039918	0.200000000000021
18.075	7.7	4.49846059227484e-14	0.799155273338273	-0.00161627406820184	33.2086577161605	0.200000000000036
18.225	7.7	5.46483734453302e-14	0.79911916861723	-0.00167981941975406	33.1846835875915	0.200000000000044
18.375	7.7	4.04776838982746e-14	0.799081432199896	-0.0017457846361021	33.1607105660435	0.200000000000032
18.525	7.7	-1.02854437315186e-14	0.799041982272286	-0.00181425547846701	33.1367387016595	0.199999999999992
18.675	7.7	-1.00019039939209e-13	0.799000732191557	-0.00188532023922594	33.1127680471071	0.19999999999992
18.825	7.7	-2.10089517194079e-13	0.798957590133864	-0.00195906977573028	33.088798657728	0.199999999999832
18.975	7.7	-2.93242953255456e-13	0.798912458715743	-0.00203559754122462	33.0648305916991	0.199999999999765
19.125	7.7	-2.76221196369393e-13	0.798865234582849	-0.00211499961306054	33.0408639102051	0.199999999999779
19.275	7.7	-8.01375798882713e-14	0.798815807957941	-0.00219737471733017	33.0168986776242	0.199999999999936
19.425	7.7	3.37695731729784e-13	0.79876406215275	-0.00228282424924087	32.9929349617277	0.20000000000027
19.575	7.7	9.26247257886258e-13	0.798709873032012	-0.00237145229023846	32.968972833895	0.200000000000741
19.725	7.7	1.4877473136471e-12	0.798653108429809	-0.00246336561954568	32.9450123693456	0.20000000000119
19.875	7.7	1.66465377622749e-12	0.798593627511607	-0.002558673724149	32.9210536473889	0.200000000001332
20.025	7.7	1.00991009120742e-12	0.798531280073621	-0.00265748879997238	32.8970967516946	0.200000000000808
20.175	7.7	-8.27120612273923e-13	0.798465905779469	-0.00275992575391393	32.8731417705843	0.199999999999338
20.325	7.7	-3.80653226123178e-12	0.79839733332018	-0.00286610219570068	32.8491887973479	0.199999999996955
20.475	7.7	-7.17396478062712e-12	0.798325379492947	-0.00297613842951367	32.8252379305858	0.199999999994261
20.625	7.7	-9.27280382372758e-12	0.798249848191029	-0.00309015743976659	32.8012892745797	0.199999999992582
20.775	7.7	-7.72529391919633e-12	0.79817052929089	-0.0032082848728951	32.7773429396961	0.19999999999382
20.925	7.7	-2.03619908456131e-13	0.798087197429929	-0.00333064901789862	32.7533990428238	0.199999999999837
21.075	7.7	1.4141479325522e-11	0.797999610659838	-0.00345738078260607	32.7294577078504	0.200000000011313
21.225	7.7	3.28574116156459e-11	0.797907508962957	-0.00358861367108759	32.7055190661815	0.200000000026286
21.375	7.7	4.87034507293792e-11	0.797810612615023	-0.00372448376064291	32.6815832573063	0.200000000038963
21.525	7.7	4.96855568103528e-11	0.797708620378974	-0.00386512968177866	32.6576504294152	0.200000000039748
21.675	7.7	2.19490199835913e-11	0.797601207508021	-0.00401069260434272	32.633720740074	0.200000000017559
21.825	7.7	-4.36394356478592e-11	0.797488023532906	-0.00416131622998688	32.6097943569606	0.199999999965088
21.975	7.7	-1.41838273203404e-10	0.797368689816548	-0.00431714679867677	32.5858714586704	0.199999999886529
22.125	7.7	-2.43301781864006e-10	0.797242796838263	-0.00447833311285157	32.5619522355987	0.199999999805359
22.275	7.7	-2.90491265940001e-10	0.797109901183224	-0.00464502658483024	32.5380368909067	0.199999999767607
22.425	7.7	-2.06700890710193e-10	0.796969522202593	-0.00481738131842442	32.5141256415833	0.199999999834639
22.575	7.7	7.54376266778406e-11	0.796821138308379	-0.00499555423261494	32.4902187196141	0.20000000006035
22.725	7.7	5.65488136652741e-10	0.79666418286157	-0.00517970523940147	32.4663163732704	0.200000000452391
22.875	7.7	1.15772416815514e-09	0.796498039604022	-0.00536999748873425	32.4424188685343	0.200000000926179
23.025	7.7	1.59071877361114e-09	0.796322037578746	-0.00556659769226975	32.4185264906728	0.200000001272575
23.175	7.7	1.46332612317503e-09	0.796135445463752	-0.00576967654084889	32.3946395459755	0.200000001170661
23.325	7.7	3.48095820677907e-10	0.795937465228951	-0.00597940923265696	32.3707583636654	0.200000000278477
23.475	7.7	-1.97791751918872e-09	0.795727225016684	-0.00619597613450496	32.3468832979953	0.199999998417666
23.625	7.7	-5.21678088091915e-09	0.795503771130716	-0.00641956361028419	32.3230147305421	0.199999995826575
23.775	7.7	-8.25889014259039e-09	0.7952660590303	-0.00665036506731956	32.2991530727234	0.199999993392888
23.925	7.7	-9.11339425123527e-09	0.795012943228023	-0.00688858229349827	32.2752987685766	0.199999992709285
24.075	7.7	-5.29975769218912e-09	0.794743166027147	-0.00713442717326319	32.2514522978686	0.199999995760194
24.225	7.7	5.11774615656616e-09	0.794455345038611	-0.00738812388704854	32.2276141796259	0.200000004094197
24.375	7.7	2.18886887993053e-08	0.794147959396221	-0.00764991167729308	32.2037849761905	0.200000017510951
24.525	7.7	4.07562321703812e-08	0.793819334510011	-0.00792004822991261	32.1799652978902	0.200000032604986
24.675	7.7	5.2376064039759e-08	0.793467625024887	-0.00819881365762624	32.1561558083551	0.200000041900851
24.825	7.7	4.32796497689078e-08	0.793090795408909	-0.00848651500392095	32.1323572304146	0.20000003462372
24.975	7.7	1.5007938947464e-10	0.792686597349167	-0.0087834911860685	32.1085703523927	0.200000000120064
25.125	7.7	-8.21398079192285e-08	0.792252542968208	-0.00909011840197655	32.0847960345451	0.199999934288154
25.275	7.7	-1.90095373800828e-07	0.791785872986061	-0.00940681633260208	32.0610352154327	0.199999847923701
25.425	7.7	-2.82784551299488e-07	0.791283519439266	-0.00973405597326749	32.0372889182895	0.199999773772359
25.575	7.7	-2.91298625467928e-07	0.790742063461272	-0.0100723705556406	32.0135582579694	0.1999997669611
25.725	7.7	-1.34256884362336e-07	0.790157689702152	-0.0104223715160938	31.989844449764	0.199999892594492
25.875	7.7	2.45341377865537e-07	0.78952613971399	-0.0107847714441317	31.9661488220475	0.200000196273102
26.025	7.7	8.24398326532719e-07	0.788842666232932	-0.0111604149262737	31.9424728348923	0.200000659518661
26.175	7.7	1.44091584286599e-06	0.78810198798014	-0.0115503158845279	31.9188181059966	0.200001152732674
26.325	7.7	1.76386805630042e-06	0.787298239929552	-0.0119556965806965	31.8951864430722	0.200001411094445
26.475	7.7	1.33521554711732e-06	0.786424907604906	-0.0123780199833533	31.8715798783151	0.200001068172438
26.625	7.7	-2.75645459361703e-07	0.785474727964956	-0.0128190058570129	31.8480006966047	0.199999779483633
26.775	7.7	-3.19416883684404e-06	0.78443953752269	-0.0132806247877912	31.8244514466002	0.199997444664931
26.925	7.7	-6.89088737697712e-06	0.783310054878526	-0.0137650764027944	31.8009349257051	0.199994487290098
27.075	7.7	-9.89843477821882e-06	0.782075602988377	-0.0142747793227214	31.7774541387559	0.199992081252177
27.225	7.7	-9.81959223850385e-06	0.780723805130582	-0.0148124275096836	31.7540122474436	0.199992144326209
27.375	7.7	-3.88263359567891e-06	0.779240319409032	-0.0153811903069621	31.7306125503815	0.199996893893123
27.525	7.7	9.78642819988376e-06	0.777608692898889	-0.0159851337225617	31.7072585544002	0.20000782914256
27.675	7.7	3.02653813819126e-05	0.775810395455905	-0.0166298961238098	31.6839542024047	0.200024212305106
27.825	7.7	5.18399732587437e-05	0.773825015106481	-0.0173235451405802	31.6607042954255	0.200041471978607
27.975	7.7	6.29628756347118e-05	0.771630460194665	-0.0180773770050181	31.637515073882	0.200050370300508
28.125	7.7	4.76074709912031e-05	0.769202850909885	-0.0189062347061	31.6143948076363	0.200038085976793
28.275	7.7	-9.6258837179853e-06	0.766515668703928	-0.0198278050034019	31.5913541140749	0.199992299293026
28.425	7.7	-0.000114203947156394	0.76353776912101	-0.0208604384736971	31.5684056383278	0.199908636842275
28.575	7.7	-0.000249647804511058	0.760230147379744	-0.0220194757153247	31.5455627756941	0.199800281756391
28.725	7.7	-0.000367079432113057	0.75654191547248	-0.0233129867889574	31.522837379034	0.19970633645431
28.875	7.7	-0.000383393995945815	0.752406722887251	-0.0247392460764188	31.5002369114001	0.199693284803243
29.025	7.7	-0.000196483971756286	0.74774153237323	-0.0262898555384781	31.4777622080336	0.199842812822595
29.175	7.7	0.000276010872377376	0.742449623635089	-0.027963312700051	31.455407680072	0.200220808697902
29.325	7.7	0.00103485345761429	0.736428073357269	-0.0297925891701276	31.4331660488151	0.200827882766091
29.475	7.7	0.00192694238417055	0.72957630229958	-0.0318858996857683	31.4110390928375	0.201541553907336
29.625	7.7	0.0025909271550072	0.72179776199075	-0.034473200124988	31.3890540663173	0.202072741724006
29.775	7.7	0.00246258140790546	0.712984559859035	-0.0379451139855524	31.3672823970167	0.201970065126324
29.925	7.7	0.000884576985458802	0.702977460785189	-0.0428674792447208	31.3458536049206	0.200707661588367
30.075	7.7	-0.00265245641290826	0.691499942206381	-0.0499476215223657	31.3249545083257	0.197878034869673
30.225	7.7	-0.00815378868822984	0.678070241403704	-0.0599039691516002	31.3048038100177	0.193476969049416
30.375	7.7	-0.0147261190265777	0.661900387817422	-0.073142597415714	31.2855972157929	0.188219104778738
30.525	7.7	-0.020275152493376	0.641818968143193	-0.0891256150604377	31.2674291204834	0.183779878005299
30.675	7.7	-0.0214389403308802	0.616364968187805	-0.105534769043417	31.2502111922928	0.182848847735296
30.825	7.7	-0.0138524794513169	0.584391243901092	-0.118048184335612	31.2336186332182	0.188918016438947
30.975	7.7	0.00725520202259212	0.546315584156202	-0.122074230640299	31.2170905819062	0.205804161618074
31.125	7.7	0.0462114624750214	0.504960300205799	-0.115963601594586	31.1998884269853	0.236969169980017
31.275	7.7	0.105890318626152	0.464489131564243	-0.102235107263464	31.1811925749424	0.284712254900921
31.425	7.7	0.186632679773499	0.428298818870339	-0.0853050476293761	31.1602147025779	0.349306143818799
31.575	7.7	0.28533649954017	0.398008683079214	-0.0687280806561696	31.1363103522959	0.428269199632136
31.725	7.7	0.395254760696361	0.373791328771371	-0.0543113192229007	31.1090782445332	0.516203808557089
31.875	7.7	0.507068561995974	0.355048626792339	-0.0425543304234153	31.0784246000407	0.605654849596779
32.025	7.7	0.611141930982991	0.340889087387036	-0.033295823338136	31.0445671677354	0.688913544786393
32.175	7.7	0.699922988534647	0.330388253808525	-0.0261375875855841	31.0079716671694	0.759938390827718
32.325	7.7	0.769285867305454	0.322722610524183	-0.0206502211897638	30.9692447523511	0.815428693844363
32.475	7.7	0.81844431068532	0.317225980313001	-0.016452579274941	30.9290244841373	0.854755448548256
32.625	7.7	0.848966041151445	0.313393501564067	-0.0132321102224068	30.887899561823	0.879172832921156
32.775	7.7	0.86362925652265	0.310857086950024	-0.0107414864883523	30.8463663683605	0.89090340521812
32.925	7.7	0.865558138336117	0.309352700592637	-0.00878764427217022	30.804816470633	0.892446510668894
33.075	7.7	0.857726007574956	0.308690904518816	-0.00721987045679161	30.7635421468976	0.886180806059965
33.225	7.7	0.842738506461491	0.308734333057764	-0.00591941020652961	30.7227496842561	0.874190805169193
33.375	7.7	0.822778306613366	0.309381746062547	-0.00479134544625879	30.6825743323378	0.858222645290692
33.525	7.7	0.799623393825335	0.310557116567984	-0.00375879097728577	30.6430941581029	0.839698715060268
33.675	7.7	0.77468964019448	0.312202250561923	-0.0027591558021104	30.6043420088173	0.819751712155584
33.825	7.7	0.74907623782647	0.314271783264798	-0.00174207573798249	30.5663156592718	0.799260990261176
33.975	7.7	0.723607938810967	0.31672970923706	-0.000668550604995203	30.5289864558063	0.778886351048774
34.125	7.7	0.698874452668042	0.319546832133746	0.000489206021058462	30.4923067250229	0.759099562134434
34.275	7.7	0.675268652590859	0.322698698144458	0.00174767116998665	30.4562160977001	0.740214922072687
34.425	7.7	0.653024316366788	0.326163737530786	0.00311205911236	30.4206468075129	0.72241945309343
34.575	7.7	0.632252776798603	0.329921489403012	0.00457677710484763	30.3855279890343	0.705802221438882
34.725	7.7	0.612976980545075	0.333950915614526	0.0061264163070362	30.3507890114766	0.69038158443606
34.875	7.7	0.595161305386285	0.338228903413901	0.00773727104341239	30.3163619203606	0.676129044309028
35.025	7.7	0.578735923362026	0.342729102196221	0.00937927574371027	30.2821830959097	0.662988738689621
35.175	7.7	0.563615226822434	0.34742123549309	0.0110181840147545	30.2481942598074	0.650892181457947
35.325	7.7	0.549710569807446	0.352270984140904	0.0126177884614246	30.2143429661532	0.639768455845957
35.475	7.7	0.536938127702798	0.357240466055346	0.014141988160705	30.1805827007384	0.629550502162238
35.625	7.7	0.525222966367471	0.362289260789899	0.0155565469222526	30.1468726917139	0.620178373093977
35.775	7.7	0.514500451445233	0.367375860196112	0.0168304430877339	30.1131775114346	0.611600361156187
35.925	7.7	0.504715986375823	0.372459382271246	0.0179367823884468	30.0794665290811	0.603772789100659
36.075	7.7	0.49582382844726	0.377501368793269	0.0188533180871179	30.0457132594164	0.596659062757808
36.225	7.7	0.487785472770226	0.382467496456511	0.0195626834957395	30.0118946452129	0.590228378216181
36.375	7.7	0.480567868986229	0.38732905838812	0.0200524771318888	29.9779903083702	0.584454295188984
36.525	7.7	0.474141573695453	0.392064108646567	0.0203153400323667	29.943981805665	0.579313258956362
36.675	7.7	0.468478849275963	0.396658198804767	0.0203491250331182	29.9098519274203	0.57478307942077
36.825	7.7	0.463551687654784	0.401104669476729	0.0201571853886808	29.875584079369	0.570841350123827
36.975	7.7	0.459329748709494	0.405404491718722	0.0197487203521306	29.8411617881008	0.567463798967595
37.125	7.7	0.455778239379918	0.409565687356534	0.0191390304588404	29.8065683674723	0.564622591503934
37.275	7.7	0.45285580653506	0.413602396419831	0.0183494796967754	29.7717867761649	0.562284645228048
37.425	7.7	0.450512564015876	0.417533702774387	0.0174069563275986	29.7367996844513	0.5604100512127
37.575	7.7	0.448688415385378	0.421382368560988	0.016342679790056	29.7015897510384	0.558950732308302
37.725	7.7	0.447311863275882	0.425173652078226	0.0151903139677046	29.6661400894046	0.557849490620705
37.875	7.7	0.446299507549567	0.428934379322886	0.013983496566378	29.6304348794673	0.557039606039653
38.025	7.7	0.445556420412543	0.432692398403812	0.0127530461814064	29.5944600581022	0.556445136330034
38.175	7.7	0.444977540572053	0.436476470227006	0.0115242231589322	29.5582040052816	0.555982032457642
38.325	7.7	0.444450148144107	0.440316551620255	0.0103144639070865	29.5216581355911	0.555560118515286
38.475	7.7	0.443857372338187	0.4442443305949	0.00913196433758889	29.4848173106009	0.55508589787055
38.625	7.7	0.443082558490815	0.448293801923302	0.00797536310703567	29.4476800066545	0.554466046792652
38.775	7.7	0.442014199785265	0.452501643026612	0.00683459713803845	29.4102482029547	0.553611359828212
38.925	7.7	0.440551043790194	0.456907172315948	0.005692810888593	29.3725269916783	0.552440835032155
39.075	7.7	0.438606932864954	0.461551739016711	0.00452903761811536	29.3345239490128	0.550885546291964
39.225	7.7	0.43611494064771	0.46647748995399	0.00332126556301884	29.2962483371113	0.548891952518168
39.375	7.7	0.433030424665803	0.471725565250256	0.00204946824340685	29.2577102269328	0.546424339732643
39.525	7.7	0.429332719097834	0.477333872655404	0.000698213442109432	29.2189196379532	0.543466175278267
39.675	7.7	0.425025327026936	0.483334664586618	-0.000741445208726152	29.1798857827019	0.540020261621549
39.825	7.7	0.420134619907249	0.489752183598843	-0.00227096810388821	29.140616484347	0.536107695925799
39.975	7.7	0.414707194440747	0.496600646971718	-0.00388426321539758	29.1011178082848	0.531765755552597
40.125	7.7	0.408806156500215	0.503882810112014	-0.00556847398024664	29.0613939188735	0.527044925200172
40.275	7.7	0.402506684722647	0.511589286517959	-0.00730544631171876	29.0214471448952	0.522005347778118
40.425	7.7	0.395891265012236	0.519698717802516	-0.00907363876482875	28.981278215845	0.516713012009789
40.575	7.7	0.38904497995058	0.528178792418764	-0.0108502175450925	28.9408866179512	0.511235983960464
40.725	7.7	0.382051189356698	0.536988019313448	-0.0126130916783799	28.9002710144502	0.505640951485358
40.875	7.7	0.374987860541511	0.546078085511667	-0.0143426861170637	28.8594296780447	0.499990288433209
41.025	7.7	0.367924712897659	0.555396574705113	-0.0160233116340714	28.8183608926056	0.494339770318127
41.175	7.7	0.360921245566319	0.564889802930027	-0.0176440587325912	28.7770632934921	0.488736996453056
41.325	7.7	0.35402563109969	0.574505537720566	-0.0191992079217128	28.7355361289223	0.483220504879752
41.475	7.7	0.34727439073985	0.584195403896848	-0.0206882023817648	28.693779436694	0.47781951259188
41.625	7.7	0.340692722079307	0.593916833975126	-0.0221152663534081	28.6517941399778	0.472554177663446
41.775	7.7	0.334295327378266	0.603634483941538	-0.0234887720481535	28.6095820723702	0.467436261902613
41.925	7.7	0.328087587627159	0.613321096167188	-0.0248204609679217	28.567145945959	0.462470070101727
42.075	7.7	0.322066938814033	0.622957842975927	-0.0261246157790648	28.5244892772684	0.457653551051226
42.225	7.7	0.316224327560779	0.632534222255303	-0.0274172608131848	28.4816162852611	0.452979462048623
42.375	7.7	0.310545648538522	0.642047599017568	-0.028715447359246	28.438531773751	0.448436518830817
42.525	7.7	0.305013092059553	0.651502495023753	-0.0300366579445789	28.395241008193	0.444010473647643
42.675	7.7	0.299606354327042	0.660909725214816	-0.0313983444370748	28.3517495943316	0.439685083461634
42.825	7.7	0.294303683460948	0.67028546823422	-0.0328175995291234	28.3080633638854	0.435442946768758
42.975	7.7	0.289082750974297	0.679650342269434	-0.0343109504456196	28.2641882704923	0.431266200779438
43.125	7.7	0.283921350869764	0.689028539773002	-0.0358942572483974	28.2201302975947	0.427137080695811
43.275	7.7	0.278797937403869	0.69844705754901	-0.0375826951544971	28.1758953787939	0.423038349923095
43.425	7.7	0.273692018490863	0.707935043673262	-0.0393907999245247	28.1314893303745	0.418953614792691
43.575	7.7	0.26858442543229	0.717523270471007	-0.0413325567320281	28.0869177951183	0.414867540345832
43.725	7.7	0.263457481861971	0.727243733601029	-0.0434215152652027	28.0421861960661	0.410765985489577
43.875	7.7	0.258295096044438	0.737129371100305	-0.0456709166452673	27.9972996984412	0.406636076835551
44.025	7.7	0.25308280125109	0.747213892884607	-0.0480938207940271	27.9522631773908	0.402466241000872
44.175	7.7	0.247807768760587	0.757531710472074	-0.0507032261108838	27.9070811884333	0.39824621500847
44.325	7.7	0.242458816450809	0.768117958514561	-0.0535121769109821	27.8617579364574	0.393967053160647
44.475	7.7	0.237026431698589	0.77900860413381	-0.0565338584898008	27.8162972378546	0.389621145358872
44.625	7.7	0.231502818515089	0.790240647248341	-0.0597816857480802	27.7707024690813	0.385202254812071
44.775	7.7	0.225881963355788	0.801852425417111	-0.063269400346485	27.7249764941053	0.380705570684631
44.925	7.7	0.220159690085143	0.813884050681433	-0.0670112052456641	27.6791215635143	0.376127752068114
45.075	7.7	0.214333641931984	0.826378023945046	-0.0710219864622281	27.6331391805772	0.371466913545587
45.225	7.7	0.208403089849592	0.839380094706236	-0.0753177018667711	27.5870299353213	0.366722471879674
45.375	7.7	0.202368430195951	0.852940459473494	-0.079916056020214	27.540793317624	0.36189474415676
45.525	7.7	0.196230213750993	0.867115417494777	-0.0848376243978621	27.4944275345127	0.356984171000794
45.675	7.7	0.18998756225391	0.881969619581077	-0.0901076288231348	27.4479293740811	0.351990049803128
45.825	7.7	0.183635900610097	0.89757903983264	-0.0957585777067649	27.4012941754163	0.346908720488078
45.975	7.7	0.177164083117489	0.91403474682327	-0.101833938646399	27.3545159752075	0.341731266493991
46.125	7.7	0.170551230015108	0.931447416085235	-0.108392868957024	27.3075878999209	0.336440984012087
46.275	7.7	0.163763904566521	0.949952267147256	-0.115515755036668	27.2605028496405	0.331011123653216
46.425	7.7	0.156754608207129	0.969713679554774	-0.123309880194131	27.2132544697113	0.325403686565704
46.575	7.7	0.149462874291077	0.990928097624298	-0.131913950531614	27.1658383277684	0.319570299432862
46.725	7.7	0.141820391817074	1.01382293032799	-0.14149947780683	27.118253113049	0.313456313453659
46.875	7.7	0.133761468760431	1.0386479512077	-0.152266170625891	27.0705015682978	0.307009175008345
47.025	7.7	0.125239646999496	1.06565418385677	-0.164427535858105	27.0225907778617	0.300191717599597
47.175	7.7	0.11625035758639	1.09505350143668	-0.178181874214274	26.974531400352	0.293000286069112
47.325	7.7	0.106858192925384	1.12695058622245	-0.193662960257182	26.9263354811071	0.285486554340307
47.475	7.7	0.0972258115360285	1.16123872212119	-0.210864626040939	26.8780126284203	0.277780649228823
47.625	7.7	0.0876399205780102	1.19745493341957	-0.229536021685634	26.8295645872649	0.270111936462408
47.775	7.7	0.0785285194730758	1.23460313308177	-0.249053035999846	26.7809785671526	0.262822815578461
47.925	7.7	0.0704630193203256	1.27098184875821	-0.268291026627158	26.7322200257973	0.25637041545626
48.075	7.7	0.064139436665753	1.3040958531789	-0.285556443620149	26.6832259237715	0.251311549332602
48.225	7.7	0.0603351134849103	1.33077039399404	-0.298668115394021	26.6338997209951	0.248268090787928
48.375	7.7	0.0598417126709173	1.34757632850886	-0.305275606484033	26.5841095762733	0.247873370136734
48.525	7.7	0.0633812648171857	1.35156123325108	-0.30341360959155	26.5336912351759	0.250705011853749
48.675	7.7	0.0715181140118655	1.34107754361475	-0.292122294428391	26.4824566237723	0.257214491209492
48.825	7.7	0.0845827976909036	1.3163418496028	-0.271833375940229	26.4302078617599	0.267666238152723
48.975	7.7	0.102621829514426	1.27942841630074	-0.244290315434069	26.3767545424704	0.282097463611541
49.125	7.7	0.125380652090919	1.23369861607283	-0.212035460601576	26.3219308084266	0.300304521672735
49.275	7.7	0.152319368072587	1.18296335404211	-0.177738579460476	26.265608960634	0.321855494458069
49.425	7.7	0.182655830182021	1.13074076068094	-0.143664679238794	26.2077078318543	0.346124664145617
49.575	7.7	0.215428836499551	1.07981705105329	-0.111419517002434	26.148195780826	0.372343069199641
49.725	7.7	0.249573698792167	1.03211957029354	-0.0819403282638278	26.0870891133653	0.399658959033733
49.875	7.7	0.284001829736435	0.988798756127335	-0.0556234985729132	26.0244470309074	0.427201463789148
50.025	7.7	0.317675402775319	0.950402069627435	-0.0324908575041549	25.9603642305621	0.454140322220255
50.175	7.7	0.349668744310175	0.917058778975478	-0.0123381621789497	25.8949622602655	0.47973499544814
50.325	7.7	0.37921050736977	0.888635890701207	0.00515421108992166	25.8283806738148	0.503368405895816
50.475	7.7	0.405704226340418	0.86485406140734	0.0203479038981181	25.7607688907483	0.524563381072334
50.625	7.7	0.428728826661416	0.84536620115048	0.0336023348061892	25.6922794426389	0.542983061329132
50.775	7.7	0.448023410054403	0.829806362970413	0.0452505870193986	25.6230630323947	0.558418728043523
50.925	7.7	0.463461754289764	0.817816984492388	0.0555885436804951	25.5532656185192	0.570769403431811
51.075	7.7	0.475022438480459	0.80906107159569	0.0648731186568989	25.4830275586881	0.580017950784367
51.225	7.7	0.482760564343025	0.803224584944897	0.0733277402148924	25.4124846350772	0.58620845147442
51.375	7.7	0.486787004852837	0.800013454871446	0.0811544018266704	25.34177044665	0.58942960388227
51.525	7.7	0.487260499150799	0.799149059096564	0.0885510536416992	25.2710191509355	0.589808399320639
51.675	7.7	0.484395337609776	0.800365097385665	0.0957308304331384	25.2003669984406	0.58751627008782
51.825	7.7	0.478481255790019	0.803407089431969	0.102936372157951	25.129950895918	0.582785004632015
51.975	7.7	0.469902070926415	0.808033211601681	0.110440197915257	25.0599029171397	0.575921656741132
52.125	7.7	0.459128012754601	0.814012686712374	0.118523672317464	24.9903417481397	0.567302410203681
52.275	7.7	0.446649992768132	0.821117022817271	0.127435671097579	24.9213655094071	0.557319994214505
52.425	7.7	0.432831583114344	0.829101823455717	0.137348624154299	24.8530542678178	0.546265266491476
52.575	7.7	0.417684796748438	0.837683195475882	0.148348919504963	24.7854926508454	0.53414783739875
52.725	7.7	0.400630241132011	0.846519934434886	0.160506066833231	24.718820267631	0.520504192905609
52.875	7.7	0.380367840412054	0.855212974205783	0.174043078529039	24.6533074982698	0.504294272329643
53.025	7.7	0.355028977083974	0.863319476389044	0.189578023023981	24.5894365662767	0.484023181667179
53.175	7.7	0.322756765842977	0.870352750810224	0.208347297333438	24.5279475063425	0.458205412674382
53.325	7.7	0.282724514368534	0.875714151462264	0.232266651033763	24.4697964638693	0.426179611494828
53.475	7.7	0.23635578762077	0.878488191500162	0.263572429530134	24.4159840512871	0.389084630096616
53.625	7.7	0.188252325273339	0.877029429770346	0.30349109684405	24.3672545879589	0.350601860218671
53.775	7.7	0.146263869417242	0.868358026629365	0.349103116767466	24.3237376064238	0.317011095533793
53.925	7.7	0.120402102149087	0.847991677322777	0.389008208857359	24.2846708491576	0.29632168171927
54.075	7.7	0.120809729809628	0.81228882053402	0.404330386410898	24.2483541104511	0.296647783847702
54.225	7.7	0.155371518803989	0.763697446483517	0.383188927037295	24.2123817456207	0.324297215043192
54.375	7.7	0.227471952434884	0.711461862318251	0.334414634485985	24.1740546239419	0.381977561947907
54.525	7.7	0.33414780955684	0.664552841556498	0.277973372397452	24.1308530053444	0.467318247645472
54.675	7.7	0.465301188433154	0.626952083537047	0.227981527793857	24.0808873231265	0.572240950746523
54.825	7.7	0.605355377079117	0.598764537831941	0.189034134007857	24.0232227084374	0.684284301663294
54.975	7.7	0.737752139252778	0.578435683380096	0.160435228828408	23.9579697710369	0.790201711402223
55.125	7.7	0.850023921850777	0.564016081061249	0.139896175346567	23.8860984483542	0.880019137480621
55.275	7.7	0.936320626899043	0.553745673660423	0.12517265254724	23.8090662874824	0.949056501519235
55.425	7.7	0.996650594513649	0.546275698448746	0.114521152983767	23.7284376688212	0.99732047561092
55.575	7.7	1.03449687264575	0.540672827842397	0.106704297665689	23.6456227056645	1.0275974981166
55.725	7.7	1.054595807338	0.536325062458033	0.100875584089081	23.5617594552636	1.0436766458704
55.875	7.7	1.06158402935671	0.532836360808642	0.0964602828259443	23.4776977229794	1.04926722348537
56.025	7.7	1.05941767374848	0.529946540161617	0.093063124200145	23.3940331365999	1.04753413899878
56.175	7.7	1.05124210239569	0.527480010798239	0.090404421366573	23.3111565951798	1.04099368191655
56.325	7.7	1.03945595834424	0.525315608632379	0.0882787737383408	23.229302129026	1.03156476667539
56.475	7.7	1.02583005300297	0.523369386329251	0.0865299231151076	23.1485874732045	1.02066404240238
56.625	7.7	1.01162396353196	0.521584662846502	0.0850364578568899	23.0690468349694	1.00929917082557
56.775	7.7	0.997685427776595	0.519925864917952	0.0837042872834109	22.9906569828861	0.998148342221276
56.925	7.7	0.984533991075164	0.518374187089727	0.0824628334811598	22.9133578929252	0.987627192860131
57.075	7.7	0.972433812468296	0.516924027363981	0.0812627666254902	22.8370688499117	0.977947049974636
57.225	7.7	0.96145897961702	0.515579736883234	0.0800739129759701	22.7617005946382	0.969167183693616
57.375	7.7	0.951552169840122	0.514352574100198	0.0788826808130976	22.6871639614418	0.961241735872098
57.525	7.7	0.942575755176506	0.513257935482646	0.0776889112714627	22.6133754462842	0.954060604141205
57.675	7.7	0.934353905684036	0.51231298913708	0.0765024089359874	22.5402602086392	0.947483124547229
57.825	7.7	0.926704666499723	0.511534810693997	0.0753395355891739	22.4677530727755	0.941363733199778
57.975	7.7	0.919461904394349	0.510939057799078	0.0742202105405075	22.3957981129217	0.935569523515479
58.125	7.7	0.912487994794166	0.510539155750998	0.0731655312338718	22.3243473695197	0.929990395835332
58.275	7.7	0.905678854736321	0.510345921623112	0.0721960809134806	22.2533591594572	0.924543083789057
58.425	7.7	0.898963298173473	0.510367532613871	0.0713308725188256	22.1827963318662	0.919170638538778
58.575	7.7	0.892298711134691	0.510609742427303	0.0705868074946535	22.1126247042039	0.913838968907753
58.725	7.7	0.885664806612973	0.511076259920738	0.069978502251627	22.0428118077053	0.908531845290378
58.875	7.7	0.879056837317769	0.511769220276412	0.0695183412572069	21.9733259869502	0.903245469854215
59.025	7.7	0.872479220881724	0.512689695823184	0.0692166402100063	21.9041358387569	0.89798337670538
59.175	7.7	0.865940140010462	0.513838208760962	0.0690818340713978	21.8352099396723	0.89275211200837
59.325	7.7	0.859447361144305	0.515215220407384	0.0691206353416957	21.7665167949256	0.887557888915444
59.475	7.7	0.85300528487411	0.516821581098501	0.0693381337608743	21.6980249396629	0.882404227899288
59.625	7.7	0.846613096640442	0.51865893186207	0.0697378279770292	21.6297031304555	0.877290477312353
59.775	7.7	0.840263813464221	0.520730053914456	0.070321592655562	21.5615205770934	0.872211050771377
59.925	7.7	0.833944003375992	0.523039165381373	0.0710895918691274	21.4934471782068	0.867155202700794
60.075	7.7	0.827633970372634	0.525592166821597	0.0720401526894526	21.4254537370495	0.862107176298107
60.225	7.7	0.821308233095369	0.528396838480988	0.0731696130449494	21.3575121445589	0.857046586476295
60.375	7.7	0.814936167659305	0.531462992990519	0.0744721563401687	21.289595525031	0.851948934127444
60.525	7.7	0.808482725824589	0.534802587642414	0.0759396430539777	21.221678345436	0.846786180659671
60.675	7.7	0.801909174230228	0.538429800562617	0.0775614472689241	21.153736492851	0.841527339384182
60.825	7.7	0.795173826794762	0.542361075130396	0.0793243042990032	21.0857473261811	0.836139061435809
60.975	7.7	0.788232760652291	0.546615136906738	0.0812121745178474	21.0176897087542	0.830586208521833
61.125	7.7	0.781040517283107	0.551212987121353	0.0832061282185139	20.9495440279547	0.824832413826486
61.275	7.7	0.773550796402113	0.556177876401197	0.0852842568285337	20.881292207143	0.81884063712169
61.425	7.7	0.765717152243515	0.561535261826184	0.0874216169670218	20.8129177139538	0.812573721794812
61.575	7.7	0.757493701382183	0.56731274946354	0.0895902155468848	20.7444055678554	0.805994961105746
61.725	7.7	0.748835849006941	0.573540023102259	0.091759046259664	20.6757423487209	0.799068679205553
61.875	7.7	0.739701037061232	0.580248757783791	0.0938941901625077	20.6069162072344	0.791760829648985
62.025	7.7	0.730049513047837	0.587472513663038	0.0959589954655136	20.5379168773597	0.784039610438269
62.175	7.7	0.71984511256592	0.595246601517779	0.0979143535957612	20.4687356910062	0.775876090052736
62.325	7.7	0.709056041850198	0.603607905690338	0.0997190895647178	20.3993655956172	0.767244833480158
62.475	7.7	0.697655638980787	0.612594643461277	0.101330483649587	20.3298011768779	0.75812451118463
62.625	7.7	0.685623084720861	0.622246032256454	0.102704937151108	20.260038691227	0.748498467776689
62.775	7.7	0.672944027410888	0.632601828721535	0.10379878598122	20.1900761163589	0.73835522192871
62.925	7.7	0.659611082997895	0.643701698462629	0.104569250551156	20.1199132321337	0.727688866398316
63.075	7.7	0.645624173742342	0.655584375018519	0.104975487916429	20.0495517485811	0.716499338993874
63.225	7.7	0.630990680361841	0.668286575199691	0.104979682887946	19.9789955007251	0.704792544289473
63.375	7.7	0.615725404819858	0.681841659471567	0.104548082018571	19.9082507298843	0.692580323855886
63.525	7.7	0.599850375381361	0.69627806397323	0.103651845279313	19.8373264655225	0.679880300305089
63.675	7.7	0.583394569102309	0.711617585723403	0.102267577325139	19.7662350081132	0.666715655281847
63.825	7.7	0.56639367104781	0.727873669912988	0.100377421390452	19.6949924900277	0.653114936838248
63.975	7.7	0.548890018029414	0.745049915238642	0.0979686755261824	19.6236194583256	0.639112014423531
64.125	7.7	0.530932862871384	0.763139057570283	0.0950330432189988	19.5521413843731	0.624746290297107
64.275	7.7	0.512579011907267	0.782122682601731	0.0915658681826614	19.4805889697639	0.610063209525813
64.425	7.7	0.493893701802654	0.80197181969793	0.0875660122053356	19.4089981021735	0.595114961442124
64.575	7.7	0.474951271530213	0.822648354400513	0.083037360742799	19.3374093411944	0.57996101722417
64.725	7.7	0.455834760382795	0.84410686256882	0.0779931711596295	19.2658669092403	0.564667808306236
64.875	7.7	0.436633084740346	0.86629605646981	0.0724644325661954	19.1944173495731	0.549306467792277
65.025	7.7	0.417434052221891	0.889158648464892	0.0665128460432569	19.1231083011853	0.533947241777512
65.175	7.7	0.398311389968427	0.912628257493714	0.0602477198391994	19.0519882072154	0.518649111974742
65.325	7.7	0.379304507197544	0.936622216600406	0.053843891066862	18.9811081505891	0.503443605758035
65.475	7.7	0.360391234312517	0.961029919305081	0.0475549312640688	18.9105272674253	0.488312987450014
65.625	7.7	0.341456589754006	0.985697526445729	0.0417130229841143	18.8403231333091	0.473165271803204
65.775	7.7	0.322264852068148	1.01041082618767	0.0367049897687765	18.7706079160177	0.457811881654519
65.925	7.7	0.302447651717832	1.03487771968972	0.0329136638849303	18.701549708832	0.441958121374266
66.075	7.7	0.281526699221764	1.0587092053519	0.0306142518229674	18.6333961321611	0.425221359377411
66.225	7.7	0.258994617146477	1.08139311867004	0.0298135534758992	18.5664939785838	0.407195693717182
66.375	7.7	0.234478579265626	1.10225118508425	0.0300121336243474	18.501294545817	0.387582863412501
66.525	7.7	0.208005139207366	1.12037410595969	0.0298589502740957	18.4383298774266	0.366404111365893
66.675	7.7	0.180365345502926	1.13455372789252	0.0266848241195774	18.3781416422068	0.344292276402341
66.825	7.7	0.153541086603893	1.14329274125073	0.0160474315151444	18.3211444517208	0.322832869283114
66.975	7.7	0.131093266761535	1.14507214769684	-0.00809361041488089	18.2674138993777	0.304874613409228
67.125	7.7	0.118333399283044	1.13908582543253	-0.051092136797817	18.216413423212	0.294666719426436
67.275	7.7	0.122018868541778	1.12620980813195	-0.11200636328677	18.1667186943778	0.297615094833422
67.425	7.7	0.149282143111712	1.10889350490116	-0.178422030812423	18.115860311555	0.31942571448937
67.575	7.7	0.205654857292607	1.08920292887814	-0.23119516283838	18.0604559643471	0.364523885834085
67.725	7.7	0.292516763019478	1.06764541859808	-0.258123405898657	17.996748166324	0.434013410415582
67.875	7.7	0.404993707815451	1.04450655198985	-0.260155391719345	17.9214442355727	0.523994966252361
68.025	7.7	0.53182948413631	1.02092226740814	-0.245526624453094	17.8325533136832	0.625463587309048
68.175	7.7	0.658234895025682	0.998294713962918	-0.222538004756285	17.7298793244483	0.726587916020546
68.325	7.7	0.770683384589224	0.977490426729004	-0.196795258635548	17.6149486509412	0.816546707671379
68.475	7.7	0.860801689205989	0.958724147401012	-0.171403079507936	17.4904293475255	0.888641351364791
68.625	7.7	0.926322828939407	0.941867521734963	-0.147866923755209	17.3593600743556	0.941058263151526
68.775	7.7	0.969555057490291	0.926727956073045	-0.126809682106648	17.224523683282	0.975644045992233
68.925	7.7	0.995088439967836	0.913151497159849	-0.108395994956341	17.088113090569	0.996070751974269
69.075	7.7	1.00797075874486	0.901018909104034	-0.092558323846267	16.9516546337413	1.00637660699589
69.225	7.7	1.0126735532162	0.890220048152899	-0.0791132651339386	16.8160837847856	1.01013884257296
69.375	7.7	1.01268103894276	0.880640717557805	-0.0678213196560805	16.6818808790094	1.0101448311542
69.525	7.7	1.01044726041905	0.872162665910462	-0.0584190743261481	16.5492113840927	1.00835780833524
69.675	7.7	1.00753249367587	0.864668827532989	-0.0506388836244863	16.4180452687069	1.00602599494069
69.825	7.7	1.00480629621118	0.858048233038102	-0.0442229357730816	16.2882475888287	1.00384503696895
69.975	7.7	1.00265544585658	0.852198760916272	-0.0389338656451809	16.1596410306318	1.00212435668527
70.125	7.7	1.00116479531386	0.847028026584866	-0.0345619711144013	16.0320448483023	1.00093183625109
70.275	7.7	1.00025721752261	0.842453258474531	-0.0309287748363518	15.9052958352187	1.00020577401808
70.425	7.7	0.999790555453879	0.838400798368054	-0.0278871840483834	15.7792568642505	0.999832444363103
70.575	7.7	0.999616731150475	0.834805512792779	-0.0253190630354189	15.6538177393299	0.99969338492038
70.725	7.7	0.999611715403042	0.831610178555094	-0.0231312805410615	15.5288919995876	0.999689372322434
70.875	7.7	0.999685737381439	0.828764829094247	-0.0212512111569452	15.4044121820917	0.999748589905151
71.025	7.7	0.999781939384905	0.826226053063187	-0.019622400070393	15.2803250587989	0.999825551507924
71.175	7.7	0.999869645914605	0.823956261690944	-0.0182007950416673	15.1565876063252	0.999895716731684
71.325	7.7	0.999936272232108	0.821922957557233	-0.016951698976893	15.0331639577324	0.999949017785687
71.475	7.7	0.999980088142326	0.820098038901642	-0.0158474312241771	14.9100232900783	0.999984070513861
71.625	7.7	1.00000474950968	0.81845716538801	-0.0148655987975626	14.787138465168	1.00000379960774
71.775	7.7	1.00001570363598	0.816979199701056	-0.0139878484999445	14.6644852075005	1.00001256290879
71.925	7.7	1.00001816465894	0.815645728775702	-0.0131989747876731	14.5420416261499	1.00001453172715
72.075	7.7	1.00001621573818	0.814440660775972	-0.0124862785072627	14.4197879330274	1.00001297259054
72.225	7.7	1.0000126125929	0.813349889443755	-0.0118390967073367	14.2977062582768	1.00001009007432
72.375	7.7	1.00000895284015	0.812361015590446	-0.0112484471051946	14.1757805041467	1.00000716227212
72.525	7.7	1.00000598270452	0.811463115503794	-0.0107067496362283	14.0539962080744	1.00000478616362
72.675	7.7	1.00000390739232	0.810646547113048	-0.010207601253476	13.932340404336	1.00000312591385
72.825	7.7	1.00000264196422	0.809902786293447	-0.00974558935960594	13.8108014837153	1.00000211357138
72.975	7.7	1.00000198496374	0.809224287284011	-0.00931613498325237	13.6893690548891	1.00000158797099
73.125	7.7	1.00000172179269	0.808604362609763	-0.0089153601221237	13.5680338119991	1.00000137743415
73.275	7.7	1.00000167499678	0.808037079043445	-0.00853997545791077	13.446787411942	1.00000133999743
73.425	7.7	1.00000171997259	0.807517166999452	-0.00818718555758199	13.3256223634304	1.00000137597807
73.575	7.7	1.00000178156362	0.807039941366227	-0.00785460914057643	13.2045319284779	1.00000142525089
73.725	7.7	1.00000182252315	0.806601232204685	-0.00754021226534998	13.0835100359227	1.00000145801852
73.875	7.7	1.00000183054871	0.806197324028073	-0.00724225250139725	12.962551205976	1.00000146443897
74.025	7.7	1.0000018072722	0.805824902579114	-0.00695923235847474	12.8416504844964	1.00000144581776
74.175	7.7	1.00000176037462	0.805481008165686	-0.00668986045608274	12.7208033856485	1.0000014082997
74.325	7.7	1.00000169873433	0.805162994733653	-0.00643301912869994	12.6000058417069	1.00000135898747
74.475	7.7	1.00000162995455	0.804868493950898	-0.00618773736480672	12.479254158933	1.00000130396364
74.625	7.7	1.0000015594869	0.804595383665125	-0.00595316816255719	12.358544978631	1.00000124758952
74.775	7.7	1.00000149066718	0.804341760175585	-0.00572856954575808	12.2378752426558	1.00000119253374
74.925	7.7	1.00000142516319	0.804105913830165	-0.00551328862044016	12.1172421627792	1.00000114013055
75.075	7.7	1.00000136352085	0.803886307523315	-0.00530674816415128	11.9966431934318	1.00000109081668
75.225	7.7	1.00000130564408	0.803681557727451	-0.00510843533170543	11.8760760074137	1.00000104451526
75.375	7.7	1.00000125114652	0.803490417739705	-0.0049178921344536	11.7555384742338	1.00000100091721
75.525	7.7	1.00000119957241	0.803311762868862	-0.00473470740929547	11.6350286407794	1.00000095965793
75.675	7.7	1.0000011505124	0.803144577324598	-0.00455851004118251	11.5145447140559	1.00000092040992
75.825	7.7	1.00000110364738	0.80298794260244	-0.0043889632417907	11.3940850457676	1.0000008829179
75.975	7.7	1.00000105875042	0.80284102718485	-0.00422575971881638	11.2736481185337	1.00000084700033
76.125	7.7	1.00000101566905	0.80270307740166	-0.00406861759633891	11.1532325335584	1.00000081253524
76.275	7.7	1.00000097430225	0.802573409313376	-0.00391727696889912	11.0328369995921	1.0000007794418
76.425	7.7	1.00000093457968	0.802451401497184	-0.0037714969903159	10.9124603230407	1.00000074766375
76.575	7.7	1.00000089644635	0.802336488630656	-0.00363105341334557	10.7921013990956	1.00000071715708
76.725	7.7	1.00000085985279	0.802228155780896	-0.00349573650970642	10.6717592037705	1.00000068788223
76.875	7.7	1.0000008247499	0.802125933317842	-0.00336534931083864	10.5514327867467	1.00000065979992
77.025	7.7	1.00000079108696	0.80202939238008	-0.00323970611899656	10.4311212649368	1.00000063286957
77.175	7.7	1.00000075881144	0.801938140830523	-0.0031186312462924	10.3108238166905	1.00000060704915
77.325	7.7	1.00000072786979	0.801851819646057	-0.0030019579456726	10.1905396765719	1.00000058229583
77.475	7.7	1.00000069820837	0.801770099692411	-0.00288952750381519	10.0702681306483	1.0000005585667
77.625	7.7	1.00000066977438	0.801692678840973	-0.00278118847009407	9.95000851223476	1.0000005358195
77.775	7.7	1.00000064251644	0.801619279389167	-0.00267679600037569	9.82976019804734	1.00000051401315
77.925	7.7	1.00000061638504	0.801549645750952	-0.00257621129710619	9.70952260472199	1.00000049310803
78.075	7.7	1.00000059133265	0.801483542387341	-0.00247930113071257	9.58929518566035	1.00000047306612
78.225	7.7	1.00000056731383	0.801420751950504	-0.00238593742904779	9.46907742816934	1.00000045385106
78.375	7.7	1.00000054428511	0.801361073618294	-0.00229599692414776	9.34886885086383	1.00000043542809
78.525	7.7	1.00000052220496	0.801304321598184	-0.00220936084702536	9.22866900130585	1.00000041776396
78.675	7.7	1.00000050103363	0.801250323782385	-0.00212591466283811	9.10847745385615	1.0000004008269
78.825	7.7	1.00000048073309	0.801198920537833	-0.00204554783970735	8.98829380771682	1.00000038458647
78.975	7.7	1.00000046126692	0.801149963616615	-0.0019681536460232	8.86811768514594	1.00000036901353
79.125	7.7	1.00000044260023	0.801103315173724	-0.00189362897130072	8.74794872982706	1.00000035408019
79.275	7.7	1.00000042469963	0.801058846881146	-0.00182187416691984	8.62778660537853	1.0000003397597
79.425	7.7	1.00000040753308	0.801016439127793	-0.00175279290352281	8.5076309939888	1.00000032602646
79.575	7.7	1.00000039106993	0.800975980296395	-0.0016862920422284	8.38748159516576	1.00000031285595
79.725	7.7	1.00000037528082	0.800937366109239	-0.00162228151748964	8.26733812458898	1.00000030022465
79.875	7.7	1.00000036013761	0.800900499035792	-0.00156067422976097	8.14720031305534	1.00000028811009
80.025	7.7	1.00000034561337	0.800865287755557	-0.00150138594622664	8.02706790550905	1.0000002764907
80.175	7.7	1.00000033168232	0.800831646670666	-0.00144433520851296	7.90694066014833	1.00000026534586
80.325	7.7	1.00000031831977	0.800799495463259	-0.00138944324613609	7.78681834760173	1.00000025465582
80.475	7.7	1.00000030550207	0.800768758692737	-0.00133663389487012	7.66670075016761	1.00000024440166
80.625	7.7	1.0000002932066	0.800739365429303	-0.00128583351924635	7.54658766111126	1.00000023456528
80.775	7.7	1.00000028141167	0.800711248919934	-0.00123697093871128	7.42647888401436	1.00000022512934
80.925	7.7	1.00000027009655	0.800684346283578	-0.00118997735674545	7.30637423217228	1.00000021607724
81.075	7.7	1.00000025924136	0.800658598232827	-0.00114478629274575	7.18627352803501	1.00000020739308
81.225	7.7	1.00000024882706	0.800633948819354	-0.00110133351624241	7.06617660268798	1.00000019906165
81.375	7.7	1.00000023883546	0.800610345200877	-0.00105955698316504	6.94608329536935	1.00000019106837
81.525	7.7	1.0000002292491	0.800587737427606	-0.00101939677406264	6.82599345302074	1.00000018339928
81.675	7.7	1.00000022005129	0.800566078246234	-0.000980795033971453	6.70590692986858	1.00000017604103
81.825	7.7	1.00000021122603	0.800545322919927	-0.000943695913926816	6.58582358703371	1.00000016898083
81.975	7.7	1.00000020275801	0.800525429062732	-0.000908045513964718	6.46574329216669	1.00000016220641
82.125	7.7	1.00000019463251	0.800506356487086	-0.000873791827497366	6.34566591910707	1.00000015570601
82.275	7.7	1.00000018683544	0.800488067063285	-0.000840884687085955	6.22559134756451	1.00000014946835
82.425	7.7	1.00000017935326	0.800470524589731	-0.000809275711511078	6.10551946282018	1.00000014348261
82.575	7.7	1.00000017217304	0.800453694673043	-0.000778918254147371	5.98545015544682	1.00000013773843
82.725	7.7	1.00000016528247	0.800437544617147	-0.000749767352585008	5.86538332104606	1.00000013222598
82.875	7.7	1.00000015866992	0.800422043320508	-0.000721779679556542	5.74531886000184	1.00000012693593
83.025	7.7	1.00000015232435	0.800407161180839	-0.000694913495028793	5.62525667724848	1.00000012185948
83.175	7.7	1.00000014623515	0.800392870006693	-0.00066912859968452	5.50519668205269	1.00000011698812
83.325	7.7	1.00000014039177	0.800379142935149	-0.000644386289548687	5.38513878780827	1.00000011231341
83.475	7.7	1.00000013478332	0.800365954355392	-0.000620649311937326	5.26508291184281	1.00000010782666
83.625	7.7	1.00000012939861	0.800353279837364	-0.000597881822677758	5.14502897523543	1.00000010351889
83.775	7.7	1.00000012422674	0.800341096065246	-0.00057604934462266	5.02497690264486	1.00000009938139
83.925	7.7	1.00000011925872	0.800329380775131	-0.000555118727466785	4.90492662214705	1.00000009540698
84.075	7.7	1.00000011448948	0.800318112696496	-0.000535058108853954	4.78487806508161	1.00000009159159
84.225	7.7	1.00000010991879	0.800307271497289	-0.000515836876841843	4.6648311659066	1.00000008793504
84.375	7.7	1.00000010554897	0.800296837732327	-0.00049742563368309	4.54478586206126	1.00000008443917
84.525	7.7	1.00000010137757	0.800286792795271	-0.000479796160973528	4.42474209383673	1.00000008110205
84.675	7.7	1.0000000973864	0.800277118874162	-0.000462921386117392	4.3046998042546	1.00000007790912
84.825	7.7	1.00000009353303	0.800267798910241	-0.000446775350210446	4.18465893895306	1.00000007482642
84.975	7.7	1.00000008975629	0.800258816559184	-0.000431333177229881	4.06461944607946	1.00000007180503
85.125	7.7	1.00000008600721	0.800250156152457	-0.000416571044603892	3.944581276187	1.00000006880577
85.275	7.7	1.0000000823054	0.80024180265665	-0.000402466155111743	3.82454438213295	1.00000006584432
85.425	7.7	1.00000007879614	0.800233741629551	-0.000388996710091498	3.70450871897674	1.00000006303691
85.575	7.7	1.0000000757526	0.800225959175706	-0.000376141884008932	3.58447424388037	1.00000006060208
85.725	7.7	1.00000007345499	0.800218441909604	-0.000363881800376824	3.4644409160194	1.00000005876399
85.875	7.7	1.0000000719173	0.800211176938466	-0.000352197508994195	3.34440869651763	1.00000005753384
86.025	7.7	1.00000007054735	0.800204151873249	-0.000341070964577512	3.22437754841574	1.00000005643788
86.175	7.7	1.00000006799468	0.8001973548601	-0.00033048500654485	3.10434743666792	1.00000005439574
86.325	7.7	1.00000006256282	0.800190774596404	-0.000320423339727802	2.98431832813031	1.00000005005026
86.475	7.7	1.00000005345969	0.80018440026835	-0.000310870515615589	2.86429019147364	1.00000004276775
86.625	7.7	1.00000004266411	0.800178221349424	-0.000301811913857115	2.74426299695023	1.00000003413128
86.775	7.7	1.00000003631144	0.800172227263978	-0.000293233724139034	2.62423671600869	1.00000002904916
86.925	7.7	1.0000000436529	0.800166407059265	-0.0002851229292567	2.50421132089574	1.00000003492232
87.075	7.7	1.00000007168932	0.800160749394366	-0.000277467290939259	2.38418678456916	1.00000005735146
87.225	7.7	1.00000011555443	0.800155243215004	-0.000270255339888404	2.26416308133351	1.00000009244354
87.375	7.7	1.00000014900155	0.800149879253101	-0.000263476369851175	2.1441401883974	1.00000011920124
87.525	7.7	1.0000001244953	0.800144651845452	-0.000257120431807445	2.02411808788609	1.00000009959624
87.675	7.7	0.999999994395781	0.80013955964311	-0.000251178319563518	1.90409676783548	0.999999995516625
87.825	7.7	0.999999757783106	0.80013460315602	-0.000245641535647524	1.7840762199237	0.999999806226485
87.975	7.7	0.999999517680885	0.800129777720091	-0.000240502231855993	1.66405643220987	0.999999614144708
88.125	7.7	0.99999950481591	0.800125063284189	-0.000235753136228371	1.54403737798717	0.999999603852728
88.275	7.7	1.00000000415734	0.800120417235065	-0.000231387506043945	1.42401900702351	1.00000000332587
88.425	7.7	1.00000113944041	0.800115780981663	-0.000227399169673325	1.3040012506744	1.00000091155232
88.575	7.7	1.00000255684722	0.800111110385273	-0.000223782709957986	1.1839840525261	1.00000204547778
88.725	7.7	1.00000319803596	0.800106428780919	-0.000220533765680756	1.06396742512027	1.00000255842876
88.875	7.7	1.00000149391931	0.800101877562589	-0.000217649277684903	0.943951508272178	1.00000119513545
89.025	7.7	0.999996295418173	0.800097711542419	-0.000215127338054228	0.823936573405591	0.999997036334538
89.175	7.7	0.999988512296461	0.800094177078371	-0.00021296626013556	0.70392290453481	0.999990809837169
89.325	7.7	0.999982698482868	0.800091251734266	-0.000211162778095386	0.583910524472564	0.999986158786294
89.475	7.7	0.999986956881871	0.800088335132866	-0.000209710040078571	0.463898849506687	0.999989565505497
89.625	7.7	1.00000923163585	0.800084136813319	-0.000208597113747843	0.343886526637154	1.00000738530868
89.775	7.7	1.00004928740464	0.800066643507706	-0.000207812415186023	0.223871833875987	1.00003942992371
89.925	7.7	1.00008908144326	0.400091691113839	-0.000207373298766259	0.103857067885222	1.00007126515461
0.075	7.9	1.08168603556793e-30	0.3999996775112	-2.7821872911192e-05	36.088045795184	0.2
0.225	7.9	4.34235356591682e-30	0.799999032253383	-2.78607344277873e-05	36.0640458145333	0.2
0.375	7.9	-4.62186791738407e-30	0.799998386151398	-2.79385666923618e-05	36.0400458532488	0.2
0.525	7.9	2.71915344368184e-30	0.799997738631436	-2.80555878482099e-05	36.0160459113642	0.2
0.675	7.9	-1.85613529116249e-29	0.79999708910001	-2.82121227659213e-05	35.9920459889309	0.2
0.825	7.9	-6.16398759073415e-30	0.799996436941591	-2.84086011227269e-05	35.9680460860182	0.2
0.975	7.9	-3.52978517643809e-29	0.79999578150855	-2.86455548593754e-05	35.9440462027144	0.2
1.125	7.9	-5.37437673126256e-30	0.799995122118874	-2.89236144701715e-05	35.9200463391277	0.2
1.275	7.9	-2.59363222752482e-29	0.799994458048716	-2.92435051357192e-05	35.8960464953873	0.2
1.425	7.9	4.18013083531533e-29	0.79999378853056	-2.96060431144269e-05	35.8720466716448	0.2
1.575	7.9	4.1675988365609e-29	0.799993112747467	-3.00121315950929e-05	35.8480468680754	0.2
1.725	7.9	1.44306149659666e-28	0.799992429833139	-3.04627567090416e-05	35.8240470848799	0.2
1.875	7.9	1.29431853317721e-28	0.799991738867852	-3.09589832846827e-05	35.8000473222855	0.2
2.025	7.9	1.99086049862858e-28	0.799991038878866	-3.15019514392513e-05	35.7760475805478	0.2
2.175	7.9	6.59171762280005e-29	0.799990328838317	-3.20928740114204e-05	35.7520478599527	0.2
2.325	7.9	-4.89278428882396e-30	0.799989607664972	-3.273303247478e-05	35.7280481608175	0.2
2.475	7.9	-3.34524802979516e-28	0.799988874222891	-3.34237760343383e-05	35.7040484834928	0.2
2.625	7.9	-5.23920154743559e-28	0.799988127324424	-3.41665195090882e-05	35.6800488283641	0.2
2.775	7.9	-8.84196677840982e-28	0.799987365728303	-3.49627420034021e-05	35.6560491958534	0.2
2.925	7.9	-8.38618596724363e-28	0.799986588144333	-3.58139877821706e-05	35.6320495864204	0.2
3.075	7.9	-7.40134437541193e-28	0.799985793231507	-3.67218657620195e-05	35.6080500005647	0.2
3.225	7.9	6.19507846356048e-29	0.799984979601745	-3.76880504428477e-05	35.5840504388266	0.2
3.375	7.9	9.36135097237917e-28	0.799984145819576	-3.87142847203239e-05	35.5600509017886	0.2
3.525	7.9	2.36825063977517e-27	0.799983290404022	-3.98023805202945e-05	35.5360513900774	0.2
3.675	7.9	3.20098787213949e-27	0.799982411829227	-4.09542229705808e-05	35.5120519043644	0.2
3.825	7.9	3.7475952298442e-27	0.799981508524311	-4.21717727564162e-05	35.4880524453676	0.2
3.975	7.9	2.56524421348226e-27	0.799980578874733	-4.34570702685855e-05	35.4640530138529	0.2
4.125	7.9	4.89178331133929e-28	0.799979621221638	-4.4812240006009e-05	35.4400536106351	0.2
4.275	7.9	-3.31418244596995e-27	0.799978633861154	-4.62394937534442e-05	35.4160542365796	0.2
4.425	7.9	-6.52131745916714e-27	0.799977615044144	-4.7741137369141e-05	35.3920548926035	0.2
4.575	7.9	-9.03995743718177e-27	0.799976562975606	-4.93195737853426e-05	35.368055579677	0.2
4.725	7.9	-7.73025500657368e-27	0.799975475811298	-5.09773096638693e-05	35.3440562988249	0.2
4.875	7.9	-3.84571156680507e-27	0.799974351657778	-5.27169599060937e-05	35.3200570511283	0.2
5.025	7.9	3.2738609103388e-27	0.799973188569971	-5.45412540225313e-05	35.2960578377255	0.2
5.175	7.9	7.57909841698835e-27	0.799971984547616	-5.6453041140477e-05	35.2720586598141	0.2
5.325	7.9	6.21948341279655e-27	0.79997073753427	-5.84552965416967e-05	35.2480595186526	0.2
5.475	7.9	-8.09937012932669e-27	0.799969445412848	-6.05511272841049e-05	35.224060415562	0.2
5.625	7.9	-3.13689510276209e-26	0.79996810600303	-6.27437782721616e-05	35.2000613519278	0.2
5.775	7.9	-5.64684523894758e-26	0.799966717057252	-6.50366388425001e-05	35.1760623292019	0.2
5.925	7.9	-5.64517823545719e-26	0.799965276258021	-6.74332489237428e-05	35.1520633489044	0.2
6.075	7.9	-4.55739847009624e-27	0.799963781212872	-6.9937305418344e-05	35.1280644126264	0.2
6.225	7.9	1.30577040359747e-25	0.799962229450686	-7.25526691539123e-05	35.1040655220316	0.2
6.375	7.9	3.41265485504244e-25	0.799960618417748	-7.52833710438084e-05	35.0800666788593	0.2
6.525	7.9	5.75312476993115e-25	0.799958945471351	-7.81336194390412e-05	35.0560678849266	0.2
6.675	7.9	6.90500273400781e-25	0.799957207878851	-8.11078079532809e-05	35.032069142131	0.2
6.825	7.9	4.90778391471616e-25	0.79995540280738	-8.42105205276579e-05	35.0080704524539	0.2
6.975	7.9	-2.47621384174103e-25	0.799953527324355	-8.74465418254394e-05	34.9840718179626	0.2
7.125	7.9	-1.62085259839985e-24	0.79995157838841	-9.08208619420782e-05	34.9600732408144	0.2
7.275	7.9	-3.4644003043625e-24	0.799949552845367	-9.43386872071801e-05	34.9360747232593	0.2
7.425	7.9	-5.13803897986687e-24	0.799947447421796	-9.80054454701345e-05	34.9120762676437	0.2
7.575	7.9	-5.49827780115072e-24	0.799945258720844	-0.000101826796943141	34.888077876414	0.2
7.725	7.9	-3.00511490444359e-24	0.799942983213951	-0.000105808641811807	34.8640795521204	0.2
7.875	7.9	3.70141799327982e-24	0.7999406172369	-0.000109957128963614	34.8400812974211	0.2
8.025	7.9	1.49281436637319e-23	0.799938156981159	-0.000114278665912224	34.8160831150862	0.2
8.175	7.9	2.86487884394133e-23	0.799935598488647	-0.000118779928314224	34.7920850080023	0.2
8.325	7.9	3.94891029002757e-23	0.799932937644131	-0.000123467870090928	34.7680869791769	0.2
8.475	7.9	3.84343232159544e-23	0.799930170169226	-0.000128349732946021	34.7440890317436	0.2
8.625	7.9	1.4519644687087e-23	0.799927291612287	-0.000133433058406551	34.7200911689667	0.2
8.775	7.9	-4.09275101061074e-23	0.799924297343204	-0.000138725698106501	34.6960933942469	0.2
8.925	7.9	-1.26970834179729e-22	0.799921182544844	-0.000144235825636699	34.6720957111262	0.2
9.075	7.9	-2.24321426825274e-22	0.799917942203232	-0.000149971948718921	34.6480981232942	0.2
9.225	7.9	-2.88421147913236e-22	0.799914571100507	-0.00015594292108098	34.624100634594	0.2
9.375	7.9	-2.50800279423802e-22	0.799911063804653	-0.000162157955863052	34.6001032490282	0.2
9.525	7.9	-3.57309227692835e-23	0.799907414661041	-0.000168626638914123	34.5761059707657	0.2
9.675	7.9	4.02135419625242e-22	0.799903617781948	-0.00017535894254613	34.5521088041485	0.2
9.825	7.9	1.02181721144502e-21	0.799899667035576	-0.000182365240216736	34.5281117536988	0.2
9.975	7.9	1.6376234122762e-21	0.79989555603709	-0.000189656321271618	34.5041148241264	0.2
10.125	7.9	1.89237914582424e-21	0.799891278136165	-0.000197243405724782	34.4801180203365	0.2
10.275	7.9	1.30845808729162e-21	0.799886826404921	-0.000205138161795143	34.4561213474382	0.2
10.425	7.9	-5.4055057795554e-22	0.799882193627093	-0.000213352721476759	34.4321248107522	0.2
10.575	7.9	-3.72999102823554e-21	0.79987737228358	-0.000221899697621383	34.4081284158206	0.2
10.725	7.9	-7.61859508640219e-21	0.799872354541452	-0.000230792202224869	34.3841321684152	0.2
10.875	7.9	-1.05782601072179e-20	0.79986713223642	-0.000240043864656858	34.3601360745481	0.2
11.025	7.9	-1.00668282663554e-20	0.799861696861908	-0.000249668850699306	34.336140140481	0.2
11.175	7.9	-3.31165459877985e-21	0.79985603955093	-0.000259681882509725	34.3121443727364	0.2
11.325	7.9	1.12565904536913e-20	0.799850151062148	-0.000270098258665508	34.288148778108	0.2
11.475	7.9	3.19998547709804e-20	0.799844021761597	-0.000280933875285165	34.2641533636726	0.2
11.625	7.9	5.2183501801963e-20	0.799837641605047	-0.000292205248128791	34.2401581368023	0.2
11.775	7.9	5.94281017500745e-20	0.799831000120868	-0.0003039295347403	34.2161631051763	0.2
11.925	7.9	3.80236046794053e-20	0.799824086389328	-0.0003161245578501	34.192168276795	0.2
12.075	7.9	-2.47110524935857e-20	0.799816889022624	-0.000328808829394265	34.168173659993	0.2
12.225	7.9	-1.28210724216875e-19	0.799809396144207	-0.000342001574653056	34.1441792634537	0.2
12.375	7.9	-2.47200471545248e-19	0.799801595364455	-0.000355722758927864	34.1201850962243	0.2
12.525	7.9	-3.24727264870873e-19	0.799793473759955	-0.00036999311256205	34.0961911677318	0.2
12.675	7.9	-2.77776598014345e-19	0.799785017845784	-0.000384834158497698	34.0721974877987	0.2
12.825	7.9	-2.34271505505349e-20	0.799776213551875	-0.000400268240516698	34.048204066661	0.2
12.975	7.9	4.71808026669952e-19	0.799767046193674	-0.000416318550808913	34.0242109149856	0.2
13.125	7.9	1.12798678764377e-18	0.799757500444494	-0.000433009160407489	34.0002180438894	0.2
13.275	7.9	1.69822676525136e-18	0.799747560305149	-0.000450365048985452	33.976225464959	0.2
13.425	7.9	1.76661969198444e-18	0.799737209070445	-0.000468412136380345	33.9522331902711	0.2
13.575	7.9	8.44840271420112e-19	0.799726429297433	-0.000487177313086342	33.9282412324147	0.2
13.725	7.9	-1.40229285656425e-18	0.799715202768891	-0.000506688474945018	33.9042496045133	0.2
13.875	7.9	-4.8211809399456e-18	0.79970351045503	-0.000526974554438152	33.8802583202486	0.2
14.025	7.9	-8.42538661606985e-18	0.799691332475025	-0.000548065556771841	33.856267393886	0.2
14.175	7.9	-1.02397004899997e-17	0.79967864805385	-0.000569992593540285	33.8322768403001	0.2
14.325	7.9	-7.59278040743697e-18	0.799665435479676	-0.000592787919055302	33.8082866750027	0.2
14.475	7.9	1.91644800429776e-18	0.799651672055138	-0.000616484966670324	33.7842969141713	0.2
14.625	7.9	1.87524592251516e-17	0.799637334048127	-0.000641118385732424	33.7603075746794	0.2
14.775	7.9	3.94438200635608e-17	0.799622396640749	-0.000666724079678605	33.7363186741284	0.2
14.925	7.9	5.51414996909185e-17	0.799606833871106	-0.000693339243892744	33.712330230881	0.2
15.075	7.9	5.208753089721e-17	0.799590618575529	-0.000721002405429791	33.6883422640962	0.2
15.225	7.9	1.541532782984e-17	0.799573722326903	-0.000749753461262042	33.6643547937664	0.2
15.375	7.9	-6.30101704758893e-17	0.799556115365169	-0.000779633719544691	33.6403678407566	0.2
15.525	7.9	-1.73773987533943e-16	0.799537766528265	-0.000810685938681579	33.6163814268445	0.2
15.675	7.9	-2.79888155539564e-16	0.799518643177866	-0.000842954368572134	33.5923955747649	0.2
15.825	7.9	-3.14224112843428e-16	0.799498711115476	-0.000876484790378499	33.5684103082539	0.2
15.975	7.9	-1.92557425200505e-16	0.799477934500205	-0.000911324558722846	33.5444256520979	0.2
16.125	7.9	1.51631795744811e-16	0.799456275756502	-0.000947522641009421	33.5204416321839	0.2
16.275	7.9	7.11913483694446e-16	0.799433695475392	-0.000985129658376352	33.4964582755525	0.200000000000001
16.425	7.9	1.34783335781391e-15	0.799410152311741	-0.00102419792594421	33.4724756104553	0.200000000000001
16.575	7.9	1.74908895338978e-15	0.799385602873102	-0.00106478149290857	33.4484936664138	0.200000000000001
16.725	7.9	1.46868655476355e-15	0.799360001598612	-0.00110693618021961	33.424512474283	0.200000000000001
16.875	7.9	6.67496641832093e-17	0.799333300634177	-0.00115071961986263	33.4005320663179	0.2
17.025	7.9	-2.62198530036588e-15	0.799305449692043	-0.00119619129124808	33.3765524762449	0.199999999999998
17.175	7.9	-6.14579167897496e-15	0.799276395907202	-0.00124341255689856	33.3525737393364	0.199999999999995
17.325	7.9	-9.15536524116111e-15	0.7992460836766	-0.00129244669612067	33.3285958924905	0.199999999999993
17.475	7.9	-9.40656527180907e-15	0.799214454491181	-0.00134335893728971	33.3046189743158	0.199999999999992
17.625	7.9	-4.29684095160583e-15	0.799181446751456	-0.00139621648771081	33.280643025221	0.199999999999997
17.775	7.9	7.90848599814956e-15	0.799146995571375	-0.0014510885595326	33.2566680875107	0.200000000000006
17.925	7.9	2.62745725305057e-14	0.799111032565485	-0.00150804639525714	33.2326942054867	0.200000000000021
18.075	7.9	4.53779297453951e-14	0.799073485617764	-0.00156716328789129	33.2087214255568	0.200000000000036
18.225	7.9	5.4534243658311e-14	0.799034278636029	-0.00162851459671182	33.1847497963496	0.200000000000044
18.375	7.9	3.94626693113685e-14	0.798993331280301	-0.00169217776131376	33.1607793688386	0.200000000000032
18.525	7.9	-1.24345438418662e-14	0.798950558673122	-0.00175823230761272	33.1368101964728	0.19999999999999
18.675	7.9	-1.03096131755037e-13	0.798905871084347	-0.00182675985048519	33.1128423353182	0.199999999999918
18.825	7.9	-2.13171117197056e-13	0.798859173586054	-0.00189784408945177	33.0888758442078	0.199999999999829
18.975	7.9	-2.9457323013998e-13	0.798810365682064	-0.00197157079816849	33.0649107849031	0.199999999999764
19.125	7.9	-2.73474566043495e-13	0.798759340902476	-0.00204802780540117	33.0409472222669	0.199999999999781
19.275	7.9	-7.124763593061e-14	0.798705986360661	-0.00212730496912213	33.016985224449	0.199999999999943
19.425	7.9	3.53111594319322e-13	0.798650182273274	-0.00220949414095362	32.9930248630853	0.200000000000282
19.575	7.9	9.45159500323058e-13	0.798591801434903	-0.00229468912033199	32.9690662135125	0.200000000000756
19.725	7.9	1.50241564689879e-12	0.798530708644126	-0.00238298559980012	32.945109354999	0.200000000001202
19.875	7.9	1.66290261610671e-12	0.798466760075503	-0.00247448109543663	32.9211543709936	0.20000000000133
20.025	7.9	9.78232580619933e-13	0.798399802592826	-0.00256927486869118	32.8972013493942	0.200000000000783
20.175	7.9	-8.96904202521937e-13	0.798329672996722	-0.00266746783160782	32.8732503828378	0.199999999999282
20.325	7.9	-3.90777127944531e-12	0.798256197197657	-0.00276916243830099	32.8493015690145	0.199999999996874
20.475	7.9	-7.27585537684169e-12	0.798179189308704	-0.00287446256205115	32.8253550110067	0.199999999994179
20.625	7.9	-9.31689486606912e-12	0.798098450649492	-0.00298347335376779	32.8014108176574	0.199999999992547
20.775	7.9	-7.63512150846546e-12	0.798013768646875	-0.0030963010838443	32.7774691039695	0.199999999993892
20.925	7.9	8.6415990588028e-14	0.797924915628113	-0.00321305296578025	32.75352999154	0.200000000000069
21.075	7.9	1.46377840195407e-11	0.79783164748766	-0.00333383695954453	32.7295936090318	0.20000000001171
21.225	7.9	3.34505891140797e-11	0.797733702217177	-0.00345876155351265	32.705660092688	0.20000000002676
21.375	7.9	4.91296754417961e-11	0.797630798283092	-0.003587935527781	32.6817295868924	0.200000000039304
21.525	7.9	4.95452686967037e-11	0.797522632830111	-0.00372146769213878	32.6578022447816	0.200000000039636
21.675	7.9	2.08237139100141e-11	0.797408879693925	-0.00385946660338755	32.6338782289131	0.200000000016659
21.825	7.9	-4.59533596740866e-11	0.797289187199635	-0.00400204025976904	32.609957711996	0.199999999963237
21.975	7.9	-1.45012880192041e-10	0.797163175715485	-0.00414929577185148	32.5860408776899	0.19999999988399
22.125	7.9	-2.46193975154471e-10	0.797030434940384	-0.00430133901185542	32.5621279214808	0.199999999803045
22.275	7.9	-2.91094468522635e-10	0.796890520885512	-0.00445827424263448	32.5382190516406	0.199999999767124
22.425	7.9	-2.02578057903376e-10	0.796742952523734	-0.00462020372831633	32.5143144902833	0.199999999837938
22.575	7.9	8.60590477874784e-11	0.796587208060272	-0.00478722732835174	32.4904144745279	0.200000000068847
22.725	7.9	5.82015066592055e-10	0.796422720789321	-0.00495944208255581	32.4665192577833	0.200000000465612
22.875	7.9	1.17536933799306e-09	0.796248874481702	-0.00513694178587653	32.4426291111693	0.200000000940295
23.025	7.9	1.5995497937445e-09	0.796064998240371	-0.00531981656208297	32.4187443250897	0.20000000127964
23.175	7.9	1.44960220372862e-09	0.795870360752016	-0.00550815243841116	32.3948652109693	0.200000001159682
23.325	7.9	2.99223800008414e-10	0.795664163837056	-0.00570203092909765	32.3709921031677	0.200000000239379
23.475	7.9	-2.06444669907312e-09	0.795445535192031	-0.00590152863766854	32.3471253610819	0.199999998348443
23.625	7.9	-5.32222747236263e-09	0.795213520206235	-0.00610671689208729	32.3232653714503	0.199999995742218
23.775	7.9	-8.33467113940715e-09	0.794967072737457	-0.00631766144394284	32.2994125508853	0.199999993332263
23.925	7.9	-9.08285656218583e-09	0.794705044745131	-0.00653442226492508	32.2755673486763	0.199999992733715
24.075	7.9	-5.07918156528889e-09	0.794426174700055	-0.00675705349167681	32.251730249933	0.199999995936655
24.225	7.9	5.57342644344908e-09	0.794129074699248	-0.00698560357382147	32.2279017791627	0.200000004458741
24.375	7.9	2.25199699283871e-08	0.79381221619582	-0.00722011566952279	32.2040825043888	0.200000018015976
24.525	7.9	4.1334341948506e-08	0.793473914156232	-0.00746062831532279	32.1802730419005	0.200000033067474
24.675	7.9	5.24809177605544e-08	0.793112309291284	-0.00770717635413212	32.1564740616679	0.200000041984734
24.825	7.9	4.23758215854448e-08	0.792725347762491	-0.0079597920795271	32.1326862933535	0.200000033900657
24.975	7.9	-2.19053008656518e-09	0.792310757497965	-0.00821850654466134	32.10891053274	0.199999998247576
25.125	7.9	-8.58631394854088e-08	0.791866020108343	-0.00848335106227979	32.0851476483201	0.199999931309488
25.275	7.9	-1.9422160352538e-07	0.791388337483348	-0.0087543590909441	32.0613985878516	0.199999844622717
25.425	7.9	-2.85103705695846e-07	0.790874592641387	-0.00903156900486431	32.0376643849603	0.199999771917035
25.575	7.9	-2.88532351328597e-07	0.79032130528286	-0.00931502859142006	32.0139461664086	0.199999769174119
25.725	7.9	-1.23048046166578e-07	0.789724583549328	-0.00960480239662318	31.9902451613713	0.199999901561563
25.875	7.9	2.66403341371184e-07	0.789080074200422	-0.00990098299676016	31.9665627147174	0.200000213122673
26.025	7.9	8.51942561000304e-07	0.788382912978419	-0.0102037066585101	31.942900306468	0.200000681554049
26.175	7.9	1.46409844617249e-06	0.787627674568428	-0.0105131724944603	31.9192595787411	0.200001171278757
26.325	7.9	1.76364018835106e-06	0.786808316857654	-0.0108296622615506	31.8956423692344	0.200001410912151
26.475	7.9	1.28797680014741e-06	0.785918107825704	-0.0111535560313967	31.8720507466944	0.20000103038144
26.625	7.9	-3.87856425687149e-07	0.784949517452953	-0.0114853383604102	31.8484870398263	0.199999689714859
26.775	7.9	-3.36666746882787e-06	0.783894055200307	-0.0118255920473028	31.8249538487147	0.199997306666025
26.925	7.9	-7.07617573387082e-06	0.782742040160922	-0.0121749837249921	31.8014540299008	0.199994339059413
27.075	7.9	-9.99219716118981e-06	0.78148230888427	-0.0125342578406811	31.7779906556219	0.199992006242271
27.225	7.9	-9.66787008574842e-06	0.780101893859703	-0.0129042708217675	31.7545669654618	0.199992265703931
27.375	7.9	-3.32746324492301e-06	0.778585735286531	-0.0132861092509392	31.731186352052	0.199997338029404
27.525	7.9	1.08116528108072e-05	0.776916503366343	-0.0136813343214163	31.7078524431163	0.200008649322249
27.675	7.9	3.15986570225368e-05	0.775074585779365	-0.014092367276949	31.6845693459096	0.200025278925618
27.825	7.9	5.29533229885763e-05	0.773038216823491	-0.0145229679820944	31.6613420900537	0.200042362658391
27.975	7.9	6.29100558495534e-05	0.770783591019754	-0.0149786644636684	31.6381772285141	0.20005032804468
28.125	7.9	4.51782579445468e-05	0.768284649105863	-0.0154668900723133	31.6150834369832	0.200036142606356
28.275	7.9	-1.54232723389109e-05	0.765512122194752	-0.0159965284733582	31.5920718192248	0.199987661382129
28.425	7.9	-0.000123284215024863	0.762431469030692	-0.0165766301117411	31.56915554326	0.19990137262798
28.575	7.9	-0.000259744025818456	0.758999627552696	-0.0172143319213437	31.5463484900666	0.199792204779345
28.725	7.9	-0.00037280765236902	0.755161047308221	-0.0179125514846624	31.5236628805554	0.199701753878105
28.875	7.9	-0.000376234938432039	0.750844168372604	-0.0186688270376923	31.5011063943843	0.199699012049254
29.025	7.9	-0.000166668277447538	0.745960042514586	-0.0194775341804199	31.4786800289673	0.199866665378042
29.175	7.9	0.000334812977735567	0.740404525340759	-0.0203381050409751	31.4563786305235	0.200267850382188
29.325	7.9	0.00111782505179057	0.734063599821713	-0.0212710166164402	31.4341962621563	0.200894260041432
29.475	7.9	0.00200869932015241	0.726817649404006	-0.0223406973944665	31.4121378814106	0.201606959456122
29.625	7.9	0.00261802769553107	0.718536275913374	-0.0236807818147083	31.3902368132437	0.202094422156425
29.775	7.9	0.00235427386585642	0.709053703381003	-0.0255140871007586	31.3685742293669	0.201883419092685
29.925	7.9	0.00054986421223875	0.698118382764948	-0.0281578464148904	31.347292957456	0.200439891369791
30.075	7.9	-0.00327433378075208	0.685317952353986	-0.0320001488631847	31.3265949975255	0.197380532975398
30.225	7.9	-0.00902777636434337	0.669989477369245	-0.0374181122648205	31.306712430648	0.192777778908525
30.375	7.9	-0.0156388347650359	0.651140357649101	-0.0445803256665193	31.2878472725237	0.187488932187971
30.525	7.9	-0.0207543470835507	0.627455739867877	-0.0530734910935366	31.27008794754	0.183396522333159
30.675	7.9	-0.0206988513144474	0.597596788572207	-0.0614489577111618	31.2533253123407	0.183440918948442
30.825	7.9	-0.010782943781329	0.561085944590781	-0.0672230076428735	31.2372008363231	0.191373644974937
30.975	7.9	0.0140497336015764	0.519533851697192	-0.0680467893509535	31.2211121936326	0.211239786881261
31.125	7.9	0.0583146508422885	0.476756387217777	-0.0634676557806055	31.2042769702901	0.246651720673831
31.275	7.9	0.124884267031458	0.436956524806816	-0.0552365089851356	31.1858343586577	0.299907413625167
31.425	7.9	0.213771553514538	0.402801482715029	-0.0458061760352339	31.1649630199236	0.37101724281163
31.575	7.9	0.321112528924357	0.375098304092607	-0.0369395654393814	31.1410004700025	0.456890023139485
31.725	7.9	0.439041500610939	0.35348303362644	-0.0294302715118444	31.1135494180727	0.551233200488752
31.875	7.9	0.557113921384502	0.337089043551142	-0.0234263236947764	31.0825449948192	0.645691137107601
32.025	7.9	0.665018130212061	0.324917223640004	-0.0187784081004526	31.0482527957216	0.732014504169649
32.175	7.9	0.755210211454888	0.316017780731123	-0.0152459378721831	31.0111917587115	0.804168169163911
32.325	7.9	0.824120922163666	0.309582977375924	-0.0125897790145193	30.9720133636755	0.859296737730933
32.475	7.9	0.871736061813317	0.304981209038302	-0.0106044707138588	30.9313846659566	0.897388849450654
32.625	7.9	0.90032741871894	0.301747196743246	-0.0091237448108798	30.8899073427906	0.920261934975152
32.775	7.9	0.913180037632782	0.299549572822716	-0.00801608150476217	30.8480787282122	0.930544030106226
32.925	7.9	0.913720692859344	0.298154931987401	-0.00717757956453029	30.8062841227773	0.930976554287475
33.075	7.9	0.905067760856525	0.297398105816009	-0.00652503308513974	30.7648061528445	0.92405420868522
33.225	7.9	0.889867985437151	0.297160773231816	-0.00599026351287507	30.723840531377	0.911894388349721
33.375	7.9	0.870282840086134	0.297357071975654	-0.00551600648084664	30.6835123803802	0.896226272068907
33.525	7.9	0.848034085398774	0.297924172172612	-0.005053329307863	30.64389076535	0.87842726831902
33.675	7.9	0.824462679782417	0.29881610362101	-0.00456038648733317	30.6050009653619	0.859570143825933
33.825	7.9	0.800583718917657	0.299999618549842	-0.00400221105265366	30.5668347449998	0.840466975134126
33.975	7.9	0.777134384406229	0.301451258589059	-0.00335116824116761	30.5293590337787	0.821707507524983
34.125	7.9	0.754617080004901	0.303155068529737	-0.00258767359232024	30.4925233162992	0.803693664003921
34.275	7.9	0.733340360243631	0.305100604920106	-0.00170081270518798	30.4562658914423	0.786672288194905
34.425	7.9	0.713458815198537	0.307281054588499	-0.000688592009421969	30.4205190589986	0.77076705215883
34.575	7.9	0.695011457583173	0.309691413070212	0.000442322600031135	30.3852132576534	0.756009166066539
34.725	7.9	0.677957156675743	0.312326769746283	0.00167739242982556	30.3502801949186	0.742365725340594
34.875	7.9	0.662205456119836	0.315180800817295	0.00299542822470522	30.3156550509636	0.729764364895869
35.025	7.9	0.647641528173618	0.318244584848101	0.00437009776654948	30.2812778798379	0.718113222538895
35.175	7.9	0.634144747696663	0.321505837791642	0.00577154987770053	30.2470943576494	0.707315798157331
35.325	7.9	0.621601126488377	0.324948626784417	0.00716799822839298	30.2130560323569	0.697280901190701
35.475	7.9	0.609910437154643	0.328553575929569	0.00852713963779604	30.1791202162519	0.687928349723714
35.625	7.9	0.598989189696582	0.332298531553438	0.00981732330300942	30.1452496365714	0.679191351757265
35.775	7.9	0.588770705852339	0.336159614988727	0.011008435306364	30.1114119296021	0.671016564681871
35.925	7.9	0.579203421765584	0.340112561023173	0.0120725140306611	30.077579035561	0.663362737412467
36.075	7.9	0.570248315368963	0.344134220615158	0.0129841620973772	30.0437265297495	0.656198652295171
36.225	7.9	0.561876074479251	0.348204096354256	0.0137208609829902	30.0098329120282	0.649500859583401
36.375	7.9	0.554064352338019	0.352305776700941	0.0142633147201256	29.9758788717817	0.643251481870415
36.525	7.9	0.5467952360777	0.356428139102848	0.0145959385531867	29.9418465481478	0.63743618886216
36.675	7.9	0.540052898487707	0.360566203392991	0.0147075610594709	29.9077188134038	0.632042318790165
36.825	7.9	0.533821318650278	0.364721538510384	0.0145923264206027	29.8734786183669	0.627057054920222
36.975	7.9	0.528081938000368	0.368902162148463	0.0142506803067053	29.8391084492625	0.622465550400295
37.125	7.9	0.522811156128258	0.373121928057558	0.0136902216853371	29.8045899521452	0.618248924902607
37.275	7.9	0.517977653709767	0.37739946864841	0.0129261339678726	29.7699037799988	0.614382122967814
37.425	7.9	0.513539644222526	0.381756842869126	0.0119809019798381	29.7350297061187	0.610831715378021
37.575	7.9	0.509442283308707	0.386218113932047	0.0108830960064087	29.6999470238427	0.607553826646966
37.725	7.9	0.505615581026932	0.390808125078767	0.00966516067970428	29.6646352182067	0.604492464821545
37.875	7.9	0.50197323947981	0.39555173167545	0.00836035933753483	29.6290748538023	0.601578591583848
38.025	7.9	0.4984128479769	0.400473672321453	0.00699924481346546	29.5932485821148	0.59873027838152
38.175	7.9	0.494817789214647	0.405599126669967	0.00560619478575808	29.5571421398083	0.595854231371718
38.325	7.9	0.491061038625533	0.41095484036123	0.0041966105891152	29.5207451953547	0.592848830900427
38.475	7.9	0.487010793076733	0.416570539254564	0.00277530634369762	29.48405191081	0.589608634461386
38.625	7.9	0.482537584283924	0.422480248340789	0.00133642169680521	29.4470611193126	0.586030067427139
38.775	7.9	0.477522270198924	0.428723104196102	-0.00013507770353593	29.4097760722834	0.582017816159139
38.925	7.9	0.471864108197013	0.435343310171702	-0.0016605280766513	29.3722037738603	0.577491286557611
39.075	7.9	0.465488037532867	0.442389015289378	-0.00326376886470669	29.3343539817978	0.572390430026293
39.225	7.9	0.458350352602225	0.44991007138564	-0.00496699813248949	29.2962380022502	0.56668028208178
39.375	7.9	0.450442124457064	0.457954805016176	-0.00678688886853459	29.2578674319485	0.560353699565652
39.525	7.9	0.441789995069825	0.466566101903665	-0.00873149939917623	29.2192530014828	0.55343199605586
39.675	7.9	0.432454282142691	0.475777221138828	-0.0107983630844205	29.180403649228	0.545963425714153
39.825	7.9	0.422524642131116	0.485607820623925	-0.0129739527010174	29.1413259130238	0.538019713704893
39.975	7.9	0.412113800002129	0.496060677490543	-0.0152345161720709	29.1020236750405	0.529691040001703
40.125	7.9	0.401350031490986	0.507119526539184	-0.017548101126651	29.0624982441747	0.521080025192789
40.275	7.9	0.390369158705451	0.518748321795849	-0.0198774483046187	29.0227487183411	0.512295326964361
40.425	7.9	0.379306792219168	0.530892064558897	-0.0221833523922502	28.9827725418367	0.503445433775335
40.575	7.9	0.368291438161251	0.543479157190808	-0.0244280690845772	28.9425661626221	0.494633150529001
40.725	7.9	0.3574389152662	0.556425062310144	-0.0265783855780169	28.9021256995062	0.48595113221296
40.875	7.9	0.346848327853673	0.569636899836555	-0.02860805665813	28.8614475459157	0.477478662282938
41.025	7.9	0.336599648279041	0.583018522312523	-0.0304994224360076	28.8205288600299	0.469279718623233
41.175	7.9	0.326752801492201	0.596475584471159	-0.0322441463092431	28.7793679154849	0.461402241193761
41.325	7.9	0.317348029703486	0.609920165394973	-0.0338431237294484	28.7379643085822	0.453878423762789
41.475	7.9	0.308407250991233	0.623274597659976	-0.0353056991171023	28.6963190344977	0.446725800792987
41.625	7.9	0.299936107478059	0.63647428598313	-0.036648381558983	28.6544344554562	0.439948885982447
41.775	7.9	0.291926416377771	0.649469433721859	-0.0378932684772782	28.6123141885752	0.433541133102217
41.925	7.9	0.284358778455491	0.662225717544361	-0.0390663749228475	28.5699629411929	0.427487022764393
42.075	7.9	0.277205151410341	0.674724043807506	-0.0401960329733718	28.5273863184579	0.421764121128273
42.225	7.9	0.270431250754252	0.686959577936963	-0.0413114808151321	28.4845906231907	0.416345000603402
42.375	7.9	0.263998691242703	0.69894026113151	-0.0424417136225976	28.4415826626907	0.411198952994162
42.525	7.9	0.257866824040655	0.7106850230464	-0.0436146253590579	28.3983695721158	0.406293459232524
42.675	7.9	0.251994257186413	0.722221873401153	-0.0448564363983627	28.3549586597592	0.40159540574913
42.825	7.9	0.246340069824058	0.733586018705127	-0.0461913780853725	28.311357276229	0.397072055859247
42.975	7.9	0.240864745371414	0.744818110150367	-0.0476415916221214	28.2675727071802	0.392691796297131
43.125	7.9	0.235530856964462	0.755962690792201	-0.0492271933285561	28.2236120877521	0.388424685571569
43.275	7.9	0.230303541910864	0.767066877782001	-0.0509664591467339	28.1794823360377	0.384242833528691
43.425	7.9	0.225150802062794	0.778179290138218	-0.0528760860173816	28.1351901025646	0.380120641650236
43.575	7.9	0.220043665277537	0.789349214460281	-0.0549714946006499	28.0907417327119	0.37603493222203
43.725	7.9	0.214956240458633	0.800625989413931	-0.0572671454190938	28.0461432390569	0.371964992366907
43.875	7.9	0.209865695724148	0.812058583689095	-0.0597768481174714	28.0014002806995	0.367892556579318
44.025	7.9	0.204752186342715	0.823695340372648	-0.0625140509009171	27.9565181465232	0.363801749074172
44.175	7.9	0.199598756104853	0.835583862422902	-0.0654921044749899	27.91150173904	0.359679004883882
44.325	7.9	0.194391232136359	0.847771018581242	-0.0687245024054713	27.8663555548832	0.355512985709087
44.475	7.9	0.189118127607685	0.860303056399002	-0.0722251084181739	27.8210836572359	0.351294502086148
44.625	7.9	0.183770557610108	0.873225819135967	-0.0760083917134485	27.775689634731	0.347016446088086
44.775	7.9	0.17834215870416	0.886585076392392	-0.0800897050746286	27.7301765411193	0.342673726963328
44.925	7.9	0.17282898087651	0.900426994752653	-0.0844856588561354	27.6845468110117	0.338263184701208
45.075	7.9	0.167229292241527	0.914798794293224	-0.0892146680968837	27.6388021502685	0.333783433793221
45.225	7.9	0.161543205667918	0.92974965807621	-0.0942977800730466	27.592943406175	0.329234564534334
45.375	7.9	0.155772011757409	0.945331980349933	-0.0997599223841288	27.5469704331276	0.324617609405928
45.525	7.9	0.14991709980783	0.961603045333969	-0.105631737672147	27.5008819839082	0.319933679846264
45.675	7.9	0.14397838888547	0.978627203772081	-0.111952170987204	27.4546756728741	0.315182711108376
45.825	7.9	0.137952298473182	0.996478528394605	-0.118771917810633	27.4083480713334	0.310361838778545
45.975	7.9	0.131829480892045	1.01524373749905	-0.126157680876799	27.3618950003613	0.305463584713636
46.125	7.9	0.125592818581054	1.0350248205834	-0.134196871491706	27.315312073909	0.300474254864843
46.275	7.9	0.119216532957858	1.05594021739429	-0.143001879179391	27.2685955068419	0.295373226366286
46.425	7.9	0.1126675941798	1.07812253323276	-0.15271229167156	27.2217431332505	0.29013407534384
46.575	7.9	0.105910857736574	1.10170958427006	-0.163492470271414	27.1747554815558	0.284728686189259
46.725	7.9	0.0989193483796374	1.12682407956906	-0.175520699164937	27.1276366365031	0.27913547870371
46.875	7.9	0.0916907230267226	1.15353561875741	-0.188964812062655	27.0803945078962	0.273352578421378
47.025	7.9	0.0842700647716553	1.18179739610321	-0.203937997804185	27.0330400557966	0.267416051817324
47.175	7.9	0.0767777625506961	1.21135025077077	-0.220428100920886	26.985585029782	0.261422210040557
47.325	7.9	0.0694394085187646	1.24159102358684	-0.238195915969024	26.9380378978897	0.255551526815012
47.475	7.9	0.0626126411960843	1.27141490327801	-0.256646240401335	26.8903978852548	0.250090112956867
47.625	7.9	0.0568040948626127	1.2990675814905	-0.274694849940659	26.8426474088569	0.24544327589009
47.775	7.9	0.0526687055652068	1.32208278440874	-0.290687767707395	26.7947436644137	0.242134964452165
47.925	7.9	0.0509843965055145	1.33741773911358	-0.302465773157676	26.7466106684552	0.240787517204412
48.075	7.9	0.0525984698011808	1.34188992466929	-0.307670507159183	26.6981336153538	0.242078775840945
48.225	7.9	0.0583481325120044	1.33290938727271	-0.304305777921841	26.649157747372	0.246678506009604
48.375	7.9	0.0689651803323258	1.30929666834147	-0.291391862657768	26.5994935864642	0.255172144265861
48.525	7.9	0.0849807296751349	1.27181072089066	-0.269396526353494	26.5489289358698	0.267984583740108
48.675	7.9	0.106646622985567	1.2230770243034	-0.240175432939767	26.4972458864739	0.285317298388454
48.825	7.9	0.133885344102286	1.16692473622514	-0.206433222483613	26.4442394261812	0.307108275281828
48.975	7.9	0.166273515820844	1.10746575109065	-0.170996915018141	26.3897342135362	0.333018812656675
49.125	7.9	0.203059331267416	1.04831618024022	-0.136236957620046	26.3335973473353	0.362447465013933
49.275	7.9	0.243212133357504	0.992177756789788	-0.103796548129906	26.2757463509178	0.394569706686003
49.425	7.9	0.285500299705534	0.940767658109943	-0.0745930435878895	26.2161523613922	0.428400239764427
49.575	7.9	0.328589690171721	0.894964286274679	-0.0489676103114212	26.1548388238287	0.462871752137376
49.725	7.9	0.371150093896772	0.855032372996261	-0.0268723115218726	26.0918762552057	0.496920075117418
49.875	7.9	0.411954265793002	0.82083999320612	-0.00803306308392311	26.0273739985235	0.529563412634402
50.025	7.9	0.449955277158217	0.792030243738587	0.00793173201809363	25.9614702067969	0.559964221726573
50.175	7.9	0.484333155001437	0.768141692405724	0.0214348144279661	25.8943214188177	0.58746652400115
50.325	7.9	0.514509206042497	0.748685408249806	0.0328760208887993	25.8260929478035	0.611607364833998
50.475	7.9	0.540132801596311	0.733189944138915	0.0426200998525932	25.7569509659289	0.632106241277049
50.625	7.9	0.561049090547241	0.721224573218265	0.0509881284685954	25.6870567658838	0.648839272437793
50.775	7.9	0.577257211660996	0.712408406748367	0.0582569010733061	25.6165633177234	0.661805769328797
50.925	7.9	0.588867424764426	0.706410690267459	0.0646630066038409	25.5456139677724	0.671093939811541
51.075	7.9	0.596063527287411	0.702945907426701	0.070410102297541	25.4743429377464	0.676850821829929
51.225	7.9	0.599074964883587	0.701766347005316	0.0756789648795773	25.4028771132292	0.67925997190687
51.375	7.9	0.598161393849899	0.702654317797985	0.0806401129517127	25.3313384010007	0.67852911507992
51.525	7.9	0.593610571725728	0.705415862454915	0.0854680109777238	25.2598456894904	0.674888457380583
51.675	7.9	0.585747319661304	0.709877205000114	0.0903542117517615	25.1885152940334	0.668597855729044
51.825	7.9	0.574946089543617	0.715883958976664	0.0955149175381603	25.117458976362	0.659956871634893
51.975	7.9	0.561632714258039	0.723301361722606	0.101187684399306	25.0467795326273	0.649306171406431
52.125	7.9	0.546254667135034	0.732012068259919	0.107614294897266	24.976565764976	0.637003733708027
52.275	7.9	0.529198492253149	0.741907500538173	0.115014002067776	24.9068912064469	0.623358793802519
52.425	7.9	0.510644278452727	0.75287082061656	0.123563379341171	24.8378233955813	0.608515422762182
52.575	7.9	0.490374992398883	0.764754889547106	0.133411484083447	24.7694511547389	0.592299993919106
52.725	7.9	0.467602245813541	0.777365030236496	0.144762253435124	24.7019341006526	0.574081796650833
52.875	7.9	0.440918229448192	0.790458227191841	0.158040158917387	24.6355698207752	0.552734583558553
53.025	7.9	0.408511055461753	0.803760932174616	0.174120525851583	24.5708600209443	0.526808844369403
53.175	7.9	0.368751269868351	0.816985938337085	0.194563650041916	24.5085413104266	0.495001015894681
53.325	7.9	0.321137719664955	0.829800768414736	0.221735285332059	24.4495373601095	0.456910175731964
53.475	7.9	0.267384734663588	0.841667087992979	0.258551820204932	24.3947979859508	0.41390778773087
53.625	7.9	0.212222241942165	0.851418627072474	0.307213858384807	24.3450255913902	0.369777793553732
53.775	7.9	0.163425227938431	0.856403473022456	0.365789817478555	24.3003472755578	0.330740182350745
53.925	7.9	0.130806164505286	0.851437687643467	0.422584508181509	24.2600514791401	0.304644931604229
54.075	7.9	0.124310442715175	0.82986261682753	0.454849169023108	24.2225314227224	0.29944835417214
54.225	7.9	0.151705305070231	0.789774953514301	0.443750093968114	24.1855011807005	0.321364244056185
54.375	7.9	0.2164127091992	0.738967563836747	0.39443402571586	24.146389793449	0.37313016735936
54.525	7.9	0.31582378578303	0.688894381387208	0.329869057232225	24.1027818534701	0.452659028626424
54.675	7.9	0.440598097204282	0.646592780415583	0.269305120717297	24.0528395149973	0.552478477763426
54.825	7.9	0.576060647077242	0.613873735291696	0.220544365641547	23.9956132749527	0.660848517661794
54.975	7.9	0.706178117174201	0.589801323739696	0.183994043527439	23.9311362505973	0.764942493739361
55.125	7.9	0.818317752207708	0.57254093905664	0.157400656326493	23.8602640463347	0.854654201766166
55.275	7.9	0.905941186185448	0.560257780676709	0.138199088887962	23.7843388948225	0.924752948948359
55.425	7.9	0.968250630463022	0.551470412120658	0.124276961423971	23.7048340358787	0.974600504370418
55.575	7.9	1.00809564634663	0.545110567733485	0.114080485374479	23.6230998922827	1.0064765170773
55.725	7.9	1.02982897581301	0.540451336347558	0.106518249008358	23.540241740188	1.02386318065041
55.875	7.9	1.03790460844415	0.53700713091297	0.100834427160499	23.4570954250163	1.03032368675532
56.025	7.9	1.03621958400494	0.534451068998231	0.0965025989004051	23.3742543901066	1.02897566720395
56.175	7.9	1.02792360859805	0.532558615197077	0.0931487101492711	23.2921142814228	1.02233888687844
56.325	7.9	1.01544813655269	0.531172287871673	0.0904991901117863	23.2109177755487	1.01235850924215
56.475	7.9	1.0006088860371	0.530180232194216	0.0883479191243508	23.1307932457721	1.00048710882968
56.625	7.9	0.984716412906676	0.529503176389521	0.0865363416060036	23.0517862292483	0.987773130325341
56.775	7.9	0.968673838551448	0.529086241190046	0.0849421492573678	22.9738845427538	0.974939070841158
56.925	7.9	0.953059781871147	0.528893455328049	0.083473022738565	22.8970381747335	0.962447825496918
57.075	7.9	0.938199925124632	0.528903707218343	0.0820628623071952	22.8211748359533	0.950559940099705
57.225	7.9	0.924230284224557	0.529107423738218	0.0806688019941343	22.7462117718574	0.939384227379646
57.375	7.9	0.911153358791952	0.529503634347135	0.079268080179896	22.672064285418	0.928922687033561
57.525	7.9	0.89888679590205	0.530097310914589	0.0778544712696685	22.5986513902133	0.91910943672164
57.675	7.9	0.887303589621726	0.530897000040096	0.0764344070180245	22.5258990531647	0.909842871697381
57.825	7.9	0.876263060322524	0.531912810697153	0.0750231155395125	22.4537415348851	0.901010448258019
57.975	7.9	0.865632554762166	0.533154813662837	0.0736411201493672	22.3821213531639	0.892506043809733
58.125	7.9	0.8553006064576	0.534631877371257	0.0723113414518673	22.3109883668404	0.88424048516608
58.275	7.9	0.845182931172023	0.536350928176324	0.0710569086788497	22.2402984079737	0.876146344937618
58.425	7.9	0.835222980676565	0.538316593394861	0.0698996633795756	22.170011795242	0.868178384541252
58.575	7.9	0.825388832868825	0.540531167102386	0.068859255899791	22.1000919588454	0.86031106629506
58.725	7.9	0.815668022549955	0.542994830786808	0.0679526961705827	22.0305043118207	0.852534418039964
58.875	7.9	0.806061605955928	0.545706060909709	0.0671942161748047	21.9612154242256	0.844849284764743
59.025	7.9	0.796578389973516	0.548662160292812	0.0665953190990509	21.8921924992445	0.837262711978813
59.175	7.9	0.787229909360649	0.551859857811262	0.066164917884588	21.8234031137387	0.829783927488519
59.325	7.9	0.778026442530941	0.555295929668824	0.0659094952483395	21.7548151671723	0.822421154024753
59.475	7.9	0.768974136419275	0.558967804680041	0.0658332432976062	21.6863969779468	0.81517930913542
59.625	7.9	0.760073164832752	0.562874124939397	0.0659381613764069	21.618117470517	0.808058531866202
59.775	7.9	0.751316763260268	0.56701524165749	0.0662241053293285	21.5499464062387	0.801053410608214
59.925	7.9	0.7426909519624	0.57139363350482	0.0666887905592531	21.4818546225571	0.79415276156992
60.075	7.9	0.734174762706575	0.576014241333062	0.0673277561823306	21.4138142566404	0.78733981016526
60.225	7.9	0.725740808579547	0.58088471851204	0.068134299465183	21.345798939529	0.780592646863637
60.375	7.9	0.717356069552398	0.586015600293149	0.0690993897070806	21.2777839546555	0.773884855641918
60.525	7.9	0.708982800841241	0.591420398620058	0.0702115697485898	21.2097463600569	0.767186240672993
60.675	7.9	0.700579501670938	0.5971156307469	0.0714568520594187	21.141665076972	0.760463601336751
60.825	7.9	0.692101906438331	0.603120791024057	0.0728186153646151	21.0735209491641	0.753681525150665
60.975	7.9	0.683503977952148	0.609458275412211	0.0742775072907546	21.0052967776821	0.746803182361718
61.125	7.9	0.674738893987439	0.616153267823058	0.0758113586946887	20.9369773352845	0.739791115189951
61.275	7.9	0.665760024944858	0.623233596362684	0.0773951162197058	20.8685493637416	0.732608019955887
61.425	7.9	0.656521903145855	0.630729566034976	0.0790008012102869	20.8000015559827	0.725217522516684
61.575	7.9	0.646981184235201	0.6386737724251	0.0805975053952064	20.7313245237628	0.717584947388161
61.725	7.9	0.637097599004773	0.647100898247298	0.0821514366947969	20.6625107503661	0.709678079203819
61.875	7.9	0.626834890081565	0.656047491192927	0.0836260320624023	20.5935545270056	0.701467912065252
62.025	7.9	0.616161722481182	0.665551716983923	0.0849821582623299	20.5244518712058	0.692929377984946
62.175	7.9	0.605052550054324	0.675653075571596	0.0861784255240195	20.455200425824	0.684042040043459
62.325	7.9	0.593488411470965	0.6863920607461	0.0871716423248069	20.3857993387514	0.674790729176772
62.475	7.9	0.581457620032429	0.697809733947708	0.0879174408279151	20.3162491260707	0.665166096025943
62.625	7.9	0.568956302290308	0.709947172259044	0.0883710997354018	20.2465515258	0.655165041832247
62.775	7.9	0.555988733037893	0.722844739693951	0.0884885818136733	20.1767093554254	0.644790986430315
62.925	7.9	0.54256741162051	0.73654112260948	0.0882277839909098	20.1067263939751	0.634053929296408
63.075	7.9	0.528712830634882	0.751072068541245	0.0875499658809764	20.0366073175598	0.622970264507905
63.225	7.9	0.514452907602676	0.766468778781867	0.0864212767038766	19.966357724412	0.611562326082141
63.375	7.9	0.49982208750917	0.782755935136282	0.0848142434640292	19.8959842887914	0.599857670007336
63.525	7.9	0.484860181593875	0.799949396040009	0.0827090239182	19.8254950789794	0.5878881452751
63.675	7.9	0.469611083238651	0.818053678014352	0.080094184152986	19.7549000587637	0.575688866590921
63.825	7.9	0.454121585049924	0.837059438579279	0.0769667602906488	19.6842117605652	0.563297268039939
63.975	7.9	0.43844059066129	0.85694127772414	0.0733314425463357	19.6134460702798	0.550752472529032
64.125	7.9	0.422619035124646	0.877656245239518	0.0691989134636949	19.5426230023073	0.538095228099716
64.275	7.9	0.406710751057549	0.899143439711144	0.0645837027045236	19.4717672790349	0.525368600846039
64.425	7.9	0.390774290078926	0.921324972940244	0.0595023752988542	19.4009084830406	0.51261943206314
64.575	7.9	0.374875286492667	0.944108331890352	0.0539733759794108	19.3300805537202	0.499900229194134
64.725	7.9	0.359088322549617	0.96738982246132	0.0480202528562045	19.2593204915893	0.487270658039694
64.875	7.9	0.343496479583675	0.991058411341682	0.0416800255610602	19.1886663511062	0.47479718366694
65.025	7.9	0.328185999417174	1.01499904992386	0.0350178137792876	19.1181549688205	0.462548799533739
65.175	7.9	0.313233030517081	1.03909467733545	0.0281471771150273	19.0478203734826	0.450586424413665
65.325	7.9	0.29867972628248	1.06322673588374	0.0212528242946013	18.9776943822315	0.438943781025984
65.475	7.9	0.28449850496514	1.08727519301678	0.0146088460764889	18.9078113444189	0.427598803972112
65.625	7.9	0.27054653860086	1.1111203357593	0.00858261629025526	18.838219110592	0.416437230880688
65.775	7.9	0.256517745733315	1.13464903042295	0.00361377584272204	18.7689977816765	0.405214196586652
65.925	7.9	0.24190652880886	1.15776640435862	0.000160476324365445	18.700286342008	0.393525223047088
66.075	7.9	0.226005381978407	1.1804091460905	-0.00139003481754809	18.6323146969201	0.380804305582726
66.225	7.9	0.207965645180655	1.20254940439167	-0.000847734697071919	18.565434876451	0.366372516144524
66.375	7.9	0.186954504370715	1.22417059718948	0.00160575011004315	18.5001403815947	0.349563603496572
66.525	7.9	0.162437970305597	1.24519046234159	0.0051553771105284	18.4370572308737	0.329950376244478
66.675	7.9	0.134603272309699	1.26530350939068	0.00792635639473281	18.3768850631282	0.307682617847759
66.825	7.9	0.104896769137318	1.28371638769884	0.00633248860593109	18.3202636620285	0.283917415309854
66.975	7.9	0.0765858284895274	1.29876428093764	-0.00554618931323749	18.2675442314895	0.261268662791622
67.125	7.9	0.0551512537822438	1.30746781945949	-0.0351453099883932	18.2184657399373	0.244121003025795
67.275	7.9	0.0481984333049736	1.30542279438114	-0.0860770170029311	18.171790124834	0.238558746643979
67.425	7.9	0.0645078562524115	1.28823640185078	-0.148754493552936	18.1250397322345	0.251606285001929
67.575	7.9	0.11197234547726	1.25510175329258	-0.200921194382059	18.0745516122495	0.289577876381808
67.725	7.9	0.194633369622674	1.21065445072079	-0.226157457008804	18.0160048221236	0.355706695698139
67.875	7.9	0.309743501586143	1.16196643610303	-0.225460772444479	17.9453602439572	0.447794801268915
68.025	7.9	0.446524063847259	1.1148468777264	-0.209030353216109	17.8599080633194	0.557219251077807
68.175	7.9	0.588384299709083	1.0725718914875	-0.186099368334834	17.758996001271	0.670707439767266
68.325	7.9	0.718420957213886	1.03616149927893	-0.162066899466623	17.6440934791223	0.774736765771109
68.475	7.9	0.824965937456645	1.00523391073531	-0.139436517862753	17.5181702786342	0.859972749965316
68.625	7.9	0.903774946611163	0.978902367415464	-0.119156324865993	17.3847513479429	0.92301995728893
68.775	7.9	0.956632866769222	0.956325538377923	-0.101457277787606	17.2471063522176	0.965306293415378
68.925	7.9	0.98853058995574	0.936869531735711	-0.0862649346448342	17.1078072297091	0.990824471964592
69.075	7.9	1.00527172438314	0.920071271904132	-0.0733822265290339	16.9686243744836	1.00421737950651
69.225	7.9	1.01209105064428	0.905567044948098	-0.0625676224744033	16.8306217612099	1.00967284051543
69.375	7.9	1.01309936656955	0.893047086588849	-0.0535682302447387	16.6943264393083	1.01047949325564
69.525	7.9	1.01121090578205	0.882237318615624	-0.0461343907280005	16.5599000309463	1.00896872462564
69.675	7.9	1.00829779743814	0.872894765790298	-0.0400275819531767	16.4272814806429	1.00663823795051
69.825	7.9	1.0054252161463	0.864806709978349	-0.0350263515938927	16.2962932562493	1.00434017291704
69.975	7.9	1.00309162357777	0.857789411577904	-0.0309313261515571	16.1667134444392	1.00247329886221
70.125	7.9	1.00143724824171	0.851685683134324	-0.0275687968780684	16.038319961891	1.00114979859337
70.275	7.9	1.00040561484998	0.846361823400078	-0.0247922411412391	15.910913959386	1.00032449187999
70.425	7.9	0.9998561014994	0.841704486730752	-0.0224816559464801	15.784329023596	0.99988488119952
70.575	7.9	0.999633429865146	0.837617795485017	-0.0205411358750665	15.6584316821564	0.999706743892117
70.725	7.9	0.999603871034855	0.834020779839121	-0.0188954117240804	15.5331173758966	0.999683096827884
70.875	7.9	0.999668702817442	0.830845128758459	-0.0174860575783058	15.4083047393391	0.999734962253954
71.025	7.9	0.999764167971595	0.828033216879298	-0.0162678921394648	15.2839298988499	0.999811334377276
71.175	7.9	0.999854929592489	0.825536382061016	-0.0152058737243928	15.1599416406802	0.999883943673991
71.325	7.9	0.999925631117361	0.823313438302883	-0.0142725974318051	15.036297726831	0.999940504893889
71.475	7.9	0.999973140110517	0.821329410871597	-0.0134463761838837	14.9129623041084	0.999978512088413
71.625	7.9	1.00000058399164	0.819554477144567	-0.0127098211797459	14.7899041981479	1.00000046719331
71.775	7.9	1.00001336652453	0.817963091976376	-0.0120488152832647	14.6670958460795	1.00001069321962
71.925	7.9	1.00001687735035	0.81653327306551	-0.0114517773026186	14.5445126465381	1.00001350188028
72.075	7.9	1.00001543459698	0.815246020786548	-0.0109091320898667	14.4221325567195	1.00001234767758
72.225	7.9	1.0000120069883	0.814084848073938	-0.0104129217978151	14.2999358203629	1.00000960559064
72.375	7.9	1.00000835215871	0.81303539853444	-0.00995651246950205	14.1779047563461	1.00000668172697
72.525	7.9	1.00000532058654	0.812085134300809	-0.00953436526131918	14.0560235710361	1.00000425646923
72.675	7.9	1.00000317609709	0.811223078628484	-0.00914185262437449	13.934278179048	1.00000254087767
72.825	7.9	1.0000018604599	0.810439601476552	-0.00877510719035644	13.8126560290578	1.00000148836792
72.975	7.9	1.00000117953242	0.809726239084518	-0.00843089576438246	13.6911459367103	1.00000094362594
73.125	7.9	1.00000091607713	0.809075540780526	-0.00810651356248799	13.5697379280827	1.00000073286171
73.275	7.9	1.00000088621852	0.808480937953022	-0.00779969534698737	13.4484230965668	1.00000070897482
73.425	7.9	1.00000095862776	0.807936631361311	-0.00750854092246407	13.3271934747108	1.00000076690221
73.575	7.9	1.00000105270355	0.807437493846286	-0.00723145289561658	13.2060419212466	1.00000084216284
73.725	7.9	1.00000112746412	0.806978986123489	-0.00696708487398322	13.0849620225283	1.0000009019713
73.875	7.9	1.00000116841529	0.8065570837791	-0.00671429848737348	12.9639480070162	1.00000093473223
74.025	7.9	1.00000117614685	0.806168213904385	-0.00647212780563022	12.8429946711871	1.00000094091748
74.175	7.9	1.00000115803479	0.805809200042658	-0.00623974991285304	12.7220973152493	1.00000092642783
74.325	7.9	1.00000112305408	0.805477214311073	-0.0060164605775967	12.6012516871814	1.00000089844327
74.475	7.9	1.00000107907401	0.805169735715597	-0.00580165412755683	12.4804539338161	1.00000086325921
74.625	7.9	1.00000103184323	0.804884513812713	-0.00559480678824338	12.359700557907	1.00000082547458
74.775	7.9	1.00000098495719	0.804619536987486	-0.00539546287652134	12.2389883803087	1.00000078796575
74.925	7.9	1.00000094028284	0.804373004720636	-0.00520322335060247	12.1183145065652	1.00000075222628
75.075	7.9	1.00000089850639	0.804143303306305	-0.00501773630906696	11.9976762973279	1.00000071880512
75.225	7.9	1.00000085962569	0.803928984559799	-0.00483868910588088	11.8770713421214	1.00000068770055
75.375	7.9	1.00000082331646	0.803728747120269	-0.00466580180784007	11.7564974360542	1.00000065865317
75.525	7.9	1.00000078916587	0.803541420010385	-0.00449882176909611	11.6359525591229	1.0000006313327
75.675	7.9	1.00000075679741	0.803365948162476	-0.00433751913627596	11.5154348578096	1.00000060543793
75.825	7.9	1.0000007259205	0.803201379661417	-0.00418168312901445	11.3949426287047	1.0000005807364
75.975	7.9	1.00000069633542	0.803046854488379	-0.00403111896677845	11.2744743039216	1.00000055706834
76.125	7.9	1.00000066791688	0.802901594579341	-0.00388564533380337	11.1540284380953	1.00000053433351
76.275	7.9	1.00000064059123	0.802764895035901	-0.00374509229193909	11.033603696783	1.00000051247298
76.425	7.9	1.00000061431541	0.802636116348136	-0.00360929956562093	10.9131988461039	1.00000049145233
76.575	7.9	1.00000058906122	0.802514677506687	-0.00347811513580809	10.7928127434768	1.00000047124898
76.725	7.9	1.00000056480516	0.802400049896977	-0.00335139408981443	10.6724443293295	1.00000045184413
76.875	7.9	1.00000054152302	0.802291751882221	-0.00322899768284611	10.55209261967	1.00000043321842
77.025	7.9	1.00000051918773	0.802189343993213	-0.00311079257427494	10.4317566994219	1.00000041535018
77.175	7.9	1.00000049776919	0.802092424653288	-0.00299665020782544	10.3114357164396	1.00000039821535
77.325	7.9	1.00000047723505	0.802000626375764	-0.00288644630996603	10.1911288761257	1.00000038178804
77.475	7.9	1.00000045755176	0.801913612378414	-0.00278006048503979	10.0708354365868	1.00000036604141
77.625	7.9	1.00000043868549	0.801831073566901	-0.00267737588952996	9.95055470426693	1.00000035094839
77.775	7.9	1.00000042060289	0.801752725844434	-0.0025782789704787	9.83028603000771	1.00000033648231
77.925	7.9	1.00000040327154	0.801678307710291	-0.00248265925600679	9.71002880548875	1.00000032261723
78.075	7.9	1.00000038666017	0.801607578114149	-0.00239040918762091	9.58978246000818	1.00000030932814
78.225	7.9	1.00000037073882	0.801540314537553	-0.00230142398610023	9.46954645756681	1.00000029659105
78.375	7.9	1.00000035547874	0.801476311276365	-0.00221560154396682	9.3493202942242	1.00000028438299
78.525	7.9	1.00000034085244	0.80141537790229	-0.00213284233899411	9.22910349569803	1.00000027268195
78.675	7.9	1.00000032683355	0.801357337882978	-0.00205304936389634	9.1088956151817	1.00000026146684
78.825	7.9	1.00000031339682	0.801302027343451	-0.00197612806875169	8.98869623135771	1.00000025071746
78.975	7.9	1.000000300518	0.801249293953274	-0.00190198631278285	8.86850494658689	1.0000002404144
79.125	7.9	1.00000028817382	0.80119899592547	-0.00183053432324376	8.7483213852556	1.00000023053906
79.275	7.9	1.00000027634197	0.801151001115178	-0.0017616846593089	8.62814519226526	1.00000022107358
79.425	7.9	1.00000026500103	0.801105186207397	-0.0016953521794811	8.50797603165002	1.00000021200082
79.575	7.9	1.00000025413044	0.801061435983921	-0.00163145401116585	8.38781358530998	1.00000020330435
79.725	7.9	1.00000024371052	0.801019642661188	-0.00156990952156705	8.26765755184872	1.00000019496842
79.875	7.9	1.00000023372237	0.800979705291595	-0.00151064028911701	8.14750764550521	1.0000001869779
80.025	7.9	1.0000002241479	0.800941529221341	-0.00145357007489033	8.02736359517099	1.00000017931832
80.175	7.9	1.00000021496976	0.800905025599125	-0.00139862479353263	7.90722514348465	1.00000017197581
80.325	7.9	1.00000020617133	0.80087011093028	-0.00134573248361812	7.78709204599649	1.00000016493706
80.475	7.9	1.0000001977367	0.800836706671671	-0.00129482327699559	7.66696407039671	1.00000015818936
80.625	7.9	1.00000018965063	0.800804738863209	-0.00124582936723356	7.54684099580159	1.0000001517205
80.775	7.9	1.00000018189852	0.800774137792202	-0.00119868497699047	7.42672261209233	1.00000014551882
80.925	7.9	1.00000017446639	0.800744837687378	-0.00115332632436202	7.30660871930182	1.00000013957311
81.075	7.9	1.00000016734086	0.800716776439368	-0.00110969158824652	7.18649912704533	1.00000013387268
81.225	7.9	1.00000016050909	0.80068989534529	-0.00106772087273523	7.06639365399113	1.00000012840727
81.375	7.9	1.00000015395883	0.800664138874872	-0.00102735617075459	6.94629212736783	1.00000012316706
81.525	7.9	1.00000014767832	0.800639454456087	-0.000988541326849481	6.82619438250515	1.00000011814266
81.675	7.9	1.00000014165632	0.800615792278504	-0.000951221999462025	6.70610026240554	1.00000011332506
81.825	7.9	1.00000013588207	0.800593105112424	-0.000915345622567885	6.58600961734402	1.00000010870565
81.975	7.9	1.00000013034524	0.800571348142639	-0.000880861367018189	6.46592230449401	1.00000010427619
82.125	7.9	1.00000012503593	0.80055047881506	-0.000847720101524837	6.34583818757706	1.00000010002875
82.275	7.9	1.00000011994465	0.800530456695459	-0.000815874353527116	6.22575713653471	1.00000009595572
82.425	7.9	1.00000011506226	0.80051124333873	-0.000785278269969642	6.10567902722061	1.00000009204981
82.575	7.9	1.00000011038007	0.800492802168176	-0.000755887578164928	5.98560374111156	1.00000008830405
82.725	7.9	1.00000010588982	0.800475098363506	-0.000727659546792966	5.8655311650359	1.00000008471185
82.875	7.9	1.00000010158376	0.800458098757149	-0.000700552947123059	5.74546119091805	1.00000008126701
83.025	7.9	1.00000009745459	0.800441771737738	-0.000674528014696363	5.62539371553813	1.00000007796367
83.175	7.9	1.00000009349527	0.800426087160606	-0.000649546411290707	5.50532864030534	1.00000007479622
83.325	7.9	1.00000008969867	0.800411016264245	-0.000625571187524274	5.38526587104452	1.00000007175894
83.475	7.9	1.00000008605723	0.800396531592594	-0.000602566745990068	5.26520531779471	1.00000006884578
83.625	7.9	1.00000008256287	0.800382606922441	-0.000580498805081117	5.14514689461897	1.0000000660503
83.775	7.9	1.00000007920776	0.800369217195397	-0.000559334363513395	5.02509051942484	1.00000006336621
83.925	7.9	1.00000007598579	0.800356338454297	-0.000539041665670368	4.9050361137944	1.00000006078863
84.075	7.9	1.00000007289467	0.800343947783114	-0.000519590167777239	4.78498360282345	1.00000005831574
84.225	7.9	1.00000006993687	0.800332023250597	-0.000500950504950318	4.6649329149693	1.00000005594949
84.375	7.9	1.00000006711725	0.80032054385712	-0.000483094459208336	4.54488398190666	1.0000000536938
84.525	7.9	1.00000006443585	0.80030948948508	-0.000465994928452775	4.42483673839172	1.00000005154868
84.675	7.9	1.00000006187685	0.800298840852838	-0.000449625896469016	4.30479112213445	1.00000004950148
84.825	7.9	1.00000005940007	0.800288579471985	-0.000433962403957199	4.18474707367856	1.00000004752006
84.975	7.9	1.00000005694653	0.800278687606875	-0.000418980520647286	4.06470453628819	1.00000004555722
85.125	7.9	1.00000005446934	0.800269148234398	-0.000404657318476877	3.94466345583905	1.00000004357547
85.275	7.9	1.00000005199015	0.800259945001644	-0.000390970845867364	3.82462378071119	1.00000004159212
85.425	7.9	1.00000004965628	0.800251062180389	-0.000377900103074987	3.70458546168199	1.00000003972502
85.575	7.9	1.00000004774292	0.800242484620989	-0.000365425018698198	3.58454845182164	1.00000003819434
85.725	7.9	1.0000000465322	0.800234197713996	-0.000353526427316392	3.4645127063995	1.00000003722576
85.875	7.9	1.00000004603977	0.800226187371399	-0.000342186048399304	3.34447818281438	1.00000003683182
86.025	7.9	1.00000004567457	0.800218440036145	-0.000331386466314049	3.224444840559	1.00000003653966
86.175	7.9	1.00000004408669	0.800210942712154	-0.000321111111511426	3.10441264121274	1.00000003526936
86.325	7.9	1.00000003957988	0.800203682979051	-0.000311344242501795	2.98438154842635	1.00000003166391
86.475	7.9	1.00000003136296	0.800196648928358	-0.000302070928382269	2.86435152783103	1.00000002509036
86.625	7.9	1.00000002141781	0.800189828960653	-0.000293277031613902	2.74432254680195	1.00000001713425
86.775	7.9	1.00000001588623	0.800183211447814	-0.000284949191237123	2.62429457406945	1.00000001270898
86.925	7.9	1.00000002402841	0.80017678440387	-0.000277074807383757	2.50426757931757	1.00000001922273
87.075	7.9	1.00000005285247	0.800170535473095	-0.000269642028601322	2.38424153309405	1.00000004228197
87.225	7.9	1.00000009748934	0.800164452604913	-0.000262639743482657	2.2642164074438	1.00000007799147
87.375	7.9	1.00000013167104	0.800158525554432	-0.000256057576442805	2.14419217746481	1.00000010533683
87.525	7.9	1.00000010782158	0.800152747702784	-0.000249885883820612	2.02416882331989	1.00000008625726
87.675	7.9	0.999999978259342	0.800147116767591	-0.000244115741882101	1.90414633122892	0.999999982607474
87.825	7.9	0.999999742064142	0.800141632346162	-0.000238738915936742	1.78412469119565	0.999999793651313
87.975	7.9	0.999999502355409	0.800136288877103	-0.000233747805074289	1.66410388973697	0.999999601884327
88.125	7.9	0.999999490078437	0.800131065418751	-0.000229135374051708	1.54408389872228	0.99999959206275
88.275	7.9	0.999999990478277	0.800125918468324	-0.000224895110819422	1.42406466660213	0.999999992382621
88.425	7.9	1.00000112741487	0.800120788554097	-0.000221021070664537	1.30404612352183	1.00000090193189
88.575	7.9	1.00000254672093	0.800115630698768	-0.000217508057763404	1.18402821199054	1.00000203737675
88.725	7.9	1.00000318897736	0.800110467500702	-0.00021435192062273	1.06401094365899	1.00000255118188
88.875	7.9	1.00000148345626	0.800105439782292	-0.00021154979163302	0.943994457694321	1.000001186765
89.025	7.9	0.999996279829042	0.800100801959402	-0.000209099937479456	0.823979025116951	0.999997023863234
89.175	7.9	0.999988488787544	0.800096800052723	-0.000207000848324607	0.703964929651903	0.999990791030035
89.325	7.9	0.99998266922925	0.800093411066168	-0.000205249478206039	0.583952193629783	0.9999861353834
89.475	7.9	0.999986933202236	0.80009003347343	-0.000203839285665311	0.463940232259779	0.999989546561788
89.625	7.9	1.00000923420404	0.800085374882658	-0.000202759750542479	0.34392769064605	1.00000738736323
89.775	7.9	1.00004933716934	0.800067406082083	-0.000201999713776802	0.223912844505908	1.00003946973547
89.925	7.9	1.00008917855289	0.400092036449883	-0.000201576178265083	0.103897993371795	1.00007134284231
0.075	8.1	2.83512306988613e-30	0.399999651852529	-2.69276909819306e-05	36.0880468908595	0.2
0.225	8.1	-9.22263074093518e-31	0.79999895520765	-2.69657126146814e-05	36.0640469117483	0.2
0.375	8.1	4.42551540220479e-30	0.799998257510062	-2.70418561682336e-05	36.040046953547	0.2
0.525	8.1	-1.01631842598716e-29	0.799997558047941	-2.71563216404437e-05	36.0160470162977	0.2
0.675	8.1	-1.58483864089312e-30	0.7999968560933	-2.73094077411716e-05	35.9920471000641	0.2
0.825	8.1	-2.75134618474033e-29	0.799996150897198	-2.75015098936635e-05	35.9680472049321	0.2
0.975	8.1	-9.7270303756146e-30	0.799995441683759	-2.77331180139725e-05	35.9440473310103	0.2
1.125	8.1	-3.62045258021434e-29	0.799994727645749	-2.80048142881184e-05	35.9200474784311	0.2
1.275	8.1	9.21906919861933e-30	0.799994007939411	-2.83172700442104e-05	35.8960476473516	0.2
1.425	8.1	5.79057165291941e-31	0.799993281681264	-2.86712424105975e-05	35.8720478379547	0.2
1.575	8.1	8.82868129948077e-29	0.799992547944088	-2.90675720424983e-05	35.8480480504507	0.2
1.725	8.1	9.21226197414006e-29	0.799991805754932	-2.95071782553066e-05	35.8240482850781	0.2
1.875	8.1	1.90415196910546e-28	0.799991054092611	-2.99910581791275e-05	35.8000485421054	0.2
2.025	8.1	1.34888758758203e-28	0.799990291886122	-3.05202822620329e-05	35.7760488218325	0.2
2.175	8.1	1.43744402746585e-28	0.799989518013598	-3.10959925827408e-05	35.7520491245922	0.2
2.325	8.1	-8.54750233701854e-29	0.799988731302269	-3.17194006330536e-05	35.7280494507517	0.2
2.475	8.1	-2.40870646795285e-28	0.799987930526746	-3.23917850853403e-05	35.7040498007141	0.2
2.625	8.1	-6.31263163738091e-28	0.799987114411201	-3.31144913290051e-05	35.6800501749201	0.2
2.775	8.1	-7.78953594132013e-28	0.799986281627976	-3.38889307738979e-05	35.6560505738494	0.2
2.925	8.1	-9.84201349942308e-28	0.799985430798229	-3.47165803954861e-05	35.6320509980224	0.2
3.075	8.1	-6.18813670709396e-28	0.799984560493684	-3.55989830746539e-05	35.6080514480015	0.2
3.225	8.1	-1.16392455903382e-28	0.799983669235463	-3.65377491028555e-05	35.5840519243928	0.2
3.375	8.1	1.10785064423045e-27	0.799982755495929	-3.75345573558721e-05	35.5600524278474	0.2
3.525	8.1	2.19414877638135e-27	0.799981817698081	-3.85911571925438e-05	35.536052959063	0.2
3.675	8.1	3.48351325226947e-27	0.799980854216713	-3.97093711567279e-05	35.5120535187855	0.2
3.825	8.1	3.60867238347498e-27	0.799979863376872	-4.08910983544472e-05	35.4880541078101	0.2
3.975	8.1	2.96672508755793e-27	0.799978843455396	-4.21383167272725e-05	35.4640547269829	0.2
4.125	8.1	2.94709382459899e-28	0.799977792679047	-4.34530873666052e-05	35.4400553772027	0.2
4.275	8.1	-2.95850865563322e-27	0.799976709224052	-4.48375589546361e-05	35.4160560594222	0.2
4.425	8.1	-7.05481978191625e-27	0.7999755912149	-4.62939710365405e-05	35.3920567746493	0.2
4.575	8.1	-9.00709358436131e-27	0.799974436723483	-4.78246597620018e-05	35.3680575239493	0.2
4.725	8.1	-8.81447456496972e-27	0.799973243766273	-4.94320616884913e-05	35.3440583084459	0.2
4.875	8.1	-4.02116093862259e-27	0.799972010303384	-5.11187193605613e-05	35.3200591293233	0.2
5.025	8.1	2.17172106342577e-27	0.799970734235007	-5.28872864594194e-05	35.2960599878277	0.2
5.175	8.1	8.34153269750459e-27	0.799969413400461	-5.47405328980827e-05	35.2720608852692	0.2
5.325	8.1	6.62861458021088e-27	0.799968045572977	-5.66813506698344e-05	35.2480618230237	0.2
5.475	8.1	-4.78511192603227e-27	0.799966628459222	-5.87127593588784e-05	35.2240628025348	0.2
5.625	8.1	-2.8672798745777e-26	0.799965159693731	-6.08379119254788e-05	35.2000638253161	0.2
5.775	8.1	-5.15295386984474e-26	0.799963636835485	-6.30601002662837e-05	35.1760648929532	0.2
5.925	8.1	-5.52682583687698e-26	0.799962057365491	-6.53827619955376e-05	35.152066007106	0.2
6.075	8.1	-4.93067809214644e-27	0.799960418681232	-6.78094864094405e-05	35.1280671695112	0.2
6.225	8.1	1.20677885269704e-25	0.799958718092469	-7.03440204533348e-05	35.1040683819851	0.2
6.375	8.1	3.26208650706298e-25	0.79995695281761	-7.29902753264119e-05	35.0800696464257	0.2
6.525	8.1	5.49827073188438e-25	0.799955119977553	-7.57523337642344e-05	35.056070964816	0.2
6.675	8.1	6.68218838059234e-25	0.799953216591768	-7.86344556092352e-05	35.032072339227	0.2
6.825	8.1	4.75476417097166e-25	0.79995123957317	-8.16410865722693e-05	35.0080737718205	0.2
6.975	8.1	-2.30985110211311e-25	0.799949185721549	-8.47768635933213e-05	34.9840752648527	0.2
7.125	8.1	-1.56928744659656e-24	0.799947051720452	-8.80466239249936e-05	34.9600768206772	0.2
7.275	8.1	-3.36759455742536e-24	0.799944834127624	-9.14554110222798e-05	34.9360784417494	0.2
7.425	8.1	-5.03476605943687e-24	0.799942529373027	-9.50084845259953e-05	34.9120801306296	0.2
7.575	8.1	-5.4318850947582e-24	0.799940133750474	-9.87113264308338e-05	34.888081889987	0.2
7.725	8.1	-3.06241546780628e-24	0.799937643411188	-0.000102569650816439	34.8640837226045	0.2
7.875	8.1	3.48672445182143e-24	0.799935054357047	-0.000106589412004995	34.8400856313824	0.2
8.025	8.1	1.45703376757511e-23	0.799932362436601	-0.000110776813705945	34.8160876193431	0.2
8.175	8.1	2.83258506441258e-23	0.799929563331709	-0.000115138318146809	34.7920896896362	0.2
8.325	8.1	3.94758647331693e-23	0.799926652557714	-0.000119680655818162	34.7680918455432	0.2
8.475	8.1	3.91040089505757e-23	0.799923625449535	-0.000124410835972556	34.7440940904827	0.2
8.625	8.1	1.61139702834427e-23	0.799920477157286	-0.000129336156063083	34.7200964280162	0.2
8.775	8.1	-3.84088908861701e-23	0.799917202635755	-0.000134464213371013	34.6960988618533	0.2
8.925	8.1	-1.24023503775392e-22	0.799913796638172	-0.000139802915649173	34.6721013958581	0.2
9.075	8.1	-2.21938541036955e-22	0.799910253705117	-0.000145360492614109	34.648104034055	0.2
9.225	8.1	-2.88161771494821e-22	0.799906568156231	-0.000151145508176409	34.6241067806358	0.2
9.375	8.1	-2.54556329014646e-22	0.799902734079775	-0.000157166872751527	34.6001096399657	0.2
9.525	8.1	-4.5480776805043e-23	0.799898745323836	-0.000163433856105159	34.576112616591	0.2
9.675	8.1	3.85113327510755e-22	0.799894595484911	-0.000169956100782815	34.5521157152462	0.2
9.825	8.1	9.98122884944962e-22	0.799890277896358	-0.000176743635654352	34.5281189408619	0.2
9.975	8.1	1.61165600720495e-21	0.799885785618024	-0.000183806890298596	34.5041222985724	0.2
10.125	8.1	1.87405152739631e-21	0.799881111424645	-0.000191156710237937	34.4801257937248	0.2
10.275	8.1	1.31372662208794e-21	0.799876247791451	-0.000198804371681164	34.456129431887	0.2
10.425	8.1	-4.92599664659043e-22	0.799871186883476	-0.000206761597313349	34.4321332188573	0.2
10.575	8.1	-3.62452302078241e-21	0.79986592054042	-0.000215040573537589	34.408137160674	0.2
10.725	8.1	-7.45740865537893e-21	0.799860440263345	-0.000223653966920014	34.3841412636249	0.2
10.875	8.1	-1.03935923328556e-20	0.799854737199334	-0.000232614941441527	34.3601455342582	0.2
11.025	8.1	-9.93147193302046e-21	0.799848802126486	-0.000241937177409118	34.3361499793929	0.2
11.175	8.1	-3.33517650800487e-21	0.799842625437281	-0.000251634889489253	34.3121546061306	0.2
11.325	8.1	1.09531624449807e-20	0.799836197122149	-0.000261722846574553	34.2881594218667	0.2
11.475	8.1	3.13375860025012e-20	0.799829506751403	-0.000272216391934877	34.2641644343032	0.2
11.625	8.1	5.12012223312575e-20	0.79982254345671	-0.00028313146320833	34.2401696514616	0.2
11.775	8.1	5.8359235357151e-20	0.799815295912058	-0.000294484614435056	34.2161750816958	0.2
11.925	8.1	3.73387315374353e-20	0.799807752312881	-0.000306293037377789	34.1921807337069	0.2
12.075	8.1	-2.43550198297796e-20	0.799799900355594	-0.000318574584380777	34.1681866165571	0.2
12.225	8.1	-1.26147197252607e-19	0.7997917272139	-0.000331347792458634	34.1441927396855	0.2
12.375	8.1	-2.43098402496141e-19	0.799783219517198	-0.000344631905991635	34.1201991129242	0.2
12.525	8.1	-3.19018982647838e-19	0.799774363324028	-0.000358446902137791	34.0962057465145	0.2
12.675	8.1	-2.72083815795975e-19	0.799765144098352	-0.000372813516156924	34.0722126511248	0.2
12.825	8.1	-2.06746912233463e-20	0.799755546680901	-0.000387753267535762	34.0482198378686	0.2
12.975	8.1	4.67787061522438e-19	0.799745555261269	-0.000403288486673835	34.0242273183239	0.2
13.125	8.1	1.11371623046644e-18	0.799735153348227	-0.00041944234208157	34.0002351045529	0.2
13.275	8.1	1.6726157907943e-18	0.79972432373885	-0.000436238868775661	33.976243209123	0.2
13.425	8.1	1.73355267254914e-18	0.799713048483913	-0.000453702997266671	33.9522516451286	0.2
13.575	8.1	8.15235842270105e-19	0.799701308854716	-0.000471860582856292	33.928260426214	0.2
13.725	8.1	-1.41018285657366e-18	0.799689085306009	-0.000490738435191983	33.9042695665973	0.2
13.875	8.1	-4.78512807022273e-18	0.799676357437269	-0.000510364350163747	33.8802790810956	0.2
14.025	8.1	-8.32721942160565e-18	0.799663103951814	-0.00053076714018599	33.8562889851511	0.2
14.175	8.1	-1.00781361939856e-17	0.799649302615136	-0.000551976666732432	33.8322992948585	0.2
14.325	8.1	-7.39818009865848e-18	0.79963493020924	-0.000574023872044379	33.8083100269942	0.2
14.475	8.1	2.07098098407544e-18	0.799619962483504	-0.000596940813251503	33.784321199046	0.2
14.625	8.1	1.87527404169404e-17	0.799604374106971	-0.000620760694723587	33.7603328292452	0.2
14.775	8.1	3.91585779770054e-17	0.799588138612694	-0.000645517901915725	33.7363449365996	0.2
14.925	8.1	5.44756789218865e-17	0.799571228343167	-0.000671248036247757	33.7123575409284	0.2
15.075	8.1	5.10621234949471e-17	0.799553614389685	-0.000697987948098144	33.688370662899	0.2
15.225	8.1	1.42556666811521e-17	0.799535266528962	-0.000725775772897005	33.664384324065	0.2
15.375	8.1	-6.38161999117078e-17	0.799516153157539	-0.000754650963896875	33.6403985469072	0.2
15.525	8.1	-1.73503352582467e-16	0.799496241219567	-0.000784654328275993	33.6164133548756	0.2
15.675	8.1	-2.77755568585197e-16	0.799475496131375	-0.000815828060417504	33.5924287724341	0.2
15.825	8.1	-3.09736223481289e-16	0.79945388170213	-0.000848215776240342	33.5684448251077	0.2
15.975	8.1	-1.86021764128279e-16	0.799431360047936	-0.000881862547116098	33.5444615395319	0.2
16.125	8.1	1.58573800794505e-16	0.799407891500719	-0.000916814931873232	33.5204789435048	0.2
16.275	8.1	7.15986140330949e-16	0.799383434514117	-0.000953121009924563	33.4964970660419	0.200000000000001
16.425	8.1	1.34441918203399e-15	0.799357945555704	-0.000990830412001909	33.472515937434	0.200000000000001
16.575	8.1	1.73347860914065e-15	0.799331379001885	-0.00102999434967838	33.4485355893085	0.200000000000001
16.725	8.1	1.4384683833346e-15	0.799303687016568	-0.00107066564417723	33.4245560546939	0.200000000000001
16.875	8.1	2.5080014689574e-17	0.799274819428677	-0.0011128987521389	33.4005773680875	0.2
17.025	8.1	-2.6631824060283e-15	0.799244723594573	-0.00115674979072868	33.3765995655282	0.199999999999998
17.175	8.1	-6.16444886486826e-15	0.799213344255694	-0.00120227655893714	33.3526226846719	0.199999999999995
17.325	8.1	-9.12205096944378e-15	0.799180623382782	-0.00124953855663404	33.3286467648728	0.199999999999993
17.475	8.1	-9.293595561601e-15	0.799146500011698	-0.00129859700096148	33.3046718472689	0.199999999999993
17.625	8.1	-4.09444603513176e-15	0.799110910061552	-0.00134951483743053	33.2806979748721	0.199999999999997
17.775	8.1	8.17134787036934e-15	0.799073786145103	-0.00140235674784873	33.2567251926652	0.200000000000007
17.925	8.1	2.65117715238056e-14	0.799035057360775	-0.00145718915329521	33.2327535477034	0.200000000000021
18.075	8.1	4.54420172124138e-14	0.798994649069789	-0.00151408021120652	33.2087830892235	0.200000000000036
18.225	8.1	5.42413450463685e-14	0.798952482652797	-0.00157309980799198	33.1848138687592	0.200000000000043
18.375	8.1	3.86585013612268e-14	0.79890847525175	-0.0016343195412338	33.1608459402644	0.200000000000031
18.525	8.1	-1.37669827399988e-14	0.798862539486801	-0.00169781269825923	33.1368793602441	0.199999999999989
18.675	8.1	-1.04708624893414e-13	0.798814583149143	-0.00176365422391022	33.1129141878952	0.199999999999916
18.825	8.1	-2.14453108257061e-13	0.798764508870186	-0.00183192067953973	33.0889504852552	0.199999999999828
18.975	8.1	-2.94564437056083e-13	0.798712213761243	-0.00190269019103642	33.064988317363	0.199999999999764
19.125	8.1	-2.71075540474701e-13	0.798657589021438	-0.00197604238612995	33.0410277524296	0.199999999999783
19.275	8.1	-6.56858756864212e-14	0.798600519510557	-0.00205205831779861	33.0170688620217	0.199999999999947
19.425	8.1	3.61590930227233e-13	0.798540883284338	-0.00213082037423905	32.9931117212589	0.200000000000289
19.575	8.1	9.54557598628335e-13	0.798478551086819	-0.00221241217335467	32.9691564090246	0.200000000000764
19.725	8.1	1.5085567384449e-12	0.798413385796376	-0.00229691843949329	32.9452030081936	0.200000000001207
19.875	8.1	1.65981822394369e-12	0.79834524181957	-0.00238442486214027	32.9212516058765	0.200000000001328
20.025	8.1	9.59831939999068e-13	0.798273964425693	-0.00247501793387131	32.8973022936841	0.200000000000768
20.175	8.1	-9.33691127748132e-13	0.798199389020371	-0.00256878476445578	32.8733551680108	0.199999999999253
20.325	8.1	-3.9588354332412e-12	0.79812134034657	-0.00266581287327722	32.849410330343	0.199999999996833
20.475	8.1	-7.32613229777746e-12	0.798039631606438	-0.00276618995170356	32.8254678875908	0.199999999994139
20.625	8.1	-9.33933690570542e-12	0.797954063495761	-0.0028700035988311	32.801527952448	0.199999999992529
20.775	8.1	-7.59527013962343e-12	0.797864423141032	-0.00297734102373669	32.7775906437828	0.199999999993924
20.925	8.1	2.18086064400727e-13	0.797770482927207	-0.00308828871434089	32.753656087061	0.200000000000174
21.075	8.1	1.48660310302766e-11	0.797671999206578	-0.00320293206785974	32.7297244148071	0.200000000011893
21.225	8.1	3.37327216750989e-11	0.79756871086831	-0.00332135498250904	32.7057957671058	0.200000000026986
21.375	8.1	4.93600955587641e-11	0.797460337761087	-0.00344363940316722	32.6818702921486	0.200000000039488
21.525	8.1	4.95616773487055e-11	0.797346578945883	-0.00356986482209575	32.6579481468307	0.200000000039649
21.675	8.1	2.04493453804602e-11	0.797227110757886	-0.00370010772665473	32.6340294974023	0.200000000016359
21.825	8.1	-4.68253162222445e-11	0.797101584655457	-0.00383444099486909	32.6101145201813	0.19999999996254
21.975	8.1	-1.4630507173099e-10	0.796969624832601	-0.00397293322971482	32.586203402332	0.199999999882956
22.125	8.1	-2.47540371244069e-10	0.796830825560604	-0.00411564803305636	32.5622963427193	0.199999999801968
22.275	8.1	-2.91812350072185e-10	0.796684748230942	-0.00426264321165452	32.5383935528457	0.19999999976655
22.425	8.1	-2.0179536987519e-10	0.796530918063059	-0.00441396991183576	32.5144952578813	0.199999999838564
22.575	8.1	8.90653071499379e-11	0.796368820439231	-0.00456967168052831	32.4906016978005	0.200000000071252
22.725	8.1	5.87288861682496e-10	0.796197896819923	-0.00472978344550879	32.4667131286379	0.200000000469831
22.875	8.1	1.18170129456921e-09	0.796017540193799	-0.00489433041214913	32.4428298238791	0.200000000945361
23.025	8.1	1.60415703599586e-09	0.795827089992064	-0.00506332687190695	32.4189520760005	0.200000001283326
23.175	8.1	1.44846660943761e-09	0.795625826394162	-0.00523677491652729	32.3950801981731	0.200000001158773
23.325	8.1	2.8845130698754e-10	0.79541296392804	-0.00541466305662385	32.3712145261403	0.200000000230761
23.475	8.1	-2.08617704699075e-09	0.795187644255331	-0.00559696473480888	32.3473554202824	0.199999998331058
23.625	8.1	-5.35065041083274e-09	0.794948928018941	-0.00578363673984677	32.3235032678831	0.19999999571948
23.775	8.1	-8.357690985787e-09	0.794695785638309	-0.00597461751147245	32.2996584856221	0.199999993313847
23.925	8.1	-9.0811329103056e-09	0.794427086942541	-0.00616982534731021	32.2758215223388	0.199999992735094
24.075	8.1	-5.03174649568649e-09	0.794141589560292	-0.00636915651134906	32.251992862137	0.199999995974603
24.225	8.1	5.67738225773617e-09	0.793837925986878	-0.0065724832522712	32.2281730279242	0.200000004541906
24.375	8.1	2.26647352552425e-08	0.793514589229373	-0.00677965173662204	32.2043625854961	0.200000018131788
24.525	8.1	4.1462627241027e-08	0.793169916838671	-0.00699047989393509	32.1805621482541	0.200000033170102
24.675	8.1	5.24906886238109e-08	0.792802072960992	-0.00720475516593432	32.1567723825929	0.200000041992551
24.825	8.1	4.21423010511224e-08	0.792409027797794	-0.00742223214361894	32.1329940138889	0.200000033713841
24.975	8.1	-2.75723870537266e-09	0.791988533599887	-0.00764263007764403	32.1092278329105	0.199999997794209
25.125	8.1	-8.67261933958768e-08	0.791538096165211	-0.0078656302666296	32.085474702397	0.199999930619045
25.275	8.1	-1.95114990136481e-07	0.791054940904719	-0.0080908733727413	32.0617355636159	0.199999843908008
25.425	8.1	-2.85472244890234e-07	0.790535973024821	-0.0083179567819905	32.0380114429859	0.199999771622204
25.575	8.1	-2.87592766171075e-07	0.789977732241592	-0.00854643220429416	32.0143034593967	0.199999769925787
25.725	8.1	-1.20052824683109e-07	0.789376343490936	-0.00877580375877779	31.9906128335775	0.19999990395774
25.875	8.1	2.71660659566132e-07	0.788727465781289	-0.00900552675896622	31.9669409015312	0.200000217328528
26.025	8.1	8.58450573997487e-07	0.788026240900446	-0.00923500724555024	31.9432891342067	0.200000686760459
26.175	8.1	1.46902294124039e-06	0.787267241307116	-0.00946360198637692	31.9196591647216	0.200001175218353
26.325	8.1	1.76223369090619e-06	0.786444411855527	-0.00969061823211912	31.896052822165	0.200001409786953
26.475	8.1	1.27457724794625e-06	0.785550993634586	-0.00991531215058948	31.8724721673946	0.200001019661798
26.625	8.1	-4.17244434528707e-07	0.784579412290409	-0.0101368848657515	31.848919522248	0.199999666204452
26.775	8.1	-3.41017618813194e-06	0.783521111341644	-0.0103544757641898	31.8253974812239	0.19999727185905
26.925	8.1	-7.12118045471692e-06	0.782366317472463	-0.0105671544653541	31.8019088968343	0.199994303055636
27.075	8.1	-1.00120153349197e-05	0.781103742476604	-0.0107739155055293	31.7784568393048	0.199991990387732
27.225	8.1	-9.62374843749076e-06	0.779720254161559	-0.0109736826292354	31.7550445491872	0.19999230100125
27.375	8.1	-3.18017137249824e-06	0.77820057770424	-0.011165331098172	31.7316754249747	0.199997455862902
27.525	8.1	1.1077661208203e-05	0.776527103113292	-0.0113477344397533	31.7083531084796	0.200008862128967
27.675	8.1	3.19401690961445e-05	0.774679851761486	-0.0115198344931041	31.6850817342829	0.200025552135277
27.825	8.1	5.32325737031326e-05	0.772636577348975	-0.0116807198409407	31.6618663789566	0.200042586058962
27.975	8.1	6.28798832084662e-05	0.770372844665812	-0.0118296803200205	31.6387136685779	0.200050303906567
28.125	8.1	4.45203981343588e-05	0.767861777538032	-0.0119661912341904	31.6156323824476	0.200035616318507
28.275	8.1	-1.69724959254756e-05	0.765073068708039	-0.0120897811424281	31.5926337574027	0.19998642200326
28.425	8.1	-0.000125703486602093	0.761970895881042	-0.0121997638757515	31.569731114773	0.199899437210718
28.575	8.1	-0.000262420889788202	0.758510672179191	-0.0122948774984644	31.5469384914254	0.199790063288169
28.725	8.1	-0.000374265008938022	0.754635092356144	-0.0123729689793603	31.5242682462132	0.19970058799285
28.875	8.1	-0.000374098980997513	0.750270606160759	-0.012430972692552	31.5017281699264	0.199700720815202
29.025	8.1	-0.000158170594486402	0.745325928303591	-0.0124655003730844	31.4793193719561	0.199873463524411
29.175	8.1	0.000351506875027885	0.739693854826317	-0.0124742988662171	31.457036907503	0.200281205500022
29.325	8.1	0.00114134533125983	0.733255718635668	-0.0124585481096151	31.4348753388725	0.200913076265008
29.475	8.1	0.00203158647693801	0.725884064807155	-0.0124254796020151	31.412840708867	0.20162526918155
29.625	8.1	0.0026242953479221	0.717435011129164	-0.0123903205897259	31.3909683678841	0.202099436278338
29.775	8.1	0.00231938725003293	0.707720433876699	-0.0123764410001036	31.3693427454723	0.201855509800026
29.925	8.1	0.000445798191815067	0.696453997792745	-0.0124128218870799	31.3481111871913	0.200356638553452
30.075	8.1	-0.0034664347932937	0.683173115972693	-0.0125279661672952	31.3274809909009	0.197226852165365
30.225	8.1	-0.00929643018928945	0.667149225566395	-0.0127382938025026	31.3076891622471	0.192562855848568
30.375	8.1	-0.0159148064518974	0.647318534877804	-0.0130273425465653	31.2889405428552	0.187268154838482
30.525	8.1	-0.0208828385606692	0.622324422706689	-0.0133145798006102	31.2713225179613	0.183293729151465
30.675	8.1	-0.0204188380600171	0.590894879841248	-0.0134314397376919	31.2547200936012	0.183664929551986
30.825	8.1	-0.00971925231001665	0.552822692643938	-0.0131592034674506	31.2387645180177	0.192224598151987
30.975	8.1	0.0163791954251829	0.51014883091347	-0.0123694072533272	31.2228402576184	0.213103356340146
31.125	8.1	0.0624712809221795	0.466994214018157	-0.0111573301203022	31.2061501895875	0.249977024737744
31.275	8.1	0.131444779737183	0.427514202077298	-0.00978698978877839	31.1878189103614	0.305155823789747
31.425	8.1	0.223209027451528	0.394096723168152	-0.00850839619646474	31.1670126550325	0.378567221961223
31.575	8.1	0.33363406650186	0.367276606105315	-0.00745416621071832	31.1430612798592	0.466907253201488
31.725	8.1	0.454454918436513	0.346522126844634	-0.00665353029478234	31.1155674216359	0.56356393474921
31.875	8.1	0.574828009421978	0.330886289396185	-0.0060825003489501	31.0844750678746	0.659862407537583
32.025	8.1	0.684213391536003	0.319338539136594	-0.00570011941744729	31.0500655945733	0.747370713228803
32.175	8.1	0.77509014430125	0.310921841984114	-0.00546556912268513	31.0128757863478	0.820072115441
32.325	8.1	0.844105882767278	0.304833265995426	-0.00534386730293425	30.9735720947655	0.875284706213822
32.475	8.1	0.891532873054226	0.300451410788343	-0.00530638212911924	30.9328310176465	0.913226298443381
32.625	8.1	0.919899239890193	0.297322338126163	-0.00532939760738897	30.8912580558446	0.935919391912155
32.775	8.1	0.932673934559823	0.295124743202774	-0.00539220844529079	30.8493500950762	0.946139147647859
32.925	8.1	0.933394973788328	0.293633135710319	-0.00547538473193452	30.8074893339495	0.946715979030662
33.075	8.1	0.925235910000169	0.292688237875219	-0.00555947712648525	30.7659539406112	0.940188728000135
33.225	8.1	0.910860226219221	0.292176189923755	-0.00562428219199827	30.7249346793289	0.928688180975377
33.375	8.1	0.892420752308348	0.292014887977527	-0.00564871969880471	30.6845517683079	0.913936601846679
33.525	8.1	0.87161352801123	0.292145232065901	-0.0056113174182451	30.6448697510069	0.897290822408984
33.675	8.1	0.849741808526233	0.292525484351281	-0.00549122657722419	30.6059099976449	0.879793446820986
33.825	8.1	0.827774389906857	0.293127479907881	-0.00526960705109901	30.5676611497587	0.862219511925486
33.975	8.1	0.806396194580282	0.293933857273004	-0.00493114969270995	30.5300879278474	0.845116955664226
34.125	8.1	0.786053744765281	0.294935782485787	-0.00446547278430627	30.4931386037712	0.828842995812225
34.275	8.1	0.766998254252954	0.296130869869078	-0.00386815774787793	30.4567512905891	0.813598603402363
34.425	8.1	0.749327480756346	0.29752117842957	-0.0031412711164541	30.4208591051262	0.799461984605077
34.575	8.1	0.73302582856426	0.299111287559895	-0.00229332970395259	30.3853942290583	0.786420662851408
34.725	8.1	0.71800120297157	0.300906527774046	-0.00133877001176955	30.3502909160175	0.774400962377256
34.875	8.1	0.704116932500277	0.302911466006745	-0.000297054641714224	30.3154875376502	0.763293546000221
35.025	8.1	0.691217504814085	0.305128733323226	0.000808421938232295	30.2809278059137	0.752974003851268
35.175	8.1	0.679147602232198	0.307558252412901	0.00195147251810657	30.246561336444	0.743318081785758
35.325	8.1	0.667764691290635	0.310196887400905	0.00310417453058261	30.2123437228475	0.734211753032508
35.475	8.1	0.656946027909881	0.313038508129847	0.00423775824593062	30.1782362762989	0.725556822327905
35.625	8.1	0.646591298942778	0.316074438083765	0.00532328084504706	30.14420555528	0.717273039154222
35.775	8.1	0.636622228398334	0.319294238311754	0.00633208586043599	30.1102227744579	0.709297782718667
35.925	8.1	0.626980379083862	0.322686765714764	0.00723609387539692	30.0762631466992	0.70158430326709
36.075	8.1	0.617624145228569	0.326241429256981	0.0080080161937273	30.0423051835486	0.694099316182855
36.225	8.1	0.608525626591201	0.329949549576271	0.00862162078818352	30.0083299608118	0.686820501272961
36.375	8.1	0.599667756986697	0.333805706038388	0.00905219687233488	29.9743203490382	0.679734205589357
36.525	8.1	0.59104177401283	0.337808933927234	0.00927734707596229	29.9402602138873	0.672833419210264
36.675	8.1	0.582644893745362	0.341963620603712	0.00927817427368184	29.906133607022	0.66611591499629
36.825	8.1	0.574477916349474	0.346279953788236	0.00904082291997154	29.8719239908771	0.65958233307958
36.975	8.1	0.566542449844667	0.350773809296929	0.00855819573560637	29.8376135650765	0.653233959875733
37.125	8.1	0.558837504864436	0.355466037925879	0.00783152509231302	29.8031827815368	0.647070003891549
37.275	8.1	0.551355376898693	0.360381221234596	0.00687137658289232	29.7686101419133	0.641084301518954
37.425	8.1	0.54407697266478	0.365546099028573	0.00569764595493659	29.7338723584881	0.635261578131824
37.575	8.1	0.536967014193254	0.370987996429019	0.00433821472493949	29.6989449243886	0.629573611354604
37.725	8.1	0.529969810844132	0.376733652695349	0.00282616095688556	29.6638030826838	0.623975848675305
37.875	8.1	0.52300645831002	0.38280883542633	0.00119574503483639	29.6284231141891	0.618405166648016
38.025	8.1	0.515974340957622	0.389238989672582	-0.000522270678829205	29.5927837941839	0.612779472766098
38.175	8.1	0.508749638484847	0.39605093480608	-0.00230515421256522	29.5568678153276	0.606999710787878
38.325	8.1	0.501193169652465	0.403275335256328	-0.00414169164878492	29.5206629533185	0.600954535721972
38.475	8.1	0.493159394796731	0.410949412378605	-0.00603386518464471	29.4841627727675	0.594527515837385
38.625	8.1	0.484507839533804	0.419119209172825	-0.00799627869654787	29.4473667333357	0.587606271627043
38.775	8.1	0.475115712416111	0.427840712088357	-0.0100533174748561	29.4102796500067	0.580092569932889
38.925	8.1	0.464890179675617	0.437179275344357	-0.0122344566356489	29.3729105678765	0.571912143740494
39.075	8.1	0.453778703954429	0.447207045692857	-0.014568461371245	29.3352712090384	0.563022963163543
39.225	8.1	0.441776068843586	0.457998393650925	-0.0170773933495733	29.2973742170724	0.553420855074868
39.375	8.1	0.428927156980962	0.469623667011209	-0.0197713389592294	29.2592314502472	0.54314172558477
39.525	8.1	0.415325140495481	0.482141852774141	-0.0226446304850981	29.2208525544096	0.532260112396385
39.675	8.1	0.401105368432091	0.495592936324783	-0.0256740835732818	29.1822439872226	0.520884294745673
39.825	8.1	0.386435786164273	0.509990860725483	-0.0288194713274749	29.1434085812741	0.509148628931418
39.975	8.1	0.371505108536528	0.525317996408125	-0.0320261423613586	29.1043456429708	0.497204086829223
40.125	8.1	0.356510141288329	0.541521918858382	-0.0352294075413007	29.0650515048644	0.485208113030663
40.275	8.1	0.341643598534654	0.558515057521621	-0.0383601027279994	29.0255203944466	0.473314878827723
40.425	8.1	0.327083533188026	0.576177442237561	-0.0413506092992878	28.9857454588321	0.461666826550421
40.575	8.1	0.312985146456638	0.594362378398493	-0.0441405953757923	28.9457197910603	0.450388117165311
40.725	8.1	0.299475347633169	0.612904493913559	-0.0466818272930272	28.9054373330758	0.439580278106535
40.875	8.1	0.286650066025474	0.63162929213469	-0.0489415744018696	28.8648935726941	0.429320052820379
41.025	8.1	0.27457402398698	0.650363174920337	-0.050904357428648	28.8240859967572	0.419659219189584
41.175	8.1	0.263282489738137	0.668942898736438	-0.0525720300275797	28.7830143020411	0.41062599179051
41.325	8.1	0.252784443349703	0.687223585239902	-0.0539623943566289	28.7416803943837	0.402227554679762
41.475	8.1	0.243066593220956	0.705084682416825	-0.0551067034801029	28.7000882233783	0.394453274576765
41.625	8.1	0.234097747983628	0.722433598867737	-0.0560464802605182	28.6582435058338	0.387278198386902
41.775	8.1	0.225833152047205	0.739207046534535	-0.0568300848210607	28.6161533885912	0.380666521637764
41.925	8.1	0.218218507419251	0.755370375243751	-0.0575094050004106	28.5738260932814	0.3745748059354
42.075	8.1	0.211193511933913	0.77091533895534	-0.0581369488894965	28.5312705750763	0.36895480954713
42.225	8.1	0.204694833810467	0.785856795834066	-0.0587635094787361	28.4884962166631	0.363755867048374
42.375	8.1	0.198658510122505	0.80022882773421	-0.0594364688366267	28.445512569033	0.358926808098004
42.525	8.1	0.193021802528377	0.814080694383654	-0.0601987264555629	28.4023291429971	0.354417442022702
42.675	8.1	0.18772457053151	0.827472939797943	-0.0610881794134772	28.3589552498419	0.350179656425208
42.825	8.1	0.182710234854714	0.840473865282693	-0.0621376506011345	28.3153998860692	0.346168187883772
42.975	8.1	0.177926405569918	0.853156490012742	-0.0633751512464017	28.2716716553693	0.342341124455934
43.125	8.1	0.17332524521523	0.865596044830495	-0.0648243692803553	28.2277787204308	0.338660196172184
43.275	8.1	0.168863629220655	0.877867990139824	-0.0665052896548375	28.1837287774649	0.335090903376524
43.425	8.1	0.164503156671629	0.890046513347041	-0.0684348714385847	28.1395290470724	0.331602525337304
43.575	8.1	0.16021005515369	0.902203441941124	-0.0706277257950137	28.0951862760168	0.328168044122952
43.725	8.1	0.155955014956936	0.914407501056621	-0.0730967566880249	28.0507067453896	0.324764011965549
43.875	8.1	0.151712980661943	0.926723845507452	-0.0758537415713083	28.0060962814324	0.321370384529554
44.025	8.1	0.147462922123779	0.939213802785875	-0.0789098425359312	27.9613602658145	0.317970337699023
44.175	8.1	0.143187601834497	0.951934773220338	-0.0822760501945609	27.9165036424194	0.314550081467597
44.325	8.1	0.138873350919415	0.964940245026444	-0.0859635740180838	27.8715309176741	0.311098680735532
44.475	8.1	0.134509860522265	0.978279894694953	-0.0899842050934463	27.8264461512545	0.307607888417812
44.625	8.1	0.130089987592267	0.991999756762988	-0.0943506913715445	27.7812529338674	0.304071990073814
44.775	8.1	0.125609562569154	1.00614246127234	-0.0990771822433193	27.735954349197	0.300487650055323
44.925	8.1	0.121067170328299	1.02074755129603	-0.104179818835624	27.6905529187248	0.296853736262639
45.075	8.1	0.116463856157223	1.03585190427886	-0.109677567402412	27.645050531882	0.293171084925778
45.225	8.1	0.111802690410476	1.05149028359097	-0.115593410978863	27.5994483707449	0.28944215232838
45.375	8.1	0.107088119279464	1.06769602836443	-0.121956018387571	27.5537468486315	0.285670495423571
45.525	8.1	0.102325051630324	1.08450182839714	-0.128801979315879	27.5079455947295	0.28186004130426
45.675	8.1	0.0975177049110516	1.10194039147235	-0.136178595888795	27.4620435295876	0.278014163928841
45.825	8.1	0.0926683785444888	1.12004454320381	-0.144147007059744	27.4160390837391	0.274134702835591
45.975	8.1	0.0877765535254536	1.13884584434046	-0.152785034268714	27.3699306061834	0.270221242820363
46.125	8.1	0.0828390222016504	1.15837011035834	-0.162188518757376	27.3237169819075	0.26627121776132
46.275	8.1	0.0778520859293021	1.17862724738473	-0.172469037712007	27.2773984202124	0.262281668743442
46.425	8.1	0.072817127377399	1.19959163224149	-0.183744753480037	27.2309772855263	0.258253701901919
46.575	8.1	0.0677509299663325	1.22116808509036	-0.196119881058289	27.1844587262733	0.254200743973066
46.725	8.1	0.062701812949346	1.24313785354942	-0.209647166289975	27.1378507348025	0.250161450359477
46.875	8.1	0.0577718215651535	1.26508006795294	-0.22426758415215	27.0911631757411	0.246217457252123
47.025	8.1	0.053143770296889	1.28626887139882	-0.239723749833461	27.044405295537	0.242515016237511
47.175	8.1	0.0491099355125605	1.30555791393938	-0.255451096082106	26.9975813208711	0.239287948410048
47.325	8.1	0.0460969021270356	1.32128503759477	-0.270467414958267	26.9506840131098	0.236877521701629
47.475	8.1	0.044679056148593	1.33125941518146	-0.283308388508381	26.9036865033211	0.235743244918874
47.625	8.1	0.0455723874618505	1.33291751952098	-0.292085632273158	26.8565333888007	0.23645790996948
47.775	8.1	0.0496017311701439	1.32372079438705	-0.294746500041211	26.8091328360728	0.239681384936115
47.925	8.1	0.057639085319597	1.3017785693478	-0.289550407790083	26.7613520188205	0.246111268255678
48.075	8.1	0.070517609678176	1.26651933487687	-0.275635546983238	26.7130181236657	0.256414087742541
48.225	8.1	0.0889327819685925	1.21910250475515	-0.25341555097787	26.6639259988623	0.271146225574874
48.375	8.1	0.113345626952464	1.16231293495614	-0.224565229219962	26.6138516108397	0.290676501561971
48.525	8.1	0.143901702998176	1.099941347567	-0.191573494289291	26.5625688815662	0.315121362398541
48.675	8.1	0.180375966311826	1.03593609439706	-0.157094158491896	26.5098671060385	0.344300773049461
48.825	8.1	0.22215109050835	0.973686265753084	-0.123395972482275	26.455566802127	0.37772087240668
48.975	8.1	0.268235735530533	0.915642646774021	-0.0920806236643247	26.3995326183133	0.414588588424427
49.125	8.1	0.317326743652599	0.863271397936069	-0.0640580432876698	26.3416823043988	0.453861394922079
49.275	8.1	0.367912553839167	0.817215159116765	-0.0396738923346981	26.2819909500542	0.494330043071334
49.425	8.1	0.418405187231745	0.777527876414525	-0.0188844420190426	26.2204901029573	0.534724149785396
49.575	8.1	0.467279316056241	0.743896823626239	-0.00141556754735616	26.1572620702591	0.573823452844993
49.725	8.1	0.513193867135752	0.715815461386325	0.0131181265645357	26.0924304697892	0.610555093708602
49.875	8.1	0.555076709034959	0.69270228219503	0.0251349921356222	26.0261486374276	0.644061367227967
50.025	8.1	0.59216357139125	0.67397472889815	0.0350404991272135	25.9585876361034	0.673730857113
50.175	8.1	0.623993777100121	0.659090547475904	0.0432039843320043	25.8899253658956	0.699195021680097
50.325	8.1	0.650373595538583	0.64756752219778	0.0499496747815196	25.8203377872138	0.720298876430866
50.475	8.1	0.671321510039293	0.638989679076826	0.0555559960360347	25.7499927182999	0.737057208031434
50.625	8.1	0.687008555124812	0.633005547370434	0.0602593295779447	25.6790462025674	0.74960684409985
50.775	8.1	0.697703394401921	0.629322096091063	0.0642600454709097	25.6076411311012	0.758162715521537
50.925	8.1	0.703727886469565	0.627696627332703	0.0677298007306572	25.5359076377743	0.762982309175652
51.075	8.1	0.705425704468452	0.627928117308395	0.0708198261290697	25.4639647044459	0.764340563574761
51.225	8.1	0.703144445665477	0.629849110854346	0.0736702111475977	25.3919223584538	0.762515556532381
51.375	8.1	0.697230198225969	0.633319112140905	0.0764199869402069	25.3198837808574	0.757784158580775
51.525	8.1	0.688031960108693	0.63822023760232	0.0792170887312846	25.2479466013016	0.750425568086954
51.675	8.1	0.675910863173972	0.644455465192529	0.0822262247635057	25.1762027455471	0.740728690539177
51.825	8.1	0.661245540858152	0.651948977136351	0.0856318005223643	25.1047366054486	0.728996432686522
51.975	8.1	0.644420892067642	0.660646931936386	0.0896332716470141	25.0336222019591	0.715536713654113
52.125	8.1	0.62578507379808	0.670515958616427	0.0944328242068282	24.9629214650794	0.700628059038464
52.275	8.1	0.605562325667391	0.681536584529093	0.100220995808957	24.8926875135671	0.684449860533913
52.425	8.1	0.583721190231027	0.693690692767785	0.107174179334372	24.8229781790104	0.666976952184821
52.575	8.1	0.559821354817881	0.706946354988255	0.115485560906533	24.7538848023605	0.647857083854305
52.725	8.1	0.532895922860954	0.721248533295766	0.12545205124714	24.685578117815	0.626316738288763
52.875	8.1	0.501460279334996	0.736526203232299	0.137629290905538	24.6183657936996	0.601168223467997
53.025	8.1	0.463755089722487	0.752720663482638	0.153045891814996	24.5527452730744	0.57100407177799
53.175	8.1	0.418302179282198	0.769824242110741	0.17344095220762	24.4894238245714	0.534641743425758
53.325	8.1	0.364752706956932	0.787894172288399	0.201442152186029	24.4292712205941	0.491802165565546
53.475	8.1	0.304839881289155	0.806966878645498	0.240466222353229	24.3731774065208	0.443871905031324
53.625	8.1	0.24307980351003	0.826711651396759	0.293750189545263	24.3218142428775	0.394463842808024
53.775	8.1	0.186820588535555	0.845490951007239	0.361268491692913	24.2753450500494	0.349456470828444
53.925	8.1	0.145404589759883	0.858534900418846	0.433578400636229	24.2331755577204	0.316323671807907
54.075	8.1	0.128499971247679	0.856847021266152	0.487233128292827	24.1938725764265	0.302799976998143
54.225	8.1	0.143934643357263	0.832287447325423	0.495864267048878	24.1553395802211	0.31514771468581
54.375	8.1	0.1955709989993	0.78750877969313	0.455448602316295	24.1151845303304	0.35645679919944
54.525	8.1	0.281730181133216	0.735110617752326	0.387943870411314	24.0711257225356	0.425384144906572
54.675	8.1	0.394567743756716	0.686516803782339	0.318115242402683	24.0213732098668	0.515654195005373
54.825	8.1	0.521102289245628	0.646808825362041	0.258864227706819	23.9649241415917	0.616881831396503
54.975	8.1	0.646385483226481	0.616526727971029	0.213035113754232	23.9016718260406	0.717108386581185
55.125	8.1	0.757693828201372	0.594284115756546	0.179020212036261	23.8322891954374	0.806155062561097
55.275	8.1	0.84741232172141	0.578253038672006	0.154143045391777	23.7579462814852	0.877929857377128
55.425	8.1	0.91334258957252	0.566798168033135	0.135962037366587	23.6799895131063	0.930674071658016
55.575	8.1	0.957157381866872	0.558661286855364	0.122586782608593	23.5996949738292	0.965725905493498
55.725	8.1	0.982453508574412	0.552942055589134	0.112645409247741	23.518135409972	0.98596280685953
55.875	8.1	0.993301593374273	0.549014698316623	0.105166367603096	23.436140883481	0.994641274699419
56.025	8.1	0.993461425346439	0.54644540512974	0.0994634460211324	23.3543136061628	0.994769140277151
56.175	8.1	0.986080331495911	0.544929952817478	0.0950463998070355	23.2730647757197	0.988864265196729
56.325	8.1	0.973650819925693	0.544251410013202	0.0915577678157891	23.1926550789494	0.978920655940555
56.475	8.1	0.958075242564593	0.544252638531538	0.0887307417418885	23.1132310915331	0.966460194051675
56.625	8.1	0.940759321938718	0.544818593927907	0.086362396708207	23.0348555257543	0.952607457550975
56.775	8.1	0.922703305714548	0.545864854058503	0.0842973958597261	22.9575316148562	0.938162644571638
56.925	8.1	0.904582454669297	0.547330018611829	0.0824182949595689	22.8812225212351	0.923665963735437
57.075	8.1	0.88681711011537	0.549170447611553	0.080639535112914	22.8058665821189	0.909453688092296
57.225	8.1	0.86963423363367	0.551356354609033	0.078903099890716	22.731388994543	0.895707386906936
57.375	8.1	0.853121496637377	0.553868652125321	0.0771746151801193	22.6577103942259	0.882497197309902
57.525	8.1	0.837273902826891	0.556696221933228	0.0754393387546688	22.5847527345889	0.869819122261513
57.675	8.1	0.822032375562199	0.559833474103316	0.0736979673925002	22.5124428884868	0.857625900449759
57.825	8.1	0.807313828998271	0.56327817708173	0.0719624595125891	22.4407144283893	0.845851063198616
57.975	8.1	0.793032744275745	0.567029598338482	0.0702521549445645	22.3695080549978	0.834426195420596
58.125	8.1	0.779114901480066	0.571087007498531	0.0685904293466696	22.2987711232589	0.823291921184053
58.275	8.1	0.765504449184538	0.575448578944274	0.0670020164386837	22.2284566591271	0.812403559347631
58.425	8.1	0.752165807458193	0.58011070387348	0.0655110210166239	22.1585221811315	0.801732645966555
58.575	8.1	0.739081975183345	0.585067693348216	0.0641395613066765	22.0889285522553	0.791265580146676
58.725	8.1	0.726250689918362	0.590311829928185	0.0629069309599926	22.01963900279	0.78100055193469
58.875	8.1	0.713679638192011	0.595833708467345	0.0618291552209193	21.9506183927583	0.770943710553609
59.025	8.1	0.701381607423605	0.60162279689156	0.0609188226937641	21.8818327277656	0.761105285938884
59.175	8.1	0.689370165259298	0.607668144593643	0.0601850932820026	21.8132489055008	0.751496132207439
59.325	8.1	0.677656186200972	0.613959168403628	0.0596338061156939	21.7448346496664	0.742124948960778
59.475	8.1	0.666245338402844	0.620486452715496	0.0592676334406395	21.6765585805453	0.732996270722275
59.625	8.1	0.655136499906222	0.627242510026642	0.0590862449277493	21.6083903729032	0.724109199924977
59.775	8.1	0.644320987741948	0.634222459640596	0.0590864609050854	21.540300958916	0.715456790193558
59.925	8.1	0.633782444052133	0.641424594422767	0.0592623829029816	21.4722627433293	0.707025955241706
60.075	8.1	0.623497217551209	0.648850817262128	0.0596054963979267	21.4042498079388	0.698797774040967
60.225	8.1	0.613435093768781	0.656506939462318	0.0601047446525719	21.336238091292	0.690748075015025
60.375	8.1	0.603560253213784	0.664402842113605	0.0607465749149003	21.2682055365374	0.682848202571028
60.525	8.1	0.59383236522417	0.672552508273588	0.0615149596585726	21.2001322053348	0.675065892179336
60.675	8.1	0.584207751889466	0.680973938451683	0.0623913965371575	21.1320003588257	0.667366201511573
60.825	8.1	0.574640578433383	0.689688964560275	0.0633548916532625	21.0637945081437	0.659712462746707
60.975	8.1	0.565084042918869	0.69872297839939	0.0643819318428724	20.9955014372227	0.652067234335095
61.125	8.1	0.555491549293622	0.708104590193648	0.0654464530968132	20.9271102001151	0.644393239434897
61.275	8.1	0.545817854411708	0.717865231004249	0.0665198140892662	20.8586120940012	0.636654283529366
61.425	8.1	0.536020182697157	0.728038710274925	0.067570786166479	20.790000607819	0.628816146157725
61.575	8.1	0.526059302411937	0.738660736528915	0.068565574187294	20.7212713451852	0.62084744192955
61.725	8.1	0.515900555663291	0.749768405392586	0.0694678864472423	20.6524219191991	0.612720444530633
61.875	8.1	0.505514830658599	0.761399654602645	0.0702390766709575	20.5834518159895	0.604411864526879
62.025	8.1	0.494879459364937	0.773592680260642	0.0708383867137022	20.514362223731	0.59590356749195
62.175	8.1	0.483979016593161	0.786385302000673	0.071223324844931	20.445155824602	0.587183213274529
62.325	8.1	0.472805987586039	0.799814256657956	0.0713502204223305	20.3758365491791	0.578244790068831
62.475	8.1	0.461361260741367	0.813914390409472	0.0711749996441722	20.3064092965196	0.569089008593094
62.625	8.1	0.449654391104581	0.828717708779947	0.0706542259619744	20.236879629122	0.559723512883665
62.775	8.1	0.43770357076746	0.844252234039169	0.069746438370669	20.1672534603736	0.550162856613968
62.925	8.1	0.425535237861504	0.860540613669413	0.0684137957995467	20.0975367628855	0.540428190289203
63.075	8.1	0.413183261746309	0.877598427038385	0.0666239907212766	20.0277353384169	0.530546609397048
63.225	8.1	0.40068766515739	0.895432157192746	0.0643523264114375	19.9578547019203	0.520550132125912
63.375	8.1	0.388092891982563	0.914036838165615	0.0615837620391602	19.8879001400939	0.51047431358605
63.525	8.1	0.375445707853715	0.933393460194062	0.0583146299665183	19.8178770036517	0.500356566282972
63.675	8.1	0.362792930477901	0.953466313629457	0.0545536464086954	19.7477912760717	0.490234344382321
63.825	8.1	0.350179318085028	0.974200562769286	0.0503218121137523	19.6776504237036	0.480143454468022
63.975	8.1	0.337646071719108	0.995520434113026	0.0456508880483985	19.6074644690036	0.470116857375286
64.125	8.1	0.325230483537304	1.0173284381304	0.040580384674986	19.5372471423199	0.460184386829843
64.275	8.1	0.312967220076566	1.03950597737309	0.0351534500766914	19.4670168699495	0.450373776061253
64.425	8.1	0.300891482198067	1.06191550803126	0.0294126535822112	19.3967972726371	0.440713185758454
64.575	8.1	0.289043755564747	1.08440414184885	0.0233973233567428	19.3266168199818	0.431235004451797
64.725	8.1	0.277475018234655	1.10680829317963	0.0171445898878265	19.2565073651533	0.421980014587724
64.875	8.1	0.266250154000871	1.12895884853077	0.0106962886808245	19.1865015260687	0.413000123200697
65.025	8.1	0.255446124799627	1.15068654504047	0.00411299889188759	19.1166293220912	0.404356899839701
65.175	8.1	0.245140557497156	1.17182794037085	-0.00250557917495932	19.0469151128541	0.396112445997725
65.325	8.1	0.235386387509586	1.1922334715182	-0.00899797416424557	18.9773766325639	0.388309110007669
65.475	8.1	0.22616975888223	1.2117802619892	-0.0151238374464736	18.9080285773774	0.380935807105784
65.625	8.1	0.217352141782929	1.2303927304193	-0.0205627063996296	18.8388934849203	0.373881713426343
65.775	8.1	0.20860392127614	1.2480725951561	-0.0249379027117061	18.7700221747036	0.366883137020912
65.925	8.1	0.199345237003806	1.2649359817796	-0.0278689007958854	18.7015244482352	0.359476189603045
66.075	8.1	0.188719507536729	1.28124987091083	-0.0290468245688838	18.6336078646541	0.350975606029383
66.225	8.1	0.175633914640758	1.29745538554042	-0.0283228503092712	18.5666182132568	0.340507131712606
66.375	8.1	0.158906391661707	1.31416327702412	-0.0258067607977883	18.5010700210944	0.327125113329365
66.525	8.1	0.13755666181654	1.33210521122041	-0.0219986517615286	18.4376494699748	0.310045329453232
66.675	8.1	0.111264310349375	1.35201310620484	-0.0180198405703191	18.3771661213677	0.2890114482795
66.825	8.1	0.0809815742921595	1.37435399588376	-0.016046471228559	18.3204252901967	0.264785259433728
66.975	8.1	0.0496202692333168	1.39871466743545	-0.0199536568331172	18.2679935175587	0.239696215386653
67.125	8.1	0.0226173035021623	1.42233960500466	-0.035474447384721	18.219845306537	0.21809384280173
67.275	8.1	0.00802692842144206	1.4374140671053	-0.0672505161383328	18.1749324644887	0.206421542737154
67.425	8.1	0.0156771904060139	1.43036314875911	-0.110504988607247	18.1308313377494	0.212541752324811
67.575	8.1	0.0550723969720021	1.39181283612859	-0.147693379722663	18.0837288974568	0.244057917577602
67.725	8.1	0.132232788486948	1.3288215197128	-0.164059024122762	18.0289264550136	0.305786230789558
67.875	8.1	0.246299670090588	1.257496693464	-0.160500672558132	17.9618283002819	0.397039736072471
68.025	8.1	0.387475628597231	1.18972968874244	-0.145983237849712	17.8791436084239	0.509980502877784
68.175	8.1	0.53847146933941	1.13072831206972	-0.127898018509385	17.7798066167906	0.630777175471528
68.325	8.1	0.680146382740859	1.08142757358636	-0.110045277057791	17.6651723251435	0.744117106192687
68.475	8.1	0.798235706374219	1.04071211769121	-0.0938922816213393	17.5383939897987	0.838588565099375
68.625	8.1	0.886712380177298	1.0069073313512	-0.0798200784670367	17.4033535406978	0.909369904141838
68.775	8.1	0.946718429104243	0.978547807529312	-0.0677887147332738	17.2636986227718	0.957374743283395
68.925	8.1	0.983404751869008	0.954564001659102	-0.0576194172993549	17.1223024538803	0.986723801495206
69.075	8.1	1.00308011829788	0.934196509586854	-0.0490995416098605	16.9811313166147	1.0024640946383
69.225	8.1	1.01152891465935	0.916872227841791	-0.0420179025880799	16.8413529164098	1.00922313172748
69.375	8.1	1.01332446465524	0.902124635665356	-0.0361751592499849	16.70353271825	1.01065957172419
69.525	8.1	1.01172420529232	0.889556960352078	-0.0313862122422457	16.5678306470207	1.00937936423385
69.675	8.1	1.00883420981249	0.878828030355999	-0.0274809569468868	16.4341625865105	1.00706736784999
69.825	8.1	1.00586724779874	0.869646138039242	-0.0243054153432854	16.3023189376108	1.00469379823899
69.975	8.1	1.00340676874527	0.861764305123532	-0.0217232773567144	16.1720441620321	1.00272541499622
70.125	8.1	1.00163581946577	0.854975173371499	-0.0196171361163	16.043085046452	1.00130865557262
70.275	8.1	1.00051458479778	0.849105634061419	-0.0178887627758533	15.9152159495991	1.00041166783822
70.425	8.1	0.99990455785215	0.844011661631172	-0.0164581970899817	15.7882484913748	0.99992364628172
70.575	8.1	0.999645789211984	0.83957364990538	-0.0152618500114496	15.6620317841233	0.999716631369587
70.725	8.1	0.999597785732506	0.835692344588731	-0.0142500340432243	15.5364477690382	0.999678228586005
70.875	8.1	0.99965544124717	0.832285353893716	-0.0133843500471307	15.4114047513027	0.999724352997736
71.025	8.1	0.999750016649599	0.829284183800358	-0.0126352503272231	15.2868309879421	0.999800013319679
71.175	8.1	0.999842776676185	0.826631742358252	-0.0119799560493769	15.1626692498824	0.999874221340948
71.325	8.1	0.999916323056939	0.824280261689834	-0.0114007871339578	15.0388726570062	0.999933058445551
71.475	8.1	0.999966474357203	0.822189588261409	-0.0108838840665092	14.9154017249373	0.999973179485762
71.625	8.1	0.999995947844116	0.82032579197519	-0.0104182612699418	14.7922223959725	0.999996758275293
71.775	8.1	1.00001009556165	0.81866004506259	-0.00999511983645045	14.6693047851057	1.00000807644932
71.925	8.1	1.00001442065718	0.817167724015825	-0.00960735194387422	14.5466223988729	1.00001153652575
72.075	8.1	1.00001340304418	0.815827691992257	-0.00924918123171967	14.4241516396961	1.00001072243534
72.225	8.1	1.00001016106265	0.814621724661498	-0.00891589707145564	14.3018714669546	1.00000812885012
72.375	8.1	1.00000656603918	0.813534048552	-0.00860365298261268	14.1797631356928	1.00000525283134
72.525	8.1	1.0000035432172	0.812550966921389	-0.00830930920470217	14.0578099703574	1.00000283457376
72.675	8.1	1.00000139889997	0.811660553569582	-0.00803030648874055	13.9359971546202	1.00000111911998
72.825	8.1	1.00000009454409	0.810852399595364	-0.00776456290868548	13.8143115317564	1.00000007563527
72.975	8.1	0.999999441714632	0.810117401793379	-0.00751038847548039	13.6927414163154	0.999999553371706
73.125	8.1	0.99999922161865	0.809447584247121	-0.00726641410907348	13.5712764197362	0.99999937729492
73.275	8.1	0.999999245990893	0.808835946803657	-0.0070315325343313	13.4499072922257	0.999999396792714
73.425	8.1	0.99999937879976	0.808276335661326	-0.00680484923040754	13.3286257820329	0.999999503039808
73.575	8.1	0.999999535596965	0.807763332399732	-0.00658564189226546	13.2074245119995	0.999999628477572
73.725	8.1	0.999999672745185	0.807292158559395	-0.0063733270789537	13.0862968723102	0.999999738196148
73.875	8.1	0.999999774186909	0.806858593431229	-0.00616743289117751	12.9652369278026	0.999999819349527
74.025	8.1	0.99999983977095	0.806458903122789	-0.00596757667004141	12.8442393379725	0.99999987181676
74.175	8.1	0.999999876665137	0.806089779275961	-0.00577344684870225	12.7232992878405	0.999999901332109
74.325	8.1	0.999999893930742	0.8057482860557	-0.00558478821983042	12.6024124280112	0.999999915144594
74.475	8.1	0.999999899651101	0.805431814231392	-0.00540139000152723	12.4815748224948	0.999999919720881
74.625	8.1	0.999999899816169	0.805138041343238	-0.00522307619030398	12.3607829030973	0.999999919852935
74.775	8.1	0.999999898239336	0.804864897092505	-0.00504969778155828	12.2400334294067	0.999999918591468
74.925	8.1	0.999999896964143	0.804610533221702	-0.00488112651417368	12.1193234535807	0.999999917571315
75.075	8.1	0.999999896812239	0.804373297258622	-0.00471724985993058	11.9986502892895	0.999999917449792
75.225	8.1	0.999999897883911	0.804151709591706	-0.00455796702916609	11.878011484274	0.999999918307129
75.375	8.1	0.999999899934372	0.803944443423662	-0.00440318580680257	11.7574047960685	0.999999919947497
75.525	8.1	0.999999902616081	0.803750307216067	-0.00425282006565803	11.6368281705007	0.999999922092865
75.675	8.1	0.999999905610068	0.803568229295007	-0.00410678783193396	11.5162797226334	0.999999924488055
75.825	8.1	0.999999908679527	0.803397244334814	-0.00396500979937116	11.3957577198579	0.999999926943621
75.975	8.1	0.999999911676918	0.803236481476835	-0.00382740820707999	11.2752605668806	0.999999929341534
76.125	8.1	0.999999914528375	0.803085153873916	-0.00369390601067481	11.1547867923788	0.9999999316227
76.275	8.1	0.999999917211028	0.802942549479953	-0.00356442628878002	11.034335037127	0.999999933768822
76.425	8.1	0.999999919731775	0.802808022928093	-0.00343889183700251	10.9139040434208	0.99999993578542
76.575	8.1	0.999999922111182	0.802680988361573	-0.00331722491022717	10.7934926456436	0.999999937688945
76.725	8.1	0.999999924373072	0.802560913099791	-0.00319934708090737	10.6730997618436	0.999999939498457
76.875	8.1	0.999999926538908	0.802447312036437	-0.00308517918710675	10.552724386204	0.999999941231126
77.025	8.1	0.999999928625547	0.802339742680751	-0.00297464134861151	10.4323655823008	0.999999942900438
77.175	8.1	0.999999930645046	0.80223780076354	-0.00286765303388359	10.312022477061	0.999999944516037
77.325	8.1	0.999999932605449	0.80214111634028	-0.00276413316384722	10.1916942553391	0.999999946084359
77.475	8.1	0.999999934511891	0.802049350331361	-0.00266400024097461	10.0713801550437	0.999999947609513
77.625	8.1	0.999999936367622	0.80196219144765	-0.00256717249496697	9.95107946275241	0.999999949094098
77.775	8.1	0.999999938174805	0.801879353456027	-0.00247356803766233	9.83079150975986	0.999999950539844
77.925	8.1	0.999999939935039	0.801800572744261	-0.00238310502188382	9.71051566851304	0.999999951948031
78.075	8.1	0.999999941649689	0.801725606151175	-0.00229570179968404	9.59025134939004	0.999999953319751
78.225	8.1	0.999999943320024	0.80165422903034	-0.00221127707683331	9.4699979977859	0.999999954656019
78.375	8.1	0.999999944947292	0.801586233521141	-0.00212975006112301	9.34975509147236	0.999999955957834
78.525	8.1	0.999999946532709	0.801521427002857	-0.00205104060266531	9.2295221382024	0.999999957226167
78.675	8.1	0.99999994807745	0.801459630711302	-0.00197506932512509	9.10929867353373	0.99999995846196
78.825	8.1	0.999999949582636	0.801400678499254	-0.00190175774685008	8.98908425884834	0.999999959666109
78.975	8.1	0.999999951049321	0.80134441572481	-0.00183102839179554	8.86887847954786	0.999999960839457
79.125	8.1	0.999999952478489	0.80129069825307	-0.00176280488981004	8.74868094340666	0.999999961982791
79.275	8.1	0.999999953871057	0.80123939155872	-0.00169701206653055	8.62849127906662	0.999999963096846
79.425	8.1	0.999999955227879	0.80119036991838	-0.00163357602294336	8.50830913465951	0.999999964182303
79.575	8.1	0.999999956549761	0.801143515682729	-0.00157242420510692	8.38813417654406	0.999999965239809
79.725	8.1	0.999999957837461	0.801098718619828	-0.00151348546436424	8.26796608814667	0.999999966269969
79.875	8.1	0.999999959091712	0.801055875321978	-0.0014566901085324	8.14780456889547	0.999999967273369
80.025	8.1	0.999999960313215	0.801014888669127	-0.00140196994461752	8.02764933323902	0.999999968250572
80.175	8.1	0.99999996150265	0.800975667343002	-0.00134925831367198	7.90750010974132	0.99999996920212
80.325	8.1	0.999999962660682	0.800938125386352	-0.00129849011814499	7.78735664024628	0.999999970128545
80.475	8.1	0.999999963787964	0.800902181802888	-0.0012496018426013	7.66721867910492	0.999999971030371
80.625	8.1	0.999999964885137	0.800867760193382	-0.00120253156804714	7.54708599245989	0.99999997190811
80.775	8.1	0.999999965952831	0.800834788424333	-0.00115721898062364	7.42695835758185	0.999999972762265
80.925	8.1	0.999999966991671	0.80080319832594	-0.00111360537501122	7.30683556225336	0.999999973593337
81.075	8.1	0.99999996800227	0.800772925416212	-0.00107163365319431	7.1867174041959	0.999999974401816
81.225	8.1	0.999999968985236	0.800743908648795	-0.00103124831897297	7.06660369053646	0.999999975188189
81.375	8.1	0.999999969941174	0.800716090181994	-0.000992395468624785	6.9464942373103	0.999999975952939
81.525	8.1	0.999999970870688	0.80068941516702	-0.000955022778240564	6.82638886899681	0.99999997669655
81.675	8.1	0.999999971774379	0.800663831553525	-0.000919079488038011	6.70628741808574	0.999999977419503
81.825	8.1	0.999999972652842	0.800639289910762	-0.000884516384066639	6.58618972467145	0.999999978122274
81.975	8.1	0.99999997350666	0.800615743262863	-0.000851285777563512	6.46609563607277	0.999999978805328
82.125	8.1	0.999999974336391	0.800593146937031	-0.000819341482438284	6.34600500647669	0.999999979469113
82.275	8.1	0.999999975142554	0.800571458423136	-0.000788638790963282	6.22591769660378	0.999999980114043
82.425	8.1	0.999999975925651	0.80055063724405	-0.000759134448117851	6.10583357339392	0.999999980740521
82.575	8.1	0.999999976686206	0.800530644835439	-0.000730786624714448	5.9857525097107	0.999999981348965
82.725	8.1	0.999999977424833	0.80051144443427	-0.000703554889595474	5.86567438406319	0.999999981939866
82.875	8.1	0.999999978142274	0.800493000975249	-0.000677400181118315	5.74559908034375	0.999999982513819
83.025	8.1	0.99999997883939	0.800475280994461	-0.000652284778011584	5.62552648758087	0.999999983071512
83.175	8.1	0.999999979516966	0.800458252539631	-0.000628172269958164	5.50545649970588	0.999999983613573
83.325	8.1	0.999999980175387	0.800441885086419	-0.000605027527869759	5.38538901533278	0.99999998414031
83.475	8.1	0.999999980814291	0.800426149460227	-0.000582816674135078	5.26532393755012	0.999999984651432
83.625	8.1	0.99999998143254	0.800411017763015	-0.000561507052909351	5.14526117372431	0.999999985146032
83.775	8.1	0.999999982028916	0.800396463304765	-0.000541067200593162	5.0252006353135	0.999999985623133
83.925	8.1	0.999999982603707	0.800382460538924	-0.000521466816572501	4.9051422376913	0.999999986082966
84.075	8.1	0.999999983160738	0.800368985001619	-0.00050267673434012	4.78508589997976	0.99999998652859
84.225	8.1	0.999999983708331	0.800356013254214	-0.000484668893115023	4.66503154489087	0.999999986966665
84.375	8.1	0.999999984257008	0.800343522829242	-0.000467416309973924	4.54497909857664	0.999999987405606
84.525	8.1	0.999999984812218	0.800331492179618	-0.000450893052616235	4.42492849048726	0.999999987849775
84.675	8.1	0.999999985363325	0.80031990063146	-0.000435074212815922	4.30487965323775	0.99999998829066
84.825	8.1	0.999999985875132	0.800308728340142	-0.000419935880608677	4.18483252248251	0.999999988700105
84.975	8.1	0.999999986293424	0.800297956248558	-0.000405455119254232	4.06478703679664	0.999999989034739
85.125	8.1	0.999999986575907	0.800287566045598	-0.000391609941010013	3.94474313756205	0.999999989260726
85.275	8.1	0.999999986748699	0.800277540122499	-0.000378379283759531	3.82470076885527	0.999999989398959
85.425	8.1	0.99999998696346	0.800267861525964	-0.000365742988528531	3.70465987733575	0.999999989570768
85.575	8.1	0.999999987499638	0.800258513910695	-0.000353681777900343	3.58462041213686	0.999999989999711
85.725	8.1	0.999999988643448	0.800249481499626	-0.000342177235462697	3.46458232476791	0.999999990914758
85.875	8.1	0.99999999041426	0.800240749063817	-0.000331211786275365	3.34454556904036	0.999999992331408
86.025	8.1	0.999999992224161	0.800232301930611	-0.000320768678434198	3.22451010102845	0.999999993779329
86.175	8.1	0.999999992725681	0.800224126012382	-0.000310831965620098	3.10447587905829	0.999999994180545
86.325	8.1	0.99999999022464	0.800216207819906	-0.000301386490451357	2.98444286368915	0.999999992179712
86.475	8.1	0.999999983932476	0.800208534397294	-0.000292417868332913	2.8644110176192	0.999999987145981
86.625	8.1	0.99999997583572	0.800201093117701	-0.000283912471662105	2.74438030544585	0.999999980668576
86.775	8.1	0.999999972083925	0.800193871344161	-0.000275857414525977	2.62435069327373	0.99999997766714
86.925	8.1	0.999999981947503	0.800186856099035	-0.000268240538816511	2.50432214831025	0.999999985558002
87.075	8.1	1.00000001244295	0.800180034051129	-0.0002610504032665	2.38429463877297	1.00000000995436
87.225	8.1	1.00000005869988	0.800173392190242	-0.000254276276912234	2.26426813452118	1.0000000469599
87.375	8.1	1.00000009443098	0.800166919328319	-0.000247908136812206	2.14424260861084	1.00000007554478
87.525	8.1	1.00000007202244	0.80016060792094	-0.000241936666411511	2.02421803930586	1.00000005761795
87.675	8.1	0.999999943754044	0.800154454778415	-0.000236353246332114	1.90419441106908	0.999999955003235
87.825	8.1	0.999999708707456	0.80014845860711	-0.000231149927314541	1.78417171228501	0.999999766965964
87.975	8.1	0.999999470097299	0.800142612965425	-0.000226319379951229	1.66414992798042	0.999999576077839
88.125	8.1	0.999999459082571	0.800136896033767	-0.000221854832529315	1.54412902865101	0.999999567266056
88.275	8.1	0.999999961176398	0.800131263428103	-0.000217750034242493	1.42410896147922	0.999999968941119
88.425	8.1	1.00000110035811	0.800125654800187	-0.000213999302640808	1.30408965544928	1.00000088028649
88.575	8.1	1.00000252211797	0.800120024333817	-0.000210597704063693	1.18407105204229	1.00000201769437
88.725	8.1	1.00000316598796	0.800114393885142	-0.000207541343333965	1.06405316206591	1.00000253279037
88.875	8.1	1.00000145964845	0.800108903693598	-0.000204827597056428	0.944036124084377	1.00000116771876
89.025	8.1	0.999996251567127	0.800103807762975	-0.000202454966529477	0.82402020875664	0.999997001253702
89.175	8.1	0.999988453356637	0.800099351762324	-0.000200422189404008	0.704005699559596	0.999990762685309
89.325	8.1	0.999982628764349	0.800095512134702	-0.000198726526536983	0.583992618389346	0.999986103011479
89.475	8.1	0.999986898731589	0.800091686233743	-0.000197361856278458	0.463980379440776	0.999989518985271
89.625	8.1	1.0000092258186	0.800086579809647	-0.000196318204631903	0.343967626009281	1.00000738065488
89.775	8.1	1.00004937514597	0.800068148207962	-0.000195584987504041	0.223952631616017	1.00003950011678
89.925	8.1	1.00008926283403	0.400092372256611	-0.000195178948060235	0.103937698616537	1.00007141026722
0.075	8.3	1.18844975080484e-30	0.399999626815569	-2.5965915217208e-05	36.0880479493993	0.2
0.225	8.3	4.19550106265592e-30	0.799998880033286	-2.60029186306363e-05	36.0640479717903	0.2
0.375	8.3	-4.19962309231284e-30	0.799998132006255	-2.60770175095056e-05	36.0400480165973	0.2
0.525	8.3	2.2833438294658e-30	0.799997381895843	-2.61883965540504e-05	36.0160480838699	0.2
0.675	8.3	-1.79305238015428e-29	0.799996628849055	-2.63373308363404e-05	35.9920481736835	0.2
0.825	8.3	-7.14491556795614e-30	0.799995871994549	-2.65241854805181e-05	35.968048286139	0.2
0.975	8.3	-3.47575275933225e-29	0.799995110436012	-2.67494132352425e-05	35.9440484213638	0.2
1.125	8.3	-7.18968944556614e-30	0.79999434324948	-2.70135531079844e-05	35.9200485795128	0.2
1.275	8.3	-2.55040375627419e-29	0.799993569477908	-2.73172275512411e-05	35.8960487607689	0.2
1.425	8.3	3.96155513866325e-29	0.799992788127722	-2.76611408198137e-05	35.8720489653442	0.2
1.575	8.3	4.32505436719425e-29	0.799991998166594	-2.80460754652619e-05	35.8480491934812	0.2
1.725	8.3	1.43785466012851e-28	0.799991198518063	-2.84728912983389e-05	35.8240494454542	0.2
1.875	8.3	1.34729434669309e-28	0.799990388062616	-2.89425212300975e-05	35.8000497215701	0.2
2.025	8.3	2.0236033189629e-28	0.799989565632707	-2.94559709403384e-05	35.7760500221704	0.2
2.175	8.3	7.52134769402394e-29	0.79998873001395	-3.00143156521038e-05	35.7520503476321	0.2
2.325	8.3	-1.48888978842836e-30	0.799987879941854	-3.0618699235565e-05	35.7280506983696	0.2
2.475	8.3	-3.30282180557555e-28	0.799987014102051	-3.12703327322446e-05	35.7040510748356	0.2
2.625	8.3	-5.35328922632594e-28	0.799986131129971	-3.19704932554706e-05	35.6800514775235	0.2
2.775	8.3	-9.0295079340587e-28	0.799985229609547	-3.27205241427934e-05	35.6560519069678	0.2
2.925	8.3	-8.79635355276263e-28	0.799984308074579	-3.35218342155587e-05	35.6320523637469	0.2
3.075	8.3	-7.82490944785745e-28	0.799983365006527	-3.43758991022081e-05	35.6080528484834	0.2
3.225	8.3	1.69282263198329e-29	0.799982398836151	-3.52842616993917e-05	35.5840533618465	0.2
3.375	8.3	9.32292567857401e-28	0.799981407942273	-3.6248533557702e-05	35.5600539045532	0.2
3.525	8.3	2.41624114941857e-27	0.799980390652217	-3.72703970308312e-05	35.5360544773699	0.2
3.675	8.3	3.34835632401512e-27	0.799979345240841	-3.83516075144445e-05	35.5120550811141	0.2
3.825	8.3	3.97091541986777e-27	0.799978269930313	-3.94939952401287e-05	35.4880557166555	0.2
3.975	8.3	2.84910020113744e-27	0.799977162889398	-4.06994698816381e-05	35.4640563849183	0.2
4.125	8.3	7.01198573598268e-28	0.799976022231903	-4.19700222929403e-05	35.4400570868821	0.2
4.275	8.3	-3.29678931655796e-27	0.799974846016179	-4.33077295676763e-05	35.4160578235843	0.2
4.425	8.3	-6.91138625762243e-27	0.799973632243185	-4.47147577974212e-05	35.3920585961212	0.2
4.575	8.3	-9.91302728261069e-27	0.799972378854778	-4.61933667581846e-05	35.3680594056497	0.2
4.725	8.3	-9.08398246135295e-27	0.799971083731874	-4.77459146214857e-05	35.3440602533899	0.2
4.875	8.3	-5.30250285897285e-27	0.799969744691399	-4.93748620306088e-05	35.3200611406258	0.2
5.025	8.3	2.3136295293407e-27	0.799968359485181	-5.1082777711033e-05	35.2960620687084	0.2
5.175	8.3	8.09377793590734e-27	0.799966925795375	-5.28723422600832e-05	35.2720630390567	0.2
5.325	8.3	9.03786606528666e-27	0.799965441232295	-5.47463545266751e-05	35.2480640531607	0.2
5.475	8.3	-2.49497382972242e-27	0.799963903331306	-5.67077360333811e-05	35.2240651125828	0.2
5.625	8.3	-2.377484110126e-26	0.799962309548544	-5.87595370808101e-05	35.2000662189608	0.2
5.775	8.3	-4.91414090072299e-26	0.799960657256951	-6.09049420172825e-05	35.1760673740099	0.2
5.925	8.3	-5.36101724187579e-26	0.799958943742939	-6.31472751572653e-05	35.1520685795254	0.2
6.075	8.3	-1.12455248142229e-26	0.79995716620175	-6.54900061268279e-05	35.1280698373853	0.2
6.225	8.3	1.09858808428308e-25	0.799955321732402	-6.79367567926338e-05	35.1040711495533	0.2
6.375	8.3	3.06049429094686e-25	0.799953407333306	-7.04913070249189e-05	35.0800725180814	0.2
6.525	8.3	5.32109545489026e-25	0.79995141989784	-7.31576010882008e-05	35.0560739451133	0.2
6.675	8.3	6.55994887474137e-25	0.79994935620823	-7.59397540981242e-05	35.0320754328875	0.2
6.825	8.3	4.90401597714686e-25	0.799947212929989	-7.88420590794883e-05	35.0080769837408	0.2
6.975	8.3	-1.8583357599793e-25	0.799944986608063	-8.18689932736902e-05	34.9840786001117	0.2
7.125	8.3	-1.48180611343119e-24	0.79994267365862	-8.50252260402941e-05	34.9600802845443	0.2
7.275	8.3	-3.26572373715572e-24	0.799940270364444	-8.83156260497917e-05	34.9360820396922	0.2
7.425	8.3	-4.94999964330875e-24	0.799937772867918	-9.17452682098994e-05	34.9120838683224	0.2
7.575	8.3	-5.44551499999886e-24	0.799935177165313	-9.5319442701056e-05	34.8880857733201	0.2
7.725	8.3	-3.23872343415621e-24	0.799932479100096	-9.90436613587975e-05	34.8640877576925	0.2
7.875	8.3	3.07625152453239e-24	0.799929674352989	-0.000102923667864288	34.8400898245741	0.2
8.025	8.3	1.39533772717813e-23	0.799926758439832	-0.000106965445459687	34.8160919772313	0.2
8.175	8.3	2.76169534092946e-23	0.799923726699066	-0.000111175226210638	34.7920942190677	0.2
8.325	8.3	3.89873086334633e-23	0.799920574287178	-0.000115559499609812	34.7680965536294	0.2
8.475	8.3	3.92839872511462e-23	0.799917296168718	-0.000120125023348686	34.7440989846105	0.2
8.625	8.3	1.75654902062797e-23	0.799913887108922	-0.000124878832266034	34.7201015158592	0.2
8.775	8.3	-3.51763295984592e-23	0.799910341663949	-0.000129828248999323	34.6961041513839	0.2
8.925	8.3	-1.18842794665859e-22	0.799906654172569	-0.000134980894977572	34.6721068953594	0.2
9.075	8.3	-2.15560263440738e-22	0.799902818746637	-0.000140344701007883	34.6481097521336	0.2
9.225	8.3	-2.82708794276604e-22	0.799898829260253	-0.000145927919035321	34.6241127262346	0.2
9.375	8.3	-2.53885280447125e-22	0.799894679340653	-0.000151739133886341	34.600115822378	0.2
9.525	8.3	-5.46045023369916e-23	0.799890362357194	-0.000157787275399989	34.5761190454742	0.2
9.675	8.3	3.61731345030553e-22	0.799885871409063	-0.000164081631976196	34.5521224006365	0.2
9.825	8.3	9.59917313692961e-22	0.799881199316137	-0.000170631862333335	34.5281258931896	0.2
9.975	8.3	1.56591400738844e-21	0.799876338604349	-0.000177448010395551	34.5041295286776	0.2
10.125	8.3	1.83894868216969e-21	0.799871281494336	-0.000184540519011216	34.4801333128734	0.2
10.275	8.3	1.31728118748794e-21	0.799866019888991	-0.000191920244597704	34.4561372517879	0.2
10.425	8.3	-4.19942054994989e-22	0.799860545357741	-0.000199598471927974	34.43214135168	0.2
10.575	8.3	-3.46508643607484e-21	0.799854849124294	-0.000207586930375438	34.4081456190664	0.2
10.725	8.3	-7.2262005034225e-21	0.799848922050963	-0.000215897809347243	34.3841500607326	0.2
10.875	8.3	-1.01567601398716e-20	0.799842754622488	-0.000224543775697003	34.3601546837434	0.2
11.025	8.3	-9.81120950554863e-21	0.799836336931144	-0.000233537990620089	34.3361594954552	0.2
11.175	8.3	-3.48968199306924e-21	0.799829658658656	-0.000242894127087254	34.3121645035275	0.2
11.325	8.3	1.03856271462145e-20	0.799822709058749	-0.000252626388951024	34.2881697159357	0.2
11.475	8.3	3.03275361175908e-20	0.799815476939236	-0.000262749529087471	34.264175140984	0.2
11.625	8.3	4.99309111812661e-20	0.799807950641763	-0.000273278869886333	34.2401807873193	0.2
11.775	8.3	5.72968269906612e-20	0.799800118022171	-0.00028423032219235	34.2161866639455	0.2
11.925	8.3	3.72178590532834e-20	0.799791966429216	-0.000295620406891367	34.192192780238	0.2
12.075	8.3	-2.2707084609002e-20	0.799783482682485	-0.000307466275895477	34.1681991459597	0.2
12.225	8.3	-1.22182569953491e-19	0.799774653048722	-0.000319785734082805	34.1442057712771	0.2
12.375	8.3	-2.37056936224703e-19	0.799765463218394	-0.000332597261580384	34.1202126667768	0.2
12.525	8.3	-3.12457709152918e-19	0.799755898279701	-0.00034592003750354	34.096219843484	0.2
12.675	8.3	-2.68093528671946e-19	0.799745942692016	-0.000359773962748052	34.07222731288	0.2
12.825	8.3	-2.35030457064712e-20	0.799735580257954	-0.00037417968546111	34.0482350869224	0.2
12.975	8.3	4.54106033484294e-19	0.799724794094327	-0.000389158624500362	34.0242431780646	0.2
13.125	8.3	1.08765733408937e-18	0.799713566601657	-0.000404732996570362	34.0002515992768	0.2
13.275	8.3	1.63807970338337e-18	0.799701879431288	-0.000420925840700483	33.9762603640685	0.2
13.425	8.3	1.70214684568411e-18	0.799689713451653	-0.000437761045951752	33.9522694865109	0.2
13.575	8.3	8.06406421439984e-19	0.799677048713596	-0.000455263377868127	33.9282789812614	0.2
13.725	8.3	-1.37323905069705e-18	0.799663864412364	-0.000473458506731971	33.9042888635881	0.2
13.875	8.3	-4.68474044829475e-18	0.799650138848362	-0.000492373034901441	33.8802991493966	0.2
14.025	8.3	-8.16525478438812e-18	0.799635849386418	-0.000512034525766334	33.8563098552572	0.2
14.175	8.3	-9.89079406155063e-18	0.799620972411405	-0.000532471532547462	33.8323209984334	0.2
14.325	8.3	-7.26463824148034e-18	0.799605483284282	-0.000553713627957004	33.8083325969125	0.2
14.475	8.3	2.03596184812389e-18	0.799589356291654	-0.000575791432831115	33.7843446694364	0.2
14.625	8.3	1.84309107534926e-17	0.799572564596702	-0.000598736646454537	33.760357235535	0.2
14.775	8.3	3.84881312899067e-17	0.799555080185284	-0.000622582076141406	33.7363703155606	0.2
14.925	8.3	5.35292444934982e-17	0.79953687380943	-0.000647361667891449	33.7123839307239	0.2
15.075	8.3	5.01163027243907e-17	0.799517914926828	-0.000673110534858332	33.688398103132	0.2
15.225	8.3	1.38083120996334e-17	0.799498171639232	-0.000699864988361458	33.6644128558283	0.2
15.375	8.3	-6.31313346860826e-17	0.799477610624431	-0.00072766256692837	33.6404282128337	0.2
15.525	8.3	-1.71141285579225e-16	0.799456197066217	-0.000756542064250227	33.6164441991908	0.2
15.675	8.3	-2.7361574289815e-16	0.799433894580655	-0.000786543559093855	33.5924608410097	0.2
15.825	8.3	-3.04565813568033e-16	0.799410665133242	-0.00081770844247067	33.568478165516	0.2
15.975	8.3	-1.81692341839821e-16	0.79938646895977	-0.000850079443643386	33.5444962011017	0.2
16.125	8.3	1.59159781722635e-16	0.799361264472458	-0.000883700656382724	33.5205149773784	0.2
16.275	8.3	7.09598579338474e-16	0.799335008168285	-0.000918617563321354	33.4965345252333	0.200000000000001
16.425	8.3	1.32891870089246e-15	0.799307654525422	-0.000954877056907271	33.4725548768883	0.200000000000001
16.575	8.3	1.70976313714514e-15	0.799279155896735	-0.000992527461479041	33.4485760659618	0.200000000000001
16.725	8.3	1.41234076974608e-15	0.799249462395264	-0.0010316185508922	33.4245981275345	0.200000000000001
16.875	8.3	8.00685399076102e-18	0.799218521772108	-0.00107220156366322	33.4006210982181	0.2
17.025	8.3	-2.65565591631661e-15	0.799186279283487	-0.00111432921537128	33.3766450162282	0.199999999999998
17.175	8.3	-6.11757468622253e-15	0.799152677552512	-0.00115805570793178	33.3526699214611	0.199999999999995
17.325	8.3	-9.02998831881818e-15	0.799117656420418	-0.00120343673446858	33.328695855575	0.199999999999993
17.475	8.3	-9.16897051754496e-15	0.799081152783514	-0.0012505294787026	33.3047228620759	0.199999999999993
17.625	8.3	-3.97549591754472e-15	0.799043100422236	-0.00129939261131726	33.280750986408	0.199999999999997
17.775	8.3	8.22149934592066e-15	0.799003429817073	-0.00135008627818045	33.2567802760505	0.200000000000007
17.925	8.3	2.64190417691394e-14	0.798962067947212	-0.00140267208405836	33.232810780619	0.200000000000021
18.075	8.3	4.51507928870153e-14	0.798918938077966	-0.0014572130668561	33.2088425519737	0.200000000000036
18.225	8.3	5.37552310059539e-14	0.798873959529592	-0.00151377366568175	33.1848756443343	0.200000000000043
18.375	8.3	3.80792657843157e-14	0.798827047426791	-0.00157241967884313	33.1609101144019	0.20000000000003
18.525	8.3	-1.42237344614073e-14	0.798778112429554	-0.0016332182113274	33.1369460214887	0.199999999999989
18.675	8.3	-1.04745204305173e-13	0.798727060442571	-0.00169623761094945	33.1129834276561	0.199999999999916
18.825	8.3	-2.1378445808205e-13	0.798673792296446	-0.00176154739247819	33.0890223978622	0.199999999999829
18.975	8.3	-2.93067913792306e-13	0.798618203406788	-0.00182921814679964	33.0650630001184	0.199999999999766
19.125	8.3	-2.6895210817014e-13	0.79856018340025	-0.00189932143545152	33.0411053056578	0.199999999999785
19.275	8.3	-6.35525681615189e-14	0.798499615709862	-0.0019719296666411	33.0171493891144	0.199999999999949
19.425	8.3	3.62773484824232e-13	0.798436377132533	-0.00204711595377818	32.9931953287152	0.20000000000029
19.575	8.3	9.53789025472481e-13	0.798370337347819	-0.002124953951216	32.9692432064864	0.200000000000763
19.725	8.3	1.50530555801252e-12	0.798301358392186	-0.00220551766764083	32.9452931084742	0.200000000001204
19.875	8.3	1.6545609004907e-12	0.798229294082927	-0.00228888125345534	32.9213451249826	0.200000000001324
20.025	8.3	9.54296445642217e-13	0.798153989389894	-0.0023751187606691	32.8973993508289	0.200000000000763
20.175	8.3	-9.36960298102267e-13	0.798075279744437	-0.00246430386991519	32.873455885619	0.19999999999925
20.325	8.3	-3.95781451635113e-12	0.797992990281595	-0.00255650958424239	32.8495148340444	0.199999999996834
20.475	8.3	-7.32131893630189e-12	0.797906935008315	-0.00265180788594499	32.8255763062029	0.199999999994143
20.625	8.3	-9.33545067681904e-12	0.797816915886751	-0.00275026935003638	32.8016404179453	0.199999999992532
20.775	8.3	-7.6009660321422e-12	0.797722721826071	-0.00285196271349648	32.7777072912514	0.199999999993919
20.925	8.3	1.94377402808302e-13	0.797624127568515	-0.0029569543947258	32.7537770546372	0.200000000000155
21.075	8.3	1.48250185342865e-11	0.797520892461997	-0.00306530795651894	32.7298498435973	0.20000000001186
21.225	8.3	3.36960750191659e-11	0.797412759102133	-0.00317708351178453	32.7059258010866	0.200000000026957
21.375	8.3	4.93790115188687e-11	0.797299451829307	-0.00329233706040837	32.6820050780447	0.200000000039503
21.525	8.3	4.97115506307156e-11	0.797180675065501	-0.00341111975597526	32.6580878339674	0.200000000039769
21.675	8.3	2.07982625712774e-11	0.797056111465559	-0.00353347709422383	32.6341742375313	0.200000000016639
21.825	8.3	-4.62811327009545e-11	0.796925419866757	-0.00365944801295257	32.6102644672755	0.199999999962975
21.975	8.3	-1.45729486414769e-10	0.796788233004215	-0.00378906390017506	32.5863587123481	0.199999999883416
22.125	8.3	-2.47332345600356e-10	0.796644154971178	-0.00392234749815339	32.5624571733231	0.199999999802134
22.275	8.3	-2.92598958766655e-10	0.796492758384538	-0.00405931169406274	32.5385600630971	0.199999999765921
22.425	8.3	-2.04254764121321e-10	0.79633358122819	-0.00419995818914484	32.514667607876	0.199999999836596
22.575	8.3	8.46191925296513e-11	0.796166123333725	-0.00434427603070458	32.4907800482625	0.200000000067695
22.725	8.3	5.81540761501824e-10	0.79598984245422	-0.00449223999832853	32.4668976404598	0.200000000465233
22.875	8.3	1.17700107222799e-09	0.795804149881653	-0.00464380882797729	32.4430206576041	0.200000000941601
23.025	8.3	1.60480813601204e-09	0.795608405544363	-0.00479892326394158	32.4191493912421	0.200000001283847
23.175	8.3	1.46003775928552e-09	0.795401912510144	-0.00495750391918766	32.395284152965	0.20000000116803
23.325	8.3	3.15517148150689e-10	0.795183910797547	-0.00511944893166974	32.3714252762128	0.200000000252414
23.475	8.3	-2.04406489349618e-09	0.794953570385618	-0.0052846313996783	32.347573118257	0.199999998364748
23.625	8.3	-5.30402341177807e-09	0.794709983306052	-0.00545289656933681	32.3237280623796	0.199999995756781
23.775	8.3	-8.33108347197584e-09	0.794452154699262	-0.00562405875417853	32.2998905202702	0.199999993335133
23.925	8.3	-9.11217092013447e-09	0.794178992724078	-0.00579789794754589	32.2760609346861	0.199999992710263
24.075	8.3	-5.16099384282154e-09	0.793889297244565	-0.00597415609274111	32.2522397824436	0.199999995871205
24.225	8.3	5.42887966550132e-09	0.793581747212806	-0.00615253296688104	32.2284275778348	0.200000004343104
24.375	8.3	2.23285870925849e-08	0.793254886651009	-0.00633268163920443	32.2046248765769	0.20000001786287
24.525	8.3	4.11568886354663e-08	0.792907109042755	-0.00651420347979193	32.1808322803848	0.200000032925511
24.675	8.3	5.24336860256482e-08	0.792536639773218	-0.0066966427081848	32.1570504422022	0.200000041946949
24.825	8.3	4.26176235688341e-08	0.792141516008935	-0.00687948049685198	32.1332800720251	0.200000034094099
24.975	8.3	-1.51179471754258e-09	0.791719563152413	-0.0070621286458285	32.1095219431395	0.199999998790564
25.125	8.3	-8.47124244954188e-08	0.791268366841332	-0.00724392281188803	32.0857768985232	0.19999993223006
25.275	8.3	-1.92812144963136e-07	0.790785239562142	-0.0074241151919889	32.0620458572163	0.199999845750284
25.425	8.3	-2.84013668630103e-07	0.790267181416904	-0.00760186639730995	32.038329820743	0.199999772789065
25.575	8.3	-2.88709010208205e-07	0.789710835455244	-0.00777623606493365	32.0146298801985	0.199999769032792
25.725	8.3	-1.25583254376384e-07	0.789112439020991	-0.00794617157660143	31.9909472253348	0.199999899533397
25.875	8.3	2.60812257056824e-07	0.78846777327008	-0.00811049423729146	31.967283157641	0.200000208649806
26.025	8.3	8.43815223265372e-07	0.787772112602496	-0.00826788254441945	31.9436391095845	0.200000675052179
26.175	8.3	1.45603119088213e-06	0.787020173410667	-0.00841685287387559	31.9200166713487	0.200001164824953
26.325	8.3	1.76068725626096e-06	0.786206056917411	-0.00855573900265164	31.8964176241577	0.200001408549805
26.475	8.3	1.29683294128367e-06	0.785323174528563	-0.00868267306349053	31.8728439757105	0.200001037466353
26.625	8.3	-3.61531592305109e-07	0.784364138191733	-0.00879557113639301	31.8492979892621	0.199999710774726
26.775	8.3	-3.32289522332648e-06	0.783320596306447	-0.00889212569939473	31.8257821954764	0.199997341683821
26.925	8.3	-7.02622527997017e-06	0.782183002043647	-0.00896980349155026	31.8022993781778	0.199994379019776
27.075	8.3	-9.96240039495491e-06	0.780940318497571	-0.00902584036830862	31.7788525343444	0.199992030079684
27.225	8.3	-9.69751650969797e-06	0.779579692730524	-0.00905721520695137	31.7554448262776	0.199992241986792
27.375	8.3	-3.45632995903748e-06	0.778086160291154	-0.00906057592453996	31.7320795671774	0.199997234936033
27.525	8.3	1.05682917425992e-05	0.776442456747432	-0.00903208819410045	31.7087603020975	0.200008454633394
27.675	8.3	3.12838413055007e-05	0.774628991221832	-0.0089671897291452	31.6854910504116	0.200025027073044
27.825	8.3	5.269823381608e-05	0.772623960332902	-0.00886026782712055	31.6622767466153	0.200042158587053
27.975	8.3	6.29373851539619e-05	0.770403448897089	-0.00870433715130743	31.6391238409713	0.200050349908123
28.125	8.3	4.5751928465859e-05	0.76794120945333	-0.00849086776560136	31.6160409027586	0.200036601542773
28.275	8.3	-1.41214790228493e-05	0.765207708883042	-0.00820997069443463	31.5930389360542	0.199988702816782
28.425	8.3	-0.000121343799544131	0.762168074916756	-0.00785113928877378	31.5701310336331	0.199902924960365
28.575	8.3	-0.000257726925034013	0.758778854390726	-0.00740460202024792	31.547331047808	0.199793818459973
28.725	8.3	-0.000371852363771301	0.754984032737471	-0.00686299641690115	31.5246512362275	0.199702518108983
28.875	8.3	-0.000377915832973527	0.750711459095302	-0.00622249284025027	31.5020993840671	0.199697667333621
29.025	8.3	-0.000172476903830012	0.745871357292298	-0.00548177407776651	31.4796766380609	0.199862018476936
29.175	8.3	0.000324394160839384	0.740358358520285	-0.00463675282956368	31.4573779775693	0.200259515328672
29.325	8.3	0.00110448003948546	0.734056661128691	-0.00366919072505528	31.4351974962469	0.200883584031588
29.475	8.3	0.00199721637026314	0.726844210718454	-0.0025290090200987	31.4131399976784	0.201597773096211
29.625	8.3	0.00261632560904079	0.718587550432993	-0.00111285545845466	31.3912384439663	0.202093060487233
29.775	8.3	0.00237178039203643	0.709117350868752	0.000755691747911307	31.3695735304899	0.201897424313629
29.925	8.3	0.000593841113092231	0.698178113061458	0.00333655732865128	31.3482877539633	0.200475072890474
30.075	8.3	-0.00320413535749693	0.685353096724611	0.00696190690260519	31.3275833380579	0.197436691714002
30.225	8.3	-0.00894465305362737	0.669974473096843	0.0119775258708385	31.3076935995413	0.192844277557098
30.375	8.3	-0.0155724430087711	0.651044414991864	0.0185864155430899	31.2888231150841	0.187542045592983
30.525	8.3	-0.0207491934975861	0.627243321710786	0.026536238918066	31.2710641391335	0.183400645201931
30.675	8.3	-0.0208063105800197	0.597229462958455	0.0347107016162645	31.254312066114	0.183354951535984
30.825	8.3	-0.0110469419503052	0.560526543427245	0.0410522319263393	31.2382126453625	0.191162446439756
30.975	8.3	0.0136114945460925	0.518756536235848	0.0434569700880792	31.2221665785132	0.210889195636874
31.125	8.3	0.0577311197080819	0.475761615045995	0.0412808733420931	31.2053926007651	0.246184895766466
31.275	8.3	0.124249564553866	0.435774063887023	0.035758937723312	31.1870289814303	0.299399651643093
31.425	8.3	0.213255451692272	0.40147350628925	0.0288580304021918	31.1662514198882	0.370604361353817
31.575	8.3	0.320952953549714	0.373659843687807	0.0220833144565451	31.1423926317106	0.456762362839771
31.725	8.3	0.439511620353132	0.351953166575913	0.0161711222189411	31.1150492939579	0.551609296282506
31.875	8.3	0.558472130770422	0.335470527436125	0.0113158007640011	31.0841504401488	0.646777704616337
32.025	8.3	0.66746750067151	0.32319862852659	0.00744780054365395	31.0499568366474	0.733974000537208
32.175	8.3	0.758891379036513	0.314175343119628	0.00440647027687891	31.0129846230445	0.80711310322921
32.325	8.3	0.829137764797979	0.307581928687674	0.0020215598672512	30.9738843258044	0.863310211838383
32.475	8.3	0.878193673742705	0.302776872057516	0.000144276950585638	30.9333230370406	0.902554938994164
32.625	8.3	0.908362738224141	0.299285916959578	-0.00134454183490064	30.8919024974178	0.926690190579313
32.775	8.3	0.922977243545167	0.296769472061415	-0.00253526735958195	30.8501194400131	0.938381794836133
32.925	8.3	0.925512570195684	0.294986580703449	-0.0034932963718297	30.8083575764641	0.940410056156547
33.075	8.3	0.919127223229795	0.293765303759858	-0.00426349735498757	30.7668969359357	0.935301778583836
33.225	8.3	0.906493541309632	0.292981629296699	-0.00487447324545094	30.7259298131363	0.925194833047705
33.375	8.3	0.889780716830799	0.29254550588907	-0.00534244237285018	30.6855774090547	0.911824573464639
33.525	8.3	0.870699019489908	0.292391862363408	-0.00567475292747054	30.6459047587984	0.896559215591927
33.675	8.3	0.850559043203909	0.292474807340366	-0.0058730782554491	30.6069334234249	0.880447234563128
33.825	8.3	0.830328408594582	0.292763716399717	-0.00593629177824048	30.5686521682077	0.864262726875666
33.975	8.3	0.810682573012632	0.293240344597032	-0.00586295573008183	30.5310259930652	0.848546058410106
34.125	8.3	0.792051495652147	0.293896426236318	-0.0056533212929034	30.4940037866353	0.833641196521718
34.275	8.3	0.774664313885689	0.294731470907761	-0.00531074990984205	30.4575247425388	0.819731451108551
34.425	8.3	0.758592825812243	0.295750650092507	-0.00484252180871502	30.4215235897349	0.806874260649795
34.575	8.3	0.743793087970632	0.296962792353656	-0.00426007425174993	30.3859346663998	0.795034470376506
34.725	8.3	0.730143560154029	0.298378567237708	-0.00357877995015818	30.3506948928328	0.784114848123224
34.875	8.3	0.717478105331061	0.300008948060252	-0.00281741560230472	30.31574574692	0.773982484264849
35.025	8.3	0.705612606151248	0.30186402047425	-0.00199747714051659	30.2810343915564	0.764490084920999
35.175	8.3	0.694364702904632	0.303952168219215	-0.00114247987869351	30.2465141317259	0.755491762323706
35.325	8.3	0.683566926394724	0.306279636094485	-0.000277350295856909	30.2121443837874	0.746853541115779
35.475	8.3	0.673074113901509	0.308850451070456	0.000572019804282986	30.1778903224892	0.738459291121207
35.625	8.3	0.662766373150848	0.311666675612817	0.00137902447239164	30.1437223382394	0.730213098520679
35.775	8.3	0.652548988448715	0.31472896717545	0.00211641130992308	30.1096153958178	0.722039190758972
35.925	8.3	0.642350580275638	0.318037416195379	0.0027562278392478	30.0755483436091	0.71388046422051
36.075	8.3	0.63212058939289	0.321592623711718	0.00326976475105699	30.0415031863239	0.705696471514312
36.225	8.3	0.621826817030101	0.32539695361566	0.00362766501060393	30.0074643096635	0.697461453624081
36.375	8.3	0.611453369267831	0.329455853364637	0.00380039539337841	29.9734176366418	0.689162695414265
36.525	8.3	0.600998978685617	0.333779087694301	0.0037592598963786	29.9393497044861	0.680799182948493
36.675	8.3	0.590475361100501	0.338381687059321	0.00347805459574213	29.9052466775855	0.672380288880401
36.825	8.3	0.579905059907154	0.34328439712588	0.00293531505228312	29.8710933515371	0.663924047925723
36.975	8.3	0.569318179291116	0.348513450537416	0.00211690487612959	29.8368722476266	0.655454543432893
37.125	8.3	0.558747539161382	0.354099584865251	0.00101847750003231	29.8025629341564	0.646998031329105
37.275	8.3	0.548222100241764	0.360076403136295	-0.000352823706224671	29.7681417273359	0.638577680193411
37.425	8.3	0.537758970278882	0.36647839161396	-0.00197810328954005	29.7335819078943	0.630207176223106
37.575	8.3	0.527354831453638	0.373339118239425	-0.00382841752509274	29.6988545336382	0.621883865162911
37.725	8.3	0.516978107259517	0.380690254474096	-0.00586861340746325	29.6639298357341	0.613582485807613
37.875	8.3	0.506563479055466	0.388562013587448	-0.00806295421746661	29.6287790718393	0.605250783244373
38.025	8.3	0.496010347616156	0.396985338306739	-0.0103816353132849	29.5933765968152	0.596808278092924
38.175	8.3	0.48518644632955	0.405995731113896	-0.012806891003522	29.5577018309844	0.58814915706364
38.325	8.3	0.473937069850512	0.415638110630912	-0.0153372904883862	29.5217407827074	0.57914965588041
38.475	8.3	0.462099404084174	0.425971650239049	-0.017989083066993	29.4854868303616	0.569679523267339
38.625	8.3	0.449520430709558	0.437073344279287	-0.0207940211249064	29.4489405847173	0.559616344567647
38.775	8.3	0.43607606533516	0.449039113299872	-0.0237938043101605	29.4121088141915	0.548860852268128
38.925	8.3	0.421688774689899	0.461981574676718	-0.0270319578209163	29.3750025875891	0.537351019751919
39.075	8.3	0.406341017536609	0.476024080746183	-0.0305444304437661	29.3376349331138	0.525072814029287
39.225	8.3	0.390082457716746	0.491291164856984	-0.0343504033856618	29.3000183965022	0.512065966173397
39.375	8.3	0.373029879918593	0.507896063257062	-0.0384447458602806	29.2621628876123	0.498423903934874
39.525	8.3	0.355359891087451	0.525926455369589	-0.0427932902747946	29.2240741349096	0.484287912869961
39.675	8.3	0.337295576372539	0.545429956492801	-0.0473316931307884	29.1857529399941	0.469836461098032
39.825	8.3	0.319089091163884	0.566401162019089	-0.0519681562425739	29.147195270749	0.455271272931107
39.975	8.3	0.301002578989879	0.58877211438941	-0.0565897604154084	29.1083930865875	0.440802063191903
40.125	8.3	0.283289777051618	0.612407868022826	-0.0610716679503459	29.0693356819172	0.426631821641295
40.275	8.3	0.266180270356219	0.637108315840791	-0.0652880469625864	29.0300112812909	0.412944216284976
40.425	8.3	0.249867712102396	0.662616635756561	-0.0691233262840783	28.9904086236651	0.399894169681917
40.575	8.3	0.23450259837873	0.688633732970347	-0.0724823554454438	28.9505183224789	0.387602078702984
40.725	8.3	0.220189511568987	0.714837092769831	-0.0752982358764108	28.9103338637558	0.376151609255189
40.875	8.3	0.206988229514652	0.740901746486964	-0.0775369768379262	28.8698521856387	0.365590583611722
41.025	8.3	0.19491778388962	0.766520770141485	-0.0791986385761262	28.8290738531867	0.355934227111696
41.175	8.3	0.183962439747012	0.791422946282872	-0.0803151543381161	28.7880028922731	0.347169951797609
41.325	8.3	0.174078621766992	0.815385851233337	-0.0809454693121152	28.7466463733529	0.339262897413594
41.475	8.3	0.165201976300781	0.838243500593806	-0.081168920742531	28.7050138423532	0.332161581040625
41.625	8.3	0.157253974725543	0.859888573926903	-0.0810778757058832	28.6631166874167	0.325803179780434
41.775	8.3	0.150147685084354	0.880269957067858	-0.0807705553923386	28.6209675128605	0.320118148067483
41.925	8.3	0.143792532773946	0.899386781174799	-0.0803447584216286	28.5785795708798	0.315034026219157
42.075	8.3	0.138098020269553	0.917280286276409	-0.0798929192701711	28.53596628122	0.310478416215643
42.225	8.3	0.132976476737004	0.93402474788908	-0.0794986661720061	28.4931408517272	0.306381181389604
42.375	8.3	0.128344965851999	0.949718466141956	-0.0792348222283537	28.4501159995084	0.302675972681599
42.525	8.3	0.124126503650457	0.964475516444031	-0.0791626459611871	28.4069037635732	0.299301202920365
42.675	8.3	0.120250738247499	0.978418667852635	-0.0793320337316865	28.3635153948307	0.296200590597999
42.825	8.3	0.116654229165837	0.991673631595231	-0.0797823927133776	28.3199613073922	0.29332338333267
42.975	8.3	0.113280443092718	1.00436462447212	-0.0805439199980271	28.2762510753963	0.290624354474174
43.125	8.3	0.110079560152884	1.01661111928213	-0.0816390718943063	28.232393461199	0.288063648122307
43.275	8.3	0.107008163281004	1.02852559621711	-0.0830840625520023	28.1883964630736	0.285606530624804
43.425	8.3	0.104028864543507	1.04021209096588	-0.0848902828965885	28.1442673730407	0.283223091634806
43.575	8.3	0.101109906835381	1.0517653431886	-0.0870655743825269	28.1000128377659	0.280887925468305
43.725	8.3	0.0982247672041461	1.06327037157032	-0.0896153257742666	28.0556389174424	0.278579813763317
43.875	8.3	0.0953517787683419	1.07480233060336	-0.0925433858874081	28.0111511391382	0.276281423014674
44.025	8.3	0.0924737813060059	1.08642653413635	-0.0958528030709625	27.9665545422348	0.273979025044805
44.175	8.3	0.0895778055212676	1.09819855848679	-0.0995464157309105	27.9218537143566	0.271662244417014
44.325	8.3	0.0866547920891591	1.11016436198771	-0.103627329802495	27.8770528166706	0.269323833671327
44.475	8.3	0.0836993430179773	1.12236037749069	-0.108099330560851	27.8321555977638	0.266959474414382
44.625	8.3	0.0807094987322161	1.13481354889137	-0.112967288328493	27.787165395727	0.264567598985773
44.775	8.3	0.0776865288220878	1.14754129062906	-0.118237629725024	27.7420851289858	0.26214922305767
44.925	8.3	0.074634717780336	1.16055134681647	-0.123918954931047	27.6969172783975	0.259707774224269
45.075	8.3	0.0715611215473023	1.17384150690576	-0.130022879856368	27.6516638668394	0.257248897237842
45.225	8.3	0.0684752723575978	1.18739908443065	-0.136565156701745	27.6063264484425	0.254780217886078
45.375	8.3	0.0653888294221509	1.20119996292744	-0.143567054612662	27.5609061276047	0.252311063537721
45.525	8.3	0.0623152278182137	1.21520682770971	-0.151056829860953	27.5154036363922	0.249852182254571
45.675	8.3	0.0592694865400782	1.22936589625085	-0.159070837313976	27.4698195042665	0.247415589232063
45.825	8.3	0.0562685134928233	1.24360100070528	-0.167653383339724	27.4241543501113	0.245014810794259
45.975	8.3	0.0533324886701846	1.25780326132679	-0.176853761126525	27.3784093050991	0.242665990936148
46.125	8.3	0.0504881840970084	1.27181389463722	-0.186718058443096	27.3325865276675	0.240390547277607
46.275	8.3	0.0477753123798743	1.28539715295143	-0.197272407003288	27.286689693649	0.238220249903899
46.425	8.3	0.0452570557107527	1.29820047825924	-0.208493670301956	27.240724238367	0.236205644568602
46.575	8.3	0.0430356444975711	1.30970054212872	-0.220263798695394	27.194697009425	0.234428515598057
46.725	8.3	0.0412730564850061	1.31913825861549	-0.232306392314923	27.1486148921762	0.233018445188005
46.875	8.3	0.0402154847692473	1.32545467062853	-0.24411018442357	27.1024819456218	0.232172387815398
47.025	8.3	0.0402182315070874	1.32725363082069	-0.254856072703091	27.0562946994299	0.23217458520567
47.175	8.3	0.0417654584011089	1.32283395347353	-0.263381911331832	27.0100355772622	0.233412366720887
47.325	8.3	0.0454774662025751	1.31034352740178	-0.268236155249596	26.9636649582722	0.23638197296206
47.475	8.3	0.0520978883036564	1.28809195318463	-0.267870540116477	26.9171131007826	0.241678310642925
47.625	8.3	0.0624552908782594	1.2549973732571	-0.260979945032915	26.8702737921127	0.249964232702607
47.775	8.3	0.07739827421138	1.21104380503885	-0.246909110112153	26.8230017641476	0.261918619369104
47.925	8.3	0.0977089406800815	1.15754637668704	-0.225956925561204	26.7751153156893	0.278167152544065
48.075	8.3	0.124004272450319	1.09705186445506	-0.199407135483556	26.7264043502854	0.299203417960255
48.225	8.3	0.156637143425927	1.03286627248662	-0.169241478952218	26.6766428154319	0.325309714740741
48.375	8.3	0.195609210343346	0.968396345106488	-0.137665742206412	26.625603920545	0.356487368274677
48.525	8.3	0.240508733764176	0.906567089097766	-0.106660132703674	26.5730764960777	0.392406987011341
48.675	8.3	0.290487657997052	0.849490382397544	-0.0777044363538765	26.518880942558	0.432390126397642
48.825	8.3	0.34429116751392	0.798405625420311	-0.0517050614443597	26.4628831199321	0.475432934011136
48.975	8.3	0.400345864255501	0.753806486610207	-0.0290642919363277	26.4050044438506	0.520276691404401
49.125	8.3	0.456899310822883	0.715644672393649	-0.00981212790190673	26.3452267364883	0.565519448658306
49.275	8.3	0.512188251818338	0.683531856667764	0.0062578303170041	26.2835911496804	0.609750601454671
49.425	8.3	0.564602947046978	0.656901888900663	0.0194776186951941	26.2201915482732	0.651682357637583
49.575	8.3	0.612816263351927	0.635124737499373	0.0302269519026504	26.1551637381717	0.690253010681542
49.725	8.3	0.655857631190676	0.617578331228359	0.0388846046801637	26.088672519608	0.724686104952541
49.875	8.3	0.693128236284644	0.603688933621357	0.0458018277708738	26.0208986075633	0.754502589027715
50.025	8.3	0.724368074196527	0.592950090432841	0.0512904846035913	25.9520270605925	0.779494459357222
50.175	8.3	0.749593021383806	0.584928014187167	0.0556201268698963	25.8822382145129	0.799674417107045
50.325	8.3	0.769020366744872	0.579259061522915	0.0590200403465542	25.811701469954	0.815216293395898
50.475	8.3	0.782997086197181	0.575643066205816	0.0616838031257324	25.7405717869976	0.826397668957745
50.625	8.3	0.79193947627875	0.573834904244547	0.0637749898121901	25.6689884435347	0.833551581023
50.775	8.3	0.796287797053189	0.573635715051398	0.065433385554953	25.5970754894938	0.837030237642551
50.925	8.3	0.796476207165588	0.574884618673581	0.0667815147288333	25.5249433118677	0.837180965732471
51.075	8.3	0.792916441215152	0.57745146905601	0.0679314921199776	25.4526907514199	0.834333152972122
51.225	8.3	0.78599282915728	0.581231068694392	0.0689921687139243	25.3804072404078	0.828794263325824
51.375	8.3	0.776065688395432	0.586139221215477	0.0700762523502377	25.3081744587996	0.820852550716346
51.525	8.3	0.763479203213006	0.592110876689824	0.0713065700954821	25.2360670779648	0.810783362570405
51.675	8.3	0.74856826901482	0.599100302320164	0.0728200784903464	25.1641523645143	0.798854615211856
51.825	8.3	0.731656522471971	0.607082633896169	0.0747680115612163	25.0924888655197	0.785325217977576
51.975	8.3	0.71303572946083	0.616055435957027	0.0773112999305109	25.0211251739757	0.770428583568664
52.125	8.3	0.692916556684863	0.626038368074272	0.0806127746867243	24.9501008504423	0.754333245347891
52.275	8.3	0.671344907192346	0.637069320962115	0.0848319911901332	24.879452707805	0.737075925753877
52.425	8.3	0.648088875151663	0.649197110034939	0.0901340181493176	24.8092303125869	0.71847110012133
52.575	8.3	0.622520160566468	0.66247418504634	0.0967279193995577	24.7395238992521	0.698016128453175
52.725	8.3	0.593538698287175	0.676956795618131	0.104950615547775	24.6705050128328	0.67483095862974
52.875	8.3	0.559613524253405	0.692722097306258	0.115405304840316	24.6024744782506	0.647690819402724
53.025	8.3	0.519022960161404	0.709908783827183	0.129151923627425	24.5359040899858	0.615218368129123
53.175	8.3	0.470352861064287	0.728778279825735	0.147931720058297	24.4714498011984	0.57628228885143
53.325	8.3	0.413232994209141	0.749776074009665	0.174376763010882	24.4099094854367	0.530586395367313
53.475	8.3	0.349159289463393	0.773538213183114	0.212055435103845	24.3521035058657	0.479327431570714
53.625	8.3	0.282115052116638	0.800698354243954	0.264911419577628	24.2986760599524	0.42569204169331
53.775	8.3	0.21866876780515	0.831122033981907	0.33502985777091	24.2498482307059	0.37493501424412
53.925	8.3	0.167353054972857	0.861884989330324	0.41724694215913	24.2051910344573	0.333882443978285
54.075	8.3	0.13733185334751	0.884233692510412	0.492200173508086	24.163517750706	0.309865482678008
54.225	8.3	0.136520119773993	0.884678587342666	0.529548974143747	24.1229929844781	0.309216095819194
54.375	8.3	0.169535748443007	0.85631558179672	0.511647051676491	24.0814506930559	0.335628598754405
54.525	8.3	0.236107256851126	0.807659218780925	0.451440907402219	24.0367717848348	0.388885805480901
54.675	8.3	0.330450288939942	0.753968997805524	0.37667482672806	23.9872245313007	0.464360231151954
54.825	8.3	0.44196554069882	0.705694988252145	0.307291074000261	23.9317378194038	0.553572432559056
54.975	8.3	0.557531894586009	0.666645460224052	0.250832475146827	23.8700285439129	0.646025515668807
55.125	8.3	0.664860969979242	0.636801503276317	0.20760382380703	23.8025368262406	0.731888775983393
55.275	8.3	0.755336367617155	0.61470855386604	0.17533801277692	23.7302081820792	0.804269094093724
55.425	8.3	0.825018289326591	0.598681219290817	0.151423396774261	23.6542194987153	0.860014631461273
55.575	8.3	0.87387866191864	0.587264731236839	0.133647989171747	23.5757457996274	0.899102929534912
55.725	8.3	0.904270891430314	0.579339375524937	0.120326698553858	23.4958160666345	0.923416713144252
55.875	8.3	0.919533755272595	0.574085408240203	0.110229594913372	23.4152543010442	0.935627004218076
56.025	8.3	0.923086104302496	0.57091296180995	0.102471551181805	23.3346771234308	0.938468883441997
56.175	8.3	0.917978070474443	0.569397334190711	0.0964143722475534	23.2545190861	0.934382456379554
56.325	8.3	0.906736637280134	0.569229730678315	0.0915925471719574	23.1750666594972	0.925389309824107
56.475	8.3	0.891361347058053	0.570182469361355	0.0876609916259788	23.0964913538183	0.913089077646442
56.625	8.3	0.873380881158858	0.572085125594061	0.0843600113405587	23.0188784439848	0.898704704927086
56.775	8.3	0.853926326841397	0.574808357096803	0.0814926500400969	22.9422506756207	0.883141061473118
56.925	8.3	0.833803436480071	0.578252951792171	0.0789103422276985	22.8665873851952	0.867042749184057
57.075	8.3	0.813558611782459	0.582342334264796	0.0765036904656992	22.7918396669064	0.850846889425967
57.225	8.3	0.793537808978446	0.587017279361282	0.0741960558269678	22.7179421360875	0.834830247182756
57.375	8.3	0.773938436131307	0.592231966407919	0.0719384415375153	22.6448217327769	0.819150748905046
57.525	8.3	0.754854072386743	0.5979508112753	0.0697048235176162	22.5724039584443	0.803883257909394
57.675	8.3	0.736311606429099	0.604145754509512	0.0674875949414633	22.500616938905	0.789049285143279
57.825	8.3	0.718300501050651	0.610793863990702	0.0652931218396457	22.4293937257283	0.774640400840521
57.975	8.3	0.700794288336322	0.617875229683941	0.063137564511701	22.3586732578145	0.760635430669058
58.125	8.3	0.683764901865113	0.625371190938828	0.0610431466207207	22.2884003882984	0.747011921492091
58.275	8.3	0.66719088760151	0.6332629546242	0.0590350044102022	22.218525337317	0.733752710081208
58.425	8.3	0.651060803026786	0.641530649584232	0.0571386715422557	22.1490028655528	0.720848642421429
58.575	8.3	0.635373187786129	0.650152833661659	0.0553781841458143	22.0797913879689	0.708298550228903
58.725	8.3	0.620134395377274	0.659106435232887	0.0537747416848791	22.0108521726991	0.696107516301819
58.875	8.3	0.60535536800409	0.668367079607396	0.0523458345562371	21.9421487048855	0.684284294403272
59.025	8.3	0.591048174561857	0.677909726286845	0.0511047438749317	21.8736462440568	0.672838539649486
59.175	8.3	0.577222864808927	0.687709527975423	0.0500603254360874	21.80531156781	0.661778291847141
59.325	8.3	0.563884955961394	0.697742816619728	0.0492170019321139	21.7371128730427	0.651107964769115
59.475	8.3	0.551033680238323	0.707988124702482	0.048574900794199	21.6690197962306	0.640826944190659
59.625	8.3	0.538660989018178	0.718427159828105	0.0481300872270036	21.6010035130989	0.630928791214542
59.775	8.3	0.526751227508623	0.729045665255226	0.0478748523431834	21.5330368823718	0.621400982006899
59.925	8.3	0.51528135396952	0.739834116284667	0.0477980248455279	21.4650946054026	0.612225083175616
60.075	8.3	0.504221568251972	0.750788220277986	0.0478852818391162	21.3971533813572	0.603377254601577
60.225	8.3	0.493536224698467	0.761909204864981	0.048119440513892	21.32919204486	0.594828979758773
60.375	8.3	0.483184924988753	0.773203893363041	0.048480717940874	21.2611916788564	0.586547939991002
60.525	8.3	0.473123710368486	0.784684577814793	0.0489469512669395	21.1931356996053	0.578498968294789
60.675	8.3	0.463306295311464	0.796368708049637	0.0494937752618222	21.1250099132444	0.570645036249171
60.825	8.3	0.453685303550356	0.808278419874902	0.0500947584997533	21.0568025445222	0.562948242840284
60.975	8.3	0.444213481631264	0.820439927244127	0.0507215034679897	20.9885042383849	0.555370785305011
61.125	8.3	0.434844874796759	0.832882802574331	0.0513437196287535	20.9201080345141	0.547875899837407
61.275	8.3	0.425535955730304	0.845639166879194	0.0519292820235104	20.8516093139076	0.540428764584243
61.425	8.3	0.416246699339741	0.858742807638471	0.0524442915716514	20.7830057154405	0.532997359471793
61.575	8.3	0.406941597083318	0.872228237839306	0.0528531570495056	20.7142970192251	0.525553277666654
61.725	8.3	0.397590602874761	0.886129704774548	0.0531187231647925	20.645484992658	0.518072482299809
61.875	8.3	0.388169999549746	0.900480152190063	0.0532024744964055	20.5765731944859	0.510535999639797
62.025	8.3	0.37866317011054	0.915310134302779	0.0530648515247352	20.5075667322602	0.502930536088432
62.175	8.3	0.369061251106886	0.930646675066633	0.0526657223237008	20.4384719695246	0.495249000885509
62.325	8.3	0.359363636093095	0.946512060897195	0.0519650607320582	20.3692961814572	0.487490908874476
62.475	8.3	0.349578284884473	0.962922550269285	0.0509238867570442	20.3000471620746	0.479662627907578
62.625	8.3	0.339721779792557	0.979886980261956	0.0495055236262081	20.2307327931753	0.471777423834045
62.775	8.3	0.329819054990857	0.997405250453905	0.0476772123274968	20.1613605955138	0.463855243992686
62.925	8.3	0.3199027136367	1.01546667223385	0.0454120909710781	20.0919372964307	0.45592217090936
63.075	8.3	0.310011846158635	1.03404819156167	0.042691484927177	20.0224684646045	0.448009476926908
63.225	8.3	0.300190282051216	1.05311253073235	0.0395073594561111	19.952958279603	0.440152225640972
63.375	8.3	0.290484258600476	1.07260635266593	0.0358646627621617	19.8834095173267	0.432387406880381
63.525	8.3	0.280939584577934	1.09245862617436	0.0317831524300628	19.8138238357711	0.424751667662348
63.675	8.3	0.271598520653372	1.11257944866316	0.0272981906655399	19.7442024303286	0.417278816522698
63.825	8.3	0.262496784799645	1.13285963437839	0.0224599731215737	19.6745470850811	0.409997427839716
63.975	8.3	0.253661291089385	1.15317136251399	0.0173307927252722	19.6048615694668	0.402929032871508
64.125	8.3	0.245109384513173	1.1733700640588	0.0119802898517562	19.5351532185289	0.396087507610538
64.275	8.3	0.236850350434267	1.19329749779244	0.00647920911837861	19.465434402211	0.389480280347414
64.425	8.3	0.228889731872677	1.21278568209309	0.000892893316609818	19.395723465333	0.383111785498142
64.575	8.3	0.221236368573189	1.23166112194614	-0.00472358581157991	19.3260446557805	0.376989094858551
64.725	8.3	0.213911008075643	1.24974878146265	-0.0103264087144578	19.25642662187	0.371128806460514
64.875	8.3	0.20695387037925	1.26687569804202	-0.0158781378172853	19.186899323686	0.3655630963034
65.025	8.3	0.200426910246685	1.28287511442628	-0.0213362482004764	19.117489721025	0.360341528197348
65.175	8.3	0.194405206174981	1.29759337813687	-0.0266365745265988	19.0482173699176	0.355524164939985
65.325	8.3	0.188951629285355	1.31090318192181	-0.0316762349073618	18.9790919803641	0.351161303428284
65.475	8.3	0.184070587329978	1.32272708857919	-0.0363034711136992	18.9101158289052	0.347256469863982
65.625	8.3	0.179640973618872	1.33307359398712	-0.0403228011764627	18.8412943185491	0.343712778895097
65.775	8.3	0.175335808205257	1.34208362929779	-0.0435209823707118	18.772657500064	0.340268646564205
65.925	8.3	0.170545978346328	1.35007941479851	-0.0457121102964203	18.704293624511	0.336436782677062
66.075	8.3	0.164336534730279	1.35760309692406	-0.0467916282626373	18.6363925876589	0.331469227784223
66.225	8.3	0.15547384359825	1.36543322854104	-0.046784895435383	18.5692925294553	0.3243790748786
66.375	8.3	0.142567507157108	1.3745732106416	-0.0458811765702969	18.5035171974109	0.314054005725686
66.525	8.3	0.124368676901632	1.38621103874512	-0.0444581592621943	18.4397854625626	0.299494941521305
66.675	8.3	0.100251302655916	1.40163948027233	-0.0431191519646573	18.3789682392122	0.280201042124733
66.825	8.3	0.0708674242712338	1.42206813248271	-0.0427721951941655	18.3219632096428	0.256693939416987
66.975	8.3	0.0388995700523788	1.44806328182906	-0.0447368868607806	18.2694573578953	0.231119656041903
67.125	8.3	0.00971541640313949	1.47781066520769	-0.0506317106912233	18.2215604433531	0.207772333122512
67.275	8.3	-0.00844307949819077	1.50285388519572	-0.0612087406597389	18.1773429069456	0.193245536401447
67.425	8.3	-0.00524479355726888	1.50444534127603	-0.0736227327411819	18.1344345017971	0.195804165154185
67.575	8.3	0.0296184153350845	1.46573088591807	-0.0812527295086021	18.0889699077222	0.223694732268068
67.725	8.3	0.103201244556119	1.39344079944141	-0.0802591927882853	18.0360716183633	0.282560995644896
67.875	8.3	0.215733629198437	1.30961941770224	-0.0729623810103676	17.9708503018196	0.37258690335875
68.025	8.3	0.358156059075536	1.23038758942751	-0.0634129557750279	17.8896875053323	0.486524847260429
68.175	8.3	0.513071073159607	1.16218639637353	-0.0540852739332276	17.7912660616082	0.610456858527686
68.325	8.3	0.660304334234131	1.10586178161524	-0.0458925459842094	17.6768481083584	0.728243467387305
68.475	8.3	0.784199539487561	1.05984692964604	-0.038982217545101	17.5496650761107	0.827359631590049
68.625	8.3	0.877679409288202	1.02200678768463	-0.0332387615839802	17.4137857387721	0.902143527430561
68.775	8.3	0.941445152944033	0.990522336731803	-0.028493278864889	17.2730660335496	0.953156122355226
68.925	8.3	0.980672888779955	0.96408453543282	-0.0245888436366632	17.1305490098846	0.984538311023964
69.075	8.3	1.00191286774259	0.941775716039096	-0.0213923576116351	16.9883125854775	1.00153029419407
69.225	8.3	1.01123222156418	0.922913035024711	-0.0187915098570614	16.847583936887	1.00898577725134
69.375	8.3	1.01344810805799	0.906948170285159	-0.0166897469977786	16.7089507476704	1.01075848644639
69.525	8.3	1.01200083181396	0.893419897934811	-0.0150025458011697	16.5725722689087	1.00960066545117
69.675	8.3	1.00912176816818	0.881934864518873	-0.0136553630604749	16.438351550612	1.00729741453454
69.825	8.3	1.00610294238385	0.872158856009115	-0.0125828358906322	16.3060610562493	1.00488235390708
69.975	8.3	1.00357347698012	0.863810458214447	-0.0117286078767149	16.1754264373353	1.0028587815841
70.125	8.3	1.00173940193528	0.856654703719759	-0.0110452216596172	16.046177085141	1.00139152154822
70.275	8.3	1.00056979257227	0.850496599283762	-0.0104937362320083	15.9180724101601	1.00045583405782
70.425	8.3	0.999927200412699	0.845174949059515	-0.0100429764897418	15.7909117997452	0.999941760330159
70.575	8.3	0.999649092726196	0.840556780482138	-0.00966850180743664	15.6645346922388	0.999719274180957
70.725	8.3	0.999591285378325	0.83653248457575	-0.00935145388291957	15.5388155553808	0.99967302830266
70.875	8.3	0.999645205687546	0.833011662137079	-0.00907743395277678	15.4136570035824	0.999716164550037
71.025	8.3	0.999739418695946	0.82991961999239	-0.00883550903674506	15.2889829881934	0.999791534956757
71.175	8.3	0.999833356146035	0.827194450168985	-0.00861739172738165	15.1647330203346	0.999866684916828
71.325	8.3	0.999908522573878	0.824784623950703	-0.00841679648204662	15.0408577363722	0.999926818059102
71.475	8.3	0.999960175722774	0.822647033210966	-0.00822895154401911	14.9173157409309	0.999968140578219
71.625	8.3	0.999990815901494	0.820745412405107	-0.0080502362984138	14.7940714891054	0.999992652721195
71.775	8.3	1.00000577023361	0.819049077375035	-0.00787791375845237	14.6710939262611	1.00000461618689
71.925	8.3	1.00001060480662	0.817531922193747	-0.00770993232828745	14.548355631605	1.00000848384529
72.075	8.3	1.00000988754848	0.816171622208223	-0.00754477685275579	14.425832268835	1.00000791003879
72.225	8.3	1.00000681761905	0.814948999336039	-0.00738135450212146	14.3035022081332	1.00000545409524
72.375	8.3	1.00000332743589	0.81384751364717	-0.00721890552102923	14.1813462355658	1.00000266194871
72.525	8.3	1.0000003821784	0.812852852659734	-0.00705693215587275	14.0593473040864	1.00000030574272
72.675	8.3	0.999998310630307	0.811952596213692	-0.00689514131752853	13.9374903051831	0.999998648504246
72.825	8.3	0.999997084458904	0.811135940101633	-0.0067333979861551	13.8157618543987	0.999997667567123
72.975	8.3	0.999996517952315	0.8103934658418	-0.00657168726592576	13.6941500906988	0.999997214361852
73.125	8.3	0.999996391185841	0.809716947186413	-0.00641008354806049	13.5726444918541	0.999997112948673
73.275	8.3	0.999996513296442	0.809099186330946	-0.00624872557991159	13.451235707819	0.999997210637153
73.425	8.3	0.999996745543609	0.808533874503363	-0.0060877964592502	13.3299154129827	0.999997396434887
73.575	8.3	0.999997001282107	0.808015472832873	-0.00592750772865647	13.2086761769544	0.999997601025686
73.725	8.3	0.999997235362364	0.807539110262486	-0.00576808686753108	13.0875113526191	0.999997788289891
73.875	8.3	0.999997430837512	0.807100495892241	-0.00560976758152995	12.9664149796507	0.99999794467001
74.025	8.3	0.999997587136593	0.806695843596961	-0.00545278237944662	12.8453817014696	0.999998069709274
74.175	8.3	0.999997711314368	0.806321807112666	-0.00529735700718134	12.7244066936781	0.999998169051494
74.325	8.3	0.999997812491708	0.805975424063852	-0.00514370637903038	12.6034856021936	0.999998249993367
74.475	8.3	0.999997898890097	0.805654067632282	-0.00499203170766452	12.4826144895536	0.999998319112078
74.625	8.3	0.999997976658944	0.805355404761277	-0.00484251858719199	12.3617897881223	0.999998381327155
74.775	8.3	0.999998049763043	0.805077359953234	-0.00469533582790112	12.2410082591596	0.999998439810434
74.925	8.3	0.999998120378272	0.804818083860576	-0.00455063487902783	12.1202669569088	0.999998496302618
75.075	8.3	0.999998189438799	0.804575925989152	-0.00440854970634818	11.9995631970107	0.999998551551039
75.225	8.3	0.99999825714149	0.804349410937589	-0.0042691970171995	11.8788945286745	0.999998605713192
75.375	8.3	0.999998323327246	0.804137217682022	-0.00413267674586155	11.7582587101218	0.999998658661797
75.525	8.3	0.999998387727759	0.803938161489409	-0.00399907272960649	11.6376536868979	0.999998710182207
75.675	8.3	0.999998450100013	0.803751178104039	-0.00386845351932462	11.5170775726947	0.99999876008001
75.825	8.3	0.999998510281779	0.803575309903899	-0.00374087327988657	11.39652863238	0.999998808225424
75.975	8.3	0.999998568199594	0.803409693767015	-0.00361637274485788	11.2760052669624	0.999998854559675
76.125	8.3	0.999998623853367	0.803253550424216	-0.00349498019739262	11.1555060002592	0.999998899082694
76.275	8.3	0.999998677293516	0.803106175106107	-0.00337671245564286	11.0350294670591	0.999998941834813
76.425	8.3	0.999998728599402	0.802966929318553	-0.00326157584578904	10.9145744025995	0.999998982879521
76.575	8.3	0.999998777862871	0.802835233602484	-0.00314956714998109	10.7941396332012	0.999999022290297
76.725	8.3	0.999998825177523	0.802710561154282	-0.00304067451994598	10.6737240679211	0.999999060142018
76.875	8.3	0.999998870632863	0.802592432198451	-0.0029348783494702	10.5533266911023	0.99999909650629
77.025	8.3	0.999998914311906	0.802480409018809	-0.00283215210142356	10.4329465557165	0.999999131449525
77.175	8.3	0.99999895629088	0.802374091566854	-0.00273246308645612	10.3125827774054	0.999999165032704
77.325	8.3	0.999998996639986	0.802273113576177	-0.00263577319201765	10.19223452914	0.999999197311989
77.475	8.3	0.999999035424477	0.802177139121054	-0.002542039561538	10.0719010364279	0.999999228339582
77.625	8.3	0.99999907270571	0.802085859565398	-0.00245121522398881	9.95158157300516	0.999999258164568
77.775	8.3	0.999999108541954	0.801998990854703	-0.00236324967536401	9.83127545695795	0.999999286833563
77.925	8.3	0.999999142988966	0.801916271110114	-0.00227808941335897	9.71098204722705	0.999999314391173
78.075	8.3	0.999999176100341	0.801837458488555	-0.00219567842737529	9.59070074045141	0.999999340880273
78.225	8.3	0.999999207927711	0.801762329277148	-0.00211595864594776	9.47043096811418	0.999999366342169
78.375	8.3	0.999999238520841	0.801690676194701	-0.00203887034403057	9.35017219395801	0.999999390816673
78.525	8.3	0.999999267927685	0.801622306875848	-0.0019643525122668	9.22992391164062	0.999999414342148
78.675	8.3	0.999999296194414	0.80155704251666	-0.00189234319099058	9.10968564260486	0.999999436955532
78.825	8.3	0.999999323365457	0.801494716663065	-0.00182277977102038	8.98945693414059	0.999999458692366
78.975	8.3	0.999999349483529	0.801435174125701	-0.00175559926385961	8.86923735761818	0.999999479586823
79.125	8.3	0.99999937458969	0.801378270006895	-0.00169073854335744	8.74902650687594	0.999999499671752
79.275	8.3	0.999999398723391	0.801323868826816	-0.00162813456114039	8.62882399674553	0.999999518978713
79.425	8.3	0.999999421922533	0.801271843738054	-0.00156772453787121	8.50862946170148	0.999999537538027
79.575	8.3	0.999999444223526	0.801222075818323	-0.00150944613226004	8.38844255462229	0.999999555378821
79.725	8.3	0.99999946566135	0.801174453432953	-0.00145323758972254	8.26826294565208	0.99999957252908
79.875	8.3	0.999999486269613	0.801128871659436	-0.00139903787240798	8.14809032115292	0.99999958901569
80.025	8.3	0.999999506080604	0.801085231767042	-0.00134678677233564	8.02792438273913	0.999999604864483
80.175	8.3	0.99999952512535	0.801043440745932	-0.00129642500896352	7.90776484638572	0.99999962010028
80.325	8.3	0.999999543433659	0.801003410880027	-0.00124789431284216	7.78761144160393	0.999999634746928
80.475	8.3	0.999999561034176	0.800965059359334	-0.00120113749645541	7.66746391067776	0.999999648827341
80.625	8.3	0.999999577954424	0.800928307927356	-0.00115609851364498	7.54732200795591	0.999999662363539
80.775	8.3	0.999999594220851	0.800893082560039	-0.00111272250859793	7.42718549919397	0.999999675376681
80.925	8.3	0.999999609858867	0.800859313172815	-0.00107095585553721	7.30705416094269	0.999999687887094
81.075	8.3	0.999999624892894	0.800826933353126	-0.00103074619001749	7.18692777997811	0.999999699914315
81.225	8.3	0.999999639346393	0.800795880115639	-0.000992042432701876	7.06680615277	0.999999711477114
81.375	8.3	0.999999653241913	0.800766093677881	-0.000954794806409391	6.94668908498543	0.999999722593531
81.525	8.3	0.999999666601128	0.800737517254378	-0.000918954847237973	6.82657639102455	0.999999733280903
81.675	8.3	0.99999967944487	0.800710096867406	-0.000884475410305354	6.70646789358584	0.999999743555896
81.825	8.3	0.999999691793155	0.800683781172762	-0.000851310670871454	6.58636342325871	0.999999753434524
81.975	8.3	0.999999703665212	0.800658521299007	-0.000819416121268749	6.46626281814105	0.99999976293217
82.125	8.3	0.999999715079501	0.800634270699133	-0.000788748564211164	6.34616592347994	0.999999772063601
82.275	8.3	0.999999726053731	0.800610985013273	-0.000759266102961685	6.22607259133378	0.999999780842985
82.425	8.3	0.999999736604905	0.800588621941466	-0.000730928128719089	6.10598268025417	0.999999789283924
82.575	8.3	0.999999746749391	0.800567141125703	-0.000703695305671901	5.98589605498619	0.999999797399513
82.725	8.3	0.999999756503011	0.800546504040184	-0.000677529554023556	5.86581258618567	0.999999805202409
82.875	8.3	0.999999765881117	0.800526673889267	-0.000652394031296216	5.74573215015234	0.999999812704894
83.025	8.3	0.999999774898589	0.80050761551224	-0.000628253112239346	5.62565462857773	0.999999819918871
83.175	8.3	0.999999783569676	0.800489295294502	-0.000605072367560044	5.50557990830691	0.99999982685574
83.325	8.3	0.99999979190769	0.800471681084462	-0.000582818541739234	5.38550788111299	0.999999833526152
83.475	8.3	0.999999799924681	0.800454742115784	-0.000561459530124234	5.26543844348392	0.999999839939745
83.625	8.3	0.999999807631432	0.800438448934473	-0.000540964355474545	5.14537149642038	0.999999846105145
83.775	8.3	0.999999815038165	0.800422773330234	-0.000521303144179885	5.02530694524439	0.999999852030532
83.925	8.3	0.99999982215616	0.800407688271917	-0.000502447102249446	4.90524469941772	0.999999857724928
84.075	8.3	0.999999828999791	0.80039316784637	-0.000484368491247724	4.78518467236952	0.999999863199832
84.225	8.3	0.999999835587514	0.800379187200612	-0.000467040604284325	4.6651267813327	0.999999868470011
84.375	8.3	0.999999841939581	0.800365722487164	-0.000450437742181339	4.54507094718873	0.999999873551665
84.525	8.3	0.999999848070787	0.8003527508127	-0.000434535189905804	4.42501709432083	0.999999878456629
84.675	8.3	0.999999853979454	0.800340250190072	-0.000419309193381129	4.30496515047557	0.999999883183564
84.825	8.3	0.99999985963899	0.800328199493532	-0.000404736936715677	4.1849150466326	0.999999887711192
84.975	8.3	0.99999986500343	0.800316578416096	-0.000390796519956206	4.06486671688128	0.999999892002744
85.125	8.3	0.999999870038416	0.800305367427075	-0.000377466937406578	3.94482009830212	0.999999896030733
85.275	8.3	0.99999987477773	0.800294547727364	-0.000364728056546078	3.82477513085025	0.999999899822184
85.425	8.3	0.999999879380475	0.800284101201474	-0.000352560597636563	3.70473175723936	0.99999990350438
85.575	8.3	0.999999884133321	0.80027401036894	-0.000340946114062429	3.58468992282862	0.999999907306657
85.725	8.3	0.999999889329421	0.800264258343392	-0.000329866973504417	3.46464957552075	0.999999911463536
85.875	8.3	0.999999894994632	0.800254828811246	-0.000319306340011123	3.34461066568446	0.999999915995706
86.025	8.3	0.999999900546855	0.800245706038642	-0.000309248157023015	3.22457314611155	0.999999920437484
86.175	8.3	0.999999904643662	0.800236874899002	-0.000299677131333413	3.1045369720026	0.999999923714929
86.325	8.3	0.999999905595445	0.800228320885101	-0.00029057871777335	2.98450210094515	0.999999924476356
86.475	8.3	0.999999902618643	0.800220030042686	-0.000281939104454238	2.86446849281639	0.999999922094914
86.625	8.3	0.999999897706591	0.800211988764712	-0.000273745198361124	2.74443610954052	0.999999918165273
86.775	8.3	0.999999897018538	0.8002041834506	-0.000265984611631266	2.62440491469392	0.999999917614831
86.925	8.3	0.999999909836762	0.800196600174105	-0.000258645649337855	2.50437487309802	0.99999992786941
87.075	8.3	0.999999943187721	0.800189224669128	-0.000251717300356182	2.3843459507244	0.999999954550177
87.225	8.3	0.999999992201486	0.800182043003531	-0.000245189232753835	2.26431811532489	0.999999993761189
87.375	8.3	1.00000003057389	0.80017504308036	-0.000239051793666443	2.14429133798598	1.00000002445911
87.525	8.3	1.0000000106566	0.800168216459901	-0.000233296010109154	2.02426559514008	1.00000000852528
87.675	8.3	0.999999884694476	0.800161559070653	-0.000227913582994051	1.90424086955586	0.999999907755581
87.825	8.3	0.999999651773656	0.800155068748298	-0.000222896864459507	1.78421714805764	0.999999721418925
87.975	8.3	0.999999415203426	0.800148738185596	-0.00021823881355007	1.66419441423829	0.999999532162741
88.125	8.3	0.999999406351258	0.800142544693751	-0.000213932941230607	1.54417263727467	0.999999525081006
88.275	8.3	0.999999910989743	0.800136443010415	-0.000209973280687606	1.42415176313571	0.999999928791794
88.425	8.3	1.0000010532119	0.800130371907747	-0.000206354439468651	1.30413171970017	1.00000084256952
88.575	8.3	1.00000247817375	0.800124284720854	-0.000203071779869266	1.18411244747773	1.000001982539
88.725	8.3	1.00000312439111	0.800118202545934	-0.000200121703781197	1.06409395648994	1.00000249951289
88.875	8.3	1.00000141800845	0.800112265012763	-0.000197501880958143	0.944076384753776	1.00000113440676
89.025	8.3	0.999996206342637	0.800106725678868	-0.000195211107095717	0.82406000262089	0.999996965074109
89.175	8.3	0.999988401921135	0.800101829826729	-0.000193248443184043	0.70404509337585	0.999990721536908
89.325	8.3	0.999982573210385	0.80009755331692	-0.000191611556592185	0.584031678546086	0.999986058568308
89.475	8.3	0.999986849766656	0.800093292394159	-0.000190294876937905	0.464019171399674	0.999989479813324
89.625	8.3	1.00000920288425	0.800087751011421	-0.000189289142258992	0.344006213539233	1.0000073623074
89.775	8.3	1.00004939775946	0.800068869600297	-0.000188584534275075	0.22399107642211	1.00003951820757
89.925	8.3	1.0000893306712	0.400092698209753	-0.000188197676928723	0.103976065204337	1.00007146453696
0.075	8.5	2.81021699545444e-30	0.399999602514893	-2.49383558472806e-05	36.0880489681327	0.2
0.225	8.5	-6.39151228732461e-31	0.799998807071096	-2.49741765656985e-05	36.0640489919818	0.2
0.375	8.5	4.15001621836181e-30	0.799998010206049	-2.5045903489706e-05	36.0400490397084	0.2
0.525	8.5	-9.56830329246269e-30	0.799997210963565	-2.51537066590424e-05	36.0160491113694	0.2
0.675	8.5	-2.27598917000871e-30	0.79999640837469	-2.52978405694942e-05	35.9920492070506	0.2
0.825	8.5	-2.68670708051155e-29	0.7999956014541	-2.5478642186815e-05	35.968049326867	0.2
0.975	8.5	-1.12264821468698e-29	0.799994789193698	-2.56965314100049e-05	35.9440494709634	0.2
1.125	8.5	-3.58207890383495e-29	0.799993970560063	-2.59520078960439e-05	35.9200496395153	0.2
1.275	8.5	6.83857104005603e-30	0.799993144489092	-2.62456496062609e-05	35.8960498327298	0.2
1.425	8.5	1.26398392174353e-30	0.799992309883942	-2.65781117905354e-05	35.872050050846	0.2
1.575	8.5	8.64332234853797e-29	0.799991465610182	-2.69501242905895e-05	35.8480502941367	0.2
1.725	8.5	9.553455392294e-29	0.79999061049387	-2.73624898641463e-05	35.8240505629094	0.2
1.875	8.5	1.92044427696377e-28	0.79998974331975	-2.78160826679137e-05	35.8000508575071	0.2
2.025	8.5	1.43585368670868e-28	0.799988862826841	-2.83118460302282e-05	35.7760511783102	0.2
2.175	8.5	1.49048017005321e-28	0.799987967709159	-2.88507918837754e-05	35.7520515257375	0.2
2.325	8.5	-7.5720430522578e-29	0.799987056612727	-2.94339984495316e-05	35.7280519002476	0.2
2.475	8.5	-2.42686747766688e-28	0.799986128134815	-3.00626101780237e-05	35.7040523023407	0.2
2.625	8.5	-6.37685121393739e-28	0.799985180822699	-3.07378370954678e-05	35.6800527325596	0.2
2.775	8.5	-8.08756498188371e-28	0.799984213173425	-3.14609542330405e-05	35.6560531914914	0.2
2.925	8.5	-1.02296950824962e-27	0.799983223631598	-3.22333016591408e-05	35.6320536797692	0.2
3.075	8.5	-6.76095271283037e-28	0.799982210590426	-3.30562859186334e-05	35.6080541980735	0.2
3.225	8.5	-1.55122068813887e-28	0.799981172389499	-3.39313798492743e-05	35.5840547471337	0.2
3.375	8.5	1.09719622632494e-27	0.799980107315364	-3.48601247686871e-05	35.5600553277301	0.2
3.525	8.5	2.26955438374836e-27	0.79997901359966	-3.58441317237675e-05	35.5360559406948	0.2
3.675	8.5	3.64674631168703e-27	0.799977889419017	-3.68850836249779e-05	35.5120565869141	0.2
3.825	8.5	3.88431996151547e-27	0.799976732893658	-3.79847378323655e-05	35.4880572673297	0.2
3.975	8.5	3.26681882203603e-27	0.799975542085984	-3.91449288658003e-05	35.4640579829405	0.2
4.125	8.5	5.27710705872578e-28	0.799974314999447	-4.03675713329649e-05	35.4400587348045	0.2
4.275	8.5	-3.01695651235134e-27	0.799973049576834	-4.16546631271315e-05	35.4160595240405	0.2
4.425	8.5	-7.55819432370726e-27	0.799971743698739	-4.30082894329312e-05	35.3920603518299	0.2
4.575	8.5	-1.01139694391134e-26	0.799970395181012	-4.44306266540964e-05	35.3680612194186	0.2
4.725	8.5	-1.03630776850509e-26	0.799969001772635	-4.59239455771498e-05	35.344062128119	0.2
4.875	8.5	-5.62322353974127e-27	0.799967561152501	-4.74906171550926e-05	35.3200630793122	0.2
5.025	8.5	1.41526876394312e-27	0.799966070928179	-4.91331149997978e-05	35.2960640744499	0.2
5.175	8.5	9.42393604499446e-27	0.799964528631209	-5.08540224408047e-05	35.2720651150566	0.2
5.325	8.5	1.05543471806044e-26	0.79996293171471	-5.2656034839219e-05	35.248066202732	0.2
5.475	8.5	1.99689010358702e-27	0.79996127754912	-5.4541966695369e-05	35.2240673391537	0.2
5.625	8.5	-2.03515564232876e-26	0.799959563418899	-5.65147555851988e-05	35.2000685260791	0.2
5.775	8.5	-4.52636271598733e-26	0.79995778651816	-5.85774674292385e-05	35.1760697653485	0.2
5.925	8.5	-5.61092033781461e-26	0.79995594394691	-6.07333026538245e-05	35.152071058888	0.2
6.075	8.5	-1.84145093115579e-26	0.799954032705466	-6.29856015589816e-05	35.1280724087117	0.2
6.225	8.5	9.22876181418235e-26	0.799952049691304	-6.53378493370221e-05	35.1040738169256	0.2
6.375	8.5	2.87075650699415e-25	0.79994999169184	-6.77936831719583e-05	35.0800752857303	0.2
6.525	8.5	5.14738686559954e-25	0.799947855381401	-7.0356897089257e-05	35.0560768174241	0.2
6.675	8.5	6.61547025083909e-25	0.799945637314619	-7.30314494193456e-05	35.0320784144074	0.2
6.825	8.5	5.2664000323022e-25	0.799943333920958	-7.58214682194068e-05	35.0080800791853	0.2
6.975	8.5	-1.01722005460075e-25	0.799940941498794	-7.87312585815633e-05	34.9840818143721	0.2
7.125	8.5	-1.36724027581232e-24	0.799938456209838	-8.17653091834446e-05	34.9600836226953	0.2
7.275	8.5	-3.14331286143939e-24	0.799935874071262	-8.49282992408813e-05	34.9360855069995	0.2
7.425	8.5	-4.89140346008888e-24	0.799933190951216	-8.82251065146503e-05	34.912087470251	0.2
7.575	8.5	-5.51966026665976e-24	0.799930402559911	-9.16608129056757e-05	34.8880895155425	0.2
7.725	8.5	-3.54507090911324e-24	0.799927504444055	-9.52407153973919e-05	34.8640916460974	0.2
7.875	8.5	2.48637124599003e-24	0.799924491978212	-9.89703304861323e-05	34.8400938652758	0.2
8.025	8.5	1.3055829172625e-23	0.799921360358678	-0.000102855405498117	34.8160961765787	0.2
8.175	8.5	2.65310778199901e-23	0.799918104593004	-0.000106901924806081	34.7920985836543	0.2
8.325	8.5	3.79890090576993e-23	0.799914719494754	-0.000111116120847288	34.7681010903032	0.2
8.475	8.5	3.89615038999776e-23	0.799911199672883	-0.000115504481590796	34.7441037004846	0.2
8.625	8.5	1.87768005745311e-23	0.799907539522974	-0.000120073760856879	34.7201064183228	0.2
8.775	8.5	-3.13794163710716e-23	0.799903733218805	-0.000124830988252956	34.6961092481132	0.2
8.925	8.5	-1.11771386863411e-22	0.799899774702171	-0.000129783478674679	34.6721121943297	0.2
9.075	8.5	-2.05664765315662e-22	0.799895657672974	-0.000134938843724529	34.6481152616311	0.2
9.225	8.5	-2.72692708819613e-22	0.799891375578987	-0.00014030500239187	34.6241184548693	0.2
9.375	8.5	-2.4924741789318e-22	0.799886921604531	-0.000145890191862496	34.6001217790964	0.2
9.525	8.5	-6.30459973731603e-23	0.799882288659843	-0.000151702979841	34.576125239573	0.2
9.675	8.5	3.33208689122362e-22	0.799877469369104	-0.000157752276284882	34.5521288417768	0.2
9.825	8.5	9.09988380704939e-22	0.799872456058386	-0.000164047346292737	34.5281325914109	0.2
9.975	8.5	1.50496364201641e-21	0.799867240742527	-0.000170597822696814	34.5041364944133	0.2
10.125	8.5	1.79273656994525e-21	0.799861815112259	-0.000177413720004199	34.4801405569663	0.2
10.275	8.5	1.32449160284434e-21	0.799856170521051	-0.000184505447675297	34.4561447855065	0.2
10.425	8.5	-3.20007564266109e-22	0.799850297969075	-0.000191883824783143	34.4321491867351	0.2
10.575	8.5	-3.2544469442296e-21	0.799844188090516	-0.000199560094872074	34.4081537676284	0.2
10.725	8.5	-6.93540540444841e-21	0.799837831136066	-0.000207545941002111	34.3841585354496	0.2
10.875	8.5	-9.88568644914339e-21	0.799831216957681	-0.000215853501872971	34.3601634977602	0.2
11.025	8.5	-9.72889148714075e-21	0.799824334991272	-0.000224495387679182	34.3361686624322	0.2
11.175	8.5	-3.79579600433041e-21	0.799817174239576	-0.000233484697531812	34.3121740376607	0.2
11.325	8.5	9.54494570660507e-21	0.799809723252899	-0.000242835036176853	34.2881796319778	0.2
11.475	8.5	2.89829545675422e-20	0.799801970110018	-0.000252560532205478	34.2641854542656	0.2
11.625	8.5	4.84160372552736e-20	0.799793902399311	-0.000262675855992843	34.2401915137712	0.2
11.775	8.5	5.63117158023354e-20	0.799785507195935	-0.000273196238959445	34.2161978201216	0.2
11.925	8.5	3.77475450216383e-20	0.799776771041496	-0.000284137493364778	34.1922043833394	0.2
12.075	8.5	-1.97034553046469e-20	0.799767679919432	-0.000295516031013855	34.1682112138591	0.2
12.225	8.5	-1.16313658709675e-19	0.799758219233014	-0.000307348885328514	34.1442183225443	0.2
12.375	8.5	-2.29197899884685e-19	0.799748373779206	-0.000319653731280883	34.1202257207052	0.2
12.525	8.5	-3.05303639667239e-19	0.799738127722393	-0.000332448906963834	34.0962334201175	0.2
12.675	8.5	-2.66208862573295e-19	0.799727464567705	-0.000345753436624598	34.0722414330418	0.2
12.825	8.5	-3.23261855139467e-20	0.799716367131846	-0.000359587051624424	34.0482497722434	0.2
12.975	8.5	4.30508960585818e-19	0.799704817512856	-0.000373970215254636	34.0242584510139	0.2
13.125	8.5	1.05003653887699e-18	0.799692797060205	-0.000388924145132459	34.0002674831927	0.2
13.275	8.5	1.59556480857277e-18	0.799680286339681	-0.00040447083742836	33.9762768831903	0.2
13.425	8.5	1.67424960470448e-18	0.799667265100984	-0.000420633091427856	33.9522866660123	0.2
13.575	8.5	8.20822325775579e-19	0.799653712240406	-0.000437434534378452	33.9282968472842	0.2
13.725	8.5	-1.28907766658115e-18	0.799639605763513	-0.000454899646179017	33.9043074432779	0.2
13.875	8.5	-4.51915928799393e-18	0.799624922745191	-0.000473053785827392	33.8803184709384	0.2
14.025	8.5	-7.94188002704928e-18	0.79960963928792	-0.000491923216031194	33.8563299479132	0.2
14.175	8.5	-9.68496747690676e-18	0.79959373047892	-0.000511535130299194	33.8323418925811	0.2
14.325	8.5	-7.20467925121607e-18	0.799577170342271	-0.000531917678383724	33.8083543240844	0.2
14.475	8.5	1.79564790359371e-18	0.79955993179229	-0.00055309999243333	33.7843672623606	0.2
14.625	8.5	1.77736741883761e-17	0.79954198658259	-0.000575112213594889	33.7603807281769	0.2
14.775	8.5	3.74308003804364e-17	0.799523305250733	-0.000597985518327366	33.7363947431657	0.2
14.925	8.5	5.23233440418128e-17	0.799503857064979	-0.000621752143343549	33.7124093298618	0.2
15.075	8.5	4.93028314212221e-17	0.799483609961969	-0.000646445412294793	33.6884245117418	0.2
15.225	8.5	1.41575642704024e-17	0.799462530486375	-0.000672099760042865	33.6644403132641	0.2
15.375	8.5	-6.08566814312237e-17	0.799440583723611	-0.000698750757912717	33.6404567599126	0.2
15.525	8.5	-1.66613645941287e-16	0.799417733229892	-0.000726435137333364	33.6164738782407	0.2
15.675	8.5	-2.67480245859464e-16	0.799393940960073	-0.000755190811624935	33.5924916959188	0.2
15.825	8.5	-2.98879446182649e-16	0.799369167189602	-0.000785056898941082	33.5685102417831	0.2
15.975	8.5	-1.79939744756807e-16	0.799343370428771	-0.000816073741656384	33.5445295458874	0.2
16.125	8.5	1.52829752082888e-16	0.799316507341491	-0.000848282925708932	33.5205496395573	0.2
16.275	8.5	6.92127291497959e-16	0.799288532646953	-0.000881727295735205	33.4965705554469	0.200000000000001
16.425	8.5	1.30091404861057e-15	0.799259399024695	-0.000916450970960433	33.4725923275985	0.200000000000001
16.575	8.5	1.67812846083755e-15	0.799229057009732	-0.000952499356082219	33.4486149915055	0.200000000000001
16.725	8.5	1.39152836091176e-15	0.799197454880567	-0.000989919149588614	33.424638584178	0.200000000000001
16.875	8.5	1.80740014882056e-17	0.799164538542747	-0.00102875834993631	33.4006631442126	0.2
17.025	8.5	-2.59569446937877e-15	0.799130251402161	-0.00106906625603215	33.3766887118654	0.199999999999998
17.175	8.5	-6.00117316965232e-15	0.799094534230126	-0.00111089346362135	33.3527153291285	0.199999999999995
17.325	8.5	-8.87669861916212e-15	0.799057325021823	-0.00115429185819016	33.3287430398116	0.199999999999993
17.475	8.5	-9.03433706033202e-15	0.799018558842583	-0.00119931459961801	33.3047718896272	0.199999999999993
17.625	8.5	-3.94856118912716e-15	0.798978167661887	-0.00124601610202996	33.280801926281	0.199999999999997
17.775	8.5	8.04170433775902e-15	0.79893608018155	-0.00129445200652353	33.2568331995675	0.200000000000006
17.925	8.5	2.5971596895786e-14	0.798892221642978	-0.00134467914467672	33.2328657614701	0.200000000000021
18.075	8.5	4.44778326641873e-14	0.798846513627623	-0.00139675549332867	33.2088996662689	0.200000000000036
18.225	8.5	5.3059791751781e-14	0.798798873836396	-0.00145074011997875	33.1849349706525	0.200000000000042
18.375	8.5	3.7736481193231e-14	0.798749215857704	-0.0015066931158025	33.1609717338387	0.20000000000003
18.525	8.5	-1.37469081822405e-14	0.798697448910779	-0.00156467551609068	33.137010017701	0.199999999999989
18.675	8.5	-1.03089528361079e-13	0.798643477574318	-0.00162474920798888	33.113049886904	0.199999999999918
18.825	8.5	-2.10996879993137e-13	0.798587201489108	-0.00168697682008471	33.0890914090466	0.199999999999831
18.975	8.5	-2.89901765281626e-13	0.798528515037381	-0.00175142159699024	33.0651346548147	0.199999999999768
19.125	8.5	-2.6698815887333e-13	0.798467306994822	-0.0018181472529282	33.0411796981444	0.199999999999786
19.275	8.5	-6.49149374482735e-14	0.798403460152561	-0.00188721780521182	33.0172266163951	0.199999999999948
19.425	8.5	3.56277402811105e-13	0.798336850904796	-0.00195869738206483	32.9932754905353	0.200000000000285
19.575	8.5	9.42065374639598e-13	0.798267348801858	-0.00203265000674633	32.9693264053407	0.200000000000754
19.725	8.5	1.49149601267391e-12	0.798194816060301	-0.0021091393498181	32.945379449607	0.200000000001193
19.875	8.5	1.64583139052351e-12	0.79811910702876	-0.00218822845149131	32.9214347163768	0.200000000001317
20.025	8.5	9.60727243900769e-13	0.798040067603885	-0.0022699794062638	32.8974923031849	0.200000000000769
20.175	8.5	-9.06391985122251e-13	0.797957534589043	-0.00235445300987355	32.8735523123204	0.199999999999275
20.325	8.5	-3.90221883572058e-12	0.797871334991622	-0.00244170836205362	32.8496148511098	0.199999999996878
20.475	8.5	-7.25602874513079e-12	0.797781285251872	-0.00253180242036108	32.8256800322216	0.199999999994195
20.625	8.5	-9.29702435284855e-12	0.797687190392178	-0.00262478950208203	32.801747973996	0.199999999992562
20.775	8.5	-7.6427415799478e-12	0.797588843081207	-0.0027207207279316	32.7778188007999	0.199999999993886
20.925	8.5	2.23613874827942e-14	0.797486022603718	-0.00281964339822405	32.7538926434126	0.200000000000018
21.075	8.5	1.45136250790999e-11	0.79737849371767	-0.00292160030189849	32.7299696394437	0.200000000011611
21.225	8.5	3.33243758144122e-11	0.797266005397205	-0.00302662894178903	32.7060499337868	0.20000000002666
21.375	8.5	4.91493741024125e-11	0.797148289435973	-0.003134760677261	32.6821336791135	0.20000000003932
21.525	8.5	4.99369096652033e-11	0.797025058900167	-0.00324601976909894	32.6582210364112	0.20000000003995
21.675	8.5	2.18020200425548e-11	0.796896006412728	-0.00336042231736192	32.6343121755699	0.200000000017442
21.825	8.5	-4.43742420970351e-11	0.796760802242962	-0.00347797508617737	32.6104072760223	0.199999999964501
21.975	8.5	-1.43283430233525e-10	0.796619092180279	-0.00359867419682414	32.5865065274438	0.199999999885373
22.125	8.5	-2.45461368904657e-10	0.796470495165119	-0.00372250368058449	32.5626101305189	0.199999999803631
22.275	8.5	-2.93199757911134e-10	0.796314600646235	-0.00384943387345096	32.5387182977808	0.19999999976544
22.425	8.5	-2.09554926864582e-10	0.796150965630253	-0.00397941963739544	32.5148312545361	0.199999999832356
22.575	8.5	7.31937190002139e-11	0.795979111392619	-0.00411239838774562	32.4909492398831	0.200000000058555
22.725	8.5	5.65135205319866e-10	0.795798519801144	-0.00424828790791608	32.4670725078386	0.200000000452108
22.875	8.5	1.16123944023385e-09	0.795608629212691	-0.00438698392906579	32.443201328587	0.200000000928992
23.025	8.5	1.60074785467969e-09	0.79540882987458	-0.00452835745058208	32.4193359898641	0.200000001280598
23.175	8.5	1.4825907846546e-09	0.795198458763513	-0.00467225177921123	32.395476798489	0.200000001186073
23.325	8.5	3.77783052504123e-10	0.794976793766718	-0.00481847925943109	32.3716240820553	0.200000000302226
23.475	8.5	-1.94106871667569e-09	0.794743047103008	-0.00496681766128272	32.3477781907909	0.199999998447145
23.625	8.5	-5.1843424748569e-09	0.794496357867202	-0.00511700618867053	32.3239394995994	0.199999995852526
23.775	8.5	-8.25400785528957e-09	0.794235783583372	-0.0052687410536398	32.3001084103074	0.199999993396794
23.925	8.5	-9.17035134139977e-09	0.793960290671933	-0.00542167054989383	32.2762853541577	0.199999992663719
24.075	8.5	-5.45555622541702e-09	0.793668743743976	-0.00557538954168586	32.2524707946145	0.199999995635555
24.225	8.5	4.84361184155939e-09	0.793359893663091	-0.0057294332796592	32.2286652305723	0.200000003874889
24.375	8.5	2.15264275982437e-08	0.793032364281528	-0.00588327046209604	32.2048692000725	0.200000017221142
24.525	8.5	4.04221487358105e-08	0.792684637674429	-0.00603629548866257	32.1810832846183	0.200000032337719
24.675	8.5	5.2293897287601e-08	0.792315037530503	-0.0061878198972122	32.1573081141219	0.200000041835118
24.825	8.5	4.37565242695892e-08	0.791921710112693	-0.00633706302684776	32.1335443724225	0.200000035005219
24.975	8.5	1.47396548562505e-09	0.791502601948306	-0.00648314195095244	32.1097928031987	0.200000001179172
25.125	8.5	-7.98979686055392e-08	0.791055433240928	-0.0066250606590203	32.0860542160256	0.199999936081625
25.275	8.5	-1.87347191726805e-07	0.790577666096218	-0.00676169824231287	32.0623294923732	0.199999850122247
25.425	8.5	-2.80656888601494e-07	0.790066467112843	-0.00689179548231301	32.0386195916068	0.199999775474489
25.575	8.5	-2.91650794112806e-07	0.789518664764072	-0.00701393876756124	32.0149255575634	0.199999766679365
25.725	8.5	-1.39252539550494e-07	0.788930703047296	-0.00712653987597619	31.9912485269843	0.199999888597968
25.875	8.5	2.34282658936571e-07	0.788298593619867	-0.00722781012130008	31.9675897417471	0.200000187426127
26.025	8.5	8.08220456384768e-07	0.787617868289846	-0.00731572803640369	31.9439505670428	0.200000646576365
26.175	8.5	1.424648914481e-06	0.786883531486738	-0.00738800141648085	31.9203325168732	0.200001139719132
26.325	8.5	1.75745228634669e-06	0.786090007776302	-0.00744202707707148	31.8967372861057	0.200001405961829
26.475	8.5	1.35200633885739e-06	0.785231073189113	-0.00747485440423528	31.8731667848429	0.200001081605071
26.625	8.5	-2.24026067044097e-07	0.784299753118485	-0.00748316010218326	31.8496231669214	0.199999820779146
26.775	8.5	-3.10693723665821e-06	0.783288167431239	-0.00746323918255304	31.8261088418246	0.199997514450211
26.925	8.5	-6.78921985087415e-06	0.782187309507633	-0.00741100874471894	31.802626460946	0.199994568624119
27.075	8.5	-9.8334703618135e-06	0.780986763385613	-0.00732200523393092	31.7791788777601	0.199992133223711
27.225	8.5	-9.86915976305633e-06	0.779674391137098	-0.00719133456604234	31.7557690982973	0.19999210467219
27.375	8.5	-4.12779479402033e-06	0.778236053211484	-0.00701351492108071	31.7324002610274	0.199996697764165
27.525	8.5	9.30974852078653e-06	0.776655441419311	-0.0067821475900215	31.7090757060803	0.200007447798817
27.675	8.5	2.96332460794648e-05	0.774914085170958	-0.00648937998580665	31.6857991992302	0.200023706596864
27.825	8.5	5.13016206315965e-05	0.772991516716253	-0.00612520293357869	31.6625753497973	0.200041041296505
27.975	8.5	6.29527971374123e-05	0.770865447738106	-0.00567675428635415	31.639410190855	0.20005036223771
28.125	8.5	4.86545840910746e-05	0.768511648484538	-0.00512795736169443	31.6163117761804	0.200038923667273
28.275	8.5	-7.13254136090928e-06	0.765903103411212	-0.00445994060809765	31.5932905179584	0.199994293966911
28.425	8.5	-0.000110383592252113	0.763008045080533	-0.00365265743129278	31.5703589010562	0.199911693126198
28.575	8.5	-0.000245531898447791	0.759786737129548	-0.00268781527782775	31.5475302489101	0.199803574481242
28.725	8.5	-0.00036484420348054	0.75618743009758	-0.00155249670514161	31.5248164692797	0.199708124637216
28.875	8.5	-0.000386133953529454	0.752142677147526	-0.000241661060581438	31.5022252168484	0.199691092837176
29.025	8.5	-0.000207257262499514	0.747567885422473	0.00124374346758358	31.4797576113289	0.19983419419
29.175	8.5	0.000255946591512649	0.742363984259929	0.00290735597366643	31.4574083290527	0.20020475727321
29.325	8.5	0.00100830872572242	0.736424546002609	0.00478033845733604	31.4351701709458	0.200806646980578
29.475	8.5	0.00190273386664849	0.729644107708517	0.00695696941427669	31.4130446459016	0.201522187093319
29.625	8.5	0.00258417100202431	0.721919897412973	0.00963749139465911	31.3910583280303	0.202067336801619
29.775	8.5	0.00249190104210089	0.71313672653324	0.0131671613372426	31.3692817165853	0.201993520833681
29.925	8.5	0.000965358106610433	0.703127255469336	0.0180563695824709	31.3478436285618	0.200772286485288
30.075	8.5	-0.00251817758191156	0.691606101994874	0.0249594962802872	31.3269311765541	0.197985457934471
30.225	8.5	-0.00798813772003866	0.678081904132699	0.0345675877176758	31.3067652433177	0.193609489823969
30.375	8.5	-0.0145823502325341	0.661757071755237	0.0473246588982523	31.2875462490987	0.188334119813973
30.525	8.5	-0.0202356991177311	0.641452765702802	0.062852830880461	31.2693758126258	0.183811440705815
30.675	8.5	-0.0216010765837519	0.615705482502456	0.0791538790696298	31.2521743419961	0.182719138732998
30.825	8.5	-0.0143014809237539	0.58337105620148	0.0923048686216634	31.2356254599829	0.188558815260997
30.975	8.5	0.00648195468445788	0.544878511970916	0.0979292537393139	31.2191744154317	0.205185563747566
31.125	8.5	0.0451638458090222	0.503082030756384	0.0941787585358686	31.2020850985871	0.236131076647218
31.275	8.5	0.104741485144305	0.462195828669337	0.0830805837676785	31.1835364249624	0.283793188115444
31.425	8.5	0.1857012410749	0.425653632803698	0.068601676830497	31.1627346902616	0.34856099285992
31.575	8.5	0.285077953696601	0.395077365317301	0.0540641836063111	31.139026549103	0.428062362957281
31.725	8.5	0.396207446608107	0.370617597257848	0.0412262485028029	31.111999365097	0.516965957286486
31.875	8.5	0.50976374893204	0.351646413100701	0.0306318223743093	31.0815475448169	0.607810999145632
32.025	8.5	0.616021173168239	0.337243325185855	0.0221942046263164	31.0478789977892	0.692816938534591
32.175	8.5	0.707309460982984	0.32645746312799	0.0155902915993492	31.011453178388	0.765847568786387
32.325	8.5	0.779418490028182	0.3184413038905	0.0104561881076578	30.9728740014546	0.823534792022545
32.475	8.5	0.8315437175834	0.312506847078636	0.00646540418116001	30.9327789304967	0.86523497406672
32.625	8.5	0.865294744944797	0.308129369314972	0.00335132685181706	30.8917564453362	0.892235795955838
32.775	8.5	0.883526220674598	0.304922585302507	0.000906888465792031	30.8503017145703	0.906820976539679
32.925	8.5	0.889446155932578	0.302605754502484	-0.0010235631024289	30.8088033863643	0.911556924746063
33.075	8.5	0.886098505464112	0.300974386084372	-0.00255405257550825	30.7675490032749	0.90887880437129
33.225	8.5	0.876133270213536	0.29987823901348	-0.00376617741844399	30.7267386143131	0.900906616170829
33.375	8.5	0.86174406554705	0.29920616386664	-0.00471706286915828	30.686500316403	0.88939525243764
33.525	8.5	0.84468373351385	0.298876067088388	-0.00544601703887077	30.6469048518202	0.87574698681108
33.675	8.5	0.82630776726179	0.298828311169757	-0.00598001538039976	30.6079783718482	0.861046213809432
33.825	8.5	0.807623396827529	0.299021249901351	-0.00633815488274513	30.5697133560467	0.846098717462023
33.975	8.5	0.78933749364658	0.299427985460621	-0.00653517556965849	30.5320779230376	0.831469994917264
34.125	8.5	0.771902762936163	0.300033752498051	-0.00658411243900009	30.4950237403819	0.817522210348931
34.275	8.5	0.755563034758839	0.300833588847281	-0.00649813954809116	30.4584926460811	0.804450427807071
34.425	8.5	0.740397732052019	0.301830148427573	-0.00629169596493169	30.4224220276079	0.792318185641615
34.575	8.5	0.726364499185972	0.30303164550215	-0.00598102125901656	30.3867489914089	0.781091599348778
34.725	8.5	0.713338317226088	0.304449989034811	-0.00558425540841687	30.3514133858163	0.77067065378087
34.875	8.5	0.701145408947959	0.306099180777564	-0.00512126364550159	30.316359789781	0.760916327158368
35.025	8.5	0.689590717090235	0.307994030534214	-0.004613332622851	30.2815386265013	0.751672573672188
35.175	8.5	0.678478474926607	0.310149209611518	-0.00408285964156479	30.2469065900988	0.742782779941286
35.325	8.5	0.667626144673565	0.312578637167928	-0.00355313029051426	30.2124265788677	0.734100915738852
35.475	8.5	0.656872615857371	0.31529518351016	-0.00304825406370703	30.1780673109632	0.725498092685897
35.625	8.5	0.646081953307586	0.318310679324785	-0.00259329730958109	30.1438027625868	0.716865562646069
35.775	8.5	0.635144145674957	0.321636232477222	-0.00221460936903716	30.1096115216941	0.708115316539966
35.925	8.5	0.623974248767473	0.325282861693135	-0.00194027456617866	30.0754760998154	0.699179399013978
36.075	8.5	0.612511077654518	0.329262445501726	-0.00180054228904165	30.0413821989696	0.690008862123615
36.225	8.5	0.600716218275998	0.333588945219589	-0.00182800521834615	30.0073178982072	0.680572974620799
36.375	8.5	0.58857365219214	0.338279790969733	-0.002057240233066	29.973272712745	0.670858921753712
36.525	8.5	0.576089780518472	0.343357230805686	-0.00252363351117921	29.9392364934609	0.660871824414777
36.675	8.5	0.563293177048826	0.34884936026103	-0.00326121370459691	29.9051981768804	0.650634541639061
36.825	8.5	0.550233092608434	0.35479051042023	-0.00429953086145981	29.8711444603765	0.640186474086747
36.975	8.5	0.536975668080287	0.361220719087104	-0.00565992891880934	29.8370585511088	0.629580534464229
37.125	8.5	0.523597060517604	0.368184175731757	-0.00735190878256016	29.8029192003618	0.618877648414083
37.275	8.5	0.510173257078105	0.375726823239036	-0.00937056533254905	29.7687002640508	0.608138605662484
37.425	8.5	0.496767177356212	0.38389367593002	-0.0116961733055246	29.7343710044434	0.59741374188497
37.575	8.5	0.483414592271171	0.392726769227955	-0.014296771470956	29.6998972568238	0.586731673816937
37.725	8.5	0.470111194989285	0.402264836414075	-0.0171340011162976	29.6652434340449	0.576088955991428
37.875	8.5	0.45680360016169	0.412545657938694	-0.0201715770139657	29.6303751579312	0.565442880129352
38.025	8.5	0.443386916212071	0.423611479248166	-0.0233848434449989	29.595262132542	0.554709532969657
38.175	8.5	0.429710737378976	0.43551703144326	-0.0267692216105068	29.5598807601869	0.543768589903181
38.325	8.5	0.415594010648953	0.448338760611876	-0.0303452676717952	29.5242159879219	0.532475208519163
38.475	8.5	0.400847501705197	0.462183183982029	-0.0341586222774167	29.4882619776737	0.520678001364157
38.625	8.5	0.385300903724874	0.477192068589701	-0.0382741869083963	29.452021402972	0.508240722979899
38.775	8.5	0.368830428792951	0.493542412459171	-0.0427650833072597	29.4155034450916	0.495064343034361
38.925	8.5	0.351382328045714	0.511439870780412	-0.047697999753194	29.3787208279169	0.481105862436571
39.075	8.5	0.332988339335073	0.53110511845722	-0.0531171867342592	29.3416864290568	0.466390671468058
39.225	8.5	0.313770451065378	0.552753537523202	-0.0590295875027616	29.3044100860716	0.451016360852303
39.375	8.5	0.293934273840391	0.576569526174834	-0.0653934448698708	29.2668961623742	0.435147419072313
39.525	8.5	0.27375228397065	0.602677666767541	-0.0721123097139548	29.2291422637024	0.41900182717652
39.675	8.5	0.253539808611922	0.631113946257293	-0.0790357501540921	29.1911392493019	0.402831846889538
39.825	8.5	0.2336275500654	0.66180105143299	-0.085967248485411	29.1528724247319	0.38690204005232
39.975	8.5	0.214334580459418	0.694532171639943	-0.0926788090019157	29.1143235962295	0.371467664367535
40.125	8.5	0.195945161151281	0.728967371114555	-0.0989307743272517	29.0754735516437	0.356756128921025
40.275	8.5	0.178691682415853	0.764645178677311	-0.10449442519421	29.0363045230009	0.342953345932682
40.425	8.5	0.16274476723271	0.801009622894362	-0.109174326817048	28.9968022649001	0.330195813786168
40.575	8.5	0.148210406062345	0.837449975839871	-0.112827271543182	28.9569575157163	0.318568324849876
40.725	8.5	0.135133079835635	0.87334776604074	-0.115375145630473	28.9167667541154	0.308106463868508
40.875	8.5	0.123503281759816	0.90812404747313	-0.11681006269014	28.8762322881396	0.298802625407853
41.025	8.5	0.11326766970075	0.941280007820088	-0.117191449491393	28.8353617992411	0.2906141357606
41.175	8.5	0.104340205827887	0.97242571918128	-0.116636134080471	28.7941675053452	0.28347216466231
41.325	8.5	0.0966129662322663	1.00129456655708	-0.115303553260716	28.7526651121643	0.277290372985813
41.475	8.5	0.0899657194473762	1.02774375041985	-0.113378732727814	28.7108727021964	0.271972575557901
41.625	8.5	0.0842737846414069	1.05174347642751	-0.111055625080548	28.6688096777197	0.267419027713126
41.775	8.5	0.0794140238423349	1.07335861565106	-0.108522825155603	28.6264958368354	0.263531219073868
41.925	8.5	0.0752690679302951	1.09272675241298	-0.105952850992833	28.5839506263739	0.260215254344236
42.075	8.5	0.071730021547229	1.11003592383618	-0.103495338803327	28.541192585893	0.257384017237783
42.225	8.5	0.0686979538802057	1.12550437722026	-0.101273841162914	28.4982389747673	0.254958363104165
42.375	8.5	0.0660844845277776	1.13936365560594	-0.0993855215797664	28.4551055597882	0.252867587622222
42.525	8.5	0.0638117402657304	1.1518454739642	-0.0979028933455586	28.4118065330621	0.251049392212584
42.675	8.5	0.0618119088201556	1.16317225206175	-0.0968767896822764	28.3683545279398	0.249449527056124
42.825	8.5	0.0600265630266619	1.17355082168189	-0.0963398955932889	28.3247607026136	0.24802125042133
42.975	8.5	0.0584058807264147	1.1831686761941	-0.0963103520753307	28.2810348652718	0.246724704581132
43.125	8.5	0.0569078459114394	1.19219211665802	-0.0967951157303953	28.2371856199825	0.245526276729152
43.275	8.5	0.0554974857192892	1.20076571380625	-0.0977928984511766	28.1932205178071	0.244397988575431
43.425	8.5	0.0541461751086351	1.20901260624127	-0.0992966158214468	28.1491462024211	0.243316940086908
43.575	8.5	0.0528310249928325	1.21703526369505	-0.101295341823397	28.104968543444	0.242264819994266
43.725	8.5	0.0515343587286131	1.22491644412576	-0.103775808413402	28.0606927536954	0.241227486982891
43.875	8.5	0.0502432747938952	1.23272015735311	-0.106723509674714	28.0163234887699	0.240194619835116
44.025	8.5	0.0489492891917104	1.240492513834	-0.110123479038075	27.9718649288278	0.239159431353368
44.175	8.5	0.0476480488600663	1.24826238574192	-0.113960810382959	27.9273208435079	0.238118439088053
44.325	8.5	0.046339106698223	1.25604184032396	-0.118220993607553	27.8826946415682	0.237071285358578
44.475	8.5	0.0450257494950274	1.26382632362293	-0.122890134182545	27.8379894074429	0.236020599596022
44.625	8.5	0.0437148720414843	1.27159457565461	-0.1279551232832	27.7932079275622	0.234971897633187
44.775	8.5	0.0424168944492282	1.2793082432696	-0.133403815992065	27.7483527103044	0.233933515559383
44.925	8.5	0.0411457266235156	1.28691111838502	-0.139225251062955	27.7034260051126	0.232916581298812
45.075	8.5	0.0399187973758844	1.29432785764508	-0.145409892446031	27.6584298288655	0.231935037900708
45.225	8.5	0.0387571922807763	1.30146192241777	-0.151949769175193	27.6133660108969	0.231005753824621
45.375	8.5	0.0376859940775227	1.30819230273071	-0.15883820938057	27.5682362711269	0.230148795262018
45.525	8.5	0.036735004367859	1.31436835091613	-0.166068578356314	27.5230423461635	0.229388003494287
45.675	8.5	0.0359401552857802	1.31980177132325	-0.173631024461759	27.477786171565	0.228752124228624
45.825	8.5	0.0353460930427241	1.32425456774189	-0.181505733376914	27.4324701085383	0.228276874434179
45.975	8.5	0.0350106058424096	1.32742171500469	-0.189650695064759	27.3870971634612	0.228008484673928
46.125	8.5	0.0350117128213272	1.32890781795755	-0.197981743279998	27.3416710844098	0.228009370257062
46.275	8.5	0.0354582190870454	1.32819854895099	-0.206343086693486	27.2961961330506	0.228366575269636
46.425	8.5	0.0365042281018696	1.3246308386885	-0.214468414582998	27.2506762382392	0.229203382481496
46.575	8.5	0.0383673386882918	1.31737113088767	-0.221936796049054	27.2051131724205	0.230693870950633
46.725	8.5	0.041348961679561	1.30541822868501	-0.228134612420588	27.1595034045403	0.233079169343649
46.875	8.5	0.0458534639882652	1.28765417886238	-0.232243949343675	27.1138334335041	0.236682771190612
47.025	8.5	0.0524010486507084	1.26296787731347	-0.233285389253356	27.0680737367238	0.241920838920567
47.175	8.5	0.0616280570693244	1.2304632195231	-0.230240707858404	27.0221719589813	0.24930244565546
47.325	8.5	0.0742684935874682	1.18972982842808	-0.222258434762003	26.9760464897489	0.259414794869975
47.475	8.5	0.0911124891321477	1.14110500250555	-0.208900657635456	26.9295819031636	0.272889991305718
47.625	8.5	0.112940892927904	1.08581764094489	-0.190342534386202	26.8826276494851	0.290352714342324
47.775	8.5	0.140439277299648	1.02591830985307	-0.167426152187356	26.8350008733648	0.312351421839719
47.925	8.5	0.174098470240306	0.963980439128501	-0.14152404220405	26.7864935366528	0.339278776192245
48.075	8.5	0.214112277727444	0.902665724434409	-0.114259758772131	26.7368834422666	0.371289822181955
48.225	8.5	0.260286965259257	0.844307543355221	-0.0871978846225252	26.6859483577583	0.408229572207406
48.375	8.5	0.311981061978671	0.790639066000744	-0.0616101390977608	26.6334820500959	0.449584849582937
48.525	8.5	0.368095580204693	0.742708026363954	-0.0383659161998001	26.5793105540896	0.494476464163755
48.675	8.5	0.427129950920923	0.700941501833109	-0.0179348175463243	26.5233065584611	0.541703960736739
48.825	8.5	0.487305625784319	0.66529031840305	-0.00045795980741147	26.4653997177532	0.589844500627455
48.975	8.5	0.546740149739399	0.635390313735031	0.0141559041120484	26.4055812077719	0.637392119791519
49.125	8.5	0.603637938383557	0.610702629357232	0.0261393222944024	26.3439018840632	0.682910350706845
49.275	8.5	0.656458018022111	0.590618772648952	0.0357943260599725	26.2804646637342	0.725166414417689
49.425	8.5	0.704027115344824	0.574530714681199	0.0434428392468191	26.2154128147683	0.763221692275859
49.575	8.5	0.745584566766696	0.561872569409329	0.0493963338137434	26.1489163724371	0.796467653413357
49.725	8.5	0.780765025340569	0.552141575697728	0.0539396990529444	26.0811588167058	0.824612020272455
49.875	8.5	0.809537669783137	0.544905276379066	0.0573245048953339	26.0123255983733	0.84763013582651
50.025	8.5	0.832124281106013	0.539800248837585	0.0597679451397565	25.9425953766768	0.86569942488481
50.175	8.5	0.848915176495398	0.536526202918607	0.0614549427195342	25.8721341688818	0.879132141196318
50.325	8.5	0.860395367321008	0.534837992630623	0.0625418716059826	25.8010921478027	0.888316293856806
50.475	8.5	0.867086765663296	0.53453712174798	0.0631610282956158	25.7296025778535	0.893669412530637
50.625	8.5	0.86950747631383	0.535463655151403	0.0634254172459929	25.6577823051321	0.895605981051064
50.775	8.5	0.868146487303406	0.537489028320871	0.0634336744832581	25.5857332421967	0.894517189842725
50.925	8.5	0.863450954745886	0.540510022533484	0.0632750847697895	25.5135443525766	0.890760763796709
51.075	8.5	0.855823076667273	0.544444083587627	0.0630346616316913	25.441293706043	0.884658461333819
51.225	8.5	0.845623630290192	0.549226141576633	0.0627981481249327	25.3690502329958	0.876498904232153
51.375	8.5	0.83317913060619	0.554807063951346	0.062656562260307	25.2968748726626	0.866543304484952
51.525	8.5	0.818788970832964	0.561153765915693	0.0627096114502643	25.2248209290312	0.855031176666371
51.675	8.5	0.802727788395497	0.568250751191976	0.0630670928605653	25.152933683234	0.842182230716398
51.825	8.5	0.785236965535269	0.576102461561731	0.0638475671107009	25.0812497234575	0.828189572428215
51.975	8.5	0.766498370822668	0.584735388545701	0.0651745226388006	25.0097970678392	0.813198696658135
52.125	8.5	0.746584400467677	0.594198718398838	0.0671722659060537	24.9385979067008	0.797267520374142
52.275	8.5	0.725382621822464	0.604562760788447	0.0699668620971001	24.8676764661908	0.780306097457971
52.425	8.5	0.702502263465908	0.615915959624993	0.0737009011334643	24.7970747041389	0.762001810772727
52.575	8.5	0.6771839719134	0.628363950949049	0.0785731705717627	24.7268777432352	0.74174717753072
52.725	8.5	0.64825228245757	0.642037203898763	0.08491377277541	24.6572485480151	0.718601825966056
52.875	8.5	0.614167480189663	0.657115722853892	0.0933012049193525	24.5884670111171	0.691333984151731
53.025	8.5	0.573240522128075	0.67387838597693	0.104721630617441	24.5209626187961	0.65859241770246
53.175	8.5	0.52405667635899	0.692779662122757	0.120762689996466	24.4553236524794	0.619245341087192
53.325	8.5	0.466094500872021	0.714546291451008	0.143816779834679	24.3922624453451	0.572875600697617
53.475	8.5	0.400424476833091	0.740263216630156	0.177209198611436	24.3325198116968	0.520339581466473
53.625	8.5	0.330262533736495	0.771350072886946	0.22498275147972	24.2767059696499	0.464210026989196
53.775	8.5	0.261118898437287	0.80913155880042	0.290628379639043	24.2250992802507	0.40889511874983
53.925	8.5	0.200382519630788	0.853284315180794	0.37342686548857	24.1774509862037	0.36030601570463
54.075	8.5	0.156345160918701	0.89834785117075	0.461807534576864	24.1328662386907	0.325076128734961
54.225	8.5	0.136745090170214	0.930533915838463	0.529443889469869	24.0898415536887	0.309396072136171
54.375	8.5	0.146980935054937	0.933497972451964	0.5479186830797	24.0464951771254	0.31758474804395
54.525	8.5	0.188468123392318	0.903591827522181	0.5120479906899	24.0009021381742	0.350774498713854
54.675	8.5	0.25782540587244	0.853485127590707	0.443399098193907	23.9514080860228	0.406260324697952
54.825	8.5	0.347258110645305	0.799165452799584	0.367977916947447	23.8968809946559	0.477806488516244
54.975	8.5	0.44613993600283	0.750381712863238	0.300872164196562	23.8368541543988	0.556911948802264
55.125	8.5	0.543462753178438	0.710574473776618	0.246735666841635	23.7715120320386	0.634770202542751
55.275	8.5	0.630279773255305	0.679769934155928	0.20497573163417	23.701538703606	0.704223818604244
55.425	8.5	0.701124596496555	0.656718415956764	0.173323158274984	23.627898978397	0.760899677197244
55.575	8.5	0.754049693793265	0.639942770310195	0.149402655139562	23.5516296543923	0.803239755034612
55.725	8.5	0.789730555279604	0.628136637506603	0.131231752990551	23.4736907361785	0.831784444223683
55.875	8.5	0.810330801992199	0.620261127502841	0.117289363800252	23.3948873692142	0.848264641593759
56.025	8.5	0.818582653982879	0.615526214774698	0.106447805456593	23.3158470612732	0.854866123186303
56.175	8.5	0.81721199099515	0.613340684475961	0.0978802680534408	23.2370296165305	0.85376959279612
56.325	8.5	0.808651238940503	0.613262410626739	0.0909796768613245	23.1587515733435	0.846920991152403
56.475	8.5	0.794935425258376	0.614958029548219	0.0852967427277228	23.0812141739366	0.835948340206701
56.625	8.5	0.777695282143503	0.618172704470369	0.0804957421504361	23.0045296301137	0.822156225714802
56.775	8.5	0.758193897813974	0.622708279095483	0.0763241977944265	22.9287438126718	0.806555118251179
56.925	8.5	0.737379008355015	0.628407802028204	0.0725925607743823	22.8538550652085	0.789903206684012
57.075	8.5	0.715938182627182	0.635144661965472	0.0691606069049631	22.779829411293	0.772750546101746
57.225	8.5	0.694351570978307	0.642814925645881	0.0659280163639147	22.7066125498917	0.755481256782646
57.375	8.5	0.672939933486811	0.65133180357053	0.0628273408052271	22.6341390229207	0.738351946789449
57.525	8.5	0.651906744179479	0.660621468419324	0.0598182084510544	22.5623389183394	0.721525395343583
57.675	8.5	0.631373617830944	0.670619715588095	0.0568821372438471	22.4911424730679	0.705098894264755
57.825	8.5	0.611408691555487	0.681269176102252	0.0540176975200852	22.4204829523587	0.68912695324439
57.975	8.5	0.592048045437934	0.692516958893696	0.0512359914696417	22.3502981875672	0.673638436350347
58.125	8.5	0.573310706602462	0.70431270719308	0.0485565218920895	22.2805311399574	0.65864856528197
58.275	8.5	0.555208153450344	0.716607106277059	0.0460035440470791	22.2111298213357	0.644166522760276
58.425	8.5	0.537749459023771	0.729350887514075	0.0436029695036264	22.1420468476059	0.630199567219016
58.575	8.5	0.520943269900198	0.742494351452455	0.0413798503806629	22.0732388372362	0.616754615920158
58.725	8.5	0.504797733695411	0.755987395422039	0.0393564346026448	22.0046658020392	0.603838186956329
58.875	8.5	0.489319309692968	0.76977999096852	0.0375507551585988	21.9362906197713	0.591455447754375
59.025	8.5	0.474511173036912	0.783823022138556	0.0359756993644927	21.8680786312691	0.57960893842953
59.175	8.5	0.460371695649927	0.798069372346259	0.0346384951994335	21.7999973708369	0.568297356519942
59.325	8.5	0.446893286083622	0.812475137285713	0.0335405479187711	21.7320164168811	0.557514628866898
59.475	8.5	0.434061711811085	0.82700084373499	0.0326775592278508	21.6641073384478	0.547249369448868
59.625	8.5	0.421855915668842	0.841612566964782	0.0320398623543621	21.5962437097998	0.537484732535074
59.775	8.5	0.410248269672973	0.856282859784074	0.0316129092351249	21.5284011668108	0.528198615738379
59.925	8.5	0.399205176079612	0.870991430684706	0.0313778508451733	21.4605574834332	0.51936414086369
60.075	8.5	0.388687917585603	0.885725533852878	0.0313121584650244	21.3926926519805	0.510950334068482
60.225	8.5	0.378653666600386	0.900480057334455	0.0313902421690252	21.3247889562076	0.502922933280308
60.375	8.5	0.36905657976299	0.915257315473153	0.0315840325397074	21.2568310304409	0.495245263810392
60.525	8.5	0.359848922581392	0.930066566805665	0.0318635019083749	21.1888059010096	0.487879138065113
60.675	8.5	0.350982186529785	0.944923288564158	0.0321971116257006	21.1207030079528	0.480785749223828
60.825	8.5	0.342408175178377	0.959848244093469	0.0325521813961231	21.0525142056329	0.473926540142701
60.975	8.5	0.334080046272248	0.974866380525911	0.0328951851636399	20.9842337407359	0.467264037017798
61.125	8.5	0.325953303293627	0.9900055919193	0.0331919852181403	20.9158582054763	0.460762642634901
61.275	8.5	0.317986733566609	1.00529537876088	0.033408022115235	20.8473864629076	0.454389386853287
61.425	8.5	0.310143291166726	1.02076542924887	0.0335084828930102	20.7788195402464	0.448114632933381
61.575	8.5	0.302390922452037	1.03644414195088	0.0334584743081418	20.7101604852144	0.44191273796163
61.725	8.5	0.294703330337203	1.05235710403554	0.0332232319133631	20.6414141796907	0.435762664269762
61.875	8.5	0.28706067049827	1.0685255348809	0.0327684002515706	20.5725871045875	0.429648536398616
62.025	8.5	0.279450168094128	1.08496470205065	0.0320604245655865	20.5036870500392	0.423560134475302
62.175	8.5	0.271866636483062	1.10168231600764	0.0310671000139659	20.4347227660554	0.41749330918645
62.325	8.5	0.264312868719277	1.11867691237721	0.0297583292942553	20.3657035513028	0.411450294975421
62.475	8.5	0.256799857376723	1.13593623737447	0.0281071411304645	20.2966387823796	0.405439885901378
62.625	8.5	0.249346778268322	1.15343566505935	0.0260910155895211	20.2275373937592	0.399477422614658
62.775	8.5	0.241980650414411	1.1711366967862	0.0236935407370583	20.1584073303888	0.393584520331528
62.925	8.5	0.234735562568878	1.18898562592416	0.0209063803234927	20.0892550112431	0.387788450055102
63.075	8.5	0.2276513442223	1.2069124955008	0.0177314563771042	20.0200848624823	0.38212107537784
63.225	8.5	0.220771569500266	1.22483052969307	0.0141831414016676	19.9508990010407	0.376617255600213
63.375	8.5	0.214140833095477	1.24263627113176	0.0102901217173986	19.8816971686797	0.371312666476381
63.525	8.5	0.207801346302997	1.26021068238962	0.00609646451953236	19.8124770248503	0.366241077042397
63.675	8.5	0.201789078614713	1.27742144312598	0.00166134800210071	19.7432348933918	0.361431262891771
63.825	8.5	0.196129914127549	1.29412655205134	-0.00294303600244778	19.6739670112178	0.356903931302039
63.975	8.5	0.190836568040936	1.31017910232304	-0.0076356618732616	19.6046712371807	0.352669254432748
64.125	8.5	0.185907241859036	1.32543275637775	-0.0123327445943421	19.5353490450585	0.348725793487228
64.275	8.5	0.181327067201081	1.33974708665081	-0.0169549278238688	19.4660074602737	0.345061653760865
64.425	8.5	0.177073149814856	1.35299171636805	-0.0214342150139185	19.3966604414537	0.341658519851885
64.575	8.5	0.173123319744235	1.3650483079762	-0.0257189153698553	19.3273291161153	0.338498655795388
64.725	8.5	0.169467430098085	1.37581009094839	-0.0297749922860556	19.2580403362473	0.335573944078468
64.875	8.5	0.166118284523876	1.38517985538328	-0.0335829504125635	19.1888233105558	0.332894627619101
65.025	8.5	0.163117302185808	1.39306901660246	-0.0371307761904885	19.1197046566016	0.330493841748647
65.175	8.5	0.160528435016583	1.39940201763953	-0.0404052330793442	19.0507030912176	0.328422748013266
65.325	8.5	0.158413491929306	1.40413117333694	-0.043385493596829	18.9818260197362	0.326730793543445
65.475	8.5	0.156783890602955	1.40726596656049	-0.0460438210278201	18.9130712234636	0.325427112482364
65.625	8.5	0.155528773346693	1.40891686222647	-0.0483567935094833	18.8444372697354	0.324423018677354
65.775	8.5	0.154327646619745	1.40934718534828	-0.0503268607330776	18.7759457050079	0.323462117295796
65.925	8.5	0.152566563765057	1.40902005047666	-0.0520087045720542	18.707676142359	0.322053251012045
66.075	8.5	0.149288621081926	1.40862508904781	-0.0535304259725163	18.6398118586055	0.319430896865541
66.225	8.5	0.143219503502824	1.40907484465967	-0.0550984114221217	18.5726886296932	0.314575602802259
66.375	8.5	0.132913715552699	1.41147074966368	-0.0569759725468706	18.5068336880065	0.306330972442159
66.525	8.5	0.117063218675606	1.41704421020768	-0.0594231279620867	18.4429754674944	0.293650574940485
66.675	8.5	0.0949927513822293	1.42706418603875	-0.0625668117611322	18.3819989338901	0.275994201105783
66.825	8.5	0.0673280695856926	1.44263930221274	-0.066125269726353	18.3248170355054	0.253862455668554
66.975	8.5	0.0367534602357285	1.46414655035655	-0.0688543388484914	18.2721293471159	0.229402768188583
67.125	8.5	0.00865806213501824	1.48950760670127	-0.0677233145207947	18.2240532539968	0.206926449708015
67.275	8.5	-0.00869432487088729	1.5101119688788	-0.0579208458298675	18.1796637908527	0.19304454010329
67.425	8.5	-0.00496210851876164	1.50766768207017	-0.0367712402140345	18.136597592833	0.196030313184991
67.575	8.5	0.0301782150852255	1.46632698914126	-0.010161433960116	18.0909992204812	0.22414257206818
67.725	8.5	0.103827232572927	1.39306440014701	0.0110963974075915	18.0379977019777	0.283061786058342
67.875	8.5	0.216290611444298	1.30920948679877	0.0223636278969524	17.9727022313167	0.373032489155439
68.025	8.5	0.358590575878802	1.23022583573774	0.0258375226065971	17.891484399866	0.486872460703041
68.175	8.5	0.513391480745987	1.16226788268705	0.0250618092616399	17.7930133073496	0.61071318459679
68.325	8.5	0.660547063070113	1.10610424077409	0.0224290878409564	17.67854070386	0.72843765045609
68.475	8.5	0.784399670872609	1.06016689810859	0.0191818837737934	17.5512949150465	0.827519736698087
68.625	8.5	0.877857190494041	1.02234011144399	0.0158945206359151	17.4153479941347	0.902285752395233
68.775	8.5	0.941606566202842	0.990826463684844	0.0128125672618262	17.2745620400365	0.953285252962274
68.925	8.5	0.980815923296434	0.964335528530397	0.0100291051682058	17.1319859172988	0.984652738637147
69.075	8.5	1.00203340846517	0.941963863568953	0.00756796498920896	16.989701354283	1.00162672677213
69.225	8.5	1.01132753078502	0.923038451724527	0.00542202669173567	16.8489370628635	1.00906202462801
69.375	8.5	1.01351808462719	0.907017039385373	0.0035705663187194	16.7102804395967	1.01081446770176
69.525	8.5	1.01204784022463	0.893441594504533	0.00198690784551161	16.57388927909	1.0096382721797
69.675	8.5	1.00914978659138	0.881919941883901	0.000641853449764306	16.439664591251	1.00731982927311
69.825	8.5	1.0061165702472	0.872117751956155	-0.000494446091638603	16.3073766454874	1.00489325619776
69.975	8.5	1.00357712025812	0.86375274376713	-0.00145107553574548	16.17674901697	1.00286169620649
70.125	8.5	1.00173676493052	0.856588710504816	-0.00225513684435096	16.047509282956	1.00138941194442
70.275	8.5	1.00056367132178	0.850429293103836	-0.00293081886365897	15.9194153574262	1.00045093705742
70.425	8.5	0.999919501308072	0.845111951894577	-0.00349887592930819	15.7922654479829	0.999935601046458
70.575	8.5	0.999640980526736	0.840502473631607	-0.00397653436750229	15.6658980991377	0.999712784421389
70.725	8.5	0.999583378317338	0.836490149500393	-0.00437774265435764	15.5401871274964	0.999666702653871
70.875	8.5	0.999637762507914	0.832983632692804	-0.00471363153348937	15.4150346942527	0.999710210006332
71.025	8.5	0.999732489529184	0.829907431226376	-0.00499305394294421	15.2903644547654	0.999785991623347
71.175	8.5	0.999826889399224	0.827198976078773	-0.00522310797892419	15.1661157470071	0.999861511519379
71.325	8.5	0.999902431957657	0.82480620090183	-0.00540958672782906	15.0422391291795	0.999921945566126
71.475	8.5	0.999954376693531	0.822685568120423	-0.00555733313566422	14.9186932006489	0.999963501354825
71.625	8.5	0.999985241487512	0.820800476073407	-0.00567050130335982	14.7954424667932	0.999988193190009
71.775	8.5	1.00000037464186	0.819119983978218	-0.00575273812882711	14.6724559651139	1.00000029971349
71.925	8.5	1.00000536088824	0.817617796222391	-0.00580730372043458	14.5497063979248	1.0000042887106
72.075	8.5	1.000004781999	0.816271454227762	-0.00583714849612664	14.4271695742639	1.0000038255992
72.225	8.5	1.00000184606955	0.815061691930742	-0.00584496185764535	14.3048240248118	1.00000147685564
72.375	8.5	0.999998490420278	0.813971918843213	-0.0058332035252634	14.1826507055387	0.999998792336222
72.525	8.5	0.999995682256218	0.812987802026935	-0.00580412505259356	14.0606327440316	0.999996545804975
72.675	8.5	0.999993750579328	0.812096924733417	-0.00575978618096483	13.9387552073664	0.999995000463463
72.825	8.5	0.999992666303419	0.811288504771653	-0.00570206864948908	13.8170048846133	0.999994133042735
72.975	8.5	0.999992242568657	0.810553159872587	-0.00563268875877321	13.6953700838414	0.999993794054926
73.125	8.5	0.999992258261745	0.809882710532809	-0.0055532092243354	13.5738404456927	0.999993806609396
73.275	8.5	0.99999252147618	0.809270013200707	-0.00546505047039003	13.4524067754229	0.999994017180944
73.425	8.5	0.999992892645936	0.808708818392406	-0.00536950135789318	13.3310608942113	0.999994314116749
73.575	8.5	0.999993284523368	0.808193649554098	-0.00526772930376714	13.209795509335	0.999994627618694
73.725	8.5	0.999993651550378	0.807719699364265	-0.00516078976303734	13.0886041018835	0.999994921240303
73.875	8.5	0.999993976523645	0.807282740798916	-0.00504963507317202	12.9674808301495	0.999995181218916
74.025	8.5	0.999994258726223	0.80687905075058	-0.00493512268368514	12.8464204466374	0.999995406980978
74.175	8.5	0.99999450514231	0.806505344348436	-0.00481802280798586	12.7254182266838	0.999995604113848
74.325	8.5	0.999994724871103	0.806158718411683	-0.00469902553907066	12.604469906879	0.999995779896882
74.475	8.5	0.999994926143023	0.805836602703472	-0.00457874747005682	12.4835716317348	0.999995940914418
74.625	8.5	0.999995115135413	0.805536717849783	-0.00445773785568975	12.3627199073067	0.999996092108331
74.775	8.5	0.999995295853269	0.805257038957435	-0.0043364843462634	12.2419115607137	0.999996236682615
74.925	8.5	0.999995470521336	0.804995764109632	-0.00421541832053952	12.1211437046975	0.999996376417069
75.075	8.5	0.999995640129596	0.804751287041855	-0.00409491984061884	12.0004137065161	0.999996512103677
75.225	8.5	0.999995804936823	0.804522173406324	-0.00397532224944118	11.879719160594	0.999996643949459
75.375	8.5	0.999995964851403	0.804307140122546	-0.0038569164296141	11.7590578644394	0.999996771881122
75.525	8.5	0.999996119677584	0.804105037387342	-0.00373995474200075	11.6384277974146	0.999996895742067
75.675	8.5	0.999996269249378	0.803914832980517	-0.00362465466122909	11.5178271020031	0.999997015399503
75.825	8.5	0.99999641348535	0.803735598556101	-0.00351120212585168	11.3972540672623	0.99999713078828
75.975	8.5	0.9999965523958	0.803566497653975	-0.00339975461980056	11.2767071141924	0.99999724191664
76.125	8.5	0.999996686066585	0.803406775203683	-0.00329044400210658	11.1561847827841	0.999997348853268
76.275	8.5	0.999996814635472	0.803255748325129	-0.00318337910111693	11.03568572054	0.999997451708378
76.425	8.5	0.9999969382699	0.803112798257007	-0.00307864808903313	10.9152086722865	0.99999755061592
76.575	8.5	0.999997057149889	0.802977363267613	-0.00297632065223982	10.7947524711202	0.999997645719911
76.725	8.5	0.99999717145682	0.802848932421639	-0.0028764499718587	10.6743160303507	0.999997737165456
76.875	8.5	0.999997281367149	0.802727040094375	-0.00277907452875431	10.553898336319	0.999997825093719
77.025	8.5	0.999997387049678	0.802611261138032	-0.00268421974614175	10.4334984419866	0.999997909639743
77.175	8.5	0.999997488664987	0.802501206618698	-0.00259189948246235	10.3131154612052	0.999997990931989
77.325	8.5	0.999997586365977	0.802396520052226	-0.00250211738626828	10.1927485635846	0.999998069092781
77.475	8.5	0.999997680298796	0.802296874077115	-0.002414868124302	10.0723969698912	0.999998144239037
77.625	8.5	0.99999777060376	0.802201967510505	-0.00233013849316441	9.95205994791429	0.999998216483008
77.775	8.5	0.999997857416071	0.802111522740087	-0.00224790842421514	9.83173680874736	0.999998285932857
77.925	8.5	0.999997940866333	0.802025283411077	-0.00216815189075266	9.71142690343669	0.999998352693066
78.075	8.5	0.999998021080849	0.801943012372501	-0.00209083772589533	9.59112961995635	0.99999841686468
78.225	8.5	0.999998098181807	0.801864489851441	-0.00201593035887337	9.47084438047305	0.999998478545445
78.375	8.5	0.999998172287349	0.801789511827984	-0.00194339047690687	9.35057063886872	0.999998537829879
78.525	8.5	0.999998243511648	0.801717888587172	-0.00187317561933648	9.23030787849278	0.999998594809318
78.675	8.5	0.999998311964939	0.801649443426783	-0.00180524070998833	9.11005561011927	0.999998649571951
78.825	8.5	0.99999837775358	0.801584011502804	-0.00173953853360489	8.98981337008668	0.999998702202864
78.975	8.5	0.999998440980123	0.801521438796554	-0.00167602016115593	8.86958071860139	0.999998752784099
79.125	8.5	0.999998501743394	0.801461581189326	-0.00161463532911544	8.74935723818745	0.999998801394715
79.275	8.5	0.999998560138584	0.80140430363213	-0.00155533277668965	8.62914253226754	0.999998848110867
79.425	8.5	0.999998616257355	0.801349479399863	-0.00149806054523884	8.50893622386181	0.999998893005884
79.575	8.5	0.999998670187948	0.801296989420156	-0.00144276624327049	8.38873795439259	0.999998936150359
79.725	8.5	0.999998722015287	0.801246721668532	-0.00138939728047436	8.26854738258452	0.999998977612229
79.875	8.5	0.999998771821094	0.801198570622708	-0.00133790107371715	8.14836418345072	0.999999017456875
80.025	8.5	0.999998819683992	0.801152436769108	-0.00128822522775109	8.02818804735663	0.999999055747193
80.175	8.5	0.999998865679613	0.80110822615619	-0.00124031769311442	7.90801867915411	0.999999092543691
80.325	8.5	0.999998909880707	0.801065849989433	-0.00119412690364782	7.78785579737935	0.999999127904566
80.475	8.5	0.999998952357228	0.801025224263333	-0.00114960189536881	7.66769913350843	0.999999161885783
80.625	8.5	0.999998993176453	0.800986269426654	-0.00110669240894729	7.54754843126559	0.999999194541162
80.775	8.5	0.999999032403061	0.800948910077345	-0.00106534897717887	7.42740344597921	0.999999225922448
80.925	8.5	0.999999070099238	0.800913074684044	-0.00102552299927873	7.30726394398157	0.999999256079391
81.075	8.5	0.999999106324764	0.800878695331322	-0.000987166803107313	7.18712970204842	0.999999285059811
81.225	8.5	0.999999141137098	0.800845707486439	-0.000950233696818157	7.06700050687504	0.999999312909678
81.375	8.5	0.999999174591476	0.800814049785246	-0.00091467801103159	6.94687615458585	0.999999339673181
81.525	8.5	0.99999920674099	0.800783663835354	-0.000880455132453837	6.82675645027467	0.999999365392792
81.675	8.5	0.999999237636669	0.800754494035048	-0.000847521530078238	6.70664120757334	0.999999390109335
81.825	8.5	0.999999267327556	0.800726487406071	-0.000815834774643565	6.58653024824631	0.999999413862044
81.975	8.5	0.999999295860774	0.800699593439332	-0.000785353552232117	6.46642340180936	0.999999436688619
82.125	8.5	0.999999323281583	0.800673763951952	-0.000756037672666324	6.34632050517056	0.999999458625267
82.275	8.5	0.999999349633453	0.80064895295488	-0.000727848073324129	6.22622140229177	0.999999479706762
82.425	8.5	0.999999374958133	0.800625116529845	-0.000700746818955261	6.10612594386935	0.999999499966506
82.575	8.5	0.99999939929577	0.800602212715031	-0.000674697097992572	5.98603398703257	0.999999519436616
82.725	8.5	0.999999422685032	0.800580201398473	-0.000649663215858436	5.86594539505853	0.999999538148026
82.875	8.5	0.99999944516322	0.800559044218619	-0.00062561058561902	5.74586003710259	0.999999556130576
83.025	8.5	0.999999466766301	0.80053870447141	-0.000602505716439877	5.6257777879431	0.999999573413041
83.175	8.5	0.999999487528781	0.800519147023249	-0.0005803162001119	5.50569852773968	0.999999590023025
83.325	8.5	0.999999507483437	0.800500338229453	-0.000559010695972507	5.38562214180407	0.99999960598675
83.475	8.5	0.999999526661014	0.800482245857717	-0.000538558914522037	5.26554852038291	0.999999621328811
83.625	8.5	0.999999545090255	0.800464839016087	-0.000518931599962147	5.14547755845169	0.999999636072204
83.775	8.5	0.999999562798636	0.800448088085114	-0.000500100511832604	5.02540915551906	0.999999650238909
83.925	8.5	0.999999579814014	0.800431964653619	-0.000482038406025224	4.90534321544101	0.999999663851211
84.075	8.5	0.999999596166685	0.800416441457923	-0.000464719015314884	4.78527964624412	0.999999676933348
84.225	8.5	0.999999611890404	0.800401492324063	-0.000448117029516233	4.66521835995762	0.999999689512323
84.375	8.5	0.999999627020117	0.800387092113044	-0.0004322080755231	4.54515927245376	0.999999701616093
84.525	8.5	0.999999641584733	0.80037321666929	-0.000416968697232614	4.42510230329666	0.999999713267786
84.675	8.5	0.999999655596124	0.800359842772298	-0.000402376335558722	4.30504737559966	0.9999997244769
84.825	8.5	0.999999669040705	0.800346948091415	-0.000388409308624467	4.1849944158907	0.999999735232564
84.975	8.5	0.999999681884996	0.800334511142624	-0.000375046792169492	4.06494335398485	0.999999745507997
85.125	8.5	0.999999694106646	0.800322511245417	-0.000362268800285411	3.94489412286164	0.999999755285317
85.275	8.5	0.999999705751008	0.800310928477335	-0.000350056166564489	3.82484665854451	0.999999764600806
85.425	8.5	0.999999716988373	0.800299743625152	-0.000338390525725792	3.70480089998096	0.999999773590698
85.575	8.5	0.999999728116239	0.800288938135418	-0.000327254295775577	3.58475678892564	0.999999782492992
85.725	8.5	0.999999739438168	0.800278494072485	-0.000316630660841585	3.46471426983488	0.999999791550534
85.875	8.5	0.999999750989848	0.800268394096239	-0.000306503554779719	3.34467328978565	0.999999800791879
86.025	8.5	0.999999762198245	0.800258621467911	-0.000296857645620686	3.22463379842939	0.999999809758596
86.175	8.5	0.999999771729143	0.800249160076481	-0.000287678320817386	3.10459574797471	0.999999817383314
86.325	8.5	0.999999777900575	0.800239994449571	-0.000278951673245532	2.98455909316253	0.99999982232046
86.475	8.5	0.999999779936902	0.800231109685628	-0.000270664487707264	2.86452379116612	0.999999823949521
86.625	8.5	0.999999779840961	0.800222491246672	-0.00026280422793693	2.74448980134574	0.999999823872769
86.775	8.5	0.999999783784082	0.800214124615804	-0.000255359024344677	2.62445708485131	0.999999827027265
86.925	8.5	0.999999801062487	0.800205994963268	-0.000248317663462627	2.50442560421285	0.999999840849989
87.075	8.5	0.999999838714542	0.800198087130608	-0.000241669580607817	2.38439532324381	0.999999870971633
87.225	8.5	0.999999891872994	0.800190386303258	-0.000235404857223647	2.26436620767005	0.999999913498395
87.375	8.5	0.999999934219755	0.800182879511233	-0.000229514222866212	2.14433822668413	0.999999947375804
87.525	8.5	0.999999918075864	0.800175557450899	-0.000223989058637541	2.02431135495714	0.999999934460691
87.675	8.5	0.999999795655527	0.800168415195024	-0.000218821394696719	1.90428557362894	0.999999836524421
87.825	8.5	0.9999995660524	0.800161449728492	-0.000214003892549226	1.78426086802517	0.99999965284192
87.975	8.5	0.999999332669763	0.80015465289147	-0.000209529807652119	1.66423722036367	0.99999946613581
88.125	8.5	0.999999327077541	0.800148001131708	-0.000205392942951515	1.54421459856014	0.999999461662033
88.275	8.5	0.999999835298042	0.800141448306535	-0.000201587627878055	1.42419294742832	0.999999868238433
88.425	8.5	1.00000098153179	0.800134932298053	-0.000198108776783425	1.3041721938017	1.00000078522543
88.575	8.5	1.00000241061048	0.80012840557228	-0.000194952070776141	1.18415227728115	1.00000192848839
88.725	8.5	1.0000030600715	0.800121888432977	-0.000192114239205444	1.06413320716649	1.0000024480572
88.875	8.5	1.00000135458706	0.800115519853996	-0.000189593285305201	0.944115120992547	1.00000108366965
89.025	8.5	0.999996140382784	0.800109552887754	-0.000187388354043279	0.824098288869689	0.999996912306227
89.175	8.5	0.999988330893852	0.800104232366325	-0.000185498907178112	0.704082993961456	0.999990664715081
89.325	8.5	0.999982499158971	0.800099533515196	-0.000183923129580341	0.584069257513205	0.999985999327177
89.475	8.5	0.999986783039195	0.800094851451347	-0.000182656157140339	0.464056491981553	0.999989426431356
89.625	8.5	1.00000916219829	0.800088888365062	-0.000181689642092059	0.344043337428211	1.00000732975863
89.775	8.5	1.00004940178463	0.800069570314203	-0.000181014769576981	0.224028063421681	1.0000395214277
89.925	8.5	1.00008937877107	0.400093014127839	-0.000180648237514642	0.104012977930743	1.00007150301685
0.075	8.7	1.31340553892062e-30	0.399999579054627	-2.38471149211693e-05	36.0880499444677	0.2
0.225	8.7	4.05000298507746e-30	0.799998736636093	-2.38816016077661e-05	36.0640499697244	0.2
0.375	8.7	-3.71713585293091e-30	0.799997892633052	-2.39506540097902e-05	36.0400500202695	0.2
0.525	8.7	1.82915152579708e-30	0.799997045979748	-2.40544290650874e-05	36.0160500961665	0.2
0.675	8.7	-1.72284134697569e-29	0.799996195601811	-2.41931618980122e-05	35.9920501975107	0.2
0.825	8.7	-8.24960812605704e-30	0.799995340406408	-2.43671655724824e-05	35.9680503244304	0.2
0.975	8.7	-3.42392984321577e-29	0.799994479281903	-2.45768281279077e-05	35.9440504770864	0.2
1.125	8.7	-9.35194687506526e-30	0.799993611091731	-2.4822612841247e-05	35.9200506556735	0.2
1.275	8.7	-2.52116908239033e-29	0.799992734672602	-2.51050576113127e-05	35.8960508604208	0.2
1.425	8.7	3.69807718143518e-29	0.799991848828361	-2.54247712130077e-05	35.8720510915931	0.2
1.575	8.7	4.49682822270794e-29	0.799990952329197	-2.5782434098881e-05	35.8480513494911	0.2
1.725	8.7	1.43361945082771e-28	0.799990043906988	-2.61787956664082e-05	35.8240516344534	0.2
1.875	8.7	1.41290105324158e-28	0.799989122254314	-2.66146738600931e-05	35.8000519468567	0.2
2.025	8.7	2.06913848568742e-28	0.799988186020509	-2.70909526897739e-05	35.7760522871181	0.2
2.175	8.7	8.68728059870393e-29	0.799987233810932	-2.76085820695849e-05	35.7520526556955	0.2
2.325	8.7	2.99236384127195e-30	0.799986264183857	-2.81685769914868e-05	35.7280530530894	0.2
2.475	8.7	-3.25678776559927e-28	0.799985275650331	-2.87720163062846e-05	35.7040534798445	0.2
2.625	8.7	-5.50625689858143e-28	0.799984266671226	-2.94200429639343e-05	35.6800539365504	0.2
2.775	8.7	-9.2842009934873e-28	0.799983235656986	-3.0113863360551e-05	35.6560544238442	0.2
2.925	8.7	-9.32409205763326e-28	0.79998218096562	-3.0854748310395e-05	35.632054942411	0.2
3.075	8.7	-8.35498636203082e-28	0.799981100902353	-3.16440330982847e-05	35.6080554929862	0.2
3.225	8.7	-3.49639185140422e-29	0.799979993717578	-3.2483118527203e-05	35.5840560763569	0.2
3.375	8.7	9.37965572163656e-28	0.799978857606429	-3.3373472390738e-05	35.5600566933632	0.2
3.525	8.7	2.49387966652197e-27	0.799977690707105	-3.43166306910038e-05	35.5360573449005	0.2
3.675	8.7	3.55334917106599e-27	0.799976491099285	-3.53142000341045e-05	35.5120580319208	0.2
3.825	8.7	4.26435781100494e-27	0.799975256803314	-3.63678596033117e-05	35.4880587554345	0.2
3.975	8.7	3.19435009360788e-27	0.79997398577804	-3.74793633225987e-05	35.4640595165126	0.2
4.125	8.7	9.11535582056653e-28	0.799972675919729	-3.86505433708649e-05	35.4400603162878	0.2
4.275	8.7	-3.39069852316757e-27	0.799971325058655	-3.98833128065546e-05	35.4160611559574	0.2
4.425	8.7	-7.57136651729404e-27	0.799969930958427	-4.117966879068e-05	35.3920620367843	0.2
4.575	8.7	-1.11854711666322e-26	0.799968491313179	-4.25416965509489e-05	35.3680629600999	0.2
4.725	8.7	-1.08641754089413e-26	0.799967003744497	-4.39715726514107e-05	35.3440639273055	0.2
4.875	8.7	-6.95693912959344e-27	0.79996546579889	-4.54715694126569e-05	35.3200649398752	0.2
5.025	8.7	1.69502398743841e-27	0.799963874944768	-4.70440583837666e-05	35.2960659993576	0.2
5.175	8.7	9.81202178181779e-27	0.799962228568945	-4.86915155796662e-05	35.2720671073785	0.2
5.325	8.7	1.39275095323595e-26	0.799960523973187	-5.04165253322805e-05	35.2480682656435	0.2
5.475	8.7	5.5600118981937e-27	0.799958758370444	-5.22217852081701e-05	35.2240694759401	0.2
5.625	8.7	-1.47107510232914e-26	0.799956928881063	-5.41101105404557e-05	35.2000707401412	0.2
5.775	8.7	-4.32937375882586e-26	0.799955032527319	-5.60844398418446e-05	35.1760720602073	0.2
5.925	8.7	-5.73254098096274e-26	0.799953066230729	-5.81478399026074e-05	35.1520734381896	0.2
6.075	8.7	-3.01144388707605e-26	0.799951026806232	-6.03035100539745e-05	35.1280748762334	0.2
6.225	8.7	7.40260626190463e-26	0.799948910956751	-6.25547894348881e-05	35.1040763765812	0.2
6.375	8.7	2.60850465564871e-25	0.799946715269867	-6.49051611487734e-05	35.080077941576	0.2
6.525	8.7	4.96784736966173e-25	0.799944436209505	-6.73582584131534e-05	35.056079573665	0.2
6.675	8.7	6.61713388153008e-25	0.799942070113418	-6.9917870784597e-05	35.0320812754034	0.2
6.825	8.7	5.70686514276325e-25	0.799939613184454	-7.25879502058835e-05	35.0080830494582	0.2
6.975	8.7	-9.27270657429917e-27	0.799937061486777	-7.53726168763967e-05	34.9840848986124	0.2
7.125	8.7	-1.22175322317591e-24	0.799934410937741	-7.82761663710218e-05	34.960086825769	0.2
7.275	8.7	-2.98659873814553e-24	0.799931657301257	-8.13030760462704e-05	34.9360888339561	0.2
7.425	8.7	-4.77980604436818e-24	0.799928796182981	-8.44580118163615e-05	34.9120909263309	0.2
7.575	8.7	-5.56581129424327e-24	0.799925823020367	-8.77458357469427e-05	34.8880931061851	0.2
7.725	8.7	-3.85713624963775e-24	0.799922733076632	-9.11716130982843e-05	34.8640953769497	0.2
7.875	8.7	1.78790635326175e-24	0.799919521432977	-9.47406202704964e-05	34.8400977422005	0.2
8.025	8.7	1.19542951307132e-23	0.799916182980581	-9.84583523880981e-05	34.8161002056637	0.2
8.175	8.7	2.51486369614351e-23	0.799912712411743	-0.00010233053187021	34.7921027712217	0.2
8.325	8.7	3.67609973351774e-23	0.79990910421161	-0.000106363115981083	34.768105442919	0.2
8.475	8.7	3.86476291214085e-23	0.799905352648667	-0.000110562306811146	34.744108224969	0.2
8.625	8.7	2.04725782397503e-23	0.79990145176676	-0.000114934559837807	34.7201111217601	0.2
8.775	8.7	-2.66402801312264e-23	0.799897395373588	-0.00011948659283231	34.696114137863	0.2
8.925	8.7	-1.03615098577839e-22	0.799893177031886	-0.000124225396078421	34.6721172780377	0.2
9.075	8.7	-1.95399315061682e-22	0.799888790048173	-0.000129158242664363	34.6481205472411	0.2
9.225	8.7	-2.64079255255091e-22	0.799884227462786	-0.000134292697662373	34.6241239506348	0.2
9.375	8.7	-2.48678283273883e-22	0.799879482037557	-0.000139636630389615	34.6001274935933	0.2
9.525	8.7	-7.80107529939492e-23	0.799874546244528	-0.000145198224536859	34.5761311817125	0.2
9.675	8.7	2.97552387901042e-22	0.799869412253853	-0.000150985989864755	34.5521350208186	0.2
9.825	8.7	8.5612821720529e-22	0.799864071920874	-0.000157008774143481	34.5281390169773	0.2
9.975	8.7	1.44821743343868e-21	0.799858516772588	-0.0001632757759027	34.5041431765034	0.2
10.125	8.7	1.76354482616674e-21	0.799852737994526	-0.000169796555944093	34.480147505971	0.2
10.275	8.7	1.36361168865899e-21	0.799846726415874	-0.000176581051807917	34.4561520122237	0.2
10.425	8.7	-1.76074276681464e-22	0.799840472494791	-0.000183639590274961	34.432156702386	0.2
10.575	8.7	-2.99818652018927e-21	0.799833966302779	-0.000190982901798999	34.408161583874	0.2
10.725	8.7	-6.616981738476e-21	0.799827197508278	-0.000198622135210491	34.3841666644078	0.2
10.875	8.7	-9.63372214747922e-21	0.799820155360262	-0.000206568872042842	34.3601719520235	0.2
11.025	8.7	-9.74384098565387e-21	0.79981282867024	-0.000214835142091425	34.3361774550862	0.2
11.175	8.7	-4.29825985966523e-21	0.799805205793737	-0.000223433439077118	34.3121831823033	0.2
11.325	8.7	8.4220470874703e-21	0.799797274612764	-0.000232376737391698	34.2881891427386	0.2
11.475	8.7	2.73432731052046e-20	0.799789022512997	-0.000241678507985196	34.2641953458266	0.2
11.625	8.7	4.67427942792792e-20	0.799780436365915	-0.000251352736565118	34.2402018013878	0.2
11.775	8.7	5.55194121877256e-20	0.79977150250574	-0.000261413940279049	34.2162085196446	0.2
11.925	8.7	3.90322170557956e-20	0.799762206706447	-0.000271877186801618	34.1922155112375	0.2
12.075	8.7	-1.52936593539821e-20	0.799752534159701	-0.0002827581122833	34.1682227872422	0.2
12.225	8.7	-1.08603070153883e-19	0.799742469448347	-0.000294072940920542	34.1442303591879	0.2
12.375	8.7	-2.19715259423588e-19	0.799731996522971	-0.000305838503472772	34.1202382390753	0.2
12.525	8.7	-2.97892024030436e-19	0.799721098672653	-0.000318072258969977	34.0962464393965	0.2
12.675	8.7	-2.66810820906653e-19	0.799709758499234	-0.000330792313697774	34.072254973155	0.2
12.825	8.7	-4.74516301779184e-20	0.799697957886185	-0.00034401744248236	34.0482638538866	0.2
12.975	8.7	3.97010055316881e-19	0.799685677969726	-0.000357767110551343	34.0242730956818	0.2
13.125	8.7	1.00137948858321e-18	0.799672899105559	-0.00037206149383713	34.0002827132084	0.2
13.275	8.7	1.54629925741428e-18	0.799659600836168	-0.000386921502251669	33.9762927217354	0.2
13.425	8.7	1.65166724320567e-18	0.79964576185579	-0.000402368801229701	33.9523031371582	0.2
13.575	8.7	8.6047919234786e-19	0.79963135997394	-0.000418425834615561	33.9283139760241	0.2
13.725	8.7	-1.15645889778526e-18	0.799616372077055	-0.000435115847511571	33.9043252555598	0.2
13.875	8.7	-4.28909922146708e-18	0.799600774088502	-0.000452462908626897	33.8803369936995	0.2
14.025	8.7	-7.66111804119772e-18	0.799584540927035	-0.000470491934868203	33.8563492091145	0.2
14.175	8.7	-9.46862267084483e-18	0.799567646461655	-0.000489228712671194	33.8323619212439	0.2
14.325	8.7	-7.2295158026265e-18	0.799550063468196	-0.000508699922407763	33.8083751503268	0.2
14.475	8.7	1.33869695329538e-18	0.799531763577964	-0.000528933161376902	33.7843889174358	0.2
14.625	8.7	1.67752268549452e-17	0.799512717228796	-0.000549956966158345	33.7604032445121	0.2
14.775	8.7	3.59941190628336e-17	0.799492893612487	-0.000571800835261019	33.736418154402	0.2
14.925	8.7	5.08863067921971e-17	0.799472260617556	-0.000594495251850402	33.7124336708953	0.2
15.075	8.7	4.86741849908383e-17	0.799450784771233	-0.000618071704726549	33.688449818765	0.2
15.225	8.7	1.53738409831129e-17	0.79942843117774	-0.000642562709106487	33.6644666238091	0.2
15.375	8.7	-5.69243078319734e-17	0.799405163454764	-0.000668001827327492	33.6404841128943	0.2
15.525	8.7	-1.59891696065155e-16	0.799380943661585	-0.000694423686236115	33.6165023140018	0.2
15.675	8.7	-2.59407733955296e-16	0.799355732231729	-0.00072186399666974	33.5925212562746	0.2
15.825	8.7	-2.92868913323838e-16	0.799329487893121	-0.000750359567977946	33.5685409700679	0.2
15.975	8.7	-1.8110725564718e-16	0.79930216759082	-0.000779948322527677	33.544561487001	0.2
16.125	8.7	1.39130029658901e-16	0.799273726400612	-0.000810669308279725	33.5205828400124	0.2
16.275	8.7	6.63139463085467e-16	0.799244117441198	-0.000842562707618889	33.496605063417	0.200000000000001
16.425	8.7	1.26022744593414e-15	0.799213291778348	-0.000875669845403511	33.472628192966	0.200000000000001
16.575	8.7	1.63896343037945e-15	0.799181198325281	-0.000910033190679952	33.4486522659103	0.200000000000001
16.725	8.7	1.37729081599106e-15	0.799147783736648	-0.000945696358554045	33.4246773210665	0.200000000000001
16.875	8.7	5.75549332507378e-17	0.799112992296966	-0.000982704104272146	33.4007033988861	0.2
17.025	8.7	-2.48023954503978e-15	0.799076765798321	-0.00102110231583732	33.3767305415286	0.199999999999998
17.175	8.7	-5.81221794417277e-15	0.799039043416259	-0.00106093799846268	33.3527587929382	0.199999999999995
17.325	8.7	-8.66072047632197e-15	0.79899976157276	-0.00110225925436241	33.3287881989237	0.199999999999993
17.475	8.7	-8.89194410292116e-15	0.798958853791673	-0.0011451152560226	33.3048188072438	0.199999999999993
17.625	8.7	-4.0218680114748e-15	0.798916250546223	-0.0011895562114656	33.2808506676962	0.199999999999997
17.775	8.7	7.6163713663418e-15	0.798871879093702	-0.00123563331974738	33.256883832211	0.200000000000006
17.925	8.7	2.51474706902538e-14	0.798825663298037	-0.00128339871951459	33.2329183549505	0.20000000000002
18.075	8.7	4.33999060540409e-14	0.798777523444412	-0.00133290542558188	33.2089542924131	0.200000000000035
18.225	8.7	5.21411164879573e-14	0.798727376033039	-0.00138420725132324	33.1849917035439	0.200000000000042
18.375	8.7	3.76415283023789e-14	0.7986751335653	-0.00143735872168896	33.1610306498511	0.20000000000003
18.525	8.7	-1.22813761995793e-14	0.798620704306515	-0.00149241496939615	33.13707119553	0.19999999999999
18.675	8.7	-9.96288307848668e-14	0.798563992037154	-0.00154943161341249	33.1131134075927	0.19999999999992
18.825	8.7	-2.05922358898194e-13	0.798504895777645	-0.00160846462147138	33.0891573560078	0.199999999999835
18.975	8.7	-2.848763796172e-13	0.798443309496168	-0.00166957015117116	33.0652031138461	0.199999999999772
19.125	8.7	-2.65051021253422e-13	0.798379121789347	-0.00173280436650838	33.041250757438	0.199999999999788
19.275	8.7	-6.98241913146682e-14	0.798312215537753	-0.0017982232330912	33.0173003665388	0.199999999999944
19.425	8.7	3.41711276974229e-13	0.798242467530753	-0.00186588228108694	32.9933520245058	0.200000000000273
19.575	8.7	9.1852399208677e-13	0.798169748057476	-0.00193583634033975	32.9694058184869	0.200000000000735
19.725	8.7	1.46578576246412e-12	0.798093920466013	-0.00200813923925776	32.9454618396222	0.200000000001173
19.875	8.7	1.63205232371355e-12	0.798014840674401	-0.00208284346605165	32.9215201832587	0.200000000001306
20.025	8.7	9.77934827426127e-13	0.797932356645188	-0.00215999978706294	32.8975809491814	0.200000000000782
20.175	8.7	-8.4174318421196e-13	0.797846307803	-0.00223965681983669	32.8736442418598	0.199999999999327
20.325	8.7	-3.78905489700836e-12	0.797756524400646	-0.00232186055126865	32.8497101707134	0.199999999996969
20.475	8.7	-7.12338320504965e-12	0.79766282682092	-0.00240665380147939	32.8257788503965	0.199999999994301
20.625	8.7	-9.21316941397333e-12	0.79756502480977	-0.00249407562113588	32.8018504011055	0.199999999992629
20.775	8.7	-7.70768936681302e-12	0.797462916631321	-0.00258416061862562	32.7779249489097	0.199999999993834
20.925	8.7	-2.88184732785401e-13	0.797356288138039	-0.00267693821059187	32.7540026261091	0.199999999999769
21.075	8.7	1.39298813486277e-11	0.797244911739779	-0.00277243178277383	32.7300835716214	0.200000000011144
21.225	8.7	3.25931832986515e-11	0.797128545270975	-0.0028706577568797	32.706167931402	0.200000000026075
21.375	8.7	4.86153963020762e-11	0.797006930728362	-0.00297162454909663	32.6822558588989	0.200000000038892
21.525	8.7	5.0150527538177e-11	0.796879792877867	-0.00307533141174572	32.658347515549	0.20000000004012
21.675	8.7	2.33595568918343e-11	0.796746837703123	-0.00318176714457928	32.6344430713167	0.200000000018688
21.825	8.7	-4.11764893549416e-11	0.796607750680767	-0.00329090865905399	32.6105427052823	0.199999999967059
21.975	8.7	-1.38940169549582e-10	0.796462194860761	-0.00340271938544068	32.5866466062837	0.199999999888848
22.125	8.7	-2.41719922404657e-10	0.796309808720641	-0.00351714749755742	32.5627549736173	0.199999999806624
22.275	8.7	-2.9316578296002e-10	0.796150203776204	-0.00363412394264092	32.5388680178067	0.199999999765467
22.425	8.7	-2.17022535664034e-10	0.795982961908427	-0.00375356024539624	32.5149859614467	0.199999999826382
22.575	8.7	5.55248268638391e-11	0.795807632381967	-0.00387534606827666	32.4911090401336	0.20000000004442
22.725	8.7	5.38515386512824e-10	0.795623728511381	-0.00399934649410705	32.4672375034932	0.200000000430812
22.875	8.7	1.13403351924532e-09	0.795430723937525	-0.00412539900392735	32.4433716163201	0.200000000907227
23.025	8.7	1.59019120329651e-09	0.795228048450018	-0.00425331011808414	32.4195116598405	0.200000001272153
23.175	8.7	1.51261306108478e-09	0.795015083295706	-0.00438285166824804	32.3956579331096	0.20000000121009
23.325	8.7	4.70366861946349e-10	0.794791155884777	-0.00451375665910057	32.3718107545541	0.200000000376294
23.475	8.7	-1.78194587938346e-09	0.794555533794744	-0.00464571468156895	32.3479704636668	0.199999998574443
23.625	8.7	-4.99338993193742e-09	0.794307417967987	-0.00477836681585507	32.3241374228662	0.199999996005288
23.775	8.7	-8.12144146197406e-09	0.794045934995152	-0.00491129995048484	32.3003120195406	0.199999993502847
23.925	8.7	-9.24037050203872e-09	0.793770128395789	-0.00504404041741574	32.2764946683142	0.199999992607704
24.075	8.7	-5.88915389074597e-09	0.793478948827589	-0.00517604682016079	32.2526858135972	0.199999995288677
24.225	8.7	3.95363280319234e-09	0.79317124317071	-0.00530670192000466	32.2288859325061	0.200000003162906
24.375	8.7	2.02824221390494e-08	0.792845742411577	-0.00543530345789837	32.2050955382544	0.200000016225938
24.525	8.7	3.92527007356037e-08	0.792501048182118	-0.00556105383005859	32.181315184102	0.200000031402161
24.675	8.7	5.20109249165598e-08	0.792135617634963	-0.00568304860858915	32.1575454678975	0.20000004160874
24.825	8.7	4.54290445388744e-08	0.791747746108796	-0.00580026396808661	32.1337870371559	0.200000036343236
24.975	8.7	6.01498157612699e-09	0.791335546784238	-0.00591154310589165	32.1100405944986	0.200000004811985
25.125	8.7	-7.24588876628111e-08	0.790896926369106	-0.00601558162999861	32.0863069032065	0.19999994203289
25.275	8.7	-1.78764414445041e-07	0.790429555934494	-0.00611091157555448	32.0625867926703	0.199999856988468
25.425	8.7	-2.75152904684967e-07	0.789930836490653	-0.00619588315593176	32.0388811637626	0.199999779877676
25.575	8.7	-2.95742101242886e-07	0.789397859753422	-0.00626864263850158	32.0151909946453	0.199999763406319
25.725	8.7	-1.59970460093296e-07	0.78882736563395	-0.0063271041153763	31.9915173482074	0.199999872023632
25.875	8.7	1.93268520911449e-07	0.788215698781473	-0.00636891284123239	31.9678613829926	0.200000154614817
26.025	8.7	7.52255449491775e-07	0.787558766259801	-0.00639139878725914	31.9442243697195	0.20000060180436
26.175	8.7	1.3737789802239e-06	0.786851996330383	-0.00639152150971074	31.9206077148301	0.200001099023184
26.325	8.7	1.74863570520076e-06	0.786090293879696	-0.00636581129009589	31.8970129905091	0.200001398908564
26.475	8.7	1.43299546483833e-06	0.78526798178066	-0.00631031571579151	31.8734419672968	0.200001146396372
26.625	8.7	-1.36844950575246e-08	0.784378711366801	-0.00622056314549939	31.8498966415338	0.199999989052404
26.775	8.7	-2.76891458095857e-06	0.783415322793389	-0.00609155137051109	31.8263792471909	0.199997784868335
26.925	8.7	-6.40702294918026e-06	0.782369641775763	-0.00591775753407721	31.8028922427766	0.199994874381641
27.075	8.7	-9.60311309343605e-06	0.781232216460328	-0.00569314200100623	31.7794382717228	0.199992317509525
27.225	8.7	-1.00908151937818e-05	0.779992026619486	-0.00541108696564792	31.7560201103317	0.199991927347845
27.375	8.7	-5.12410439324996e-06	0.778636229622401	-0.00506418043644297	31.732640639107	0.199995900716485
27.525	8.7	7.37255385707429e-06	0.777150027678322	-0.00464374742293862	31.7093028941096	0.200005898043086
27.675	8.7	2.70097097770975e-05	0.775516725823977	-0.00413906923265841	31.686010262347	0.200021607767822
27.825	8.7	4.89410525254968e-05	0.773717978296392	-0.00353634313196887	31.6627668634045	0.20003915284202
27.975	8.7	6.26243706716781e-05	0.771734086177153	-0.00281762365063684	31.6395780956718	0.200050099496537
28.125	8.7	5.2694936014787e-05	0.76954403817798	-0.00196021879884089	31.6164512191871	0.200042155948812
28.275	8.7	3.31897787193283e-06	0.767124848741461	-0.000937197647032958	31.5933957211234	0.200002655182298
28.425	8.7	-9.33438623251501e-05	0.764449748024379	0.000280351671397351	31.5704231172057	0.19992532491014
28.575	8.7	-0.000225650646124112	0.761485026620232	0.00171908661005279	31.5475458618481	0.199819479483101
28.725	8.7	-0.000351603628548123	0.758185902932277	0.00339796815132011	31.5247752547097	0.199718717097161
28.875	8.7	-0.000394990263248165	0.754492629606628	0.00532404708284799	31.5021186870916	0.199684007789401
29.025	8.7	-0.000256559984228132	0.750328952888813	0.00749399166847281	31.4795772210715	0.199794752012618
29.175	8.7	0.000152950353593725	0.74560540954595	0.00990744424864173	31.4571451509705	0.200122360282875
29.325	8.7	0.000856802731382529	0.740228859048571	0.0125976793669372	31.4348135267521	0.200685442185106
29.475	8.7	0.0017428598178137	0.734116347029183	0.0156805871826819	31.4125792042016	0.201394287854251
29.625	8.7	0.00250475633959494	0.727206536319933	0.0194150192114362	31.3904594750785	0.202003805071676
29.775	8.7	0.00263106539750389	0.719458374493852	0.0242592915457544	31.3685096579787	0.202104852318003
29.925	8.7	0.00148484622706456	0.710827568817762	0.0309031835502197	31.3468376665206	0.201187876981652
30.075	8.7	-0.00149653725487619	0.701216120664473	0.0402476924219723	31.3256066911376	0.198802770196099
30.225	8.7	-0.00648688796023265	0.69039258480345	0.0532809224968458	31.3050165543324	0.194810489631814
30.375	8.7	-0.0129011936609267	0.677875670504418	0.0707443918427632	31.2852579758925	0.189679045071259
30.525	8.7	-0.0190822628905331	0.662773564636701	0.0924358869800972	31.2664429113749	0.184734189687574
30.675	8.7	-0.0221791395878243	0.643638467681947	0.116146121156437	31.2485268946696	0.182256688329741
30.825	8.7	-0.0183229194548494	0.618637367469348	0.136936919513109	31.2312506866945	0.18534166443612
30.975	8.7	-0.0031257065359037	0.586558616902527	0.14842918738613	31.2141291108589	0.197499434771277
31.125	8.7	0.0275641240119488	0.548389959944593	0.14664071652774	31.1964971881049	0.222051299209559
31.275	8.7	0.0767651440964417	0.507634157272697	0.132940263381427	31.1775978999351	0.261412115277153
31.425	8.7	0.145435803262619	0.468495820855219	0.112540925284822	31.1566866724531	0.316348642610095
31.575	8.7	0.231681290641772	0.433917667473608	0.0907191169735568	31.1331354948363	0.385345032513418
31.725	8.7	0.330442256927693	0.405096268112214	0.0707254108452115	31.1065242671488	0.464353805542155
31.875	8.7	0.434108625198845	0.381993666357756	0.0538496552885685	31.0767030967237	0.547286900159076
32.025	8.7	0.534149541825411	0.363952626343246	0.0402198014855979	31.0438062282864	0.627319633460329
32.175	8.7	0.623149256605408	0.350103928425739	0.0294596968872315	31.0082087082773	0.698519405284326
32.325	8.7	0.696283272934255	0.339588714122297	0.0210529120385269	30.9704399119249	0.757026618347404
32.475	8.7	0.751687324948723	0.331663226445233	0.0145037967897743	30.931085399513	0.801349859958978
32.625	8.7	0.789903985463022	0.325730848031749	0.009393346564877	30.8907064279053	0.831923188370418
32.775	8.7	0.812961675356222	0.321333461215664	0.0053884245409701	30.8497904858194	0.850369340284978
32.925	8.7	0.823538983528076	0.318126237305419	0.00223320522713536	30.8087307908777	0.858831186822461
33.075	8.7	0.824397596744594	0.315850592022482	-0.000264475395146885	30.7678254656361	0.859518077395675
33.225	8.7	0.818073634210489	0.314311675525945	-0.0022468328025298	30.7272870027978	0.854458907368391
33.375	8.7	0.806746200058712	0.313361708761809	-0.00381819103057308	30.6872555423832	0.84539696004697
33.525	8.7	0.792204690716567	0.312888356667933	-0.00505499286667214	30.6478124920031	0.833763752573253
33.675	8.7	0.775862683189088	0.312806817660761	-0.00601384808222984	30.6089930512656	0.820690146551271
33.825	8.7	0.75879076250977	0.313054418130161	-0.00673783443680847	30.5707972500946	0.807032610007816
33.975	8.7	0.741756349338257	0.313586767251409	-0.00726127520890847	30.5331995140242	0.793405079470606
34.125	8.7	0.725266347562669	0.314374799653188	-0.00761320447438293	30.496156849897	0.780213078050135
34.275	8.7	0.709611152538269	0.315402276559923	-0.00781973118284227	30.4596157149946	0.767688922030615
34.425	8.7	0.69490884638609	0.316663518589953	-0.00790552337361468	30.4235175997875	0.755927077108872
34.575	8.7	0.681147969876842	0.318161293676872	-0.00789463874391673	30.3878033565842	0.744918375901474
34.725	8.7	0.668226975985766	0.319904874006075	-0.00781091476509002	30.3524163415394	0.734581580788613
34.875	8.7	0.655988618966228	0.321908310414445	-0.00767810044037818	30.3173044881694	0.724790895172983
35.025	8.7	0.644248060595526	0.324188967503885	-0.00751987335679401	30.2824214777987	0.71539844847642
35.175	8.7	0.632814198703593	0.32676634011724	-0.0073598533029227	30.2477272028597	0.706251358962874
35.325	8.7	0.621504457627619	0.329661152635387	-0.00722170441931429	30.2131877262674	0.697203566102095
35.475	8.7	0.610153896255193	0.33289473988902	-0.00712940716064668	30.1787749234929	0.688123117004155
35.625	8.7	0.598619918304027	0.336488724571226	-0.00710776425302505	30.1444659564534	0.678895934643222
35.775	8.7	0.586784085307972	0.340465031754568	-0.00718316185550657	30.1102426753435	0.669427268246377
35.925	8.7	0.574552529258256	0.344846298162403	-0.00738452385548733	30.0760909836111	0.659642023406605
36.075	8.7	0.561856239955045	0.34965671986716	-0.00774427433654454	30.0420001423783	0.649484991964036
36.225	8.7	0.548652072055832	0.354923318775804	-0.00829898384548263	30.0079619460432	0.638921657644665
36.375	8.7	0.534924712555576	0.360677491086874	-0.00908926554719181	29.9739696838276	0.627939770044461
36.525	8.7	0.520689147209801	0.366956547776509	-0.0101584694574855	29.9400168237992	0.616551317767841
36.675	8.7	0.505992492745478	0.37380481239322	-0.0115498571860215	29.906095420899	0.604793994196382
36.825	8.7	0.49091359184022	0.381273772393946	-0.0133022622971229	29.872194352138	0.592730873472176
36.975	8.7	0.4755586790667	0.389420864745314	-0.0154447391594492	29.8382976000561	0.58044694325336
37.125	8.7	0.460051850639684	0.398306778845268	-0.0179912895545205	29.8043829069639	0.568041480511747
37.275	8.7	0.444520034589202	0.407991693415617	-0.0209372593234991	29.7704211683502	0.555616027671361
37.425	8.7	0.429073537395259	0.418531545146904	-0.0242591758892317	29.7363768897583	0.543258829916207
37.575	8.7	0.413784760043071	0.429976041818274	-0.0279194109244803	29.7022098811003	0.531027808034457
37.725	8.7	0.398668940181268	0.442370362558378	-0.0318759889844699	29.6678781192601	0.518935152145015
37.875	8.7	0.383671371010531	0.455762030745458	-0.0360962809379567	29.6333414216807	0.506937096808425
38.025	8.7	0.36866514588892	0.470213210955503	-0.0405716967472243	29.5985653150496	0.494932116711136
38.175	8.7	0.353461966367448	0.485816941602321	-0.045329474733828	29.5635243357396	0.482769573093959
38.325	8.7	0.337836116500981	0.502714150228405	-0.0504377605341319	29.5282040237999	0.470268893200785
38.475	8.7	0.321558845474302	0.521107315241309	-0.0560014428003174	29.4926010876323	0.457247076379442
38.625	8.7	0.304437825161554	0.541266629482174	-0.0621482286730731	29.4567215848877	0.443550260129243
38.775	8.7	0.286354783982572	0.563525336072239	-0.0690065110379734	29.4205774013405	0.429083827186058
38.925	8.7	0.267294361077049	0.588262131832302	-0.076678134440404	29.3841817025122	0.413835488861639
39.075	8.7	0.247358761531387	0.615869835827341	-0.0852100013318693	29.3475442772688	0.397887009225109
39.225	8.7	0.226765552437902	0.646710891883358	-0.0945686977199261	29.3106677203974	0.381412441950322
39.375	8.7	0.20582920817491	0.681062010532234	-0.104622180625133	29.2735452031161	0.364663366539928
39.525	8.7	0.184929972446963	0.719052692338558	-0.115132152895773	29.2361602107225	0.34794397795757
39.675	8.7	0.16447558772866	0.760605496508212	-0.125759942169533	29.1984881868761	0.331580470182928
39.825	8.7	0.144862117083578	0.805389028008218	-0.136087290385644	29.1604996322757	0.315889693666862
39.975	8.7	0.126439492533705	0.852796264456882	-0.145651345584103	29.122163958874	0.301151594026964
40.125	8.7	0.109485899480126	0.901959258520286	-0.153990512187966	29.0834533459492	0.287588719584101
40.275	8.7	0.0941931133256047	0.951805311283975	-0.160695186374186	29.0443459663915	0.275354490660484
40.425	8.7	0.0806629001840712	1.00115008758746	-0.165455525193472	29.0048281859403	0.264530320147257
40.575	8.7	0.0689129403447024	1.04881276326653	-0.168097961305698	28.964895600436	0.255130352275762
40.725	8.7	0.0588896576705657	1.09373136195944	-0.168603605829972	28.9245529950112	0.247111726136453
40.875	8.7	0.0504849197774339	1.13505620016062	-0.167105031913813	28.883813447001	0.240387935821947
41.025	8.7	0.0435537516945232	1.17220604530099	-0.163862614890705	28.8426968499117	0.234843001355619
41.175	8.7	0.0379308095827588	1.20488221000188	-0.159226208291204	28.8012281312353	0.230344647666207
41.325	8.7	0.0334441677566589	1.23304598757184	-0.153590732263408	28.759435399469	0.226755334205327
41.475	8.7	0.0299257708817109	1.25687125426681	-0.147354269866113	28.7173482047346	0.223940616705369
41.625	8.7	0.0272185457806898	1.27668573228951	-0.140884897627173	28.6749960423291	0.221774836624552
41.775	8.7	0.0251805879147042	1.29291236330284	-0.134499067482766	28.6324071738248	0.220144470331763
41.925	8.7	0.0236870416273385	1.30601838855884	-0.128451292847487	28.5896077901077	0.218949633301871
42.075	8.7	0.0226303292911553	1.31647576740658	-0.122932948804505	28.5466214996466	0.218104263432924
42.225	8.7	0.0219193153216669	1.32473348453563	-0.118077262469977	28.5034690968344	0.217535452257333
42.375	8.7	0.0214778728319876	1.33120039717451	-0.11396771645155	28.460168550343	0.21718229826559
42.525	8.7	0.0212431935783798	1.33623641416127	-0.110647687751179	28.4167351483213	0.216994554862704
42.675	8.7	0.021164068796733	1.34014966117385	-0.108129857161116	28.3731817425783	0.216931255037386
42.825	8.7	0.0211992791079594	1.34319755267518	-0.106404554001736	28.3295190439404	0.216959423286368
42.975	8.7	0.0213161668627434	1.34559012225153	-0.105446671494439	28.2857559326618	0.217052933490195
43.125	8.7	0.0214894207321393	1.34749441126252	-0.105221096008662	28.2418997589473	0.217191536585711
43.275	8.7	0.0217000751761	1.34903910682533	-0.105686769085507	28.197956618145	0.21736006014088
43.425	8.7	0.0219347119084114	1.35031892795513	-0.106799582913793	28.1539315925298	0.217547769526729
43.575	8.7	0.0221848427242642	1.3513984836939	-0.108514332101574	28.1098289568671	0.217747874179411
43.725	8.7	0.0224464501774628	1.35231548159526	-0.110785933218664	28.0656523484317	0.21795716014197
43.875	8.7	0.0227196626547089	1.35308326452356	-0.113570096464857	28.0214049042717	0.218175730123767
44.025	8.7	0.0230085422882854	1.35369271259005	-0.11682360198769	27.977089369685	0.218406833830628
44.175	8.7	0.0233209674656143	1.35411357621128	-0.120504302618562	27.9327081824708	0.218656773972492
44.325	8.7	0.0236685966014533	1.35429531298585	-0.124570946935342	27.8882635378349	0.218934877281163
44.475	8.7	0.0240669069795566	1.35416748896653	-0.128982889945714	27.8437574390255	0.219253525583645
44.625	8.7	0.0245353129180606	1.35363977445608	-0.133699728410939	27.7991917389789	0.219628250334448
44.775	8.7	0.0250973828416396	1.35260151416974	-0.138680855658155	27.7545681784514	0.220077906273312
44.925	8.7	0.025781197378706	1.35092077970485	-0.143884865207753	27.7098884262007	0.220624957902965
45.075	8.7	0.0266199237649841	1.34844271987464	-0.149268630248433	27.6651541264056	0.221295939011987
45.225	8.7	0.0276527302318342	1.34498692116061	-0.154785735055233	27.6203669568312	0.222122184185467
45.375	8.7	0.0289262325648019	1.34034340312045	-0.160383732423023	27.5755286966169	0.223140986051842
45.525	8.7	0.0304967558129801	1.33426685897266	-0.165999469501297	27.5306412922451	0.224397404650384
45.675	8.7	0.0324338007563239	1.32646891191965	-0.171551530392713	27.4857068905375	0.225947040605059
45.825	8.7	0.0348252032847653	1.31660865097943	-0.176928828103006	27.4407277747142	0.227860162627812
45.975	8.7	0.0377845144990457	1.30428273970306	-0.181974776995403	27.3957060921387	0.230227611599237
46.125	8.7	0.0414610277467813	1.28901814608687	-0.186467613873815	27.3506432047106	0.233168822197425
46.275	8.7	0.0460525306776641	1.27027304515121	-0.190099639047372	27.3055384392644	0.236842024542131
46.425	8.7	0.0518201686042252	1.24745427636804	-0.192461518572369	27.2603869927901	0.24145613488338
46.575	8.7	0.0591037382233401	1.2199616590087	-0.193041759340467	27.2151767928598	0.247282990578672
46.725	8.7	0.0683343934816156	1.18726817467966	-0.191254237867364	27.1698842625608	0.254667514785293
46.875	8.7	0.0800404307283002	1.14903756008021	-0.186504956522402	27.1244692022309	0.26403234458264
47.025	8.7	0.0948409809171465	1.10526543884585	-0.17829936696895	27.0788693382603	0.275872784733717
47.175	8.7	0.113422543225899	1.05640953394403	-0.166372939383827	27.0329954058856	0.290738034580719
47.325	8.7	0.136494627985931	1.0034588118522	-0.150806726996364	26.986727808777	0.309195702388745
47.475	8.7	0.164723315668918	0.947895304473201	-0.132080557135247	26.939915860241	0.331778652535134
47.625	8.7	0.198645096931004	0.891534107123129	-0.111031816673624	26.8923803807182	0.358916077544803
47.775	8.7	0.23856787053182	0.836276027404675	-0.0887249166943204	26.8439200828231	0.390854296425456
47.925	8.7	0.284471451552729	0.783845563989989	-0.0662742297499242	26.7943217572255	0.427577161242183
48.075	8.7	0.335925748723709	0.735589790773297	-0.0446780153671801	26.7433737444922	0.468740598978967
48.225	8.7	0.392048782783771	0.692381383629724	-0.0247067131596509	26.6908815174865	0.513639026227017
48.375	8.7	0.451525309161041	0.654624780548618	-0.00685993788071873	26.6366835145926	0.561220247328833
48.525	8.7	0.512696646180775	0.62233364080069	0.00861883212701356	26.5806649131124	0.61015731694462
48.675	8.7	0.573714287220328	0.595239478949204	0.0216929314892821	26.5227670872379	0.658971429776263
48.825	8.7	0.632729998510546	0.572899736631216	0.0324712917931743	26.4629911699616	0.706183998808437
48.975	8.7	0.688082369518897	0.554787631280402	0.0411512260682665	26.4013952991587	0.750465895615118
49.125	8.7	0.738441080518332	0.540357982378511	0.0479731000144328	26.3380864109861	0.790752864414666
49.275	8.7	0.782885226217535	0.529090205679025	0.0531885984707186	26.2732084124461	0.826308180974028
49.425	8.7	0.820912808468675	0.520512758090027	0.0570408382434485	26.2069289413582	0.85673024677494
49.575	8.7	0.852395583288756	0.514214050050851	0.0597533736349982	26.1394267053396	0.881916466631005
49.725	8.7	0.877501735392134	0.509844333249945	0.0615252422258813	26.0708807899243	0.902001388313707
49.875	8.7	0.896608288644872	0.507112153468343	0.0625298266420984	26.001462616415	0.917286630915898
50.025	8.7	0.910219286033007	0.505777980039094	0.0629159978778593	25.9313306302988	0.928175428826406
50.175	8.7	0.918898557280308	0.505646764995358	0.062810551562751	25.8606274083607	0.935118845824247
50.325	8.7	0.92321991495758	0.5065605176454	0.0623213289161098	25.7894786845155	0.938575931966064
50.475	8.7	0.923733824772639	0.508391507983422	0.0615406663068425	25.7179937553768	0.938987059818111
50.625	8.7	0.920947799304833	0.511036411644425	0.0605489794748168	25.6462667703201	0.936758239443866
50.775	8.7	0.915317323582955	0.514411542234234	0.059418384275923	25.5743784845975	0.932253858866364
50.925	8.7	0.907244364743369	0.518449244143159	0.0582162902969677	25.5023981267319	0.925795491794695
51.075	8.7	0.89708092919648	0.523095500742165	0.0570088720505755	25.4303850927118	0.917664743357184
51.225	8.7	0.885135372587686	0.528308807887147	0.0558642229483485	25.3583902371999	0.908108298070149
51.375	8.7	0.871679058098429	0.534060327327226	0.0548548498530133	25.2864566089959	0.897343246478744
51.525	8.7	0.856950454168065	0.540335228800509	0.0540590355578823	25.2146196088179	0.885560363334452
51.675	8.7	0.841152979614542	0.547134933176181	0.0535606122671599	25.1429067705341	0.872922383691634
51.825	8.7	0.824442165745967	0.554479709963572	0.0534470438870237	25.071337709797	0.859553732596773
51.975	8.7	0.806897585019251	0.562410870140331	0.0538066187250195	24.9999252392294	0.845518068015401
52.125	8.7	0.788476306144202	0.570991839310707	0.0547271196397966	24.9286791440913	0.830781044915362
52.275	8.7	0.768948309407757	0.580307976379447	0.0563004077907707	24.857614480159	0.815158647526205
52.425	8.7	0.747821131856048	0.590466347930018	0.0586393565032102	24.7867662245389	0.798256905484839
52.575	8.7	0.724271262569454	0.601598745206341	0.0619145848102202	24.7162113282514	0.779417010055563
52.725	8.7	0.69711257705372	0.613873554874267	0.0664176479021125	24.6460973359661	0.757690061642976
52.875	8.7	0.664844445264968	0.627523780368397	0.0726547095357278	24.576673560761	0.731875556211975
53.025	8.7	0.625827850674223	0.642898662114076	0.0814711886548946	24.5083165412279	0.700662280539378
53.175	8.7	0.578626477094861	0.660544432452224	0.094203882644565	24.441537107935	0.662901181675889
53.325	8.7	0.522508546301723	0.68131493371583	0.112848382031671	24.376953835781	0.618006837041378
53.475	8.7	0.458029133725048	0.706500327016729	0.140199335921712	24.3152199217704	0.566423306980038
53.625	8.7	0.387523717739985	0.737922228385661	0.179826450156687	24.2569003602974	0.510018974191988
53.775	8.7	0.315302261461985	0.777817693433798	0.235508514119494	24.2023136203837	0.452241809169588
53.925	8.7	0.247400875522032	0.828011810716054	0.30930247719694	24.1513718560324	0.397920700417626
54.075	8.7	0.190896215017224	0.8874160959304	0.397194066651119	24.1034687084812	0.352716972013779
54.225	8.7	0.152870797772329	0.947597661354504	0.483346491005636	24.0574698405502	0.322296638217863
54.375	8.7	0.139081084615004	0.991046706753696	0.540700496833197	24.0118464462896	0.311264867692003
54.525	8.7	0.152490803418097	1.00081064802541	0.547272129839258	23.9649264339336	0.321992642734477
54.675	8.7	0.192205227150193	0.975390899911139	0.505280835134038	23.9151703466589	0.353764181720155
54.825	8.7	0.253392148594645	0.928414063639648	0.436827112918386	23.861408924864	0.402713718875716
54.975	8.7	0.32828272299576	0.875582950731335	0.364168889158258	23.8030048225911	0.462626178396608
55.125	8.7	0.407900241389802	0.826722080344406	0.299546980642892	23.7398886465537	0.526320193111841
55.275	8.7	0.483953292043734	0.785822950247922	0.246692068064305	23.6724686650976	0.587162633634988
55.425	8.7	0.550264894751731	0.753528234139323	0.205089353704445	23.6014668846418	0.640211915801384
55.575	8.7	0.603338262614517	0.729065272428804	0.172811537947974	23.5277433387805	0.682670610091614
55.725	8.7	0.642110283946538	0.711262985714158	0.147796569215914	23.4521534543436	0.713688227157231
55.875	8.7	0.667261499594995	0.698981788407262	0.128280756418118	23.3754573329849	0.733809199675996
56.025	8.7	0.680465417600399	0.691254087312013	0.112877732349227	23.2982776743212	0.744372334080319
56.175	8.7	0.683795186831847	0.687302991406971	0.10053620292712	23.2210922074598	0.747036149465478
56.325	8.7	0.679341198302042	0.686518229816554	0.0904699904274236	23.1442456202556	0.743472958641634
56.475	8.7	0.669004759904607	0.688422288964899	0.082092899400074	23.0679698856143	0.735203807923686
56.625	8.7	0.654409970131954	0.692638865438114	0.07496700273455	22.9924064137631	0.723527976105563
56.775	8.7	0.636884584948713	0.698867087233288	0.0687644177558574	22.9176268066689	0.70950766795897
56.925	8.7	0.617476969235178	0.706861698175955	0.0632400817579784	22.8436509465796	0.693981575388143
57.075	8.7	0.596989796117022	0.71641832554047	0.0582126530039062	22.7704621082038	0.677591836893618
57.225	8.7	0.576019860283257	0.727362713045225	0.0535510120105156	22.6980191838228	0.660815888226606
57.375	8.7	0.554998221641729	0.739542875882629	0.0491643888832596	22.626266257018	0.643998577313383
57.525	8.7	0.534227445666908	0.75282332379956	0.0449947012107177	22.5551398158429	0.627381956533526
57.675	8.7	0.513914119828649	0.767080721672669	0.0410101767830268	22.4845739260745	0.611131295862919
57.825	8.7	0.494195747210391	0.782200572761862	0.0371997238524563	22.414503705202	0.595356597768313
57.975	8.7	0.475161819527591	0.798074688039984	0.0335677916010764	22.3448674445422	0.580129455622073
58.125	8.7	0.456869413819611	0.814599331249127	0.0301296444052243	22.2756077149058	0.565495531055689
58.275	8.7	0.43935403221101	0.831674001601651	0.0269070721007838	22.2066717601147	0.551483225768808
58.425	8.7	0.422636610905027	0.849200837760338	0.0239245973453374	22.1380114365476	0.538109288724021
58.575	8.7	0.406727676796908	0.867084612106938	0.0212062438170459	22.0695829024766	0.525382141437526
58.725	8.7	0.391629560123886	0.885233250522495	0.0187729124489302	22.0013462054519	0.513303648099109
58.875	8.7	0.377337424059323	0.903558774386829	0.0166403876582252	21.9332648654022	0.501869939247458
59.025	8.7	0.363839690468263	0.921978529870823	0.0148179676231459	21.8653055092886	0.491071752374611
59.175	8.7	0.351118259796458	0.940416552018719	0.0133076853187915	21.7974375817066	0.480894607837166
59.325	8.7	0.339148765209763	0.958804910257257	0.0121040623316504	21.7296331345917	0.47131901216781
59.475	8.7	0.327900978032256	0.977084897064138	0.0111943172775929	21.6618666867565	0.462320782425805
59.625	8.7	0.317339396007372	0.995207948550472	0.0105589365776813	21.5941151383586	0.453871516805898
59.775	8.7	0.307423994147906	1.01313621974725	0.0101725084723914	21.5263577244117	0.445939195318325
59.925	8.7	0.298111092836634	1.03084277346673	0.0100047218432897	21.4585759931829	0.438488874269307
60.075	8.7	0.289354291643235	1.04831137507656	0.0100214391029852	21.3907537982248	0.431483433314588
60.225	8.7	0.281105422730825	1.06553591313476	0.0101857657120861	21.3228772957916	0.42488433818466
60.375	8.7	0.273315488789908	1.08251948583505	0.0104590558517731	21.2549349418443	0.418652391031927
60.525	8.7	0.265935562877856	1.09927320522146	0.0108018123587399	21.1869174844653	0.412748450302285
60.675	8.7	0.258917638673341	1.11581477587434	0.0111744573480274	21.1188179482689	0.407134110938673
60.825	8.7	0.25221542812079	1.13216690363499	0.0115379665550216	21.0506316074397	0.401772342496632
60.975	8.7	0.245785108866668	1.14835558466718	0.0118543743925561	20.9823559435763	0.396628087093334
61.125	8.7	0.239586026546119	1.16440831747034	0.0120871676277459	20.9139905837834	0.391668821236895
61.275	8.7	0.233581357468769	1.18035227192319	0.0122015934661406	20.8455372136323	0.386865085975016
61.425	8.7	0.227738736259974	1.19621244131414	0.0121649130535474	20.7769994588344	0.382190989007979
61.575	8.7	0.222030851087077	1.21200979662075	0.0119466345511639	20.7083827288279	0.377624680869662
61.725	8.7	0.216436006480582	1.22775945784934	0.0115187616653059	20.6396940150349	0.373148805184466
61.875	8.7	0.210938650240579	1.24346889583258	0.0108560943882826	20.5709416364012	0.368750920192463
62.025	8.7	0.205529855760038	1.25913618039474	0.00993661898426515	20.5021349251626	0.36442388460803
62.175	8.7	0.200207743031908	1.2747482984557	0.00874202356095397	20.4332838469665	0.360166194425527
62.325	8.7	0.194977809011759	1.29027958003462	0.00725837254128032	20.3643985521093	0.355982247209408
62.475	8.7	0.189853119329965	1.30569029316026	0.00547696526532159	20.2954888596359	0.351882495463972
62.625	8.7	0.184854287902926	1.3209255021663	0.0033953865908785	20.2265636845093	0.347883430322341
62.775	8.7	0.180009140186376	1.33591432834844	0.00101872542802062	20.1576304311658	0.344007312149101
62.925	8.7	0.175351924708021	1.35056980490404	-0.0016391142453806	20.0886943953003	0.340281539766417
63.075	8.7	0.170921916416457	1.36478957097759	-0.00455415765697785	20.0197582393313	0.336737533133166
63.225	8.7	0.166761260706176	1.37845768486075	-0.00769139340055647	19.9508216332852	0.333409008564941
63.375	8.7	0.162911960208957	1.39144782559024	-0.0110044143207687	19.8818811763118	0.330329568167166
63.525	8.7	0.159412030202111	1.40362805937735	-0.0144360253913243	19.8129307254766	0.327529624161689
63.675	8.7	0.156291059725818	1.41486713203817	-0.0179201374097775	19.7439622450843	0.325032847780655
63.825	8.7	0.153565706597414	1.42504190445961	-0.0213850979801754	19.674967237527	0.322852565277931
63.975	8.7	0.15123598503883	1.4340451098703	-0.0247583095327713	19.6059387147369	0.320988788031064
64.125	8.7	0.149283485595573	1.44179218667092	-0.0279715992617001	19.5368735169849	0.319426788476459
64.275	8.7	0.147672758359325	1.44822570689308	-0.0309664609248229	19.4677746003828	0.31813820668746
64.425	8.7	0.146356819936893	1.45331607715689	-0.0336981565114117	19.3986527382014	0.317085455949515
64.575	8.7	0.145286946823905	1.45705789177274	-0.0361379032533977	19.329526983091	0.316229557459124
64.725	8.7	0.144425511069699	1.45946258142362	-0.0382730300048891	19.2604233065064	0.315540408855759
64.875	8.7	0.143758691299295	1.46054964820053	-0.0401059488114973	19.1913711571926	0.315006953039436
65.025	8.7	0.143303805814877	1.46034043492124	-0.0416537460846521	19.1223983181709	0.314643044651902
65.175	8.7	0.143104423456542	1.45885947529716	-0.0429506950383565	19.0535253689881	0.314483538765234
65.325	8.7	0.143206230635431	1.45614826569969	-0.0440555182920899	18.9847621310621	0.314564984508344
65.475	8.7	0.143608868375444	1.45229398147192	-0.0450634470572905	18.9161093919926	0.314887094700355
65.625	8.7	0.144194354347394	1.44747082716625	-0.0461202284462728	18.847569541316	0.315355483477915
65.775	8.7	0.144641375865682	1.44198522381834	-0.0474322618091675	18.779169033233	0.315713100692546
65.925	8.7	0.144345800310845	1.43631064279416	-0.0492655420118775	18.7109934534634	0.315476640248676
66.075	8.7	0.142379227477645	1.4310972244836	-0.0519266528861533	18.643232296447	0.313903381982116
66.225	8.7	0.137526425264485	1.42714673064938	-0.0557193404195616	18.5762255758467	0.310021140211588
66.375	8.7	0.128445605792597	1.42535079707515	-0.0608639194337093	18.510498599438	0.302756484634077
66.525	8.7	0.11398887077555	1.42659042785839	-0.0673444488707144	18.4467653168354	0.29119109662044
66.675	8.7	0.0936990895702066	1.43157466122048	-0.0746000747542455	18.3858754700996	0.274959271656165
66.825	8.7	0.0684573264666478	1.44053787694169	-0.0809074743295959	18.3286778989808	0.254765861173318
66.975	8.7	0.0411824932369353	1.45258214310035	-0.0823277268294016	18.2757755082648	0.232945994589548
67.125	8.7	0.0173745213700625	1.46423949355141	-0.0717731504448671	18.2271659413635	0.21389961709605
67.275	8.7	0.00515905373920676	1.46719152813666	-0.0411724626802731	18.1818154281595	0.204127242991365
67.425	8.7	0.0144192313051003	1.44868554642669	0.00903085078883427	18.1373178128867	0.21153538504408
67.575	8.7	0.0547378825616439	1.40151294519707	0.0618667975503872	18.0898809516947	0.243790306049315
67.725	8.7	0.13228934930202	1.33371482896399	0.097301406136511	18.0348152319301	0.305831479441616
67.875	8.7	0.246431474440753	1.26032465047651	0.110501603882356	17.967513357901	0.397145179552603
68.025	8.7	0.387576256332541	1.19181513204547	0.108357795124181	17.884655674041	0.510061005066032
68.175	8.7	0.538568068097375	1.13255305815906	0.0987335329354285	17.7851438306614	0.6308544544779
68.325	8.7	0.680301756155286	1.0831078371162	0.086532811196006	17.6703128315293	0.744241404924229
68.475	8.7	0.798482803021234	1.04223475659819	0.0741575469481444	17.5433157211358	0.838786242416987
68.625	8.7	0.887039905052566	1.00822941999334	0.0626263169875171	17.4080491789554	0.909631924042053
68.775	8.7	0.947087639549721	0.979635332314811	0.0523047785292564	17.2681804209667	0.957670111639777
68.925	8.7	0.983771231845453	0.955403841586858	0.0432701961310401	17.1265989355216	0.987016985476362
69.075	8.7	1.00340804515207	0.934796214930979	0.0354764088639421	16.9852804750611	1.00272643612165
69.225	8.7	1.01179670875589	0.917254860679207	0.0288263316746958	16.8453954723771	1.00943736700471
69.375	8.7	1.01352459323825	0.902322585759704	0.0232034558725671	16.7075070756147	1.0108196745906
69.525	8.7	1.01185997582562	0.889606582253898	0.0184855000897685	16.5717698456072	1.00948798066049
69.675	8.7	1.00891558673038	0.878765707649061	0.0145509234220818	16.438092929908	1.00713246938431
69.825	8.7	1.00590697307508	0.869505753506953	0.011283119563305	16.3062598024444	1.00472557846006
69.975	8.7	1.00341745460896	0.861575847077696	0.00857393470733297	16.1760085285412	1.00273396368717
70.125	8.7	1.00162820247453	0.854764157365928	0.0063265601370472	16.0470803931799	1.00130256197963
70.275	8.7	1.00049680586754	0.848893055962964	0.00445737707785907	15.9192452663258	1.00039744469403
70.425	8.7	0.999882172328295	0.843814263730372	0.00289650079969106	15.7923112599604	0.999905737862636
70.575	8.7	0.999622186817024	0.839404347635565	0.0015871254762849	15.6661248491086	0.999697749453619
70.725	8.7	0.999574759729987	0.835560715613695	0.000484025625037897	15.540566068777	0.99965980778399
70.875	8.7	0.999633736738793	0.832198131013967	-0.000448357715531121	15.4155419097797	0.999706989391034
71.025	8.7	0.999729772781692	0.829245719816387	-0.00123788308683949	15.2909797823162	0.999783818225354
71.175	8.7	0.999823839241489	0.826644431722781	-0.00190648791636277	15.1668219741564	0.999859071393192
71.325	8.7	0.999898439840558	0.824344913542579	-0.00247166429799086	15.0430214021312	0.999918751872446
71.475	8.7	0.999949400749195	0.82230575077313	-0.00294760610748899	14.9195385930145	0.999959520599356
71.625	8.7	0.999979492173017	0.820492030629993	-0.00334605749154039	14.7963396628082	0.999983593738413
71.775	8.7	0.999994128859696	0.818874178740876	-0.00367691784597229	14.6733950221623	0.999995303087757
71.925	8.7	0.999998868679324	0.817427023194146	-0.00394866322040147	14.5506785630139	0.999999094943459
72.075	8.7	0.999998231861122	0.816129043429624	-0.00416863765672009	14.4281671371222	0.999998585488897
72.225	8.7	0.999995362493605	0.814961766785835	-0.0043432568874079	14.3058401962838	0.999996289994884
72.375	8.7	0.999992145759077	0.81390928149359	-0.00447815520230426	14.1836795141109	0.999993716607262
72.525	8.7	0.999989512317287	0.812957840813357	-0.00457829626749502	14.0616689460388	0.99999160985383
72.675	8.7	0.99998776862033	0.812095538380048	-0.00464806102302404	13.9397942080858	0.999990214896264
72.825	8.7	0.999986873472863	0.811312039391898	-0.00469132047020793	13.8180426684236	0.99998949877829
72.975	8.7	0.999986634684586	0.810598355987078	-0.00471149777388562	13.6964031521643	0.999989307747669
73.125	8.7	0.999986829639597	0.809946658028388	-0.00471162213068269	13.5748657617286	0.999989463711678
73.275	8.7	0.999987266722145	0.809350112675104	-0.00469437580701262	13.4534217148683	0.999989813377716
73.425	8.7	0.999987807230206	0.808802747696634	-0.00466213525355144	13.3320632012509	0.999990245784165
73.575	8.7	0.999988364734474	0.808299334612952	-0.00461700699537429	13.2107832572904	0.999990691787579
73.725	8.7	0.999988894214912	0.807835288554061	-0.0045608589174057	13.089575657972	0.99999111537193
73.875	8.7	0.999989378702381	0.807406582313611	-0.00449534752518894	12.9684348238758	0.999991502961905
74.025	8.7	0.999989817479359	0.807009672502339	-0.00442194172395551	12.8473557414024	0.999991853983487
74.175	8.7	0.999990217386624	0.80664143603851	-0.0043419436093568	12.7263338942526	0.999992173909299
74.325	8.7	0.999990587317418	0.806299115476932	-0.00425650670629946	12.605365204397	0.999992469853934
74.475	8.7	0.999990935290314	0.805980271897663	-0.00416665202976902	12.4844459810241	0.999992748232251
74.625	8.7	0.999991267298042	0.805682744261265	-0.00407328228223224	12.3635728762097	0.999993013838434
74.775	8.7	0.999991587203087	0.805404614297256	-0.00397719444873407	12.24274284628	0.99999326976247
74.925	8.7	0.999991897132683	0.805144176130524	-0.00387909100466693	12.121953118033	0.999993517706147
75.075	8.7	0.999992198020605	0.804899909968748	-0.00377958991432725	12.0012011591361	0.999993758416484
75.225	8.7	0.999992490104277	0.804670459275371	-0.00367923356787488	11.8804846521359	0.999993992083422
75.375	8.7	0.99999277329871	0.804454610939055	-0.00357849678151977	11.7598014716075	0.999994218638968
75.525	8.7	0.999993047436589	0.804251278023349	-0.00347779396648326	11.6391496640405	0.999994437949271
75.675	8.7	0.99999331239717	0.804059484742251	-0.00337748555827796	11.5185274301172	0.999994649917736
75.825	8.7	0.99999356815719	0.803878353358761	-0.0032778837854995	11.3979331090811	0.999994854525752
75.975	8.7	0.999993814795115	0.803707092747335	-0.00317925784800328	11.2773651649353	0.999995051836092
76.125	8.7	0.999994052472752	0.803544988398452	-0.00308183856595312	11.1568221742413	0.999995241978202
76.275	8.7	0.999994281409877	0.803391393673889	-0.00298582255443268	11.0363028153201	0.999995425127901
76.425	8.7	0.999994501860624	0.80324572214837	-0.00289137597222434	10.9158058586787	0.999995601488499
76.575	8.7	0.999994714095274	0.803107440895966	-0.00279863788813954	10.7953301585135	0.999995771276219
76.725	8.7	0.999994918388039	0.802976064598074	-0.00270772330369146	10.6748746451545	0.999995934710431
76.875	8.7	0.99999511500997	0.802851150367492	-0.00261872586682024	10.5544383183382	0.999996092007976
77.025	8.7	0.999995304225489	0.802732293196424	-0.00253172030777615	10.4340202412063	0.999996243380392
77.175	8.7	0.99999548629121	0.802619121948915	-0.00244676462494102	10.3136195349444	0.999996389032968
77.325	8.7	0.99999566145593	0.802511295828703	-0.00236390204589255	10.193235373984	0.999996529164744
77.475	8.7	0.999995829961119	0.802408501262546	-0.00228316278585006	10.0728669816999	0.999996663968895
77.625	8.7	0.999995992041448	0.802310449146957	-0.00220456562403711	9.95251362654742	0.999996793633158
77.775	8.7	0.999996147925203	0.802216872413027	-0.00212811931608096	9.83217461858591	0.999996918340162
77.925	8.7	0.999996297834529	0.802127523870078	-0.00205382385869184	9.71184930634607	0.999997038267623
78.075	8.7	0.999996441985529	0.802042174293681	-0.00198167162160277	9.59153707400065	0.999997153588423
78.225	8.7	0.999996580588277	0.80196061072827	-0.00191164835994431	9.47123733880498	0.999997264470622
78.375	8.7	0.999996713846776	0.80188263497822	-0.00184373411896672	9.35094954877709	0.999997371077421
78.525	8.7	0.999996841958907	0.801808062264639	-0.00177790404211676	9.23067318059089	0.999997473567125
78.675	8.7	0.999996965116415	0.801736720028004	-0.00171412909191362	9.1104077376592	0.999997572093132
78.825	8.7	0.999997083504909	0.801668446859313	-0.00165237669265766	8.99015274838617	0.999997666803927
78.975	8.7	0.999997197303902	0.801603091544469	-0.00159261130267476	8.86990776457093	0.999997757843122
79.125	8.7	0.99999730668688	0.801540512208605	-0.00153479492331067	8.74967235994671	0.999997845349504
79.275	8.7	0.999997411821396	0.801480575548762	-0.00147888755108915	8.6294461288412	0.999997929457116
79.425	8.7	0.999997512869185	0.801423156144664	-0.00142484757872023	8.50922868494577	0.999998010295348
79.575	8.7	0.999997609986289	0.801368135838578	-0.0013726321503609	8.38901966018259	0.999998087989031
79.725	8.7	0.99999770332319	0.801315403176459	-0.00132219747556	8.26881870365992	0.999998162658552
79.875	8.7	0.999997793024966	0.801264852903447	-0.00127349910633487	8.14862548070682	0.999998234419973
80.025	8.7	0.999997879231428	0.801216385507557	-0.00122649218112137	8.02843967197972	0.999998303385142
80.175	8.7	0.999997962077273	0.80116990680642	-0.00118113163894843	7.90826097263406	0.999998369661818
80.325	8.7	0.999998041692243	0.801125327571966	-0.0011373724069712	7.78808909155479	0.999998433353795
80.475	8.7	0.999998118201267	0.801082563189499	-0.00109516956428852	7.66792375064051	0.999998494561013
80.625	8.7	0.999998191724614	0.80104153334686	-0.00105447848425876	7.54776468413631	0.999998553379691
80.775	8.7	0.999998262378048	0.801002161750849	-0.00101525495788777	7.42761163801107	0.999998609902438
80.925	8.7	0.999998330272971	0.800964375868015	-0.000977455300011459	7.30746436937535	0.999998664218377
81.075	8.7	0.999998395516571	0.800928106687061	-0.000941036440360474	7.18732264593645	0.999998716413257
81.225	8.7	0.999998458211968	0.80089328850091	-0.000905956001058012	7.0671862454875	0.999998766569574
81.375	8.7	0.999998518458354	0.800859858706252	-0.00087217236188451	6.94705495542792	0.999998814766684
81.525	8.7	0.999998576351139	0.800827757618889	-0.000839644714937876	6.82692857231263	0.999998861080911
81.675	8.7	0.999998631982075	0.800796928303352	-0.000808333109604523	6.70680690142778	0.99999890558566
81.825	8.7	0.999998685439398	0.800767316415319	-0.000778198489093583	6.58668975639114	0.999998948351518
81.975	8.7	0.999998736807934	0.800738870055665	-0.000749202719446949	6.46657695877509	0.999998989446347
82.125	8.7	0.999998786169217	0.800711539635031	-0.000721308611875704	6.34646833775069	0.999999028935374
82.275	8.7	0.999998833601605	0.800685277747914	-0.000694479939229473	6.22636372975133	0.999999066881284
82.425	8.7	0.999998879180407	0.800660039055437	-0.00066868144733262	6.10626297815455	0.999999103344326
82.575	8.7	0.999998922978036	0.80063578017593	-0.000643878861749814	5.98616593298083	0.999999138382429
82.725	8.7	0.99999896506419	0.800612459582762	-0.000620038890607989	5.86607245060817	0.999999172051352
82.875	8.7	0.999999005506005	0.800590037508646	-0.000597129223977427	5.74598239350157	0.999999204404804
83.025	8.7	0.999999044368132	0.800568475855906	-0.000575118530236231	5.62589562995622	0.999999235494505
83.175	8.7	0.999999081712655	0.800547738112266	-0.000553976449838409	5.50581203385389	0.999999265370124
83.325	8.7	0.999999117598856	0.800527789271648	-0.000533673586927305	5.38573148443146	0.999999294079085
83.475	8.7	0.999999152082964	0.800508595759506	-0.000514181498983193	5.26565386606104	0.999999321666371
83.625	8.7	0.999999185218216	0.80049012536249	-0.000495472684949823	5.14557906804098	0.999999348174573
83.775	8.7	0.999999217055627	0.80047234716185	-0.000477520571999592	5.02550698439709	0.999999373644502
83.925	8.7	0.999999247645681	0.800455231470269	-0.000460299501232255	4.90543751369349	0.999999398116544
84.075	8.7	0.99999927704042	0.800438749771814	-0.000443784712476337	4.78537055885239	0.999999421632336
84.225	8.7	0.999999305294503	0.800422874664777	-0.000427952328439017	4.66530602698261	0.999999444235602
84.375	8.7	0.999999332462961	0.80040757980723	-0.000412779338310039	4.54524382921633	0.999999465970369
84.525	8.7	0.999999358594006	0.800392839865698	-0.000398243581036594	4.42518388055427	0.999999486875205
84.675	8.7	0.999999383718055	0.800378630466809	-0.000384323728366291	4.30512609971935	0.999999506974444
84.825	8.7	0.999999407839325	0.800364928151966	-0.000370999267758006	4.18507040901837	0.99999952627146
84.975	8.7	0.999999430941439	0.800351710333903	-0.000358250485349864	4.06501673421094	0.999999544753151
85.125	8.7	0.999999453018487	0.80033895525315	-0.000346058448999275	3.94496500438315	0.99999956241479
85.275	8.7	0.999999474131658	0.800326641932119	-0.000334404991511699	3.82491515182347	0.999999579305326
85.425	8.7	0.999999494466521	0.800314750125707	-0.000323272694135432	3.70486711189946	0.999999595573216
85.575	8.7	0.99999951433533	0.800303260271113	-0.000312644870475709	3.58482082293742	0.999999611468264
85.725	8.7	0.999999534055831	0.800292153445157	-0.000302505550872653	3.46477622611366	0.999999627244665
85.875	8.7	0.9999995536772	0.800281411341067	-0.000292839467417309	3.34473326537036	0.99999964294176
86.025	8.7	0.999999572639016	0.800271016273357	-0.000283632039671182	3.22469188736636	0.999999658111213
86.175	8.7	0.999999589618739	0.800260951203169	-0.000274869361127318	3.10465204145701	0.999999671694991
86.325	8.7	0.999999602945403	0.800251199747978	-0.000266538186335112	2.98461367966675	0.999999682356323
86.475	8.7	0.999999611854494	0.800241746112374	-0.000258625918565333	2.86457675658655	0.999999689483595
86.625	8.7	0.999999618361294	0.800232574879205	-0.000251120598024933	2.74454122912617	0.999999694689035
86.775	8.7	0.999999628651803	0.800223670665213	-0.000244010890955492	2.62450705611456	0.999999702921442
86.925	8.7	0.999999652038445	0.80021501778503	-0.000237286080547892	2.50447419788834	0.999999721630756
87.075	8.7	0.999999695573636	0.800206600233304	-0.000230936061222372	2.38444261619354	0.999999756458909
87.225	8.7	0.999999754395284	0.800198402355533	-0.00022495133769955	2.26441227481394	0.999999803516227
87.375	8.7	0.999999802174745	0.800190410347432	-0.000219323028984603	2.1443831411257	0.999999841739796
87.525	8.7	0.999999791206877	0.800182614075481	-0.000214042874273755	2.02435518811018	0.999999832965501
87.675	8.7	0.999999673680054	0.800175007784937	-0.000209103234070331	1.9043283953449	0.999999738944043
87.825	8.7	0.999999448698651	0.800167587631193	-0.000204497077944741	1.78430274671906	0.999999558958921
87.975	8.7	0.999999219758788	0.800160344615163	-0.000200217954915126	1.66427822313488	0.99999937580703
88.125	8.7	0.99999921862554	0.800153254325613	-0.000196259956880052	1.54425479130538	0.999999374900432
88.275	8.7	0.999999731559611	0.800146269734111	-0.000192617707954886	1.42423239494862	0.999999785247689
88.425	8.7	1.00000088286231	0.800139327815697	-0.000189286430910876	1.30421095991508	1.00000070628985
88.575	8.7	1.00000231705317	0.800132380136145	-0.000186262132119089	1.18419042496272	1.00000185364254
88.725	8.7	1.00000297073484	0.800125446157901	-0.000183541881791387	1.06417079873889	1.00000237658787
88.875	8.7	1.00000126717927	0.800118664129254	-0.000181124040719902	0.94415221836841	1.00000101374342
89.025	8.7	0.999996051585869	0.800112286507669	-0.000179008145073215	0.824134953796669	0.999996841268695
89.175	8.7	0.999988238284916	0.800106557572941	-0.000177194129054079	0.704119288152777	0.999990590627933
89.325	8.7	0.999982404717688	0.800101451819845	-0.000175680812022475	0.58410524250937	0.99998592377415
89.475	8.7	0.999986696702179	0.800096363173795	-0.000174464212584478	0.464092228659566	0.999989357361743
89.625	8.7	1.00000910187317	0.800089992052318	-0.00017353713686155	0.34407888531952	1.00000728149854
89.775	8.7	1.00004938521093	0.800070250670052	-0.000172892061136095	0.224063480396333	1.00003950816874
89.925	8.7	1.0000894049905	0.400093319957501	-0.000172546004007605	0.104048324729468	1.0000715239924
0.075	8.9	2.7913005082025e-30	0.399999556532346	-2.2694564187765e-05	36.0880508759019	0.2
0.225	8.9	-3.20823956075775e-31	0.799998669019071	-2.27275768798838e-05	36.0640509025099	0.2
0.375	8.9	3.87018431999368e-30	0.799997779769872	-2.27936747731722e-05	36.0400509557607	0.2
0.525	8.9	-8.90645984409179e-30	0.799996887619254	-2.28930037605033e-05	36.0160510357238	0.2
0.675	8.9	-3.02200348014334e-30	0.799995991392712	-2.30257809516936e-05	35.9920511425036	0.2
0.825	8.9	-2.61885595697415e-29	0.799995089899308	-2.31922953705142e-05	35.9680512762402	0.2
0.975	8.9	-1.29393634087397e-29	0.799994181930434	-2.33929069757828e-05	35.9440514371096	0.2
1.125	8.9	-3.55230796117455e-29	0.799993266253993	-2.36280456719186e-05	35.9200516253244	0.2
1.275	8.9	4.05601333351707e-30	0.799992341611516	-2.38982095351539e-05	35.8960518411344	0.2
1.425	8.9	1.89376163697663e-30	0.799991406715158	-2.42039652875303e-05	35.8720520848277	0.2
1.575	8.9	8.43430873085803e-29	0.799990460244189	-2.45459459773379e-05	35.8480523567315	0.2
1.725	8.9	9.95443130601394e-29	0.799989500841091	-2.49248503985641e-05	35.824052657213	0.2
1.875	8.9	1.9431135069023e-28	0.799988527110336	-2.53414415911831e-05	35.800052986681	0.2
2.025	8.9	1.54090680826378e-28	0.799987537616032	-2.57965468878769e-05	35.7760533455864	0.2
2.175	8.9	1.55712369625602e-28	0.799986530876608	-2.62910559144864e-05	35.7520537344241	0.2
2.325	8.9	-6.4274384521868e-29	0.799985505366947	-2.68259209924579e-05	35.7280541537338	0.2
2.475	8.9	-2.45373140674443e-28	0.799984459513672	-2.74021562085755e-05	35.704054604102	0.2
2.625	8.9	-6.46792808858234e-28	0.79998339169332	-2.80208374858646e-05	35.680055086163	0.2
2.775	8.9	-8.46119217978645e-28	0.799982300232905	-2.86831023149605e-05	35.6560556006004	0.2
2.925	8.9	-1.07090827194345e-27	0.799981183405351	-2.93901509627834e-05	35.632056148149	0.2
3.075	8.9	-7.44150015618527e-28	0.799980039430039	-3.01432458182382e-05	35.6080567295961	0.2
3.225	8.9	-1.97104574421436e-28	0.799978866470455	-3.09437134650393e-05	35.5840573457832	0.2
3.375	8.9	1.09472077220293e-27	0.799977662632494	-3.17929452515651e-05	35.5600579976079	0.2
3.525	8.9	2.37588521547811e-27	0.799976425962733	-3.26923990096892e-05	35.5360586860253	0.2
3.675	8.9	3.86025720288845e-27	0.799975154447304	-3.36436008979293e-05	35.5120594120501	0.2
3.825	8.9	4.22499624326486e-27	0.799973846009316	-3.46481470134694e-05	35.4880601767584	0.2
3.975	8.9	3.61390718053871e-27	0.799972498507576	-3.5707706439348e-05	35.4640609812896	0.2
4.125	8.9	7.5399630313231e-28	0.799971109733345	-3.68240233219064e-05	35.440061826848	0.2
4.275	8.9	-3.1925015162195e-27	0.799969677409625	-3.79989196887336e-05	35.4160627147056	0.2
4.425	8.9	-8.31115095040324e-27	0.799968199187077	-3.92342986537119e-05	35.3920636462034	0.2
4.575	8.9	-1.15919231320789e-26	0.799966672642625	-4.0532147297739e-05	35.3680646227543	0.2
4.725	8.9	-1.22816190275121e-26	0.799965095275459	-4.18945411429541e-05	35.3440656458449	0.2
4.875	8.9	-7.38957066676115e-27	0.799963464504788	-4.33236462305007e-05	35.3200667170378	0.2
5.025	8.9	1.01178994820468e-27	0.799961777666597	-4.48217248613885e-05	35.2960678379746	0.2
5.175	8.9	1.16286001317426e-26	0.799960032008652	-4.63911374740311e-05	35.2720690103778	0.2
5.325	8.9	1.6451013764198e-26	0.799958224688513	-4.80343490947055e-05	35.248070236054	0.2
5.475	8.9	1.11916830043079e-26	0.799956352768948	-4.97539315991878e-05	35.2240715168965	0.2
5.625	8.9	-1.01546169583109e-26	0.799954413212307	-5.15525697080191e-05	35.2000728548879	0.2
5.775	8.9	-3.92998428130366e-26	0.79995240287934	-5.3433064954477e-05	35.1760742521037	0.2
5.925	8.9	-6.12327767065366e-26	0.799950318520072	-5.5398340498874e-05	35.1520757107152	0.2
6.075	8.9	-4.14471824093766e-26	0.799948156772809	-5.7451446719593e-05	35.1280772329925	0.2
6.225	8.9	4.9628214609467e-26	0.799945914156621	-5.95955653878825e-05	35.1040788213088	0.2
6.375	8.9	2.32334847283651e-25	0.799943587066336	-6.18340156481703e-05	35.0800804781431	0.2
6.525	8.9	4.6976184844459e-25	0.799941171768445	-6.41702594761634e-05	35.0560822060848	0.2
6.675	8.9	6.60845280744315e-25	0.799938664392291	-6.66079066168648e-05	35.032084007837	0.2
6.825	8.9	6.11171407427699e-25	0.799936060926148	-6.91507213366112e-05	35.0080858862213	0.2
6.975	8.9	9.75362959841456e-26	0.799933357210635	-7.18026279197151e-05	34.9840878441815	0.2
7.125	8.9	-1.05677335273988e-24	0.79993054893103	-7.45677167384622e-05	34.9600898847886	0.2
7.275	8.9	-2.78526566572077e-24	0.799927631610743	-7.74502505057989e-05	34.9360920112456	0.2
7.425	8.9	-4.6260105956231e-24	0.799924600604984	-8.04546713598166e-05	34.912094226892	0.2
7.575	8.9	-5.56725794256012e-24	0.799921451091421	-8.35856076808272e-05	34.8880965352093	0.2
7.725	8.9	-4.17372987603348e-24	0.799918178064268	-8.68478802838555e-05	34.8640989398265	0.2
7.875	8.9	1.03709379596526e-24	0.799914776325897	-9.02465104672515e-05	34.8401014445254	0.2
8.025	8.9	1.07227472008657e-23	0.799911240476657	-9.37867271111197e-05	34.8161040532469	0.2
8.175	8.9	2.3638619645042e-23	0.799907564908433	-9.74739745982292e-05	34.7921067700969	0.2
8.325	8.9	3.54872256012859e-23	0.799903743794819	-0.000101313921109177	34.7681095993524	0.2
8.475	8.9	3.85476578170058e-23	0.799899771080971	-0.000105312466149826	34.7441125454692	0.2
8.625	8.9	2.26853826308063e-23	0.799895640474947	-0.000109475749829092	34.7201156130876	0.2
8.775	8.9	-2.11760527720939e-23	0.799891345436938	-0.000113810161247985	34.6961188070407	0.2
8.925	8.9	-9.50432146765715e-23	0.799886879169187	-0.000118322348215104	34.6721221323614	0.2
9.075	8.9	-1.85815873989522e-22	0.79988223460442	-0.000123019226102563	34.6481255942905	0.2
9.225	8.9	-2.58210666532643e-22	0.799877404395313	-0.000127907988118196	34.6241291982851	0.2
9.375	8.9	-2.53351148684819e-22	0.799872380902111	-0.000132996115238404	34.6001329500268	0.2
9.525	8.9	-1.00064205317963e-22	0.799867156180552	-0.000138291386889172	34.576136855431	0.2
9.675	8.9	2.5541385989863e-22	0.799861721969471	-0.000143801891601227	34.552140920656	0.2
9.825	8.9	8.00459780644451e-22	0.799856069676893	-0.000149536038221163	34.5281451521128	0.2
9.975	8.9	1.39928192444627e-21	0.799850190366868	-0.000155502567368988	34.5041495564753	0.2
10.125	8.9	1.75569430487911e-21	0.799844074744396	-0.000161710564110615	34.4801541406908	0.2
10.275	8.9	1.43842723562051e-21	0.799837713141936	-0.00016816946892133	34.4561589119907	0.2
10.425	8.9	1.31182929699826e-23	0.799831095502338	-0.000174889092168263	34.4321638779023	0.2
10.575	8.9	-2.69920933887593e-21	0.799824211363763	-0.000181879625685399	34.4081690462605	0.2
10.725	8.9	-6.27913366940862e-21	0.79981704984245	-0.000189151657151129	34.3841744252205	0.2
10.875	8.9	-9.41295607695171e-21	0.799809599615262	-0.000196716183528114	34.36018002327	0.2
11.025	8.9	-9.86866364456558e-21	0.799801848901947	-0.000204584626295103	34.3361858492435	0.2
11.175	8.9	-5.00331883537481e-21	0.799793785445939	-0.000212768845364439	34.3121919123359	0.2
11.325	8.9	7.02413028105196e-21	0.799785396494328	-0.000221281154176144	34.2881982221168	0.2
11.475	8.9	2.54347607657977e-20	0.799776668777912	-0.000230134336377295	34.2642047885462	0.2
11.625	8.9	4.49562134795502e-20	0.799767588489569	-0.000239341660818015	34.2402116219901	0.2
11.775	8.9	5.49705438733519e-20	0.799758141262292	-0.000248916898809553	34.2162187332368	0.2
11.925	8.9	4.11076010157113e-20	0.799748312145295	-0.000258874339934659	34.1922261335144	0.2
12.075	8.9	-9.49683257336295e-21	0.799738085580742	-0.000269228810702257	34.1682338345081	0.2
12.225	8.9	-9.91482175523122e-20	0.799727445378348	-0.000279995690739276	34.1442418483795	0.2
12.375	8.9	-2.0881249422731e-19	0.799716374688287	-0.000291190932773916	34.1202501877854	0.2
12.525	8.9	-2.90486074225891e-19	0.799704855975317	-0.000302831078942895	34.0962588658982	0.2
12.675	8.9	-2.70156368714787e-19	0.799692870989609	-0.000314933281149095	34.0722678964269	0.2
12.825	8.9	-6.89477058901822e-20	0.799680400735883	-0.000327515319796419	34.0482772936389	0.2
12.975	8.9	3.53885264959333e-19	0.799667425444647	-0.000340595623226993	34.0242870723827	0.2
13.125	8.9	9.42498668859437e-19	0.799653924537835	-0.00035419328696199	34.0002972481122	0.2
13.275	8.9	1.49159557846485e-18	0.79963987659662	-0.000368328094813933	33.9763078369105	0.2
13.425	8.9	1.63599440530816e-18	0.799625259324524	-0.000383020538739874	33.9523188555164	0.2
13.575	8.9	9.26579968565238e-19	0.799610049512054	-0.000398291838267609	33.928330321351	0.2
13.725	8.9	-9.75466004507649e-19	0.799594222998022	-0.000414163962377465	33.9043422525457	0.2
13.875	8.9	-3.99703393935564e-18	0.799577754628594	-0.000430659649711748	33.8803546679711	0.2
14.025	8.9	-7.32845986893981e-18	0.799560618216299	-0.00044780242839516	33.8563675872679	0.2
14.175	8.9	-9.24999953983135e-18	0.799542786495429	-0.000465616637897606	33.8323810308781	0.2
14.325	8.9	-7.34808360913592e-18	0.799524231077133	-0.000484127447998054	33.8083950200782	0.2
14.475	8.9	6.59412105924094e-19	0.799504922400781	-0.00050336088015396	33.7844095770135	0.2
14.625	8.9	1.54387499543712e-17	0.799484829684003	-0.000523343826104872	33.7604247247342	0.2
14.775	8.9	3.4195731756673e-17	0.799463920869735	-0.00054410406793202	33.7364404872325	0.2
14.925	8.9	4.92532349390177e-17	0.799442162572284	-0.000565670296111501	33.712456889482	0.2
15.075	8.9	4.827952239358e-17	0.799419520019101	-0.000588072127745017	33.6884739574781	0.2
15.225	8.9	1.75074554820185e-17	0.799395956989988	-0.000611340123117904	33.6644917182808	0.2
15.375	8.9	-5.13066042173918e-17	0.799371435753905	-0.000635505801009908	33.6405102000587	0.2
15.525	8.9	-1.51002218727761e-16	0.799345917003849	-0.000660601654690919	33.6165294321356	0.2
15.675	8.9	-2.49510234822396e-16	0.799319359784598	-0.000686661162517768	33.5925494450385	0.2
15.825	8.9	-2.86746259937795e-16	0.799291721421601	-0.000713718799694362	33.5685702705485	0.2
15.975	8.9	-1.85486746179858e-16	0.799262957441911	-0.000741810047986371	33.5445919417532	0.2
16.125	8.9	1.17761834537321e-16	0.79923302149424	-0.000770971399777152	33.520614493102	0.2
16.275	8.9	6.22462521450525e-16	0.799201865264321	-0.000801240363433209	33.4966379604636	0.2
16.425	8.9	1.20699357609076e-15	0.799169438380845	-0.000832655461702451	33.4726623811862	0.200000000000001
16.575	8.9	1.59289729121518e-15	0.79913568832551	-0.000865256229900107	33.4486877941607	0.200000000000001
16.725	8.9	1.37087100673959e-15	0.799100560329221	-0.000899083205994515	33.4247142398866	0.200000000000001
16.875	8.9	1.28253694067636e-16	0.799063997266281	-0.000934177919434736	33.400741760541	0.2
17.025	8.9	-2.30726375468776e-15	0.799025939543056	-0.000970582871787588	33.3767704000507	0.199999999999998
17.175	8.9	-5.54917388441291e-15	0.798986324978778	-0.00100834151405873	33.3528002041684	0.199999999999996
17.325	8.9	-8.38212416256872e-15	0.798945088678435	-0.00104749821349269	33.3288312205519	0.199999999999993
17.475	8.9	-8.74485808707112e-15	0.798902162899766	-0.00108809821765352	33.3048634988477	0.199999999999993
17.625	8.9	-4.20280554406966e-15	0.798857476910618	-0.001130187603886	33.2808970907779	0.199999999999997
17.775	8.9	6.93316737573878e-15	0.798810956836892	-0.00117381322509484	33.256932050233	0.200000000000006
17.925	8.9	2.39304467314396e-14	0.798762525501836	-0.00121902263999748	33.2329684333677	0.200000000000019
18.075	8.9	4.19008778713511e-14	0.79871210225206	-0.00126586403393856	33.2090062987029	0.200000000000034
18.225	8.9	5.09911569392474e-14	0.798659602774833	-0.0013143861252946	33.1850457072326	0.200000000000041
18.375	8.9	3.7806827359125e-14	0.798604938900243	-0.00136463805775042	33.1610867225364	0.20000000000003
18.525	8.9	-9.77913013982337e-15	0.798548018388807	-0.00141666927348053	33.1371294108986	0.199999999999992
18.675	8.9	-9.42667564110788e-14	0.798488744704709	-0.00147052937128264	33.1131738414331	0.199999999999925
18.825	8.9	-1.98415595268905e-13	0.798427016772081	-0.00152626794080136	33.0892200862163	0.199999999999841
18.975	8.9	-2.77823433799335e-13	0.798362728710646	-0.00158393437459685	33.0652682204268	0.199999999999778
19.125	8.9	-2.63017472621788e-13	0.798295769552227	-0.00164357765598562	33.0413183224937	0.19999999999979
19.275	8.9	-7.83214672999704e-14	0.798226022933351	-0.00170524611589209	33.0173704742537	0.199999999999937
19.425	8.9	3.18710701930475e-13	0.79815336676165	-0.00176898716000921	32.9934247611177	0.200000000000255
19.575	8.9	8.8232771407433e-13	0.798077672857895	-0.00183484695918227	32.9694812722479	0.200000000000706
19.725	8.9	1.42682516749329e-12	0.797998806559674	-0.00190287010147473	32.9455401007461	0.200000000001141
19.875	8.9	1.61158057246111e-12	0.7979166262985	-0.00197309920115358	32.9216013438541	0.200000000001289
20.025	8.9	1.00462114559864e-12	0.797830983132135	-0.00204557445816387	32.8976651031679	0.200000000000804
20.175	8.9	-7.42822422513465e-13	0.797741720236104	-0.00212033316444832	32.873731484866	0.199999999999406
20.325	8.9	-3.61511801673342e-12	0.79764867234842	-0.0021974091515746	32.8498005999539	0.199999999997108
20.475	8.9	-6.91576248012807e-12	0.797551665157917	-0.00227683217095378	32.8258725645258	0.199999999994467
20.625	8.9	-9.07155420215012e-12	0.797450514635191	-0.00235862720160063	32.8019475000457	0.199999999992743
20.775	8.9	-7.7809680642116e-12	0.797345026295549	-0.00244281367597985	32.7780255336494	0.199999999993775
20.925	8.9	-7.26006600246712e-13	0.797234994386839	-0.0025294046147945	32.7541067984695	0.199999999999419
21.075	8.9	1.30709224334491e-11	0.797120200993258	-0.00261840566193994	32.7301914339863	0.200000000010457
21.225	8.9	3.1472119437458e-11	0.797000415047807	-0.00270981400659584	32.7062795864074	0.200000000025178
21.375	8.9	4.77079395836376e-11	0.796875391233738	-0.00280361718205379	32.6823714090774	0.200000000038166
21.525	8.9	5.02444671576325e-11	0.796744868772275	-0.00289979172558694	32.6584670629242	0.200000000040196
21.675	8.9	2.53472172630464e-11	0.796608570073247	-0.00299830168583818	32.6345667169415	0.200000000020278
21.825	8.9	-3.6770539005228e-11	0.796466199233806	-0.00309909696015197	32.610670548715	0.199999999970584
21.975	8.9	-1.32649794375782e-10	0.796317440365321	-0.00320211144130169	32.5867787449945	0.19999999989388
22.125	8.9	-2.3581758065387e-10	0.796161955727813	-0.0033072609541627	32.5628915023184	0.199999999811346
22.275	8.9	-2.91889467583723e-10	0.795999383644273	-0.00341444095520914	32.5390090276959	0.199999999766488
22.425	8.9	-2.25765800628308e-10	0.79582933617388	-0.00352352396785836	32.5151315393555	0.199999999819387
22.575	8.9	3.25530939731142e-11	0.795651396507951	-0.00363435672086499	32.4912592675686	0.200000000026042
22.725	8.9	5.0216616691045e-10	0.795465116064409	-0.00374675695473994	32.4673924555588	0.200000000401733
22.875	8.9	1.0946662940636e-09	0.795270011236088	-0.00386050986143694	32.4435313605088	0.200000000875733
23.025	8.9	1.57043250508249e-09	0.795065559743596	-0.00397536411241469	32.4196762546757	0.200000001256346
23.175	8.9	1.54501283286586e-09	0.794851196537333	-0.0040910274398469	32.3958274266246	0.20000000123601
23.325	8.9	5.86413594017129e-10	0.794626309165756	-0.00420716171923323	32.3719851825887	0.200000000469131
23.475	8.9	-1.5730194427401e-09	0.794390232526943	-0.00432337750242244	32.3481498479628	0.199999998741584
23.625	8.9	-4.73269271042066e-09	0.794142242901812	-0.00443922792803043	32.324321768937	0.199999996213846
23.775	8.9	-7.92448225708093e-09	0.793881551177952	-0.00455420191278611	32.3005013142907	0.199999993660414
23.925	8.9	-9.29793533552571e-09	0.793607295187563	-0.00466771649756555	32.2766888773762	0.199999992561652
24.075	8.9	-6.4214944030037e-09	0.793318531104168	-0.00477910818883779	32.2528848783504	0.199999994862805
24.225	8.9	2.8067685059363e-09	0.793014223863359	-0.00488762311972732	32.2290897667326	0.200000002245415
24.375	8.9	1.86305048359402e-08	0.792693236560658	-0.0049924058659415	32.2053040243844	0.200000014904404
24.525	8.9	3.763442299806e-08	0.792354318707165	-0.00509248680852965	32.1815281689946	0.200000030107538
24.675	8.9	5.14840736488442e-08	0.791996093070953	-0.00518676802583706	32.1577627581052	0.200000041187259
24.825	8.9	4.74246886463845e-08	0.791617040608047	-0.00527400780097105	32.1340083936243	0.200000037939751
24.975	8.9	1.18130992607144e-08	0.791215482742142	-0.00535280386715017	32.1102657266586	0.200000009450479
25.125	8.9	-6.26813009076507e-08	0.790789560086628	-0.00542157539212668	32.0865354624165	0.199999949854959
25.275	8.9	-1.6714474616264e-07	0.790337206782118	-0.00547854331109831	32.0628183649496	0.199999866284203
25.425	8.9	-2.67118486214729e-07	0.789856120080482	-0.00552170790388897	32.0391152617138	0.199999786305211
25.575	8.9	-2.99909914552481e-07	0.789343725663623	-0.00554882157945653	32.0154270483813	0.199999760072068
25.725	8.9	-1.85964168432748e-07	0.788797140300805	-0.00555735397581619	31.9917546949896	0.199999851228665
25.875	8.9	1.39801881195109e-07	0.788213134314112	-0.0055444462722406	31.9680992551683	0.200000111841505
26.025	8.9	6.77129213644346e-07	0.787588096213847	-0.00550685275029404	31.9444618804843	0.200000541703371
26.175	8.9	1.30211023308359e-06	0.786917999939182	-0.00544087070963963	31.9208438414038	0.200001041688186
26.325	8.9	1.72855796423307e-06	0.786198370875217	-0.00534226480231133	31.897246554571	0.200001382846371
26.475	8.9	1.52882733690409e-06	0.785424240641077	-0.00520619750025262	31.8736716129938	0.20000122306187
26.625	8.9	2.54872436175821e-07	0.784590074401148	-0.0050271808629906	31.8501208119458	0.200000203897949
26.775	8.9	-2.32111377842578e-06	0.783689651629628	-0.0047990616594568	31.8265961605368	0.199998143108977
26.925	8.9	-5.87842594296941e-06	0.782715886409515	-0.00451503732371547	31.8030998694159	0.199995297259246
27.075	8.9	-9.24196086084997e-06	0.781660590206767	-0.00416767127071682	31.7796343116252	0.199992606431311
27.225	8.9	-1.02927185674555e-05	0.780514208897672	-0.0037488353665226	31.7562019677819	0.199991765825146
27.375	8.9	-6.33636685491008e-06	0.779265600052218	-0.00324946699696334	31.7328053871585	0.199994930906516
27.525	8.9	4.87518785131663e-06	0.777901940582272	-0.00265901219060213	31.7094472168298	0.200003900150281
27.675	8.9	2.34705880876121e-05	0.776408845556942	-0.00196446802607507	31.6861303605432	0.20001877647047
27.825	8.9	4.55005011685124e-05	0.7747707123696	-0.00114906920385164	31.6628583126311	0.200036400400935
27.975	8.9	6.15357738354258e-05	0.772971170030415	-0.000190895654709209	31.6396356572117	0.200049228619068
28.125	8.9	5.70828883192747e-05	0.77099333199671	0.000938027041780694	31.6164686267382	0.200045666310655
28.275	8.9	1.61619895910368e-05	0.768819388089631	0.00227131217411965	31.5933654947656	0.200012929591673
28.425	8.9	-7.11815824049315e-05	0.766429033393365	0.00384563471229209	31.5703364812966	0.199943054734076
28.575	8.9	-0.000198129917139806	0.763796442919527	0.00569558267793448	31.5473928461135	0.199841496066288
28.725	8.9	-0.000330116102647291	0.760886057771953	0.00784666051298271	31.5245450141437	0.199735907117882
28.875	8.9	-0.000399234328187461	0.757648365236888	0.010309116504561	31.5017999660248	0.19968061253745
29.025	8.9	-0.000311444612869179	0.754017963047365	0.0130777891478629	31.4791587072461	0.199750844309705
29.175	8.9	2.65891134487571e-05	0.749916985522913	0.0161452809878564	31.4566152486018	0.200021271290759
29.325	8.9	0.000658634837152253	0.745266482387637	0.0195355430711548	31.4341589026041	0.200526907869722
29.475	8.9	0.00151465227876197	0.740005556860376	0.0233602619744005	31.4117814536261	0.20121172182301
29.625	8.9	0.00235045413382981	0.734113090983552	0.0278911054018101	31.3894895649278	0.201880363307064
29.775	8.9	0.00272318124617707	0.727622124342661	0.0336304508036688	31.3673205483712	0.202178544996942
29.925	8.9	0.00204081940556378	0.720615960458007	0.0413563944837718	31.3453566902056	0.201632655524451
30.075	8.9	-0.000283761787846623	0.713198179024703	0.052112568947361	31.3237306354551	0.199772990569723
30.225	8.9	-0.00457106821496271	0.705429563827467	0.0670951268466696	31.3026133702778	0.19634314542803
30.375	8.9	-0.0105470030387887	0.697213817051623	0.0873402519439597	31.2821787576232	0.191562397568969
30.525	8.9	-0.017038226751793	0.688091763803341	0.113052672154071	31.262545385154	0.186369418598566
30.675	8.9	-0.0218090048883319	0.676917812259971	0.142483149702913	31.2437069790344	0.182552796089335
30.825	8.9	-0.0216456064213947	0.661589267735788	0.170813028302569	31.2254734133488	0.182683514862884
30.975	8.9	-0.0127359762044316	0.63946025943269	0.190611296279734	31.2074485431868	0.189811219036455
31.125	8.9	0.00869481633980019	0.609034823056094	0.195357280256532	31.1890603939383	0.20695585307184
31.275	8.9	0.0456087574207098	0.571794224617552	0.183920684124627	31.1696355467799	0.236487005936568
31.425	8.9	0.0993782282851996	0.531805009808569	0.161064454809761	31.1484938226808	0.27950258262816
31.575	8.9	0.169146703759728	0.493374422054414	0.133587131002495	31.1250432846711	0.335317363007782
31.725	8.9	0.251521784660168	0.459303945113895	0.106694646737911	31.0988627196272	0.401217427728134
31.875	8.9	0.340864862688138	0.430696270734839	0.0830447277657465	31.0697590604499	0.47269189015051
32.025	8.9	0.430308237168251	0.407518401258736	0.0634249644715069	31.0377867293389	0.5442465897346
32.175	8.9	0.513232399014271	0.389176863097483	0.047651500099597	31.0032219104082	0.610585919211417
32.325	8.9	0.584596596695821	0.374891826079376	0.0351683367299347	30.9664989555318	0.667677277356656
32.475	8.9	0.641602858347435	0.363896729151138	0.0253519377471804	30.9281298842862	0.713282286677948
32.625	8.9	0.683606804856035	0.355525427970898	0.0176379770353052	30.8886306282067	0.746885443884828
32.775	8.9	0.711558961617882	0.349235042509637	0.0115600478992078	30.8484688541615	0.769247169294305
32.925	8.9	0.727335375562493	0.344597345813927	0.00675031857834955	30.8080362078461	0.781868300449994
33.075	8.9	0.733184784511495	0.341278941494467	0.00292627740919156	30.7676399318281	0.786547827609196
33.225	8.9	0.731361698236859	0.339020689027194	-0.00012585194297203	30.7275065448337	0.785089358589487
33.375	8.9	0.723921752672711	0.337620488454081	-0.00256683871105045	30.6877914712391	0.779137402138169
33.525	8.9	0.712627632252304	0.33692024498584	-0.00451791524601236	30.6485907197489	0.770102105801843
33.675	8.9	0.698919991025709	0.33679649664487	-0.00607170801535922	30.6099525741938	0.759135992820567
33.825	8.9	0.683923356380526	0.337153818111542	-0.00730075648979937	30.5718884168912	0.747138685104421
33.975	8.9	0.668470324979339	0.337920134727809	-0.00826388275406438	30.5343823760913	0.734776259983471
34.125	8.9	0.653135569052122	0.339043236915493	-0.00901072580611755	30.4973997090607	0.722508455241698
34.275	8.9	0.638275137153135	0.340487980328458	-0.00958478471661395	30.4608938944821	0.710620109722508
34.425	8.9	0.62406801291602	0.342233849004994	-0.0100253292853135	30.4248124272786	0.699254410332816
34.575	8.9	0.610557337893981	0.344272720543351	-0.0103685227463768	30.3891013359975	0.688445870315185
34.725	8.9	0.597688964046662	0.346606785678146	-0.0106480529491461	30.3537084874625	0.678151171237329
34.875	8.9	0.585345423820511	0.349246634345117	-0.0108954977640878	30.3185857966976	0.668276339056409
35.025	8.9	0.573374026061754	0.352209535788929	-0.0111405808280352	30.2836905087941	0.658699220849403
35.175	8.9	0.561608507549777	0.355517931636499	-0.0114114279539964	30.2489857526576	0.649286806039822
35.325	8.9	0.549884379524931	0.359198151572477	-0.0117349219289908	30.2144405780975	0.639907503619945
35.475	8.9	0.538048725237646	0.363279369705534	-0.0121372634271319	30.1800296749143	0.630438980190117
35.625	8.9	0.525965681444395	0.367792852027393	-0.0126448495836729	30.1457329354891	0.620772545155516
35.775	8.9	0.513519141192271	0.372771590811376	-0.0132855420034729	30.1115349634614	0.610815312953817
35.925	8.9	0.500614308597584	0.378250452824606	-0.0140902821013863	30.0774245567186	0.600491446878067
36.075	8.9	0.487179569832839	0.38426694733656	-0.0150948181205174	30.0433941149517	0.589743655866271
36.225	8.9	0.473169677007308	0.390862614015688	-0.0163410689886343	30.0094388584133	0.578535741605847
36.375	8.9	0.45857047586988	0.398084830453456	-0.0178774430350575	29.975555717272	0.566856380695904
36.525	8.9	0.44340443165105	0.405988576096657	-0.0197573637977751	29.9417417805531	0.55472354532084
36.675	8.9	0.427735214744953	0.414637445476746	-0.0220354432787376	29.9079922905844	0.542188171795962
36.825	8.9	0.411668885428568	0.424103104443792	-0.0247612609008434	29.8742983249968	0.529335108342855
36.975	8.9	0.395349076339305	0.434462574856243	-0.0279715466671435	29.8406444917626	0.516279261071444
37.125	8.9	0.378944246690332	0.445793336238084	-0.0316825899312505	29.8070071198638	0.503155397352266
37.275	8.9	0.362626618799402	0.458167263916082	-0.035885590722809	29.7733534947931	0.490101295039522
37.425	8.9	0.346544590665939	0.471645690810418	-0.0405479726476905	29.7396426090468	0.477235672532751
37.575	8.9	0.330792773328432	0.486278910749659	-0.0456228973231944	29.7058276502577	0.464634218662746
37.725	8.9	0.315385678074868	0.502113552917148	-0.0510671377107501	29.6718600625223	0.452308542459895
37.875	8.9	0.300241804459691	0.519209881339906	-0.0568644534218001	29.6376945754769	0.440193443567753
38.025	8.9	0.285183959307144	0.537668229327776	-0.0630487216634388	29.6032942268418	0.428147167445715
38.175	8.9	0.269958949709626	0.557660329323399	-0.0697196542770297	29.5686342366533	0.415967159767701
38.325	8.9	0.254275740636451	0.579458608743346	-0.0770448221720032	29.5337037118507	0.403420592509161
38.475	8.9	0.237856675991794	0.603455611367849	-0.0852446620294907	29.4985045760711	0.390285340793435
38.625	8.9	0.220492675716644	0.630166556510211	-0.0945609222465707	29.4630477481698	0.376394140573315
38.775	8.9	0.202091608529974	0.660209730366533	-0.105212211284004	29.4273472762344	0.361673286823979
38.925	8.9	0.182709945623813	0.694260929216954	-0.117342237286802	29.3914136812173	0.34616795649905
39.075	8.9	0.162561164142412	0.732979437169909	-0.130967230079691	29.3552480100912	0.330048931313929
39.225	8.9	0.141999255385501	0.776905143655904	-0.145929665014567	29.3188379572434	0.3135994043084
39.375	8.9	0.121480741216592	0.82633128337459	-0.161866234758857	29.2821569130148	0.297184592973274
39.525	8.9	0.101512530781137	0.88116639879248	-0.178198722654672	29.2451660794102	0.281210024624909
39.675	8.9	0.0825949678426178	0.940811810041057	-0.194155963165344	29.2078190656039	0.266075974274094
39.825	8.9	0.0651693720803061	1.00409258936871	-0.20883220726585	29.1700678537206	0.252135497664245
39.975	8.9	0.0495776119359764	1.0692822900548	-0.221281364304179	29.1318688501874	0.239662089548781
40.125	8.9	0.0360383559549961	1.13424576761546	-0.230638191336827	29.093187925335	0.228830684763997
40.275	8.9	0.0246412890630259	1.19668913531082	-0.236247461468715	29.0540037794792	0.219713031250421
40.425	8.9	0.015357397823111	1.25446391018929	-0.237772664553925	29.0143094661199	0.212285918258489
40.575	8.9	0.00806102133416479	1.30584651966181	-0.23525296544525	28.9741122725502	0.206448817067332
40.725	8.9	0.00255816399647569	1.34972161199615	-0.229088318887921	28.9334323253432	0.202046531197181
40.875	8.9	-0.0013843116244668	1.38563478110078	-0.219956610173285	28.8923003016145	0.198892550700427
41.025	8.9	-0.00401280931392593	1.4137259562394	-0.20869036782361	28.8507545945575	0.196789752548859
41.175	8.9	-0.00556691513172066	1.43458613135557	-0.196150039976352	28.8088382672844	0.195546467894623
41.325	8.9	-0.00626587620221304	1.4490879334007	-0.183123338604823	28.7665961192943	0.19498729903823
41.475	8.9	-0.00630112650162728	1.45822982082812	-0.170263931430861	28.7240721446236	0.194959098798698
41.625	8.9	-0.00583361895201939	1.46301566019142	-0.158067895555849	28.6813075677813	0.195333104838385
41.775	8.9	-0.00499450252536967	1.46437523695967	-0.146878066078606	28.6383395272239	0.196004397979704
41.925	8.9	-0.00388780374627937	1.46312099633933	-0.136904593121914	28.5952003717603	0.196889757002977
42.075	8.9	-0.00259406001344672	1.45993194963695	-0.128252034721987	28.5519174659933	0.197924751989243
42.225	8.9	-0.00117417595598845	1.45535533915736	-0.120946573630294	28.5085133710444	0.199060659235209
42.375	8.9	0.000326941960215134	1.449818302287	-0.114959913605633	28.465006268023	0.200261553568172
42.525	8.9	0.00187720261598081	1.4436439815466	-0.110228523871291	28.4214105113621	0.201501762092785
42.675	8.9	0.00345468449696769	1.43706853445253	-0.106668162503439	28.3777372261882	0.202763747597574
42.825	8.9	0.00504552487198421	1.43025702977317	-0.10418423662071	28.3339948908821	0.204036419897587
42.975	8.9	0.00664229553795167	1.42331726256211	-0.102678784017886	28.2901898690217	0.205313836430361
43.125	8.9	0.00824279743186711	1.41631117262605	-0.102054868185597	28.2463268725918	0.206594237945494
43.275	8.9	0.00984920299302818	1.40926392337515	-0.102219083873894	28.2024093508009	0.207879362394423
43.425	8.9	0.0114674802267046	1.40217088736044	-0.103082741120929	28.1584398068408	0.209173984181364
43.575	8.9	0.0131070413316354	1.39500286246625	-0.104562166677064	28.1144200494972	0.210485633065308
43.725	8.9	0.0147805688892413	1.38770985617063	-0.106578448310733	28.0703513886506	0.211824455111393
43.875	8.9	0.0165039827505133	1.38022375408351	-0.10905685425023	28.0262347842564	0.213203186200411
44.025	8.9	0.0182965206591243	1.37246015011236	-0.111926086166997	27.9820709580385	0.214637216527299
44.175	8.9	0.0201809158178578	1.36431956790964	-0.115117465979206	27.937860476332	0.216144732654286
44.325	8.9	0.0221836661253392	1.35568825035086	-0.118564109091971	27.8936038115603	0.217746932900271
44.475	8.9	0.0243354042109228	1.34643863662413	-0.122200093186083	27.8493013887871	0.219468323368738
44.625	8.9	0.0266713964853353	1.33642958561193	-0.125959585423825	27.8049536225306	0.221337117188268
44.775	8.9	0.0292322250885236	1.32550634240883	-0.129775835281128	27.7605609472458	0.223385780070819
44.925	8.9	0.032064740554522	1.31350019040412	-0.133579870635474	27.7161238420443	0.225651792443618
45.075	8.9	0.0352234162932378	1.3002277022519	-0.137298652402748	27.6716428455439	0.22817873303459
45.225	8.9	0.0387722880951954	1.2854895305924	-0.140852360774544	27.6271185491174	0.231017830476156
45.375	8.9	0.042787718751489	1.26906881093373	-0.144150436826496	27.5825515448067	0.234230175001191
45.525	8.9	0.0473622785738687	1.25072954540399	-0.147086048959414	27.5379422862153	0.237889822859095
45.675	8.9	0.0526100544780291	1.2302158577909	-0.149528890243	27.4932907958064	0.242088043582423
45.825	8.9	0.0586736545286515	1.20725378461308	-0.151316760050246	27.4485961211563	0.246938923622921
45.975	8.9	0.0657330054889578	1.18155822625428	-0.152247343639104	27.4038554107728	0.252586404391166
46.125	8.9	0.0740156828959415	1.15284857472402	-0.152072969779225	27.3590624579718	0.259212546316753
46.275	8.9	0.0838079141857517	1.12087683466499	-0.150502637105996	27.3142055664012	0.267046331348601
46.425	8.9	0.0954645521270942	1.08547095020386	-0.147216579523117	27.2692646439945	0.276371641701675
46.575	8.9	0.109415315415728	1.046592653426	-0.141897973236276	27.224207549843	0.287532252332582
46.725	8.9	0.126163639311796	1.00440307625636	-0.134282862277605	27.1789859011202	0.300930911449437
46.875	8.9	0.146273878129055	0.959321657309319	-0.124222610730692	27.1335307698829	0.317019102503244
47.025	8.9	0.170342703149924	0.912057725463587	-0.111744851186506	27.0877489138765	0.336274162519939
47.175	8.9	0.198951664384058	0.86359433503709	-0.0970931662913192	27.0415203355428	0.359161331507246
47.325	8.9	0.232600285381956	0.815114076890522	-0.0807275268132198	26.9946980065003	0.386080228305565
47.475	8.9	0.271622902717809	0.767875244621948	-0.0632786235281573	26.9471105068725	0.417298322174247
47.625	8.9	0.316097696820601	0.723065913235605	-0.0454655149253824	26.8985680911343	0.452878157456481
47.775	8.9	0.365762395916106	0.681672673458696	-0.0279990808600713	26.8488722793208	0.492609916732885
47.925	8.9	0.419956297957963	0.644394501901839	-0.0114968468629844	26.7978284754608	0.535965038366371
48.075	8.9	0.477609490551088	0.611614622117795	0.00357258933127206	26.7452604021403	0.582087592440871
48.225	8.9	0.53729440895682	0.583424152687765	0.0169097614378321	26.6910244905937	0.629835527165456
48.375	8.9	0.597341386329308	0.559679347932386	0.0283744763880457	26.6350220245095	0.677873109063447
48.525	8.9	0.656001534927041	0.540072093115757	0.0379570912779059	26.5772070166952	0.724801227941633
48.675	8.9	0.711624675465864	0.524197852787462	0.045742595954498	26.5175885496292	0.769299740372691
48.825	8.9	0.762814858842001	0.511612008282833	0.0518761647425529	26.4562274350792	0.810251887073601
48.975	8.9	0.808534242646867	0.501871252639175	0.0565348176982012	26.393228171081	0.846827394117494
49.125	8.9	0.848143020976734	0.494560569059612	0.0599065417300528	26.3287279375626	0.878514416781387
49.275	8.9	0.881380997072688	0.489308227835323	0.0621762617834374	26.2628845941138	0.905104797658151
49.425	8.9	0.908308326372579	0.485791837760563	0.0635172634577118	26.1958653701983	0.926646661098063
49.575	8.9	0.929226459058368	0.483738350970818	0.0640866112203077	26.1278373787788	0.943381167246694
49.725	8.9	0.944597186228235	0.482920420116787	0.0640233493406257	26.058960475144	0.955677748982588
49.875	8.9	0.954971455728059	0.483150904831324	0.0634485639030493	25.9893824887683	0.963977164582447
50.025	8.9	0.960933358413562	0.484276760228677	0.0624666347069456	25.9192365433525	0.96874668673085
50.175	8.9	0.963060056743053	0.486173082522887	0.0611671994130579	25.8486400366885	0.970448045394442
50.325	8.9	0.961895790505418	0.488737754498054	0.0596275005535463	25.7776948280551	0.969516632404335
50.475	8.9	0.957937067149155	0.491886915325494	0.0579148995958685	25.7064882221274	0.966349653719324
50.625	8.9	0.951626116598109	0.495551351790168	0.0560894236822208	25.6350944029668	0.961300893278487
50.775	8.9	0.943350117440217	0.499673845159382	0.0542062572671681	25.5635760349849	0.954680093952174
50.925	8.9	0.93344420085094	0.504207484725361	0.0523180978879948	25.491985800934	0.946755360680752
51.075	8.9	0.92219658425447	0.509114951479625	0.0504772609530404	25.4203676932671	0.937757267403576
51.225	8.9	0.909854268484517	0.514368759205165	0.0487373512346971	25.3487579272257	0.927883414787613
51.375	8.9	0.896627525221208	0.51995239196139	0.0471542476177907	25.2771854210415	0.917302020176967
51.525	8.9	0.882690958590305	0.525862179707036	0.0457861322621153	25.205671913363	0.906152766872244
51.675	8.9	0.868178391231301	0.532109610345722	0.0446924301489788	25.1342319803009	0.894542712985041
51.825	8.9	0.853168462855316	0.538723627248459	0.0439319257451777	25.0628734810296	0.882534770284253
51.975	8.9	0.837658030948927	0.545752401532119	0.0435610842234071	24.9915992805146	0.870126424759142
52.125	8.9	0.821521732293579	0.553264249275067	0.0436347211610636	24.9204114052447	0.857217385834864
52.275	8.9	0.804458942363999	0.561347957323886	0.0442124467893376	24.8493189604826	0.843567153891199
52.425	8.9	0.785934303214632	0.570113893951638	0.0453753462161028	24.7783509956338	0.828747442571706
52.575	8.9	0.765125119868526	0.579698836904379	0.0472576157702929	24.7075748310063	0.812100095894821
52.725	8.9	0.74089775700779	0.590279123475289	0.0500969966288826	24.6371189513216	0.792718205606232
52.875	8.9	0.711844009319011	0.602098013102067	0.0543059665425132	24.5671973287356	0.769475207455209
53.025	8.9	0.676413458636044	0.615513610715202	0.0605633940821656	24.4981291032593	0.741130766908835
53.175	8.9	0.633172139083331	0.63107311631158	0.0699240185935526	24.4303445064297	0.706537711266665
53.325	8.9	0.581191868214924	0.649617175669638	0.0839386853020828	24.3643660166869	0.664953494571939
53.475	8.9	0.520521794466324	0.672412343312212	0.104764069711802	24.3007549431008	0.616417435573059
53.625	8.9	0.452623778012789	0.701290322733624	0.135197987953001	24.240020008993	0.562099022410231
53.775	8.9	0.380605210613427	0.738709445668058	0.178469193128138	24.1824965616503	0.504484168490742
53.925	8.9	0.309111531473062	0.787478231145026	0.237394711757887	24.1282198428565	0.44728922517845
54.075	8.9	0.243856874462573	0.849526401548784	0.312252056157266	24.0768274032938	0.395085499570058
54.225	8.9	0.190886850966163	0.922880906571984	0.396974066920672	24.02752917403	0.35270948077293
54.375	8.9	0.155665406598404	0.997477169907458	0.475591660676652	23.9791747496819	0.324532325278723
54.525	8.9	0.142021706963293	1.055073039409	0.525212914704983	23.930415098421	0.313617365570635
54.675	8.9	0.151135741160357	1.0792337186192	0.529677688034165	23.8799079815503	0.320908592928285
54.825	8.9	0.181018179560578	1.06766041609854	0.492145006697986	23.8265144861957	0.344814543648462
54.975	8.9	0.22685585816378	1.03163165918978	0.430584184716714	23.7694645298054	0.381484686531024
55.125	8.9	0.282118856496355	0.985565931490603	0.36341668193279	23.7084489821589	0.425695085197084
55.275	8.9	0.339974116559631	0.939802973589979	0.301658516756383	23.6435993578529	0.471979293247705
55.425	8.9	0.394526179259252	0.899621116743938	0.249414394402621	23.5753787191783	0.515620943407402
55.575	8.9	0.441569463653201	0.866870328694089	0.206927634657984	23.504440311175	0.553255570922561
55.725	8.9	0.478773349327965	0.84163330625422	0.172905958974036	23.4314984675925	0.583018679462372
55.875	8.9	0.505432881694336	0.823262145309661	0.145710373199464	23.3572339295333	0.604346305355469
56.025	8.9	0.522010790604289	0.810901792641022	0.123830742557864	23.2822378368348	0.617608632483431
56.175	8.9	0.529664764927521	0.803716475534571	0.106023228246512	23.2069879453633	0.623731811942017
56.325	8.9	0.529866376732829	0.800969354047929	0.0913130302456703	23.1318467767624	0.623893101386263
56.475	8.9	0.52414034775694	0.802037148829032	0.0789539252244925	23.057072169039	0.619312278205552
56.625	8.9	0.513909663268514	0.806399391556989	0.0683810690293815	22.9828333406078	0.611127730614812
56.775	8.9	0.500418050458034	0.813620132228572	0.059169589797868	22.909228259999	0.600334440366427
56.925	8.9	0.484702868521958	0.823329529515626	0.0510018712431572	22.8363000845814	0.587762294817567
57.075	8.9	0.467598068470185	0.835208017997923	0.043642901030006	22.7640516439006	0.574078454776148
57.225	8.9	0.449753431264749	0.848973683727626	0.0369220141892876	22.6924576060641	0.559802745011799
57.375	8.9	0.431661211948145	0.864372645322427	0.0307192812920845	22.6214743043219	0.545328969558516
57.525	8.9	0.413684641388607	0.881171967160423	0.024955056554444	22.551047372867	0.530947713110885
57.675	8.9	0.396084939724784	0.899154612833514	0.0195815615964468	22.4811174320748	0.516867951779827
57.825	8.9	0.379044992322986	0.918116033474143	0.014575735626293	22.4116241119457	0.503235993858389
57.975	8.9	0.362688896045527	0.937862079377755	0.0099328902420832	22.3425087216993	0.490151116836421
58.125	8.9	0.347097308577493	0.958207997523133	0.0056609474726744	22.2737158682513	0.477677846861994
58.275	8.9	0.332318984696442	0.978978328210137	0.00177520697027575	22.2051943017677	0.465855187757154
58.425	8.9	0.318379128222093	1.00000752485907	-0.00170631063442875	22.1368972283809	0.454703302577674
58.575	8.9	0.305285271735932	1.02114110715293	-0.00476685199952674	22.0687822845201	0.444228217388745
58.725	8.9	0.293031362168711	1.04223713973158	-0.0073941562261688	22.0008113202602	0.434425089734969
58.875	8.9	0.281600628373358	1.06316781717155	-0.00958284904103055	21.9329500956333	0.425280502698687
59.025	8.9	0.27096767606661	1.0838209408727	-0.0113359828849147	21.8651679571374	0.416774140853288
59.175	8.9	0.261100124462836	1.10410109857897	-0.0126657520234274	21.7974375331911	0.408880099570269
59.325	8.9	0.251959985187107	1.12393040072806	-0.0135934623843714	21.7297344669997	0.401567988149686
59.475	8.9	0.243504896164679	1.1432486830107	-0.0141488772770829	21.6620371922379	0.394803916931743
59.625	8.9	0.235689262222492	1.16201314348058	-0.0143690873774166	21.5943267495748	0.388551409777994
59.775	8.9	0.228465317177275	1.18019743684786	-0.0142970641832234	21.5265866387129	0.38277225374182
59.925	8.9	0.221784104177129	1.19779029143223	-0.0139800510601731	21.4588026997449	0.377427283341703
60.075	8.9	0.215596366068264	1.21479374231419	-0.0134679277688363	21.3909630179993	0.372477092854612
60.225	8.9	0.209853340253594	1.23122108688073	-0.0128116572162846	21.3230578472772	0.367882672202875
60.375	8.9	0.204507458661444	1.2470946680815	-0.0120618917608461	21.2550795469438	0.363605966929155
60.525	8.9	0.199512960059497	1.26244357963743	-0.0112677849312704	21.187022528484	0.359610368047598
60.675	8.9	0.194826427213053	1.27730137015956	-0.010476026126273	21.1188832068487	0.355861141770442
60.825	8.9	0.190407264453254	1.29170380338784	-0.00973009273378283	21.0506599512917	0.352325811562603
60.975	8.9	0.18621813196829	1.30568671264129	-0.00906969699049021	20.9823530295992	0.348974505574632
61.125	8.9	0.182225351905822	1.31928397121531	-0.00853039372366003	20.9139645387965	0.345780281524658
61.275	8.9	0.1783992987568	1.33252558815824	-0.00814330918601774	20.8454983147045	0.34271943900544
61.425	8.9	0.174714783080636	1.34543593113189	-0.00793494955323181	20.7769598121848	0.339771826464509
61.575	8.9	0.171151433861135	1.35803207506904	-0.00792704928139047	20.7083559475894	0.336921147088908
61.725	8.9	0.167694080745351	1.3703222770358	-0.00813642360826101	20.6396948948285	0.334155264596281
61.875	8.9	0.16433313272243	1.38230458425312	-0.00857479553360007	20.5709858266683	0.331466506177944
62.025	8.9	0.161064943478489	1.39396559409381	-0.00924857563819657	20.502238593522	0.328851954782791
62.175	8.9	0.157892144182833	1.40527940298168	-0.0101585836958446	20.4334633335112	0.326313715346266
62.325	8.9	0.15482390992717	1.41620680661849	-0.0112997153833799	20.3646700105943	0.323859127941736
62.475	8.9	0.151876104714864	1.42669484775873	-0.0126605771021858	20.2958678830964	0.321500883771891
62.625	8.9	0.149071221135231	1.4366768492472	-0.014223138383285	20.2270649142642	0.319256976908185
62.775	8.9	0.146437996508531	1.44607311551451	-0.0159624845808755	20.158267150789	0.317150397206825
62.925	8.9	0.144010553439924	1.45479252584871	-0.0178467893926556	20.0894781153695	0.315208442751939
63.075	8.9	0.141826891342185	1.46273526043587	-0.0198376586615205	20.020698284807	0.313461513073748
63.225	8.9	0.139926565085245	1.46979686978795	-0.0218910086421439	19.9519247529786	0.311941252068196
63.375	8.9	0.138347450972379	1.47587378899544	-0.0239586124577779	19.8831512020505	0.310677960777903
63.525	8.9	0.137121642015911	1.48087018401777	-0.0259903570202258	19.8143683152372	0.309697313612729
63.675	8.9	0.136270747341678	1.48470569185312	-0.0279370916250213	19.7455647467084	0.309016597873343
63.825	8.9	0.135801182273343	1.48732322011766	-0.0297537400375797	19.676728704713	0.308640945818674
63.975	8.9	0.135700375308942	1.48869560012387	-0.031402152423865	19.6078500930874	0.308560300247154
64.125	8.9	0.135935085285856	1.48882968850646	-0.0328530932485399	19.5389229963052	0.308748068228685
64.275	8.9	0.136453068965738	1.48776664623058	-0.0340869078468492	19.4699481060105	0.309162455172591
64.425	8.9	0.13718899576859	1.48557769527723	-0.0350928547954001	19.4009345195809	0.309751196614872
64.575	8.9	0.138074628921962	1.48235564790846	-0.035867805735387	19.3319002653749	0.31045970313757
64.725	8.9	0.139051839348712	1.47820375680953	-0.0364158335201299	19.2628710112599	0.31124147147897
64.875	8.9	0.140085135783597	1.47322466099393	-0.0367508288881986	19.1938767716475	0.312068108626878
65.025	8.9	0.141168484087677	1.46751305603238	-0.0369042935170734	19.1249470811953	0.312934787270141
65.175	8.9	0.1423199278117	1.46115583156418	-0.0369394151528891	19.0561060058428	0.31385594224936
65.325	8.9	0.143557788188515	1.45424241932907	-0.036970163120266	18.9873693491056	0.314846230550812
65.475	8.9	0.144854895053036	1.44688566094471	-0.0371806891071424	18.9187471826297	0.315883916042428
65.625	8.9	0.146072950377206	1.43924962677696	-0.0378368998019212	18.8502549765089	0.316858360301765
65.775	8.9	0.14688765325567	1.43157622777559	-0.0392805289716432	18.7819356995848	0.317510122604536
65.925	8.9	0.146725569745586	1.424198809553	-0.041897610085025	18.7138929934258	0.317380455796469
66.075	8.9	0.144743840694169	1.41752997459144	-0.0460562891693005	18.646331839385	0.315795072555335
66.225	8.9	0.139890766366205	1.41201271677107	-0.0520074889909467	18.5795982990696	0.311912613092964
66.375	8.9	0.131085621193246	1.40802555084285	-0.0597272400846046	18.5142044665188	0.304868496954597
66.525	8.9	0.11754584678957	1.40572870958077	-0.0686442890171094	18.4508195090583	0.294036677431656
66.675	8.9	0.0992644503017741	1.40482720784108	-0.0771459045233307	18.3902037267746	0.279411560241419
66.825	8.9	0.0775944645243667	1.40421600906192	-0.0817490289235907	18.333062020451	0.262075571619493
66.975	8.9	0.0558262084323555	1.40150222385798	-0.0761252153560411	18.2798005127956	0.244660966745884
67.125	8.9	0.039551342562333	1.39259921587839	-0.051430175220152	18.230194153752	0.231641074049866
67.275	8.9	0.0365218860713876	1.37221481887402	-0.00152114300889914	18.1830255593661	0.22921750885711
67.425	8.9	0.0556797204476672	1.33662979215354	0.0663620171803586	18.1358334550287	0.244543776358134
67.575	8.9	0.105126294429422	1.28755703686443	0.129635671165456	18.0849662102723	0.284101035543537
67.725	8.9	0.189183621813005	1.23162276014822	0.168524916559143	18.0260945687755	0.351346897450404
67.875	8.9	0.305405109289619	1.17570190841801	0.180498458802683	17.955148159584	0.444324087431695
68.025	8.9	0.443227238119707	1.12426727709056	0.174109218947065	17.869376765503	0.554581790495766
68.175	8.9	0.586117715185852	1.07937643477468	0.158509873189264	17.7680987117171	0.668894172148681
68.325	8.9	0.71710421919462	1.04127319791823	0.139629194629517	17.6527801834591	0.773683375355696
68.475	8.9	0.824419648203222	1.00914537383437	0.120555830824391	17.5264139829745	0.859535718562577
68.625	8.9	0.903767158356648	0.981885838796692	0.102701647409532	17.3925612352353	0.923013726685319
68.775	8.9	0.956939554612034	0.958549402540956	0.0866277291881747	17.2545257507854	0.965551643689627
68.925	8.9	0.988972866651994	0.938457630321548	0.0724881774428542	17.1149025498654	0.991178293321595
69.075	8.9	1.00572684513653	0.921129326467957	0.0602461184176425	16.9754721010564	1.00458147610922
69.225	8.9	1.0124875454682	0.906191993513074	0.0497759600645017	16.837297712308	1.00999003637456
69.375	8.9	1.01340560904052	0.8933288042552	0.0409116330881239	16.7008986356927	1.01072448723241
69.525	8.9	1.01142243890948	0.882257730047815	0.0334699473001184	16.5664249230079	1.00913795112759
69.675	8.9	1.00842600089349	0.872726633870881	0.0272634195311915	16.4338027082556	1.00674080071479
69.825	8.9	1.00548845753641	0.864512931002675	0.0221091929726695	16.302842069934	1.00439076602913
69.975	8.9	1.00310921276518	0.857422962772075	0.0178362630449856	16.1733100667342	1.00248737021214
70.125	8.9	1.00142596914199	0.851290098501898	0.0142910463075903	16.044975362583	1.00114077531359
70.275	8.9	1.00037828018534	0.845972007489371	0.0113407680079876	15.917631697946	1.00030262414827
70.425	8.9	0.999821458513566	0.841347696114553	0.0088744704955226	15.7911069568493	0.999857166810853
70.575	8.9	0.999596798429658	0.837314664422635	0.00680197604974219	15.665263440804	0.999677438743726
70.725	8.9	0.999568046345353	0.833786312377761	0.00505147617841645	15.5399935830828	0.999654437076283
70.875	8.9	0.999634829952669	0.830689614820753	0.00356647504905573	15.4152139847599	0.999707863962136
71.025	8.9	0.999732445754238	0.827963053580905	0.00230267357922666	15.2908595009262	0.99978595660339
71.175	8.9	0.999825105634027	0.825554795787724	0.00122516676543507	15.1668782346699	0.999860084507221
71.325	8.9	0.999897308859909	0.82342111082623	0.000306128571026182	15.0432277145378	0.999917847087927
71.475	8.9	0.999945942881485	0.821525016478145	-0.000476984492857363	14.9198721953299	0.999956754305188
71.625	8.9	0.999974223694842	0.819835139180514	-0.00114276358537597	14.7967808677946	0.999979378955873
71.775	8.9	0.999987656584025	0.818324767482729	-0.00170680034737169	14.673926725306	0.99999012526722
71.925	8.9	0.999991718262089	0.81697107392166	-0.00218235645636313	14.5512858617436	0.999993374609671
72.075	8.9	0.999990789953095	0.815754479295118	-0.00258083275853542	14.4288370269264	0.999992631962476
72.225	8.9	0.999987879756876	0.814658134337351	-0.00291210299071576	14.306561321078	0.999990303805501
72.375	8.9	0.999984765558554	0.813667496346647	-0.00318475895183098	14.1844419563192	0.999987812446843
72.525	8.9	0.999982304663021	0.8127699816302	-0.00340629858313062	14.0624640471265	0.999985843730417
72.675	8.9	0.999980759457003	0.81195467811669	-0.00358327679901764	13.9406144135339	0.999984607565602
72.825	8.9	0.999980065982035	0.811212105741881	-0.00372143092617877	13.8188813930444	0.999984052785628
72.975	8.9	0.999980022792934	0.810534015012803	-0.00382578757141452	13.6972546627471	0.999984018234347
73.125	8.9	0.999980405416788	0.809913216422604	-0.00390075481885507	13.5757250746323	0.99998432433343
73.275	8.9	0.999981023653099	0.809343435136215	-0.00395020211647927	13.4542845065601	0.999984818922479
73.425	8.9	0.999981741069166	0.80881918666452	-0.00397752947664498	13.3329257300624	0.999985392855333
73.575	8.9	0.999982473176074	0.808335670184844	-0.00398572729741429	13.2116422948801	0.999985978540859
73.725	8.9	0.99998317615776	0.807888676838316	-0.00397742797416092	13.0904284291766	0.999986540926208
73.875	8.9	0.999983833521082	0.807474510820012	-0.00395495038822599	12.9692789538128	0.999987066816865
74.025	8.9	0.999984444479089	0.807089921435273	-0.00392033827549542	12.8481892088478	0.999987555583271
74.175	8.9	0.999985015473853	0.806732044572077	-0.00387539337888173	12.7271549904618	0.999988012379082
74.325	8.9	0.999985554852852	0.806398352259368	-0.00382170417667038	12.6061724966641	0.999988443882281
74.475	8.9	0.999986070068439	0.806086609166851	-0.00376067086448086	12.4852382803807	0.999988856054751
74.625	8.9	0.999986566600236	0.805794835061412	-0.00369352715951049	12.3643492087539	0.999989253280189
74.775	8.9	0.999987047883817	0.805521272372194	-0.00362135939880899	12.2435024276998	0.999989638307054
74.925	8.9	0.999987515712564	0.805264358138848	-0.00354512332112291	12.1226953309513	0.999990012570051
75.075	8.9	0.999987970771977	0.805022699721986	-0.00346565885341953	12.001925532952	0.999990376617582
75.225	8.9	0.999988413123371	0.804795053745736	-0.00338370316901672	11.8811908450819	0.999990730498697
75.375	8.9	0.999988842563516	0.804580307820463	-0.00329990224024743	11.7604892547751	0.999991074050812
75.525	8.9	0.999989258852085	0.804377464660415	-0.00321482107438822	11.6398189071582	0.999991407081668
75.675	8.9	0.999989661830403	0.804185628266607	-0.0031289527934382	11.5191780888886	0.999991729464323
75.825	8.9	0.999990051464694	0.804003991894101	-0.00304272669621006	11.3985652139157	0.999992041171755
75.975	8.9	0.999990427844714	0.803831827562018	-0.00295651542239242	11.27797881092	0.999992342275771
76.125	8.9	0.999990791161204	0.80366847689965	-0.00287064132301403	11.1574175122213	0.999992632928963
76.275	8.9	0.999991141677404	0.803513343150267	-0.00278538212837466	11.036880043969	0.999992913341923
76.425	8.9	0.999991479702979	0.803365884179673	-0.0027009759935365	10.9163652174541	0.999993183762383
76.575	8.9	0.999991805573761	0.803225606356995	-0.00261762599155726	10.795871921402	0.999993444459008
76.725	8.9	0.999992119637802	0.803092059193204	-0.00253550411642277	10.6753991151239	0.999993695710241
76.875	8.9	0.999992422246727	0.802964830639048	-0.0024547548500747	10.5549458224209	0.999993937797382
77.025	8.9	0.999992713750912	0.80284354295658	-0.00237549834180675	10.4345111261481	0.99999417100073
77.175	8.9	0.999992994497086	0.8027278490902	-0.00229783324266597	10.3140941633574	0.999994395597669
77.325	8.9	0.999993264827269	0.802617429473432	-0.0022218392322637	10.1936941209507	0.999994611861815
77.475	8.9	0.999993525078329	0.802511989215431	-0.00214757927181132	10.0733102317816	0.999994820062663
77.625	8.9	0.999993775581709	0.802411255619237	-0.00207510161267054	9.95294177115199	0.999995020465367
77.775	8.9	0.999994016663163	0.80231497598979	-0.00200444158692346	9.8325880536586	0.999995213330531
77.925	8.9	0.999994248642423	0.802222915695264	-0.00193562320343115	9.71224843034728	0.999995398913939
78.075	8.9	0.999994471832805	0.802134856450341	-0.00186866057002341	9.5919222861409	0.999995577466244
78.225	8.9	0.999994686540817	0.802050594793561	-0.00180355916064384	9.47160903750902	0.999995749232653
78.375	8.9	0.999994893065781	0.80196994073511	-0.00174031694375727	9.35130813035245	0.999995914452625
78.525	8.9	0.99999509169951	0.801892716554027	-0.00167892538692043	9.23101903807876	0.999996073359608
78.675	8.9	0.999995282726057	0.801818755726556	-0.00161937035066975	9.11074125984768	0.999996226180846
78.825	8.9	0.999995466421533	0.801747901970157	-0.00156163288339955	8.99047431896807	0.999996373137226
78.975	8.9	0.999995643053999	0.801680008388773	-0.00150568992785085	8.87021776143029	0.999996514443199
79.125	8.9	0.99999581288343	0.801614936707785	-0.00145151494842295	8.74997115455948	0.999996650306744
79.275	8.9	0.999995976161718	0.801552556587738	-0.00139907848794777	8.62973408577749	0.999996780929375
79.425	8.9	0.999996133132718	0.801492745007718	-0.00134834866110571	8.50950616146207	0.999996906506174
79.575	8.9	0.999996284032331	0.801435385710316	-0.00129929159141664	8.38928700589367	0.999997027225865
79.725	8.9	0.999996429088628	0.801380368700975	-0.00125187179774269	8.2690762602812	0.999997143270902
79.875	8.9	0.999996568521971	0.801327589795617	-0.00120605253564885	8.14887358185902	0.999997254817577
80.025	8.9	0.999996702545169	0.801276950211062	-0.00116179609835813	8.02867864304831	0.999997362036135
80.175	8.9	0.999996831363634	0.801228356193364	-0.00111906408178677	7.9084911306769	0.999997465090907
80.325	8.9	0.999996955175563	0.801181718680008	-0.00107781761728779	7.78831074525217	0.99999756414045
80.475	8.9	0.999997074172112	0.801136952992145	-0.00103801757568618	7.66813720028215	0.99999765933769
80.625	8.9	0.999997188537582	0.801093978553666	-0.000999624745653376	7.54797022164071	0.999997750830065
80.775	8.9	0.999997298449606	0.801052718634196	-0.00096259998918546	7.42780954697288	0.999997838759685
80.925	8.9	0.999997404079345	0.801013100113619	-0.000926904376657595	7.30765492513713	0.999997923263476
81.075	8.9	0.999997505591678	0.800975053265651	-0.000892499303660909	7.18750611568131	0.999998004473342
81.225	8.9	0.999997603145395	0.800938511558708	-0.0008593465916496	7.06736288834976	0.999998082516316
81.375	8.9	0.999997696893394	0.800903411472298	-0.000827408574153089	6.94722502261899	0.999998157514715
81.525	8.9	0.99999778698287	0.800869692327229	-0.000796648170110266	6.82709230725983	0.999998229586296
81.675	8.9	0.999997873555506	0.800837296128465	-0.00076702894587522	6.70696453992403	0.999998298844404
81.825	8.9	0.999997956747651	0.8008061674193	-0.000738515166994728	6.58684152675345	0.999998365398121
81.975	8.9	0.999998036690492	0.800776253145794	-0.000711071841114907	6.46672308201043	0.999998429352393
82.125	8.9	0.999998113510223	0.800747502530509	-0.000684664752857855	6.34660902772762	0.999998490808178
82.275	8.9	0.999998187328213	0.80071986695474	-0.000659260491732278	6.22649919337614	0.999998549862571
82.425	8.9	0.999998258261184	0.800693299848321	-0.000634826473815006	6.10639341555074	0.999998606608948
82.575	8.9	0.999998326421423	0.800667756586593	-0.000611330957985442	5.986291537671	0.999998661137138
82.725	8.9	0.999998391917005	0.80064319439357	-0.00058874305738037	5.86619340969736	0.999998713533604
82.875	8.9	0.999998454852003	0.800619572251114	-0.000567032746618749	5.74609888786125	0.999998763881602
83.025	8.9	0.999998515326612	0.800596850813292	-0.000546170865399939	5.62600783440842	0.999998812261289
83.175	8.9	0.999998573437114	0.800574992325763	-0.000526129118888096	5.50592011735471	0.999998858749691
83.325	8.9	0.999998629275696	0.800553960549628	-0.00050688007533535	5.38583561025355	0.999998903420557
83.475	8.9	0.999998682930237	0.800533720689439	-0.000488397161327793	5.2657541919746	0.999998946344189
83.625	8.9	0.999998734484414	0.800514239325013	-0.000470654654997616	5.14567574649294	0.999998987587531
83.775	8.9	0.999998784018526	0.800495484346729	-0.000453627677481541	5.02560016268809	0.999999027214821
83.925	8.9	0.999998831611212	0.800477424893924	-0.000437292182924458	4.90552733415249	0.999999065288969
84.075	8.9	0.999998877341596	0.800460031296059	-0.000421624947251014	4.78545715900865	0.999999101873277
84.225	8.9	0.999998921290377	0.800443275016522	-0.000406603555965374	4.66538953973487	0.999999137032302
84.375	8.9	0.999998963537628	0.80042712859904	-0.000392206391097548	4.54532438299904	0.999999170830102
84.525	8.9	0.999999004155632	0.800411565616774	-0.000378412617540443	4.42526159950088	0.999999203324505
84.675	8.9	0.999999043197942	0.800396560624448	-0.00036520216889455	4.30520110382235	0.999999234558354
84.825	8.9	0.999999080691011	0.800382089113203	-0.000352555732988461	4.18514281428635	0.999999264552809
84.975	8.9	0.999999116639825	0.800368127467133	-0.000340454737154953	4.06508665282237	0.99999929331186
85.125	8.9	0.999999151059011	0.800354652919749	-0.000328881333412144	3.94503254483701	0.999999320847209
85.275	8.9	0.99999918402953	0.800341643507805	-0.000317818383618996	3.82498041908681	0.999999347223624
85.425	8.9	0.999999215756016	0.800329078021561	-0.000307249444746939	3.70493020755172	0.999999372604813
85.575	8.9	0.999999246569104	0.800316935954142	-0.000297158754329189	3.58488184531178	0.999999397255283
85.725	8.9	0.999999276804224	0.800305197458258	-0.000287531216276162	3.46483527043543	0.999999421443379
85.875	8.9	0.999999306527424	0.800293843322293	-0.000278352387128808	3.34479042389238	0.999999445221939
86.025	8.9	0.999999335194195	0.800282854974363	-0.00026960846290305	3.22474724950177	0.999999468155356
86.175	8.9	0.999999361496896	0.800272214506711	-0.00026128626655178	3.1047056939094	0.999999489197517
86.325	8.9	0.999999383778694	0.800261904684217	-0.000253373236022426	2.98466570655779	0.999999507022955
86.475	8.9	0.999999401289159	0.800251908873906	-0.000245857412871765	2.86462723958137	0.999999521031327
86.625	8.9	0.999999416058696	0.800242210834343	-0.000238727431426689	2.74459024755658	0.999999532846956
86.775	8.9	0.999999434290283	0.8002327943693	-0.000231972508942049	2.6245546871002	0.999999547432227
86.925	8.9	0.999999465314521	0.800223642989493	-0.000225582437693813	2.50452051645611	0.999999572251617
87.075	8.9	0.999999516199811	0.800214739892247	-0.000219547580479188	2.38448769539582	0.999999612959849
87.225	8.9	0.999999582091653	0.800206068630015	-0.000213858871001539	2.2644561858465	0.999999665673322
87.375	8.9	0.999999636654388	0.800197614607525	-0.000208507819380797	2.14442595344626	0.999999709323511
87.525	8.9	0.999999632161468	0.800189366900055	-0.000203486520193327	2.02439696955852	0.999999705729175
87.675	8.9	0.999999520780492	0.800181318958053	-0.000198787657011543	1.90436921226429	0.999999616624393
87.825	8.9	0.999999301629503	0.800173466132736	-0.000194404495807672	1.78434266407729	0.999999441303603
87.975	8.9	0.999999078295135	0.800165798602329	-0.000190330863823931	1.66431730464183	0.999999262636108
88.125	8.9	0.999999082728227	0.800158291102883	-0.000186561124009044	1.5442930995247	0.999999266182582
88.275	8.9	0.999999601414384	0.80015089571435	-0.000183090176107853	1.4242699914059	0.999999681131507
88.425	8.9	1.00000075874839	0.800143548483861	-0.000179913532554604	1.30424790521373	1.00000060699871
88.575	8.9	1.00000219895278	0.800136200036714	-0.000177027508072927	1.18422677892852	1.00000175916223
88.725	8.9	1.00000285774649	0.800128868928819	-0.000174429501121763	1.0642066206151	1.00000228619719
88.875	8.9	1.00000115708205	0.800121692587558	-0.000172118226899242	0.944187567063275	1.00000092566564
89.025	8.9	0.999995941200866	0.80011492274916	-0.000170093629384888	0.824169888136478	0.999996752960693
89.175	8.9	0.999988125303584	0.800108802992039	-0.000168356168534889	0.704153867029175	0.999990500242867
89.325	8.9	0.999982291031289	0.800103306928203	-0.000166905409952851	0.584139524773839	0.999985832825031
89.475	8.9	0.999986591765539	0.800097827164425	-0.000165738444500066	0.464126272684522	0.999989273412431
89.625	8.9	1.00000902268479	0.800091062266653	-0.000164849504614803	0.344112748378094	1.00000721814783
89.775	8.9	1.00004934851257	0.800070911098733	-0.00016423269345392	0.224097218390344	1.00003947881005
89.925	8.9	1.00008940955773	0.400093615734557	-0.000163905646333752	0.104081996545568	1.00007152764618
0.075	9.1	1.45398141194266e-30	0.399999535037707	-2.14833242734035e-05	36.0880517600329	0.2
0.225	9.1	3.90494165535899e-30	0.799998604488644	-2.15147334821997e-05	36.0640517879306	0.2
0.375	9.1	-3.18583620331669e-30	0.799997672063672	-2.15776189793082e-05	36.0400518437635	0.2
0.525	9.1	1.35427619647145e-30	0.799996736505411	-2.16721148400033e-05	36.0160519276068	0.2
0.675	9.1	-1.64720752510348e-29	0.799995796546264	-2.1798422089826e-05	35.9920520395732	0.2
0.825	9.1	-9.46721584971347e-30	0.799994850904921	-2.19568077663827e-05	35.968052179814	0.2
0.975	9.1	-3.37407523533161e-29	0.79999389828164	-2.214760477787e-05	35.9440523485189	0.2
1.125	9.1	-1.18038376935903e-29	0.799992937355132	-2.23712102544146e-05	35.9200525459171	0.2
1.275	9.1	-2.50101454275211e-29	0.799991966779508	-2.2628086988497e-05	35.8960527722776	0.2
1.425	9.1	3.40018741484569e-29	0.799990985179587	-2.29187595623602e-05	35.8720530279103	0.2
1.575	9.1	4.68722035156992e-29	0.799989991149074	-2.32438161032214e-05	35.8480533131668	0.2
1.725	9.1	1.43061005346245e-28	0.799988983246079	-2.36039062302366e-05	35.8240536284414	0.2
1.875	9.1	1.4895054848831e-28	0.799987959992326	-2.39997404592667e-05	35.8000539741721	0.2
2.025	9.1	2.12465913061571e-28	0.799986919868214	-2.44320900104551e-05	35.7760543508419	0.2
2.175	9.1	1.00375378461523e-28	0.799985861312092	-2.49017858168316e-05	35.75205475898	0.2
2.325	9.1	8.05119229584715e-30	0.799984782716919	-2.540971802762e-05	35.7280551991631	0.2
2.475	9.1	-3.21099830050151e-28	0.799983682428528	-2.59568364526879e-05	35.7040556720169	0.2
2.625	9.1	-5.69530475409668e-28	0.799982558742885	-2.65441495562228e-05	35.6800561782174	0.2
2.775	9.1	-9.59460898561098e-28	0.799981409905562	-2.7172726070776e-05	35.6560567184924	0.2
2.925	9.1	-9.94506591828048e-28	0.799980234107731	-2.78436933176964e-05	35.6320572936231	0.2
3.075	9.1	-8.95970263360226e-28	0.799979029485636	-2.85582402782782e-05	35.6080579044459	0.2
3.225	9.1	-9.05490687126533e-29	0.799977794118373	-2.93176165595291e-05	35.5840585518539	0.2
3.375	9.1	9.54016598563566e-28	0.799976526025672	-3.01231346087872e-05	35.5600592367988	0.2
3.525	9.1	2.59760619110799e-27	0.799975223166285	-3.09761708553605e-05	35.5360599602924	0.2
3.675	9.1	3.80528233556911e-27	0.79997388343538	-3.18781671149248e-05	35.5120607234088	0.2
3.825	9.1	4.61059351244004e-27	0.799972504662362	-3.28306330218582e-05	35.4880615272863	0.2
3.975	9.1	3.57993614743438e-27	0.799971084609782	-3.38351477131241e-05	35.4640623731291	0.2
4.125	9.1	1.10565315187401e-27	0.799969620968776	-3.48933620811126e-05	35.4400632622097	0.2
4.275	9.1	-3.59162078854049e-27	0.799968111358263	-3.60070020535937e-05	35.416064195871	0.2
4.425	9.1	-8.46216961665876e-27	0.799966553321648	-3.71778704571055e-05	35.3920651755282	0.2
4.575	9.1	-1.27813380052605e-26	0.79996494432328	-3.84078512239065e-05	35.3680662026717	0.2
4.725	9.1	-1.29708787197626e-26	0.799963281745812	-3.96989108910081e-05	35.3440672788688	0.2
4.875	9.1	-8.73747909939415e-27	0.799961562887183	-4.10531039617829e-05	35.3200684057669	0.2
5.025	9.1	1.39848743767054e-27	0.799959784956521	-4.2472574479605e-05	35.2960695850956	0.2
5.175	9.1	1.25603097994793e-26	0.799957945069792	-4.39595617722302e-05	35.2720708186695	0.2
5.325	9.1	2.06258651202507e-26	0.799956040247628	-4.55164021545581e-05	35.2480721083914	0.2
5.475	9.1	1.59594341142637e-26	0.799954067409789	-4.71455347167135e-05	35.2240734562547	0.2
5.625	9.1	-3.549181612824e-27	0.799952023369889	-4.88495050579622e-05	35.2000748643468	0.2
5.775	9.1	-3.69042013177488e-26	0.799949904832909	-5.06309691620984e-05	35.1760763348525	0.2
5.925	9.1	-6.38039725323056e-26	0.799947708388306	-5.24926981329627e-05	35.1520778700568	0.2
6.075	9.1	-5.67552003144839e-26	0.799945430506448	-5.44375833692743e-05	35.1280794723492	0.2
6.225	9.1	2.4438841471934e-26	0.799943067531618	-5.64686406694954e-05	35.1040811442264	0.2
6.375	9.1	1.96766133082242e-25	0.799940615677655	-5.85890152050826e-05	35.0800828882973	0.2
6.525	9.1	4.41434253139418e-25	0.799938071021588	-6.08019874813172e-05	35.0560847072858	0.2
6.675	9.1	6.54699059580024e-25	0.799935429497402	-6.31109777927925e-05	35.032086604036	0.2
6.825	9.1	6.58952295654713e-25	0.799932686889421	-6.55195516170257e-05	35.0080885815159	0.2
6.975	9.1	2.12309961280982e-25	0.799929838826351	-6.80314263377153e-05	34.9840906428226	0.2
7.125	9.1	-8.66742266840478e-25	0.799926880774281	-7.06504757033201e-05	34.9600927911864	0.2
7.275	9.1	-2.5654279131256e-24	0.79992380802824	-7.33807365668597e-05	34.9360950299762	0.2
7.425	9.1	-4.45386043307126e-24	0.79992061570672	-7.62264152236576e-05	34.9120973627047	0.2
7.575	9.1	-5.59021920486167e-24	0.799917298741825	-7.91918930674496e-05	34.8880997930338	0.2
7.725	9.1	-4.54152524020197e-24	0.799913851873137	-8.22817338900898e-05	34.8641023247801	0.2
7.875	9.1	1.88145982040727e-25	0.799910269637419	-8.55006910733345e-05	34.8401049619214	0.2
8.025	9.1	9.41857305576761e-24	0.799906546361645	-8.88537131962783e-05	34.8161077086019	0.2
8.175	9.1	2.21353205091304e-23	0.799902676152905	-9.23459527965435e-05	34.7921105691397	0.2
8.325	9.1	3.44258755231752e-23	0.799898652889536	-9.59827733070983e-05	34.7681135480327	0.2
8.475	9.1	3.88843874173175e-23	0.799894470210501	-9.97697568939654e-05	34.7441166499663	0.2
8.625	9.1	2.55357685066833e-23	0.799890121506648	-0.000103712712479209	34.7201198798201	0.2
8.775	9.1	-1.51214175499954e-23	0.799885599909054	-0.000107817684560256	34.6961232426759	0.2
8.925	9.1	-8.62441473327336e-23	0.799880898278701	-0.000112090960705343	34.6721267438256	0.2
9.075	9.1	-1.76822582919418e-22	0.799876009194957	-0.00011653908217409	34.6481303887792	0.2
9.225	9.1	-2.5406220783173e-22	0.799870924943988	-0.000121168851538972	34.6241341832738	0.2
9.375	9.1	-2.61058181754514e-22	0.799865637505635	-0.000125987343339439	34.6001381332825	0.2
9.525	9.1	-1.26208289258313e-22	0.799860138542829	-0.000131001913051576	34.5761422450235	0.2
9.675	9.1	2.08895657072888e-22	0.799854419385429	-0.000136220207811187	34.55214652497	0.2
9.825	9.1	7.41887653795975e-22	0.799848471019957	-0.000141650177328306	34.5281509798604	0.2
9.975	9.1	1.35181643903651e-21	0.799842284071345	-0.000147300083589577	34.5041556167088	0.2
10.125	9.1	1.75767269182284e-21	0.799835848792378	-0.000153178512824274	34.4801604428161	0.2
10.275	9.1	1.53495228246535e-21	0.799829155045114	-0.000159294387103189	34.4561654657812	0.2
10.425	9.1	2.362391190739e-22	0.799822192285918	-0.000165656975975923	34.4321706935134	0.2
10.575	9.1	-2.36119432632547e-21	0.799814949549644	-0.000172275908805641	34.4081761342441	0.2
10.725	9.1	-5.91464129769721e-21	0.799807415431093	-0.000179161187402368	34.3841817965404	0.2
10.875	9.1	-9.20605672209091e-21	0.799799578067948	-0.000186323199357614	34.3601876893182	0.2
11.025	9.1	-1.00788706106824e-20	0.79979142512114	-0.000193772730553793	34.3361938218563	0.2
11.175	9.1	-5.88421344305222e-21	0.79978294375673	-0.000201520980129179	34.312200203811	0.2
11.325	9.1	5.37709070118627e-21	0.799774120624504	-0.000209579573891722	34.2882068452309	0.2
11.475	9.1	2.32798233659959e-20	0.799764941837326	-0.000217960578578353	34.2642137565735	0.2
11.625	9.1	4.30711021401969e-20	0.79975539294939	-0.000226676517396137	34.2402209487207	0.2
11.775	9.1	5.46656613637726e-20	0.799745458933422	-0.00023574038501132	34.2162284329965	0.2
11.925	9.1	4.39406847909215e-20	0.799735124157479	-0.000245165663025639	34.1922362211847	0.2
12.075	9.1	-2.39399204789851e-21	0.799724372358556	-0.00025496633643883	34.1682443255471	0.2
12.225	9.1	-8.81029964021558e-20	0.799713186618894	-0.000265156909052843	34.1442527588432	0.2
12.375	9.1	-1.96694036995275e-19	0.799701549338779	-0.000275752421115509	34.1202615343499	0.2
12.525	9.1	-2.83304919713925e-19	0.79968944220826	-0.000286768465641869	34.0962706658828	0.2
12.675	9.1	-2.76343732310316e-19	0.799676846177973	-0.000298221206116272	34.0722801678174	0.2
12.825	9.1	-9.66597910451245e-20	0.799663741430303	-0.000310127393235755	34.0482900551122	0.2
12.975	9.1	3.01732141028485e-19	0.799650107346925	-0.000322504383418321	34.0243003433316	0.2
13.125	9.1	8.74458223561808e-19	0.799635922476446	-0.000335370156879504	34.0003110486713	0.2
13.275	9.1	1.43287068480791e-18	0.799621164500458	-0.000348743335032556	33.976322187983	0.2
13.425	9.1	1.62848052551852e-18	0.799605810198022	-0.000362643199240806	33.9523337788013	0.2
13.575	9.1	1.01945007708669e-18	0.799589835408976	-0.000377089709114819	33.9283458393712	0.2
13.725	9.1	-7.47725479734432e-19	0.799573214995149	-0.000392103520963768	33.9043583886768	0.2
13.875	9.1	-3.64724807395229e-18	0.799555922800499	-0.000407706005738577	33.8803714464715	0.2
14.025	9.1	-6.95085828177991e-18	0.799537931609367	-0.00042391926754359	33.8563850333087	0.2
14.175	9.1	-9.03717478533143e-18	0.799519213102412	-0.000440766161799284	33.8323991705749	0.2
14.325	9.1	-7.56632073493532e-18	0.799499737811704	-0.000458270312411845	33.8084138805226	0.2
14.475	9.1	-2.4107374381088e-19	0.799479475073764	-0.000476456129720956	33.7844291863062	0.2
14.625	9.1	1.37775239417387e-17	0.799458392978506	-0.000495348826807376	33.7604451120182	0.2
14.775	9.1	3.20640369652016e-17	0.799436458319157	-0.000514974435883496	33.7364616827275	0.2
14.925	9.1	4.74650545911052e-17	0.799413636537713	-0.000535359823051082	33.712478924519	0.2
15.075	9.1	4.81614017701133e-17	0.799389891668707	-0.000556532704001415	33.6884968645352	0.2
15.225	9.1	2.05822862094044e-17	0.799365186280153	-0.000578521655927191	33.6645155310189	0.2
15.375	9.1	-4.40248209176537e-17	0.799339481412211	-0.000601356129884117	33.6405349533584	0.2
15.525	9.1	-1.4003586888499e-16	0.799312736513165	-0.000625066460491193	33.6165551621342	0.2
15.675	9.1	-2.37956181471285e-16	0.799284909371522	-0.000649683875657097	33.5925761891676	0.2
15.825	9.1	-2.80734777930348e-16	0.799255956045814	-0.000675240501608383	33.5685980675719	0.2
15.975	9.1	-1.93290587090009e-16	0.799225830791073	-0.00070176936684076	33.5446208318049	0.2
16.125	9.1	8.86312673036172e-17	0.79919448598015	-0.000729304403599146	33.5206445177244	0.2
16.275	9.1	5.70249714061818e-16	0.799161872025487	-0.000757880445392861	33.496669162646	0.2
16.425	9.1	1.14171899019247e-15	0.799127937289419	-0.000787533220796858	33.4726948054029	0.200000000000001
16.575	9.1	1.54081350917219e-15	0.79909262799907	-0.000818299343685052	33.4487214864087	0.200000000000001
16.725	9.1	1.37340991595535e-15	0.799055888150884	-0.000850216298806789	33.4247492477229	0.200000000000001
16.875	9.1	2.31270849904353e-16	0.799017659409231	-0.000883322420528524	33.4007781331196	0.2
17.025	9.1	-2.07617014937022e-15	0.79897788100563	-0.000917656868542963	33.3768081881584	0.199999999999998
17.175	9.1	-5.21250032647601e-15	0.798936489627464	-0.000953259593606567	33.3528394602593	0.199999999999996
17.325	9.1	-8.04293828639951e-15	0.798893419301207	-0.000990171298504861	33.3288719987808	0.199999999999994
17.475	9.1	-8.59699534112905e-15	0.798848601271042	-0.00102843338800566	33.3049058551012	0.199999999999993
17.625	9.1	-4.49715288734241e-15	0.798801963869627	-0.00106808791231819	33.2809410827045	0.199999999999996
17.775	9.1	5.98496309678583e-15	0.798753432378846	-0.00110917749738873	33.256977737269	0.200000000000005
17.925	9.1	2.23132458979949e-14	0.798702928886582	-0.0011517452640962	33.2330158767617	0.200000000000018
18.075	9.1	3.99755766903506e-14	0.798650372130383	-0.0011958347352952	33.2090555615359	0.200000000000032
18.225	9.1	4.96107706670094e-14	0.79859567733463	-0.00124148972692636	33.1850968544339	0.20000000000004
18.375	9.1	3.824551601994e-14	0.798538756034347	-0.00128875422267381	33.1611398208958	0.200000000000031
18.525	9.1	-6.20614100641499e-15	0.798479515888447	-0.00133767223185841	33.1371845290719	0.199999999999995
18.675	9.1	-8.69394001033148e-14	0.798417860480866	-0.00138828762421399	33.1132310499425	0.19999999999993
18.825	9.1	-1.88379316273065e-13	0.798353689106729	-0.00144064394510483	33.089279457443	0.199999999999849
18.975	9.1	-2.68625435610958e-13	0.798286896542295	-0.0014947842024814	33.0653298285961	0.199999999999785
19.125	9.1	-2.6079508547647e-13	0.79821737280079	-0.00155075062786788	33.0413822436505	0.199999999999791
19.275	9.1	-9.04308510524395e-14	0.798145002865896	-0.00160858440495238	33.0174367862281	0.199999999999928
19.425	9.1	2.86997707425005e-13	0.798069666406364	-0.0016683253634841	32.9934935434786	0.20000000000023
19.575	9.1	8.32795240349174e-13	0.797991237469192	-0.00173001163423861	32.9695526062437	0.200000000000666
19.725	9.1	1.3734554936388e-12	0.797909584143304	-0.00179367926175272	32.9456140692303	0.200000000001099
19.875	9.1	1.58292909428783e-12	0.797824568199266	-0.00185936176810199	32.9216780311948	0.200000000001266
20.025	9.1	1.03952426650337e-12	0.797736044693821	-0.00192708966359078	32.897744595138	0.200000000000832
20.175	9.1	-6.0957859668916e-13	0.797643861544754	-0.00199688989854623	32.8738138685129	0.199999999999512
20.325	9.1	-3.37749309245275e-12	0.797547859057588	-0.00206878524964989	32.8498859634455	0.199999999997298
20.475	9.1	-6.62584029058602e-12	0.797447869419481	-0.00214279363122043	32.8259609969701	0.199999999994699
20.625	9.1	-8.85991590749956e-12	0.797343716135134	-0.00221892732713934	32.8020390912816	0.199999999992912
20.775	9.1	-7.84741399959608e-12	0.797235213414024	-0.00229719213092182	32.7781203740037	0.199999999993722
20.925	9.1	-1.27928786343e-12	0.797122165492762	-0.00237758638383205	32.7542049784782	0.199999999998977
21.075	9.1	1.19339411704054e-11	0.79700436588995	-0.00246009990238655	32.7302930440744	0.200000000009547
21.225	9.1	2.992894454394e-11	0.796881596585368	-0.00254471277976761	32.7063847165226	0.200000000023943
21.375	9.1	4.63524268310154e-11	0.79675362711016	-0.00263139404705382	32.6824801482736	0.200000000037082
21.525	9.1	5.01010998516624e-11	0.79662021354006	-0.00272010018077158	32.6585794988871	0.200000000040081
21.675	9.1	2.76297416586209e-11	0.79648109737792	-0.00281077343713028	32.6346829354516	0.200000000022104
21.825	9.1	-3.12449493397971e-11	0.79633600431119	-0.00290333999454207	32.6107906330391	0.199999999975004
21.975	9.1	-1.24348642542441e-10	0.796184642825746	-0.00299770788090223	32.5869027751989	0.199999999900521
22.125	9.1	-2.27412775021705e-10	0.796026702659484	-0.00309376466335435	32.5630195544933	0.19999999981807
22.275	9.1	-2.88661703208151e-10	0.795861853076438	-0.00319137486721076	32.5391411730828	0.199999999769071
22.425	9.1	-2.34748478487533e-10	0.795689740938209	-0.00329037709414808	32.5152678433639	0.199999999812201
22.575	9.1	5.35800548387486e-12	0.79550998854464	-0.00339058080224473	32.4913997886713	0.200000000004286
22.725	9.1	4.56599808710805e-10	0.795322191230012	-0.00349176270456408	32.4675372440502	0.20000000036528
22.875	9.1	1.04217654219781e-09	0.795125914664126	-0.00359366274435882	32.4436804571104	0.200000000833741
23.025	9.1	1.53808014046212e-09	0.794920691835056	-0.00369597960085129	32.4198296889714	0.200000001230464
23.175	9.1	1.57349283673954e-09	0.794706019648549	-0.00379836567398761	32.3959852153068	0.200000001258794
23.325	9.1	7.17517113401929e-10	0.794481355086575	-0.00390042149809386	32.3721473274924	0.200000000574014
23.475	9.1	-1.32190647158773e-09	0.794246110844335	-0.00400168951858774	32.3483163338648	0.199999998942475
23.625	9.1	-4.40368262623192e-09	0.793999650364656	-0.00410164715068202	32.3244925610937	0.199999996477054
23.775	9.1	-7.65120887021652e-09	0.793741282185832	-0.00419969900634246	32.3006763556821	0.199999993879033
23.925	9.1	-9.31139271050751e-09	0.793470253546393	-0.0042951681415811	32.2768680856201	0.199999992550886
24.075	9.1	-7.00030847489885e-09	0.793185743212198	-0.00438728613379126	32.2530681422425	0.199999994399753
24.225	9.1	1.46514804786688e-09	0.792886853504797	-0.00447518177656174	32.22927694236	0.200000001172118
24.375	9.1	1.66150021786145e-08	0.792572601526357	-0.00455786819217906	32.2054949307534	0.200000013292002
24.525	9.1	3.55490614968309e-08	0.792241909485141	-0.00463422821848644	32.181722583108	0.200000028439249
24.675	9.1	5.05807997932163e-08	0.791893593913473	-0.00470299804928863	32.1579604094251	0.20000004046464
24.825	9.1	4.94629263436192e-08	0.791526353342433	-0.00476274922470655	32.1342089578601	0.200000039570341
24.975	9.1	1.84634603524996e-08	0.791138753753371	-0.00481186914353592	32.1104688188282	0.200000014770768
25.125	9.1	-5.09694262673584e-08	0.790729210980142	-0.00484854014167381	32.0867406291291	0.199999959224459
25.275	9.1	-1.52639832453118e-07	0.79029596929268	-0.00487071675014215	32.0630250758421	0.199999877888134
25.425	9.1	-2.56101774812996e-07	0.789837075832174	-0.00487609992027707	32.0393228999229	0.19999979511858
25.575	9.1	-3.02768936118247e-07	0.789350351433267	-0.00486210588114465	32.0156348998391	0.199999757784851
25.725	9.1	-2.14838391685965e-07	0.788833359497938	-0.00482582621368777	31.9919619361947	0.199999828129287
25.875	9.1	7.67960745884258e-08	0.788283375550552	-0.00476397534168423	31.9683049389424	0.20000006143686
26.025	9.1	5.84929440322385e-07	0.787697360151394	-0.00467282279279818	31.9446649191328	0.200000467943552
26.175	9.1	1.20867396928499e-06	0.78707193615437	-0.00454811102141683	31.921042986754	0.200000966939175
26.325	9.1	1.69057863958619e-06	0.786403367261992	-0.00438496540485353	31.8974403746483	0.200001352462912
26.475	9.1	1.62548659070997e-06	0.785687528760062	-0.00417780993509649	31.8738584656438	0.200001300389273
26.625	9.1	5.61577250424852e-07	0.784919854905516	-0.00392030700173045	31.8502988164128	0.2000004492618
26.775	9.1	-1.78285332890505e-06	0.784095244099746	-0.00360533737319305	31.8267631685591	0.199998573717337
26.925	9.1	-5.20815092029674e-06	0.783207907263781	-0.00322502122288599	31.8032534372693	0.199995833479264
27.075	9.1	-8.72055959012521e-06	0.782251160932983	-0.00277074879877405	31.7797716730989	0.199993023552328
27.225	9.1	-1.03924732253372e-05	0.781217195464009	-0.00223314211772267	31.7563200048136	0.19999168602142
27.375	9.1	-7.62465745052035e-06	0.780096884895743	-0.0016018194972309	31.732900589878	0.19999390027404
27.525	9.1	1.9863378504871e-06	0.778879733770331	-0.000864809205858565	31.709515619233	0.20000158907028
27.675	9.1	1.91321184251852e-05	0.777554054334657	-7.4950759727403e-06	31.6861674345434	0.20001530569474
27.825	9.1	4.09034884093311e-05	0.776107409000478	0.000988885615967537	31.6628588056714	0.200032722790727
27.975	9.1	5.92428024981415e-05	0.774527222383014	0.00214891595007629	31.6395933710832	0.200047394241999
28.125	9.1	6.08715702069308e-05	0.772801278167318	0.00350422846883835	31.6163761598893	0.200048697256166
28.275	9.1	2.99872815827417e-05	0.770917626841468	0.00509335919057442	31.5932140044026	0.200023989825266
28.425	9.1	-4.53738614493953e-05	0.768863346194469	0.00695920392516691	31.570115554025	0.199963700910841
28.575	9.1	-0.000163606184290741	0.766621750529141	0.00914344198778301	31.5470905763427	0.199869115052567
28.725	9.1	-0.000298734857885591	0.764168160174274	0.0116784243628309	31.5241483507675	0.199761012113692
28.875	9.1	-0.000393251425890158	0.761465280323245	0.0145790567980606	31.5012952748123	0.199685398859288
29.025	9.1	-0.000361183825412697	0.7584605028829	0.0178399606936575	31.4785323013019	0.19971105293967
29.175	9.1	-0.000108055287400732	0.75508862140625	0.0214457566013824	31.4558533911191	0.199913555770079
29.325	9.1	0.000428779808103378	0.751283631180731	0.0254027508824667	31.4332465659338	0.200343023846483
29.475	9.1	0.00122312141387459	0.747001264562007	0.0297961848782264	31.410699060788	0.2009784971311
29.625	9.1	0.00210055912329001	0.742249197599441	0.0348676508148506	31.3882072084818	0.201680447298632
29.775	9.1	0.00270249335574385	0.737116157564707	0.041095350877712	31.3657899157343	0.202161994684595
29.925	9.1	0.00250648107716903	0.731788115983548	0.0492513868013213	31.3435021466636	0.202005184861735
30.075	9.1	0.000932444659543364	0.726541156155992	0.0604065900517002	31.3214424176396	0.200745955727635
30.225	9.1	-0.0024548856744359	0.72170152853824	0.0758439693789209	31.2997470870332	0.198036091460451
30.375	9.1	-0.00767163650855162	0.717552541951436	0.096808143531708	31.2785655326658	0.193862690793159
30.525	9.1	-0.0140340248239382	0.714137509930529	0.123959510218136	31.2580150870627	0.188772780140849
30.675	9.1	-0.019966974667364	0.710881442446737	0.156397882826032	31.2381226157201	0.184026420266109
30.825	9.1	-0.0229996445205474	0.706048267772377	0.190420475140889	31.2187687969366	0.181600284383562
30.975	9.1	-0.0200098904376639	0.696474548777744	0.219056658521073	31.1996570458553	0.183992087649869
31.125	9.1	-0.00771219613539386	0.678550571850454	0.23415796067643	31.1803250550692	0.193830243091685
31.275	9.1	0.016696799709661	0.650638276266504	0.231019235184308	31.1601999591677	0.213357439767729
31.425	9.1	0.0548780286313001	0.614755381755877	0.211509088940328	31.1386795000175	0.24390242290504
31.575	9.1	0.106821186183523	0.57543217096995	0.182235173451714	31.1152178610365	0.285456948946818
31.725	9.1	0.17057358184022	0.537129474164204	0.150168771717031	31.0894011664622	0.336458865472176
31.875	9.1	0.242351361553943	0.502710657650403	0.119964559807278	31.0610012689898	0.393881089243154
32.025	9.1	0.317113423415474	0.473381896579878	0.0937609444511128	31.0299987000394	0.453690738732379
32.175	9.1	0.389507304030657	0.449247070144588	0.0720415558540244	30.9965705742812	0.511605843224525
32.325	9.1	0.454881408202281	0.429850144372258	0.0544746786973246	30.9610474721981	0.563905126561825
32.475	9.1	0.510002114279079	0.41452989732491	0.0404347764157459	30.9238521642618	0.608001691423263
32.625	9.1	0.553286789246463	0.402609903932458	0.0292618906554073	30.8854370085824	0.64262943139717
32.775	9.1	0.584612672142898	0.393482731477331	0.020368186875863	30.8462334721701	0.667690137714319
32.925	9.1	0.604903063429049	0.386635791350384	0.0132688173841371	30.8066196468319	0.683922450743239
33.075	9.1	0.615684637614111	0.381649383718622	0.00757967566591435	30.7669048027805	0.692547710091289
33.225	9.1	0.618726638104133	0.378184234069003	0.00300290403154933	30.7273265248063	0.694981310483306
33.375	9.1	0.615793057060206	0.37596710586232	-0.000690438655960602	30.6880555104012	0.692634445648165
33.525	9.1	0.608494324022648	0.374778047147467	-0.00367665616601384	30.649204194421	0.686795459218118
33.675	9.1	0.598211282940959	0.374440282046992	-0.00609323061469034	30.6108367521026	0.678569026352767
33.825	9.1	0.586066588612709	0.374812630345019	-0.00804982601467184	30.5729791211363	0.668853270890167
33.975	9.1	0.572925701236701	0.375783930101399	-0.00963658171609883	30.5356283559694	0.658340560989361
34.125	9.1	0.559415947504851	0.377268865356765	-0.0109300101099638	30.4987609801301	0.647532758003881
34.275	9.1	0.545956221574867	0.379204681174515	-0.0119969298604708	30.4623401713014	0.636764977259893
34.425	9.1	0.532792194238852	0.381548409752336	-0.0128969204947286	30.4263217020747	0.626233755391082
34.575	9.1	0.520033172079785	0.38427437976421	-0.0136837734387659	30.3906586232506	0.616026537663828
34.725	9.1	0.507687610470921	0.387371901716377	-0.0144063414475019	30.3553047373709	0.606150088376737
34.875	9.1	0.495695046265837	0.39084309753477	-0.0151090776926057	30.3202169695126	0.596556037012669
35.025	9.1	0.483952969488351	0.394700873782733	-0.0158324485825904	30.2853567945632	0.587162375590681
35.175	9.1	0.472337887613818	0.398967041850767	-0.0166133397520538	30.2506909187032	0.577870310091054
35.325	9.1	0.460720521863314	0.403670591446671	-0.0174855704797553	30.2161914321061	0.568576417490651
35.475	9.1	0.448975696520647	0.40884615046021	-0.0184806731091862	30.1818356450838	0.559180557216518
35.625	9.1	0.436988028884719	0.414532725147084	-0.0196291330142444	30.147605786637	0.549590423107775
35.775	9.1	0.424654966230447	0.420772894305099	-0.0209622538252907	30.1134886803422	0.539723972984357
35.925	9.1	0.411888969814934	0.427612684884199	-0.0225146509640959	30.0794754211655	0.529511175851947
36.075	9.1	0.398620595439599	0.435102319523381	-0.0243270634839825	30.0455609716675	0.518896476351679
36.225	9.1	0.384803742827423	0.443297840349791	-0.0264487607674231	30.0117435030296	0.507842994261938
36.375	9.1	0.370423386247668	0.452263263323235	-0.0289384414098478	29.9780232608896	0.496338708998134
36.525	9.1	0.355504746115941	0.462072467493998	-0.0318623754492855	29.944400773756	0.484403796892753
36.675	9.1	0.340121399875805	0.472809632499712	-0.0352888396225596	29.9108743635814	0.472097119900644
36.825	9.1	0.324398717376474	0.484566946028265	-0.0392787896461018	29.8774371540267	0.459518973901179
36.975	9.1	0.308508758813167	0.497438786472705	-0.0438742062054544	29.8440740518338	0.446807007050534
37.125	9.1	0.29265378714373	0.511512859482899	-0.0490873920403914	29.8107594134143	0.434123029714984
37.275	9.1	0.277037902578249	0.526860811238579	-0.0548960815873594	29.7774561981448	0.4216303220626
37.425	9.1	0.261829650841948	0.543533162793806	-0.0612495978579676	29.7441172653569	0.409463720673558
37.575	9.1	0.247122011144714	0.561564897085226	-0.0680894515973977	29.7106890648007	0.397697608915771
37.725	9.1	0.232898879465556	0.580997234927949	-0.0753833721337369	29.6771173603103	0.386319103572445
37.875	9.1	0.219017956346239	0.601917187705894	-0.0831658512698622	29.643353965508	0.375214365076991
38.025	9.1	0.20521806960894	0.624510167907191	-0.091573394837927	29.6093629676861	0.364174455687152
38.175	9.1	0.191154320196887	0.649114848777382	-0.100861530163173	29.5751247703674	0.352923456157509
38.325	9.1	0.17645785874233	0.676266370051001	-0.111394165432543	29.540636610924	0.341166286993864
38.475	9.1	0.160810289131234	0.70671464273884	-0.123602380871714	29.5059089844207	0.328648231304988
38.625	9.1	0.144017786582687	0.74140693390026	-0.137915891216358	29.470958455712	0.315214229266149
38.775	9.1	0.126068773980698	0.781425157250378	-0.154673982244907	29.4357983798481	0.300855019184558
38.925	9.1	0.107162031994365	0.827867308723978	-0.174024034605803	29.4004297515092	0.285729625595492
39.075	9.1	0.0876985630719651	0.881662135480562	-0.195817244355318	29.3648345149988	0.270158850457572
39.225	9.1	0.0682384159615179	0.943313354494786	-0.21951527029886	29.3289731028052	0.254590732769214
39.375	9.1	0.049430800167499	1.01259324313136	-0.244128607530686	29.2927868635532	0.239544640133999
39.525	9.1	0.031930603536747	1.08824921406961	-0.268214939413236	29.2562047175968	0.225544482829398
39.675	9.1	0.0163162719260494	1.1678388972497	-0.289969285565775	29.2191522817002	0.21305301754084
39.825	9.1	0.00302301710326705	1.24783148905386	-0.307432205779375	29.1815612372786	0.202418413682614
39.975	9.1	-0.00769818033444359	1.32405549225577	-0.318816497066313	29.1433770605329	0.193841455732445
40.125	9.1	-0.0157908317658037	1.39242406651752	-0.32289264467026	29.1045641840518	0.187367334587357
40.275	9.1	-0.0213740904980958	1.44970596494205	-0.319299397706263	29.0651086247453	0.182900727601523
40.425	9.1	-0.0247023492101031	1.49405955216272	-0.308633624298739	29.0250185013129	0.180238120631918
40.575	9.1	-0.0261143227878029	1.52516281327326	-0.292270238826657	28.9843226790071	0.179108541769758
40.725	9.1	-0.0259827206647109	1.54396831493138	-0.272002278722603	28.9430675950789	0.179213823468231
40.875	9.1	-0.024672753649859	1.55225152508868	-0.249660135780438	28.9013125394973	0.180261797080113
41.025	9.1	-0.0225135098837277	1.55214032748351	-0.226833488305211	28.859124100249	0.181989192093018
41.175	9.1	-0.0197823665052163	1.54574770202816	-0.204736152143038	28.8165707102332	0.184174106795827
41.325	9.1	-0.0167000974310524	1.53494678416752	-0.184189016703585	28.7737180895432	0.186639922055158
41.475	9.1	-0.0134333541795987	1.52127127130305	-0.165672435734802	28.7306260057865	0.189253316656321
41.625	9.1	-0.0101013343592296	1.50590203303203	-0.149405111462227	28.6873463994548	0.191918932512616
41.775	9.1	-0.00678415749787853	1.48970155520357	-0.135422511498069	28.643922672592	0.194572674001697
41.925	9.1	-0.00353130205198482	1.47326808646101	-0.123642344679868	28.6003898349366	0.197174958358412
42.075	9.1	-0.000369177215203817	1.45699249089743	-0.113913876555198	28.5567752005124	0.199704658227837
42.225	9.1	0.0026925758257588	1.44110931245808	-0.10605244558006	28.5130993787061	0.202154060660607
42.375	9.1	0.00565612928361271	1.42573890680026	-0.0998621569177032	28.4693773707017	0.20452490342689
42.525	9.1	0.00853175607232322	1.41092037882744	-0.0951498462472633	28.4256196450385	0.206825404857859
42.675	9.1	0.0113351737398418	1.39663636395519	-0.0917329303968605	28.3818331171297	0.209068138991873
42.825	9.1	0.0140857399037574	1.38283110996919	-0.0894431556268595	28.3380219954003	0.211268591923006
42.975	9.1	0.0168053068424328	1.3694233072387	-0.0881277079530824	28.2941884826885	0.213444245473946
43.125	9.1	0.0195175703802126	1.35631493381019	-0.0876487168806082	28.2503333380359	0.21561405630417
43.275	9.1	0.0222477799591226	1.34339715667439	-0.0878818611402515	28.2064563133371	0.217798223967298
43.425	9.1	0.0250227073606171	1.33055411699406	-0.0887145514181578	28.162556483594	0.220018165888494
43.575	9.1	0.0278707985605316	1.31766524408606	-0.0900439981691815	28.1186324904062	0.222296638848425
43.725	9.1	0.0308224561035655	1.3046065925007	-0.0917753537903259	28.0746827171277	0.224657964882852
43.875	9.1	0.0339104186436262	1.29125157426977	-0.0938200335699887	28.030705411793	0.227128334914901
44.025	9.1	0.0371702210155066	1.27747135838773	-0.0960942582964312	27.9866987711216	0.229736176812405
44.175	9.1	0.0406407339021132	1.26313512649879	-0.0985178150833982	27.942660996034	0.232512587121691
44.325	9.1	0.0443647986234123	1.24811030386447	-0.101012995480719	27.8985903262777	0.23549183889873
44.475	9.1	0.048389991631488	1.23226282669326	-0.103503636587637	27.8544850588523	0.23871199330519
44.625	9.1	0.0527695764835183	1.21545746310924	-0.105914159118073	27.8103435515869	0.242215661186815
44.775	9.1	0.0575637290915283	1.19755818235812	-0.108168466936645	27.7661642089309	0.246050983273223
44.925	9.1	0.0628411540782745	1.17842857776715	-0.110188551360103	27.7219454410981	0.25027292326262
45.075	9.1	0.0686812427429505	1.15793241107179	-0.111892643760402	27.6776855794267	0.25494499419436
45.225	9.1	0.0751769492530833	1.13593447859264	-0.113192804397025	27.6333827195526	0.260141559402467
45.375	9.1	0.0824385684661923	1.11230221752186	-0.113991956232988	27.5890344494346	0.265950854772954
45.525	9.1	0.0905985660629288	1.08690876825205	-0.114180606810569	27.5446374018979	0.272478852850343
45.675	9.1	0.0998175107251561	1.0596385414651	-0.113633876525925	27.5001865531367	0.279854008580125
45.825	9.1	0.110290953148911	1.03039659771412	-0.11220995721522	27.4556741738553	0.288232762519129
45.975	9.1	0.12225675167396	0.999123141648627	-0.109751669816498	27.4110883357819	0.297805401339168
46.125	9.1	0.136001837356685	0.965813900990281	-0.106093159284556	27.3664108933996	0.308801469885348
46.275	9.1	0.151866757031232	0.930545841498314	-0.101073611615852	27.3216149101034	0.321493405624985
46.425	9.1	0.1702456080944	0.893505468086684	-0.0945588054786839	27.2766615878975	0.33619648647552
46.575	9.1	0.191578342414943	0.85501418980237	-0.0864691012103187	27.2314968903982	0.353262673931954
46.725	9.1	0.216332115208113	0.815542801692536	-0.0768094167430753	27.1860482082157	0.37306569216649
46.875	9.1	0.244968703743541	0.775706514025915	-0.0656938867845419	27.1402215784567	0.395974962994833
47.025	9.1	0.277896358394384	0.736234543119827	-0.0533568473601429	27.0939001007598	0.422317086715507
47.175	9.1	0.315407052417591	0.697914381512493	-0.0401438754201839	27.0469442502398	0.452325641934073
47.325	9.1	0.357604051575638	0.661518826676245	-0.0264818307664432	26.99919472957	0.486083241260511
47.475	9.1	0.404329664662707	0.627730298684879	-0.0128333344148973	26.9504782856121	0.523463731730166
47.625	9.1	0.455107744446208	0.597078683059133	0.000354006288703206	26.900616516169	0.564086195556966
47.775	9.1	0.509117939976859	0.569904832347585	0.0126922559532742	26.8494371327795	0.607294351981487
47.925	9.1	0.565216599978881	0.546353837429973	0.0238832709893638	26.7967865204135	0.652173279983105
48.075	9.1	0.622010877417403	0.526394190254747	0.0337310852009316	26.7425419205231	0.697608701933923
48.225	9.1	0.677979234466746	0.509853918438664	0.0421384502125254	26.6866213700827	0.742383387573397
48.375	9.1	0.731617566154989	0.496463692302183	0.049092533756965	26.6289897967816	0.785294052923992
48.525	9.1	0.781581967420401	0.485898601289573	0.0546454506186061	26.5696603745654	0.825265573936321
48.675	9.1	0.826800394604221	0.477813364843334	0.0588942250835951	26.5086911803611	0.861440315683377
48.825	9.1	0.866535595695454	0.471868722879825	0.0619630258068125	26.4461780658108	0.893228476556363
48.975	9.1	0.900396024192584	0.4677489184039	0.0639889064522953	26.3822452062193	0.920316819354067
49.125	9.1	0.928303890581089	0.465171477837171	0.0651112199517214	26.3170349067582	0.942643112464872
49.275	9.1	0.950436239911006	0.463891045738961	0.0654643390518347	26.2506979993097	0.960348991928805
49.425	9.1	0.967155512256055	0.463699083112752	0.0651731177372852	26.183385717316	0.973724409804844
49.575	9.1	0.978942421420334	0.464421010687455	0.0643505010075116	26.1152434645003	0.983153937136267
49.725	9.1	0.986338847054721	0.465912032348594	0.0630967336253411	26.0464065137721	0.989071077643777
49.875	9.1	0.989903785608315	0.468052518978589	0.0614996883363576	25.9769974297236	0.991923028486652
50.025	9.1	0.990182185747456	0.470743528041603	0.0596359174033418	25.9071248921372	0.992145748597965
50.175	9.1	0.987684786306653	0.473902801536242	0.0575721198956622	25.8368835727155	0.990147829045323
50.325	9.1	0.982876518120892	0.477461423650914	0.0553668023930619	25.7663547431012	0.986301214496714
50.475	9.1	0.976171158653636	0.481361217454454	0.0530719835756758	25.6956073381087	0.980936926922908
50.625	9.1	0.96793034728201	0.485552901760211	0.0507348455421479	25.6246992450842	0.974344277825608
50.775	9.1	0.958465513866401	0.489994999774741	0.0483992609974604	25.5536786306851	0.966772411093121
50.925	9.1	0.94804159317395	0.494653476218623	0.0461071236793162	25.4825851508773	0.95843327453916
51.075	9.1	0.936881524877478	0.499502065748713	0.043899383593627	25.4114509253927	0.949505219901982
51.225	9.1	0.92517046060539	0.504523229490356	0.0418166529608485	25.3403012052431	0.940136368484312
51.375	9.1	0.913058345179766	0.509709627453292	0.0398992323078539	25.2691547343558	0.930446676143813
51.525	9.1	0.900659180383937	0.515065919506566	0.038186455775988	25.1980239166442	0.92052734430715
51.675	9.1	0.888044939641003	0.520610620212628	0.0367154314699711	25.1269150554477	0.910435951712802
51.825	9.1	0.875231965933286	0.52637767408416	0.0355196156614673	25.0558291289986	0.900185572746629
51.975	9.1	0.86215800106683	0.532417461566902	0.0346282339916984	24.9847637790396	0.889726400853464
52.125	9.1	0.848649055864852	0.538797190983825	0.0340682957629707	24.9137173674489	0.878919244691882
52.275	9.1	0.834377438218802	0.545601169999124	0.033871672373089	24.8426960129969	0.867501950575041
52.425	9.1	0.818815652003329	0.552932312661836	0.0340901554311548	24.7717243436857	0.855052521602664
52.575	9.1	0.801195655241204	0.560917337016836	0.0348212836436689	24.7008601625316	0.840956524192964
52.725	9.1	0.780488894226904	0.569719223032909	0.0362468838021296	24.6302122154563	0.824391115381523
52.875	9.1	0.755428739141085	0.579561346423732	0.0386848497908123	24.5599587228122	0.804342991312868
53.025	9.1	0.724601302159747	0.590768061577546	0.0426530528880684	24.4903623833465	0.779681041727798
53.175	9.1	0.68662889823902	0.603826288926865	0.0489426045266505	24.4217755255109	0.749303118591216
53.325	9.1	0.640456083298494	0.619471704352812	0.0586950878416655	24.3546277069322	0.712364866638795
53.475	9.1	0.585714988252474	0.638800364458131	0.073471627727691	24.2893885620933	0.668571990601979
53.625	9.1	0.523096298257217	0.663397814442773	0.0952835676940051	24.226502497553	0.618477038605774
53.775	9.1	0.454605202372726	0.695450207424278	0.126512105795141	24.1662996673848	0.563684161898181
53.925	9.1	0.383577163171959	0.737725603023733	0.169560948411538	24.1088982173585	0.506861730537567
54.075	9.1	0.314395250646865	0.793142331658136	0.225965616439384	24.0541222046413	0.451516200517492
54.225	9.1	0.251960310493047	0.863395830196008	0.294642204447034	24.0014632337403	0.401568248394438
54.375	9.1	0.201029116049787	0.946198671284785	0.369405331366998	23.9501084992801	0.36082329283983
54.525	9.1	0.165502550497588	1.03217779216079	0.437401044470083	23.8990400776638	0.33240204039807
54.675	9.1	0.147710442760847	1.1053964959287	0.481925450908358	23.8471790980294	0.318168354208677
54.825	9.1	0.147840146641527	1.15078448654505	0.491037821807495	23.7935294225062	0.318272117313221
54.975	9.1	0.163788139364277	1.16326290269481	0.465399695621342	23.7373003134979	0.331030511491422
55.125	9.1	0.191606095849043	1.14904699536255	0.416634814445034	23.6780067684023	0.353284876679234
55.275	9.1	0.226395267704008	1.11935408974096	0.358763911296038	23.6155180356808	0.381116214163207
55.425	9.1	0.263293056827246	1.08424289159859	0.301864025198412	23.5500255705048	0.410634445461797
55.575	9.1	0.298236041587466	1.05030092900242	0.250952575811606	23.4819497921191	0.438588833269972
55.725	9.1	0.328357161933916	1.02096852040263	0.207522636055849	23.4118304927942	0.462685729547133
55.875	9.1	0.352037533753413	0.997614936912971	0.171266492122948	23.3402335227064	0.48163002700273
56.025	9.1	0.368724450208695	0.980467013642739	0.14118806848627	23.2676861000925	0.494979560166956
56.175	9.1	0.3786446867266	0.969203475741046	0.116162246782123	23.1946401833545	0.50291574938128
56.325	9.1	0.382512423308168	0.963282475260227	0.0951661740313278	23.1214577924004	0.506009938646535
56.475	9.1	0.381286527385537	0.962104100956885	0.0773499192079723	23.0484110314922	0.50502922190843
56.625	9.1	0.375994973932393	0.965082574488789	0.0620386744575249	22.9756905867494	0.500795979145914
56.775	9.1	0.36762229434172	0.971672818497849	0.0487106167811944	22.9034181896372	0.494097835473376
56.925	9.1	0.357046913906729	0.981375696506752	0.0369695267238549	22.8316601558263	0.485637531125383
57.075	9.1	0.345013892598733	0.993734430170446	0.0265194644865136	22.7604403285292	0.476011114078986
57.225	9.1	0.332130632610412	1.00832835180817	0.0171435968452619	22.6897515658645	0.465704506088329
57.375	9.1	0.318876071696415	1.02476685363872	0.00868714419852299	22.6195654114124	0.455100857357132
57.525	9.1	0.305616643058018	1.04268473392725	0.00104368382032883	22.5498398837591	0.444493314446414
57.675	9.1	0.292624537427593	1.06173931006749	-0.00585608022645484	22.4805254934199	0.434099629942075
57.825	9.1	0.280095517951783	1.08160928169048	-0.0120538178907133	22.4115696912798	0.424076414361427
57.975	9.1	0.268164819394154	1.10199508377541	-0.0175718322804333	22.3429199976434	0.414531855515323
58.125	9.1	0.256920528502083	1.1226203582857	-0.0224203303459201	22.2745260712252	0.405536422801666
58.275	9.1	0.246414395284443	1.1432341099406	-0.0266037739580558	22.2063409643636	0.397131516227554
58.425	9.1	0.236670333694818	1.16361309708684	-0.030126260328469	22.1383217825793	0.389336266955854
58.575	9.1	0.227691005585581	1.18356403291845	-0.0329958308887997	22.0704299305425	0.382152804468465
58.725	9.1	0.219462906161822	1.20292522776341	-0.0352276191796876	22.0026310882441	0.375570324929458
58.875	9.1	0.211960326763487	1.2215673917017	-0.0368458034037653	21.9348950249446	0.36956826141079
59.025	9.1	0.205148497285025	1.23939342934057	-0.0378844075136379	21.867195327099	0.36411879782802
59.175	9.1	0.198986130824638	1.25633718092912	-0.0383870755362079	21.7995090912854	0.35918890465971
59.325	9.1	0.193427522250463	1.27236117954634	-0.0384060102065243	21.7318166143277	0.354742017800371
59.475	9.1	0.188424297398784	1.28745358766858	-0.0380003077922422	21.6641010996235	0.350739437919027
59.625	9.1	0.183926871966858	1.30162453799812	-0.0372339321073158	21.596348390021	0.347141497573486
59.775	9.1	0.179885656927347	1.31490212934645	-0.0361735542916299	21.5285467322027	0.343908525541878
59.925	9.1	0.176252036938669	1.32732832121183	-0.0348864477624037	21.4606865742593	0.341001629550935
60.075	9.1	0.172979145696202	1.33895493798241	-0.0334385787759542	21.3927603960569	0.338383316556962
60.225	9.1	0.170022463795173	1.34983994522534	-0.0318929810868515	21.3247625704677	0.336017971036138
60.375	9.1	0.167340267598378	1.36004410612902	-0.0303084553527773	21.2566892521703	0.333872214078702
60.525	9.1	0.164893959890604	1.36962807405692	-0.0287385947750871	21.188538289379	0.331915167912484
60.675	9.1	0.162648313695886	1.37864993304213	-0.027231110034402	21.1203091525155	0.330118650956709
60.825	9.1	0.160571659185026	1.38716316497903	-0.0258274088390951	21.0520028725665	0.32845732734802
60.975	9.1	0.158636040275821	1.395215001031	-0.0245623769868574	20.9836219807847	0.326908832220657
61.125	9.1	0.156817362807327	1.40284510458077	-0.0234643067142612	20.9151704405599	0.325453890245862
61.275	9.1	0.155095550654083	1.41008453213922	-0.0225549222153671	20.8466535617738	0.324076440523267
61.425	9.1	0.153454720384343	1.41695492495141	-0.0218494597771143	20.7780778877547	0.322763776307474
61.575	9.1	0.151883379387304	1.42346789565783	-0.0213567698022213	20.7094510450418	0.321506703509843
61.725	9.1	0.150374646761314	1.4296245897898	-0.0210794194597239	20.6407815465475	0.320299717409051
61.875	9.1	0.148926490142882	1.43541542018501	-0.0210137877834754	20.572078539407	0.319141192114306
62.025	9.1	0.147541963992422	1.44081999318736	-0.021150160144872	20.5033514900327	0.318033571193938
62.175	9.1	0.146229424079977	1.44580726866561	-0.0214728467140152	20.4346098010409	0.316983539263981
62.325	9.1	0.145002677268893	1.45033602117804	-0.0219603700648448	20.3658623584963	0.316002141815115
62.475	9.1	0.143881003806404	1.45435569576162	-0.0225857896458691	20.2971170143259	0.315104803045124
62.625	9.1	0.142888961223879	1.45780777560349	-0.0233172525231766	20.2283800189732	0.314311168979103
62.775	9.1	0.142055847450333	1.46062779372619	-0.0241188744146548	20.1596554344949	0.313644677960266
62.925	9.1	0.141414673050847	1.46274811624911	-0.0249520523851416	20.0909445787763	0.313131738440677
63.075	9.1	0.141000481415004	1.46410158642829	-0.0257772770813584	20.0222455763302	0.312800385132003
63.225	9.1	0.140847879585012	1.46462603109043	-0.0265564343520792	19.953553116742	0.312678303668009
63.375	9.1	0.140987722601195	1.46426948364837	-0.0272554567222336	19.8848585414552	0.312790178080956
63.525	9.1	0.141443049038306	1.46299577405612	-0.0278470149299522	19.8161503829751	0.313154439230644
63.675	9.1	0.142224599831589	1.46078990327641	-0.0283127671413981	19.7474154550865	0.313779679865271
63.825	9.1	0.143326545150942	1.45766241617643	-0.0286445782130828	19.6786405265125	0.314661236120753
63.975	9.1	0.144723335677035	1.45365189413773	-0.0288441726203605	19.6098144977677	0.315778668541628
64.125	9.1	0.146368782934044	1.44882479051298	-0.0289209713327929	19.5409308486138	0.317095026347235
64.275	9.1	0.148198422251962	1.44327217702353	-0.0288884110004313	19.4719899572291	0.31855873780157
64.425	9.1	0.150135780787679	1.4371035349643	-0.028759788937236	19.4030007597061	0.320108624630143
64.575	9.1	0.152102267270776	1.43043840450794	-0.0285454502293229	19.3339811864177	0.321681813816621
64.725	9.1	0.154029037837877	1.42339732660793	-0.028253673143921	19.2649569535488	0.323223230270302
64.875	9.1	0.155867570473745	1.41609388664282	-0.0278975935038762	19.1959586618555	0.324694056378996
65.025	9.1	0.157594216644589	1.4086296417244	-0.027509592372317	19.1270177730655	0.326075373315671
65.175	9.1	0.159203317908158	1.40109318705285	-0.0271624702703281	19.0581628309657	0.327362654326526
65.325	9.1	0.16068431592288	1.39356354926058	-0.0269934303927852	18.9894180976605	0.328547452738304
65.475	9.1	0.161981308257903	1.3861164975233	-0.0272229837502614	18.9208073046609	0.329585046606323
65.625	9.1	0.162939028100532	1.37883032663394	-0.0281577722397748	18.8523651165257	0.330351222480425
65.775	9.1	0.16324694197027	1.37178540852714	-0.0301656925580923	18.7841578194584	0.330597553576216
65.925	9.1	0.162401910822103	1.36504968204914	-0.0336140149040813	18.716312446495	0.329921528657682
66.075	9.1	0.159717594945239	1.35864063828167	-0.0387635942467972	18.6490500361162	0.327774075956191
66.225	9.1	0.154412687576145	1.35245360273256	-0.0456085174231397	18.5827142925605	0.323530150060916
66.375	9.1	0.145806790850733	1.34614711029768	-0.0536347894196212	18.5177821809997	0.316645432680587
66.525	9.1	0.133638610770811	1.33898288235683	-0.0614481861554319	18.4548388922991	0.306910888616649
66.675	9.1	0.118492388880569	1.32964329197226	-0.0662267325758003	18.3944976531159	0.294793911104455
66.825	9.1	0.102272627568067	1.31612313671972	-0.0631080182090384	18.3372476683711	0.281818102054454
66.975	9.1	0.0886068280863623	1.29595228966851	-0.0451838214348598	18.2832254557742	0.27088546246909
67.125	9.1	0.0829927537964094	1.26717670550329	-0.00582571578473295	18.2319312777701	0.266394203037128
67.275	9.1	0.0924544704865142	1.23014932048059	0.0551024971270578	18.1819548971995	0.273963576389211
67.425	9.1	0.124446247009058	1.18848608364488	0.125173588715802	18.1308264455665	0.299556997607246
67.575	9.1	0.184860042980114	1.14687758164929	0.184054448492495	18.0751491003204	0.347888034384091
67.725	9.1	0.27542365719305	1.10796041841197	0.218025772989013	18.011130949293	0.42033892575444
67.875	9.1	0.391492960338175	1.07235780705946	0.226860809952624	17.9354334326971	0.51319436827054
68.025	9.1	0.521824444918031	1.04028478380894	0.218118724462207	17.846032553078	0.617459555934424
68.175	9.1	0.65143893356488	1.01195261281381	0.199854588361747	17.7427332984897	0.721151146851904
68.325	9.1	0.766564230636744	0.987256826978659	0.177705678377387	17.6271013168786	0.813251384509395
68.475	9.1	0.858683386670758	0.965748176078606	0.154933940331964	17.5018669040539	0.886946709336607
68.625	9.1	0.925538687000068	0.946884694092624	0.133231303513349	17.3701311668174	0.940430949600054
68.775	9.1	0.969553765612041	0.930229981699031	0.113392911408024	17.23472300243	0.975643012489633
68.925	9.1	0.995470154531576	0.915488889209988	0.0957286684321751	17.0978594523052	0.996376123625261
69.075	9.1	1.00847636575943	0.902457914024778	0.0802896090161407	16.9610716212173	1.00678109260754
69.225	9.1	1.01315481633056	0.890972540409891	0.0669882802309469	16.8252861828739	1.01052385306445
69.375	9.1	1.01306814824375	0.880879676656035	0.0556625063196525	16.6909669198471	1.010454518595
69.525	9.1	1.01072065633678	0.872030570167703	0.0461104785521807	16.5582595279716	1.00857652506942
69.675	9.1	1.00770096372554	0.864282795752301	0.0381124864853972	16.4271140511649	1.00616077098043
69.825	9.1	1.00489139371916	0.857503735956505	0.0314467176239434	16.2973772947174	1.00391311497532
69.975	9.1	1.00268149640104	0.851572679449636	0.0259016648588717	16.168856277146	1.00214519712083
70.125	9.1	1.0011533823271	0.8463813417188	0.0212852772940362	16.0413574534852	1.00092270586168
70.275	9.1	1.0002248958773	0.841833455766561	0.0174304627142006	15.9147075863029	1.00017991670184
70.425	9.1	0.999748603208146	0.83784400502702	0.0141970018085633	15.7887619787651	0.999798882566517
70.575	9.1	0.999571964700375	0.834338375099222	0.0114705506762103	15.6634049362845	0.9996575717603
70.725	9.1	0.999567678947746	0.831251493254928	0.0091597488026851	15.5385461765198	0.999654143158197
70.875	9.1	0.999643854587072	0.828526949166254	0.00719244367474862	15.4141157364902	0.999715083669658
71.025	9.1	0.999742434050499	0.826116091762126	0.00551181455972208	15.2900589100039	0.999793947240399
71.175	9.1	0.999832183465503	0.823977119081765	0.0040728808419977	15.1663319759874	0.999865746772402
71.325	9.1	0.99990035269045	0.822074192099132	0.00283961827251679	15.0428989607305	0.99992028215236
71.475	9.1	0.999945252131724	0.820376604169298	0.00178272201559518	14.9197293785271	0.999956201705379
71.625	9.1	0.999970661017234	0.818858029488621	0.000877949537497283	14.7967967587815	0.999976528813787
71.775	9.1	0.999982161793984	0.817495862719094	0.000104931350433235	14.6740777355232	0.999985729435187
71.925	9.1	0.999985081501829	0.816270651735994	-0.000553668296352621	14.5515514997748	0.999988065201463
72.075	9.1	0.999983582924076	0.815165618105357	-0.00111274386795745	14.4291994625798	0.999986866339261
72.225	9.1	0.999980469467172	0.814166255628079	-0.00158517454308481	14.3070050261443	0.999984375573738
72.375	9.1	0.999977361157502	0.813259995582863	-0.0019821413307893	14.1849534021228	0.999981888926001
72.525	9.1	0.999975009186484	0.812435927384393	-0.00231337367671579	14.063031446139	0.999980007349188
72.675	9.1	0.99997361322721	0.811684564507161	-0.0025873495735292	13.9412274966965	0.999978890581768
72.825	9.1	0.999973077586236	0.810997647122447	-0.00281146342132476	13.8195312170069	0.999978462068989
72.975	9.1	0.999973188394813	0.810367974554937	-0.00299216978993618	13.697933442685	0.99997855071585
73.125	9.1	0.999973719108383	0.809789262157832	-0.00313510776064917	13.5764260391446	0.999978975286706
73.275	9.1	0.999974481855848	0.809256018428088	-0.00324520872840588	13.4550017716726	0.999979585484678
73.425	9.1	0.999975343509202	0.808763439123315	-0.00332678971786185	13.3336541897441	0.999980274807361
73.575	9.1	0.999976222231224	0.808307315832786	-0.00338363392412368	13.2123775257954	0.999980977784979
73.725	9.1	0.99997707568751	0.807883956950171	-0.00341906004623796	13.0911666076866	0.999981660550008
73.875	9.1	0.999977887763446	0.807490119349128	-0.00343598188814005	12.9700167835064	0.999982310210757
74.025	9.1	0.999978657248538	0.807122949322489	-0.0034369595958	12.8489238571307	0.99998292579883
74.175	9.1	0.999979389694185	0.80677993154313	-0.0034242437670039	12.7278840329514	0.999983511755348
74.325	9.1	0.999980092365237	0.806458844965803	-0.00339981351958871	12.6068938683291	0.999984073892189
74.475	9.1	0.999980771627003	0.80615772472559	-0.00336540944791577	12.4859502325304	0.999984617301603
74.625	9.1	0.999981431974203	0.805874829208981	-0.00332256225030943	12.3650502711171	0.999985145579362
74.775	9.1	0.999982076005445	0.805608611581395	-0.00327261767790038	12.2441913749479	0.999985660804356
74.925	9.1	0.999982704832055	0.805357695151107	-0.00321675834256719	12.1233711531131	0.999986163865644
75.075	9.1	0.999983318598559	0.80512085203495	-0.00315602282920527	12.0025874092478	0.999986654878847
75.225	9.1	0.9999839169443	0.8048969846669	-0.00309132248186558	11.8818381207646	0.99998713355544
75.375	9.1	0.999984499340194	0.804685109755396	-0.00302345617340556	11.761121420625	0.999987599472155
75.525	9.1	0.999985065296144	0.804484344352179	-0.00295312331974491	11.6404355813198	0.999988052236915
75.675	9.1	0.999985614463828	0.804293893743694	-0.00288093536147088	11.5197790007786	0.999988491571062
75.825	9.1	0.999986146667874	0.804113040916886	-0.0028074259035202	11.3991501899641	0.999988917334299
75.975	9.1	0.999986661895585	0.80394113738673	-0.00273305967766129	11.2785477619348	0.999989329516468
76.125	9.1	0.999987160267797	0.803777595202336	-0.00265824047074369	11.1579704221933	0.999989728214238
76.275	9.1	0.999987642005376	0.80362187997392	-0.00258331814293629	11.037416960153	0.999990113604301
76.425	9.1	0.999988107399129	0.803473504784873	-0.0025085948443613	10.9168862415842	0.999990485919303
76.575	9.1	0.999988556786213	0.803332024871404	-0.00243433052492866	10.7963772019132	0.99999084542897
76.725	9.1	0.999988990533275	0.803197032968347	-0.00236074782019738	10.6758888402689	0.99999119242662
76.875	9.1	0.999989409025238	0.803068155233712	-0.00228803638598108	10.5554202141817	0.99999152722019
77.025	9.1	0.999989812658172	0.802945047675974	-0.00221635674550212	10.4349704348544	0.999991850126537
77.175	9.1	0.999990201834838	0.802827393018493	-0.00214584370492133	10.3145386629344	0.99999216146787
77.325	9.1	0.999990576961808	0.802714897944307	-0.00207660938671768	10.194124104726	0.999992461569446
77.475	9.1	0.999990938447403	0.802607290672109	-0.00200874592414168	10.0737260087901	0.999992750757923
77.625	9.1	0.999991286700033	0.802504318820897	-0.00194232785519481	9.95334366288356	0.999993029360026
77.775	9.1	0.999991622126699	0.80240574752602	-0.00187741424962794	9.8329763912	0.999993297701359
77.925	9.1	0.999991945131626	0.802311357774948	-0.00181405059904471	9.71262355187479	0.999993556105301
78.075	9.1	0.999992256114983	0.80222094493472	-0.00175227049647591	9.59228453472498	0.999993804891987
78.225	9.1	0.999992555471704	0.802134317447026	-0.00169209712860905	9.47195875919661	0.999994044377363
78.375	9.1	0.999992843590467	0.802051295669898	-0.00163354460164496	9.35164567249616	0.999994274872373
78.525	9.1	0.999993120852821	0.801971710847739	-0.00157661911894584	9.23134474788557	0.999994496682256
78.675	9.1	0.999993387632463	0.801895404194034	-0.00152132002688708	9.11105548312287	0.999994710105971
78.825	9.1	0.99999364429466	0.801822226072667	-0.00146764074327141	8.99077739903247	0.999994915435728
78.975	9.1	0.999993891195807	0.80175203526591	-0.0014155695812878	8.87051003819147	0.999995112956646
79.125	9.1	0.999994128683118	0.801684698318815	-0.00136509048032505	8.75025296371972	0.999995302946495
79.275	9.1	0.999994357094393	0.801620088950447	-0.00131618365383026	8.63000575816278	0.999995485675514
79.425	9.1	0.999994576757883	0.801558087524554	-0.00126882616327305	8.50976802245862	0.999995661406306
79.575	9.1	0.999994787992214	0.80149858057206	-0.00122299242630555	8.38953937497954	0.999995830393771
79.725	9.1	0.999994991106392	0.801441460359931	-0.00117865466609524	8.26931945064196	0.999995992885113
79.875	9.1	0.999995186399823	0.801386624500603	-0.00113578330844863	8.14910790007776	0.999996149119859
80.025	9.1	0.999995374162408	0.801333975597611	-0.00109434733226982	8.02890438886124	0.999996299329927
80.175	9.1	0.999995554674636	0.801283420923212	-0.00105431457842268	7.90870859678672	0.999996443739709
80.325	9.1	0.999995728207735	0.801234872124519	-0.00101565202158978	7.78852021719218	0.999996582566188
80.475	9.1	0.999995895023822	0.801188244954902	-0.000978326009116552	7.66833895632501	0.999996716019058
80.625	9.1	0.999996055376085	0.801143459027968	-0.000942302470438487	7.54816453274618	0.999996844300868
80.775	9.1	0.999996209508973	0.80110043759172	-0.00090754710031014	7.42799667676975	0.999996967607178
80.925	9.1	0.999996357658393	0.801059107320754	-0.000874025518677717	7.30783512993481	0.999997086126715
81.075	9.1	0.999996500051933	0.801019398124538	-0.000841703409875196	7.18767964450721	0.999997200041546
81.225	9.1	0.99999663690907	0.800981242970284	-0.000810546643195829	7.067529983009	0.999997309527256
81.375	9.1	0.999996768441401	0.800944577718801	-0.000780521377159527	6.94738591777327	0.999997414753121
81.525	9.1	0.999996894852869	0.800909340972107	-0.00075159414909965	6.82724723052277	0.999997515882295
81.675	9.1	0.999997016339983	0.800875473931677	-0.000723731951755064	6.70711371197045	0.999997613071987
81.825	9.1	0.999997133092052	0.800842920266292	-0.000696902298429786	6.58698516144052	0.999997706473642
81.975	9.1	0.999997245291387	0.800811625988558	-0.000671073277814794	6.4668613865086	0.99999779623311
82.125	9.1	0.999997353113521	0.800781539339386	-0.00064621359987889	6.34674220265979	0.999997882490817
82.275	9.1	0.999997456727419	0.800752610679639	-0.000622292633645037	6.22662743296345	0.999997965381935
82.425	9.1	0.999997556295706	0.800724792388381	-0.000599280437996589	6.1065169077637	0.999998045036565
82.575	9.1	0.999997651974932	0.80069803876702	-0.000577147786132335	5.9864104643847	0.999998121579946
82.725	9.1	0.999997743915832	0.80067230594912	-0.00055586618461339	5.86630794684985	0.999998195132666
82.875	9.1	0.99999783226359	0.800647551815059	-0.000535407887531539	5.74620920561406	0.999998265810872
83.025	9.1	0.999997917158009	0.800623735911436	-0.000515745906441296	5.62611409730853	0.999998333726407
83.175	9.1	0.999997998733524	0.800600819374699	-0.000496854016611681	5.50602248449717	0.99999839898682
83.325	9.1	0.999998077119065	0.80057876485874	-0.000478706760009846	5.38593423544422	0.999998461695252
83.475	9.1	0.999998152437888	0.800557536466084	-0.000461279445524883	5.2658492238925	0.99999852195031
83.625	9.1	0.999998224807734	0.800537099682518	-0.000444548146695478	5.14576732885166	0.999998579846187
83.775	9.1	0.999998294341688	0.800517421314717	-0.000428489697427984	5.02568843439601	0.99999863547335
83.925	9.1	0.999998361149945	0.800498469430571	-0.000413081685848165	4.90561242947134	0.999998688919956
84.075	9.1	0.999998425341997	0.800480213302123	-0.000398302446675016	4.78553920771028	0.999998740273598
84.225	9.1	0.999998487027768	0.80046262335066	-0.000384131052305709	4.66546866725585	0.999998789622214
84.375	9.1	0.999998546315447	0.800445671094296	-0.000370547302789675	4.54540071059306	0.999998837052358
84.525	9.1	0.999998603304367	0.800429329097922	-0.000357531714990834	4.4253352443886	0.999998882643493
84.675	9.1	0.999998658074096	0.800413570926074	-0.000345065510973595	4.30527217933878	0.999998926459277
84.825	9.1	0.999998710676097	0.800398371098179	-0.000333130605882185	4.18521143002556	0.999998968540877
84.975	9.1	0.9999987611394	0.80038370504558	-0.000321709595355455	4.06515291477943	0.99999900891152
85.125	9.1	0.999998809501759	0.800369549068033	-0.000310785742629386	3.94509655554725	0.999999047601407
85.275	9.1	0.99999885586639	0.800355880287645	-0.000300342965504092	3.82504227776223	0.999999084693112
85.425	9.1	0.999998900459375	0.800342676598997	-0.000290365823134029	3.70499001021466	0.9999991203675
85.575	9.1	0.999998943632031	0.800329916618284	-0.000280839502931926	3.58493968492585	0.999999154905625
85.725	9.1	0.99999898573968	0.800317579639629	-0.000271749807569412	3.46489123703366	0.999999188591744
85.875	9.1	0.999999026867401	0.800305645610683	-0.000263083142336117	3.34484460470279	0.999999221493921
86.025	9.1	0.999999066488723	0.800294095136012	-0.000254826502867369	3.22479972907038	0.999999253190978
86.175	9.1	0.999999103312997	0.800282909500649	-0.000246967463398063	3.10475655422079	0.999999282650398
86.325	9.1	0.999999135699551	0.800272070677611	-0.000239494165503628	2.98471502715341	0.99999930855964
86.475	9.1	0.999999162913907	0.800261561256059	-0.000232395307306155	2.86467509767572	0.999999330331125
86.625	9.1	0.999999187003183	0.800251364229085	-0.000225660133313586	2.74463671815131	0.999999349602546
86.775	9.1	0.999999214188563	0.800241462645302	-0.000219278425197953	2.62459984309639	0.99999937135085
86.925	9.1	0.999999253819776	0.800231839268124	-0.000213240494571183	2.50456442876503	0.999999403055821
87.075	9.1	0.999999312982269	0.800222476552671	-0.00020753717910557	2.38453043304868	0.999999450385815
87.225	9.1	0.99999938683095	0.800213357311359	-0.000202159843556484	2.26449781610406	0.99999950946476
87.375	9.1	0.999999449026347	0.800204466207984	-0.000197100386003577	2.14446654190942	0.999999559221077
87.525	9.1	0.999999451825097	0.800195791572473	-0.000192351247270966	2.02443658028078	0.999999561460078
87.675	9.1	0.999999347378698	0.800187326100744	-0.000187905418340638	1.90440790786619	0.999999477902958
87.825	9.1	0.999999134820693	0.80017906437287	-0.000183756439145417	1.78438050586148	0.999999307856555
87.975	9.1	0.999998917823612	0.800170995768414	-0.000179898386160628	1.66435435270629	0.99999913425889
88.125	9.1	0.999998928511383	0.800163094183683	-0.000176325858434399	1.54432941287248	0.999999142809106
88.275	9.1	0.999999453577923	0.800155310805998	-0.000173033991148398	1.4243056280538	0.999999562862338
88.425	9.1	1.00000061750358	0.800147580735098	-0.000170018541609819	1.30428292231111	1.00000049400286
88.575	9.1	1.00000206423325	0.800139853611142	-0.000167276084333832	1.18426123290632	1.0000016513866
88.725	9.1	1.00000272866224	0.800132147005058	-0.000164804295989959	1.06424056738618	1.00000218292979
88.875	9.1	1.00000103151404	0.800124597402899	-0.000162602201044962	0.944221062276585	1.00000082521123
89.025	9.1	0.999995816140362	0.800117455653954	-0.000160670124808469	0.824202987442195	0.999996652912289
89.175	9.1	0.999987998566152	0.800110964431309	-0.000159009068203305	0.704186626250586	0.999990398852921
89.325	9.1	0.999982164382994	0.800105096242222	-0.000157619429582474	0.584171999847304	0.999985731506395
89.475	9.1	0.999986474087231	0.800099242163479	-0.000156499556250753	0.464158519289666	0.999989179269784
89.625	9.1	1.00000892995333	0.800092098731047	-0.000155645396533114	0.344144821398138	1.00000714396266
89.775	9.1	1.00004929643256	0.800071551874419	-0.000155053051816381	0.224129171698943	1.00003943714605
89.925	9.1	1.00008939679642	0.400093901509584	-0.000154741106467495	0.104113887180669	1.00007151743714
0.075	9.3	2.77682649627678e-30	0.399999514653504	-2.02162460760604e-05	36.0880525945678	0.2
0.225	9.3	2.56887500419673e-32	0.799998543292887	-2.02459322488307e-05	36.0640526236886	0.2
0.375	9.3	3.58296827124081e-30	0.799997569927833	-2.0305366722558e-05	36.0400526819703	0.2
0.525	9.3	-8.19298986070183e-30	0.799996593215205	-2.03946725900733e-05	36.016052769493	0.2
0.675	9.3	-3.8205521538903e-30	0.799995611801836	-2.05140352106603e-05	35.9920528863774	0.2
0.825	9.3	-2.54845870145744e-29	0.79999462432258	-2.06637006488783e-05	35.9680530327848	0.2
0.975	9.3	-1.48284546713841e-29	0.799993629393673	-2.08439756343003e-05	35.944053208918	0.2
1.125	9.3	-3.52768856636532e-29	0.79999262561094	-2.1055227648247e-05	35.9200534150212	0.2
1.275	9.3	9.65932477959988e-31	0.7999916115461	-2.12978825612468e-05	35.8960536513813	0.2
1.425	9.3	2.5293645974356e-30	0.799990585743093	-2.15724268894142e-05	35.8720539183285	0.2
1.575	9.3	8.2091851083061e-29	0.799989546715504	-2.18794041893863e-05	35.8480542162368	0.2
1.725	9.3	1.04082784844218e-28	0.799988492941954	-2.22194164759688e-05	35.8240545455255	0.2
1.875	9.3	1.97052333381977e-28	0.799987422865345	-2.25931230269557e-05	35.8000549066602	0.2
2.025	9.3	1.65985481952143e-28	0.799986334888745	-2.30012398134564e-05	35.7760553001536	0.2
2.175	9.3	1.63245320395822e-28	0.799985227372581	-2.34445395393118e-05	35.7520557265669	0.2
2.325	9.3	-5.16954880151907e-29	0.799984098632769	-2.39238509161173e-05	35.7280561865113	0.2
2.475	9.3	-2.4907283794359e-28	0.799982946937906	-2.44400591359925e-05	35.7040566806489	0.2
2.625	9.3	-6.581033891494e-28	0.799981770507334	-2.4994105567701e-05	35.680057209695	0.2
2.775	9.3	-8.89352479801351e-28	0.799980567507988	-2.55869876906262e-05	35.6560577744185	0.2
2.925	9.3	-1.12530337688496e-27	0.799979336052943	-2.62197611690462e-05	35.6320583756445	0.2
3.075	9.3	-8.19502249038134e-28	0.799978074199303	-2.68935380504404e-05	35.6080590142553	0.2
3.225	9.3	-2.39830628939896e-28	0.799976779944727	-2.76094897306105e-05	35.5840596911925	0.2
3.375	9.3	1.1001010409751e-27	0.799975451226703	-2.8368847237679e-05	35.5600604074586	0.2
3.525	9.3	2.50701113430365e-27	0.799974085919261	-2.91729023270579e-05	35.5360611641189	0.2
3.675	9.3	4.11103859692481e-27	0.799972681830994	-3.00230097591899e-05	35.5120619623035	0.2
3.825	9.3	4.61134522245945e-27	0.799971236702107	-3.09205881352831e-05	35.4880628032091	0.2
3.975	9.3	3.98883820276013e-27	0.799969748202022	-3.18671224716415e-05	35.4640636881014	0.2
4.125	9.3	9.64789165536777e-28	0.799968213927524	-3.28641666588368e-05	35.440064618317	0.2
4.275	9.3	-3.46774404020399e-27	0.799966631398238	-3.39133446306502e-05	35.4160655952657	0.2
4.425	9.3	-9.25959058133181e-27	0.799964998054833	-3.50163546015726e-05	35.3920666204331	0.2
4.575	9.3	-1.33486791019598e-26	0.799963311255383	-3.6174970042825e-05	35.3680676953824	0.2
4.725	9.3	-1.44666906756985e-26	0.799961568271787	-3.73910444369141e-05	35.3440688217577	0.2
4.875	9.3	-9.25653980928574e-27	0.799959766286867	-3.86665125812172e-05	35.3200700012861	0.2
5.025	9.3	9.07041890798967e-28	0.799957902389551	-4.00033954230441e-05	35.2960712357805	0.2
5.175	9.3	1.47320874661586e-26	0.799955973571996	-4.14038022303376e-05	35.2720725271427	0.2
5.325	9.3	2.39417418868439e-26	0.799953976724533	-4.28699353963803e-05	35.2480738773662	0.2
5.475	9.3	2.24522655885648e-26	0.799951908631515	-4.44040931867141e-05	35.2240752885393	0.2
5.625	9.3	1.93845671900891e-27	0.799949765966615	-4.60086738212427e-05	35.2000767628483	0.2
5.775	9.3	-3.2801117904458e-26	0.799947545288444	-4.76861800121509e-05	35.1760783025813	0.2
5.925	9.3	-6.87616857530389e-26	0.799945243034273	-4.9439222859827e-05	35.152079910131	0.2
6.075	9.3	-7.14582376936985e-26	0.799942855516231	-5.12705255843099e-05	35.1280815879992	0.2
6.225	9.3	-5.44326005569568e-27	0.799940378914195	-5.31829293056046e-05	35.1040833388	0.2
6.375	9.3	1.60783498282975e-25	0.79993780927063	-5.51793967443859e-05	35.0800851652644	0.2
6.525	9.3	4.07919410663074e-25	0.799935142485002	-5.72630169960078e-05	35.0560870702438	0.2
6.675	9.3	6.51797403438652e-25	0.799932374306748	-5.94370109923483e-05	35.0320890567153	0.2
6.825	9.3	7.07971054448479e-25	0.799929500328094	-6.17047363492175e-05	35.0080911277854	0.2
6.975	9.3	3.41243849354233e-25	0.799926515978639	-6.40696921782343e-05	34.9840932866956	0.2
7.125	9.3	-6.67066735326501e-25	0.799923416517174	-6.65355253646421e-05	34.9600955368267	0.2
7.275	9.3	-2.33075285600292e-24	0.799920197025003	-6.9106035915384e-05	34.9360978817045	0.2
7.425	9.3	-4.29251968339543e-24	0.799916852396215	-7.17851823086648e-05	34.9121003250052	0.2
7.575	9.3	-5.6423620221174e-24	0.799913377332984	-7.45770880756691e-05	34.8881028705608	0.2
7.725	9.3	-4.98283706469037e-24	0.799909766333859	-7.74860479919433e-05	34.8641055223652	0.2
7.875	9.3	-7.35854251541767e-25	0.799906013686694	-8.05165338265819e-05	34.8401082845807	0.2
8.025	9.3	8.06217580766142e-24	0.799902113460868	-8.36732015840236e-05	34.816111161544	0.2
8.175	9.3	2.07066407709592e-23	0.799898059495063	-8.69608983069162e-05	34.7921141577731	0.2
8.325	9.3	3.36094302661612e-23	0.799893845389343	-9.03846690706304e-05	34.7681172779743	0.2
8.475	9.3	3.96915937062178e-23	0.799889464495404	-9.39497640000733e-05	34.7441205270497	0.2
8.625	9.3	2.89763076890749e-23	0.799884909904758	-9.76616463887569e-05	34.7201239101046	0.2
8.775	9.3	-8.51141487107944e-24	0.799880174439306	-0.00010152599996511	34.6961274324554	0.2
8.925	9.3	-7.72429109422444e-23	0.79987525063901	-0.000105548737563497	34.6721310996382	0.2
9.075	9.3	-1.68258145551853e-22	0.799870130749964	-0.000109736008604039	34.6481349174171	0.2
9.225	9.3	-2.51283636642859e-22	0.799864806713703	-0.000114094208935919	34.6241388917932	0.2
9.375	9.3	-2.71199018946734e-22	0.799859270153582	-0.00011862998830675	34.6001430290143	0.2
9.525	9.3	-1.55833161620131e-22	0.799853512361171	-0.000123350260884284	34.576147335584	0.2
9.675	9.3	1.58381492005189e-22	0.799847524283799	-0.000128262213953852	34.5521518182726	0.2
9.825	9.3	6.80098291899317e-22	0.799841296509355	-0.000133373317827454	34.528156484127	0.2
9.975	9.3	1.30451768133688e-21	0.799834819252912	-0.000138691336394805	34.504161340482	0.2
10.125	9.3	1.76685674752256e-21	0.799828082339519	-0.000144224336956737	34.4801663949718	0.2
10.275	9.3	1.64931567445771e-21	0.799821075191196	-0.000149980701366279	34.4561716555416	0.2
10.425	9.3	4.88341818914015e-22	0.799813786806708	-0.000155969137056339	34.4321771304604	0.2
10.575	9.3	-1.98918964519145e-21	0.799806205748502	-0.000162198688203253	34.4081828283332	0.2
10.725	9.3	-5.52733609695213e-21	0.799798320121649	-0.000168678747686242	34.3841887581154	0.2
10.875	9.3	-9.01276009578662e-21	0.799790117557722	-0.000175419069395868	34.3601949291259	0.2
11.025	9.3	-1.03670574822415e-20	0.799781585194156	-0.000182429780181087	34.336201351062	0.2
11.175	9.3	-6.9223212987596e-21	0.799772709654851	-0.00018972139258163	34.3122080340143	0.2
11.325	9.3	3.51210924126906e-21	0.799763477029821	-0.000197304818500506	34.2882149884827	0.2
11.475	9.3	2.09191744160871e-20	0.799753872853368	-0.000205191382188839	34.2642222253925	0.2
11.625	9.3	4.11266293389194e-20	0.799743882081208	-0.000213392833576555	34.2402297561115	0.2
11.775	9.3	5.46187683701049e-20	0.799733489067928	-0.000221921363460823	34.2162375924676	0.2
11.925	9.3	4.74942101070867e-20	0.79972267754325	-0.000230789616769469	34.1922457467674	0.2
12.075	9.3	5.89242712316472e-21	0.799711430586039	-0.000240010707823956	34.168254231815	0.2
12.225	9.3	-7.56732938383886e-20	0.799699730598589	-0.00024959823505785	34.1442630609323	0.2
12.375	9.3	-1.83627790135972e-19	0.799687559279279	-0.000259566296300975	34.1202722479791	0.2
12.525	9.3	-2.76563871227872e-19	0.79967489759558	-0.000269929504742249	34.0962818073755	0.2
12.675	9.3	-2.8539921207759e-19	0.799661725753013	-0.000280703003465189	34.0722917541234	0.2
12.825	9.3	-1.30211468436118e-19	0.799648023166051	-0.000291902483097358	34.0483021038303	0.2
12.975	9.3	2.41431506972984e-19	0.799633768426288	-0.000303544195993508	34.0243128727334	0.2
13.125	9.3	7.98638695632381e-19	0.799618939269139	-0.000315644974106494	34.0003240777247	0.2
13.275	9.3	1.37162213486888e-18	0.799603512540085	-0.000328222244501756	33.9763357363773	0.2
13.425	9.3	1.63007086761676e-18	0.799587464159007	-0.00034129404532227	33.9523478669723	0.2
13.575	9.3	1.138432022375e-18	0.799570769083241	-0.000354879043453707	33.9283604885277	0.2
13.725	9.3	-4.76434057142477e-19	0.799553401269285	-0.000368996549855957	33.9043736208273	0.2
13.875	9.3	-3.24593686599481e-18	0.79953533363323	-0.000383666535729424	33.8803872844516	0.2
14.025	9.3	-6.53657572658891e-18	0.799516538008106	-0.000398909649109592	33.8564015008093	0.2
14.175	9.3	-8.83776996731945e-18	0.799496985102248	-0.000414747229744796	33.8324162921711	0.2
14.325	9.3	-7.88645920807641e-18	0.799476644453139	-0.000431201325155249	33.8084316817032	0.2
14.475	9.3	-1.35398455136861e-18	0.799455484381612	-0.000448294704343108	33.7844476935039	0.2
14.625	9.3	1.1815744442943e-17	0.79943347194253	-0.000466050873147433	33.7604643526403	0.2
14.775	9.3	2.96382167141324e-17	0.799410572874619	-0.000484494086455464	33.7364816851873	0.2
14.925	9.3	4.55672040268008e-17	0.799386751547923	-0.000503649361501583	33.7124997182678	0.2
15.075	9.3	4.83522538843704e-17	0.799361970908632	-0.00052354248810337	33.6885184800945	0.2
15.225	9.3	2.45900832044913e-17	0.799336192422273	-0.000544200039231049	33.6645380000133	0.2
15.375	9.3	-3.51560963042516e-17	0.79930937601491	-0.000565649379397719	33.6405583085491	0.2
15.525	9.3	-1.27152635484125e-16	0.799281480009299	-0.000587918671577929	33.6165794374524	0.2
15.675	9.3	-2.24969848606955e-16	0.799252461063278	-0.000611036881042687	33.5926014197486	0.2
15.825	9.3	-2.75056447899705e-16	0.799222274100084	-0.000635033777544577	33.5686242897886	0.2
15.975	9.3	-2.04622338805021e-16	0.799190872238968	-0.0006599399360442	33.5446480833026	0.2
16.125	9.3	5.18958741211075e-17	0.799158206722922	-0.000685786731948259	33.5206728374543	0.2
16.275	9.3	5.07034740850809e-16	0.799124226841288	-0.000712606334298947	33.4966985908992	0.2
16.425	9.3	1.06532218227369e-15	0.79908887984948	-0.000740431695362756	33.4727253838438	0.200000000000001
16.575	9.3	1.48383749724659e-15	0.799052110888483	-0.000769296534257772	33.4487532581082	0.200000000000001
16.725	9.3	1.3858360351109e-15	0.799013862893495	-0.00079923531701644	33.4247822571905	0.200000000000001
16.875	9.3	3.66757170328684e-16	0.798974076506357	-0.000830283230934262	33.4008124263346	0.2
17.025	9.3	-1.7881718580001e-15	0.79893268997895	-0.000862476150373197	33.3768438126001	0.199999999999999
17.175	9.3	-4.80508368125162e-15	0.798889639072355	-0.000895850598481105	33.3528764649359	0.199999999999996
17.325	9.3	-7.64744185413045e-15	0.798844856952686	-0.000930443698948913	33.3289104342558	0.199999999999994
17.475	9.3	-8.45296289186701e-15	0.798798274081183	-0.000966293118738864	33.3049457735187	0.199999999999993
17.625	9.3	-4.90809712793741e-15	0.798749818098173	-0.00100343700203854	33.2809825378109	0.199999999999996
17.775	9.3	4.7719179204538e-15	0.798699413701416	-0.00104191389110605	33.2570207844328	0.200000000000004
17.925	9.3	2.0300649572174e-14	0.798646982517761	-0.00108176263599805	33.2330605729888	0.200000000000016
18.075	9.3	3.76332280240691e-14	0.798592442968307	-0.00112302228959069	33.2091019654817	0.20000000000003
18.225	9.3	4.80118100336492e-14	0.798535710125061	-0.00116573198735095	33.1851450264107	0.200000000000038
18.375	9.3	3.89696124409166e-14	0.798476695560249	-0.00120993080875926	33.1611898228742	0.200000000000031
18.525	9.3	-1.55109573564458e-15	0.798415307186748	-0.00125565761956976	33.1372364246771	0.199999999999999
18.675	9.3	-7.76330003787453e-14	0.798351449086822	-0.00130295089329426	33.113284904443	0.199999999999938
18.825	9.3	-1.75789937486116e-13	0.798285021334371	-0.0013518485067153	33.0893353377319	0.199999999999859
18.975	9.3	-2.5724276384852e-13	0.798215919800192	-0.00140238750943429	33.065387803163	0.199999999999794
19.125	9.3	-2.58336506685433e-13	0.798144035949076	-0.00145460386387778	33.0414423825439	0.199999999999793
19.275	9.3	-1.06139624757214e-13	0.798069256619114	-0.00150853214963725	33.0174991610061	0.199999999999915
19.425	9.3	2.4645798452137e-13	0.797991463789698	-0.00156420523391596	32.9935582271468	0.200000000000197
19.575	9.3	7.69550161346634e-13	0.797910534327016	-0.00162165389747442	32.9696196731787	0.200000000000616
19.725	9.3	1.30491740641098e-12	0.797826339715002	-0.00168090641544769	32.945683595087	0.200000000001044
19.875	9.3	1.54497583710262e-12	0.79773874576331	-0.00174198808732983	32.9217500927955	0.200000000001236
20.025	9.3	1.08150841186804e-12	0.797647612291078	-0.00180492070891174	32.897819270341	0.200000000000865
20.175	9.3	-4.42301843851455e-13	0.797552792787063	-0.00186972198156433	32.8738912360579	0.199999999999646
20.325	9.3	-3.07422571772177e-12	0.797454134036723	-0.00193640484841345	32.8499661027738	0.199999999997541
20.475	9.3	-6.24781636238157e-12	0.79735147571871	-0.00200497675485253	32.8260439880163	0.199999999995002
20.625	9.3	-8.56771609502227e-12	0.79724464996731	-0.00207543881814575	32.8021250142319	0.199999999993146
20.775	9.3	-7.89310114161417e-12	0.797133480887294	-0.00214778490035262	32.7782093090199	0.199999999993686
20.925	9.3	-1.93613183528178e-12	0.797017784028186	-0.00222200057172311	32.7542970053802	0.199999999998451
21.075	9.3	1.05181326643123e-11	0.796897365806603	-0.00229806195216879	32.7303882419785	0.200000000008415
21.225	9.3	2.79352334935334e-11	0.796772022865722	-0.00237593441592951	32.7064831634298	0.200000000022348
21.375	9.3	4.44787257196618e-11	0.796641541375667	-0.00245557114649623	32.6825819206012	0.200000000035583
21.525	9.3	4.9605750349652e-11	0.796505696254403	-0.00253691152113564	32.6586846709387	0.200000000039685
21.675	9.3	3.00712422983951e-11	0.796364250307997	-0.00261987930754669	32.6347915788165	0.200000000024057
21.825	9.3	-2.46926808489333e-11	0.796216953272595	-0.00270438065175486	32.6109028159145	0.199999999980246
21.975	9.3	-1.13977332411015e-10	0.796063540750321	-0.00279030183095155	32.5870185616249	0.199999999908818
22.125	9.3	-2.16159051572385e-10	0.795903733019476	-0.00287750674409585	32.5631390034912	0.199999999827073
22.275	9.3	-2.82747419102921e-10	0.795737233707901	-0.00296583410751466	32.539264337685	0.199999999773802
22.425	9.3	-2.42880313165514e-10	0.795563728309511	-0.00305509432033872	32.5153947695228	0.199999999805696
22.575	9.3	-2.49106756911385e-11	0.795382882530938	-0.00314506595438156	32.4915305140328	0.199999999980071
22.725	9.3	4.02368222727679e-10	0.795194340439607	-0.0032354918269409	32.4676717965757	0.200000000321895
22.875	9.3	9.75520743429271e-10	0.794997722399301	-0.00332607460233912	32.4438188535296	0.200000000780417
23.025	9.3	1.48941607313786e-09	0.794792622751913	-0.00341647187428669	32.4199719330456	0.200000001191533
23.175	9.3	1.5910869642129e-09	0.79457860721149	-0.00350629067190487	32.3961312958804	0.20000000127287
23.325	9.3	8.54292255865733e-10	0.794355209915818	-0.00359508133145053	32.3722972163095	0.200000000683434
23.475	9.3	-1.03720433514197e-09	0.794121930064274	-0.00368233066237156	32.3484699831226	0.199999999170237
23.625	9.3	-4.00805627144036e-09	0.793878228088559	-0.00376745432141368	32.3246499007033	0.199999996793555
23.775	9.3	-7.28811550492953e-09	0.79362352127867	-0.00384978826771144	32.3008372902009	0.199999994169508
23.925	9.3	-9.24436885623517e-09	0.793357178830919	-0.00392857913434553	32.2770324908147	0.199999992604505
24.075	9.3	-7.5647094893578e-09	0.793078516296399	-0.00400297330299686	32.2532358612312	0.199999993948232
24.225	9.3	2.51410723044678e-12	0.792786789446203	-0.0040720044391762	32.2294477812768	0.200000000002011
24.375	9.3	1.42909096677478e-08	0.792481187566363	-0.00413457925203723	32.205668653864	0.200000011432728
24.525	9.3	3.29800804498054e-08	0.792160826143491	-0.00418946130833677	32.1818989073048	0.200000026384064
24.675	9.3	4.91496314974503e-08	0.791824738780821	-0.00423525286168567	32.1581389980253	0.200000039319705
24.825	9.3	5.12113821979993e-08	0.79147186798313	-0.004270374807049	32.1343894136376	0.200000040969106
24.975	9.3	2.54705794210044e-08	0.791101054214874	-0.00429304497717465	32.1106506762185	0.200000020376464
25.125	9.3	-3.78455009070614e-08	0.790711022478673	-0.00430125489274569	32.0869233455488	0.199999969723599
25.275	9.3	-1.35505711085068e-07	0.790300365710807	-0.00429274464018568	32.0632080220518	0.199999891595431
25.425	9.3	-2.4166295714885e-07	0.789867524711406	-0.00426497465866167	32.0395053493078	0.199999806669634
25.575	9.3	-3.02742963850625e-07	0.789410765167879	-0.00421509195345285	32.0158160163807	0.199999757805629
25.725	9.3	-2.43692942177282e-07	0.788928153490661	-0.00413988696308163	31.992140760755	0.199999805045646
25.875	9.3	8.02866920038569e-09	0.788417534223376	-0.00403573669189925	31.9684803733127	0.200000006422935
26.025	9.3	4.78847415836718e-07	0.787876512045512	-0.00389853073602172	31.9448357071824	0.200000383077933
26.175	9.3	1.09344925286491e-06	0.787302439945358	-0.00372358038634553	31.9212076920446	0.200000874759402
26.325	9.3	1.62811233279002e-06	0.786692411420075	-0.00350551733041093	31.8975973541756	0.200001302489866
26.475	9.3	1.70710569099549e-06	0.786043248650289	-0.00323819646066566	31.8740058399617	0.200001365684553
26.625	9.3	8.81611826042634e-07	0.785351472031323	-0.00291462365526885	31.8504344372104	0.200000705289461
26.775	9.3	-1.18144854005379e-06	0.784613232446313	-0.0025269287064767	31.8268845854698	0.199999054841168
26.925	9.3	-4.41093968091035e-06	0.783824190815877	-0.00206638922549918	31.8033578657389	0.199996471248255
27.075	9.3	-8.01767651180814e-06	0.782979344269019	-0.00152347828454893	31.7798559637971	0.199993585858791
27.225	9.3	-1.03070566696373e-05	0.782072826594265	-0.000887857615849432	31.7563806117248	0.199991754354664
27.375	9.3	-8.8298953450023e-06	0.781097748192236	-0.000148181191550217	31.73293352881	0.199992936083724
27.525	9.3	-1.07816529083454e-06	0.780046174322141	0.000708462378359825	31.709516402116	0.199999137467767
27.675	9.3	1.41888573415358e-05	0.778909347295809	0.00169761562878783	31.6861309601952	0.200011351085873
27.825	9.3	3.51706098735392e-05	0.77767821096578	0.0028390439260606	31.6627791888381	0.200028136487899
27.975	9.3	5.53780825484857e-05	0.776344174125003	0.00415861161814877	31.6394637031972	0.200044302466039
28.125	9.3	6.30970957985109e-05	0.774899858317071	0.00568983678048021	31.6161882202022	0.200050477676639
28.275	9.3	4.3169760202188e-05	0.773339363408623	0.00747415264068872	31.5929579771548	0.200034535808162
28.425	9.3	-1.79229674049284e-05	0.771657449977833	0.00955872982869594	31.5697798460277	0.199985661626076
28.575	9.3	-0.000123604796636729	0.769847117723752	0.0119909953298233	31.54666184945	0.199901116162691
28.725	9.3	-0.000256960006276029	0.767895495958582	0.0148099991149196	31.5236118565955	0.199794431994979
28.875	9.3	-0.00037242613645577	0.765778855627589	0.0180367160558724	31.5006354761161	0.199702059090835
29.025	9.3	-0.000395056629973257	0.763458879596264	0.0216681268904585	31.4777335723123	0.199683954696021
29.175	9.3	-0.000233566889788736	0.760883790350934	0.0256827562720351	31.4549003296184	0.199813146488169
29.325	9.3	0.000188588867749235	0.757998749081917	0.0300665248362732	31.4321231970338	0.200150871094199
29.475	9.3	0.000885207375116145	0.754768850040648	0.0348648209734008	31.4093860966433	0.200708165900093
29.625	9.3	0.00175201085686006	0.751214051211223	0.0402580582274731	31.3866767155627	0.201401608685488
29.775	9.3	0.00252348041837632	0.747449297920561	0.0466456129577188	31.363997381129	0.202018784334701
29.925	9.3	0.00276878925281003	0.743718156885701	0.054712776289445	31.3413770760074	0.202215031402248
30.075	9.3	0.00195380482398654	0.740407602753754	0.0654516501542324	31.3188800839942	0.201563043859189
30.225	9.3	-0.000415850700798935	0.738033000317964	0.0801047340081733	31.2966054329751	0.199667319439361
30.375	9.3	-0.00458076646732385	0.737175997163859	0.0999840720602417	31.2746717627449	0.196335386826141
30.525	9.3	-0.010285670884942	0.738332318179372	0.126079198688764	31.2531853126065	0.191771463292046
30.675	9.3	-0.0165808952028244	0.741585688915918	0.158334908510475	31.2321944420289	0.18673528383774
30.825	9.3	-0.0217491629629641	0.746031868175148	0.19458717833008	31.2116412483736	0.182600669629629
30.975	9.3	-0.0234223406912665	0.749110561316692	0.229629858478267	31.1913266664208	0.181262127446987
31.125	9.3	-0.0189086693942463	0.7465841274875	0.255690866327088	31.1709056361624	0.184873064484603
31.275	9.3	-0.00568730895059108	0.734148742612648	0.265483030804386	31.1499196777575	0.195450152839527
31.425	9.3	0.0180392876532282	0.71016504284588	0.256417733486149	31.1278587909772	0.214431430122583
31.575	9.3	0.0528788745575072	0.676925130087465	0.232049777814178	31.1042351660294	0.242303099646006
31.725	9.3	0.0979903065721311	0.639108010175152	0.199323029109437	31.0786524738027	0.278392245257705
31.875	9.3	0.151101951615734	0.601272040391645	0.164736176593171	31.0508583518549	0.320881561292587
32.025	9.3	0.208828303578896	0.566471827371361	0.132440178699412	31.020771340478	0.367062642863117
32.175	9.3	0.267237820739527	0.536179897262315	0.104310250031161	30.9884791580362	0.413790256591622
32.325	9.3	0.322531336676983	0.510765628557836	0.0807525166364795	30.9542115352977	0.458025069341586
32.475	9.3	0.37163235998364	0.489991704758684	0.0614397556722779	30.918296119305	0.497305887986912
32.625	9.3	0.412530659421052	0.473356207955972	0.0457712213068364	30.8811088073453	0.530024527536842
32.775	9.3	0.444336975536499	0.460286449778959	0.0331077694549569	30.8430289991614	0.555469580429199
32.925	9.3	0.467116979299283	0.450233274233204	0.0228726028916513	30.8044062710045	0.573693583439426
33.075	9.3	0.481618390356524	0.442708658338316	0.0145829177100039	30.7655402170179	0.585294712285219
33.225	9.3	0.488989206469578	0.437294710923685	0.00784980764037984	30.7266717599621	0.591191365175663
33.375	9.3	0.490542971785277	0.433640128738911	0.00236557135730976	30.6879827598773	0.592434377428221
33.525	9.3	0.487589249630608	0.431452389747949	-0.00211242317384453	30.6496007640529	0.590071399704486
33.675	9.3	0.481325288734015	0.430489501626047	-0.00577720087257183	30.61160644522	0.585060230987212
33.825	9.3	0.472776363842877	0.430552772036258	-0.00878528160640881	30.5740420778752	0.578221091074301
33.975	9.3	0.462771491849095	0.431480927045525	-0.0112669026864204	30.5369200371365	0.570217193479276
34.125	9.3	0.451943368994709	0.433145416767367	-0.0133334337041729	30.5002307248973	0.561554695195767
34.275	9.3	0.440743937919815	0.435446594087522	-0.0150823783505471	30.46394958439	0.552595150335852
34.425	9.3	0.429469107545307	0.438310467744201	-0.0166005196655223	30.4280430220604	0.543575286036246
34.575	9.3	0.418287750278429	0.441685813930768	-0.0179657952546814	30.392473163027	0.534630200222743
34.725	9.3	0.407271344730912	0.445541519802067	-0.0192484092917861	30.3572014495192	0.52581707578473
34.875	9.3	0.396421648233511	0.449864094558517	-0.0205115427179117	30.3221911613021	0.517137318586809
35.025	9.3	0.385694637599486	0.454655310794687	-0.0218118768381212	30.2874089960426	0.508555710079589
35.175	9.3	0.375019686090302	0.459929944821734	-0.0232000622907215	30.2528258949753	0.500015748872242
35.325	9.3	0.36431359368899	0.465713599777512	-0.0247212796090527	30.218417331306	0.491450874951192
35.475	9.3	0.353489712056574	0.472040651256791	-0.026416132322181	30.1841632881491	0.48279176964526
35.625	9.3	0.342463043129719	0.47895246456371	-0.0283222134486517	30.1500481288965	0.473970434503776
35.775	9.3	0.331152817442362	0.486496167753605	-0.0304766738112933	30.1160604958283	0.46492225395389
35.925	9.3	0.319484554222642	0.494724347412675	-0.0329198794575733	30.0821932604409	0.455587643378114
36.075	9.3	0.307393755886262	0.503695952300163	-0.0356997256312232	30.0484434059604	0.44591500470901
36.225	9.3	0.294832949160312	0.513478346374797	-0.0388754578586156	30.0148115855584	0.435866359328249
36.375	9.3	0.28178259638807	0.524149837431953	-0.0425191799081181	29.981301024732	0.425426077110456
36.525	9.3	0.268264536546941	0.535801262577003	-0.0467129736430899	29.9479154828114	0.414611629237553
36.675	9.3	0.254354477676746	0.548534654260478	-0.051540114699115	29.9146561944046	0.403483582141397
36.825	9.3	0.240188360256781	0.562457098997918	-0.0570705256964373	29.8815180646424	0.392150688205425
36.975	9.3	0.225956981095474	0.577669135186835	-0.0633433662825845	29.8484858128672	0.380765584876379
37.125	9.3	0.211884763777104	0.594249747775795	-0.0703530039950395	29.8155311068051	0.369507811021683
37.275	9.3	0.19819212986801	0.612243965609431	-0.0780472634263788	29.7826118358169	0.358553703894408
37.425	9.3	0.185045997332982	0.631662907738903	-0.0863467791127676	29.7496744043382	0.348036797866385
37.575	9.3	0.17250824283764	0.652507261089317	-0.0951894966290055	29.7166592550948	0.338006594270112
37.725	9.3	0.160495792898838	0.674820870434852	-0.104594734978957	29.683508877221	0.328396634319071
37.875	9.3	0.148766622203466	0.698771016338971	-0.114730078886077	29.6501765843091	0.319013297762773
38.025	9.3	0.136942187092558	0.724739917803935	-0.125957729190142	29.61663370333	0.309553749674047
38.175	9.3	0.124568794566127	0.753404302677584	-0.138839385030305	29.5828727965807	0.299655035652901
38.325	9.3	0.111209843854859	0.78577983736475	-0.154089036919945	29.5489052853761	0.288967875083887
38.475	9.3	0.0965509506589985	0.823211283155201	-0.172474424611369	29.5147532576146	0.277240760527199
38.625	9.3	0.0804942001253753	0.867289599885451	-0.194673652582647	29.4804369687111	0.2643953601003
38.775	9.3	0.0632184889300155	0.919668977568549	-0.221092952982449	29.4459610537927	0.250574791144012
38.925	9.3	0.0451900350663558	0.98174524296912	-0.251651411651815	29.4113032101183	0.236152028053085
39.075	9.3	0.0271182356510568	1.05416242430545	-0.285548228252726	29.3764087147451	0.221694588520845
39.225	9.3	0.00986373842574297	1.13617112030567	-0.321054638211906	29.3411925786512	0.207890990740594
39.375	9.3	-0.00568475444190884	1.22500097428908	-0.355416900914413	29.3055487927897	0.195452196446473
39.525	9.3	-0.0187419205441431	1.31559718266748	-0.38501099229998	29.269363839329	0.185006463564686
39.675	9.3	-0.0287396477511807	1.40113989938136	-0.405908900305412	29.2325305981174	0.177008281799055
39.825	9.3	-0.0353996712948856	1.47448140043826	-0.414874601112283	29.1949598294841	0.171680262964092
39.975	9.3	-0.0387503730439022	1.53002421019986	-0.410441797257915	29.1565887917486	0.168999701564878
40.125	9.3	-0.0390878656809325	1.56512599547431	-0.393449905689534	29.1173877390109	0.168729707455254
40.275	9.3	-0.0368968984655282	1.5803628725952	-0.366674550586683	29.0773638163445	0.170482481227577
40.425	9.3	-0.0327561873352574	1.57872362149741	-0.333817145453006	29.0365604838829	0.173795050131794
40.575	9.3	-0.0272518514487709	1.56435140873256	-0.298463499111588	28.9950515110617	0.178198518840983
40.725	9.3	-0.0209139708722267	1.54144303845046	-0.263440540614075	28.952930952688	0.183268823302219
40.875	9.3	-0.0141805640837378	1.51358496821819	-0.230629090122048	28.9103019755085	0.18865554873301
41.025	9.3	-0.00738533856817314	1.48350592482746	-0.201071432758574	28.867267091868	0.194091729145461
41.175	9.3	-0.000762027355148245	1.45309858825079	-0.175191349353211	28.8239211064643	0.199390378115881
41.325	9.3	0.00554195517853142	1.42356497786535	-0.153012214903827	28.7803469287827	0.204433564142825
41.475	9.3	0.0114481791565034	1.3955903467246	-0.134327121571599	28.7366137678001	0.209158543325203
41.625	9.3	0.0169298517542643	1.36949888904601	-0.118815129256463	28.6927770355828	0.213543881403411
41.775	9.3	0.0219964623778496	1.34537586428643	-0.10611378420559	28.6488793352967	0.21759716990228
41.925	9.3	0.0266812617608113	1.32315635252298	-0.0958609764363636	28.6049520414258	0.221345009408649
42.075	9.3	0.031031695813954	1.30268665248007	-0.0877170514380895	28.5610171187072	0.224825356651163
42.225	9.3	0.035102523497597	1.28376525759236	-0.0813748976068711	28.5170889440512	0.228082018798078
42.375	9.3	0.0389511750474979	1.26616936935419	-0.0765630149096367	28.4731759872229	0.231160940037998
42.525	9.3	0.0426348672492046	1.24967148541912	-0.0730446535523394	28.429282273551	0.234107893799364
42.675	9.3	0.0462090262627196	1.23404931248004	-0.0706148813977928	28.3854085994051	0.236967221010176
42.825	9.3	0.0497266365035997	1.21909126032657	-0.0690966901576537	28.3415535027007	0.23978130920288
42.975	9.3	0.0532382122698173	1.20459906341757	-0.0683368051452094	28.2977140098734	0.242590569815854
43.125	9.3	0.0567921637577451	1.19038858816765	-0.0682015973859205	28.2538861907424	0.245433731006196
43.275	9.3	0.0604353944169349	1.17628955333767	-0.0685733327342912	28.2100655561111	0.248348315533548
43.425	9.3	0.0642140201504081	1.162144665432	-0.0693468858250144	28.1662473319971	0.251371216120326
43.575	9.3	0.0681741430383897	1.14780851383666	-0.0704269730731598	28.1224266407538	0.254539314430712
43.725	9.3	0.072362644682505	1.13314645711586	-0.0717259059074795	28.0785986143342	0.257890115746004
43.875	9.3	0.0768279891302483	1.11803364723964	-0.0731618262699388	28.034758459459	0.261462391304199
44.025	9.3	0.081621045011144	1.10235427382435	-0.0746573572503742	27.9909014890444	0.265296836008915
44.175	9.3	0.0867959532922285	1.08600106140742	-0.076138580071924	27.947023129157	0.269436762633783
44.325	9.3	0.0924110829395098	1.06887501827428	-0.0775342331495323	27.9031189059836	0.273928866351608
44.475	9.3	0.0985301331246696	1.05088541691017	-0.0787750196668098	27.8591844125488	0.278824106499736
44.625	9.3	0.105223457687063	1.03194998739058	-0.0797929091450531	27.8152152497626	0.284178766149651
44.775	9.3	0.112569703792481	1.01199533098488	-0.0805203305323039	27.7712069303053	0.290055763033985
44.925	9.3	0.120657867953276	0.990957616821278	-0.0808891869932022	27.7271547263879	0.296526294362621
45.075	9.3	0.129589871167614	0.968783711432638	-0.080829685798659	27.6830534333094	0.303671896934091
45.225	9.3	0.139483729118972	0.945433003321352	-0.0802690806939923	27.638897010177	0.311586983295178
45.375	9.3	0.150477326961708	0.920880302269152	-0.0791305749779191	27.5946780480856	0.320381861569367
45.525	9.3	0.162732681406713	0.895120275292129	-0.0773328253179839	27.5503870065199	0.33018614512537
45.675	9.3	0.176440365040025	0.868173863098291	-0.0747906900097323	27.5060111541489	0.34115229203202
45.825	9.3	0.19182346380133	0.840096918827069	-0.0714180169356559	27.4615331555364	0.353458771041064
45.975	9.3	0.20914003881923	0.810990843353821	-0.0671332623747586	27.4169292668037	0.367312031055384
46.125	9.3	0.228682599692307	0.781014223667262	-0.0618684448750316	27.3721671473845	0.382946079753846
46.275	9.3	0.25077264761687	0.750393488211867	-0.0555812673922208	27.3272033662481	0.400618118093496
46.425	9.3	0.275748055980007	0.719429621993842	-0.0482691952615673	27.2819807792614	0.420598444784005
46.575	9.3	0.303941129191611	0.688497462611805	-0.0399830693441593	27.2364260722054	0.443152903353288
46.725	9.3	0.335645869211781	0.658034526704352	-0.0308369040846823	27.190447884409	0.468516695369425
46.875	9.3	0.371074528143767	0.628518015644651	-0.0210104175516808	27.1439360236382	0.496859622515014
47.025	9.3	0.410306052820017	0.600431459026893	-0.0107419414762285	27.0967623172099	0.528244842256013
47.175	9.3	0.453232331208046	0.574225595838545	-0.00031156670458658	27.0487835772305	0.562585864966436
47.325	9.3	0.499511575668223	0.550280339902029	0.00998299134329075	26.9998469561536	0.599609260534579
47.475	9.3	0.548540592544654	0.52887491459367	0.0198532805348025	26.9497976209218	0.638832474035723
47.625	9.3	0.599457415093502	0.510171325713	0.0290446057729064	26.89848821511	0.679565932074801
47.775	9.3	0.651181632005162	0.494212951105021	0.0373539922139714	26.845789105179	0.72094530560413
47.925	9.3	0.702491699955067	0.480936572591008	0.0446395743536429	26.7915980629896	0.761993359964054
48.075	9.3	0.75212890248767	0.470193697477155	0.0508216137139396	26.7358479627155	0.801703121990136
48.225	9.3	0.798909814537367	0.461776148100864	0.055876967609582	26.6785113364273	0.839127851629893
48.375	9.3	0.841826416150206	0.455441457367177	0.0598295050376262	26.6196011945885	0.873461132920165
48.525	9.3	0.880116778578254	0.450934921124953	0.0627388212779094	26.559168213028	0.904093422862603
48.675	9.3	0.91329775702554	0.448006657693514	0.0646890235452556	26.49729500569	0.930638205620432
48.825	9.3	0.941160788439411	0.446423293534702	0.0657787099767773	26.4340885794214	0.952928630751529
48.975	9.3	0.963739282036902	0.445974755431838	0.066112721964417	26.3696721443368	0.970991425629521
49.125	9.3	0.981259414774314	0.446477110639179	0.0657958603123824	26.3041772803498	0.985007531819451
49.275	9.3	0.99408563863945	0.447772538858662	0.0649284983874282	26.2377371493074	0.99526851091156
49.425	9.3	1.0026693363482	0.44972745391989	0.0636038641183671	26.1704811079567	1.00213546907856
49.575	9.3	1.00750548769497	0.452229618734855	0.0619066759142549	26.1025307994098	1.00600439015598
49.725	9.3	1.00909911277863	0.455184888702808	0.0599127910793251	26.0339976134148	1.0072792902229
49.875	9.3	1.00794116059026	0.458514022639209	0.0576895447055471	25.9649813059259	1.00635292847221
50.025	9.3	1.00449242333032	0.462149838655305	0.0552965064557647	25.8955695345862	1.00359393866426
50.175	9.3	0.999173729955027	0.466034870884176	0.0527864458259101	25.8258380728771	0.999338983964022
50.325	9.3	0.992360798040236	0.470119597974746	0.0502063593546233	25.7558514902777	0.993888638432188
50.475	9.3	0.984382440224298	0.47436125853866	0.0475984653811276	25.6856641147375	0.987505952179438
50.625	9.3	0.975521151766215	0.478723234225471	0.0450011066360987	25.6153211203905	0.980416921412972
50.775	9.3	0.966015347120931	0.483174960200271	0.0424495152232636	25.5448596068849	0.972812277696745
50.925	9.3	0.956062620551273	0.487692308154499	0.0399763897766476	25.4743095603228	0.964850096441018
51.075	9.3	0.945823371169066	0.492258371254185	0.0376122179667952	25.4036946157179	0.956658696935253
51.225	9.3	0.935423974778642	0.496864556889008	0.0353852641900238	25.3330325847228	0.948339179822914
51.375	9.3	0.92495844331284	0.501511857910002	0.0333211566724684	25.2623357778088	0.939966754650272
51.525	9.3	0.914487250272274	0.506212129673303	0.031442083026569	25.1916112426732	0.931589800217819
51.675	9.3	0.904031807160149	0.510989164945868	0.0297657731375412	25.1208611607835	0.923225445728119
51.825	9.3	0.893563070694829	0.515879365322471	0.0283047362535169	25.0500837828022	0.914850456555863
51.975	9.3	0.882983089129112	0.520931906915188	0.0270666166311925	24.9792754189154	0.90638647130329
52.125	9.3	0.872099118711748	0.526208546742682	0.0260569770799921	24.9084340929325	0.897679294969398
52.275	9.3	0.860591414015184	0.531783654693979	0.0252861872248708	24.8375654637412	0.888473131212147
52.425	9.3	0.847978044045196	0.537745676275251	0.024782214629783	24.7666914462883	0.878382435236156
52.575	9.3	0.833583168581977	0.544201953669857	0.0246108390186176	24.6958615567417	0.866866534865581
52.725	9.3	0.81651904516933	0.551289511131693	0.0249040789676549	24.6251663077346	0.853215236135464
52.875	9.3	0.795696231426201	0.55919488112786	0.0258965368649938	24.5547509736157	0.836556985140961
53.025	9.3	0.769879922530559	0.56818619278568	0.0279681337888778	24.4848267925756	0.815903938024447
53.175	9.3	0.737810788577543	0.578660512233082	0.0316904137341137	24.4156753679479	0.790248630862034
53.325	9.3	0.698402052139338	0.591208713930262	0.0378718754171784	24.3476410893175	0.758721641711471
53.475	9.3	0.651006062675549	0.606698469583896	0.0475943834659779	24.2811065141395	0.720804850140439
53.625	9.3	0.595711451715622	0.626371541781815	0.0622250691881838	24.2164477294826	0.676569161372498
53.775	9.3	0.533594081452963	0.651939738451678	0.0833722363895901	24.1539714135199	0.626875265162371
53.925	9.3	0.466823652936406	0.68563390949211	0.112725299984261	24.0938422605587	0.573458922349125
54.075	9.3	0.398550104089792	0.730094376346109	0.151679209225563	24.0360165486606	0.518840083271833
54.225	9.3	0.332564565347502	0.78787989602226	0.200619578108939	23.9802015924525	0.466051652278002
54.375	9.3	0.272809548863636	0.860285341381861	0.257822173907635	23.9258587304589	0.418247639090909
54.525	9.3	0.222843710561065	0.945380379210152	0.318249625219424	23.8722578985589	0.378274968448852
54.675	9.3	0.185337660746833	1.03613892746787	0.373157553126846	23.8185746105232	0.348270128597467
54.825	9.3	0.161653903953492	1.12083110927809	0.411875719727907	23.7640010273043	0.329323123162793
54.975	9.3	0.151598906892113	1.18721642828044	0.426126221316589	23.7078399300892	0.321279125513691
55.125	9.3	0.153466540583888	1.22823970240379	0.414304057751029	23.6495726705419	0.32277323246711
55.275	9.3	0.164416668461714	1.24448278166372	0.381854454889341	23.5889070603919	0.331533334769371
55.425	9.3	0.181077766006186	1.24197185057598	0.337574544588162	23.525796412541	0.344862212804949
55.575	9.3	0.200165720031224	1.22829812026012	0.289485794704304	23.4604143122021	0.360132576024979
55.725	9.3	0.218942384870687	1.20994978232178	0.242902608951972	23.3930913626877	0.37515390789655
55.875	9.3	0.235443378622685	1.19141606056575	0.200500869375847	23.3242390954426	0.388354702898148
56.025	9.3	0.248500273543042	1.17535107215804	0.163163933531984	23.2542837536184	0.398800218834433
56.175	9.3	0.257628625008097	1.16307951184002	0.130802406345555	23.1836200160068	0.406102900006478
56.325	9.3	0.26285605182844	1.1550791093137	0.102903976562666	23.1125847648089	0.410284841462752
56.475	9.3	0.264545130259071	1.15133172427196	0.0788380273768293	23.0414465812337	0.411636104207257
56.625	9.3	0.263241930757915	1.1515479417889	0.0580009060803041	22.9704058531194	0.410593544606332
56.775	9.3	0.259561852979497	1.15530041140271	0.0398730066681632	22.8996011358721	0.407649482383597
56.925	9.3	0.254112475252612	1.1620994223134	0.0240321204171933	22.829118568707	0.403289980202089
57.075	9.3	0.247447356095121	1.1714347009923	0.0101473623461469	22.7590022199662	0.397957884876097
57.225	9.3	0.240042991902281	1.18279865790564	-0.00203415056048658	22.6892640659432	0.392034393521825
57.375	9.3	0.232291581865675	1.19570005704798	-0.0127022604823029	22.6198928936124	0.38583326549254
57.525	9.3	0.224503560957976	1.20967315429169	-0.0219980640986837	22.5508618086744	0.379602848766381
57.675	9.3	0.21691541169751	1.22428493240894	-0.0300267519282321	22.4821342809781	0.373532329358008
57.825	9.3	0.209699764224686	1.23914143010505	-0.0368687920454345	22.4136688078934	0.367759811379749
57.975	9.3	0.202975907464877	1.25389335621758	-0.0425894357068602	22.3454223553948	0.362380725971902
58.125	9.3	0.196819657081123	1.26824074541568	-0.0472465433337511	22.2773527724775	0.357455725664899
58.275	9.3	0.191272094828032	1.28193624177639	-0.0508967135835079	22.209420380603	0.353017675862425
58.425	9.3	0.186347046734595	1.29478662085292	-0.0535997063743346	22.1415889266739	0.349077637387676
58.575	9.3	0.182037359452033	1.30665230772753	-0.0554211997940799	22.0738260642436	0.345629887561626
58.725	9.3	0.178320118553301	1.31744485551299	-0.0564340019393017	22.0061034996125	0.342656094842641
58.875	9.3	0.175160971453468	1.32712256453907	-0.0567179296574774	21.9383969114345	0.340128777162775
59.025	9.3	0.17251770229788	1.33568460426236	-0.0563586420331008	21.8706857271051	0.338014161838304
59.175	9.3	0.170343178010743	1.34316411933162	-0.0554457591437655	21.8029528178366	0.336274542408594
59.325	9.3	0.168587756527599	1.34962084657979	-0.0540705987349506	21.7351841572217	0.334870205222079
59.475	9.3	0.167201226309202	1.35513374511029	-0.0523238282901601	21.6673684748757	0.333760981047362
59.625	9.3	0.1661343322999	1.35979406301044	-0.0502932682116696	21.5994969267552	0.33290746583992
59.775	9.3	0.165339936677462	1.36369915330293	-0.0480620073245861	21.5315627962004	0.33227194934197
59.925	9.3	0.164773860940908	1.3669472305641	-0.0457069178227866	21.4635612339589	0.331819088752726
60.075	9.3	0.164395456697922	1.36963314632311	-0.0432975929214053	21.3954890408736	0.331516365358338
60.225	9.3	0.164167953849408	1.37184516796633	-0.0408956823595864	21.3273444931947	0.331334363079526
60.375	9.3	0.164058635224342	1.3736626781527	-0.0385545699373463	21.2591272073808	0.331246908179474
60.525	9.3	0.164038885246681	1.3751546702204	-0.0363193219595663	21.1908380386876	0.331231108197345
60.675	9.3	0.164084156656531	1.37637889670098	-0.0342268325663555	21.1224790057716	0.331267325325225
60.825	9.3	0.164173893849344	1.37738152796336	-0.032306097707494	21.054053231963	0.331339115079475
60.975	9.3	0.164291444520395	1.37819719082317	-0.030578560457444	20.9855648927895	0.331433155616316
61.125	9.3	0.164423983624617	1.37884927775404	-0.0290584837224573	20.9170191587567	0.331539186899694
61.275	9.3	0.164562465791461	1.37935044209646	-0.0277533202988043	20.8484221222669	0.331649972633169
61.425	9.3	0.164701614735802	1.37970322048518	-0.026664063763743	20.7797806978433	0.331761291788642
61.575	9.3	0.164839951080509	1.37990074864651	-0.0257855766300543	20.7111024854514	0.331871960864407
61.725	9.3	0.164979853189016	1.37992755965991	-0.0251069049432654	20.6423955876662	0.331983882551213
61.875	9.3	0.165127638498884	1.37976047414673	-0.0246116017339228	20.5736683727811	0.332102110799107
62.025	9.3	0.165293644425705	1.37936960925634	-0.0242780960646904	20.5049291779061	0.332234915540564
62.175	9.3	0.165492276860539	1.37871954724247	-0.0240801599070677	20.4361859490902	0.332393821488431
62.325	9.3	0.165741979365686	1.37777071373418	-0.0239875406025726	20.3674458201837	0.332593583492549
62.475	9.3	0.166065056827014	1.37648101845166	-0.0239668390832404	20.2987146394147	0.332852045461611
62.625	9.3	0.166487264616325	1.37480780386484	-0.0239827174860612	20.2299964634225	0.33318981169306
62.775	9.3	0.167037052102601	1.37271012594216	-0.0239995055362343	20.1612930534276	0.33362964168208
62.925	9.3	0.167744335333715	1.370151351366	-0.0239832323504772	20.092603427185	0.334195468266972
63.075	9.3	0.168638679917392	1.36710199487551	-0.0239040295162086	20.0239235416855	0.334910943933913
63.225	9.3	0.169746816949652	1.36354264068885	-0.0237387295393317	19.9552462013155	0.335797453559722
63.375	9.3	0.171089507752798	1.35946670293854	-0.0234733325997073	19.8865612977142	0.336871606202238
63.525	9.3	0.172677926608956	1.35488270095069	-0.023104867386945	19.817856481774	0.338142341287165
63.675	9.3	0.174509939177739	1.34981568365088	-0.0226420859716888	19.7491183351112	0.339607951342191
63.825	9.3	0.176566888000139	1.34430746310364	-0.0221044805864637	19.6803340400673	0.341253510400111
63.975	9.3	0.178811694515029	1.33841543051708	-0.021519356519361	19.6114934428563	0.343049355612023
64.125	9.3	0.181189158643349	1.33220992634323	-0.0209171645727785	19.5425912747707	0.344951326914679
64.275	9.3	0.183629175907214	1.32577038421586	-0.0203259427040015	19.4736291683073	0.346903340725771
64.425	9.3	0.18605310637506	1.3191806994602	-0.0197664097028309	19.404617022172	0.348842485100048
64.575	9.3	0.188382686097197	1.31252440209923	-0.0192497913654871	19.3355732862557	0.350706148877758
64.725	9.3	0.190549745016614	1.30588016307642	-0.0187805937139113	19.2665239086585	0.352439796013291
64.875	9.3	0.192503809241702	1.29931788475564	-0.0183660064862866	19.197500044765	0.354003047393361
65.025	9.3	0.194213804286345	1.29289513147117	-0.0180321862455143	19.1285351614346	0.355371043429076
65.175	9.3	0.195660048127427	1.28665301974941	-0.0178452060103275	19.0596627971872	0.356528038501941
65.325	9.3	0.196814063920648	1.28061004843126	-0.0179311311254936	18.9909167982221	0.357451251136518
65.475	9.3	0.197606852725835	1.2747518561332	-0.0184861645665288	18.9223360979748	0.358085482180668
65.625	9.3	0.197891206970187	1.26901461226668	-0.0197653033770593	18.8539757582993	0.358312965576149
65.775	9.3	0.197409926719142	1.26325957750525	-0.0220376391231101	18.785924781247	0.357927941375314
65.925	9.3	0.195788232465823	1.25723616759735	-0.0254983047145428	18.7183289882959	0.356630585972658
66.075	9.3	0.192573321645905	1.25053099051905	-0.0301290559317783	18.6514141198964	0.354058657316724
66.225	9.3	0.187344337022433	1.24250274036049	-0.0354988481926542	18.5855005912612	0.349875469617946
66.375	9.3	0.179909085839862	1.23221241636683	-0.0404947811847036	18.5209977509569	0.343927268671889
66.525	9.3	0.170586876204782	1.21838412122602	-0.0429909338970506	18.4583631560219	0.336469500963825
66.675	9.3	0.160548180964698	1.19948510596986	-0.0395482889256302	18.3980130217776	0.328438544771759
66.825	9.3	0.152142845000811	1.17409205713437	-0.0254746442259109	18.3401760132139	0.321714276000649
66.975	9.3	0.149104672859378	1.14173352812805	0.00404456590637172	18.2846963689379	0.319283738287502
67.125	9.3	0.156476531699887	1.1040944971067	0.0510063963712239	18.2308149285131	0.32518122535991
67.275	9.3	0.180062830457857	1.06554317437618	0.110716756728648	18.1769871284888	0.344050264366286
67.425	9.3	0.225236337866552	1.0313557431569	0.171022726541414	18.1208348052569	0.380189070293242
67.575	9.3	0.29512025511608	1.00435120302187	0.218046304774304	18.0593540741435	0.436096204092864
67.725	9.3	0.388617665954507	0.983735382801136	0.244068538104964	17.9894366810859	0.510894132763606
67.875	9.3	0.499303538050562	0.967185432034386	0.249745136525242	17.9085786835556	0.59944283044045
68.025	9.3	0.616305061065305	0.952946249261866	0.240483923402246	17.8155049691941	0.693044048852244
68.175	9.3	0.727354069764409	0.940176766308451	0.222292137840743	17.7104485654659	0.781883255811527
68.325	9.3	0.822541545192277	0.928487117731787	0.199821558275053	17.594972427857	0.858033236153821
68.475	9.3	0.896653738505178	0.917630727900417	0.176117511016337	17.471446723545	0.917322990804142
68.625	9.3	0.949208079381007	0.907450848607231	0.152990033150018	17.34244329871	0.959366463504806
68.775	9.3	0.982959333716324	0.8978852931514	0.131433934058881	17.2102733500988	0.986367466973059
68.925	9.3	1.00212394775442	0.888939128975567	0.111938526442268	17.0767498460216	1.00169915820353
69.075	9.3	1.01105782322296	0.880641073786411	0.0946867631373689	16.9431384769247	1.00884625857837
69.225	9.3	1.0135258611836	0.873012119547083	0.0796763106270491	16.810220410272	1.01082068894688
69.375	9.3	1.01242130452485	0.86605354070406	0.0667920991376414	16.6784008632648	1.00993704361988
69.525	9.3	1.00975457079496	0.859747725700818	0.0558514537801676	16.5478225444991	1.00780365663596
69.675	9.3	1.00677785313404	0.854063637225664	0.0466349888260732	16.4184637927224	1.00542228250723
69.825	9.3	1.00416187945905	0.848962102994323	0.0389099652619042	16.2902141610162	1.00332950356724
69.975	9.3	1.00217570510249	0.844399486489933	0.0324483961393864	16.1629271750994	1.00174056408199
70.125	9.3	1.00084250013622	0.840330006328201	0.0270400764798714	16.0364533956239	1.00067400010898
70.275	9.3	1.0000592294499	0.836707345141408	0.0225004139185087	15.9106582584254	1.00004738355992
70.425	9.3	0.999678457096869	0.833485957055666	0.0186735069018543	15.7854292982083	0.999742765677496
70.575	9.3	0.999557016429838	0.830622186467078	0.0154315399477793	15.6606767916452	0.999645613143871
70.725	9.3	0.999579433593943	0.828075157341995	0.0126718394449465	15.5363309507208	0.999663546875154
70.875	9.3	0.999664513685569	0.825807375431872	0.0103128349029964	15.4123378269612	0.999731610948455
71.025	9.3	0.999762358788427	0.823785031927756	0.00828985531846461	15.2886552293642	0.999809887030741
71.175	9.3	0.999847205557426	0.821978046915839	0.006551326249287	15.1652493010229	0.999877764445941
71.325	9.3	0.999909529164907	0.820359919156098	0.00505562582596155	15.0420919577456	0.999927623331926
71.475	9.3	0.999949248478748	0.818907453732875	0.00376864628611709	14.919159137724	0.999959398782998
71.625	9.3	0.999970725376786	0.817600429169659	0.00266198783880269	14.7964296961891	0.999976580301429
71.775	9.3	0.999979559874263	0.816421249454167	0.00171166131090504	14.6738847533303	0.999983647899411
71.925	9.3	0.999980845117123	0.81535461011163	0.000897169746482481	14.551507326383	0.999984676093698
72.075	9.3	0.999978445883033	0.81438719405336	0.000200855963313488	14.4292821185903	0.999982756706426
72.225	9.3	0.999974898312915	0.813507403342242	-0.000392571504285084	14.3071953809492	0.999979918650332
72.375	9.3	0.999971621304901	0.812705127005452	-0.000896396254493199	14.1852347984513	0.999977297043921
72.525	9.3	0.999969233305455	0.811971541818211	-0.00132217665507119	14.0633893780546	0.999975386644364
72.675	9.3	0.999967856885985	0.811298941707769	-0.00167997857491869	13.9416493314721	0.999974285508788
72.825	9.3	0.999967358150898	0.810680591320762	-0.00197857296804784	13.8200059541456	0.999973886520719
72.975	9.3	0.999967508811444	0.810110599776202	-0.00222560660137796	13.6984515049431	0.999974007049155
73.125	9.3	0.999968080339667	0.809583811313284	-0.00242775062204614	13.5769790913207	0.999974464271734
73.275	9.3	0.999968887923341	0.809095710215145	-0.0025908298788408	13.4555825634996	0.999975110338673
73.425	9.3	0.999969802369997	0.808642337950192	-0.00271993514841638	13.3342564196466	0.999975841895997
73.575	9.3	0.999970744744244	0.808220220895667	-0.00281952014537638	13.2129957226475	0.999976595795395
73.725	9.3	0.999971674038262	0.807826307308743	-0.00289348510251726	13.0917960280548	0.99997733923061
73.875	9.3	0.999972574048133	0.807457912419228	-0.00294524864065374	12.9706533221941	0.999978059238506
74.025	9.3	0.999973442482733	0.807112670664379	-0.0029778095448793	12.849563969149	0.999978753986186
74.175	9.3	0.999974283266724	0.806788494197317	-0.00299379991961535	12.7285246653182	0.999979426613379
74.325	9.3	0.999975101847342	0.806483536889788	-0.00299553102174563	12.6075324003445	0.999980081477874
74.475	9.3	0.999975902817588	0.806196163130903	-0.00298503288947556	12.4865844233803	0.999980722254071
74.625	9.3	0.99997668907491	0.805924920797975	-0.00296408871051947	12.3656782138372	0.999981351259928
74.775	9.3	0.999977461847217	0.805668517846234	-0.00293426471647885	12.2448114559223	0.999981969477773
74.925	9.3	0.999978221104231	0.805425802031154	-0.00289693625677095	12.1239820164041	0.999982576883385
75.075	9.3	0.999978966054997	0.805195743338446	-0.00285331059380801	12.0031879251521	0.999983172843998
75.225	9.3	0.999979695577074	0.804977418752827	-0.00280444687129743	11.882427358077	0.999983756461659
75.375	9.3	0.999980408520827	0.80476999904662	-0.00275127363477812	11.761698622156	0.999984326816662
75.525	9.3	0.999981103888807	0.804572737313309	-0.00269460422495178	11.6410001422775	0.999984883111045
75.675	9.3	0.999981780916236	0.804384959008581	-0.00263515031741224	11.520330449672	0.999985424732989
75.825	9.3	0.999982439085294	0.804206053295338	-0.00257353384321443	11.3996881717284	0.999985951268236
75.975	9.3	0.999983078102253	0.804035465516166	-0.00251029749302904	11.2790720230184	0.999986462481802
76.125	9.3	0.999983697858893	0.803872690642204	-0.00244591398013061	11.1584807973758	0.999986958287114
76.275	9.3	0.999984298391703	0.803717267566882	-0.00238079421479488	11.037913360894	0.999987438713362
76.425	9.3	0.999984879845885	0.803568774131946	-0.00231529452290808	10.917368645724	0.999987903876708
76.575	9.3	0.999985442446779	0.803426822787792	-0.002249723024331	10.7968456445719	0.999988353957423
76.725	9.3	0.999985986478647	0.803291056803562	-0.00218434527221235	10.6763434058038	0.999988789182918
76.875	9.3	0.999986512269563	0.803161146954069	-0.00211938924154174	10.5558610290845	0.999989209815651
77.025	9.3	0.99998702018081	0.803036788620404	-0.0020550497440701	10.4353976614791	0.999989616144648
77.175	9.3	0.999987510599304	0.802917699249252	-0.00199149233737263	10.3149524939635	0.999990008479444
77.325	9.3	0.99998798393192	0.80280361612401	-0.00192885678724369	10.1945247582899	0.999990387145536
77.475	9.3	0.999988440600974	0.802694294406407	-0.0018672601355155	10.0741137241665	0.999990752480779
77.625	9.3	0.9999888810404	0.802589505413677	-0.00180679941899897	9.95371869671188	0.99999110483232
77.775	9.3	0.999989305692373	0.802489035100108	-0.00174755407982265	9.83333901415201	0.999991444553898
77.925	9.3	0.999989715004294	0.802392682717037	-0.00168958810253629	9.71297404573081	0.999991772003435
78.075	9.3	0.999990109426082	0.802300259627717	-0.00163295190913777	9.5926231898097	0.999992087540865
78.225	9.3	0.999990489407785	0.80221158825768	-0.00157768403971041	9.47228587213426	0.999992391526228
78.375	9.3	0.999990855397483	0.802126501163086	-0.00152381264282683	9.35196154424909	0.999992684317986
78.525	9.3	0.999991207839497	0.802044840202095	-0.00147135679724421	9.23164968204433	0.999992966271598
78.675	9.3	0.999991547172882	0.801966455796428	-0.00142032768388913	9.11134978441946	0.999993237738305
78.825	9.3	0.999991873830172	0.801891206271737	-0.00137072962498698	8.99106137205161	0.999993499064137
78.975	9.3	0.999992188236349	0.801818957267095	-0.00132256100498929	8.8707839862575	0.999993750589079
79.125	9.3	0.999992490808028	0.801749581205115	-0.00127581508685642	8.75051718793908	0.999993992646422
79.275	9.3	0.999992781952802	0.801682956815216	-0.00123048073488712	8.63026055660453	0.999994225562241
79.425	9.3	0.999993062068735	0.80161896870369	-0.00118654305493585	8.51001368945714	0.999994449654988
79.575	9.3	0.999993331543978	0.801557506965072	-0.00114398396078679	8.38977620054528	0.999994665235183
79.725	9.3	0.999993590756506	0.801498466829721	-0.00110278267515982	8.26954771996798	0.999994872605204
79.875	9.3	0.999993840073922	0.80144174834359	-0.00106291617236729	8.14932789313067	0.999995072059138
80.025	9.3	0.999994079853366	0.80138725607638	-0.0010243595691524	8.02911638004681	0.999995263882693
80.175	9.3	0.999994310441452	0.801334898854828	-0.000987086469509632	7.90891285468128	0.999995448353162
80.325	9.3	0.999994532174299	0.801284589518369	-0.00095106926832416	7.78871700433195	0.999995625739439
80.475	9.3	0.999994745377574	0.801236244694696	-0.000916279418684071	7.6685285290464	0.999995796302059
80.625	9.3	0.999994950366599	0.801189784592985	-0.000882687666585459	7.5483471410708	0.99999596029328
80.775	9.3	0.999995147446474	0.801145132813062	-0.000850264256825714	7.42817256432863	0.999996117957179
80.925	9.3	0.999995336912236	0.801102216168589	-0.000818979113200181	7.30800453392678	0.999996269529789
81.075	9.3	0.999995519049036	0.801060964523078	-0.000788801995822819	7.1878427956873	0.999996415239229
81.225	9.3	0.999995694132342	0.801021310637344	-0.000759702638161441	7.06768710570265	0.999996555305874
81.375	9.3	0.999995862428143	0.800983190027145	-0.000731650865969855	6.94753722991312	0.999996689942515
81.525	9.3	0.99999602419318	0.800946540830276	-0.000704616700277579	6.82739294370485	0.999996819354544
81.675	9.3	0.999996179675175	0.800911303681994	-0.000678570446034467	6.70725403152698	0.99999694374014
81.825	9.3	0.999996329113065	0.800877421598185	-0.000653482768154634	6.58712028652701	0.999997063290452
81.975	9.3	0.999996472737229	0.80084483986537	-0.000629324756397489	6.46699151020302	0.999997178189783
82.125	9.3	0.999996610769724	0.800813505937244	-0.000606067980207325	6.34686751207191	0.999997288615779
82.275	9.3	0.999996743424518	0.800783369336863	-0.000583684534891419	6.22674810935262	0.999997394739614
82.425	9.3	0.999996870907752	0.800754381564258	-0.000562147079887051	6.10663312666368	0.999997496726202
82.575	9.3	0.999996993418025	0.800726496008915	-0.00054142887026354	5.98652239573414	0.99999759473442
82.725	9.3	0.999997111146688	0.80069966786675	-0.000521503782094948	5.86641575512722	0.999997688917351
82.875	9.3	0.999997224278149	0.800673854061229	-0.000502346332511676	5.74631304997616	0.99999777942252
83.025	9.3	0.999997332990065	0.80064901316837	-0.000483931695076159	5.62621413173147	0.999997866392052
83.175	9.3	0.9999974374534	0.800625105345223	-0.000466235710982897	5.50611885791922	0.99999794996272
83.325	9.3	0.999997537832315	0.800602092261775	-0.000449234896732992	5.38602709190974	0.999998030265852
83.475	9.3	0.999997634284044	0.800579937035886	-0.0004329064485673	5.26593870269634	0.999998107427235
83.625	9.3	0.99999772695908	0.800558604171039	-0.000417228244232693	5.1458535646836	0.999998181567264
83.775	9.3	0.999997816002074	0.800538059496823	-0.000402178842295645	5.02577155748469	0.999998252801659
83.925	9.3	0.999997901553638	0.800518270111656	-0.000387737479466005	4.90569256572735	0.999998321242911
84.075	9.3	0.999997983752572	0.800499204327618	-0.000373884066085703	4.78561647886804	0.999998387002058
84.225	9.3	0.999998062737022	0.80048083161742	-0.000360599180139465	4.66554319101405	0.999998450189617
84.375	9.3	0.99999813864236	0.800463122563294	-0.000347864059966085	4.54547260075335	0.999998510913888
84.525	9.3	0.99999821159409	0.800446048808218	-0.000335660595863811	4.42540461099239	0.999998569275272
84.675	9.3	0.999998281696972	0.800429583009686	-0.000323971320823915	4.305339128802	0.999998625357577
84.825	9.3	0.999998349026703	0.800413698795789	-0.000312779400465451	4.18527606527113	0.999998679221363
84.975	9.3	0.99999841363563	0.800398370722747	-0.000302068622388633	4.06521533536752	0.999998730908504
85.125	9.3	0.999998475583934	0.800383574231931	-0.000291823385071358	3.94515685780306	0.999998780467147
85.275	9.3	0.999998534996421	0.800369285604008	-0.00028202868630662	3.82510055490138	0.999998827997137
85.425	9.3	0.999998592119981	0.800355481909211	-0.000272670111471026	3.70504635246609	0.999998873695985
85.575	9.3	0.999998647325997	0.800342140956481	-0.000263733821593306	3.5849941796522	0.999998917860797
85.725	9.3	0.999998700989113	0.800329241249601	-0.000255206541445845	3.46494396884919	0.99999896079129
85.875	9.3	0.999998753212916	0.800316761962518	-0.000247075547710421	3.34489565558884	0.999999002570333
86.025	9.3	0.999998803488523	0.800304682942253	-0.000239328657423951	3.22484917848846	0.999999042790818
86.175	9.3	0.999998850541889	0.800292984731822	-0.000231954216743189	3.10480447922335	0.999999080433511
86.325	9.3	0.999998892748119	0.800281648576906	-0.000224941090030742	2.98476150249248	0.999999114198495
86.475	9.3	0.999998929388202	0.800270656352826	-0.000218278649395024	2.86472019590945	0.999999143510562
86.625	9.3	0.99999896252524	0.800259990350828	-0.000211956764668722	2.74468050974856	0.999999170020192
86.775	9.3	0.999998998397605	0.80024963292764	-0.000205965794365912	2.62464239653963	0.999999198718084
86.925	9.3	0.999999046373003	0.800239566162248	-0.000200296578422429	2.5046058106517	0.999999237098402
87.075	9.3	0.999999113553123	0.80022977182981	-0.000194940434167433	2.38457070819166	0.999999290842499
87.225	9.3	0.999999195102585	0.800220232063822	-0.000189889156942684	2.26453704763205	0.999999356082068
87.375	9.3	0.999999264680113	0.800210930846333	-0.000185135025940404	2.14450479136837	0.99999941174409
87.525	9.3	0.999999274529057	0.800201855818077	-0.00018067081381493	2.02447390773738	0.999999419623246
87.675	9.3	0.999999176788013	0.800192998972107	-0.000176489795840446	1.90444437201374	0.99999934143041
87.825	9.3	0.999998970605324	0.800184354162875	-0.000172585753318423	1.78441616412738	0.999999176484259
87.975	9.3	0.99999875973082	0.80017591000867	-0.000168952969273358	1.66438926135939	0.999999007784656
88.125	9.3	0.999998776443849	0.800167639592696	-0.000165586225704898	1.54436362712909	0.999999021155079
88.275	9.3	0.999999307625862	0.800159493221486	-0.000162480829031771	1.42433920218549	0.999999446100689
88.425	9.3	1.00000047783441	0.800151405037978	-0.000159632705209207	1.30431590976492	1.00000038226753
88.575	9.3	1.000001930762	0.800143323656838	-0.000157038599440181	1.18429368645676	1.0000015446096
88.725	9.3	1.00000260055212	0.800135265580215	-0.000154696365803999	1.06427253933979	1.0000020804417
88.875	9.3	1.00000090680022	0.800127366213131	-0.000152605232418738	0.944252604733266	1.00000072544017
89.025	9.3	0.999995692032621	0.80011987531507	-0.000150765812497838	0.824234152575639	0.999996553626097
89.175	9.3	0.999987873019793	0.800113034391931	-0.000149179596322611	0.704217466513329	0.999990298415834
89.325	9.3	0.999982038990863	0.800106814543602	-0.000147847843983502	0.584202567971343	0.999985631192691
89.475	9.3	0.999986357040926	0.800100604999708	-0.000146770304098375	0.464188868006965	0.999989085632741
89.625	9.3	1.00000883608495	0.800093099951266	-0.000145944913960922	0.344175003004948	1.00000706886796
89.775	9.3	1.00004924041547	0.800072172684381	-0.000145370148823368	0.224159237920548	1.00003939233238
89.925	9.3	1.00008937749143	0.40009417721949	-0.000145065880726952	0.104143893156727	1.00007150199314
0.075	9.5	1.60638971656049e-30	0.399999495456127	-1.88963922959218e-05	36.0880533773325	0.2
0.225	9.5	3.75733981236978e-30	0.799998485661034	-1.89242456363724e-05	36.0640534076052	0.2
0.375	9.5	-2.61776161202499e-30	0.799997473743372	-1.8980009019763e-05	36.0400534681929	0.2
0.525	9.5	8.55797016391939e-31	0.799996458280622	-1.90637960612444e-05	36.0160535591806	0.2
0.675	9.5	-1.56737833662042e-29	0.799995437842215	-1.91757764597801e-05	35.992053680696	0.2
0.825	9.5	-1.07786916524342e-29	0.799994410984333	-1.93161760378426e-05	35.96805383291	0.2
0.975	9.5	-3.32435886428255e-29	0.799993376245682	-1.94852767213729e-05	35.944054016037	0.2
1.125	9.5	-1.44701004212998e-29	0.799992332145976	-1.96834161317255e-05	35.9200542303353	0.2
1.275	9.5	-2.48354522698695e-29	0.799991277180381	-1.99109866686528e-05	35.8960544761082	0.2
1.425	9.5	3.07829352188803e-29	0.799990209817522	-2.01684351261761e-05	35.8720547537045	0.2
1.575	9.5	4.89712420079395e-29	0.799989128496117	-2.04562632473416e-05	35.8480550635192	0.2
1.725	9.5	1.42833773619605e-28	0.799988031620955	-2.07750258338893e-05	35.8240554059947	0.2
1.875	9.5	1.5742424778131e-28	0.799986917561125	-2.11253316310912e-05	35.8000557816219	0.2
2.025	9.5	2.18603770664755e-28	0.799985784646171	-2.1507842392834e-05	35.776056190941	0.2
2.175	9.5	1.15101896804175e-28	0.799984631163922	-2.19232723978354e-05	35.7520566345431	0.2
2.325	9.5	1.32396494917674e-29	0.799983455357579	-2.23723895697898e-05	35.7280571130712	0.2
2.475	9.5	-3.16656633655559e-28	0.799982255422371	-2.28560140871836e-05	35.7040576272217	0.2
2.625	9.5	-5.91169135021124e-28	0.799981029504807	-2.33750193024861e-05	35.6800581777459	0.2
2.775	9.5	-9.94119244387558e-28	0.799979775698045	-2.39303324111383e-05	35.6560587654514	0.2
2.925	9.5	-1.06267486752138e-27	0.799978492040666	-2.45229335940214e-05	35.632059391204	0.2
3.075	9.5	-9.60433996931819e-28	0.799977176514134	-2.51538582385695e-05	35.608060055929	0.2
3.225	9.5	-1.4749388992928e-28	0.799975827039455	-2.58241971800205e-05	35.5840607606131	0.2
3.375	9.5	9.78725449381548e-28	0.799974441475502	-2.65350972463567e-05	35.5600615063066	0.2
3.525	9.5	2.71952599477236e-27	0.799973017616349	-2.72877634259684e-05	35.5360622941246	0.2
3.675	9.5	4.0883521562515e-27	0.799971553187676	-2.80834594499581e-05	35.5120631252496	0.2
3.825	9.5	4.98873941306365e-27	0.799970045845349	-2.89235101057896e-05	35.4880640009333	0.2
3.975	9.5	3.98656703842778e-27	0.799968493171817	-2.98093024383134e-05	35.4640649224989	0.2
4.125	9.5	1.27979039546993e-27	0.799966892672561	-3.07422882903844e-05	35.440065891343	0.2
4.275	9.5	-3.87281972901354e-27	0.799965241774362	-3.1723986335193e-05	35.4160669089385	0.2
4.425	9.5	-9.51311095088681e-27	0.79996353782109	-3.27559837929688e-05	35.3920679768366	0.2
4.575	9.5	-1.45901341657954e-26	0.799961778070026	-3.38399401094019e-05	35.3680690966693	0.2
4.725	9.5	-1.52810462082845e-26	0.799959959689358	-3.49775883584293e-05	35.3440702701524	0.2
4.875	9.5	-1.05730271308046e-26	0.799958079752555	-3.61707394483457e-05	35.3200714990879	0.2
5.025	9.5	1.35773831135665e-27	0.799956135236786	-3.74212840740805e-05	35.2960727853672	0.2
5.175	9.5	1.60457347565655e-26	0.799954123016119	-3.87311962539656e-05	35.2720741309737	0.2
5.325	9.5	2.85813772686433e-26	0.799952039860025	-4.01025363211422e-05	35.2480755379862	0.2
5.475	9.5	2.79606660115271e-26	0.79994988242523	-4.15374553488762e-05	35.2240770085821	0.2
5.625	9.5	9.00139484022791e-27	0.799947647254109	-4.30381971385678e-05	35.2000785450407	0.2
5.775	9.5	-3.02746387530696e-26	0.799945330767515	-4.46071037484293e-05	35.1760801497469	0.2
5.925	9.5	-7.24363741952158e-26	0.799942929261128	-4.62466179114512e-05	35.1520818251946	0.2
6.075	9.5	-8.90602777468134e-26	0.799940438897775	-4.79592880234102e-05	35.1280835739912	0.2
6.225	9.5	-3.46415435413838e-26	0.799937855703185	-4.97477715299713e-05	35.1040853988608	0.2
6.375	9.5	1.20875846397048e-25	0.799935175560703	-5.16148398356203e-05	35.080087302649	0.2
6.525	9.5	3.76214400205233e-25	0.799932394202624	-5.35633822727049e-05	35.0560892883271	0.2
6.675	9.5	6.46937538357243e-25	0.799929507204894	-5.5596411290351e-05	35.0320913589969	0.2
6.825	9.5	7.63947527609486e-25	0.799926509981386	-5.77170665635806e-05	35.0080935178948	0.2
6.975	9.5	4.72963271178396e-25	0.79992339777442	-5.99286201783608e-05	34.984095768398	0.2
7.125	9.5	-4.56569934809397e-25	0.799920165649116	-6.22344820372995e-05	34.9600981140284	0.2
7.275	9.5	-2.09796160609254e-24	0.799916808485709	-6.4638204528884e-05	34.936100558459	0.2
7.425	9.5	-4.13537445645758e-24	0.799913320970252	-6.71434882727355e-05	34.9121031055192	0.2
7.575	9.5	-5.72618244367501e-24	0.799909697587676	-6.97541874963115e-05	34.8881057592008	0.2
7.725	9.5	-5.46197188899436e-24	0.799905932612219	-7.24743159099439e-05	34.864108523664	0.2
7.875	9.5	-1.71202739492794e-24	0.799902020099345	-7.5308052933225e-05	34.8401114032441	0.2
8.025	9.5	6.69783709443072e-24	0.799897953875612	-7.82597494475057e-05	34.816114402458	0.2
8.175	9.5	1.93403463067962e-23	0.799893727529707	-8.133393447467e-05	34.7921175260115	0.2
8.325	9.5	3.30108268821275e-23	0.79988933440193	-8.45353215285002e-05	34.7681207788062	0.2
8.475	9.5	4.08729910777783e-23	0.799884767574054	-8.7868815579727e-05	34.7441241659474	0.2
8.625	9.5	3.29397765967133e-23	0.799880019858569	-9.13395200672883e-05	34.7201276927518	0.2
8.775	9.5	-1.4173257130141e-24	0.799875083787558	-9.49527439807376e-05	34.6961313647559	0.2
8.925	9.5	-6.80565569709762e-23	0.799869951600544	-9.8714009994696e-05	34.6721351877245	0.2
9.075	9.5	-1.60250803362184e-22	0.79986461523321	-0.000102629061092534	34.6481391676599	0.2
9.225	9.5	-2.50186480333925e-22	0.79985906630439	-0.000106703869817188	34.6241433108106	0.2
9.375	9.5	-2.84408068504389e-22	0.799853296102908	-0.00011094464537312	34.6001476236816	0.2
9.525	9.5	-1.89630230301492e-22	0.799847295575254	-0.000115357843455044	34.5761521130444	0.2
9.675	9.5	1.03577256302251e-22	0.799841055309582	-0.000119950173891818	34.5521567859471	0.2
9.825	9.5	6.1592345650015e-22	0.799834565523111	-0.000124728610220004	34.5281616497258	0.2
9.975	9.5	1.2595368665552e-21	0.799827816045869	-0.000129700399168646	34.5041667120157	0.2
10.125	9.5	1.78612287183372e-21	0.799820796305917	-0.000134873069998146	34.480171980763	0.2
10.275	9.5	1.78325700029325e-21	0.799813495311544	-0.000140254444779363	34.4561774642374	0.2
10.425	9.5	7.67913954255575e-22	0.799805901636929	-0.000145852648393303	34.4321831710443	0.2
10.575	9.5	-1.58949024356263e-21	0.799798003402152	-0.000151676119179088	34.4081891101391	0.2
10.725	9.5	-5.12699902018752e-21	0.799789788256143	-0.000157733619687163	34.3841952908402	0.2
10.875	9.5	-8.84222003810441e-21	0.799781243358021	-0.000164034247921287	34.3602017228438	0.2
11.025	9.5	-1.07339626570224e-20	0.799772355356927	-0.000170587448685491	34.3362084162387	0.2
11.175	9.5	-8.10251647309129e-21	0.799763110372236	-0.000177403025318715	34.3122153815224	0.2
11.325	9.5	1.46489127601111e-21	0.799753493971749	-0.000184491151785504	34.2882226296164	0.2
11.475	9.5	1.84043909158166e-20	0.799743491150368	-0.000191862384853589	34.2642301718841	0.2
11.625	9.5	3.91720697009094e-20	0.799733086307633	-0.000199527677179588	34.2402380201474	0.2
11.775	9.5	5.48472189207648e-20	0.799722263222601	-0.000207498389194414	34.2162461867056	0.2
11.925	9.5	5.17114883344714e-20	0.799711005031803	-0.000215786303537168	34.192254684354	0.2
12.075	9.5	1.52075684786572e-20	0.799699294200921	-0.000224403637009093	34.1682635264037	0.2
12.225	9.5	-6.21196371024809e-20	0.799687112500861	-0.000233363055657683	34.144272726702	0.2
12.375	9.5	-1.69906394262489e-19	0.799674440979334	-0.000242677687847856	34.1202822996536	0.2
12.525	9.5	-2.70470420879794e-19	0.799661259931855	-0.000252361138047574	34.0962922602432	0.2
12.675	9.5	-2.97226047681747e-19	0.799647548873378	-0.00026242750193542	34.0723026240577	0.2
12.825	9.5	-1.69025177954732e-19	0.799633286507039	-0.000272891380077685	34.0483134073108	0.2
12.975	9.5	1.7417091034501e-19	0.799618450692193	-0.000283767892739833	34.0243246268673	0.2
13.125	9.5	7.16652431111913e-19	0.799603018411933	-0.000295072694281108	34.0003363002693	0.2
13.275	9.5	1.30939451872683e-18	0.799586965738883	-0.000306821987927108	33.9763484457626	0.2
13.425	9.5	1.64126066607769e-18	0.799570267799213	-0.000319032540579916	33.9523610823249	0.2
13.575	9.5	1.28184289255802e-18	0.799552898736275	-0.000331721696531934	33.9283742296946	0.2
13.725	9.5	-1.66446095945022e-19	0.799534831672178	-0.000344907392734402	33.9043879084008	0.2
13.875	9.5	-2.801071432946e-18	0.799516038668182	-0.000358608172682363	33.8804021397943	0.2
14.025	9.5	-6.09497449997895e-18	0.799496490683834	-0.000372843199926874	33.8564169460807	0.2
14.175	9.5	-8.65842872655349e-18	0.799476157534453	-0.000387632271812674	33.8324323503533	0.2
14.325	9.5	-8.30645037872813e-18	0.799455007845714	-0.000402995832799797	33.8084483766286	0.2
14.475	9.5	-2.66224672658167e-18	0.799433009009646	-0.000418954986375938	33.7844650498825	0.2
14.625	9.5	9.58871751422884e-18	0.799410127135518	-0.000435531506888953	33.760482396088	0.2
14.775	9.5	2.69676989438938e-17	0.799386327001346	-0.000452747850292844	33.7365004422544	0.2
14.925	9.5	4.36076887240023e-17	0.799361572002504	-0.000470627163860022	33.7125192164679	0.2
15.075	9.5	4.88709532455361e-17	0.799335824098509	-0.000489193294703429	33.6885387479342	0.2
15.225	9.5	2.94857144913729e-17	0.799309043758342	-0.000508470796831192	33.664559067022	0.2
15.375	9.5	-2.48380394357087e-17	0.799281189902076	-0.000528484936876549	33.6405802053088	0.2
15.525	9.5	-1.12583805686102e-16	0.799252219844487	-0.0005492616966073	33.6166021956279	0.2
15.675	9.5	-2.10826800518997e-16	0.799222089230527	-0.00057082777532451	33.5926250721181	0.2
15.825	9.5	-2.69917030526e-16	0.799190751972106	-0.000593210588018519	33.5686488702741	0.2
15.975	9.5	-2.19449058271564e-16	0.799158160184999	-0.000616438261368431	33.5446736269997	0.2
16.125	9.5	8.00254353396915e-18	0.799124264116025	-0.000640539626445968	33.520699380663	0.2
16.275	9.5	4.33769354766068e-16	0.799089012074137	-0.000665544208170165	33.4967261711528	0.2
16.425	9.5	9.79149329962381e-16	0.799052350356279	-0.000691482209146221	33.4727540399385	0.200000000000001
16.575	9.5	1.42329935627386e-15	0.799014223170251	-0.000718384490622269	33.4487830301314	0.200000000000001
16.725	9.5	1.40874106857937e-15	0.798974572555249	-0.000746282547251168	33.4248131865483	0.200000000000001
16.875	9.5	5.33682615322853e-16	0.798933338298252	-0.000775208475509399	33.4008445557781	0.2
17.025	9.5	-1.44660991955884e-15	0.798890457849009	-0.000805194936548271	33.3768771862504	0.199999999999999
17.175	9.5	-4.33255115451042e-15	0.798845866229132	-0.000836275110436968	33.3529111283072	0.199999999999997
17.325	9.5	-7.20229033854832e-15	0.798799495940671	-0.000868482642696258	33.3289464342767	0.199999999999994
17.475	9.5	-8.31772713813356e-15	0.798751276866982	-0.000901851581671649	33.3049831585507	0.199999999999993
17.625	9.5	-5.43515450238474e-15	0.798701136173249	-0.000936416303830048	33.2810213576646	0.199999999999996
17.775	9.5	3.30347171301086e-15	0.798648998200528	-0.00097221142984791	33.2570610903803	0.200000000000003
17.925	9.5	1.79122152723699e-14	0.798594784355164	-0.00100927172514455	33.2331024177726	0.200000000000014
18.075	9.5	3.49000845312755e-14	0.798538412995207	-0.00104763198758544	33.209145403319	0.200000000000028
18.225	9.5	4.62180484811947e-14	0.798479799309144	-0.00108732691706642	33.1851901129929	0.200000000000037
18.375	9.5	3.9986896061687e-14	0.798418855191341	-0.00112839096877421	33.1612366153605	0.200000000000032
18.525	9.5	4.16497236172481e-15	0.798355489108847	-0.00117085818465293	33.1372849816814	0.200000000000003
18.675	9.5	-6.64013565730672e-14	0.798289605964598	-0.00121476200339697	33.1133352860139	0.199999999999947
18.825	9.5	-1.60720841388961e-13	0.798221106951609	-0.00126013504285021	33.0893876053236	0.199999999999871
18.975	9.5	-2.4373540827742e-13	0.798149889399732	-0.00130700885834376	33.0654420195969	0.199999999999805
19.125	9.5	-2.5564532251298e-13	0.798075846614048	-0.00135541366549331	33.0414986119596	0.199999999999795
19.275	9.5	-1.25368045424816e-13	0.79799886770564	-0.00140537803014726	33.0175574688001	0.1999999999999
19.425	9.5	1.97227624535786e-13	0.797918837409592	-0.00145692851936426	32.9936186798973	0.200000000000158
19.575	9.5	6.926731011336e-13	0.797835635894304	-0.00151008930824382	32.9696823385554	0.200000000000554
19.725	9.5	1.22104844784552e-12	0.797749138557313	-0.00156488173970728	32.9457485417435	0.200000000000977
19.875	9.5	1.49713879978867e-12	0.797659215807738	-0.00162132382892961	32.9218173902418	0.200000000001198
20.025	9.5	1.12959076493251e-12	0.797565732834924	-0.00167942970853311	32.8978889887948	0.200000000000904
20.175	9.5	-2.41916073117415e-13	0.797468549357549	-0.00173920900712234	32.8739634462715	0.199999999999806
20.325	9.5	-2.70509753550494e-12	0.79736751935786	-0.00180066615416327	32.8500408758333	0.199999999997836
20.475	9.5	-5.77872679150397e-12	0.797262490790485	-0.00186379959961138	32.8261213951105	0.199999999995377
20.625	9.5	-8.18778043913014e-12	0.797153305272327	-0.00192860094275083	32.802205126387	0.19999999999345
20.775	9.5	-7.90669882788435e-12	0.797039797742716	-0.00199505395758348	32.7782921967957	0.199999999993675
20.925	9.5	-2.68455634844162e-12	0.7969217960948	-0.00206313350262536	32.754382738524	0.199999999997852
21.075	9.5	8.82746772836392e-12	0.796799120773746	-0.00213280430099132	32.7304768890306	0.200000000007062
21.225	9.5	2.54731632310752e-11	0.796671584339892	-0.00220401957912335	32.7065747912759	0.200000000020379
21.375	9.5	4.20321473525239e-11	0.796538990983334	-0.00227671954296247	32.6826765939653	0.200000000033626
21.525	9.5	4.8659865946553e-11	0.796401135996735	-0.00235082967558833	32.6587824518088	0.200000000038928
21.675	9.5	3.2545164721844e-11	0.796257805189332	-0.00242625883704333	32.6348925257962	0.200000000026036
21.825	9.5	-1.72133339066472e-11	0.79610877423747	-0.00250289713967279	32.6110069834912	0.199999999986229
21.975	9.5	-1.01506257536613e-10	0.795953807966034	-0.0025806135756116	32.5871259993453	0.199999999918795
22.125	9.5	-2.01762629117317e-10	0.795792659544951	-0.00265925336468168	32.5632497550327	0.19999999983859
22.275	9.5	-2.73474394644711e-10	0.795625069593725	-0.00273863498940036	32.5393784398111	0.19999999978122
22.425	9.5	-2.49117501961252e-10	0.795450765183598	-0.00281854687574093	32.5155122509093	0.199999999800706
22.575	9.5	-5.70992016541222e-11	0.795269458723607	-0.00289874367509578	32.4916513939476	0.199999999954321
22.725	9.5	3.40102488239015e-10	0.795080846719315	-0.00297894209798975	32.4677960833967	0.200000000272082
22.875	9.5	8.93799975132172e-10	0.794884608387129	-0.00305881624537711	32.4439465430796	0.20000000071504
23.025	9.5	1.42086411668012e-09	0.79468040410368	-0.0031379923806889	32.420103006723	0.200000001136691
23.175	9.5	1.59083778538232e-09	0.794467873662788	-0.00321604308333808	32.3962657185624	0.20000000127267
23.325	9.5	9.87077465418839e-10	0.794246634293722	-0.00329248072447889	32.3724349339999	0.200000000789662
23.475	9.5	-7.28140607802734e-10	0.79401627840101	-0.0033667501880079	32.3486109203166	0.199999999417488
23.625	9.5	-3.54831640002052e-09	0.793776370966868	-0.00343822074286172	32.3247939574346	0.199999997161347
23.775	9.5	-6.82208489285912e-09	0.793526446576771	-0.00350617694173889	32.3009843387345	0.199999994542332
23.925	9.5	-9.05939556118716e-09	0.79326600603747	-0.00356980836483642	32.2771823719393	0.199999992752484
24.075	9.5	-8.04993174467165e-09	0.792994512602729	-0.00362819798267473	32.253388380097	0.199999993560055
24.225	9.5	-1.49990059754463e-09	0.79271138783241	-0.00368030886868185	32.2296027027152	0.19999999880008
24.375	9.5	1.17234120452071e-08	0.792416007145721	-0.00372496899829553	32.2058256971125	0.20000000937873
24.525	9.5	2.99195822423778e-08	0.79210769506586	-0.0037608539340156	32.1820577400569	0.200000023935666
24.675	9.5	4.70373518149102e-08	0.791785720063647	-0.00378646733523555	32.1582992297206	0.200000037629881
24.825	9.5	5.23125339218065e-08	0.791449288709528	-0.00380011941410636	32.1345505879146	0.200000041850027
24.975	9.5	3.22769728258337e-08	0.791097538631864	-0.00379990358846591	32.1108122624614	0.200000025821578
25.125	9.5	-2.39358143468532e-08	0.790729529609883	-0.0037836715348019	32.0870847294685	0.199999980851349
25.275	9.5	-1.16127657947851e-07	0.790344232167709	-0.00374900642143655	32.0633684952272	0.199999907097874
25.425	9.5	-2.23461550736922e-07	0.78994051342199	-0.00369319320337778	32.0396640975658	0.199999821230759
25.575	9.5	-2.98221046224674e-07	0.789517120750369	-0.00361318349744331	32.015972106787	0.199999761423163
25.725	9.5	-2.69313258637883e-07	0.78907266501227	-0.00350555109201531	31.9922931268289	0.199999784549393
25.875	9.5	-6.19853419282274e-08	0.788605606192501	-0.00336643326044636	31.9686277978881	0.199999950411726
26.025	9.5	3.63281859941632e-07	0.788114244775676	-0.00319145379369325	31.9449768021891	0.200000290625488
26.175	9.5	9.57896717791391e-07	0.787596721053554	-0.0029756270654019	31.9213408744878	0.200000766317374
26.325	9.5	1.53572214078117e-06	0.787051021202338	-0.00271324897528569	31.8977208178611	0.200001228577713
26.475	9.5	1.75750220115108e-06	0.786474983300767	-0.00239778933386549	31.8741175231296	0.200001406001761
26.625	9.5	1.18680849316185e-06	0.785866289797334	-0.00202180808332178	31.8505319871275	0.200000949446795
26.775	9.5	-5.52154650991432e-07	0.785222428205171	-0.00157691917564172	31.8269653219003	0.199999558276279
26.925	9.5	-3.51460983024922e-06	0.784540603539394	-0.00105381391377365	31.8034187454906	0.199997188312136
27.075	9.5	-7.12826463869694e-06	0.783817598972655	-0.000442324076399973	31.7798935474529	0.199994297388289
27.225	9.5	-9.96630437361299e-06	0.783049608082009	0.000268546529506911	31.7563910304945	0.199992026956501
27.375	9.5	-9.79036482994911e-06	0.782232100139015	0.00109075531119145	31.7329124439546	0.199992167708136
27.525	9.5	-4.06713471788617e-06	0.781359817740021	0.00203769918141643	31.7094589424872	0.199996746292226
27.675	9.5	8.92108201107296e-06	0.780427022354697	0.00312521022087245	31.6860316175851	0.200007136865609
27.825	9.5	2.84659658085578e-05	0.77942807007665	0.00437313159689242	31.6626316502051	0.200022772772647
27.975	9.5	4.97552941151636e-05	0.778358292585791	0.00580729317928952	31.6392606084591	0.200039804235292
28.125	9.5	6.29444414799471e-05	0.777214973184331	0.00746134099369941	31.6159208580629	0.200050355553184
28.275	9.5	5.4063458509774e-05	0.775997980820351	0.00937747544500389	31.592615968941	0.200043250766808
28.425	9.5	8.77383926300234e-06	0.774709443602835	0.0116048988690167	31.5693509104614	0.20000701907141
28.575	9.5	-8.06476874261748e-05	0.773351840120857	0.014194916982431	31.5461317710026	0.199935481850059
28.725	9.5	-0.00020602669914362	0.771924213399837	0.0171924574811802	31.5229647686231	0.199835178640685
28.875	9.5	-0.000334459440382386	0.770416996760184	0.0206254697665104	31.499854487078	0.199732432447694
29.025	9.5	-0.000404503118750705	0.768807221265134	0.0244962293512253	31.4768015903946	0.199676397504999
29.175	9.5	-0.000332913455282636	0.767057470268314	0.0287814515494281	31.4538006901826	0.199733669235774
29.325	9.5	-3.65082012151481e-05	0.765123251485413	0.0334499230944197	31.4308394294791	0.199970793439028
29.475	9.5	0.000529927726130919	0.762973318356018	0.0385048359524266	31.4078999990792	0.200423942180905
29.625	9.5	0.00132524118055488	0.760624611676216	0.0440511665254547	31.384963993406	0.201060192944444
29.775	9.5	0.00217666782666812	0.758187792314002	0.0503769055220352	31.3620205997246	0.201741334261335
29.925	9.5	0.00275852311592664	0.755913111783997	0.0580254568111322	31.3390766483534	0.202206818492741
30.075	9.5	0.00261793118480971	0.754223319765623	0.067831141629964	31.3161653641074	0.202094344947848
30.225	9.5	0.00126441846257245	0.753721191162778	0.080890730444053	31.2933493680277	0.201011534770058
30.375	9.5	-0.00167644255004287	0.755157880783642	0.0984416616940554	31.2707133680801	0.198658845959966
30.525	9.5	-0.00626961110901201	0.759333537133418	0.121599976054702	31.2483437300934	0.19498431111279
30.675	9.5	-0.0120862169135483	0.766868012271537	0.150883687622785	31.2262959300872	0.190331026469161
30.825	9.5	-0.0180911623706458	0.777751064881372	0.185464780288415	31.2045560973108	0.185527070103483
30.975	9.5	-0.0226607833303811	0.790653728838686	0.222283044349242	31.183007767186	0.181871373335695
31.125	9.5	-0.0237632414288857	0.802317445969647	0.255627347379527	31.1614169134618	0.180989406856891
31.275	9.5	-0.0192921480112454	0.80785832202173	0.278229948422243	31.1394444795889	0.184566281591004
31.425	9.5	-0.00749154493588147	0.802672541779817	0.284263975906343	31.1166858914974	0.194006764051295
31.575	9.5	0.0126360517814916	0.785001382167643	0.272486465959578	31.0927273088619	0.210108841425193
31.725	9.5	0.0410567627144763	0.756873561901649	0.246709028113425	31.0672051722201	0.232845410171581
31.875	9.5	0.0766442488767584	0.722651748058433	0.213255202162506	31.0398569483712	0.261315399101407
32.025	9.5	0.117341484069515	0.68682006123813	0.177934929713099	31.0105531632335	0.293873187255612
32.175	9.5	0.160501092506295	0.652661294350062	0.144566660655611	30.979305548231	0.328400874005036
32.325	9.5	0.203320468066881	0.622031668151905	0.11500591978846	30.9462528013854	0.362656374453505
32.475	9.5	0.243265277721417	0.595688094276882	0.0897779834346898	30.9116304233609	0.394612222177134
32.625	9.5	0.278383518650814	0.57370808123563	0.0686949508370278	30.8757330606032	0.422706814920651
32.775	9.5	0.307456440678751	0.555814428948781	0.0512677793254322	30.8388773286468	0.445965152543001
32.925	9.5	0.329990762076945	0.541579371070245	0.0369325556218139	30.8013709006257	0.463992609661556
33.075	9.5	0.346098936776767	0.530537427980944	0.0251566146240685	30.7634906809303	0.476879149421413
33.225	9.5	0.356327011369948	0.522241212399484	0.0154782244154837	30.7254702294082	0.485061609095958
33.375	9.5	0.361479049286731	0.516285355401493	0.00751328922300816	30.6874949320835	0.489183239429385
33.525	9.5	0.362467472633743	0.512314117041293	0.000947562138818092	30.6497027866206	0.489973978106994
33.675	9.5	0.360200965022441	0.510021395405228	-0.00447606404823375	30.6121887562934	0.488160772017953
33.825	9.5	0.355510081256914	0.50914764511939	-0.0089704944926108	30.5750110551826	0.484408065005531
33.975	9.5	0.349105064660366	0.509475844706606	-0.0127154936984769	30.538198188621	0.479284051728292
34.125	9.5	0.341558544347168	0.510827417673976	-0.0158661573690473	30.50175596105	0.473246835477734
34.275	9.5	0.333305950613208	0.513058413067943	-0.0185588493296297	30.4656739509542	0.466644760490566
34.425	9.5	0.324657479010164	0.516055995800588	-0.0209150624399529	30.4299311549649	0.459725983208132
34.575	9.5	0.31581664301258	0.519735217749715	-0.0230438077383539	30.3945006459362	0.452653314410064
34.725	9.5	0.306901616844989	0.524036028272486	-0.0250430883059557	30.3593531942859	0.445521293475992
34.875	9.5	0.297966570865859	0.528920479334683	-0.0270008522627752	30.324459883193	0.438373256692687
35.025	9.5	0.289021007129082	0.534370066035715	-0.0289956433680176	30.2897938163686	0.431216805703265
35.175	9.5	0.280045741110136	0.540383130591299	-0.031097078263943	30.2553310773112	0.424036592888109
35.325	9.5	0.271004734424194	0.546972282591801	-0.033366337830188	30.2210511499036	0.416803787539355
35.475	9.5	0.261852582623242	0.554161888695295	-0.0358570492448242	30.1869370415922	0.409482066098594
35.625	9.5	0.252538197602573	0.561985868444916	-0.0386171379356724	30.1529753433628	0.402030558082058
35.775	9.5	0.243006091289341	0.570486241355006	-0.0416922442761961	30.1191563938947	0.394404873031473
35.925	9.5	0.233197497559944	0.579712964484205	-0.0451309175181378	30.0854745772864	0.386557998047955
36.075	9.5	0.223054022471529	0.589725392192441	-0.0489909211049345	30.0519285889967	0.378443217977223
36.225	9.5	0.212526164306278	0.600595040958505	-0.0533447563372247	30.0185213047432	0.370020931445022
36.375	9.5	0.201587575212039	0.612408291943851	-0.058281390052466	29.9852587680537	0.361270060169631
36.525	9.5	0.190253373434338	0.625266536060476	-0.0639008472426772	29.9521478705995	0.35220269874747
36.675	9.5	0.178597719754406	0.639280681809204	-0.0702995280151684	29.9191925996226	0.342878175803525
36.825	9.5	0.166763329539783	0.654557730810408	-0.0775473210348754	29.8863892523979	0.333410663631826
36.975	9.5	0.154954931404564	0.671180092348073	-0.0856627229870781	29.8537216413981	0.323963945123651
37.125	9.5	0.14341096493135	0.689183776653442	-0.0945980504920249	29.8211578072163	0.31472877194508
37.275	9.5	0.132353272205988	0.708548481016939	-0.104250593143431	29.7886498522969	0.30588261776479
37.425	9.5	0.121922245372561	0.729217344034412	-0.114512904886744	29.7561380079603	0.297537796298049
37.575	9.5	0.112112742081291	0.751161361386277	-0.125363043285862	29.723558935827	0.289690193665033
37.725	9.5	0.102731211775895	0.774489656274708	-0.136975567223333	29.6908567838842	0.282184969420716
37.875	9.5	0.0933940741532077	0.799585983587086	-0.149816407840316	29.6579941338353	0.274715259322566
38.025	9.5	0.0835798432302653	0.82723567364936	-0.164681581389861	29.6249592426346	0.266863874584212
38.175	9.5	0.0727335896544927	0.858705152042118	-0.182654125796061	29.5917663387159	0.258186871723594
38.325	9.5	0.0604058166401655	0.895743765871258	-0.204973814435687	29.558447323553	0.248324653312132
38.475	9.5	0.0463944344764623	0.940477393586255	-0.232822968474604	29.525035760681	0.23711554758117
38.625	9.5	0.0308535419779189	0.995139853463871	-0.267023185142372	29.4915467799026	0.224682833582335
38.775	9.5	0.0143382178177009	1.06154772188905	-0.307625983097251	29.4579585080549	0.211470574254161
38.925	9.5	-0.00223178118185673	1.14021541640462	-0.353395576574492	29.4242009479988	0.198214575054515
39.075	9.5	-0.0176893787563246	1.22913913884718	-0.401263217645216	29.3901563137849	0.18584849699494
39.225	9.5	-0.0308015353952375	1.32267206611887	-0.446017619959473	29.3556708495331	0.17535877168381
39.375	9.5	-0.0404812851608734	1.41145551809096	-0.480757064135808	29.3205736691284	0.167614971871301
39.525	9.5	-0.0459829203402726	1.48438741716759	-0.498635656472881	29.2846965264444	0.163213663727782
39.675	9.5	-0.0470280288381685	1.53233343196895	-0.49556843407504	29.2478919765042	0.162377576929465
39.825	9.5	-0.0438256343790496	1.55145983759737	-0.472186329821112	29.210051549525	0.16493949249676
39.975	9.5	-0.036985962297148	1.5439649606025	-0.433416502257096	29.1711228770315	0.170411230162282
40.125	9.5	-0.0273659565284806	1.51612065829631	-0.386093365654653	29.1311188590459	0.178107234777216
40.275	9.5	-0.0159019445911308	1.47541540831135	-0.336479224733783	29.0901132596201	0.187278444327095
40.425	9.5	-0.00347397956353651	1.42845433846859	-0.288982077892816	29.0482248083245	0.197220816349171
40.575	9.5	0.00917888585362816	1.38008023890972	-0.246056518399395	29.005596980395	0.207343108682903
40.725	9.5	0.0214949030165312	1.33336846155742	-0.208684222157357	28.9623797702343	0.217195922413225
40.875	9.5	0.0330904734118371	1.29000498354502	-0.176939316254349	28.9187163225176	0.22647237872947
41.025	9.5	0.0437397973666452	1.25072463961315	-0.15042453448647	28.8747346210754	0.234991837893316
41.175	9.5	0.0533447079982556	1.21567142674246	-0.128546890579964	28.8305432979893	0.242675766398604
41.325	9.5	0.0619024051661399	1.18465243057892	-0.110670114710408	28.7862304225233	0.249521924132912
41.475	9.5	0.0694756921834694	1.15730147461411	-0.0961893113400501	28.7418642718173	0.255580553746776
41.625	9.5	0.076168030483734	1.13317839378373	-0.0845619521109465	28.6974952970031	0.260934424386987
41.775	9.5	0.0821041795473857	1.11182634887319	-0.0753164363511294	28.6531586962443	0.265683343637909
41.925	9.5	0.0874162288727815	1.09280320577603	-0.0680500927029539	28.6088771744291	0.269932983098225
42.075	9.5	0.0922343074704127	1.07569742697924	-0.0624227684668618	28.564663607462	0.27378744597633
42.225	9.5	0.0966810432132579	1.06013494593524	-0.0581489779262376	28.5205234390763	0.277344834570606
42.375	9.5	0.100868829791857	1.04578091300197	-0.0549899469563765	28.4764567221011	0.280695063833486
42.525	9.5	0.10489905754895	1.03233861171653	-0.052746110017364	28.432459777037	0.28391924603916
42.675	9.5	0.108862614717964	1.01954689743285	-0.0512502732111071	28.3885264820124	0.287090091774371
42.825	9.5	0.112841127392965	1.0071769582533	-0.0503615218577836	28.3446492333314	0.290272901914372
42.975	9.5	0.116908556536477	0.995028878582003	-0.0499599015445642	28.3008196284884	0.293526845229181
43.125	9.5	0.121132897177995	0.982928298134973	-0.0499418794603325	28.2570289270387	0.296906317742396
43.275	9.5	0.125577825267408	0.970723344454173	-0.0502165741858856	28.2132683420071	0.300462260213926
43.425	9.5	0.130304212681572	0.958281941436248	-0.050702720434082	28.1695292080036	0.304243370145257
43.575	9.5	0.135371484265399	0.945489542512686	-0.051326311583581	28.1258030637836	0.308297187412319
43.725	9.5	0.140838827026496	0.932247296543128	-0.0520188404367825	28.0820816779982	0.312671061621197
43.875	9.5	0.146766285187086	0.918470624023084	-0.0527160404299102	28.0383570382125	0.317413028149669
44.025	9.5	0.153215789697761	0.904088160353914	-0.0533570174633852	27.9946213153869	0.322572631758209
44.175	9.5	0.160252180167203	0.889041012505618	-0.0538836576788639	27.9508668090444	0.328201744133763
44.325	9.5	0.167944282987417	0.873282276774025	-0.0542401997067128	27.9070858721137	0.334355426389933
44.475	9.5	0.176366112333914	0.856776779815075	-0.0543728722676999	27.8632708086415	0.341092889867131
44.625	9.5	0.185598259455418	0.839501033355378	-0.0542295214212985	27.8194137317742	0.348478607564335
44.775	9.5	0.195729526713073	0.821443433933792	-0.053759188679928	27.7755063632958	0.356583621370458
44.925	9.5	0.206858840027579	0.802604788693007	-0.0529116541058112	27.7315397494473	0.365487072022063
45.075	9.5	0.219097427935025	0.782999297898289	-0.0516370282533771	27.6875038610327	0.37527794234802
45.225	9.5	0.23257117650889	0.76265615942976	-0.0498855604820892	27.6433870398347	0.386056941207112
45.375	9.5	0.247422945806816	0.741621957814783	-0.0476079188535056	27.599175249802	0.397938356645453
45.525	9.5	0.263814457004772	0.719963932887465	-0.0447562686804967	27.5548510928912	0.411051565603818
45.675	9.5	0.281927130136293	0.697774063640094	-0.0412865011164916	27.5103925592645	0.425541704109035
45.825	9.5	0.30196098662812	0.67517363596731	-0.0371618987156328	27.4657715036538	0.441568789302496
45.975	9.5	0.324130470012618	0.652317603016383	-0.032358331033589	27.4209518777636	0.459304376010095
46.125	9.5	0.34865585785596	0.629397656543815	-0.0268707306957246	27.3758878047697	0.478924686284768
46.275	9.5	0.375748952965017	0.606642628387469	-0.0207201384224123	27.330521655201	0.500599162372014
46.425	9.5	0.405592099963854	0.584314796641607	-0.0139601243028987	27.2847823672807	0.524473679971083
46.575	9.5	0.438310415276741	0.562701043278324	-0.00668106150039481	27.2385843357041	0.550648332221393
46.725	9.5	0.473938521902477	0.542098667821603	0.000989260825728322	27.1918272499745	0.579150817521981
46.875	9.5	0.51238498785586	0.522796884482237	0.00888972191647114	27.1443972697101	0.609907990284688
47.025	9.5	0.553399787113271	0.50505628197609	0.0168347781941035	27.096169850832	0.642719829690617
47.175	9.5	0.596551775902354	0.489089394340553	0.0246272182992887	27.0470143634493	0.677241420721883
47.325	9.5	0.641223596029032	0.475045611536839	0.0320728546834898	26.996800371947	0.712978876823225
47.475	9.5	0.686629736779898	0.463002888301297	0.0389948086141224	26.9454051174833	0.749303789423918
47.625	9.5	0.73185959397856	0.452967255074294	0.045245244428117	26.8927214263315	0.785487675182848
47.775	9.5	0.775941892493317	0.444879523307236	0.0507131249892991	26.8386650586466	0.820753513994654
47.925	9.5	0.817921338559312	0.438627330715565	0.0553275014216277	26.7831804967138	0.85433707084745
48.075	9.5	0.856934922824296	0.43406004939003	0.0590566947160354	26.7262443819714	0.885547938259437
48.225	9.5	0.892275274856665	0.431004120648293	0.0619042766183643	26.6678662021683	0.913820219885332
48.375	9.5	0.923431892337281	0.429276902301888	0.0639029874902099	26.6080862978806	0.938745513869825
48.525	9.5	0.950106617957966	0.428697842307254	0.0651077050365028	26.5469716722951	0.960085294366373
48.675	9.5	0.972205368631102	0.429096506361549	0.0655883967675211	26.4846103496428	0.977764294904882
48.825	9.5	0.989812113931637	0.430317547197083	0.065423739070173	26.4211050993984	0.99184969114531
48.975	9.5	1.00315271007422	0.432223060230699	0.0646958211653299	26.3565672517582	1.00252216805938
49.125	9.5	1.01255567305276	0.434692938108643	0.0634861095377806	26.29111113957	1.0100445384422
49.275	9.5	1.01841516140833	0.437623860561855	0.0618726534241915	26.2248494833473	1.01473212912666
49.425	9.5	1.02115925323512	0.44092748936492	0.0599283777761193	26.1578898420345	1.01692740258809
49.575	9.5	1.02122470095182	0.444528327782336	0.0577202383579117	26.0903321094003	1.01697976076145
49.725	9.5	1.01903803499735	0.448361583122738	0.0553089954960136	26.0222669483025	1.01523042799788
49.875	9.5	1.0150021846562	0.452371259757931	0.0527493834377424	25.9537750128208	1.01200174772496
50.025	9.5	1.00948755547911	0.456508617203346	0.0500904949454178	25.8849267966537	1.00759004438329
50.175	9.5	1.00282656673936	0.460731055699086	0.0473762511584112	25.8157829514599	1.00226125339148
50.325	9.5	0.995310846837773	0.465001438715314	0.0446458737468054	25.7463949310452	0.996248677470219
50.475	9.5	0.987190492644587	0.469287825119378	0.0419343123525639	25.6768058309572	0.98975239411567
50.625	9.5	0.978674950409324	0.473563560152719	0.0392726010625048	25.6070513065127	0.982939960327459
50.775	9.5	0.969935138775977	0.477807660291912	0.0366881225055025	25.5371604668484	0.975948111020781
50.925	9.5	0.961106402984019	0.482005418358613	0.0342047505633732	25.4671566614646	0.968885122387215
51.075	9.5	0.952291775752552	0.486149147328911	0.0318428310316395	25.3970581032209	0.961833420602041
51.225	9.5	0.943564849473517	0.490238970280671	0.0296189577276539	25.326878312275	0.954851879578814
51.375	9.5	0.934971371715173	0.494283548827431	0.0275455281813983	25.2566264225562	0.947977097372139
51.525	9.5	0.926528508254784	0.498300628325289	0.0256301387688639	25.186307467106	0.941222806603828
51.675	9.5	0.918220633520258	0.50231727930239	0.0238750205509531	25.1159228477786	0.934576506816206
51.825	9.5	0.909990577583162	0.50636975534788	0.0222769274566249	25.0454712886447	0.92799246206653
51.975	9.5	0.901725560015408	0.510502999514995	0.0208281467173799	24.974950652984	0.921380448012326
52.125	9.5	0.8932376538498	0.514770043246333	0.0195195536488438	24.904361043923	0.91459012307984
52.275	9.5	0.884239620762603	0.519231865651326	0.0183467932138611	24.8337095738207	0.907391696610082
52.425	9.5	0.874318400184678	0.523958694892957	0.017320639525545	24.7630170388706	0.899454720147743
52.575	9.5	0.862910454975469	0.529034174273584	0.0164822833130523	24.6923264374353	0.890328363980376
52.725	9.5	0.849285557634927	0.534564188704391	0.0159237103565788	24.6217127996092	0.879428446107942
52.875	9.5	0.832548291318019	0.540692355206147	0.0158125256251028	24.5512931512898	0.866038633054415
53.025	9.5	0.811669052666054	0.547624154683881	0.0164196588116027	24.4812346591472	0.849335242132843
53.175	9.5	0.78555751689105	0.555661381103773	0.0181474144455973	24.4117582030847	0.82844601351284
53.325	9.5	0.753189173051541	0.565247934719576	0.0215541706354036	24.3431340223354	0.802551338441232
53.475	9.5	0.713786586838326	0.577026732179519	0.0273702399308892	24.2756660571163	0.771029269470661
53.625	9.5	0.667039062186996	0.59190493359147	0.0364961800044815	24.2096626724019	0.733631249749597
53.775	9.5	0.613319043355635	0.611119124297428	0.0499691350348429	24.1453940702669	0.690655234684508
53.925	9.5	0.553830685949258	0.636280174779058	0.0688738887482317	24.083040885738	0.643064548759406
54.075	9.5	0.490622630117902	0.669353963714032	0.0941646615230274	24.0226433032229	0.592498104094322
54.225	9.5	0.426426757962539	0.712495284954206	0.126359145715463	23.9640635993971	0.541141406370031
54.375	9.5	0.364340999942322	0.767610255809528	0.165088133466855	23.9069750930629	0.491472799953857
54.525	9.5	0.307426201997871	0.835535465193263	0.20856348307343	23.850885730888	0.445940961598297
54.675	9.5	0.258303247290358	0.914909786686365	0.25317658293246	23.7951952464232	0.406642597832286
54.825	9.5	0.218817865483034	1.00125163307001	0.293597090485576	23.7392733431555	0.375054292386427
54.975	9.5	0.189818425310284	1.08716340015753	0.323744383546713	23.6825381296003	0.351854740248228
55.125	9.5	0.17108572109159	1.16424321260887	0.338623851660424	23.6245162644241	0.336868576873272
55.275	9.5	0.161442907403509	1.22594343705049	0.336220745962309	23.5648790433501	0.329154325922807
55.425	9.5	0.159031783287916	1.26956879545345	0.318167602777634	23.5034588887311	0.327225426630333
55.575	9.5	0.1616831162764	1.29629173575939	0.288702189753378	23.4402484861309	0.32934649302112
55.725	9.5	0.167277709537019	1.30969079114384	0.25280288045095	23.3753801475992	0.333822167629615
55.875	9.5	0.174013684716991	1.31404929924902	0.214719664950036	23.3090873404832	0.339210947773593
56.025	9.5	0.180545190559936	1.31320759819506	0.177383662698179	23.2416581751328	0.344436152447949
56.175	9.5	0.186004843816077	1.31008062334352	0.142476955525418	23.1733924887363	0.348803875052861
56.325	9.5	0.189947240802517	1.30661963365255	0.110771319727536	23.1045698157161	0.351957792642014
56.475	9.5	0.192253978124609	1.30397496743519	0.0824777726203838	23.0354300001108	0.353803182499687
56.625	9.5	0.193031346508674	1.30270592755005	0.0575085869318584	22.9661646677019	0.354425077206939
56.775	9.5	0.192519394269431	1.30296810164511	0.0356433425761664	22.8969165054252	0.354015515415545
56.925	9.5	0.191020537845642	1.30465830753186	0.0166218896198902	22.8277833904791	0.352816430276514
57.075	9.5	0.188848925687918	1.3075194537422	0.000189998718447734	22.7588250393863	0.351079140550334
57.225	9.5	0.186298025665202	1.31121425837899	-0.0138826120644686	22.6900705486567	0.349038420532161
57.375	9.5	0.183622447240329	1.3153767623644	-0.0257990004794466	22.6215257932685	0.346897957792263
57.525	9.5	0.181029947071943	1.31964839623535	-0.0357387280382868	22.5531800948785	0.344823957657555
57.675	9.5	0.178680194659178	1.32370297340933	-0.0438641327992745	22.4850118784559	0.342944155727342
57.825	9.5	0.176687641110505	1.32726331341491	-0.0503266909415053	22.4169932352829	0.341350112888404
57.975	9.5	0.175126589420812	1.33011112122618	-0.055272230387434	22.3490934338951	0.340101271536649
58.125	9.5	0.174037201401975	1.33209119848053	-0.058844482733333	22.2812814901979	0.33922976112158
58.275	9.5	0.173431659677908	1.33311087491334	-0.0611868977130419	22.2135279401785	0.338745327742326
58.425	9.5	0.173300039001873	1.33313556121977	-0.0624429134910877	22.1458059661253	0.338640031201499
58.575	9.5	0.173615657183048	1.33218140169961	-0.0627550301920784	22.0780920197635	0.338892525746438
58.725	9.5	0.174339805311145	1.33030605326673	-0.062263100135767	22.0103660701321	0.339471844248916
58.875	9.5	0.175425829205928	1.32759858933465	-0.0611022446614642	21.9426115849673	0.340340663364743
59.025	9.5	0.176822571896349	1.3241694138932	-0.0594007522170019	21.8748153347583	0.341458057517079
59.175	9.5	0.178477206305573	1.32014089114367	-0.0572782254584924	21.8069670901989	0.342781765044459
59.325	9.5	0.180337498005992	1.31563918145123	-0.0548441463961618	21.7390592673253	0.344269998404794
59.475	9.5	0.182353545166657	1.31078755874407	-0.0521969350371345	21.671086560528	0.345882836133325
59.625	9.5	0.184479048829583	1.30570129470938	-0.0494235001049097	21.6030455918082	0.347583239063666
59.775	9.5	0.186672171831606	1.30048404741043	-0.0465992258977252	21.5349345949475	0.349337737465285
59.925	9.5	0.18889604861593	1.29522559182419	-0.0437883076641689	21.4667531453875	0.351116838892744
60.075	9.5	0.191119010220371	1.29000067449628	-0.0410443359640452	21.3985019403101	0.352895208176297
60.225	9.5	0.193314588398753	1.28486875612108	-0.0384110334719994	21.3301826284141	0.354651670719003
60.375	9.5	0.195461359942289	1.27987441442918	-0.0359230603320606	21.261797685005	0.356369087953831
60.525	9.5	0.19754268696023	1.27504820552623	-0.0336068218390386	21.1933503250832	0.358034149568184
60.675	9.5	0.199546401567593	1.2704078165189	-0.0314812313396517	21.1248444450264	0.359637121254074
60.825	9.5	0.201464474707599	1.26595937970378	-0.0295583994101636	21.0562845820964	0.361171579766079
60.975	9.5	0.203292699378985	1.26169885463677	-0.0278442362527076	20.9876758802988	0.362634159503188
61.125	9.5	0.20503040899117	1.25761341662821	-0.0263389673730649	20.9190240509857	0.364024327192936
61.275	9.5	0.206680242459444	1.2536828174958	-0.0250375731160795	20.8503353169403	0.365344193967556
61.425	9.5	0.208247959303377	1.24988070646247	-0.0239301711143101	20.7816163294495	0.366598367442702
61.575	9.5	0.209742300477237	1.24617591606436	-0.0230023679618788	20.7128740489925	0.36779384038179
61.725	9.5	0.211174883679028	1.24253373012742	-0.0222356133065999	20.6441155816597	0.368939906943223
61.875	9.5	0.212560114875459	1.23891715841014	-0.0216075967191225	20.5753479653607	0.370048091900367
62.025	9.5	0.213915089926592	1.23528824523175	-0.0210927352818372	20.5065779025102	0.371132071941273
62.175	9.5	0.215259450640222	1.23160943666542	-0.0206628070662499	20.4378114395896	0.372207560512178
62.325	9.5	0.216615147805422	1.22784502160975	-0.0202877903446247	20.3690535993309	0.373292118244337
62.475	9.5	0.218006050104674	1.22396264496704	-0.0199369665122	20.30030797889	0.374404840083739
62.625	9.5	0.219457324237304	1.21993486525576	-0.0195803304087499	20.2315763378217	0.375565859389843
62.775	9.5	0.220994502370637	1.215740694478	-0.0191903179346018	20.1628582130671	0.37679560189651
62.925	9.5	0.222642155185043	1.21136701759586	-0.0187438011885985	20.0941506138018	0.378113724148034
63.075	9.5	0.224422111747121	1.20680974885123	-0.0182242135667584	20.025447864765	0.379537689397697
63.225	9.5	0.226351221516902	1.20207455303422	-0.0176235579994647	19.9567416787131	0.381080977213522
63.375	9.5	0.228438746735987	1.19717695571593	-0.0169439410405584	19.8880215411565	0.38275099738879
63.525	9.5	0.230683605368603	1.19214170159876	-0.0161981999761824	19.8192754765554	0.384546884294883
63.675	9.5	0.233071841997145	1.18700130290371	-0.0154091978265097	19.7504912280578	0.386457473597716
63.825	9.5	0.235574853898801	1.1817938455485	-0.014607500545605	19.6816578191497	0.388459883119041
63.975	9.5	0.238148988868254	1.17656026650234	-0.0138274506483139	19.6127673783214	0.390519191094603
64.125	9.5	0.240737092652928	1.17134143877131	-0.0131020988205151	19.5438170100824	0.392589674122343
64.275	9.5	0.243272350865093	1.1661754466529	-0.0124579790753952	19.4748104121987	0.394617880692074
64.425	9.5	0.245684303579345	1.16109535094132	-0.0119111838813762	19.4057589050976	0.396547442863476
64.575	9.5	0.247906229801582	1.15612749810553	-0.0114664386104149	19.3366815944948	0.398324983841266
64.725	9.5	0.249882311075111	1.15129001926971	-0.01112069409652	19.2676045649942	0.399905848860089
64.875	9.5	0.251572300420948	1.14659064003082	-0.010871965580971	19.1985593107596	0.401257840336759
65.025	9.5	0.252951150783057	1.14202238344982	-0.0107326124547098	19.1295810198002	0.402360920626446
65.175	9.5	0.25400155111138	1.13755536179088	-0.0107439761501195	19.060707757482	0.403201240889104
65.325	9.5	0.254698895498028	1.13312283144696	-0.0109865311249309	18.9919818997605	0.403759116398422
65.475	9.5	0.254991028129745	1.12860022774899	-0.0115770773986845	18.9234551555197	0.403992822503796
65.625	9.5	0.254779013359155	1.12377708640223	-0.0126429369044141	18.8551979823109	0.403823210687324
65.775	9.5	0.253909578336649	1.11832353369477	-0.0142634818127946	18.7873129741777	0.403127662669319
65.925	9.5	0.252193627372137	1.11175541929949	-0.0163719664187973	18.7199498366331	0.401754901897709
66.075	9.5	0.249466661369239	1.10340592466446	-0.0186155212801336	18.6533170173493	0.399573329095391
66.225	9.5	0.245704012144474	1.09241880713383	-0.0201797317409015	18.5876823630305	0.396563209715579
66.375	9.5	0.241194502639271	1.07779279913617	-0.0196032725907873	18.523353084792	0.392955602111417
66.525	9.5	0.236759168260288	1.05852961410832	-0.0146532515878293	18.4606249475256	0.38940733460823
66.675	9.5	0.233977320549922	1.03395905969437	-0.00242086628712839	18.3996933260976	0.387181856439938
66.825	9.5	0.235352646729706	1.0042905294432	0.0200910380893425	18.3405258910567	0.388282117383765
66.975	9.5	0.244320349046614	0.971275868121593	0.0546338549163272	18.282708910121	0.395456279237291
67.125	9.5	0.264969245940715	0.938493460250362	0.0998461994405493	18.2252967487759	0.411975396752572
67.275	9.5	0.301354095596214	0.910475777829078	0.150073240652326	18.166718045425	0.441083276476971
67.425	9.5	0.356360994234906	0.890590291022651	0.196586068938082	18.1048180569988	0.485088795387925
67.575	9.5	0.430325550690588	0.879262761316407	0.231258627501266	18.0371134339813	0.54426044055247
67.725	9.5	0.519950095704643	0.874316264115653	0.250014323943963	17.9612536756402	0.615960076563715
67.875	9.5	0.618276902835677	0.872837449433616	0.253418699493876	17.8755502600763	0.694621522268542
68.025	9.5	0.716165802458073	0.872605411262126	0.244851463805667	17.7793661722837	0.772932641966458
68.175	9.5	0.80481902601908	0.872370304273938	0.228380626218484	17.6732106982874	0.843855220815264
68.325	9.5	0.878086072664806	0.871558979129752	0.207533267821829	17.558519901546	0.902468858131845
68.475	9.5	0.933451748454361	0.8699768067955	0.1849214486658	17.4372442472654	0.946761398763489
68.625	9.5	0.971600629331001	0.867639354227413	0.162303788842677	17.3114217639819	0.9772805034648
68.775	9.5	0.995233185502696	0.864676745440399	0.14077939020175	17.182866139771	0.996186548402157
68.925	9.5	1.00785877110459	0.86126611619397	0.120979211734867	17.0530079612074	1.00628701688367
69.075	9.5	1.01293185613298	0.857585078552128	0.103214859811829	16.9228618665108	1.01034548490639
69.225	9.5	1.01337754533602	0.853786983133213	0.0875833303642023	16.7930707975777	1.01070203626881
69.375	9.5	1.01141288471577	0.8499932643703	0.074038476286105	16.6639845937745	1.00913030777262
69.525	9.5	1.00855279516814	0.846295067218006	0.062441191272222	16.5357446082152	1.00684223613452
69.675	9.5	1.00571416572345	0.842757873306278	0.0525970517365312	16.4083589083829	1.00457133257876
69.825	9.5	1.00335935325355	0.83942599423387	0.0442859282639908	16.2817614882468	1.00268748260284
69.975	9.5	1.00164156145526	0.836326213161744	0.0372849338489621	16.1558543272656	1.00131324916421
70.125	9.5	1.00053023721552	0.833470893470078	0.0313847475775135	16.0305341328672	1.00042418977241
70.275	9.5	0.999906491052782	0.830860939264929	0.0263994598184356	15.9057069942544	0.999925192842225
70.425	9.5	0.999627199544627	0.828488710292004	0.0221707781038059	15.781294497369	0.999701759635701
70.575	9.5	0.999561934514424	0.826340763879164	0.0185680108582083	15.6572345077762	0.999649547611539
70.725	9.5	0.999609451347364	0.824400235077125	0.0154854170001686	15.5334791461097	0.999687561077892
70.875	9.5	0.999700814031418	0.822648726065703	0.0128383140590364	15.4099917096446	0.999760651225134
71.025	9.5	0.999795193817403	0.821067673908133	0.010558953915909	15.2867435982538	0.999836155053922
71.175	9.5	0.999872747227273	0.81963924606361	0.00859277020328962	15.1637117657822	0.999898197781818
71.325	9.5	0.999927331112733	0.818346856571905	0.00689527194119368	15.0408768567352	0.999941864890186
71.475	9.5	0.999960464611585	0.817175406389751	0.00542963550409882	14.9182219811874	0.999968371689268
71.625	9.5	0.999977008249173	0.816111341045087	0.00416492257334714	14.7957319885519	0.999981606599338
71.775	9.5	0.999982474690703	0.815142599095633	0.00307479993084266	14.673393082162	0.999985979752563
71.925	9.5	0.999981626769771	0.814258503728387	0.00213663075363507	14.5511926373416	0.999985301415817
72.075	9.5	0.999977955594101	0.813449631448768	0.00133082455109197	14.4291191215445	0.99998236447528
72.225	9.5	0.999973677146183	0.812707677771042	0.000640358997718232	14.3071620515558	0.999978941716947
72.375	9.5	0.999969975933063	0.81202533015861	5.04127846890927e-05	14.1853119524459	0.99997598074645
72.525	9.5	0.999967319037646	0.811396152440314	-0.000451930005101638	14.0635603037438	0.999973855230117
72.675	9.5	0.999965743014649	0.810814481581047	-0.000877927842371183	13.9418994708049	0.999972594411719
72.825	9.5	0.999965072536626	0.810275336099213	-0.00123739551475637	13.8203226254837	0.999972058029301
72.975	9.5	0.999965064495735	0.809774334872386	-0.00153889101897102	13.6988236621403	0.999972051596588
73.125	9.5	0.999965489019269	0.809307625047077	-0.00178987959037123	13.5773971145485	0.999972391215415
73.275	9.5	0.999966165055822	0.808871817948586	-0.00199687735851128	13.4560380777811	0.999972932044657
73.425	9.5	0.999966967692986	0.808463932101347	-0.0021655765644123	13.334742137469	0.999973574154389
73.575	9.5	0.999967820792011	0.808081342646007	-0.0023009541552184	13.2135053074049	0.999974256633608
73.725	9.5	0.999968684187845	0.807721736555271	-0.00240736558029622	13.0923239754447	0.999974947350276
73.875	9.5	0.999969540853193	0.807383073119572	-0.00248862560363429	12.9711948570565	0.999975632682555
74.025	9.5	0.999970386558657	0.807063549209653	-0.00254807787344219	12.850114955582	0.999976309246926
74.175	9.5	0.99997122271967	0.806761568845438	-0.00258865485199623	12.7290815282196	0.999976978175736
74.325	9.5	0.999972052123166	0.80647571661882	-0.00261292953138496	12.608092056806	0.999977641698533
74.475	9.5	0.999972876821647	0.806204734540561	-0.00262316016827855	12.4871442226006	0.999978301457317
74.625	9.5	0.999973697434216	0.805947501907862	-0.0026213290835191	12.3662358844202	0.999978957947373
74.775	9.5	0.999974513222925	0.805703017821656	-0.00260917640264032	12.2453650595985	0.99997961057834
74.925	9.5	0.999975322498148	0.805470386017304	-0.00258822946757693	12.1245299073499	0.999980257998518
75.075	9.5	0.999976123081944	0.805248801708636	-0.00255982852807942	12.0037287142005	0.999980898465555
75.225	9.5	0.999976912693742	0.805037540179261	-0.00252514922216809	11.8829598812086	0.999981530154994
75.375	9.5	0.999977689212471	0.804835946889308	-0.00248522227467317	11.7622219127442	0.999982151369976
75.525	9.5	0.999978450820079	0.8046434288942	-0.00244095077835936	11.6415134066264	0.999982760656063
75.675	9.5	0.999979196053675	0.804459447399617	-0.00239312536876245	11.520833045449	0.99998335684294
75.825	9.5	0.999979923798306	0.804283511300009	-0.00234243756092861	11.4001795889422	0.999983939038644
75.975	9.5	0.999980633248001	0.804115171568167	-0.00228949147939587	11.2795518672376	0.999984506598401
76.125	9.5	0.999981323855016	0.803954016381665	-0.00223481418239389	11.1589487749205	0.999985059084013
76.275	9.5	0.999981995279487	0.80379966688656	-0.00217886475474422	11.038369265767	0.99998559622359
76.425	9.5	0.999982647345672	0.803651773512914	-0.00212204232133373	10.9178123480769	0.999986117876537
76.575	9.5	0.999983280006735	0.803510012767466	-0.00206469311381059	10.7972770805241	0.999986624005388
76.725	9.5	0.99998389331771	0.803374084439128	-0.00200711670584329	10.676762568459	0.999987114654168
76.875	9.5	0.99998448741518	0.803243709161927	-0.0019495715177761	10.5562679606024	0.999987589932144
77.025	9.5	0.99998506250199	0.803118626286557	-0.00189227967885264	10.4357924460826	0.999988050001592
77.175	9.5	0.999985618835469	0.802998592019807	-0.00183543132393197	10.315335251771	0.999988495068375
77.325	9.5	0.999986156717988	0.802883377795072	-0.00177918839208039	10.1948956398794	0.99998892537439
77.475	9.5	0.999986676489115	0.802772768843237	-0.00172368798616811	10.0744729057866	0.999989341191292
77.625	9.5	0.999987178518852	0.802666562937264	-0.00166904534503352	9.95406637606565	0.999989742815082
77.775	9.5	0.999987663201676	0.802564569286999	-0.00161535647389544	9.83367540668833	0.999990130561341
77.925	9.5	0.999988130951263	0.802466607564265	-0.00156270047268975	9.71329938138526	0.99999050476101
78.075	9.5	0.999988582195813	0.802372507041264	-0.00151114159758051	9.59293771014371	0.99999086575665
78.225	9.5	0.999989017373938	0.802282105827049	-0.00146073108643459	9.47258982782716	0.99999121389915
78.375	9.5	0.999989436931069	0.802195250189269	-0.00141150877550249	9.35225519290291	0.999991549544855
78.525	9.5	0.99998984131637	0.802111793950328	-0.00136350453127364	9.23193328626578	0.999991873053096
78.675	9.5	0.999990230980067	0.802031597948018	-0.00131673951869936	9.11162361014746	0.999992184784053
78.825	9.5	0.999990606371223	0.801954529552546	-0.00127122732428345	8.99132568710253	0.999992485096978
78.975	9.5	0.999990967935834	0.801880462232765	-0.00122697495078399	8.87103905906313	0.999992774348667
79.125	9.5	0.999991316115252	0.801809275165303	-0.00118398369777762	8.7507632864554	0.999993052892202
79.275	9.5	0.999991651344875	0.801740852881381	-0.00114224994130788	8.63049794737179	0.9999933210759
79.425	9.5	0.999991974053067	0.80167508494657	-0.00110176582371226	8.51024263679366	0.999993579242454
79.575	9.5	0.999992284660281	0.801611865669482	-0.00106251986385139	8.38999696585981	0.999993827728225
79.725	9.5	0.999992583578353	0.801551093836005	-0.00102449749672907	8.26976056117672	0.999994066862682
79.875	9.5	0.999992871209937	0.801492672465957	-0.00098768155029986	8.14953306416688	0.999994296967949
80.025	9.5	0.999993147948086	0.801436508589574	-0.000952052666476193	8.02931413045215	0.999994518358469
80.175	9.5	0.999993414175914	0.801382513041621	-0.000917589672727344	7.90910342926921	0.999994731340731
80.325	9.5	0.999993670266376	0.801330600271063	-0.000884269909590659	7.78890064291478	0.999994936213101
80.475	9.5	0.999993916582116	0.801280688164615	-0.000852069519127818	7.66870546621814	0.999995133265693
80.625	9.5	0.999994153475385	0.801232697882745	-0.000820963698609649	7.54851760603933	0.999995322780308
80.775	9.5	0.99999438128802	0.80118655370671	-0.000790926923353576	7.42833678079096	0.999995505030416
80.925	9.5	0.999994600351472	0.801142182895525	-0.000761933142125735	7.30816271998217	0.999995680281177
81.075	9.5	0.99999481098688	0.801099515551965	-0.00073395594814481	7.1879951637834	0.999995848789504
81.225	9.5	0.999995013505171	0.801058484496601	-0.000706968728453894	7.06783386261056	0.999996010804137
81.375	9.5	0.999995208207201	0.801019025149187	-0.000680944794091511	6.94767857672753	0.999996166565761
81.525	9.5	0.999995395383925	0.80098107541666	-0.000655857493072882	6.82752907586587	0.99999631630714
81.675	9.5	0.999995575316564	0.800944575587299	-0.000631680308361015	6.70738513886091	0.999996460253251
81.825	9.5	0.999995748276807	0.800909468230346	-0.000608386942265313	6.58724655330318	0.999996598621445
81.975	9.5	0.999995914527009	0.800875698100759	-0.000585951388973185	6.46711311520454	0.999996731621608
82.125	9.5	0.9999960743204	0.800843212048637	-0.000564347996507761	6.34698462867818	0.99999685945632
82.275	9.5	0.999996227901304	0.800811958932979	-0.000543551519286004	6.22686090563186	0.999996982321043
82.425	9.5	0.999996375505384	0.800781889539408	-0.000523537162400602	6.10674176547373	0.999997100404307
82.575	9.5	0.999996517359929	0.800752956501668	-0.000504280618628014	5.98662703483021	0.999997213887943
82.725	9.5	0.999996653684144	0.800725114226436	-0.000485758098864345	5.86651654727535	0.999997322947316
82.875	9.5	0.999996784689453	0.800698318821515	-0.000467946356945527	5.74641014307112	0.999997427751562
83.025	9.5	0.9999969105797	0.800672528026857	-0.000450822709382342	5.62630766891831	0.99999752846376
83.175	9.5	0.999997031551214	0.800647701148528	-0.000434365050691302	5.50620897771747	0.999997625240971
83.325	9.5	0.999997147792711	0.80062379899521	-0.000418551864814342	5.38611392833959	0.999997718234169
83.475	9.5	0.99999725948518	0.800600783817356	-0.000403362233172124	5.26602238540612	0.999997807588144
83.625	9.5	0.99999736680208	0.800578619248474	-0.000388775839699285	5.1459342190779	0.999997893441664
83.775	9.5	0.999997469910255	0.800557270248723	-0.000374772973296135	5.0258493048528	0.999997975928204
83.925	9.5	0.99999756897176	0.800536703050334	-0.000361334528017144	4.90576752337136	0.999998055177408
84.075	9.5	0.999997664146092	0.800516885104818	-0.000348442001289898	4.78568876023044	0.999998131316874
84.225	9.5	0.99999775559138	0.80049778503185	-0.00033607749041893	4.66561290580431	0.999998204473104
84.375	9.5	0.999997843462273	0.800479372569925	-0.0003242236876601	4.54553985507337	0.999998274769819
84.525	9.5	0.999997927902868	0.800461618529036	-0.000312863874002863	4.42546950746047	0.999998342322294
84.675	9.5	0.999998009035843	0.800444494745582	-0.000301981911892737	4.30540176667516	0.999998407228674
84.825	9.5	0.999998086954159	0.800427974039561	-0.000291562237046122	4.18533654056567	0.999998469563327
84.975	9.5	0.999998161726784	0.800412030172868	-0.000281589849504251	4.06527374097753	0.999998529381427
85.125	9.5	0.999998233429895	0.80039663780698	-0.000272050303996369	3.94521328361701	0.999998586743916
85.275	9.5	0.999998302203714	0.800381772457652	-0.000262929699838546	3.82515508791642	0.999998641762971
85.425	9.5	0.999998368309995	0.800367410445528	-0.000254214670357774	3.70509907690023	0.999998694647996
85.575	9.5	0.99999843213448	0.800353528845501	-0.000245892372007144	3.58504517705416	0.999998745707584
85.725	9.5	0.999998494065661	0.800340105442964	-0.000237950473286364	3.46499331820596	0.999998795252528
85.875	9.5	0.999998554220406	0.800327118709027	-0.000230377143592304	3.34494343343099	0.999998843376324
86.025	9.5	0.99999861210244	0.800314547803283	-0.000223161042103125	3.2248954589931	0.999998889681952
86.175	9.5	0.999998666449567	0.800302372596297	-0.0002162913067511	3.10484933431498	0.999998933159653
86.325	9.5	0.999998715648048	0.800290573675682	-0.000209757543436539	2.98480500194161	0.999998972518439
86.475	9.5	0.999998758989735	0.800279132272197	-0.000203549815383766	2.8647624074292	0.999999007191788
86.625	9.5	0.999998798548993	0.800268030044716	-0.000197658632889591	2.74472149908936	0.999999038839194
86.775	9.5	0.999998840576519	0.800257248728002	-0.000192074943762046	2.62468222758208	0.999999072461215
86.925	9.5	0.999998894453252	0.800246769787096	-0.00018679012527692	2.50464454549787	0.999999115562601
87.075	9.5	0.999998967293088	0.80023657438818	-0.000181795978932521	2.38460840725541	0.99999917383447
87.225	9.5	0.999999054267848	0.800226644057084	-0.000177084729382461	2.26457376972907	0.999999243414279
87.375	9.5	0.999999129034016	0.800216962165077	-0.000172649028366176	2.14454059380705	0.999999303227213
87.525	9.5	0.9999991438227	0.800207515733511	-0.000168481962804377	2.02450884641162	0.99999931505816
87.675	9.5	0.999999050759649	0.800198296120072	-0.000164577064042462	1.90447850149838	0.999999240607719
87.825	9.5	0.999998849002758	0.800189296517348	-0.000160928314156407	1.78444953777589	0.999999079202206
87.975	9.5	0.999998642364318	0.800180504840464	-0.000157530148155945	1.66442193140286	0.999998913891454
88.125	9.5	0.999998663254377	0.80017189340899	-0.000154377460479196	1.54439564477604	0.999998930603502
88.275	9.5	0.99999919871585	0.800163411684436	-0.00015146563961055	1.4243706177258	0.99999935897268
88.425	9.5	1.00000037337541	0.800154992866443	-0.000148790668632615	1.30434677268819	1.00000029870032
88.575	9.5	1.00000183070711	0.800146584522261	-0.000146349325688079	1.18432404560367	1.00000146456569
88.725	9.5	1.0000025041899	0.800138202010795	-0.000144139476851254	1.06430244310735	1.00000200335192
88.875	9.5	1.00000081240446	0.800129979511027	-0.000142160366683084	0.944282101340946	1.00000064992357
89.025	9.5	0.999995597107561	0.800122165464224	-0.000140412706307543	0.82426329036271	0.999996477686049
89.175	9.5	0.999987775689458	0.800114999896064	-0.000138898318138038	0.704246294184865	0.999990220551566
89.325	9.5	0.999981940619611	0.800108452113884	-0.000137619247503925	0.584231134675982	0.999985552495689
89.475	9.5	0.999986264994424	0.800101909060727	-0.000136576693772343	0.464217223172242	0.999989011995539
89.625	9.5	1.00000876392194	0.800094062092143	-0.000135770777659214	0.344203196033411	1.00000701113755
89.775	9.5	1.00004920184805	0.800072771955765	-0.000135202663907965	0.224187318155704	1.00003936147844
89.925	9.5	1.00008937206263	0.400094442474596	-0.000134893794186197	0.104171913674232	1.00007149765011
0.075	9.7	2.76380213431322e-30	0.399999477515689	-1.75270212709355e-05	36.0880541062792	0.2
0.225	9.7	3.92325286232008e-31	0.799998431803833	-1.75529408773848e-05	36.0640541376283	0.2
0.375	9.7	3.28342819317965e-30	0.799997383860338	-1.76048321623738e-05	36.040054200371	0.2
0.525	9.7	-7.44191691099275e-30	0.79999633219203	-1.76827982660394e-05	36.0160542945966	0.2
0.675	9.7	-4.66662594136303e-30	0.799995275295372	-1.77869943980878e-05	35.9920544204395	0.2
0.825	9.7	-2.47520156461566e-29	0.799994211655523	-1.79176271113414e-05	35.9680545780789	0.2
0.975	9.7	-1.68433229708759e-29	0.799993139740107	-1.80749538956596e-05	35.9440547677401	0.2
1.125	9.7	-3.50297647537313e-29	0.799992057997686	-1.82592832286206e-05	35.9200549896945	0.2
1.275	9.7	-2.32395526046762e-30	0.799990964854112	-1.84709740178867e-05	35.8960552442603	0.2
1.425	9.7	3.23009393347786e-30	0.799989858707681	-1.87104357951733e-05	35.8720555318033	0.2
1.575	9.7	7.97252884615284e-29	0.799988737927756	-1.89781276032307e-05	35.8480558527378	0.2
1.725	9.7	1.09008040784986e-28	0.799987600850738	-1.92745587243355e-05	35.8240562075276	0.2
1.875	9.7	1.999956529072e-28	0.799986445776753	-1.96002873438356e-05	35.8000565966868	0.2
2.025	9.7	1.78718659808097e-28	0.799985270967758	-1.99559212359471e-05	35.776057020781	0.2
2.175	9.7	1.71070339253221e-28	0.799984074643032	-2.03421173054848e-05	35.7520574804287	0.2
2.325	9.7	-3.85177591880941e-29	0.799982854977178	-2.07595818457377e-05	35.7280579763024	0.2
2.475	9.7	-2.53672790183061e-28	0.79998161009824	-2.12090698191164e-05	35.7040585091301	0.2
2.625	9.7	-6.70623011842447e-28	0.799980338082976	-2.16913867137945e-05	35.6800590796965	0.2
2.775	9.7	-9.36000861137998e-28	0.799979036955658	-2.22073867394945e-05	35.6560596888451	0.2
2.925	9.7	-1.18267959601886e-27	0.799977704685041	-2.27579754762037e-05	35.6320603374792	0.2
3.075	9.7	-8.9828547020007e-28	0.799976339181146	-2.33441090895217e-05	35.608061026564	0.2
3.225	9.7	-2.81405534767443e-28	0.799974938292665	-2.39667957736432e-05	35.5840617571283	0.2
3.375	9.7	1.1108989185718e-27	0.799973499805237	-2.46270966767454e-05	35.5600625302664	0.2
3.525	9.7	2.65293060018743e-27	0.799972021436342	-2.53261268037954e-05	35.53606334714	0.2
3.675	9.7	4.38109776016269e-27	0.799970500835433	-2.60650565748184e-05	35.5120642089802	0.2
3.825	9.7	5.01964612488555e-27	0.799968935578014	-2.68451132709549e-05	35.4880651170899	0.2
3.975	9.7	4.37178302819316e-27	0.79996732316448	-2.7667582776461e-05	35.4640660728456	0.2
4.125	9.7	1.1583061194938e-27	0.799965661015737	-2.8533810978624e-05	35.4400670777	0.2
4.275	9.7	-3.80700843889237e-27	0.799963946470887	-2.94452064623142e-05	35.4160681331846	0.2
4.425	9.7	-1.03177954410709e-26	0.799962176783168	-3.04032420469544e-05	35.3920692409118	0.2
4.575	9.7	-1.52497165368019e-26	0.799960349115996	-3.14094570394445e-05	35.3680704025776	0.2
4.725	9.7	-1.6770224435584e-26	0.79995846053908	-3.24654609410608e-05	35.3440716199648	0.2
4.875	9.7	-1.11339573642138e-26	0.799956508025631	-3.35729337995007e-05	35.3200728949453	0.2
5.025	9.7	1.02065950490113e-27	0.79995448844748	-3.47336307916164e-05	35.2960742294833	0.2
5.175	9.7	1.83658599552529e-26	0.799952398569097	-3.59493847055946e-05	35.2720756256384	0.2
5.325	9.7	3.22886644463448e-26	0.799950235045869	-3.72221083721021e-05	35.2480770855691	0.2
5.475	9.7	3.47177412603142e-26	0.799947994417143	-3.85537984882914e-05	35.2240786115357	0.2
5.625	9.7	1.47906718095991e-26	0.799945673101853	-3.99465388140298e-05	35.2000802059041	0.2
5.775	9.7	-2.64414008602257e-26	0.799943267394008	-4.1402502824629e-05	35.1760818711496	0.2
5.925	9.7	-7.80629817139711e-26	0.799940773455248	-4.29239585423188e-05	35.1520836098605	0.2
6.075	9.7	-1.05411908151082e-25	0.79993818731152	-4.45132713108835e-05	35.1280854247423	0.2
6.225	9.7	-6.64085215583337e-26	0.799935504844983	-4.61729075624249e-05	35.1040873186218	0.2
6.375	9.7	8.29252861786806e-26	0.799932721789746	-4.79054397293511e-05	35.0800892944515	0.2
6.525	9.7	3.42620642294429e-25	0.799929833723308	-4.97135491543576e-05	35.0560913553144	0.2
6.675	9.7	6.4670733399968e-25	0.799926836060915	-5.16000312718406e-05	35.0320935044282	0.2
6.825	9.7	8.20223626034709e-25	0.799923724049511	-5.35677992076948e-05	35.0080957451507	0.2
6.975	9.7	6.1189232750866e-25	0.799920492757708	-5.56198892710346e-05	34.9840980809852	0.2
7.125	9.7	-2.47697161131756e-25	0.799917137071524	-5.77594644428854e-05	34.9601005155853	0.2
7.275	9.7	-1.8648195706597e-24	0.799913651683226	-5.99898200764578e-05	34.9361030527609	0.2
7.425	9.7	-3.99673249833187e-24	0.799910031085897	-6.23143888966595e-05	34.9121056964843	0.2
7.575	9.7	-5.83235023293207e-24	0.799906269562925	-6.47367457294437e-05	34.8881084508957	0.2
7.725	9.7	-5.98356696868119e-24	0.799902361179641	-6.72606130260292e-05	34.8641113203105	0.2
7.875	9.7	-2.71533321281109e-24	0.799898299775486	-6.98898662318075e-05	34.840114309225	0.2
8.025	9.7	5.32792904721924e-24	0.799894078952109	-7.26285400988821e-05	34.816117422324	0.2
8.175	9.7	1.80576420387315e-23	0.799889692065552	-7.5480833777007e-05	34.7921206644878	0.2
8.325	9.7	3.26033980299527e-23	0.799885132214519	-7.84511171589368e-05	34.7681240408	0.2
8.475	9.7	4.24023895074321e-23	0.799880392230683	-8.15439376418823e-05	34.744127556555	0.2
8.625	9.7	3.73361643266534e-23	0.799875464666881	-8.47640257122571e-05	34.7201312172662	0.2
8.775	9.7	6.0783889792671e-24	0.799870341786122	-8.81163026289957e-05	34.696135028675	0.2
8.925	9.7	-5.88061376319247e-23	0.799865015549429	-9.1605886628807e-05	34.672138996759	0.2
9.075	9.7	-1.52854039666844e-22	0.799859477603538	-9.52381002351677e-05	34.648143127742	0.2
9.225	9.7	-2.50761571210559e-22	0.799853719267982	-9.90184780492035e-05	34.6241474281028	0.2
9.375	9.7	-3.00449972005593e-22	0.799847731522173	-0.000102952773793476	34.6001519045859	0.2
9.525	9.7	-2.27105185923945e-22	0.799841504989755	-0.00010704696862816	34.5761565642115	0.2
9.675	9.7	4.53462765654374e-23	0.799835029928156	-0.000111307278801579	34.5521614142865	0.2
9.825	9.7	5.50379596414402e-22	0.799828296209108	-0.000115740164575244	34.5281664624158	0.2
9.975	9.7	1.21764194891563e-21	0.799821293306493	-0.00012035233831926	34.504171716514	0.2
10.125	9.7	1.81505912577778e-21	0.799814010278832	-0.000125150773592979	34.4801771848174	0.2
10.275	9.7	1.93421862981186e-21	0.799806435753191	-0.000130142714598316	34.4561828758972	0.2
10.425	9.7	1.06939988492807e-21	0.799798557907428	-0.000135335684768338	34.4321887986722	0.2
10.575	9.7	-1.1700660172308e-21	0.799790364453492	-0.000140737497281659	34.4081949624228	0.2
10.725	9.7	-4.72178185724786e-21	0.799781842616512	-0.000146356264638406	34.384201376805	0.2
10.875	9.7	-8.69755002932224e-21	0.799772979119054	-0.000152200408751056	34.3602080518658	0.2
11.025	9.7	-1.11714677314561e-20	0.799763760157589	-0.000158278671349089	34.3362149980579	0.2
11.175	9.7	-9.39904375107831e-21	0.799754171384323	-0.000164600125131059	34.3122222262563	0.2
11.325	9.7	-7.20457954874384e-22	0.799744197883521	-0.000171174184225014	34.2882297477748	0.2
11.475	9.7	1.57895063243692e-20	0.799733824152812	-0.000178010616150637	34.2642375743833	0.2
11.625	9.7	3.72498479892526e-20	0.799723034075307	-0.000185119552238428	34.2402457183257	0.2
11.775	9.7	5.53453390947502e-20	0.799711810899691	-0.000192511500303827	34.2162541923388	0.2
11.925	9.7	5.65031953541676e-20	0.799700137212866	-0.00020019735570799	34.1922630096717	0.2
12.075	9.7	2.53477027119649e-20	0.799687994916519	-0.000208188414835205	34.168272184106	0.2
12.225	9.7	-4.77344679614505e-20	0.799675365197435	-0.000216496386009972	34.1442817299767	0.2
12.375	9.7	-1.5583898958163e-19	0.799662228502889	-0.000225133402633667	34.1202916621941	0.2
12.525	9.7	-2.6516802818788e-19	0.79964856451008	-0.000234112036193781	34.0963019962665	0.2
12.675	9.7	-3.11599989818325e-19	0.799634352096901	-0.000243445308493407	34.0723127483235	0.2
12.825	9.7	-2.12280048717444e-19	0.799619569311755	-0.000253146704799383	34.0483239351407	0.2
12.975	9.7	1.01390004948775e-19	0.799604193340689	-0.000263230186867031	34.0243355741648	0.2
13.125	9.7	6.30324681964667e-19	0.799588200475466	-0.000273710206171207	34.0003476835403	0.2
13.275	9.7	1.24765136386135e-18	0.799571566078321	-0.000284601716040085	33.9763602821363	0.2
13.425	9.7	1.66204834386639e-18	0.799554264547552	-0.000295920185318096	33.9523733895756	0.2
13.575	9.7	1.44687296336661e-18	0.799536269280309	-0.000307681611391047	33.9283870262635	0.2
13.725	9.7	1.75808135079926e-19	0.799517552634468	-0.00031990253158339	33.9044012134188	0.2
13.875	9.7	-2.32227825124774e-18	0.799498085890398	-0.000332600036641105	33.8804159731054	0.2
14.025	9.7	-5.63614107347724e-18	0.799477839209305	-0.000345791782089784	33.8564313282653	0.2
14.175	9.7	-8.50442011618511e-18	0.79945678159169	-0.000359495999915447	33.8324473027528	0.2
14.325	9.7	-8.81947422757181e-18	0.799434880833803	-0.000373731509231236	33.8084639213698	0.2
14.475	9.7	-4.14032095536793e-18	0.799412103482782	-0.00038851772720406	33.7844812099028	0.2
14.625	9.7	7.14259112651832e-18	0.7993884147907	-0.000403874677589311	33.7604991951609	0.2
14.775	9.7	2.41109637209679e-17	0.799363778665425	-0.000419823000104876	33.7365179050154	0.2
14.925	9.7	4.16349726781136e-17	0.79933815762192	-0.00043638395741985	33.7125373684409	0.2
15.075	9.7	4.97198091958838e-17	0.799311512730937	-0.000453579441147745	33.688557615558	0.2
15.225	9.7	3.51841737762032e-17	0.799283803566226	-0.00047143197670239	33.6645786776771	0.2
15.375	9.7	-1.32703719479356e-17	0.799254988148436	-0.000489964725975475	33.6406005873441	0.2
15.525	9.7	-9.66299499125479e-17	0.799225022891331	-0.000509201488094661	33.6166233783882	0.2
15.675	9.7	-1.95845968565531e-16	0.799193862541429	-0.000529166698452642	33.5926470859706	0.2
15.825	9.7	-2.65490463290412e-16	0.799161460118864	-0.000549885423948965	33.5686717466357	0.2
15.975	9.7	-2.37578838554397e-16	0.799127766854394	-0.000571383356624506	33.5446973983635	0.2
16.125	9.7	-4.22880019551934e-17	0.799092732127224	-0.000593686803047847	33.5207240806244	0.2
16.275	9.7	3.51838799554287e-16	0.799056303397705	-0.000616822669875831	33.4967518344358	0.2
16.425	9.7	8.8496356274465e-16	0.799018426139578	-0.000640818446358232	33.4727807024206	0.200000000000001
16.575	9.7	1.36067589844336e-15	0.79897904377076	-0.000665702180483249	33.4488107288675	0.200000000000001
16.725	9.7	1.44225773824582e-15	0.798938097580422	-0.00069150244995494	33.4248419597943	0.200000000000001
16.875	9.7	7.29649646345761e-16	0.798895526654045	-0.000718248328814895	33.4008744430126	0.200000000000001
17.025	9.7	-1.05716911677499e-15	0.798851267799273	-0.000745969344429262	33.3769082281951	0.199999999999999
17.175	9.7	-3.80342727557073e-15	0.798805255464056	-0.000774695429388949	33.3529433669447	0.199999999999997
17.325	9.7	-6.71646234861202e-15	0.798757421657865	-0.000804456863774113	33.3289799128672	0.199999999999995
17.475	9.7	-8.19615687734606e-15	0.798707695866171	-0.000835284207076235	33.3050179216452	0.199999999999993
17.625	9.7	-6.07313467256102e-15	0.798656004967036	-0.000867208220943384	33.2810574511152	0.199999999999995
17.775	9.7	1.59999326171571e-15	0.7986022731396	-0.000900259778608941	33.2570985613472	0.200000000000001
17.925	9.7	1.5184256979589e-14	0.798546421774045	-0.000934469762365347	33.2331413147269	0.200000000000012
18.075	9.7	3.18209570222467e-14	0.798488369379373	-0.000969868944015938	33.2091857760408	0.200000000000025
18.225	9.7	4.42648857273749e-14	0.798428031483426	-0.00100648785175832	33.1852320125641	0.200000000000035
18.375	9.7	4.12969635367822e-14	0.798365320536868	-0.0010443566146056	33.1612800941517	0.200000000000033
18.525	9.7	1.08794023421091e-14	0.798300145807237	-0.0010835047898405	33.1373300933319	0.200000000000009
18.675	9.7	-5.33808520415775e-14	0.798232413275954	-0.00112396116422081	33.1133820854033	0.199999999999957
18.825	9.7	-1.43360599860238e-13	0.798162025527436	-0.00116575353280702	33.0894361485353	0.199999999999885
18.975	9.7	-2.28277154641274e-13	0.798088881636549	-0.00120890844463002	33.0654923638717	0.199999999999817
19.125	9.7	-2.5277339486682e-13	0.798012877053271	-0.00125345092065638	33.0415508156372	0.199999999999798
19.275	9.7	-1.47932942922599e-13	0.797933903480993	-0.0012994041339838	33.0176115912485	0.199999999999882
19.425	9.7	1.39778636617785e-13	0.797851848752617	-0.00134678904940352	32.9936747814284	0.200000000000112
19.575	9.7	6.02839350019108e-13	0.797766596700005	-0.00139562402153457	32.9697404803234	0.200000000000482
19.725	9.7	1.12244802198599e-12	0.797678027021436	-0.00144592433956439	32.9458087856262	0.200000000000898
19.875	9.7	1.43950021753575e-12	0.797586015138828	-0.00149770172054609	32.9218797987019	0.200000000001152
20.025	9.7	1.18290662231953e-12	0.797490432053228	-0.00155096373933264	32.8979536247176	0.200000000000946
20.175	9.7	-1.03251406168018e-14	0.797391144191304	-0.00160571319063739	32.8740303727784	0.199999999999992
20.325	9.7	-2.27241617970618e-12	0.797288013244114	-0.00166194737375044	32.8501101560662	0.199999999998182
20.475	9.7	-5.21968975970603e-12	0.7971808959977	-0.00171965729282735	32.8261930919842	0.199999999995824
20.625	9.7	-7.71775425441458e-12	0.797069644153816	-0.00177882676311903	32.8022793023073	0.199999999993826
20.775	9.7	-7.88050122081557e-12	0.796954104140714	-0.00183943140854959	32.7783689133365	0.199999999993696
20.925	9.7	-3.51202982436447e-12	0.796834116908861	-0.00190143754169969	32.7544620560604	0.19999999999719
21.075	9.7	6.87397796900127e-12	0.796709517715513	-0.00196480091181707	32.7305588663226	0.200000000005499
21.225	9.7	2.25426984754632e-11	0.796580135893226	-0.0020294653035192	32.7066594849961	0.200000000018034
21.375	9.7	3.8984459822774e-11	0.796445794597798	-0.00209536096908536	32.6827640581647	0.200000000031188
21.525	9.7	4.71934512456984e-11	0.796306310536825	-0.00216240287920581	32.6588727373128	0.200000000037755
21.675	9.7	3.49423508294842e-11	0.796161493674173	-0.00223048876350509	32.6349856795235	0.200000000027954
21.825	9.7	-8.91879891188453e-12	0.796011146906394	-0.0022994969235424	32.6111030476857	0.199999999992865
21.975	9.7	-8.69660797443838e-11	0.795855065700075	-0.00236928378638308	32.5872250107108	0.199999999930427
22.125	9.7	-1.84045993204896e-10	0.7956930377014	-0.00243968117068558	32.5633517437603	0.199999999852763
22.275	9.7	-2.60327499246006e-10	0.795524842288938	-0.00251049322669483	32.5394834284839	0.199999999791738
22.425	9.7	-2.52564697803782e-10	0.795350250089469	-0.00258149300866435	32.5156202532726	0.199999999797948
22.575	9.7	-9.01084779845574e-11	0.795169022432732	-0.00265241863398758	32.4917624135267	0.199999999927913
22.725	9.7	2.70576292086209e-10	0.794980910749983	-0.00272296897587023	32.4679101119439	0.200000000216461
22.875	9.7	7.9653424066478e-10	0.794785655907096	-0.00279279882992595	32.4440635588301	0.200000000637227
23.025	9.7	1.32953268541284e-09	0.794582987464919	-0.00286151349982616	32.4202229724375	0.200000001063626
23.175	9.7	1.56656850464865e-09	0.794372622838778	-0.00292866274015582	32.3963885793287	0.200000001253255
23.325	9.7	1.10672422909502e-09	0.794154266348495	-0.00299373398663994	32.3725606147685	0.200000000885379
23.475	9.7	-4.04202323895873e-10	0.793927608111313	-0.00305614480919641	32.3487393231368	0.199999999676638
23.625	9.7	-3.02845370508675e-09	0.793692322751707	-0.00311523448485107	32.3249249583588	0.199999997577237
23.775	9.7	-6.24278407407026e-09	0.793448067900666	-0.00317025456590151	32.3011177843486	0.199999995005773
23.925	9.7	-8.72235056235851e-09	0.793194482475602	-0.00322035826051512	32.2773180754736	0.19999999302212
24.075	9.7	-8.39328880901425e-09	0.792931184771659	-0.00326458839012926	32.2535261170605	0.199999993285369
24.225	9.7	-2.95891394410708e-09	0.792657770426415	-0.00330186363766977	32.2297422059846	0.199999997632869
24.375	9.7	8.98637833690382e-09	0.792373810335434	-0.00333096279821892	32.2059666513978	0.200000007189103
24.525	9.7	2.63756838840897e-08	0.79207884857954	-0.00335050680591081	32.1821997756555	0.200000021100547
24.675	9.7	4.4109675615685e-08	0.791772400319241	-0.00335893845004015	32.1584419154691	0.20000003528774
24.825	9.7	5.24185962953951e-08	0.791453949456307	-0.00335449989921895	32.1346934232544	0.200000041934877
24.975	9.7	3.83055310232669e-08	0.791122945645663	-0.00333520832226127	32.1109546685448	0.200000030644425
25.125	9.7	-9.93886949298172e-09	0.790778800082521	-0.00329882989972167	32.0872260392426	0.199999992048904
25.275	9.7	-9.50287117501173e-08	0.790420879494282	-0.0032428521582034	32.0635079424261	0.199999923977031
25.425	9.7	-2.01340588767005e-07	0.790048498116591	-0.00316445368986697	32.0398008045	0.199999838927529
25.575	9.7	-2.87741568777114e-07	0.789660908202349	-0.00306046893175624	32.0161050707157	0.199999769806745
25.725	9.7	-2.88440355067607e-07	0.789257290762303	-0.00292734406598676	31.9924212045402	0.199999769247716
25.875	9.7	-1.28264771857415e-07	0.788836749442254	-0.00276107895179488	31.9687496879068	0.199999897388183
26.025	9.7	2.4374371197205e-07	0.788398311079631	-0.00255715035319654	31.9450910238569	0.20000019499497
26.175	9.7	8.05295984578227e-07	0.787940935728877	-0.00231041475112963	31.9214457431219	0.200000644236788
26.325	9.7	1.410145243105e-06	0.787463535997959	-0.00201499537668826	31.897814415427	0.200001128116194
26.475	9.7	1.76197549798557e-06	0.786965000248463	-0.00166416719362387	31.8741976644569	0.200001409580398
26.625	9.7	1.44787209510038e-06	0.786444207512722	-0.00125026263559009	31.8505961826249	0.200001158297676
26.775	9.7	6.34330038781102e-08	0.785900016561247	-0.000764624711488915	31.8270107387252	0.200000050746403
26.925	9.7	-2.56096001061191e-06	0.785331211656086	-0.000197625466391042	31.8034421696668	0.199997951231992
27.075	9.7	-6.06933568519483e-06	0.784736398113291	0.000461260063303128	31.7798913487143	0.199995144531452
27.225	9.7	-9.32585334790384e-06	0.784113865322146	0.00122338369830443	31.7563591288589	0.199992539317322
27.375	9.7	-1.03616368276298e-05	0.783461472196016	0.00210098069491542	31.7328462718024	0.199991710690538
27.525	9.7	-6.71599860614042e-06	0.782776650950057	0.00310753187125276	31.7093533888335	0.199994627201115
27.675	9.7	3.68328642810694e-06	0.782056650485752	0.0042586206276994	31.6858809344558	0.200002946629143
27.825	9.7	2.11175284217942e-05	0.78129912315663	0.00557339257417516	31.6624292984751	0.200016894022737
27.975	9.7	4.24490184547248e-05	0.780503070981512	0.00707651345096832	31.6389990272809	0.200033959214764
28.125	9.7	5.99107875763065e-05	0.779669997340288	0.00880017727883102	31.6155911626347	0.200047928630061
28.275	9.7	6.12492204828317e-05	0.778804880212388	0.0107853081707472	31.592207616886	0.200048999376386
28.425	9.7	3.22044654187072e-05	0.777916364854599	0.0130807799352588	31.568851421536	0.200025763572335
28.575	9.7	-3.8079744520835e-05	0.777015488627143	0.0157394785997865	31.5455266224234	0.199969536204383
28.725	9.7	-0.000149090011318254	0.776112449222303	0.0188106168456946	31.5222375934706	0.199880727990945
28.875	9.7	-0.000280270399291851	0.775211553573791	0.0223290901499485	31.4989876460174	0.199775783680567
29.025	9.7	-0.000385134541957921	0.774305620169883	0.0263048816744728	31.4757770447806	0.199691892366434
29.175	9.7	-0.000392811955363276	0.773372673653664	0.030718230422822	31.4526008796488	0.199685750435709
29.325	9.7	-0.000221510806118852	0.772379351681204	0.0355284508500886	31.4294475939691	0.199822791355105
29.475	9.7	0.000193864457567368	0.771296106108513	0.040704094170715	31.4062991802375	0.200155091566054
29.625	9.7	0.000862292361308328	0.770127711742248	0.0462775191850415	31.3831339411463	0.200689833889047
29.775	9.7	0.00169408046440793	0.768957998842202	0.052417385935985	31.3599321394746	0.201355264371526
29.925	9.7	0.00247014778914641	0.768001219512945	0.0595010924520275	31.3366838188021	0.201976118231317
30.075	9.7	0.00284165776222512	0.767647332281772	0.0681616107109925	31.3133967679403	0.20227332620978
30.225	9.7	0.00237629707815569	0.768487514097364	0.079283372887503	31.2901014450251	0.201901037662525
30.375	9.7	0.000657578924206319	0.771307342248752	0.0939261346225996	31.2668492399822	0.200526063139365
30.525	9.7	-0.00257330610287889	0.777030428750757	0.11315436328218	31.2437012775816	0.197941355117697
30.675	9.7	-0.00726291919853876	0.786576776375902	0.137738093689222	31.2207073031719	0.194189664641169
30.825	9.7	-0.0129226541736733	0.800572165072668	0.167686342843777	31.1978777534559	0.189661876661061
30.975	9.7	-0.0185844619008371	0.818845442460776	0.201628494049758	31.1751558974028	0.18513243047933
31.125	9.7	-0.0228697158379839	0.839770710915127	0.236247488914253	31.152399299371	0.181704227329613
31.275	9.7	-0.0241800089678438	0.85983238650826	0.266279200323107	31.1293789309545	0.180655992825725
31.425	9.7	-0.0209841743920352	0.87411155728925	0.285701943817443	31.1057991373365	0.183212660486372
31.575	9.7	-0.0121388324922914	0.878045268952049	0.290069638154182	31.0813344397627	0.190288934006167
31.725	9.7	0.0028453705539754	0.869550480225748	0.278624714478597	31.055674447865	0.20227629644318
31.875	9.7	0.023672092378654	0.849849614878747	0.254480632672154	31.0285676045495	0.218937673902923
32.025	9.7	0.049297744963959	0.822463786645824	0.222796156932797	30.9998552185104	0.239438195971167
32.175	9.7	0.0781189356836502	0.791465233067681	0.188553246540359	30.9694888309517	0.26249514854692
32.325	9.7	0.108248893591575	0.760222253232643	0.15530831464783	30.9375284833332	0.28659911487326
32.475	9.7	0.137810732475741	0.730970890333441	0.125035149362129	30.9041251234867	0.310248585980593
32.625	9.7	0.165184184042041	0.70492390522092	0.0985167012745546	30.8694936777976	0.332147347233633
32.775	9.7	0.189165094037947	0.682563923714449	0.0758187240029917	30.8338835419505	0.351332075230357
32.925	9.7	0.209025950216392	0.663923892282113	0.0566490212565422	30.7975516978588	0.367220760173113
33.075	9.7	0.224491374804868	0.648792043405376	0.0405780122975659	30.7607415510242	0.379593099843895
33.225	9.7	0.23565726396438	0.636842641911511	0.0271556795961655	30.7236686029857	0.388525811171504
33.375	9.7	0.242884614890899	0.627712425026047	0.0159645920285992	30.686512609813	0.39430769191272
33.525	9.7	0.24669288910566	0.621042286761669	0.00663785189174992	30.6494150517366	0.397354311284528
33.675	9.7	0.247668400696027	0.616498370255993	-0.00114020652004669	30.6124804607726	0.398134720556822
33.825	9.7	0.246394636723133	0.613781563520771	-0.00764045397363264	30.5757802298269	0.397115709378507
33.975	9.7	0.24340533287095	0.612630702978412	-0.0130971882438606	30.5393577704723	0.39472426629676
34.125	9.7	0.239157645579545	0.61282246132945	-0.0177155967728213	30.5032341684037	0.391326116463636
34.275	9.7	0.234021233324711	0.614169571959946	-0.0216775353037697	30.4674137403101	0.387216986659769
34.425	9.7	0.228278832201269	0.616518285105357	-0.025145591379811	30.431889101118	0.382623065761015
34.575	9.7	0.222134364683637	0.619745539386815	-0.0282658104738243	30.3966455054067	0.37770749174691
34.725	9.7	0.215725328681547	0.623756099670689	-0.0311695305881437	30.361664341157	0.372580262945238
34.875	9.7	0.20913691424265	0.628479758081081	-0.0339746392797387	30.326925741918	0.36730953139412
35.025	9.7	0.202415855691298	0.633868582325155	-0.0367863925966017	30.2924103595276	0.361932684553038
35.175	9.7	0.195582441060454	0.639894135576071	-0.0396978735179395	30.2581004146216	0.356465952848363
35.325	9.7	0.18863947541355	0.646544626852171	-0.0427903193636297	30.2239802176995	0.35091158033084
35.475	9.7	0.18157750862567	0.653822118112819	-0.0461338950200609	30.1900364155927	0.345262006900536
35.625	9.7	0.174376454749195	0.661740196371626	-0.0497898475436891	30.1562582367029	0.339501163799356
35.775	9.7	0.167004876216597	0.67032279114878	-0.053815014948751	30.1226379455524	0.333603900973277
35.925	9.7	0.15941945969479	0.679604837174439	-0.0582690194315186	30.0891715472913	0.327535567755832
36.075	9.7	0.15156806550295	0.689634967596884	-0.0632229982200175	30.0558595186943	0.32125445240236
36.225	9.7	0.143399513380455	0.700479232905204	-0.0687667114547822	30.0227070561294	0.314719610704364
36.375	9.7	0.134881416561837	0.712223191207477	-0.0750091717573429	29.9897231532484	0.30790513324947
36.525	9.7	0.126023849462253	0.72496830284243	-0.0820678127657954	29.9569179031518	0.300819079569802
36.675	9.7	0.116902225620977	0.738818505979487	-0.0900438920776122	29.9242978639749	0.293521780496782
36.825	9.7	0.107669124227811	0.753855463619693	-0.0989880191475088	29.8918601061501	0.286135299382249
36.975	9.7	0.0985440065492418	0.770107299109602	-0.108868892745992	29.8595864663427	0.278835205239393
37.125	9.7	0.0897734607695577	0.787525368700368	-0.11956763536294	29.827440198109	0.271818768615646
37.275	9.7	0.0815631159102783	0.805993184832256	-0.130923201039445	29.7953672135506	0.265250492728223
37.425	9.7	0.0739940326920088	0.825393040516145	-0.142843012070114	29.7633031712853	0.259195226153607
37.575	9.7	0.0669476215400942	0.84574063126931	-0.155464240426846	29.73118583281	0.253558097232075
37.725	9.7	0.0600691713054994	0.86736704180225	-0.169316302160576	29.6989698557204	0.2480553370444
37.875	9.7	0.0527965053207093	0.891097999529226	-0.185417864545458	29.6666393256413	0.242237204256567
38.025	9.7	0.0444653567159754	0.918373031010685	-0.205257064863292	29.634212729283	0.23557228537278
38.175	9.7	0.0344796423512715	0.951260560143429	-0.230636800407818	29.6017363555194	0.227583713881017
38.325	9.7	0.0225105507302856	0.992327322543752	-0.263381425711518	29.5692653059392	0.218008440584228
38.475	9.7	0.00867276660142065	1.04427509790111	-0.304874813161711	29.5368356358783	0.206938213281137
38.625	9.7	-0.0063744063514233	1.10916515710867	-0.355354465083813	29.5044351790591	0.194900474918861
38.775	9.7	-0.0214394297627138	1.18700678297226	-0.412900557547647	29.4719825911131	0.182848456189829
38.925	9.7	-0.0349406406946867	1.27376092467581	-0.472276878890407	29.4393224717331	0.172047487444251
39.075	9.7	-0.0451676674180552	1.35974326426619	-0.524369006392752	29.4062383811046	0.163865866065556
39.225	9.7	-0.0506173885568052	1.43059858435234	-0.557708431620866	29.3724778194453	0.159506089154556
39.375	9.7	-0.0503182926591025	1.47234984016695	-0.563006759153226	29.3377816255025	0.159745365872718
39.525	9.7	-0.0440339412667056	1.47806203328108	-0.538350951963171	29.3019175002723	0.164772846986636
39.675	9.7	-0.0322702088922715	1.45066661450484	-0.490296908604203	29.2647182787286	0.174183832886183
39.825	9.7	-0.0160991963524317	1.39991451549803	-0.429747802650168	29.226112698926	0.187120642918055
39.975	9.7	0.00310903978975813	1.3370151867736	-0.366741492997121	29.1861324074775	0.202487231831807
40.125	9.7	0.0239441278513263	1.27097797711844	-0.307826988532105	29.1448941476999	0.219155302281061
40.275	9.7	0.0451424086808704	1.20755761705002	-0.256105546234321	29.1025699386471	0.236113926944696
40.425	9.7	0.065691580395805	1.14974001552225	-0.212364592066293	29.0593577964078	0.252553264316644
40.575	9.7	0.0848672685858061	1.09865294841141	-0.176179432597294	29.0154587604364	0.267893814868645
40.725	9.7	0.102222493761024	1.05435294652174	-0.146634894907727	28.9710610975378	0.281777995008819
40.875	9.7	0.117549152131058	1.01635602137246	-0.122708308555473	28.9263307226456	0.294039321704847
41.025	9.7	0.13082658296501	0.983951030559478	-0.103440702030798	28.8814065069973	0.304661266372008
41.175	9.7	0.142168073911765	0.956368542553887	-0.0879969556339118	28.8363991925401	0.313734459129412
41.325	9.7	0.151772272918779	0.932864458928388	-0.0756747494233133	28.7913927767693	0.321417818335023
41.475	9.7	0.159883202910672	0.912756882420549	-0.0658931364404279	28.7464474147828	0.327906562328538
41.625	9.7	0.166760093980865	0.89543872405421	-0.0581751288916182	28.7016030853025	0.333408075184692
41.775	9.7	0.172656593217844	0.880378415759078	-0.0521303231853111	28.656883464353	0.338125274574275
41.925	9.7	0.177807984884577	0.867115238725357	-0.0474396367702817	28.6122996272351	0.342246387907662
42.075	9.7	0.182424680348173	0.855252561431692	-0.0438425093679556	28.567853346847	0.345939744278538
42.225	9.7	0.186690232971622	0.844450580309643	-0.0411262819122705	28.5235398715166	0.349352186377298
42.375	9.7	0.190762339659108	0.834419290060201	-0.0391173228852018	28.4793501498913	0.352609871727287
42.525	9.7	0.194775590452707	0.824911990455962	-0.0376735294342183	28.4352725278661	0.355820472362165
42.675	9.7	0.198845043413671	0.815719444986731	-0.0366779443158764	28.3912939776609	0.359076034730937
42.825	9.7	0.203069989587279	0.80666472517201	-0.0360333326108113	28.3474009367385	0.362455991669824
42.975	9.7	0.207537511208432	0.797598739973906	-0.0356576301854535	28.3035798387887	0.366030008966746
43.125	9.7	0.212325619763279	0.7883964315962	-0.0354802074164064	28.2598174145551	0.369860495810623
43.275	9.7	0.217505892307641	0.778953604114332	-0.0354388954225521	28.2161008302631	0.374004713846113
43.425	9.7	0.223145612261983	0.769184336395352	-0.0354777095958322	28.1724177186132	0.378516489809586
43.575	9.7	0.229309474036518	0.759018916650231	-0.0355451870267327	28.1287561437544	0.383447579229215
43.725	9.7	0.236060938374636	0.748402225186949	-0.0355932380895502	28.0851045287596	0.388848750699709
43.875	9.7	0.243463335133696	0.737292486931325	-0.035576402495176	28.041451562669	0.394770668106957
44.025	9.7	0.251580808550021	0.725660317761593	-0.0354513985909821	27.9977860944628	0.401264646840017
44.175	9.7	0.260479191138182	0.713487999416577	-0.0351768620845296	27.9540970133292	0.408383352910545
44.325	9.7	0.270226878515432	0.700768936440113	-0.0347131864196705	27.9103731080238	0.416181502812346
44.475	9.7	0.280895758820834	0.687507273950669	-0.0340224013165022	27.8666028926017	0.424716607056667
44.625	9.7	0.292562225173243	0.673717684299774	-0.0330680580152274	27.8227743810081	0.434049780138594
44.775	9.7	0.305308264059669	0.659425359557087	-0.0318151287970994	27.7788747887779	0.444246611247735
44.925	9.7	0.319222561539382	0.644666268919265	-0.030229972665916	27.7348901366018	0.455378049231505
45.075	9.7	0.334401497197759	0.629487747237852	-0.028280465000903	27.6908047283942	0.467521197758207
45.225	9.7	0.350949798889234	0.613949462968562	-0.0259364298487187	27.646600476933	0.480759839111387
45.375	9.7	0.368980509744161	0.598124761130406	-0.023170538779003	27.6022560548824	0.495184407795329
45.525	9.7	0.388613780897339	0.582102282745237	-0.0199598357809465	27.5577458602446	0.510891024717871
45.675	9.7	0.409973869892936	0.565987628123165	-0.0162879979444858	27.5130388053656	0.527979095914349
45.825	9.7	0.433183634097437	0.549904672064033	-0.0121483339976223	27.468096969386	0.54654690727795
45.975	9.7	0.458355816785432	0.533995988449713	-0.00754735496748221	27.4228741960213	0.566684653428346
46.125	9.7	0.485580599884745	0.518421753126034	-0.00250854058877026	27.377314769892	0.588464479907796
46.275	9.7	0.514909311938646	0.503356531301275	0.00292428590341667	27.3313523598235	0.611927449550917
46.425	9.7	0.546334888359142	0.488983565180406	0.0086847068516135	27.2849094663677	0.637067910687313
46.575	9.7	0.579770657194029	0.47548657784812	0.0146833206052597	27.2378976383545	0.663816525755223
46.725	9.7	0.615030139595174	0.463039644937084	0.0208097671987234	27.1902187119226	0.69202411167614
46.875	9.7	0.651811542087485	0.451796229305624	0.0269373538794988	27.1417672586669	0.721449233669988
47.025	9.7	0.689691074494558	0.44187886612025	0.0329299800782755	27.0924342989003	0.751752859595647
47.175	9.7	0.728128807099897	0.433371049786309	0.0386505880534105	27.0421121483066	0.782503045679917
47.325	9.7	0.766489219377894	0.426312565786661	0.0439700421273424	26.9907000489901	0.813191375502315
47.475	9.7	0.804075987710255	0.42069890226342	0.0487752601701285	26.9381100377768	0.843260790168204
47.625	9.7	0.840177516467644	0.416484628909952	0.0529755941712837	26.8842723823664	0.872142013174116
47.775	9.7	0.87411711687327	0.413589962820181	0.0565068123618127	26.8291399149627	0.899293693498616
47.925	9.7	0.905300453312447	0.411909320566214	0.0593324706001645	26.7726907287888	0.924240362649958
48.075	9.7	0.933253412835537	0.411320541324577	0.0614428680172393	26.7149289490169	0.946602730268429
48.225	9.7	0.957645738719224	0.41169362191825	0.06285208312845	26.6558835845587	0.966116590975379
48.375	9.7	0.978298844984758	0.412898131732899	0.0635937509422674	26.5956057374567	0.982639075987806
48.525	9.7	0.99517921785679	0.414808858424836	0.0637162695041287	26.5341646329657	0.996143374285432
48.675	9.7	1.00838091432304	0.417309583641686	0.0632780401791752	26.4716430086822	1.00670473145843
48.825	9.7	1.01810154165453	0.420295148900533	0.0623431908019276	26.4081323732651	1.01448123332363
48.975	9.7	1.02461586432369	0.423672129466531	0.0609780484815979	26.3437285463771	1.01969269145895
49.125	9.7	1.0282502392474	0.427358498822064	0.0592484576049414	26.2785277610675	1.02260019139792
49.275	9.7	1.02935988774681	0.431282661354146	0.057217904519518	26.2126234815697	1.02348791019745
49.425	9.7	1.02830992801239	0.435382182205948	0.0549463246399878	26.1461039841353	1.02264794240991
49.575	9.7	1.02546030227816	0.439602473148733	0.0524894289216854	26.0790506737312	1.02036824182253
49.725	9.7	1.0211542763315	0.443895617874601	0.0498983854841195	26.0115370633469	1.0169234210652
49.875	9.7	1.01571000921767	0.44821944922636	0.0472197160441545	25.9436283186336	1.01256800737413
50.025	9.7	1.0094146932951	0.452536929891581	0.0444953032485155	25.8753812609759	1.00753175463608
50.175	9.7	1.00252085492746	0.456815839392808	0.0417624433626402	25.8068447205301	1.00201668394197
50.325	9.7	0.995244510389192	0.461028734590205	0.0390539110393611	25.7380601332077	0.996195608311353
50.475	9.7	0.987764942779229	0.465153128075105	0.0363980238464756	25.6690622803188	0.990211954223383
50.625	9.7	0.980225880915098	0.469171817432324	0.0338187017416919	25.5998800768182	0.984180704732078
50.775	9.7	0.97273781617033	0.473073295823649	0.0313355120515233	25.5305373253423	0.978190252936264
50.925	9.7	0.965381096863115	0.476852176999578	0.0289636787774402	25.4610533707483	0.972304877490492
51.075	9.7	0.958209309222063	0.480509571565144	0.0267140249773315	25.3914436160806	0.966567447377651
51.225	9.7	0.951252311524802	0.484053353020822	0.0245928203151148	25.3217198977397	0.961001849219841
51.375	9.7	0.944518160029234	0.487498251740642	0.022601535692261	25.2518907658682	0.955614528023388
51.525	9.7	0.937993081803616	0.490865717679001	0.0207365745108349	25.1819617742147	0.950394465442893
51.675	9.7	0.931638644198074	0.494183509498223	0.0189891607934448	25.1119359474607	0.945310915358459
51.825	9.7	0.92538537999419	0.497485015678495	0.0173457118222649	25.0418146544989	0.940308303995352
51.975	9.7	0.919122388288763	0.500808410378416	0.0157891843744681	24.9715991600538	0.93529791063101
52.125	9.7	0.912682878301037	0.504195906392288	0.0143020176915664	24.9012931365427	0.93014630264083
52.275	9.7	0.905826285557814	0.507693588290418	0.0128713474187441	24.8309063726123	0.924661028446251
52.425	9.7	0.898218490393528	0.51135256771068	0.0114970759143627	24.7604597938972	0.918574792314822
52.575	9.7	0.889412824843365	0.515232453625088	0.0102031171430138	24.6899916990068	0.911530259874692
52.725	9.7	0.87883596983646	0.519408312272485	0.0090516880088789	24.6195648021924	0.903068775869168
52.875	9.7	0.865784473663016	0.52398234487984	0.00815993429934138	24.5492732703845	0.892627578930413
53.025	9.7	0.849439269762705	0.529101392627149	0.00771752271396663	24.4792484746184	0.879551415810164
53.175	9.7	0.828906711372295	0.534981057049298	0.00800314303605503	24.4096617066865	0.863125369097836
53.325	9.7	0.803294194985021	0.541936651534572	0.0093971166622894	24.3407217579203	0.842635355988017
53.475	9.7	0.771824720196588	0.550420247510843	0.012386372880747	24.2726652116996	0.817459776157271
53.625	9.7	0.73398591547898	0.561061452409554	0.0175567366647322	24.2057378342232	0.787188732383184
53.775	9.7	0.689694688300317	0.574706682898526	0.0255656094369636	24.1401668356458	0.751755750640254
53.925	9.7	0.639441879713997	0.592446619427219	0.0370858229950929	24.0761261180828	0.711553503771198
54.075	9.7	0.584370171246849	0.615613010700119	0.0527095839829544	24.0136995952903	0.667496136997479
54.225	9.7	0.526243341644109	0.645713513487072	0.0728025698617512	23.9528503261241	0.620994673315288
54.375	9.7	0.467290750965803	0.684260110497877	0.0973075776738459	23.893404199581	0.573832600772642
54.525	9.7	0.409949558081258	0.732445766717542	0.12552133427448	23.8350550984802	0.527959646465007
54.675	9.7	0.356559520457936	0.790661694505713	0.15590848010025	23.7773936571653	0.485247616366349
54.825	9.7	0.309075225288115	0.85795047682384	0.186057802725853	23.7199550876965	0.447260180230492
54.975	9.7	0.268848555048333	0.93163915580799	0.212892739059268	23.662275531697	0.415078844038666
55.125	9.7	0.236513349085678	1.00747386758425	0.23318758807813	23.6039439765399	0.389210679268543
55.275	9.7	0.211984702753648	1.08041614715321	0.244306445997482	23.5446396551922	0.369587762202918
55.425	9.7	0.194566324965064	1.14585981151281	0.244910794121355	23.4841514007171	0.355653059972051
55.575	9.7	0.183138121599617	1.20069975006219	0.23529643796025	23.4223810907127	0.346510497279694
55.725	9.7	0.176378295490058	1.2437712886795	0.217175922248216	23.3593348804733	0.341102636392047
55.875	9.7	0.172969937412192	1.27560351532366	0.193051828589865	23.295104991021	0.338375949929753
56.025	9.7	0.171754673638867	1.29778823351708	0.165528862381242	23.2298448151034	0.337403738911094
56.175	9.7	0.171818184079484	1.31232273149285	0.136838055980801	23.1637414103294	0.337454547263587
56.325	9.7	0.17251312305175	1.32113439364047	0.108641608078227	23.0969900331369	0.3380104984414
56.475	9.7	0.173437032043553	1.32582851725136	0.082043247109238	23.029774221858	0.338749625634843
56.625	9.7	0.174385525402527	1.32760972834954	0.0576962009072847	22.9622528589738	0.339508420322022
56.775	9.7	0.175297595712086	1.32730667043898	0.0359305424713528	22.8945538173546	0.340238076569669
56.925	9.7	0.176204166245164	1.32544339427292	0.0168616557009535	22.8267727784027	0.340963332996131
57.075	9.7	0.177185622595452	1.32232218748696	0.000469179270134289	22.7589755381312	0.341748498076362
57.225	9.7	0.178340107918296	1.31809973918077	-0.0133507672090113	22.6912022919381	0.342672086334637
57.375	9.7	0.179761986497377	1.31284931795779	-0.0247529877075323	22.6234727418439	0.343809589197901
57.525	9.7	0.181528797167521	1.30660729324204	-0.033923275716108	22.5557912365317	0.345223037734017
57.675	9.7	0.183694725342394	1.29940497390628	-0.0410658453927955	22.4881514601737	0.346955780273915
57.825	9.7	0.186288701803162	1.29128795036142	-0.0463946885821682	22.4205404165469	0.349030961442529
57.975	9.7	0.189315542667634	1.2823254871235	-0.0501269159994203	22.3529416177288	0.351452434134107
58.125	9.7	0.192758909836758	1.2726125120723	-0.05247717279084	22.2853374924056	0.354207127869407
58.275	9.7	0.196585206768674	1.26226656200765	-0.0536528332844825	22.2177110908905	0.35726816541494
58.425	9.7	0.200747798012063	1.25142173895348	-0.0538499802291987	22.1500471947429	0.36059823840965
58.575	9.7	0.20519114861329	1.24022134958973	-0.05325026603059	22.0823329485174	0.364152918890632
58.725	9.7	0.209854630266428	1.22881048310118	-0.0520187282783031	22.0145581273849	0.367883704213142
58.875	9.7	0.214675847691522	1.21732937386047	-0.0503025575797707	21.9467151428267	0.371740678153218
59.025	9.7	0.219593413168525	1.20590803208479	-0.048230736946619	21.8787988732916	0.37567473053482
59.175	9.7	0.224549149073807	1.19466233246357	-0.0459144125450625	21.8108063903248	0.379639319259046
59.325	9.7	0.22948973454931	1.18369153760533	-0.0434478237125576	21.7427366348983	0.383591787639448
59.475	9.7	0.234367837624733	1.17307709699717	-0.0409096142140055	21.6745900844466	0.387494270099787
59.625	9.7	0.239142791032032	1.16288249133085	-0.0383643603998417	21.6063684388557	0.391314232825626
59.775	9.7	0.243780880312482	1.15315387079044	-0.0358641776208729	21.5380743434571	0.395024704249985
59.925	9.7	0.24825531772115	1.14392124816812	-0.0334502971884683	21.4697111588255	0.39860425417692
60.075	9.7	0.252545975712778	1.13520003947445	-0.031154537348911	21.401282780667	0.402036780570222
60.225	9.7	0.256638950211738	1.1269927852407	-0.0290006200229674	21.3327935080722	0.405311160169391
60.375	9.7	0.260526017219103	1.11929092745803	-0.0270053088691681	21.2642479546792	0.408420813775282
60.525	9.7	0.264204037427227	1.11207655548266	-0.0251793630911682	21.1956509946378	0.411363229941782
60.675	9.7	0.267674353244242	1.10532406690005	-0.0235283155597618	21.1270077335361	0.414139482595394
60.825	9.7	0.270942211785353	1.09900171548901	-0.0220530938717796	21.0583234934866	0.416753769428282
60.975	9.7	0.274016236675446	1.09307303823837	-0.0207505097020549	20.9896038012732	0.419212989340357
61.125	9.7	0.276907961492264	1.0874981675189	-0.0196136460444738	20.9208543687069	0.421526369193811
61.275	9.7	0.279631428727187	1.08223504384275	-0.0186321744871138	20.852081055054	0.42370514298175
61.425	9.7	0.282202850397157	1.07724054996628	-0.0177926362678443	20.783289802508	0.425762280317726
61.575	9.7	0.284640319816468	1.07247158898577	-0.0170787221466511	20.714486537151	0.427712255853175
61.725	9.7	0.286963558216542	1.06788612784174	-0.0164715875342182	20.6456770297073	0.429570846573233
61.875	9.7	0.289193674403997	1.0634442232418	-0.0159502409149936	20.5768667127551	0.431354939523198
62.025	9.7	0.291352909944704	1.05910903906481	-0.0154920449251485	20.5080604541247	0.433082327955763
62.175	9.7	0.293464336088345	1.05484785224698	-0.015073369212066	20.4392622902941	0.434771468870676
62.325	9.7	0.295551461908831	1.05063302746113	-0.014670430117496	20.3704751290758	0.436441169527065
62.475	9.7	0.297637706891726	1.04644291954961	-0.0142603409472673	20.3017004381175	0.438110165513381
62.625	9.7	0.299745687668085	1.0422626377881	-0.013822374075223	20.2329379448686	0.439796550134468
62.775	9.7	0.301896271512233	1.03808458061533	-0.013339398613082	20.1641853843854	0.441517017209786
62.925	9.7	0.304107363735483	1.03390862894946	-0.012799403145184	20.095438342573	0.443285890988387
63.075	9.7	0.306392428002835	1.02974187861702	-0.0121969449053229	20.0266902520479	0.445113942402268
63.225	9.7	0.30875879259303	1.02559780730601	-0.0115342948392309	19.9579326023963	0.447007034074424
63.375	9.7	0.311205872673995	1.02149481728669	-0.0108219913220939	19.8891554218464	0.448964698139196
63.525	9.7	0.313723532594606	1.01745417530155	-0.010078501132285	19.8203480687058	0.450978826075685
63.675	9.7	0.316290906512635	1.01349747888041	-0.00932874506730896	19.751500334975	0.453032725210108
63.825	9.7	0.318876062180627	1.00964389363955	-0.00860140120213776	19.682603811248	0.455100849744502
63.975	9.7	0.321436893724865	1.00590749468786	-0.00792515552324079	19.6136533967919	0.457149514979892
64.125	9.7	0.323923525114806	1.00229506430711	-0.00732439972607568	19.5446487742519	0.459138820091845
64.275	9.7	0.326282268503237	0.998804606590479	-0.00681521235034227	19.4755956248261	0.461025814802589
64.425	9.7	0.328460811518892	0.995424612374501	-0.00640269808191359	19.4065063619744	0.462768649215114
64.575	9.7	0.330413852868037	0.992133747801917	-0.00608077177172643	19.3374002338439	0.46433108229443
64.725	9.7	0.332107973272278	0.988900190122029	-0.00583512493930319	19.2683028009019	0.465686378617823
64.875	9.7	0.333524284665262	0.985679385033948	-0.00564929485570614	19.1992450293349	0.46681942773221
65.025	9.7	0.334657549328446	0.982408694473522	-0.00551243012552545	19.1302625149639	0.467726039462757
65.175	9.7	0.335511202966978	0.978997435656216	-0.00542560450509024	19.0613955909915	0.468408962373582
65.325	9.7	0.336089181087912	0.97531140149139	-0.0054016713407383	18.9926911630597	0.46887134487033
65.475	9.7	0.336387611865594	0.971152282239499	-0.00545222191454825	18.9242069204425	0.469110089492475
65.625	9.7	0.336392023395945	0.966234561911097	-0.00555496187434516	18.8560179628463	0.469113618716756
65.775	9.7	0.336088116826128	0.960165399811075	-0.00559655700573528	18.7882247828784	0.468870493460902
65.925	9.7	0.335495419074499	0.952436690765976	-0.00529048620694838	18.7209599953982	0.468396335259599
66.075	9.7	0.334732003698031	0.942443059550038	-0.00407763431221522	18.6543894262178	0.467785602958425
66.225	9.7	0.334113639186663	0.929545070541952	-0.00103106609202569	18.5887016069343	0.46729091134933
66.375	9.7	0.334281183471585	0.913201989872199	0.00519157194777111	18.5240790372673	0.467424946777268
66.525	9.7	0.336335562726885	0.893196499282238	0.0162737834516759	18.460645589476	0.469068450181508
66.675	9.7	0.341941162352945	0.869948318950784	0.0339430402121842	18.398387947975	0.473552929882356
66.825	9.7	0.35333837254389	0.844838934213804	0.0593706335342437	18.3370556168856	0.482670698035112
66.975	9.7	0.373189826822832	0.820338323248117	0.0923319218656753	18.2760542485387	0.498551861458266
67.125	9.7	0.404185954892509	0.799626351083743	0.130482722103501	18.2143612574559	0.523348763914007
67.275	9.7	0.448380722482952	0.785573969597617	0.169360307209493	18.1505092098028	0.558704577986362
67.425	9.7	0.506346913752222	0.779520515441119	0.203514538920145	18.0826901255008	0.605077531001778
67.575	9.7	0.576421780964047	0.780740258939312	0.2283633453225	18.0090081051406	0.661137424771238
67.725	9.7	0.654457190136054	0.787034922594304	0.241638805901346	17.9278371442287	0.723565752108843
67.875	9.7	0.734413878827247	0.795878198024384	0.243594584757948	17.8381666504193	0.787531103061797
68.025	9.7	0.80974644089068	0.805248275110487	0.236196341957055	17.739803493659	0.847797152712544
68.175	9.7	0.87502013726242	0.81386687749042	0.222077384213503	17.6333604919465	0.900016109809936
68.325	9.7	0.927027118118108	0.821081210269389	0.203789059897223	17.5200555033499	0.941621694494487
68.475	9.7	0.965017817911246	0.826663926492094	0.183439886466597	17.4014161277716	0.972014254328996
68.625	9.7	0.990197460696655	0.830646595366109	0.162606416310422	17.2789967673066	0.992157968557324
68.775	9.7	1.00491398950204	0.833200679533849	0.142380122050476	17.1541763361603	1.00393119160163
68.925	9.7	1.01190170179379	0.834556969015387	0.123460217352561	17.0280539219746	1.00952136143503
69.075	9.7	1.01374834013644	0.834955834010197	0.106247273558642	16.9014254098755	1.01099867210915
69.225	9.7	1.01260062930624	0.83462104881568	0.0909215876403825	16.7748121501198	1.01008050344499
69.375	9.7	1.01005637615988	0.833748995438525	0.0775050822350477	16.6485150751045	1.0080451009279
69.525	9.7	1.0071796638951	0.832505904996321	0.0659106137487029	16.5226751730238	1.00574373111608
69.675	9.7	1.00458511556956	0.831028345778032	0.0559823247768548	16.3973287965644	1.00366809245565
69.825	9.7	1.0025506399936	0.829424817927545	0.0475286632700821	16.2724521826282	1.00204051199488
69.975	9.7	1.00113064235355	0.827777967564329	0.0403481422072661	16.1479936157781	1.00090451388284
70.125	9.7	1.00025272003341	0.826147477219874	0.0342475882509184	16.0238941713382	1.00020217602673
70.275	9.7	0.999790107453542	0.824573589082882	0.0290532076654843	15.9000992644255	0.999832085962834
70.425	9.7	0.999609097930696	0.823080976045009	0.0246155949389168	15.7765636318343	0.999687278344557
70.575	9.7	0.999595058762778	0.821682561898093	0.0208103169419255	15.6532521901617	0.999676047010223
70.725	9.7	0.999662641034329	0.820382943127068	0.0175357721370451	15.5301387191969	0.999730112827463
70.875	9.7	0.999755943791287	0.819181205623039	0.0147097547660744	15.4072037304478	0.999804755033029
71.025	9.7	0.99984345504474	0.818073077501222	0.0122657352798638	15.2844323397856	0.999874764035792
71.175	9.7	0.999911216907744	0.817052467261683	0.0101494542372785	15.1618125428211	0.999928973526195
71.325	9.7	0.99995630916827	0.816112493990359	0.00831610021636482	15.0393340092853	0.999965047334616
71.475	9.7	0.999981660409822	0.815246132627545	0.00672812530623968	14.9169873521864	0.999985328327857
71.625	9.7	0.999992454912734	0.8144465880005	0.0053536317040931	14.7947637577734	0.999993963930187
71.775	9.7	0.999993978856156	0.813707489987557	0.00416521353963522	14.6726548505713	0.999995183084925
71.925	9.7	0.99999056486115	0.813022978161621	0.00313913254935659	14.550652686612	0.99999245188892
72.075	9.7	0.999985264931543	0.812387722693081	0.00225472328031357	14.4287497981247	0.999988211945234
72.225	9.7	0.999979936031083	0.81179691130002	0.0014939485739793	14.3069392427096	0.999983948824867
72.375	9.7	0.999975507907051	0.811246219887776	0.000841050654780889	14.1852146337858	0.999980406325641
72.525	9.7	0.999972287559444	0.810731776550727	0.000282263214071759	14.0635701452929	0.999977830047555
72.675	9.7	0.999970223333798	0.810250123806266	-0.00019443566950613	13.942000492946	0.999976178667038
72.825	9.7	0.999969099348864	0.809798181293236	-0.000599540603782947	13.8205008984808	0.999975279479091
72.975	9.7	0.999968659533707	0.80937320987226	-0.000942211409820826	13.6990670441046	0.999974927626965
73.125	9.7	0.999968674403945	0.808972777514368	-0.00123044387853335	13.5776950233462	0.999974939523156
73.275	9.7	0.999968967826126	0.80859472717436	-0.00147122046674514	13.4563812927765	0.999975174260901
73.425	9.7	0.999969419671511	0.80823714679205	-0.00167064240410921	13.3351226273337	0.999975535737209
73.575	9.7	0.999969956553626	0.807898341541715	-0.00183404477251742	13.2139160805661	0.999975965242901
73.725	9.7	0.99997053872531	0.807576808414726	-0.00196609626191375	13.0927589501107	0.999976430980248
73.875	9.7	0.999971147692986	0.807271213169731	-0.00207088537826591	12.9716487481251	0.999976918154389
74.025	9.7	0.999971776556048	0.806980369624368	-0.00215199485043666	12.8505831760958	0.999977421244839
74.175	9.7	0.99997242348426	0.806703221206089	-0.00221256586940126	12.7295601033623	0.999977938787408
74.325	9.7	0.99997308791409	0.8064388246329	-0.00225535362546856	12.6085775487278	0.999978470331272
74.475	9.7	0.999973768735908	0.806186335562564	-0.00228277542068734	12.4876336646167	0.999979014988726
74.625	9.7	0.999974463741792	0.805944996031206	-0.0022969524449452	12.3667267233413	0.999979570993434
74.775	9.7	0.999975169746637	0.805714123496945	-0.00229974613306296	12.2458551051348	0.999980135797309
74.925	9.7	0.999975882977729	0.805493101308349	-0.00229278987081471	12.1250172876809	0.999980706382183
75.075	9.7	0.999976599493416	0.805281370427929	-0.00227751669352741	12.0042118369303	0.999981279594733
75.225	9.7	0.999977315515821	0.805078422255007	-0.00225518351867028	11.8834373990327	0.999981852412657
75.375	9.7	0.999978027643259	0.804883792407374	-0.00222689237071018	11.7626926932421	0.999982422114607
75.525	9.7	0.999978732952187	0.804697055337527	-0.00219360898924457	11.6419765056727	0.99998298636175
75.675	9.7	0.999979429016917	0.804517819672776	-0.00215617915588965	11.5212876838005	0.999983543213534
75.825	9.7	0.99998011387803	0.804345724183579	-0.00211534302946072	11.4006251316131	0.999984091102424
75.975	9.7	0.999980785985304	0.80418043429504	-0.00207174774053323	11.2799878053267	0.999984628788243
76.125	9.7	0.999981444133284	0.80402163906877	-0.00202595846338642	11.1593747095942	0.999985155306627
76.275	9.7	0.999982087400264	0.803869048590636	-0.00197846815508209	11.0387848941398	0.999985669920211
76.425	9.7	0.99998271509577	0.80372239170914	-0.00192970612730226	10.9182174507625	0.999986172076616
76.575	9.7	0.999983326717869	0.803581414075762	-0.00188004559491699	10.7976715106595	0.999986661374295
76.725	9.7	0.999983921919522	0.803445876445789	-0.001829810327352	10.6771462420257	0.999987137535618
76.875	9.7	0.999984500482338	0.803315553203225	-0.00177928051233652	10.5566408478937	0.99998760038587
77.025	9.7	0.999985062295921	0.803190231078326	-0.00172869792799633	10.4361545641805	0.999988049836737
77.175	9.7	0.999985607341264	0.803069708030994	-0.00167827050701268	10.3156866579163	0.999988485873011
77.325	9.7	0.999986135676986	0.802953792276562	-0.0016281763661761	10.1952364256298	0.999988908541589
77.475	9.7	0.999986647427633	0.80284230143399	-0.00157856736520258	10.074803191871	0.999989317942107
77.625	9.7	0.999987142773495	0.802735061779278	-0.00152957225120542	9.95438630785535	0.999989714218796
77.775	9.7	0.999987621941641	0.802631907589243	-0.00148129943776996	9.83398515021189	0.999990097553312
77.925	9.7	0.999988085198002	0.802532680562894	-0.00143383946196442	9.7135991198258	0.999990468158402
78.075	9.7	0.999988532840371	0.802437229309897	-0.00138726715710472	9.59322764076223	0.999990826272297
78.225	9.7	0.999988965192251	0.802345408896182	-0.00134164357451102	9.47287015926324	0.999991172153801
78.375	9.7	0.999989382597479	0.802257080439298	-0.00129701768373329	9.35252614280921	0.999991506077983
78.525	9.7	0.99998978541555	0.802172110746353	-0.00125342787678057	9.23219507923821	0.99999182833244
78.675	9.7	0.999990174017592	0.802090371988772	-0.00121090329912054	9.11187647591697	0.999992139214074
78.825	9.7	0.99999054878289	0.802011741408774	-0.00116946502755443	8.99156985895848	0.999992439026312
78.975	9.7	0.999990910095912	0.801936101053567	-0.00112912711241375	8.87127477248178	0.999992728076729
79.125	9.7	0.999991258343798	0.801863337533174	-0.0010898974997142	8.75099077790982	0.999993006675038
79.275	9.7	0.999991593914186	0.801793341799092	-0.00105177884700089	8.63071745330235	0.999993275131349
79.425	9.7	0.99999191719341	0.801726008941017	-0.00101476924495814	8.51045439272064	0.999993533754728
79.575	9.7	0.999992228564953	0.801661237999256	-0.000978862855532903	8.39020120562167	0.999993782851962
79.725	9.7	0.99999252840816	0.801598931790904	-0.000944050475983445	8.26995751627942	0.999994022726528
79.875	9.7	0.999992817097175	0.801538996748214	-0.000910320037278279	8.14972296323145	0.99999425367774
80.025	9.7	0.999993095000039	0.801481342767596	-0.000877657044312396	8.02949719874886	0.999994476000031
80.175	9.7	0.999993362477974	0.801425883068036	-0.000846044964304913	7.90927988832834	0.999994689982379
80.325	9.7	0.999993619884793	0.801372534057971	-0.000815465569467552	7.78907071020477	0.999994895907835
80.475	9.7	0.999993867566431	0.801321215209576	-0.000785899238804633	7.66886935488326	0.999995094053145
80.625	9.7	0.999994105860589	0.801271848939847	-0.000757325223935241	7.5486755246896	0.999995284688472
80.775	9.7	0.999994335096463	0.801224360497646	-0.000729721882674577	7.42848893333802	0.99999546807717
80.925	9.7	0.999994555594545	0.801178677856314	-0.00070306688421061	7.30830930551554	0.999995644475636
81.075	9.7	0.999994767666504	0.801134731611192	-0.000677337388932697	7.18813637648204	0.999995814133203
81.225	9.7	0.999994971615114	0.801092454881693	-0.000652510205862297	7.06796989168532	0.999995977292091
81.375	9.7	0.999995167734248	0.801051783217653	-0.000628561930076088	6.94780960639059	0.999996134187398
81.525	9.7	0.99999535630889	0.801012654509388	-0.000605469062479988	6.82765528532361	0.999996285047112
81.675	9.7	0.999995537615205	0.800975008901473	-0.00058320811384651	6.70750670232717	0.999996430092164
81.825	9.7	0.999995711920614	0.800938788709775	-0.000561755694984361	6.58736364003005	0.999996569536492
81.975	9.7	0.99999587948391	0.800903938341613	-0.000541088594475508	6.46722588952838	0.999996703587128
82.125	9.7	0.999996040555369	0.800870404218889	-0.000521183845510953	6.34709325007858	0.999996832444295
82.275	9.7	0.999996195376905	0.800838134703875	-0.000502018783024001	6.22696552880167	0.999996956301524
82.425	9.7	0.999996344182242	0.800807080027755	-0.000483571092246866	6.10684254039852	0.999997075345793
82.575	9.7	0.999996487197137	0.800777192221491	-0.000465818849619953	5.98672410687552	0.99999718975771
82.725	9.7	0.999996624639629	0.800748425049072	-0.000448740557053197	5.8666100572805	0.999997299711704
82.875	9.7	0.999996756720281	0.800720733943032	-0.000432315170208965	5.74650022744844	0.999997405376225
83.025	9.7	0.999996883642352	0.800694075942009	-0.00041652212154436	5.62639445975667	0.999997506913881
83.175	9.7	0.999997005601814	0.800668409630444	-0.000401341338810533	5.50629260288921	0.999997604481451
83.325	9.7	0.999997122787229	0.800643695080101	-0.000386753259394179	5.38619451161015	0.999997698229783
83.475	9.7	0.999997235379598	0.800619893793577	-0.000372738841187435	5.26610004654552	0.999997788303679
83.625	9.7	0.999997343552541	0.800596968649569	-0.000359279570243653	5.14600907397359	0.999997874842033
83.775	9.7	0.999997447473181	0.800574883849729	-0.000346357465744286	5.02592146562321	0.999997957978545
83.925	9.7	0.999997547303953	0.800553604867083	-0.000333955082542237	4.90583709847984	0.999998037843162
84.075	9.7	0.999997643204816	0.800533098395829	-0.000322055511610155	4.78575585459901	0.999998114563853
84.225	9.7	0.999997735334429	0.800513332302387	-0.000310642378659342	4.665677620927	0.999998188267544
84.375	9.7	0.99999782384803	0.800494275578006	-0.000299699841165215	4.54560228912876	0.999998259078424
84.525	9.7	0.999997908890338	0.800475898293096	-0.000289212584023181	4.42552975542318	0.999998327112271
84.675	9.7	0.999997990584688	0.800458171553609	-0.000279165813979711	4.30545992042613	0.99999839246775
84.825	9.7	0.9999980690247	0.800441067459366	-0.000269545253050805	4.18539268900087	0.99999845521976
84.975	9.7	0.999998144280001	0.800424559063487	-0.00026033713102432	4.06532797011517	0.999998515424001
85.125	9.7	0.999998216427422	0.800408620330925	-0.000251528177176913	3.94526567670283	0.999998573141937
85.275	9.7	0.999998285607829	0.800393226093885	-0.000243105611332599	3.82520572552723	0.999998628486263
85.425	9.7	0.999998352083644	0.800378352003061	-0.000235057134322569	3.70514803704532	0.999998681666915
85.575	9.7	0.999998416241309	0.800363974477466	-0.000227370917970548	3.5850925352747	0.999998732993048
85.725	9.7	0.99999847847005	0.800350070661035	-0.000220035594676702	3.46503914767225	0.99999878277604
85.875	9.7	0.999998538887439	0.800336618398072	-0.000213040246723659	3.3449878050375	0.999998831109951
86.025	9.7	0.999998596997747	0.800323596236081	-0.000206374395388954	3.22493844145134	0.999998877598198
86.175	9.7	0.999998651539034	0.80031098344825	-0.000200027989942087	3.10489099424414	0.999998921231227
86.325	9.7	0.999998700897499	0.800298760039254	-0.000193991396573	2.98484540395706	0.999998960717999
86.475	9.7	0.999998744364859	0.800286906670828	-0.000188255387285469	2.8648016142289	0.999998995491887
86.625	9.7	0.999998784015852	0.800275404445882	-0.000182811128851331	2.74475957153819	0.999999027212681
86.775	9.7	0.999998826102758	0.800264234554913	-0.000177650172083831	2.62471922479421	0.999999060882206
86.925	9.7	0.999998880009488	0.800253377928311	-0.000172764442137248	2.50468052491734	0.99999910400759
87.075	9.7	0.999998952853072	0.800242815204532	-0.000168146230842252	2.38464342473536	0.999999162282458
87.225	9.7	0.99999903980548	0.800232527385003	-0.00016378819245398	2.26460787961021	0.999999231844384
87.375	9.7	0.999999114516267	0.800222497315393	-0.000159683343842941	2.1445738489965	0.999999291613014
87.525	9.7	0.999999129200901	0.800212711484466	-0.00015582506897581	2.02454129846313	0.999999303360721
87.675	9.7	0.999999035966908	0.800203160702436	-0.000152207125868102	1.9045102006949	0.999999228773527
87.825	9.7	0.999998833969352	0.800193837588231	-0.000148823653204818	1.78448053321479	0.999999067175482
87.975	9.7	0.99999862705927	0.800184729440932	-0.000145669175962469	1.66445227108334	0.999998901647416
88.125	9.7	0.99999864774361	0.800175807899673	-0.000142738617034334	1.54442537568895	0.999998918194888
88.275	9.7	0.999999183194894	0.800167021654518	-0.000140027335268173	1.42439978594912	0.999999346555915
88.425	9.7	1.00000035810296	0.80015830301529	-0.000137531223754981	1.3043754234979	1.00000028648236
88.575	9.7	1.00000181577043	0.800149598518797	-0.000135246902391338	1.18435222361768	1.00000145261634
88.725	9.7	1.00000248911954	0.800140922339125	-0.000133172007796009	1.06433019248401	1.00000199129563
88.875	9.7	1.0000007958442	0.800132407304925	-0.000131305511564285	0.944309466043664	1.00000063667536
89.025	9.7	0.999995576973088	0.800124300312246	-0.000129647903504758	0.824290314471464	0.99999646157847
89.175	9.7	0.999987750326688	0.80011683956721	-0.000128201027573186	0.704273022188142	0.99999020026135
89.325	9.7	0.999981911108469	0.800109992134208	-0.000126967466896869	0.584257611640927	0.999985528886775
89.475	9.7	0.999986237720254	0.800103142108718	-0.000125949740710677	0.464243494720102	0.999988990176203
89.625	9.7	1.00000875104193	0.800094977315166	-0.000125150165165085	0.344229308197559	1.00000700083355
89.775	9.7	1.00004921626409	0.800073345817525	-0.000124572731889212	0.224213317475171	1.00003937301127
89.925	9.7	1.00008941471244	0.400094696213283	-0.000124240553530727	0.10419785078578	1.00007153176995
0.075	9.9	1.76581242871879e-30	0.399999460896402	-1.6111570707549e-05	36.0880547794942	0.2
0.225	9.9	3.60247131684044e-30	0.799998381913428	-1.61354646785802e-05	36.0640548118404	0.2
0.375	9.9	-2.02528122629413e-30	0.799997300600046	-1.6183299666501e-05	36.0400548765794	0.2
0.525	9.9	3.30341690827235e-31	0.799996215397624	-1.62551693400434e-05	36.0160549738044	0.2
0.675	9.9	-1.48413161505782e-29	0.799995124737215	-1.63512143758791e-05	35.9920551036556	0.2
0.825	9.9	-1.21581091521258e-29	0.799994027038357	-1.64716220369474e-05	35.9680552663202	0.2
0.975	9.9	-3.2715654801979e-29	0.79999292070435	-1.66166263644235e-05	35.9440554620333	0.2
1.125	9.9	-1.72608968244941e-29	0.799991804119069	-1.67865071098454e-05	35.9200556910779	0.2
1.275	9.9	-2.46109024755115e-29	0.799990675643549	-1.69815906526548e-05	35.8960559537861	0.2
1.425	9.9	2.74267373215654e-29	0.799989533612704	-1.72022492085567e-05	35.8720562505393	0.2
1.575	9.9	5.1247011982574e-29	0.799988376332287	-1.74489000759197e-05	35.8480565817694	0.2
1.725	9.9	1.42569963687678e-28	0.799987202074683	-1.77220068503362e-05	35.8240569479594	0.2
1.875	9.9	1.66324016869686e-28	0.799986009077676	-1.80220779892053e-05	35.8000573496449	0.2
2.025	9.9	2.24803188968698e-28	0.799984795539418	-1.83496674315743e-05	35.7760577874147	0.2
2.175	9.9	1.30343682079637e-28	0.799983559616574	-1.87053742588162e-05	35.7520582619125	0.2
2.325	9.9	1.81332232520136e-29	0.799982299420795	-1.90898429578473e-05	35.7280587738377	0.2
2.475	9.9	-3.12265683988142e-28	0.799981013016009	-1.95037636779961e-05	35.7040593239473	0.2
2.625	9.9	-6.14215556054469e-28	0.799979698415725	-1.99478720191164e-05	35.6800599130568	0.2
2.775	9.9	-1.02979149532513e-27	0.799978353579589	-2.04229499638423e-05	35.6560605420423	0.2
2.925	9.9	-1.1329381356066e-27	0.799976976410882	-2.09298260937227e-05	35.632061211842	0.2
3.075	9.9	-1.0250097140146e-27	0.799975564753629	-2.14693764115792e-05	35.6080619234577	0.2
3.225	9.9	-2.03818541479091e-28	0.799974116389283	-2.20425248383199e-05	35.5840626779568	0.2
3.375	9.9	1.00868116343667e-27	0.799972629034104	-2.26502441033375e-05	35.5600634764743	0.2
3.525	9.9	2.84847611976089e-27	0.799971100336356	-2.32935575305838e-05	35.5360643202147	0.2
3.675	9.9	4.38215256073398e-27	0.799969527872423	-2.39735392744969e-05	35.5120652104541	0.2
3.825	9.9	5.37330043405054e-27	0.799967909143858	-2.46913162171376e-05	35.4880661485424	0.2
3.975	9.9	4.39281092139545e-27	0.799966241574873	-2.54480696231884e-05	35.4640671359055	0.2
4.125	9.9	1.43422897933332e-27	0.799964522507586	-2.62450364584268e-05	35.4400681740479	0.2
4.275	9.9	-4.1931157143388e-27	0.799962749199686	-2.708351099177e-05	35.416069264555	0.2
4.425	9.9	-1.06254753368557e-26	0.799960918820068	-2.79648474668207e-05	35.3920704090959	0.2
4.575	9.9	-1.64599589470398e-26	0.799959028444854	-2.88904617610358e-05	35.3680716094258	0.2
4.725	9.9	-1.76248250403951e-26	0.799957075053841	-2.98618329911565e-05	35.3440728673892	0.2
4.875	9.9	-1.23602006619898e-26	0.79995505552623	-3.08805070320806e-05	35.3200741849226	0.2
5.025	9.9	1.48640671893492e-27	0.799952966635484	-3.19480987449314e-05	35.2960755640577	0.2
5.175	9.9	1.98487084989314e-26	0.799950805046006	-3.30662935230071e-05	35.2720770069245	0.2
5.325	9.9	3.6948822654641e-26	0.799948567308328	-3.42368512773394e-05	35.2480785157549	0.2
5.475	9.9	4.03340733750908e-26	0.799946249851271	-3.54616085673753e-05	35.224080092886	0.2
5.625	9.9	2.1625701950087e-26	0.79994384898176	-3.67424823811145e-05	35.2000817407638	0.2
5.775	9.9	-2.41710632551928e-26	0.799941360874505	-3.80814725407362e-05	35.1760834619471	0.2
5.925	9.9	-8.24451777040799e-26	0.799938781569844	-3.94806646185586e-05	35.1520852591113	0.2
6.075	9.9	-1.23533792159739e-25	0.799936106965501	-4.0942234515475e-05	35.1280871350529	0.2
6.225	9.9	-9.60743305534967e-26	0.799933332812045	-4.24684512909325e-05	35.1040890926934	0.2
6.375	9.9	4.38436086753745e-26	0.799930454705297	-4.40616799423698e-05	35.0800911350842	0.2
6.525	9.9	3.13112488856664e-25	0.799927468080588	-4.57243871410924e-05	35.0560932654111	0.2
6.675	9.9	6.4657927242173e-25	0.799924368204802	-4.74591429852492e-05	35.0320954869994	0.2
6.825	9.9	8.82055303997938e-25	0.79992115017065	-4.92686265319452e-05	35.0080978033188	0.2
6.975	9.9	7.49003410160548e-25	0.799917808887499	-5.11556291686725e-05	34.9841002179891	0.2
7.125	9.9	-3.82684935919142e-26	0.799914339074713	-5.31230589600463e-05	34.9601027347855	0.2
7.275	9.9	-1.64564628308287e-24	0.799910735253137	-5.5173945676894e-05	34.9361053576446	0.2
7.425	9.9	-3.87408673613261e-24	0.799906991736086	-5.73114441896719e-05	34.9121080906704	0.2
7.575	9.9	-5.97264602874047e-24	0.79990310262217	-5.95388410385923e-05	34.8881109381405	0.2
7.725	9.9	-6.53296225925955e-24	0.799899061784864	-6.18595570173503e-05	34.864113904513	0.2
7.875	9.9	-3.74435332078021e-24	0.799894862863188	-6.4277154218488e-05	34.8401169944334	0.2
8.025	9.9	3.98177592562187e-24	0.799890499252354	-6.67953401149617e-05	34.8161202127412	0.2
8.175	9.9	1.68591505327939e-23	0.799885964093619	-6.94179733721215e-05	34.7921235644782	0.2
8.325	9.9	3.23971698886305e-23	0.799881250263399	-7.21490693442082e-05	34.7681270548956	0.2
8.475	9.9	4.42323488381016e-23	0.799876350362693	-7.49928059352494e-05	34.7441306894624	0.2
8.625	9.9	4.2114871343723e-23	0.799871256705232	-7.79535291566876e-05	34.7201344738739	0.2
8.775	9.9	1.38778208560239e-23	0.799865961306315	-8.10357597202531e-05	34.6961384140601	0.2
8.925	9.9	-4.95307307455043e-23	0.799860455870457	-8.42441992262929e-05	34.6721425161955	0.2
9.075	9.9	-1.46037875039801e-22	0.799854731777838	-8.75837365632848e-05	34.6481467867079	0.2
9.225	9.9	-2.52748981536303e-22	0.799848780072951	-9.10594544014062e-05	34.6241512322888	0.2
9.375	9.9	-3.18810437165662e-22	0.799842591448817	-9.46766373699241e-05	34.6001558599035	0.2
9.525	9.9	-2.67393438069306e-22	0.799836156235226	-9.8440777531197e-05	34.5761606768019	0.2
9.675	9.9	-1.52746408343098e-23	0.799829464381678	-0.000102357582800593	34.5521656905294	0.2
9.825	9.9	4.84384918778601e-22	0.799822505443796	-0.000106432984843946	34.528170908939	0.2
9.975	9.9	1.1788952982738e-21	0.799815268567127	-0.00011067314576768	34.5041763402028	0.2
10.125	9.9	1.85201675862789e-21	0.79980774247084	-0.00011508446738338	34.4801819928249	0.2
10.275	9.9	2.09786033783178e-21	0.799799915430135	-0.000119673599030536	34.4561878756545	0.2
10.425	9.9	1.38560717757193e-21	0.79979177525998	-0.000124447445706894	34.4321939978991	0.2
10.575	9.9	-7.39964699942705e-22	0.799783309295602	-0.000129413178063777	34.4082003691389	0.2
10.725	9.9	-4.31908151991979e-21	0.799774504374275	-0.000134578240041427	34.3842069993414	0.2
10.875	9.9	-8.57927296787917e-21	0.799765346815705	-0.000139950358631717	34.3602138988765	0.2
11.025	9.9	-1.16661218377735e-20	0.799755822402007	-0.000145537553998938	34.3362210785324	0.2
11.175	9.9	-1.07798642136252e-20	0.799745916354675	-0.000151348148409646	34.3122285495324	0.2
11.325	9.9	-2.99379686630839e-21	0.799735613317009	-0.000157390776594053	34.2882363235511	0.2
11.475	9.9	1.31307113897663e-20	0.799724897326729	-0.000163674395504781	34.2642444127333	0.2
11.625	9.9	3.53955980274808e-20	0.799713751795419	-0.000170208294991078	34.2402528297116	0.2
11.775	9.9	5.60914574864222e-20	0.799702159484731	-0.000177002108623124	34.2162615876256	0.2
11.925	9.9	6.17471741613108e-20	0.799690102478834	-0.000184065823959117	34.1922707001425	0.2
12.075	9.9	3.60765359567165e-20	0.799677562160492	-0.000191409793669746	34.1682801814769	0.2
12.225	9.9	-3.2846790841109e-20	0.799664519183837	-0.00019904474642504	34.1442900464128	0.2
12.375	9.9	-1.41727028196445e-19	0.799650953445601	-0.000206981798754355	34.1203003103259	0.2
12.525	9.9	-2.60753527000064e-19	0.799636844057558	-0.000215232465548298	34.0963109892061	0.2
12.675	9.9	-3.28149260125462e-19	0.799622169315305	-0.00022380867216663	34.0723220996824	0.2
12.825	9.9	-2.5895973399896e-19	0.799606906669077	-0.000232722765818533	34.0483336590472	0.2
12.975	9.9	2.47772450287568e-20	0.799591032690275	-0.000241987526532293	34.0243456852823	0.2
13.125	9.9	5.41606403137732e-19	0.79957452303999	-0.000251616178966955	34.0003581970858	0.2
13.275	9.9	1.18776128174301e-18	0.799557352433241	-0.000261622404599416	33.9763712138999	0.2
13.425	9.9	1.69186374292022e-18	0.799539494605496	-0.0002720203516663	33.9523847559398	0.2
13.575	9.9	1.62965921557686e-18	0.799520922274591	-0.00028282464745109	33.9283988442235	0.2
13.725	9.9	5.42403824757954e-19	0.799501607104991	-0.000294050408329917	33.9044135006033	0.2
13.875	9.9	-1.820550873384e-18	0.799481519667422	-0.000305713251061814	33.8804287477972	0.2
14.025	9.9	-5.17059925591534e-18	0.799460629399604	-0.00031782930237725	33.8564446094232	0.2
14.175	9.9	-8.37926394319411e-18	0.799438904564865	-0.000330415209547408	33.8324611100333	0.2
14.325	9.9	-9.41383409177367e-18	0.799416312209388	-0.000343488148486467	33.8084782751493	0.2
14.475	9.9	-5.75441993428303e-18	0.799392818118436	-0.000357065832406639	33.7844961313007	0.2
14.625	9.9	4.53341758878772e-18	0.799368386771567	-0.000371166520202334	33.7605147060622	0.2
14.775	9.9	2.11339644214301e-17	0.799342981294896	-0.00038580902168356	33.7365340280944	0.2
14.925	9.9	3.96957947421244e-17	0.799316563414674	-0.000401012704041753	33.7125541271845	0.2
15.075	9.9	5.08825626615316e-17	0.799289093406179	-0.000416797495331088	33.6885750342895	0.2
15.225	9.9	4.15597255840592e-17	0.799260530045146	-0.000433183887565544	33.6645967815802	0.2
15.375	9.9	-7.13029371793299e-19	0.799230830553705	-0.000450192936161862	33.6406194024868	0.2
15.525	9.9	-7.96550009413761e-17	0.799199950547829	-0.000467846260653795	33.6166429317469	0.2
15.675	9.9	-1.80378956235731e-16	0.79916784398244	-0.000486166038827885	33.592667405454	0.2
15.825	9.9	-2.61904622509891e-16	0.799134463094651	-0.000505175002834563	33.568692861108	0.2
15.975	9.9	-2.58646683111822e-16	0.799099758346505	-0.000524896427666003	33.5447193376683	0.2
16.125	9.9	-9.78943019397205e-17	0.799063678364899	-0.000545354120488564	33.5207468756072	0.2
16.275	9.9	2.63051879308528e-16	0.799026169882815	-0.000566572403409297	33.4967755169664	0.2
16.425	9.9	7.84907605197693e-16	0.798987177675526	-0.000588576092684216	33.4728053054142	0.200000000000001
16.575	9.9	1.29751899256115e-15	0.798946644498908	-0.000611390473687634	33.4488362863058	0.200000000000001
16.725	9.9	1.48595642394843e-15	0.798904511024042	-0.000635041269713695	33.4248685067443	0.200000000000001
16.875	9.9	9.50778692744641e-16	0.798860715772452	-0.000659554605111686	33.4009020156444	0.200000000000001
17.025	9.9	-6.27958625935552e-16	0.798815195047901	-0.000684956961822394	33.376936863798	0.2
17.175	9.9	-3.22910737220416e-15	0.798767882869856	-0.00071127512768188	33.3529731039415	0.199999999999997
17.325	9.9	-6.20103256565399e-15	0.798718710903816	-0.000738536135812469	33.3290107908258	0.199999999999995
17.475	9.9	-8.09250656861443e-15	0.798667608390826	-0.000766767196481537	33.3050499812873	0.199999999999994
17.625	9.9	-6.811300493129e-15	0.798614502078051	-0.000795995615665945	33.2810907343223	0.199999999999995
17.775	9.9	-3.06154007380872e-16	0.798559316145487	-0.000826248703661209	33.2571331111626	0.2
17.925	9.9	1.21708111999138e-14	0.79850197213462	-0.000857553669165765	33.2331771753536	0.20000000000001
18.075	9.9	2.8459451272599e-14	0.798442388875789	-0.000889937499143021	33.2092229928345	0.200000000000023
18.225	9.9	4.2197922840753e-14	0.798380482415155	-0.000923426821413942	33.185270632021	0.200000000000034
18.375	9.9	4.28870875112237e-14	0.798316165940756	-0.000958047749684828	33.1613201638896	0.200000000000034
18.525	9.9	1.84803354019266e-14	0.798249349709135	-0.000993825706625514	33.1373716620646	0.200000000000015
18.675	9.9	-3.88010074111996e-14	0.7981799409737	-0.00103078522528594	33.1134252029071	0.199999999999969
18.825	9.9	-1.24023814760316e-13	0.798107843911223	-0.00106894972336953	33.0894808656062	0.199999999999901
18.975	9.9	-2.11160731972274e-13	0.798032959549042	-0.00110834124975456	33.0655387322724	0.199999999999831
19.125	9.9	-2.49810789036162e-13	0.797955185694674	-0.00114898019895892	33.0415988880333	0.1999999999998
19.275	9.9	-1.73510944470181e-13	0.797874416867411	-0.00119088498920972	33.0176614211308	0.199999999999861
19.425	9.9	7.4991194448417e-14	0.797790544226639	-0.00123407170211406	32.9937264230213	0.20000000000006
19.575	9.9	5.01424147340037e-13	0.797703455508418	-0.00127855367521045	32.9697939884772	0.200000000000401
19.725	9.9	1.01059052744426e-12	0.797613034959287	-0.00132434104919346	32.9458642156907	0.200000000000808
19.875	9.9	1.37286861648345e-12	0.797519163274775	-0.00137144025560857	32.9219372063794	0.200000000001098
20.025	9.9	1.24062470625808e-12	0.797421717540997	-0.00141985344598038	32.8980130658939	0.200000000000992
20.175	9.9	2.49239484638777e-13	0.797320571177249	-0.00146957785049066	32.8740919033267	0.200000000000199
20.325	9.9	-1.78171535047276e-12	0.797215593885362	-0.00152060506089926	32.8501738316232	0.199999999998575
20.475	9.9	-4.57693546904489e-12	0.797106651600658	-0.00157292022829677	32.8262589676939	0.199999999996338
20.625	9.9	-7.16121417834631e-12	0.79699360644834	-0.0016265011623909	32.8023474325281	0.199999999994271
20.775	9.9	-7.81104261010048e-12	0.796876316704172	-0.00168131732821095	32.7784393513084	0.199999999993751
20.925	9.9	-4.40466114394131e-12	0.796754636761987	-0.00173732871975314	32.7545348535273	0.199999999996476
21.075	9.9	4.68110197652898e-12	0.796628417104638	-0.00179448460111118	32.7306340731035	0.200000000003745
21.225	9.9	1.9168296872617e-11	0.796497504283328	-0.00185272209842653	32.7067371485001	0.200000000015335
21.375	9.9	3.53436695771587e-11	0.796361740903252	-0.00191196462465376	32.6828442228429	0.200000000028275
21.525	9.9	4.51754802709401e-11	0.79622096561552	-0.00197212011708978	32.6589554440392	0.20000000003614
21.675	9.9	3.71765528781162e-11	0.796075013116148	-0.0020330790675596	32.6350709648973	0.200000000029741
21.825	9.9	5.86683822998598e-14	0.795923714153451	-0.00209471231898696	32.6111909432451	0.200000000000047
21.975	9.9	-7.04795152131265e-11	0.795766895539838	-0.00215686860295373	32.5873155420481	0.199999999943616
22.125	9.9	-1.63010465771518e-10	0.795604380170226	-0.00221937178351889	32.5634449295262	0.199999999869592
22.275	9.9	-2.43038540584878e-10	0.79543598704731	-0.00228201777238367	32.539579279269	0.199999999805569
22.425	9.9	-2.52568667158665e-10	0.795261531315603	-0.00234457107405124	32.5157187703497	0.199999999797945
22.575	9.9	-1.22940439027251e-10	0.795080824302607	-0.00240676091069928	32.4918635874383	0.199999999901648
22.725	9.9	1.94785082542449e-10	0.794893673574303	-0.00246827687016966	32.468013920915	0.200000000155828
22.875	9.9	6.83955545086345e-10	0.794699883006105	-0.00252876402782437	32.4441699669867	0.200000000547164
23.025	9.9	1.21377920567524e-09	0.794499252869758	-0.0025878174710167	32.4203319278042	0.200000000971023
23.175	9.9	1.51367853826023e-09	0.794291579929364	-0.00264497617156671	32.396500011583	0.200000001210943
23.325	9.9	1.20540621359706e-09	0.794076657539866	-0.0026997161407568	32.3726744327199	0.200000000964325
23.475	9.9	-7.47685424149056e-11	0.793854275729558	-0.00275144279074575	32.3488554119009	0.199999999940185
23.625	9.9	-2.45469857659008e-09	0.793624221249976	-0.00279948241728699	32.3250431761904	0.199999998036241
23.775	9.9	-5.54527379831183e-09	0.793386277586098	-0.00284307267289031	32.3012379590935	0.199999995563781
23.925	9.9	-8.20735858907738e-09	0.793140224938104	-0.00288135185527502	32.2774400005911	0.199999993434113
24.075	9.9	-8.54092683067101e-09	0.792885840222247	-0.00291334676949912	32.2536495471595	0.199999993167259
24.225	9.9	-4.29603518728303e-09	0.79262289718037	-0.00293795887608793	32.229866851803	0.199999996563172
24.375	9.9	6.15976433421135e-09	0.792351166700999	-0.00295394841297724	32.2060921741459	0.200000004927811
24.525	9.9	2.23796110753689e-08	0.792070417459543	-0.00295991624329638	32.1823257806296	0.200000017903689
24.675	9.9	4.02738935626435e-08	0.791780416894439	-0.00295428331348361	32.158567944844	0.200000032219115
24.825	9.9	5.12325916680484e-08	0.791480932401172	-0.00293526783289142	32.1348189479628	0.200000040986073
24.975	9.9	4.30141570451147e-08	0.791171732421327	-0.00290086048598794	32.1110790791681	0.200000034411326
25.125	9.9	3.4250857070109e-09	0.79085258694479	-0.0028487980649022	32.08734863585	0.200000002740069
25.275	9.9	-7.28569006579063e-08	0.790523266927676	-0.00277653562737744	32.0636279233013	0.19999994171448
25.425	9.9	-1.75397456100067e-07	0.790183542409952	-0.00268121649350093	32.0399172536571	0.199999859682035
25.575	9.9	-2.70190682409079e-07	0.789833179840492	-0.00255963803339988	32.0162169440198	0.199999783847454
25.725	9.9	-2.98110627678864e-07	0.789471940213277	-0.00240820949538058	31.992527314084	0.199999761511498
25.875	9.9	-1.85786878718092e-07	0.789099580871659	-0.00222289671979309	31.968848684091	0.199999851370497
26.025	9.9	1.26514156428231e-07	0.78871586466009	-0.00199914849293105	31.9451813744168	0.200000101211325
26.175	9.9	6.40781920733417e-07	0.788320579704444	-0.00173180173782695	31.9215257082632	0.200000512625537
26.325	9.9	1.25108872532846e-06	0.787913570664533	-0.00141496859634685	31.8978820184005	0.20000100087098
26.475	9.9	1.70918785309455e-06	0.787494777475393	-0.0010419174930225	31.8742506574434	0.200001367350282
26.625	9.9	1.63735201554264e-06	0.787064271039341	-0.000604970231471222	31.8506320087176	0.200001309881612
26.775	9.9	6.2076350250619e-07	0.786622269302046	-9.54433166597204e-05	31.8270264918928	0.200000496610802
26.925	9.9	-1.60369071510382e-06	0.786169115572249	0.0004963429603911	31.803434555366	0.199998717047428
27.075	9.9	-4.88206398605583e-06	0.78570520872653	0.00118098680593308	31.7798566475437	0.199996094348811
27.225	9.9	-8.37701145457717e-06	0.785230896193763	0.00196990230432134	31.7562931634495	0.199993298390836
27.375	9.9	-1.04370682181818e-05	0.784746375699008	0.00287529766699963	31.7327443724653	0.199991650345425
27.525	9.9	-8.77741545583763e-06	0.784251693974674	0.00391040180332438	31.7092103466159	0.199992978067635
27.675	9.9	-1.12888942522508e-06	0.783746963714746	0.00509013464576982	31.6856909229155	0.19999909688846
27.825	9.9	1.3600380530019e-05	0.783232918564524	0.00643236639585758	31.6621857411363	0.200010880304424
27.975	9.9	3.38262248672989e-05	0.782711861381309	0.00795974083083884	31.6386943912579	0.200027060979894
28.125	9.9	5.39271170449744e-05	0.782188914557914	0.00970173441876498	31.6152166751685	0.200043141693636
28.275	9.9	6.378515622109e-05	0.781673261811071	0.0116962303067844	31.591752932898	0.200051028124977
28.425	9.9	5.01297207235181e-05	0.781178832055092	0.0139895276563632	31.5683043132635	0.200040103776579
28.575	9.9	3.91043934665743e-07	0.780723721411171	0.016633582004949	31.5448728045083	0.200000312835148
28.725	9.9	-9.08868412344758e-05	0.780327719814703	0.0196796205945968	31.5214608167075	0.199927290527012
28.875	9.9	-0.000214154531164211	0.780007751326734	0.0231683080419329	31.4980701624846	0.199828676375069
29.025	9.9	-0.000337962944367798	0.779771960437284	0.0271184343487242	31.4747004417545	0.199729629644506
29.175	9.9	-0.000406742958336043	0.779614577023654	0.0315184641787108	31.451347093025	0.199674605633331
29.325	9.9	-0.000347292480864569	0.779515322977988	0.036327536332574	31.4279996717906	0.199722166015308
29.475	9.9	-8.68636287511495e-05	0.779448313498852	0.0414932786300491	31.4046411464008	0.199930509096999
29.625	9.9	0.000417262377157243	0.779405023051937	0.0469913060634654	31.3812490223508	0.200333809901726
29.775	9.9	0.00114145484312305	0.779432815070315	0.0528843509864742	31.3577987930835	0.200913163874498
29.925	9.9	0.00196259791009992	0.77968482317263	0.0593888879842129	31.3342695284798	0.20157007832808
30.075	9.9	0.00264195000199834	0.780470783420074	0.0669282435737605	31.31065045382	0.202113560001599
30.225	9.9	0.00284013143232852	0.782295065788633	0.0761485941284267	31.2869464099255	0.202272105145863
30.375	9.9	0.00217234697051549	0.785868798424209	0.0878788843793205	31.2631795128793	0.201737877576412
30.525	9.9	0.000302343600859855	0.792083882041888	0.103022136823067	31.2393845588912	0.200241874880688
30.675	9.9	-0.00294038790806197	0.801931022629022	0.122366998952667	31.2155970043985	0.19764768967355
30.825	9.9	-0.00744849301729688	0.816328784940915	0.146306173473021	31.1918346147212	0.194041205586163
30.975	9.9	-0.0127643403683013	0.83581743686777	0.174460331657422	31.1680765779231	0.189788527705359
31.125	9.9	-0.0180780115053507	0.860096534438744	0.205264575529446	31.1442460464891	0.185537590795719
31.275	9.9	-0.0223121030092497	0.887505823501996	0.235701234670788	31.1202025062677	0.1821503175926
31.425	9.9	-0.0242881293036819	0.914772709739617	0.261502924073014	31.0957482062042	0.180569496557054
31.575	9.9	-0.0229446556207799	0.937486266852886	0.278107730118008	31.0706484919691	0.181644275503376
31.725	9.9	-0.017555552454115	0.951440642889319	0.282207506212591	31.0446615020832	0.185955558036708
31.875	9.9	-0.00788802899118021	0.954219353080473	0.273075841922801	31.0175707892629	0.193689576807056
32.025	9.9	0.00574547010722674	0.945975797593405	0.252750357623427	30.9892147992794	0.204596376085781
32.175	9.9	0.0225520489854854	0.92897375511134	0.224973657222834	30.9595078232472	0.218041639188388
32.325	9.9	0.0414122530272832	0.906421952388221	0.193721001438548	30.9284483111812	0.233129802421827
32.475	9.9	0.0610738420570202	0.881410162634661	0.162175777291063	30.8961136320459	0.248859073645616
32.625	9.9	0.0803362462275851	0.856341127568791	0.13239856300725	30.8626442362086	0.264268996982068
32.775	9.9	0.0981909889269895	0.832809392637724	0.105462177499003	30.8282223087887	0.278552791141592
32.925	9.9	0.113902487810755	0.811720213775816	0.081749761189756	30.7930498219662	0.291121990248604
33.075	9.9	0.127030561045267	0.793479726330877	0.0612344176261943	30.7573294275409	0.301624448836214
33.225	9.9	0.137407197835369	0.778170019767687	0.0436796575027801	30.721249956431	0.309925758268295
33.375	9.9	0.145084875030668	0.765681482064176	0.0287625187090396	30.6849769475095	0.316067900024534
33.525	9.9	0.150273064990791	0.755802884380773	0.0161405920908189	30.6486477549939	0.320218451992633
33.675	9.9	0.153275762262951	0.748278730383896	0.00548404839818006	30.6123703386151	0.322620609810361
33.825	9.9	0.1544380217561	0.742843926914695	-0.00351187811361524	30.5762247129025	0.32355041740488
33.975	9.9	0.154105142747796	0.739243681015365	-0.0111241119607564	30.5402660998291	0.323284114198236
34.125	9.9	0.152594963132724	0.737244122905968	-0.0176030155208291	30.5045289913244	0.322075970506179
34.275	9.9	0.150181826567894	0.736637264580315	-0.0231748419620479	30.4690315149136	0.320145461254315
34.425	9.9	0.147089900978324	0.73724263965756	-0.0280441485070831	30.4337796682705	0.317671920782659
34.575	9.9	0.143493396088398	0.738907076939706	-0.0323958422324373	30.3987711292867	0.314794716870719
34.725	9.9	0.13952145597748	0.741503468515601	-0.036396864216868	30.3639984550468	0.311617164781984
34.875	9.9	0.135265806224077	0.744928981870194	-0.0401975136931466	30.3294515667263	0.308212644979261
35.025	9.9	0.130789445013811	0.749102885549707	-0.0439323123150833	30.2951194954997	0.304631556011048
35.175	9.9	0.12613475798881	0.753964023909955	-0.0477203429111285	30.2609914534351	0.300907806391048
35.325	9.9	0.121329538353257	0.759468032881378	-0.0516653208006959	30.2270573973399	0.297063630682605
35.475	9.9	0.116389754504841	0.76558465262288	-0.0558562405418513	30.1933083540646	0.293111803603873
35.625	9.9	0.111318777798088	0.772295877374023	-0.0603699965101269	30.1597368278374	0.28905502223847
35.775	9.9	0.106104237340005	0.779595937318341	-0.0652773749148064	30.1263375534618	0.284883389872004
35.925	9.9	0.100715421872297	0.787493844277306	-0.0706527067014642	30.0931086478313	0.280572337497838
36.075	9.9	0.0951054780410617	0.796018104365141	-0.076585082093087	30.0600528568656	0.276084382432849
36.225	9.9	0.089222546089688	0.805221207995847	-0.0831859827740086	30.0271781978066	0.27137803687175
36.375	9.9	0.0830315524552992	0.815179287158881	-0.090586032890108	29.9944970516636	0.266425241964239
36.525	9.9	0.0765435245908964	0.825981195921203	-0.0989143909944022	29.9620228961589	0.261234819672717
36.675	9.9	0.0698431721411033	0.837702958360126	-0.10825996793646	29.9297645370328	0.255874537712883
36.825	9.9	0.0631005917385967	0.850369728072329	-0.118624874263251	29.8977188389956	0.250480473390877
36.975	9.9	0.0565524396713301	0.863918813846426	-0.12989540762898	29.8658642334193	0.245241951737064
37.125	9.9	0.0504442002594121	0.878191408388106	-0.141867713545548	29.8341580981805	0.24035536020753
37.275	9.9	0.0449384532096124	0.892988559776885	-0.154361279458438	29.802540829731	0.23595076256769
37.425	9.9	0.040011284111905	0.908214762824893	-0.167421636718129	29.7709476986875	0.232009027289524
37.575	9.9	0.0353740229184027	0.924094123859906	-0.18155966238238	29.7393266226231	0.228299218334722
37.725	9.9	0.0304625828144022	0.941397810558071	-0.197932282709481	29.707656708844	0.224370066251522
37.875	9.9	0.0245256218040847	0.961602956060263	-0.218375430008351	29.6759601758859	0.219620497443268
38.025	9.9	0.0168149478759486	0.986922550556132	-0.24524742164814	29.6443003929781	0.213451958300759
38.175	9.9	0.00684459125566396	1.02015839549744	-0.281068158368418	29.6127620105537	0.205475673004531
38.325	9.9	-0.00534720841036361	1.06426591031747	-0.327889225255674	29.5814150731123	0.195722233271709
38.475	9.9	-0.0190127409955343	1.12136039944776	-0.386221824287079	29.550271860325	0.184789807203573
38.625	9.9	-0.0326572525620817	1.19078546825509	-0.453342410669963	29.5192502815064	0.173874197950335
38.775	9.9	-0.0441950176781743	1.26632246389858	-0.521267206972032	29.4881577998579	0.164643985857461
38.925	9.9	-0.0513072508357573	1.33436788274943	-0.576075416835656	29.4567025681553	0.158954199331394
39.075	9.9	-0.0519464592476207	1.37691223223007	-0.601689080540971	29.4245267863331	0.158442832601903
39.225	9.9	-0.0448397282343582	1.38058789208576	-0.588642289911408	29.3912540058596	0.164128217412513
39.375	9.9	-0.0297901215660112	1.34483884774598	-0.540768963881867	29.3565487574203	0.176167902747191
39.525	9.9	-0.00765571397056724	1.28082352417374	-0.472124322144044	29.3201787740575	0.193875428823546
39.675	9.9	0.0199385523165472	1.20338113084216	-0.397889087523056	29.2820526944214	0.215950841853238
39.825	9.9	0.0509914172620358	1.12441785221561	-0.328303066993819	29.2422174235748	0.240793133809629
39.975	9.9	0.0834780848633692	1.05096608615463	-0.268028371237623	29.2008270649174	0.266782467890695
40.125	9.9	0.115604289338843	0.98610452756925	-0.218044134804756	29.1581036257347	0.292483431471074
40.275	9.9	0.145954906857077	0.930508620828822	-0.177551299284861	29.1143012941136	0.316763925485662
40.425	9.9	0.173551338660456	0.883652832211427	-0.145142197910531	29.0696781567051	0.338841070928365
40.575	9.9	0.197838705526033	0.844528311538592	-0.119359600864202	29.024475932515	0.358270964420827
40.725	9.9	0.218626464663393	0.812011180170204	-0.0989109153407814	28.9789071649084	0.374901171730714
40.875	9.9	0.236005376150601	0.785028985072343	-0.0827213922552459	28.9331487496437	0.38880430092048
41.025	9.9	0.250259743915343	0.76262366580367	-0.0699228366095506	28.8873403711854	0.400207795132274
41.175	9.9	0.261787895709511	0.743965943404252	-0.0598219981940505	28.8415863689016	0.409430316567609
41.325	9.9	0.271037824189119	0.7283490765571	-0.0518668579615598	28.7959597076683	0.416830259351295
41.475	9.9	0.278460091400543	0.715175319782074	-0.0456172610329666	28.7505069885578	0.422768073120435
41.625	9.9	0.284476945845663	0.703941029628767	-0.0407213461090512	28.7052537201021	0.427581556676531
41.775	9.9	0.289464952133802	0.694222794163229	-0.0368972765449614	28.6602093281806	0.431571961707041
41.925	9.9	0.293747875467756	0.685665316009453	-0.0339191817064868	28.6153715921604	0.434998300374205
42.075	9.9	0.297596676112808	0.677971080795741	-0.0316061984627479	28.5707303540537	0.438077340890246
42.225	9.9	0.301233926085952	0.670891597850239	-0.0298137089764931	28.5262704616778	0.440987140868762
42.375	9.9	0.304840544388997	0.664219960128346	-0.0284261340057095	28.4819739837831	0.443872435511198
42.525	9.9	0.308563329498991	0.657784510061169	-0.0273508792914995	28.4378217822526	0.446850663599193
42.675	9.9	0.312522281162197	0.651443454957133	-0.0265132113923697	28.3937945503352	0.450017824929757
42.825	9.9	0.316817119464436	0.645080321873876	-0.0258519514396323	28.3498734322532	0.453453695571549
42.975	9.9	0.321532722710892	0.638600168831925	-0.0253159297904875	28.306040333567	0.457226178168714
43.125	9.9	0.326743425018921	0.631926478545929	-0.0248611579524702	28.2622780178813	0.461394740015137
43.275	9.9	0.332516254419307	0.624998658647985	-0.0244486639957262	28.2185700675837	0.466013003535446
43.425	9.9	0.338913269685103	0.617770065696705	-0.0240429186146653	28.1749007672447	0.471130615748083
43.575	9.9	0.345993185691311	0.61020646485645	-0.0236107612402396	28.131254950151	0.476794548553049
43.725	9.9	0.353812477494065	0.602284836759496	-0.0231207248774564	28.087617832464	0.483049981995252
43.875	9.9	0.362426134310047	0.593992449399769	-0.0225426568892447	28.0439748462852	0.489940907448038
44.025	9.9	0.37188820483482	0.585326125931292	-0.0218475407141099	28.0003114725612	0.497510563867856
44.175	9.9	0.382252240431673	0.576291657682598	-0.0210074391973343	27.9566130669976	0.505801792345338
44.325	9.9	0.393571705419795	0.566903333369956	-0.019995502092071	27.9128646665503	0.514857364335836
44.475	9.9	0.405900384411156	0.557183577569011	-0.0187860065323515	27.869050760182	0.524720307528925
44.625	9.9	0.419292774075342	0.547162710580358	-0.0173544280858436	27.8251550050987	0.535434219260274
44.775	9.9	0.433804398626541	0.536878854025979	-0.0156775693176247	27.7811598685576	0.547043518901233
44.925	9.9	0.449491932688526	0.526378007660336	-0.0137337999462203	27.7370461758396	0.55959354615082
45.075	9.9	0.466412951625647	0.515714308970645	-0.0115034839055036	27.6927925477808	0.573130361300518
45.225	9.9	0.484625061255241	0.50495045514135	-0.00896967890546597	27.6483747173712	0.587700049004193
45.375	9.9	0.50418409519283	0.494158216077389	-0.00611918722015394	27.6037647256114	0.603347276154264
45.525	9.9	0.525141024750663	0.48341890111901	-0.00294400617244865	27.5589300132733	0.620112819800531
45.675	9.9	0.547537227295914	0.472823570549463	0.000556831292640302	27.5138324482361	0.638029781836731
45.825	9.9	0.571397836863732	0.462472721739583	0.00437512107099704	27.4684273574038	0.657118269490986
45.975	9.9	0.596723088300156	0.452475151417612	0.00849125699623843	27.4226626658572	0.677378470640125
46.125	9.9	0.62347788394077	0.442945726356586	0.0128722095349295	27.3764782795828	0.698782307152616
46.275	9.9	0.651580262035275	0.434001901421097	0.0174700982747987	27.3298058748751	0.72126420962822
46.425	9.9	0.680889975518988	0.4257590138686	0.0222217635065808	27.2825692680611	0.74471198041519
46.575	9.9	0.711198907234844	0.418324629204275	0.0270496790661588	27.2346855233558	0.768959125787875
46.725	9.9	0.742225404925992	0.411792465385495	0.031864393317869	27.1860669057105	0.793780323940794
46.875	9.9	0.773614629339823	0.406236612776048	0.0365684557101382	27.1366236963847	0.818891703471858
47.025	9.9	0.804946523602569	0.401706831450293	0.0410615281101706	27.0862677681559	0.843957218882055
47.175	9.9	0.835752009297938	0.39822560360462	0.0452461524968822	27.0349166823017	0.868601607438351
47.325	9.9	0.865536617414917	0.39578736120068	0.0490335064676624	26.9824979483316	0.892429293931933
47.475	9.9	0.893809271720169	0.394359958781956	0.0523484642813567	26.9289530117106	0.915047417376135
47.625	9.9	0.920112774978209	0.39388810573098	0.0551333966888417	26.8742405297915	0.936090219982568
47.775	9.9	0.94405206741194	0.394298197636496	0.0573503562010873	26.8183385706478	0.955241653929552
47.925	9.9	0.965316697979389	0.395503847942539	0.0589815551754221	26.761245511056	0.972253358383512
48.075	9.9	0.983695072529329	0.397411428287348	0.0600282935961896	26.7029795873231	0.986956058023463
48.225	9.9	0.999079579430304	0.399925050421641	0.0605086815605195	26.6435772260531	0.999263663544243
48.375	9.9	1.01146320593029	0.40295061409912	0.0604546006817961	26.5830904160148	1.00917056474423
48.525	9.9	1.0209293825203	0.406398751231278	0.0599083555989669	26.5215834564147	1.01674350601624
48.675	9.9	1.02763734501968	0.410186676290445	0.0589193991845031	26.4591294286644	1.02210987601574
48.825	9.9	1.03180530423528	0.414239083461758	0.0575414033577782	26.3958067005607	1.02544424338822
48.975	9.9	1.03369332262995	0.418488306203861	0.0558298238471064	26.3316957036077	1.02695465810396
49.125	9.9	1.0335872280021	0.422873980394763	0.0538399975852807	26.2668761459352	1.02686978240168
49.275	9.9	1.03178432906421	0.427342439929794	0.0516257310336648	26.2014247499382	1.02542746325137
49.425	9.9	1.02858125141859	0.43184603674341	0.0492382914856543	26.1354135437	1.02286500113487
49.575	9.9	1.02426392611823	0.436342527540782	0.0467256982965479	26.068908690879	1.01941114089459
49.725	9.9	1.01909962345334	0.440794616285798	0.044132219438738	26.0019698135536	1.01527969876267
49.875	9.9	1.01333088908798	0.445169691381216	0.0414980014666899	25.9346497433072	1.01066471127039
50.025	9.9	1.00717125790005	0.449439754129926	0.0388587887662309	25.8669946242716	1.00573700632004
50.175	9.9	1.0008026493303	0.453581503462346	0.0362457131176893	25.7990442854552	1.00064211946424
50.325	9.9	0.994374356838608	0.457576522544905	0.0336851515279877	25.7308327971792	0.995499485470887
50.475	9.9	0.98800351826637	0.461411505598098	0.0311986560742808	25.6623891276279	0.990402814613096
50.625	9.9	0.981776891503869	0.46507846615632	0.0288029543216401	25.5937378210273	0.985421513203095
50.775	9.9	0.97575366819632	0.46857487763568	0.0265100060526518	25.5248996298644	0.980602934557056
50.925	9.9	0.969968950214804	0.471903709078564	0.0243270877473059	25.4558920510064	0.975975160171843
51.075	9.9	0.964437404706245	0.475073329273165	0.0222568686553419	25.3867297404482	0.971549923764996
51.225	9.9	0.959156519761924	0.478097258880079	0.0202974502744449	25.3174248139548	0.967325215809539
51.375	9.9	0.954108820011392	0.480993753767592	0.0184423723374359	25.2479870802108	0.963287056009114
51.525	9.9	0.949262385554996	0.483785208648442	0.0166806474292686	25.1784242968469	0.959409908443997
51.675	9.9	0.944569064423528	0.486497387433726	0.0149969716166239	25.1087425833898	0.955655251538822
51.825	9.9	0.93995989368525	0.489158526859844	0.0133723601155126	25.0389471618984	0.9519679149482
51.975	9.9	0.935337461446012	0.491798433204346	0.0117855551783616	24.9690436165214	0.948269969156809
52.125	9.9	0.930565262549085	0.494447802822435	0.0102156188042073	24.8990398563724	0.944452210039268
52.275	9.9	0.92545453278284	0.497138139752353	0.00864612116098096	24.8289489204838	0.940363626226272
52.425	9.9	0.919749596110159	0.499902798013161	0.00707123553512472	24.7587926692223	0.935799676888127
52.575	9.9	0.913113434091995	0.50277981000253	0.00550383488843858	24.6886062574267	0.930490747273596
52.725	9.9	0.905115993657756	0.505817236342104	0.00398535899353156	24.6184430808851	0.924092794926205
52.875	9.9	0.895228680799965	0.509081749695897	0.00259681325555102	24.5483796383305	0.916182944639972
53.025	9.9	0.882829474636975	0.512671017870103	0.0014698117785143	24.4785194759352	0.90626357970958
53.175	9.9	0.86722391957874	0.516730159867799	0.000796121936957352	24.4089951167697	0.893779135662992
53.325	9.9	0.847687424995059	0.521472085943718	0.000833715239331457	24.3399666852376	0.878149939996047
53.475	9.9	0.823532988128312	0.52720084233433	0.00190686503443043	24.2716159124751	0.858826390502649
53.625	9.9	0.794204604432959	0.534336051912808	0.00439734508059084	24.2041344862897	0.835363683546367
53.775	9.9	0.759389506030165	0.543434994956767	0.00872332451137129	24.1377064327015	0.807511604824132
53.925	9.9	0.719132563753315	0.555206582777087	0.0153023166094959	24.0724854668208	0.775306051002652
54.075	9.9	0.673926645093952	0.570508272718765	0.0244949640507343	24.0085699257461	0.739141316075161
54.225	9.9	0.624748667667877	0.590313068448202	0.0365283586279829	23.9459795961618	0.699798934134301
54.375	9.9	0.573017710024993	0.615630459200188	0.0514022503342992	23.8846397889141	0.658414168019994
54.525	9.9	0.520469865647916	0.647365951414513	0.0687901043779977	23.8243776511808	0.616375892518333
54.675	9.9	0.468968674100154	0.686114771304793	0.087959083986502	23.764933559087	0.575174939280123
54.825	9.9	0.420289405662646	0.731912323399964	0.107744230700946	23.705986844603	0.536231524530117
54.975	9.9	0.375921778066265	0.784005180619217	0.126613457703662	23.6471912207868	0.500737422453012
55.125	9.9	0.336927915302689	0.840742416402597	0.142842743144091	23.5882126246027	0.469542332242151
55.275	9.9	0.303876120283435	0.899682564622782	0.154784864707932	23.5287619742826	0.443100896226748
55.425	9.9	0.276853050677544	0.957940756962404	0.161172443485101	23.4686175793911	0.421482440542036
55.575	9.9	0.255541356650829	1.0126862193621	0.161366743550161	23.4076354118404	0.404433085320663
55.725	9.9	0.239338944453356	1.06161682616321	0.155467218611481	23.3457484357431	0.391471155562685
55.875	9.9	0.227491486507937	1.10325076474687	0.144243418440209	23.282957702129	0.381993189206349
56.025	9.9	0.219212450126082	1.13697486651816	0.128923292684428	23.2193181523065	0.375369960100865
56.175	9.9	0.213773377417548	1.16289859562852	0.110925206076394	23.1549218390443	0.371018701934038
56.325	9.9	0.210557914633385	1.181616564759	0.0916224809022422	23.0898810140767	0.368446331706708
56.475	9.9	0.209082369264609	1.19397314433759	0.0721898033397064	23.0243131524129	0.367265895411687
56.625	9.9	0.208991121285986	1.20088218410505	0.053535625556319	22.9583293292903	0.367192897028789
56.775	9.9	0.210036830897919	1.20321544946087	0.0362980954288919	22.8920265299608	0.368029464718336
56.925	9.9	0.212054218905024	1.20174954263799	0.0208764312483848	22.8254837079479	0.369643375124019
57.075	9.9	0.214933736252288	1.19715254359011	0.00747586142890686	22.7587609028618	0.37194698900183
57.225	9.9	0.218598844743988	1.18999247508332	-0.00384678442007611	22.691900522758	0.37487907579519
57.375	9.9	0.222988535437194	1.18075438866988	-0.0131426540854856	22.6249299190824	0.378390828349755
57.525	9.9	0.228045282301152	1.16985803631678	-0.0205372654054766	22.5578645333954	0.382436225840921
57.675	9.9	0.23370779959416	1.15767226550162	-0.0262034839322125	22.4907110914281	0.386966239675328
57.825	9.9	0.239907638385819	1.14452497718355	-0.0303402832392514	22.4234705083874	0.391926110708655
57.975	9.9	0.246568579858251	1.13070906511859	-0.0331564493639166	22.3561403245524	0.397254863886601
58.125	9.9	0.253607877998294	1.11648541903021	-0.0348584987926	22.2887166056589	0.402886302398635
58.275	9.9	0.260938571945827	1.10208418185107	-0.0356421741067653	22.2211953199051	0.408750857556662
58.425	9.9	0.268472270895409	1.08770526262091	-0.0356869306326085	22.1535732493287	0.414777816716327
58.575	9.9	0.276121982682188	1.07351880583138	-0.0351528501443926	22.085848515686	0.42089758614575
58.725	9.9	0.283804699049541	1.05966601808976	-0.034179441102127	22.0180208071109	0.427043759239633
58.875	9.9	0.291443564096002	1.04626051021349	-0.0328858250167611	21.950091387714	0.433154851276802
59.025	9.9	0.298969539274483	1.03339014617949	-0.0313718682038865	21.8820629624004	0.439175631419587
59.175	9.9	0.306322542574977	1.02111929451802	-0.0297198917043608	21.8139394567277	0.445058034059982
59.325	9.9	0.313452085019188	1.00949133762899	-0.0279966704067518	21.7457257586717	0.450761668015351
59.475	9.9	0.320317457852964	0.998531292219686	-0.0262555072555463	21.6774274569676	0.456253966282371
59.625	9.9	0.326887541850165	0.988248413759467	-0.0245382343131683	21.609050599911	0.461510033480132
59.775	9.9	0.333140318493703	0.978638687478694	-0.0228770466576881	21.5406014894103	0.466512254794962
59.925	9.9	0.33906216367415	0.969687139964411	-0.0212961172442074	21.4720865176922	0.47124973093932
60.075	9.9	0.344646999866304	0.961369934104441	-0.01981297200292	21.403512048268	0.475717599893043
60.225	9.9	0.349895374199539	0.953656233775343	-0.0184396263720328	21.3348843383926	0.479916299359631
60.375	9.9	0.354813518900597	0.946509842589192	-0.0171834991183941	21.2662094970944	0.483850815120478
60.525	9.9	0.359412438506613	0.939890633502468	-0.0160481284962998	21.1974934707344	0.48752995080529
60.675	9.9	0.363707056039781	0.933755793882073	-0.0150337210443025	21.1287420467989	0.490965644831825
60.825	9.9	0.36771543878318	0.928060914593055	-0.0141375658234713	21.0599608660953	0.494172351026544
60.975	9.9	0.371458113940641	0.922760952694761	-0.0133543475848298	20.9911554335793	0.497166491152513
61.125	9.9	0.374957475635487	0.917811096107253	-0.012676391901548	20.9223311185867	0.49996598050839
61.275	9.9	0.378237277492409	0.913167555694264	-0.0120938742324004	20.8534931362018	0.502589821993927
61.425	9.9	0.381322199373328	0.908788305944379	-0.011595023588663	20.784646502805	0.505057759498662
61.575	9.9	0.384237472469695	0.904633789923973	-0.0111663501795601	20.7157959605025	0.507389977975756
61.725	9.9	0.387008543548211	0.900667597352745	-0.0107929251412398	20.6469458671796	0.509606834838569
61.875	9.9	0.38966075634075	0.896857116259642	-0.0104587389375512	20.5781000514421	0.5117286050726
62.025	9.9	0.39221902559195	0.893174148383545	-0.0101471625864475	20.5092616348619	0.51377522047356
62.175	9.9	0.394707477111282	0.889595466067419	-0.00984153132235916	20.4404328279382	0.515765981689026
62.325	9.9	0.397149025750555	0.886103273986399	-0.00952586193549089	20.3716147112013	0.517719220600444
62.475	9.9	0.399564863601635	0.882685523519991	-0.00918570073598286	20.3028070190223	0.519651890881308
62.625	9.9	0.401973834692101	0.879336012924952	-0.00880907687607273	20.234007950794	0.52157906775368
62.775	9.9	0.40439168255565	0.876054196131933	-0.00838750453957702	20.1652140416611	0.52351334604452
62.925	9.9	0.406830176093581	0.872844621854244	-0.00791693831824875	20.0964201317318	0.525464140874865
63.075	9.9	0.409296149455362	0.869715938483645	-0.00739854348036259	20.0276194768568	0.527436919564289
63.225	9.9	0.411790533773285	0.866679434095418	-0.00683910594627621	19.9588040430826	0.529432427018628
63.375	9.9	0.414307509585111	0.863747137025847	-0.00625088943771701	19.8899650179824	0.531446007668089
63.525	9.9	0.416833960724693	0.860929577414516	-0.00565076619747306	19.821093552798	0.533467168579755
63.675	9.9	0.419349449532286	0.858233392044657	-0.00505851831167162	19.7521817187769	0.535479559625829
63.825	9.9	0.421826940537657	0.855659022980527	-0.00449433673877802	19.6832236211469	0.537461552430126
63.975	9.9	0.424234454883592	0.853198786933739	-0.00397572702955746	19.6142165707215	0.539387563906874
64.125	9.9	0.426537724702679	0.850835548080319	-0.00351423528546439	19.5451621765803	0.541230179762143
64.275	9.9	0.4287037331167	0.848542090605546	-0.0031125820925635	19.476067207728	0.54296298649336
64.425	9.9	0.43070479168387	0.846281055468606	-0.00276286273399832	19.4069440922731	0.544563833347096
64.575	9.9	0.432522573741611	0.844005002640844	-0.00244635618050399	19.3378109910284	0.546018058993288
64.725	9.9	0.4341513701538	0.841655845837187	-0.00213510931935418	19.2686915002731	0.54732109612304
64.875	9.9	0.435599868456101	0.839162680620873	-0.00179478784173249	19.1996141909944	0.54847989476488
65.025	9.9	0.436891084702682	0.836437026863888	-0.00138734228560116	19.1306123426424	0.549512867762145
65.175	9.9	0.438060777804039	0.833364893997185	-0.00087096961925982	19.0617243181905	0.550448622243231
65.325	9.9	0.439155748958365	0.829796009783807	-0.000193947749808364	18.9929949753207	0.551324599166692
65.475	9.9	0.440234757084797	0.825532112432714	0.000721368269574183	18.9244782324415	0.552187805667838
65.625	9.9	0.441376059765679	0.82031835979992	0.00200720533538042	18.856240345615	0.553100847812543
65.775	9.9	0.442696325838908	0.813844430532242	0.00389182679045552	18.7883625983529	0.554157060671127
65.925	9.9	0.444385180057789	0.805764349820927	0.0067489346575729	18.7209410543706	0.555508144046231
66.075	9.9	0.446757175484444	0.795745711319271	0.0111425364952769	18.6540800007963	0.557405740387555
66.225	9.9	0.450317903295123	0.783558339959148	0.0178446913451087	18.5878750861527	0.560254322636099
66.375	9.9	0.4558329946309	0.769206661788228	0.0277927459372426	18.5223824166917	0.56466639570472
66.525	9.9	0.464378428157301	0.753094204935139	0.0419468811433099	18.4575715401687	0.571502742525841
66.675	9.9	0.477339507062439	0.736177499848154	0.0610204340600917	18.3932637956365	0.581871605649951
66.825	9.9	0.496317870910541	0.720022655837184	0.0851018889868637	18.3290633049993	0.597054296728433
66.975	9.9	0.522908297149019	0.706647785369631	0.113275471099379	18.2642960095079	0.618326637719215
67.125	9.9	0.558331450938104	0.698078510540194	0.143442456562331	18.1979815602393	0.646665160750483
67.275	9.9	0.602966101241554	0.695711182265123	0.172555479619139	18.1288690938305	0.682372880993243
67.425	9.9	0.655909245152696	0.699791775866957	0.197310762423755	18.0555612270971	0.724727396122157
67.575	9.9	0.71476482543066	0.709344619799296	0.215042937300365	17.9767216123562	0.771811860344528
67.725	9.9	0.775849642739644	0.722598897870712	0.22438018387652	17.8913170498973	0.820679714191715
67.875	9.9	0.834856663467245	0.737614771907662	0.225368481450515	17.7988149352511	0.867885330773796
68.025	9.9	0.887779335366752	0.752758465327293	0.219133261111931	17.6992675377947	0.910223468293401
68.175	9.9	0.931737934283142	0.766894919115818	0.207363380838056	17.5932614089082	0.945390347426514
68.325	9.9	0.965402359898055	0.779370282784988	0.191861114629929	17.4817630215731	0.972321887918444
68.475	9.9	0.988935498061439	0.789904446962673	0.174256407631185	17.365921773469	0.991148398449151
68.625	9.9	1.00360166527702	0.798471245507524	0.15587577690739	17.2468892632961	1.00288133222162
68.775	9.9	1.01126119256565	0.805197984245809	0.1377150903106	17.1256902015212	1.00900895405252
68.925	9.9	1.01392019857675	0.810292045719218	0.120466420930388	17.0031536705116	1.0111361588614
69.075	9.9	1.01341298259714	0.813992618725542	0.104565511764691	16.8798955255035	1.01073038607771
69.225	9.9	1.0112254952191	0.816541728789114	0.0902427955401672	16.7563355483561	1.00898039617528
69.375	9.9	1.00843466326668	0.818167939061338	0.077571637537597	16.632733146382	1.00674773061335
69.525	9.9	1.00572847310586	0.819077373975246	0.0665122437248814	16.5092289335631	1.00458277848469
69.675	9.9	1.00347309734094	0.819448858621414	0.0569506389580124	16.385883839119	1.00277847787275
69.825	9.9	1.00179918842319	0.819431773317627	0.0487317299309524	16.2627112297992	1.00143935073855
69.975	9.9	1.00068699070268	0.819146142854293	0.0416853298680546	16.1397004721837	1.00054959256215
70.125	9.9	1.0000377554223	0.818684637554054	0.0356445918172572	16.0168323279324	1.00003020433784
70.275	9.9	0.999725963517505	0.818115986244052	0.0304572565523896	15.8940876625462	0.999780770814004
70.425	9.9	0.999632208406131	0.817489148898128	0.0259909644627736	15.7714513385059	0.999705766724905
70.575	9.9	0.999659890103662	0.816837612226302	0.0221343060215758	15.648913077605	0.999727912082929
70.725	9.9	0.999740268222349	0.816183327864199	0.018795271085164	15.5264667303057	0.999792214577879
70.875	9.9	0.999830406055969	0.815540020902045	0.015898452117048	15.4041089565184	0.999864324844775
71.025	9.9	0.99990770801894	0.814915781735324	0.0133819416481429	15.2818379185634	0.999926166415152
71.175	9.9	0.999963625532161	0.814314981693313	0.0111944730206145	15.1596522724154	0.999970900425729
71.325	9.9	0.999998032755265	0.813739620195611	0.00929305196579395	15.0375505328916	0.999998426204212
71.475	9.9	1.00001493296624	0.81319023229517	0.00764112911715537	14.9155307705241	1.00001194637299
71.625	9.9	1.00001959767015	0.812666478063568	0.00620725552798855	14.7935905487691	1.00001567813612
71.775	9.9	1.00001693361775	0.812167514201501	0.00496411953376402	14.6717270047433	1.0000135468942
71.925	9.9	1.00001075329176	0.811692223557723	0.00388785915129801	14.5499369937702	1.0000086026334
72.075	9.9	1.00000362292728	0.811239355574747	0.0029575601303126	14.4282172428332	1.00000289834182
72.225	9.9	0.999997020977199	0.810807612506208	0.00215487255715518	14.3065644816861	0.999997616781759
72.375	9.9	0.999991618348227	0.810395703029271	0.00146370089918366	14.1849755387423	0.999993294678581
72.525	9.9	0.999987565431161	0.810002376014464	0.000869940027902565	14.0634474009265	0.999990052344929
72.675	9.9	0.999984728601949	0.809626441716482	0.000361242182219855	13.9419772431838	0.999987782881559
72.825	9.9	0.999982857824781	0.809266784485844	-7.3192422901316e-05	13.8205624357591	0.999986286259825
72.975	9.9	0.999981689438142	0.80892236941747	-0.000442804433913666	13.6992005372156	0.999985351550514
73.125	9.9	0.999980998343488	0.808592244512526	-0.000755844877307453	13.5778892797248	0.99998479867479
73.275	9.9	0.999980616034031	0.808275539524036	-0.00101952608598223	13.4566265513155	0.999984492827225
73.425	9.9	0.999980428849515	0.80797146243771	-0.00124015488919725	13.3354103780378	0.999984343079612
73.575	9.9	0.99998036711436	0.807679294385603	-0.0014232492452762	13.2142389076353	0.999984293691488
73.725	9.9	0.9999803919909	0.807398383649798	-0.00157363978489398	13.0931103953658	0.99998431359272
73.875	9.9	0.999980483739234	0.807128139274357	-0.00169555789369377	12.9720231920378	0.999984386991387
74.025	9.9	0.999980632867274	0.806868024670351	-0.00179271198922567	12.8509757340343	0.999984506293819
74.175	9.9	0.999980834317604	0.806617551479845	-0.00186835356762418	12.7299665349884	0.999984667454083
74.325	9.9	0.999981084174676	0.806376273864348	-0.00192533445037501	12.6089941787769	0.999984867339741
74.475	9.9	0.99998137816203	0.806143783306478	-0.00196615648632357	12.4880573135484	0.999985102529624
74.625	9.9	0.99998171124012	0.805919703957242	-0.00199301478656831	12.3671546465671	0.999985368992096
74.775	9.9	0.999982077769042	0.805703688523676	-0.0020078354052011	12.2462849397149	0.999985662215234
74.925	9.9	0.999982471877395	0.805495414668256	-0.00201230823505975	12.1254470055374	0.999985977501916
75.075	9.9	0.999982887831854	0.805294581879373	-0.00200791576687498	12.0046397037544	0.999986310265483
75.225	9.9	0.999983320314085	0.805100908766011	-0.00199595826041487	11.8838619381737	0.999986656251268
75.375	9.9	0.999983764582258	0.804914130730064	-0.00197757579504476	11.7631126539601	0.999987011665806
75.525	9.9	0.999984216531654	0.804733997970311	-0.00195376760021299	11.6423908352157	0.999987373225323
75.675	9.9	0.999984672683146	0.804560273776619	-0.00192540901157701	11.5216955028368	0.999987738146517
75.825	9.9	0.999985130128984	0.804392733075695	-0.00189326635209205	11.4010257126085	0.999988104103187
75.975	9.9	0.999985586459607	0.804231161194252	-0.00185800999858954	11.2803805535079	0.999988469167686
76.125	9.9	0.999986039687536	0.804075352809162	-0.00182022586070496	11.1597591461846	0.999988831750029
76.275	9.9	0.999986488177548	0.803925111057469	-0.00178042547013041	11.0391606415933	0.999989190542038
76.425	9.9	0.999986930587078	0.803780246782919	-0.00173905485287315	10.9185842197553	0.999989544469663
76.575	9.9	0.999987365817512	0.803640577897888	-0.00169650233543291	10.7980290886282	0.99998989265401
76.725	9.9	0.999987792975172	0.803505928843337	-0.00165310541635374	10.6774944830684	0.999990234380138
76.875	9.9	0.999988211340202	0.803376130130902	-0.00160915681817349	10.5569796638708	0.999990569072161
77.025	9.9	0.999988620341463	0.80325101795376	-0.00156490982012137	10.4364839168744	0.999990896273171
77.175	9.9	0.999989019535854	0.80313043385514	-0.00152058295919894	10.3160065521235	0.999991215628683
77.325	9.9	0.99998940859087	0.803014224444448	-0.00147636417618658	10.1955469030766	0.999991526872696
77.475	9.9	0.999989787269597	0.802902241153113	-0.00143241447383134	10.0751043258569	0.999991829815678
77.625	9.9	0.999990155417576	0.802794340022709	-0.00138887114557432	9.95467819853688	0.999992124334061
77.775	9.9	0.999990512951242	0.802690381520133	-0.00134585062644591	9.83426792045441	0.999992410360994
77.925	9.9	0.999990859847673	0.802590230374403	-0.00130345101103197	9.71387291155581	0.999992687878139
78.075	9.9	0.999991196135561	0.802493755431399	-0.00126175427803032	9.59349261176262	0.999992956908448
78.225	9.9	0.999991521887237	0.802400829522952	-0.00122082825617655	9.47312648035985	0.99999321750979
78.375	9.9	0.999991837211706	0.802311329347641	-0.00118072836182975	9.35277399540364	0.999993469769365
78.525	9.9	0.999992142248539	0.802225135360952	-0.00114149913515162	9.23243465314666	0.999993713798831
78.675	9.9	0.999992437162575	0.802142131672867	-0.00110317559833844	9.11210796747985	0.99999394973006
78.825	9.9	0.999992722139314	0.802062205951597	-0.00106578445665276	8.99179346938955	0.999994177711451
78.975	9.9	0.999992997380938	0.801985249331962	-0.00102934516045949	8.87149070642905	0.99999439790475
79.125	9.9	0.999993263102865	0.801911156327627	-0.000993870844498779	8.75119924220392	0.999994610482292
79.275	9.9	0.999993519530782	0.801839824746373	-0.000959369158244407	8.63091865587059	0.999994815624625
79.425	9.9	0.999993766898074	0.801771155607793	-0.000925843000236422	8.51064854164763	0.999995013518459
79.575	9.9	0.999994005443633	0.801705053062874	-0.000893291167134215	8.39038850833952	0.999995204354906
79.725	9.9	0.999994235409963	0.801641424315311	-0.000861708927337616	8.27013817887251	0.999995388327971
79.875	9.9	0.999994457041559	0.801580179544059	-0.000831088527765302	8.14989718984231	0.999995565633247
80.025	9.9	0.999994670583517	0.801521231826953	-0.000801419641386799	8.0296651910735	0.999995736466814
80.175	9.9	0.999994876280366	0.801464497065554	-0.000772689762252506	7.90944184519042	0.999995901024293
80.325	9.9	0.999995074375061	0.80140989391074	-0.000744884553954032	7.78922682719933	0.999996059500049
80.475	9.9	0.999995265108142	0.80135734368914	-0.000717988156799715	7.6690198240818	0.999996212086513
80.625	9.9	0.99999544871703	0.801306770330608	-0.000691983458328518	7.54882053439914	0.999996358973624
80.775	9.9	0.999995625435446	0.801258100296321	-0.000666852331353104	7.42862866790764	0.999996500348357
80.925	9.9	0.999995795492918	0.801211262507886	-0.000642575843158529	7.30844394518469	0.999996636394334
81.075	9.9	0.999995959114395	0.801166188277288	-0.000619134439138818	7.18826609726538	0.999996767291516
81.225	9.9	0.999996116519937	0.801122811237673	-0.000596508103669532	7.06809486528972	0.99999689321595
81.375	9.9	0.999996267924462	0.801081067275229	-0.000574676500925452	6.94793000016005	0.99999701433957
81.525	9.9	0.999996413537572	0.801040894461946	-0.000553619097775436	6.82777126220871	0.999997130830058
81.675	9.9	0.99999655356341	0.801002232989446	-0.000533315270818565	6.70761842087573	0.999997242850728
81.825	9.9	0.999996688200565	0.800965025103839	-0.000513744399408288	6.58747125439631	0.999997350560452
81.975	9.9	0.999996817642013	0.800929215041757	-0.000494885946144052	6.46732954949807	0.99999745411361
82.125	9.9	0.999996942075075	0.800894748967414	-0.000476719526391727	6.34719310110778	0.99999755366006
82.275	9.9	0.999997061681421	0.800861574910955	-0.00045922496795645	6.22706171206747	0.999997649345137
82.425	9.9	0.999997176637109	0.800829642707807	-0.000442382362108709	6.10693519285962	0.999997741309687
82.575	9.9	0.999997287112676	0.800798903939476	-0.000426172106934978	5.9868133613415	0.999997829690141
82.725	9.9	0.999997393273271	0.800769311875267	-0.000410574943904644	5.8666960424881	0.999997914618617
82.875	9.9	0.999997495278781	0.800740821415483	-0.000395571988434538	5.74658306814387	0.999997996223024
83.025	9.9	0.999997593283896	0.800713389035702	-0.000381144755160155	5.62647427678277	0.999998074627117
83.175	9.9	0.999997687438033	0.800686972732343	-0.000367275178518381	5.50636951327661	0.999998149950426
83.325	9.9	0.999997777885104	0.800661531969496	-0.000353945629234181	5.3862686286715	0.999998222308083
83.475	9.9	0.99999786476329	0.800637027626978	-0.000341138927131393	5.26617147997214	0.999998291810632
83.625	9.9	0.999997948205131	0.800613421949623	-0.000328838350804521	5.14607792993396	0.999998358564105
83.775	9.9	0.999998028338331	0.800590678497755	-0.000317027644441329	5.02598784686258	0.999998422670665
83.925	9.9	0.999998105287486	0.800568762098701	-0.000305691022182987	4.90590110442059	0.999998484229989
84.075	9.9	0.999998179176237	0.800547638799238	-0.000294813170327119	4.78581758144131	0.999998543340989
84.225	9.9	0.99999825012837	0.800527275819164	-0.000284379247642344	4.66573716174938	0.999998600102696
84.375	9.9	0.999998318265632	0.800507641505933	-0.000274374883970884	4.54565973398824	0.999998654612506
84.525	9.9	0.999998383700579	0.800488705290795	-0.000264786177409739	4.42558519145477	0.999998706960463
84.675	9.9	0.999998446525635	0.800470437646844	-0.000255599690201443	4.30551343194125	0.999998757220508
84.825	9.9	0.999998506804717	0.800452810048694	-0.000246802443473408	4.18544435758473	0.999998805443774
84.975	9.9	0.999998564578882	0.800435794933197	-0.000238381910980074	4.06537787472271	0.999998851663106
85.125	9.9	0.999998619897481	0.80041936565902	-0.000230326011983997	3.94531389375315	0.999998895917985
85.275	9.9	0.999998672874959	0.800403496463036	-0.000222623103297268	3.82525232899633	0.999998938299967
85.425	9.9	0.999998723748349	0.800388162412387	-0.000215261970623808	3.70519309855704	0.999998978998679
85.575	9.9	0.999998772879735	0.800373339355076	-0.000208231819245079	3.58513612418976	0.999999018303788
85.725	9.9	0.999998820634978	0.800359003877158	-0.000201522264158991	3.4650813311752	0.999999056507983
85.875	9.9	0.999998867109206	0.800345133278763	-0.00019512331965701	3.34502864822162	0.999999093687365
86.025	9.9	0.999998911784996	0.800331705577366	-0.000189025388520598	3.2249780074013	0.999999129427997
86.175	9.9	0.999998953379256	0.800318699530613	-0.00018321925081739	3.10492934411652	0.999999162703405
86.325	9.9	0.999998990257431	0.800306094642348	-0.00017769605232077	2.98488259705861	0.999999192205945
86.475	9.9	0.999999021690969	0.800293871088211	-0.000172447292593468	2.86483770809249	0.999999217352775
86.625	9.9	0.999999049735325	0.800282009499475	-0.000167464812678943	2.74479462199657	0.99999923978826
86.775	9.9	0.999999080625272	0.800270490608703	-0.000162740782625917	2.62475328605147	0.999999264500218
86.925	9.9	0.999999123729604	0.80025929490077	-0.000158267689188742	2.5047136496182	0.999999298983683
87.075	9.9	0.999999186152155	0.800248402578928	-0.000154038324570419	2.38467566403241	0.999999348921724
87.225	9.9	0.999999263051237	0.800237794216772	-0.000150045777423601	2.26463928322975	0.99999941044099
87.375	9.9	0.999999328058252	0.800227452235614	-0.000146283427286885	2.14460446530369	0.999999462446601
87.525	9.9	0.999999333362648	0.800217362698057	-0.000142744943044379	2.02457117452768	0.999999466690119
87.675	9.9	0.99999923104016	0.800207515979009	-0.000139424284711956	1.9045393823583	0.999999384832128
87.825	9.9	0.999999020220615	0.800197904242092	-0.000136315706789281	1.78450906515978	0.999999216176492
87.975	9.9	0.999998804758722	0.800188514294599	-0.000133413762530754	1.66448019690585	0.999999043806977
88.125	9.9	0.999998817214146	0.80017931722352	-0.000130713313993621	1.5444527379729	0.999999053771317
88.275	9.9	0.999999344852223	0.800170261074261	-0.000128209563869602	1.42442662634694	0.999999475881779
88.425	9.9	1.00000051242584	0.800161277380901	-0.000125898138519395	1.30440178282538	1.00000040994067
88.575	9.9	1.00000196313235	0.800152311732482	-0.000123775257410021	1.18437814197979	1.00000157050588
88.725	9.9	1.00000262947206	0.800143377143725	-0.000121838006450232	1.06435570945395	1.00000210357765
88.875	9.9	1.00000092839651	0.800134605031582	-0.000120084678923918	0.944334620913311	1.00000074271721
89.025	9.9	0.999995700225568	0.800126240571209	-0.000118515065985071	0.824315146567704	0.999996560180454
89.175	9.9	0.999987862935239	0.800118519838542	-0.000117130518529602	0.704297571208988	0.999990290348191
89.325	9.9	0.999982013817867	0.800111407192784	-0.000115933658974039	0.584281917927543	0.999985611054293
89.475	9.9	0.999986335765737	0.800104283238224	-0.000114927898191583	0.464267599393132	0.999989068612589
89.625	9.9	1.00000885505444	0.800095831371059	-0.000114117418505591	0.34425325320399	1.00000708404355
89.775	9.9	1.00004933857788	0.800073886530911	-0.000113508798413437	0.224237145834298	1.0000394708623
89.925	9.9	1.00008955862065	0.400094936156285	-0.000113126514133892	0.104221609975452	1.00007164689652
0.075	10.1	2.74810351721848e-30	0.399999445656993	-1.46536419324984e-05	36.0880553952049	0.2
0.225	10.1	7.70250086156398e-31	0.799998336165261	-1.46754267951794e-05	36.0640554284655	0.2
0.375	10.1	2.96520778454363e-30	0.799997224254284	-1.47190385537303e-05	36.040055495035	0.2
0.525	10.1	-6.66603115104437e-30	0.799996108305713	-1.47845617437736e-05	36.0160555950102	0.2
0.675	10.1	-5.5531269865176e-30	0.799994986691813	-1.48721228673491e-05	35.9920557285366	0.2
0.825	10.1	-2.39797728414837e-29	0.799993857772578	-1.49818900152549e-05	35.9680558958087	0.2
0.975	10.1	-1.89236475443276e-29	0.799992719893267	-1.51140738529065e-05	35.9440560970703	0.2
1.125	10.1	-3.47150902868827e-29	0.799991571378699	-1.52689263279679e-05	35.9200563326151	0.2
1.275	10.1	-5.69626654905971e-30	0.799990410531391	-1.54467413724576e-05	35.8960566027875	0.2
1.425	10.1	4.05514137648903e-30	0.799989235628573	-1.56478536694876e-05	35.8720569079832	0.2
1.575	10.1	7.72673334141602e-29	0.799988044917374	-1.58726402133332e-05	35.8480572486498	0.2
1.725	10.1	1.14126011080879e-28	0.799986836613658	-1.61215183684681e-05	35.8240576252882	0.2
1.875	10.1	2.02789383531707e-28	0.799985608896118	-1.63949472771211e-05	35.800058038453	0.2
2.025	10.1	1.91640298034617e-28	0.799984359906012	-1.66934268797895e-05	35.7760584887544	0.2
2.175	10.1	1.78538959962152e-28	0.799983087742152	-1.70174988807126e-05	35.7520589768586	0.2
2.325	10.1	-2.52761322984082e-29	0.799981790458043	-1.73677452770962e-05	35.7280595034899	0.2
2.475	10.1	-2.58907048621684e-28	0.799980466059423	-1.77447904977069e-05	35.7040600694312	0.2
2.625	10.1	-6.83024864715868e-28	0.799979112501253	-1.81493003868452e-05	35.6800606755263	0.2
2.775	10.1	-9.83083882380308e-28	0.799977727683449	-1.85819832282053e-05	35.6560613226811	0.2
2.925	10.1	-1.23899039712211e-27	0.799976309449853	-1.90435897303001e-05	35.6320620118653	0.2
3.075	10.1	-9.76238645380508e-28	0.799974855582995	-1.95349140587666e-05	35.6080627441141	0.2
3.225	10.1	-3.20120859399153e-28	0.799973363802482	-2.00567941550455e-05	35.5840635205303	0.2
3.375	10.1	1.12353635135264e-27	0.799971831761486	-2.06101131830424e-05	35.560064342286	0.2
3.525	10.1	2.80127107545086e-27	0.799970257042963	-2.11957999160784e-05	35.5360652106246	0.2
3.675	10.1	4.64902586192499e-27	0.799968637157222	-2.18148300542707e-05	35.5120661268634	0.2
3.825	10.1	5.42257900799001e-27	0.799966969537455	-2.24682276106589e-05	35.4880670923952	0.2
3.975	10.1	4.74089342081562e-27	0.799965251537395	-2.31570662038948e-05	35.4640681086911	0.2
4.125	10.1	1.33499097548861e-27	0.799963480427269	-2.38824701353245e-05	35.4400691773029	0.2
4.275	10.1	-4.16524991545478e-27	0.799961653389408	-2.4645616644795e-05	35.4160702998655	0.2
4.425	10.1	-1.13811949018921e-26	0.799959767515803	-2.54477373831834e-05	35.3920714780996	0.2
4.575	10.1	-1.71328727906614e-26	0.799957819801928	-2.62901200191996e-05	35.3680727138146	0.2
4.725	10.1	-1.90129892581895e-26	0.79995580714517	-2.71741108473724e-05	35.3440740089114	0.2
4.875	10.1	-1.29106240245634e-26	0.799953726338243	-2.81011163785236e-05	35.3200753653858	0.2
5.025	10.1	1.26244654435101e-27	0.799951574065427	-2.90726055412276e-05	35.2960767853312	0.2
5.175	10.1	2.20941123970664e-26	0.799949346899112	-3.00901123442388e-05	35.2720782709419	0.2
5.325	10.1	4.06125346017354e-26	0.799947041292443	-3.11552387515061e-05	35.2480798245172	0.2
5.475	10.1	4.67218261329802e-26	0.799944653575379	-3.22696559463169e-05	35.2240814484644	0.2
5.625	10.1	2.70626545577618e-26	0.799942179950166	-3.34351083071907e-05	35.2000831453027	0.2
5.775	10.1	-2.09716233861387e-26	0.799939616484413	-3.46534157794115e-05	35.1760849176674	0.2
5.925	10.1	-8.83215711442549e-26	0.799936959105715	-3.59264766665717e-05	35.1520867683136	0.2
6.075	10.1	-1.39838825561204e-25	0.799934203596046	-3.72562704468648e-05	35.128088700121	0.2
6.225	10.1	-1.26428951883081e-25	0.799931345584524	-3.86448618370623e-05	35.1040907160979	0.2
6.375	10.1	8.57560762672278e-27	0.79992838054185	-4.00944032185018e-05	35.0800928193859	0.2
6.525	10.1	2.84326463115762e-25	0.799925303772382	-4.16071382368142e-05	35.0560950132653	0.2
6.675	10.1	6.51913474008706e-25	0.799922110408609	-4.31854056399285e-05	35.0320973011596	0.2
6.825	10.1	9.43463624192122e-25	0.799918795401103	-4.48316422476375e-05	35.0080996866408	0.2
6.975	10.1	8.8785273079621e-25	0.79991535351455	-4.65483871792078e-05	34.9841021734355	0.2
7.125	10.1	1.60671833459902e-25	0.799911779316208	-4.83382860233657e-05	34.96010476543	0.2
7.275	10.1	-1.43959081516112e-24	0.799908067169397	-5.0204094127055e-05	34.9361074666766	0.2
7.425	10.1	-3.78236853875216e-24	0.799904211225489	-5.21486812203168e-05	34.9121102813998	0.2
7.575	10.1	-6.14378134572211e-24	0.79990020541251	-5.41750353064125e-05	34.888113214003	0.2
7.725	10.1	-7.12033795878912e-24	0.799896043428764	-5.62862678970845e-05	34.8641162690751	0.2
7.875	10.1	-4.78234459968699e-24	0.799891718731375	-5.8485617750753e-05	34.8401194513973	0.2
8.025	10.1	2.66185808076633e-24	0.799887224526595	-6.07764557722084e-05	34.8161227659512	0.2
8.175	10.1	1.57719833052203e-23	0.799882553759865	-6.31622903275742e-05	34.7921262179257	0.2
8.325	10.1	3.23841840763665e-23	0.799877699104499	-6.56467717955376e-05	34.7681298127256	0.2
8.475	10.1	4.6354363038508e-23	0.799872652950916	-6.82336978142999e-05	34.7441335559794	0.2
8.625	10.1	4.72035079496961e-23	0.799867407395061	-7.09270195271438e-05	34.7201374535485	0.2
8.775	10.1	2.19158379164506e-23	0.799861954225901	-7.3730845684682e-05	34.6961415115357	0.2
8.925	10.1	-4.02835629119648e-23	0.799856284913893	-7.66494491936966e-05	34.672145736295	0.2
9.075	10.1	-1.39661299307356e-22	0.799850390596638	-7.96872735057252e-05	34.6481501344409	0.2
9.225	10.1	-2.55709800131407e-22	0.799844262066913	-8.28489376942736e-05	34.6241547128592	0.2
9.375	10.1	-3.38553304823559e-22	0.799837889757902	-8.61392436986286e-05	34.6001594787169	0.2
9.525	10.1	-3.09128556934079e-22	0.79983126372918	-8.95631813898814e-05	34.5761644394737	0.2
9.675	10.1	-7.67174776396012e-23	0.799824373651717	-9.31259375940502e-05	34.5521696028931	0.2
9.825	10.1	4.18977160152207e-22	0.799817208791864	-9.68329000221899e-05	34.5281749770546	0.2
9.975	10.1	1.14285003095944e-21	0.799809757996357	-0.000100689667565234	34.5041805703656	0.2
10.125	10.1	1.89388395942134e-21	0.799802009674563	-0.000104702054766058	34.4801863915748	0.2
10.275	10.1	2.26777860780621e-21	0.799793951781866	-0.000108876100817347	34.4561924497851	0.2
10.425	10.1	1.70711564715294e-21	0.799785571802202	-0.000113218077416593	34.4321987544679	0.2
10.575	10.1	-3.09332483706595e-22	0.799776856727858	-0.000117734495381671	34.408205315477	0.2
10.725	10.1	-3.92569609302452e-21	0.799767793042567	-0.000122432114308738	34.3842121430642	0.2
10.875	10.1	-8.48443819558352e-21	0.799758366700289	-0.000127317949889627	34.3602192478945	0.2
11.025	10.1	-1.21991941211728e-20	0.799748563104711	-0.000132399282698903	34.3362266410622	0.2
11.175	10.1	-1.22062655706127e-20	0.799738367087314	-0.000137683667439937	34.3122343341082	0.2
11.325	10.1	-5.30019483061701e-21	0.799727762887671	-0.000143178940752165	34.288242339037	0.2
11.475	10.1	1.04841714850846e-20	0.79971673412817	-0.00014889323106194	34.2642506683349	0.2
11.625	10.1	3.36376953417565e-20	0.799705263791081	-0.000154834968269691	34.2402593349893	0.2
11.775	10.1	5.70440010879308e-20	0.799693334194271	-0.000161012891918532	34.2162683525075	0.2
11.925	10.1	6.72963423669991e-20	0.799680926966306	-0.000167436062239337	34.1922777349376	0.2
12.075	10.1	4.71225846925788e-20	0.79966802302007	-0.000174113868728662	34.1682874968895	0.2
12.225	10.1	-1.78002177189537e-20	0.799654602523968	-0.000181056040937397	34.1442976535564	0.2
12.375	10.1	-1.27870130161995e-19	0.799640644877312	-0.000188272657615913	34.120308220738	0.2
12.525	10.1	-2.57251958084218e-19	0.79962612867867	-0.000195774157192313	34.0963192148638	0.2
12.675	10.1	-3.46385521511537e-19	0.79961103169649	-0.000203571348233664	34.0723306530173	0.2
12.825	10.1	-3.07851382739565e-19	0.79959533083946	-0.000211675418653991	34.048342552962	0.2
12.975	10.1	-5.38081565233588e-20	0.799579002123198	-0.000220097946709475	34.024354933167	0.2
13.125	10.1	4.52548927090718e-19	0.799562020637785	-0.000228850911051996	34.0003678128346	0.2
13.275	10.1	1.13091207688236e-18	0.799544360514676	-0.000237946699560131	33.9763812119287	0.2
13.425	10.1	1.72960508186355e-18	0.799525994890438	-0.000247398120707472	33.9523951512037	0.2
13.575	10.1	1.82533127208996e-18	0.799506895871461	-0.000257218412148191	33.9284096522353	0.2
13.725	10.1	9.24169241065395e-19	0.799487034496443	-0.000267421250781155	33.9044247374514	0.2
13.875	10.1	-1.30797754636219e-18	0.799466380698212	-0.000278020760927005	33.8804404301655	0.2
14.025	10.1	-4.7089203340307e-18	0.799444903264548	-0.000289031523852387	33.8564567546095	0.2
14.175	10.1	-8.28455560407512e-18	0.79942256979699	-0.000300468585157513	33.8324737359696	0.2
14.325	10.1	-1.0073058999912e-17	0.799399346669995	-0.000312347462826275	33.8084914004217	0.2
14.475	10.1	-7.46329038195197e-18	0.799375198987223	-0.000324684153359467	33.7845097751694	0.2
14.625	10.1	1.8257332591914e-18	0.799350090538433	-0.000337495138117663	33.7605288884825	0.2
14.775	10.1	1.81080758697458e-17	0.799323983753649	-0.00035079738834043	33.7365487697371	0.2
14.925	10.1	3.78332298439804e-17	0.799296839656784	-0.00036460836810807	33.7125694494573	0.2
15.075	10.1	5.23235023942522e-17	0.79926861781959	-0.000378946037560444	33.6885909593577	0.2
15.225	10.1	4.84476261685648e-17	0.799239276311719	-0.000393828853338263	33.6646133323881	0.2
15.375	10.1	1.25193234239945e-17	0.799208771651022	-0.000409275767730416	33.640636602779	0.2
15.525	10.1	-6.20764928578961e-17	0.799177058754466	-0.000425306226123318	33.616660806089	0.2
15.675	10.1	-1.64797568354498e-16	0.799144090885399	-0.000441940160699634	33.5926859792537	0.2
15.825	10.1	-2.59230094825869e-16	0.799109819600614	-0.000459197983913052	33.5687121606359	0.2
15.975	10.1	-2.82111416221351e-16	0.799074194697273	-0.000477100577685862	33.5447393900777	0.2
16.125	10.1	-1.57427434621132e-16	0.799037164159425	-0.000495669278059494	33.5207677089541	0.2
16.275	10.1	1.69604119075234e-16	0.798998674101478	-0.000514925858888513	33.4967971602281	0.2
16.425	10.1	6.81442106066193e-16	0.798958668712822	-0.000534892509167309	33.472827788508	0.200000000000001
16.575	10.1	1.23537835206167e-15	0.798917090201445	-0.000555591806682948	33.4488596401054	0.200000000000001
16.725	10.1	1.53877689597948e-15	0.798873878738326	-0.000577046685635948	33.4248927630959	0.200000000000001
16.875	10.1	1.1916883468088e-15	0.798828972397738	-0.000599280399373464	33.4009272073811	0.200000000000001
17.025	10.1	-1.69434064940922e-16	0.79878230710256	-0.00062231647483168	33.376963024752	0.2
17.175	10.1	-2.62363775285458e-15	0.798733816565678	-0.000646178661432306	33.3530002689549	0.199999999999998
17.325	10.1	-5.66879289134876e-15	0.798683432232617	-0.00067089087000534	33.3290389957581	0.199999999999996
17.475	10.1	-8.00991691128253e-15	0.798631083226551	-0.000696477103625702	33.3050792630209	0.199999999999994
17.625	10.1	-7.6328681264206e-15	0.798576696290744	-0.000722961376817784	33.2811211307645	0.199999999999994
17.775	10.1	-2.37033057026686e-15	0.798520195734748	-0.000750367624134534	33.2571646612435	0.199999999999998
17.925	10.1	8.94338964857142e-15	0.798461503379968	-0.0007787195949758	33.2332099190204	0.200000000000007
18.075	10.1	2.48968327855879e-14	0.798400538509778	-0.000808040734371561	33.2092569710407	0.20000000000002
18.225	10.1	4.00706289409227e-14	0.798337217816304	-0.000838354047339513	33.1853058867098	0.200000000000032
18.375	10.1	4.47285910010724e-14	0.798271455356336	-0.000869681944674015	33.1613567379717	0.200000000000036
18.525	10.1	2.68021713963039e-14	0.79820316250648	-0.00090204606961592	33.1374095993884	0.200000000000021
18.675	10.1	-2.2988771835536e-14	0.798132247920342	-0.000935467100763142	33.1134645482213	0.199999999999982
18.825	10.1	-1.03152847563448e-13	0.798058617494706	-0.000969964529995914	33.0895216645132	0.199999999999918
18.975	10.1	-1.92793347460549e-13	0.797982174335578	-0.00100555641443356	33.0655810311717	0.199999999999846
19.125	10.1	-2.46870455224552e-13	0.797902818733863	-0.00104225909286262	33.0416427340531	0.199999999999803
19.275	10.1	-2.01607916207498e-13	0.797820448143684	-0.00108008687175581	33.0177068620477	0.199999999999839
19.425	10.1	4.20069147687538e-15	0.797734957171769	-0.00111905166915765	32.9937735071645	0.200000000000003
19.575	10.1	3.90559605592804e-13	0.797646237571335	-0.00115916261655977	32.9698427646174	0.200000000000312
19.725	10.1	8.87871534193351e-13	0.797554178248239	-0.00120042561209142	32.9459147329102	0.20000000000071
19.875	10.1	1.29877436310117e-12	0.797458665276731	-0.00124284281888047	32.9219895139223	0.200000000001039
20.025	10.1	1.30183312303307e-12	0.797359581926594	-0.00128641210414469	32.8980672129933	0.200000000001041
20.175	10.1	5.31929682610406e-13	0.797256808702594	-0.00133112640952236	32.8741479390065	0.200000000000426
20.325	10.1	-1.24225773363243e-12	0.79715022340388	-0.00137697304713941	32.850231804471	0.199999999999006
20.475	10.1	-3.86247769674493e-12	0.797039701191619	-0.00142393291115675	32.8263189256025	0.19999999999691
20.625	10.1	-6.52830312490074e-12	0.796925114683393	-0.00147197959546774	32.8024094224003	0.199999999994777
20.775	10.1	-7.69926288009192e-12	0.796806334063807	-0.00152107840561311	32.7785034187227	0.199999999993841
20.925	10.1	-5.34622927670395e-12	0.796683227217283	-0.00157118525404478	32.7546010423579	0.199999999995723
21.075	10.1	2.28655614978653e-12	0.796555659891728	-0.00162224542267879	32.7307024250907	0.200000000001829
21.225	10.1	1.54041828066582e-11	0.796423495884316	-0.00167419217888922	32.706807702764	0.200000000012323
21.375	10.1	3.11613119755188e-11	0.796286597264049	-0.00172694522645887	32.6829170153347	0.200000000024929
21.525	10.1	4.26211146242917e-11	0.796144824627522	-0.00178040897252459	32.6590305069222	0.200000000034097
21.675	10.1	3.91870752028806e-11	0.79599803739218	-0.00183447058972257	32.6351483258489	0.20000000003135
21.825	10.1	9.55754699196599e-12	0.795846094134512	-0.00188899784739165	32.6112706246712	0.200000000007646
21.975	10.1	-5.22897812007869e-11	0.795688852972682	-0.00194383668725003	32.587397560199	0.199999999958168
22.125	10.1	-1.38889540671147e-10	0.795526172000459	-0.00199880850980891	32.5635292935028	0.199999999888888
22.275	10.1	-2.21660841284176e-10	0.795357909779189	-0.0020537071371704	32.5396659899055	0.199999999822671
22.425	10.1	-2.48793400034666e-10	0.795183925891704	-0.0021082954079912	32.5158078189584	0.199999999800965
22.575	10.1	-1.54729043864059e-10	0.7950040815712	-0.00216230135683285	32.4919549543995	0.199999999876217
22.725	10.1	1.14027957123973e-10	0.794818240413892	-0.0022154139274655	32.4681075740936	0.200000000091222
22.875	10.1	5.5728142619113e-10	0.794626269186107	-0.00226727815581968	32.4442658599529	0.200000000445825
23.025	10.1	1.07372811331374e-09	0.794428038741115	-0.0023174897684333	32.4204299978362	0.200000000858983
23.175	10.1	1.42987242120278e-09	0.794223425047142	-0.00236558913071195	32.3966001774237	0.200000001143898
23.325	10.1	1.2773630512109e-09	0.794012310337883	-0.00241105448727009	32.3727765920608	0.20000000102189
23.475	10.1	2.51225963902711e-10	0.793794584382023	-0.00245329442186322	32.34895943856	0.200000000200981
23.625	10.1	-1.8362415046149e-09	0.793570145872276	-0.00249163945339753	32.32514891695	0.199999998531007
23.775	10.1	-4.73252959273875e-09	0.793338903944251	-0.00252533265130414	32.3013452301574	0.199999996213976
23.925	10.1	-7.50162005702294e-09	0.793100779853026	-0.00255351909708302	32.2775485836144	0.199999993998704
24.075	10.1	-8.45467701949299e-09	0.792855708877289	-0.00257523396284686	32.2537591847941	0.199999993236258
24.225	10.1	-5.44457312513647e-09	0.792603642551804	-0.00258938891088331	32.2299772426906	0.199999995644341
24.375	10.1	3.32608232021315e-09	0.792344551365934	-0.00259475650085824	32.2062029672767	0.200000002660866
24.525	10.1	1.79916568706047e-08	0.792078428071103	-0.00258995232651514	32.1824365689761	0.200000014393326
24.675	10.1	3.55011339657653e-08	0.791805291677049	-0.00257341475200839	32.1586782581722	0.200000028400907
24.825	10.1	4.8551678818818e-08	0.791525192090327	-0.00254338232465148	32.1349282447291	0.200000038841343
24.975	10.1	4.59579394310387e-08	0.791238215182431	-0.00249786920474925	32.1111867374236	0.200000036766352
25.125	10.1	1.54796636005758e-08	0.790944487893291	-0.00243463906870767	32.0874539430909	0.200000012383731
25.275	10.1	-5.03500659294788e-08	0.790644182935041	-0.00235117777472252	32.0637300652116	0.199999959719947
25.425	10.1	-1.46031750285182e-07	0.790337522900033	-0.00224466439465855	32.0400153016689	0.1999998831746
25.575	10.1	-2.4499440850836e-07	0.790024784187275	-0.00211193892981006	32.016309841537	0.199999804004473
25.725	10.1	-2.96036031851576e-07	0.789706302206195	-0.00194946331157892	31.9926138610701	0.199999763171175
25.875	10.1	-2.30038139054885e-07	0.78938248056676	-0.00175327066221273	31.9689275195122	0.199999815969489
26.025	10.1	1.8058052758988e-08	0.789053807941529	-0.00151889724661308	31.9452509558172	0.200000014446442
26.175	10.1	4.7102343041614e-07	0.788720886243692	-0.00124129328676468	31.921584287616	0.200000376818744
26.325	10.1	1.06164745807705e-06	0.78838447188461	-0.000914713910848262	31.8979276134812	0.200000849317966
26.475	10.1	1.59288058022462e-06	0.788045527629379	-0.000532600068935821	31.8742810184262	0.200001274304464
26.625	10.1	1.73306800329145e-06	0.787705276358248	-8.74696412354332e-05	31.8506445805604	0.200001386454403
26.775	10.1	1.07732240391545e-06	0.787365241610979	0.00042915292678696	31.8270183742095	0.200000861857923
26.925	10.1	-7.03084770753486e-07	0.787027256632256	0.00102674070827181	31.8034024624847	0.199999437532183
27.075	10.1	-3.62898606595546e-06	0.786693428423811	0.00171569096199168	31.7797968716148	0.199997096811147
27.225	10.1	-7.15108662231459e-06	0.786366060532568	0.00250720102908689	31.7562015419551	0.199994279130702
27.375	10.1	-9.96493632448764e-06	0.786047569697127	0.00341317744256656	31.7326162575921	0.19999202805094
27.525	10.1	-1.00558117793481e-05	0.785740472852622	0.00444632585939547	31.7090405676726	0.199991955350577
27.675	10.1	-5.13007653009339e-06	0.785447559352595	0.00562061151091535	31.6854737255229	0.199995895938776
27.825	10.1	6.47994044351958e-06	0.785172376317147	0.00695226020544789	31.6619146811689	0.200005183952355
27.975	10.1	2.45131976357335e-05	0.784920114849124	0.00846134657732578	31.6383621618551	0.200019610558109
28.125	10.1	4.53997568660663e-05	0.784698868253528	0.0101737661305675	31.6148148564615	0.200036319805493
28.275	10.1	6.13925529113705e-05	0.784521037523364	0.0121230331637218	31.5912716797268	0.200049114042329
28.425	10.1	6.09846996849541e-05	0.784404419082203	0.0143509787757749	31.5677320349103	0.200048787759748
28.575	10.1	3.13429886724513e-05	0.784372307198688	0.0169062050189764	31.5441959337815	0.200025074390938
28.725	10.1	-3.69123372877188e-05	0.784451902081958	0.0198392918034741	31.520663796181	0.19997047013017
28.875	10.1	-0.000143059808247156	0.784670574954693	0.0231944502247651	31.4971357690854	0.199885552153402
29.025	10.1	-0.000269352163416528	0.785050223213411	0.0269986765794709	31.473610502841	0.199784518269267
29.175	10.1	-0.000376522980034104	0.785601096945227	0.0312513970654215	31.4500835048868	0.199698781615973
29.325	10.1	-0.000405077541690181	0.786317971964884	0.0359196764491878	31.4265454282722	0.199675937966648
29.475	10.1	-0.000285359978528444	0.7871829566507	0.0409453762500331	31.4029808713092	0.199771712017177
29.625	10.1	4.2368138705232e-05	0.78817970425634	0.0462698077837448	31.3793683621959	0.200033894510964
29.775	10.1	0.000599758055791196	0.789322265699512	0.0518771447510626	31.3556820745641	0.200479806444633
29.925	10.1	0.00134000998462503	0.790697643271679	0.0578501683586864	31.3318954096809	0.2010720079877
30.075	10.1	0.00212481639206984	0.792515190118961	0.0644233131915191	31.307985925711	0.201699853113656
30.225	10.1	0.00271975210299489	0.795150972153933	0.0720128773292592	31.2839403504498	0.202175801682396
30.375	10.1	0.00281743817882179	0.799173696742091	0.0812059358142871	31.2597578401349	0.202253950543057
30.525	10.1	0.00209187876085466	0.805340613916433	0.0926967784943016	31.2354495392489	0.201673503008684
30.675	10.1	0.000278147061757951	0.814553009681202	0.107167410463172	31.2110330813178	0.200222517649406
30.825	10.1	-0.0027384100934181	0.827757149301416	0.125112930129819	31.1865219829417	0.197809271925266
30.975	10.1	-0.00684647588997215	0.845768835402372	0.146616816345819	31.1619116696075	0.194522819288022
31.125	10.1	-0.0116707194248515	0.869000101349866	0.171096991938416	31.1371655814432	0.190663424460119
31.275	10.1	-0.0165892012524987	0.89709903661322	0.197083616872555	31.1122057090536	0.186728638998001
31.425	10.1	-0.0208113713480025	0.928600829279087	0.222149908035384	31.0869113567972	0.183350902921598
31.575	10.1	-0.0235058438280603	0.96080717811279	0.243154696017259	31.061127768903	0.181195324937552
31.725	10.1	-0.0239516873444668	0.990144935274433	0.25688768672343	31.0346832261451	0.180838650124427
31.875	10.1	-0.021676663755457	1.01305038572028	0.260983451284639	31.0074108268462	0.182658668995634
32.025	10.1	-0.0165460275616545	1.02703053360534	0.254696962392421	30.9791704956207	0.186763177950676
32.175	10.1	-0.00877912768882455	1.03133121717377	0.239094868323148	30.9498673809537	0.19297669784894
32.325	10.1	0.00110597149366056	1.02688754905353	0.216560374233468	30.9194636278171	0.200884777194928
32.475	10.1	0.012397991095575	1.01571986018268	0.189949315108614	30.8879815580049	0.20991839287646
32.625	10.1	0.0243156562091211	1.00019703768338	0.161856453767744	30.8554981436184	0.219452524967297
32.775	10.1	0.0361188866805825	0.982489420952837	0.134231924569104	30.8221328283896	0.228895109344466
32.925	10.1	0.0471891426319043	0.964301664124442	0.108321301728384	30.7880320365868	0.237751314105523
33.075	10.1	0.0570726236384002	0.946822898702342	0.0847855930737016	30.7533536320377	0.24565809891072
33.225	10.1	0.0654896939032816	0.930793556040508	0.0638727584986513	30.7182536225967	0.252391755122625
33.375	10.1	0.0723192637875021	0.916611584017911	0.0455709003581665	30.6828762462579	0.257855411030002
33.525	10.1	0.0775683591793609	0.904435800805318	0.0297205120948317	30.6473476455712	0.262054687343489
33.675	10.1	0.0813360033045582	0.894269804458405	0.0160875360545126	30.6117727539572	0.265068802643647
33.825	10.1	0.0837781369366642	0.886023730510305	0.00440712350309893	30.5762347376787	0.267022509549331
33.975	10.1	0.0850776460769724	0.879556907432091	-0.0055917561253444	30.5407962699449	0.268062116861578
34.125	10.1	0.085421295013665	0.874705960505346	-0.0141731425330827	30.5055019717268	0.268337036010932
34.275	10.1	0.084983783058966	0.871302566748652	-0.0215873465029611	30.4703814684979	0.267987026447173
34.425	10.1	0.0839182272626006	0.869184197042448	-0.0280677539824823	30.4354526365272	0.26713458181008
34.575	10.1	0.0823519731699172	0.868200305536638	-0.0338296162804047	30.4007247214001	0.265881578535934
34.725	10.1	0.0803865807913989	0.868215582867991	-0.0390699481013444	30.3662010962107	0.264309264633119
34.875	10.1	0.0781008337251365	0.869111237875533	-0.043967886771877	30.3318814947248	0.262480666980109
35.025	10.1	0.0755555060363236	0.870784824700152	-0.0486849424701011	30.2977636269915	0.260444404829059
35.175	10.1	0.0727983738325717	0.87314894353689	-0.0533648033820703	30.2638441841038	0.258238699066057
35.325	10.1	0.0698677501984634	0.876129263661161	-0.0581329528207175	30.2301193728105	0.255894200158771
35.475	10.1	0.0667929936845729	0.879662707817821	-0.063097241869832	30.1965852649558	0.253434394947658
35.625	10.1	0.0635913562636863	0.883697075507662	-0.0683512936955004	30.1632383369764	0.250873085010949
35.775	10.1	0.0602623330643517	0.888193428175533	-0.0739824230402481	30.1300765214914	0.248209866451481
35.925	10.1	0.0567829863193646	0.89313167738956	-0.0800839015500883	30.0971008253192	0.245426389055492
36.075	10.1	0.053109535469606	0.89851772572792	-0.0867678309851461	30.0643170967316	0.242487628375685
36.225	10.1	0.0491903902214266	0.904387631214502	-0.0941708296917338	30.0317369956096	0.239352312177141
36.375	10.1	0.0449924987394355	0.910801962416759	-0.102442739401679	29.9993769155409	0.235993998991548
36.525	10.1	0.0405362517270139	0.917823844216243	-0.1117117034839	29.9672538563896	0.232429001381611
36.675	10.1	0.0359259987028473	0.925479329486579	-0.122029604804941	29.9353782516743	0.228740798962278
36.825	10.1	0.0313572278449673	0.933710152318696	-0.133320009797984	29.9037453920146	0.225085782275974
36.975	10.1	0.027082199114625	0.942345628082035	-0.145371358021847	29.8723287876582	0.2216657592917
37.125	10.1	0.0233265446545624	0.95113504780446	-0.157927124942093	29.8410796642654	0.21866123572365
37.275	10.1	0.0201696133777891	0.959877879570837	-0.170901032947134	29.8099358781903	0.216135690702231
37.425	10.1	0.0174255400476181	0.968650840280755	-0.184680305825132	29.7788405037182	0.213940432038095
37.575	10.1	0.0145799108974406	0.978069600239561	-0.200405161590151	29.7477658044112	0.211663928717952
37.725	10.1	0.010836786566248	0.989485151457837	-0.220090897615848	29.7167338874743	0.208669429252998
37.875	10.1	0.00530540526430619	1.00503390504589	-0.246511080808809	29.6858232138685	0.204244324211445
38.025	10.1	-0.00269160945655705	1.02749227753545	-0.282810900399999	29.6551521462506	0.197846712434754
38.175	10.1	-0.013260258428688	1.05982691053138	-0.331756973484219	29.6248374231197	0.18939179325705
38.325	10.1	-0.0256362750703394	1.10411945084803	-0.394340408516044	29.5949353905123	0.179490979943728
38.475	10.1	-0.0380600900133369	1.15933788803778	-0.467371668984628	29.5653835784574	0.16955192798933
38.625	10.1	-0.0479169924248109	1.21797274859255	-0.5404567516927	29.5359649982799	0.161666406060151
38.775	10.1	-0.0521842672120693	1.26411170314015	-0.595229927519691	29.5063119953742	0.158252586230345
38.925	10.1	-0.0481257156321765	1.27844179437707	-0.611962576361581	29.4759503143881	0.161499427494259
39.075	10.1	-0.0340117398467876	1.25059596221574	-0.582762292246429	29.4443717100112	0.17279060812257
39.225	10.1	-0.00955239528764902	1.18673863299377	-0.517992202847921	29.4111229433401	0.192358083769881
39.375	10.1	0.0241210080516363	1.10340747896672	-0.437479857639798	29.3758880791977	0.219296806441309
39.525	10.1	0.0648212009791287	1.01645006308774	-0.357899065971716	29.3385308224378	0.251856960783303
39.675	10.1	0.109798420512158	0.935672925556922	-0.287990159438296	29.2990880720945	0.287838736409726
39.825	10.1	0.156208776531383	0.865252481740178	-0.230291887900692	29.2577339486623	0.324967021225107
39.975	10.1	0.201489820384729	0.805943625558149	-0.18417599039667	29.2147345156149	0.361191856307783
40.125	10.1	0.243613297939156	0.756900178131464	-0.147888451725087	29.1704038664038	0.394890638351325
40.275	10.1	0.281204082288352	0.716720888856669	-0.119529217458756	29.1250666772617	0.424963265830682
40.425	10.1	0.313537420996721	0.683943674759901	-0.0974183659964347	29.0790298515186	0.450829936797377
40.575	10.1	0.340447980252667	0.65724126618233	-0.0801840154601989	29.0325639921622	0.472358384202134
40.725	10.1	0.362192985399371	0.635477009895697	-0.066744036413358	28.9858938247611	0.489754388319497
40.875	10.1	0.379306815682924	0.617702484511892	-0.0562566028188618	28.9391956958804	0.50344545254634
41.025	10.1	0.392471958219056	0.603134802793272	-0.0480687562220145	28.8925999727049	0.513977566575245
41.175	10.1	0.402418216261752	0.591129810642086	-0.0416726147727213	28.8461963684035	0.521934573009401
41.325	10.1	0.409852398897065	0.581157399463451	-0.036671085175569	28.8000406471117	0.527881919117652
41.475	10.1	0.415415171813623	0.572780768184344	-0.0327521103139723	28.754161623402	0.532332137450899
41.625	10.1	0.419659438754261	0.565639673068071	-0.0296696729918179	28.7085677639262	0.535727551003409
41.775	10.1	0.423044295977801	0.559437065002856	-0.0272297624133467	28.6632529963611	0.538435436782241
41.925	10.1	0.425939257059436	0.553928384493052	-0.0252797966099931	28.6182015417921	0.540751405647549
42.075	10.1	0.428634464740286	0.548912866010818	-0.0237003689388066	28.5733917305982	0.542907571792229
42.225	10.1	0.431353669372677	0.544226355158666	-0.0223985505481591	28.5287988564286	0.545082935498142
42.375	10.1	0.434267715725674	0.539735295977359	-0.0213022831134356	28.4843971808246	0.547414172580539
42.525	10.1	0.437507087042411	0.535331669904492	-0.0203556156005502	28.4401612312907	0.550005669633929
42.675	10.1	0.441172694289428	0.530928751674757	-0.0195146745845451	28.39606654475	0.552938155431542
42.825	10.1	0.445344575876834	0.526457593108422	-0.0187443233686343	28.3520900019057	0.556275660701468
42.975	10.1	0.450088505189571	0.521864162510679	-0.0180154816731231	28.3082098811187	0.560070804151657
43.125	10.1	0.455460712179845	0.517107066864113	-0.017303066414556	28.2644057375591	0.564368569743876
43.275	10.1	0.461511035887389	0.51215577666248	-0.0165844926359296	28.2206581883995	0.569208828709912
43.425	10.1	0.468284862121185	0.50698926681388	-0.0158386538054219	28.1769486606337	0.574627889696948
43.575	10.1	0.475824187729358	0.501594985954153	-0.0150452887441581	28.133259136653	0.580659350183486
43.725	10.1	0.484168109459978	0.495968072281303	-0.0141846404085807	28.0895719150539	0.587334487567982
43.875	10.1	0.493352976569417	0.490110746101781	-0.013237318975516	28.045869390578	0.594682381255534
44.025	10.1	0.503412382730135	0.484031825816374	-0.0121842961546381	28.0021338473827	0.602729906184108
44.175	10.1	0.514377110922975	0.477746332624827	-0.0110069769732822	27.9583472534887	0.61150168873838
44.325	10.1	0.526275087953555	0.471275167138841	-0.00968731711187613	27.9144910406261	0.621020070362844
44.475	10.1	0.53913135358945	0.464644855788696	-0.00820797617596583	27.8705458522516	0.63130508287156
44.625	10.1	0.552968002293431	0.45788737402328	-0.00655251826947208	27.8264912428692	0.642374401834745
44.775	10.1	0.567804012158079	0.451040054756533	-0.00470568908731295	27.7823053138528	0.654243209726464
44.925	10.1	0.583654835950116	0.444145582758927	-0.00265381146221261	27.7379642749274	0.666923868760093
45.075	10.1	0.60053159505856	0.43725205810543	-0.000385346483609807	27.6934419267489	0.680425276046848
45.225	10.1	0.618439693889553	0.430413085105191	0.00210833776594469	27.6487090692259	0.694751755111643
45.375	10.1	0.637376669652075	0.423687809621026	0.00483196569995055	27.603732852859	0.70990133572166
45.525	10.1	0.657329121459797	0.417140793255037	0.007785130191548	27.5584761066322	0.725863297167838
45.675	10.1	0.678268637816429	0.410841585040782	0.0109608998969292	27.5128966953864	0.742614910253144
45.825	10.1	0.700146772615737	0.404863840939468	0.0143443697929738	27.4669469805912	0.76011741809259
45.975	10.1	0.722889309703437	0.399283859428467	0.0179113256380053	27.4205734781501	0.77831144776275
46.125	10.1	0.74639029665358	0.394178454688719	0.0216272411693444	27.3737168209811	0.797112237322864
46.275	10.1	0.770506585818474	0.389622179412438	0.0254468487594878	27.3263121371737	0.816405268654779
46.425	10.1	0.795053838121494	0.385684028570227	0.0293145056006654	27.278289940964	0.836043070497195
46.575	10.1	0.819805054081893	0.382423881991233	0.0331655097956631	27.2295775993274	0.855844043265514
46.725	10.1	0.844492625747712	0.379889047479384	0.0369284057329287	27.1801013805426	0.875594100598169
46.875	10.1	0.868814600577752	0.378111316866742	0.0405281714880053	27.1297890166709	0.895051680462202
47.025	10.1	0.892445316071609	0.377104922898797	0.0438900310447694	27.0785726296735	0.913956252857287
47.175	10.1	0.915049878361321	0.376865680685217	0.0469435139769639	27.0263917959909	0.932039902689057
47.325	10.1	0.936301256506716	0.377371432293276	0.0496263245097638	26.9731964739677	0.949041005205373
47.475	10.1	0.955898218230742	0.378583723315026	0.0518875986083171	26.9189495069591	0.964718574584593
47.625	10.1	0.973582095607571	0.380450468756949	0.0536902201379152	26.8636284489924	0.978865676486056
47.775	10.1	0.989150514887738	0.382909248702547	0.0550120138250357	26.8072265353182	0.99132041191019
47.925	10.1	1.00246671832184	0.385890831174338	0.0558458002270856	26.7497527227479	1.00197337465747
48.075	10.1	1.01346381609397	0.389322549283402	0.0561984496643716	26.6912308338098	1.01077105287518
48.225	10.1	1.02214405150279	0.393131244374231	0.056089178949808	26.6316979338337	1.01771524120223
48.375	10.1	1.0285737739147	0.397245600134896	0.0555473826750546	26.571202136052	1.02285901913176
48.525	10.1	1.03287518791998	0.401597808229077	0.054610281783142	26.5098000603611	1.02630015033598
48.675	10.1	1.03521606283506	0.406124603773875	0.0533206205660437	26.4475541687639	1.02817285026805
48.825	10.1	1.03579849315088	0.410767777527561	0.0517245694852454	26.3845301729332	1.0286387945207
48.975	10.1	1.03484758340441	0.415474307881746	0.0498699151478808	26.3207946673127	1.02787806672353
49.125	10.1	1.03260067763574	0.420196262702948	0.0478045551650509	26.2564130944255	1.02608054210859
49.275	10.1	1.02929752893168	0.424890605229389	0.0455752724689543	26.1914481046047	1.02343802314534
49.425	10.1	1.02517164145896	0.429519007361965	0.0432267426006564	26.1259583341047	1.02013731316717
49.575	10.1	1.02044291972246	0.434047735394182	0.040800725373345	26.0599975947673	1.01635433577797
49.725	10.1	1.01531171196902	0.438447634228592	0.0383354032338382	25.9936144447638	1.01224936957522
49.875	10.1	1.00995431272478	0.442694201914924	0.0358648455714378	25.9268520923653	1.00796345017982
50.025	10.1	1.00451997016727	0.446767720961514	0.033418594495335	25.8597485722227	1.00361597613382
50.175	10.1	0.99912941065651	0.450653398639248	0.031021378000201	25.7923371256518	0.999303528525208
50.325	10.1	0.993874837415318	0.454341465771587	0.0286929579928311	25.7246467128019	0.995099869932254
50.475	10.1	0.988821283699644	0.45782719061143	0.0264481130984595	25.6567025856034	0.991057026959715
50.625	10.1	0.984009109877683	0.46111077793803	0.0242967419502325	25.5885268564852	0.987207287902147
50.775	10.1	0.979457339249783	0.464197139083119	0.02224405648948	25.5201390094501	0.983565871399827
50.925	10.1	0.975167440666864	0.467095531968101	0.0202908227336595	25.4515563174039	0.980133952533491
51.075	10.1	0.97112709748099	0.469819078535036	0.018433604794634	25.3827941524623	0.976901677984792
51.225	10.1	0.967313460613886	0.472384169735509	0.0166649819440582	25.3138662035527	0.973850768491109
51.375	10.1	0.963695375238482	0.474809768060412	0.0149737413088494	25.2447846464462	0.970956300190786
51.525	10.1	0.960234101147994	0.4771166198583	0.0133451000520776	25.1755603428454	0.968187280918395
51.675	10.1	0.956882121026357	0.479326401747981	0.0117610759390949	25.1062031735875	0.965505696821086
51.825	10.1	0.953579752582364	0.48146085477331	0.0102011940431557	25.0367226313879	0.962863802065891
51.975	10.1	0.95024945283604	0.483541011754762	0.00864377472619697	24.9671288048354	0.960199562268832
52.125	10.1	0.946787927105167	0.485586697676614	0.00706807459037559	24.8974338710399	0.957430341684134
52.275	10.1	0.943056431338418	0.487616572606937	0.0054575276134634	24.8276541734731	0.954445145070735
52.425	10.1	0.938869984337183	0.489649076020961	0.0038042420741589	24.7578128899255	0.951095987469746
52.575	10.1	0.933986588537545	0.491704698129454	0.00211474381422717	24.6879431920313	0.947189270830036
52.725	10.1	0.928098000102357	0.493810022739681	0.00041672520254143	24.6180916655797	0.942478400081886
52.875	10.1	0.920824093859545	0.4960039344858	-0.00123371757516409	24.5483216079782	0.936659275087636
53.025	10.1	0.911713415113696	0.498346244272607	-0.00274517047928579	24.4787156598646	0.929370732090956
53.175	10.1	0.90025301239617	0.500928749475478	-0.0039854071419329	24.4093770838156	0.920202409916936
53.325	10.1	0.885890893496177	0.503888399069131	-0.00477866565149697	24.3404289071251	0.908712714796941
53.475	10.1	0.868074061683002	0.507421759590408	-0.00490725785112361	24.2720101452935	0.894459249346401
53.625	10.1	0.846303541223938	0.511799343939799	-0.00411920636454999	24.2042684812693	0.87704283297915
53.775	10.1	0.820204591653329	0.517377532636686	-0.00214359395953291	24.1373491613354	0.856163673322664
53.925	10.1	0.789605357896591	0.524604765633182	0.00128497759673519	24.0713805266179	0.831684286317273
54.075	10.1	0.75461135940221	0.534017466315136	0.00639219024287563	24.0064574993038	0.803689087521768
54.225	10.1	0.715658560073255	0.546220013781597	0.0133209476196221	23.9426253235505	0.772526848058604
54.375	10.1	0.673527135723199	0.561842586274908	0.0220827878611151	23.8798666116254	0.738821708578559
54.525	10.1	0.629303669866597	0.58147194091214	0.0325105604420308	23.818094873687	0.703442935893278
54.675	10.1	0.584291094238471	0.605554664227948	0.0442230510243959	23.7571569128486	0.667432875390777
54.825	10.1	0.539879699359055	0.634281291149038	0.0566150772568178	23.696844746461	0.631903759487244
54.975	10.1	0.497403536877046	0.667472177107101	0.0688859605800493	23.6369154931134	0.597922829501637
55.125	10.1	0.45801013983749	0.704497695342643	0.0801130277611713	23.5771156906357	0.566408111869992
55.275	10.1	0.42256675079988	0.744268330409778	0.0893649015236791	23.5172055302822	0.538053400639904
55.425	10.1	0.391615711747116	0.785317294423646	0.0958352162031013	23.4569788587856	0.513292569397693
55.575	10.1	0.365379478166804	0.825969688412078	0.0989669501939369	23.3962762707276	0.492303582533443
55.725	10.1	0.343805553738346	0.864559677149736	0.0985362733968246	23.3349905077843	0.475044442990677
55.875	10.1	0.32663567768242	0.899638411158714	0.0946746277015474	23.2730649896479	0.461308542145936
56.025	10.1	0.313482399460627	0.930121551761159	0.0878257481168626	23.2104872426107	0.450785919568502
56.175	10.1	0.303898979998589	0.955351674038714	0.0786533902463931	23.1472792799411	0.443119183998871
56.325	10.1	0.297433717372521	0.9750815115633	0.0679275014752985	23.0834868463406	0.437946973898017
56.475	10.1	0.293665400868964	0.989404111862126	0.0564170415228441	23.0191690807526	0.434932320695171
56.625	10.1	0.292221130131271	0.998660598878654	0.0448086757296142	22.9543896983967	0.433776904105017
56.775	10.1	0.292780448826641	1.00334962075815	0.0336583759060657	22.889210309902	0.434224359061313
56.925	10.1	0.295070652976705	1.00405195724382	0.0233732222333774	22.8236860445997	0.436056522381364
57.075	10.1	0.298857736980616	1.00137455314249	0.0142156905891209	22.7578632884716	0.439086189584493
57.225	10.1	0.303936361585888	0.995912556496014	0.00632177911697247	22.6917791235332	0.443149089268711
57.375	10.1	0.310120987144953	0.988225552615641	-0.000274312272963113	22.6254619657502	0.448096789715963
57.525	10.1	0.317239226540609	0.9788239385582	-0.00561414008963171	22.5589329142398	0.453791381232488
57.675	10.1	0.325127654470213	0.968162147499993	-0.00979084030991684	22.4922074056309	0.46010212357617
57.825	10.1	0.333629809099649	0.956636392201344	-0.0129285281745281	22.4252968762298	0.466903847279719
57.975	10.1	0.342595895709791	0.944585369515252	-0.0151659299328812	22.3582102420402	0.474076716567833
58.125	10.1	0.351883633716883	0.932292915610168	-0.016644215309436	22.2909550970797	0.481506906973507
58.275	10.1	0.361359722662258	0.919991935347699	-0.0174985971635085	22.2235385985828	0.489087778129806
58.425	10.1	0.370901495494798	0.907869116771219	-0.0178530678273979	22.1559680536119	0.496721196395838
58.575	10.1	0.380398440831694	0.896070052937908	-0.0178175861599838	22.0882512484259	0.504318752665355
58.725	10.1	0.389753386414995	0.884704472492307	-0.0174870646060805	22.0203965741914	0.511802709131996
58.875	10.1	0.398883233146111	0.873851346544038	-0.0169415913575766	21.9524130046841	0.519106586516888
59.025	10.1	0.407719205655674	0.863563702138735	-0.0162474296157169	21.8843099773022	0.52617536452454
59.175	10.1	0.416206641857511	0.853873029557398	-0.0154584441087031	21.8160972209542	0.532965313486009
59.325	10.1	0.424304381304365	0.844793220543183	-0.0146177023536175	21.7477845652386	0.539443505043492
59.475	10.1	0.431983833224238	0.836324015184466	-0.0137590792014417	21.6793817561751	0.54558706657939
59.625	10.1	0.439227813157036	0.828453966003406	-0.0129087567095781	21.6108982953912	0.551382250525629
59.775	10.1	0.446029235451579	0.821162949351169	-0.012086558679994	21.5423433125045	0.556823388361263
59.925	10.1	0.452389740584418	0.814424267781751	-0.0113070928455067	21.4737254746337	0.561911792467534
60.075	10.1	0.458318323958047	0.808206394247747	-0.0105806965709598	21.4050529324618	0.566654659166437
60.225	10.1	0.463830018656407	0.802474411312938	-0.0099141967617897	21.3363332989718	0.571064014925126
60.375	10.1	0.468944670197739	0.797191197485597	-0.00931150370696766	21.2675736547008	0.575155736158191
60.525	10.1	0.473685827769598	0.792318409364267	-0.00877406359340453	21.1987805719559	0.578948662215678
60.675	10.1	0.478079764488375	0.787817303396855	-0.00830119673130762	21.1299601497543	0.5824638115907
60.825	10.1	0.482154629283811	0.783649435290119	-0.00789034904939674	21.0611180511424	0.585723703427048
60.975	10.1	0.485939725152177	0.779777268916629	-0.00753728383299853	20.9922595349248	0.588751780121741
61.125	10.1	0.489464902766021	0.776164720121641	-0.00723623941910353	20.9233894745889	0.591571922212817
61.275	10.1	0.49276005445582	0.772777654324047	-0.0069800769045626	20.8545123582924	0.594208043564656
61.425	10.1	0.495854691110572	0.769584350195722	-0.00676044007515336	20.7856322651614	0.596683752888457
61.575	10.1	0.498777583256061	0.766555934886183	-0.00656794775066158	20.7167528148191	0.599022066604849
61.725	10.1	0.501556447115677	0.763666789082694	-0.00639243644039495	20.6478770890746	0.601245157692542
61.875	10.1	0.504217656587503	0.760894912473146	-0.00622326829728555	20.5790075271093	0.603374125270002
62.025	10.1	0.506785962681654	0.75822223179949	-0.00604971527084068	20.510145798402	0.605428770145324
62.175	10.1	0.509284203178088	0.755634824779105	-0.00586142426990918	20.4412926611189	0.60742736254247
62.325	10.1	0.511732987547977	0.753123024232697	-0.00564895904178545	20.3724478178018	0.609386390038381
62.475	10.1	0.514150346308044	0.750681358906293	-0.00540440135490598	20.3036097848193	0.611320277046435
62.625	10.1	0.516551341017083	0.748308282604868	-0.00512197636314892	20.2347757969096	0.613241072813666
62.775	10.1	0.518947642295282	0.746005643980394	-0.00479864510897275	20.1659417726111	0.615158113836225
62.925	10.1	0.521347099497979	0.743777858775228	-0.00443458299112106	20.0971023694488	0.617077679598384
63.075	10.1	0.523753347155086	0.741630767379688	-0.00403344089507989	20.0282511580399	0.619002677724068
63.225	10.1	0.526165518547749	0.739570194788577	-0.00360227222126876	19.9593809401792	0.620932414838199
63.375	10.1	0.528578162224653	0.737600276063858	-0.00315101275827371	19.8904842259398	0.622862529779722
63.525	10.1	0.530981476590749	0.7357216626007	-0.00269142993669036	19.8215538680021	0.624785181272599
63.675	10.1	0.53336198247148	0.733929771931359	-0.00223551938992931	19.7525838282369	0.626689585977184
63.825	10.1	0.535703734198205	0.732213271295203	-0.00179341932964492	19.683570024527	0.628562987358564
63.975	10.1	0.537990119434156	0.730552974735503	-0.00137102582025234	19.6145111798774	0.630392095547325
64.125	10.1	0.540206214333385	0.728921270775465	-0.000967600426599823	19.5454095783285	0.632164971466708
64.275	10.1	0.542341552915321	0.727282076120092	-0.00057372915047992	19.476271631572	0.633873242332257
64.425	10.1	0.544393058712187	0.725591141292376	-0.000169972959534	19.4071081840213	0.635514446969749
64.575	10.1	0.546367810895573	0.723796346968525	0.000273597924473597	19.3379345357035	0.637094248716458
64.725	10.1	0.548285321458235	0.721837484203967	0.000797099051819806	19.2687702370493	0.638628257166588
64.875	10.1	0.550179135849375	0.719644988004384	0.00145032398461292	19.1996387913516	0.6401433086795
65.025	10.1	0.552097872665371	0.717137290080412	0.00229314131164515	19.130567459937	0.641678298132297
65.175	10.1	0.554106291069798	0.71421696743945	0.00339838646115497	19.0615873606001	0.643285032855839
65.325	10.1	0.55628756508011	0.710766741388161	0.00485903502836546	18.9927339343235	0.645030052064088
65.475	10.1	0.558748507724783	0.706647600968437	0.0068010528602659	18.9240475881352	0.646998806179826
65.625	10.1	0.561629797371345	0.701702708837983	0.00940201284368272	18.8555738880544	0.649303837897076
65.775	10.1	0.565122979923401	0.695771943180288	0.0129130939299863	18.7873621095575	0.652098383938721
65.925	10.1	0.569494782024573	0.68872234775891	0.0176783911474266	18.7194603601287	0.655595825619658
66.075	10.1	0.575116744528622	0.680498549002157	0.0241409474864487	18.6519050606924	0.660093395622898
66.225	10.1	0.582494248972278	0.671193201733684	0.0328207011398151	18.5847025807456	0.665995399177822
66.375	10.1	0.592283958339831	0.661129445475928	0.0442479532473816	18.5178015853931	0.673827166671865
66.525	10.1	0.605283528156648	0.650934535140311	0.0588408227911374	18.4510564864258	0.684226822525318
66.675	10.1	0.622374244508402	0.641568349141212	0.0767310270819962	18.3841855247922	0.697899395606721
66.825	10.1	0.644399515391907	0.634260614631407	0.0975712643642864	18.316731437488	0.715519612313526
66.975	10.1	0.671974508772438	0.630322360678104	0.120392833230437	18.2480377520597	0.737579607017951
67.125	10.1	0.705248157414524	0.630845734685162	0.143603085198766	18.1772575617559	0.764198525931619
67.275	10.1	0.743675238742864	0.636383483128359	0.165188661494298	18.1034103378909	0.794940190994291
67.425	10.1	0.785887983851348	0.646753120085749	0.183106737350217	18.0254915194602	0.828710387081078
67.575	10.1	0.829757493669083	0.66107467921382	0.195736110935841	17.9426190293337	0.863805994935266
67.725	10.1	0.872683921104136	0.678025426049124	0.202206046701397	17.8541794381481	0.898147136883309
67.875	10.1	0.912059641746907	0.696177833349289	0.202483107458272	17.7599290507798	0.929647713397526
68.025	10.1	0.945760856538333	0.714274281142563	0.197229203265246	17.6600193988678	0.956608685230666
68.175	10.1	0.972501864420999	0.731369709386881	0.187539244316951	17.5549447564725	0.978001491536799
68.325	10.1	0.991951866343087	0.746856012391743	0.174674171954451	17.4454351988593	0.99356149307447
68.475	10.1	1.00462090280975	0.760416930718996	0.159857903763441	17.3323305440216	1.0036967222478
68.625	10.1	1.011600747484	0.771957478147454	0.144155359922959	17.2164668045714	1.0092805979872
68.775	10.1	1.01426546611871	0.781534385642338	0.128418117242026	17.0985940324547	1.01141237289497
68.925	10.1	1.01400993121358	0.789299041789303	0.113275044566981	16.979330740309	1.01120794497087
69.075	10.1	1.01206497753225	0.795455196811833	0.0991484719940679	16.8591503938317	1.0096519820258
69.225	10.1	1.00939614807263	0.800229231260477	0.0862832586820215	16.7383908654678	1.0075169184581
69.375	10.1	1.00667433897126	0.803849582589558	0.0747816126286523	16.6172770470702	1.00533947117701
69.525	10.1	1.0042984151901	0.80653255231082	0.0646393955457784	16.4959483511677	1.00343873215208
69.675	10.1	1.00244829880842	0.808472884527807	0.055780713901547	16.3744852465303	1.00195863904673
69.825	10.1	1.0011495247552	0.809838345526127	0.0480881355579884	16.25293143382	1.00091961980416
69.975	10.1	1.00033504037354	0.810767787548842	0.0414266676474288	16.1313103198361	1.00026803229883
70.125	10.1	0.999895617435718	0.811372045066733	0.0356607643076515	16.0096359039462	0.999916493948574
70.275	10.1	0.999715401184928	0.811736811893943	0.0306647731871724	15.8879190326351	0.999772320947942
70.425	10.1	0.999693007920071	0.811926590307832	0.026328037030562	15.7661703049939	0.999754406336057
70.575	10.1	0.999750892552939	0.811988924893547	0.0225562050580541	15.6444008767253	0.999800714042352
70.725	10.1	0.999836584283855	0.811958363763794	0.0192702453318826	15.5226221728967	0.999869267427084
70.875	10.1	0.999919235907076	0.811859837127065	0.0164043484033655	15.4008452123907	0.999935388725661
71.025	10.1	0.999984213869261	0.811711345921204	0.0139035358949926	15.2790799583199	0.999987371095409
71.175	10.1	1.0000275588554	0.811525988096136	0.0117214441227678	15.1573348838926	1.00002204708432
71.325	10.1	1.00005132363243	0.811313421221587	0.00981849291846064	15.0356167943261	1.00004105890594
71.475	10.1	1.00006016922742	0.811080883923137	0.00816048169504443	14.9139308640021	1.00004813538194
71.625	10.1	1.00005919877743	0.810833893485532	0.00671756402301156	14.79228081661	1.00004735902195
71.775	10.1	1.00005280053475	0.810576717654934	0.0054635162164353	14.6706691758324	1.0000422404278
71.925	10.1	1.00004420415994	0.810312695247174	0.00437521316849381	14.549097529546	1.00003536332795
72.075	10.1	1.00003547280693	0.810044458347584	0.00343223909364355	14.4275667706155	1.00002837824555
72.225	10.1	1.00002771290345	0.809774091229016	0.00261658061082145	14.3060772957115	1.00002217032276
72.375	10.1	1.00002135314257	0.809503248179435	0.00191236825094168	14.1846291573213	1.00001708251406
72.525	10.1	1.00001640627319	0.80923324371019	0.00130564708259686	14.0632221727114	1.00001312501855
72.675	10.1	1.00001267413505	0.80896512316411	0.000784167096937395	13.9418559978051	1.00001013930804
72.825	10.1	1.00000988695728	0.808699718574841	0.000337189872047511	13.8205301750137	1.00000790956582
72.975	10.1	1.00000778471835	0.808437692906357	-4.46890828922346e-05	13.6992441632474	1.00000622777468
73.125	10.1	1.00000615517301	0.808179574911396	-0.000369701940003875	13.5779973566635	1.00000492413841
73.275	10.1	1.00000484376012	0.807925786380678	-0.000645053826941829	13.4567890968477	1.0000038750081
73.425	10.1	1.00000374804893	0.80767666327643	-0.000877051958951801	13.3356186814818	1.00000299843914
73.575	10.1	1.0000028057567	0.807432472030118	-0.00107121937096138	13.2144853712801	1.00000224460536
73.725	10.1	1.00000198190674	0.80719342208911	-0.00123239441460233	13.0933883961065	1.00000158552539
73.875	10.1	1.00000125796752	0.806959675605865	-0.00136481743073617	12.9723269606474	1.00000100637402
74.025	10.1	1.00000062395938	0.806731354984684	-0.00147220608925147	12.8513002497332	1.0000004991675
74.175	10.1	1.00000007343631	0.806508548837907	-0.00155782084605743	12.7303074332808	1.00000005874905
74.325	10.1	0.999999600751899	0.806291316767631	-0.00162452185058314	12.6093476708018	0.999999680601519
74.475	10.1	0.999999199893074	0.806079693277434	-0.00167481848420125	12.4884201154408	0.999999359914459
74.625	10.1	0.99999886424408	0.805873691033943	-0.00171091255038685	12.3675239175357	0.999999091395264
74.775	10.1	0.999998586802813	0.805673303634187	-0.00173473598686743	12.2466582277231	0.99999886944225
74.925	10.1	0.999998360540077	0.805478507989742	-0.00174798383807806	12.1258221996268	0.999998688432062
75.075	10.1	0.999998178731665	0.805289266406779	-0.00175214311429	12.0050149921783	0.999998542985332
75.225	10.1	0.999998035191728	0.805105528418963	-0.00174851807115493	11.8842357716173	0.999998428153382
75.375	10.1	0.999997924395988	0.804927232415716	-0.00173825236716004	11.7634837132171	0.99999833951679
75.525	10.1	0.999997841513563	0.80475430709676	-0.00172234849370144	11.6427580027733	0.99999827321085
75.675	10.1	0.999997782376251	0.80458667277848	-0.00170168481995495	11.522057837887	0.999998225901001
75.825	10.1	0.99999774341298	0.804424242570218	-0.00167703055069139	11.4013824290675	0.999998194730384
75.975	10.1	0.999997721570761	0.804266923436879	-0.00164905885709702	11.2807310006756	0.999998177256609
76.125	10.1	0.999997714236171	0.804114617159608	-0.0016183584080672	11.160102791723	0.999998171388937
76.275	10.1	0.999997719164911	0.803967221205474	-0.00158544350085524	11.0394970565422	0.999998175331929
76.425	10.1	0.999997734422374	0.803824629514355	-0.00155076296504174	10.9189130653396	0.999998187537899
76.575	10.1	0.999997758335225	0.803686733210877	-0.00151470799167898	10.7983501046401	0.99999820666818
76.725	10.1	0.999997789452599	0.803553421247462	-0.00147761902072194	10.6778074776362	0.999998231562079
76.875	10.1	0.999997826514935	0.803424580984261	-0.00143979180271228	10.557284504448	0.999998261211948
77.025	10.1	0.999997868428643	0.803300098711117	-0.00140148273601487	10.4367805223032	0.999998294742914
77.175	10.1	0.999997914245047	0.803179860115961	-0.00136291356847116	10.316294885646	0.999998331396037
77.325	10.1	0.999997963142504	0.803063750703886	-0.00132427554073558	10.1958269661809	0.999998370514003
77.475	10.1	0.999998014410889	0.802951656170995	-0.00128573303914697	10.075376152859	0.999998411528711
77.625	10.1	0.999998067437994	0.802843462736315	-0.00124742681743918	9.95494185181309	0.999998453950395
77.775	10.1	0.999998121697484	0.802739057435329	-0.00120947683909864	9.8345234862464	0.999998497357987
77.925	10.1	0.999998176738218	0.802638328378399	-0.00117198478595272	9.71412049628226	0.999998541390574
78.075	10.1	0.999998232174794	0.802541164976746	-0.00113503627280299	9.59373233877774	0.999998585739835
78.225	10.1	0.999998287679199	0.80244745813893	-0.00109870280314662	9.47335848710684	0.999998630143359
78.375	10.1	0.999998342973445	0.802357100440453	-0.00106304349654813	9.35299843091705	0.999998674378756
78.525	10.1	0.999998397823113	0.802269986268722	-0.00102810661479828	9.23265167586308	0.99999871825849
78.675	10.1	0.999998452031689	0.802186011945698	-0.000993930910419871	9.11231774332113	0.999998761625351
78.825	10.1	0.999998505435623	0.802105075830387	-0.000960546818401721	8.99199617008695	0.999998804348498
78.975	10.1	0.999998557899992	0.802027078402809	-0.000927977509526241	8.87168650806032	0.999998846319993
79.125	10.1	0.999998609314718	0.801951922331747	-0.000896239821273837	8.75138832391872	0.999998887451774
79.275	10.1	0.999998659591272	0.801879512527196	-0.000865345080764694	8.63110119878229	0.999998927673017
79.425	10.1	0.999998708659774	0.801809756179742	-0.000835299831964333	8.51082472787234	0.99999896692782
79.575	10.1	0.999998756466469	0.801742562787824	-0.000806106478351945	8.39055852016507	0.999999005173175
79.725	10.1	0.999998802971517	0.801677844174257	-0.000777763850805415	8.2703021980424	0.999999042377213
79.875	10.1	0.999998848147052	0.801615514493274	-0.000750267709193626	8.15005539694117	0.999999078517642
80.025	10.1	0.999998891975495	0.801555490229051	-0.000723611185310791	8.02981776500221	0.999999113580396
80.175	10.1	0.999998934448069	0.801497690186763	-0.000697785173879752	7.90958896272031	0.999999147558455
80.325	10.1	0.999998975563499	0.801442035477061	-0.00067277867745678	7.78936866259626	0.999999180450799
80.475	10.1	0.999999015326883	0.801388449494731	-0.000648579110586968	7.66915654879174	0.999999212261506
80.625	10.1	0.999999053748704	0.801336857892323	-0.000625172567753915	7.54895231678795	0.999999242998963
80.775	10.1	0.999999090843962	0.801287188549419	-0.000602544059292715	7.42875567304867	0.99999927267517
80.925	10.1	0.999999126631419	0.801239371538156	-0.000580677718863356	7.30856633468818	0.999999301305135
81.075	10.1	0.999999161132943	0.801193339085466	-0.000559556985638947	7.18838402914487	0.999999328906355
81.225	10.1	0.999999194372941	0.801149025532637	-0.000539164764273182	7.06820849386062	0.999999355498353
81.375	10.1	0.999999226377856	0.8011063672926	-0.000519483564859688	6.9480394759666	0.999999381102284
81.525	10.1	0.99999925717574	0.80106530280537	-0.000500495625430141	6.82787673197562	0.999999405740592
81.675	10.1	0.999999286795886	0.80102577249185	-0.000482183018818306	6.70772002748135	0.999999429436709
81.825	10.1	0.99999931526849	0.800987718706608	-0.000464527745632905	6.58756913686456	0.999999452214792
81.975	10.1	0.999999342624367	0.800951085689612	-0.000447511815065496	6.46742384300665	0.999999474099493
82.125	10.1	0.999999368894697	0.800915819517364	-0.000431117314753099	6.34728393701038	0.999999495115757
82.275	10.1	0.999999394110811	0.80088186805363	-0.000415326471025376	6.22714921792811	0.999999515288648
82.425	10.1	0.999999418304028	0.800849180899847	-0.000400121700670263	6.10701949249736	0.999999534643223
82.575	10.1	0.999999441505543	0.800817709345635	-0.000385485655074197	5.98689457488393	0.999999553204434
82.725	10.1	0.999999463746366	0.800787406319218	-0.000371401257743732	5.86677428643238	0.999999570997093
82.875	10.1	0.999999485057264	0.800758226338186	-0.000357851735867487	5.746658455424	0.999999588045811
83.025	10.1	0.999999505468641	0.800730125460655	-0.000344820646693619	5.62654691684208	0.999999604374913
83.175	10.1	0.999999525010286	0.800703061236707	-0.000332291899250501	5.50643951214454	0.999999620008229
83.325	10.1	0.999999543710976	0.80067699266058	-0.000320249772044278	5.38633608904384	0.999999634968781
83.475	10.1	0.99999956159808	0.800651880123345	-0.000308678927112944	5.26623650129404	0.999999649278464
83.625	10.1	0.999999578697487	0.800627685366396	-0.000297564420928739	5.14614060848491	0.99999966295799
83.775	10.1	0.999999595034265	0.800604371435458	-0.00028689171252009	5.02604827584306	0.999999676027412
83.925	10.1	0.999999610634232	0.800581902635371	-0.00027664666911114	4.90595937403965	0.999999688507385
84.075	10.1	0.999999625525973	0.800560244485379	-0.000266815569594203	4.78587377900478	0.999999700420778
84.225	10.1	0.999999639741802	0.800539363675172	-0.000257385106080307	4.6657913717483	0.999999711793441
84.375	10.1	0.999999653315437	0.800519228021723	-0.00024834238378159	4.54571203818709	0.999999722652349
84.525	10.1	0.999999666274724	0.800499806427446	-0.000239674919381068	4.42563566897935	0.99999973301978
84.675	10.1	0.999999678630574	0.800481068839902	-0.000231370638057755	4.30556215936584	0.999999742904459
84.825	10.1	0.999999690368445	0.800462986213115	-0.000223417869363702	4.18549140901828	0.999999752294756
84.975	10.1	0.99999970145388	0.800445530469611	-0.000215805342003492	4.06542332189395	0.999999761163104
85.125	10.1	0.999999711863541	0.800428674461314	-0.000208522177656072	3.94535780609436	0.999999769490833
85.275	10.1	0.999999721641914	0.800412391927048	-0.000201557883894379	3.8252947737256	0.999999777313531
85.425	10.1	0.999999730958735	0.800396657445731	-0.000194902346270283	3.70523414075889	0.999999784766988
85.575	10.1	0.999999740111391	0.800381446387851	-0.000188545819621836	3.58517582689397	0.999999792089113
85.725	10.1	0.999999749403582	0.800366734873665	-0.00018247891858942	3.46511975543369	0.999999799522866
85.875	10.1	0.999999758870673	0.800352499750082	-0.00017669260747186	3.34506585318328	0.999999807096538
86.025	10.1	0.999999767937664	0.800338718594752	-0.000171178189348839	3.22501405038466	0.999999814350131
86.175	10.1	0.999999775265758	0.800325369739742	-0.000165927294565437	3.10496428068011	0.999999820212606
86.325	10.1	0.999999779166288	0.800312432278304	-0.000160931868511649	2.98491648106897	0.99999982333303
86.475	10.1	0.999999778858135	0.800299885991195	-0.000156184158644018	2.86487059178978	0.999999823086508
86.625	10.1	0.999999776346161	0.800287711130982	-0.000151676700630982	2.74482655605757	0.999999821076929
86.775	10.1	0.999999777817477	0.800275888067888	-0.000147402303560344	2.6247843196499	0.999999822253981
86.925	10.1	0.999999792597244	0.800264396940524	-0.000143354034337286	2.50474383048224	0.999999834077795
87.075	10.1	0.999999827749976	0.800253217621035	-0.000139525201798116	2.38470503849948	0.999999862199981
87.225	10.1	0.999999878397222	0.800242330365417	-0.000135909341515287	2.26466789629863	0.999999902717778
87.375	10.1	0.999999918131737	0.800231717288448	-0.000132500202626785	2.14463236068474	0.99999993450539
87.525	10.1	0.999999899096746	0.800221364153759	-0.000129291737847803	2.02459839469206	0.999999919277397
87.675	10.1	0.999999773311479	0.800211261039504	-0.000126278096888529	1.90456596858735	0.999999818649183
87.825	10.1	0.999999539845536	0.800201399806104	-0.000123453622158204	1.78453505759559	0.999999631876429
87.975	10.1	0.999999302509276	0.800191766936546	-0.000120812845342447	1.66450563460321	0.999999442007421
88.125	10.1	0.999999293860821	0.800182333148522	-0.000118350486427507	1.54447765895302	0.999999435088656
88.275	10.1	0.999999801219543	0.800173046037361	-0.000116061465479105	1.42445106765469	0.999999840975635
88.425	10.1	1.00000094941282	0.800163836557722	-0.000113940951461325	1.30442578059657	1.00000075953025
88.575	10.1	1.00000238162529	0.800154649530852	-0.000111984485346069	1.18440173153339	1.00000190530023
88.725	10.1	1.00000303010258	0.800145496949483	-0.000110188213190607	1.06437892543297	1.00000242408207
88.875	10.1	1.00000131121379	0.800136508882064	-0.000108549232648115	0.944357497500029	1.00000104897103
89.025	10.1	0.999996064553833	0.800127928739348	-0.000107065988954968	0.824337717785408	0.999996851643066
89.175	10.1	0.999988207867196	0.800119990284913	-0.000105738582048933	0.704319871288849	0.999990566293756
89.325	10.1	0.999982339715795	0.800112654811241	-0.00010456884184382	0.584303981679013	0.999985871772636
89.475	10.1	0.999986646524467	0.800105298815186	-0.00010356020233787	0.464289462507958	0.999989317219574
89.625	10.1	1.00000915965261	0.800096600245616	-0.000102717821227917	0.34427495250442	1.00000732772209
89.775	10.1	1.00004964911588	0.800074380202724	-0.000102049939131356	0.224258719683242	1.0000397192927
89.925	10.1	1.00008988196288	0.400095157980109	-0.000101581290872594	0.104243101439208	1.0000719055703
0.075	10.3	1.92670657070912e-30	0.399999431850024	-1.31569848347481e-05	36.0880559517856	0.2
0.225	10.3	3.43444596710883e-30	0.799998294717946	-1.31765855547766e-05	36.0640559858746	0.2
0.375	10.3	-1.42092186646739e-30	0.799997155086818	-1.32158241700237e-05	36.0400560541025	0.2
0.525	10.3	-2.2568997790761e-31	0.799996011285197	-1.3274776092626e-05	36.0160561565694	0.2
0.675	10.3	-1.39791203844179e-29	0.79999486163303	-1.33535532550337e-05	35.9920562934254	0.2
0.825	10.3	-1.35749772200557e-29	0.799993704436952	-1.34523062126974e-05	35.9680564648714	0.2
0.975	10.3	-3.21150681087858e-29	0.799992537989153	-1.35712215400227e-05	35.9440566711592	0.2
1.125	10.3	-2.00770126571692e-29	0.799991360562489	-1.37105237003866e-05	35.9200569125921	0.2
1.275	10.3	-2.42505275660433e-29	0.799990170407191	-1.38704739609838e-05	35.8960571895254	0.2
1.425	10.3	2.40353162337687e-29	0.7999889657475	-1.40513709780818e-05	35.8720575023676	0.2
1.575	10.3	5.36655093690638e-29	0.799987744779214	-1.42535503538365e-05	35.8480578515806	0.2
1.725	10.3	1.4212097329673e-28	0.799986505665284	-1.44773842971953e-05	35.8240582376809	0.2
1.875	10.3	1.75200786763819e-28	0.799985246532896	-1.47232819223325e-05	35.8000586612407	0.2
2.025	10.3	2.30467176610378e-28	0.799983965470887	-1.49916895667479e-05	35.7760591228889	0.2
2.175	10.3	1.45328453346836e-28	0.799982660525558	-1.52830904600623e-05	35.7520596233124	0.2
2.325	10.3	2.22999095465967e-29	0.799981329698565	-1.55980049527432e-05	35.7280601632574	0.2
2.475	10.3	-3.07759791412573e-28	0.799979970942489	-1.59369910254542e-05	35.7040607435305	0.2
2.625	10.3	-6.37121763876566e-28	0.799978582158594	-1.63006436991188e-05	35.6800613650008	0.2
2.775	10.3	-1.06353254602557e-27	0.799977161193761	-1.6689596644103e-05	35.656062028601	0.2
2.925	10.3	-1.20091118238706e-27	0.799975705836549	-1.71045217503558e-05	35.6320627353292	0.2
3.075	10.3	-1.08550709435132e-27	0.799974213814312	-1.75461300534358e-05	35.6080634862508	0.2
3.225	10.3	-2.57535444563782e-28	0.799972682790376	-1.8015172218919e-05	35.5840642825003	0.2
3.375	10.3	1.03992953180104e-27	0.799971110359958	-1.85124397681909e-05	35.5600651252834	0.2
3.525	10.3	2.97206218897485e-27	0.799969494047152	-1.90387650715649e-05	35.5360660158787	0.2
3.675	10.3	4.66444081254505e-27	0.799967831302092	-1.95950233597721e-05	35.5120669556405	0.2
3.825	10.3	5.73676822683529e-27	0.799966119495751	-2.01821331027168e-05	35.4880679460006	0.2
3.975	10.3	4.77594181353226e-27	0.799964355918305	-2.08010575206937e-05	35.4640689884708	0.2
4.125	10.3	1.56977655410826e-27	0.799962537773529	-2.14528058154388e-05	35.4400700846455	0.2
4.275	10.3	-4.50774321216616e-27	0.799960662176818	-2.21384347148246e-05	35.4160712362044	0.2
4.425	10.3	-1.16935893136795e-26	0.799958726148956	-2.28590500295611e-05	35.3920724449149	0.2
4.575	10.3	-1.82292267637729e-26	0.799956726613456	-2.36158082266479e-05	35.3680737126354	0.2
4.725	10.3	-1.98231190288724e-26	0.799954660392228	-2.44099181444979e-05	35.3440750413181	0.2
4.875	10.3	-1.3990681987552e-26	0.799952524199904	-2.52426431917635e-05	35.3200764330119	0.2
5.025	10.3	1.69425633901628e-27	0.799950314640638	-2.61153026511287e-05	35.2960778898661	0.2
5.175	10.3	2.3539026285968e-26	0.799948028201683	-2.70292748088725e-05	35.2720794141335	0.2
5.325	10.3	4.48765120035976e-26	0.799945661250035	-2.79859981537034e-05	35.248081008174	0.2
5.475	10.3	5.18749247397817e-26	0.799943210025293	-2.89869743169416e-05	35.2240826744585	0.2
5.625	10.3	3.30929935019588e-26	0.799940670635115	-3.00337700728751e-05	35.2000844155725	0.2
5.775	10.3	-1.92136453634907e-26	0.799938039050275	-3.11280201822805e-05	35.1760862342204	0.2
5.925	10.3	-9.29446715174462e-26	0.799935311097048	-3.22714296178446e-05	35.1520881332295	0.2
6.075	10.3	-1.56872924047098e-25	0.799932482451926	-3.34657774111251e-05	35.1280901155545	0.2
6.225	10.3	-1.53662815435427e-25	0.799929548634963	-3.47129170319598e-05	35.1040921842824	0.2
6.375	10.3	-2.58028563632446e-26	0.799926505003376	-3.60147821839817e-05	35.0800943426364	0.2
6.525	10.3	2.6081054127096e-25	0.79992334674407	-3.73733877584857e-05	35.0560965939821	0.2
6.675	10.3	6.58480307758099e-25	0.799920068866229	-3.87908338678957e-05	35.0320989418318	0.2
6.825	10.3	1.00905781515262e-24	0.799916666195204	-4.02693093758426e-05	35.0081013898502	0.2
6.975	10.3	1.02221268462606e-24	0.799913133362468	-4.18110939450719e-05	34.9841039418601	0.2
7.125	10.3	3.53777485300948e-25	0.799909464798895	-4.34185633379715e-05	34.9601066018484	0.2
7.275	10.3	-1.25566749689364e-24	0.799905654726227	-4.50941911025772e-05	34.9361093739722	0.2
7.425	10.3	-3.71928533645289e-24	0.799901697147713	-4.68405540001584e-05	34.9121122625648	0.2
7.575	10.3	-6.36336238263428e-24	0.79989758583985	-4.86603346780738e-05	34.8881152721433	0.2
7.725	10.3	-7.75236911508302e-24	0.799893314341611	-5.0556326103878e-05	34.8641184074145	0.2
7.875	10.3	-5.85675901671065e-24	0.799888875945935	-5.25314354522304e-05	34.8401216732828	0.2
8.025	10.3	1.36594062806031e-24	0.799884263689012	-5.45886889310796e-05	34.8161250748577	0.2
8.175	10.3	1.47872265312368e-23	0.799879470338964	-5.67312349768829e-05	34.7921286174615	0.2
8.325	10.3	3.25897988739176e-23	0.799874488386799	-5.89623499697724e-05	34.7681323066374	0.2
8.475	10.3	4.87543122673371e-23	0.799869310032239	-6.1285442493397e-05	34.7441361481583	0.2
8.625	10.3	5.25493382303901e-23	0.799863927175073	-6.37040575162301e-05	34.7201401480354	0.2
8.775	10.3	3.00172781477182e-23	0.79985833139999	-6.62218823031666e-05	34.6961443125278	0.2
8.925	10.3	-3.12521033210464e-23	0.799852513966512	-6.88427512512181e-05	34.6721486481514	0.2
9.075	10.3	-1.33759221203205e-22	0.799846465793127	-7.15706506924734e-05	34.6481531616898	0.2
9.225	10.3	-2.59084887538917e-22	0.79984017744612	-7.44097250945053e-05	34.6241578602038	0.2
9.375	10.3	-3.58179577067014e-22	0.799833639123982	-7.73642816627017e-05	34.600162751043	0.2
9.525	10.3	-3.49713068507418e-22	0.799826840643551	-8.04387975699907e-05	34.5761678418564	0.2
9.675	10.3	-1.35900851650285e-22	0.799819771423556	-8.36379243257011e-05	34.5521731406044	0.2
9.825	10.3	3.56406032937869e-22	0.799812420470136	-8.69664956736403e-05	34.528178655571	0.2
9.975	10.3	1.10897432583584e-21	0.799804776361077	-9.04295319457598e-05	34.5041843953762	0.2
10.125	10.3	1.93576587052778e-21	0.799796827226412	-9.40322481888372e-05	34.4801903689893	0.2
10.275	10.3	2.43422401310811e-21	0.799788560733353	-9.77800599589581e-05	34.4561965857426	0.2
10.425	10.3	2.02101059972726e-21	0.799779964067162	-0.000101678590472823	34.4322030553453	0.2
10.575	10.3	1.09474534694767e-22	0.799771023912863	-0.000105733677530819	34.4082097878986	0.2
10.725	10.3	-3.54747639739983e-21	0.799761726435044	-0.000109951381040428	34.3842167939105	0.2
10.875	10.3	-8.40611168190204e-21	0.799752057257722	-0.000114337990130234	34.3602240843125	0.2
11.025	10.3	-1.27450827214306e-20	0.799742001445048	-0.000118900031064418	34.3362316704751	0.2
11.175	10.3	-1.3632894311135e-20	0.799731543477592	-0.000123644273546663	34.3122395642258	0.2
11.325	10.3	-7.58051755398723e-21	0.799720667232146	-0.000128577741065209	34.2882477778664	0.2
11.475	10.3	7.90440471954328e-21	0.799709355956444	-0.000133707717128548	34.2642563241918	0.2
11.625	10.3	3.19938195268144e-20	0.799697592247817	-0.000139041754187943	34.240265216509	0.2
11.775	10.3	5.81443312639896e-20	0.799685358026011	-0.000144587681439132	34.216274468657	0.2
11.925	10.3	7.29764440902473e-20	0.79967263450965	-0.000150353614024071	34.1922840950275	0.2
12.075	10.3	5.8195224620038e-20	0.799659402188922	-0.000156347960982568	34.1682941105864	0.2
12.225	10.3	-2.95396986051321e-21	0.799645640798841	-0.000162579434349247	34.1443045308961	0.2
12.375	10.3	-1.14541209426088e-19	0.799631329290591	-0.000169057057837146	34.1203153721385	0.2
12.525	10.3	-2.54633946675501e-19	0.799616445803361	-0.000175790175467405	34.0963266511387	0.2
12.675	10.3	-3.65696599612088e-19	0.79960096763351	-0.000182788460683872	34.0723383853903	0.2
12.825	10.3	-3.57608527266262e-19	0.799584871204163	-0.000190061924427865	34.0483505930807	0.2
12.975	10.3	-1.32364894261878e-19	0.799568132033939	-0.000197620925486388	34.024363293118	0.2
13.125	10.3	3.65209624306195e-19	0.799550724702886	-0.000205476177418649	34.0003765051586	0.2
13.275	10.3	1.07810882960151e-18	0.799532622820455	-0.000213638758676372	33.9763902496358	0.2
13.425	10.3	1.77363709665875e-18	0.799513798988524	-0.000222120120154062	33.9524045477894	0.2
13.575	10.3	2.02819774934479e-18	0.799494224767969	-0.00023093209335129	33.9284194216965	0.2
13.725	10.3	1.31092724109106e-18	0.79947387063994	-0.000240086899117883	33.9044348943033	0.2
13.875	10.3	-7.9733095620213e-19	0.799452705969938	-0.000249597154813156	33.8804509894581	0.2
14.025	10.3	-4.26142951246214e-18	0.799430698967196	-0.000259475881386735	33.8564677319451	0.2
14.175	10.3	-8.21985493544714e-18	0.799407816646218	-0.000269736509693119	33.8324851475201	0.2
14.325	10.3	-1.07764043000051e-17	0.79938402478523	-0.000280392887567605	33.8085032629464	0.2
14.475	10.3	-9.21939332537517e-18	0.799359287884589	-0.000291459284355343	33.784522106033	0.2
14.625	10.3	-9.09441259230776e-19	0.79933356912508	-0.000302950395695612	33.7605417056733	0.2
14.775	10.3	1.51078470692587e-17	0.799306830321705	-0.000314881346750241	33.7365620918855	0.2
14.925	10.3	3.60850482707834e-17	0.799279031882325	-0.000327267694763725	33.712583295854	0.2
15.075	10.3	5.39880535158963e-17	0.799250132759187	-0.000340125430457192	33.6886053499725	0.2
15.225	10.3	5.56484353798189e-17	0.799220090404854	-0.000353470976985871	33.6646282878884	0.2
15.375	10.3	2.60664022903702e-17	0.799188860723393	-0.00036732118818675	33.6406521445482	0.2
15.525	10.3	-4.43525662898164e-17	0.799156398024033	-0.000381693344491482	33.616676956245	0.2
15.675	10.3	-1.49480483729663e-16	0.799122654971717	-0.000396605146636343	33.5927027606668	0.2
15.825	10.3	-2.5747362735394e-16	0.799087582538609	-0.000412074707190344	33.5687295969467	0.2
15.975	10.3	-3.07265262701891e-16	0.799051129954457	-0.000428120538108899	33.5447575057145	0.2
16.125	10.3	-2.19225750037751e-16	0.799013244656565	-0.000444761536997201	33.5207865291495	0.2
16.275	10.3	7.40148383025693e-17	0.798973872241423	-0.000462016968613953	33.4968167110351	0.2
16.425	10.3	5.7726360385314e-16	0.798932956411634	-0.000479906441831691	33.472848096815	0.2
16.575	10.3	1.17572765200743e-15	0.798890438930274	-0.000498449883692779	33.4488807336504	0.200000000000001
16.725	10.3	1.59900830050339e-15	0.798846259567237	-0.000517667507042268	33.4249146704792	0.200000000000001
16.875	10.3	1.44558567598682e-15	0.798800356053552	-0.000537579772474474	33.4009499580763	0.200000000000001
17.025	10.3	3.05849271588558e-16	0.798752664032013	-0.000558207345781041	33.376986649116	0.2
17.175	10.3	-2.0033078766257e-15	0.798703117009491	-0.000579571044648857	33.3530247982344	0.199999999999998
17.325	10.3	-5.13375732075106e-15	0.798651646314181	-0.000601691782170753	33.3290644620954	0.199999999999996
17.475	10.3	-7.95000943918352e-15	0.798598181048466	-0.000624590496071437	33.3051056994556	0.199999999999994
17.625	10.3	-8.51496685431266e-15	0.798542648050653	-0.000648288072842959	33.2811485712325	0.199999999999993
17.775	10.3	-4.5362615761892e-15	0.798484971854423	-0.000672805258175537	33.2571931405726	0.199999999999996
17.925	10.3	5.58942057031409e-15	0.79842507465438	-0.000698162554174138	33.2332394729212	0.200000000000004
18.075	10.3	2.12295633408148e-14	0.798362876272691	-0.000724380105729988	33.2092876360933	0.200000000000017
18.225	10.3	3.79414135333593e-14	0.798298294135027	-0.000751477567451935	33.1853377003448	0.20000000000003
18.375	10.3	4.67744358186771e-14	0.798231243243985	-0.000779473957444105	33.1613897384452	0.200000000000037
18.525	10.3	3.56251471472419e-14	0.798161636167929	-0.000808387488359627	33.1374438257502	0.200000000000029
18.675	10.3	-6.36526348987875e-15	0.798089383026558	-0.000838235378597485	33.1135000402751	0.199999999999995
18.825	10.3	-8.13095005021961e-14	0.798014391492593	-0.000869033639305823	33.0895584627686	0.199999999999935
18.975	10.3	-1.73682957363326e-13	0.797936566798432	-0.000900796833876172	33.0656191767856	0.199999999999861
19.125	10.3	-2.4407051898379e-13	0.797855811751747	-0.000933537808550446	33.0416822687607	0.199999999999805
19.275	10.3	-2.31541072306298e-13	0.797772026765826	-0.000967267388186188	33.0177478280805	0.199999999999815
19.425	10.3	-7.07906330094154e-14	0.797685109900717	-0.00100199403627505	32.9938159471548	0.199999999999943
19.575	10.3	2.73131087095481e-13	0.79759495691828	-0.00103772347272209	32.9698867214865	0.200000000000219
19.725	10.3	7.5757786640343e-13	0.797501461356961	-0.00107445824369401	32.9459602497396	0.200000000000606
19.875	10.3	1.21940138864708e-12	0.797404514619287	-0.00111219724274029	32.9220366338049	0.200000000000976
20.025	10.3	1.36542198296076e-12	0.797304006086501	-0.00115093517043918	32.8981159788623	0.200000000001092
20.175	10.3	8.31110211797558e-13	0.797199823251616	-0.0011906619322619	32.8741983934395	0.200000000000665
20.325	10.3	-6.67244516466105e-13	0.797091851879515	-0.00123136196269168	32.850283989467	0.199999999999466
20.475	10.3	-3.09431065625888e-12	0.79697997619831	-0.0012730134688254	32.8263728823268	0.199999999997525
20.625	10.3	-5.83579811018344e-12	0.796864079118056	-0.00131558758359357	32.8024651908957	0.199999999995331
20.775	10.3	-7.55024027574343e-12	0.796744042491814	-0.00135904741847487	32.7785610375809	0.19999999999396
20.925	10.3	-6.31728630050479e-12	0.79661974741199	-0.00140334700247772	32.7546605483476	0.199999999994946
21.075	10.3	-2.55822882782234e-13	0.796491074553711	-0.00144843009508098	32.7307638527374	0.199999999999795
21.225	10.3	1.13372870179833e-11	0.796357904569616	-0.00149422885663908	32.7068710838745	0.20000000000907
21.375	10.3	2.65361377669038e-11	0.796220118539567	-0.00154066236168426	32.682982378461	0.200000000021229
21.525	10.3	3.95948185626228e-11	0.79607759848223	-0.00158763493322876	32.659097876757	0.200000000031676
21.675	10.3	4.09385901941688e-11	0.795930227938012	-0.00163503428061505	32.6352177225445	0.200000000032751
21.825	10.3	1.93793517629944e-11	0.795777892629662	-0.00168272941628966	32.6113420630729	0.200000000015503
21.975	10.3	-3.27806959282836e-11	0.795620481204907	-0.0017305683241733	32.587471048983	0.199999999973775
22.125	10.3	-1.12184610669267e-10	0.795457886076471	-0.00177837535195263	32.5636048342069	0.199999999910252
22.275	10.3	-1.96617927711875e-10	0.795290004369798	-0.00182594828929768	32.5397435758399	0.199999999842706
22.425	10.3	-2.41267445285412e-10	0.795116738986153	-0.00187305509337835	32.5158874339822	0.199999999806986
22.575	10.3	-1.84754835783595e-10	0.794937999802452	-0.00191943021550771	32.4920365715467	0.199999999852196
22.725	10.3	2.99756912991153e-11	0.794753705024384	-0.00196477047251247	32.4681911540293	0.200000000023981
22.875	10.3	4.18924987049449e-10	0.794563782715995	-0.00200873041198469	32.4443513492395	0.20000000033514
23.025	10.3	9.1166642470633e-10	0.794368172519541	-0.00205091710829497	32.4205173269865	0.200000000729333
23.175	10.3	1.3157223176351e-09	0.794166827597243	-0.00209088433381289	32.3966892587146	0.200000001052578
23.325	10.3	1.31948601345841e-09	0.793959716804425	-0.00212812604523244	32.3728673170799	0.200000001055589
23.475	10.3	5.65569675140722e-10	0.793746827115616	-0.00216206912182054	32.3490516754549	0.200000000452456
23.625	10.3	-1.18579590526568e-09	0.793528166316039	-0.0021920652813141	32.3252425073452	0.199999999051363
23.775	10.3	-3.8175038759039e-09	0.79330376598787	-0.00221738206199103	32.3014399857017	0.199999996945997
23.925	10.3	-6.60949947939795e-09	0.793073684837255	-0.0022371927180748	32.2776442821127	0.1999999947124
24.075	10.3	-8.11809939452484e-09	0.792838012434157	-0.00225056480399319	32.2538555658695	0.19999999350552
24.225	10.3	-6.35631610542929e-09	0.792596873499107	-0.00225644716627524	32.2300740029114	0.199999994914947
24.375	10.3	5.66308976717121e-10	0.792350432884346	-0.00225365502186998	32.2062997546687	0.200000000453047
24.525	10.3	1.33050923489965e-08	0.792098901432516	-0.00224085283813609	32.1825329768307	0.200000010644074
24.675	10.3	2.98452083709718e-08	0.791842542841803	-0.0022165348489474	32.1587738180534	0.200000023876167
24.825	10.3	4.43070600419708e-08	0.791581681580421	-0.00217900327434571	32.1350224185883	0.200000035445648
24.975	10.3	4.68509577936736e-08	0.791316711717251	-0.00212634456754977	32.1112789087412	0.200000037480766
25.125	10.3	2.56651024322438e-08	0.79104810638745	-0.00205640421976198	32.0875434069875	0.200000020532082
25.275	10.3	-2.82818539613051e-08	0.790776427520418	-0.00196676056883247	32.0638160174854	0.199999977374517
25.425	10.3	-1.13962615164348e-07	0.790502335630792	-0.0018546975147691	32.0400968267038	0.199999908829908
25.575	10.3	-2.12278328196226e-07	0.790226599984011	-0.00171717488521593	32.0163858989686	0.199999830177337
25.725	10.3	-2.80975588283387e-07	0.789950110388474	-0.00155079351204889	31.9926832709643	0.199999775219529
25.875	10.3	-2.57623885149303e-07	0.789673893072081	-0.00135175031969524	31.9689889456149	0.199999793900892
26.025	10.3	-7.57431626169739e-08	0.789399134192662	-0.0011157777441222	31.9453028862053	0.19999993940547
26.175	10.3	3.03561420596189e-07	0.789127214824437	-0.000838062820223398	31.9216250119133	0.200000242849136
26.325	10.3	8.4824737457692e-07	0.788859759954929	-0.000513145411669764	31.8979551958241	0.2000006785979
26.475	10.3	1.41314425702795e-06	0.788598700496814	-0.000134802810338455	31.8742932657204	0.200001130515406
26.625	10.3	1.72148900661219e-06	0.788346341644133	0.000304061779220706	31.8506390063374	0.200001377191205
26.775	10.3	1.39858048293715e-06	0.788105424370066	0.000811499822636885	31.8269921595107	0.200001118864386
26.925	10.3	8.20171451601974e-08	0.787879162380106	0.00139653695356377	31.8033524163403	0.200000065613716
27.075	10.3	-2.3861732656554e-06	0.787671238676202	0.00206911162227867	31.7797193942592	0.199998091061387
27.225	10.3	-5.71657132176113e-06	0.787485758630998	0.00283994295166952	31.7560925931045	0.199995426742943
27.375	10.3	-8.95819299353011e-06	0.787327182944066	0.0037203879732012	31.7324713291537	0.199992833445605
27.525	10.3	-1.04388736547307e-05	0.787200302140839	0.00472241005922798	31.7088546548548	0.199991648901076
27.675	10.3	-8.00578451285628e-06	0.787110354927298	0.00585883170836948	31.6852412832216	0.19999359537239
27.825	10.3	3.23086967883365e-07	0.787063417216587	0.00714405149375701	31.6616295459038	0.200000258469574
27.975	10.3	1.52969586525871e-05	0.787067171555433	0.00859532728819794	31.638017417159	0.200012237566922
28.125	10.3	3.51492803410871e-05	0.787132082803721	0.0102345368381591	31.6144026260743	0.200028119424273
28.275	10.3	5.45160394089229e-05	0.787272843572251	0.0120900268263501	31.5907828520805	0.200043612831527
28.425	10.3	6.41778034959284e-05	0.787509729734386	0.0141978129379878	31.5671559549006	0.200051342242797
28.575	10.3	5.23050846894674e-05	0.787869281667112	0.0166011212115859	31.5435201385417	0.200041844067752
28.725	10.3	7.68526039912265e-06	0.788383601818173	0.0193472393118638	31.5198739077039	0.200006148208319
28.875	10.3	-7.51215770557544e-05	0.789087659823173	0.0224810542599761	31.4962156682886	0.199939902738355
29.025	10.3	-0.000189579442957118	0.790014442503078	0.026035609442836	31.4725428747168	0.199848336445634
29.175	10.3	-0.000311756575692626	0.791188649069224	0.0300214998006359	31.4488507466579	0.199750594739446
29.325	10.3	-0.000398262183923307	0.792620874050209	0.0344186916737563	31.425130753756	0.199681390252861
29.475	10.3	-0.000390239311501606	0.794305599496159	0.039175821185818	31.4013692552358	0.199687808550799
29.625	10.3	-0.000225262470513124	0.796227275955366	0.044222237613439	31.3775468104111	0.199819790023589
29.775	10.3	0.000142973926090392	0.798378439750433	0.0494959135550266	31.353638665108	0.200114379140872
29.925	10.3	0.000720114341988922	0.800791361474985	0.0549852860328267	31.3296167086741	0.200576091473591
30.075	10.3	0.00144766846375467	0.803580116806468	0.0607760936923929	31.3054527846969	0.201158134771004
30.225	10.3	0.00218860432415499	0.806984658678408	0.0670882142304527	31.2811227054433	0.201750883459324
30.375	10.3	0.00273005093794913	0.811404961935615	0.0742858953031255	31.256609824349	0.202184040750359
30.525	10.3	0.0028084046065419	0.81741334774865	0.0828491268787	31.2319067652766	0.202246723685234
30.675	10.3	0.00215667677139662	0.825735779341449	0.0933020970389156	31.2070140729053	0.201725341417117
30.825	10.3	0.000566948596605726	0.837195106478491	0.106102559628051	31.1819352156742	0.200453558877285
30.975	10.3	-0.00204555715890296	0.852608647964864	0.121501369993983	31.1566684513348	0.198363554272878
31.125	10.3	-0.00559361354335735	0.872631440273469	0.139386908440537	31.13119727113	0.195525109165314
31.275	10.3	-0.00979980052603662	0.897543304986347	0.159140029405311	31.1054820440487	0.192160159579171
31.425	10.3	-0.0142182171005866	0.927003864486022	0.179543913721894	31.0794556517153	0.188625426319531
31.575	10.3	-0.018295656690733	0.959848188969683	0.198811747572803	31.0530250943071	0.185363474647414
31.725	10.3	-0.021461236917605	0.99404473456788	0.214792287055003	31.0260794130829	0.182831010465916
31.875	10.3	-0.023224914720471	1.0269319521832	0.225364442168313	30.9985024333263	0.181420068223623
32.025	10.3	-0.0232616164764738	1.05574143150883	0.228934844850505	30.9701875936351	0.181390706818821
32.175	10.3	-0.0214609138272186	1.07823925685209	0.224855508405765	30.9410519279825	0.182831268938225
32.325	10.3	-0.0179320874144334	1.09321155964869	0.213570534727963	30.9110468381703	0.185654330068453
32.475	10.3	-0.0129676079883031	1.10059720134544	0.196425659688592	30.8801640900636	0.189625913609358
32.625	10.3	-0.00697910926416111	1.10127352805463	0.175251960911422	30.848436313224	0.194416712588671
32.775	10.3	-0.000424648450968635	1.09666118172907	0.151924564298401	30.815932296368	0.199660281239225
32.925	10.3	0.00625610618197662	1.08833464933781	0.128050108271228	30.7827484092335	0.205004884945581
33.075	10.3	0.0126885171990269	1.07774720823742	0.104826963000976	30.7489981204971	0.210150813759222
33.225	10.3	0.0185883187021443	1.06609026869413	0.083040257593572	30.7148015733822	0.214870654961715
33.375	10.3	0.0237679128199533	1.05425640579839	0.0631287943362679	30.6802766662123	0.219014330255963
33.525	10.3	0.0281287237744213	1.04286317830852	0.0452732600364147	30.645532395192	0.222502979019537
33.675	10.3	0.0316453478905454	1.03230302582069	0.0294775625387348	30.6106646170473	0.225316278312436
33.825	10.3	0.0343464626094088	1.02279776028746	0.0156328535413966	30.5757539924314	0.227477170087527
33.975	10.3	0.0362960588206967	1.01444709849818	0.00356364654758772	30.5408656750227	0.229036847056557
34.125	10.3	0.0375771188572214	1.00726761668352	-0.00694068763632129	30.5060502629477	0.230061695085777
34.275	10.3	0.0382787147184189	1.0012221398287	-0.0161051607159858	30.4713455664329	0.230622971774735
34.425	10.3	0.0384867853521922	0.996241017169268	-0.0241559380429604	30.4367788153595	0.230789428281754
34.575	10.3	0.0382784743923002	0.992237059967725	-0.0313122909341268	30.4023689979979	0.23062277951384
34.725	10.3	0.0377197242323276	0.989115700409485	-0.0377819754139836	30.3681290747476	0.230175779385862
34.875	10.3	0.0368656574348813	0.986781459382091	-0.0437586065431357	30.3340678548245	0.229492525947905
35.025	10.3	0.0357629300259718	0.985141460072869	-0.0494198561537115	30.300191383846	0.228610344020777
35.175	10.3	0.0344527039086291	0.984106663382699	-0.0549257940747638	30.2665037963956	0.227562163126903
35.325	10.3	0.0329723890202654	0.983591809609229	-0.0604176063700417	30.2330077515259	0.226377911216212
35.475	10.3	0.0313543045292149	0.983515604314562	-0.0660180964384364	30.199704758591	0.225083443623372
35.625	10.3	0.0296204004049528	0.983803072792625	-0.0718361536258174	30.1665958278029	0.223696320323962
35.775	10.3	0.0277743656886862	0.984391574695755	-0.0779767476621353	30.1336828203989	0.222219492550949
35.925	10.3	0.0257953424658679	0.985240129030275	-0.0845551684042415	30.1009705289428	0.220636273972694
36.075	10.3	0.0236397034463856	0.986338483138859	-0.091709481395001	30.0684689070876	0.218911762757109
36.225	10.3	0.021256982255406	0.987708933697602	-0.0996006228486729	30.0361942001371	0.217005585804325
36.375	10.3	0.0186214279443698	0.989392528377198	-0.108388892750223	30.0041674003592	0.214897142355496
36.525	10.3	0.015771786901547	0.991414544405283	-0.118182738639846	29.9724089120323	0.212617429521238
36.675	10.3	0.0128415252713633	0.993734049008606	-0.128972958737702	29.9409297967528	0.210273220217091
36.825	10.3	0.0100551972321166	0.996199124474295	-0.140590872046869	29.9097222144749	0.208044157785693
36.975	10.3	0.00767029906666813	0.998548345185267	-0.152751566121409	29.8787537744014	0.206136239253335
37.125	10.3	0.00586154284517097	1.00050563265702	-0.165238751792761	29.8479711142982	0.204689234276137
37.275	10.3	0.00457393318124291	1.00198760007295	-0.178230365622372	29.8173159548501	0.203659146544994
37.425	10.3	0.00340249651746071	1.00337597844363	-0.192665370704745	29.7867519324543	0.202721997213969
37.575	10.3	0.00157403353091918	1.0057464656019	-0.210484690674185	29.7562940401581	0.201259226824735
37.725	10.3	-0.00190616090014431	1.01094927169552	-0.23461019875151	29.7260272056397	0.198475071279885
37.875	10.3	-0.0079285388109112	1.02148778739615	-0.268602111232449	29.6960995715301	0.193657168951271
38.025	10.3	-0.016834319734091	1.04011772616869	-0.315894335867642	29.6666816757321	0.186532544212727
38.175	10.3	-0.0279811167458545	1.0688727471172	-0.378256758943252	29.6378948298072	0.177615106603316
38.325	10.3	-0.0394838432510675	1.10691152562559	-0.452912258421651	29.6097272916547	0.168412925399146
38.475	10.3	-0.0482827303624381	1.14697521059252	-0.528553026492121	29.5819693673506	0.16137381571005
38.625	10.3	-0.0506304937125797	1.17313362771538	-0.583961646432457	29.5541997617772	0.159495605029936
38.775	10.3	-0.0429536215833668	1.16649692557468	-0.596478756085698	29.5258364700306	0.165637102733307
38.925	10.3	-0.022809230831632	1.11931160271161	-0.558948755025344	29.4962352104474	0.181752615334694
39.075	10.3	0.0104831955236422	1.04173721964736	-0.486042882130007	29.4648051266804	0.208386556418914
39.225	10.3	0.0557587293328607	0.952292176408615	-0.401005303743456	29.4311100008787	0.244606983466289
39.375	10.3	0.110355649793891	0.865759036186845	-0.320887123254016	29.3949239316854	0.288284519835113
39.525	10.3	0.170671498556887	0.789544693236973	-0.253139119840794	29.3562345224667	0.33653719884551
39.675	10.3	0.232783882415185	0.725671416903234	-0.198926137274801	29.3152105838578	0.386227105932148
39.825	10.3	0.293040768468236	0.673478991615153	-0.156701961290189	29.2721523311042	0.434432614774588
39.975	10.3	0.348518330735517	0.631342396365613	-0.124213849021174	29.2274362120609	0.478814664588414
40.125	10.3	0.397266527371685	0.597491549570627	-0.0993285504653187	29.1814635317773	0.517813221897348
40.275	10.3	0.438330318146467	0.57032773288674	-0.0802790326688367	29.134619504759	0.550664254517174
40.425	10.3	0.471602365800365	0.548509238798874	-0.0656808339962214	29.0872458030191	0.577281892640292
40.575	10.3	0.497592498705772	0.53094524749221	-0.0544746358803981	29.0396261693076	0.598073998964617
40.725	10.3	0.517188641765651	0.516759949564091	-0.0458562139097964	28.9919824387995	0.613750913412521
40.875	10.3	0.531454447744309	0.505252113260682	-0.0392144524397998	28.9444776019897	0.625163558195447
41.025	10.3	0.541480543712725	0.495859113221521	-0.0340823655448373	28.8972228761259	0.63318443497018
41.175	10.3	0.548288053575577	0.488127723817066	-0.0301004721241134	28.8502865202607	0.638630442860461
41.325	10.3	0.552774801267626	0.481691395065867	-0.0269902214874664	28.8037029087958	0.642219841014101
41.475	10.3	0.555692789133121	0.476252887760181	-0.0245349704493902	28.7574809889135	0.644554231306497
41.625	10.3	0.55764676236938	0.471571016482907	-0.0225663189860592	28.7116116646025	0.646117409895504
41.775	10.3	0.559105794900868	0.467450398089402	-0.0209540656972265	28.666073915788	0.647284635920695
41.925	10.3	0.560421901713993	0.463733342899754	-0.0195985133262799	28.620839626381	0.648337521371195
42.075	10.3	0.56185140516388	0.460293272570444	-0.0184242782673412	28.5758771979542	0.649481124131104
42.225	10.3	0.563576147885131	0.457029261741721	-0.0173751023863551	28.5311540887512	0.650860918308105
42.375	10.3	0.565722715259825	0.453861461544014	-0.0164094139035437	28.4866384524569	0.65257817220786
42.525	10.3	0.568378661803809	0.450727268164873	-0.0154965370901648	28.4423000638482	0.654702929443047
42.675	10.3	0.571605363736079	0.447578155847686	-0.0146135234916682	28.3981107136027	0.657284290988863
42.825	10.3	0.57544756788152	0.444377113994556	-0.013742594165999	28.3540442365997	0.660358054305216
42.975	10.3	0.57993999659908	0.441096627168793	-0.0128691679221337	28.3100763116901	0.663951997279264
43.125	10.3	0.585111524619828	0.437717127537106	-0.0119804251504875	28.2661841406191	0.668089219695863
43.275	10.3	0.590987495099061	0.434225840656023	-0.0110643339754432	28.222346083435	0.672789996079249
43.425	10.3	0.597590718555163	0.430615942400588	-0.0101090518175193	28.1785413001294	0.678072574844131
43.575	10.3	0.60494162746297	0.426885948746912	-0.0091026126916319	28.1347494251852	0.683953301970376
43.725	10.3	0.613057964473448	0.423039270241557	-0.00803281733680591	28.0909502838663	0.690446371578758
43.875	10.3	0.621954281221826	0.419083877267511	-0.00688725691338399	28.0471236464331	0.697563424977461
44.025	10.3	0.631641429250075	0.415032038154284	-0.00565341861827311	28.0032490084324	0.70531314340006
44.175	10.3	0.642126141248135	0.410900107398059	-0.00431884062204352	27.9593053810004	0.713700912998508
44.325	10.3	0.65341073222325	0.406708353692023	-0.00287130219829266	27.9152710738921	0.7227285857786
44.475	10.3	0.66549289611022	0.402480825573057	-0.00129905126904451	27.8711234550139	0.732394316888176
44.625	10.3	0.678365532355596	0.398245255195262	0.000408915360421837	27.8268386731002	0.742692425884477
44.775	10.3	0.692016507713948	0.394032997511772	0.00226249512218732	27.7823913346105	0.753613206171158
44.925	10.3	0.706428240669927	0.389878992960479	0.00427001894834728	27.7377541319226	0.765142592535942
45.075	10.3	0.721576990345559	0.385821727591089	0.00643766276303476	27.6928974275758	0.777261592276447
45.225	10.3	0.73743174167194	0.381903147101559	0.00876871823275711	27.6477888088259	0.789945393337552
45.375	10.3	0.753952607465079	0.378168463759007	0.0112627289594134	27.6023926380496	0.803162085972063
45.525	10.3	0.771088721647237	0.374665781338325	0.0139145253139518	27.5566696371654	0.81687097731779
45.675	10.3	0.788775678480851	0.371445458230471	0.0167132240300713	27.5105765571587	0.83102054278468
45.825	10.3	0.806932678232749	0.368559137928315	0.0196412934117156	27.4640659952713	0.8455461425862
45.975	10.3	0.825459661870522	0.366058403042913	0.022673815256326	27.4170864299417	0.860367729496418
46.125	10.3	0.844234839925408	0.363993054544969	0.025778092247421	27.3695825441445	0.875387871940327
46.275	10.3	0.863113116833976	0.362409078677084	0.0289137462517589	27.3214958983159	0.890490493467181
46.425	10.3	0.88192594982026	0.361346431186307	0.0320334226165256	27.2727659923521	0.905540759856208
46.575	10.3	0.900483131621671	0.360836828693901	0.0350841567090631	27.2233317217555	0.920386505297337
46.725	10.3	0.918576831119033	0.360901774826898	0.0380093765448971	27.1731331880288	0.934861464895226
46.875	10.3	0.935987968045006	0.361551051283621	0.040751421848837	27.1221137731861	0.948790374436005
47.025	10.3	0.952494669215806	0.362781865221358	0.0432543734174398	27.0702223408312	0.961995735372645
47.175	10.3	0.967882213263651	0.36457876802465	0.04546692632794	27.017415391022	0.974305770610921
47.325	10.3	0.981953591219059	0.366914360491879	0.0473450214034203	26.9636589815726	0.985562872975247
47.475	10.3	0.994539658369682	0.369750696240403	0.0488539778044218	26.9089302396433	0.995631726695746
47.625	10.3	1.005507868786	0.373041209962567	0.0499699404770899	26.8532183243291	1.0044062950288
47.775	10.3	1.0147687660573	0.376732946196958	0.0506805537957703	26.7965247577658	1.01181501284584
47.925	10.3	1.02227970839572	0.380768854424444	0.0509848758351207	26.7388631090903	1.01782376671657
48.075	10.3	1.02804566231298	0.385089944468134	0.0508926354503297	26.6802580808681	1.02243652985038
48.225	10.3	1.03211723099847	0.389637151534489	0.0504229918930417	26.6207441011396	1.02569378479877
48.375	10.3	1.03458633352433	0.394352828200761	0.0496029784572402	26.5603635594714	1.02766906681946
48.525	10.3	1.0355800923159	0.399181847016186	0.0484658011025728	26.4991648402531	1.02846407385272
48.675	10.3	1.03525352393805	0.404072351264763	0.0470491299570648	26.4372003028942	1.02820281915044
48.825	10.3	1.03378158951551	0.40897622664022	0.0453934783872395	26.3745243410397	1.02702527161241
48.975	10.3	1.03135108190961	0.413849381500757	0.0435407222479504	26.3111916268196	1.02508086552769
49.125	10.3	1.02815273899446	0.418651920030698	0.041532778971686	26.2472556163835	1.02252219119556
49.275	10.3	1.02437389631302	0.423348275440454	0.0394104461093131	26.1827673632341	1.01949911705042
49.425	10.3	1.02019193493624	0.42790734488515	0.0372123916629287	26.1177746584785	1.016153547949
49.575	10.3	1.01576873758059	0.432302639916825	0.0349742909859664	26.0523214932245	1.01261499006447
49.725	10.3	1.01124632813987	0.436512441312126	0.032728112444197	25.9864478184511	1.0089970625119
49.875	10.3	1.00674382614824	0.440519929191735	0.0305015613835301	25.9201895619142	1.00539506091859
50.025	10.3	1.00235579086332	0.444313250912917	0.0283176950366901	25.8535788501373	1.00188463269066
50.175	10.3	0.998151957423684	0.447885490714166	0.0261947173771281	25.7866443764569	0.998521565938947
50.325	10.3	0.994178283084282	0.451234514898003	0.0241459523844849	25.7194118536724	0.995342626467426
50.475	10.3	0.990459132163506	0.454362681217485	0.022179978736103	25.6519044922934	0.992367305730805
50.625	10.3	0.987000343330381	0.457276416974931	0.0203008923126622	25.584143452737	0.989600274664305
50.775	10.3	0.983792851297157	0.459985683245661	0.0185086497133699	25.5161482319425	0.987034281037725
50.925	10.3	0.980816484060386	0.462503349895684	0.0167994407305345	25.4479369612918	0.984653187248309
51.075	10.3	0.978043531074972	0.464844506931271	0.015166043968627	25.379526612666	0.982434824859978
51.225	10.3	0.975441679101766	0.467025733735002	0.0135981393941535	25.3109331317654	0.980353343281413
51.375	10.3	0.972975941062414	0.469064342522327	0.0120825843229253	25.2421715408261	0.978380752849931
51.525	10.3	0.970609258311483	0.470977610923883	0.0106037024888932	25.1732560743936	0.976487406649186
51.675	10.3	0.968301537383181	0.472782026336451	0.00914368397252717	25.1042004290617	0.974641229906545
51.825	10.3	0.966006987637963	0.474492585950528	0.00768323868283586	25.0350182177055	0.97280559011037
51.975	10.3	0.963669755297546	0.476122232989753	0.00620267713444782	24.9657237170379	0.970935804238037
52.125	10.3	0.961218000583716	0.477681559598907	0.00468359746727033	24.8963329807442	0.968974400466973
52.275	10.3	0.958556736145213	0.479178963062113	0.00311132583337415	24.8268653561897	0.96684538891617
52.425	10.3	0.955559935312718	0.480621492933887	0.00147818089710204	24.7573453894733	0.964447948250174
52.575	10.3	0.952062628721039	0.482016657127713	-0.000212488693679397	24.687805032366	0.961650102976831
52.725	10.3	0.947853941133741	0.483375449138801	-0.00194170508409136	24.6182859790841	0.958283152906993
52.875	10.3	0.942672280893148	0.484716802666249	-0.00367009468371907	24.5488418675342	0.954137824714518
53.025	10.3	0.936204177006033	0.486073564681348	-0.00533353545449277	24.4795399883742	0.948963341604826
53.175	10.3	0.928088530156459	0.487499898894457	-0.00683996891478299	24.4104620692721	0.942470824125167
53.325	10.3	0.917928216085458	0.489079786894195	-0.00806826193627936	24.3417036589323	0.934342572868366
53.475	10.3	0.905310885928522	0.490935982876371	-0.00887008254157338	24.2733716493445	0.924248708742818
53.625	10.3	0.889840202948995	0.493238399347179	-0.00907574999953641	24.2055795744574	0.911872162359196
53.775	10.3	0.8711773724678	0.49621046137673	-0.00850488583363784	24.1384405396127	0.89694189797424
53.925	10.3	0.84909051638571	0.500131492497249	-0.00698235821699265	24.0720579885505	0.879272413108568
54.075	10.3	0.823506403816871	0.505332757357633	-0.00435939231417289	24.0065149923285	0.858805123053497
54.225	10.3	0.794555985560206	0.512184532680009	-0.000538745105870155	23.9418632802905	0.835644788448165
54.375	10.3	0.762603315435498	0.521071762971228	0.00449848074137463	23.8781136916908	0.810082652348398
54.525	10.3	0.728248129870091	0.532356839524184	0.0106683332920767	23.8152299215466	0.782598503896073
54.675	10.3	0.692296350258559	0.546330200748311	0.01776712282843	23.7531271918453	0.753837080206847
54.825	10.3	0.655699536580008	0.563152943753146	0.0254680347140517	23.6916767325379	0.724559629264006
54.975	10.3	0.619471896944544	0.5828000109346	0.0333362201827981	23.6307158254014	0.695577517555635
55.125	10.3	0.584599174210105	0.60501640851709	0.0408644535449372	23.5700619570863	0.667679339368084
55.275	10.3	0.551955489263047	0.629300197361898	0.0475267863470176	23.5095287386173	0.641564391410438
55.425	10.3	0.522241515519613	0.654922704396061	0.0528423696837869	23.4489409776454	0.61779321241569
55.575	10.3	0.495951415604374	0.680988192817461	0.0564376184181708	23.388146698187	0.596761132483499
55.725	10.3	0.473369010859336	0.706524378807285	0.0580939211929598	23.3270247920988	0.578695208687469
55.875	10.3	0.454587842675085	0.730586004563758	0.0577709223714578	23.2654880163355	0.563670274140068
56.025	10.3	0.439546457936342	0.752350248363553	0.0556012950461316	23.2034819080557	0.551637166349074
56.175	10.3	0.428069677105391	0.771186426350634	0.0518599061216324	23.1409807086022	0.542455741684313
56.325	10.3	0.419908191591405	0.7866910949827	0.046915951361015	23.0779815565903	0.535926553273124
56.475	10.3	0.414771567429158	0.798689235250997	0.0411792613429737	23.0144981144942	0.531817253943327
56.625	10.3	0.412352591462071	0.807209161637208	0.0350511611026395	22.9505545418361	0.529882073169657
56.775	10.3	0.412343171882434	0.812441708039156	0.0288869679632981	22.8861804152786	0.529874537505947
56.925	10.3	0.414443387495393	0.814693673347504	0.0229730598698731	22.8214068895461	0.531554709996314
57.075	10.3	0.418365801558232	0.814343001158273	0.0175178781714621	22.7562641374964	0.534692641246585
57.225	10.3	0.42383704718471	0.811800194513281	0.0126539918370494	22.6907799264945	0.539069637747768
57.375	10.3	0.430598236444335	0.807477933147776	0.00844749576776261	22.6249790864618	0.544478589155468
57.525	10.3	0.438405183626883	0.801769096265731	0.0049111851385394	22.5588835927495	0.550724146901507
57.675	10.3	0.44702892018289	0.795032366979073	0.00201868065131354	22.4925130059951	0.557623136146312
57.825	10.3	0.456256603595867	0.787584115178617	-0.000282407636190167	22.4258850602049	0.565005282876694
57.975	10.3	0.465892701593345	0.77969512979054	-0.00205934766431889	22.3590162502587	0.572714161274676
58.125	10.3	0.475760234552738	0.771590854846961	-0.00338559716746959	22.2919223275117	0.58060818764219
58.275	10.3	0.4857018498307	0.763453968758106	-0.00433452672539505	22.2246186599077	0.58856147986456
58.425	10.3	0.495580544088658	0.755428371453428	-0.00497526227387359	22.1571204482127	0.596464435270927
58.575	10.3	0.505279917525239	0.747623867326953	-0.00537024126461503	22.0894428128168	0.604223934020191
58.725	10.3	0.514703913818224	0.740121034558369	-0.00557405956332086	22.0216007779266	0.611763131054579
58.875	10.3	0.523776064110181	0.732975937520493	-0.00563322549798234	21.9536091843776	0.619020851288145
59.025	10.3	0.532438298325494	0.726224473210644	-0.00558650300760381	21.8854825612804	0.625950638660395
59.175	10.3	0.540649416457514	0.719886241229886	-0.00546559744080417	21.8172349825315	0.632519533166011
59.325	10.3	0.548383324957469	0.713967897283343	-0.00529600413464443	21.7488799285087	0.638706659965975
59.475	10.3	0.555627142756354	0.708465997050981	-0.00509789607463698	21.6804301672314	0.644501714205083
59.625	10.3	0.562379271520012	0.703369366198577	-0.00488697128172423	21.611897663641	0.64990341721601
59.775	10.3	0.568647509147185	0.69866104810488	-0.00467521381909822	21.543293520833	0.654918007317748
59.925	10.3	0.574447267392209	0.694319887568858	-0.00447154616753603	21.4746279532152	0.659557813913767
60.075	10.3	0.579799936208948	0.690321809409531	-0.00428236715042768	21.4059102886713	0.663839948967158
60.225	10.3	0.584731420595261	0.686640847754424	-0.00411198042796562	21.3371489947951	0.667785136476209
60.375	10.3	0.589270861324539	0.68324997650778	-0.00396292536173269	21.2683517230016	0.671416689059631
60.525	10.3	0.593449539409321	0.680121785070134	-0.00383622596621815	21.1995253636857	0.674759631527457
60.675	10.3	0.597299955498887	0.67722903652701	-0.00373157560825138	21.1306761054739	0.677839964399109
60.825	10.3	0.600855069491914	0.674545138585881	-0.00364747569434224	21.0618094918814	0.680684055593531
60.975	10.3	0.604147681849601	0.672044550941173	-0.00358134628877612	20.9929304692884	0.683318145479681
61.125	10.3	0.607209936496079	0.669703146233851	-0.00352962569552667	20.9240434210112	0.685767949196863
61.275	10.3	0.610072924840627	0.667498535703836	-0.00348787468242204	20.8551521833377	0.688058339872501
61.425	10.3	0.612766371141935	0.665410364791021	-0.00345089935757726	20.7862600407065	0.690213096913548
61.575	10.3	0.61531838087227	0.663420578237751	-0.00341290468871267	20.7173696987558	0.692254704697816
61.725	10.3	0.617755235585582	0.661513648649586	-0.00336768815721494	20.6484832357612	0.694204188468466
61.875	10.3	0.620101219923959	0.659676756916728	-0.00330887982114104	20.5796020350675	0.696080975939168
62.025	10.3	0.622378468806639	0.657899907453599	-0.00323023073570815	20.5107267035316	0.697902775045311
62.175	10.3	0.624606825629336	0.656175956202254	-0.003125945808582	20.4418569837314	0.699685460503469
62.325	10.3	0.626803705865829	0.654500525284352	-0.00299104929050482	20.3729916707036	0.701442964692663
62.475	10.3	0.628983965182269	0.652871776069525	-0.00282176091132479	20.3041285470748	0.703187172145815
62.625	10.3	0.63115977743196	0.651290013601172	-0.00261584835624877	20.2352643533051	0.704927821945568
62.775	10.3	0.633340536119102	0.649757101341575	-0.0023729082479846	20.1663948118498	0.706672428895282
62.925	10.3	0.635532803024171	0.648275677626534	-0.00209451498360602	20.0975147246037	0.708426242419337
63.075	10.3	0.637740339077168	0.64684818492529	-0.0017841678220616	20.0286181611416	0.710192271261734
63.225	10.3	0.639964263551223	0.64547574966921	-0.00144696572346088	19.9596987501172	0.711971410840979
63.375	10.3	0.642203395828057	0.644156981405338	-0.00108895114899685	19.8907500770924	0.713762716662446
63.525	10.3	0.644454835707662	0.642886790349649	-0.000716092009807701	19.8217661790131	0.71556386856613
63.675	10.3	0.646714830184674	0.641655343909679	-0.00033291621562566	19.752742109464	0.717371864147739
63.825	10.3	0.648979952760548	0.640447286860555	5.91280325701389e-05	19.6836745319501	0.719183962208438
63.975	10.3	0.651248587411231	0.63924132615036	0.000463451025474611	19.6145622842561	0.720998869928985
64.125	10.3	0.653522663965752	0.638010226627062	0.000890055856332302	19.5454068498172	0.722818131172602
64.275	10.3	0.655809545762865	0.636721179788487	0.001357032330625	19.4762126763491	0.724647636610292
64.425	10.3	0.658123938382297	0.635336408631047	0.00189166130268199	19.40698730038	0.726499150705838
64.575	10.3	0.660489687387728	0.633813787309306	0.00253110293131782	19.3377412679609	0.728391749910182
64.725	10.3	0.662941384862904	0.632107225698289	0.00332284151901255	19.2684878802799	0.730353107890323
64.875	10.3	0.665525821051836	0.630166648761573	0.00432530863049756	19.1992428249147	0.732420656841469
65.025	10.3	0.668303498680542	0.627937637992397	0.00560934087480698	19.1300237590345	0.734642798944433
65.175	10.3	0.671350648031023	0.625361226725234	0.00726124263929515	19.0608498657297	0.737080518424818
65.325	10.3	0.674762381461078	0.622374935120387	0.00938807402298249	18.9917412858713	0.739809905168863
65.475	10.3	0.678657704905071	0.618916801168983	0.0121252147828891	18.9227181232062	0.742926163924057
65.625	10.3	0.683186924573067	0.614934712340196	0.0156451462135846	18.8537984404028	0.746549539658454
65.775	10.3	0.688541391133941	0.610403454701379	0.0201647349410721	18.7849943552764	0.750833112907153
65.925	10.3	0.694964379558303	0.605351153302444	0.0259462959819637	18.7163051025912	0.755971503646642
66.075	10.3	0.702760176675174	0.599894715455967	0.0332858785531215	18.6477058887926	0.762208141340139
66.225	10.3	0.712296309233996	0.594280143453081	0.0424814931901551	18.5791317117658	0.769837047387197
66.375	10.3	0.723991792178623	0.588918204047748	0.0537757279379282	18.5104562275001	0.779193433742899
66.525	10.3	0.738283264145681	0.584399955044312	0.0672728617301731	18.4414673524783	0.790626611316545
66.675	10.3	0.75556235029049	0.581472764711202	0.0828409807582905	18.3718435806608	0.804449880232392
66.825	10.3	0.776083224800004	0.580960390378062	0.10002341101259	18.3011376436926	0.820866579840003
66.975	10.3	0.79985013831846	0.583625321436491	0.117995881990935	18.228776290052	0.839880110654768
67.125	10.3	0.826509276181627	0.589998162122076	0.135607107495314	18.1540850538201	0.861207420945301
67.275	10.3	0.85528232287189	0.600226768246769	0.151521560313888	18.0763430513745	0.884225858297512
67.425	10.3	0.884981493053352	0.614006522215455	0.164443528138627	17.9948642450129	0.907985194442682
67.575	10.3	0.914129459078604	0.630626840594758	0.173358112307956	17.9090904019253	0.931303567262883
67.725	10.3	0.941172943925475	0.649117363546547	0.177707681383021	17.8186727371244	0.95293835514038
67.875	10.3	0.96473923570945	0.668434498564514	0.177449242780973	17.7235197520998	0.97179138856756
68.025	10.3	0.98386208473262	0.687623472314345	0.172992444771576	17.6237990702532	0.987089667786096
68.175	10.3	0.998112534131659	0.705918788469698	0.16506197265672	17.519895944631	0.998490027305327
68.325	10.3	1.00760709090722	0.722780437376064	0.154539891812995	17.4123432091258	1.00608567272577
68.475	10.3	1.01290907488293	0.737883779005119	0.142328983890662	17.3017422318439	1.01032725990635
68.625	10.3	1.0148672743352	0.751085061178593	0.129255442173593	17.1886919801377	1.01189381946816
68.775	10.3	1.01444138742909	0.762379346371229	0.11601179191827	17.0737367324362	1.01155310994327
68.925	10.3	1.01255234510961	0.771860365294097	0.103132463866832	16.9573358204862	1.01004187608768
69.075	10.3	1.00997823279897	0.779686119260753	0.0909928092981137	16.8398533449858	1.00798258623918
69.225	10.3	1.0073007865887	0.786050839638467	0.0798236964062045	16.7215628111829	1.00584062927096
69.375	10.3	1.00489637781764	0.79116275743899	0.0697355255537813	16.6026607836116	1.00391710225411
69.525	10.3	1.00295930509034	0.795227116807503	0.0607466445610083	16.4832842643045	1.00236744407228
69.675	10.3	1.0015433547459	0.798434112476555	0.0528119530094603	16.3635278518311	1.00123468379672
69.825	10.3	1.00060891177454	0.800951460221173	0.045848415430215	16.2434582864413	1.00048712941963
69.975	10.3	1.0000661739602	0.802921070919112	0.0397554215202992	16.1231253636361	1.00005293916816
70.125	10.3	0.999808991390392	0.80445898575969	0.0344292525093492	16.0025692133501	0.999847193112314
70.275	10.3	0.999737484133604	0.805657542470493	0.0297720268764766	15.8818245459462	0.999789987306883
70.425	10.3	0.999770248065275	0.806588759934237	0.0256961961861147	15.7609227100769	0.99981619845222
70.575	10.3	0.999848448360243	0.807308113078668	0.0221259147334203	15.6398923936187	0.999878758688194
70.725	10.3	0.999934566087887	0.807858130687091	0.0189965225522744	15.5187596398548	0.999947652870309
70.875	10.3	1.00000832331875	0.808271502682595	0.0162531144980659	15.3975476411009	1.000006658655
71.025	10.3	1.00006170863256	0.808573582204314	0.0138488518104064	15.2762765744207	1.00004936690605
71.175	10.3	1.00009433243251	0.808784297463871	0.0117433909770168	15.1549635913767	1.00007546594601
71.325	10.3	1.00010973283324	0.808919556783112	0.00990159479264316	15.0336229744487	1.00008778626659
71.475	10.3	1.00011280641069	0.808992254165998	0.00829255647312933	14.9122664207011	1.00009024512855
71.625	10.3	1.00010826407053	0.809012979521614	0.00688889661892312	14.7909033958823	1.00008661125642
71.775	10.3	1.0000998824636	0.808990521016309	0.005666266084165	14.6695415059205	1.00007990597088
71.925	10.3	1.00009029281631	0.808932226295706	0.00460298770884774	14.5481868465893	1.00007223425305
72.075	10.3	1.00008107962542	0.808844269832238	0.0036797826611106	14.4268443082096	1.00006486370033
72.225	10.3	1.0000730179505	0.808731857853081	0.00287954364211959	14.3055178262108	1.0000584143604
72.375	10.3	1.00006633761169	0.808599390754338	0.00218713226135328	14.1842105783468	1.00005307008935
72.525	10.3	1.0000609531122	0.808450595164832	0.0015891892807264	14.0629251352097	1.00004876248976
72.675	10.3	1.00005663479704	0.808288633030634	0.00107395380666438	13.9416635731344	1.00004530783763
72.825	10.3	1.0000531197152	0.808116192344434	0.000631091506558539	13.8204275587119	1.00004249577216
72.975	10.3	1.00005017244587	0.807935562676986	0.000251533513631184	13.6992184129272	1.00004013795669
73.125	10.3	1.00004761015098	0.807748697921766	-7.26721884090353e-05	13.5780371611948	1.00003808812079
73.275	10.3	1.00004530547617	0.807557268271326	-0.000348495696012857	13.4568845738105	1.00003624438094
73.425	10.3	1.00004317808423	0.807362703194478	-0.000582046024765102	13.3357611998362	1.00003454246739
73.575	10.3	1.0000411822063	0.807166226976751	-0.000778678174591258	13.2146673963068	1.00003294576504
73.725	10.3	1.00003929455135	0.806968888180494	-0.000943087267965875	13.093603353873	1.00003143564108
73.875	10.3	1.00003750461568	0.806771584175148	-0.00107939092032233	12.9725691195176	1.00003000369255
74.025	10.3	1.00003580793145	0.8065750816883	-0.00119120112813258	12.8515646167203	1.00002864634516
74.175	10.3	1.00003420196282	0.806380034145131	-0.00128168695516246	12.730589663318	1.00002736157025
74.325	10.3	1.00003268401188	0.806186996406407	-0.0013536292102072	12.6096439872623	1.00002614720951
74.475	10.3	1.00003125045056	0.80599643738304	-0.00140946818302163	12.488727240464	1.00002500036045
74.625	10.3	1.00002989670224	0.805808750902283	-0.0014513453676601	12.3678390109142	1.00002391736179
74.775	10.3	1.00002861755891	0.805624265118206	-0.00148113997133725	12.2469788332718	1.00002289404713
74.925	10.3	1.00002740757544	0.805443250698713	-0.00150050089057809	12.1261461981	1.00002192606035
75.075	10.3	1.00002626140678	0.805265927974426	-0.00151087473710069	12.0053405599211	1.00002100912542
75.225	10.3	1.00002517403813	0.80509247319964	-0.00151353041370782	11.8845613442427	1.0000201392305
75.375	10.3	1.00002414090756	0.804923024049389	-0.00150958067180985	11.7638079536898	1.00001931272605
75.525	10.3	1.00002315794366	0.804757684455386	-0.00150000102554736	11.6430797733583	1.00001852635493
75.675	10.3	1.0000222215471	0.804596528867856	-0.00148564634944589	11.5223761754893	1.00001777723768
75.825	10.3	1.0000213285419	0.804439606016621	-0.00146726544586522	11.4016965235472	1.00001706283352
75.975	10.3	1.00002047611566	0.804286942234266	-0.00144551383324356	11.2810401757749	1.00001638089253
76.125	10.3	1.00001966176081	0.804138544395285	-0.00142096497501345	11.1604064882876	1.00001572940865
76.275	10.3	1.00001888322311	0.803994402517403	-0.00139412014249359	11.0397948177569	1.00001510657849
76.425	10.3	1.00001813845955	0.80385449206529	-0.00136541708064171	10.9192045237342	1.00001451076764
76.575	10.3	1.00001742560538	0.80371877599113	-0.00133523762515053	10.7986349706521	1.00001394048431
76.725	10.3	1.00001674294869	0.803587206542498	-0.00130391440005474	10.6780855295417	1.00001339435895
76.875	10.3	1.00001608891082	0.803459726863772	-0.00127173670964154	10.5575555794972	1.00001287112865
77.025	10.3	1.00001546203104	0.803336272414157	-0.00123895572356462	10.4370445089157	1.00001236962483
77.175	10.3	1.00001486095401	0.803216772222879	-0.00120578904183673	10.3165517165401	1.00001188876321
77.325	10.3	1.00001428441935	0.80310114999917	-0.0011724247155638	10.1960766123246	1.00001142753548
77.475	10.3	1.00001373125245	0.802989325113145	-0.00113902478954949	10.0756186181462	1.00001098500196
77.625	10.3	1.0000132003565	0.802881213461549	-0.00110572842495007	9.95517716837852	1.0000105602852
77.775	10.3	1.00001269070525	0.802776728230796	-0.00107265465258695	9.83475171034456	1.0000101525642
77.925	10.3	1.00001220133653	0.802675780568486	-0.00103990480149467	9.71434170466307	1.00000976106923
78.075	10.3	1.00001173134646	0.80257828017318	-0.00100756464169127	9.59394662550131	1.00000938507717
78.225	10.3	1.00001127988426	0.802484135811591	-0.000975706275240204	9.47356596074553	1.00000902390741
78.375	10.3	1.00001084614763	0.802393255770451	-0.000944389805716624	9.35319921209962	1.0000086769181
78.525	10.3	1.00001042937863	0.802305548250759	-0.000913664812293542	9.23284589512087	1.00000834350291
78.675	10.3	1.00001002886007	0.802220921710153	-0.000883571651709216	9.11250553920121	1.00000802308805
78.825	10.3	1.00000964391224	0.802139285159477	-0.000854142608207521	8.99217768750095	1.00000771512979
78.975	10.3	1.00000927389007	0.802060548418131	-0.000825402909510712	8.87186189684171	1.00000741911205
79.125	10.3	1.00000891818054	0.801984622333126	-0.000797371624395958	8.75155773756407	1.00000713454443
79.275	10.3	1.00000857620041	0.801911418965469	-0.000770062455805951	8.63126479335533	1.00000686096033
79.425	10.3	1.00000824739419	0.801840851747883	-0.000743484441471282	8.5109826610517	1.00000659791535
79.575	10.3	1.00000793123223	0.801772835616782	-0.000717642573079446	8.39071095041911	1.00000634498579
79.725	10.3	1.00000762720914	0.801707287121443	-0.000692538343038822	8.27044928391619	1.00000610176731
79.875	10.3	1.00000733484222	0.801644124513162	-0.000668170227517486	8.15019729644267	1.00000586787378
80.025	10.3	1.00000705367011	0.80158326781646	-0.000644534112910072	8.02995463507591	1.00000564293609
80.175	10.3	1.00000678325154	0.801524638884537	-0.000621623672238935	7.90972095879818	1.00000542660123
80.325	10.3	1.00000652316419	0.80146816144087	-0.000599430697351853	7.78949593821682	1.00000521853136
80.475	10.3	1.00000627300367	0.801413761108466	-0.000577945391748618	7.66927925527929	1.00000501840293
80.625	10.3	1.00000603238248	0.801361365428411	-0.000557156628742566	7.54907060298474	1.00000482590599
80.775	10.3	1.00000580092924	0.80131090386895	-0.000537052178772404	7.42886968509365	1.00000464074339
80.925	10.3	1.00000557828777	0.801262307826329	-0.000517618909401557	7.3086762158369	1.00000446263022
81.075	10.3	1.00000536411638	0.80121551061844	-0.000498842961167746	7.18848991962533	1.0000042912931
81.225	10.3	1.00000515808717	0.801170447472194	-0.000480709901888115	7.06831053076083	1.00000412646974
81.375	10.3	1.00000495988535	0.801127055505536	-0.000463204862029913	6.94813779314981	1.00000396790828
81.525	10.3	1.00000476920867	0.80108527370476	-0.00044631265314868	6.82797146001988	1.00000381536693
81.675	10.3	1.00000458576679	0.801045042897894	-0.000430017871426054	6.70781129364021	1.00000366861343
81.825	10.3	1.00000440928079	0.80100630572469	-0.000414304987910103	6.58765706504629	1.00000352742463
81.975	10.3	1.00000423948264	0.800969006603727	-0.00039915842702181	6.46750855376944	1.00000339158611
82.125	10.3	1.00000407611469	0.800933091697168	-0.000384562634667087	6.3473655475715	1.00000326089175
82.275	10.3	1.00000391892926	0.800898508873611	-0.000370502137091393	6.22722784218505	1.0000031351434
82.425	10.3	1.00000376768817	0.80086520766919	-0.000356961591563075	6.10709524105931	1.00000301415053
82.575	10.3	1.00000362216242	0.800833139247633	-0.000343925829854291	5.98696755511209	1.00000289772994
82.725	10.3	1.00000348213189	0.800802256359106	-0.000331379895266507	5.86684460248781	1.00000278570551
82.875	10.3	1.00000334738497	0.800772513298554	-0.000319309074020756	5.7467262083218	1.00000267790798
83.025	10.3	1.00000321771824	0.800743865863295	-0.000307698921622311	5.62661220451091	1.0000025741746
83.175	10.3	1.00000309293595	0.800716271310615	-0.000296535284785382	5.50650242949057	1.00000247434876
83.325	10.3	1.00000297284936	0.800689688314944	-0.000285804319452192	5.38639672801827	1.00000237827948
83.475	10.3	1.00000285727609	0.80066407692533	-0.000275492505333064	5.26629495096354	1.00000228582088
83.625	10.3	1.00000274603987	0.800639398522877	-0.000265586657404443	5.14619695510438	1.00000219683189
83.775	10.3	1.00000263897085	0.800615615778504	-0.000256073934698506	5.02610260292999	1.00000211117668
83.925	10.3	1.00000253590704	0.800592692610881	-0.000246941846702904	4.90601176244986	1.00000202872563
84.075	10.3	1.00000243669603	0.800570594144606	-0.000238178257653869	4.78592430700883	1.00000194935682
84.225	10.3	1.00000234119575	0.800549286668803	-0.000229771388940663	4.66584011510837	1.0000018729566
84.375	10.3	1.00000224927191	0.800528737596196	-0.000221709819879836	4.54575907023399	1.00000179941753
84.525	10.3	1.00000216079055	0.800508915423349	-0.000213982486969295	4.42568106068919	1.00000172863244
84.675	10.3	1.00000207560672	0.800489789692169	-0.000206578681845195	4.30560597943631	1.00000166048537
84.825	10.3	1.00000199355575	0.800471330952908	-0.0001994880480207	4.18553372394419	1.0000015948446
84.975	10.3	1.0000019144586	0.80045351072773	-0.000192700576538665	4.06546419604175	1.00000153156688
85.125	10.3	1.00000183815272	0.800436301473003	-0.000186206600605537	3.94539730177561	1.00000147052217
85.275	10.3	1.00000176454851	0.800419676538159	-0.000179996789262969	3.82533295126902	1.00000141163881
85.425	10.3	1.00000169368668	0.800403610120124	-0.000174062140131491	3.70527105858096	1.00000135494935
85.575	10.3	1.00000162574048	0.80038807721605	-0.000168393971259908	3.58521154156782	1.00000130059239
85.725	10.3	1.00000156089424	0.800373053582723	-0.000162983912047534	3.46515432175614	1.00000124871539
85.875	10.3	1.00000149906851	0.800358515714636	-0.000157823893277017	3.34509932423983	1.00000119925481
86.025	10.3	1.00000143957776	0.800344440849417	-0.000152906136225445	3.22504647761232	1.00000115166221
86.175	10.3	1.0000013809765	0.800330806992718	-0.000148223140805918	3.1049957139279	1.0000011047812
86.325	10.3	1.00000132147278	0.800317592926473	-0.000143767672713231	2.9849469686559	1.00000105717822
86.475	10.3	1.00000126018545	0.8003047781366	-0.000139532749310192	2.86490018056016	1.00000100814836
86.625	10.3	1.00000119902301	0.800292342598756	-0.000135511624094256	2.74485529143339	1.0000009592184
86.775	10.3	1.00000114408097	0.800280266425514	-0.00013169776934906	2.62481224568006	1.00000091526478
86.925	10.3	1.00000110459933	0.800268529518129	-0.000128084856807603	2.5047709898883	1.00000088367947
87.075	10.3	1.00000108756478	0.800257111532433	-0.000124666736464804	2.38473147271746	1.00000087005182
87.225	10.3	1.00000108802697	0.800245992529489	-0.00012143741420987	2.26469364551708	1.00000087042158
87.375	10.3	1.0000010795075	0.800235154450587	-0.000118391029677679	2.14465746387904	1.000000863606
87.525	10.3	1.00000101407048	0.800224582906872	-0.000115521835757022	2.02462288965583	1.00000081125639
87.675	10.3	1.00000084364033	0.800214267843564	-0.00011282418063212	1.90458989196206	1.00000067491227
87.825	10.3	1.00000056717726	0.800204201003472	-0.000110292491153876	1.7845584448991	1.00000045374181
87.975	10.3	1.00000028838649	0.800194368757252	-0.000107921254302071	1.66452852025751	1.00000023070919
88.125	10.3	1.00000023976282	0.800184741695132	-0.000105704993629357	1.54450007631034	1.00000019181026
88.275	10.3	1.00000070864402	0.800175267234335	-0.000103638243649859	1.42447304902166	1.00000056691522
88.425	10.3	1.0000018199616	0.800165876047033	-0.000101715540155307	1.30444735725987	1.00000145596928
88.575	10.3	1.00000321701225	0.800156512496031	-9.99314659189843e-05	1.18442293379887	1.0000025736098
88.725	10.3	1.00000383198756	0.800147187853794	-9.82808083211405e-05	1.06439978270282	1.00000306559004
88.875	10.3	1.00000208084084	0.80013803110864	-9.67588775935359e-05	0.944378038422539	1.00000166467267
89.025	10.3	0.999996802368414	0.800129284112225	-9.53619826130905e-05	0.824357970509533	0.999997441894732
89.175	10.3	0.999988913548545	0.800121178419858	-9.40879698684876e-05	0.704339863830803	0.999991130838836
89.325	10.3	0.99998301317952	0.800113672194391	-9.29366566574463e-05	0.584323742364578	0.999986410543616
89.475	10.3	0.999987290093929	0.800106137461493	-9.19100492142955e-05	0.464309020422227	0.999989832075143
89.625	10.3	1.00000978050969	0.800097245802406	-9.10125615679049e-05	0.344294337919729	1.00000782440775
89.775	10.3	1.00005025953856	0.800074803663136	-9.02520608080844e-05	0.224277964608886	1.00004020763085
89.925	10.3	1.00009049384563	0.400095354145303	-8.9651033345161e-05	0.10426224250853	1.0000723950765
0.075	10.5	2.72496948287656e-30	0.399999419522842	-1.16254820803477e-05	36.0880564477637	0.2
0.225	10.5	1.15018798881324e-30	0.799998257712777	-1.16428317628986e-05	36.0640564825923	0.2
0.375	10.5	2.62126714389569e-30	0.799997093333594	-1.1677564087001e-05	36.0400565523009	0.2
0.525	10.5	-5.87723804590671e-30	0.799995924666686	-1.17297446824587e-05	36.0160566569923	0.2
0.675	10.5	-6.47169626762278e-30	0.799994749984716	-1.17994723449088e-05	35.9920567968209	0.2
0.825	10.5	-2.3152004504541e-29	0.799993567548692	-1.18868779649971e-05	35.9680569719932	0.2
0.975	10.5	-2.1003961898656e-29	0.799992375603343	-1.19921258525761e-05	35.944057182768	0.2
1.125	10.5	-3.42580894000825e-29	0.799991172375294	-1.21154127581912e-05	35.920057429457	0.2
1.275	10.5	-9.02895976311074e-30	0.799989956068099	-1.22569679209096e-05	35.8960577124255	0.2
1.425	10.5	5.06482759938562e-30	0.799988724860104	-1.24170534217318e-05	35.8720580320929	0.2
1.575	10.5	7.47311463152179e-29	0.799987476899823	-1.25959636355306e-05	35.8480583889339	0.2
1.725	10.5	1.19219022311537e-28	0.79998621030487	-1.27940254376149e-05	35.8240587834789	0.2
1.875	10.5	2.0504274129302e-28	0.799984923155702	-1.30115986589937e-05	35.8000592163156	0.2
2.025	10.5	2.0405234947752e-28	0.799983613494653	-1.32490753874532e-05	35.7760596880896	0.2
2.175	10.5	1.84959411028443e-28	0.79998227932155	-1.35068803603816e-05	35.7520601995059	0.2
2.325	10.5	-1.25265867400945e-29	0.799980918590498	-1.37854714974396e-05	35.7280607513303	0.2
2.475	10.5	-2.64481196460665e-28	0.79997952920803	-1.40853395485858e-05	35.7040613443905	0.2
2.625	10.5	-6.93891855020156e-28	0.799978109026866	-1.44070089174031e-05	35.6800619795778	0.2
2.775	10.5	-1.0274589419221e-27	0.799976655846193	-1.47510373449891e-05	35.6560626578488	0.2
2.925	10.5	-1.28998203289706e-27	0.799975167405332	-1.51180169543333e-05	35.632063380227	0.2
3.075	10.5	-1.04888485463321e-27	0.799973641382371	-1.55085745119549e-05	35.6080641478045	0.2
3.225	10.5	-3.54106962995802e-28	0.799972075389582	-1.59233722036672e-05	35.5840649617441	0.2
3.375	10.5	1.13449280865544e-27	0.799970466970999	-1.6363107832738e-05	35.5600658232811	0.2
3.525	10.5	2.93959346812717e-27	0.799968813598134	-1.68285161782273e-05	35.5360667337258	0.2
3.675	10.5	4.89322611691016e-27	0.799967112666406	-1.7320369687294e-05	35.5120676944653	0.2
3.825	10.5	5.79255786828064e-27	0.799965361491989	-1.78394791784894e-05	35.4880687069658	0.2
3.975	10.5	5.07386860964332e-27	0.799963557307166	-1.83866951315725e-05	35.4640697727757	0.2
4.125	10.5	1.49442015993796e-27	0.799961697257506	-1.89629092511574e-05	35.4400708935274	0.2
4.275	10.5	-4.49950039372131e-27	0.799959778397284	-1.95690547773734e-05	35.4160720709403	0.2
4.425	10.5	-1.23494568724328e-26	0.799957797684192	-2.02061088746324e-05	35.3920733068236	0.2
4.575	10.5	-1.88437872944755e-26	0.799955751977745	-2.08750934482049e-05	35.3680746030792	0.2
4.725	10.5	-2.10269684404628e-26	0.799953638031885	-2.15770767348443e-05	35.3440759617049	0.2
4.875	10.5	-1.44871917096422e-26	0.799951452492322	-2.23131753122542e-05	35.3200773847973	0.2
5.025	10.5	1.54038098697489e-27	0.799949191890218	-2.30845553567777e-05	35.2960788745554	0.2
5.175	10.5	2.55098156994712e-26	0.799946852638371	-2.38924350952762e-05	35.2720804332839	0.2
5.325	10.5	4.81282790646632e-26	0.799944431026587	-2.473808586083e-05	35.2480820633971	0.2
5.475	10.5	5.73960956719368e-26	0.799941923212711	-2.56228353189385e-05	35.2240837674223	0.2
5.625	10.5	3.77364241812619e-26	0.799939325222264	-2.65480682443896e-05	35.2000855480043	0.2
5.775	10.5	-1.67544174236293e-26	0.799936632938165	-2.7515229762529e-05	35.176087407909	0.2
5.925	10.5	-9.84700068461365e-26	0.799933842096021	-2.85258269628003e-05	35.152089350028	0.2
6.075	10.5	-1.7157090075732e-25	0.799930948279708	-2.95814315287597e-05	35.1280913773832	0.2
6.225	10.5	-1.80109757382826e-25	0.799927946911521	-3.0683682820225e-05	35.1040934931312	0.2
6.375	10.5	-5.55563530844721e-26	0.79992483324767	-3.18342890811609e-05	35.0800957005685	0.2
6.525	10.5	2.38829547218549e-25	0.799921602370073	-3.30350315105166e-05	35.0560980031364	0.2
6.675	10.5	6.68933885603167e-25	0.799918249179655	-3.42877660523345e-05	35.0321004044263	0.2
6.825	10.5	1.07137375102168e-24	0.799914768387715	-3.55944265470388e-05	35.0081029081856	0.2
6.975	10.5	1.15260793945479e-24	0.799911154509279	-3.69570282024389e-05	34.984105518323	0.2
7.125	10.5	5.31596440858236e-25	0.799907401853455	-3.83776696386888e-05	34.960108238915	0.2
7.275	10.5	-1.08802619352574e-24	0.799903504515159	-3.9858536971271e-05	34.9361110742118	0.2
7.425	10.5	-3.68278595068318e-24	0.799899456367417	-4.14019064717855e-05	34.9121140286441	0.2
7.575	10.5	-6.60258867060522e-24	0.79989525104959	-4.30101481504168e-05	34.8881171068298	0.2
7.725	10.5	-8.40214365571458e-24	0.799890881961029	-4.4685729937702e-05	34.8641203135811	0.2
7.875	10.5	-6.91850339734133e-24	0.799886342247688	-4.6431219647901e-05	34.8401236539121	0.2
8.025	10.5	1.14544255042962e-25	0.799881624794031	-4.82492904086779e-05	34.8161271330463	0.2
8.175	10.5	1.39108247848097e-23	0.799876722211615	-5.01427235331379e-05	34.7921307564245	0.2
8.325	10.5	3.29434315343947e-23	0.799871626827954	-5.21144129845695e-05	34.7681345297136	0.2
8.475	10.5	5.13139789763551e-23	0.79986633067408	-5.41673688762303e-05	34.7441384588148	0.2
8.625	10.5	5.79417256804818e-23	0.799860825475144	-5.63047223519093e-05	34.7201425498731	0.2
8.775	10.5	3.79371121045526e-23	0.799855102634305	-5.85297297200855e-05	34.6961468092863	0.2
8.925	10.5	-2.27466228105337e-23	0.799849153222897	-6.08457768447778e-05	34.6721512437151	0.2
9.075	10.5	-1.28629394913095e-22	0.799842967964924	-6.32563838561245e-05	34.648155860093	0.2
9.225	10.5	-2.63150234213934e-22	0.799836537225489	-6.57652102158611e-05	34.6241606656372	0.2
9.375	10.5	-3.77762242371422e-22	0.799829850994649	-6.83760589931513e-05	34.6001656678594	0.2
9.525	10.5	-3.88849904646878e-22	0.799822898872105	-7.10928827883984e-05	34.5761708745775	0.2
9.675	10.5	-1.91857811853764e-22	0.799815670054175	-7.39197884569707e-05	34.5521762939271	0.2
9.825	10.5	2.9835990557722e-22	0.799808153315091	-7.6861042443727e-05	34.5281819343742	0.2
9.975	10.5	1.0794383802907e-21	0.799800336993089	-7.99210767121034e-05	34.5041878047282	0.2
10.125	10.5	1.97940202242679e-21	0.799792208970638	-8.31044942043427e-05	34.4801939141547	0.2
10.275	10.5	2.59729044993061e-21	0.799783756659012	-8.64160745336466e-05	34.4562002721899	0.2
10.425	10.5	2.32453209404266e-21	0.799774966978458	-8.98607805028895e-05	34.4322068887551	0.2
10.575	10.5	5.11032994210049e-22	0.799765826340096	-9.34437638786276e-05	34.4082137741712	0.2
10.725	10.5	-3.19034974550821e-21	0.799756320625786	-9.71703716442015e-05	34.3842209391747	0.2
10.875	10.5	-8.34530535860605e-21	0.799746435167346	-0.000101046152726571	34.3602283949337	0.2
11.025	10.5	-1.32932612043301e-20	0.799736154726803	-0.000105076864291959	34.3362361530647	0.2
11.175	10.5	-1.50316718373951e-20	0.799725463473884	-0.000109268479575797	34.3122442256501	0.2
11.325	10.5	-9.79071488339292e-21	0.799714344962835	-0.000113627192915712	34.2882526252562	0.2
11.475	10.5	5.43752432381652e-21	0.799702782110745	-0.000118159428556246	34.2642613649523	0.2
11.625	10.5	3.04822775938502e-20	0.799690757172091	-0.000122871846299959	34.2402704583296	0.2
11.775	10.5	5.93389054410535e-20	0.799678251714474	-0.000127771350489921	34.216279919522	0.2
11.925	10.5	7.86255275718179e-20	0.799665246593748	-0.000132865095531393	34.1922897632267	0.2
12.075	10.5	6.90104900089457e-20	0.799651721925974	-0.000138160494815968	34.1683000047264	0.2
12.225	10.5	1.13506991643615e-20	0.799637657061622	-0.0001436652276956	34.1443106599112	0.2
12.375	10.5	-1.01999141509412e-19	0.79962303055576	-0.000149387246330898	34.1203217453027	0.2
12.525	10.5	-2.52823850816525e-19	0.799607820141628	-0.000155334785039826	34.0963332780778	0.2
12.675	10.5	-3.85421424296631e-19	0.799592002697851	-0.000161516366165627	34.0723452760942	0.2
12.825	10.5	-4.06804074540283e-19	0.799575554219727	-0.000167940808811335	34.0483577579159	0.2
12.975	10.5	-2.08859642852048e-19	0.799558449785744	-0.000174617235571838	34.024370742841	0.2
13.125	10.5	2.81619037410836e-19	0.799540663526948	-0.000181555080898543	34.0003842509288	0.2
13.275	10.5	1.03014076874006e-18	0.799522168591088	-0.000188764097750575	33.9763983030294	0.2
13.425	10.5	1.82192742609119e-18	0.799502937111219	-0.000196254364847597	33.9524129208133	0.2
13.575	10.5	2.23195121000485e-18	0.799482940165912	-0.000204036294114381	33.9284281268027	0.2
13.725	10.5	1.69189894136849e-18	0.799462147747655	-0.0002121206367495	33.9044439444034	0.2
13.875	10.5	-3.01688454503136e-19	0.799440528722129	-0.000220518489725798	33.8804603979379	0.2
14.025	10.5	-3.83788615459911e-18	0.799418050791476	-0.000229241301811308	33.85647751268	0.2
14.175	10.5	-8.18283879281649e-18	0.799394680455253	-0.000238300879277287	33.8324953148904	0.2
14.325	10.5	-1.14996291034075e-17	0.799370382970295	-0.000247709389797056	33.8085138318527	0.2
14.475	10.5	-1.0970617740942e-17	0.799345122309745	-0.000257479367547129	33.7845330919122	0.2
14.625	10.5	-3.59696243923361e-18	0.799318861121912	-0.000267623715889656	33.7605531245141	0.2
14.775	10.5	1.22085640973648e-17	0.799291560688189	-0.000278155710312726	33.7365739602448	0.2
14.925	10.5	3.44826736860672e-17	0.799263180878409	-0.000289088999212298	33.7125956308728	0.2
15.075	10.5	5.58048399398578e-17	0.799233680110171	-0.000300437604297988	33.6886181693921	0.2
15.225	10.5	6.29349975947095e-17	0.799203015301471	-0.000312215918937778	33.6646416100662	0.2
15.375	10.5	3.95346005179811e-17	0.799171141827574	-0.00032443870623684	33.640665988474	0.2
15.525	10.5	-2.69663331907198e-17	0.799138013476379	-0.000337121092610971	33.6166913415566	0.2
15.675	10.5	-1.34800206552118e-16	0.799103582402052	-0.000350278562806963	33.5927177076655	0.2
15.825	10.5	-2.56577266540002e-16	0.799067799078591	-0.000363926949454498	33.5687451266125	0.2
15.975	10.5	-3.33256866149831e-16	0.799030612257339	-0.000378082421969862	33.5447736397207	0.2
16.125	10.5	-2.81410381494981e-16	0.798991968918933	-0.000392761471537123	33.520803289877	0.2
16.275	10.5	-2.0959288453033e-17	0.798951814228295	-0.000407980892960367	33.4968341215856	0.2
16.425	10.5	4.75207693581967e-16	0.798910091492595	-0.000423757763746362	33.4728661810233	0.2
16.575	10.5	1.11990179345892e-15	0.798866742114683	-0.000440109416105579	33.4488995160961	0.200000000000001
16.725	10.5	1.66432627051239e-15	0.798821705553145	-0.000457053408465302	33.4249341764964	0.200000000000001
16.875	10.5	1.704472035091e-15	0.798774919279505	-0.000474607487905197	33.4009702137629	0.200000000000001
17.025	10.5	7.8364841273346e-16	0.798726318739665	-0.000492789548204179	33.3770076813397	0.200000000000001
17.175	10.5	-1.38607517403262e-15	0.798675837317093	-0.000511617582380285	33.3530466346385	0.199999999999999
17.325	10.5	-4.6105935101292e-15	0.798623406297828	-0.000531109624527717	33.3290871311006	0.199999999999996
17.475	10.5	-7.91264118216847e-15	0.798568954838564	-0.000551283687418009	33.3051292302606	0.199999999999994
17.625	10.5	-9.42913470111921e-15	0.798512409941054	-0.000572157687799135	33.2811729938103	0.199999999999992
17.775	10.5	-6.73765623189154e-15	0.798453696426384	-0.000593749362019776	33.2572184856642	0.199999999999995
17.925	10.5	2.20939459587398e-15	0.798392736916761	-0.000616076171148757	33.2332657720247	0.200000000000002
18.075	10.5	1.75656641358151e-14	0.798329451825415	-0.000639155191733644	33.2093149214491	0.200000000000014
18.225	10.5	3.58704620355434e-14	0.798263759347167	-0.000663002993154558	33.1853660049152	0.200000000000029
18.375	10.5	4.89586038588951e-14	0.798195575461848	-0.000687635497502339	33.1614190958883	0.200000000000039
18.525	10.5	4.46797555925617e-14	0.798124813944929	-0.000713067823787653	33.1374742703875	0.200000000000036
18.675	10.5	1.05656493893755e-14	0.798051386385793	-0.000739314109392115	33.1135316070516	0.200000000000008
18.825	10.5	-5.9156609986383e-14	0.797975202220647	-0.000766387310597771	33.0895911872043	0.199999999999953
18.975	10.5	-1.544164551938e-13	0.797896168776672	-0.00079429897809806	33.0656530949184	0.199999999999876
19.125	10.5	-2.41517258998399e-13	0.797814191328116	-0.000823059003987219	33.0417174170778	0.199999999999807
19.275	10.5	-2.62439091642903e-13	0.797729173173628	-0.000852675338260643	33.0177842434387	0.19999999999979
19.425	10.5	-1.47744572823054e-13	0.797641015725945	-0.000883153669429021	32.9938536666874	0.199999999999882
19.575	10.5	1.52706315913617e-13	0.79754961862902	-0.000914497066986448	32.9699257824952	0.200000000000122
19.725	10.5	6.23779496581951e-13	0.797454879889149	-0.00094670558136639	32.9460006895697	0.200000000000499
19.875	10.5	1.13746402523429e-12	0.797356696041927	-0.00097977579248914	32.9220784897017	0.20000000000091
20.025	10.5	1.42998998106215e-12	0.79725496233972	-0.0010137003083431	32.8981592878069	0.200000000001144
20.175	10.5	1.13835749436896e-12	0.797149572977486	-0.00104846719873794	32.8742431919611	0.200000000000911
20.325	10.5	-7.36602008845049e-14	0.797040421351296	-0.00108405936546657	32.8503303134281	0.199999999999941
20.475	10.5	-2.29605718441582e-12	0.796927400358933	-0.00112045383331713	32.82642076668	0.199999999998163
20.625	10.5	-5.1065742331196e-12	0.796810402746249	-0.00115762095977562	32.802514669407	0.199999999995915
20.775	10.5	-7.37255598339798e-12	0.796689321504319	-0.00119552354756538	32.7786121425162	0.199999999994102
20.925	10.5	-7.29457779167194e-12	0.796564050321527	-0.00123411585240487	32.7547133101181	0.199999999994164
21.075	10.5	-2.87575101400931e-12	0.796434484102377	-0.00127334247315547	32.7308182994983	0.199999999997699
21.225	10.5	7.08712805580499e-12	0.796300519555017	-0.00131313710629552	32.7069272410725	0.20000000000567
21.375	10.5	2.1613384489955e-11	0.796162055858887	-0.00135342115441262	32.6830402683236	0.200000000017291
21.525	10.5	3.62088461300828e-11	0.796018995422652	-0.00139410216742187	32.6591575177169	0.200000000028967
21.675	10.5	4.24185243547238e-11	0.795871244737707	-0.00143507209829837	32.6352791285914	0.200000000033935
21.825	10.5	2.92842786099835e-11	0.795718715347619	-0.00147620535151247	32.6114052430245	0.200000000023427
21.975	10.5	-1.24837819924887e-11	0.795561324932838	-0.0015173566000255	32.5875360056649	0.199999999990013
22.125	10.5	-8.36757562311905e-11	0.795398998540117	-0.0015583583410763	32.5636715635309	0.199999999933059
22.275	10.5	-1.68717503501439e-10	0.795231669956853	-0.00159901816014355	32.5398120657685	0.199999999865026
22.425	10.5	-2.30396550401187e-10	0.795059283264585	-0.00163911566290813	32.5159576633657	0.199999999815683
22.575	10.5	-2.12444253211022e-10	0.794881794579657	-0.00167839903056148	32.4921085088166	0.199999999830045
22.725	10.5	-5.52930043294998e-11	0.794699174016886	-0.00171658115316889	32.4682647557314	0.199999999955766
22.875	10.5	2.7259796305167e-10	0.79451140790045	-0.0017533352807801	32.4444265583861	0.200000000218078
23.025	10.5	7.32243653413728e-10	0.79431850125395	-0.00178829014362098	32.4205940712054	0.200000000585795
23.175	10.5	1.17496925140121e-09	0.794120480603244	-0.00182102448263739	32.3967674481713	0.200000000939975
23.325	10.5	1.33165882422766e-09	0.793917397123213	-0.00185106093881765	32.3729468421453	0.200000001065327
23.475	10.5	8.60976504493582e-10	0.793709330160417	-0.00187785924371267	32.3491324040902	0.200000000688781
23.625	10.5	-5.19867390380587e-10	0.793496391158264	-0.00190080864590966	32.3253242821717	0.199999999584106
23.775	10.5	-2.82433795476407e-09	0.793278728037458	-0.00191921947663903	32.3015226207197	0.19999999774053
23.925	10.5	-5.55515959218833e-09	0.793056530073447	-0.00193231371812132	32.2777275590271	0.199999995555872
24.075	10.5	-7.54072049715046e-09	0.792830033378158	-0.00193921436632433	32.2539392299726	0.199999993967424
24.225	10.5	-7.00674956395985e-09	0.792599527109659	-0.00193893332316842	32.2301577584593	0.1999999943946
24.375	10.5	-2.04424516946368e-09	0.792365360588727	-0.00193035750546926	32.2063832596789	0.199999998364604
24.525	10.5	8.44716092666509e-09	0.79212795152764	-0.00191223287803647	32.1826158372127	0.200000006757729
24.675	10.5	2.34546909038474e-08	0.791887795551866	-0.0018831462307747	32.1588555809813	0.200000018763753
24.825	10.5	3.85937205240635e-08	0.791645477129675	-0.00184150473144885	32.135102565022	0.200000030874976
24.975	10.5	4.56175654481767e-08	0.791401681869435	-0.00178551357364771	32.1113568450209	0.200000036494052
25.125	10.5	3.36065540991e-08	0.791157210008102	-0.001713152275941	32.0876184554454	0.200000026885243
25.275	10.5	-7.3970112777788e-09	0.790912990782737	-0.00162215021810259	32.0638874060393	0.199999994082391
25.425	10.5	-8.02114950652553e-08	0.79067009748489	-0.00150996158535161	32.0401636774025	0.199999935830804
25.575	10.5	-1.7296701494286e-07	0.790429763387307	-0.00137373890365142	32.0164472154112	0.199999861626388
25.725	10.5	-2.53035469606122e-07	0.790193399535186	-0.0012103027568243	31.9927379244116	0.199999797571624
25.875	10.5	-2.66835640564798e-07	0.789962616526031	-0.00101610345864264	31.9690356594264	0.199999786531488
26.025	10.5	-1.50414681633373e-07	0.78973925354176	-0.000787169137318918	31.9453402180097	0.199999879668255
26.175	10.5	1.45906676621956e-07	0.789525418484136	-0.000519034987887754	31.9216513327231	0.200000116725341
26.325	10.5	6.20102733083794e-07	0.789323542337301	-0.0002066515758591	31.8979686652534	0.200000496082186
26.475	10.5	1.17699317015994e-06	0.789136448147114	0.000155723265994604	31.874291802712	0.200000941594536
26.625	10.5	1.60044409700486e-06	0.788967430065488	0.000574634698045799	31.8506202554506	0.200001280355278
26.775	10.5	1.56384292222583e-06	0.788820331616606	0.00105751878508216	31.8269534538605	0.200001251074338
26.925	10.5	7.03585202187088e-07	0.788699606923021	0.00161273750104283	31.8032907394917	0.200000562868162
27.075	10.5	-1.23155096659857e-06	0.788610347815898	0.00224953491047519	31.779631344265	0.199999014759227
27.225	10.5	-4.16916253879212e-06	0.788558267939589	0.00297791019385275	31.7559743517141	0.199996664669969
27.375	10.5	-7.49407589965158e-06	0.788549655658365	0.0038084445058742	31.7323186372192	0.19999400473928
27.525	10.5	-9.91867084150549e-06	0.788591340836292	0.00475217488333347	31.7086627906428	0.199992065063327
27.675	10.5	-9.56904875866708e-06	0.7886907602812	0.0058206636601701	31.6850050339957	0.199992344760993
27.825	10.5	-4.40466724400326e-06	0.788856238564978	0.00702643823543896	31.6613431563108	0.199996476266205
27.975	10.5	6.97904573809328e-06	0.789097603274722	0.00838393829326117	31.6376744935977	0.20000558323659
28.125	10.5	2.42518315131397e-05	0.789427201929766	0.00991097454253262	31.6139959783988	0.200019401465211
28.275	10.5	4.42284124088815e-05	0.789861264469984	0.011630466065403	31.5903042666685	0.200035382729927
28.425	10.5	6.01925930000055e-05	0.790421364075722	0.0135719163675648	31.5665959182962	0.2000481540744
28.575	10.5	6.22437146572632e-05	0.791135507824102	0.0157718002556947	31.5428675662212	0.200049794971726
28.725	10.5	3.91827983679638e-05	0.792038213851003	0.0182719023293794	31.5191159694557	0.200031346238694
28.875	10.5	-1.7853745793168e-05	0.793168909292843	0.0211148281369008	31.4953378251645	0.199985717003365
29.025	10.5	-0.000110375618547154	0.794568224732944	0.0243365214099552	31.4715292335468	0.199911699505162
29.175	10.5	-0.000227239988313996	0.796272348948378	0.0279566906800837	31.4476847799108	0.199818208009349
29.325	10.5	-0.000340883439815706	0.798306553834279	0.0319694440986469	31.4237963193905	0.199727293248147
29.475	10.5	-0.000407271028383052	0.800680183505881	0.0363378004803247	31.3998516977569	0.199674183177294
29.625	10.5	-0.000371493780909653	0.803386492295556	0.0409964744897394	31.3758337709022	0.199702804975272
29.775	10.5	-0.000179873656557346	0.806411120562011	0.0458666212720295	31.3517201369597	0.199856101074754
29.925	10.5	0.000202402303111556	0.809751975790868	0.0508834048668348	31.3274839161765	0.200161921842489
30.075	10.5	0.00077133256140557	0.813450375670645	0.0560324164714341	31.3030956834527	0.200617066049124
30.225	10.5	0.00146702616011714	0.817628939675978	0.061385531659627	31.2785263078535	0.201173620928094
30.375	10.5	0.00216560891435576	0.822527481831183	0.0671233177689061	31.2537500711416	0.201732487131485
30.525	10.5	0.00268540077379135	0.82852611425804	0.0735319083114911	31.2287471534603	0.202148320619033
30.675	10.5	0.00280986469425885	0.836145918945648	0.0809676406707519	31.2035045223657	0.202247891755407
30.825	10.5	0.00232549343394547	0.846020839680013	0.0897904537400162	31.1780145286683	0.201860394747156
30.975	10.5	0.00106803998094518	0.858837631967357	0.100273947225121	31.1522710921671	0.200854431984756
31.125	10.5	-0.00103316112780493	0.87524260809085	0.112504661470747	31.1262641252476	0.199173471097756
31.275	10.5	-0.00392417810932623	0.895716256467864	0.126286671304553	31.0999735596752	0.196860657512539
31.425	10.5	-0.00741807775422682	0.920423858059914	0.141071937230968	31.0733647378897	0.194065537796619
31.575	10.5	-0.0112134303539377	0.949065591960675	0.155941628537751	31.0463867943707	0.19102925571685
31.725	10.5	-0.0149373843276869	0.980770952517306	0.169664171946028	31.0189749497921	0.188050092537851
31.875	10.5	-0.0182045605306696	1.01409666122059	0.180844770989721	30.9910565738569	0.185436351575464
32.025	10.5	-0.0206787261445216	1.04717425299732	0.18815421993245	30.9625598342916	0.183457019084383
32.175	10.5	-0.0221234563822415	1.07800191859348	0.190587629517098	30.9334231337818	0.182301234894207
32.325	10.5	-0.0224312066079604	1.10480390250778	0.187674816086358	30.9036035099982	0.182055034713632
32.475	10.5	-0.0216264461885179	1.12633682467964	0.179567467863321	30.873082599935	0.182698843049186
32.625	10.5	-0.0198455564294728	1.14204276377714	0.166972836000671	30.8418693795724	0.184123554856422
32.775	10.5	-0.0173015487150129	1.15202210048513	0.150967467963021	30.8099995078956	0.18615876102799
32.925	10.5	-0.0142437092852177	1.15687376942811	0.132767055995118	30.7775316775015	0.188605032571826
33.075	10.5	-0.0109210179899258	1.15748395783421	0.11352696063766	30.7445418434062	0.191263185608059
33.225	10.5	-0.00755490144959316	1.1548326094356	0.0942142114071422	30.7111164567818	0.193956078840325
33.375	10.5	-0.00432321136637998	1.1498540026053	0.0755541487488321	30.6773458020133	0.196541430906896
33.525	10.5	-0.00135446746561512	1.14335719264428	0.0580324080943098	30.64331827148	0.198916426027508
33.675	10.5	0.00127016068910982	1.13599476168983	0.0419277588319353	30.6091160440832	0.201016128551288
33.825	10.5	0.00351005648118681	1.12826320776175	0.0273562558333762	30.5748122907651	0.202808045184949
33.975	10.5	0.00535610022751149	1.12052026614487	0.0143148156573709	30.5404697873971	0.204284880182009
34.125	10.5	0.00682121868047744	1.11300887379929	0.00271863945190365	30.5061406862719	0.205456974944382
34.275	10.5	0.00793172598274311	1.10588172496128	-0.0075691847785184	30.471867156508	0.206345380786194
34.425	10.5	0.00872016462500111	1.09922343090282	-0.0167156136406556	30.4376826105794	0.206976131700001
34.575	10.5	0.00922010986795409	1.09306906763901	-0.0249020017658335	30.4036132524273	0.207376087894363
34.725	10.5	0.00946324096044403	1.08741878349925	-0.0323134203502124	30.3696796944658	0.207570592768355
34.875	10.5	0.00947872555041264	1.08224850940136	-0.0391313641640095	30.3358984039838	0.20758298044033
35.025	10.5	0.00929446176938219	1.07751701832805	-0.0455284274165143	30.3022827831182	0.207435569415506
35.175	10.5	0.0089389611376333	1.07316999539119	-0.0516641343966284	30.2688437971083	0.207151168910107
35.325	10.5	0.00844193033487281	1.0691424934973	-0.0576822221951528	30.2355902574228	0.206753544267898
35.475	10.5	0.00783149919335504	1.06536192823232	-0.0637109512819569	30.2025290971509	0.206265199354684
35.625	10.5	0.00712717814711015	1.06175399940728	-0.0698685913869655	30.1696661302693	0.205701742517688
35.775	10.5	0.00633024951788616	1.05825281630173	-0.0762749299957289	30.1370077028099	0.205064199614309
35.925	10.5	0.00541674311346423	1.05481358942812	-0.0830658026347478	30.1045632002399	0.204333394490771
36.075	10.5	0.00434062505804038	1.05142214980023	-0.0904021501518975	30.0723476104251	0.203472500046432
36.225	10.5	0.00305383692096095	1.04809234688016	-0.0984610581782609	30.0403825522127	0.202443069536769
36.375	10.5	0.0015434108864163	1.04484304119875	-0.107398216598256	30.0086939008669	0.201234728709133
36.525	10.5	-0.000125549080041408	1.04165353875378	-0.117283480999367	29.977304940431	0.199899560735967
36.675	10.5	-0.00178458648640619	1.03841094639181	-0.128035174550496	29.9462260754162	0.198572330810875
36.825	10.5	-0.00318368651836625	1.03488287742401	-0.13940898108522	29.9154450358416	0.197453050785307
36.975	10.5	-0.00408078907590535	1.03076422802732	-0.151114282746278	29.8849238410103	0.196735368739276
37.125	10.5	-0.00439266877180034	1.02583571198149	-0.163100746429106	29.8546087016963	0.19648586498256
37.275	10.5	-0.00436078964175786	1.02021569210407	-0.175962607409212	29.8244551758507	0.196511368286594
37.425	10.5	-0.00464859530974331	1.01460897607857	-0.191297190272515	29.7944635072155	0.196281123752205
37.575	10.5	-0.00627540413601611	1.01042854612841	-0.211830001789343	29.7647105988526	0.194979676691187
37.725	10.5	-0.010326407705112	1.00971865273365	-0.241197066195411	29.7353595978424	0.19173887383591
37.875	10.5	-0.0174604630603976	1.01483857090261	-0.283292357962189	29.7066299036427	0.186031629551682
38.025	10.5	-0.0273419373052362	1.02771251639307	-0.340849104593249	29.6787219759193	0.178126450155811
38.175	10.5	-0.0382032538087247	1.04809750797029	-0.41253922332339	29.651711068945	0.16943739695302
38.325	10.5	-0.0467611574941539	1.07036714307322	-0.488366937971402	29.6254459018683	0.162591074004677
38.475	10.5	-0.0486485388639265	1.08072175655911	-0.546814152019593	29.5995014259335	0.161081168908859
38.625	10.5	-0.0393627480576543	1.06165585749095	-0.562662391969518	29.5732207247247	0.168509801553877
38.775	10.5	-0.015445582365222	1.00606097585181	-0.526474522795674	29.5458316005742	0.187643534107822
38.925	10.5	0.0246049141346786	0.924752350776526	-0.453496072055777	29.5165864736137	0.219683931307743
39.075	10.5	0.080004557999978	0.836201217870353	-0.368820364794994	29.4848856310028	0.264003646399982
39.225	10.5	0.147867485705296	0.753965812449298	-0.290325858001616	29.4503584224211	0.318293988564237
39.375	10.5	0.223735456538416	0.683849558391368	-0.225226893772645	29.4128907952971	0.378988365230733
39.525	10.5	0.302364132974151	0.62662812842443	-0.174156620832658	29.3726071145616	0.441891306379321
39.675	10.5	0.378640812349176	0.58090000855941	-0.135144301186395	29.3298203386121	0.502912649879341
39.825	10.5	0.448396823320032	0.544673976683884	-0.105686554406924	29.2849645257757	0.558717458656025
39.975	10.5	0.508886005856563	0.516037125192924	-0.0835304398344956	29.2385246805974	0.60710880468525
40.125	10.5	0.558855162927446	0.49336854036743	-0.0668689525748789	29.190977321101	0.647084130341957
40.275	10.5	0.598302500385734	0.475365642339664	-0.0543210213353215	29.1427493947329	0.678642000308587
40.425	10.5	0.628094107172428	0.461005339328337	-0.0448518908122381	29.0941963939824	0.702475285737943
40.575	10.5	0.649582508876414	0.449490231091405	-0.0376904630001058	29.0455959374914	0.719666007101131
40.725	10.5	0.664304056919054	0.440198486816531	-0.0322605150100476	28.9971515420302	0.731443245535243
40.875	10.5	0.673773881145777	0.432642852032745	-0.0281282786989431	28.9490018745284	0.739019104916622
41.025	10.5	0.679365589019985	0.426439086115699	-0.0249642618060793	28.9012321420529	0.743492471215988
41.175	10.5	0.68225308048217	0.421282386606947	-0.0225161707333256	28.8538855995406	0.745802464385736
41.325	10.5	0.683393389946875	0.416929995868298	-0.0205899659967631	28.8069741094127	0.7467147119575
41.475	10.5	0.683534620673271	0.41318833998769	-0.0190365834300334	28.7604872710092	0.746827696538616
41.625	10.5	0.683238017139757	0.409903364449392	-0.0177424097802674	28.7143999605558	0.746590413711805
41.775	10.5	0.682906899991672	0.406953068519697	-0.0166221279121871	28.6686782942754	0.746325519993337
41.925	10.5	0.682817644199293	0.404241546457746	-0.0156130119904387	28.6232841224131	0.746254115359434
42.075	10.5	0.683149516017019	0.401694094400807	-0.0146701328129515	28.5781782189824	0.746519612813615
42.225	10.5	0.684011345496589	0.399253126743782	-0.013762211129345	28.5333223664666	0.747209076397271
42.375	10.5	0.685463900887392	0.396874765378263	-0.0128680299001686	28.4886805509575	0.748371120709913
42.525	10.5	0.687537534091222	0.394526028775253	-0.0119733991642283	28.4442194825823	0.750030027272978
42.675	10.5	0.690245204426972	0.39218257093171	-0.0110686850259177	28.3999086405208	0.752196163541578
42.825	10.5	0.693591364060403	0.389826919374677	-0.0101468956578353	28.3557200150035	0.754873091248323
42.975	10.5	0.69757740992547	0.387447151042332	-0.00920228607278711	28.3116276850168	0.758061927940376
43.125	10.5	0.702204493316243	0.385035934814576	-0.00822941558330482	28.2676073347152	0.761763594652994
43.275	10.5	0.70747445915408	0.382589864943156	-0.00722257498023701	28.2236357776843	0.765979567323264
43.425	10.5	0.713389596075824	0.380109012086247	-0.0061754960552464	28.1796905289518	0.770711676860659
43.575	10.5	0.719951748215354	0.377596627126552	-0.00508126215103465	28.1357494414558	0.775961398572283
43.725	10.5	0.727161196532617	0.375058945330045	-0.00393235156040096	28.0917904068874	0.781728957226093
43.875	10.5	0.735015581012301	0.372505052287129	-0.00272076238351127	28.0477911099865	0.788012464809841
44.025	10.5	0.743509016793028	0.369946786293078	-0.00143818508027551	28.0037288195653	0.794807213434422
44.175	10.5	0.75263146253109	0.367398662803179	-7.62054188508673e-05	27.9595801976867	0.802105170024872
44.325	10.5	0.762368329339245	0.364877814061836	0.00137346552189243	27.9153211094969	0.809894663471396
44.475	10.5	0.772700270888919	0.3624039405619	0.00291872700525935	27.8709264193583	0.818160216711136
44.625	10.5	0.783603067003692	0.359999270341937	0.00456677584109537	27.8263697635328	0.826882453602953
44.775	10.5	0.795047500743701	0.357688517702181	0.00632372846207772	27.7816232953716	0.836038000594961
44.925	10.5	0.806999130126762	0.355498825464876	0.0081941631793786	27.7366574055801	0.84559930410141
45.075	10.5	0.819417869442783	0.353459665517391	0.0101805747653951	27.691440427545	0.855534295554226
45.225	10.5	0.832257321094992	0.351602662862891	0.0122827452954266	27.6459383457965	0.865805856875994
45.375	10.5	0.845463837075588	0.349961301045692	0.0144970515832037	27.600114534105	0.87637106966047
45.525	10.5	0.858975339694924	0.34857046410317	0.0168157494488512	27.5539295578753	0.887180271755939
45.675	10.5	0.872719991909119	0.347465774750646	0.0192262962813396	27.5073410823843	0.898175993527295
45.825	10.5	0.886614873469959	0.346682702374875	0.0217107925891534	27.4603039326393	0.909291898775967
45.975	10.5	0.900564881757835	0.346255438307467	0.024245636204188	27.4127703505697	0.920451905406268
46.125	10.5	0.914462123865248	0.346215568401517	0.0268014847935194	27.3646904892551	0.931569699092198
46.275	10.5	0.928186085188306	0.346590610296029	0.0293436093049705	27.3160131707066	0.942548868150644
46.425	10.5	0.941604836278492	0.347402518674538	0.0318326910077393	27.2666869130212	0.953283869022794
46.575	10.5	0.954577466007545	0.348666288587032	0.0342260692138376	27.2166612055735	0.963661972806036
46.725	10.5	0.96695780603467	0.350388797078507	0.0364793907970636	27.1658879799679	0.973566244827736
46.875	10.5	0.978599351378142	0.352568011978094	0.0385485551744346	27.114323193953	0.982879481102514
47.025	10.5	0.989361108404736	0.355192663121989	0.0403918005013006	27.061928420568	0.991488886723788
47.175	10.5	0.999113946193739	0.358242420069444	0.0419717488076789	27.0086723205136	0.999291156954991
47.325	10.5	1.00774692142453	0.361688560597638	0.0432572264824366	26.9545318758415	1.00619753713962
47.475	10.5	1.01517301365172	0.365495057337683	0.044224703062937	26.8994932788481	1.01213841092137
47.625	10.5	1.02133375482455	0.369619966622304	0.0448592404843165	26.8435523998814	1.01706700385964
47.775	10.5	1.02620235409457	0.374016981297208	0.0451549065025974	26.7867147972422	1.02096188327566
47.925	10.5	1.02978508154407	0.378637010175384	0.0451146675447127	26.7289952754006	1.02382806523526
48.075	10.5	1.03212085061852	0.383429668077796	0.0447498266204856	26.6704170379759	1.02569668049482
48.225	10.5	1.03327909897326	0.388344595278642	0.0440791040067612	26.6110105140754	1.02662327917861
48.375	10.5	1.03335619075408	0.393332565180979	0.0431274702549833	26.5508119574189	1.02668495260326
48.525	10.5	1.03247064225742	0.398346376124893	0.0419248355501614	26.4898619262633	1.02597651380593
48.675	10.5	1.03075751103507	0.403341551288588	0.040504682536953	26.4282037495397	1.02460600882806
48.825	10.5	1.02836229629401	0.408276886402438	0.0389027083830698	26.3658820731451	1.02268983703521
48.975	10.5	1.02543468787704	0.413114888025369	0.0371555220830418	26.3029415628136	1.02034775030163
49.125	10.5	1.02212248136053	0.417822137419731	0.0352994286450503	26.2394258191611	1.01769798508842
49.275	10.5	1.01856595210687	0.422369600260311	0.0333693240645196	26.1753765386002	1.01485276168549
49.425	10.5	1.01489295097377	0.426732884987462	0.031397722725665	26.1108329325782	1.01191436077902
49.575	10.5	1.01121494547987	0.430892436987406	0.0294139393607089	26.0458313982395	1.0089719563839
49.725	10.5	1.00762417893037	0.434833645519642	0.0274434476309314	25.9804054170366	1.00609934314429
49.875	10.5	1.00419205466712	0.438546837513516	0.0255074339306207	25.9145856446991	1.0033536437337
50.025	10.5	1.00096877487061	0.442027137284267	0.0236225565842347	25.8484001468264	1.00077501989649
50.175	10.5	0.997984178272748	0.445274182331727	0.0218009073467689	25.7818747295658	0.998387342618198
50.325	10.5	0.995249636276286	0.448291699763065	0.0200501558447606	25.7150333145358	0.996199709021029
50.475	10.5	0.992760790708895	0.451086961987877	0.0183738413319335	25.6478983113075	0.994208632567116
50.625	10.5	0.990500856276072	0.453670150915167	0.0167717633820561	25.5804909490417	0.992400685020857
50.775	10.5	0.988444171980449	0.456053664778927	0.0152404170989945	25.5128315407448	0.99075533758436
50.925	10.5	0.986559670709522	0.458251400383573	0.0137734213493561	25.4449396682601	0.989247736567618
51.075	10.5	0.984813944458877	0.460278037183991	0.012361901380438	25.3768342925622	0.987851155567102
51.225	10.5	0.983173611846931	0.462148340875752	0.0109948094981083	25.3085338109856	0.986538889477545
51.375	10.5	0.981606741338127	0.463876496705608	0.0096591973505428	25.2400560992676	0.985285393070502
51.525	10.5	0.980083144604171	0.465475480390313	0.00834048750524172	25.1714185900676	0.984066515683337
51.675	10.5	0.978573427026715	0.466956480673325	0.00702282577072235	25.1026384490302	0.982858741621372
51.825	10.5	0.977046764522722	0.468328404110576	0.00568962319252661	25.0337329123715	0.981637411618178
51.975	10.5	0.975467466150718	0.469597519468867	0.00432441102531082	24.9647198443105	0.980373972920574
52.125	10.5	0.973790478922543	0.470767333246355	0.00291212630936915	24.8956185566206	0.979032383138035
52.275	10.5	0.971956093518961	0.471838823432146	0.00144091419914684	24.8264509050588	0.977564874815169
52.425	10.5	0.969884216290231	0.472811187287236	-9.55270591717163e-05	24.757242638512	0.975907373032185
52.575	10.5	0.967468684424149	0.473683270717294	-0.00169512029805842	24.6880249279408	0.973974947539319
52.725	10.5	0.96457221969043	0.474455831914683	-0.00334427333190362	24.6188359468876	0.971657775752344
52.875	10.5	0.961022744485146	0.475134742516583	-0.00501472219056968	24.5497223184413	0.968818195588117
53.025	10.5	0.956611920962055	0.475735141018024	-0.0066607587924649	24.4807401917155	0.965289536769644
53.175	10.5	0.951096906557074	0.476286424774877	-0.00821734565046895	24.4119556722715	0.960877525245659
53.325	10.5	0.944206409554928	0.476837801203527	-0.00959968546465911	24.3434443153714	0.955365127643943
53.475	10.5	0.935652103485086	0.477463921161403	-0.0107048316729187	24.2752894102275	0.948521682788068
53.625	10.5	0.925146208899868	0.478269897019754	-0.0114158786886218	24.2075788507799	0.940116967119894
53.775	10.5	0.912425447932606	0.479394780457717	-0.0116091321295448	24.1404005167119	0.929940358346085
53.925	10.5	0.897280528013339	0.481012369370031	-0.0111643974934187	24.0738362846012	0.917824422410671
54.075	10.5	0.879588840872545	0.483328079553263	-0.00997810957952426	24.0079550466847	0.903671072698036
54.225	10.5	0.859346401295799	0.486570633663135	-0.00797844431852125	23.9428054033663	0.887477121036639
54.375	10.5	0.836693667926811	0.490977594575277	-0.00514084872854659	23.878408955141	0.869354934341449
54.525	10.5	0.811929412302334	0.496774421570702	-0.00150171111696923	23.8147552650174	0.849543529841867
54.675	10.5	0.785507779218056	0.504147840102103	0.00283261990842604	23.7517995064498	0.828406223374445
54.825	10.5	0.7580162696552	0.513215854353386	0.00768430245551855	23.6894635025446	0.80641301572416
54.975	10.5	0.730136104538835	0.523998452342709	0.012812113216393	23.6276403230014	0.784108883631068
55.125	10.5	0.702590261635621	0.536394446284799	0.0179298730197723	23.5662019500969	0.762072209308497
55.275	10.5	0.676087191878788	0.550170272441417	0.0227337397972221	23.5050089327786	0.740869753503031
55.425	10.5	0.651268916519088	0.564965362740643	0.0269346895744912	23.4439205958579	0.721015133215271
55.575	10.5	0.628670721964619	0.580315785317794	0.0302908550438385	23.3828043598946	0.702936577571695
55.725	10.5	0.608696620109885	0.595693849800575	0.0326339497117875	23.3215430382448	0.686957296087908
55.875	10.5	0.591611195832285	0.610557526356868	0.033885044449494	23.2600394889876	0.673288956665828
56.025	10.5	0.577545469820276	0.62440119155751	0.0340572462937565	23.1982185462727	0.662036375856221
56.175	10.5	0.566512622652409	0.636799206121308	0.0332456812340262	23.1360265984053	0.653210098121927
56.325	10.5	0.558428991877544	0.647436033287984	0.031607748354664	23.0734294446978	0.646743193502035
56.475	10.5	0.553136381454707	0.656120087373593	0.0293381869483552	23.0104091440777	0.642509105163766
56.625	10.5	0.550422921665365	0.66278202354436	0.0266437740786473	22.9469605056317	0.640338337332292
56.775	10.5	0.550041008957449	0.667460765903717	0.0237215983768426	22.883087722386	0.640032807165959
56.925	10.5	0.551721909189976	0.670281805610235	0.0207433103882428	22.8188014693288	0.641377527351981
57.075	10.5	0.555187281713584	0.671432296250253	0.0178460906425954	22.754116616252	0.644149825370867
57.225	10.5	0.560158185859858	0.671136642458291	0.015129739194502	22.6890505704147	0.648126548687886
57.375	10.5	0.566362162639395	0.669635087000555	0.0126584838254694	22.623622173519	0.653089730111516
57.525	10.5	0.573538863304835	0.667166617637464	0.010465826221516	22.5578510309413	0.658831090643868
57.675	10.5	0.581444526589204	0.663956552679514	0.00856086447509981	22.4917571404164	0.665155621271363
57.825	10.5	0.589855459323977	0.660208501108716	0.00693487149993278	22.4253607009521	0.671884367459181
57.975	10.5	0.598570582428674	0.656100017215904	0.00556731728459136	22.3586820090681	0.678856465942939
58.125	10.5	0.607413066666197	0.651781122743361	0.00443089587788949	22.2917413792536	0.685930453332958
58.275	10.5	0.616231087267385	0.647374878840208	0.00349540620935243	22.2245590527681	0.692984869813908
58.425	10.5	0.62489775464627	0.642979290547627	0.00273052808913441	22.1571550804126	0.699918203717016
58.575	10.5	0.633310313372456	0.638669967386426	0.00210764236625279	22.089549179747	0.706648250697965
58.725	10.5	0.641388734242494	0.63450310841975	0.00160088835260847	22.0217605758436	0.713110987393995
58.875	10.5	0.649073841928566	0.63051851317128	0.00118765388437443	21.9538078383011	0.719259073542853
59.025	10.5	0.656325128269067	0.62674242681307	0.000848672079852396	21.885708727352	0.725060102615253
59.175	10.5	0.663118394018908	0.623190111319611	0.000567867493002759	21.8174800598106	0.730494715215127
59.325	10.5	0.669443345416853	0.619868093799056	0.000332061142624463	21.749137602483	0.735554676333483
59.475	10.5	0.675301249353371	0.616776083521006	0.000130613561068792	21.6806959972783	0.740240999482696
59.625	10.5	0.680702725831958	0.61390857449171	-4.49404038298175e-05	21.6121687191251	0.744562180665567
59.775	10.5	0.685665731716245	0.611256164781099	-0.0002012313448712	21.5435680651913	0.748532585372996
59.925	10.5	0.690213767477505	0.608806630490642	-0.000343351010990883	21.4749051719193	0.752171013982004
60.075	10.5	0.694374319980519	0.606545793837256	-0.000475096295428838	21.4061900550176	0.755499455984415
60.225	10.5	0.698177539735864	0.604458223193628	-0.000599161399252029	21.3374316667359	0.758542031788691
60.375	10.5	0.701655140444365	0.602527799386988	-0.000717283115293826	21.2686379643904	0.761324112355492
60.525	10.5	0.70483950166623	0.60073817800453	-0.000830347326776526	21.1998159841232	0.763871601332984
60.675	10.5	0.707762951472375	0.599073172493779	-0.000938466569304418	21.1309719141848	0.7662103611779
60.825	10.5	0.710457204626609	0.597517077603549	-0.00104103927506986	21.0621111625612	0.768365763701287
60.975	10.5	0.712952931526074	0.596054948064344	-0.00113680131647339	20.993238414486	0.770362345220859
61.125	10.5	0.715279435179181	0.594672842332373	-0.00122387991848991	20.9243576762582	0.772223548143345
61.275	10.5	0.717464415514239	0.59335803688383	-0.00129985906388484	20.8554723027973	0.773971532411392
61.425	10.5	0.719533802857488	0.592099212357449	-0.0013618641473758	20.7865850075339	0.77562704228599
61.575	10.5	0.721511645290272	0.590886608841461	-0.00140667185247813	20.7176978545494	0.777209316232217
61.725	10.5	0.723420037345119	0.589712143933207	-0.00143084895124493	20.6488122343636	0.778736029876095
61.875	10.5	0.725279080203744	0.588569483849141	-0.00143092079969611	20.5799288264267	0.780223264162995
62.025	10.5	0.727106866294224	0.587454054949271	-0.0014035665084851	20.511047553199	0.781685493035379
62.175	10.5	0.728919483757223	0.586362981026076	-0.001345832942456	20.4421675326511	0.783135587005779
62.325	10.5	0.730731039327962	0.585294930838602	-0.00125535374106351	20.3732870379937	0.78458483146237
62.475	10.5	0.732553701688431	0.584249861408481	-0.00113055248377707	20.3044034752487	0.786042961350745
62.625	10.5	0.734397771081258	0.583228646446342	-0.000970801438139364	20.2355133906224	0.787518216865006
62.775	10.5	0.736271785420082	0.582232586468104	-0.000776499939064246	20.1666125201442	0.789017428336066
62.925	10.5	0.738182677679781	0.581262808392086	-0.000549030813435678	20.0976958931996	0.790546142143825
63.075	10.5	0.740136003632162	0.580319577403528	-0.000290551452046402	20.028757998918	0.79210880290573
63.225	10.5	0.742136261628302	0.579401561813872	-3.58043235496282e-06	19.9597930194691	0.793709009302642
63.375	10.5	0.744187326614927	0.578505109746719	0.000309646910345449	19.8907951270308	0.795349861291942
63.525	10.5	0.746293016802689	0.577623611446739	0.000648058877644929	19.8217588318284	0.797034413442151
63.675	10.5	0.748457802866346	0.576747027917479	0.00101283882357794	19.7526793581261	0.798766242293077
63.825	10.5	0.750687656951639	0.575861660198714	0.00140866864855553	19.6835530149525	0.800550125561311
63.975	10.5	0.752991021371878	0.574950211740333	0.00184503460272798	19.6143775208097	0.802392817097503
64.125	10.5	0.755379860787743	0.5739921577008	0.00233748826959442	19.5451522389227	0.804303888630194
64.275	10.5	0.757870749848534	0.572964386606601	0.00290876323573318	19.4758782834619	0.806296599878827
64.425	10.5	0.760485948358092	0.571842033774139	0.00358968977718268	19.4065584678876	0.808388758686473
64.575	10.5	0.763254433557144	0.570599402666809	0.00441992842901375	19.3371970819043	0.810603546845715
64.725	10.5	0.766212898244456	0.569210894628845	0.00544864876684825	19.2677994979951	0.812970318595565
64.875	10.5	0.769406781670732	0.567651963973348	0.00673538511113556	19.1983716131942	0.815525425336586
65.025	10.5	0.772891466186995	0.565900299056116	0.00835135945165672	19.1289191151825	0.818313172949596
65.175	10.5	0.776733822598033	0.56393769357084	0.0103815095495458	19.0594465124021	0.821387058078426
65.325	10.5	0.781014283032782	0.561753371877799	0.0129272257970279	18.9899557782598	0.824811426426225
65.475	10.5	0.785829511134236	0.559349774707957	0.0161093273738903	18.9204443324102	0.828663608907389
65.625	10.5	0.791295471018762	0.556751849844785	0.0200700875512111	18.8509019373699	0.83303637681501
65.775	10.5	0.797550226807297	0.554020536957194	0.0249722311330385	18.7813059692715	0.838040181445838
65.925	10.5	0.804755134240406	0.551270191762942	0.0309919900477678	18.71161449597	0.843804107392325
66.075	10.5	0.813092298332975	0.548688036295693	0.0383028949604049	18.6417567536384	0.85047383866638
66.225	10.5	0.822755478369985	0.546551414880985	0.0470475284446497	18.5716210498268	0.858204382695988
66.375	10.5	0.833931399922468	0.545236108774697	0.0572965422975181	18.5010409077467	0.867145119937974
66.525	10.5	0.846769211906252	0.545207187526821	0.0689982258332107	18.4297814005391	0.877415369525001
66.675	10.5	0.861338165752609	0.546984398580255	0.0819275667300041	18.3575289579665	0.889070532602087
66.825	10.5	0.877577777201959	0.551078628790611	0.0956496931699235	18.2838890873607	0.902062221761567
66.975	10.5	0.895250257623876	0.557905224595638	0.109515984677479	18.2083967942831	0.916200206099101
67.125	10.5	0.913910094060593	0.56769193302432	0.122708212623114	18.1305432228249	0.931128075248475
67.275	10.5	0.932907330607501	0.580408310697365	0.134334179704419	18.0498186251947	0.946325864486001
67.425	10.5	0.95143637199638	0.59574249077483	0.143559307611334	17.9657666039023	0.961149097597104
67.575	10.5	0.968630213582394	0.613137021903818	0.149740788995845	17.8780394179614	0.974904170865915
67.725	10.5	0.983684146854391	0.631873732542882	0.152525631324291	17.7864416519007	0.986947317483513
67.875	10.5	0.995979983919078	0.651180454605329	0.151886552246739	17.6909515923524	0.996783987135262
68.025	10.5	1.00517858803093	0.670329343423067	0.148093362513869	17.5917157769215	1.00414287042474
68.175	10.5	1.01125749980026	0.688706596716655	0.14163821729836	17.4890196630277	1.00900599984021
68.325	10.5	1.01448774529071	0.705847950150225	0.133141505043977	17.3832430504414	1.01159019623257
68.475	10.5	1.01536149428696	0.721445215723882	0.123261593831385	17.2748110030909	1.01228919542956
68.625	10.5	1.0144931668848	0.735333505009427	0.112622463668687	17.1641496913332	1.01159453350784
68.775	10.5	1.01251852979214	0.747468217259739	0.101764400880567	17.0516531968818	1.01001482383372
68.925	10.5	1.01001125129381	0.757898225463659	0.0911171354113275	16.9376634973821	1.00800900103505
69.075	10.5	1.00742798518005	0.76673906790618	0.0809919679074343	16.8224627269223	1.00594238814404
69.225	10.5	1.00508454151781	0.774148230740383	0.0715883688710967	16.7062748986469	1.00406763321425
69.375	10.5	1.00315904659875	0.780303757282952	0.0630102560704299	16.5892735723633	1.002527237279
69.525	10.5	1.00171405023253	0.78538701061166	0.055287297337329	16.4715921676179	1.00137124018602
69.675	10.5	1.00072834234651	0.789570050175353	0.0483971481481866	16.3533343828892	1.00058267387721
69.825	10.5	1.00013025271248	0.793007611882367	0.0422855247899324	16.2345831339904	1.00010420216998
69.975	10.5	0.999826555372916	0.795833181814599	0.0368822660368517	16.1154073093673	0.999861244298333
70.125	10.5	0.999723856919287	0.798158279611589	0.0321127613236388	15.9958663073396	0.999779085535429
70.275	10.5	0.999741780525759	0.800073914429259	0.0279050674327068	15.8760127228718	0.999793424420607
70.425	10.5	0.999818954012191	0.801653238877759	0.0241935822563904	15.755893715705	0.999855163209753
70.575	10.5	0.999913679388253	0.802954629402053	0.0209203196189747	15.6355515838465	0.999930943510603
70.725	10.5	1.00000133853349	0.804024674137892	0.0180347441993635	15.5150239616252	1.0000010708268
70.875	10.5	1.00007031339998	0.804900782041947	0.0154929082398952	15.3943439232853	1.00005625071998
71.025	10.5	1.00011771020582	0.80561330441133	0.0132563839992968	15.2735401441085	1.00009416816466
71.175	10.5	1.0001456604773	0.806187174232895	0.0112912695581935	15.1526371729933	1.00011652838184
71.325	10.5	1.00015853857185	0.806643129133724	0.00956738652802511	15.0316558087007	1.00012683085748
71.475	10.5	1.00016113095866	0.806998605321761	0.00805768826911662	14.9106135420481	1.00012890476693
71.625	10.5	1.00015761677625	0.807268387908588	0.00673784569921663	14.7895250192796	1.000126093421
71.775	10.5	1.00015114688112	0.807465089334798	0.00558595992820978	14.6684024882701	1.00012091750489
71.925	10.5	1.00014380620455	0.807599510334837	0.00458235295359424	14.547256201443	1.00011504496364
72.075	10.5	1.00013678031596	0.807680921635586	0.00370939882190845	14.4260947620542	1.00010942425277
72.225	10.5	1.00013059747398	0.807717291494582	0.00295137097202275	14.3049254109479	1.00010447797918
72.375	10.5	1.00012536648749	0.807715474734793	0.00229429306995975	14.1837542579632	1.00010029319
72.525	10.5	1.00012097029624	0.807681372724276	0.00172578898956326	14.0625864659758	1.00009677623699
72.675	10.5	1.00011720273659	0.807620070020467	0.00123493259863908	13.9414263967919	1.00009376218928
72.825	10.5	1.00011385231864	0.807535951358789	0.0008121003165829	13.8202777276553	1.00009108185491
72.975	10.5	1.00011074447998	0.807432801651377	0.000448829880238712	13.6991435457741	1.00008859558399
73.125	10.5	1.00010775557404	0.807313891193137	0.000137688194717655	13.5780264266153	1.00008620445923
73.275	10.5	1.00010481034291	0.807182048046202	-0.000127849838844338	13.4569285001465	1.00008384827433
73.425	10.5	1.00010187172471	0.807039719420946	-0.000353510641504283	13.3358515079005	1.00008149737977
73.575	10.5	1.00009892877594	0.806889023716718	-0.000544319384083295	13.2147968527769	1.00007914302075
73.725	10.5	1.00009598590271	0.806731794708065	-0.000704686079861149	13.0937656428362	1.00007678872216
73.875	10.5	1.00009305472508	0.80656961916822	-0.000838481249541166	12.9727587299322	1.00007444378007
74.025	10.5	1.00009014873325	0.806403869024803	-0.000949102224531792	12.8517767437947	1.0000721189866
74.175	10.5	1.00008728029267	0.806235728957698	-0.00103953117696123	12.7308201220496	1.00006982423414
74.325	10.5	1.00008445934448	0.806066220184942	-0.00111238590577215	12.6098891366009	1.00006756747558
74.475	10.5	1.00008169316744	0.80589622104398	-0.00116996430767446	12.4889839167647	1.00006535453395
74.625	10.5	1.00007898669629	0.805726484860922	-0.00121428334828651	12.3681044695217	1.00006318935704
74.775	10.5	1.00007634304939	0.80555765551082	-0.00124711323863685	12.2472506972274	1.00006107443951
74.925	10.5	1.00007376405989	0.805390280999568	-0.00127000742406196	12.1264224130932	1.00005901124792
75.075	10.5	1.00007125071222	0.805224825342131	-0.00128432890790115	12.0056193547181	1.00005700056978
75.225	10.5	1.00006880345514	0.805061678967582	-0.00129127336224742	11.8848411959213	1.00005504276411
75.375	10.5	1.0000664224017	0.804901167845857	-0.00129188941868675	11.7640875570912	1.00005313792136
75.525	10.5	1.00006410744276	0.804743561502058	-0.00128709648285436	11.6433580142408	1.0000512859542
75.675	10.5	1.00006185830302	0.804589080061337	-0.00127770037452366	11.5226521069301	1.00004948664241
75.825	10.5	1.00005967456437	0.804437900446663	-0.00126440705861812	11.4019693451967	1.0000477396515
75.975	10.5	1.00005755567404	0.804290161835559	-0.00124783470082985	11.2813092156144	1.00004604453923
76.125	10.5	1.00005550094845	0.804145970467732	-0.00122852425371985	11.1606711865847	1.00004440075876
76.275	10.5	1.00005350957832	0.804005403882793	-0.00120694875418547	11.0400547129519	1.00004280766266
76.425	10.5	1.00005158063706	0.803868514657743	-0.00118352149125031	10.9194592400227	1.00004126450965
76.575	10.5	1.00004971309213	0.803735333703921	-0.00115860318367578	10.7988842070583	1.0000397704737
76.725	10.5	1.00004790581866	0.80360587317624	-0.00113250828960771	10.6783290503017	1.00003832465493
76.875	10.5	1.00004615761386	0.803480129040337	-0.00110551055520731	10.5577932055955	1.00003692609109
77.025	10.5	1.00004446721131	0.80335808333789	-0.00107784789593227	10.4372761106355	1.00003557376905
77.175	10.5	1.00004283329433	0.803239706185315	-0.00104972669233079	10.316777206906	1.00003426663547
77.325	10.5	1.00004125450814	0.803124957536586	-0.001021325572008	10.1962959413318	1.00003300360651
77.475	10.5	1.00003972947047	0.803013788737568	-0.000992798740600923	10.0758317676814	1.00003178357637
77.625	10.5	1.00003825678087	0.802906143895583	-0.000964278916248794	9.95538414775148	1.0000306054247
77.775	10.5	1.00003683502863	0.802801961085548	-0.000935879916111233	9.83495255235705	1.0000294680229
77.925	10.5	1.00003546279957	0.802701173411257	-0.000907698936578665	9.71453646215231	1.00002837023966
78.075	10.5	1.00003413868187	0.802603709938103	-0.000879818564180819	9.59413536830157	1.00002731094549
78.225	10.5	1.00003286127101	0.802509496512187	-0.000852308549658913	9.47374877301885	1.0000262890168
78.375	10.5	1.00003162917404	0.802418456478399	-0.000825227373297184	9.35337618999227	1.00002530333923
78.525	10.5	1.00003044101319	0.802330511308928	-0.000798623626598233	9.23301714470738	1.00002435281055
78.675	10.5	1.00002929542897	0.802245581152703	-0.000772537231975719	9.11267117468226	1.00002343634318
78.825	10.5	1.00002819108278	0.802163585314093	-0.000747000519736688	8.99233782962554	1.00002255286623
78.975	10.5	1.00002712665908	0.802084442669558	-0.000722039179227339	8.8720166715273	1.00002170132727
79.125	10.5	1.00002610086726	0.802008072028706	-0.000697673098824855	8.75170727469177	1.00002088069381
79.275	10.5	1.00002511244307	0.801934392446551	-0.000673917107903616	8.63140922571953	1.00002008995445
79.425	10.5	1.00002416014987	0.801863323492139	-0.00065078163226338	8.51112212344625	1.00001932811989
79.575	10.5	1.00002324277954	0.80179478547883	-0.000628273272949624	8.39084557884414	1.00001859422363
79.725	10.5	1.00002235915321	0.801728699660433	-0.000606395317629207	8.27057921489141	1.00001788732257
79.875	10.5	1.00002150812172	0.801664988397232	-0.000585148191978982	8.15032266641476	1.00001720649738
80.025	10.5	1.000020688566	0.80160357529539	-0.000564529858432955	8.03007557990896	1.0000165508528
80.175	10.5	1.00001989939721	0.801544385322721	-0.000544536167946399	7.90983761333746	1.00001591951777
80.325	10.5	1.00001913955676	0.801487344903771	-0.000525161170487564	7.78960843591724	1.00001531164541
80.475	10.5	1.00001840801628	0.801432381996564	-0.000506397388854096	7.66938772789088	1.00001472641302
80.625	10.5	1.00001770377739	0.801379426153143	-0.000488236059988445	7.54917518028845	1.00001416302191
80.775	10.5	1.00001702587146	0.801328408566007	-0.000470667347589778	7.42897049468141	1.00001362069717
80.925	10.5	1.00001637335925	0.801279262102069	-0.000453680529235375	7.30877338293068	1.0000130986874
81.075	10.5	1.00001574533053	0.801231921325653	-0.000437264160952208	7.18858356693043	1.00001259626442
81.225	10.5	1.00001514090357	0.801186322512037	-0.000421406221735595	7.06840077834932	1.00001211272286
81.375	10.5	1.00001455922471	0.801142403652584	-0.000406094240423086	6.94822475837033	1.00001164737977
81.525	10.5	1.00001399946776	0.80110010445269	-0.000391315406791722	6.82805525743057	1.00001119957421
81.675	10.5	1.00001346083346	0.801059366323452	-0.00037705666873429	6.70789203496185	1.00001076866677
81.825	10.5	1.00001294254888	0.801020132367871	-0.000363304817127867	6.58773485913309	1.00001035403911
81.975	10.5	1.0000124438668	0.800982347362449	-0.000350046559746354	6.46758350659516	1.00000995509344
82.125	10.5	1.00001196406504	0.800945957734805	-0.000337268585420903	6.34743776222894	1.00000957125204
82.275	10.5	1.00001150244587	0.800910911537818	-0.00032495761972618	6.22729741889702	1.0000092019567
82.425	10.5	1.00001105833532	0.800877158421007	-0.000313100472933139	6.10716227719961	1.00000884666825
82.575	10.5	1.00001063108262	0.800844649599469	-0.000301684081314974	5.98703214523499	1.0000085048661
82.725	10.5	1.00001022005961	0.800813337820856	-0.000290695542413882	5.86690683836485	1.00000817604768
82.875	10.5	1.00000982466012	0.800783177330708	-0.000280122145085802	5.74678617898477	1.0000078597281
83.025	10.5	1.00000944429935	0.800754123836521	-0.000269951394820554	5.62666999630005	1.00000755543948
83.175	10.5	1.00000907841301	0.800726134470776	-0.000260171034962679	5.50655812610714	1.00000726273041
83.325	10.5	1.00000872645638	0.800699167753336	-0.000250769064239017	5.3864504105807	1.00000698116511
83.475	10.5	1.00000838790336	0.800673183553159	-0.000241733751072312	5.26634669806652	1.00000671032268
83.625	10.5	1.00000806224578	0.80064814304987	-0.000233053645040484	5.14624684288022	1.00000644979662
83.775	10.5	1.00000774899355	0.800624008694929	-0.00022471758576551	5.02615070511188	1.00000619919484
83.925	10.5	1.00000744767565	0.800600744172776	-0.000216714709588614	4.90605815043632	1.00000595814052
84.075	10.5	1.00000715784157	0.800578314361826	-0.00020903445424971	4.78596904992921	1.00000572627326
84.225	10.5	1.00000687906176	0.800556685295527	-0.000201666561768781	4.66588327988883	1.0000055032494
84.375	10.5	1.00000661092473	0.80053582412384	-0.000194601079779626	4.54580072166368	1.00000528873978
84.525	10.5	1.00000635302928	0.800515699075373	-0.00018782836141471	4.42572126148645	1.00000508242342
84.675	10.5	1.00000610497288	0.800496279420923	-0.000181339063934249	4.30564479031442	1.0000048839783
84.825	10.5	1.00000586634265	0.80047753543809	-0.000175124146167781	4.18557120367664	1.00000469307412
84.975	10.5	1.00000563672036	0.800459438376537	-0.000169174864855256	4.06550040152668	1.00000450937629
85.125	10.5	1.00000541571301	0.800441960421776	-0.000163482769996495	3.94543228809923	1.0000043325704
85.275	10.5	1.00000520300903	0.800425074655529	-0.000158039699194286	3.82536677176792	1.00000416240723
85.425	10.5	1.00000499843541	0.800408755011552	-0.000152837771038557	3.70530376490293	1.00000399874832
85.575	10.5	1.00000480195967	0.800392976229878	-0.000147869377453041	3.58524318373113	1.00000384156773
85.725	10.5	1.00000461356823	0.800377713817651	-0.000143127175087554	3.46518494820706	1.00000369085458
85.875	10.5	1.00000443299126	0.800362944028759	-0.000138604075603997	3.34512898190817	1.00000354639301
86.025	10.5	1.00000425935994	0.800348643870929	-0.000134293234864363	3.22507521196476	1.00000340748795
86.175	10.5	1.00000409105204	0.80033479113246	-0.000130188040905553	3.10502356901893	1.00000327284164
86.325	10.5	1.0000039261049	0.800321364392471	-0.000126282100536821	2.98497398717614	1.00000314088392
86.475	10.5	1.00000376347235	0.800308342950853	-0.000122569224335867	2.86492640388176	1.00000301077788
86.625	10.5	1.000003604904	0.80029570661648	-0.000119043409521578	2.74488075965223	1.0000028839232
86.775	10.5	1.00000345634397	0.800283435356952	-0.000115698820187361	2.62483699765418	1.00000276507518
86.925	10.5	1.00000332689034	0.800271508953065	-0.000112529764288005	2.50479506327208	1.00000266151227
87.075	10.5	1.00000322339885	0.800259906967411	-0.000109530667091425	2.38475490399094	1.00000257871908
87.225	10.5	1.00000314079782	0.800248609398136	-0.000106696041475048	2.2647164700098	1.00000251263826
87.375	10.5	1.00000305249067	0.800237598157265	-0.000104020456236354	2.14467971578841	1.00000244199253
87.525	10.5	1.00000291041467	0.800226858864406	-0.000101498504079952	2.02464460206035	1.00000232833173
87.675	10.5	1.00000266634607	0.800216381515199	-9.91247700424036e-05	1.90461109683	1.00000213307685
87.825	10.5	1.00000231907252	0.800206157947656	-9.68937984053449e-05	1.78457917309317	1.00000185525802
87.975	10.5	1.00000197212286	0.800196174670397	-9.48000518106347e-05	1.66454880153481	1.00000157769829
88.125	10.5	1.00000185786388	0.800186402442243	-9.28378531546331e-05	1.54451993931489	1.0000014862911
88.275	10.5	1.00000226362491	0.80017678885113	-9.10013042052434e-05	1.4244925212658	1.00000181089993
88.425	10.5	1.00000331449378	0.800167264692558	-8.92841907944686e-05	1.30446646509323	1.00000265159503
88.575	10.5	1.00000465403509	0.800157774333994	-8.76799152879835e-05	1.18444170237247	1.00000372322807
88.725	10.5	1.00000521460991	0.800148328844625	-8.61815336672721e-05	1.0644182359523	1.00000417168793
88.875	10.5	1.00000341190612	0.8001390566972	-8.47819925658406e-05	0.944396199113682	1.0000027295249
89.025	10.5	0.999998083754914	0.800130198785189	-8.34746255399091e-05	0.824375860398708	0.999998467003931
89.175	10.5	0.999990145643323	0.800121985064531	-8.22538567371542e-05	0.704357503977315	0.999992116514658
89.325	10.5	0.999984195320532	0.800114371106285	-8.11159085780194e-05	0.584341153583994	0.999987356256425
89.475	10.5	0.99998842272031	0.80010672474011	-8.00592482149281e-05	0.464326223811113	0.999990738176248
89.625	10.5	1.00001086881378	0.800097710807458	-7.90847476807653e-05	0.344311355377426	1.00000869505103
89.775	10.5	1.00005131644065	0.800075120651992	-7.81962491531818e-05	0.224294819425237	1.00004105315252
89.925	10.5	1.0000915379438	0.400095512399407	-7.7409246044297e-05	0.104278961840747	1.00007323035504
0.075	10.7	2.08322489524772e-30	0.39999940871706	-1.00631354101926e-05	36.0880568818242	0.2
0.225	10.7	3.24700795557534e-30	0.799998225275073	-1.00781757908221e-05	36.0640569173011	0.2
0.375	10.7	-8.17140666463889e-31	0.799997039202964	-1.01082850215981e-05	36.0400569883077	0.2
0.525	10.7	-8.15733136292246e-31	0.799995848741139	-1.01535191139318e-05	36.016057094949	0.2
0.675	10.7	-1.30899334833294e-29	0.799994652122027	-1.0213963207381e-05	35.9920572373832	0.2
0.825	10.7	-1.49970904540708e-29	0.799993447565519	-1.02897300722553e-05	35.9680574158216	0.2
0.975	10.7	-3.13959597437343e-29	0.799992233276102	-1.03809609933395e-05	35.9440576305293	0.2
1.125	10.7	-2.28167234395043e-29	0.799991007439801	-1.04878248257893e-05	35.9200578818251	0.2
1.275	10.7	-2.36649009392781e-29	0.799989768219588	-1.06105192644809e-05	35.8960581700829	0.2
1.425	10.7	2.07094515599749e-29	0.799988513753392	-1.07492696621641e-05	35.8720584957319	0.2
1.575	10.7	5.61893493892652e-29	0.799987242149738	-1.09043293278034e-05	35.8480588592577	0.2
1.725	10.7	1.41327560709546e-28	0.799985951485189	-1.10759800333476e-05	35.8240592612029	0.2
1.875	10.7	1.83591403264027e-28	0.799984639799696	-1.12645315790987e-05	35.8000597021686	0.2
2.025	10.7	2.34979008258046e-28	0.799983305095267	-1.14703218046727e-05	35.7760601828149	0.2
2.175	10.7	1.59262672003439e-28	0.799981945330784	-1.16937169671155e-05	35.7520607038628	0.2
2.325	10.7	2.52838012702382e-29	0.799980558419559	-1.19351121566496e-05	35.7280612660951	0.2
2.475	10.7	-3.02997494485866e-28	0.799979142225956	-1.21949304701023e-05	35.7040618703577	0.2
2.625	10.7	-6.58367963356857e-28	0.799977694561617	-1.2473624295178e-05	35.6800625175615	0.2
2.775	10.7	-1.09242089266353e-27	0.799976213183095	-1.27716756884703e-05	35.656063208684	0.2
2.925	10.7	-1.26220332494631e-27	0.799974695786935	-1.30895955876326e-05	35.6320639447705	0.2
3.075	10.7	-1.13764390219462e-27	0.799973140007187	-1.34279257230666e-05	35.6080647269368	0.2
3.225	10.7	-3.06383630908953e-28	0.799971543412701	-1.37872379517937e-05	35.5840655563701	0.2
3.375	10.7	1.06909787006041e-27	0.799969903501252	-1.4168135508423e-05	35.560066434332	0.2
3.525	10.7	3.07886338455322e-27	0.799968217698036	-1.45712538520486e-05	35.53606736216	0.2
3.675	10.7	4.91429829929027e-27	0.799966483351426	-1.49972607979815e-05	35.5120683412701	0.2
3.825	10.7	6.05290518363079e-27	0.799964697728415	-1.54468578331136e-05	35.4880693731589	0.2
3.975	10.7	5.11358880452833e-27	0.799962858011459	-1.59207808073345e-05	35.4640704594064	0.2
4.125	10.7	1.68507956157437e-27	0.79996096129412	-1.64198009620041e-05	35.4400716016783	0.2
4.275	10.7	-4.7786082094323e-27	0.799959004577276	-1.69447265531402e-05	35.4160728017288	0.2
4.425	10.7	-1.26251287570647e-26	0.799956984764022	-1.74964027348155e-05	35.3920740614036	0.2
4.575	10.7	-1.97570321785928e-26	0.799954898656299	-1.80757142910327e-05	35.3680753826429	0.2
4.725	10.7	-2.17225231425706e-26	0.799952742949921	-1.8683586125376e-05	35.3440767674842	0.2
4.875	10.7	-1.53778445539472e-26	0.799950514228434	-1.93209846662568e-05	35.3200782180659	0.2
5.025	10.7	1.89147573395649e-27	0.799948208960797	-1.99889199866698e-05	35.2960797366305	0.2
5.175	10.7	2.67401721133097e-26	0.799945823494413	-2.06884463743136e-05	35.2720813255283	0.2
5.325	10.7	5.16619956931387e-26	0.799943354049712	-2.1420665289171e-05	35.2480829872209	0.2
5.475	10.7	6.16696637104833e-26	0.799940796715183	-2.21867256988933e-05	35.2240847242853	0.2
5.625	10.7	4.26304924428284e-26	0.799938147442918	-2.29878270227196e-05	35.2000865394179	0.2
5.775	10.7	-1.54412039320424e-26	0.799935402038886	-2.38252201260644e-05	35.1760884354387	0.2
5.925	10.7	-1.0253428671247e-25	0.799932556161246	-2.4700210411372e-05	35.1520904152956	0.2
6.075	10.7	-1.8575802900878e-25	0.799929605310575	-2.56141585963011e-05	35.1280924820691	0.2
6.225	10.7	-2.02437120978135e-25	0.799926544824878	-2.65684837577763e-05	35.104094638977	0.2
6.375	10.7	-8.30304278287728e-26	0.79992336987168	-2.75646652648323e-05	35.0800968893796	0.2
6.525	10.7	2.21214380876021e-25	0.799920075441516	-2.86042449873094e-05	35.0560992367847	0.2
6.675	10.7	6.7711136915997e-25	0.799916656339476	-2.96888294801385e-05	35.0321016848531	0.2
6.825	10.7	1.12826955352861e-24	0.799913107178938	-3.08200933084453e-05	35.0081042374043	0.2
6.975	10.7	1.26467075237359e-24	0.799909422371794	-3.19997805360099e-05	34.9841068984223	0.2
7.125	10.7	6.87661216810745e-25	0.79990559612058	-3.32297079428814e-05	34.960109672062	0.2
7.275	10.7	-9.46719409983665e-25	0.799901622410436	-3.45117676555142e-05	34.9361125626551	0.2
7.425	10.7	-3.65045106372386e-24	0.799897494999373	-3.58479301552827e-05	34.9121155747174	0.2
7.575	10.7	-6.81123361281951e-24	0.799893207408487	-3.72402468568879e-05	34.8881187129551	0.2
7.725	10.7	-8.95276686754721e-24	0.799888752913105	-3.86908526212888e-05	34.8641219822728	0.2
7.875	10.7	-7.82183683686911e-24	0.799884124531993	-4.02019710390088e-05	34.8401253877804	0.2
8.025	10.7	-9.36794380392215e-25	0.799879315017042	-4.1775914452273e-05	34.8161289348009	0.2
8.175	10.7	1.31853410393158e-23	0.799874316842334	-4.34150903622029e-05	34.7921326288793	0.2
8.325	10.7	3.33128246322308e-23	0.799869122192961	-4.51220022243876e-05	34.7681364757904	0.2
8.475	10.7	5.36483037939023e-23	0.799863722952913	-4.6899255020991e-05	34.7441404815478	0.2
8.625	10.7	6.28586377897554e-23	0.799858110694037	-4.87495581078647e-05	34.7201446524132	0.2
8.775	10.7	4.51542393289976e-23	0.799852276660751	-5.06757286844131e-05	34.6961489949061	0.2
8.925	10.7	-1.50944446297891e-23	0.799846211760977	-5.26806958544987e-05	34.6721535158136	0.2
9.075	10.7	-1.24555062688927e-22	0.799839906548492	-5.47675051231241e-05	34.6481582222005	0.2
9.225	10.7	-2.68611923443094e-22	0.799833351212834	-5.693932187618e-05	34.6241631214206	0.2
9.375	10.7	-3.99240940681655e-22	0.799826535560474	-5.91994361287426e-05	34.6001682211277	0.2
9.525	10.7	-4.30073410687924e-22	0.799819449004249	-6.15512671249186e-05	34.576173529287	0.2
9.675	10.7	-2.4894256748881e-22	0.799812080543962	-6.39983661884671e-05	34.5521790541875	0.2
9.825	10.7	2.42265481774364e-22	0.79980441875256	-6.65444242645999e-05	34.5281848044544	0.2
9.975	10.7	1.05704852247137e-21	0.799796451758834	-6.91932734561374e-05	34.5041907890623	0.2
10.125	10.7	2.03573083571542e-21	0.799788167229201	-7.19488948188052e-05	34.4801970173488	0.2
10.275	10.7	2.77518638817715e-21	0.799779552351298	-7.48154213647966e-05	34.4562034990286	0.2
10.425	10.7	2.63769894713185e-21	0.799770593815137	-7.77971442688339e-05	34.4322102442078	0.2
10.575	10.7	9.08446702356749e-22	0.799761277791468	-8.08985178875561e-05	34.4082172633997	0.2
10.725	10.7	-2.85509296994674e-21	0.799751589916698	-8.4124164745909e-05	34.3842245675403	0.2
10.875	10.7	-8.31741809451986e-21	0.799741515267326	-8.74788824012336e-05	34.3602321680047	0.2
11.025	10.7	-1.38648247239751e-20	0.799731038342208	-9.09676473379355e-05	34.3362400766242	0.2
11.175	10.7	-1.64150698872417e-20	0.799720143039788	-9.45956223454556e-05	34.3122483057041	0.2
11.325	10.7	-1.19220351740424e-20	0.799708812633479	-9.83681611285245e-05	34.2882568680418	0.2
11.475	10.7	3.11189604891738e-21	0.799697029751962	-0.000102290815449571	34.2642657769461	0.2
11.625	10.7	2.91271968780145e-20	0.799684776351736	-0.000106369340716747	34.2402750462567	0.2
11.775	10.7	6.06049189815441e-20	0.799672033693899	-0.000110609701992308	34.216284690365	0.2
11.925	10.7	8.41228630275506e-20	0.799658782317036	-0.0001150180805559	34.1922947242351	0.2
12.075	10.7	7.93337097485784e-20	0.799645002012772	-0.000119600880386476	34.168305163426	0.2
12.225	10.7	2.48050049590031e-20	0.799630671796907	-0.000124364734298818	34.1443160241143	0.2
12.375	10.7	-9.04724579755673e-20	0.799615769880792	-0.00012931651057042	34.1203273231182	0.2
12.525	10.7	-2.51742587237523e-19	0.799600273643466	-0.000134463319154951	34.0963390779215	0.2
12.675	10.7	-4.04889683773839e-19	0.799584159601776	-0.000139812518171469	34.0723513066996	0.2
12.825	10.7	-4.5403582167752e-19	0.799567403378348	-0.000145371720964259	34.0483640283454	0.2
12.975	10.7	-2.81292424515219e-19	0.799549979671028	-0.000151148801778528	34.0243772624969	0.2
13.125	10.7	2.03691967454021e-19	0.799531862220205	-0.000157151901776792	34.0003910295651	0.2
13.275	10.7	9.87621389419907e-19	0.799513023775111	-0.000163389436092352	33.9764053507636	0.2
13.425	10.7	1.87214998852577e-18	0.79949343605981	-0.000169870099329273	33.9524202481386	0.2
13.575	10.7	2.4299852448269e-18	0.799473069738859	-0.000176602871329925	33.9284357446001	0.2
13.725	10.7	2.05608756877841e-18	0.799451894379233	-0.000183597022456856	33.9044518639543	0.2
13.875	10.7	1.66036801700584e-19	0.799429878416396	-0.000190862119247543	33.8804686309373	0.2
14.025	10.7	-3.44727867885184e-18	0.799406989114519	-0.000198408028850752	33.8564860712493	0.2
14.175	10.7	-8.16954051146448e-18	0.799383192528974	-0.000206244923348891	33.8325042115904	0.2
14.325	10.7	-1.22161155843104e-17	0.799358453467567	-0.000214383283676974	33.8085230796976	0.2
14.475	10.7	-1.26622862554071e-17	0.799332735449833	-0.000222833902794844	33.7845427043824	0.2
14.625	10.7	-6.16028550721262e-18	0.799306000667868	-0.000231607887838646	33.7605631155706	0.2
14.775	10.7	9.48386460066193e-18	0.799278209944036	-0.000240716661554686	33.7365843443423	0.2
14.925	10.7	3.30506744055397e-17	0.799249322690423	-0.000250171963812092	33.7126064229739	0.2
15.075	10.7	5.76892342735842e-17	0.799219296866315	-0.000259985849386375	33.6886293849809	0.2
15.225	10.7	7.00616556969312e-17	0.799188088935529	-0.000270170687768123	33.6646532651619	0.2
15.375	10.7	5.25119590674223e-17	0.799155653825171	-0.000280739158596212	33.6406780996447	0.2
15.525	10.7	-1.04085402662876e-17	0.79912194488186	-0.000291704247248162	33.6167039259324	0.2
15.675	10.7	-1.21111051132427e-16	0.79908691382934	-0.000303079238428732	33.5927307829518	0.2
15.825	10.7	-2.56423685202528e-16	0.799050510726409	-0.00031487770579821	33.5687587111027	0.2
15.975	10.7	-3.5912698700488e-16	0.799012683924932	-0.000327113502072942	33.5447877523083	0.2
16.125	10.7	-3.41959241376796e-16	0.798973380028387	-0.000339800744427738	33.5208179500672	0.2
16.275	10.7	-1.12429607948533e-16	0.798932543851892	-0.000352953796990584	33.4968493495065	0.2
16.425	10.7	3.78143383298034e-16	0.798890118380989	-0.000366587250931485	33.4728819974361	0.2
16.575	10.7	1.06905147043784e-15	0.798846044736968	-0.000380715899694566	33.4489159424037	0.200000000000001
16.725	10.7	1.73188966054735e-15	0.798800262138352	-0.000395354711100033	33.4249512347519	0.200000000000001
16.875	10.7	1.95945920467295e-15	0.79875270786731	-0.00041051879262033	33.4009879266754	0.200000000000002
17.025	10.7	1.24859176487617e-15	0.798703317239221	-0.000426223353721017	33.3770260722798	0.200000000000001
17.175	10.7	-7.90855490346176e-16	0.798652023574598	-0.000442483660959702	33.353065727641	0.199999999999999
17.325	10.7	-4.11402639135462e-15	0.798598758173943	-0.00045931498575459	33.3291069508653	0.199999999999997
17.475	10.7	-7.89586411905e-15	0.798543450297509	-0.000476732545799869	33.3051498021506	0.199999999999994
17.625	10.7	-1.03423710481689e-14	0.798486027151434	-0.00049475143761542	33.2811943438475	0.199999999999992
17.775	10.7	-8.90076913248894e-15	0.798426413876737	-0.000513386559180337	33.2572406405215	0.199999999999993
17.925	10.7	-1.08715516725244e-15	0.798364533547844	-0.000532652522971596	33.2332887590149	0.199999999999999
18.075	10.7	1.40201513240291e-14	0.798300307176899	-0.000552563556545098	33.2093387685086	0.200000000000011
18.225	10.7	3.39166808591607e-14	0.79823365372715	-0.000573133390668609	33.1853907405843	0.200000000000027
18.375	10.7	5.11976394319242e-14	0.798164490136315	-0.00059437513217937	33.161444749285	0.200000000000041
18.525	10.7	5.36562284701242e-14	0.798092731352134	-0.000616301120716567	33.1375008711761	0.200000000000043
18.675	10.7	2.72367514358244e-14	0.798018290377412	-0.000638922767625345	33.1135591854039	0.200000000000022
18.825	10.7	-3.74304295787463e-14	0.797941078334205	-0.000662250374765164	33.0896197737534	0.19999999999997
18.975	10.7	-1.35631603370805e-13	0.797861004540312	-0.000686292929212816	33.0656827207038	0.199999999999892
19.125	10.7	-2.39291574539719e-13	0.797777976604766	-0.000711057873907918	33.041748113481	0.199999999999809
19.275	10.7	-2.93263582717562e-13	0.79769190054551	-0.000736550849847415	33.0178160421076	0.199999999999765
19.425	10.7	-2.24063081278268e-13	0.797602680929442	-0.000762775406394393	32.9938865994484	0.199999999999821
19.575	10.7	3.33970919384976e-14	0.797510221036667	-0.000789732676673872	32.9699598812519	0.200000000000027
19.725	10.7	4.91148499063827e-13	0.797414423057157	-0.000817421012843341	32.9460359861861	0.200000000000393
19.875	10.7	1.05604256729541e-12	0.797315188317266	-0.00084583557831799	32.9221150158683	0.200000000000845
20.025	10.7	1.49379881356543e-12	0.797212417544316	-0.000874967890023106	32.8981970748869	0.200000000001195
20.175	10.7	1.4436604981772e-12	0.797106011173351	-0.000904805306693732	32.8742822708154	0.200000000001155
20.325	10.7	5.18281720126875e-13	0.796995869696574	-0.000935330453691118	32.8503707142162	0.200000000000415
20.475	10.7	-1.49604860081365e-12	0.796881894067368	-0.000966520582499257	32.8264625186335	0.199999999998803
20.625	10.7	-4.36848694633266e-12	0.796763986161205	-0.000998346850501876	32.8025578005725	0.199999999996505
20.775	10.7	-7.17738987832831e-12	0.796642049300391	-0.00103077351567427	32.7786566794647	0.199999999994258
20.925	10.7	-8.2509917185208e-12	0.796515988850405	-0.00106375703613628	32.7547592776158	0.199999999993399
21.075	10.7	-5.48802126275042e-12	0.796385712898483	-0.00109724505851081	32.7308657201352	0.19999999999561
21.225	10.7	2.8022125957833e-12	0.796251133021651	-0.00113117528997096	32.706976134843	0.200000000002242
21.375	10.7	1.65792573803003e-11	0.796112165156232	-0.0011654742303898	32.6830906521534	0.200000000013263
21.525	10.7	3.26170393758578e-11	0.795968730578958	-0.00120005575691603	32.6592094049304	0.200000000026094
21.675	10.7	4.36326774781314e-11	0.795820757017464	-0.00123481953728681	32.6353325283124	0.200000000034906
21.825	10.7	3.89920725330397e-11	0.79566817989877	-0.00126964925554655	32.611460159501	0.200000000031194
21.975	10.7	7.93111160263123e-12	0.795510943756725	-0.00130441062654094	32.587592437511	0.200000000006345
22.125	10.7	-5.44025647111998e-11	0.795349003813961	-0.00133894917376297	32.5637295028741	0.199999999956478
22.275	10.7	-1.39125158898723e-10	0.795182327759331	-0.00137308774031159	32.5398714972926	0.1999999998887
22.425	10.7	-2.16938130730925e-10	0.795010897748544	-0.00140662369864364	32.5160185632351	0.199999999826449
22.575	10.7	-2.37356851347641e-10	0.794834712647422	-0.00143932581856825	32.4921708434691	0.199999999810115
22.725	10.7	-1.39303078180462e-10	0.794653790557935	-0.00147093074696244	32.4683284805216	0.199999999888558
22.875	10.7	1.23271384566317e-10	0.794468171660847	-0.00150113905243732	32.4444916160622	0.200000000098617
23.025	10.7	5.42418282569392e-10	0.79427792141511	-0.0015296107822968	32.4206603901984	0.200000000433935
23.175	10.7	1.01448940028107e-09	0.794083134154553	-0.00155596048304505	32.3968349406739	0.200000000811592
23.325	10.7	1.3167879479813e-09	0.793883937134701	-0.00157975163661697	32.3730154019558	0.20000000105343
23.475	10.7	1.131202095782e-09	0.793680495062415	-0.0016004904652643	32.3492019041949	0.200000000904962
23.625	10.7	1.41393184471819e-10	0.793473015163775	-0.00161761904660461	32.3253945720366	0.200000000113115
23.775	10.7	-1.78837931959917e-09	0.793261752837824	-0.00163050766170592	32.3015935232581	0.199999998569297
23.925	10.7	-4.38310431981171e-09	0.793047017970136	-0.00163844625076087	32.2777988672068	0.199999996493517
24.075	10.7	-6.75955144668244e-09	0.792829182000554	-0.00164063480026204	32.2540107030142	0.199999994592359
24.225	10.7	-7.39781899381163e-09	0.792608685892425	-0.00163617240989235	32.2302291175729	0.199999994081745
24.375	10.7	-4.43952357389549e-09	0.792386049185359	-0.00162404474964016	32.2064541832679	0.199999996448381
24.525	10.7	3.57647631663579e-09	0.792161880365318	-0.00160310961689588	32.1826859554661	0.200000002861181
24.675	10.7	1.65751363507942e-08	0.791936888769273	-0.00157208040113234	32.158924469766	0.200000013260109
24.825	10.7	3.16833401806899e-08	0.791711898212337	-0.00152950746411509	32.1351697389895	0.200000025346672
24.975	10.7	4.24224630487302e-08	0.791487862384505	-0.00147375772545768	32.1114217498531	0.20000003393797
25.125	10.7	3.91645294811203e-08	0.791265881944188	-0.00140299301469815	32.087680459188	0.200000031331624
25.275	10.7	1.16525638868898e-08	0.791047223065073	-0.00131514786167334	32.063945789499	0.200000009322051
25.425	10.7	-4.60507396522993e-08	0.790833337243068	-0.00120790712860008	32.0402176235919	0.199999963159408
25.575	10.7	-1.28798795837155e-07	0.790625882410851	-0.00107868305255268	32.0164957980048	0.199999896960963
25.725	10.7	-2.13832251882015e-07	0.790426746075398	-0.000924589853080955	31.9927800950868	0.199999828934199
25.875	10.7	-2.58057936017075e-07	0.790238072182824	-0.000742412257418735	31.9690702338048	0.199999793553651
26.025	10.7	-2.03601551204263e-07	0.790062294569054	-0.000528562755996526	31.9453658596984	0.199999837118759
26.175	10.7	4.57214881774884e-09	0.789902180673125	-0.000279022103363061	31.9216665347366	0.200000003657719
26.325	10.7	3.88276971498043e-07	0.789760889017222	1.07402960525539e-05	31.8979717279912	0.200000310621577
26.475	10.7	8.98090177115403e-07	0.789642042052826	0.000345864041721273	31.8742808078005	0.200000718472142
26.625	10.7	1.38055786078435e-06	0.789549811953755	0.000732202644133545	31.8505930352673	0.200001104446289
26.775	10.7	1.57073617811122e-06	0.789489011187104	0.00117641463067281	31.8269075574787	0.200001256588943
26.925	10.7	1.1331351305268e-06	0.789465173813671	0.00168601177765873	31.8032233969771	0.200000906508104
27.075	10.7	-2.31762912710453e-07	0.789484610478802	0.0022693352795771	31.7795394323529	0.19999981458967
27.225	10.7	-2.61651205637184e-06	0.789554423957181	0.00293544458659676	31.755854364262	0.199997906790355
27.375	10.7	-5.70316852419285e-06	0.789682486677886	0.00369393560002582	31.7321666627263	0.199995437465181
27.525	10.7	-8.59698379500652e-06	0.789877408488633	0.00455475329207942	31.7084744959474	0.199993122412964
27.675	10.7	-9.79947448120556e-06	0.790148558808465	0.00552811795755812	31.6847756479522	0.199992160420415
27.825	10.7	-7.4317223989752e-06	0.790506242299444	0.00662472293788184	31.6610674407487	0.199994054622081
27.975	10.7	2.1556024492662e-07	0.79096214387893	0.007856355116605	31.6373466833717	0.200000172448196
28.125	10.7	1.38185279422852e-05	0.791530135267346	0.00923700770239883	31.613609671196	0.200011054822354
28.275	10.7	3.19979775634405e-05	0.792227451661085	0.0107843811135143	31.5898522501882	0.200025598382051
28.425	10.7	5.04574060023447e-05	0.793076097241181	0.0125214159940347	31.566069940174	0.200040365924802
28.575	10.7	6.17324586464937e-05	0.794104141305552	0.0144772302255851	31.5422580803787	0.200049385966917
28.725	10.7	5.60300181540767e-05	0.795346375376377	0.0166866414938162	31.5184119264154	0.200044824014523
28.875	10.7	2.34881457900736e-05	0.796843698486871	0.0191874759285446	31.4945266026709	0.200018790516632
29.025	10.7	-4.2167723150227e-05	0.798640679875771	0.0220152053009463	31.4705968125748	0.19996626582148
29.175	10.7	-0.000139129411548811	0.800781099368251	0.0251951716906544	31.4466162443245	0.199888696470761
29.325	10.7	-0.000253319555696869	0.80330192402019	0.0287336917475094	31.4225766855414	0.199797344355442
29.475	10.7	-0.000356115656616426	0.806227098874075	0.0326104772434118	31.398466966984	0.199715107474707
29.625	10.7	-0.000405672720737286	0.809563529938423	0.036775686621159	31.3742719660312	0.19967546182341
29.775	10.7	-0.000353066696894927	0.813302356579257	0.041155002597497	31.3499719754693	0.199717546642484
29.925	10.7	-0.000153411355056048	0.817428517446898	0.0456648646777155	31.3255427406308	0.199877270915955
30.075	10.7	0.000219418985477206	0.821940187174773	0.0502371240202118	31.3009563610984	0.200175535188382
30.225	10.7	0.000757428274411919	0.826876772025182	0.0548484086700862	31.2761830455727	0.20060594261953
30.375	10.7	0.00140662412161488	0.832350466473542	0.0595457988651279	31.2511934428137	0.201125299297292
30.525	10.7	0.00206294674373256	0.83857333413127	0.0644589195053941	31.2259610245658	0.201650357394986
30.675	10.7	0.00257921579564682	0.845870989170493	0.0697905574616803	31.2004638590549	0.202063372636517
30.825	10.7	0.00278395530711357	0.854675724015042	0.0757830565176472	31.1746851610996	0.202227164245691
30.975	10.7	0.00250984451164447	0.865495423340214	0.082664074253687	31.1486122646497	0.202007875609316
31.125	10.7	0.00162653104868073	0.878858230209627	0.0905805287004672	31.122234093554	0.201301224838945
31.275	10.7	7.06084824923709e-05	0.895235861440624	0.0995325935653175	31.0955376931894	0.200056486785994
31.425	10.7	-0.00213454883248353	0.914951437024325	0.109320750123766	31.0685047711686	0.198292360934013
31.575	10.7	-0.00487446249830965	0.938082311179004	0.119518893740732	31.0411093290132	0.196100430001352
31.725	10.7	-0.00795655258764243	0.964375302921108	0.129485088292522	31.013317267789	0.193634757929886
31.875	10.7	-0.0111380781265859	0.993198612998664	0.138417272209648	30.9850883555128	0.191089537498731
32.025	10.7	-0.0141629870146479	1.02355596639086	0.145452537951672	30.9563803087083	0.188669610388282
32.175	10.7	-0.0167996356646973	1.05417803786388	0.149796031224196	30.9271541838959	0.186560291468242
32.325	10.7	-0.018871539496924	1.08368309468475	0.150852832910191	30.8973799801073	0.184902768402461
32.475	10.7	-0.0202756082390474	1.1107716088511	0.148329665964641	30.8670413826125	0.183779513408762
32.625	10.7	-0.020985891703727	1.1344034185073	0.142278437234609	30.8361388603724	0.183211286637018
32.775	10.7	-0.0210444986442284	1.15391172687101	0.133070856625304	30.8046907296514	0.183164401084617
32.925	10.7	-0.0205439296802118	1.16903314583256	0.121315681242293	30.7727321952654	0.183564856255831
33.075	10.7	-0.0196059969056057	1.17986269559204	0.107746595442653	30.7403127092395	0.184315202475515
33.225	10.7	-0.0183618893900399	1.18676231385023	0.0931120866945826	30.707492205776	0.185310488487968
33.375	10.7	-0.0169363871191675	1.19025533854963	0.0780900160105725	30.6743368580099	0.186450890304666
33.525	10.7	-0.0154374608291458	1.19093155822633	0.0632360202712929	30.6409149555072	0.187650031336683
33.675	10.7	-0.0139510768416026	1.1893754495521	0.0489634949142033	30.6072933547436	0.188839138526718
33.825	10.7	-0.0125401982106289	1.18612005365576	0.0355468857600686	30.5735347649238	0.189967841431497
33.975	10.7	-0.0112467030665154	1.18162290358547	0.0231388587259999	30.5396959548621	0.191002637546788
34.125	10.7	-0.0100950332026216	1.17625815906692	0.0117935239984529	30.5058268375726	0.191923973437903
34.275	10.7	-0.00909660720609717	1.17031922022428	0.00149036266448184	30.471970312959	0.192722714235122
34.425	10.7	-0.00825420801284672	1.16402720883004	-0.00784422051039415	30.4381627085797	0.193396633589723
34.575	10.7	-0.00756563209056134	1.1575419374709	-0.0163190533537959	30.4044346298807	0.193947494327551
34.725	10.7	-0.00702595493046707	1.15097295262173	-0.0240641710765071	30.3708120010742	0.194379236055626
34.875	10.7	-0.006628026528678	1.14438901503544	-0.0312199612507299	30.3373170569053	0.194697578777058
35.025	10.7	-0.00636141766730435	1.13782516060373	-0.0379286237744742	30.3039690699523	0.194910865866157
35.175	10.7	-0.00621095865224342	1.13128746662189	-0.0443275446483435	30.270784710728	0.195031233078205
35.325	10.7	-0.00615688473068729	1.12475684822671	-0.050545205887074	30.2377781530779	0.19507449221545
35.475	10.7	-0.00617872845176725	1.11819422175606	-0.056701318797777	30.2049612994179	0.195057017238586
35.625	10.7	-0.00626373563744566	1.11154940705072	-0.0629129415269114	30.1723446642011	0.194989011490044
35.775	10.7	-0.00641749997736991	1.1047743626378	-0.0693062668222352	30.139939323387	0.194866000018104
35.925	10.7	-0.0066706144203664	1.09783760029401	-0.0760292008812728	30.1077597759102	0.194663508463707
36.075	10.7	-0.00707270041749386	1.0907322263257	-0.083254384035034	30.075826647688	0.194341839666005
36.225	10.7	-0.00766722298005436	1.08346787475582	-0.0911597711889779	30.0441673036761	0.193866221615956
36.375	10.7	-0.00844911557061667	1.07604010051268	-0.0998792539384111	30.0128123007516	0.193240707543507
36.525	10.7	-0.00932129670144334	1.0683815867815	-0.10943296340457	29.9817868785656	0.192542962638845
36.675	10.7	-0.0100797825460697	1.06031728119399	-0.119675668428817	29.9510994939673	0.191936173963144
36.825	10.7	-0.0104605432920493	1.05156492695088	-0.130331827441592	29.9207329059238	0.191631565366361
36.975	10.7	-0.0102651022626441	1.04182779420755	-0.141189131951407	29.8906455840565	0.191787918189885
37.125	10.7	-0.00954353361425626	1.0309934164142	-0.15246167778929	29.8607899107948	0.192365173108595
37.275	10.7	-0.0087629346607741	1.01937706080564	-0.165213177253148	29.8311474159498	0.192989652271381
37.425	10.7	-0.00885030685457962	1.00788637626346	-0.181639470560273	29.8017711434453	0.192919754516336
37.575	10.7	-0.011001745931166	0.998005830814259	-0.205039989112273	29.7728150582631	0.191198603255067
37.725	10.7	-0.0162168671573174	0.991569809093216	-0.23937784663144	29.7445259471776	0.187026506274146
37.875	10.7	-0.0246412758917095	0.990246684138331	-0.288190727547461	29.7171801071266	0.180286979286632
38.025	10.7	-0.0349333313593795	0.99437089259017	-0.352171134441968	29.6909673721481	0.172053334912496
38.175	10.7	-0.043944883807207	1.00050978726624	-0.424665942135437	29.6658546586636	0.164844092954234
38.325	10.7	-0.0469689972775504	0.998466275825089	-0.48708733867782	29.6414889336359	0.16242480217796
38.475	10.7	-0.0386399620355157	0.973132565823413	-0.513074250644222	29.6172019524639	0.169088030371587
38.625	10.7	-0.0142604165494764	0.916436151782921	-0.487697416648541	29.5921254129823	0.188591666760419
38.775	10.7	0.0289657454831904	0.837018574644593	-0.422115511247036	29.5653522860606	0.223172596386552
38.925	10.7	0.0912171258088472	0.752199335995104	-0.341675858389516	29.5360855304241	0.272973700647078
39.075	10.7	0.16989106250777	0.67489667249038	-0.266043557931272	29.5037530951494	0.335912850006216
39.225	10.7	0.259929092690596	0.610263070752938	-0.203496371810427	29.4680735910093	0.407943274152477
39.375	10.7	0.354681441971968	0.558529281140885	-0.154944035403255	29.4290672805962	0.483745153577574
39.525	10.7	0.447224125038494	0.517949096134576	-0.1183755308991	29.3870178411444	0.557779300030795
39.675	10.7	0.531716971016042	0.486354312507043	-0.0911957914729595	29.3423968953081	0.625373576812834
39.825	10.7	0.604295343555232	0.461763886109787	-0.0710900341223364	29.2957719003411	0.683436274844186
39.975	10.7	0.663262980420602	0.442554314556194	-0.0562270592482457	29.247721038254	0.730610384336482
40.125	10.7	0.70872589099531	0.427458479823972	-0.0452283645163381	29.1987714669868	0.766980712796248
40.275	10.7	0.741983708672164	0.415508865288406	-0.0370769620247872	29.1493653153901	0.793586966937731
40.425	10.7	0.764944287681814	0.405971906033987	-0.0310264959584522	29.0998487409448	0.811955430145452
40.575	10.7	0.779688330441378	0.398290453993268	-0.0265274176673517	29.0504759873129	0.823750664353103
40.725	10.7	0.788199732036916	0.39203861008195	-0.0231717230235737	29.0014211331201	0.830559785629533
40.875	10.7	0.792225864817462	0.386888149600752	-0.0206533019833427	28.9527925361284	0.83378069185397
41.025	10.7	0.793223078754325	0.382584238093352	-0.0187402306291654	28.9046471724068	0.83457846300346
41.175	10.7	0.79235194148288	0.378928042547641	-0.0172557255705291	28.8570035665092	0.833881553186304
41.325	10.7	0.790499068070763	0.375764226089426	-0.0160650998307616	28.8098528410072	0.832399254456611
41.475	10.7	0.788311908660302	0.372971785606494	-0.0150666671755535	28.7631678080147	0.830649526928242
41.625	10.7	0.786238732987653	0.37045712372555	-0.0141850942428558	28.7169101898257	0.828990986390122
41.775	10.7	0.784569238460395	0.368148606629837	-0.0133661887303587	28.671036123091	0.827655390768316
41.925	10.7	0.783472880085663	0.365992140590076	-0.0125725217529073	28.6255001361614	0.82677830406853
42.075	10.7	0.783033005370265	0.363947502621668	-0.0117795934065249	28.5802578147011	0.826426404296212
42.225	10.7	0.783275614468617	0.361985289807855	-0.0109724526248006	28.5352673883781	0.826620491574894
42.375	10.7	0.784192215946021	0.360084419797724	-0.0101427838913047	28.49049047724	0.827353772756817
42.525	10.7	0.785756823886626	0.358230139139475	-0.00928649850100334	28.4458922274089	0.828605459109301
42.675	10.7	0.787937603904872	0.356412494829813	-0.00840184785719737	28.4014410425674	0.830350083123897
42.825	10.7	0.790703989247171	0.354625213252245	-0.00748803893059787	28.3571080839964	0.832563191397736
42.975	10.7	0.794030244649472	0.352864919988951	-0.00654429707976076	28.3128666727788	0.835224195719578
43.125	10.7	0.797896472250535	0.351130629070606	-0.00556929880550478	28.2686916882978	0.838317177800428
43.275	10.7	0.802287964996003	0.349423432304231	-0.00456088890145195	28.2245590213783	0.841830371996803
43.425	10.7	0.807193658864322	0.347746327187285	-0.00351600055195916	28.1804451108975	0.845754927091457
43.575	10.7	0.812604253237992	0.346104133344549	-0.00243070913564228	28.1363265704993	0.850083402590394
43.725	10.7	0.818510388093205	0.344503460073316	-0.00130036673379712	28.0921798971002	0.854808310474564
43.875	10.7	0.824901106815505	0.342952699541295	-0.000119781384324888	28.0479812443019	0.859920885452404
44.025	10.7	0.831762704867026	0.341462029975295	0.00111657922267329	28.0037062403829	0.865410163893621
44.175	10.7	0.839077969265327	0.340043420358432	0.0024143669528553	27.9593298309046	0.871262375412262
44.325	10.7	0.84682575208633	0.33871063175062	0.00377911302745782	27.9148261289334	0.877460601669064
44.475	10.7	0.854980785541269	0.337479211287687	0.00521595995981389	27.8701682604863	0.883984628433015
44.625	10.7	0.863513633149815	0.336366472905768	0.00672935459600633	27.8253281983752	0.890810906519852
44.775	10.7	0.872390674921726	0.335391454835844	0.00832269211804844	27.7802765836906	0.897912539937381
44.925	10.7	0.881574039983135	0.334574838706821	0.00999790514686072	27.7349825404497	0.905259231986508
45.075	10.7	0.891021424683533	0.333938809750017	0.0117549995678059	27.6894134952317	0.912817139746827
45.225	10.7	0.900685765595804	0.333506833406891	0.0135915490290808	27.6435350196997	0.920548612476643
45.375	10.7	0.910514773176716	0.333303322034102	0.0155021725438578	27.5973107194084	0.928411818541373
45.525	10.7	0.920450371354152	0.333353167746355	0.0174780330627727	27.550702196699	0.936360297083322
45.675	10.7	0.930428128168314	0.333681124877691	0.0195064074571547	27.503669118053	0.944342502534651
45.825	10.7	0.94037679872651	0.334311038565939	0.021570387724727	27.4561694161444	0.952301438981208
45.975	10.7	0.950218128780961	0.33526493411808	0.0236487767645823	27.4081596531249	0.960174503024769
46.125	10.7	0.959867079053938	0.336562003366728	0.0257162372870386	27.3595955636948	0.967893663243151
46.275	10.7	0.969232621067913	0.338217546193604	0.0277437377002967	27.3104327840207	0.97538609685433
46.425	10.7	0.978219220636019	0.340241943824348	0.0296993140950783	27.2606277560139	0.982575376508815
46.575	10.7	0.986729064950587	0.342639751206528	0.0315491347502084	27.2101387772035	0.989383251960469
46.725	10.7	0.994665007879853	0.345408995348822	0.0332588170550132	27.158927146624	0.995732006303883
46.875	10.7	1.00193411529436	0.348540753323616	0.0347949122045306	27.1069583396232	1.00154729223549
47.025	10.7	1.00845160172127	0.352019058665606	0.0361264468081106	27.0542031323065	1.00676128137702
47.175	10.7	1.01414487660994	0.355821151750365	0.0372263979721726	27.0006385920518	1.01131590128795
47.325	10.7	1.01895737625959	0.359918054025542	0.0380729823112778	26.9462488556725	1.01516590100767
47.475	10.7	1.02285185405439	0.364275414020234	0.0386506592064014	26.8910256313706	1.01828148324351
47.625	10.7	1.02581283786797	0.368854550361192	0.0389507806191573	26.8349683830031	1.02065027029438
47.775	10.7	1.02784803281775	0.373613606901767	0.0389718577153446	26.7780841824129	1.0222784262542
47.925	10.7	1.02898853812463	0.378508737987105	0.0387194515951546	26.7203872439759	1.02319083049971
48.075	10.7	1.02928784480999	0.383495255561602	0.0382057258007612	26.6618981814211	1.02343027584799
48.225	10.7	1.02881967388628	0.388528690057667	0.0374487185458318	26.6026430474201	1.02305573910903
48.375	10.7	1.02767479391661	0.393565738811254	0.0364714021684105	26.5426522295694	1.02213983513329
48.525	10.7	1.02595701822309	0.398565094596032	0.0353005979446087	26.4819592816052	1.02076561457848
48.675	10.7	1.02377862522928	0.403488159562444	0.0339658093441604	26.4205997664489	1.01902290018342
48.825	10.7	1.02125547200858	0.408299655077393	0.0324980295200795	26.358610179241	1.01700437760687
48.975	10.7	1.01850208280901	0.412968136211054	0.0309285719804464	26.2960270054721	1.0148016662472
49.125	10.7	1.01562699184424	0.417466412984958	0.029287968277939	26.2328859534207	1.01250159347539
49.275	10.7	1.01272860248247	0.421771871972412	0.0276049729657154	26.1692213829611	1.01018288198598
49.425	10.7	1.00989179210496	0.425866684610641	0.0259057126757384	26.1050659358697	1.00791343368396
49.575	10.7	1.00718544296888	0.429737885255664	0.0242130111719116	26.0404503572477	1.00574835437511
49.725	10.7	1.00466101576924	0.433377304055065	0.0225459140895457	25.975403484597	1.00372881261539
49.875	10.7	1.00235220799983	0.436781347116468	0.0209194251688776	25.9099523712035	1.00188176639986
50.025	10.7	1.00027565966485	0.439950627777762	0.0193444507079459	25.844122504323	1.00022052773188
50.175	10.7	0.998432591818332	0.442889465583843	0.0178279324427691	25.7779380764758	0.998746073454665
50.325	10.7	0.996811196379945	0.44560528101529	0.0163731335994617	25.711422269905	0.997448957103956
50.475	10.7	0.995389545040512	0.448107921630799	0.014980031109503	25.6445975196271	0.99631163603241
50.625	10.7	0.994138754881084	0.450408957575452	0.013645761160932	25.5774857289491	0.995311003904868
50.775	10.7	0.993026139838649	0.45252098115114	0.0123650667393355	25.5101084221073	0.994420911870919
50.925	10.7	0.992018088955931	0.45445693743397	0.0111307049278579	25.4424868309339	0.993614471164745
51.075	10.7	0.991082441089799	0.456229502872415	0.00993378780437776	25.3746419252404	0.992865952871839
51.225	10.7	0.990190167098633	0.457850519127478	0.00876405227027331	25.3065944089044	0.992152133678906
51.375	10.7	0.989316220203817	0.459330482926853	0.00761007884617999	25.2383647144027	0.991452976163054
51.525	10.7	0.988439469728425	0.460678091823508	0.00645950455751699	25.1699730366021	0.99075157578274
51.675	10.7	0.987541690368538	0.461899852067431	0.00529929713446064	25.1014394507817	0.99003335229483
51.825	10.7	0.986605637176558	0.462999768680067	0.0041161730314814	25.0327841589119	0.989284509741247
51.975	10.7	0.985612294806157	0.463979158113774	0.00289724616361409	24.9640279010308	0.988489835844926
52.125	10.7	0.984537447811745	0.464836647687279	0.00163098399378809	24.8951925543599	0.987629958249396
52.275	10.7	0.983347776500762	0.465568448763247	0.000308519980543684	24.8263019213461	0.98667822120061
52.425	10.7	0.981996739804433	0.46616900653133	-0.00107467431121599	24.7573826796978	0.985597391843547
52.575	10.7	0.980420563261383	0.466632131907849	-0.00251681591300582	24.6884654342472	0.984336450609107
52.725	10.7	0.978534707715794	0.466952704600729	-0.00400766726178452	24.6195857747588	0.982827766172635
52.875	10.7	0.976231254135027	0.467128996580406	-0.00552643059047652	24.5507852091757	0.980985003308022
53.025	10.7	0.973377701758273	0.46716560022417	-0.00703995758398186	24.4821118126818	0.978702161406618
53.175	10.7	0.969817734585519	0.467076856308913	-0.00850160636308724	24.4136204143731	0.975854187668415
53.325	10.7	0.965374548058805	0.466890567689106	-0.00985110674374364	24.3453721408239	0.972299638447044
53.475	10.7	0.959857311011228	0.466651661568039	-0.0110157884506547	24.2774331553253	0.967885848808982
53.625	10.7	0.953071218290104	0.466425336629576	-0.0119134749218671	24.2098724789571	0.962456974632084
53.775	10.7	0.944831308620254	0.466299115369468	-0.0124572351904546	24.1427588598096	0.955865046896203
53.925	10.7	0.934979733034584	0.466383137858951	-0.0125620052172019	24.0761567712227	0.947983786427667
54.075	10.7	0.923405457862719	0.466808010725955	-0.0121528296222209	24.0101217639232	0.938724366290175
54.225	10.7	0.910064549353359	0.467719603122081	-0.0111741408274591	23.944695555008	0.928051639482687
54.375	10.7	0.894998393654386	0.469270403167389	-0.00959911789195202	23.8799013805742	0.915998714923509
54.525	10.7	0.878346721084237	0.471607449814576	-0.00743782193613874	23.8157402291317	0.902677376867389
54.675	10.7	0.860352405828729	0.474857443666845	-0.0047425961013289	23.7521885678609	0.888281924662983
54.825	10.7	0.84135587549137	0.479110366264582	-0.0016092694563337	23.689198043931	0.873084700393096
54.975	10.7	0.821778538350768	0.484403670953624	0.00182688667043743	23.6266973886848	0.857422830680614
55.125	10.7	0.802096602478266	0.490709637369528	0.0054007214091143	23.5645964139082	0.841677281982613
55.275	10.7	0.782808499475716	0.497928560174734	0.00893152030686982	23.5027916425372	0.826246799580573
55.425	10.7	0.764400306718789	0.505889881952372	0.0122402544655548	23.4411728501285	0.811520245375031
55.575	10.7	0.747313754387313	0.51436216131291	0.0151671753942848	23.3796296781963	0.79785100350985
55.725	10.7	0.731920598634526	0.523071114072729	0.01758694593362	23.3180575401567	0.785536478907621
55.875	10.7	0.718505648286713	0.53172330780306	0.0194189269136713	23.2563622458457	0.77480451862937
56.025	10.7	0.707259027128073	0.540031919294218	0.02063122200782	23.1944630536923	0.765807221702459
56.175	10.7	0.698276790157298	0.547740635257655	0.0212383471126872	23.1322941427216	0.758621432125838
56.325	10.7	0.69156807297128	0.554642359919992	0.0212935874236208	23.069804718146	0.753254458377024
56.475	10.7	0.687066602547111	0.560590659388034	0.0208779343280476	23.0069580935967	0.749653282037688
56.625	10.7	0.684644523621095	0.565503406159612	0.0200877966609545	22.9437301298384	0.747715618896876
56.775	10.7	0.684126901120034	0.569359461890463	0.0190234721423751	22.8801073747986	0.747301520896027
56.925	10.7	0.685305752225299	0.572190161098826	0.0177797990130466	22.8160851722956	0.748244601780239
57.075	10.7	0.687952905649599	0.574067735174997	0.0164397005840637	22.7516659150278	0.750362324519679
57.225	10.7	0.691831316738138	0.575092714628572	0.015070683326705	22.6868575322356	0.75346505339051
57.375	10.7	0.696704679513694	0.575381931822139	0.0137238777764552	22.6216722361475	0.757363743610955
57.525	10.7	0.702345298034007	0.575058197879859	0.0124349622757012	22.5561255080676	0.761876238427205
57.675	10.7	0.708540246154783	0.574242192284036	0.0112262574446779	22.4902352831435	0.766832196923826
57.825	10.7	0.715095888115797	0.573046671032761	0.0101093632745739	22.4240212875042	0.772076710492637
57.975	10.7	0.721840869990614	0.571572803548312	0.00908786310265599	22.3575044865238	0.777472695992491
58.125	10.7	0.728627728919679	0.569908284609287	0.00815978497115436	22.2907066129442	0.782902183135744
58.275	10.7	0.735333300773346	0.568126808595425	0.007319656936979	22.2236497544606	0.788266640618677
58.425	10.7	0.74185813225776	0.566288505951447	0.00656010336713558	22.1563559896862	0.793486505806208
58.575	10.7	0.748125116403618	0.564440995281931	0.00587300208287446	22.0888470681	0.798500093122894
58.725	10.7	0.754077569832892	0.562620774729871	0.00525026263079713	22.0211441334968	0.803262055866313
58.875	10.7	0.759676955557306	0.56085474820212	0.00468430234965046	21.9532674920443	0.807741564445845
59.025	10.7	0.764900431057186	0.559161745597841	0.0041682975500587	21.8852364259739	0.811920344845749
59.175	10.7	0.769738370340713	0.557553948328745	0.00369627878075747	21.8170690528501	0.81579069627257
59.325	10.7	0.774191974991754	0.556038171067724	0.00326312686472755	21.7487822288579	0.819353579993403
59.475	10.7	0.7782710561726	0.55461697908853	0.00286451327631586	21.6803914930259	0.82261684493808
59.625	10.7	0.78199203962196	0.553289639693359	0.00249681629198231	21.6119110480106	0.825593631697568
59.775	10.7	0.785376220392233	0.552052918146994	0.00215703401186244	21.5433537721202	0.828300976313786
59.925	10.7	0.788448274052516	0.55090173515641	0.00184270704999077	21.474731256686	0.830758619242013
60.075	10.7	0.791235016321348	0.549829705806987	0.00155185732480441	21.4060538626679	0.832988013057079
60.225	10.7	0.793764393107898	0.548829580222788	0.00128294470394779	21.3373307904367	0.835011514486319
60.375	10.7	0.796064676998919	0.547893604946989	0.00103483996809856	21.2685701569736	0.836851741599135
60.525	10.7	0.798163843504295	0.547013821789047	0.00080681038512916	21.1997790751821	0.838531074803436
60.675	10.7	0.800089100065032	0.54618231806926	0.000598512884760722	21.130963730597	0.840071280052026
60.825	10.7	0.801866541916582	0.545391439288164	0.000409989183060961	21.0621294514559	0.841493233533265
60.975	10.7	0.803520911815619	0.544633971911087	0.000241657130196345	20.9932807688591	0.842816729452496
61.125	10.7	0.805075442973324	0.543903301232019	9.42929121593381e-05	20.9244214645679	0.844060354378659
61.275	10.7	0.8065517678565	0.543193546318023	-3.10005684748987e-05	20.8555546049018	0.8452414142852
61.425	10.7	0.807969878642722	0.542499671375853	-0.000132842723668168	20.7866825601701	0.846375902914177
61.575	10.7	0.809348127847324	0.541817570533704	-0.000209643854599368	20.7178070101426	0.847478502277859
61.725	10.7	0.810703260195931	0.541144120936194	-0.000259693519402643	20.6489289372132	0.848562608156745
61.875	10.7	0.81205046905005	0.540477197426616	-0.000281266550775894	20.5800486101456	0.84964037524004
62.025	10.7	0.813403473042872	0.539815640836641	-0.000272741634917684	20.5111655625622	0.850722778434298
62.175	10.7	0.814774609880205	0.539159171878008	-0.000232723781430507	20.4422785715992	0.851819687904164
62.325	10.7	0.816174946378221	0.538508243347863	-0.000160157852997903	20.3733856433042	0.852939957102577
62.475	10.7	0.817614405959063	0.53786382557514	-5.44158893835655e-05	20.3044840122029	0.85409152476725
62.625	10.7	0.819101915982732	0.537227124534087	8.46633823162558e-05	20.2355701628312	0.855281532786186
62.775	10.7	0.820645579243157	0.536599238279901	0.000256807991916075	20.1666398806429	0.856516463394525
62.925	10.7	0.822252875298981	0.535980765872083	0.000461445951414748	20.0976883382793	0.857802300239184
63.075	10.7	0.823930897943573	0.535371393139066	0.000697963776827914	20.0287102204857	0.859144718354859
63.225	10.7	0.82568663508406	0.534769490248713	0.000966110404705001	19.9596998868447	0.860549308067248
63.375	10.7	0.827527295524489	0.53417176566662	0.00126655634486593	19.8906515660404	0.862021836419591
63.525	10.7	0.829460684255614	0.533573027004638	0.00160160293400719	19.821559568921	0.863568547404491
63.675	10.7	0.831495623266601	0.53296609936354	0.00197601831172024	19.7524185008782	0.865196498613281
63.825	10.7	0.833642409711593	0.532341943802894	0.00239795818821231	19.6832234480034	0.866913927769274
63.975	10.7	0.835913297979841	0.531690002339622	0.00287991515851809	19.6139701072496	0.868730638383873
64.125	10.7	0.838322989137861	0.530998773058268	0.00343963558525322	19.5446548294538	0.870658391310289
64.275	10.7	0.840889111609813	0.530256595055589	0.00410095267435353	19.4752745459848	0.872711289287851
64.425	10.7	0.843632682508079	0.529452606701561	0.0048945104692386	19.4058265544331	0.874906146006463
64.575	10.7	0.846578549912272	0.528577843527112	0.00585839305486749	19.3363081440945	0.877262839929818
64.725	10.7	0.849755830888541	0.527626475462618	0.00703871570309976	19.2667160443884	0.879804664710833
64.875	10.7	0.853198373142973	0.526597254729661	0.00849026043304826	19.1970456737896	0.882558698514378
65.025	10.7	0.856945271152368	0.525495353185464	0.0102772197686036	19.1272901480517	0.885556216921894
65.175	10.7	0.861041447671776	0.524334892768957	0.0124740176790445	19.0574389706923	0.888833158137421
65.325	10.7	0.865538253080845	0.523142574302198	0.0151659791378053	18.9874762764489	0.892430602464676
65.475	10.7	0.87049392274071	0.521962823723287	0.0184493120010288	18.9173784378599	0.896395138192568
65.625	10.7	0.87597355754629	0.520864717775352	0.0224294769965172	18.8471107951932	0.900778846037032
65.775	10.7	0.88204806246577	0.519950538775869	0.0272166397504629	18.7766232620291	0.905638449972616
65.925	10.7	0.888791228762436	0.519365086759624	0.0329166776909304	18.7058446351881	0.911032983009949
66.075	10.7	0.896273957858699	0.519303873228551	0.0396163724221004	18.6346756447449	0.917019166286959
66.225	10.7	0.904554630457841	0.520017200641761	0.0473621994375239	18.5629811537189	0.923643704366273
66.375	10.7	0.913664999022725	0.521806257556993	0.0561337191541303	18.4905824606782	0.93093199921818
66.525	10.7	0.92359190034521	0.525007295009945	0.0658149652286186	18.4172513109465	0.938873520276168
66.675	10.7	0.934256626286518	0.529961348051431	0.0761700250703689	18.3427078265	0.947405301029214
66.825	10.7	0.945495788021164	0.53697025773559	0.0868312848086454	18.2666248537935	0.956396630416931
66.975	10.7	0.957049405265898	0.546244641466414	0.0973091442851493	18.188640862952	0.965639524212718
67.125	10.7	0.968562792846842	0.557854493387786	0.107028950404206	18.1083822290778	0.974850234277474
67.275	10.7	0.979607543748038	0.571695770281203	0.115393980902448	18.0254934878709	0.98368603499843
67.425	10.7	0.989722974133034	0.587484252150136	0.121864178285827	17.9396714854195	0.991778379306427
67.575	10.7	0.998473425129963	0.604780772388421	0.126032904450557	17.8506972340201	0.99877874010397
67.725	10.7	1.00551077040367	0.623042296141023	0.127682596170442	17.758458832042	1.00440861632293
67.875	10.7	1.01062796872195	0.641685877501545	0.126806391796768	17.6629605188341	1.00850237497756
68.025	10.7	1.0137904526083	0.660150641170227	0.123593628214009	17.5643163125935	1.01103236208664
68.175	10.7	1.01513761259109	0.677946539501325	0.118387147693526	17.4627304201971	1.01211009007287
68.325	10.7	1.01495462061375	0.694684802550855	0.111625606147028	17.3584693526305	1.011963696491
68.475	10.7	1.01362231288181	0.710090473400189	0.10378391606289	17.2518316799755	1.01089785030545
68.625	10.7	1.01155733317623	0.724000550543557	0.0953215885689547	17.1431206726891	1.00924586654098
68.775	10.7	1.00915528972005	0.736352150354643	0.0866444651337468	17.0326233110553	1.00732423177604
68.925	10.7	1.00674691801142	0.74716471112096	0.078081632100585	16.9205970634192	1.00539753440913
69.075	10.7	1.00457264473405	0.756519490329534	0.0698766361824661	16.8072640435289	1.00365811578724
69.225	10.7	1.00277610435517	0.764538911767151	0.062190384229961	16.6928109855335	1.00222088348413
69.375	10.7	1.00141330063896	0.771367743776898	0.0551121668143695	16.5773929844259	1.00113064051117
69.525	10.7	1.00047189860631	0.777157514177858	0.0486750193727931	16.4611390204934	1.00037751888504
69.675	10.7	0.99989467058577	0.782054920223507	0.0428720492002136	16.3441577126593	0.999915736468616
69.825	10.7	0.999602039549384	0.786194327320178	0.0376712328338665	16.2265423140167	0.999681631639507
69.975	10.7	0.999510356692094	0.789693893045774	0.03302725413112	16.1083745042596	0.999608285353675
70.125	10.7	0.999544397630843	0.792654506456113	0.0288899348308057	15.9897269464779	0.999635518104675
70.275	10.7	0.999644101012428	0.795160622962697	0.0252095240009915	15.8706648247627	0.999715280809942
70.425	10.7	0.999766574142672	0.797282155365452	0.0219395037034543	15.7512466788096	0.999813259314138
70.575	10.7	0.999884832451112	0.799076769988882	0.0190376795085745	15.6315248436311	0.999907865960889
70.725	10.7	0.999984740059446	0.800592154946373	0.0164662494335572	15.5115457344361	0.999987792047557
70.875	10.7	1.00006134822241	0.80186802189772	0.014191379679308	15.3913501291954	1.00004907857793
71.025	10.7	1.00011544837173	0.802937748141782	0.0121826332905991	15.2709735214739	1.00009235869738
71.175	10.7	1.00015078516627	0.803829658850616	0.0104124415266747	15.1504465572362	1.00012062813301
71.325	10.7	1.00017207921422	0.804567998110502	0.00885569466218888	15.0297955344449	1.00013766337138
71.475	10.7	1.00018381222721	0.805173654938234	0.00748945951548335	14.9090429299063	1.00014704978177
71.625	10.7	1.00018962314181	0.805664708913558	0.00629279683278636	14.7882079177454	1.00015169851345
71.775	10.7	1.00019213091698	0.806056849213366	0.00524664159429816	14.6673068517543	1.00015370473358
71.925	10.7	1.00019301286173	0.80636370719288	0.00433371301804296	14.5463536945176	1.00015441028938
72.075	10.7	1.00019320373939	0.806597129992668	0.00353843063761355	14.4253603863012	1.00015456299151
72.225	10.7	1.00019312367727	0.806767412631516	0.00284682322960748	14.3043371544594	1.00015449894182
72.375	10.7	1.00019288165834	0.806883499013848	0.00224642588576774	14.1832927690559	1.00015430532667
72.525	10.7	1.00019243113263	0.806953157856159	0.001726166228288	14.0622347527847	1.00015394490611
72.675	10.7	1.00019167400684	0.806983137060071	0.00127624377512742	13.9411695537549	1.00015333920547
72.825	10.7	1.00019052019212	0.806979298859806	0.000888007403068642	13.8201026889732	1.0001524161537
72.975	10.7	1.00018891426022	0.806946737602651	0.000553835474921834	13.6990388650432	1.00015113140818
73.125	10.7	1.00018684093893	0.806889881896671	0.000267022153598848	13.577982081142	1.00014947275114
73.275	10.7	1.00018431916514	0.806812582846241	2.16721952734376e-05	13.4569357180057	1.00014745533211
73.425	10.7	1.00018139163878	0.806718190074259	-0.000187394610697417	13.3359026155874	1.00014511331103
73.575	10.7	1.0001781141603	0.806609617156402	-0.000364729069272111	13.2148851412614	1.00014249132824
73.725	10.7	1.0001745469179	0.806489397965702	-0.00051432859588796	13.0938852499177	1.00013963753432
73.875	10.7	1.0001707484353	0.806359735263226	-0.00063970430375949	12.972904536952	1.00013659874824
74.025	10.7	1.00016677203495	0.806222542694323	-0.000743940015866481	12.8519442849548	1.00013341762796
74.175	10.7	1.00016266427411	0.806079481176751	-0.000829744096340763	12.7310055047865	1.00013013141929
74.325	10.7	1.00015846471508	0.805931990508473	-0.00089949495842614	12.6100889716515	1.00012677177207
74.475	10.7	1.00015420646254	0.805781316887066	-0.00095528102950068	12.4891952567329	1.00012336517003
74.625	10.7	1.00014991704201	0.805628536916971	-0.000998935863017623	12.3683247549047	1.00011993363361
74.775	10.7	1.00014561934259	0.80547457858759	-0.00103206899835843	12.2474777089916	1.00011649547407
74.925	10.7	1.00014133247202	0.805320239629186	-0.00105609308923772	12.1266542310034	1.00011306597762
75.075	10.7	1.00013707246171	0.805166203591459	-0.00107224775284546	12.0058543207214	1.00010965796937
75.225	10.7	1.000132852815	0.805013053940112	-0.00108162053317011	11.8850778819699	1.000106282252
75.375	10.7	1.00012868492049	0.80486128642495	-0.00108516532409539	11.7643247368668	1.00010294793639
75.525	10.7	1.00012457836187	0.804711319938637	-0.00108371855577317	11.6435946383037	1.0000996626895
75.675	10.7	1.00012054115508	0.804563506055897	-0.0010780134127613	11.5228872808769	1.00009643292407
75.825	10.7	1.00011657993741	0.804418137418574	-0.00106869232125229	11.4022023104595	1.00009326394993
75.975	10.7	1.00011270012603	0.804275455109225	-0.00105631791517265	11.2815393325793	1.00009016010083
76.125	10.7	1.0001089060569	0.804135655138946	-0.00104138266672932	11.1608979197473	1.00008712484552
76.275	10.7	1.00010520111	0.803998894157666	-0.00102431734479702	11.0402776178621	1.000084160888
76.425	10.7	1.00010158782397	0.80386529448217	-0.00100549844529072	10.9196779517999	1.00008127025918
76.575	10.7	1.00009806800102	0.803734948524436	-0.000985254719924188	10.7990984302884	1.00007845440082
76.725	10.7	1.00009464280248	0.803607922692573	-0.000963872914564021	10.6785385501476	1.00007571424198
76.875	10.7	1.00009131283509	0.803484260828025	-0.000941602814335391	10.557997799974	1.00007305026807
77.025	10.7	1.00008807822825	0.803363987233764	-0.000918661680855964	10.4374756633342	1.0000704625826
77.175	10.7	1.00008493870254	0.803247109342538	-0.000895238156176293	10.316971621525	1.00006795096203
77.325	10.7	1.00008189363013	0.803133620067465	-0.000871495698761105	10.1964851559528	1.0000655149041
77.475	10.7	1.00007894208788	0.803023499872464	-0.000847575608533578	10.0760157501774	1.00006315367031
77.625	10.7	1.00007608290378	0.802916718595324	-0.000823599691334117	9.95556289165946	1.00006086632302
77.775	10.7	1.00007331469751	0.802813237052307	-0.000799672606209692	9.83512607324832	1.00005865175801
77.925	10.7	1.00007063591592	0.802713008449867	-0.000775883934232731	9.71470479444044	1.00005650873273
78.075	10.7	1.00006804486394	0.80261597962578	-0.000752310002373075	9.59429856243656	1.00005443589115
78.225	10.7	1.00006553973163	0.802522092139487	-0.000729015491823641	9.47390689302192	1.0000524317853
78.375	10.7	1.0000631186177	0.802431283229216	-0.000706054856729851	9.35352931129102	1.00005049489416
78.525	10.7	1.00006077955009	0.802343486651027	-0.000683473575992696	9.23316535223621	1.00004862364007
78.675	10.7	1.00005852050381	0.802258633413837	-0.00066130925795345	9.11281456121673	1.00004681640305
78.825	10.7	1.00005633941653	0.802176652421844	-0.000639592615563601	8.99247649432336	1.00004507153322
78.975	10.7	1.00005423420205	0.802097471035537	-0.000618348327296058	8.87215071865175	1.00004338736164
79.125	10.7	1.00005220276194	0.802021015560411	-0.000597595797286771	8.75183681249618	1.00004176220956
79.275	10.7	1.00005024299568	0.801947211671772	-0.00057734982660158	8.63153436547405	1.00004019439654
79.425	10.7	1.00004835280919	0.801875984782983	-0.000557621206044861	8.51124297859025	1.00003868224735
79.575	10.7	1.00004653012234	0.801807260363736	-0.000538417239657983	8.39096226424958	1.00003722409787
79.725	10.7	1.00004477287519	0.801740964214084	-0.000519742206987569	8.2706918462242	1.00003581830015
79.875	10.7	1.00004307903332	0.801677022699463	-0.000501597771317995	8.15043135958266	1.00003446322666
80.025	10.7	1.00004144659233	0.801615362950992	-0.000483983339982744	8.03018045058587	1.00003315727387
80.175	10.7	1.00003987358156	0.801555913035491	-0.000466896382475007	7.90993877655514	1.00003189886525
80.325	10.7	1.00003835806717	0.801498602098397	-0.000450332711041591	7.78970600571653	1.00003068645374
80.475	10.7	1.00003689815464	0.80144336048304	-0.000434286728249912	7.66948181702539	1.00002951852371
80.625	10.7	1.00003549199076	0.801390119828925	-0.000418751645153783	7.54926589997449	1.00002839359261
80.775	10.7	1.00003413776523	0.801338813151581	-0.000403719673584692	7.4290579543887	1.00002731021218
80.925	10.7	1.00003283371177	0.801289374906296	-0.000389182195357621	7.30885769020889	1.00002626696941
81.075	10.7	1.00003157810901	0.801241741037466	-0.000375129911208437	7.18866482726734	1.00002526248721
81.225	10.7	1.00003036928102	0.801195849015602	-0.000361552971643586	7.0684790950566	1.00002429542482
81.375	10.7	1.00002920559762	0.801151637863323	-0.000348441091771534	6.94830023249378	1.0000233644781
81.525	10.7	1.00002808547447	0.801109048171822	-0.000335783652042827	6.82812798768156	1.00002246837958
81.675	10.7	1.00002700737293	0.801068022108989	-0.000323569786359877	6.70796211766751	1.00002160589834
81.825	10.7	1.0000259697998	0.801028503420364	-0.000311788459104493	6.58780238820276	1.00002077583984
81.975	10.7	1.00002497130692	0.800990437423699	-0.00030042853230565	6.46764857350104	1.00001997704553
82.125	10.7	1.0000240104906	0.800953770998243	-0.000289478824042555	6.34750045599912	1.00001920839248
82.275	10.7	1.00002308599102	0.800918452569217	-0.000278928159108973	6.2273578261192	1.00001846879282
82.425	10.7	1.00002219649149	0.800884432088395	-0.000268765412875868	6.10722048203406	1.00001775719319
82.575	10.7	1.00002134071775	0.800851661011293	-0.000258979548975795	5.98708822943549	1.0000170725742
82.725	10.7	1.00002051743717	0.800820092271402	-0.000249559651712138	5.86696088130646	1.00001641394974
82.875	10.7	1.00001972545796	0.800789680252087	-0.000240494953629172	5.74683825769736	1.00001578036637
83.025	10.7	1.0000189636282	0.800760380756439	-0.000231774858900633	5.62672018550684	1.00001517090256
83.175	10.7	1.00001823083472	0.800732150975564	-0.000223388962966062	5.50660649826724	1.00001458466778
83.325	10.7	1.00001752600178	0.800704949455481	-0.000215327068875885	5.38649703593518	1.00001402080143
83.475	10.7	1.00001684808981	0.800678736063133	-0.000207579200708889	5.26639164468721	1.00001347847184
83.625	10.7	1.00001619609429	0.800653471951551	-0.000200135614381157	5.14629017672083	1.00001295687543
83.775	10.7	1.00001556904555	0.80062911952438	-0.000192986806173338	5.02619249006078	1.00001245523644
83.925	10.7	1.00001496600933	0.800605642400047	-0.000186123519220046	4.90609844837079	1.00001197280746
84.075	10.7	1.00001438608782	0.800583005375372	-0.000179536748153811	4.78600792077054	1.00001150887026
84.225	10.7	1.00001382841972	0.80056117438915	-0.000173217742171021	4.66592078165804	1.00001106273577
84.375	10.7	1.00001329217688	0.800540116485709	-0.000167158006612933	4.54583691053762	1.00001063374151
84.525	10.7	1.00001277655615	0.800519799779268	-0.000161349303250016	4.4257561918538	1.00001022124492
84.675	10.7	1.00001228076731	0.800500193419129	-0.000155783649353067	4.30567851483162	1.00000982461385
84.825	10.7	1.00001180402366	0.800481267556245	-0.000150453315689335	4.18560377332324	1.00000944321893
84.975	10.7	1.00001134554659	0.800462993309993	-0.000145350823457807	4.06553186566009	1.00000907643727
85.125	10.7	1.00001090459574	0.800445342733642	-0.000140468940271848	3.94546269450858	1.00000872367659
85.275	10.7	1.00001048052486	0.800428288776239	-0.000135800675112848	3.82539616672686	1.00000838441989
85.425	10.7	1.00001007283854	0.800411805240056	-0.000131339272342355	3.70533219322119	1.00000805827084
85.575	10.7	1.00000968119393	0.800395866736407	-0.000127078204689518	3.58527068880457	1.00000774495514
85.725	10.7	1.00000930527868	0.800380448648177	-0.00012301116512822	3.46521157206606	1.00000744422294
85.875	10.7	1.00000894453549	0.800365527111317	-0.000119132057634167	3.34515476526409	1.0000071556284
86.025	10.7	1.0000085978188	0.800351079023899	-0.000115434986637221	3.22510019425428	1.00000687825504
86.175	10.7	1.00000826323969	0.800337082075162	-0.000111914245119201	3.10504778844594	1.00000661059175
86.325	10.7	1.00000793857818	0.800323514758333	-0.000108564301058642	2.98499748075092	1.00000635086254
86.475	10.7	1.00000762253981	0.80031035630363	-0.000105379781863367	2.86494920745716	1.00000609803185
86.625	10.7	1.00000731663527	0.800297586469811	-0.000102355456189963	2.74490290795621	1.00000585330821
86.775	10.7	1.00000702658065	0.800285185197862	-9.94862123053233e-05	2.6248585243183	1.00000562126452
86.925	10.7	1.00000676125925	0.800273132269789	-9.67670320650523e-05	2.50481600085494	1.0000054090074
87.075	10.7	1.00000652732694	0.80026140728228	-9.41929598111312e-05	2.38477528399569	1.00000522186155
87.225	10.7	1.0000063195255	0.800249990306412	-9.1759066175079e-05	2.26473632289488	1.0000050556204
87.375	10.7	1.00000611107723	0.800238863373484	-8.94604076830822e-05	2.1446990709709	1.00000488886179
87.525	10.7	1.00000585372906	0.800228012278162	-8.72919835744825e-05	2.02466348791169	1.00000468298324
87.675	10.7	1.00000549904079	0.800217427258345	-8.52486900824193e-05	1.90462954066437	1.00000439923263
87.825	10.7	1.00000504555227	0.800207100473648	-8.33252685702572e-05	1.78459720114811	1.00000403644182
87.975	10.7	1.00000459653808	0.800197018843301	-8.15162371396933e-05	1.66456643894175	1.00000367723046
88.125	10.7	1.00000438417393	0.800187153627552	-7.98157887541256e-05	1.54453721005429	1.00000350733914
88.275	10.7	1.00000469576522	0.800177452994307	-7.82176391906897e-05	1.42450944809831	1.00000375661218
88.425	10.7	1.00000565662631	0.800167848366579	-7.67148246159848e-05	1.30448306945917	1.00000452530105
88.575	10.7	1.00000691076056	0.800158284737282	-7.52994877818823e-05	1.18445800426069	1.00000552860845
88.725	10.7	1.00000739091397	0.800148773736127	-7.3962746984569e-05	1.06443425375955	1.00000591273117
88.875	10.7	1.000005512599	0.800139444259055	-7.26947838118535e-05	0.944411949543313	1.0000044100792
89.025	10.7	1.00000011237277	0.800130537387899	-7.14852630021558e-05	0.824391358468784	1.00000008989822
89.175	10.7	0.999992103272786	0.800122282846905	-7.03240624541538e-05	0.704372763200586	0.999993682618229
89.325	10.7	0.999986080438805	0.800114635149002	-6.92020563518923e-05	0.584356186327581	0.999988864351044
89.475	10.7	0.999990233428331	0.800106959414171	-6.81115056748557e-05	0.464341041755078	0.999992186742664
89.625	10.7	1.00001260803631	0.800097914688469	-6.70457764233642e-05	0.344325969941257	1.00001008642905
89.775	10.7	1.00005299822787	0.800075278078742	-6.59989887514929e-05	0.224309242154059	1.00004239858229
89.925	10.7	1.00009318944199	0.400095614186929	-6.49716982919507e-05	0.10429320617049	1.00007455155359
0.075	10.9	2.68960560774898e-30	0.399999399468933	-8.47405025776204e-06	36.0880572528145	0.2
0.225	10.9	1.5228904927056e-30	0.799998197513549	-8.48673113047956e-06	36.0640572888463	0.2
0.375	10.9	2.24482528727331e-30	0.799996992875889	-8.51211642309767e-06	36.0400573609637	0.2
0.525	10.9	-5.08686459226652e-30	0.799995783762135	-8.55025361183646e-06	36.0160574692738	0.2
0.675	10.9	-7.41348188815995e-30	0.799994568369995	-8.60121366352495e-06	35.992057613938	0.2
0.825	10.9	-2.22518540324641e-29	0.799993344885085	-8.66509110490518e-06	35.9680577951716	0.2
0.975	10.9	-2.30191980577601e-29	0.799992111477036	-8.7420037094568e-06	35.9440580132448	0.2
1.125	10.9	-3.35838154591743e-29	0.799990866297585	-8.83209395396156e-06	35.920058268483	0.2
1.275	10.9	-1.22023534001097e-29	0.799989607475149	-8.93552688159519e-06	35.896058561267	0.2
1.425	10.9	6.3192221806537e-30	0.799988333113174	-9.05249124144625e-06	35.8720588920345	0.2
1.575	10.9	7.21289043182679e-29	0.799987041285958	-9.18319987474093e-06	35.8480592612802	0.2
1.725	10.9	1.24074852761651e-28	0.799985730035217	-9.32788880700488e-06	35.8240596695573	0.2
1.875	10.9	2.06372580262279e-28	0.799984397366935	-9.48681776010526e-06	35.8000601174781	0.2
2.025	10.9	2.15269845198262e-28	0.799983041247159	-9.66027037722311e-06	35.7760606057153	0.2
2.175	10.9	1.89643462077495e-28	0.799981659600874	-9.84855421247669e-06	35.7520611350033	0.2
2.325	10.9	-8.42779816652343e-31	0.799980250306323	-1.00520003377562e-05	35.7280617061392	0.2
2.475	10.9	-2.70169528641973e-28	0.799978811191433	-1.02709645444172e-05	35.7040623199849	0.2
2.625	10.9	-7.01940067114911e-28	0.799977340033285	-1.05058269770696e-05	35.6800629774677	0.2
2.775	10.9	-1.06618120506806e-27	0.799975834551248	-1.07569921108836e-05	35.6560636795829	0.2
2.925	10.9	-1.33159639823332e-27	0.799974292405264	-1.10248898649523e-05	35.6320644273947	0.2
3.075	10.9	-1.11180197426475e-27	0.799972711192636	-1.13099752406983e-05	35.6080652220386	0.2
3.225	10.9	-3.81166900233622e-28	0.79997108844316	-1.16127293978193e-05	35.5840660647231	0.2
3.375	10.9	1.14122986401816e-27	0.799969421616479	-1.19336597576122e-05	35.560066956732	0.2
3.525	10.9	3.05729905611101e-27	0.799967708097678	-1.2273300823159e-05	35.5360678994261	0.2
3.675	10.9	5.0946666156214e-27	0.799965945194467	-1.2632214158284e-05	35.5120688942461	0.2
3.825	10.9	6.10456847972674e-27	0.799964130132094	-1.30109905764754e-05	35.4880699427145	0.2
3.975	10.9	5.34934599740985e-27	0.799962260049461	-1.34102490401068e-05	35.4640710464382	0.2
4.125	10.9	1.63297561164937e-27	0.79996033199663	-1.38306392994636e-05	35.4400722071115	0.2
4.275	10.9	-4.77717087401479e-27	0.799958342928418	-1.42728411445072e-05	35.4160734265184	0.2
4.425	10.9	-1.31420637858288e-26	0.799956289700543	-1.47375668690053e-05	35.3920747065358	0.2
4.575	10.9	-2.02570303694037e-26	0.799954169066725	-1.52255612342937e-05	35.3680760491364	0.2
4.725	10.9	-2.26764716647301e-26	0.799951977671315	-1.57376029958174e-05	35.3440774563918	0.2
4.875	10.9	-1.5786672107171e-26	0.799949712047121	-1.6274506479114e-05	35.3200789304761	0.2
5.025	10.9	1.7726432159197e-27	0.799947368607574	-1.68371221021287e-05	35.296080473669	0.2
5.175	10.9	2.82795824410653e-26	0.799944943644908	-1.74263381305767e-05	35.2720820883596	0.2
5.325	10.9	5.42229676244672e-26	0.799942433320666	-1.80430817318831e-05	35.2480837770503	0.2
5.475	10.9	6.59755502912013e-26	0.799939833664009	-1.86883212233132e-05	35.2240855423604	0.2
5.625	10.9	4.62461879020094e-26	0.799937140563106	-1.93630664625052e-05	35.2000873870304	0.2
5.775	10.9	-1.35668994951289e-26	0.799934349759981	-2.00683714371516e-05	35.1760893139266	0.2
5.925	10.9	-1.06820422287229e-25	0.799931456844811	-2.0805335380162e-05	35.1520913260448	0.2
6.075	10.9	-1.97056591060177e-25	0.799928457248472	-2.15751043304501e-05	35.1280934265159	0.2
6.225	10.9	-2.2255880338136e-25	0.79992534623593	-2.23788736662881e-05	35.1040956186099	0.2
6.375	10.9	-1.05442411838392e-25	0.799922118899541	-2.32178892079222e-05	35.0800979057417	0.2
6.525	10.9	2.04842701415362e-25	0.799918770151027	-2.40934494289665e-05	35.056100291476	0.2
6.675	10.9	6.84895886605573e-25	0.799915294714904	-2.500690783613e-05	35.0321027795327	0.2
6.825	10.9	1.17373430712892e-24	0.799911687119843	-2.59596741359328e-05	35.0081053737931	0.2
6.975	10.9	1.35866373910381e-24	0.799907941689981	-2.69532169354436e-05	34.9841080783055	0.2
7.125	10.9	8.14255924255145e-25	0.799904052537105	-2.79890664851737e-05	34.9601108972917	0.2
7.275	10.9	-8.27955404017969e-25	0.799900013552246	-2.9068815992248e-05	34.9361138351533	0.2
7.425	10.9	-3.62218455559864e-24	0.799895818395252	-3.01941245523549e-05	34.9121168964785	0.2
7.575	10.9	-6.96856403562577e-24	0.799891460486389	-3.13667191014067e-05	34.8881200860495	0.2
7.725	10.9	-9.38352088172897e-24	0.799886932995472	-3.25883982415193e-05	34.8641234088494	0.2
7.875	10.9	-8.52391455051109e-24	0.799882228831871	-3.3861032577932e-05	34.8401268700698	0.2
8.025	10.9	-1.75938103066585e-24	0.799877340635064	-3.51865701908829e-05	34.8161304751194	0.2
8.175	10.9	1.26366897892121e-23	0.79987226076133	-3.65670366788123e-05	34.7921342296317	0.2
8.325	10.9	3.36667305954817e-23	0.799866981274529	-3.80045407953954e-05	34.7681381394738	0.2
8.475	10.9	5.56801683713539e-23	0.799861493932848	-3.9501274688129e-05	34.7441422107552	0.2
8.625	10.9	6.71335869482968e-23	0.799855790177041	-4.105951883719e-05	34.7201464498378	0.2
8.775	10.9	5.14685461819112e-23	0.799849861117611	-4.2681644663349e-05	34.6961508633446	0.2
8.925	10.9	-8.51184573863009e-24	0.799843697520695	-4.43701179459704e-05	34.6721554581707	0.2
9.075	10.9	-1.21638855256373e-22	0.799837289797062	-4.61275016703835e-05	34.6481602414934	0.2
9.225	10.9	-2.75395533509443e-22	0.799830627984076	-4.79564601565619e-05	34.6241652207829	0.2
9.375	10.9	-4.22248298670012e-22	0.799823701734226	-4.98597624411986e-05	34.6001704038143	0.2
9.525	10.9	-4.72775899768212e-22	0.799816500298834	-5.18402850992166e-05	34.5761757986789	0.2
9.675	10.9	-3.06425418251607e-22	0.799809012511349	-5.39010180103818e-05	34.5521814137964	0.2
9.825	10.9	1.88583265530116e-22	0.799801226772192	-5.6045065469322e-05	34.5281872579282	0.2
9.975	10.9	1.04149709515725e-21	0.79979313103201	-5.82756534201285e-05	34.5041933401901	0.2
10.125	10.9	2.10298117043057e-21	0.799784712773537	-6.05961306026815e-05	34.4801996700663	0.2
10.275	10.9	2.96421296882749e-21	0.799775958993135	-6.30099747214651e-05	34.4562062574237	0.2
10.425	10.9	2.954892913202e-21	0.799766856183283	-6.55207957064258e-05	34.4322131125267	0.2
10.575	10.9	1.29566000867174e-21	0.799757390312755	-6.81323409316918e-05	34.4082202460527	0.2
10.725	10.9	-2.54502766435371e-21	0.799747546806119	-7.08484994900721e-05	34.3842276691079	0.2
10.875	10.9	-8.31749037408371e-21	0.799737310523931	-7.36733056847542e-05	34.3602353932443	0.2
11.025	10.9	-1.4440886285086e-20	0.799726665740535	-7.6610946084007e-05	34.3362434304765	0.2
11.175	10.9	-1.77466476375821e-20	0.799715596122414	-7.96657621846885e-05	34.3122517932999	0.2
11.325	10.9	-1.39252128194695e-20	0.799704084705097	-8.28422569046407e-05	34.2882604947091	0.2
11.475	10.9	9.72645119640675e-22	0.799692113871283	-8.61450985879041e-05	34.2642695482175	0.2
11.625	10.9	2.79383195933972e-20	0.799679665323228	-8.95791264698799e-05	34.2402789678769	0.2
11.775	10.9	6.18749320184585e-20	0.799666720061346	-9.31493559410041e-05	34.2162887682981	0.2
11.925	10.9	8.92931266253939e-20	0.799653258355849	-9.68609834553108e-05	34.1922989646732	0.2
12.075	10.9	8.88789960123116e-20	0.799639259720972	-0.000100719392330792	34.1683095727968	0.2
12.225	10.9	3.70869869793353e-20	0.79962470288795	-0.000104730157117416	34.1443206090899	0.2
12.375	10.9	-8.01708681864814e-20	0.799609565776066	-0.00010889905066663	34.1203320906235	0.2
12.525	10.9	-2.51242497770389e-19	0.799593825464904	-0.000113232047672401	34.0963440351433	0.2
12.675	10.9	-4.23364990750245e-19	0.799577458162073	-0.000117735330271836	34.0723564610956	0.2
12.825	10.9	-4.97845543860844e-19	0.799560439175034	-0.000122415294819174	34.0483693876536	0.2
12.975	10.9	-3.47697912496363e-19	0.799542742878163	-0.00012727855554779	34.0243828347451	0.2
13.125	10.9	1.33230468455131e-19	0.799524342680933	-0.000132331950258387	34.0003968230809	0.2
13.275	10.9	9.50935800491711e-19	0.799505210994253	-0.000137582545306846	33.9764113741843	0.2
13.425	10.9	1.92174509447195e-18	0.799485319197447	-0.000143037640785087	33.9524265104213	0.2
13.575	10.9	2.61552557638292e-18	0.799464637601889	-0.000148704774537939	33.9284422550324	0.2
13.725	10.9	2.39261036507787e-18	0.799443135416952	-0.000154591727309256	33.9044586321652	0.2
13.875	10.9	5.93428987437306e-19	0.799420780713714	-0.00016070652623237	33.8804756669074	0.2
14.025	10.9	-3.0975975742262e-18	0.799397540386	-0.000167057449332734	33.8564933853223	0.2
14.175	10.9	-8.17468155420793e-18	0.799373380115671	-0.000173653028089779	33.8325118144842	0.2
14.325	10.9	-1.28979885360671e-17	0.799348264331124	-0.000180502050899413	33.8085309825154	0.2
14.475	10.9	-1.42393059785358e-17	0.799322156170831	-0.000187613565244718	33.7845509186244	0.2
14.625	10.9	-8.52418596525634e-18	0.799295017443561	-0.000194996879333505	33.7605716531451	0.2
14.775	10.9	7.00343186713564e-18	0.799266808586682	-0.000202661562549251	33.7365932175778	0.2
14.925	10.9	3.18068289582429e-17	0.79923748862812	-0.000210617446511036	33.7126156446299	0.2
15.075	10.9	5.95479500155668e-17	0.799207015144824	-0.000218874623105191	33.6886389682601	0.2
15.225	10.9	7.67751246044394e-17	0.799175344222375	-0.000227443443202185	33.6646632237213	0.2
15.375	10.9	6.45847889419625e-17	0.799142430415045	-0.000236334512382032	33.6406884476067	0.2
15.525	10.9	4.84057246541875e-18	0.799108226703334	-0.000245558687031211	33.6167146778964	0.2
15.675	10.9	-1.08738853125244e-16	0.799072684457163	-0.000255127067048591	33.5927419540045	0.2
15.825	10.9	-2.56847238155193e-16	0.799035753393579	-0.00026505098840402	33.5687703168289	0.2
15.975	10.9	-3.83854922580982e-16	0.798997381539362	-0.00027534201178557	33.5447998088009	0.2
16.125	10.9	-3.98795275285688e-16	0.798957515192365	-0.000286011910291643	33.5208304739366	0.2
16.275	10.9	-1.97493954105643e-16	0.79891609888627	-0.000297072654112122	33.4968623578894	0.2
16.425	10.9	2.88864960362595e-16	0.798873075355667	-0.000308536391675247	33.4728955080034	0.2
16.575	10.9	1.02411824940479e-15	0.798828385501263	-0.000320415428291976	33.448929973368	0.200000000000001
16.725	10.9	1.79849294092464e-15	0.798781968362781	-0.000332722199677037	33.4249658048733	0.200000000000001
16.875	10.9	2.2011794143624e-15	0.79873376108934	-0.000345469244040395	33.4010030552663	0.200000000000002
17.025	10.9	1.68485432525932e-15	0.798683698915124	-0.00035866916605711	33.377041779208	0.200000000000001
17.175	10.9	-2.36721973518192e-16	0.798631715141063	-0.000372334596883567	33.3530820333314	0.2
17.325	10.9	-3.65825541844415e-15	0.798577741117687	-0.000386478150792552	33.3291238762995	0.199999999999997
17.475	10.9	-7.89610661134657e-15	0.798521706236217	-0.000401112370179007	33.3051673688643	0.199999999999994
17.625	10.9	-1.12187056179336e-14	0.798463537923226	-0.000416249668066013	33.2812125739253	0.199999999999991
17.775	10.9	-1.09477734918924e-14	0.798403161645864	-0.000431902259148053	33.2572595565889	0.199999999999991
17.925	10.9	-4.18660486913493e-15	0.798340500920514	-0.000448082084172565	33.2333083842266	0.199999999999997
18.075	10.9	1.07098521155965e-14	0.798275477335111	-0.000464800720555448	33.2093591265337	0.200000000000009
18.225	10.9	3.21350389417528e-14	0.798208010579847	-0.000482069286402506	33.1854118555865	0.200000000000026
18.375	10.9	5.33944435388883e-14	0.79813801848853	-0.000499898327320437	33.1614666458989	0.200000000000043
18.525	10.9	6.22187468506419e-14	0.798065417097252	-0.000518297690985133	33.1375235744771	0.20000000000005
18.675	10.9	4.30438831730916e-14	0.797990120713386	-0.000537276385815269	33.113582720873	0.200000000000034
18.825	10.9	-1.69055178095116e-14	0.79791204200533	-0.000556842422032553	33.0896441672343	0.199999999999986
18.975	10.9	-1.17984940123324e-13	0.797831092110989	-0.000577002631148743	33.0657079983527	0.199999999999906
19.125	10.9	-2.37441009263313e-13	0.797747180767391	-0.000597762466097134	33.0417743017077	0.19999999999981
19.275	10.9	-3.22852590827164e-13	0.797660216463657	-0.000619125773625413	33.0178431675067	0.199999999999742
19.425	10.9	-2.9690735311401e-13	0.797570106624148	-0.000641094541654642	32.9939146887199	0.199999999999762
19.575	10.9	-8.03395531973852e-14	0.797476757820969	-0.000663668613717233	32.9699889611093	0.199999999999936
19.725	10.9	3.64717180785925e-13	0.797380076021051	-0.000686845370088665	32.9460660832507	0.200000000000292
19.875	10.9	9.78393762931458e-13	0.797279966872694	-0.000710619370450849	32.922146156548	0.200000000000783
20.025	10.9	1.55479155703577e-12	0.797176336035198	-0.000734981951897389	32.8982292852382	0.200000000001244
20.175	10.9	1.73583200564352e-12	0.7970690895577	-0.000759920780875663	32.8743155763856	0.200000000001389
20.325	10.9	1.0860818493653e-12	0.796958134313143	-0.000785419350616922	32.8504051398643	0.200000000000869
20.475	10.9	-7.25876990833307e-13	0.796843378491367	-0.000811456417153377	32.8264980883266	0.199999999999419
20.625	10.9	-3.6527520650318e-12	0.796724732163838	-0.000838005369216372	32.802594537155	0.199999999997078
20.775	10.9	-6.97746442933247e-12	0.796602107922153	-0.000865033523488994	32.7786946043975	0.199999999994418
20.925	10.9	-9.15617270491808e-12	0.796475421603729	-0.000892501332798727	32.754798410681	0.199999999992675
21.075	10.9	-7.99599659535951e-12	0.796344593113771	-0.000920361501730372	32.730906079103	0.199999999993603
21.225	10.9	-1.34707490822753e-12	0.796209547352616	-0.000948557995506254	32.7070177350957	0.199999999998922
21.375	10.9	1.16507670707848e-11	0.796070215267937	-0.000977024929479277	32.6831335062621	0.200000000009321
21.525	10.9	2.90043650613168e-11	0.795926535036043	-0.00100568532636499	32.6592535221774	0.200000000023204
21.675	10.9	4.45998772719535e-11	0.795778453399332	-0.0010344497254637	32.6353779141544	0.20000000003568
21.825	10.9	4.81893431703195e-11	0.795625927168376	-0.00106321462550735	32.6115068149649	0.200000000038551
21.975	10.9	2.76832509504555e-11	0.79546892491494	-0.00109186074309417	32.5876403585151	0.200000000022147
22.125	10.9	-2.56133226546351e-11	0.795307428871252	-0.00112025106304338	32.5637786794648	0.199999999979509
22.275	10.9	-1.0929673715168e-10	0.795141437069042	-0.00114822865519298	32.5399219127877	0.199999999912563
22.425	10.9	-2.01938283397166e-10	0.794970965737151	-0.00117561422630244	32.5160701932615	0.199999999838449
22.575	10.9	-2.59164880944462e-10	0.794796051996747	-0.00120220337167552	32.492223654882	0.199999999792668
22.725	10.9	-2.19253366087736e-10	0.794616756889932	-0.00122776348761889	32.4683824301911	0.199999999824597
22.875	10.9	-2.30259769352149e-11	0.79443316878733	-0.00125203029794226	32.4445466495104	0.199999999981579
23.025	10.9	3.5112076747802e-10	0.794245407216702	-0.00127470395426878	32.4207164400683	0.200000000280897
23.175	10.9	8.4388861404722e-10	0.794053627176124	-0.00129544466413711	32.3968919250104	0.200000000675111
23.325	10.9	1.280491391964e-09	0.793858023975414	-0.00131386780491044	32.3730732222769	0.200000001024393
23.475	10.9	1.37107672678835e-09	0.793658838670889	-0.00132953848879791	32.3492604433279	0.200000001096861
23.625	10.9	7.748350219315e-10	0.793456364145667	-0.00134196552737907	32.3254536916955	0.200000000619868
23.775	10.9	-7.54780840106223e-10	0.793250951904354	-0.00135059473365782	32.3016530613317	0.199999999396175
23.925	10.9	-3.1562072441143e-09	0.793043019655512	-0.00135480146187844	32.2778586347249	0.199999997475034
24.075	10.9	-5.83725015705257e-09	0.792833059790031	-0.00135388222550275	32.2540704807531	0.1999999953302
24.225	10.9	-7.55749586661593e-09	0.792621648903029	-0.00134704517848279	32.2302886522482	0.199999993954003
24.375	10.9	-6.56524489509397e-09	0.792409458547977	-0.00133339919184756	32.2065131832565	0.199999994747804
24.525	10.9	-1.12350856776045e-09	0.792197267473176	-0.00131194125434435	32.1827440859839	0.199999999101193
24.675	10.9	9.53927394753786e-09	0.791985975601927	-0.00128154200238587	32.1589813474217	0.200000007631419
24.825	10.9	2.40152373623709e-08	0.791776619987131	-0.00124092936713653	32.1352249256346	0.20000001921219
24.975	10.9	3.76706186571346e-08	0.791570392899264	-0.0011886705852924	32.111474745659	0.200000030136495
25.125	10.9	4.24552068667807e-08	0.791368662039703	-0.00112315311743675	32.0877306949041	0.200000033964166
25.275	10.9	2.83585455363161e-08	0.791172992739295	-0.00104256517407565	32.0639926178731	0.200000022686836
25.425	10.9	-1.292313993461e-08	0.79098517192455	-0.000944876399519821	32.040260309955	0.199999989661488
25.575	10.9	-8.22404506576882e-08	0.790807233784847	-0.00082781862602625	32.016533510011	0.19999993420764
25.725	10.9	-1.66465636082477e-07	0.790641487546763	-0.000688865361899633	31.9928118915366	0.199999866827491
25.875	10.9	-2.33904738041112e-07	0.79049054861218	-0.000525207014543209	31.9690950523457	0.19999981287621
26.025	10.9	-2.35498876447069e-07	0.790357375411637	-0.000333717213427141	31.9453825029958	0.199999811600899
26.175	10.9	-1.15746485449447e-07	0.790245315328969	-0.0001109048593127	31.9216736544917	0.199999907402812
26.325	10.9	1.6452534777398e-07	0.790158163370066	0.000147152231201032	31.8979678060284	0.200000131620278
26.475	10.9	5.95609566344879e-07	0.79010023618122	0.00044489201946318	31.8742641334893	0.200000476487653
26.625	10.9	1.08496493546592e-06	0.790076461021525	0.000787363792194504	31.8505616789156	0.200000867971948
26.775	10.9	1.43715598493977e-06	0.790092474345848	0.00118031745203951	31.8268593400987	0.200001149724788
26.925	10.9	1.3676711366367e-06	0.790154718776948	0.00163026052340478	31.8031558579382	0.200001094136909
27.075	10.9	5.69287391167939e-07	0.790270522655657	0.00214445331025667	31.7794497976109	0.200000455429913
27.225	10.9	-1.16122321869717e-06	0.790448146517122	0.00273082010956641	31.755739518605	0.199999071021425
27.375	10.9	-3.75023204583119e-06	0.790696789439386	0.00339777741003787	31.7320231291127	0.199996999814363
27.525	10.9	-6.67304428305126e-06	0.791026567859882	0.00415401922783377	31.7082984229098	0.199994661564574
27.675	10.9	-8.85446324418129e-06	0.791448509396087	0.00500834880537097	31.6845628018944	0.199992916429405
27.825	10.9	-8.73896796710463e-06	0.791974638297018	0.00596968952820045	31.6608131942304	0.199993008825626
27.975	10.9	-4.61543398671594e-06	0.792618254662522	0.00704742256979159	31.6370459846464	0.199996307652811
28.125	10.9	4.77060900408973e-06	0.793394508300172	0.00825215770412111	31.6132569769372	0.200003816487203
28.275	10.9	1.93815986810356e-05	0.794321320729981	0.00959692695380071	31.5894414057544	0.200015505278945
28.425	10.9	3.7023120158323e-05	0.795420603189405	0.0110985984228721	31.5655940028413	0.200029618496127
28.575	10.9	5.27700895548975e-05	0.796719559649616	0.0127790728508305	31.5417091018144	0.200042216071644
28.725	10.9	5.90768061923816e-05	0.798251683046978	0.0146656188083756	31.5177807389513	0.200047261444954
28.875	10.9	4.6924786753062e-05	0.800056909377562	0.0167896226864221	31.4938026828732	0.200037539829402
29.025	10.9	8.17043815450208e-06	0.802180366224272	0.0191831767841129	31.4697683141887	0.200006536350524
29.175	10.9	-6.10919538144637e-05	0.804669317283469	0.0218733664354699	31.4456702879001	0.199951126436948
29.325	10.9	-0.000156780808504417	0.807568313689861	0.0248748344117854	31.4214999532687	0.199874575353196
29.475	10.9	-0.000263743405756496	0.810913212890906	0.028182084480837	31.3972465757699	0.199789005275395
29.625	10.9	-0.000354630897170774	0.814725528555999	0.0317638071101359	31.3728964900182	0.199716295282263
29.775	10.9	-0.000391928408742875	0.819009326306195	0.0355619334766003	31.3484323864994	0.199686457273006
29.925	10.9	-0.000333809756052608	0.823753246172419	0.0394977638655969	31.3238329687651	0.199732952195158
30.075	10.9	-0.000143560763225249	0.828939806269127	0.0434860817539601	31.2990731861778	0.19988515138942
30.225	10.9	0.000198827795916101	0.834562624406464	0.0474556951038268	31.2741251411645	0.200159062236733
30.375	10.9	0.00068534578072026	0.840649679928021	0.0513719374406868	31.2489596044941	0.200548276624576
30.525	10.9	0.00127196618143356	0.847287918619338	0.0552544494684619	31.2235478877981	0.201017572945147
30.675	10.9	0.00187683241014665	0.854642519824694	0.0591832818453671	31.1978636761982	0.201501465928117
30.825	10.9	0.0023864515817847	0.862964006770103	0.0632886070001929	31.1718843716214	0.201909161265428
30.975	10.9	0.00266994502396238	0.87257830431649	0.0677235420723421	31.1455915745554	0.20213595601917
31.125	10.9	0.00259933358498788	0.883858086563417	0.0726242571326952	31.118970536698	0.20207946686799
31.275	10.9	0.00207204224419045	0.897177155214646	0.0780650797807941	31.0920087032795	0.201657633795352
31.425	10.9	0.00103086540364547	0.91285241296796	0.0840178698622904	31.0646937500332	0.200824692322916
31.575	10.9	-0.000523102580253162	0.931080297557507	0.0903245957553387	31.0370117117883	0.199581517935797
31.725	10.9	-0.00252759480059668	0.951876750616081	0.0966902580771164	31.0089458243012	0.197977924159523
31.875	10.9	-0.00486707363201854	0.97503186546094	0.102700350960078	30.9804765368455	0.196106341094385
32.025	10.9	-0.00738962607467099	1.00009119251431	0.107862931045189	30.9515828448254	0.194088299140263
32.175	10.9	-0.00992909095715236	1.02637344444041	0.111670270724941	30.9222447372834	0.192056727234278
32.325	10.9	-0.012327732391407	1.0530277590309	0.113669896226863	30.8924462674276	0.190137814086874
32.475	10.9	-0.0144551036756756	1.07912360916063	0.11353118927317	30.862178618401	0.18843591705946
32.625	10.9	-0.0162201273502831	1.10375641170663	0.111093426746688	30.8314425733538	0.187023898119774
32.775	10.9	-0.0175753386325756	1.12614652776649	0.106385025704224	30.8002499703933	0.18593972909394
32.925	10.9	-0.0185140822112491	1.14571154437757	0.0996110299235646	30.7686239592659	0.185188734231001
33.075	10.9	-0.0190627201516206	1.1621005393442	0.09111401648309	30.7365981091842	0.184749823878704
33.225	10.9	-0.0192703829731414	1.17519027272927	0.0813195545025494	30.704214598274	0.184583693621487
33.375	10.9	-0.0191985565976224	1.18505222318169	0.0706791378637392	30.6715218208097	0.184641154721902
33.525	10.9	-0.0189121227407606	1.19190347250178	0.0596212345141022	30.6385717750058	0.184870301807392
33.675	10.9	-0.018472684482096	1.19605380317903	0.0485165208008061	30.6054175544037	0.185221852414323
33.825	10.9	-0.0179343579437493	1.19785792132622	0.0376586654686315	30.5721111847021	0.185652513645001
33.975	10.9	-0.0173418009783409	1.19767758572719	0.0272586408161488	30.5387019541785	0.186126559217327
34.125	10.9	-0.0167300530857544	1.19585501067389	0.0174488772642522	30.5052353022772	0.186615957531396
34.275	10.9	-0.0161256717255557	1.1926966976922	0.00829333371669795	30.4717522658129	0.187099462619555
34.425	10.9	-0.0155485638383594	1.18846569886075	-0.000199818772532848	30.4382894289153	0.187561148929312
34.575	10.9	-0.0150138014264895	1.18337986050899	-0.00806519314228049	30.4048792682304	0.187988958858808
34.725	10.9	-0.0145326725541296	1.17761355369492	-0.0153681128594371	30.3715507245418	0.188373861956696
34.875	10.9	-0.0141124448073406	1.17130068266882	-0.022193911854572	30.3383297843298	0.188710044154128
35.025	10.9	-0.0137549703697879	1.16453746222826	-0.0286387147174506	30.3052398634786	0.18899602370417
35.175	10.9	-0.0134552746871271	1.15738460982237	-0.0348020832820865	30.2723018993851	0.189235780250298
35.325	10.9	-0.0132021971109623	1.1498700119833	-0.0407826672644376	30.2395342895718	0.18943824231123
35.475	10.9	-0.012983188358376	1.14199399930782	-0.0466786095342324	30.2069530931982	0.189613449313299
35.625	10.9	-0.012793703699146	1.13373916498757	-0.0525938932650352	30.1745730631806	0.189765037040683
35.775	10.9	-0.0126481073178479	1.12508439509917	-0.0586491115814315	30.1424098768067	0.189881514145722
35.925	10.9	-0.0125848263541548	1.11601864193595	-0.0649903845013548	30.1104832446356	0.189932138916676
36.075	10.9	-0.0126564274102157	1.1065458745035	-0.0717854615914403	30.0788195344865	0.189874858071827
36.225	10.9	-0.0128987807892946	1.09667189726211	-0.0791955609485524	30.0474516723742	0.189680975368564
36.375	10.9	-0.0132845130742148	1.08636944205197	-0.0873199367470643	30.0164141959469	0.189372389540628
36.525	10.9	-0.013682337521505	1.07553119963461	-0.0961306188358848	29.9857331592247	0.189054129982796
36.675	10.9	-0.0138576824440836	1.06393902561395	-0.105445005875391	29.9554141113821	0.188913854044733
36.825	10.9	-0.0135493570672125	1.05129273768257	-0.115008887154537	29.9254353126855	0.18916051434623
36.975	10.9	-0.0126315775837338	1.03733406581352	-0.124747913300982	29.8957551888855	0.189894737933013
37.125	10.9	-0.0113201949681946	1.02204987513681	-0.135160340496505	29.8663400285125	0.190943844025444
37.275	10.9	-0.0103225071574285	1.00586180382081	-0.147700981019496	29.8372089493022	0.191741994274057
37.425	10.9	-0.0107941546391894	0.989681198217076	-0.164954934330009	29.8084802440439	0.191364676288649
37.575	10.9	-0.0139927171462301	0.974769447082049	-0.190459925460034	29.7803919426645	0.188805826283016
37.725	10.9	-0.0206271034954302	0.962392562829795	-0.228029141240619	29.7532675987763	0.183498317203656
37.875	10.9	-0.0300708233926328	0.95312379604889	-0.280100376733494	29.7274127179339	0.175943341285894
38.025	10.9	-0.039757369138427	0.945339914679755	-0.344178181668049	29.7029588631756	0.168194104689258
38.175	10.9	-0.0451096751249127	0.932753809548201	-0.407543656977013	29.6797125377609	0.16391225990007
38.325	10.9	-0.0402151737637287	0.903886990096585	-0.446299626017666	29.6570919277195	0.167827860989017
38.475	10.9	-0.0191448024477284	0.849755893553215	-0.439406379867984	29.6342033117238	0.184684158041817
38.625	10.9	0.0225481953674134	0.774937334680627	-0.388918997631946	29.6100109921969	0.218038556293931
38.775	10.9	0.08666108513633	0.69453019255702	-0.317224546851795	29.5835134464222	0.269328868109064
38.925	10.9	0.171671174790238	0.621345486627242	-0.246122743916826	29.5538938830082	0.33733693983219
39.075	10.9	0.272606119803745	0.560727185703093	-0.186303609130641	29.520632610911	0.418084895842996
39.225	10.9	0.381717799472179	0.512890178164599	-0.139860700585268	29.4835644128989	0.505374239577743
39.375	10.9	0.490098269327664	0.475985946365657	-0.105162541412334	29.4428721657779	0.592078615462131
39.525	10.9	0.589745154851707	0.447751178452848	-0.0796861371273891	29.3990180828679	0.671796123881365
39.675	10.9	0.675153480870643	0.426142597818134	-0.061110521359207	29.3526329139335	0.740122784696514
39.825	10.9	0.743830435884991	0.40951068571948	-0.047594148351595	29.3043987290154	0.795064348707993
39.975	10.9	0.795839914704506	0.396593897134039	-0.0377596841007016	29.2549567099444	0.836671931763605
40.125	10.9	0.832902920034846	0.386452761287513	-0.0306016066492663	29.2048530344031	0.866322336027877
40.275	10.9	0.857528449930584	0.378394296471234	-0.0253911378689094	29.1545189122675	0.886022759944467
40.425	10.9	0.872394167167998	0.371906570108917	-0.0215988895785825	29.1042732467311	0.897915333734399
40.575	10.9	0.879991786899269	0.366608505959701	-0.0188371863244276	29.0543367286623	0.903993429519415
40.725	10.9	0.88246601931261	0.362213680470646	-0.0168188828856554	29.0048497425531	0.905972815450088
40.875	10.9	0.881568761456806	0.358504960350074	-0.0153287657661239	28.9558900042951	0.905255009165445
41.025	10.9	0.878672225446317	0.355316886546227	-0.0142041046088045	28.9074882192028	0.902937780357054
41.175	10.9	0.874808230673462	0.352523347040209	-0.0133215869858729	28.8596412920367	0.89984658453877
41.325	10.9	0.87071713618366	0.350028752435352	-0.0125884851725426	28.8123231402615	0.896573708946928
41.475	10.9	0.866898818575396	0.347761483433421	-0.0119364473323417	28.7654933189939	0.893519054860317
41.625	10.9	0.863662168140811	0.345668806704111	-0.0113167923247238	28.7191036866632	0.890929734512649
41.775	10.9	0.861171114321016	0.343712772136188	-0.0106966124691646	28.6731033335381	0.888936891456812
41.925	10.9	0.859485736041586	0.341866824681887	-0.0100553304014082	28.6274419976982	0.887588588833269
42.075	10.9	0.858597354734795	0.340113000946977	-0.00938159470355044	28.5820722057916	0.886877883787836
42.225	10.9	0.858456934835987	0.338439650491543	-0.00867053151414823	28.5369503881396	0.88676554786879
42.375	10.9	0.858996640846	0.336839644480016	-0.00792141341474099	28.492037219165	0.8871973126768
42.525	10.9	0.860144927440249	0.335309030414546	-0.00713579290839928	28.4472974199239	0.888115941952199
42.675	10.9	0.861835968872309	0.333846078238626	-0.00631610746591584	28.4026992305475	0.889468775097847
42.825	10.9	0.864014504654776	0.332450651275582	-0.00546472079715719	28.3582137212392	0.891211603723821
42.975	10.9	0.866637277025221	0.331123830476721	-0.00458333444160996	28.3138140671228	0.893309821620177
43.125	10.9	0.869672186251137	0.329867723066379	-0.00367268930013423	28.269474870258	0.895737749000909
43.275	10.9	0.87309613662621	0.328685395149987	-0.00273247661402701	28.2251715756045	0.898476909300968
43.425	10.9	0.876892337458168	0.327580879611166	-0.00176138773451542	28.180879998868	0.901513869966534
43.575	10.9	0.881047601350909	0.326559223201575	-0.000757247098414744	28.1365759636529	0.904838081080727
43.725	10.9	0.885549976962012	0.325626548299779	0.000282810679375162	28.0922350326037	0.90843998156961
43.875	10.9	0.890386883106969	0.324790114208956	0.0013621433441708	28.0478323109921	0.912309506485575
44.025	10.9	0.895543782756557	0.324058369633017	0.00248439416711395	28.0033422999621	0.916435026205246
44.175	10.9	0.901003349674495	0.323440991747062	0.00365327723252591	27.9587387788521	0.920802679739596
44.325	10.9	0.906745029971553	0.322948908869047	0.00487235016472753	27.9139947003806	0.925396023977243
44.475	10.9	0.912744881005601	0.322594302877477	0.00614476659967262	27.8690820879875	0.930195904804481
44.625	10.9	0.91897557101357	0.322390585348848	0.00747300061786206	27.8239719305456	0.935180456810856
44.775	10.9	0.925406438619652	0.322352338276222	0.00885853785135779	27.7786340755241	0.940325150895722
44.925	10.9	0.93200353603806	0.322495207018699	0.0103015327592416	27.7330371272062	0.945602828830448
45.075	10.9	0.938729609242557	0.322835730590142	0.011800438262326	27.6871483615117	0.950983687394046
45.225	10.9	0.94554399963882	0.323391093356613	0.0133516220355739	27.6409336731564	0.956435199711056
45.375	10.9	0.952402482664874	0.324178783457355	0.0149489925613398	27.5943575740239	0.961921986131899
45.525	10.9	0.959257087396634	0.325216147434526	0.0165836665345304	27.5473832633829	0.967405669917307
45.675	10.9	0.966055965644408	0.326519837983432	0.0182437160705383	27.4999727905308	0.972844772515527
45.825	10.9	0.972743396834945	0.328105162270136	0.0199140378880534	27.4520873281314	0.978194717467956
45.975	10.9	0.979260023548142	0.329985351134228	0.0215763857246888	27.4036875695788	0.983408018838514
46.125	10.9	0.985543409355959	0.33217078324071	0.0232096005199942	27.35473425601	0.988434727484768
46.275	10.9	0.99152899369844	0.334668210819607	0.0247900599033982	27.3051888282955	0.993223194958752
46.425	10.9	0.99715148746316	0.337480042693767	0.0262923498452152	27.2550141871295	0.997721189970528
46.575	10.9	1.00234670934004	0.340603743660837	0.0276901387642162	27.2041755313592	1.00187736747203
46.725	10.9	1.0070538109301	0.344031405499134	0.0289572108436339	27.1526412325145	1.00564304874408
46.875	10.9	1.01121778418881	0.347749533619329	0.0300685943727638	27.1003836939122	1.00897422735104
47.025	10.9	1.01479209562269	0.351739075849092	0.0310017061605596	27.0473801374159	1.01183367649815
47.175	10.9	1.01774125528632	0.355975698509744	0.031737427166317	26.9936132612268	1.01419300422906
47.325	10.9	1.02004311109677	0.360430293181962	0.0322610286178332	26.9390717184846	1.01603448887741
47.475	10.9	1.02169066358037	0.365069678830595	0.0325628813341899	26.883750378614	1.01735253086429
47.625	10.9	1.02269322278881	0.3698574510412	0.0326389013261786	26.8276503499745	1.01815457823104
47.775	10.9	1.02307677445515	0.374754924464069	0.0324907085257457	26.7707787614928	1.01846141956412
47.925	10.9	1.02288348090219	0.379722116018015	0.0321254990191471	26.7131483202669	1.01830678472175
48.075	10.9	1.02217030717443	0.384718723393845	0.0315556514394561	26.6547766793777	1.01773624573954
48.225	10.9	1.02100682801104	0.389705063401724	0.0307981034675013	26.5956856635031	1.01680546240883
48.375	10.9	1.01947233135809	0.394642944986254	0.0298735443541361	26.5359004082191	1.01557786508647
48.525	10.9	1.01765238520733	0.399496460003703	0.0288054747656831	26.4754484716408	1.01412190816586
48.675	10.9	1.01563507381905	0.404232679802105	0.027619187371384	26.4143589745217	1.01250805905524
48.825	10.9	1.01350713469635	0.408822247140225	0.0263407216695259	26.3526618178308	1.01080570775708
48.975	10.9	1.01135023727374	0.413239852003209	0.0249958452916861	26.2903870162613	1.009080189819
49.125	10.9	1.00923763682564	0.417464578138752	0.0236091114226983	26.2275641733407	1.00739010946051
49.275	10.9	1.00723141202447	0.421480106579466	0.0222030374516705	26.1642221101411	1.00578512961958
49.425	10.9	1.00538045263724	0.425274764609739	0.0207974427420175	26.1003886462521	1.00430436210979
49.575	10.9	1.00371930758099	0.428841414324082	0.0194089729626711	26.0360905197832	1.00297544606479
49.725	10.9	1.00226793742437	0.432177183819878	0.0180508248954385	25.9713534236052	1.0018143499395
49.875	10.9	1.00103234549039	0.435283054857889	0.0167326699908266	25.9062021284429	1.00082587639231
50.025	10.9	1.00000599487715	0.438163331568549	0.0154607588871487	25.840660660148	1.00000479590172
50.175	10.9	0.999171861633414	0.440825023376543	0.0142381747238246	25.7747524985557	0.999337489306731
50.325	10.9	0.998504932359207	0.443277180058065	0.0130651924059789	25.7085007685225	0.998803945887366
50.475	10.9	0.997974930868095	0.445530216847489	0.0119396955633906	25.6419283995864	0.998379944694476
50.625	10.9	0.997549053952266	0.447595262867165	0.0108576035810097	25.5750582385455	0.998039243161813
50.775	10.9	0.997194509067818	0.449483557908578	0.00981326772437383	25.5079131083679	0.997755607254254
50.925	10.9	0.996880673458979	0.45120591247333	0.00879980727054441	25.4405158164638	0.997504538767183
51.075	10.9	0.996580730504345	0.452772236042557	0.00780937238888903	25.3728891246845	0.997264584403476
51.225	10.9	0.996272680521068	0.454191130843229	0.00683333866149163	25.3050557017217	0.997018144416854
51.375	10.9	0.995939666247084	0.455469544631194	0.00586245674432488	25.2370380851391	0.996751732997667
51.525	10.9	0.995569595211949	0.456612477389852	0.0048869977362694	25.1688586843399	0.99645567616956
51.675	10.9	0.995154080864671	0.457622743768955	0.00389694816177655	25.1005398566674	0.996123264691737
51.825	10.9	0.994686761260792	0.458500805093821	0.00288231577829524	25.0321040858836	0.995749409008633
51.975	10.9	0.994161088479423	0.459244700418618	0.00183360642171435	24.9635742849566	0.995328870783538
52.125	10.9	0.99356771407144	0.45985012289946	0.000742520887001687	24.8949742331591	0.994854171257152
52.275	10.9	0.992891626007569	0.460310702392413	-0.000397101675590441	24.8263291410804	0.994313300806055
52.425	10.9	0.99210922102139	0.460618563698371	-0.00158810094718935	24.7576663169912	0.993687376817112
52.575	10.9	0.991185523264112	0.460765228303278	-0.00282862299453895	24.6890158853978	0.992948418611289
52.725	10.9	0.990071786314552	0.460742912417203	-0.00411065602716689	24.6204114855525	0.992057429051642
52.875	10.9	0.988703741287834	0.4605462434633	-0.00541862035204708	24.5518908566536	0.990962993030267
53.025	10.9	0.987000778549382	0.460174370550259	-0.00672820061597391	24.4834962003968	0.989600622839506
53.175	10.9	0.984866371124058	0.459633383553573	-0.00800563805553361	24.4152742035399	0.987893096899247
53.325	10.9	0.982190056113127	0.458938883984549	-0.00920771149468086	24.3472756063814	0.985752044890502
53.475	10.9	0.978851271247806	0.458118474648753	-0.0102826224426226	24.2795542205293	0.983081016998245
53.625	10.9	0.974725275019479	0.4572138621567	-0.0111719562344373	24.2121653335921	0.979780220015583
53.775	10.9	0.969691234800115	0.456282207166592	-0.0118138123042382	24.1451634909916	0.975752987840092
53.925	10.9	0.963642326664406	0.455396325308151	-0.012147078166797	24.0785997155094	0.970913861331525
54.075	10.9	0.956497349459298	0.454643353602523	-0.0121166631668229	24.0125183095989	0.965197879567438
54.225	10.9	0.948212942739396	0.454121571168242	-0.0116793175599497	23.9469534752521	0.958570354191517
54.375	10.9	0.938795085041648	0.453935215672305	-0.0108094616440352	23.8819260670023	0.951036068033318
54.525	10.9	0.928308246928049	0.454187376725688	-0.00950427710907763	23.8174408464552	0.942646597542439
54.675	10.9	0.916880509909092	0.454971365290903	-0.00778722198480331	23.7534846114067	0.933504407927274
54.825	10.9	0.904703238500646	0.456361318375848	-0.00570917874047411	23.6900255139609	0.923762590800517
54.975	10.9	0.892024531609381	0.458403133327053	-0.00334667258112452	23.6270137572651	0.913619625287505
55.125	10.9	0.879136594561821	0.461107042302602	-0.000797002935286705	23.5643836842902	0.903309275649457
55.275	10.9	0.866358171615275	0.464443137959793	0.00182934354764291	23.5020570767509	0.89308653729222
55.425	10.9	0.854014017748136	0.468340880431668	0.00441809984856301	23.4399473101349	0.883211214198509
55.575	10.9	0.842413853541807	0.472693058439931	0.00686115156130484	23.377963901451	0.873931082833445
55.725	10.9	0.83183323279692	0.477363938180223	0.00906556138722719	23.3160169632113	0.865466586237536
55.875	10.9	0.822498294002219	0.482200582333397	0.0109604155662906	23.2540211400595	0.857998635201775
56.025	10.9	0.814575615203736	0.487045753247132	0.0125006555344739	23.1918987307501	0.851660492162988
56.175	10.9	0.808167553983702	0.491750579600225	0.0136676425883943	23.1295818522841	0.846534043186962
56.325	10.9	0.803312717905474	0.496185316376398	0.0144667862311157	23.067013648833	0.842650174324379
56.475	10.9	0.79999069327626	0.500247001128747	0.0149230097988575	23.004148659281	0.839992554621008
56.625	10.9	0.798129894809164	0.503863457939686	0.0150750475086485	22.9409525219065	0.838503915847331
56.775	10.9	0.797617352604673	0.506993749965373	0.0149695550127699	22.8774012145199	0.838093882083738
56.925	10.9	0.79830935874164	0.509625689116234	0.0146558223438069	22.8134800138757	0.838647486993312
57.075	10.9	0.800042083219338	0.511771301076599	0.0141815885886003	22.7491823234739	0.840033666575471
57.225	10.9	0.802641483006649	0.513461210948984	0.0135901579027479	22.6845084771276	0.842113186405319
57.375	10.9	0.805932034634225	0.51473880744128	0.0129187703887384	22.6194645865389	0.84474562770738
57.525	10.9	0.809744004073878	0.515654833783621	0.0121980205644212	22.5540614700276	0.847795203259102
57.675	10.9	0.813919122716187	0.516262811701167	0.0114520428114314	22.4883136781524	0.851135298172949
57.825	10.9	0.818314665166277	0.51661548314374	0.0106991798218119	22.422238619375	0.854651732133022
57.975	10.9	0.822806024240405	0.516762282360382	0.00995289104317778	22.355855782897	0.858244819392324
58.125	10.9	0.827287951439806	0.516747737158637	0.00922271910943743	22.2891860538662	0.861830361151845
58.275	10.9	0.831674677919389	0.516610637768969	0.00851519512544305	22.2222511162142	0.865339742335511
58.425	10.9	0.835899153151863	0.516383792638365	0.00783461770361972	22.1550729390129	0.868719322521491
58.575	10.9	0.839911639250324	0.516094199019159	0.00718368133876642	22.0876733426627	0.871929311400259
58.725	10.9	0.84367788277874	0.515763480179643	0.00656395673287713	22.0200736411414	0.874942306222992
58.875	10.9	0.847177057716468	0.515408471327566	0.00597624114278781	21.9522943560175	0.877741646173175
59.025	10.9	0.850399638577817	0.515041866661025	0.00542080363831323	21.884354997118	0.880319710862253
59.175	10.9	0.853345325818178	0.514672866979415	0.00489755116049962	21.8162739038742	0.882676260654543
59.325	10.9	0.856021110222787	0.514307789436631	0.00440613888249482	21.7480681406112	0.88481688817823
59.475	10.9	0.858439531433512	0.513950618039102	0.00394604433818602	21.6797534385285	0.88675162514681
59.625	10.9	0.860617159504231	0.513603485818842	0.00351662025137797	21.6113441768727	0.888493727603385
59.775	10.9	0.862573307869431	0.513267087993893	0.00311713666055608	21.5428533958398	0.890058646295545
59.925	10.9	0.864328971183571	0.512941030688398	0.00274681914386232	21.4742928340131	0.891463176946857
60.075	10.9	0.865905971531051	0.512624122681942	0.00240488684265147	21.4056729835973	0.892724777224841
60.225	10.9	0.867326290684272	0.512314618848119	0.00209059156919961	21.3370031572954	0.893861032547418
60.375	10.9	0.868611563497662	0.512010423935753	0.00180325750925821	21.2682915613382	0.89488925079813
60.525	10.9	0.869782707303227	0.51170926455046	0.00154231981110406	21.1995453698909	0.895826165842581
60.675	10.9	0.870859663548897	0.511408835899427	0.00130735960248885	21.1307707967902	0.896687730839118
60.825	10.9	0.871861230226842	0.511106928320638	0.00109813263499544	21.0619731613113	0.897488984181474
60.975	10.9	0.872804966610701	0.510801536883379	0.000914588737502351	20.9931569454167	0.898243973288561
61.125	10.9	0.873707154613112	0.510490955714981	0.00075687953901733	20.9243258406941	0.89896572369049
61.275	10.9	0.874582803941141	0.510173857083184	0.000625352497991842	20.8554827839825	0.899666243152913
61.425	10.9	0.875445690819686	0.509849353798634	0.000520530110506392	20.7866299814854	0.900356552655749
61.575	10.9	0.876308422245171	0.509517042269577	0.000443074303287356	20.7177689220127	0.901046737796137
61.725	10.9	0.877182519599163	0.509177022586106	0.000393737474168527	20.648900380847	0.90174601567933
61.875	10.9	0.878078517026824	0.508829891414263	0.000373303447605779	20.5800244165931	0.902462813621459
62.025	10.9	0.879006070936475	0.50847670356511	0.00038252374285507	20.5111403642069	0.90320485674918
62.175	10.9	0.879974078590557	0.50811889851359	0.000422057016956155	20.4422468281299	0.903979262872446
62.325	10.9	0.880990804307378	0.507758189747572	0.00049242222872414	20.3733416800059	0.904792643445902
62.475	10.9	0.882064012137475	0.507396417498304	0.000593978665180614	20.3044220657079	0.90565120970998
62.625	10.9	0.883201105023904	0.50703536887683	0.000726948200880187	20.2354844262107	0.906560884019123
62.775	10.9	0.884409270517553	0.506676574444796	0.000891496534315879	20.1665245360342	0.907527416414042
62.925	10.9	0.885695633279593	0.506321096029765	0.00108789002188099	20.0975375614393	0.908556506623674
63.075	10.9	0.887067414350487	0.505969326891681	0.00131674253577535	20.0285181381601	0.90965393148039
63.225	10.9	0.888532096596598	0.505620831241291	0.00157936203216713	19.959460465212	0.910825677277278
63.375	10.9	0.890097594681252	0.505274254570699	0.00187819910692492	19.8903584073392	0.912078075745002
63.525	10.9	0.89177242662566	0.504927337950726	0.00221739016278856	19.8212055942596	0.913417941300528
63.675	10.9	0.893565882586292	0.504577067350999	0.00260337704850413	19.7519955004751	0.914852706069034
63.825	10.9	0.895488185300106	0.504219982566352	0.00304557501116622	19.6827214856106	0.916390548240085
63.975	10.9	0.897550636023037	0.503852660048952	0.00355705391387596	19.6133767725947	0.918040508818429
64.125	10.9	0.899765740172145	0.503472371788069	0.00415519622393842	19.5439543398871	0.919812592137716
64.275	10.9	0.902147308286769	0.503077911976416	0.00486230065267041	19.4744467043821	0.921717846629415
64.425	10.9	0.904710530002715	0.502670579436265	0.00570611186097627	19.4048455729695	0.923768424002172
64.575	10.9	0.907472020397644	0.502255311853991	0.00672027048328812	19.335141341691	0.925977616318115
64.725	10.9	0.91044983737534	0.50184199147184	0.00794468606515092	19.2653224200296	0.928359869900272
64.875	10.9	0.913663462834308	0.501446980668426	0.00942582677159928	19.1953743519131	0.930930770267447
65.025	10.9	0.917133725639744	0.501094992504609	0.0112168801756539	19.1252786928369	0.933706980511795
65.175	10.9	0.920882617186382	0.500821438989754	0.0133776568723109	19.0550115841884	0.936706093749106
65.325	10.9	0.92493290790642	0.50067540118813	0.0159739783415495	18.9845419446977	0.939946326325136
65.475	10.9	0.929307415639555	0.500723294624485	0.0190761229595649	18.9138291829752	0.943445932511644
65.625	10.9	0.934027710239352	0.501053123747125	0.0227557334785683	18.8428203380045	0.947222168191482
65.775	10.9	0.939111978237535	0.501778905464259	0.0270804793320316	18.7714465950934	0.951289582590028
65.925	10.9	0.944571744596868	0.503044400741618	0.03210581019273	18.6996192243395	0.955657395677495
66.075	10.9	0.950407197506503	0.505024787099288	0.037863441409721	18.6272251645106	0.960325758005203
66.225	10.9	0.956601039142902	0.507924471817307	0.0443468700368721	18.5541227308884	0.965280831314321
66.375	10.9	0.963111139225093	0.511969104217358	0.0514952572901563	18.4801382375838	0.970488911380075
66.525	10.9	0.969862816284899	0.51739026103829	0.0591783175324139	18.4050646292977	0.975890253027919
66.675	10.9	0.976742257530891	0.524402471496203	0.067186110040355	18.3286634037486	0.981393806024713
66.825	10.9	0.983593240007248	0.533174235299616	0.0752283028501131	18.2506710280725	0.986874592005799
66.975	10.9	0.990219636038123	0.543797107558656	0.0829469186438331	18.1708105719612	0.992175708830499
67.125	10.9	0.996395818435097	0.55625897259521	0.0899443050847276	18.0888083438677	0.997116654748078
67.275	10.9	1.00188577495504	0.570428250075853	0.0958242206042714	18.0044140461729	1.00150861996404
67.425	10.9	1.00646956659821	0.586054194736952	0.100239538136512	17.9174217010005	1.00517565327857
67.575	10.9	1.00997324477712	0.602784787132002	0.102936937413266	17.8276878237461	1.0079785958217
67.725	10.9	1.01229636767937	0.620199209669052	0.103788752826584	17.7351434519935	1.0098370941435
67.875	10.9	1.01343073555097	0.637848375766152	0.102805289794599	17.6397977734285	1.01074458844077
68.025	10.9	1.01346537287608	0.655295762177558	0.100126147246865	17.5417329137644	1.01077229830087
68.175	10.9	1.0125758579851	0.672151982116149	0.0959941922123513	17.4410913323332	1.01006068638808
68.325	10.9	1.01099988205803	0.688099140132521	0.090719056040871	17.3380586260252	1.00879990564643
68.475	10.9	1.00900416581897	0.702903758356621	0.0846378182323486	17.2328450280249	1.00720333265518
68.625	10.9	1.00684957512896	0.716419129497283	0.078079425687444	17.1256685236227	1.00547966010317
68.775	10.9	1.00476107517577	0.7285791385916	0.0713372676330059	17.0167415691619	1.00380886014062
68.925	10.9	1.00290733415979	0.739386097475698	0.0646519649274252	16.906262265215	1.00232586732783
69.075	10.9	1.00139206881703	0.748895213354691	0.0582043250984917	16.7944098257103	1.00111365505362
69.225	10.9	1.00025647962083	0.75719811822664	0.0521168304984289	16.6813434979072	1.00020518369667
69.375	10.9	0.999490056115357	0.76440747167265	0.0464611021428587	16.5672037808092	0.999592044892286
69.525	10.9	0.999046013096552	0.770644056027709	0.0412685365997378	16.452114809564	0.999236810477242
69.675	10.9	0.998857651168487	0.776027099462587	0.0365416412697423	16.3361870082197	0.999086120934789
69.825	10.9	0.998852745719462	0.780667918314447	0.0322642825180998	16.2195194381785	0.99908219657557
69.975	10.9	0.998964253311631	0.784666481947634	0.0284098618517704	16.1022015826084	0.999171402649304
70.125	10.9	0.999136802558836	0.788110230014769	0.0249471400826321	15.9843145453401	0.999309442047069
70.275	10.9	0.999329347435504	0.79107440320247	0.0218439213575536	15.8659317843146	0.999463477948403
70.425	10.9	0.999514895658394	0.793623227553752	0.0190690652678551	15.7471195530115	0.999611916526716
70.575	10.9	0.999678401149459	0.79581144809025	0.0165933581412222	15.6279372136387	0.999742720919567
70.725	10.9	0.999813820842947	0.797685879339106	0.0143897133315106	15.5084375422472	0.999851056674358
70.875	10.9	0.99992109893646	0.799286790017217	0.0124330517314505	15.3886670928037	0.999936879149168
71.025	10.9	1.00000355928812	0.800649049595795	0.0107000870812535	15.2686666407101	1.00000284743049
71.175	10.9	1.00006593060955	0.801803034301835	0.00916913424224503	15.1484716939554	1.00005274448764
71.325	10.9	1.00011303665827	0.802775326313052	0.00781998339545113	15.0281130431795	1.00009042932662
71.475	10.9	1.00014906417834	0.80358925242323	0.00663383860157213	14.9076173176976	1.00011925134267
71.625	10.9	1.00017726625691	0.80426530677966	0.00559329895649541	14.7870075186877	1.00014181300553
71.775	10.9	1.00019995086758	0.804821493856892	0.00468235657007858	14.6663035090426	1.00015996069407
71.925	10.9	1.00021862498519	0.805273617605083	0.00388639039547661	14.5455224485508	1.00017489998815
72.075	10.9	1.00023419788558	0.805635533503244	0.00319214300309434	14.4246791710173	1.00018735830846
72.225	10.9	1.00024718180129	0.805919373247321	0.00258767525863293	14.3037865057052	1.00019774544103
72.375	10.9	1.00025785741388	0.806135747169186	0.00206229982166697	14.1828555489355	1.0002062859311
72.525	10.9	1.00026639301195	0.806293926836872	0.00160649796573643	14.0618958931707	1.00021311440956
72.675	10.9	1.00027291945334	0.80640200905921	0.00121182570166072	13.9409158209817	1.00021833556267
72.825	10.9	1.00027756973136	0.806467062159196	0.000870815146114132	13.8199224705337	1.00022205578509
72.975	10.9	1.00028049389542	0.806495255457166	0.000576876146482353	13.6989219780807	1.00022439511633
73.125	10.9	1.00028185919351	0.806491973127665	0.000324201867738614	13.5779196017653	1.0002254873548
73.275	10.9	1.00028184309379	0.806461913797634	0.0001076807315736	13.4569198299656	1.00022547447503
73.425	10.9	1.00028062433596	0.806409177370241	-7.71840272984223e-05	13.3359264765966	1.00022449946876
73.575	10.9	1.00027837495489	0.806337340573069	-0.000234346771891629	13.2149427651663	1.00022269996391
73.725	10.9	1.00027525456229	0.806249522662058	-0.00036728399984843	13.0939714029747	1.00022020364983
73.875	10.9	1.00027140709837	0.806148442591684	-0.000479051505326287	12.973014646578	1.00021712567869
74.025	10.9	1.00026695968608	0.806036468813077	-0.00057233483044212	12.8520743594729	1.00021356774887
74.175	10.9	1.00026202299573	0.805915662709782	-0.00064949371843563	12.7311520628472	1.00020961839659
74.325	10.9	1.00025669252515	0.805787816536053	-0.000712601258430412	12.610248980164	1.00020535402012
74.475	10.9	1.00025105031005	0.805654486595612	-0.000763478354168778	12.489366076282	1.00020084024804
74.625	10.9	1.00024516672417	0.805517022287998	-0.000803724078716878	12.368504091754	1.00019613337933
74.775	10.9	1.00023910216544	0.805376591558958	-0.000834742407969464	12.2476635728826	1.00019128173235
74.925	10.9	1.00023290853126	0.805234203214459	-0.000857765762342692	12.126844898054	1.00018632682501
75.075	10.9	1.00022663045782	0.805090726494966	-0.000873875732276554	12.0060483008117	1.00018130436626
75.225	10.9	1.00022030634026	0.804946908253346	-0.000884021317169461	11.885273890076	1.0001762450722
75.375	10.9	1.00021396916868	0.804803388035507	-0.000889034968659759	11.764521667864	1.00017117533495
75.525	10.9	1.0002076472192	0.80466071132406	-0.000889646696192103	11.6437915448208	1.00016611777536
75.675	10.9	1.0002013646345	0.804519341172782	-0.0008864964638857	11.5230833538309	1.0001610917076
75.825	10.9	1.00019514192144	0.804379668430877	-0.00088014508234271	11.4023968619449	1.00015611353715
75.975	10.9	1.00018899638504	0.804242020730703	-0.000871083776242612	11.2817317808251	1.00015119710803
76.125	10.9	1.00018294251221	0.80410667039101	-0.000859742587922156	11.1610877758909	1.00014635400976
76.275	10.9	1.00017699231349	0.803973841368932	-0.000846497758890845	11.0404644743181	1.00014159385079
76.425	10.9	1.0001711556285	0.803843715376439	-0.000831678214153054	10.9198614720308	1.0001369245028
76.575	10.9	1.00016544039861	0.803716437263256	-0.000815571259528594	10.799278339806	1.00013235231889
76.725	10.9	1.00015985290974	0.803592119754933	-0.000798427588714279	10.6787146285975	1.00012788232779
76.875	10.9	1.00015439800793	0.803470847623912	-0.000780465684909725	10.5581698741708	1.00012351840634
77.025	10.9	1.00014907928986	0.803352681361953	-0.00076187569150824	10.4376436011336	1.00011926343188
77.175	10.9	1.00014389927088	0.803237660413123	-0.000742822816839781	10.317135326432	1.00011511941671
77.325	10.9	1.00013885953279	0.803125806020544	-0.000723450330216703	10.1966445623774	1.00011108762623
77.475	10.9	1.00013396085353	0.803017123732084	-0.000703882199089654	10.0761708192606	1.00010716868282
77.625	10.9	1.00012920332103	0.802911605605869	-0.000684225411184421	9.95571360760152	1.00010336265682
77.775	10.9	1.00012458643297	0.802809232151088	-0.000664572019791443	9.83527244007895	1.00009966914638
77.925	10.9	1.00012010918425	0.802709974034933	-0.000645000945914415	9.71484683317892	1.0000960873474
78.075	10.9	1.00011577014355	0.802613793583726	-0.000625579566588018	9.59443630859537	1.00009261611484
78.225	10.9	1.00011156752055	0.802520646101746	-0.000606365115120406	9.47404039441323	1.00008925401644
78.375	10.9	1.00010749922466	0.802430481029742	-0.000587405916039969	9.35365862610032	1.00008599937973
78.525	10.9	1.00010356291648	0.802343242961298	-0.000568742474286279	9.23329054733158	1.00008285033319
78.675	10.9	1.00009975605288	0.802258872533963	-0.000550408436348888	9.11293571066607	1.0000798048423
78.825	10.9	1.00009607592621	0.8021773072096	-0.000532431438347915	8.99259367809512	1.00007686074097
78.975	10.9	1.00009251969876	0.802098481956979	-0.000514833854641945	8.87226402147765	1.000074015759
79.125	10.9	1.00008908443252	0.802022329847681	-0.000497633458702106	8.75194632287694	1.00007126754602
79.275	10.9	1.00008576711531	0.801948782575827	-0.000480844006574973	8.63164017481143	1.00006861369225
79.425	10.9	1.0000825646833	0.801877770910008	-0.000464475752021057	8.51134518043054	1.00006605174664
79.575	10.9	1.0000794740406	0.801809225085675	-0.000448535901434252	8.39106095362558	1.00006357923248
79.725	10.9	1.00007649207613	0.801743075144761	-0.000433029015401713	8.27078711908414	1.00006119366091
79.875	10.9	1.00007361567821	0.801679251228619	-0.000417957363375738	8.15052331229584	1.00005889254257
80.025	10.9	1.000070841747	0.801617683829859	-0.000403321236649586	8.0302691795161	1.0000566733976
80.175	10.9	1.00006816720519	0.801558304007822	-0.000389119224635469	7.91002437769396	1.00005453376415
80.325	10.9	1.0000655890071	0.801501043571943	-0.000375348458643509	7.7897885743692	1.00005247120568
80.475	10.9	1.00006310414627	0.801445835236835	-0.000362004826834601	7.6695614475434	1.00005048331702
80.625	10.9	1.00006070966199	0.801392612752462	-0.000349083163859474	7.54934268552912	1.00004856772959
80.775	10.9	1.00005840264457	0.801341311012221	-0.000336577417772272	7.42913198678075	1.00004672211566
80.925	10.9	1.00005618023977	0.801291866141748	-0.000324480797206474	7.30892905971021	1.00004494419182
81.075	10.9	1.00005403965238	0.801244215570718	-0.000312785900720713	7.18873362249034	1.0000432317219
81.225	10.9	1.00005197814902	0.801198298089635	-0.000301484830573482	7.06854540284844	1.00004158251922
81.375	10.9	1.0000499930604	0.801154053893561	-0.00029056929266097	6.9483641378521	1.00003999444832
81.525	10.9	1.00004808178291	0.801111424614331	-0.000280030684084191	6.82818957368923	1.00003846542633
81.675	10.9	1.00004624177986	0.801070353342726	-0.000269860169918391	6.70802146544394	1.00003699342389
81.825	10.9	1.00004447058213	0.801030784641927	-0.000260048750286523	6.58785957686966	1.0000355764657
81.975	10.9	1.0000427657886	0.800992664553272	-0.000250587318912975	6.46770368016098	1.00003421263088
82.125	10.9	1.00004112506617	0.800955940595466	-0.000241466714103073	6.34755355572491	1.00003290005294
82.275	10.9	1.00003954614956	0.800920561757976	-0.000232677763007204	6.227408991953	1.00003163691965
82.425	10.9	1.00003802684086	0.800886478489612	-0.000224211319926791	6.10726978499465	1.00003042147269
82.575	10.9	1.00003656500895	0.800853642682724	-0.000216058299403596	5.98713573853275	1.00002925200716
82.725	10.9	1.00003515858873	0.800822007653853	-0.000208209704570979	5.86700666356188	1.00002812687099
82.875	10.9	1.00003380558027	0.800791528121374	-0.000200656651465813	5.74688237816987	1.00002704446422
83.025	10.9	1.00003250404767	0.800762160180312	-0.000193390389577155	5.62676270732298	1.00002600323814
83.175	10.9	1.00003125211771	0.800733861275313	-0.00018640231925426	5.50664748265518	1.00002500169417
83.325	10.9	1.00003004797831	0.800706590171632	-0.000179684006166934	5.38653654226174	1.00002403838265
83.475	10.9	1.0000288898768	0.800680306924809	-0.000173227193292572	5.26642973049747	1.00002311190144
83.625	10.9	1.00002777611857	0.800654972849176	-0.000167023810561281	5.14632689777984	1.00002222089486
83.775	10.9	1.00002670506635	0.800630550485405	-0.000161065982591512	5.02622790039693	1.00002136405308
83.925	10.9	1.00002567514038	0.800607003567349	-0.000155346034575331	4.90613260032034	1.0000205401123
84.075	10.9	1.00002468481897	0.800584296988208	-0.000149856496613328	4.78604086502315	1.00001974785518
84.225	10.9	1.00002373263807	0.800562396766258	-0.00014459010661971	4.6659525673029	1.00001898611046
84.375	10.9	1.00002281718746	0.800541270010642	-0.000139539811921778	4.54586758510986	1.00001825374997
84.525	10.9	1.00002193710202	0.800520884887474	-0.000134698769724442	4.42578580138104	1.00001754968162
84.675	10.9	1.00002109104922	0.800501210587019	-0.000130060346514309	4.30570710388031	1.00001687283938
84.825	10.9	1.00002027771911	0.800482217291836	-0.000125618116420397	4.1856313850447	1.00001622217529
84.975	10.9	1.00001949582842	0.800463876145271	-0.000121365858710269	4.06555854183596	1.00001559666273
85.125	10.9	1.00001874415018	0.800446159218516	-0.000117297554292016	3.94548847559555	1.00001499532014
85.275	10.9	1.00001802156911	0.800429039474131	-0.000113407381361072	3.82542109190041	1.00001441725529
85.425	10.9	1.00001732713787	0.800412490725079	-0.000109689710082428	3.70535630041825	1.0000138617103
85.575	10.9	1.00001666007829	0.800396487592342	-0.000106139096256958	3.58529401476478	1.00001332806263
85.725	10.9	1.00001601965894	0.800381005469225	-0.000102750273942466	3.46523415237155	1.00001281572716
85.875	10.9	1.00001540491912	0.800366020504894	-9.9518146846981e-05	3.34517663437738	1.00001232393529
86.025	10.9	1.00001481432483	0.800351509615711	-9.64377784495228e-05	3.22512138555411	1.00001185145986
86.175	10.9	1.00001424561298	0.800337450516883	-9.35043805790252e-05	3.1050683342608	1.00001139649039
86.325	10.9	1.00001369620282	0.800323821738357	-9.07133002460112e-05	2.98501741238988	1.00001095696225
86.475	10.9	1.00001316445201	0.800310602561402	-8.80600041892837e-05	2.86496855523748	1.00001053156161
86.625	10.9	1.00001265153665	0.800297772814459	-8.55400604615264e-05	2.74492170122742	1.00001012122932
86.775	10.9	1.00001216285307	0.800285312531779	-8.31491159684204e-05	2.62487679148168	1.00000973028246
86.925	10.9	1.00001170698197	0.800273201618177	-8.08828687919846e-05	2.50483376937761	1.00000936558557
87.075	10.9	1.00001129029543	0.800261419829825	-7.87370342565794e-05	2.38479258041797	1.00000903223634
87.225	10.9	1.00001090726818	0.800249947442954	-7.67073043622382e-05	2.26475317282973	1.00000872581455
87.375	10.9	1.00001053086303	0.800238766751243	-7.47893010296175e-05	2.14471549909433	1.00000842469043
87.525	10.9	1.00001011255785	0.80022786388412	-7.2978524122443e-05	2.02467951794361	1.00000809004628
87.675	10.9	1.00000960361466	0.800217229505844	-7.12702934703757e-05	1.9046451953391	1.00000768289173
87.825	10.9	1.00000900224106	0.800206856316821	-6.96596791336431e-05	1.7846125021732	1.00000720179284
87.975	10.9	1.00000841137615	0.800196731915586	-6.81414049675167e-05	1.66458140694086	1.00000672910092
88.125	10.9	1.00000806294388	0.800186828401471	-6.67097006712247e-05	1.54455186448502	1.00000645035511
88.275	10.9	1.00000824421427	0.80017709495531	-6.53580744241896e-05	1.4245238071311	1.00000659537142
88.425	10.9	1.0000090807952	0.800167464191854	-6.40789942245054e-05	1.30449714980145	1.00000726463616
88.575	10.9	1.00001021727397	0.80015788247466	-6.28635107446591e-05	1.18447182091896	1.00000817381917
88.725	10.9	1.00001058692984	0.800148362988326	-6.17009234766027e-05	1.06444781975405	1.00000846954388
88.875	10.9	1.00000860506257	0.800139036386	-6.05786514845698e-05	0.944425275624408	1.00000688405006
89.025	10.9	1.00000310644742	0.800130145720572	-5.94824538457189e-05	0.824404452914054	1.00000248515794
89.175	10.9	0.999995000456045	0.80012192282195	-5.8396978099389e-05	0.704385631768362	0.999996000364836
89.325	10.9	0.999988877802406	0.800114324081953	-5.73062871521294e-05	0.584368832375758	0.999991102241925
89.475	10.9	0.999992926077925	0.800106715317441	-5.61936877807739e-05	0.464353466409087	0.99999434086234
89.625	10.9	1.00001519623251	0.800097753169337	-5.50402756393148e-05	0.344338172095489	1.00001215698601
89.775	10.9	1.00005549762006	0.80007520432304	-5.38227202252048e-05	0.224321218202693	1.00004439809604
89.925	10.9	1.0000956376601	0.400095633623604	-5.25147747434832e-05	0.104304950463681	1.00007651012808
0.075	11.1	2.22972261218273e-30	0.399999391809358	-6.86242121006074e-06	36.0880575597482	0.2
0.225	11.1	3.03443228931406e-30	0.799998174520122	-6.87270051336185e-06	36.0640575962396	0.2
0.375	11.1	-2.25903639274663e-31	0.799996954506214	-6.89327808503509e-06	36.040057669277	0.2
0.525	11.1	-1.4424618718247e-30	0.799995729944918	-6.92419220702602e-06	36.0160577789693	0.2
0.675	11.1	-1.21763482686745e-29	0.799994499005504	-6.96549968845506e-06	35.9920579254803	0.2
0.825	11.1	-1.63934009795561e-29	0.799993259845201	-7.01727743077592e-06	35.9680581090289	0.2
0.975	11.1	-3.05150059178512e-29	0.799992010605465	-7.07962031087121e-06	35.9440583298896	0.2
1.125	11.1	-2.53838114561507e-29	0.799990749409037	-7.15264282692205e-06	35.9200585883926	0.2
1.275	11.1	-2.27694484066088e-29	0.799989474356602	-7.23647811877391e-06	35.896058884925	0.2
1.425	11.1	1.7545272382121e-29	0.799988183522701	-7.33127904666562e-06	35.8720592199312	0.2
1.575	11.1	5.87863174209626e-29	0.799986874953137	-7.43721654095857e-06	35.8480595939137	0.2
1.725	11.1	1.40045381136956e-28	0.799985546661127	-7.55448170437417e-06	35.824060007434	0.2
1.875	11.1	1.91067051663277e-28	0.799984196624384	-7.68328408830178e-06	35.800060461114	0.2
2.025	11.1	2.37763247534793e-28	0.799982822780057	-7.82385260866111e-06	35.7760609556366	0.2
2.175	11.1	1.71391572092843e-28	0.799981423024163	-7.97643554391135e-06	35.7520614917472	0.2
2.325	11.1	2.66211396749602e-29	0.799979995205722	-8.14130064751235e-06	35.7280620702551	0.2
2.475	11.1	-2.97928302191438e-28	0.799978537123758	-8.31873554745169e-06	35.7040626920348	0.2
2.625	11.1	-6.76660085043942e-28	0.799977046525031	-8.50904671229869e-06	35.6800633580277	0.2
2.775	11.1	-1.11388654902489e-27	0.799975521099067	-8.71256186383404e-06	35.6560640692433	0.2
2.925	11.1	-1.31282737465228e-27	0.799973958475979	-8.92962818438509e-06	35.6320648267617	0.2
3.075	11.1	-1.17736863094388e-27	0.799972356221103	-9.1606137599897e-06	35.6080656317348	0.2
3.225	11.1	-3.47816061224894e-28	0.799970711833439	-9.40590774955982e-06	35.5840664853885	0.2
3.375	11.1	1.09405471036742e-27	0.799969022739355	-9.66592097630325e-06	35.5600673890248	0.2
3.525	11.1	3.15995546874684e-27	0.799967286292292	-9.94108522444572e-06	35.5360683440241	0.2
3.675	11.1	5.11444645239835e-27	0.799965499765088	-1.02318556892675e-05	35.5120693518473	0.2
3.825	11.1	6.29925953735686e-27	0.799963660348503	-1.05387102486868e-05	35.4880704140382	0.2
3.975	11.1	5.38515964283808e-27	0.799961765146465	-1.08621501605763e-05	35.4640715322263	0.2
4.125	11.1	1.77514203131025e-27	0.799959811171283	-1.12027009955013e-05	35.4400727081294	0.2
4.275	11.1	-4.98053404315268e-27	0.799957795340334	-1.1560913641359e-05	35.4160739435561	0.2
4.425	11.1	-1.33526935555579e-26	0.79995571447077	-1.19373646442118e-05	35.392075240409	0.2
4.575	11.1	-2.09380202784146e-26	0.7999535652747	-1.23326569672364e-05	35.3680766006878	0.2
4.725	11.1	-2.32071185669918e-26	0.799951344355963	-1.27474219724695e-05	35.3440780264925	0.2
4.875	11.1	-1.64555554204443e-26	0.799949048203044	-1.31823182485245e-05	35.3200795200265	0.2
5.025	11.1	2.01372633194591e-27	0.799946673185579	-1.36380348982646e-05	35.2960810836003	0.2
5.175	11.1	2.91809651959899e-26	0.799944215548196	-1.4115291588134e-05	35.2720827196353	0.2
5.325	11.1	5.68150951000616e-26	0.799941671405513	-1.46148392650804e-05	35.2480844306674	0.2
5.475	11.1	6.91257052081475e-26	0.799939036735717	-1.51374618832567e-05	35.224086219351	0.2
5.625	11.1	4.98529995432455e-26	0.799936307375764	-1.56839777143961e-05	35.2000880884633	0.2
5.775	11.1	-1.25412437103824e-26	0.799933479013753	-1.62552403015891e-05	35.1760900409085	0.2
5.925	11.1	-1.09663193067282e-25	0.799930547184149	-1.68521398875254e-05	35.1520920797224	0.2
6.075	11.1	-2.07153379479303e-25	0.799927507259539	-1.74756050708719e-05	35.1280942080774	0.2
6.225	11.1	-2.38457020934275e-25	0.799924354445015	-1.81266035733138e-05	35.1040964292869	0.2
6.375	11.1	-1.25056023943148e-25	0.799921083770605	-1.88061447028199e-05	35.0800987468107	0.2
6.525	11.1	1.9202276719117e-25	0.79991769008326	-1.95152799493277e-05	35.0561011642606	0.2
6.675	11.1	6.8971895425951e-25	0.799914168040196	-2.02551054409572e-05	35.0321036854057	0.2
6.825	11.1	1.21186492199017e-24	0.799910512100055	-2.10267625895521e-05	35.0081063141782	0.2
6.975	11.1	1.43416131995248e-24	0.799906716515174	-2.18314415324644e-05	34.9841090546797	0.2
7.125	11.1	9.19728524539784e-25	0.799902775321749	-2.26703806224942e-05	34.9601119111873	0.2
7.275	11.1	-7.3186315390921e-25	0.799898682333183	-2.354487054486e-05	34.9361148881604	0.2
7.425	11.1	-3.59751778887655e-24	0.799894431128506	-2.4456254317841e-05	34.9121179902473	0.2
7.575	11.1	-7.1029934435311e-24	0.799890015043626	-2.54059309042961e-05	34.8881212222927	0.2
7.725	11.1	-9.74384667357458e-24	0.799885427161735	-2.639535601241e-05	34.8641245893447	0.2
7.875	11.1	-9.11690094535793e-24	0.799880660302647	-2.74260447599778e-05	34.840128096663	0.2
8.025	11.1	-2.4407370957454e-24	0.799875707011367	-2.84995737502135e-05	34.8161317497266	0.2
8.175	11.1	1.22099240078564e-23	0.799870559548285	-2.961758411873e-05	34.7921355542423	0.2
8.325	11.1	3.40704891284087e-23	0.79986520987597	-3.0781781693699e-05	34.7681395161537	0.2
8.475	11.1	5.75880038948161e-23	0.799859649649076	-3.19939422447036e-05	34.7441436416497	0.2
8.625	11.1	7.10249634456843e-23	0.79985387020063	-3.32559114764149e-05	34.7201479371747	0.2
8.775	11.1	5.70534497992936e-23	0.799847862528614	-3.45696096838837e-05	34.6961524094377	0.2
8.925	11.1	-2.95215563386424e-24	0.799841617284796	-3.59370322260923e-05	34.672157065423	0.2
9.075	11.1	-1.1979274328683e-22	0.799835124758896	-3.73602542864163e-05	34.6481619124006	0.2
9.225	11.1	-2.82694033171831e-22	0.799828374865083	-3.88414321766232e-05	34.6241669579375	0.2
9.375	11.1	-4.44350040194253e-22	0.799821357127334	-4.03828071334181e-05	34.6001722099087	0.2
9.525	11.1	-5.12254499087464e-22	0.799814060663545	-4.19867077563828e-05	34.5761776765098	0.2
9.675	11.1	-3.58130404530253e-22	0.799806474170225	-4.36555535524475e-05	34.5521833662689	0.2
9.825	11.1	1.42044398447608e-22	0.799798585905046	-4.53918577475081e-05	34.5281892880596	0.2
9.975	11.1	1.03116889942374e-21	0.799790383671855	-4.71982301042286e-05	34.5041954511146	0.2
10.125	11.1	2.16843844398412e-21	0.799781854800755	-4.90773809379517e-05	34.4802018650393	0.2
10.275	11.1	3.13901258204902e-21	0.799772986131345	-5.10321246785329e-05	34.4562085398265	0.2
10.425	11.1	3.24280230517609e-21	0.799763763992938	-5.30653822601765e-05	34.4322154858714	0.2
10.575	11.1	1.64252540425485e-21	0.799754174186994	-5.51801859913732e-05	34.408222713987	0.2
10.725	11.1	-2.27204420944264e-21	0.79974420196393	-5.73796819597663e-05	34.3842302354202	0.2
10.875	11.1	-8.3260645654095e-21	0.799733832005038	-5.96671350055377e-05	34.3602380618691	0.2
11.025	11.1	-1.49647636621191e-20	0.799723048400065	-6.20459319348988e-05	34.3362462054999	0.2
11.175	11.1	-1.89395381277116e-20	0.799711834625004	-6.4519584848367e-05	34.3122546789651	0.2
11.325	11.1	-1.57039586012284e-20	0.799700173518415	-6.70917363589025e-05	34.2882634954224	0.2
11.475	11.1	-9.0872956718768e-22	0.799688047259361	-6.97661621691237e-05	34.264272668554	0.2
11.625	11.1	2.69201282391398e-20	0.799675437342029	-7.25467765074823e-05	34.2402822125868	0.2
11.775	11.1	6.30482404524101e-20	0.799662324551128	-7.54376355327703e-05	34.2162921423135	0.2
11.925	11.1	9.39085356296428e-20	0.799648688935484	-7.84429418807154e-05	34.1923024731138	0.2
12.075	11.1	9.73178395458107e-20	0.799634509781109	-8.15670483324046e-05	34.1683132209774	0.2
12.225	11.1	4.78502821415054e-20	0.799619765585585	-8.48144627965739e-05	34.1443244025269	0.2
12.375	11.1	-7.12852494093685e-20	0.799604434026904	-8.81898518469625e-05	34.1203360350422	0.2
12.525	11.1	-2.51143080836009e-19	0.799588491937297	-9.16980452717196e-05	34.0963481364853	0.2
12.675	11.1	-4.40067885015328e-19	0.799571915272245	-9.53440415217613e-05	34.072360725526	0.2
12.825	11.1	-5.36788964123887e-19	0.799554679077876	-9.91330091029192e-05	34.048373821569	0.2
12.975	11.1	-4.06180753339313e-19	0.799536757463797	-0.000103070293667647	34.0243874447813	0.2
13.125	11.1	7.18737339517055e-20	0.799518123567007	-0.000107161420263251	34.0004016161211	0.2
13.275	11.1	9.20304158779496e-19	0.799498749521314	-0.000111412098409263	33.9764163573673	0.2
13.425	11.1	1.96805372159673e-18	0.799478606420966	-0.000115828224918497	33.9524316911499	0.2
13.575	11.1	2.7819564790551e-18	0.799457664290145	-0.000120415888458019	33.928447640982	0.2
13.725	11.1	2.69108423537113e-18	0.799435892043583	-0.000125181371868466	33.9044642312925	0.2
13.875	11.1	9.68979775516002e-19	0.799413257453812	-0.000130131157103839	33.8804814874594	0.2
14.025	11.1	-2.79575545643216e-18	0.799389727112106	-0.000135271926192256	33.8564994358452	0.2
14.175	11.1	-8.19215727801565e-18	0.799365266393298	-0.000140610565566545	33.8325181038327	0.2
14.325	11.1	-1.35175619172094e-17	0.799339839417881	-0.000146154166762657	33.8085375198616	0.2
14.475	11.1	-1.56485209604735e-17	0.799313409012055	-0.000151910028627655	33.7845577134676	0.2
14.625	11.1	-1.06176237028644e-17	0.799285936671488	-0.000157885658656229	33.7605787153209	0.2
14.775	11.1	4.83094358084762e-18	0.799257382521147	-0.00016408877351818	33.7366005572673	0.2
14.925	11.1	3.07627774872291e-17	0.799227705276257	-0.000170527297850757	33.7126232723696	0.2
15.075	11.1	6.12847299657467e-17	0.799196862204097	-0.00017720936452918	33.6886468949507	0.2
15.225	11.1	8.28266088242528e-17	0.799164809083299	-0.000184143311245465	33.6646714606374	0.2
15.375	11.1	7.53553457014014e-17	0.799131500166655	-0.000191337679006547	33.6406970064057	0.2
15.525	11.1	1.8329310082969e-17	0.799096888142462	-0.000198801205739455	33.6167235706274	0.2
15.675	11.1	-9.79728094940757e-17	0.799060924093923	-0.000206542822625384	33.5927511931172	0.2
15.825	11.1	-2.57650150635254e-16	0.799023557466743	-0.000214571645269237	33.5687799151818	0.2
15.975	11.1	-4.06412945411364e-16	0.798984736029202	-0.000222896965577565	33.5448097796692	0.2
16.125	11.1	-4.4988408744436e-16	0.798944405838655	-0.000231528240236528	33.52084083102	0.2
16.275	11.1	-2.73361530422665e-16	0.798902511209982	-0.000240475078124554	33.4968731153189	0.2
16.425	11.1	2.0998705071171e-16	0.798858994682398	-0.000249747223229601	33.4729066803474	0.2
16.575	11.1	9.85830908263555e-16	0.798813796993102	-0.000259354538283107	33.4489415756379	0.200000000000001
16.725	11.1	1.86076407352876e-15	0.79876685705022	-0.000269306981211267	33.4249778525278	0.200000000000001
16.875	11.1	2.4202639402593e-15	0.798718111912025	-0.000279614580354085	33.4010155642149	0.200000000000002
17.025	11.1	2.07690779782539e-15	0.798667496768791	-0.000290287406187649	33.3770547658131	0.200000000000002
17.175	11.1	2.57939527489285e-16	0.798614944928158	-0.000301335537302679	33.3530955144088	0.2
17.325	11.1	-3.25641982902595e-15	0.798560387809642	-0.000312769021384463	33.3291378691174	0.199999999999997
17.475	11.1	-7.90856329201168e-15	0.798503754941256	-0.000324597832929995	33.3051818911402	0.199999999999994
17.625	11.1	-1.20211838905079e-14	0.798444973966226	-0.000336831821309715	33.2812276438209	0.19999999999999
17.775	11.1	-1.28007318603928e-14	0.798383970655447	-0.00034948065512067	33.2572751927022	0.19999999999999
17.925	11.1	-6.97680614143045e-15	0.79832066893262	-0.000362553757249864	33.2333246055816	0.199999999999994
18.075	11.1	7.7479415736313e-15	0.798254990906852	-0.000376060232483292	33.2093759525663	0.200000000000006
18.225	11.1	3.05744960468882e-14	0.798186856918335	-0.000390008782437374	33.1854293061272	0.200000000000024
18.375	11.1	5.54441066354095e-14	0.798116185597001	-0.000404407615237241	33.1614847411512	0.200000000000044
18.525	11.1	7.00234881240728e-14	0.798042893940683	-0.000419264338827144	33.1375423349914	0.200000000000056
18.675	11.1	5.73776195517049e-14	0.797966897402524	-0.000434585842134304	33.1136021675147	0.200000000000046
18.825	11.1	1.64547119695519e-15	0.797888110007158	-0.000450378161435202	33.0896643211472	0.200000000000001
18.975	11.1	-1.02118036957358e-13	0.797806444481327	-0.000466646332092577	33.0657288809143	0.199999999999918
19.125	11.1	-2.35978334538062e-13	0.797721812414846	-0.000483394217938963	33.0417959344783	0.199999999999811
19.275	11.1	-3.49983887400556e-13	0.797634124445037	-0.000500624323499596	33.0178655721695	0.19999999999972
19.425	11.1	-3.63352450241576e-13	0.797543290476526	-0.000518337580829929	32.9939378870117	0.199999999999709
19.575	11.1	-1.83947335191803e-13	0.797449219932766	-0.000536533111668975	32.970012974741	0.199999999999853
19.725	11.1	2.49593187391866e-13	0.797351822048763	-0.000555207960612583	32.9460909338158	0.2000000000002
19.875	11.1	9.07752836785657e-13	0.797251006208576	-0.000574356795467093	32.922171865418	0.200000000000726
20.025	11.1	1.61068021592848e-12	0.797146682330051	-0.000593971572489145	32.8982558734431	0.200000000001289
20.175	11.1	2.00311047535551e-12	0.79703876130632	-0.000614041160212947	32.8743430644779	0.200000000001603
20.325	11.1	1.6062290593448e-12	0.796927155511705	-0.000634550919486051	32.8504335477643	0.200000000001285
20.475	11.1	-1.85200410362027e-14	0.796811779371189	-0.00065548223222713	32.8265274351469	0.199999999999985
20.625	11.1	-2.99195235291512e-12	0.796692550015005	-0.000676811974561061	32.802624841002	0.199999999997606
20.775	11.1	-6.78595286814876e-12	0.796569388014505	-0.000698511925435166	32.7787258821465	0.199999999994571
20.925	11.1	-9.97783278182471e-12	0.796442218218121	-0.000720548106488136	32.7548306777225	0.199999999992018
21.075	11.1	-1.02969242035752e-11	0.796310970696854	-0.000742880040910508	32.7309393490554	0.199999999991762
21.225	11.1	-5.17868490889486e-12	0.796175581809957	-0.000765459923712932	32.7070520194826	0.199999999995857
21.375	11.1	7.06161788006249e-12	0.796035995411881	-0.000788231693570204	32.6831688141477	0.200000000005649
21.525	11.1	2.55730705964492e-11	0.795892164206539	-0.000811129991431983	32.6592898597566	0.200000000020458
21.675	11.1	4.5346464162532e-11	0.795744051279837	-0.00083407899711651	32.6354152842905	0.200000000036277
21.825	11.1	5.65435833714529e-11	0.795591631819706	-0.00085699112596235	32.6115452166711	0.200000000045235
21.975	11.1	4.592568490207e-11	0.795434895052861	-0.000879765570677073	32.5876797863705	0.200000000036741
22.125	11.1	1.31502490608336e-12	0.795273846421027	-0.000902286669532854	32.5638191229592	0.200000000001052
22.275	11.1	-8.08733982940895e-11	0.795108510024203	-0.000924422079296454	32.539963355585	0.199999999935301
22.425	11.1	-1.8663645661048e-10	0.794938931364592	-0.000946020725733014	32.5161126123731	0.199999999850691
22.575	11.1	-2.77630015769577e-10	0.79476518042695	-0.000966910504389079	32.4922670197387	0.199999999777896
22.725	11.1	-2.92147915492727e-10	0.794587355140605	-0.000986895693739726	32.4684267016005	0.199999999766282
22.875	11.1	-1.595695214061e-10	0.794405585267107	-0.00100575404902176	32.444591778486	0.199999999872344
23.025	11.1	1.68640203276816e-10	0.794220036775056	-0.00102323353506723	32.4207623665149	0.200000000134912
23.175	11.1	6.74736626217125e-10	0.794030916759958	-0.0010390486632777	32.3969385762473	0.200000000539789
23.325	11.1	1.23045917184302e-09	0.793838478972099	-0.00105287640208689	32.3731205113807	0.200000000984367
23.475	11.1	1.57646762336074e-09	0.793643030022468	-0.00106435162430917	32.3493082672746	0.200000001261174
23.625	11.1	1.35546731346732e-09	0.793444936332552	-0.00107306206102132	32.3255019292791	0.200000001084374
23.775	11.1	2.24354342947522e-10	0.793244631900338	-0.00107854271052417	32.3017015708365	0.200000000179483
23.925	11.1	-1.95113617161236e-09	0.793042626969523	-0.00108026961931118	32.2779072513223	0.199999998439091
24.075	11.1	-4.856742417301e-09	0.792839517709473	-0.00107765291100931	32.2541190135897	0.199999996114606
24.225	11.1	-7.53584418037046e-09	0.792635997046801	-0.00107002887727483	32.2303368811839	0.199999993971325
24.375	11.1	-8.38000444791508e-09	0.792432866862339	-0.00105665089863661	32.2065608552004	0.199999993295996
24.525	11.1	-5.45481084206669e-09	0.792231051790881	-0.00103667895519273	32.1827909107659	0.199999995636151
24.675	11.1	2.74458082800462e-09	0.792031614929609	-0.00100916754362322	32.1590269931301	0.200000002195665
24.825	11.1	1.61631306522188e-08	0.79183577573687	-0.000973051967123691	32.1352690133485	0.200000012930505
24.975	11.1	3.19721760727688e-08	0.791644930353825	-0.000927133210164258	32.1115168435143	0.200000025577741
25.125	11.1	4.38324716973374e-08	0.791460674431968	-0.000870061879006455	32.0877703114527	0.200000035065977
25.275	11.1	4.23831406314295e-08	0.79128482839737	-0.000800321882836741	32.0640291947224	0.200000033906513
25.425	11.1	1.76586757804174e-08	0.791119464940024	-0.000716214480650598	32.0402932136999	0.200000014126941
25.575	11.1	-3.6300142892713e-08	0.790966938529695	-0.00061584282780424	32.0165620234731	0.199999970959886
25.725	11.1	-1.15273182804445e-07	0.790829917087354	-0.000497096153519733	31.9928352042791	0.199999907781454
25.875	11.1	-1.99012567106153e-07	0.79071141659214	-0.000357631214900537	31.9691122503266	0.199999840789946
26.025	11.1	-2.4886294253068e-07	0.790614840443269	-0.000194847102498814	31.9453925570503	0.199999800909646
26.175	11.1	-2.12641740550388e-07	0.790544026499439	-5.84848514683044e-06	31.9216754071212	0.199999829886608
26.325	11.1	-3.9855766154813e-08	0.790503305475347	0.000212607067503913	31.897959955805	0.199999968115387
26.475	11.1	2.92376089188249e-07	0.790497574083114	0.000464179021121977	31.8742452163541	0.200000233900871
26.625	11.1	7.4714335297018e-07	0.790532384343556	0.000753026409410278	31.8505300458906	0.200000597714682
26.775	11.1	1.19989938717206e-06	0.790614046517394	0.0010838898954278	31.8268131315397	0.20000095991951
26.925	11.1	1.43106845490325e-06	0.790749737570146	0.00146215149261722	31.8030929754218	0.200001144854764
27.075	11.1	1.15717618154843e-06	0.790947601500552	0.00189384460582563	31.7793678756974	0.200000925740945
27.225	11.1	1.13690723669717e-07	0.791216824955377	0.00238558970142791	31.755635899668	0.200000090952579
27.375	11.1	-1.81126852485512e-06	0.791567674772382	0.00294444618904184	31.7318948446111	0.19999855098518
27.525	11.1	-4.4160826821044e-06	0.792011496562105	0.00357770096282324	31.7081421832796	0.199996467133854
27.675	11.1	-7.04875988070485e-06	0.792560696265349	0.00429265535923828	31.6843749942385	0.199994360992095
27.825	11.1	-8.56809586955097e-06	0.793228756903362	0.0050965147625516	31.6605898822805	0.199993145523304
27.975	11.1	-7.48307926854017e-06	0.794030372144883	0.00599651111398893	31.6367828999748	0.199994013536585
28.125	11.1	-2.32767451858029e-06	0.794981792903789	0.007000376132131	31.6129494859819	0.199998137860385
28.275	11.1	7.73151522646768e-06	0.79610146590557	0.00811721238402624	31.5890844365107	0.200006185212181
28.425	11.1	2.21498038676727e-05	0.79741097922877	0.00935867302542282	31.5651819208106	0.200017719843094
28.575	11.1	3.83231510928001e-05	0.798936214774401	0.0107401745583466	31.5412355387577	0.200030658520874
28.725	11.1	5.1260219040587e-05	0.80070845559667	0.0122816753411745	31.5172383996634	0.200041008175232
28.875	11.1	5.39215066787485e-05	0.802765044573077	0.0140074272180437	31.4931831807441	0.200043137205343
29.025	11.1	3.84620412474429e-05	0.805149098000738	0.015944130054312	31.4690621082768	0.200030769632998
29.175	11.1	-1.58357386852332e-06	0.807907809550611	0.0181171534956508	31.4448668026214	0.199998733140905
29.325	11.1	-6.8434715245011e-05	0.811089091393333	0.0205449533928702	31.4205879467554	0.199945252227804
29.475	11.1	-0.000157116245766851	0.814736711430509	0.0232324470494146	31.396214778734	0.199874307003386
29.625	11.1	-0.000253302040639954	0.818884665104316	0.0261647858614809	31.3717344660792	0.199797358367488
29.775	11.1	-0.000332918435428779	0.823552160138831	0.0293034668158304	31.3471314808654	0.199733665251657
29.925	11.1	-0.00036429448088394	0.828741099582025	0.0325868029447434	31.3223871386381	0.199708564415293
30.075	11.1	-0.000313161281372107	0.834438055383846	0.0359361964417977	31.2974794722845	0.199749470974902
30.225	11.1	-0.00015008106321244	0.840622160521157	0.0392683315454867	31.2723835706008	0.19987993514943
30.375	11.1	0.000140907326295766	0.847278984828624	0.0425115080848151	31.2470724214055	0.200112725861037
30.525	11.1	0.00055427609956815	0.85441849118379	0.0456224075968967	31.2215181784351	0.200443420879655
30.675	11.1	0.00105772728903505	0.862093181371203	0.0485984125259418	31.1956936518348	0.200846181831228
30.825	11.1	0.00159144909211536	0.870411344520115	0.0514808929219352	31.1695737412768	0.201273159273692
30.975	11.1	0.00207287863675719	0.879540546562988	0.0543468316319968	31.143136519481	0.201658302909406
31.125	11.1	0.00240672052917547	0.88969821350947	0.0572892453120372	31.1163637450888	0.20192537642334
31.275	11.1	0.00249867404823083	0.901128809089996	0.0603900183499921	31.0892407254812	0.201998939238585
31.425	11.1	0.00227030954500922	0.914069854589287	0.0636909504438977	31.0617556260228	0.201816247636007
31.575	11.1	0.00167211189903418	0.928711244608427	0.0671694612733673	31.0338984810421	0.201337689519227
31.725	11.1	0.000692022854287997	0.945153753866655	0.0707245300128952	31.0056602531568	0.20055361828343
31.875	11.1	-0.000642201906609744	0.963373347121294	0.0741764717367722	30.9770322794904	0.199486238474712
32.025	11.1	-0.00226711707059213	0.983197870107759	0.0772815361752599	30.9480063355776	0.198186306343526
32.175	11.1	-0.00409308103650151	1.00430164725371	0.0797594774976561	30.918575373206	0.196725535170799
32.325	11.1	-0.00601695517257461	1.02622110726056	0.0813296202231672	30.8887348018689	0.19518643586194
32.475	11.1	-0.00793540526047548	1.04839082057576	0.0817490518758044	30.8584840411063	0.19365167579162
32.625	11.1	-0.00975642401086293	1.07019498066386	0.0808459340242496	30.8278280100822	0.19219486079131
32.775	11.1	-0.0114074325272537	1.09102572671155	0.0785418608393199	30.7967782485078	0.190874053978197
32.925	11.1	-0.0128392970090407	1.11033815661852	0.0748595973546911	30.7653534590466	0.189728562392767
33.075	11.1	-0.014026516000189	1.12769306536706	0.0699157831803648	30.7335793898403	0.188778787199849
33.225	11.1	-0.0149644731897388	1.14278189764849	0.0639013453449226	30.7014881002825	0.188028421448209
33.375	11.1	-0.0156649253741064	1.15543279081778	0.0570545166313085	30.6691167469579	0.187468059700715
33.525	11.1	-0.016150849149222	1.16560041516986	0.0496320050083448	30.6365060772597	0.187079320680622
33.675	11.1	-0.0164515277593381	1.17334462497401	0.0418830850204571	30.6036988268014	0.18683877779253
33.825	11.1	-0.0165984578528901	1.17880352855786	0.0340297142547633	30.5707381945619	0.186721233717688
33.975	11.1	-0.0166223861568799	1.18216588047819	0.0262538930965445	30.5376665320525	0.186702091074496
34.125	11.1	-0.0165515687838185	1.18364632074276	0.0186919210635477	30.5045243419972	0.186758744972945
34.275	11.1	-0.0164111448024229	1.18346546089134	0.0114342286547658	30.4713496416464	0.186871084158062
34.425	11.1	-0.0162232884495802	1.18183544355206	0.00452910565490677	30.4381776998751	0.187021369240336
34.575	11.1	-0.0160075692427554	1.17895050206128	-0.00201122936497678	30.4050410967854	0.187193944605796
34.725	11.1	-0.0157808297524468	1.17498128953136	-0.00820339157282308	30.3719699813823	0.187375336198043
34.875	11.1	-0.0155560892975319	1.17007144606168	-0.0140852246489117	30.3389923425397	0.187555128561974
35.025	11.1	-0.0153406513117913	1.16433517395464	-0.0197085181030308	30.3061341112345	0.187727478950567
35.175	11.1	-0.01513463133021	1.15785552316104	-0.0251330210016514	30.2734190304817	0.187892294935832
35.325	11.1	-0.0149320124006179	1.15068436975719	-0.0304232423832639	30.2408684717992	0.188054390079506
35.475	11.1	-0.0147261901345289	1.14284598148219	-0.0356496980521403	30.2085016562831	0.188219047892377
35.625	11.1	-0.0145199588096069	1.13434560681339	-0.0408951965265371	30.1763368570426	0.188384032952314
35.775	11.1	-0.0143359891294007	1.12518198759447	-0.046263793035922	30.1443938762311	0.188531208696479
35.925	11.1	-0.01421959279238	1.11535855823957	-0.0518856589838171	30.1126972810052	0.188624325766096
36.075	11.1	-0.0142241699257937	1.10488461312273	-0.0579076524288357	30.0812787494205	0.188620664059365
36.225	11.1	-0.0143749135724022	1.09375830151958	-0.0644607458687222	30.0501760601743	0.188500069142078
36.375	11.1	-0.0146197474778331	1.08193063405383	-0.0716057390335226	30.0194266947822	0.188304202017734
36.525	11.1	-0.0147946190754697	1.06926394139923	-0.0792799308075597	29.9890564347691	0.188164304739624
36.675	11.1	-0.0146431704959028	1.05551559150128	-0.0872955391641929	29.9590675029472	0.188285463603278
36.825	11.1	-0.0139246300116601	1.04038684008652	-0.0954571802258638	29.9294349620232	0.188860295990672
36.975	11.1	-0.0126081973231693	1.02365647179623	-0.103835841540931	29.9001211729781	0.189913442141465
37.125	11.1	-0.0110901190950307	1.00535755273033	-0.113141832679484	29.8711131247844	0.191127904723975
37.275	11.1	-0.0103041355636223	0.985891058731637	-0.125034577180691	29.8424756082126	0.191756691549102
37.425	11.1	-0.0115689602181762	0.965977635853283	-0.142193269862942	29.8143977624894	0.190744831825459
37.575	11.1	-0.016073411842902	0.946426367026596	-0.168022967249784	29.7871990357032	0.187141270525678
37.725	11.1	-0.0240575438590779	0.927710587698818	-0.205753383488401	29.7612631326541	0.180753964912738
37.875	11.1	-0.0339578617738622	0.909164149745426	-0.25623582917905	29.7368928255978	0.17283371058091
38.025	11.1	-0.0419285994189471	0.887467917287347	-0.313610727759173	29.7141228685958	0.166457120464842
38.175	11.1	-0.042103940851265	0.855261729039276	-0.36095868491784	29.6925752193928	0.166316847318988
38.325	11.1	-0.027686342388891	0.804282345725143	-0.375387453890287	29.6714495382738	0.177850926088887
38.475	11.1	0.00746201056550938	0.734807284257863	-0.347278361286955	29.6496625113855	0.205969608452407
38.625	11.1	0.0672640537470972	0.658430696722876	-0.290494263529413	29.6260451476859	0.253811242997678
38.775	11.1	0.152209888233199	0.587888538003377	-0.227131176361426	29.5995273773166	0.321767910586559
38.925	11.1	0.258570537597971	0.529408634780589	-0.171214934520063	29.5692960477265	0.406856430078377
39.075	11.1	0.378458914017176	0.483654387264332	-0.12710582235774	29.5349093851568	0.502767131213741
39.225	11.1	0.501309752138329	0.448862289949247	-0.0941351236596128	29.4963463890914	0.601047801710663
39.375	11.1	0.616571689808398	0.422716578449417	-0.0701004329595127	29.4539730773633	0.693257351846718
39.525	11.1	0.71633402521054	0.403088993726411	-0.0527717077393738	29.4084309763641	0.773067220168432
39.675	11.1	0.796589174184504	0.388256897596091	-0.0403329911769919	29.3604886110052	0.837271339347603
39.825	11.1	0.856907735552493	0.376915582028619	-0.0314198683953917	29.3109080645657	0.885526188441994
39.975	11.1	0.899242401050202	0.368112996812344	-0.0250405403271238	29.2603580253897	0.919393920840162
40.125	11.1	0.926674509352958	0.361165650766084	-0.0204825904245903	29.2093758091303	0.941339607482367
40.275	11.1	0.94251794151961	0.355583324243485	-0.0172346673719761	29.1583641658112	0.954014353215688
40.425	11.1	0.949826427023647	0.351011540623109	-0.0149274525113767	29.1076063306025	0.959861141618918
40.575	11.1	0.95119041069512	0.347191059798557	-0.0132912800124748	29.05728746438	0.960952328556096
40.725	11.1	0.948696306811513	0.343930425676197	-0.0121266196562337	29.0075161133924	0.958957045449211
40.875	11.1	0.943959989157027	0.341087546198379	-0.0112840297661528	28.9583431129261	0.955167991325622
41.025	11.1	0.938186610604371	0.338557203245816	-0.0106508294834654	28.9097773414818	0.950549288483497
41.175	11.1	0.932235411886774	0.336262338204315	-0.0101423212254827	28.8617985203292	0.945788329509419
41.325	11.1	0.926681954416113	0.334147694939935	-0.00969589651221365	28.8143674429436	0.941345563532891
41.475	11.1	0.921875841342739	0.332174930957767	-0.00926681038918744	28.7674339852703	0.937500673074191
41.625	11.1	0.917993502123504	0.330318678414197	-0.00882482116462751	28.7209431765382	0.934394801698803
41.775	11.1	0.915085563812711	0.328563285471388	-0.00835124650211136	28.674839568466	0.932068451050169
41.925	11.1	0.913118041460291	0.326900118793883	-0.0078362575753304	28.6290701347699	0.930494433168233
42.075	11.1	0.912006565803861	0.325325381149421	-0.00727640385593514	28.583585946244	0.929605252643089
42.225	11.1	0.911643190958251	0.323838417815992	-0.00667243713504909	28.5383428798295	0.9293145527666
42.375	11.1	0.911915849176441	0.322440475889189	-0.00602750824217808	28.4933016199176	0.929532679341153
42.525	11.1	0.912721063296498	0.321133861589031	-0.00534577525476794	28.4484271919851	0.930176850637198
42.675	11.1	0.913970951361206	0.319921425193669	-0.00463141616669942	28.4036882347159	0.931176761088965
42.825	11.1	0.915595793510972	0.318806296904737	-0.00388800067404678	28.3590561730306	0.932476634808778
42.975	11.1	0.917543474253345	0.317791800041244	-0.00311815305301576	28.3145044078478	0.934034779402676
43.125	11.1	0.919777001645802	0.31688147786284	-0.00232343132970688	28.2700075948764	0.935821601316641
43.275	11.1	0.922271095145311	0.316079183667351	-0.00150435322131773	28.2255410482354	0.937816876116249
43.425	11.1	0.925008581837767	0.315389197670324	-0.00066051169247762	28.1810802770867	0.940006865470214
43.575	11.1	0.927977091137968	0.314816346554979	0.000209261939071846	28.1366006449039	0.942381672910374
43.725	11.1	0.931166320320643	0.314366111407696	0.00110671466402493	28.0920771304889	0.944933056256515
43.875	11.1	0.934565972309615	0.314044716681377	0.00203398292058775	28.0474841657731	0.947652777847692
44.025	11.1	0.938164346762033	0.313859196957214	0.00299340326649164	28.0027955260494	0.950531477409626
44.175	11.1	0.941947491621408	0.313817439998302	0.00398732108670792	27.9579842519183	0.953557993297126
44.325	11.1	0.94589878657051	0.313928204511249	0.00501789221423068	27.9130225875455	0.956719029256408
44.475	11.1	0.949998823143859	0.314201109609614	0.00608687129088433	27.8678819257955	0.959999058515087
44.625	11.1	0.954225458905177	0.31464659091681	0.00719538181321504	27.8225327567226	0.963380367124141
44.775	11.1	0.958553947325815	0.315275816064354	0.00834366572960622	27.7769446213139	0.966843157860652
44.925	11.1	0.962957074651204	0.316100550608622	0.00953081479834002	27.7310860770423	0.970365659720963
45.075	11.1	0.967405265750595	0.317132964622148	0.0107544912879394	27.684924685515	0.973924212600476
45.225	11.1	0.971866649819854	0.318385370880781	0.0120106515245031	27.6384270351845	0.977493319855883
45.375	11.1	0.97630710200006	0.319869888033835	0.0132932916676127	27.5915588135623	0.981045681600048
45.525	11.1	0.980690297246326	0.321598026618434	0.014594240178003	27.5442849434856	0.984552237797061
45.675	11.1	0.984977827139683	0.323580202210379	0.0159030248481378	27.4965697965288	0.987982261711746
45.825	11.1	0.989129437847542	0.325825188031124	0.0172068430923394	27.4483774934781	0.991303550278034
45.975	11.1	0.993103447234207	0.328339528202815	0.0184906616320788	27.3996722968292	0.994482757787366
46.125	11.1	0.996857390566017	0.331126941482188	0.0197374652717479	27.3504190936288	0.997485912452814
46.275	11.1	1.00034892723531	0.334187752382209	0.0209286641529737	27.3005839590205	1.00027914178825
46.425	11.1	1.00353701618592	0.337518390754461	0.0220446553681815	27.250134782184	1.00282961294874
46.575	11.1	1.00638333709397	0.34111100105632	0.0230655194605275	27.1990419278715	1.00510666967518
46.725	11.1	1.00885390080276	0.344953198075899	0.0239718170442311	27.1472788995056	1.00708312064221
46.875	11.1	1.0109207598959	0.349027996998227	0.0247454377147093	27.0948229649133	1.00873660791672
47.025	11.1	1.01256370290863	0.35331393331073	0.0253704446031014	27.0416557041776	1.0100509623269
47.175	11.1	1.01377179757692	0.357785373785044	0.0258338548037006	26.98776344141	1.01101743806154
47.325	11.1	1.01454464283504	0.362413005601251	0.026126299007485	26.9331375285835	1.01163571426803
47.475	11.1	1.01489319765028	0.367164478500631	0.0262425125310573	26.8777744594756	1.01191455812023
47.625	11.1	1.01484007714867	0.372005166087531	0.026181623186353	26.8216758042776	1.01187206171893
47.775	11.1	1.0144192410819	0.376899007699666	0.0259472172014737	26.7648479691618	1.01153539286552
47.925	11.1	1.0136750434188	0.381809391434721	0.0255471807173014	26.7073017985303	1.01094003473504
48.075	11.1	1.01266066076768	0.386700041053357	0.0249933295952773	26.6490520493299	1.01012852861415
48.225	11.1	1.01143596713603	0.39153587329483	0.0243008533096551	26.590116775485	1.00914877370883
48.375	11.1	1.01006496891671	0.396283796371728	0.0234876090586085	26.5305166654103	1.00805197513337
48.525	11.1	1.00861295293934	0.400913424171223	0.0225733098478067	26.4702743763911	1.00689036235147
48.675	11.1	1.00714352839154	0.405397683689677	0.0215786552549684	26.4094139065296	1.00571482271324
48.825	11.1	1.00571575751038	0.409713295795761	0.0205244558818831	26.347960038517	1.0045726060083
48.975	11.1	1.00438156821488	0.413841112323474	0.0194308019544136	26.2859378805474	1.00350525457191
49.125	11.1	1.00318362361332	0.417766296638471	0.0183163228250965	26.2233725192845	1.00254689889066
49.275	11.1	1.00215378947262	0.42147834084713	0.0171975770133756	26.1602887890005	1.0017230315781
49.425	11.1	1.00131229394193	0.424970920850415	0.0160886019555005	26.096711150883	1.00104983515355
49.575	11.1	1.00066761839157	0.428241599923285	0.0150006394162159	26.0326636679217	1.00053409471325
49.725	11.1	1.00021709970697	0.431291401281592	0.013942037702024	25.9681700544336	1.00017367976558
49.875	11.1	0.999948168816892	0.434124278688805	0.0129183170170888	25.9032537755603	0.999958535053514
50.025	11.1	0.999840103308172	0.436746520114666	0.0119323712924879	25.8379381711088	0.999872082646537
50.175	11.1	0.999866138127504	0.439166121730377	0.0109847701943304	25.7722465797635	0.999892910502003
50.325	11.1	0.999995760160386	0.441392167728225	0.0100741198979967	25.7062024436134	0.999996608128309
50.475	11.1	1.00019701033247	0.443434245925364	0.00919744107252911	25.6398293785885	1.00015760826598
50.625	11.1	1.00043862920772	0.445301920857503	0.00835052715991969	25.5731512031649	1.00035090336617
50.775	11.1	1.00069190574418	0.447004276498586	0.00752825471901235	25.5061919249482	1.00055352459535
50.925	11.1	1.00093211997849	0.448549531455091	0.00672482924374344	25.4389756918567	1.00074569598279
51.075	11.1	1.00113950494734	0.449944721961362	0.00593396320488215	25.3715267210364	1.00091160395787
51.225	11.1	1.0012996877049	0.45119544346828	0.0051489968106067	25.3038692238513	1.00103975016392
51.375	11.1	1.00140360143244	0.452305640865568	0.00436298485765496	25.2360273488349	1.00112288114595
51.525	11.1	1.00144688906015	0.453277440740837	0.00356878377195262	25.1680251659486	1.00115751124812
51.675	11.1	1.00142884322752	0.454111026327321	0.00275918022429071	25.0998867144916	1.00114307458202
51.825	11.1	1.00135094819741	0.454804566153843	0.0019271052510916	25.0316361332187	1.00108075855793
51.975	11.1	1.00121510724468	0.455354219495682	0.00106597442334658	24.9632978844671	1.00097208579575
52.125	11.1	1.00102165481032	0.45575425361177	0.000170184402926238	24.8948970743591	1.00081732384825
52.275	11.1	1.00076726690839	0.455997317063485	-0.00076422109385415	24.8264598587372	1.00061381352671
52.425	11.1	1.00044289621969	0.456074917574777	-0.00173872677801038	24.7580139100434	1.00035431697575
52.575	11.1	1.00003187015016	0.455978149474407	-0.00275140239715935	24.6895889049388	1.00002549612013
52.725	11.1	0.999508300879603	0.455698702874899	-0.00379591129216273	24.6212169774987	0.999606640703682
52.875	11.1	0.998835965884888	0.455230163447912	-0.00486057169273977	24.5529330700724	0.999068772707911
53.025	11.1	0.997967824794919	0.454569578256041	-0.00592759639485646	24.4847751052898	0.998374259835935
53.175	11.1	0.996846341637299	0.453719221306004	-0.00697265220261703	24.4167839002015	0.997477073309839
53.325	11.1	0.995404776344578	0.452688445404763	-0.00796488342144325	24.3490027489977	0.996323821075662
53.475	11.1	0.993569588765916	0.451495458995295	-0.00886753046798409	24.2814766156965	0.994855671012733
53.625	11.1	0.991264052661198	0.45016882366013	-0.00963924250521259	24.214250903652	0.993011242128959
53.775	11.1	0.988413095418333	0.4487484369303	-0.0102361297609146	24.147369804871	0.990730476334666
53.925	11.1	0.984949253131586	0.447285754093789	-0.0106145259792702	24.0808742778493	0.987959402505268
54.075	11.1	0.980819459560202	0.445843020782049	-0.0107343360556976	24.0147997549616	0.984655567648161
54.225	11.1	0.975992184419846	0.444491343723385	-0.0105627347378985	23.9491737340359	0.980793747535877
54.375	11.1	0.970464232419356	0.443307526155313	-0.0100778724919636	23.8840134557339	0.976371385935485
54.525	11.1	0.964266357532524	0.442369737131397	-0.00927215505091299	23.8193238989232	0.971413086026019
54.675	11.1	0.957466793944725	0.441752260931671	-0.0081546204841111	23.7550963302801	0.96597343515578
54.825	11.1	0.950171905024292	0.441519761886915	-0.00675196873330125	23.6913076142287	0.960137524019434
54.975	11.1	0.942523425624328	0.441721666097606	-0.00510792105940399	23.6279204229845	0.954018740499463
55.125	11.1	0.93469219787962	0.442387361283533	-0.00328079848911427	23.5648843899658	0.947753758303696
55.275	11.1	0.926868805261064	0.443522908024992	-0.0013394800315851	23.5021381376993	0.941495044208851
55.425	11.1	0.919251989838437	0.445109815340422	0.000641821060363832	23.4396120039957	0.93540159187075
55.575	11.1	0.912036085276081	0.447106167086936	0.00258930789326563	23.3772312087508	0.929628868220864
55.725	11.1	0.905398835623437	0.449450035855297	0.00443512423326554	23.3149191639701	0.92431906849875
55.875	11.1	0.899490873353112	0.452064760968187	0.00612194888450022	23.2526006372067	0.919592698682489
56.025	11.1	0.894427835996167	0.454865379200892	0.00760614208872686	23.1902045279142	0.915542268796934
56.175	11.1	0.890285685141523	0.45776534839801	0.00885919885597103	23.127666092825	0.912228548113218
56.325	11.1	0.887099348531494	0.460682723984127	0.00986755553922623	23.06492854217	0.909679478825195
56.475	11.1	0.884864416351385	0.463545119939294	0.0106310391034969	23.0019440067471	0.907891533081108
56.625	11.1	0.883541338791261	0.46629305506404	0.0111603983685567	22.9386739352912	0.906833071033009
56.775	11.1	0.883061412421854	0.468881581309583	0.0114743989337774	22.875089017809	0.906449129937483
56.925	11.1	0.883333799661921	0.471280348454115	0.0115969131595269	22.811168744864	0.906667039729537
57.075	11.1	0.884252874183737	0.473472435878307	0.0115543263243711	22.7469007102836	0.90740229934699
57.225	11.1	0.88570529529644	0.475452363510952	0.0113734476284588	22.6822797517653	0.908564236237152
57.375	11.1	0.88757635744599	0.477223690575013	0.0110799917179538	22.6173070062268	0.910061085956792
57.525	11.1	0.889755313425707	0.478796547707682	0.0106976025283523	22.5519889387379	0.911804250740566
57.675	11.1	0.8921395143545	0.480185354641123	0.010247333470313	22.4863363879941	0.9137116114836
57.825	11.1	0.894637334409234	0.481406877257365	0.00974747345496858	22.4203636584771	0.915709867527388
57.975	11.1	0.897169947034103	0.482478691772981	0.00921360862029233	22.3540876796533	0.917735957627283
58.125	11.1	0.899672089258149	0.483418058725195	0.00865882508002229	22.2875272452076	0.919737671406519
58.275	11.1	0.902091992488983	0.484241167036133	0.00809398003667505	22.2207023397581	0.921673593991186
58.425	11.1	0.904390674899934	0.484962686044437	0.00752799111248871	22.1536335561725	0.923512539919947
58.575	11.1	0.906540787157846	0.485595556264297	0.00696811323583329	22.0863416031706	0.925232629726277
58.725	11.1	0.908525185388922	0.486150952685987	0.0064201873857511	22.0188469001198	0.926820148311138
58.875	11.1	0.910335378476551	0.486638363268265	0.00588885585104982	21.9511692537486	0.928268302781241
59.025	11.1	0.911969965993889	0.487065736531927	0.00537774503782672	21.883327609857	0.929575972795111
59.175	11.1	0.913433152123696	0.487439663622183	0.00488962017812979	21.815339871992	0.930746521698957
59.325	11.1	0.914733392526017	0.487765570545143	0.00442651749734894	21.7472227784196	0.931786714020814
59.475	11.1	0.9158822069099	0.488047904886375	0.00398985927713517	21.6789918285336	0.93270576552792
59.625	11.1	0.916893170763866	0.488290308020987	0.00358055640321105	21.610661249996	0.933514536611093
59.775	11.1	0.91778108533191	0.488495768731083	0.00319910183118851	21.5422439983452	0.934224868265528
59.925	11.1	0.91856131506213	0.48866675749865	0.00284565719908145	21.4737517814375	0.934849052049704
60.075	11.1	0.919249275721268	0.488805342822219	0.00252013371966685	21.4051951018392	0.935399420577014
60.225	11.1	0.919860053375296	0.48891329199735	0.00222226757171813	21.3365833111009	0.935888042700237
60.375	11.1	0.920408133706127	0.488992159156835	0.00195168930925836	21.2679246706686	0.936326506964901
60.525	11.1	0.920907221964279	0.489043363195684	0.00170798632171241	21.1992264150045	0.936725777571423
60.675	11.1	0.921370135654387	0.489068257688736	0.00149075709750188	21.1304948132704	0.93709610852351
60.825	11.1	0.921808754346751	0.489068194179276	0.00129965596031378	21.0617352266783	0.937447003477401
60.975	11.1	0.922234013491331	0.489044579377005	0.00113442703801906	20.99295215933	0.937787210793065
61.125	11.1	0.922655931454686	0.488998925958656	0.000994926495388146	20.9241493010624	0.938124745163749
61.275	11.1	0.923083661151673	0.488932895865498	0.000881132520879338	20.8553295614883	0.938466928921339
61.425	11.1	0.923525559497314	0.488848334307618	0.000793143201633493	20.7864950950912	0.938820447597851
61.575	11.1	0.923989269419871	0.48874729218581	0.000731163266387222	20.7176473178798	0.939191415535897
61.725	11.1	0.924481810382316	0.488632034383082	0.000695481737889732	20.6487869167332	0.939585448305853
61.875	11.1	0.925009674282963	0.488505031439658	0.000686443805917256	20.5799138531532	0.94000773942637
62.025	11.1	0.925578924236422	0.488368932632204	0.000704421707496998	20.5110273636406	0.940463139389138
62.175	11.1	0.926195294408924	0.488226519418616	0.000749790993838157	20.4421259592821	0.94095623552714
62.325	11.1	0.926864289342393	0.488080639815526	0.000822920159926441	20.3732074272995	0.941491431473915
62.475	11.1	0.927591281311842	0.487934126553832	0.000924183074224276	20.3042688372036	0.942073025049474
62.625	11.1	0.928381604534014	0.487789704706337	0.0010540046810095	20.235306553709	0.942705283627211
62.775	11.1	0.92924064498512	0.487649897973668	0.00121295075417812	20.1663162576235	0.943392515988096
62.925	11.1	0.930173924471748	0.48751694659352	0.001401871750787	20.0972929744554	0.944139139577398
63.075	11.1	0.931187177369772	0.487392753568752	0.00162210874620882	20.0282311084751	0.944949741895818
63.225	11.1	0.932286418148707	0.487278879020025	0.00187576586735756	19.9591244774468	0.945829134518966
63.375	11.1	0.9334779974421	0.48717660434639	0.00216604864482915	19.8899663403486	0.94678239795368
63.525	11.1	0.934768644096611	0.48708708789431	0.00249766165355463	19.8207494073369	0.947814915277289
63.675	11.1	0.936165490374292	0.487011631592184	0.00287725241624191	19.7514658182621	0.948932392299434
63.825	11.1	0.937676077349491	0.486952073505765	0.00331388279567517	19.6821070735406	0.950140861879593
63.975	11.1	0.939308337495871	0.486911315127746	0.00381950506373865	19.6126638994145	0.951446669996697
64.125	11.1	0.941070551381124	0.48689398576876	0.00440941828662484	19.5431260287287	0.9528564411049
64.275	11.1	0.942971274962773	0.486907241620374	0.00510268160972811	19.4734818782685	0.954377019970218
64.425	11.1	0.945019232724173	0.486961696112484	0.00592246319943209	19.4037181040472	0.956015386179339
64.575	11.1	0.947223169156696	0.487072482776554	0.00689630405804898	19.3338190160757	0.957778535325357
64.725	11.1	0.949591646165748	0.48726046207397	0.00805627003602378	19.263765833298	0.959673316932598
64.875	11.1	0.95213276623398	0.487553596833577	0.00943894737098468	19.193535756917	0.961706212987184
65.025	11.1	0.954853790361648	0.487988530351477	0.0110852015992526	19.123100836322	0.963883032289318
65.175	11.1	0.957760606407938	0.48861239561449	0.0130395641596935	19.0524265976052	0.966208485126351
65.325	11.1	0.96085698919438	0.489484848534268	0.0153490390941987	18.9814704035431	0.968685591355504
65.475	11.1	0.964143582154914	0.490680236569329	0.0180610475266889	18.9101795216117	0.971314865723931
65.625	11.1	0.967616527465057	0.492289675112078	0.0212201765163477	18.8384889011088	0.974093221972045
65.775	11.1	0.971265686447729	0.494422608405961	0.0248634111268752	18.7663187108741	0.977012549158183
65.925	11.1	0.975072436410041	0.497207202511379	0.0290136525704983	18.693571773203	0.980057949128033
66.075	11.1	0.979007116825736	0.500788708791859	0.0336716065424163	18.6201311495125	0.983205693460589
66.225	11.1	0.98302633679689	0.505324835205399	0.0388065864414979	18.545858280285	0.986421069437512
66.375	11.1	0.987070546082495	0.510977281247529	0.044347386940724	18.4705922301986	0.989656436865996
66.525	11.1	0.991062490983904	0.517899037162211	0.0501750351199817	18.3941506936339	0.992849992787123
66.675	11.1	0.994907368511381	0.526217867311944	0.0561197146712579	18.3163334135974	0.995925894809105
66.825	11.1	0.998495565770876	0.536017515018397	0.0619642056205161	18.2369284935154	0.998796452616701
66.975	11.1	1.00170871393166	0.547319331179342	0.0674555190845794	18.1557216958263	1.00136697114533
67.125	11.1	1.00442930710754	0.560067833803291	0.0723249218536151	18.0725082432322	1.00354344568603
67.275	11.1	1.006553331986	0.57412371170751	0.0763144459380852	17.9871059746902	1.0052426655888
67.425	11.1	1.00800436317293	0.589266744370666	0.0792058539086193	17.8993681481209	1.00640349053835
67.575	11.1	1.00874668953741	0.605209168958321	0.0808467002983944	17.8091939421608	1.00699735162993
67.725	11.1	1.00879460724841	0.621617757602909	0.0811682582898799	17.7165349390117	1.00703568579873
67.875	11.1	1.00821533006599	0.638141037930385	0.080191778593581	17.6213965626981	1.00657226405279
68.025	11.1	1.00712408575639	0.654437274068314	0.078022246761774	17.5238344181975	1.00569926860511
68.175	11.1	1.00567164980263	0.670199144219556	0.0748315546210594	17.42394643632	1.00453731984211
68.325	11.1	1.00402633365893	0.685172192419758	0.0708349552710947	17.3218624025538	1.00322106692715
68.475	11.1	1.00235374848085	0.699165604069054	0.0662654255482848	17.2177326829316	1.00188299878468
68.625	11.1	1.00079810714927	0.712055244192541	0.061350177563682	17.1117177629215	1.00063848571941
68.775	11.1	0.999468303576877	0.723779979045558	0.0562923899195581	17.0039797185249	0.999574642861502
68.925	11.1	0.998430730618938	0.734333002503615	0.0512597029144098	16.8946761286839	0.99874458449515
69.075	11.1	0.997709190749076	0.743750207708163	0.046379533895836	16.7839563856659	0.998167352599261
69.225	11.1	0.997290786006477	0.752097609583512	0.0417401122781456	16.6719599759172	0.997832628805181
69.375	11.1	0.997135701514022	0.759459494157261	0.0373954709959884	16.5588161251788	0.997708561211217
69.525	11.1	0.99718847154071	0.765928447558379	0.0333724821191106	16.4446442041317	0.997750777232568
69.675	11.1	0.997388580604787	0.771597833103712	0.0296782850514831	16.3295544139998	0.99791086448383
69.825	11.1	0.99767890207999	0.776556765872007	0.0263069502197261	16.2136484459087	0.998143121663992
69.975	11.1	0.998011262044169	0.780887265680721	0.0232447673276163	16.0970199756449	0.998409009635335
70.125	11.1	0.998349121676312	0.784663078315235	0.0204740093495243	15.9797549814144	0.99867929734105
70.275	11.1	0.998667866758888	0.787949618233347	0.0179753341818379	15.8619319441087	0.99893429340711
70.425	11.1	0.998953439110151	0.790804553649831	0.015729139551163	15.7436220128486	0.99916275128812
70.575	11.1	0.999200073852531	0.793278672901964	0.0137162163498567	15.6248892080142	0.999360059082025
70.725	11.1	0.999407787469958	0.795416796562704	0.0119179980851035	15.5057907063938	0.999526229975966
70.875	11.1	0.999580070713658	0.797258606855842	0.0103166230712472	15.386377222406	0.999664056570926
71.025	11.1	0.999722040407529	0.798839343695539	0.00889494264550257	15.2666934744431	0.999777632326023
71.175	11.1	0.99983913582185	0.800190364896983	0.00763654060580794	15.1467787100791	0.99987130865748
71.325	11.1	0.999936327176381	0.801339592273505	0.00652578258661744	15.0266672582123	0.999949061741105
71.475	11.1	1.00001773755047	0.802311872854274	0.00554788818208402	14.9063890780154	1.00001419004037
71.625	11.1	1.0000865561109	0.803129282277591	0.00468900857074249	14.7859702808686	1.00006924488872
71.775	11.1	1.00014512681956	0.803811390915498	0.00393629247925716	14.6654336095153	1.00011610145565
71.925	11.1	1.00019511937393	0.804375506002844	0.00327792847792681	14.5447988664533	1.00015609549914
72.075	11.1	1.0002377173441	0.804836896885725	0.00270315814221146	14.4240832898552	1.00019017387528
72.225	11.1	1.00027378508539	0.805209006193175	0.00220226033873717	14.30330187966	1.00021902806831
72.375	11.1	1.00030399617375	0.805503647246361	0.00176651082612638	14.1824676789417	1.000243196939
72.525	11.1	1.00032892061051	0.805731186964063	0.00138812337317468	14.0615920166344	1.00026313648841
72.675	11.1	1.00034907636308	0.805900713410509	0.00106017902933886	13.9406847176228	1.00027926109047
72.825	11.1	1.00036495431166	0.806020187517624	0.000776549552113547	13.8197542855487	1.00029196344933
72.975	11.1	1.00037702595824	0.806096579071982	0.000531819807788103	13.6988080627864	1.00030162076659
73.125	11.1	1.00038574176387	0.806135987581171	0.000321212610874934	13.5778523711337	1.0003085934111
73.275	11.1	1.0003915258075	0.806143749029455	0.000140518212094637	13.4568926359807	1.000313220646
73.425	11.1	1.00039477031215	0.806124529767102	-1.39703788532535e-05	13.3359334961079	1.00031581624972
73.575	11.1	1.00039583183378	0.806082408873599	-0.00014551580440194	13.2149789008234	1.00031666546703
73.725	11.1	1.00039502968027	0.80602095031964	-0.000256988571148203	13.0940321958453	1.00031602374422
73.875	11.1	1.00039264639243	0.805943266173476	-0.000350913424263909	12.9730961991356	1.00031411711395
74.025	11.1	1.00038892977393	0.805852071976181	-0.000429510388951808	12.8521732677546	1.00031114381914
74.175	11.1	1.00038409587495	0.805749735282357	-0.000494731027231076	12.7312653567059	1.00030727669996
74.325	11.1	1.00037833240342	0.805638318233988	-0.000548290444645354	12.6103740706617	1.00030266592273
74.475	11.1	1.00037180217173	0.805519614919983	-0.000591695538376459	12.489500709381	1.00029744173739
74.625	11.1	1.00036464632957	0.805395184173063	-0.00062626992538415	12.3686463075614	1.00029171706366
74.775	11.1	1.00035698725482	0.805266378368387	-0.000653175936013733	12.2478116697923	1.00028558980385
74.925	11.1	1.00034893106248	0.805134368715708	-0.000673434011668265	12.1269974012061	1.00027914484998
75.075	11.1	1.00034056974658	0.80500016747398	-0.000687939803524601	12.0062039343558	1.00027245579726
75.225	11.1	1.00033198299803	0.804864647464438	-0.000697479235448045	11.8854315527837	1.00026558639843
75.375	11.1	1.00032323975078	0.804728559211994	-0.000702741764336435	11.7646804116904	1.00025859180062
75.525	11.1	1.0003143995063	0.804592546004851	-0.00070433204627643	11.6439505560589	1.00025151960504
75.675	11.1	1.00030551347925	0.804457157126616	-0.000702780194408913	11.5232419365461	1.0002444107834
75.825	11.1	1.00029662559751	0.804322859485136	-0.000698550794589777	11.4025544234126	1.00023730047801
75.975	11.1	1.00028777338188	0.804190047833852	-0.000692050826942227	11.2818878187294	1.0002302187055
76.125	11.1	1.00027898872378	0.804059053758026	-0.000683636624812749	11.1612418670689	1.00022319097902
76.275	11.1	1.00027029857439	0.803930153576894	-0.000673619987847782	11.0406162648631	1.00021623885952
76.425	11.1	1.00026172555576	0.803803575293683	-0.000662273552387638	10.9200106685885	1.00020938044461
76.575	11.1	1.0002532885021	0.803679504709617	-0.000649835510020372	10.7994247019194	1.00020263080168
76.725	11.1	1.00024500293854	0.803558090803112	-0.000636513754219349	10.678857961973	1.00019600235083
76.875	11.1	1.00023688150373	0.803439450463295	-0.000622489525460186	10.5583100247547	1.00018950520298
77.025	11.1	1.00022893432226	0.803323672655444	-0.00060792061613243	10.4377804499002	1.00018314745781
77.175	11.1	1.00022116933236	0.803210822087118	-0.000592944189535638	10.3172687847986	1.00017693546589
77.325	11.1	1.0002135925739	0.803100942434257	-0.00057767925993831	10.1967745681706	1.00017087405912
77.475	11.1	1.00020620844147	0.802994059180472	-0.000562228875377765	10.0762973331673	1.00016496675317
77.625	11.1	1.00019901990651	0.802890182115297	-0.000546682039257464	9.95583661004735	1.00015921592521
77.775	11.1	1.00019202871235	0.802789307531996	-0.000531115402657322	9.83539192848256	1.00015362296988
77.925	11.1	1.00018523554543	0.802691420160679	-0.000515594755126982	9.71496281953798	1.00014818843634
78.075	11.1	1.00017864018552	0.802596494868099	-0.000500176338306166	9.5945488173644	1.00014291214842
78.225	11.1	1.00017224163767	0.802504498151333	-0.000484908003941037	9.47414946063887	1.00013779331014
78.375	11.1	1.00016603824786	0.802415389450137	-0.000469830234752474	9.35376429378361	1.00013283059829
78.525	11.1	1.00016002780449	0.802329122298901	-0.000454977044890037	9.23339286799042	1.00012802224359
78.675	11.1	1.00015420762736	0.802245645337177	-0.000440376774171509	9.11303474207427	1.00012336610188
78.825	11.1	1.00014857464555	0.802164903195415	-0.000426052788928855	8.99268948317729	1.00011885971644
78.975	11.1	1.00014312546572	0.802086837270349	-0.000412024100480753	8.87235666734163	1.00011450037258
79.125	11.1	1.00013785643166	0.802011386403021	-0.0003983059109871	8.75203587996758	1.00011028514532
79.275	11.1	1.00013276367642	0.801938487470992	-0.000384910095382507	8.63172671617157	1.00010621094114
79.425	11.1	1.0001278431678	0.801868075904255	-0.000371845626771128	8.5114287810566	1.00010227453424
79.575	11.1	1.0001230907479	0.801800086134426	-0.000359118952003271	8.39114168990663	1.00009847259832
79.725	11.1	1.00011850216751	0.801734451984402	-0.000346734323306337	8.27086506831479	1.00009480173401
79.875	11.1	1.00011407311604	0.801671107005821	-0.000334694091001568	8.15059855225415	1.00009125849283
80.025	11.1	1.0001097992473	0.801609984770321	-0.00032299896187099	8.03034178809902	1.00008783939784
80.175	11.1	1.00010567620184	0.801551019119868	-0.000311648227244136	7.91009443260346	1.00008454096147
80.325	11.1	1.00010169962615	0.801494144381275	-0.000300639964194925	7.78985615284315	1.00008135970092
80.475	11.1	1.00009786518912	0.801439295548758	-0.000289971213014768	7.66962662612591	1.00007829215129
80.625	11.1	1.0000941685961	0.801386408438642	-0.000279638133672605	7.54940553987572	1.00007533487688
80.775	11.1	1.00009060560082	0.801335419819264	-0.000269636143712598	7.42919259149416	1.00007248448066
80.925	11.1	1.00008717201545	0.801286267519207	-0.000259960039691998	7.30898748820314	1.00006973761236
81.075	11.1	1.00008386371903	0.801238890516366	-0.000250604104015835	7.18878994687209	1.00006709097522
81.225	11.1	1.00008067666444	0.801193229010179	-0.000241562198938311	7.06859969383233	1.00006454133155
81.375	11.1	1.00007760688415	0.801149224479166	-0.000232827849037728	6.94841646468127	1.00006208550732
81.525	11.1	1.00007465049484	0.801106819725383	-0.000224394313671556	6.82824000407855	1.00005972039587
81.675	11.1	1.00007180370103	0.801065958907656	-0.000216254650381364	6.70807006553595	1.00005744296082
81.825	11.1	1.00006906279791	0.801026587564792	-0.000208401770408801	6.58790641120297	1.00005525023833
81.975	11.1	1.00006642417336	0.800988652630212	-0.000200828487105748	6.46774881164924	1.00005313933869
82.125	11.1	1.00006388430939	0.800952102439042	-0.000193527558168348	6.34759704564535	1.00005110744751
82.275	11.1	1.00006143978295	0.800916886728572	-0.000186491722311519	6.22745089994297	1.00004915182636
82.425	11.1	1.00005908726639	0.800882956633191	-0.000179713731027944	6.10731016905531	1.00004726981312
82.575	11.1	1.00005682352741	0.800850264674334	-0.000173186376038945	5.98717465503873	1.00004545882192
82.725	11.1	1.0000546454287	0.800818764746275	-0.000166902512912013	5.86704416727633	1.00004371634296
82.875	11.1	1.0000525499274	0.800788412098298	-0.000160855081190181	5.74691852226384	1.00004203994192
83.025	11.1	1.00005053407401	0.800759163313882	-0.000155037121638933	5.62679754339869	1.00004042725921
83.175	11.1	1.00004859501104	0.800730976287287	-0.000149441790686918	5.50668106077245	1.00003887600883
83.325	11.1	1.00004672997131	0.800703810198014	-0.000144062372592522	5.38656891096713	1.00003738397705
83.475	11.1	1.00004493627606	0.800677625483626	-0.000138892289448602	5.26646093685566	1.00003594902085
83.625	11.1	1.00004321133325	0.80065238381099	-0.000133925109372527	5.14635698740675	1.0000345690666
83.775	11.1	1.00004155263649	0.800628048046474	-0.000129154552987667	5.0262569174943	1.0000332421092
83.925	11.1	1.00003995776479	0.800604582225119	-0.000124574498467676	4.90616058771143	1.00003196621183
84.075	11.1	1.00003842438264	0.800581951518958	-0.000120178985245367	4.78606786418926	1.00003073950611
84.225	11.1	1.00003695023908	0.800560122204768	-0.000115962216536133	4.6659786184204	1.00002956019127
84.375	11.1	1.00003553316337	0.800539061631742	-0.000111918560787507	4.54589272708756	1.00002842653069
84.525	11.1	1.00003417105566	0.80051873818931	-0.00010804255217458	4.42581007189766	1.00002733684452
84.675	11.1	1.00003286187392	0.800499121276031	-0.000104328890126038	4.30573053942186	1.00002628949914
84.825	11.1	1.00003160362334	0.800480181269316	-0.000100772438098064	4.18565402094153	1.00002528289867
84.975	11.1	1.00003039435978	0.800461889495506	-9.7368221451581e-05	4.0655804122994	1.00002431548782
85.125	11.1	1.00002923221877	0.800444218198509	-9.41114245832007e-05	3.94550961375388	1.00002338577501
85.275	11.1	1.00002811547032	0.800427140504874	-9.09973872223977e-05	3.82544152983403	1.00002249237626
85.425	11.1	1.00002704257455	0.800410630384514	-8.80215998765599e-05	3.70537606919385	1.00002163405964
85.575	11.1	1.00002601218238	0.800394662610014	-8.51796983821325e-05	3.58531314446835	1.0000208097459
85.725	11.1	1.00002502301248	0.800379212722895	-8.24674574217577e-05	3.46525267213995	1.00002001840999
85.875	11.1	1.0000240735746	0.800364257019201	-7.98807829299645e-05	3.34519457242828	1.00001925885968
86.025	11.1	1.00002316182476	0.800349772563269	-7.74157032191788e-05	3.22513876921406	1.00001852945981
86.175	11.1	1.00002228500849	0.800335737222165	-7.5068358621908e-05	3.10508518999106	1.00001782800679
86.325	11.1	1.00002144007132	0.800322129684937	-7.28349893565091e-05	2.98503376580967	1.00001715205706
86.475	11.1	1.00002062491426	0.800308929403173	-7.0711921070905e-05	2.86498443114426	1.00001649993141
86.625	11.1	1.00001984027397	0.800296116391633	-6.8695547308738e-05	2.7449371236135	1.00001587221918
86.775	11.1	1.00001909112594	0.800283670892736	-6.67823077291105e-05	2.62489178354633	1.00001527290075
86.925	11.1	1.00001838565069	0.80027157304834	-6.49686607755101e-05	2.50484835353354	1.00001470852055
87.075	11.1	1.00001772984205	0.800259802889448	-6.3251049529841e-05	2.3848067782908	1.00001418387364
87.225	11.1	1.00001711781558	0.800248341016199	-6.16258600481046e-05	2.26476700524892	1.00001369425246
87.375	11.1	1.00001652218387	0.800237170110382	-6.00893722792144e-05	2.14472898607423	1.0000132177471
87.525	11.1	1.00001589406519	0.800226276773748	-5.86377037536883e-05	2.02469267865337	1.00001271525215
87.675	11.1	1.00001518433252	0.800215652253475	-5.72667442943245e-05	1.90465804806024	1.00001214746602
87.825	11.1	1.00001439077047	0.800205289976567	-5.59720737145976e-05	1.78462506424201	1.00001151261638
87.975	11.1	1.00001361589817	0.800195178451083	-5.47488438751038e-05	1.66459369466935	1.00001089271854
88.125	11.1	1.00001309132184	0.800185290912756	-5.35915936340334e-05	1.54456389304794	1.00001047305747
88.275	11.1	1.00001310424651	0.800175577953899	-5.24939592084583e-05	1.4245355903992	1.00001048339721
88.425	11.1	1.00001378059266	0.800165973932442	-5.14482562111593e-05	1.3045087000975	1.00001102447413
88.575	11.1	1.00001476558143	0.800156427364138	-5.04449552218937e-05	1.18448314867895	1.00001181246514
88.725	11.1	1.00001499302026	0.800146954113223	-4.94721470094608e-05	1.06445893309857	1.00001199441621
88.875	11.1	1.00001287775125	0.800137688217264	-4.85151597006772e-05	0.944436179881601	1.000010302201
89.025	11.1	1.00000725202128	0.800128877042198	-4.75564689109821e-05	0.824415150168668	1.00000580161702
89.175	11.1	0.999999020089814	0.800120757838718	-4.65758330863895e-05	0.704396120503921	0.999999216071851
89.325	11.1	0.999992766267053	0.800113293431028	-4.55501493437902e-05	0.58437910718821	0.999994213013643
89.475	11.1	0.99999667459517	0.800105856289959	-4.44520232818818e-05	0.464363517594742	0.999997339676136
89.625	11.1	1.00001880185523	0.80009710785122	-4.3246003577854e-05	0.344347984750691	1.00001504148419
89.775	11.1	1.00005897794675	0.80007481358994	-4.18827467758236e-05	0.224330770566984	1.0000471823574
89.925	11.1	1.00009904262663	0.400095538434846	-4.02938420203449e-05	0.104314212008979	1.0000792341013
0.075	11.3	2.63780866156273e-30	0.39999938576335	-5.23251813138492e-06	36.0880578018082	0.2
0.225	11.3	1.87974129923797e-30	0.799998156370972	-5.24036176384631e-06	36.0640578386624	0.2
0.375	11.3	1.83039283722852e-30	0.799996924220409	-5.25606377728497e-06	36.0400579124259	0.2
0.525	11.3	-4.30567078074731e-30	0.799995687466564	-5.27965292689869e-06	36.0160580232092	0.2
0.675	11.3	-8.36966411883671e-30	0.79999444425616	-5.31117297392101e-06	35.9920581711779	0.2
0.825	11.3	-2.12651202111572e-29	0.79999319272442	-5.35068133660747e-06	35.9680583565538	0.2
0.975	11.3	-2.4910329608055e-29	0.799991930990015	-5.39825105852534e-06	35.9440585796145	0.2
1.125	11.3	-3.26261883938763e-29	0.799990657153804	-5.45396855554049e-06	35.9200588406944	0.2
1.275	11.3	-1.51080082583546e-29	0.799989369293501	-5.51793553004452e-06	35.8960591401853	0.2
1.425	11.3	7.873042999449e-30	0.799988065461914	-5.59026768308162e-06	35.8720594785368	0.2
1.575	11.3	6.94770356547375e-29	0.799986743682346	-5.67109562221063e-06	35.8480598562575	0.2
1.725	11.3	1.28510481152857e-28	0.799985401945284	-5.76056415731357e-06	35.8240602739158	0.2
1.875	11.3	2.0644759046315e-28	0.799984038205483	-5.85883277648462e-06	35.8000607321408	0.2
2.025	11.3	2.2468586862784e-28	0.79998265037862	-5.96607586923039e-06	35.7760612316235	0.2
2.175	11.3	1.91971021397654e-28	0.799981236336837	-6.08248209239114e-06	35.7520617731181	0.2
2.325	11.3	9.22280143174003e-30	0.799979793906325	-6.20825565794553e-06	35.7280623574433	0.2
2.475	11.3	-2.75853474897349e-28	0.799978320863618	-6.34361436856518e-06	35.7040629854837	0.2
2.625	11.3	-7.06170945768208e-28	0.799976814931571	-6.48879327048357e-06	35.6800636581915	0.2
2.775	11.3	-1.09679926875306e-27	0.799975273775864	-6.64404028916737e-06	35.6560643765878	0.2
2.925	11.3	-1.36036841703051e-27	0.799973695002641	-6.80962080487702e-06	35.6320651417649	0.2
3.075	11.3	-1.16101235562158e-27	0.799972076153237	-6.98581505832554e-06	35.6080659548877	0.2
3.225	11.3	-3.98936626262139e-28	0.799970414700175	-7.1729192055334e-06	35.5840668171957	0.2
3.375	11.3	1.14252947347079e-27	0.79996870804661	-7.37124607946913e-06	35.5600677300056	0.2
3.525	11.3	3.1467211171646e-27	0.799966953517971	-7.58112532598721e-06	35.5360686947129	0.2
3.675	11.3	5.23876786000573e-27	0.799965148361129	-7.80290361644137e-06	35.5120697127946	0.2
3.825	11.3	6.33850917813118e-27	0.799963289739449	-8.03694471036217e-06	35.4880707858113	0.2
3.975	11.3	5.54875992599866e-27	0.799961374728548	-8.28363129894023e-06	35.4640719154102	0.2
4.125	11.3	1.74373881135617e-27	0.799959400312021	-8.54336393162301e-06	35.4400731033276	0.2
4.275	11.3	-4.97983097600731e-27	0.799957363376823	-8.81656235245234e-06	35.4160743513915	0.2
4.425	11.3	-1.37067049944852e-26	0.799955260709386	-9.1036661662712e-06	35.392075661525	0.2
4.575	11.3	-2.1287851523572e-26	0.799953088990185	-9.40513548997618e-06	35.3680770357489	0.2
4.725	11.3	-2.38677576057383e-26	0.799950844789913	-9.7214509757155e-06	35.3440784761855	0.2
4.875	11.3	-1.67513701110105e-26	0.799948524562965	-1.00531158072392e-05	35.3200799850615	0.2
5.025	11.3	1.91794068759475e-27	0.799946124643162	-1.04006548673782e-05	35.2960815647118	0.2
5.175	11.3	3.02112402512476e-26	0.799943641239038	-1.07646167249217e-05	35.2720832175829	0.2
5.325	11.3	5.85497638040379e-26	0.799941070427077	-1.11455743954613e-05	35.2480849462374	0.2
5.475	11.3	7.20550610267211e-26	0.799938408145947	-1.15441257204347e-05	35.2240867533573	0.2
5.625	11.3	5.23489028368138e-26	0.799935650191694	-1.1960894768825e-05	35.2000886417487	0.2
5.775	11.3	-1.11705094704894e-26	0.799932792210499	-1.23965322520774e-05	35.1760906143458	0.2
5.925	11.3	-1.12362169821558e-25	0.799929829691975	-1.28517171600314e-05	35.152092674216	0.2
6.075	11.3	-2.14479233546245e-25	0.799926757963515	-1.33271574022111e-05	35.1280948245643	0.2
6.225	11.3	-2.51662082494906e-25	0.799923572183146	-1.38235912977596e-05	35.1040970687382	0.2
6.375	11.3	-1.3990947618468e-25	0.799920267331056	-1.43417882023472e-05	35.0800994102333	0.2
6.525	11.3	1.80777842956849e-25	0.799916838203583	-1.48825500300591e-05	35.0561018526984	0.2
6.675	11.3	6.93757478728715e-25	0.799913279404567	-1.54467125365456e-05	35.0321043999411	0.2
6.825	11.3	1.23979785487273e-24	0.799909585338284	-1.60351465354889e-05	35.0081070559341	0.2
6.975	11.3	1.49317713691316e-24	0.799905750198984	-1.66487586049501e-05	34.9841098248208	0.2
7.125	11.3	9.99689659604577e-25	0.799901767965142	-1.7288493848334e-05	34.9601127109221	0.2
7.275	11.3	-6.56971035947012e-25	0.799897632387381	-1.79553356182062e-05	34.9361157187429	0.2
7.425	11.3	-3.58236060611843e-24	0.79989333698154	-1.86503085271472e-05	34.9121188529789	0.2
7.575	11.3	-7.21186833028847e-24	0.799888875017594	-1.93744787248238e-05	34.888122118524	0.2
7.725	11.3	-1.00370649202093e-23	0.79988423951032	-2.01289559585906e-05	34.8641255204778	0.2
7.875	11.3	-9.59038409948075e-24	0.799879423208111	-2.0914896009754e-05	34.8401290641534	0.2
8.025	11.3	-2.97649073193057e-24	0.799874418582637	-2.17335003566202e-05	34.8161327550853	0.2
8.175	11.3	1.19188861027229e-23	0.799869217817421	-2.25860199021764e-05	34.7921365990384	0.2
8.325	11.3	3.45129246144733e-23	0.799863812797063	-2.34737555288377e-05	34.7681406020163	0.2
8.475	11.3	5.93465173850287e-23	0.799858195093103	-2.43980604895115e-05	34.7441447702706	0.2
8.625	11.3	7.44681948126415e-23	0.799852355953759	-2.53603425712305e-05	34.7201491103107	0.2
8.775	11.3	6.18694344324221e-23	0.799846286290083	-2.63620642428194e-05	34.6961536289134	0.2
8.925	11.3	1.63878254199144e-24	0.799839976661166	-2.74047476372921e-05	34.6721583331333	0.2
9.075	11.3	-1.18684316911576e-22	0.799833417263816	-2.84899740429772e-05	34.6481632303137	0.2
9.225	11.3	-2.89755841348378e-22	0.799826597913513	-2.96193870374997e-05	34.6241683280975	0.2
9.375	11.3	-4.64265864949179e-22	0.79981950803327	-3.0794694995703e-05	34.6001736344389	0.2
9.525	11.3	-5.46890888489676e-22	0.799812136636563	-3.20176727638099e-05	34.5761791576155	0.2
9.675	11.3	-4.02617056438345e-22	0.799804472311538	-3.32901640222194e-05	34.5521849062407	0.2
9.825	11.3	1.02902133373079e-22	0.79979650320387	-3.46140840998528e-05	34.5281908892768	0.2
9.975	11.3	1.02388408949555e-21	0.799788217001241	-3.59914224034971e-05	34.5041971160485	0.2
10.125	11.3	2.22627615691783e-21	0.799779600914006	-3.74242441674593e-05	34.4802035962567	0.2
10.275	11.3	3.28972342626004e-21	0.799770641658018	-3.89146939359795e-05	34.4562103399936	0.2
10.425	11.3	3.48861059240315e-21	0.799761325435065	-4.04649979627561e-05	34.4322173577572	0.2
10.575	11.3	1.93673519173054e-21	0.799751637913078	-4.20774661486294e-05	34.4082246604675	0.2
10.725	11.3	-2.04232055512906e-21	0.799741564207177	-4.37544962981099e-05	34.3842322594825	0.2
10.875	11.3	-8.33592355563742e-21	0.799731088857203	-4.54985759703812e-05	34.3602401666151	0.2
11.025	11.3	-1.54100708897723e-20	0.799720195807362	-4.73122849553242e-05	34.336248394151	0.2
11.175	11.3	-1.99467653099172e-20	0.799708868383287	-4.91982994508749e-05	34.3122569548666	0.2
11.325	11.3	-1.7198936646028e-20	0.799697089268988	-5.11593941950745e-05	34.288265862048	0.2
11.475	11.3	-2.48065904877912e-21	0.799684840484199	-5.31984457716737e-05	34.2642751295105	0.2
11.625	11.3	2.60848184509754e-20	0.799672103358776	-5.53184357594414e-05	34.240284771619	0.2
11.775	11.3	6.40602944575134e-20	0.799658858507545	-5.75224535372061e-05	34.216294803309	0.2
11.925	11.3	9.78043280137772e-20	0.799645085805281	-5.98137000416163e-05	34.1923052401085	0.2
12.075	11.3	1.04391198782384e-19	0.799630764359805	-6.21954905112248e-05	34.1683160981607	0.2
12.225	11.3	5.68149109520728e-20	0.799615872483474	-6.46712576881218e-05	34.1443273942469	0.2
12.375	11.3	-6.39802959006253e-20	0.799600387665965	-6.72445554922076e-05	34.1203391458117	0.2
12.525	11.3	-2.51284569035027e-19	0.799584286545298	-6.99190613566458e-05	34.096351370987	0.2
12.675	11.3	-4.54326632592988e-19	0.799567544877126	-7.26985806000464e-05	34.0723640886189	0.2
12.825	11.3	-5.69597170472416e-19	0.799550137505399	-7.55870487540783e-05	34.0483773182943	0.2
12.975	11.3	-4.55093758107262e-19	0.799532038329896	-7.85885343678427e-05	34.0243910803686	0.2
13.125	11.3	2.10358031551195e-20	0.799513220274427	-8.17072434736057e-05	34.0004053959946	0.2
13.275	11.3	8.95825445612546e-19	0.799493655254954	-8.49475211385046e-05	33.9764202871521	0.2
13.425	11.3	2.00858740337576e-18	0.799473314144043	-8.83138548820099e-05	33.9524357766793	0.2
13.575	11.3	2.92322920144042e-18	0.79945216673936	-9.18108772884298e-05	33.9284518883035	0.2
13.725	11.3	2.94217476418446e-18	0.799430181725437	-9.54433690761603e-05	33.9044686466749	0.2
13.875	11.3	1.28250743839905e-18	0.799407326641109	-9.92162604986171e-05	33.8804860774	0.2
14.025	11.3	-2.5474963225126e-18	0.799383567841529	-0.000103134634255379	33.8565042070764	0.2
14.175	11.3	-8.21569461515556e-18	0.799358870461525	-0.000107203726727206	33.8325230633295	0.2
14.325	11.3	-1.4048913529242e-17	0.799333198380463	-0.000111428929799574	33.8085426748487	0.2
14.475	11.3	-1.68412462736022e-17	0.799306514181568	-0.000115815792603142	33.7845630714267	0.2
14.625	11.3	-1.23765712707139e-17	0.799278779116988	-0.000120370020977257	33.7605842839978	0.2
14.775	11.3	3.0221933352874e-18	0.799249953067732	-0.000125097478281144	33.7366063446796	0.2
14.925	11.3	2.99251625620452e-17	0.799219994506983	-0.000130004185222077	33.7126292868138	0.2
15.075	11.3	6.2806605337658e-17	0.799188860460148	-0.000135096318562266	33.6886531450092	0.2
15.225	11.3	8.79844797983379e-17	0.799156506469636	-0.000140380209283011	33.6646779551862	0.2
15.375	11.3	8.4459538198311e-17	0.799122886555774	-0.000145862340181873	33.640703754621	0.2
15.525	11.3	2.96517330516018e-17	0.79908795317847	-0.000151549342404396	33.6167305819928	0.2
15.675	11.3	-8.90595161238141e-17	0.799051657204601	-0.000157447989933327	33.5927584774303	0.2
15.825	11.3	-2.58622194316889e-16	0.799013947869752	-0.000163565194971316	33.5687874825606	0.2
15.975	11.3	-4.25824976680406e-16	0.798974772745935	-0.000169908000089842	33.5448176405581	0.2
16.125	11.3	-4.9333474119082e-16	0.798934077709158	-0.000176483569187994	33.5208489961958	0.2
16.275	11.3	-3.37477209990254e-16	0.79889180690887	-0.000183299177146954	33.4968815958956	0.2
16.425	11.3	1.43847740402236e-16	0.798847902741663	-0.000190362197722039	33.4729154877813	0.2
16.575	11.3	9.54720277068832e-16	0.798802305824074	-0.000197680088447193	33.4489507217311	0.200000000000001
16.725	11.3	1.91539195237101e-15	0.798754954973666	-0.000205260373547763	33.4249873494318	0.200000000000002
16.875	11.3	2.6078568035059e-15	0.798705787189173	-0.000213110624765225	33.4010254244327	0.200000000000002
17.025	11.3	2.41029736341035e-15	0.798654737639212	-0.000221238437448557	33.3770650022005	0.200000000000002
17.175	11.3	6.76268534105289e-16	0.798601739654027	-0.000229651405032489	33.3531061401743	0.200000000000001
17.325	11.3	-2.92013519985165e-15	0.798546724723742	-0.000238357088193649	33.3291488978212	0.199999999999998
17.475	11.3	-7.92774994581283e-15	0.798489622502961	-0.000247362980940552	33.3051933366909	0.199999999999994
17.625	11.3	-1.27141164060971e-14	0.798430360827062	-0.000256676471126201	33.281239520471	0.19999999999999
17.775	11.3	-1.43858832932971e-14	0.798368865730934	-0.000266304795952885	33.2572875150413	0.199999999999989
17.925	11.3	-9.35289255269089e-15	0.798305061484068	-0.000276254990871307	33.2333373885272	0.199999999999993
18.075	11.3	5.23854086674361e-15	0.798238870635302	-0.00028653383266443	33.2093892113523	0.200000000000004
18.225	11.3	2.92765916639018e-14	0.798170214069032	-0.000297147775243317	33.1854430562891	0.200000000000023
18.375	11.3	5.72412730992872e-14	0.79809901108005	-0.000308102875803067	33.1614989985081	0.200000000000046
18.525	11.3	7.67391334015239e-14	0.798025179461756	-0.000319404711993253	33.1375571156243	0.200000000000061
18.675	11.3	6.96579043981218e-14	0.797948635616334	-0.00033105829097468	33.1136174877404	0.200000000000056
18.825	11.3	1.74942346911784e-14	0.797869294685148	-0.000343067943139456	33.0896801974873	0.200000000000014
18.975	11.3	-8.86243858057778e-14	0.797787070702374	-0.000355437205564302	33.0657453300593	0.199999999999929
19.125	11.3	-2.34886474001608e-13	0.79770187677872	-0.000368168690467548	33.0418129732451	0.199999999999812
19.275	11.3	-3.73452932488608e-13	0.797613625313286	-0.000381263937026537	33.0178832174526	0.199999999999701
19.425	11.3	-4.20565492030901e-13	0.797522228240257	-0.000394723244921255	32.9939561557264	0.199999999999664
19.575	11.3	-2.73044987926586e-13	0.797427597315185	-0.000408545488933691	32.9700318837583	0.199999999999782
19.725	11.3	1.50653331080658e-13	0.797329644443354	-0.000422727909471676	32.9461104998876	0.200000000000121
19.875	11.3	8.4714206898519e-13	0.797228282057183	-0.000437265878994378	32.9221921050916	0.200000000000678
20.025	11.3	1.6590953205887e-12	0.79712342354866	-0.000452152640091773	32.898276802964	0.200000000001327
20.175	11.3	2.23390501408121e-12	0.797014983760021	-0.000467379011428373	32.8743646996784	0.200000000001787
20.325	11.3	2.05570451165364e-12	0.796902879547211	-0.000482933058998655	32.8504559039379	0.200000000001645
20.475	11.3	5.93810416558641e-13	0.796787030413875	-0.000498799728440975	32.8265505269052	0.200000000000475
20.625	11.3	-2.41783565027213e-12	0.796667359235831	-0.00051496043204545	32.802648682113	0.199999999998066
20.775	11.3	-6.61545043645159e-12	0.796543793078339	-0.000531392587787466	32.7787504853515	0.199999999994708
20.925	11.3	-1.06836691201677e-11	0.796416264121348	-0.000548069101492955	32.7548560545295	0.199999999991453
21.075	11.3	-1.22886561680324e-11	0.796284710704488	-0.000564957788716399	32.7309655095062	0.199999999990169
21.225	11.3	-8.51138712534603e-12	0.796149078505067	-0.000582020724409785	32.7070789718896	0.199999999993191
21.375	11.3	3.04533867717112e-12	0.796009321871771	-0.000599213517951408	32.6831965647976	0.200000000002436
21.525	11.3	2.25267026183946e-11	0.795865405318448	-0.000616484498565958	32.6593184125767	0.200000000018021
21.675	11.3	4.59012583375535e-11	0.795717305215549	-0.000633773804438925	32.6354446404742	0.200000000036721
21.825	11.3	6.37230091999774e-11	0.795565011687833	-0.000651012363783459	32.611575374255	0.200000000050978
21.975	11.3	6.18037145273576e-11	0.795408530748309	-0.000668120753813893	32.5877107397607	0.200000000049443
22.125	11.3	2.49796000097078e-11	0.795247886699333	-0.000685007925095582	32.5638508623983	0.200000000019984
22.275	11.3	-5.55484718123742e-11	0.795083124824181	-0.000701569771364516	32.539995866554	0.199999999955561
22.425	11.3	-1.72346875811323e-10	0.794914314410625	-0.000717687527483877	32.5161458749195	0.199999999862122
22.575	11.3	-2.92581393687872e-10	0.79474155214603	-0.000733225970094118	32.4923010077222	0.199999999765935
22.725	11.3	-3.5498071643607e-10	0.794564965927934	-0.000748031395570409	32.4684613818465	0.199999999716015
22.875	11.3	-2.79434628015473e-10	0.794384719144462	-0.000761929344096394	32.4446271098343	0.199999999776452
23.025	11.3	5.78300677794569e-12	0.794201015490286	-0.000774722044036094	32.4207982987511	0.200000000004626
23.175	11.3	5.19505223998842e-10	0.794014104377556	-0.000786185544706769	32.3969750489037	0.200000000415604
23.325	11.3	1.17554550696462e-09	0.793824287022464	-0.00079606651453781	32.3731574523895	0.200000000940436
23.475	11.3	1.74419058897093e-09	0.79363192327387	-0.000804078680766486	32.3493455914584	0.200000001395352
23.625	11.3	1.85806754906313e-09	0.793437439267155	-0.000809898885245258	32.3255395366608	0.200000001486454
23.775	11.3	1.09409115557945e-09	0.793241335979265	-0.000813162721316046	32.3017393447486	0.200000000875273
23.925	11.3	-8.51491683578274e-10	0.793044198772737	-0.000813459689219691	32.2779450562938	0.199999999318807
24.075	11.3	-3.91267638646633e-09	0.792846708041496	-0.000810327775427355	32.2541566929843	0.199999996869859
24.225	11.3	-7.39785186141849e-09	0.792649651100458	-0.000803247307883739	32.2303742545558	0.199999994081719
24.375	11.3	-9.85485912091311e-09	0.792453935526396	-0.000791633900086681	32.2065977153256	0.199999992116113
24.525	11.3	-9.21829658192339e-09	0.792260604204458	-0.000774830285044795	32.1828270202985	0.199999992625363
24.675	11.3	-3.38036988683311e-09	0.79207085240175	-0.000752096877190336	32.1590620808261	0.199999997295704
24.825	11.3	8.77944791082328e-09	0.791886047204439	-0.000722601027443192	32.135302769797	0.200000007023558
24.975	11.3	2.60733961171645e-08	0.791707749602927	-0.000685405127668581	32.1115489163253	0.200000020858717
25.125	11.3	4.38303243122319e-08	0.791537739404039	-0.0006394539697465	32.0878002998666	0.200000035064259
25.275	11.3	5.35565314953293e-08	0.791378042951853	-0.000583561947479714	32.0640566436346	0.200000042845225
25.425	11.3	4.42218287160499e-08	0.791230963451348	-0.000516400702216328	32.0403176071175	0.200000035377463
25.575	11.3	5.74699586087937e-09	0.791099113596421	-0.000436487480634453	32.01658277743	0.200000004597597
25.725	11.3	-6.53766373796682e-08	0.790985450346885	-0.000342173686115191	31.9928516592106	0.19999994769869
25.875	11.3	-1.59478608253191e-07	0.790893312224339	-0.000231631908621841	31.9691236628201	0.199999872417113
26.025	11.3	-2.48545920781125e-07	0.790826460391943	-0.000102838326770685	31.9453980907484	0.199999801163263
26.175	11.3	-2.85988020856582e-07	0.790789126004194	4.64536493741708e-05	31.9216741223702	0.199999771209583
26.325	11.3	-2.14962476003851e-07	0.790786067390564	0.000218752549825659	31.8979507974657	0.199999828030019
26.475	11.3	1.25379164212345e-08	0.790822641053505	0.000416882857630693	31.8742269991242	0.200000010030333
26.625	11.3	4.07051819069398e-07	0.790904889463635	0.000644051393475621	31.8505014366228	0.200000325641455
26.775	11.3	9.09847083839831e-07	0.79103964566005	0.000903916793246103	31.8267726284909	0.200000727877667
26.925	11.3	1.37005405879799e-06	0.791234649692838	0.00120064506430652	31.8030388851492	0.200001096043247
27.075	11.3	1.5469489963336e-06	0.791498665819357	0.00153892823331063	31.7792982893411	0.200001237559197
27.225	11.3	1.15326548415707e-06	0.79184158413515	0.00192394272085245	31.7555486713421	0.200000922612387
27.375	11.3	-5.19914658377611e-08	0.792274488991346	0.00236123322039733	31.7317875751242	0.199999958406827
27.525	11.3	-2.12836917128058e-06	0.792809682500428	0.00285652899415691	31.7080122118886	0.199998297304663
27.675	11.3	-4.80571834615286e-06	0.793460667020121	0.00341553154407274	31.6842193991482	0.199996155425323
27.825	11.3	-7.37545866540445e-06	0.794242115461696	0.00404374921494992	31.660405487023	0.199994099633068
27.975	11.3	-8.68951870944963e-06	0.795169887942792	0.00474648311714204	31.6365662781164	0.199993048385032
28.125	11.3	-7.3324058495173e-06	0.796261177964367	0.00552907306186677	31.6126969520609	0.19999413407532
28.275	11.3	-2.00209796956088e-06	0.797534876893645	0.00639747502174267	31.588792008681	0.199998398321624
28.425	11.3	7.92394252822199e-06	0.79901221706582	0.00735915277242815	31.5648452426656	0.200006339154023
28.575	11.3	2.17426429462154e-05	0.800717681145384	0.0084241305308528	31.5408497561386	0.200017394114357
28.725	11.3	3.68875161266019e-05	0.802680050162464	0.00960589651211266	31.5167980034644	0.200029510012901
28.875	11.3	4.87434155026772e-05	0.804933324502886	0.0109217171226819	31.4926818469993	0.200038994732402
29.025	11.3	5.10536625713212e-05	0.807517129805402	0.012391878905058	31.4684925875463	0.200040842930057
29.175	11.3	3.7070360240025e-05	0.810476165308549	0.0140374765321945	31.4442209248012	0.200029656288192
29.325	11.3	1.42151856901689e-06	0.813858317890091	0.0158766384869653	31.4198568069134	0.200001137214855
29.475	11.3	-5.75702711482836e-05	0.817711285677331	0.0179195081778155	31.3953891480683	0.199953943783081
29.625	11.3	-0.000135625562610522	0.822077930821182	0.0201628004011489	31.3708054279793	0.199891499549912
29.775	11.3	-0.000220977455900427	0.826991063326979	0.0225852022802388	31.3460912309667	0.19982321803528
29.925	11.3	-0.000294261192545426	0.832468841096891	0.0251451222905436	31.3212298233111	0.199764591045964
30.075	11.3	-0.000330321641803283	0.838512294560319	0.0277821512089431	31.2962018916866	0.199735742686557
30.225	11.3	-0.000302046002280793	0.845106455735707	0.0304229812166549	31.2709855605394	0.199758363198175
30.375	11.3	-0.000185810443414596	0.852226031992069	0.0329914562257707	31.2455567669888	0.199851351645268
30.525	11.3	3.23885749812267e-05	0.859845487156834	0.0354211079085568	31.2198900032191	0.200025910859985
30.675	11.3	0.000351410737541262	0.867951975790886	0.0376673687473807	31.1939593539586	0.200281128590033
30.825	11.3	0.000751424476086813	0.876558252985454	0.0397161299068025	31.1677396828371	0.200601139580869
30.975	11.3	0.00119342941210456	0.885711979574708	0.041585783441762	31.1412077786212	0.200954743529684
31.125	11.3	0.0016223515699585	0.895498135454037	0.0433213649497204	31.1143432757281	0.201297881255967
31.275	11.3	0.00197343967536092	0.906032550101719	0.0449814844025526	31.0871292154206	0.201578751740289
31.425	11.3	0.00218092843126115	0.917446481005942	0.0466207222186687	31.0595522025825	0.201744742745009
31.575	11.3	0.00218738798416001	0.929864146016959	0.0482714322035618	31.0316022141327	0.201749910387328
31.725	11.3	0.00195199754898422	0.94337664803501	0.049929090805953	31.0032722001431	0.201561598039187
31.875	11.3	0.00145621509995672	0.958016557274009	0.0515445024197681	30.9745576627135	0.201164972079965
32.025	11.3	0.000705898384319936	0.973737490918553	0.0530246297928214	30.9454563879442	0.200564718707456
32.175	11.3	-0.00027029560452741	0.990402405619943	0.0542419896324592	30.9159684469252	0.199783763516378
32.325	11.3	-0.0014256509080111	1.0077830687257	0.05505083745784	30.8860964919471	0.198859479273591
32.475	11.3	-0.00270214055787582	1.02557141592839	0.0553070874788536	30.8558462820449	0.197838287553699
32.625	11.3	-0.004037817678618	1.04340147647259	0.0548882997005168	30.8252273041397	0.196769745857106
32.775	11.3	-0.00537358303751067	1.0608786512464	0.05371021973715	30.7942533290392	0.195701133569991
32.925	11.3	-0.00665841039629629	1.07761183670927	0.051737221533974	30.762942757751	0.194673271682963
33.075	11.3	-0.0078525753631515	1.09324356174273	0.0489853583175633	30.7313186624822	0.193717939709479
33.225	11.3	-0.00892887752374634	1.1074740244427	0.0455182305755671	30.6994084906365	0.192856897981003
33.375	11.3	-0.00987217361188908	1.12007642821762	0.0414371648364174	30.6672434609977	0.192102261110489
33.525	11.3	-0.0106777166541961	1.13090284664195	0.0368679852321959	30.6348577262934	0.191457826676643
33.675	11.3	-0.011348841917957	1.13988150122895	0.0319468425790296	30.6022874006375	0.190920926465634
33.825	11.3	-0.0118945011838286	1.14700747989256	0.0268072166558152	30.5695695566107	0.190484399052937
33.975	11.3	-0.0123270607405605	1.15232944387504	0.0215695280391714	30.5367412914826	0.190138351407552
34.125	11.3	-0.0126606531195717	1.1559348322918	0.0163340279378061	30.5038389503896	0.189871477504343
34.275	11.3	-0.0129101881942494	1.15793562203464	0.0111769805086323	30.4708975751308	0.1896718494446
34.425	11.3	-0.0130908744486481	1.15845598960666	0.00614972856534275	30.4379506130989	0.189527300441082
34.575	11.3	-0.0132178270845793	1.15762239835443	0.00128005494990954	30.4050298642138	0.189425738332337
34.725	11.3	-0.0133051952771814	1.15555587698823	-0.00342476348655542	30.3721655698434	0.189355843778255
34.875	11.3	-0.013364439448368	1.15236579484855	-0.00797381502825753	30.3393864867778	0.189308448441306
35.025	11.3	-0.013402072069987	1.14814451189358	-0.0123880785745223	30.3067197956455	0.18927834234401
35.175	11.3	-0.0134182017654884	1.14296297027444	-0.0166967168075051	30.274190819783	0.189265438587609
35.325	11.3	-0.0134080109982883	1.1368683340884	-0.0209356059291746	30.241822779288	0.189273591201369
35.475	11.3	-0.0133679197893105	1.12988546097684	-0.0251494624284611	30.2096370740882	0.189305664168552
35.625	11.3	-0.0133058356763058	1.12202332800169	-0.0293976715116692	30.1776546640006	0.189355331458955
35.775	11.3	-0.0132507069103117	1.11328492196574	-0.0337611592646501	30.1458987443346	0.189399434471751
35.925	11.3	-0.0132524394797071	1.10367518620878	-0.0383440680758807	30.1143980036127	0.189398048416234
36.075	11.3	-0.0133626829770141	1.09319876084164	-0.0432617875551886	30.0831885664286	0.189309853618389
36.225	11.3	-0.0135938754117393	1.08184073010573	-0.0486093669728432	30.0523120143955	0.189124899670609
36.375	11.3	-0.0138694047372324	1.06953163423779	-0.0544146821833449	30.0218076605664	0.188904476210214
36.525	11.3	-0.0139969654267488	1.05611206913238	-0.0606001109983238	29.9917002204487	0.188802427658601
36.675	11.3	-0.0137082828782344	1.04132721969412	-0.0669997202112482	29.9619887038069	0.189033373697412
36.825	11.3	-0.0127961010508421	1.02488453931339	-0.0734871761893688	29.9326465412102	0.189763119159326
36.975	11.3	-0.0113339000050334	1.00657864921437	-0.0802324069648116	29.9036431177194	0.190932879995973
37.125	11.3	-0.00989177491264831	0.986424657338541	-0.0880168075220875	29.8749898530791	0.192086580069881
37.275	11.3	-0.0095934453695512	0.964694934208008	-0.0984600662552289	29.846799436042	0.192325243704359
37.425	11.3	-0.0118455081376935	0.941788534148538	-0.114018914019545	29.8193292965825	0.190523593489845
37.575	11.3	-0.0176618974081502	0.917940300710437	-0.137633403295878	29.7929695552919	0.18587048207348
37.725	11.3	-0.0267121809689015	0.892763316073866	-0.171690626576396	29.7681438947202	0.178630255224879
37.875	11.3	-0.0364615367302505	0.864480013545933	-0.215525416192311	29.7451271935902	0.1708307706158
38.025	11.3	-0.0418818847804468	0.828881305984176	-0.26111949951017	29.7238399586514	0.166494492175643
38.175	11.3	-0.0360559017589798	0.779853801657238	-0.291077541066643	29.7037259419561	0.171155278592816
38.325	11.3	-0.0115885367157673	0.714994894914841	-0.288416529170345	29.6837971302461	0.190729170627386
38.475	11.3	0.0376437048670601	0.641619204240208	-0.253569851041399	29.6628148269631	0.230114963893648
38.625	11.3	0.11484139055583	0.571800653405057	-0.203430811683294	29.639503276241	0.291873112444664
38.775	11.3	0.218857078033673	0.513175524093267	-0.154401848245102	29.6127468560409	0.375085662426938
38.925	11.3	0.34332994219402	0.467364983419648	-0.114040408514482	29.5817578418222	0.474663953755216
39.075	11.3	0.477300345286615	0.432888247597336	-0.0834353292431979	29.5461944627779	0.581840276229292
39.225	11.3	0.607884492983823	0.407413242882686	-0.0611128057698977	29.5061962965547	0.686307594387058
39.375	11.3	0.723981818565963	0.388695580145911	-0.0451218170998447	29.4623112219847	0.77918545485277
39.525	11.3	0.818910253015272	0.374877298174896	-0.0337606073276588	29.4153365138301	0.855128202412218
39.675	11.3	0.890799364519627	0.364541673578216	-0.0257218767646357	29.3661407769506	0.912639491615702
39.825	11.3	0.941305237902906	0.356664884382076	-0.0200507191735042	29.315527975536	0.953044190322325
39.975	11.3	0.973895466598049	0.350528682427799	-0.0160636508757543	29.2641655581649	0.979116373278439
40.125	11.3	0.992523090216398	0.345633408782955	-0.0132744349124463	29.2125654638553	0.994018472173118
40.275	11.3	1.00087970329754	0.341629255695793	-0.0113363919175738	29.1610957602858	1.00070376263803
40.425	11.3	1.00208989726537	0.338268166868208	-0.0100002749112031	29.1100045593747	1.0016719178123
40.575	11.3	0.998653374689735	0.335372142755733	-0.0090845642493096	29.0594456432532	0.998922699751788
40.725	11.3	0.99249517322295	0.332812766193731	-0.00845511343768549	29.0095013054958	0.99399613857836
40.875	11.3	0.985048732981676	0.330497859186989	-0.00801158929985583	28.9602012619134	0.988038986385341
41.025	11.3	0.977339888437254	0.328362498876267	-0.00767865159134124	28.9115378745577	0.981871910749803
41.175	11.3	0.970062294151537	0.326362634268032	-0.00740024906876012	28.8634782876563	0.97604983532123
41.325	11.3	0.963643817428332	0.324470240342698	-0.00713579521134794	28.815974015928	0.970915053942666
41.475	11.3	0.958305611063541	0.322669411333666	-0.00685734749961231	28.7689683753848	0.966644488850833
41.625	11.3	0.954115036237026	0.320953098675476	-0.00654724502799668	28.7224020334721	0.963292028989621
41.775	11.3	0.951032512064506	0.319320380689824	-0.00619593697769164	28.6762169068947	0.960826009651605
41.925	11.3	0.948951655817865	0.317774238301834	-0.00579993449837808	28.6303586353185	0.959161324654292
42.075	11.3	0.947731968705562	0.316319831919233	-0.00535993111041369	28.5847778790895	0.958185574964449
42.225	11.3	0.947223687369835	0.314963258066733	-0.004879172394545	28.5394307053124	0.957778949895868
42.375	11.3	0.947285011579028	0.313710735679908	-0.00436213942140842	28.4942783255194	0.957828009263223
42.525	11.3	0.947792501003784	0.312568148122847	-0.00381357037134199	28.4492864264802	0.958234000803027
42.675	11.3	0.948645855636446	0.311540855685944	-0.00323780355584633	28.4044242973896	0.958916684509157
42.825	11.3	0.949768494240304	0.310633694947002	-0.00263839526035523	28.3596639091531	0.959814795392243
42.975	11.3	0.95110533476174	0.309851092361343	-0.00201795126894416	28.3149790524824	0.960884267809392
43.125	11.3	0.952619013624567	0.309197235129376	-0.00137810964239586	28.270344597149	0.962095210899654
43.275	11.3	0.954285524661828	0.308676258812651	-0.000719619950001334	28.2257358987399	0.963428419729463
43.425	11.3	0.956089974472155	0.308292425739126	-4.24762196516544e-05	28.1811283530782	0.964871979577724
43.575	11.3	0.958022884568295	0.308050279660086	0.000653926086328234	28.1364970818064	0.966418307654636
43.725	11.3	0.960077248944443	0.307954770099257	0.00137062694482239	28.0918167240957	0.968061799155554
43.875	11.3	0.96224639004835	0.308011344616968	0.00210894088541072	28.0470613071662	0.96979711203868
44.025	11.3	0.964522546266175	0.308226009430309	0.00287029994368258	28.0022041703503	0.97161803701294
44.175	11.3	0.966896062982956	0.30860535908624	0.00365609785548828	27.9572179220944	0.973516850386365
44.325	11.3	0.969355036301532	0.309156574913485	0.00446753098417553	27.9120744151933	0.975484029041225
44.475	11.3	0.971885262596043	0.309887390339523	0.0053054314655663	27.8667447317041	0.977508210076834
44.625	11.3	0.974470367973129	0.31080601940863	0.00617008955556869	27.8211991747164	0.979576294378503
44.775	11.3	0.977092021156802	0.311921043417371	0.00706106482263478	27.7754072690752	0.981673616925442
44.925	11.3	0.979730165170359	0.313241249875084	0.00797698930922751	27.7293377770504	0.983784132136287
45.075	11.3	0.982363233344107	0.314775418304262	0.00891536974789556	27.6829587377279	0.985890586675286
45.225	11.3	0.984968341159753	0.316532048943689	0.00987239998501951	27.6362375405035	0.987974672927802
45.375	11.3	0.987521465964388	0.318519033315537	0.0108427984967348	27.58914104347	0.99001717277151
45.525	11.3	0.989997641104592	0.320743269845781	0.0118196887634924	27.5416357466524	0.991998112883673
45.675	11.3	0.992371199391398	0.323210233070105	0.0127945417578321	27.4936880279478	0.993896959513118
45.825	11.3	0.994616103037513	0.325923511008244	0.0137571993593004	27.4452644462728	0.995692882430011
45.975	11.3	0.996706393449547	0.328884331421393	0.0146959947374484	27.3963321119095	0.997365114759638
46.125	11.3	0.998616784817761	0.332091103101492	0.0155979804568298	27.3468591185875	0.998893427854209
46.275	11.3	1.00032341092721	0.335539002223357	0.016449267411402	27.2968150258084	1.00025872874177
46.425	11.3	1.001804716059	0.339219635331131	0.0172354682404584	27.2461713738453	1.0014437728472
46.575	11.3	1.00304245983272	0.343120809167513	0.0179422285404498	27.1949022083794	1.00243396786617
46.725	11.3	1.00402278445298	0.347226433082441	0.0185558191861458	27.1429845875879	1.00321822756238
46.875	11.3	1.00473727353533	0.351516572430162	0.0190637547216254	27.0903990423514	1.00378981882827
47.025	11.3	1.00518391708278	0.355967661872696	0.0194553972725164	27.0371299606214	1.00414713366623
47.175	11.3	1.00536788962154	0.360552876896179	0.0197225036023236	26.9831658701472	1.00429431169723
47.325	11.3	1.00530204975675	0.365242651304576	0.019859675126119	26.9284995996215	1.0042416398054
47.475	11.3	1.0050070803725	0.37000531910345	0.0198646766799802	26.8731283064253	1.004005664298
47.625	11.3	1.00451120921741	0.374807851860076	0.019738598927872	26.8170533687614	1.00360896737393
47.775	11.3	1.00384947843702	0.379616657753	0.0194858504563994	26.7602801500745	1.00307958274962
47.925	11.3	1.00306256649136	0.38439840611246	0.0191139777452632	26.7028176531622	1.00245005319309
48.075	11.3	1.00219520379126	0.389120840983987	0.0186333232675827	26.644678089278	1.00175616303301
48.225	11.3	1.00129426073797	0.393753548659756	0.0180565430911544	26.5858763929761	1.00103540859037
48.375	11.3	1.00040661988817	0.398268646797987	0.017398014840513	26.526429715938	1.00032529591054
48.525	11.3	0.999576969069984	0.402641366447752	0.0166731741752155	26.466356932388	0.999661575255987
48.675	11.3	0.998845666354606	0.406850503012577	0.0158978225663568	26.405678185144	0.999076533083684
48.825	11.3	0.998246828683658	0.410878718050675	0.0150874506768781	26.3444144953779	0.998597462946926
48.975	11.3	0.9978067827985	0.414712680975626	0.0142566197550055	26.2825874515166	0.9982454262388
49.125	11.3	0.997542990603537	0.418343048133665	0.0134184380365938	26.2202189842817	0.99803439248283
49.275	11.3	0.997463523535865	0.421764286026743	0.0125841604849034	26.1573312265484	0.997970818828692
49.425	11.3	0.997567115669019	0.424974354881058	0.0117629289756771	26.0939464493179	0.998053692535215
49.575	11.3	0.997843777913849	0.427974277315918	0.0109616573854522	26.0300870593118	0.998275022331079
49.725	11.3	0.998275910909376	0.430767623450521	0.010185053375494	25.9657756399444	0.9986207287275
49.875	11.3	0.998839816736873	0.433359947467594	0.00943575745333243	25.901035015899	0.999071853389499
50.025	11.3	0.999507483065745	0.435758210903355	0.00871457141486591	25.8358883221739	0.999605986452596
50.175	11.3	1.00024849978559	0.437970224736142	0.00802074338564805	25.7703590610194	1.00019879982847
50.325	11.3	1.00103196784187	0.440004136234654	0.00735227572664344	25.7044711342313	1.0008255742735
50.475	11.3	1.00182827145619	0.441867978446199	0.00670622486066198	25.6382488433203	1.00146261716495
50.625	11.3	1.0026106054957	0.443569291354792	0.00607896800686359	25.5717168555903	1.00208848439656
50.775	11.3	1.00335617608934	0.445114815356806	0.00546642002023284	25.5049001396505	1.00268494087147
50.925	11.3	1.0040470212266	0.446510250888226	0.00486419306191948	25.437823878895	1.00323761698128
51.075	11.3	1.0046704260271	0.447760073643596	0.00426770173881636	25.3705133756327	1.00373634082168
51.225	11.3	1.00521893246943	0.448867393382043	0.00367222578483729	25.3029939615293	1.00417514597554
51.375	11.3	1.00568996441416	0.44983384600916	0.00307295053135046	25.2352909315506	1.00455197153133
51.525	11.3	1.00608510547233	0.450659513304522	0.00246501159182801	25.1674295184681	1.00486808437786
51.675	11.3	1.00640908009128	0.45134287183859	0.00184357365134209	25.0994349229981	1.00512726407302
51.825	11.3	1.00666849801491	0.451880781452058	0.00120397332220718	25.0313324106889	1.00533479841193
51.975	11.3	1.00687043000278	0.45226853299178	0.000541952122632865	24.9631474806997	1.00549634400222
52.125	11.3	1.00702088920768	0.452499983353227	-0.000146002592145769	24.8949061037595	1.00561671136614
52.275	11.3	1.00712329847259	0.45256781162828	-0.000862203431778199	24.8266350171536	1.00569863877807
52.425	11.3	1.00717702920225	0.452463931642199	-0.00160720642500881	24.7583620541265	1.0057416233618
52.575	11.3	1.00717610231555	0.452180091915468	-0.00237918181716082	24.6901164744166	1.00574088185244
52.725	11.3	1.00710814565095	0.451708683125902	-0.00317326145029627	24.6219292528065	1.00568651652076
52.875	11.3	1.00695370447622	0.451043755163616	-0.00398093008125071	24.5538332748118	1.00556296358098
53.025	11.3	1.00668600143751	0.450182221438841	-0.00478954225502902	24.4858633842621	1.00534880115001
53.175	11.3	1.00627123785111	0.449125198731345	-0.00558205437396265	24.4180562278247	1.00501699028089
53.325	11.3	1.00566951740147	0.447879398981613	-0.00633706123792243	24.3504498476153	1.00453561392118
53.475	11.3	1.00483645287188	0.446458458277975	-0.00702921580177945	24.2830829857188	1.00386916229751
53.625	11.3	1.00372548262305	0.444884061864775	-0.00763008886297849	24.2159940840613	1.00298038609844
53.775	11.3	1.00229087236388	0.44318670683669	-0.0081094911175479	24.149219989277	1.00183269789111
53.925	11.3	1.00049130713254	0.441405941200128	-0.00843723370487541	24.0827944038071	1.00039304570603
54.075	11.3	0.998293889815973	0.439589934022575	-0.00858524681218668	24.0167461591037	0.998635111852778
54.225	11.3	0.995678263376877	0.437794270452999	-0.00852991343444221	23.9510974209271	0.996542610701501
54.375	11.3	0.992640478927958	0.436079929446324	-0.00825441461099474	23.8858619655351	0.994112383142366
54.525	11.3	0.989196162335098	0.434510489377681	-0.00775083450468532	23.821043683556	0.991356929868078
54.675	11.3	0.985382512837545	0.433148710498924	-0.00702175203477408	23.7566354701112	0.988306010270036
54.825	11.3	0.981258719704063	0.432052750288318	-0.00608106340360436	23.6926186413775	0.98500697576325
54.975	11.3	0.976904517294798	0.431272359481338	-0.00495384485667803	23.6289629782313	0.981523613835839
55.125	11.3	0.972416806846343	0.43084546138262	-0.00367517587846095	23.5656274399294	0.977933445477074
55.275	11.3	0.967904525805424	0.430795515654063	-0.00228798564061516	23.5025615222754	0.974323620644339
55.425	11.3	0.963482197204172	0.431129999475467	-0.0008401339799985	23.4397071659581	0.970785757763338
55.575	11.3	0.959262791433031	0.431840207364127	0.000618939608057644	23.3770010633043	0.967410233146425
55.725	11.3	0.95535063845394	0.432902395948597	0.00204159866196939	23.3143771752512	0.964280510763152
55.875	11.3	0.951835118829173	0.434280114537807	0.00338502910689238	23.251769260261	0.961468095063339
56.025	11.3	0.948785740967563	0.435927404617093	0.0046135759507055	23.1891132329161	0.95902859277405
56.175	11.3	0.946249009432455	0.437792453061219	0.00570020457178224	23.12634920664	0.956999207545964
56.325	11.3	0.944247246612142	0.439821262138734	0.00662704033025141	23.0634231237208	0.955397797289713
56.475	11.3	0.942779292777345	0.441960951726114	0.00738507408548555	23.0002879271249	0.954223434221876
56.625	11.3	0.941822813985538	0.444162416194419	0.00797321759513327	22.9369042745758	0.953458251188431
56.775	11.3	0.941337815659069	0.446382191067591	0.00839693999377985	22.8732408309478	0.953070252527256
56.925	11.3	0.941270898759472	0.448583513192179	0.00866671646348046	22.8092741983058	0.953016719007577
57.075	11.3	0.941559799323403	0.450736660307426	0.00879648458656311	22.7449885545641	0.953247839458723
57.225	11.3	0.942137806442891	0.452818720014931	0.00880224889025726	22.6803750740242	0.953710245154313
57.375	11.3	0.942937740641923	0.454812963489879	0.00870091517465168	22.6154311988206	0.954350192513538
57.525	11.3	0.943895276231816	0.456707992960466	0.00850938467360653	22.5501598222442	0.955116220985453
57.675	11.3	0.944951492482021	0.458496804913467	0.00824389996460764	22.4845684351208	0.955961193985617
57.825	11.3	0.946054628142644	0.460175874242553	0.00791961112048998	22.4186682763243	0.956843702514115
57.975	11.3	0.94716108510893	0.461744327038104	0.00755031997156249	22.3524735189246	0.957728868087144
58.125	11.3	0.948235776895204	0.463203237161856	0.00714835907653597	22.2860005148195	0.958588621516163
58.275	11.3	0.949251946391132	0.464555056888532	0.0067245664545181	22.2192671131459	0.959401557112906
58.425	11.3	0.950190587722211	0.465803175166739	0.00628832427367041	22.1522920613356	0.960152470177768
58.575	11.3	0.951039602891434	0.466951587467098	0.00584763738550298	22.0850944923691	0.960831682313148
58.725	11.3	0.951792809676697	0.468004657133883	0.0054092345681351	22.0176934975312	0.961434247741358
58.875	11.3	0.95244889722135	0.468966947906362	0.00497868100917118	21.9501077807268	0.96195911777708
59.025	11.3	0.953010403473777	0.469843109313527	0.00456049479577273	21.8823553880878	0.962408322779022
59.175	11.3	0.953482766815411	0.470637799799991	0.00415826311521345	21.8144535050846	0.962786213452329
59.325	11.3	0.953873484680305	0.471355635887237	0.00377475575521746	21.7464183125336	0.963098787744244
59.475	11.3	0.954191395726485	0.47200115891313	0.00341203460213467	21.6782648926277	0.963353116581188
59.625	11.3	0.954446089535789	0.472578813643655	0.00307155840935153	21.6100071762918	0.963556871628631
59.775	11.3	0.9546474387966	0.473092935211794	0.00275428234226741	21.5416579236447	0.96371795103728
59.925	11.3	0.954805243067257	0.473547742407669	0.00246075184436819	21.4732287300388	0.963844194453805
60.075	11.3	0.954928969976939	0.473947336373646	0.00219119031159772	21.4047300509486	0.963943175981552
60.225	11.3	0.955027578497104	0.474295704342159	0.00194557997350912	21.3361712398358	0.964022062797683
60.375	11.3	0.955109409137267	0.474596728276046	0.00172373530422521	21.2675605939644	0.964087527309813
60.525	11.3	0.95518212708043	0.474854198232717	0.00152536824668335	21.1989054039645	0.964145701664344
60.675	11.3	0.955252705963628	0.475071830048132	0.00135014455057262	21.1302120037199	0.964202164770903
60.825	11.3	0.955327441913812	0.475253286605164	0.00119773060776017	21.0614858178767	0.964261953531049
60.975	11.3	0.955411989348861	0.475402201566144	0.00106783033034961	20.9927314049491	0.964329591479089
61.125	11.3	0.955511411790902	0.475522204076275	0.000960211867859865	20.9239524946278	0.964409129432721
61.275	11.3	0.95563024245058	0.475616942622131	0.000874724317894115	20.8551520184897	0.964504193960464
61.425	11.3	0.955772550593762	0.475690106013716	0.000811305057428435	20.7863321338627	0.964618040475009
61.575	11.3	0.955942010695596	0.475745439392736	0.000769978919629756	20.717494241107	0.964753608556477
61.725	11.3	0.956141972146979	0.475786753304755	0.00075085116882393	20.6486389950383	0.964913577717583
61.875	11.3	0.956375527838773	0.475817924266549	0.000754097075363857	20.5797663115965	0.965100422271018
62.025	11.3	0.956645580345188	0.475842885965832	0.000779951837738294	20.5108753711462	0.96531646427615
62.175	11.3	0.956954904743103	0.475865611288971	0.000828705577757607	20.441964619925	0.965563923794482
62.325	11.3	0.957306207268851	0.475890086828133	0.000900709052694441	20.3730317710936	0.965844965815081
62.475	11.3	0.957702179097011	0.475920283374593	0.000996396487346836	20.3040738065295	0.966161743277609
62.625	11.3	0.958145544607763	0.475960128090101	0.00111633234609058	20.2350869798974	0.96651643568621
62.775	11.3	0.958639103503659	0.476013486475141	0.00126128876241969	20.166066820568	0.966911282802927
62.925	11.3	0.959185766092718	0.476084164708094	0.00143235956023099	20.0970081366431	0.967348612874175
63.075	11.3	0.959788580974577	0.476175945141143	0.00163111520023906	20.027905013663	0.967830864779662
63.225	11.3	0.960450754261401	0.476292669372406	0.00185980052462771	19.9587508036085	0.968360603409121
63.375	11.3	0.9611756593321	0.476438384017237	0.00212157393774016	19.8895380966464	0.96894052746568
63.525	11.3	0.961966835947963	0.476617563783486	0.0024207828907064	19.8202586658713	0.96957346875837
63.675	11.3	0.962827977312536	0.476835424579111	0.00276326661428604	19.7509033732668	0.970262381850028
63.825	11.3	0.96376290327053	0.477098336246052	0.00315667342199667	19.6814620234274	0.971010322616424
63.975	11.3	0.964775517196305	0.477414340530512	0.00361077697899085	19.6119231504441	0.971820413757044
64.125	11.3	0.965869743072934	0.477793775749861	0.00413777383692876	19.5422737228397	0.972695794458347
64.275	11.3	0.967049437633608	0.478250006139332	0.00475254291720798	19.4724987515535	0.973639550106887
64.425	11.3	0.968318270080091	0.478800251742212	0.00547284546024997	19.4025807865912	0.974654616064073
64.575	11.3	0.969679558756269	0.479466514061144	0.00631943947733173	19.3324992888898	0.975743647005015
64.725	11.3	0.971136050382127	0.480276592516343	0.00731607363658239	19.2622298650731	0.976908840305702
64.875	11.3	0.972689623496541	0.481265184461746	0.00848930949099141	19.1917433541792	0.978151698797233
65.025	11.3	0.974340894492513	0.482475052628785	0.00986809675501139	19.1210047577428	0.979472715594011
65.175	11.3	0.976088703452563	0.483958222346346	0.0114829951793795	19.0499720091732	0.98087096276205
65.325	11.3	0.977929459871651	0.48577713017039	0.0133649038353994	18.9785945874911	0.982343567897321
65.475	11.3	0.97985633779463	0.488005580754975	0.0155431353037141	18.9068119973918	0.983885070235704
65.625	11.3	0.981858328754933	0.490729279979189	0.018042675518181	18.8345521659568	0.985486663003946
65.775	11.3	0.983919191971487	0.494045608564258	0.0208805217250841	18.7617298492166	0.987135353577189
65.925	11.3	0.986016386437675	0.498062203529717	0.02406111340481	18.6882452000028	0.98881310915014
66.075	11.3	0.988120128428438	0.502893861290091	0.0275710784898144	18.6139827184035	0.99049610274275
66.225	11.3	0.990192785823332	0.508657314291219	0.031373804840333	18.5388108770857	0.992154228658666
66.375	11.3	0.992188885881741	0.515463613040475	0.0354046774275669	18.4625827668027	0.993751108705393
66.525	11.3	0.994056055066792	0.523408200517773	0.0395681161905296	18.3851381159913	0.995244844053433
66.675	11.3	0.995737198542939	0.532559287002152	0.043737690241092	18.3063069729245	0.996589758834352
66.825	11.3	0.99717412926866	0.542945743894884	0.0477604379581677	18.2259151765631	0.997739303414928
66.975	11.3	0.998312646179018	0.554546283314638	0.0514659914165481	18.1437914804236	0.998650116943214
67.125	11.3	0.999108738040974	0.56728197436941	0.054680192144486	18.0597758633486	0.999286990432779
67.275	11.3	0.99953519930056	0.581013982831453	0.0572417562852303	17.9737282313449	0.999628159440448
67.425	11.3	0.999587583793497	0.595547733588712	0.0590195194449099	17.8855364818575	0.999670067034798
67.575	11.3	0.999288224254269	0.610643589429447	0.0599272450163652	17.7951228585055	0.999430579403415
67.725	11.3	0.998687134991328	0.626032894425859	0.0599331898678121	17.7024477189274	0.998949707993062
67.875	11.3	0.997859051322379	0.641437199819427	0.0590626053438229	17.6075102453682	0.998287241057903
68.025	11.3	0.996896590629482	0.656587958155646	0.0573928330588258	17.5103461471576	0.997517272503585
68.175	11.3	0.995900376606797	0.671244041165063	0.0550421797372378	17.4110228966002	0.996720301285437
68.325	11.3	0.994967707949805	0.685205020992179	0.0521548877952969	17.3096333782585	0.995974166359844
68.475	11.3	0.994181744194265	0.698319046192637	0.0488850005150876	17.2062889467137	0.995345395355412
68.625	11.3	0.993603093440205	0.710485111361433	0.045381725050529	17.1011127841067	0.994882474752164
68.775	11.3	0.993265140453558	0.721650368279649	0.0417781837074584	16.9942341909364	0.994612112362847
68.925	11.3	0.993173614357995	0.731803725684325	0.0381844751578381	16.8857841249338	0.994538891486396
69.075	11.3	0.993310008160759	0.740967269981845	0.0346850141764974	16.775892011079	0.994648006528607
69.225	11.3	0.993637764027429	0.749187013254544	0.0313393921908693	16.6646836395168	0.994910211221943
69.375	11.3	0.994109780053603	0.756524201575715	0.0281856101325294	16.5522798681778	0.995287824042883
69.525	11.3	0.994675808196336	0.763048001730191	0.0252444794750339	16.4387958415687	0.995740646557069
69.675	11.3	0.995288623657886	0.768829944232313	0.0225241835045083	16.3243404949764	0.996230898926309
69.825	11.3	0.995908316037484	0.773940129404215	0.0200243172654712	16.2090161976063	0.996726652829987
69.975	11.3	0.996504537138223	0.778444953529078	0.0177390664226217	16.0929184685507	0.997203629710579
70.125	11.3	0.997056929339543	0.782405991953776	0.0156594634704843	15.9761357576246	0.997645543471634
70.275	11.3	0.997554196091816	0.785879661817149	0.0137748394885154	15.8587493132073	0.998043356873453
70.425	11.3	0.997992358492153	0.788917340764246	0.0120736725674573	15.740833164864	0.998393886793723
70.575	11.3	0.998372701183366	0.791565702057598	0.0105440430784378	15.6224542381179	0.998698160946693
70.725	11.3	0.998699795115853	0.793867112586112	0.00917387085043394	15.5036726015609	0.998959836092682
70.875	11.3	0.99897984137016	0.795860011792881	0.00795105659594468	15.3845418298872	0.999183873096128
71.025	11.3	0.999219445505958	0.797579240075967	0.00686359821242696	15.2651094548219	0.999375556404766
71.175	11.3	0.99942482720165	0.799056315326707	0.00589971198467384	15.1454174708063	0.99953986176132
71.325	11.3	0.999601402965924	0.800319670192988	0.00504796242689379	15.0255028630998	0.999681122372739
71.475	11.3	0.999753648080816	0.801394865765787	0.00429739128752813	14.9053981309246	0.999802918464653
71.625	11.3	0.999885139637972	0.802304794584315	0.00363763269266951	14.7851317853728	0.999908111710378
71.775	11.3	0.99999869563899	0.803069880838997	0.0030590036688471	14.6647288092361	0.999998956511192
71.925	11.3	1.00009654650197	0.80370828073773	0.00255256407118344	14.5442110724801	1.00007723720158
72.075	11.3	1.00018049799618	0.804236082343334	0.00211014494730858	14.4235977021204	1.00014439839694
72.225	11.3	1.00025206426246	0.804667502091379	0.00172434830881774	14.3029054086144	1.00020165140997
72.375	11.3	1.00031256415132	0.805015074474237	0.00138852368995419	14.182148772748	1.00025005132105
72.525	11.3	1.00036318333895	0.805289831624383	0.00109672781752627	14.0613404977014	1.00029054667116
72.675	11.3	1.00040500933341	0.805501470320889	0.00084367354082012	13.9404916309291	1.00032400746673
72.825	11.3	1.00043904779298	0.805658504924511	0.000624673299801261	13.8196117600084	1.00035123823438
72.975	11.3	1.00046622782325	0.805768405679009	0.000435581225221113	13.698709185979	1.0003729822586
73.125	11.3	1.0004874021692	0.805837722572313	0.000272736751393837	13.5777910770553	1.00038992173536
73.275	11.3	1.00050334623817	0.805872195482662	0.000132911552714749	13.4568636050588	1.00040267699053
73.425	11.3	1.00051475813629	0.805876851656453	1.3260770443573e-05	13.3359320664956	1.00041180650903
73.575	11.3	1.00052226058158	0.805856091713194	-8.87211092532267e-05	13.2150009899019	1.00041780846526
73.725	11.3	1.00052640470703	0.805813765398432	-0.000175239759973563	13.0940742308701	1.00042112376563
73.875	11.3	1.00052767531859	0.805753238251626	-0.00024823616431934	12.9731550560192	1.00042214025487
74.025	11.3	1.00052649701697	0.805677450262036	-0.000309417778746129	12.8522462170638	1.00042119761358
74.175	11.3	1.00052324062381	0.805588967472979	-0.000360286118305379	12.7313500160445	1.00041859249904
74.325	11.3	1.00051822947281	0.805490027383369	-0.00040216115446638	12.6104683626992	1.00041458357825
74.475	11.3	1.00051174527504	0.805382578891685	-0.000436202887215078	12.4896028248722	1.00040939622003
74.625	11.3	1.00050403340298	0.805268317435319	-0.000463430413541039	12.3687546727776	1.00040322672238
74.775	11.3	1.00049530754294	0.805148715898461	-0.000484738776207672	12.2479249178482	1.00039624603435
74.925	11.3	1.00048575373499	0.805025051792648	-0.000500913842393934	12.1271143468269	1.00038860298799
75.075	11.3	1.0004755338585	0.804898431154712	-0.000512645432883894	12.0063235516793	1.0003804270868
75.225	11.3	1.00046478863704	0.804769809554464	-0.000520538897711143	11.8855529558384	1.00037183090963
75.375	11.3	1.00045364023663	0.804640010559653	-0.000525125313469895	11.7648028372297	1.00036291218931
75.525	11.3	1.00044219452386	0.804509741964363	-0.000526870459194582	11.6440733484701	1.00035375561908
75.675	11.3	1.00043054303914	0.8043796100518	-0.000526182711867587	11.5233645345837	1.00034443443131
75.825	11.3	1.00041876472945	0.804250132130234	-0.000523419987693691	11.4026763485362	1.00033501178356
75.975	11.3	1.00040692747518	0.804121747551996	-0.000518895842220035	11.2820086648506	1.00032554198014
76.125	11.3	1.00039508943837	0.803994827400426	-0.000512884830025091	11.1613612915376	1.00031607155069
76.275	11.3	1.0003833002542	0.803869683007081	-0.000505627213274667	11.0407339805411	1.00030664020336
76.425	11.3	1.00037160208369	0.803746573441612	-0.000497333098422276	10.9201264368797	1.00029728166695
76.575	11.3	1.00036003054303	0.803625712099045	-0.000488186070880776	10.7995383266403	1.00028802443443
76.725	11.3	1.0003486155231	0.803507272494287	-0.000478346389146867	10.6789692839604	1.00027889241848
76.875	11.3	1.00033738191139	0.803391393359683	-0.000467953792396892	10.5584189171232	1.00026990552911
77.025	11.3	1.00032635022728	0.803278183129731	-0.000457129969059533	10.4378868138702	1.00026108018182
77.175	11.3	1.00031553718071	0.803167723887227	-0.000445980727837359	10.3173725460255	1.00025242974457
77.325	11.3	1.0003049561632	0.803060074835101	-0.000434597907648257	10.1968756735162	1.00024396493056
77.475	11.3	1.00029461767933	0.802955275351105	-0.000423061058379026	10.0763957478591	1.00023569414346
77.625	11.3	1.00028452972575	0.802853347675368	-0.000411438920437402	9.95593231518002	1.0002276237806
77.775	11.3	1.00027469812431	0.802754299274307	-0.00039979072758698	9.83548491882106	1.00021975849945
77.925	11.3	1.00026512681458	0.802658124919724	-0.000388167354465358	9.71505310158522	1.00021210145166
78.075	11.3	1.00025581811091	0.802564808516827	-0.000376612327749397	9.59463640766304	1.00020465448873
78.225	11.3	1.00024677292829	0.802474324710821	-0.000365162717122625	9.47423438427903	1.00019741834263
78.375	11.3	1.00023799098068	0.802386640298598	-0.000353849921009063	9.35384658309221	1.00019039278454
78.525	11.3	1.00022947095518	0.802301715467981	-0.000342700359242919	9.23347256138062	1.00018357676415
78.675	11.3	1.00022121066496	0.802219504885499	-0.00033173608407147	9.11311188303623	1.00017696853197
78.825	11.3	1.00021320718342	0.802139958649918	-0.00032097531926688	8.99276411939351	1.00017056574673
78.975	11.3	1.00020545696181	0.802063023127691	-0.000310432935715603	8.87242884991224	1.00016436556945
79.125	11.3	1.00019795593241	0.801988641683963	-0.000300120871283765	8.75210566273277	1.00015836474593
79.275	11.3	1.00019069959875	0.801916755321498	-0.000290048501259758	8.63179415511956	1.000152559679
79.425	11.3	1.00018368311458	0.801847303238196	-0.000280222965539257	8.51149393380734	1.00014694649167
79.575	11.3	1.00017690135301	0.801780223312787	-0.000270649457276777	8.3912046152622	1.00014152108241
79.725	11.3	1.00017034896665	0.801715452527128	-0.000261331477870597	8.27092582586872	1.00013627917332
79.875	11.3	1.00016402044012	0.801652927332502	-0.000252271061915365	8.15065720205278	1.00013121635209
80.025	11.3	1.00015791013575	0.801592583966435	-0.000243468975816704	8.03039839034881	1.0001263281086
80.175	11.3	1.0001520123332	0.801534358725896	-0.000234924893126534	7.91014904741874	1.00012160986656
80.325	11.3	1.00014632126381	0.801478188201974	-0.000226637549117488	7.78990884002968	1.00011705701105
80.475	11.3	1.00014083114031	0.801424009480641	-0.000218604877231429	7.66967744499598	1.00011266491225
80.625	11.3	1.00013553618232	0.801371760313423	-0.000210824129311478	7.54945454909098	1.00010842894585
80.775	11.3	1.00013043063833	0.801321379261751	-0.000203291981613166	7.42923984893301	1.00010434451066
80.925	11.3	1.00012550880441	0.801272805818066	-0.000196004628119591	7.3090330508497	1.00010040704353
81.075	11.3	1.00012076504013	0.801225980506338	-0.000188957862694347	7.18883387072409	1.00009661203211
81.225	11.3	1.00011619378203	0.801180844964655	-0.000182147151310966	7.06864203382575	1.00009295502562
81.375	11.3	1.00011178955481	0.801137342011981	-0.00017556769553253	6.94845727462964	1.00008943164385
81.525	11.3	1.00010754698083	0.801095415700944	-0.000169214488169054	6.82827933662506	1.00008603758466
81.675	11.3	1.0001034607877	0.801055011358476	-0.000163082362083978	6.70810797211693	1.00008276863016
81.825	11.3	1.00009952581453	0.801016075615854	-0.000157166032899929	6.58794294202112	1.00007962065162
81.975	11.3	1.00009573701681	0.800978556429338	-0.000151460136271722	6.4677840156556	1.00007658961345
82.125	11.3	1.00009208947023	0.800942403092747	-0.000145959260376426	6.34763097052864	1.00007367157618
82.275	11.3	1.00008857837345	0.800907566242913	-0.00014065797418205	6.22748359212555	1.00007086269876
82.425	11.3	1.0000851990501	0.800873997859093	-0.000135550851922964	6.10734167369473	1.00006815924008
82.575	11.3	1.00008194695003	0.800841651256964	-0.000130632494273226	5.98720501603426	1.00006555756002
82.725	11.3	1.00007881764995	0.80081048107816	-0.000125897546513891	5.86707342727952	1.00006305411996
82.875	11.3	1.00007580685347	0.800780443275829	-0.000121340714171401	5.74694672269287	1.00006064548278
83.025	11.3	1.00007291039059	0.800751495096896	-0.000116956776249667	5.62682472445564	1.00005832831247
83.175	11.3	1.00007012421664	0.800723595061411	-0.00011274059648933	5.50670726146322	1.00005609937331
83.325	11.3	1.00006744441074	0.800696702939707	-0.000108687132721281	5.38659416912351	1.00005395552859
83.475	11.3	1.00006486717389	0.800670779727488	-0.000104791444680299	5.26648528915919	1.00005189373912
83.625	11.3	1.00006238882715	0.800645787619327	-0.00010104870033417	5.14638046941401	1.00004991106172
83.775	11.3	1.00006000581033	0.800621689980895	-9.74541809551375e-05	5.02627956366344	1.00004800464826
83.925	11.3	1.00005771468139	0.800598451319977	-9.40032850469399e-05	4.90618243142956	1.00004617174511
84.075	11.3	1.0000555121162	0.800576037256609	-9.06915312457394e-05	4.78608893780046	1.00004440969296
84.225	11.3	1.00005339490703	0.800554414492521	-8.75145603238686e-05	4.66599895325427	1.00004271592562
84.375	11.3	1.00005135995777	0.800533550780241	-8.44681363314198e-05	4.54591235348797	1.00004108796621
84.525	11.3	1.00004940427404	0.800513414892665	-8.15481469681683e-05	4.42582901925164	1.00003952341923
84.675	11.3	1.00004752494943	0.80049397659316	-7.87506032986868e-05	4.30574883618837	1.00003801995954
84.825	11.3	1.00004571915431	0.800475206606914	-7.60716387190664e-05	4.18567169468001	1.00003657532345
84.975	11.3	1.00004398413858	0.80045707659234	-7.35075073441748e-05	4.06559748969799	1.00003518731087
85.125	11.3	1.00004231726002	0.800439559111157	-7.10545817013847e-05	3.94552612065706	1.00003385380801
85.275	11.3	1.0000407160383	0.800422627594992	-6.87093497772709e-05	3.82545749126962	1.00003257283064
85.425	11.3	1.00003917821	0.800406256307658	-6.64684113734899e-05	3.70539150939918	1.000031342568
85.575	11.3	1.00003770172856	0.800390420306094	-6.43284736547085e-05	3.58532808691543	1.00003016138285
85.725	11.3	1.00003628464051	0.800375095408531	-6.22863458723992e-05	3.46526713955945	1.00002902771241
85.875	11.3	1.00003492480795	0.800360258182098	-6.03389330792465e-05	3.3452085868321	1.00002793984636
86.025	11.3	1.00003361956283	0.800345885959001	-5.8483228750875e-05	3.22515235191624	1.00002689565026
86.175	11.3	1.00003236554906	0.800331956873794	-5.67163060608528e-05	3.10509836162672	1.00002589243924
86.325	11.3	1.00003115913187	0.800318449885937	-5.50353075466604e-05	2.98504654635176	1.0000249273055
86.475	11.3	1.00002999765249	0.800305344724479	-5.34374326700857e-05	2.8649968399175	1.00002399812199
86.625	11.3	1.00002888130815	0.800292621693657	-5.19199224815371e-05	2.74494917930497	1.00002310504652
86.775	11.3	1.00002781455608	0.800280261343475	-5.04800403474482e-05	2.62490350421195	1.00002225164486
86.925	11.3	1.00002680508117	0.800268244149155	-4.91150473991996e-05	2.50485975659911	1.00002144406493
87.075	11.3	1.0000258584046	0.800256550510511	-4.78221714543751e-05	2.38481788054639	1.00002068672368
87.225	11.3	1.00002496818868	0.800245161444706	-4.65985685247115e-05	2.26477782283485	1.00001997455095
87.375	11.3	1.00002410660137	0.800234060115821	-4.54412766942647e-05	2.14473953445721	1.0000192852811
87.525	11.3	1.00002322430642	0.800223233696348	-4.43471619619965e-05	2.02470297259126	1.00001857944514
87.675	11.3	1.00002227169298	0.80021267412371	-4.33128534495843e-05	1.90466810155351	1.00001781735438
87.825	11.3	1.0000212460291	0.800202375675401	-4.23346588675719e-05	1.78463489046822	1.00001699682328
87.975	11.3	1.00002024932322	0.800192327921948	-4.14084398207981e-05	1.66460330589285	1.00001619945857
88.125	11.3	1.00001951277736	0.80018250543849	-4.05294127476159e-05	1.54457330048974	1.00001561022189
88.275	11.3	1.000019323448	0.800172860516853	-3.96918328840869e-05	1.4245448040432	1.0000154587584
88.425	11.3	1.00001980747708	0.800163329688465	-3.88885287344767e-05	1.30451772840328	1.00001584598166
88.575	11.3	1.00002061058748	0.800153864284865	-3.81102952928202e-05	1.18449199817462	1.00001648846998
88.725	11.3	1.00002066686385	0.800144483887091	-3.73452229632603e-05	1.06446760784673	1.00001653349108
88.875	11.3	1.00001839017924	0.800135327538284	-3.65780982663756e-05	0.944444680844493	1.0000147121434
89.025	11.3	1.00001260929059	0.80012664943073	-3.57899745583256e-05	0.824423474526443	1.00001008743247
89.175	11.3	1.000004221803	0.800118696083455	-3.4957753124325e-05	0.704404260958	1.0000033774424
89.325	11.3	0.999997803689406	0.800111442548252	-3.40530522608496e-05	0.584387051155912	0.999998242951525
89.475	11.3	1.0000015340199	0.800104276478268	-3.30388894454271e-05	0.464371245950041	1.00000122721592
89.625	11.3	1.0000234763846	0.800095876169223	-3.18623097663799e-05	0.344355469487325	1.00001878110768
89.775	11.3	1.00006348702785	0.800074023507213	-3.04422615263369e-05	0.224337970771463	1.00005078962228
89.925	11.3	1.00010344962338	0.400095295438955	-2.86528146882482e-05	0.104321067918679	1.0000827596987
0.075	11.5	2.36129250668032e-30	0.399999381350969	-3.58867043515421e-06	36.0880579783496	0.2
0.225	11.5	2.7923854109791e-30	0.799998143125989	-3.5940529552313e-06	36.0640580154686	0.2
0.375	11.5	3.41966395032116e-31	0.799996902117981	-3.60482775934377e-06	36.0400580897621	0.2
0.525	11.5	-2.10706822532855e-30	0.799995656466054	-3.62101491602923e-06	36.0160582013415	0.2
0.675	11.5	-1.1241913489851e-29	0.79999440430114	-3.64264389280793e-06	35.9920583503741	0.2
0.825	11.5	-1.77365234504967e-29	0.799993143741035	-3.66975448763377e-06	35.9680585370834	0.2
0.975	11.5	-2.9437732796892e-29	0.799991872889358	-3.70239623755363e-06	35.9440587617496	0.2
1.125	11.5	-2.76958506972056e-29	0.799990589829672	-3.74062875342395e-06	35.9200590247101	0.2
1.275	11.5	-2.1494445549072e-29	0.799989292624155	-3.78452115470916e-06	35.8960593263599	0.2
1.425	11.5	1.46276844737707e-29	0.799987979309292	-3.83415295532175e-06	35.8720596671526	0.2
1.575	11.5	6.14321237038628e-29	0.79998664789117	-3.88961354649149e-06	35.8480600476013	0.2
1.725	11.5	1.38163780983055e-28	0.79998529634507	-3.9510017345732e-06	35.8240604682791	0.2
1.875	11.5	1.97274973723047e-28	0.799983922608588	-4.01842706774285e-06	35.8000609298206	0.2
2.025	11.5	2.38346844760002e-28	0.799982524580991	-4.09200886215044e-06	35.7760614329226	0.2
2.175	11.5	1.81071119333155e-28	0.799981100118059	-4.17187636633587e-06	35.7520619783458	0.2
2.325	11.5	2.58922046236704e-29	0.799979647029126	-4.25816890177788e-06	35.7280625669155	0.2
2.475	11.5	-2.92595777464408e-28	0.799978163073518	-4.35103678339139e-06	35.704063199524	0.2
2.625	11.5	-6.91037203630939e-28	0.799976645957294	-4.45063969595759e-06	35.6800638771311	0.2
2.775	11.5	-1.12594785721935e-27	0.799975093328867	-4.55714860420163e-06	35.6560646007666	0.2
2.925	11.5	-1.34956173646901e-27	0.799973502776415	-4.67074509311559e-06	35.6320653715314	0.2
3.075	11.5	-1.20126768121728e-27	0.799971871823568	-4.79162053970615e-06	35.6080661906	0.2
3.225	11.5	-3.79302911221208e-28	0.7999701979249	-4.9199788376134e-06	35.584067059222	0.2
3.375	11.5	1.11393188187141e-27	0.799968478464556	-5.05603377458953e-06	35.5600679787245	0.2
3.525	11.5	3.20946920983506e-27	0.799966710749004	-5.20001189700473e-06	35.5360689505141	0.2
3.675	11.5	5.25245163446501e-27	0.799964892005811	-5.35215029141491e-06	35.5120699760795	0.2
3.825	11.5	6.45886395787014e-27	0.799963019378084	-5.51269900180582e-06	35.4880710569938	0.2
3.975	11.5	5.57353149641296e-27	0.799961089920922	-5.68191990012536e-06	35.4640721949168	0.2
4.125	11.5	1.83214365758255e-27	0.79995910059679	-5.86008760943956e-06	35.4400733915985	0.2
4.275	11.5	-5.10223081846904e-27	0.799957048270673	-6.04749042272298e-06	35.4160746488811	0.2
4.425	11.5	-1.38369598359611e-26	0.799954929706372	-6.24442961046144e-06	35.3920759687023	0.2
4.575	11.5	-2.17064827807719e-26	0.79995274156157	-6.45122056383817e-06	35.3680773530987	0.2
4.725	11.5	-2.4199716355251e-26	0.799950480382355	-6.66819304764061e-06	35.3440788042086	0.2
4.875	11.5	-1.71694800883886e-26	0.79994814259821	-6.89569218509354e-06	35.3200803242757	0.2
5.025	11.5	2.04877285175503e-27	0.799945724517747	-7.13407796056764e-06	35.2960819156527	0.2
5.175	11.5	3.07432373009619e-26	0.799943222321863	-7.38372695577676e-06	35.2720835808047	0.2
5.325	11.5	6.01089931155975e-26	0.799940632060023	-7.6450319665846e-06	35.2480853223134	0.2
5.475	11.5	7.39663594131345e-26	0.799937949641973	-7.91840278277958e-06	35.2240871428811	0.2
5.625	11.5	5.4569399974508e-26	0.799935170833754	-8.20426769226662e-06	35.2000890453348	0.2
5.775	11.5	-1.04402993299218e-26	0.799932291250592	-8.50307313112527e-06	35.176091032631	0.2
5.925	11.5	-1.13853016385678e-25	0.79992930635062	-8.81528458719589e-06	35.1520931078598	0.2
6.075	11.5	-2.20202292166787e-25	0.799926211427281	-9.14138785860793e-06	35.12809527425	0.2
6.225	11.5	-2.60785165506337e-25	0.799923001603954	-9.48188917964327e-06	35.1040975351742	0.2
6.375	11.5	-1.51395605334086e-25	0.799919671825597	-9.83731618089706e-06	35.0800998941538	0.2
6.525	11.5	1.72777525788954e-25	0.799916216850685	-1.02082191595475e-05	35.0561023548646	0.2
6.675	11.5	6.95016076242167e-25	0.799912631245079	-1.05951708907811e-05	35.0321049211427	0.2
6.825	11.5	1.25893768823124e-24	0.799908909372199	-1.09987687891938e-05	35.0081075969899	0.2
6.975	11.5	1.53225868157715e-24	0.799905045385046	-1.14196350479117e-05	34.9841103865804	0.2
7.125	11.5	1.05502126985778e-24	0.799901033219188	-1.18584172677589e-05	34.9601132942668	0.2
7.275	11.5	-6.06775377616668e-25	0.79989686658039	-1.23157901473978e-05	34.9361163245872	0.2
7.425	11.5	-3.57109271805291e-24	0.799892538937676	-1.2792456220015e-05	34.912119482272	0.2
7.575	11.5	-7.28889543530103e-24	0.799888043513452	-1.32891467001728e-05	34.888122772251	0.2
7.725	11.5	-1.02404718313862e-23	0.799883373272116	-1.3806623067686e-05	34.8641261996612	0.2
7.875	11.5	-9.92202688223256e-24	0.799878520910177	-1.43456769806302e-05	34.8401297698547	0.2
8.025	11.5	-3.34034863552533e-24	0.799873478846234	-1.49071333302879e-05	34.8161334884066	0.2
8.175	11.5	1.17558476164006e-23	0.799868239207958	-1.54918491443207e-05	34.7921373611239	0.2
8.325	11.5	3.4947120291347e-23	0.799862793821666	-1.61007171338016e-05	34.7681413940541	0.2
8.475	11.5	6.08405605863692e-23	0.799857134200033	-1.67346650223324e-05	34.7441455934946	0.2
8.625	11.5	7.73247780603225e-23	0.799851251528668	-1.73946575829375e-05	34.7201499660021	0.2
8.775	11.5	6.58018235459373e-23	0.79984513665511	-1.80816987608283e-05	34.6961545184028	0.2
8.925	11.5	5.29357230023274e-24	0.799838780071875	-1.87968312200063e-05	34.6721592578028	0.2
9.075	11.5	-1.18064200498445e-22	0.799832171906306	-1.95411395976485e-05	34.6481641915985	0.2
9.225	11.5	-2.96061265710671e-22	0.799825301903859	-2.03157510978829e-05	34.6241693274884	0.2
9.375	11.5	-4.81301661164876e-22	0.799818159413319	-2.1121836639813e-05	34.6001746734843	0.2
9.525	11.5	-5.75968239850725e-22	0.799810733371704	-2.19606131371386e-05	34.5761802379236	0.2
9.675	11.5	-4.39421578111732e-22	0.799803012287948	-2.28333450962651e-05	34.552186029482	0.2
9.825	11.5	7.10747760514372e-23	0.799794984227198	-2.37413452836474e-05	34.5281920571863	0.2
9.975	11.5	1.01857774875022e-21	0.799786636791912	-2.46859773826922e-05	34.5041983304284	0.2
10.125	11.5	2.27393740555535e-21	0.799777957105321	-2.56686576311952e-05	34.4802048589788	0.2
10.275	11.5	3.41174517259552e-21	0.799768931793053	-2.66908561738893e-05	34.4562116530021	0.2
10.425	11.5	3.68567800620222e-21	0.79975954696336	-2.77540988593605e-05	34.4322187230713	0.2
10.575	11.5	2.17075209817326e-21	0.799749788188911	-2.88599697458649e-05	34.4082260801842	0.2
10.725	11.5	-1.86104257481747e-21	0.799739640484272	-3.00101120758571e-05	34.3842337357799	0.2
10.875	11.5	-8.34496974902551e-21	0.799729088287026	-3.12062308037825e-05	34.3602417017552	0.2
11.025	11.5	-1.5761682836305e-20	0.799718115435579	-3.24500946612312e-05	34.3362499904827	0.2
11.175	11.5	-2.07374707543389e-20	0.799706705145841	-3.3743537890554e-05	34.3122586148291	0.2
11.325	11.5	-1.83672561703058e-20	0.799694839989813	-3.50884621406688e-05	34.2882675881739	0.2
11.475	11.5	-3.70270387757165e-21	0.799682501870539	-3.64868391498635e-05	34.2642769244297	0.2
11.625	11.5	2.54446634924715e-20	0.799669671998533	-3.79407120200143e-05	34.2402866380617	0.2
11.775	11.5	6.48648310647527e-20	0.799656330865404	-3.94521981699225e-05	34.2162967441098	0.2
11.925	11.5	1.00850796691474e-19	0.799642458219448	-4.10234914230462e-05	34.1923072582098	0.2
12.075	11.5	1.09893564829454e-19	0.799628033037651	-4.26568628297309e-05	34.1683181966166	0.2
12.225	11.5	6.3751652612934e-20	0.799613033498715	-4.43546654271995e-05	34.1443295762275	0.2
12.375	11.5	-5.8384373132113e-20	0.799597436955394	-4.61193333590176e-05	34.1203414146067	0.2
12.525	11.5	-2.51530726007878e-19	0.79958121990411	-4.7953387161319e-05	34.0963537300102	0.2
12.675	11.5	-4.65566384630145e-19	0.799564357955521	-4.98594332414312e-05	34.0723665414124	0.2
12.825	11.5	-5.95205802667072e-19	0.799546825806266	-5.18401678130186e-05	34.0483798685329	0.2
12.975	11.5	-4.93053856429405e-19	0.799528597204315	-5.38983781118104e-05	34.0243937318641	0.2
13.125	11.5	-1.81318595020359e-20	0.799509644918059	-5.60369447333255e-05	34.0004081527006	0.2
13.275	11.5	8.77521099143498e-19	0.799489940705775	-5.82588440652073e-05	33.976423153169	0.2
13.425	11.5	2.0411355000227e-18	0.799469455279611	-6.05671490023617e-05	33.9524387562583	0.2
13.575	11.5	3.03412918315513e-18	0.799448158270983	-6.29650322500352e-05	33.9284549858522	0.2
13.725	11.5	3.13792030063939e-18	0.799426018199397	-6.54557669539722e-05	33.904471866762	0.2
13.875	11.5	1.52548015904792e-18	0.799403002433624	-6.80427288799757e-05	33.8804894247602	0.2
14.025	11.5	-2.35738540305142e-18	0.799379077157209	-7.07293976458182e-05	33.856507686616	0.2
14.175	11.5	-8.23939025767091e-18	0.799354207332492	-7.35193571624683e-05	33.8325266801308	0.2
14.325	11.5	-1.4469290839682e-17	0.79932835666316	-7.64162985246169e-05	33.808546434176	0.2
14.475	11.5	-1.77754541534536e-17	0.799301487557239	-7.94240182711714e-05	33.784566978731	0.2
14.625	11.5	-1.37465089752135e-17	0.799273561090768	-8.25464205916941e-05	33.7605883449226	0.2
14.775	11.5	1.62358574390226e-18	0.799244536968681	-8.57875171439839e-05	33.7366105650656	0.2
14.925	11.5	2.92969265997903e-17	0.799214373489564	-8.91514256483522e-05	33.7126336727045	0.2
15.075	11.5	6.40300553213108e-17	0.799183027505031	-9.26423703737685e-05	33.6886577026562	0.2
15.225	11.5	9.20463034038473e-17	0.799150454387831	-9.62646800261726e-05	33.6646826910541	0.2
15.375	11.5	9.15834334200898e-17	0.799116607989435	-0.000100022786068121	33.640708675393	0.2
15.525	11.5	3.84630612961188e-17	0.799081440609258	-0.000103921220078906	33.6167356945748	0.2
15.675	11.5	-8.21989373656572e-17	0.799044902957117	-0.000107964610498169	33.5927637889564	0.2
15.825	11.5	-2.59561719686984e-16	0.799006944119731	-0.000112157678382661	33.5687930003974	0.2
15.975	11.5	-4.41224730557642e-16	0.798967511530142	-0.000116505232303855	33.5448233723092	0.2
16.125	11.5	-5.27496870608349e-16	0.798926550936146	-0.000121012162244049	33.5208549497055	0.2
16.275	11.5	-3.87637896409631e-16	0.798884006372146	-0.000125683431712077	33.496887779253	0.2
16.425	11.5	9.24234874881744e-17	0.798839820134024	-0.000130524069523998	33.4729219093232	0.2
16.575	11.5	9.31147337651746e-16	0.798793932758662	-0.000135539158981992	33.448957390045	0.200000000000001
16.725	11.5	1.95936291936344e-15	0.798746283001611	-0.000140733826410964	33.4249942733577	0.200000000000002
16.875	11.5	2.75612518051554e-15	0.798696807826715	-0.000146113226411052	33.4010326130649	0.200000000000002
17.025	11.5	2.67239300778897e-15	0.798645442395182	-0.000151682526915342	33.3770724648881	0.200000000000002
17.175	11.5	1.0037133971126e-15	0.798592120060472	-0.000157446889466562	33.3531138865212	0.200000000000001
17.325	11.5	-2.65911321282764e-15	0.798536772375069	-0.000163411448995702	33.3291569376845	0.199999999999998
17.475	11.5	-7.94815449101042e-15	0.798479329097247	-0.000169581289345007	33.3052016801787	0.199999999999994
17.625	11.5	-1.32654013483124e-14	0.798419718212676	-0.000175961415646556	33.2812481779386	0.199999999999989
17.775	11.5	-1.56379232189427e-14	0.798357865962704	-0.000182556723421678	33.2572964970859	0.199999999999987
17.925	11.5	-1.12229266564523e-14	0.798293696884055	-0.000189371962612655	33.2333467059809	0.199999999999991
18.075	11.5	3.27169234005456e-15	0.798227133860911	-0.000196411698424475	33.2093988752729	0.200000000000003
18.225	11.5	2.82746499522156e-14	0.798158098193959	-0.000203680265546038	33.1854530779492	0.200000000000023
18.375	11.5	5.86882889889809e-14	0.798086509681368	-0.00021118171643059	33.1615093893812	0.200000000000047
18.525	11.5	8.20681018295167e-14	0.798012286720248	-0.000218919765176217	33.1375678873683	0.200000000000066
18.675	11.5	7.93689379848166e-14	0.797935346427579	-0.000226897721227149	33.113628652178	0.200000000000064
18.825	11.5	2.99984384789497e-14	0.797855604787633	-0.000235118417645893	33.0896917665826	0.200000000000024
18.975	11.5	-7.80188989903e-14	0.797772976818237	-0.000243584128235921	33.0657573158908	0.199999999999938
19.125	11.5	-2.34128367949951e-13	0.797687376772874	-0.000252296476184635	33.0418253879736	0.199999999999813
19.275	11.5	-3.92158040768494e-13	0.797598718372716	-0.000261256330382895	33.0178960732844	0.199999999999686
19.425	11.5	-4.65992001677167e-13	0.797506915074443	-0.00027046368946025	32.9939694648713	0.199999999999627
19.575	11.5	-3.43706347543186e-13	0.797411880380484	-0.000279917552144718	32.9700456583801	0.199999999999725
19.725	11.5	7.22397418351234e-14	0.797313528195906	-0.000289615770732206	32.9461247520485	0.200000000000058
19.875	11.5	7.99197883483342e-13	0.797211773234725	-0.000299554888312791	32.9222068466883	0.200000000000639
20.025	11.5	1.69777868102428e-12	0.7971065314864	-0.000309729955456696	32.8982920456543	0.200000000001358
20.175	11.5	2.41761268719062e-12	0.796997720746867	-0.000320134325976703	32.8743804547988	0.200000000001934
20.325	11.5	2.4135803791038e-12	0.796885261219599	-0.000330759425513671	32.850472182409	0.200000000001931
20.475	11.5	1.08190884783523e-12	0.796769076203546	-0.000341594496362695	32.8265673391251	0.200000000000866
20.625	11.5	-1.95908860868605e-12	0.796649092866186	-0.000352626308813016	32.8026660378366	0.199999999998433
20.775	11.5	-6.47707832086201e-12	0.796525243120804	-0.000363838837996476	32.7787683935535	0.199999999994818
20.925	11.5	-1.12436835378823e-11	0.796397464621002	-0.000375212903901822	32.7548745232506	0.199999999991005
21.075	11.5	-1.38771288783691e-11	0.796265701877589	-0.000386725765776658	32.7309845456784	0.199999999988898
21.225	11.5	-1.11783511668241e-11	0.796129907523319	-0.000398350670278367	32.7070985811406	0.199999999991057
21.375	11.5	-1.82772042942022e-13	0.795990043735917	-0.000410056342661939	32.6832167512292	0.199999999999854
21.525	11.5	2.00534582216973e-11	0.795846083841974	-0.000421806418535461	32.6593391785164	0.200000000016043
21.675	11.5	4.62914195515994e-11	0.795698014123115	-0.000433558808340492	32.6354659861948	0.200000000037033
21.825	11.5	6.94202272681645e-11	0.79554583584612	-0.000445264984078893	32.6115972976602	0.200000000055536
21.975	11.5	7.45214024963725e-11	0.795389567546848	-0.000456869183504688	32.5877332360308	0.200000000059617
22.125	11.5	4.40668523757415e-11	0.795229247595446	-0.000468307518079714	32.5638739235932	0.200000000035254
22.275	11.5	-3.49193890991325e-11	0.795064937075774	-0.000479506974544203	32.5400194811667	0.199999999972064
22.425	11.5	-1.60328822098674e-10	0.79489672301665	-0.000490384296037563	32.5161700273753	0.199999999871737
22.575	11.5	-3.03897713059011e-10	0.794724722020614	-0.000500844724943682	32.4923256778162	0.199999999756882
22.725	11.5	-4.04955927504173e-10	0.794549084333716	-0.000510780590162405	32.468486544112	0.199999999676035
22.875	11.5	-3.7607650156835e-10	0.794369998422162	-0.000520069717992019	32.4446527328334	0.199999999699139
23.025	11.5	-1.27109703485714e-10	0.794187696110437	-0.000528573644398173	32.4208243442784	0.199999999898312
23.175	11.5	3.90323013180621e-10	0.794002458364316	-0.000536135612119884	32.397001471091	0.200000000312258
23.325	11.5	1.1246945994649e-09	0.793814621788237	-0.000542578331064845	32.3731841967022	0.200000000899756
23.475	11.5	1.87189349429223e-09	0.793624585920522	-0.00054770149247163	32.3493725935695	0.200000001497515
23.625	11.5	2.25908701774505e-09	0.793432821413408	-0.000551279014570805	32.3255667211904	0.20000000180727
23.775	11.5	1.80162530212081e-09	0.793239879169083	-0.000553055999886904	32.3017666238545	0.2000000014413
23.925	11.5	6.06137234760762e-11	0.793046400537661	-0.000552745366536483	32.2779723280973	0.200000000048491
24.075	11.5	-3.10065346624054e-09	0.792853128676682	-0.00055002408018853	32.2541838398107	0.199999997519477
24.225	11.5	-7.21387993673018e-09	0.79266092121836	-0.000544528887217197	32.2304011409667	0.199999994228896
24.375	11.5	-1.09715892261066e-08	0.792470764448786	-0.000535851415598871	32.20662418591	0.199999991222729
24.525	11.5	-1.22288824338382e-08	0.792283789262379	-0.000523532489866144	32.1828528971865	0.199999990216894
24.675	11.5	-8.41733086081065e-09	0.792101289232435	-0.00050705554357661	32.1590871608795	0.199999993266135
24.825	11.5	2.52315051998703e-09	0.791924741162588	-0.000485839088118263	32.1353268214327	0.20000000201852
24.975	11.5	2.07612950406278e-08	0.7917558284725	-0.000459228351802693	32.1115716759302	0.200000016609036
25.125	11.5	4.30723794616998e-08	0.791596467650534	-0.000426486379921096	32.0878214677792	0.200000034457904
25.275	11.5	6.18457413066171e-08	0.791448837806294	-0.00038678505542574	32.0640758796881	0.200000049476593
25.425	11.5	6.54403663797883e-08	0.791315413126937	-0.000339196527643343	32.0403345257634	0.200000052352293
25.575	11.5	4.06906851678139e-08	0.791198997832492	-0.000282685334297231	32.0165969424724	0.200000032552548
25.725	11.5	-2.20701167041095e-08	0.791102763253212	-0.000216100968048042	31.9928625781668	0.199999982343907
25.875	11.5	-1.22005732325426e-07	0.791030287016432	-0.00013816975070214	31.9691307808675	0.199999902395414
26.025	11.5	-2.40602050876031e-07	0.790985595151473	-4.74838256496481e-05	31.9454007841083	0.199999807518359
26.175	11.5	-3.37445579777699e-07	0.790973209178796	5.75158125129671e-05	31.9216716908335	0.199999730043536
26.325	11.5	-3.52864406622815e-07	0.79099820162098	0.000178565485283177	31.897942455616	0.199999717708475
26.475	11.5	-2.2090946570706e-07	0.791066264363567	0.000317616232089984	31.8742118657239	0.199999823272427
26.625	11.5	1.06082599852886e-07	0.791183794123528	0.000476881441239484	31.8504785216952	0.20000008486608
26.775	11.5	6.24304903822882e-07	0.791357997221242	0.000658888819783015	31.826740817933	0.200000499443923
26.925	11.5	1.24520517736368e-06	0.791597011465887	0.000866524888711324	31.8029969232902	0.200000996164142
27.075	11.5	1.77605355589792e-06	0.79191003660092	0.00110305501916651	31.7792447606769	0.200001420842845
27.225	11.5	1.93115005186793e-06	0.792307457811109	0.00137210031462699	31.7554819835403	0.200001544920042
27.375	11.5	1.38812247886684e-06	0.792800941892083	0.00167755739383641	31.7317059459927	0.200001110497983
27.525	11.5	-1.05805664043727e-07	0.793403486206714	0.00202346056842085	31.7079136629056	0.199999915355469
27.675	11.5	-2.58966596981199e-06	0.794129409760378	0.0024138080798158	31.6841017569675	0.199997928267224
27.825	11.5	-5.74045047199014e-06	0.794994295232359	0.0028524014284966	31.6602663918871	0.199995407639622
27.975	11.5	-8.77474213254127e-06	0.796014918917707	0.00334277161259397	31.6364031945237	0.199992980206294
28.125	11.5	-1.04648588130335e-05	0.797209235996456	0.00388827685803231	31.6125071731102	0.19999162811295
28.275	11.5	-9.32592350821504e-06	0.798596510294807	0.00449244058297129	31.5885726426076	0.199992539261193
28.425	11.5	-3.99743579569773e-06	0.800197676696737	0.00515954655342447	31.5645931699285	0.199996802051363
28.575	11.5	6.21404068824509e-06	0.802035987365598	0.00589541981663729	31.5405615497031	0.200004971232551
28.725	11.5	2.07358694848687e-05	0.804137913414602	0.00670821017159486	31.5164698145544	0.200016588695588
28.875	11.5	3.72456508829881e-05	0.806534157744746	0.00760888832122222	31.4923092730185	0.200029796520706
29.025	11.5	5.15116708133303e-05	0.809260505215089	0.00861110397660523	31.4680705555162	0.200041209336651
29.175	11.5	5.77494532610008e-05	0.812358131411334	0.00973008197540767	31.443743637979	0.200046199562609
29.325	11.5	4.96009231800395e-05	0.81587295741453	0.0109803750574232	31.4193178084544	0.200039680738544
29.475	11.5	2.16925979305205e-05	0.819853716607236	0.012372549383791	31.3947815482017	0.200017354078344
29.625	11.5	-2.84581375051581e-05	0.824348611974041	0.0139092123025102	31.3701223171163	0.199977233489996
29.775	11.5	-9.85957309832823e-05	0.829400776614772	0.0155811258712507	31.3453262617455	0.199921123415213
29.925	11.5	-0.000180451174305537	0.835043153121273	0.0173643850509789	31.3203778966096	0.199855639060556
30.075	11.5	-0.00025953613461743	0.841293784237011	0.0192196746339207	31.2952598368425	0.199792371092306
30.225	11.5	-0.0003163424454323	0.848152731582989	0.0210943777171133	31.2699526726282	0.199746926043654
30.375	11.5	-0.000328993016487711	0.855601780414256	0.0229277725023895	31.2444350665577	0.19973680558681
30.525	11.5	-0.00027703326710061	0.863607658411367	0.0246587939562039	31.2186841226859	0.19977837338632
30.675	11.5	-0.00014572014785373	0.87212870984383	0.0262350264252273	31.1926760265853	0.199883423881717
30.825	11.5	7.00446991672931e-05	0.881123982454231	0.0276209859441488	31.1663869009092	0.200056035759334
30.975	11.5	0.00036300937296888	0.890562792958278	0.0288036024044477	31.1397937753026	0.200290407498375
31.125	11.5	0.000712770874844681	0.900432365678651	0.0297932679206975	31.1128755454978	0.200570216699876
31.275	11.5	0.00108718695586723	0.910741311027539	0.0306198209244117	31.0856138008903	0.200869749564694
31.425	11.5	0.00144585239870179	0.921517531611525	0.0313241120223966	31.0579934317785	0.201156681918961
31.575	11.5	0.00174506028453552	0.932800387600005	0.0319469519632572	31.0300029781935	0.201396048227628
31.725	11.5	0.00194336767512805	0.944628260877405	0.0325179156078233	31.0016347382242	0.201554694140102
31.875	11.5	0.00200678373624975	0.957023685567091	0.0330464853659624	30.9728847001344	0.201605426989
32.025	11.5	0.00191271332134204	0.969978742619071	0.0335174046278634	30.943752387594	0.201530170657074
32.175	11.5	0.00165208175352344	0.983443385728257	0.0338910945751563	30.9142407056742	0.201321665402819
32.325	11.5	0.00122945588580744	0.997318834597717	0.0341088612745476	30.8843558495207	0.200983564708646
32.475	11.5	0.000661363325722259	1.01145727287629	0.034101658660641	30.8541072973157	0.200529090660578
32.625	11.5	-2.66926340193843e-05	1.02566799716603	0.0338005688965224	30.8235078673691	0.199978645892784
32.775	11.5	-0.000803874607602753	1.0397290804941	0.0331469991235016	30.792573788153	0.199356900313918
32.925	11.5	-0.00163766537329936	1.05340274124835	0.0321008515509619	30.7613247173731	0.198689867701361
33.075	11.5	-0.00249701680608371	1.0664521118974	0.0306454945551657	30.7297836527646	0.198002386555133
33.225	11.5	-0.00335466786216295	1.07865706189076	0.0287890845920097	30.6979766983823	0.19731626571027
33.375	11.5	-0.00418850876339157	1.08982711592245	0.0265624886174142	30.6659326777343	0.196649192989287
33.525	11.5	-0.00498204283908578	1.09981019342768	0.0240145905972444	30.6336826115291	0.196014365728731
33.675	11.5	-0.0057241273396275	1.10849669817803	0.0212060514522132	30.6012590984883	0.195420698128298
33.825	11.5	-0.00640825851207847	1.11581923642213	0.0182026208341987	30.5686956519399	0.194873393190337
33.975	11.5	-0.007031700863927	1.12174881425748	0.0150689262628388	30.5360260542517	0.194374639308858
34.125	11.5	-0.00759472783664115	1.12628869149341	0.0118633819478646	30.5032837955899	0.193924217730687
34.275	11.5	-0.00810011452053674	1.12946712380384	0.00863456181372618	30.4705016582207	0.193519908383571
34.425	11.5	-0.0085527993205028	1.13133001391113	0.00541913888815143	30.4377114832937	0.193157760543598
34.575	11.5	-0.00895937737868846	1.13193406999471	0.00224132955478166	30.4049441066438	0.192832498097049
34.725	11.5	-0.00932696715157103	1.13134057006433	-0.000886335390529486	30.3722293809742	0.192538426278743
34.875	11.5	-0.00966121883406104	1.12960948001327	-0.00396123395197038	30.3395961467602	0.192271024932751
35.025	11.5	-0.00996393425772274	1.12679372274599	-0.00698843281972079	30.3070720292254	0.192028852593822
35.175	11.5	-0.0102317658803174	1.12293396468513	-0.0099789196939771	30.2746830750535	0.191814587295746
35.325	11.5	-0.0104581331278579	1.1180551534744	-0.01294943613118	30.2424534947265	0.191633493497714
35.475	11.5	-0.0106398839250214	1.11216654773733	-0.0159248545256362	30.2104060305585	0.191488092859983
35.625	11.5	-0.0107875846366611	1.10526622057964	-0.0189429310659939	30.1785634993758	0.191369932290671
35.775	11.5	-0.0109339558153658	1.09734846704294	-0.0220590975173056	30.1469516140198	0.191252835347707
35.925	11.5	-0.0111310176833446	1.0884089213266	-0.0253463922253286	30.1156021976699	0.191095185853324
36.075	11.5	-0.0114268049402879	1.07843983372775	-0.0288844111996437	30.0845547024882	0.19085855604777
36.225	11.5	-0.0118208982442495	1.06740992460971	-0.0327337281561571	30.053853356835	0.1905432814046
36.375	11.5	-0.0122150923873894	1.0552313755843	-0.036900840973209	30.0235383655965	0.190227926090088
36.525	11.5	-0.0123952329879633	1.0417297552757	-0.0413138835213316	29.9936330139982	0.190083813609629
36.675	11.5	-0.0120891929023131	1.02664506889152	-0.0458461837473254	29.9641335762065	0.19032864567815
36.825	11.5	-0.0111279487040606	1.00968979526271	-0.0504272522177854	29.935013024332	0.191097641036751
36.975	11.5	-0.00968281977806429	0.990655357996076	-0.0552464877288963	29.9062487747904	0.192253744177549
37.125	11.5	-0.00847220559790092	0.96949891112073	-0.060986414896446	29.8778758638027	0.193222235521679
37.275	11.5	-0.00876217060743713	0.94631343961356	-0.068973505777211	29.8500501507077	0.19299026351405
37.425	11.5	-0.0119858981839515	0.92113450062724	-0.0811465558670087	29.8230870797793	0.190411281452839
37.575	11.5	-0.0189323133329984	0.893610649726849	-0.0997246827688795	29.7974318305112	0.184854149333601
37.725	11.5	-0.028701306527071	0.862553212212936	-0.126227569041677	29.7735307888321	0.177038954778343
37.875	11.5	-0.0378790516791442	0.825353357398654	-0.159162489175138	29.7516201747719	0.169696758656685
38.025	11.5	-0.0404508147872172	0.777804112474158	-0.190591489770604	29.731512851983	0.167639348170226
38.175	11.5	-0.0286978786939933	0.716583271679341	-0.206343819200836	29.7125030024461	0.177041697044805
38.325	11.5	0.00516168670345488	0.645022454914677	-0.196525987624803	29.6934533164354	0.204129349362764
38.475	11.5	0.0670999164254367	0.573659552542258	-0.166307027986464	29.6730025982323	0.253679933140349
38.625	11.5	0.15944941704387	0.511964471982393	-0.129518768686284	29.6497955413551	0.327559533635096
38.775	11.5	0.279234663723225	0.463303813860745	-0.0962541027590988	29.6226929451282	0.42338773097858
38.925	11.5	0.417412009706434	0.426804988095254	-0.0700170239364817	29.5909483962039	0.533929607765147
39.075	11.5	0.560344924530754	0.400164648363981	-0.0506185364275193	29.5543277991624	0.648275939624603
39.225	11.5	0.693730976255856	0.380985235455018	-0.0367076061592039	29.513123262177	0.754984781004685
39.375	11.5	0.806915213548498	0.367202376770446	-0.0268772351697512	29.4680363827956	0.845532170838798
39.525	11.5	0.894999783774259	0.357197489495565	-0.0199836961053667	29.4199788353467	0.915999827019407
39.675	11.5	0.958196384471433	0.349788203296625	-0.0151743990526282	29.3698785312187	0.966557107577146
39.825	11.5	0.999798294974027	0.344152975221795	-0.011835933075484	29.3185517531338	0.999838635979222
39.975	11.5	1.02425244301193	0.33973491401774	-0.00953337775386002	29.2666492988245	1.01940195440955
40.125	11.5	1.03594769907534	0.33615735003985	-0.00795964046363754	29.2146538225345	1.02875815926027
40.275	11.5	1.03866876466222	0.333162591692721	-0.00689718734657837	29.1629019138299	1.03093501172978
40.425	11.5	1.03545625301785	0.330571791896254	-0.00619043098347989	29.1116131284221	1.02836500241428
40.575	11.5	1.02865280083417	0.328259799821848	-0.00572645743483662	29.0609173753584	1.02292224066734
40.725	11.5	1.02000822196697	0.326139481108784	-0.00542200451869795	29.0108778534357	1.01600657757357
40.875	11.5	1.01078749863293	0.324151674833645	-0.00521494998688495	28.9615094179545	1.00862999890634
41.025	11.5	1.00186414974526	0.322258385927507	-0.00505889414500334	28.9127931224058	1.00149131979621
41.175	11.5	0.993798105856768	0.32043778720573	-0.00491971654557383	28.8646877250832	0.995038484685414
41.325	11.5	0.986901992066671	0.318680237508044	-0.00477326365593325	28.8171387433407	0.989521593653337
41.475	11.5	0.981299381984682	0.316984928665635	-0.00460358901796688	28.7700854321377	0.985039505587745
41.625	11.5	0.976976758948054	0.315357021616887	-0.00440140820235042	28.7234659401172	0.981581407158443
41.775	11.5	0.973829290760592	0.313805258968078	-0.00416262651112592	28.6772208554269	0.979063432608473
41.925	11.5	0.971699676289447	0.312340079328034	-0.00388693005758387	28.6312953639124	0.977359741031557
42.075	11.5	0.970409257844686	0.310972241662913	-0.00357649685986523	28.5856402697132	0.976327406275749
42.225	11.5	0.969781053075082	0.309711928217558	-0.00323489593502685	28.5402121472744	0.975824842460066
42.375	11.5	0.9696550273623	0.30856825682021	-0.00286622026360074	28.4949728916449	0.97572402188984
42.525	11.5	0.969896544330111	0.307549110780374	-0.00247446535488988	28.4498889091028	0.975917235464089
42.675	11.5	0.970399346220447	0.306661189864885	-0.00206313437095728	28.4049301482562	0.976319476976358
42.825	11.5	0.97108458012033	0.305910195250914	-0.001635030866252	28.3600691213534	0.976867664096264
42.975	11.5	0.971897328539205	0.305301078737354	-0.00119219226245259	28.3152800148988	0.977517862831364
43.125	11.5	0.972801890958975	0.304838306189577	-0.000735918678409941	28.2705379439512	0.97824151276718
43.275	11.5	0.97377677232022	0.304526103268504	-0.000266858973757405	28.2258183691599	0.979021417856176
43.425	11.5	0.974810029280097	0.304368665935506	0.000214874498601934	28.1810966707323	0.979848023424078
43.575	11.5	0.97589535001881	0.30437032844524	0.000709581279810511	28.1363478584472	0.980716280015048
43.725	11.5	0.977029022694364	0.304535687853435	0.00121784888243512	28.0915463898544	0.981623218155491
43.875	11.5	0.978207789244361	0.304869687193559	0.00174043376377037	28.046666067861	0.982566231395489
44.025	11.5	0.97942748172218	0.305377660299312	0.00227814710753591	28.0016799919706	0.983541985377744
44.175	11.5	0.980682288157721	0.306065340559342	0.00283174290190762	27.9565605427707	0.984545830526177
44.325	11.5	0.981964481790993	0.306938834421493	0.00340180495028937	27.9112793854957	0.985571585432795
44.475	11.5	0.983264459337371	0.308004558781881	0.00398862985146685	27.8658074846692	0.986611567469897
44.625	11.5	0.984570960123447	0.309269139957079	0.00459210432954004	27.8201151273374	0.987656768098757
44.775	11.5	0.985871370193454	0.310739271091953	0.00521157731836152	27.7741719568964	0.988697096154763
44.925	11.5	0.987152047940509	0.312421524838131	0.00584572965455645	27.7279470228404	0.989721638352407
45.075	11.5	0.988398636743681	0.314322119114696	0.0064924468712022	27.6814088538706	0.990718909394945
45.225	11.5	0.989596353501678	0.316446635791949	0.00714870314741378	27.634525562726	0.991677082801343
45.375	11.5	0.990730259096751	0.318799695191805	0.00781046666905982	27.5872649908772	0.992584207277401
45.525	11.5	0.991785527726336	0.321384593227585	0.00847263817781122	27.5395948999063	0.993428422181069
45.675	11.5	0.992747737150204	0.32420291253021	0.00912903500367358	27.4914832140682	0.994198189720163
45.825	11.5	0.993603201840406	0.327254123627671	0.00977243210143592	27.4428983152844	0.994882561472325
45.975	11.5	0.994339366478426	0.330535196631562	0.0103946693419832	27.393809387838	0.995471493182741
46.125	11.5	0.994945268958651	0.334040247357097	0.0109868304959309	27.3441868055623	0.995956215166921
46.275	11.5	0.995412070873371	0.337760243764342	0.0115394941426459	27.2940025496966	0.996329656698697
46.425	11.5	0.995733640388512	0.34168279856811	0.012043050521357	27.2432306412474	0.99658691231081
46.575	11.5	0.995907158712134	0.345792071506292	0.012488071705702	27.1918475681322	0.996725726969707
46.725	11.5	0.995933708466688	0.350068800031971	0.01286571617144	27.1398326850916	0.996746966773351
46.875	11.5	0.995818791802252	0.354490470356024	0.0131681436273417	27.087168563754	0.996655033441801
47.025	11.5	0.99557271963152	0.359031632344717	0.0133889126090774	27.0338412716153	0.996458175705216
47.175	11.5	0.995210812334066	0.363664352524193	0.0135233323147539	26.9798405621379	0.996168649867253
47.325	11.5	0.994753357666584	0.368358790207391	0.0135687417349471	26.9251599634976	0.995802686133267
47.475	11.5	0.994225283824292	0.373083873365828	0.0135246932341085	26.8697967603131	0.995380227059434
47.625	11.5	0.993655524276549	0.377808044001953	0.0133930240273948	26.8137518703226	0.994924419421239
47.775	11.5	0.993076074982259	0.38250003791631	0.0131778069052586	26.7570296256636	0.994460859985807
47.925	11.5	0.99252077192571	0.387129661164361	0.0128851803924988	26.6996374753273	0.994016617540568
48.075	11.5	0.992023844991437	0.391668525224259	0.0125230675456153	26.6415856307615	0.99361907599315
48.225	11.5	0.991618329984323	0.396090704896256	0.0121008010493446	26.5828866798886	0.993294663987459
48.375	11.5	0.991334440967939	0.400373287088545	0.0116286794636669	26.5235551956729	0.993067552774351
48.525	11.5	0.991198017210494	0.40449678473823	0.0111174847533819	26.4636073637669	0.992958413768395
48.675	11.5	0.991229160785076	0.408445397921269	0.0105779940598937	26.4030606499484	0.99298332862806
48.825	11.5	0.991441171264235	0.412207113357826	0.0100205186725213	26.3419335225296	0.993152937011388
48.975	11.5	0.99183986334289	0.415773643488146	0.00945450019429377	26.2802452383618	0.993471890674312
49.125	11.5	0.992423323424583	0.419140216348917	0.00888818816308663	26.2180156942229	0.993938658739666
49.275	11.5	0.993182125303448	0.422305236748567	0.00832841543135132	26.1552653390231	0.994545700242758
49.425	11.5	0.994099987039761	0.425269846785598	0.00778047829163067	26.0920151370033	0.995279989631809
49.575	11.5	0.995154815242147	0.428037418765917	0.00724811874049173	26.0282865684132	0.996123852193717
49.725	11.5	0.99632005317667	0.43061301549084	0.00673359752038923	25.964101652264	0.997056042541336
49.875	11.5	0.997566228433616	0.433002851547053	0.00623783964761219	25.8994829756854	0.998052982746893
50.025	11.5	0.998862585962862	0.435213784898146	0.00576062970777237	25.8344537160065	0.99909006877029
50.175	11.5	1.00017869329659	0.437252861420909	0.00530083258191767	25.7690376446002	1.00014295463727
50.325	11.5	1.00148591547234	0.439126926976124	0.00485661636976647	25.7032591053828	1.00118873237787
50.475	11.5	1.00275867524922	0.44084231321914	0.00442565771079619	25.6371429651884	1.00220694019937
50.625	11.5	1.00397543678995	0.442404595642067	0.00400531486728213	25.5707145376301	1.00318034943196
50.775	11.5	1.00511937510408	0.44381841615857	0.00359276015432778	25.5039994861343	1.00409550008327
50.925	11.5	1.00617871662965	0.445087358497588	0.00318506992245818	25.4370237152743	1.00494297330372
51.075	11.5	1.0071467564725	0.446213863109388	0.00277927673619612	25.3698132621056	1.005717405178
51.225	11.5	1.00802157395824	0.447199169286385	0.00237239415145547	25.3023942007059	1.00641725916659
51.375	11.5	1.00880548002813	0.448043275600144	0.00196142915055392	25.2347925734289	1.0070443840225
51.525	11.5	1.0095042380503	0.448744915179642	0.00154340046023996	25.167034361358	1.00760339044024
51.675	11.5	1.01012610468706	0.449301549214788	0.00111538229387693	25.0991455040354	1.00810088374965
51.825	11.5	1.01068074061582	0.449709389590214	0.000674592197911611	25.0311519747078	1.00854459249266
51.975	11.5	1.01117804314826	0.449963468777535	0.00021853839295261	24.9630799121159	1.00894243451861
52.125	11.5	1.0116269548878	0.450057780958497	-0.000254763817989737	24.8949558034177	1.00930156391024
52.275	11.5	1.01203430491267	0.449985521669062	-0.000746505213039334	24.8268067054642	1.00962744393013
52.425	11.5	1.01240374150044	0.449739452991408	-0.00125673419125077	24.758660483803	1.00992299320035
52.575	11.5	1.01273481781996	0.44931241659243	-0.00178396683796664	24.6905460411063	1.01018785425597
52.725	11.5	1.01302229344734	0.448698007282516	-0.00232478711240663	24.6224935000003	1.01041783475787
52.875	11.5	1.01325571416298	0.447891405259901	-0.00287347899993485	24.5545343004125	1.01060457133039
53.025	11.5	1.01341932908252	0.446890346488396	-0.003421740142035	24.4867011695154	1.01073546326602
53.175	11.5	1.01349239654661	0.445696189012971	-0.00395853022366769	24.4190279239961	1.01079391723729
53.325	11.5	1.01344991704875	0.444315010333755	-0.00447010611532733	24.3515490704781	1.010759933639
53.475	11.5	1.01326381155367	0.442758649620552	-0.00494028853807894	24.2842991808878	1.01061104924293
53.625	11.5	1.01290453582197	0.441045591329514	-0.00535099126194987	24.2173120354414	1.01032362865757
53.775	11.5	1.01234308538765	0.439201576690786	-0.00568302336817649	24.1506195462169	1.00987446831012
53.925	11.5	1.01155330239325	0.437259829607259	-0.00591714829522139	24.0842504978186	1.0092426419146
54.075	11.5	1.01051434719914	0.435260796494704	-0.0060353515170168	24.0182291665257	1.00841147775931
54.225	11.5	1.00921314965119	0.433251327477987	-0.0060222343233833	23.952573902917	1.00737051972095
54.375	11.5	1.00764661487964	0.431283269660206	-0.00586641843770954	23.8872957820459	1.00611729190371
54.525	11.5	1.00582333632293	0.429411500164594	-0.00556182086332301	23.8223974363225	1.00465866905834
54.675	11.5	1.00376457450387	0.427691492623605	-0.0051086471064377	23.7578721861754	1.0030116596031
54.825	11.5	1.0015043017703	0.426176577816002	-0.00451396006608094	23.6937035701777	1.00120344141624
54.975	11.5	0.999088193101198	0.424915116586926	-0.00379171522952272	23.6298653492669	0.999270554480959
55.125	11.5	0.996571555471012	0.423947839272991	-0.00296220960175329	23.5663220209295	0.99725724437681
55.275	11.5	0.994016318651733	0.423305610349736	-0.00205096534850241	23.5030298330806	0.995213054921386
55.425	11.5	0.991487337327342	0.423007844247335	-0.00108714718992952	23.4399382400366	0.993189869861873
55.575	11.5	0.989048354240602	0.423061729712712	-0.000101679737721156	23.3769917013465	0.991238683392481
55.725	11.5	0.986758026634454	0.423462325246452	0.000874727292346283	23.3141316944498	0.989406421307563
55.875	11.5	0.984666412472318	0.424193483107637	0.00181343100767693	23.2512987982118	0.987733129977855
56.025	11.5	0.982812249567227	0.425229463278524	0.00268939813866878	23.1884347074135	0.986249799653782
56.175	11.5	0.981221252796964	0.42653702861534	0.00348230945955095	23.1254840563216	0.984977002237571
56.325	11.5	0.979905522434263	0.428077779050041	0.00417716829363047	23.0623959582763	0.98392441794741
56.475	11.5	0.978864023663084	0.429810488201042	0.00476442648150029	22.9991252024447	0.983091218930467
56.625	11.5	0.978083984242125	0.431693243825164	0.00523969818417063	22.9356330832493	0.9824671873937
56.775	11.5	0.977542978205782	0.433685252195431	0.00560316721332126	22.8718878683207	0.982034382564626
56.925	11.5	0.977211424552099	0.435748231857486	0.00585880569201259	22.8078649345885	0.981769139641679
57.075	11.5	0.977055229535318	0.437847382150234	0.00601351436526557	22.7435466183127	0.981644183628254
57.225	11.5	0.977038332255628	0.439951958265175	0.00607627436257464	22.6789218337864	0.981630665804502
57.375	11.5	0.977124965385019	0.442035514084669	0.00605737383529213	22.6139855181979	0.981699972308015
57.525	11.5	0.977281505066839	0.444075887250366	0.0059677466504218	22.5487379582048	0.981825204053471
57.675	11.5	0.977477846474779	0.446055001166382	0.00581843816416797	22.4831840486126	0.981982277179823
57.825	11.5	0.977688296783402	0.447958550311496	0.00562019682528659	22.4173325264662	0.982150637426722
57.975	11.5	0.977892020767571	0.449775622521649	0.00538318007509261	22.3511952158931	0.982313616614057
58.125	11.5	0.978073103980664	0.451498298139817	0.00511675779357834	22.2847863109381	0.982458483184531
58.275	11.5	0.978220314731145	0.453121253290732	0.00482939503501629	22.218121715947	0.982576251784916
58.425	11.5	0.978326650692158	0.454641384164045	0.0045285966574397	22.1512184561385	0.982661320553726
58.575	11.5	0.978388751603364	0.456057461415566	0.0042208985721828	22.0840941650637	0.982711001282691
58.725	11.5	0.978406249084182	0.45736981845171	0.00391189293086439	22.0167666507725	0.982724999267345
58.875	11.5	0.978381110813292	0.458580074021486	0.00360627713267279	21.9492535387119	0.982704888650634
59.025	11.5	0.978317021524697	0.459690887694307	0.00330791881286736	21.8815719865979	0.982653617219757
59.175	11.5	0.97821882912268	0.460705745975523	0.00301993085716991	21.8137384646321	0.982575063298144
59.325	11.5	0.978092071831033	0.461628776611876	0.00274475197325449	21.7457685933426	0.982473657464826
59.475	11.5	0.977942592249094	0.462464588772025	0.0024842294815475	21.6776770308663	0.982354073799275
59.625	11.5	0.977776236656469	0.463218137050796	0.00223970182804628	21.609477401511	0.982220989325175
59.775	11.5	0.977598632763823	0.463894607516887	0.00201207893417666	21.5411822578108	0.982078906211059
59.925	11.5	0.977415036038417	0.464499324231058	0.00180191894320551	21.4728030688856	0.981932028830733
60.075	11.5	0.977230233338952	0.465037674779111	0.0016095002432643	21.4043502286597	0.981784186671162
60.225	11.5	0.977048492451897	0.465515053385505	0.00143488788404393	21.3358330782929	0.981638793961517
60.375	11.5	0.976873546834907	0.465936820113924	0.00127799368457469	21.2672599379855	0.981498837467926
60.525	11.5	0.976708606102033	0.466308274537363	0.00113862947988289	21.1986381441089	0.981366884881626
60.675	11.5	0.976556384258206	0.466634642098261	0.00101655309051459	21.1299740883508	0.981245107406565
60.825	11.5	0.97641913920772	0.46692107120475	0.00091150674360346	21.0612732562557	0.981135311366176
60.975	11.5	0.976298718488757	0.467172638945991	0.000823247837191485	20.9925402631752	0.981038974791005
61.125	11.5	0.976196607443456	0.467394363187427	0.000751572141881256	20.9237788862255	0.980957285954765
61.275	11.5	0.976113977089119	0.467591218753669	0.000696329786770413	20.8549920913787	0.980891181671295
61.425	11.5	0.976051729808164	0.467768155452017	0.000657434691847855	20.786182055293	0.980841383846531
61.575	11.5	0.976010541639416	0.467930115868748	0.000634868493645773	20.717350181903	0.980808433311533
61.725	11.5	0.975990900460577	0.468082051216889	0.000628680467020151	20.6484971141378	0.980792720368461
61.875	11.5	0.975993139733682	0.468228934059625	0.000638985462435848	20.5796227413905	0.980794511786946
62.025	11.5	0.97601746777461	0.468375767518524	0.0006659624367277	20.5107262035001	0.980813974219688
62.175	11.5	0.976063992738142	0.468527591603174	0.000709856709020191	20.441805891998	0.980851194190514
62.325	11.5	0.976132743683628	0.468689488590733	0.000770989567495474	20.3728594491774	0.980906194946902
62.475	11.5	0.97622368822459	0.468866590899077	0.000849779213575876	20.3038837651362	0.980978950579672
62.625	11.5	0.976336747387537	0.469064096583485	0.000946777162396398	20.2348749722845	0.98106939791003
62.775	11.5	0.976471808394145	0.469287299332964	0.00106272402221227	20.1658284358889	0.981177446715316
62.925	11.5	0.976628736135924	0.469541641497801	0.00119862796668087	20.0967387380414	0.981302988908739
63.075	11.5	0.976807384118974	0.469832800047246	0.00135586813747348	20.0275996510207	0.981445907295179
63.225	11.5	0.977007605601539	0.470166816224217	0.00153632365603428	19.9584040944229	0.981606084481231
63.375	11.5	0.977229265499727	0.470550279824362	0.00174252694543931	19.8891440687598	0.981783412399781
63.525	11.5	0.977472253358712	0.470990578315613	0.00197783778655787	19.8198105565905	0.98197780268697
63.675	11.5	0.977736497226701	0.471496219372435	0.00224663213528387	19.7503933808026	0.982189197781361
63.825	11.5	0.978021977567523	0.47207723286696	0.00255449738861672	19.6808810085487	0.982417582054019
63.975	11.5	0.978328739343294	0.472745655124169	0.00290842361604845	19.6112602887026	0.982662991474635
64.125	11.5	0.978656899043934	0.473516094549995	0.00331697821248016	19.541516110644	0.982925519235148
64.275	11.5	0.979006641726687	0.474406373812633	0.00379044917071486	19.4716309727685	0.98320531338135
64.425	11.5	0.979378201121325	0.475438239601726	0.00434093909418349	19.4015844504099	0.98350256089706
64.575	11.5	0.979771813738781	0.47663812621613	0.00498238730421583	19.3313525549056	0.983817450991025
64.725	11.5	0.98018763603689	0.478037952812878	0.00573048999467197	19.2609069784921	0.984150108829512
64.875	11.5	0.980625612592052	0.479675924342503	0.00660247773945266	19.1902142239157	0.984500490073642
65.025	11.5	0.981085283663505	0.481597290652859	0.00761669606943763	19.1192346237101	0.984868226930804
65.175	11.5	0.981565523479777	0.483854994464183	0.0087919202718802	19.047921262989	0.985252418783822
65.325	11.5	0.982064207108238	0.486510105195172	0.0101463243864573	18.9762188326142	0.98565136568659
65.475	11.5	0.982577814928059	0.489631892413901	0.0116960237430598	18.904062458102	0.986062251942448
65.625	11.5	0.983101000228581	0.493297344376049	0.0134531299848247	18.8313765746718	0.986480800182865
65.775	11.5	0.983626167264281	0.497589893641479	0.0154233080281601	18.7580739503938	0.986900933811425
65.925	11.5	0.984143132860575	0.502597089532507	0.0176029143988057	18.6840549954587	0.98731450628846
66.075	11.5	0.984638971042562	0.508406978204447	0.0199759275178488	18.6092075311932	0.98771117683405
66.225	11.5	0.985098161221647	0.515103039184535	0.0225110417276771	18.5334072190259	0.988078528977317
66.375	11.5	0.985503167473321	0.522757700799453	0.0251594591908831	18.4565188552171	0.988402533978656
66.525	11.5	0.985835558461824	0.531424718425624	0.0278540289427154	18.3783987081801	0.98866844676946
66.675	11.5	0.986077723708365	0.54113102416545	0.0305103886523986	18.2988979999267	0.988862178966692
66.825	11.5	0.986215145379897	0.551868985093718	0.0330306035926047	18.2178675070725	0.988972116303918
66.975	11.5	0.986239048709829	0.563590249347681	0.0353094402467389	18.1351630884842	0.988991238967863
67.125	11.5	0.986149097292895	0.576202413449907	0.0372428890258666	18.0506517613709	0.988919277834316
67.275	11.5	0.985955658650349	0.589569532701916	0.038737967013765	17.9642177860951	0.988764526920279
67.425	11.5	0.985681090919796	0.603517005470193	0.0397223542444791	17.8757681293331	0.988544872735837
67.575	11.5	0.985359543260744	0.617840666708915	0.0401522225290058	17.7852366936734	0.988287634608595
67.725	11.5	0.985034949649679	0.632319181043896	0.0400168167227896	17.6925868420007	0.988027959719744
67.875	11.5	0.984757216424188	0.646728219664441	0.0393389315112151	17.5978119845587	0.987805773139351
68.025	11.5	0.984576996800227	0.660854594745507	0.0381712437952213	17.5009342812758	0.987661597440182
68.175	11.5	0.984539809732659	0.674508581702067	0.0365892801082139	17.4020017731275	0.987631847786127
68.325	11.5	0.984680485239488	0.687533052361401	0.0346823944040843	17.3010844341922	0.987744388191591
68.475	11.5	0.98501892287984	0.699808658076969	0.0325443636457329	17.1982696988615	0.988015138303872
68.625	11.5	0.985557916714968	0.711254987488123	0.0302650589517396	17.0936579697466	0.988446333371974
68.775	11.5	0.986283384956477	0.721828229585211	0.0279242108625685	16.9873584835014	0.989026707965182
68.925	11.5	0.987166858002693	0.731516288265916	0.0255877145481869	16.8794857504413	0.989733486402155
69.075	11.5	0.988169654138169	0.74033246808834	0.023306376679096	16.7701566335786	0.990535723310535
69.225	11.5	0.989247910698691	0.748308793763935	0.02111661073417	16.6594880233909	0.991398328558952
69.375	11.5	0.990357586044707	0.75548979953648	0.0190423955003291	16.5475950073428	0.992286068835765
69.525	11.5	0.991458686831074	0.761927315711117	0.0170978105357744	16.4345894224011	0.993166949464859
69.675	11.5	0.992518240696884	0.767676472349071	0.01528959579478	16.3205786989628	0.994014592557508
69.825	11.5	0.993511841978184	0.772792894831351	0.0136193779151576	16.2056649376144	0.994809473582548
69.975	11.5	0.994423871140965	0.777330910384767	0.0120853992542471	16.0899441910699	0.995539096912772
70.125	11.5	0.995246677915702	0.781342517307913	0.0106837368565614	15.9735059438311	0.996197342332562
70.275	11.5	0.995979106521513	0.784876869409501	0.00940909147316563	15.8564327892857	0.99678328521721
70.425	11.5	0.996624739108666	0.787980070057314	0.00825526527846409	15.7388003004897	0.997299791286933
70.575	11.5	0.997190167360256	0.790695128388455	0.00721544550577727	15.6206770814355	0.997752133888205
70.725	11.5	0.997683503904984	0.793061986715307	0.00628238714084284	15.502124974979	0.998146803123987
70.875	11.5	0.998113242943055	0.795117573034417	0.00544855595853642	15.3831993953894	0.998490594354444
71.025	11.5	0.998487492901276	0.796895862537169	0.00470626369142638	15.2639497495232	0.998789994321021
71.175	11.5	0.998813542964386	0.798427948306193	0.00404780516633927	15.1444199111513	0.999050834371509
71.325	11.5	0.999097691650718	0.799742127361518	0.00346559411315144	15.024648717107	0.999278153320575
71.475	11.5	0.999345255253761	0.800864007816343	0.00295228885870438	14.9046704602672	0.999476204203009
71.625	11.5	0.999560680200482	0.80181663951665	0.00250089898120937	14.7845153614857	0.999648544160385
71.775	11.5	0.999747698960873	0.802620666593642	0.00210486680240068	14.6642100093162	0.999798159168698
71.925	11.5	0.999909487931531	0.803294497238894	0.0017581213695771	14.5437777619548	0.999927590345225
72.075	11.5	1.00004880336398	0.803854484264323	0.00145510602800475	14.4232391099865	1.00003904269119
72.225	11.5	1.00016808547197	0.8043151096096	0.00119078314585296	14.30261200124	1.00013446837757
72.375	11.5	1.00026953048153	0.80468916658361	0.000960620866314149	14.1819121305749	1.00021562438522
72.525	11.5	1.00035513584249	0.804987934858073	0.000760567069455048	14.0611531980367	1.00028410867399
72.675	11.5	1.00042672596857	0.805221344690386	0.00058701531605346	13.940347138853	1.00034138077486
72.825	11.5	1.00048596578804	0.805398128258849	0.000436766727312685	13.8195043284538	1.00038877263043
72.975	11.5	1.00053436806683	0.805525957179182	0.000306990788886825	13.6986337652989	1.00042749445346
73.125	11.5	1.00057329869122	0.805611566168651	0.000195187137353211	13.5777432338825	1.00045863895298
73.275	11.5	1.00060398238416	0.805660863431898	9.91495984572395e-05	13.4568394499387	1.00048318590732
73.425	11.5	1.00062750995417	0.805679028703521	1.69331410920772e-05	13.3359281896021	1.00050200796334
73.575	11.5	1.00064484723301	0.805670600051782	-5.31760148740779e-05	13.2150144040807	1.00051587778641
73.725	11.5	1.00065684531771	0.80563955058888	-0.000112687168737719	13.0941023212539	1.00052547625417
73.875	11.5	1.00066425151297	0.805589356191069	-0.000162928972141197	12.9731955355026	1.00053140121038
74.025	11.5	1.00066772036315	0.805523055247825	-0.000205070580056328	12.8522970869809	1.00053417629052
74.175	11.5	1.0006678242729	0.805443301360205	-0.00024014039365985	12.7314095314622	1.00053425941832
74.325	11.5	1.00066506337462	0.805352409804959	-0.000269042658935191	12.6105350017983	1.0005320506997
74.475	11.5	1.00065987445366	0.805252398488281	-0.000292572161645974	12.4896752619502	1.00052789956293
74.625	11.5	1.00065263886877	0.805145024027788	-0.000311427232835997	12.3688317544555	1.00052211109502
74.775	11.5	1.00064368949403	0.805031813528267	-0.000326221252916519	12.248005642114	1.00051495159522
74.925	11.5	1.00063331676148	0.804914092552422	-0.00033749282010071	12.1271978445859	1.00050665340918
75.075	11.5	1.00062177390834	0.804793009732145	-0.000345714730252736	12.006409070518	1.00049741912667
75.225	11.5	1.00060928153683	0.804669558415547	-0.000351301898963193	11.8856398457423	1.00048742522947
75.375	11.5	1.00059603158738	0.80454459570193	-0.000354618343679373	11.7648905380231	1.0004768252699
75.525	11.5	1.00058219081269	0.804418859176131	-0.00035598333183584	11.6441613787727	1.00046575265016
75.675	11.5	1.00056790382565	0.804292981619001	-0.000355676790109618	11.5234524821008	1.00045432306052
75.825	11.5	1.00055329578053	0.804167503938378	-0.000353944061130444	11.4027638615232	1.00044263662442
75.975	11.5	1.00053847473601	0.804042886535753	-0.000351000084098921	11.2820954446089	1.00043077978881
76.125	11.5	1.00052353373949	0.80391951929927	-0.000347033068346037	11.1614470858169	1.00041882699159
76.275	11.5	1.00050855266597	0.803797730389336	-0.000342207720802666	11.0408185777382	1.00040684213277
76.425	11.5	1.00049359983967	0.803677793964131	-0.000336668081585448	10.9202096609374	1.00039487987174
76.575	11.5	1.00047873346326	0.803559936973514	-0.00033054001545169	10.7996200325608	1.00038298677061
76.725	11.5	1.00046400287642	0.803444345134444	-0.0003239334013442	10.6790493538595	1.00037120230114
76.875	11.5	1.0004494496634	0.803331168187193	-0.000316944056912295	10.5584972567596	1.00035955973072
77.025	11.5	1.00043510862721	0.803220524518838	-0.000309655430638068	10.4379633495921	1.00034808690176
77.175	11.5	1.00042100864601	0.803112505231169	-0.000302140089850834	10.3174472220851	1.00033680691681
77.325	11.5	1.00040717342597	0.803007177718934	-0.000294461029923185	10.1969484497067	1.00032573874077
77.475	11.5	1.00039362216287	0.80290458881802	-0.000286672826156747	10.0764665974368	1.00031489773029
77.625	11.5	1.00038037012363	0.80280476757472	-0.000278822647799846	9.95600122303613	1.0003042960989
77.775	11.5	1.00036742915749	0.802707727681507	-0.000270951150862769	9.8355518798742	1.000293943326
77.925	11.5	1.0003548081453	0.802613469618995	-0.000263093264506651	9.71511811936804	1.00028384651624
78.075	11.5	1.0003425133945	0.802521982539291	-0.000255278883761132	9.5946994930798	1.0002740107156
78.225	11.5	1.00033054898634	0.802433245921253	-0.000247533480189567	9.47429555451392	1.00026443918907
78.375	11.5	1.0003189170811	0.802347231024659	-0.000239878640001818	9.35390586065054	1.00025513366488
78.525	11.5	1.00030761818633	0.802263902167412	-0.000232332538674952	9.23352997324717	1.00024609454907
78.675	11.5	1.00029665139254	0.802183217846157	-0.000224910359464545	9.11316745993687	1.00023732111403
78.825	11.5	1.00028601458022	0.802105131719275	-0.000217624662667246	8.99281789514801	1.00022881166418
78.975	11.5	1.00027570460169	0.802029593468119	-0.000210485711395903	8.87248086086749	1.00022056368135
79.125	11.5	1.00026571744059	0.801956549550865	-0.000203501759053069	8.75215594726694	1.00021257395247
79.275	11.5	1.00025604835185	0.801885943861742	-0.000196679303106434	8.63184275320893	1.00020483868148
79.425	11.5	1.00024669198426	0.801817718306535	-0.000190023309022116	8.51154088664834	1.00019735358741
79.575	11.5	1.00023764248804	0.801751813304219	-0.000183537408023631	8.39124996494234	1.00019011399044
79.725	11.5	1.00022889360874	0.801688168223512	-0.00017722407160367	8.27096961508054	1.00018311488699
79.875	11.5	1.00022043876934	0.801626721761872	-0.000171084765574061	8.15069947384586	1.00017635101548
80.025	11.5	1.00021227114197	0.801567412273636	-0.000165120086098504	8.03043918791526	1.00016981691358
80.175	11.5	1.00020438371033	0.801510178053329	-0.000159329879613468	7.91018841390839	1.00016350696826
80.325	11.5	1.00019676932403	0.80145495757959	-0.000153713348731586	7.78994681839136	1.00015741545923
80.475	11.5	1.0001894207458	0.801401689723912	-0.000148269145630715	7.66971407784184	1.00015153659664
80.625	11.5	1.00018233069223	0.801350313928834	-0.000142995454373743	7.54948987858111	1.00014586455379
80.775	11.5	1.00017549186915	0.801300770358896	-0.000137890063463555	7.429273916678	1.00014039349532
80.925	11.5	1.00016889700187	0.801253000027732	-0.000132950429722853	7.30906589782892	1.00013511760149
81.075	11.5	1.00016253886127	0.801206944904078	-0.00012817373456876	7.18886553721789	1.00013003108902
81.225	11.5	1.000156410286	0.801162547999335	-0.00012355693343624	7.06867255935982	1.0001251282288
81.375	11.5	1.00015050420133	0.801119753438717	-0.000119096799235335	6.94848669793011	1.00012040336107
81.525	11.5	1.00014481363499	0.801078506518314	-0.000114789960476495	6.82830769558299	1.00011585090799
81.675	11.5	1.00013933173046	0.801038753749451	-0.000110632934698229	6.70813530376105	1.00011146538437
81.825	11.5	1.00013405175804	0.80100044289214	-0.00010662215768617	6.58796928249779	1.00010724140643
81.975	11.5	1.00012896712377	0.800963522978929	-0.000102754009029511	6.46780940021504	1.00010317369902
82.125	11.5	1.0001240713767	0.800927944330359	-9.90248343762204e-05	6.34765543351669	1.00009925710136
82.275	11.5	1.00011935821456	0.800893658563221	-9.54309647824806e-05	6.22750716698015	1.00009548657164
82.425	11.5	1.00011482148811	0.800860618592304	-9.19687334942531e-05	6.10736439294659	1.00009185719049
82.575	11.5	1.0001104552044	0.800828778626889	-8.86344904528624e-05	5.98722691131105	1.00008836416352
82.725	11.5	1.00010625352895	0.800798094162303	-8.54246147908168e-05	5.86709452931319	1.00008500282316
82.875	11.5	1.00010221078705	0.800768521967575	-8.23355254926769e-05	5.74696706132957	1.00008176862964
83.025	11.5	1.00009832146424	0.800740020069502	-7.93636905354027e-05	5.62684432866789	1.00007865717139
83.175	11.5	1.00009458020591	0.800712547733875	-7.65056345463846e-05	5.50672615936398	1.00007566416473
83.325	11.5	1.00009098181628	0.800686065444159	-7.37579453069355e-05	5.38661238798183	1.00007278545303
83.475	11.5	1.00008752125672	0.800660534878253	-7.11172790358012e-05	5.26650285541719	1.00007001700538
83.625	11.5	1.00008419364411	0.800635918883398	-6.85803647975034e-05	5.14639740870496	1.00006735491529
83.775	11.5	1.00008099424945	0.800612181449865	-6.61440079668706e-05	5.02629590083061	1.00006479539956
83.925	11.5	1.00007791849716	0.800589287683319	-6.38050929115641e-05	4.90619819054581	1.00006233479773
84.075	11.5	1.0000749619645	0.800567203776162	-6.15605850175203e-05	4.78610414218831	1.0000599695716
84.225	11.5	1.00007212037976	0.800545896978323	-5.94075320186158e-05	4.66601362550627	1.00005769630381
84.375	11.5	1.00006938961701	0.800525335567541	-5.73430647998163e-05	4.54592651548733	1.00005551169361
84.525	11.5	1.00006676568566	0.800505488820079	-5.5364397639562e-05	4.42584269219283	1.00005341254853
84.675	11.5	1.00006424471618	0.800486326982103	-5.34688279741208e-05	4.30576204059775	1.00005139577295
84.825	11.5	1.00006182294823	0.800467821242112	-5.16537356729947e-05	4.18568445043625	1.00004945835858
84.975	11.5	1.00005949673273	0.800449943703599	-4.99165818532185e-05	4.06560981605219	1.00004759738618
85.125	11.5	1.00005726255946	0.800432667356395	-4.82549072486898e-05	3.94553803625247	1.00004581004757
85.275	11.5	1.0000551171104	0.800415966044489	-4.66663300963196e-05	3.82546901416091	1.00004409368832
85.425	11.5	1.00005305731386	0.80039981442975	-4.51485434758975e-05	3.705402657071	1.00004244585109
85.575	11.5	1.00005108034371	0.800384187954381	-4.36993121214482e-05	3.58533887630024	1.00004086427496
85.725	11.5	1.00004918349467	0.800369062810692	-4.23164685535969e-05	3.46527758705436	1.00003934679574
85.875	11.5	1.00004736390391	0.800354415930675	-4.09979084954528e-05	3.34521870831468	1.00003789112313
86.025	11.5	1.00004561820417	0.800340225004325	-3.97415853879772e-05	3.22516216275898	1.00003649456333
86.175	11.5	1.0000439423646	0.800326468519501	-3.85455039559475e-05	3.10510787670995	1.00003515389168
86.325	11.5	1.00004233209882	0.800313125787659	-3.74077124241388e-05	2.98505578007472	1.00003386567906
86.475	11.5	1.00004078411841	0.800300176892313	-3.63262931159659e-05	2.86500580620715	1.00003262729473
86.625	11.5	1.00003929801227	0.800287602499329	-3.52993507497883e-05	2.74495789162212	1.00003143840981
86.775	11.5	1.00003787765059	0.800275383533359	-3.43249975598151e-05	2.6249119755538	1.00003030212047
86.925	11.5	1.00003653015284	0.800263500864657	-3.34013341637998e-05	2.50486799949734	1.00002922412227
87.075	11.5	1.00003526049552	0.800251935317966	-3.25264250877917e-05	2.38482590705944	1.00002820839641
87.225	11.5	1.00003406181248	0.80024066837787	-3.16982681493121e-05	2.26478564453301	1.00002724944999
87.375	11.5	1.00003290574849	0.800229683735416	-3.09147572650146e-05	2.14474716239903	1.0000263245988
87.525	11.5	1.00003174243177	0.800218969172974	-3.01736381353143e-05	2.0247104172897	1.00002539394542
87.675	11.5	1.00003052168516	0.80020851735262	-2.94724539362387e-05	1.90467537292981	1.00002441734813
87.825	11.5	1.00002924017566	0.800198323434207	-2.88084727130105e-05	1.78464199778952	1.00002339214053
87.975	11.5	1.00002799930839	0.800188378085667	-2.81785779724427e-05	1.66461025768544	1.00002239944671
88.125	11.5	1.00002702976565	0.800178657271555	-2.75790914229694e-05	1.54458010441269	1.00002162381252
88.275	11.5	1.00002661829085	0.800169115072211	-2.70054881152662e-05	1.42455146669811	1.00002129463268
88.425	11.5	1.00002689099911	0.800159690363769	-2.64519699374919e-05	1.30452425504851	1.00002151279929
88.575	11.5	1.0000274937439	0.800150337620677	-2.59108942058364e-05	1.18449839231306	1.00002199499512
88.725	11.5	1.00002736035366	0.800141080744145	-2.53721073101877e-05	1.06447387066988	1.00002188828293
88.875	11.5	1.00002490299289	0.800132064856489	-2.48222748318451e-05	0.94445081054065	1.00001992239431
89.025	11.5	1.00001894592583	0.800123552838613	-2.42442446991824e-05	0.824429465475525	1.00001515674066
89.175	11.5	1.00001037878944	0.800115803672313	-2.36161931488256e-05	0.704410102791911	1.00000830303156
89.325	11.5	1.00000376769125	0.800108810124213	-2.29096422783183e-05	0.584392727490292	1.000003014153
89.475	11.5	1.00000728557146	0.800101984501446	-2.20843724423005e-05	0.46437673223611	1.00000582845717
89.625	11.5	1.0000290036065	0.800094038172186	-2.10770917276911e-05	0.344360728946207	1.0000232028852
89.775	11.5	1.00006880971718	0.800072797742306	-1.97805151998874e-05	0.224342947083753	1.00005504777375
89.925	11.5	1.0001086433283	0.400094884882697	-1.80067143551789e-05	0.10432567304776	1.00008691466264
0.075	11.7	2.56652276577614e-30	0.399999378586666	-1.93525402335547e-06	36.0880580889018	0.2
0.225	11.7	2.2134362928602e-30	0.799998134828011	-1.93815757833357e-06	36.0640581261866	0.2
0.375	11.7	1.37473305480819e-30	0.799996888271027	-1.94397012071825e-06	36.0400582008122	0.2
0.525	11.7	-3.54348738815761e-30	0.799995637045127	-1.95270214647556e-06	36.0160583128904	0.2
0.675	11.7	-9.33172492466911e-30	0.799994379270116	-1.96436988880972e-06	35.9920584625894	0.2
0.825	11.7	-2.01831600373789e-29	0.799993113054398	-1.97899445139502e-06	35.9680586501342	0.2
0.975	11.7	-2.6629425367944e-29	0.799991836491009	-1.99660279073394e-06	35.9440588758062	0.2
1.125	11.7	-3.13367393618027e-29	0.799990547653895	-2.01722655132798e-06	35.9200591399447	0.2
1.275	11.7	-1.76582910628451e-29	0.799989244594488	-2.04090363719324e-06	35.8960594429469	0.2
1.425	11.7	9.76761283697307e-30	0.799987925338926	-2.06767644004016e-06	35.872059785269	0.2
1.575	11.7	6.67962015905074e-29	0.799986587884141	-2.0975930281475e-06	35.8480601674266	0.2
1.725	11.7	1.32387035108986e-28	0.79998523019372	-2.13070671799703e-06	35.824060589996	0.2
1.875	11.7	2.05023626683936e-28	0.799983850196106	-2.16707692360559e-06	35.800061053615	0.2
2.025	11.7	2.31829621158935e-28	0.79998244577966	-2.20676703773771e-06	35.7760615589842	0.2
2.175	11.7	1.91461173612424e-28	0.799981014790158	-2.24984756864535e-06	35.7520621068682	0.2
2.325	11.7	1.72039513970853e-29	0.799979555025691	-2.2963931128424e-06	35.7280626980968	0.2
2.475	11.7	-2.81497936726264e-28	0.799978064235907	-2.34648508609963e-06	35.7040633335667	0.2
2.625	11.7	-7.05927967598425e-28	0.799976540115296	-2.40020910265943e-06	35.6800640142427	0.2
2.775	11.7	-1.11752800177376e-27	0.799974980302424	-2.45765758457093e-06	35.6560647411597	0.2
2.925	11.7	-1.3737238151823e-27	0.799973382373637	-2.51892764407228e-06	35.6320655154245	0.2
3.075	11.7	-1.19337094545645e-27	0.799971743841382	-2.58412384691358e-06	35.6080663382173	0.2
3.225	11.7	-4.05275354242768e-28	0.799970062149233	-2.65335489731331e-06	35.584067210794	0.2
3.375	11.7	1.13823683437562e-27	0.799968334668863	-2.72673682138878e-06	35.5600681344884	0.2
3.525	11.7	3.2031368500213e-27	0.799966558695994	-2.80439086540885e-06	35.5360691107139	0.2
3.675	11.7	5.31578245821118e-27	0.799964731445068	-2.8864459287052e-06	35.5120701409666	0.2
3.825	11.7	6.47992037692421e-27	0.799962850046885	-2.97303583324732e-06	35.4880712268272	0.2
3.975	11.7	5.6573537642338e-27	0.799960911543711	-3.06430232407668e-06	35.4640723699638	0.2
4.125	11.7	1.81773134441562e-27	0.799958912884477	-3.16039363675619e-06	35.4400735721346	0.2
4.275	11.7	-5.10137324387714e-27	0.799956850921016	-3.26146487058017e-06	35.4160748351907	0.2
4.425	11.7	-1.401587575395e-26	0.799954722402717	-3.36767846568093e-06	35.3920761610793	0.2
4.575	11.7	-2.18852910452632e-26	0.799952523972136	-3.47920470148001e-06	35.3680775518466	0.2
4.725	11.7	-2.45368485597565e-26	0.799950252160889	-3.5962213529931e-06	35.344079009641	0.2
4.875	11.7	-1.73255179561378e-26	0.799947903382667	-3.7189143306998e-06	35.3200805367169	0.2
5.025	11.7	1.99097908496675e-27	0.799945473930167	-3.84747838597242e-06	35.296082135438	0.2
5.175	11.7	3.12487280597908e-26	0.799942959967347	-3.98211569155442e-06	35.2720838082811	0.2
5.325	11.7	6.09672591342949e-26	0.799940357525935	-4.12303858628102e-06	35.24808555784	0.2
5.475	11.7	7.54301636863291e-26	0.799937662498236	-4.27046842494947e-06	35.2240873868295	0.2
5.625	11.7	5.5839633658462e-26	0.799934870631374	-4.42463554047235e-06	35.2000892980901	0.2
5.775	11.7	-9.67307095101481e-27	0.799931977521291	-4.58578089999665e-06	35.1760912945917	0.2
5.925	11.7	-1.15011223975155e-25	0.799928978605578	-4.7541558007023e-06	35.1520933794388	0.2
6.075	11.7	-2.23514631607958e-25	0.799925869157546	-4.93002186845771e-06	35.1280955558753	0.2
6.225	11.7	-2.66903106950262e-25	0.799922644278641	-5.11365223608277e-06	35.1040978272894	0.2
6.375	11.7	-1.58408453656979e-25	0.799919298891073	-5.30533164850281e-06	35.0801001972186	0.2
6.525	11.7	1.66956593118455e-25	0.79991582773076	-5.50535646468242e-06	35.0561026693559	0.2
6.675	11.7	6.95294145244421e-25	0.799912225338209	-5.71403596352521e-06	35.0321052475548	0.2
6.825	11.7	1.26846494235102e-24	0.799908486052918	-5.93169234664233e-06	35.0081079358356	0.2
6.975	11.7	1.55392772146763e-24	0.799904604001167	-6.15866076653719e-06	34.9841107383916	0.2
7.125	11.7	1.08464279154206e-24	0.799900573091533	-6.39529051966364e-06	34.9601136595955	0.2
7.275	11.7	-5.78444256724077e-25	0.799896387001917	-6.64194562316715e-06	34.9361167040061	0.2
7.425	11.7	-3.56445414163098e-24	0.799892039172664	-6.89900484355659e-06	34.9121198763754	0.2
7.575	11.7	-7.3277713973943e-24	0.799887522795353	-7.16686266035347e-06	34.8881231816558	0.2
7.725	11.7	-1.03495169165162e-23	0.799882830803203	-7.44592929803967e-06	34.8641266250077	0.2
7.875	11.7	-1.01003379702194e-23	0.799877955861187	-7.73663198678375e-06	34.8401302118075	0.2
8.025	11.7	-3.53523030142735e-24	0.799872890352997	-8.03941526267288e-06	34.816133947656	0.2
8.175	11.7	1.16977339713252e-23	0.799867626372256	-8.35474180024036e-06	34.7921378383864	0.2
8.325	11.7	3.5293113511083e-23	0.799862155709371	-8.68309225460767e-06	34.7681418900737	0.2
8.475	11.7	6.19349038648421e-23	0.799856469839236	-9.02496730049098e-06	34.7441461090438	0.2
8.625	11.7	7.94065680924033e-23	0.799850559908754	-9.38088703390269e-06	34.7201505018833	0.2
8.775	11.7	6.86933837437904e-23	0.799844416725178	-9.75139253620837e-06	34.6961550754493	0.2
8.925	11.7	7.98649661492776e-24	0.799838030740033	-1.01370465694945e-05	34.6721598368798	0.2
9.075	11.7	-1.1767072653632e-22	0.799831392037303	-1.05384334373103e-05	34.6481647936049	0.2
9.225	11.7	-3.00976623360523e-22	0.799824490317467	-1.09561610962828e-05	34.6241699533576	0.2
9.375	11.7	-4.94431051538695e-22	0.799817314883932	-1.13908608086212e-05	34.6001753241858	0.2
9.525	11.7	-5.98226671326004e-22	0.799809854625493	-1.18431890395115e-05	34.5761809144645	0.2
9.675	11.7	-4.67333566645492e-22	0.799802098002051	-1.231382673745e-05	34.5521867329083	0.2
9.825	11.7	4.7246762346248e-23	0.799794033027462	-1.2803482420777e-05	34.5281927885844	0.2
9.975	11.7	1.01482618688733e-21	0.799785647251254	-1.33128911008275e-05	34.5041990909266	0.2
10.125	11.7	2.30920320488002e-21	0.799776927742318	-1.38428164875697e-05	34.4802056497493	0.2
10.275	11.7	3.50057984991154e-21	0.7997678610696	-1.43940507263945e-05	34.4562124752621	0.2
10.425	11.7	3.82728875036097e-21	0.79975843328354	-1.49674168199382e-05	34.4322195780852	0.2
10.575	11.7	2.33697299136148e-21	0.799748629895583	-1.55637684434264e-05	34.4082269692651	0.2
10.725	11.7	-1.73386262881645e-21	0.79973843585918	-1.61839916534352e-05	34.3842346602914	0.2
10.875	11.7	-8.3524318583805e-21	0.799727835547099	-1.68290054956096e-05	34.3602426631136	0.2
11.025	11.7	-1.60079830147338e-20	0.799716812731261	-1.74997635052781e-05	34.3362509901586	0.2
11.175	11.7	-2.12867498133808e-20	0.799705350559804	-1.81972543743676e-05	34.3122596543497	0.2
11.325	11.7	-1.91741782719671e-20	0.799693431534107	-1.89225032969501e-05	34.288268669125	0.2
11.475	11.7	-4.54190668204252e-21	0.799681037484441	-1.96765728588276e-05	34.2642780484576	0.2
11.625	11.7	2.50106529023864e-20	0.79966814954649	-2.04605646875147e-05	34.2402878068759	0.2
11.775	11.7	6.5425661417174e-20	0.799654748135145	-2.12756198108356e-05	34.2162979594848	0.2
11.925	11.7	1.02947555877775e-19	0.799640812919169	-2.21229205068038e-05	34.1923085219878	0.2
12.075	11.7	1.13662906878545e-19	0.799626322794601	-2.3003691543527e-05	34.1683195107097	0.2
12.225	11.7	6.84844284749763e-20	0.799611255856018	-2.39192002541904e-05	34.1443309426202	0.2
12.375	11.7	-5.45968789254014e-20	0.79959558937024	-2.48707591208277e-05	34.1203428353583	0.2
12.525	11.7	-2.51765798577083e-19	0.79957929974539	-2.58597264643129e-05	34.0963552072579	0.2
12.675	11.7	-4.73333131105359e-19	0.799562362502925	-2.68875064511158e-05	34.0723680773736	0.2
12.825	11.7	-6.12772698695754e-19	0.799544752245547	-2.79555522318945e-05	34.0483814655078	0.2
12.975	11.7	-5.18986735697907e-19	0.799526442627171	-2.90653658975665e-05	34.0243953922389	0.2
13.125	11.7	-4.47441837789495e-20	0.799507406320045	-3.02184995929722e-05	34.0004098789501	0.2
13.275	11.7	8.653585584606e-19	0.799487614982553	-3.14165565379485e-05	33.9764249478597	0.2
13.425	11.7	2.06390698633289e-18	0.799467039226587	-3.26611928655825e-05	33.9524406220512	0.2
13.575	11.7	3.11049775778272e-18	0.799445648582023	-3.39541177736039e-05	33.9284569255061	0.2
13.725	11.7	3.27205335208314e-18	0.799423411462982	-3.52970943636646e-05	33.9044738831363	0.2
13.875	11.7	1.69125793591537e-18	0.799400295133705	-3.66919411860017e-05	33.8804915208183	0.2
14.025	11.7	-2.22880194640063e-18	0.799376265670441	-3.81405323411354e-05	33.8565098654283	0.2
14.175	11.7	-8.25825951790939e-18	0.799351287927109	-3.96447985302042e-05	33.8325289448781	0.2
14.325	11.7	-1.4760362186741e-17	0.799325325499188	-4.12067272591114e-05	33.8085487881526	0.2
14.475	11.7	-1.84177393895528e-17	0.79929834068545	-4.28283631419582e-05	33.7845694253481	0.2
14.625	11.7	-1.46845483479259e-17	0.799270294451753	-4.45118086450462e-05	33.7605908877115	0.2
14.775	11.7	6.70917417434242e-19	0.799241146394365	-4.62592232675771e-05	33.736613207681	0.2
14.925	11.7	2.88786949220899e-17	0.799210854702263	-4.8072824039453e-05	33.7126364189278	0.2
15.075	11.7	6.48866686289948e-17	0.799179376121053	-4.99548848875044e-05	33.6886605563989	0.2
15.225	11.7	9.48496523513083e-17	0.799146665915618	-5.19077353797032e-05	33.6646856563606	0.2
15.375	11.7	9.6477739685901e-17	0.79911267783556	-5.39337599797928e-05	33.6407117564439	0.2
15.525	11.7	4.44927868970357e-17	0.799077364079331	-5.60353975868011e-05	33.6167388956904	0.2
15.675	11.7	-7.75419656996876e-17	0.799040675260296	-5.82151376772196e-05	33.5927671145992	0.2
15.825	11.7	-2.60295883311547e-16	0.79900256037405	-6.04755198111975e-05	33.5687964551748	0.2
15.975	11.7	-4.51908971191168e-16	0.79896296676735	-6.28191295686366e-05	33.5448269609767	0.2
16.125	11.7	-5.51047688955152e-16	0.798921840109853	-6.52485961202081e-05	33.5208586771688	0.2
16.275	11.7	-4.22094588991402e-16	0.798879124365989	-6.77665870700834e-05	33.4968916505701	0.2
16.425	11.7	5.7258393005633e-17	0.798834761771826	-7.03758048865548e-05	33.4729259297068	0.2
16.575	11.7	9.15337448525223e-16	0.798788692815107	-7.30789801124926e-05	33.4489615648638	0.200000000000001
16.725	11.7	1.99018414190871e-15	0.798740856216936	-7.58788651488307e-05	33.4249986081379	0.200000000000002
16.875	11.7	2.85872668396202e-15	0.798691188921897	-7.87782274602718e-05	33.4010371134908	0.200000000000002
17.025	11.7	2.85306439047588e-15	0.798639626088546	-8.1779839084666e-05	33.3770771368026	0.200000000000002
17.175	11.7	1.22871689301429e-15	0.798586101091333	-8.48864681251408e-05	33.3531187359255	0.200000000000001
17.325	11.7	-2.48086523843103e-15	0.798530545523609	-8.81008661976972e-05	33.3291619707371	0.199999999999998
17.475	11.7	-7.96489784902546e-15	0.79847288921433	-9.14257558813867e-05	33.3052069031941	0.199999999999994
17.625	11.7	-1.36487088198722e-14	0.798413060248351	-9.48638152403432e-05	33.2812535973843	0.199999999999989
17.775	11.7	-1.65039370810551e-14	0.798350985001527	-9.84176609792261e-05	33.2573021195792	0.199999999999987
17.925	11.7	-1.25129932111576e-14	0.798286588183831	-0.000102089829284022	33.2333525382842	0.19999999999999
18.075	11.7	1.91898046749615e-15	0.798219792898027	-0.000105882753650871	33.2094049242881	0.200000000000002
18.225	11.7	2.75934515045263e-14	0.798150520711715	-0.000109798739947793	33.1854593507103	0.200000000000022
18.375	11.7	5.97032175990471e-14	0.798078691747121	-0.000113839939432451	33.1615158930454	0.200000000000048
18.525	11.7	8.57665800970826e-14	0.798004224788912	-0.000118008316299873	33.1375746292055	0.200000000000069
18.675	11.7	8.6091466641978e-14	0.79792703741303	-0.000122305613199564	33.1136356395581	0.200000000000069
18.825	11.7	3.86394855895904e-14	0.797847046142488	-0.000126733311017654	33.0896990069607	0.200000000000031
18.975	11.7	-7.07115708781279e-14	0.797764166624224	-0.000131292584252459	33.0657648167895	0.199999999999943
19.125	11.7	-2.33659375681095e-13	0.797678313842471	-0.000135984250700331	33.0418331569632	0.199999999999813
19.275	11.7	-4.05183675932626e-13	0.797589402362222	-0.00014080871508313	33.017904117959	0.199999999999676
19.425	11.7	-4.97533052214367e-13	0.797497346611436	-0.000145765906046539	32.9939777928216	0.199999999999602
19.575	11.7	-3.92722257644931e-13	0.797402061207387	-0.000150855204941221	32.9700542771624	0.199999999999686
19.725	11.7	1.78816377943022e-14	0.797303461328872	-0.000156075366981682	32.9461336691492	0.200000000000014
19.875	11.7	7.66024366721046e-13	0.797201463144385	-0.00016142443115074	32.9222160694827	0.200000000000613
20.025	11.7	1.72479077939067e-12	0.797095984298241	-0.00016689962096881	32.8983015813604	0.20000000000138
20.175	11.7	2.5454214609609e-12	0.796986944465898	-0.000172497232357186	32.8743903104245	0.200000000002036
20.325	11.7	2.66255808069147e-12	0.796874265984366	-0.000178212509201802	32.850482364692	0.20000000000213
20.475	11.7	1.42170112418298e-12	0.79675787456686	-0.000184039502187316	32.8265778544649	0.200000000001137
20.625	11.7	-1.63927044067563e-12	0.796637700111186	-0.000189970912029136	32.8026768922177	0.199999999998689
20.775	11.7	-6.37975391227517e-12	0.796513677617807	-0.000195997913815928	32.7787795924585	0.199999999994896
20.925	11.7	-1.16326051485648e-11	0.796385748220625	-0.00020210996025431	32.7548860715618	0.199999999990694
21.075	11.7	-1.49837907784052e-11	0.796253860357575	-0.000208294560252115	32.7309964475675	0.199999999988013
21.225	11.7	-1.30404308555257e-11	0.796117971083798	-0.000214537032379299	32.7071108399433	0.199999999989568
21.375	11.7	-2.44310863118027e-12	0.795978047558093	-0.000220820227219104	32.683229369305	0.199999999998046
21.525	11.7	1.83103993740343e-11	0.795834068710815	-0.000227124218790851	32.6593521570902	0.200000000014648
21.675	11.7	4.65393142882108e-11	0.79568602712615	-0.000233425955622594	32.6354793251788	0.200000000037231
21.825	11.7	7.33768322042199e-11	0.795533931156656	-0.000239698873558961	32.6116109954538	0.200000000058701
21.975	11.7	8.3408658229444e-11	0.795377807301059	-0.000245912460071639	32.5877472892954	0.200000000066727
22.125	11.7	5.74677537864754e-11	0.795217702875032	-0.000252031768894459	32.5638883269998	0.200000000045974
22.275	11.7	-2.03406333788214e-11	0.79505368900868	-0.000258016874962556	32.5400342271119	0.199999999983727
22.425	11.7	-1.51659358976381e-10	0.794885864011855	-0.000263822264358571	32.5161851056631	0.199999999878673
22.575	11.7	-3.11494185768026e-10	0.794714357147943	-0.000269396148674416	32.4923410753002	0.199999999750805
22.725	11.7	-4.39717240817509e-10	0.794539332873195	-0.000274679694056793	32.4685022442937	0.199999999648226
22.875	11.7	-4.43926294531644e-10	0.794360995594029	-0.000279606155244733	32.4446687154116	0.199999999644859
23.025	11.7	-2.21170972290548e-10	0.794179595017008	-0.000284099898263986	32.4208405846427	0.199999999823063
23.175	11.7	2.97694281634359e-10	0.793995432163053	-0.000288075308199026	32.3970179397528	0.200000000238155
23.325	11.7	1.08583047920099e-09	0.793808866128962	-0.000291435567023267	32.3732008586562	0.200000000868664
23.475	11.7	1.95793170665269e-09	0.793620321680901	-0.000294071294737207	32.3493894075782	0.200000001566345
23.625	11.7	2.53863125651622e-09	0.793430297764397	-0.000295859049613561	32.3255836389824	0.200000002030905
23.775	11.7	2.30148813881918e-09	0.793239377018524	-0.000296659670546016	32.3017835892289	0.200000001841191
23.925	11.7	7.13481357454803e-10	0.793048236382396	-0.000296316444991328	32.2779892759231	0.200000000570785
24.075	11.7	-2.50563843045893e-09	0.792857658905992	-0.000294653064062471	32.2542006949101	0.199999997995489
24.225	11.7	-7.04906799503782e-09	0.79266854690352	-0.000291471308193186	32.2304178168655	0.199999994360746
24.375	11.7	-1.1720086363947e-08	0.792481936650042	-0.000286548386736886	32.206640583437	0.199999990623931
24.525	11.7	-1.43308942997436e-08	0.792299014896071	-0.000279633847419442	32.1828689028957	0.199999988535285
24.675	11.7	-1.20024118521191e-08	0.79212113754968	-0.000270445980127048	32.1591026452682	0.199999990398071
24.825	11.7	-2.01933143052586e-09	0.791949850926117	-0.000258667689294445	32.1353416369245	0.199999998384535
24.975	11.7	1.67555193049992e-08	0.791786915958663	-0.000243941897766872	32.1115856545965	0.200000013404415
25.125	11.7	4.21627331874705e-08	0.791634335652366	-0.000225866645448925	32.0878344187829	0.200000033730187
25.275	11.7	6.73028220599503e-08	0.791494385855637	-0.000203990153588943	32.0640875864467	0.200000053842258
25.425	11.7	8.02301761251073e-08	0.79136964913774	-0.000177806161366092	32.0403447428468	0.200000064184141
25.575	11.7	6.57330332475418e-08	0.791263051290304	-0.000146749739267557	32.0166053922605	0.200000052586427
25.725	11.7	9.86425202408487e-09	0.791177899877593	-0.000110193491565172	31.9928689472865	0.200000007891402
25.875	11.7	-9.2885235917653e-08	0.791117924526921	-6.74435644995042e-05	31.9691347163947	0.199999925691811
26.025	11.7	-2.31119367438769e-07	0.791087319398445	-1.77342407925291e-05	31.9454018894508	0.199999815104506
26.175	11.7	-3.69593116656452e-07	0.791090789590374	3.97806581344784e-05	31.9216695211114	0.199999704325507
26.325	11.7	-4.47810946092868e-07	0.791133604835188	0.000106041535810131	31.897936512247	0.199999641751243
26.475	11.7	-3.88440275666996e-07	0.791221665297845	0.000182103364295744	31.8742015898481	0.199999689247779
26.625	11.7	-1.18423718019512e-07	0.791361584769445	0.000269162399436254	31.8504632860913	0.199999905261026
26.775	11.7	3.97773772448673e-07	0.791560795193398	0.000368586325590943	31.8267199172537	0.200000318219018
26.925	11.7	1.1186542555095e-06	0.791827672558138	0.00048194138574661	31.8029695628128	0.200000894923404
27.075	11.7	1.89187281842919e-06	0.792171677644671	0.000611006773919795	31.7792100443127	0.200001513498255
27.225	11.7	2.44294814982865e-06	0.792603496929432	0.000757764975289212	31.755438902469	0.20000195435852
27.375	11.7	2.40436264573191e-06	0.793135161351729	0.000924358627436411	31.7316533697875	0.200001923490117
27.525	11.7	1.39763586213784e-06	0.793780117094942	0.00111301127819962	31.7078503351116	0.20000111810869
27.675	11.7	-8.31958347991196e-07	0.79455322686061	0.00132592150096315	31.6840262965021	0.199999334433322
27.825	11.7	-4.2479468718506e-06	0.795470695276227	0.00156515563005146	31.6601773001484	0.199996601642503
27.975	11.7	-8.3647001775554e-06	0.796549938526732	0.00183257994930396	31.6362988657736	0.199993308239858
28.125	11.7	-1.21593460578958e-05	0.79780945224013	0.00212988230670059	31.6123859029331	0.199990272523154
28.275	11.7	-1.41195194564365e-05	0.7992687643608	0.00245872863730522	31.5884326268411	0.199988704384435
28.425	11.7	-1.24782930679434e-05	0.800948578065564	0.00282107569790993	31.5644324855413	0.199990017365546
28.575	11.7	-5.64916803772026e-06	0.802871198930906	0.00321961557639944	31.5403781108303	0.19999548066557
28.725	11.7	7.18506268297507e-06	0.805061288737768	0.00365826547162046	31.5162613021385	0.200005748050146
28.875	11.7	2.54438055834537e-05	0.807546892625932	0.00414255172301997	31.4920730452462	0.200020355044467
29.025	11.7	4.6652731125037e-05	0.810360558086992	0.00467969149005746	31.4678035572851	0.2000373221849
29.175	11.7	6.6278169093675e-05	0.813540231172009	0.00527817291307663	31.443442338433	0.200053022535275
29.325	11.7	7.80635032494414e-05	0.817129518046801	0.00594669376591257	31.4189782026251	0.2000624508026
29.475	11.7	7.4953234717622e-05	0.821176883283489	0.00669244417140078	31.3943992582319	0.200059962587774
29.625	11.7	5.05532958895942e-05	0.825733454818345	0.00751889515091182	31.3696928176608	0.200040442636712
29.775	11.7	9.1587078804288e-07	0.830849330499333	0.00842344511489083	31.3448452324914	0.20000073269663
29.925	11.7	-7.37041484853086e-05	0.836568610165855	0.00939542992880774	31.3198416752026	0.199941036681212
30.075	11.7	-0.000167549777870229	0.842923751842411	0.0104150651702214	31.2946659139399	0.199865960177704
30.225	11.7	-0.000268923980189898	0.849930182541017	0.0114538190823381	31.2693001456971	0.199784860815848
30.375	11.7	-0.000360882932961716	0.857582280174829	0.0124764942495392	31.2437249589733	0.199711293653631
30.525	11.7	-0.000423107535413707	0.865851789962054	0.0134449451000482	31.2179194857206	0.199661513971669
30.675	11.7	-0.00043473949598008	0.874689395845325	0.0143229410800558	31.1918617751956	0.199652208403216
30.825	11.7	-0.000377734953065152	0.884029560117167	0.0150813058277396	31.1655293848564	0.199697812037548
30.975	11.7	-0.00024014314422674	0.893797991331525	0.0157022434660303	31.138900144516	0.199807885484619
31.125	11.7	-1.86984980989046e-05	0.903920397811601	0.0161818058145358	31.1119530188469	0.199985041201521
31.275	11.7	0.000279772544605949	0.914330748770172	0.0165297935078782	31.0846689771162	0.200223818035685
31.425	11.7	0.000638410417832128	0.924977255117245	0.0167669570939652	31.0570317808071	0.200510728334266
31.575	11.7	0.00103185423775076	0.935824729112647	0.0169200181821251	31.0290286181814	0.200825483390201
31.725	11.7	0.001428985780659	0.946852773152848	0.0170155714036675	31.0006505447293	0.201143188624527
31.875	11.7	0.00179641801046404	0.958050167280547	0.0170741920911209	30.9718927223964	0.201437134408371
32.025	11.7	0.00210215440954392	0.969406632162722	0.0171059910824763	30.9427544806344	0.201681723527635
32.175	11.7	0.00231885577100281	0.98090365192553	0.0171084690722575	30.9132392422843	0.201855084616802
32.325	11.7	0.00242626743510632	0.992506159832226	0.0170669588775703	30.8833543637362	0.201941013948085
32.475	11.7	0.00241254865060477	1.00415663301158	0.0169573694419968	30.8531109322044	0.201930038920484
32.625	11.7	0.00227445965446807	1.01577260419516	0.0167505032758204	30.8225235473404	0.201819567723574
32.775	11.7	0.00201655351063573	1.02724791789456	0.0164169938396714	30.7916100958392	0.201613242808509
32.925	11.7	0.00164965320219241	1.03845738480908	0.0159319167059906	30.7603915121719	0.201319722561754
33.075	11.7	0.00118895415144117	1.04926394977219	0.0152783258398188	30.7288915100586	0.200951163321153
33.225	11.7	0.000652082019518022	1.05952716955214	0.014449276646876	30.6971362687706	0.200521665615614
33.375	11.7	5.73716674670137e-05	1.06911172602446	0.0134482337202157	30.6651540642175	0.200045897333974
33.525	11.7	-0.000577464658766585	1.07789485359749	0.0122880491215991	30.6329748443957	0.199538028272987
33.675	11.7	-0.00123622570920933	1.08577187609362	0.010988889192143	30.6006297600858	0.199011019432633
33.825	11.7	-0.00190472407039472	1.09265944978701	0.00957556935269467	30.5681506740159	0.198476220743684
33.975	11.7	-0.00257104662788511	1.09849651726289	0.00807474130985572	30.5355696846397	0.197943162697692
34.125	11.7	-0.0032257377672201	1.10324331709421	0.00651229877629243	30.5029187115641	0.197419409786224
34.275	11.7	-0.00386199229805484	1.10687899863457	0.00491126476818112	30.4702291912863	0.196910406161556
34.425	11.7	-0.00447576245463177	1.10939840734495	0.00329032528521148	30.4375319136062	0.196419390036295
34.575	11.7	-0.00506546761049108	1.11080842836678	0.00166308994645118	30.4048569837429	0.195947625911607
34.725	11.7	-0.00563091397528804	1.11112398702033	3.80742074852158e-05	30.3722338312919	0.19549526881977
34.875	11.7	-0.00617129731710683	1.11036359127505	-0.00158072308949241	30.3396911389825	0.195062962146315
35.025	11.7	-0.00668288331501146	1.10854439562259	-0.00319295507308778	30.3072565879398	0.194653693347991
35.175	11.7	-0.00715793216232387	1.10567729182627	-0.00480130392731696	30.2749564607281	0.194273654270141
35.325	11.7	-0.0075870027179397	1.10176330184657	-0.00641177141041623	30.2428153975619	0.193930397825648
35.475	11.7	-0.00796597790988664	1.09679295698558	-0.00803539774591592	30.210856842097	0.193627217672091
35.625	11.7	-0.00830629793300193	1.09074955965521	-0.00969122289075511	30.1791047069748	0.193354961653598
35.775	11.7	-0.00864242070831786	1.08361478525413	-0.0114090119876318	30.1475862903128	0.193086063433346
35.925	11.7	-0.00902678382253002	1.07537174437184	-0.0132288171542768	30.116335433026	0.192778572941976
36.075	11.7	-0.00950352222396035	1.06599866536531	-0.0151938761584086	30.0853937012342	0.192397182220832
36.225	11.7	-0.0100616975565386	1.05544862764569	-0.0173350669632277	30.0548068911857	0.191950641954769
36.375	11.7	-0.0105869547918982	1.04361882325846	-0.019650430865752	30.0246154887461	0.191530436166481
36.525	11.7	-0.0108503793661036	1.03032514327301	-0.0220923713250893	29.9948414606626	0.191319696507117
36.675	11.7	-0.0105803928423648	1.01530788991332	-0.0245847926814041	29.9654790406317	0.191535685726108
36.825	11.7	-0.0096410625518089	0.998287981929228	-0.027092635757998	29.9365011527873	0.192287149958553
36.975	11.7	-0.00828007812767157	0.979055406686581	-0.029744104283712	29.9078916553668	0.193375937497863
37.125	11.7	-0.00732469555798267	0.957516282763414	-0.0329656622210602	29.8797034256482	0.194140243553614
37.275	11.7	-0.00813555560040576	0.933609067070472	-0.0375652191351001	29.8521239220641	0.193491555519675
37.425	11.7	-0.0121410425545138	0.907059915674354	-0.0447071053030151	29.8255097844578	0.190287165956389
37.575	11.7	-0.0199259190711192	0.877018443855211	-0.05569602310428	29.8003433638522	0.184059264743105
37.725	11.7	-0.0301254453934252	0.841624347581475	-0.0713160038418588	29.7770827734752	0.17589964368526
37.875	11.7	-0.0386417342771044	0.797669331749994	-0.0902820005190915	29.7559309369953	0.169086612578316
38.025	11.7	-0.038721435346985	0.74136742824468	-0.107205014491846	29.7366202118962	0.169022851722412
38.175	11.7	-0.0220749715303374	0.672304271538637	-0.113625872509932	29.7183385259265	0.18234002277573
38.325	11.7	0.0193120694468456	0.597946290008178	-0.105247390447765	29.6998438190408	0.215449655557476
38.475	11.7	0.0911833085075763	0.529657844859827	-0.0867720815983861	29.6796903292593	0.272946646806061
38.625	11.7	0.194997763339202	0.474181697495943	-0.066221523110188	29.6564733192281	0.355998210671362
38.775	11.7	0.32610522612726	0.432225817471434	-0.0484763879071428	29.6290479785068	0.460884180901808
38.925	11.7	0.473247043374816	0.401704626503315	-0.0348425038233895	29.5967115066731	0.578597634699853
39.075	11.7	0.620915458513472	0.38001074876193	-0.0249278350893135	29.5593203744839	0.696732366810777
39.225	11.7	0.75423876210604	0.364782630291319	-0.0179062387125505	29.5172817701536	0.803391009684832
39.375	11.7	0.863453080317291	0.354090775226899	-0.0130014156278442	29.4714014487843	0.890762464253833
39.525	11.7	0.94530360140246	0.346473699283407	-0.0096039890756683	29.4226585387004	0.956242881121968
39.675	11.7	1.00155772993254	0.340898357578707	-0.00726652034754819	29.3720075462536	1.00124618394603
39.825	11.7	1.0365556873356	0.336669746550924	-0.00566991751056665	29.3202615848086	1.02924454986848
39.975	11.7	1.05526940391887	0.333330621923445	-0.00458968961240817	29.2680528957307	1.0442155231351
40.125	11.7	1.06225088120411	0.330579935110371	-0.00386861610339016	29.215840881884	1.04980070496329
40.275	11.7	1.06125078027334	0.328216879619521	-0.00339622597353294	29.163939981053	1.04900062421867
40.425	11.7	1.05519052283879	0.326105805193806	-0.00309405434219987	29.112550968404	1.04415241827103
40.575	11.7	1.04626959422461	0.324155003634059	-0.00290544519426026	29.0617887315214	1.03701567537969
40.725	11.7	1.03609866806633	0.322303834062636	-0.00278876391179996	29.0117048223976	1.02887893445307
40.875	11.7	1.02581782640923	0.320514582812634	-0.00271304825692716	28.9623052439132	1.02065426112738
41.025	11.7	1.01619214391418	0.318766895569023	-0.00265530182286029	28.9135644499873	1.01295371513134
41.175	11.7	1.0076888666923	0.317053557553917	-0.00259880399322616	28.865436410575	1.00615109335384
41.325	11.7	1.00054234600687	0.315376993138018	-0.00253197400250369	28.8178633149119	1.0004338768055
41.475	11.7	0.994811048935289	0.313746228585307	-0.00244748204030866	28.7707822622049	0.995848839148231
41.625	11.7	0.990428464678845	0.312174273501127	-0.0023414387204803	28.7241301696547	0.992342771743076
41.775	11.7	0.987247871620976	0.310675966360794	-0.00221260287894046	28.677847097055	0.989798297296781
41.925	11.7	0.985080079568415	0.309266333956981	-0.00206161741631229	28.6318782069003	0.988064063654732
42.075	11.7	0.983723277734342	0.307959472851556	-0.00189031366724244	28.5861746118506	0.986978622187474
42.225	11.7	0.982984666220757	0.30676790782853	-0.00170112537007707	28.5406933820389	0.986387732976606
42.375	11.7	0.98269427453735	0.305702341311417	-0.00149663694978938	28.4953969815047	0.98615541962988
42.525	11.7	0.98271200792927	0.30477168845032	-0.00127926985654815	28.4502523758355	0.986169606343416
42.675	11.7	0.982929365519679	0.303983294058154	-0.00105109332141566	28.4052300086976	0.986343492415743
42.825	11.7	0.983267409020231	0.303343243138611	-0.000813735567621263	28.3603027926663	0.986613927216185
42.975	11.7	0.983672468195782	0.302856698693315	-0.000568368200342671	28.3154452081754	0.986937974556625
43.125	11.7	0.984110826222796	0.30252822271951	-0.000315738337820933	28.2706325596295	0.987288660978237
43.275	11.7	0.984563315183115	0.302362055171557	-5.62277822768337e-05	28.2258404030003	0.987650652146492
43.425	11.7	0.985020434679862	0.302362339664211	0.000210075732976338	28.1810441353371	0.988016347743889
43.575	11.7	0.985478328117309	0.302533293838307	0.000483304709743249	28.1362187226412	0.988382662493847
43.725	11.7	0.985935733471744	0.302879327310513	0.000763740423245382	28.0913385366001	0.988748586777396
43.875	11.7	0.986391873516858	0.303405112050266	0.00105174544914881	28.0463772705885	0.989113498813487
44.025	11.7	0.98684515896529	0.304115609872807	0.00134769963868976	28.0013079090187	0.989476127172232
44.175	11.7	0.987292535536849	0.305016060414111	0.00165193787907443	27.9561027298276	0.989834028429479
44.325	11.7	0.987729299359789	0.30611193117392	0.00196468770116021	27.910733326274	0.990183439487832
44.475	11.7	0.988149221724821	0.307408829522548	0.00228600517005381	27.8651706403641	0.990519377379857
44.625	11.7	0.988544853353625	0.308912375359675	0.00261570834492243	27.8193850055481	0.9908358826829
44.775	11.7	0.988907911856048	0.310628032648117	0.00295330876304301	27.7733462005308	0.991126329484838
44.925	11.7	0.989229688326402	0.312560898489238	0.00329794275751814	27.727023518998	0.991383750661122
45.075	11.7	0.989501436709603	0.314715449813571	0.00364830582138244	27.6803858617745	0.991601149367682
45.225	11.7	0.989714731060195	0.317095250112706	0.00400259454434961	27.6334018584703	0.991771784848156
45.375	11.7	0.989861790778884	0.319702621816674	0.00435846172376632	27.5860400251231	0.991889432623108
45.525	11.7	0.989935782773624	0.322538293711695	0.00471299092629669	27.5382689628217	0.991948626218899
45.675	11.7	0.989931113085545	0.325601036886509	0.0050626968916258	27.490057599918	0.991944890468436
45.825	11.7	0.989843719814563	0.328887306685036	0.00540355758940607	27.4413754773604	0.99187497585165
45.975	11.7	0.989671375144102	0.33239091155756	0.00573108237505363	27.3921930731051	0.991737100115282
46.125	11.7	0.989413997818484	0.33610273204281	0.00604041853531446	27.3424821577406	0.991531198254787
46.275	11.7	0.989073969454072	0.340010513904541	0.00632649566015801	27.2922161697134	0.991259175563257
46.425	11.7	0.988656439458247	0.344098758323352	0.00658420393382754	27.2413705952318	0.990925151566597
46.575	11.7	0.988169595028056	0.348348728798236	0.00680859891610758	27.1899233354397	0.990535676022445
46.725	11.7	0.987624865701471	0.352738589059925	0.00699512206577711	27.1378550421602	0.990099892561177
46.875	11.7	0.987037027266833	0.357243679096925	0.00713982355739587	27.0851494037005	0.989629621813466
47.025	11.7	0.98642416847964	0.361836927838682	0.00723957222680105	27.0317933640482	0.989139334783712
47.175	11.7	0.985807486805671	0.366489391801235	0.00729223704442043	26.9777772622697	0.988645989444537
47.325	11.7	0.985210886812994	0.371170899871066	0.00729682549878702	26.9230948838347	0.988168709450395
47.475	11.7	0.984660366931016	0.375850776179982	0.00725356667684611	26.8677434215363	0.987728293544813
47.625	11.7	0.984183196571489	0.380498606453314	0.00716393048648156	26.8117233500995	0.987346557257191
47.775	11.7	0.983806904922609	0.385085008893697	0.00703057908629482	26.7550382247994	0.987045523938087
47.925	11.7	0.983558123328319	0.389582369020802	0.00685725177246598	26.6976944197901	0.986846498662655
48.075	11.7	0.983461342803693	0.393965499133011	0.00664858985654571	26.6397008257567	0.986769074242954
48.225	11.7	0.983537664405683	0.398212187202256	0.0064099129649433	26.5810685285311	0.986830131524546
48.375	11.7	0.983803630432434	0.402303606827043	0.00614696221130353	26.5218104902352	0.987042904345947
48.525	11.7	0.984270226768735	0.406224568919561	0.00586562841237012	26.4619412523776	0.987416181414988
48.675	11.7	0.984942139963444	0.409963606416442	0.00557168460116308	26.4014766764432	0.987953711970755
48.825	11.7	0.985817336773469	0.41351289463263	0.00527054136878971	26.3404337323579	0.988653869418775
48.975	11.7	0.986887010154989	0.41686802091572	0.00496704106394708	26.2788303394432	0.989509608123991
49.125	11.7	0.988135906421097	0.420027626982882	0.00466530285032477	26.2166852587531	0.990508725136878
49.275	11.7	0.989543016787363	0.422992954769798	0.0043686255266062	26.1540180306456	0.991634413429891
49.425	11.7	0.991082586451256	0.42576733108707	0.00407944945887939	26.0908489475765	0.992866069161005
49.575	11.7	0.992725369170057	0.428355627477548	0.00379937362981326	26.0271990497274	0.994180295336046
49.725	11.7	0.994440037749584	0.430763729442329	0.00352921928125629	25.9630901303061	0.995552030199667
49.875	11.7	0.996194652526241	0.432998044091994	0.00326912838873871	25.8985447381125	0.996955722020993
50.025	11.7	0.997958091084509	0.435065068050322	0.00301868351230032	25.8335861670015	0.998366472867607
50.175	11.7	0.999701352105247	0.436971029065335	0.00277703545023804	25.7682384248751	0.999761081684198
50.325	11.7	1.00139866240445	0.438721606279308	0.00254302642124715	25.7025261783965	1.00111892992356
50.475	11.7	1.00302833634434	0.440321726414632	0.00231529890710486	25.6364746733712	1.00242266907547
50.625	11.7	1.00457335821017	0.44177542698586	0.00209238343906307	25.570109634323	1.00365868656814
50.775	11.7	1.00602167847247	0.443085773559011	0.0018727621253685	25.503457149929	1.00481734277797
50.925	11.7	1.00736623231097	0.444254816291247	0.00165490826064451	25.4365435534397	1.00589298584877
51.075	11.7	1.00860470231988	0.44528357152901	0.00143730564580086	25.3693953088377	1.00688376185591
51.225	11.7	1.00973905665747	0.44617201692936	0.00121845405551717	25.3020389141614	1.00779124532597
51.375	11.7	1.01077489940935	0.446919093075046	0.000996869427172334	25.2345008330663	1.00861991952748
51.525	11.7	1.01172067243952	0.447522710383452	0.00077108864969315	25.1668074642534	1.00937653795161
51.675	11.7	1.01258674858935	0.447979766675373	0.000539689149182338	25.0989851558476	1.01006939887148
51.825	11.7	1.01338445586554	0.448286187351601	0.000301332672419751	25.0310602681635	1.01070756469243
51.975	11.7	1.01412507217019	0.448437005928122	5.48406730410744e-05	24.9630592836364	1.01130005773615
52.125	11.7	1.01481883078672	0.448426506854832	-0.000200694502158288	24.8950089571675	1.01185506462938
52.275	11.7	1.01547397841778	0.448248454268705	-0.000465762738519027	24.8269364940136	1.01237918273422
52.425	11.7	1.01609592987393	0.44789642887195	-0.000740258862041114	24.7588697360289	1.01287674389915
52.575	11.7	1.01668656574447	0.447364290017052	-0.00102328581049306	24.6908373310694	1.01334925259558
52.725	11.7	1.01724372067202	0.446646771112486	-0.00131295466174217	24.6228688553506	1.01379497653762
52.875	11.7	1.01776090889641	0.445740203895103	-0.0016062027102803	24.554994855217	1.01420872711713
53.025	11.7	1.01822732933376	0.444643351633139	-0.00189865421075506	24.4872467739051	1.01458186346701
53.175	11.7	1.01862818349551	0.443358314061582	-0.00218454986040788	24.4196567311332	1.01490254679641
53.325	11.7	1.01894532523155	0.441891449356266	-0.00245677006260011	24.3522571292794	1.01515626018524
53.475	11.7	1.01915824129145	0.440254242574136	-0.00270697312775064	24.285080069792	1.01532659303316
53.625	11.7	1.01924533639276	0.438464037789727	-0.00292586261356621	24.2181565772248	1.01539626911421
53.775	11.7	1.01918546706036	0.436544544766623	-0.00310358797202142	24.1515156453579	1.01534837364829
53.925	11.7	1.01895963713478	0.434526032469303	-0.00323026981235186	24.0851831391583	1.01516770970782
54.075	11.7	1.01855273777931	0.432445132754223	-0.0032966260725826	24.0191806062005	1.01484219022345
54.225	11.7	1.01795519025788	0.430344199261895	-0.0032946594256971	23.9535240694552	1.01436415220631
54.375	11.7	1.01716433556506	0.428270198876482	-0.00321835122764489	23.8882228875477	1.01373146845205
54.525	11.7	1.01618541599813	0.426273154634571	-0.00306429577578911	23.8232787761744	1.0129483327985
54.675	11.7	1.01503201377162	0.424404206285912	-0.00283220351149533	23.7586850831562	1.01202561101729
54.825	11.7	1.01372585233979	0.422713402512703	-0.00252520575679743	23.6944263983185	1.01098068187183
54.975	11.7	1.01229592537741	0.421247380233877	-0.0021499082663525	23.6304785579832	1.00983674030193
55.125	11.7	1.01077699051985	0.420047114025203	-0.00171616601184953	23.5668090739232	1.00862159241588
55.275	11.7	1.00920754039125	0.419145926012717	-0.00123658443547243	23.5033779812714	1.007366032313
55.425	11.7	1.00762743025944	0.418567929881014	-0.000725787792183105	23.4401390633885	1.00610194420755
55.575	11.7	1.00607538803075	0.418327042238554	-0.000199526612316297	23.37704137886	1.0048603104246
55.725	11.7	1.00458664928311	0.418426635526325	0.000326282583647947	23.3140309909311	1.00366931942649
55.875	11.7	1.00319094387388	0.418859837962074	0.000836485758494335	23.2510527859069	1.0025527550991
56.025	11.7	1.00191101380911	0.419610418820536	0.00131749779203752	23.1880522655658	1.00152881104729
56.175	11.7	1.00076177287268	0.42065414232639	0.001757919233777	23.124977208747	1.00060941829815
56.325	11.7	0.999750138962694	0.421960438366633	0.00214892627342285	23.0617791165679	0.999800111170155
56.475	11.7	0.998875493185635	0.423494226403874	0.00248442885024328	22.9984143807899	0.999100394548508
56.625	11.7	0.998130656732914	0.425217738945594	0.00276101943213326	22.9348451419606	0.998504525386331
56.775	11.7	0.997503234875308	0.427092217508474	0.00297775423952896	22.8710398298058	0.998002587900246
56.925	11.7	0.996977159906619	0.429079390043553	0.00313581811878031	22.8069734004563	0.997581727925295
57.075	11.7	0.996534270061705	0.431142677035762	0.00323812469259966	22.7426273020041	0.997227416049364
57.225	11.7	0.99615578461361	0.433248108146064	0.00328889714915939	22.6779892111249	0.996924627690888
57.375	11.7	0.995823570067387	0.435364958693156	0.00329326494829273	22.61305258933	0.99665885605391
57.525	11.7	0.995521131880884	0.437466134069395	0.00325690048686342	22.547816108615	0.996416905504707
57.675	11.7	0.995234304576234	0.439528340720777	0.00318570934386955	22.4822829938575	0.996187443660987
57.825	11.7	0.994951646122505	0.441532086066686	0.00308557925457244	22.4164603243665	0.995961316898004
57.975	11.7	0.994664567511887	0.443461548611234	0.00296218684092435	22.3503583304891	0.99573165400951
58.125	11.7	0.994367244626941	0.445304355371036	0.00282085723223666	22.2839897139791	0.995493795701553
58.275	11.7	0.994056367241713	0.447051298163785	0.00266646964497631	22.217369013597	0.995245093793371
58.425	11.7	0.993730780646054	0.448696014363213	0.0025034012637228	22.1505120306268	0.994984624516843
58.575	11.7	0.993391070724816	0.450234652131288	0.00233550191513412	22.0834353229841	0.994712856579853
58.725	11.7	0.993039135255999	0.451665535239117	0.00216609268261858	22.01615577154	0.994431308204799
58.875	11.7	0.99267777444533	0.452988838513148	0.00199798250085141	21.9486902182594	0.994142219556264
59.025	11.7	0.992310323700684	0.454206281673766	0.00183349772102069	21.8810551727329	0.993848258960547
59.175	11.7	0.991940342393443	0.455320846775284	0.00167452054492183	21.8132665815832	0.993552273914754
59.325	11.7	0.991571364498445	0.456336522488458	0.00152253303652079	21.7453396539295	0.993257091598756
59.475	11.7	0.991206710860089	0.45725807696858	0.00137866411273665	21.677288735447	0.992965368688071
59.625	11.7	0.990849358447625	0.458090859915026	0.00124373749142164	21.6091272234335	0.9926794867581
59.775	11.7	0.990501859202069	0.458840633563446	0.00111831904199284	21.540867515533	0.992401487361655
59.925	11.7	0.990166299692183	0.459513431693956	0.00100276235788468	21.4725209852691	0.992133039753746
60.075	11.7	0.989844292487782	0.460115445229941	0.000897251664221806	21.4040979781935	0.991875433990225
60.225	11.7	0.989536990620306	0.460652932610971	0.000801841405419006	21.3356078231909	0.991629592496244
60.375	11.7	0.989245117453685	0.461132152818135	0.00071649203764573	21.2670588542379	0.991396093962948
60.525	11.7	0.988969005499554	0.461559318695989	0.000641101695999435	21.198458438658	0.991175204399643
60.675	11.7	0.988708638998849	0.461940568041978	0.000575533527027761	21.1298130086211	0.99096691119908
60.825	11.7	0.988463696330316	0.462281949817526	0.000519638586816086	21.0611280932955	0.990770957064253
60.975	11.7	0.988233589416391	0.462589422776263	0.000473274314059451	20.9924083496633	0.990586871533113
61.125	11.7	0.988017498240158	0.462868863816915	0.000436318706799914	20.9236575905601	0.990413998592126
61.275	11.7	0.987814399356138	0.463126083457546	0.000408680471694284	20.8548788089905	0.990251519484911
61.425	11.7	0.987623087885574	0.463366846020577	0.000390305580963651	20.7860741982013	0.990098470308459
61.575	11.7	0.987442192958949	0.463596892427781	0.000381180870174596	20.7172451673577	0.989953754367159
61.725	11.7	0.987270186936141	0.463821963961612	0.000381335539498464	20.6483923529479	0.989816149548913
61.875	11.7	0.987105389028392	0.464047825969236	0.000390841676604238	20.5795156262224	0.989684311222714
62.025	11.7	0.986945964195182	0.464280291289701	0.000409815188287128	20.5106140970402	0.989556771356145
62.175	11.7	0.986789918415427	0.464525244172253	0.000438418786787035	20.4416861144044	0.989431934732341
62.325	11.7	0.986635091647976	0.46478866661735	0.000476868898461109	20.3727292637161	0.989308073318381
62.475	11.7	0.986479150008894	0.465076670372203	0.000525448505865362	20.3037403603207	0.989183320007115
62.625	11.7	0.986319578903199	0.46539553918788	0.000584527959001122	20.2347154382567	0.989055663122559
62.775	11.7	0.986153679043905	0.465751787299613	0.000654595647560302	20.1656497322306	0.988922943235124
62.925	11.7	0.985978567453838	0.466152241296713	0.000736300080539731	20.0965376497602	0.98878285396307
63.075	11.7	0.985791185650806	0.466604153462356	0.000830504344819564	20.0273727291688	0.988632948520645
63.225	11.7	0.98558831723432	0.467115355118288	0.000938353113361778	19.9581475777487	0.988470653787456
63.375	11.7	0.985366616988528	0.467694458368178	0.00106135136797892	19.8888537830256	0.988293293590823
63.525	11.7	0.98512265335779	0.468351113769858	0.00120145284750654	19.8194817887493	0.988098122686232
63.675	11.7	0.984852965710257	0.469096329815801	0.00136115499125661	19.7500207261404	0.987882372568205
63.825	11.7	0.984554137163008	0.469942857649584	0.00154359588006687	19.6804581901677	0.987643309730407
63.975	11.7	0.984222882899342	0.470905641215654	0.00175264739829508	19.6107799503432	0.987378306319474
64.125	11.7	0.983856152886429	0.472002329058644	0.00199299748769006	19.5409695858264	0.987084922309143
64.275	11.7	0.983451246749885	0.473253839202504	0.00227021276898714	19.471008035647	0.986760997399908
64.425	11.7	0.983005937361545	0.474684962742488	0.00259077069294243	19.4008730567042	0.986404749889236
64.575	11.7	0.982518598561143	0.476324984510568	0.00296204740774827	19.330538585058	0.986014878848914
64.725	11.7	0.981988331508182	0.47820828969188	0.00339224341163237	19.2599740001316	0.985590665206545
64.875	11.7	0.981415083624766	0.480374912618472	0.00389022376863944	19.1891432971503	0.985132066899813
65.025	11.7	0.980799754153018	0.482870967222343	0.00446524371045577	19.1180041809607	0.984639803322414
65.175	11.7	0.980144281245567	0.485748877344852	0.00512652518362794	19.0465071048868	0.984115424996454
65.325	11.7	0.979451707475337	0.489067300006651	0.00588264778579412	18.9745942920947	0.983561365980269
65.475	11.7	0.978726223892025	0.49289060858429	0.00674072218083845	18.9021987943863	0.98298097911362
65.625	11.7	0.977973197333415	0.497287781204567	0.00770532991451137	18.8292436641826	0.982378557866732
65.775	11.7	0.977199191392008	0.50233053141242	0.00877724486428711	18.7556413383771	0.981759353113607
65.925	11.7	0.976411997498003	0.508090535047337	0.00995200086850894	18.6812933549057	0.981129597998403
66.075	11.7	0.975620697512374	0.514635662160232	0.0112184358547601	18.6060905396511	0.980496558009899
66.225	11.7	0.974835780633343	0.522025226280506	0.0125574169929185	18.5299138062856	0.979868624506674
66.375	11.7	0.974069332140435	0.530304418529396	0.0139410178483649	18.4526356975138	0.979255465712348
66.525	11.7	0.973335296217221	0.539498290842101	0.0153324534093553	18.3741227561769	0.978668236973776
66.675	11.7	0.972649787619532	0.549605862935528	0.0166870550481516	18.2942387451608	0.978119830095625
66.825	11.7	0.972031388094064	0.560595105394366	0.0179544630951897	18.2128486381858	0.977625110475251
66.975	11.7	0.971501318967139	0.572399638434037	0.0190820250693674	18.1298231895985	0.977201055173711
67.125	11.7	0.971083343023221	0.584917927852927	0.0200191360849318	18.0450437789782	0.976866674418577
67.275	11.7	0.970803233460137	0.598015525619867	0.0207219994050372	17.9584071402911	0.97664258676811
67.425	11.7	0.970687672932476	0.611530505031591	0.0211580958028239	17.8698295500064	0.976550138345981
67.575	11.7	0.970762522874713	0.625281743817452	0.0213096036077231	17.7792500804919	0.976610018299771
67.725	11.7	0.971050529872482	0.639079219061098	0.0211751463965519	17.6866326254122	0.976840423897986
67.875	11.7	0.971568690376284	0.652735114284789	0.0207695449230724	17.5919665559031	0.977254952301027
68.025	11.7	0.972325638762594	0.666074395478658	0.0201216394178858	17.4952660385056	0.977860511010075
68.175	11.7	0.973319510269883	0.678943626807494	0.0192706204551347	17.3965682012684	0.978655608215906
68.325	11.7	0.974536721439862	0.691217137347314	0.0182615602654249	17.295930442079	0.97962937715189
68.475	11.7	0.975951992279011	0.702800129616083	0.0171409126339524	17.1934272171314	0.980761593823208
68.625	11.7	0.977529725420312	0.713628822868747	0.0159526476404288	17.0891466294837	0.982023780336249
68.775	11.7	0.979226607065621	0.72366813978446	0.0147354581884905	16.9831870747967	0.983381285652496
68.925	11.7	0.980995066291243	0.732907700388997	0.0135211967396887	16.8756541177593	0.984796053032995
69.075	11.7	0.98278708108821	0.741356957962533	0.0123344496569014	16.7666576916033	0.986229664870568
69.225	11.7	0.984557784347949	0.74904022223779	0.0111929857439573	16.656309650479	0.98764622747836
69.375	11.7	0.986268400724548	0.755992121443255	0.0101087438040668	16.5447216666657	0.989014720579638
69.525	11.7	0.987888206059701	0.762253823000515	0.00908903975935742	16.4320034494325	0.990310564847761
69.675	11.7	0.989395398073041	0.767870119815076	0.00813774694223467	16.3182612624393	0.991516318458433
69.825	11.7	0.990776952456169	0.772887330783575	0.00725629886259516	16.2035967231331	0.992621561964935
69.975	11.7	0.992027676418928	0.77735187250476	0.00644445355697743	16.0881058735634	0.993622141135142
70.125	11.7	0.993148744645143	0.781309327697201	0.00570082553698261	15.9718785135157	0.994518995716114
70.275	11.7	0.994146011335085	0.7848038474758	0.00502322998095662	15.8549977831596	0.995316809068068
70.425	11.7	0.995028350690913	0.787877759795101	0.00440889727683413	15.7375399751243	0.99602268055273
70.575	11.7	0.995806207422851	0.790571298282534	0.00385461183460154	15.6195745476536	0.996644965938281
70.725	11.7	0.996490459261717	0.792922403085251	0.00335681558305609	15.5011643037003	0.997192367409374
70.875	11.7	0.997091621363952	0.794966572655908	0.00291170064445752	15.3823656971317	0.997673297091162
71.025	11.7	0.997619367846449	0.796736761551623	0.00251530183643828	15.263229227183	0.998095494277159
71.175	11.7	0.998082312128162	0.798263326080223	0.00216358999450598	15.1437998855499	0.99846584970253
71.325	11.7	0.998487973953145	0.79957401999576	0.00185256192361431	15.0241176261005	0.998790379162516
71.475	11.7	0.998842862541516	0.800694039474715	0.00157832126161958	14.9042178339344	0.999074290033213
71.625	11.7	0.999152616690297	0.801646112720782	0.00133714541165511	14.784131777357	0.999322093352237
71.775	11.7	0.999422158514559	0.802450626306018	0.00112553574163945	14.6638870324485	0.999537726811647
71.925	11.7	0.999655833708989	0.803125778485791	0.000940250500538835	14.5435078748482	0.999724666967191
72.075	11.7	0.999857525028114	0.803687749327864	0.00077832177140098	14.4230156369784	0.999886020022491
72.225	11.7	1.00003073585081	0.804150878299034	0.000637059005286246	14.3024290313004	1.00002458868065
72.375	11.7	1.00017864703739	0.804527841524278	0.000514042241536916	14.1817644415413	1.00014291762991
72.525	11.7	1.00030415334259	0.804829822842532	0.000407108136425801	14.0610361844331	1.00024332267408
72.675	11.7	1.00040988628882	0.805066674681304	0.000314331575370304	13.9402567446369	1.00032790903105
72.825	11.7	1.00049822955422	0.805247066437674	0.000234005108058555	13.8194369853886	1.00039858364338
72.975	11.7	1.00057133138161	0.805378619372096	0.000164617860695692	13.6985863371607	1.00045706510529
73.125	11.7	1.00063111684218	0.805468027972077	0.000104835040481903	13.5777129663838	1.00050489347375
73.275	11.7	1.00067930134233	0.805521168362856	5.34787031613795e-05	13.4568239260476	1.00054344107386
73.425	11.7	1.00071740570129	0.805543194693908	9.51012107758329e-06	13.3359252898298	1.00057392456103
73.575	11.7	1.00074677247373	0.805538624586542	-2.79861385385997e-05	13.2150222712713	1.00059741797899
73.725	11.7	1.00076858288213	0.805511414757108	-5.98164577439657e-05	13.0941193294135	1.00061486630571
73.875	11.7	1.0007838736674	0.80546502788107	-8.66908434942849e-05	12.9732202622301	1.00062709893392
74.025	11.7	1.0007935532612	0.805402491678144	-0.000109234177614982	12.8523282891027	1.00063484260896
74.175	11.7	1.00079841685014	0.805326451099507	-0.000127996190150902	12.7314461235098	1.00063873348011
74.325	11.7	1.00079916007919	0.805239214401123	-0.000143460297357298	12.6105760370089	1.00063932806335
74.475	11.7	1.00079639129802	0.80514279379787	-0.000156051432229246	12.4897199155043	1.00063711303841
74.625	11.7	1.00079064237002	0.805038941314766	-0.000166142979772206	12.368879308698	1.00063251389602
74.775	11.7	1.000782378139	0.804929180382805	-0.000174062916099854	12.2480554735315	1.0006259025112
74.925	11.7	1.00077200468825	0.804814833667636	-0.000180099237843922	12.1272494123381	1.0006176037506
75.075	11.7	1.00075987653958	0.804697047566543	-0.00018450475916836	12.0064619063433	1.00060790123167
75.225	11.7	1.00074630293529	0.804576813762171	-0.000187501345385422	11.8856935450766	1.00059704234823
75.375	11.7	1.00073155333177	0.804454988179811	-0.000189283645079606	11.7649447521882	1.00058524266542
75.525	11.7	1.00071586221578	0.80433230765632	-0.000190022377103996	11.6442158081069	1.00057268977263
75.675	11.7	1.0006994333363	0.80420940459483	-0.000189867222899291	11.52350686992	1.00055954666904
75.825	11.7	1.00068244342922	0.804086819847298	-0.000188949370001235	11.4028179888108	1.00054595474338
75.975	11.7	1.00066504549903	0.803965014039572	-0.000187383747701316	11.2821491253478	1.00053203639922
76.125	11.7	1.00064737171123	0.803844377527426	-0.000185270991531617	11.1615001628849	1.00051789736899
76.275	11.7	1.00062953594168	0.803725239150114	-0.000182699169232428	11.0408709192997	1.00050362875334
76.425	11.7	1.0006116360224	0.803607873927141	-0.000179745297173981	10.9202611572695	1.00048930881792
76.575	11.7	1.0005937557192	0.803492509826985	-0.000176476672790846	10.7996705932623	1.00047500457536
76.725	11.7	1.00057596647201	0.803379333719914	-0.000172952045442677	10.6790989053969	1.00046077317761
76.875	11.7	1.00055832892571	0.803268496614077	-0.000169222645728943	10.5585457403073	1.00044666314057
77.025	11.7	1.00054089427617	0.803160118261204	-0.000165333090281371	10.4380107191334	1.00043271542093
77.175	11.7	1.00052370545369	0.803054291208225	-0.00016132217769146	10.3174934427419	1.00041896436295
77.325	11.7	1.0005067981632	0.802951084361335	-0.000157223588509066	10.1969934962693	1.00040543853056
77.475	11.7	1.00049020179873	0.802850546121304	-0.000153066501309394	10.0765104530718	1.00039216143898
77.625	11.7	1.00047394024735	0.802752707141217	-0.00014887613494391	9.9560438781491	1.00037915219788
77.775	11.7	1.00045803259598	0.802657582751935	-0.000144674225977965	9.83559333111009	1.00036642607678
77.925	11.7	1.00044249375298	0.802565175095119	-0.000140479449172828	9.71515836873206	1.00035399500239
78.075	11.7	1.0004273349948	0.802475474998188	-0.000136307787989778	9.59473854716477	1.00034186799584
78.225	11.7	1.00041256444661	0.802388463622439	-0.000132172861019043	9.47433342382142	1.00033005155728
78.375	11.7	1.00039818750514	0.802304113910934	-0.0001280862097951	9.35394255899462	1.00031855000411
78.525	11.7	1.00038420721045	0.802222391859816	-0.00012405755249701	9.23356551723098	1.00030736576836
78.675	11.7	1.00037062457276	0.80214325763416	-0.000120095007800769	9.11320186849356	1.00029649965821
78.825	11.7	1.00035743885985	0.802066666546484	-0.00011620529224779	8.99285118913825	1.00028595108788
78.975	11.7	1.00034464784956	0.801992569914208	-0.000112393894396461	8.8725130627271	1.00027571827965
79.125	11.7	1.00033224805161	0.801920915810341	-0.000108665228579579	8.75218708069854	1.00026579844129
79.275	11.7	1.00032023490243	0.801851649719661	-0.000105022770529953	8.63187284291261	1.00025618792195
79.425	11.7	1.00030860293613	0.801784715111925	-0.000101469177103469	8.51156995808672	1.00024688234891
79.575	11.7	1.00029734593429	0.801720053941511	-9.80063919924386e-05	8.39127804413585	1.00023787674743
79.725	11.7	1.00028645705741	0.801657607082224	-9.46357390213527e-05	8.27099672842964	1.00022916564592
79.875	11.7	1.00027592895993	0.801597314704852	-9.13580044978741e-05	8.15072564797677	1.00022074316794
80.025	11.7	1.00026575389084	0.80153911660418	-8.81735098967192e-05	8.03046444954663	1.00021260311267
80.175	11.7	1.00025592378151	0.801482952481487	-8.50821760072989e-05	7.91021278973638	1.00020473902521
80.325	11.7	1.00024643032236	0.801428762187639	-8.20835794997114e-05	7.78997033499087	1.00019714425789
80.475	11.7	1.00023726502952	0.801376485931536	-7.91770028635003e-05	7.66973676158215	1.00018981202361
80.625	11.7	1.00022841930285	0.80132606445783	-7.63614783923626e-05	7.54951175555415	1.00018273544228
80.775	11.7	1.00021988447619	0.801277439197853	-7.36358269655509e-05	7.42929501263768	1.00017590758095
80.925	11.7	1.00021165186081	0.801230552396596	-7.09986921978171e-05	7.3090862381403	1.00016932148865
81.075	11.7	1.00020371278285	0.801185347218857	-6.84485705048469e-05	7.18888514681497	1.00016297022628
81.225	11.7	1.00019605861552	0.801141767836955	-6.59838375100644e-05	7.06869146271092	1.00015684689241
81.375	11.7	1.00018868080655	0.801099759502289	-6.36027712901279e-05	6.94850491900987	1.00015094464524
81.525	11.7	1.0001815709016	0.801059268602619	-6.13035727446027e-05	6.82832525785028	1.00014525672128
81.675	11.7	1.000174720564	0.80102024270692	-5.90843834405637e-05	6.70815223014195	1.0001397764512
81.825	11.7	1.00016812159134	0.800982630599349	-5.6943301264612e-05	6.58798559537307	1.00013449727307
81.975	11.7	1.00016176592926	0.800946382303636	-5.48783940279751e-05	6.46782512141153	1.0001294127434
82.125	11.7	1.00015564568271	0.8009114490991	-5.28877114052617e-05	6.3476705843021	1.00012451654616
82.275	11.7	1.00014975312515	0.800877783529512	-5.09692952423921e-05	6.22752176806083	1.00011980250012
82.425	11.7	1.0001440807058	0.800845339405579	-4.91211885628434e-05	6.10737846446788	1.00011526456464
82.575	11.7	1.00013862105532	0.800814071801994	-4.73414432740096e-05	5.98724047285981	1.00011089684426
82.725	11.7	1.00013336698997	0.800783937049803	-4.56281268600855e-05	5.86710759992231	1.00010669359198
82.875	11.7	1.00012831151461	0.80075489272468	-4.39793281001482e-05	5.74697965948403	1.00010264921169
83.025	11.7	1.00012344782444	0.800726897631758	-4.23931619018362e-05	5.62685647231231	1.00009875825955
83.175	11.7	1.00011876930566	0.800699911787562	-4.0867773460669e-05	5.50673786591127	1.00009501544453
83.325	11.7	1.00011426953518	0.800673896399495	-3.94013416438648e-05	5.38662367432286	1.00009141562814
83.475	11.7	1.00010994227951	0.800648813843224	-3.79920818950533e-05	5.26651373793128	1.0000879538236
83.625	11.7	1.00010578149345	0.800624627638488	-3.66382485308813e-05	5.14640790327103	1.00008462519476
83.775	11.7	1.00010178131894	0.800601302423418	-3.53381365908797e-05	5.02630602283884	1.00008142505515
83.925	11.7	1.00009793608431	0.800578803927703	-3.40900833044169e-05	4.90620795490977	1.00007834886745
84.075	11.7	1.00009424030368	0.80055709894476	-3.28924691008194e-05	4.78611356335732	1.00007539224295
84.225	11.7	1.00009068867491	0.800536155303188	-3.17437183638684e-05	4.66602271747804	1.00007255093993
84.375	11.7	1.00008727607401	0.800515941837957	-3.06422998037493e-05	4.54593529182063	1.00006982085921
84.525	11.7	1.00008399754437	0.800496428361826	-2.95867266046128e-05	4.42585116602028	1.0000671980355
84.675	11.7	1.00008084828196	0.800477585637609	-2.85755562354249e-05	4.30577022463849	1.00006467862557
84.825	11.7	1.00007782362289	0.800459385351427	-2.76073900666794e-05	4.18569235700858	1.00006225889831
84.975	11.7	1.00007491904491	0.800441800086292	-2.66808726827278e-05	4.06561745708593	1.00005993523593
85.125	11.7	1.00007213019431	0.800424803294329	-2.57946909696004e-05	3.94554542330113	1.00005770415545
85.275	11.7	1.00006945293853	0.800408369265687	-2.49475729258604e-05	3.82547615841347	1.00005556235083
85.425	11.7	1.00006688341953	0.800392473093281	-2.41382861678924e-05	3.70540956936331	1.00005350673563
85.575	11.7	1.00006441805217	0.800377090636476	-2.33656361422475e-05	3.5853455671259	1.00005153444174
85.725	11.7	1.00006205339862	0.8003621984922	-2.26284639275188e-05	3.46528406657496	1.00004964271889
85.875	11.7	1.00005978588887	0.800347773986059	-2.19256436334641e-05	3.34522498636935	1.0000478287111
86.025	11.7	1.00005761147274	0.80033379519243	-2.12560793027607e-05	3.225168248873	1.00004608917819
86.175	11.7	1.00005552545933	0.80032024097647	-2.06187011872388e-05	3.10511378010238	1.00004442036747
86.325	11.7	1.0000535229236	0.800307091022384	-2.00124613005316e-05	2.98506150966472	1.00004281833888
86.475	11.7	1.00005159995836	0.800294325785006	-1.94363279842609e-05	2.86501137061884	1.00004127996669
86.625	11.7	1.00004975555243	0.800281926303987	-1.88892790685392e-05	2.74496329918747	1.00003980444194
86.775	11.7	1.00004799299362	0.80026987388503	-1.83702931737024e-05	2.62491723431315	1.0000383943949
86.925	11.7	1.00004631883567	0.800258149792859	-1.78783384067793e-05	2.50487311719669	1.00003705506854
87.075	11.7	1.00004473750381	0.800246735268055	-1.74123577916856e-05	2.38483089114373	1.00003579000305
87.225	11.7	1.00004324158981	0.800235612243075	-1.69712509235825e-05	2.26479050213422	1.00003459327184
87.375	11.7	1.00004180219511	0.800224764903267	-1.6553851529438e-05	2.14475190031802	1.00003344175609
87.525	11.7	1.00004036888772	0.800214181591537	-1.61589004021995e-05	2.02471504197057	1.00003229511018
87.675	11.7	1.00003889089647	0.80020385562394	-1.57850119293084e-05	1.9046798904251	1.00003111271718
87.825	11.7	1.00003736425351	0.800193782944971	-1.54306286174146e-05	1.78464641371302	1.00002989140281
87.975	11.7	1.00003588970664	0.800183955188912	-1.50939515518447e-05	1.66461457714602	1.00002871176531
88.125	11.7	1.0000346973125	0.80017434954001	-1.47728263226455e-05	1.54458433191705	1.00002775785
88.275	11.7	1.00003407329525	0.800164921656341	-1.44645573970952e-05	1.42455560600268	1.0000272586362
88.425	11.7	1.00003414338505	0.800155612510397	-1.41656262528229e-05	1.30452830893437	1.00002731470804
88.575	11.7	1.00003455303171	0.80014637944637	-1.38713060006086e-05	1.18450236225632	1.00002764242537
88.725	11.7	1.00003423513671	0.800137250415275	-1.35751966026787e-05	1.06447775638763	1.00002738810936
88.875	11.7	1.00003159946547	0.800128376408089	-1.32687266265407e-05	0.944454609407066	1.00002527957238
89.025	11.7	1.00002546522175	0.800120028973924	-1.29406185252518e-05	0.82443317180431	1.0000203721774
89.175	11.7	1.00001671366397	0.800112480057138	-1.25760827150149e-05	0.70441370692401	1.00001337093117
89.325	11.7	1.00000990057486	0.800105742025663	-1.21549262782966e-05	0.584396214427192	1.00000792045988
89.475	11.7	1.00001319193332	0.800099257334874	-1.16466181344374e-05	0.464380079112767	1.00001055354665
89.625	11.7	1.00003466562362	0.800091784840936	-1.09983336959148e-05	0.344363899856465	1.00002773249889
89.775	11.7	1.00007424270963	0.800071231801579	-1.01084817036086e-05	0.224345882723514	1.00005939416771
89.925	11.7	1.00011392692506	0.400094330079794	-8.7640393330734e-06	0.104328270520782	1.00009114154005
0.075	11.9	2.47425411793954e-30	0.399999377479546	-5.5335153650895e-07	36.08805813317	0.2
0.225	11.9	2.51862518751327e-30	0.799998131504424	-5.54181930987498e-07	36.0640581705212	0.2
0.375	11.9	8.77580671722166e-31	0.799996882725184	-5.55844181440277e-07	36.0400582452797	0.2
0.525	11.9	-2.80858897730176e-30	0.799995629266514	-5.58341345695939e-07	36.0160583575577	0.2
0.675	11.9	-1.0291600114624e-29	0.79999436924472	-5.61677981129434e-07	35.9920585075237	0.2
0.825	11.9	-1.90046924153632e-29	0.799993100763952	-5.65860414295875e-07	35.968058695403	0.2
0.975	11.9	-2.81436314711315e-29	0.799991821912908	-5.70895921038464e-07	35.9440589214779	0.2
1.125	11.9	-2.96916419682252e-29	0.799990530761824	-5.76793980960652e-07	35.9200591860882	0.2
1.275	11.9	-1.97949140041493e-29	0.799989225358124	-5.83564991265398e-07	35.8960594896322	0.2
1.425	11.9	1.20221726450754e-29	0.799987903723274	-5.91221335129903e-07	35.8720598325667	0.2
1.575	11.9	6.41080136265714e-29	0.799986563850608	-5.99776588801721e-07	35.8480602154087	0.2
1.725	11.9	1.35616582073639e-28	0.799985203699962	-6.09246357110936e-07	35.8240606387357	0.2
1.875	11.9	2.01968303982516e-28	0.799983821194801	-6.19646982164477e-07	35.8000611031868	0.2
2.025	11.9	2.36411167086712e-28	0.799982414220055	-6.3099726235276e-07	35.776061609464	0.2
2.175	11.9	1.87837488892273e-28	0.799980980616398	-6.43316871139937e-07	35.7520621583336	0.2
2.325	11.9	2.27931753428141e-29	0.799979518179208	-6.56627527278647e-07	35.728062750627	0.2
2.475	11.9	-2.87091896167693e-28	0.799978024652422	-6.70951819767926e-07	35.7040633872428	0.2
2.625	11.9	-7.00888582756541e-28	0.799976497727388	-6.86314910617678e-07	35.6800640691479	0.2
2.775	11.9	-1.12733190785559e-27	0.79997493503717	-7.02742942423365e-07	35.6560647973792	0.2
2.925	11.9	-1.37019973217546e-27	0.799973334154773	-7.20263824622669e-07	35.6320655730456	0.2
3.075	11.9	-1.20694684610396e-27	0.799971692587317	-7.38907023751782e-07	35.6080663973299	0.2
3.225	11.9	-3.98802597652656e-28	0.799970007774459	-7.58704247635068e-07	35.5840672714904	0.2
3.375	11.9	1.12864235024374e-27	0.799968277083133	-7.7968818578793e-07	35.5600681968634	0.2
3.525	11.9	3.22422837522148e-27	0.799966497803649	-8.01893743561686e-07	35.5360691748654	0.2
3.675	11.9	5.3206302331967e-27	0.799964667145972	-8.25357392862616e-07	35.5120702069952	0.2
3.825	11.9	6.52062348118856e-27	0.799962782235893	-8.50118011422794e-07	35.4880712948366	0.2
3.975	11.9	5.66618340906074e-27	0.799960840110535	-8.76215697036927e-07	35.464072440061	0.2
4.125	11.9	1.84780284019612e-27	0.799958837713524	-9.03692821329707e-07	35.44007364443	0.2
4.275	11.9	-5.14205851412553e-27	0.799956771890911	-9.32593838284358e-07	35.4160749097982	0.2
4.425	11.9	-1.40596546101088e-26	0.799954639386749	-9.62965279894255e-07	35.3920762381166	0.2
4.575	11.9	-2.20261744344806e-26	0.799952436837727	-9.94855817640464e-07	35.368077631435	0.2
4.725	11.9	-2.46495824082541e-26	0.799950160769279	-1.02831625632893e-06	35.3440790919063	0.2
4.875	11.9	-1.74681004116502e-26	0.79994780758887	-1.06339970632279e-06	35.3200806217889	0.2
5.025	11.9	2.03060650558408e-27	0.799945373582598	-1.10016162236424e-06	35.2960822234509	0.2
5.175	11.9	3.14209225630436e-26	0.799942854908176	-1.13866018187998e-06	35.2720838993739	0.2
5.325	11.9	6.14820049924724e-26	0.799940247589801	-1.1789560953558e-06	35.2480856521565	0.2
5.475	11.9	7.6065129741599e-26	0.799937547512847	-1.22111237854035e-06	35.2240874845185	0.2
5.625	11.9	5.65896425326257e-26	0.799934750416987	-1.26519506870486e-06	35.2000893993057	0.2
5.775	11.9	-9.39231125185739e-27	0.799931851890195	-1.311273167322e-06	35.1760913994935	0.2
5.925	11.9	-1.15419910032127e-25	0.799928847362725	-1.35941822914588e-06	35.1520934881923	0.2
6.075	11.9	-2.25267317409062e-25	0.79992573209861	-1.40970532571079e-06	35.1280956686518	0.2
6.225	11.9	-2.6974022451908e-25	0.799922501190969	-1.46221253833006e-06	35.1040979442664	0.2
6.375	11.9	-1.6209074332822e-25	0.799919149553236	-1.51702105052882e-06	35.0801003185803	0.2
6.525	11.9	1.64135474791816e-25	0.799915671911524	-1.57421599439126e-06	35.0561027952932	0.2
6.675	11.9	6.94858574479557e-25	0.799912062797279	-1.63388551731777e-06	35.0321053782656	0.2
6.825	11.9	1.27284837585906e-24	0.799908316539361	-1.69612167557202e-06	35.0081080715253	0.2
6.975	11.9	1.56362460292342e-24	0.799904427254151	-1.76102043213908e-06	34.9841108792732	0.2
7.125	11.9	1.09897729302098e-24	0.799900388839322	-1.82868190355812e-06	34.9601138058901	0.2
7.275	11.9	-5.64855114852552e-25	0.799896194961173	-1.89920979527477e-06	34.9361168559429	0.2
7.425	11.9	-3.55990006893668e-24	0.799891839048465	-1.97271248647137e-06	34.9121200341924	0.2
7.575	11.9	-7.34540707524185e-24	0.799887314280797	-2.04930295647657e-06	34.8881233456	0.2
7.725	11.9	-1.04000653877927e-23	0.799882613579477	-2.129098269368e-06	34.8641267953355	0.2
7.875	11.9	-1.01852131528483e-23	0.799877729595722	-2.212220808909e-06	34.8401303887852	0.2
8.025	11.9	-3.62504918830747e-24	0.799872654699762	-2.2987975086497e-06	34.8161341315598	0.2
8.175	11.9	1.16806863430557e-23	0.799867380972046	-2.38896057410815e-06	34.7921380295032	0.2
8.325	11.9	3.54901589920372e-23	0.799861900187637	-2.4828477010171e-06	34.7681420887015	0.2
8.475	11.9	6.25203742689695e-23	0.799856203807006	-2.58060182756998e-06	34.744146315492	0.2
8.625	11.9	8.05004873110333e-23	0.799850282961837	-2.68237179627081e-06	34.7201507164731	0.2
8.775	11.9	7.01869449927047e-23	0.799844128442276	-2.78831216850781e-06	34.6961552985143	0.2
8.925	11.9	9.34034854048986e-24	0.799837730683966	-2.89858392692701e-06	34.6721600687665	0.2
9.075	11.9	-1.17565253662353e-22	0.799831079753658	-3.01335424011708e-06	34.6481650346732	0.2
9.225	11.9	-3.0367656139606e-22	0.799824165334067	-3.1327966314261e-06	34.6241702039813	0.2
9.375	11.9	-5.01417671306974e-22	0.799816976709365	-3.25709179305532e-06	34.6001755847532	0.2
9.525	11.9	-6.09917958587768e-22	0.799809502750414	-3.38642736308159e-06	34.5761811853787	0.2
9.675	11.9	-4.81873717961683e-22	0.799801731896633	-3.5209981936604e-06	34.5521870145881	0.2
9.825	11.9	3.49344534579727e-23	0.799793652141349	-3.66100659560932e-06	34.5281930814649	0.2
9.975	11.9	1.01299021116034e-21	0.799785251013159	-3.80666285413994e-06	34.5041993954597	0.2
10.125	11.9	2.3275503777222e-21	0.79977651555928	-3.95818515544097e-06	34.4802059664041	0.2
10.275	11.9	3.54648557530009e-21	0.799767432325789	-4.11580011355954e-06	34.4562128045261	0.2
10.425	11.9	3.90021780386892e-21	0.79975798733991	-4.27974294750663e-06	34.4322199204646	0.2
10.575	11.9	2.4223548661491e-21	0.79974816608907	-4.45025779395997e-06	34.4082273252857	0.2
10.725	11.9	-1.6686547827598e-21	0.79973795350155	-4.62759788846996e-06	34.3842350304992	0.2
10.875	11.9	-8.35622058830945e-21	0.799727333924617	-4.8120260272006e-06	34.3602430480756	0.2
11.025	11.9	-1.6133713931573e-20	0.79971629110377	-5.00381471825387e-06	34.3362513904638	0.2
11.175	11.9	-2.15667798346959e-20	0.799704808159413	-5.20324664752061e-06	34.3122600706094	0.2
11.325	11.9	-1.95849131906253e-20	0.799692867565077	-5.41061499861233e-06	34.2882691019742	0.2
11.475	11.9	-4.96822810077271e-21	0.799680451122323	-5.62622333637491e-06	34.2642784985555	0.2
11.625	11.9	2.47913591765026e-20	0.799667539935985	-5.8503865633596e-06	34.2402882749069	0.2
11.775	11.9	6.57127758964133e-20	0.799654114390616	-6.08343117080332e-06	34.2162984461593	0.2
11.925	11.9	1.04014463090115e-19	0.799640154123782	-6.32569501873251e-06	34.1923090280434	0.2
12.075	11.9	1.15577032245194e-19	0.799625637997986	-6.5775278652869e-06	34.1683200369119	0.2
12.225	11.9	7.08822364134587e-20	0.799610544075237	-6.83929243061854e-06	34.1443314897635	0.2
12.375	11.9	-5.26862879841469e-20	0.799594849587419	-7.11136358000436e-06	34.1203434042674	0.2
12.525	11.9	-2.51905587974191e-19	0.799578530907539	-7.39412939865052e-06	34.0963557987883	0.2
12.675	11.9	-4.7729908933491e-19	0.799561563521084	-7.68799186945473e-06	34.0723686924129	0.2
12.825	11.9	-6.21706455469703e-19	0.799543921993772	-7.99336585860213e-06	34.048382104977	0.2
12.975	11.9	-5.32141711552537e-19	0.799525579941183	-8.31068071832493e-06	34.0243960570933	0.2
13.125	11.9	-5.82005477524665e-20	0.79950650999724	-8.64038034252535e-06	34.0004105701806	0.2
13.275	11.9	8.59294967377903e-19	0.799486683781336	-8.98292273486162e-06	33.9764256664935	0.2
13.425	11.9	2.07562528571484e-18	0.799466071864575	-9.33878123506723e-06	33.9524413691537	0.2
13.575	11.9	3.14943132879405e-18	0.799444643735804	-9.70844424440926e-06	33.9284577021816	0.2
13.725	11.9	3.34023004509444e-18	0.799422367768294	-1.00924158817025e-05	33.9044746905295	0.2
13.875	11.9	1.77529778760455e-18	0.799399211182801	-1.04912155811183e-05	33.8804923601155	0.2
14.025	11.9	-2.16397176537112e-18	0.799375140014001	-1.09053789532443e-05	33.8565107378586	0.2
14.175	11.9	-8.26867144436132e-18	0.799350119072633	-1.13354578080279e-05	33.8325298517147	0.2
14.325	11.9	-1.49092521305229e-17	0.799324111910187	-1.1782019829784e-05	33.8085497307142	0.2
14.475	11.9	-1.87448696409507e-17	0.799297080782145	-1.22456495502914e-05	33.7845704050001	0.2
14.625	11.9	-1.51611217874518e-17	0.799268986610689	-1.27269473419365e-05	33.7605919058673	0.2
14.775	11.9	1.88486172843289e-19	0.79923978894833	-1.32265302691487e-05	33.7366142658034	0.2
14.925	11.9	2.86699692498912e-17	0.799209445940467	-1.37450319943538e-05	33.7126375185304	0.2
15.075	11.9	6.53278152719583e-17	0.799177914290421	-1.42831015815603e-05	33.688661699047	0.2
15.225	11.9	9.6280841752746e-17	0.799145149220767	-1.48414048003103e-05	33.664686843673	0.2
15.375	11.9	9.89694054058967e-17	0.799111104439627	-1.5420622803867e-05	33.6407129900938	0.2
15.525	11.9	4.75549378819183e-17	0.799075732105705	-1.60214517977371e-05	33.6167401774066	0.2
15.675	11.9	-7.51889785950874e-17	0.799038982794008	-1.66446030344628e-05	33.5927684461674	0.2
15.825	11.9	-2.60697712827417e-16	0.799000805464032	-1.72908015098601e-05	33.5687978384389	0.2
15.975	11.9	-4.57381201172665e-16	0.798961147428507	-1.79607855492872e-05	33.5448283978396	0.2
16.125	11.9	-5.63062556549832e-16	0.798919954326051	-1.8655305600944e-05	33.5208601695932	0.2
16.275	11.9	-4.39634103979855e-16	0.798877170093538	-1.93751233807561e-05	33.49689320058	0.2
16.425	11.9	3.9409367819659e-17	0.798832736943612	-2.01210099801519e-05	33.4729275393876	0.2
16.575	11.9	9.07412400949379e-16	0.798786595344557	-2.08937445727451e-05	33.4489632363634	0.200000000000001
16.725	11.9	2.00607031173281e-15	0.798738684005322	-2.1694112820225e-05	33.4250003436669	0.200000000000002
16.875	11.9	2.91119364047062e-15	0.798688939861826	-2.25229035180831e-05	33.4010389153231	0.200000000000002
17.025	11.9	2.94523002817948e-15	0.798637298074175	-2.33809076870239e-05	33.3770790072752	0.200000000000002
17.175	11.9	1.34326607024212e-15	0.798583692024315	-2.42689142918654e-05	33.3531206774386	0.200000000000001
17.325	11.9	-2.39048182728387e-15	0.798528053324658	-2.51877078007059e-05	33.3291639857538	0.199999999999998
17.475	11.9	-7.97430767184815e-15	0.798470311831801	-2.61380636386605e-05	33.3052089942392	0.199999999999994
17.625	11.9	-1.38453070951881e-14	0.798410395672515	-2.7120744705329e-05	33.2812557670439	0.199999999999989
17.775	11.9	-1.69466503899464e-14	0.79834823127734	-2.81364955054099e-05	33.2573043704988	0.199999999999986
17.925	11.9	-1.31713658201447e-14	0.79828374342723	-2.91860378731494e-05	33.2333548731672	0.199999999999989
18.075	11.9	1.23001782374318e-15	0.798216855313528	-3.02700630750045e-05	33.2094073458932	0.200000000000001
18.225	11.9	2.72491427588564e-14	0.798147488613098	-3.13892260713163e-05	33.1854618618484	0.200000000000022
18.375	11.9	6.0226713351537e-14	0.798075563579629	-3.25441369099761e-05	33.1615184965764	0.200000000000048
18.525	11.9	8.76613469770863e-14	0.798000999154843	-3.37353517522685e-05	33.1375773280336	0.20000000000007
18.675	11.9	8.95296508409506e-14	0.797923713101191	-3.4963362548506e-05	33.1136384366271	0.200000000000072
18.825	11.9	4.30536274262333e-14	0.797843622159549	-3.62285857073668e-05	33.0897019052475	0.200000000000034
18.975	11.9	-6.69863802085215e-14	0.797760642231892	-3.75313497249327e-05	33.0657678192975	0.199999999999946
19.125	11.9	-2.33439080770393e-13	0.797674688598437	-3.88718799295415e-05	33.0418362667136	0.199999999999813
19.275	11.9	-4.11871940893493e-13	0.797585676165767	-4.02502827106681e-05	33.0179073379816	0.199999999999671
19.425	11.9	-5.13695245931614e-13	0.797493519754612	-4.16665273669875e-05	32.9939811261438	0.199999999999589
19.575	11.9	-4.17820559786793e-13	0.797398134432729	-4.31204254317926e-05	32.9700577267965	0.199999999999666
19.725	11.9	-9.93591353094432e-15	0.797299435894709	-4.46116083264129e-05	32.9461372380779	0.199999999999992
19.875	11.9	7.49076849756466e-13	0.797197340896443	-4.61395011403559e-05	32.9222197606428	0.200000000000599
20.025	11.9	1.73869751351146e-12	0.797091767751464	-4.77032943123391e-05	32.8983053976239	0.200000000001391
20.175	11.9	2.61100399094671e-12	0.796982636894811	-4.9301911159974e-05	32.8743942545774	0.200000000002089
20.325	11.9	2.79028460132112e-12	0.796869871525536	-5.09339723987033e-05	32.8504864394097	0.200000000002232
20.475	11.9	1.59605110348358e-12	0.796753398331607	-5.25977550983157e-05	32.8265820622853	0.200000000001277
20.625	11.9	-1.47507521515227e-12	0.796633148315417	-5.42911482529989e-05	32.8026812355095	0.19999999999882
20.775	11.9	-6.32962317353433e-12	0.796509057722463	-5.60116017577765e-05	32.7787840733867	0.199999999994936
20.925	11.9	-1.18320546681131e-11	0.796381069094495	-5.77560695271798e-05	32.7548906920474	0.199999999990534
21.075	11.9	-1.55520873701856e-11	0.796249132453732	-5.95209469167197e-05	32.7310012092433	0.199999999987558
21.225	11.9	-1.39976858485208e-11	0.7961132066432	-6.13019985219278e-05	32.7071157441031	0.199999999988802
21.375	11.9	-3.60683067664609e-12	0.7959732608313	-6.30942797566157e-05	32.6832344168474	0.199999999997115
21.525	11.9	1.74099551396178e-11	0.795829276212479	-6.48920464214454e-05	32.659357348454	0.200000000013928
21.675	11.9	4.66601910031827e-11	0.795681247915369	-6.66886558299115e-05	32.6354846602713	0.200000000037328
21.825	11.9	7.54054501674261e-11	0.795529187154429	-6.8476454133175e-05	32.6116164735701	0.200000000060324
21.975	11.9	8.79805799992465e-11	0.795373123643667	-7.02466525645648e-05	32.5877529090276	0.200000000070384
22.125	11.9	6.43793541218367e-11	0.795213108311213	-7.19891863216413e-05	32.5638940861347	0.200000000051504
22.275	11.9	-1.27943449508945e-11	0.795049216344967	-7.36925589053925e-05	32.5400401225167	0.199999999989765
22.425	11.9	-1.47121837646431e-10	0.794881550610209	-7.53436661508872e-05	32.5161911331564	0.199999999882303
22.575	11.9	-3.15312909321083e-10	0.794710245484238	-7.6927599358354e-05	32.4923472295081	0.19999999974775
22.725	11.9	-4.57554655504756e-10	0.794535471159143	-7.84274233550896e-05	32.4685085184875	0.199999999633956
22.875	11.9	-4.7892633436052e-10	0.794357438476568	-7.98239273963745e-05	32.4446751013258	0.199999999616859
23.025	11.9	-2.69914825149091e-10	0.794176404358928	-8.10953447035522e-05	32.4208470722702	0.199999999784068
23.175	11.9	2.49343956831697e-10	0.79399267791838	-8.22170368937657e-05	32.3970245171157	0.200000000199475
23.325	11.9	1.06485053291447e-09	0.793806627326744	-8.31611429261562e-05	32.3732075115476	0.20000000085188
23.475	11.9	2.00124710837017e-09	0.793618687530992	-8.38961879852349e-05	32.3493961192733	0.200000001600998
23.625	11.9	2.68224901899976e-09	0.79342936890199	-8.43866516667497e-05	32.3255903899146	0.200000002145799
23.775	11.9	2.56028980044876e-09	0.793239266904075	-8.45924927116272e-05	32.3017903566284	0.200000002048232
23.925	11.9	1.05402612412098e-09	0.793049072869332	-8.44686222927664e-05	32.2779960334129	0.200000000843221
24.075	11.9	-2.19119831571966e-09	0.792859585987116	-8.39643189141496e-05	32.2542074120556	0.199999998247041
24.225	11.9	-6.95329923036609e-09	0.792671726642919	-8.30225661199316e-05	32.2304244586707	0.199999994437361
24.375	11.9	-1.20954639364448e-08	0.792486551303219	-8.15792898635592e-05	32.2066471097798	0.199999990323629
24.525	11.9	-1.54116964414283e-08	0.792305269225552	-7.95624715125787e-05	32.182875267893	0.199999987670643
24.675	11.9	-1.38665954050267e-08	0.792129261358498	-7.68911124003011e-05	32.1591087965569	0.199999988906724
24.825	11.9	-4.40830678338386e-09	0.791960101857127	-7.34740414839083e-05	32.1353475148477	0.199999996473355
24.975	11.9	1.46046632419779e-08	0.791799582639757	-6.92085819368737e-05	32.1115911912833	0.200000011683731
25.125	11.9	4.15775216493728e-08	0.791649741315881	-6.39791272748865e-05	32.0878395371139	0.200000033262017
25.275	11.9	7.00055311144915e-08	0.79151289257631	-5.76557099776548e-05	32.0640921989048	0.200000056004425
25.425	11.9	8.78243583773939e-08	0.791391662823106	-5.00926582916293e-05	32.0403487502609	0.200000070259487
25.575	11.9	7.8804688999446e-08	0.791289027477766	-4.11274139117835e-05	32.0166086824546	0.200000063043751
25.725	11.9	2.68064250614796e-08	0.791208350227557	-3.05794965602662e-05	31.9928713936465	0.20000002144514
25.875	11.9	-7.69942600893488e-08	0.791153423661283	-1.82494547509626e-05	31.9691361763507	0.199999938404592
26.025	11.9	-2.25008962453857e-07	0.791128511462849	-3.91744579944487e-06	31.9454022028462	0.19999981999283
26.175	11.9	-3.84914614665389e-07	0.791138393713854	1.26590923586249e-05	31.9216685083855	0.199999692068308
26.325	11.9	-4.96154100728029e-07	0.791188418675384	3.17492962199821e-05	31.8979339723084	0.199999603076719
26.475	11.9	-4.75910804552898e-07	0.791284566238993	5.36547359667685e-05	31.8741972974773	0.199999619271356
26.625	11.9	-2.38260979821544e-07	0.791433529225472	7.87172985556072e-05	31.8504569887134	0.199999809391216
26.775	11.9	2.72828103034259e-07	0.791642817846724	0.000107328303462524	31.8267113309801	0.200000218262482
26.925	11.9	1.04111163725873e-06	0.791920889003938	0.000139936991604177	31.8029583678068	0.20000083288931
27.075	11.9	1.93712441293068e-06	0.792277295324373	0.000177055473003895	31.7791958797651	0.20000154969953
27.225	11.9	2.69533838710879e-06	0.792722839603978	0.000219256625110053	31.7554213617499	0.20000215627071
27.375	11.9	2.92880183678814e-06	0.793269710752966	0.000267161822089344	31.7316319965914	0.200002343041469
27.525	11.9	2.19757687970895e-06	0.793931570945664	0.000321417250339523	31.7078246215055	0.200001758061504
27.675	11.9	1.36584695201147e-07	0.794723564831915	0.000382661061277622	31.6839956836005	0.200000109267756
27.825	11.9	-3.36979109596239e-06	0.795662234319526	0.000451488386615087	31.6601411815643	0.199997304167123
27.975	11.9	-8.00188792900037e-06	0.796765348362741	0.000528426171627169	31.636256593033	0.199993598489657
28.125	11.9	-1.28648795501818e-05	0.798051694143293	0.00061393309384291	31.612336790813	0.19998970809636
28.275	11.9	-1.64641778115107e-05	0.799540916395839	0.00070843934766567	31.5883759554258	0.199986828657751
28.425	11.9	-1.6860049258476e-05	0.801253522504333	0.000812434839401765	31.5643674951374	0.199986511960593
28.575	11.9	-1.20367762904479e-05	0.803211176158372	0.000926601526136185	31.5403039862772	0.199990370578968
28.725	11.9	-4.70076977596763e-07	0.805437366558099	0.00105196739048403	31.5161771449055	0.199999623938418
28.875	11.9	1.81902393922422e-05	0.80795845501992	0.00119003958969265	31.4919778351519	0.200014552191514
29.025	11.9	4.24715694535806e-05	0.810804971208215	0.00134285874946782	31.4676961103344	0.200033977255563
29.175	11.9	6.86577056994129e-05	0.814012879167333	0.00151291240584212	31.4433212722011	0.20005492616456
29.325	11.9	9.07925257439577e-05	0.81762439745749	0.00170285935066894	31.4188419244028	0.200072634020595
29.475	11.9	0.000101251836136035	0.821687885907693	0.00191505042079877	31.3942459921495	0.200081001468909
29.625	11.9	9.19186696362216e-05	0.826256347827427	0.00215088155229316	31.3695206838706	0.200073534935709
29.775	11.9	5.5851193922951e-05	0.831384265801938	0.00241007187536136	31.3446523836676	0.200044680955138
29.925	11.9	-1.08180717853042e-05	0.837122784640273	0.00269000881638722	31.3196264838096	0.199991345542572
30.075	11.9	-0.00010712613850833	0.843513633463873	0.00298532794746717	31.2944271900423	0.199914299089193
30.225	11.9	-0.00022607895747526	0.85058256539978	0.00328788490317237	31.2690373527677	0.19981913683402
30.375	11.9	-0.000354360803431994	0.858333394168165	0.00358722391497835	31.243438387835	0.199716511357254
30.525	11.9	-0.000473158483651076	0.866743828393323	0.00387155584173402	31.2176103474483	0.199621473213079
30.675	11.9	-0.000560094206286394	0.875764175926604	0.00412914255148762	31.1915321838583	0.199551924634971
30.825	11.9	-0.000592036244605688	0.885319588160552	0.00434986934423959	31.1651822193986	0.199526371004315
30.975	11.9	-0.000548369708153305	0.895315882132232	0.00452670472027302	31.1385388024769	0.199561304233477
31.125	11.9	-0.000414202137943986	0.905648234633324	0.00465672768265253	31.1115810978568	0.199668638289645
31.275	11.9	-0.000182972017909313	0.916211363998834	0.00474146488348078	31.0842899375433	0.199853622385673
31.425	11.9	0.00014197806991413	0.926909391472797	0.00478641848524446	31.056648649867	0.200113582455931
31.575	11.9	0.000547128430104091	0.937663546433075	0.00479984946360002	31.0286437898614	0.200437702744083
31.725	11.9	0.00100985517787214	0.948416285245624	0.00479105965056813	31.0002657117088	0.200807884142298
31.875	11.9	0.00150067203641283	0.959131141873088	0.00476853587754033	30.9715089496035	0.20120053762913
32.025	11.9	0.00198627898419893	0.969788526359729	0.00473834512437487	30.9423724012883	0.201589023187359
32.175	11.9	0.00243294301504296	0.980378502545457	0.00470309553317104	30.9128593330853	0.201946354412034
32.325	11.9	0.00280971517736994	0.990892112869067	0.00466163117459065	30.8829772419284	0.202247772141896
32.475	11.9	0.00309105780858829	1.00131297305291	0.00460945509762886	30.8527376164071	0.202472846246871
32.625	11.9	0.00325859541833448	1.01161064080546	0.00453972379909043	30.822155635637	0.202606876334668
32.775	11.9	0.00330187671477909	1.0217367693507	0.00444456132850637	30.791249834807	0.202641501371823
32.925	11.9	0.00321820473438769	1.0316244351488	0.00431641580144657	30.7600417537526	0.20257456378751
33.075	11.9	0.00301172465233009	1.04119042745986	0.00414921772560974	30.7285555738241	0.202409379721864
33.225	11.9	0.0026920355964497	1.05033981931705	0.00393917733120906	30.6968177411743	0.20215362847716
33.375	11.9	0.00227260844453543	1.05897186773578	0.00368515132691079	30.6648565721414	0.201818086755628
33.525	11.9	0.00176925129364952	1.06698622743694	0.00338859519158001	30.6327018382919	0.20141540103492
33.675	11.9	0.00119878046346968	1.07428857999744	0.00305317980242254	30.6003843344721	0.200959024370776
33.825	11.9	0.000577948073093637	1.08079502894068	0.00268418475567733	30.5679354428132	0.200462358458475
33.975	11.9	-7.7419962927552e-05	1.08643492860102	0.00228778749607691	30.5353867183186	0.199938064029658
34.125	11.9	-0.000753164484229758	1.09115213069375	0.00187035532136021	30.5027695339176	0.199397468412616
34.275	11.9	-0.00143744694547529	1.09490487229287	0.00143782621770426	30.4701148265645	0.19885004244362
34.425	11.9	-0.00212119354655286	1.09766462533491	0.00099524173558487	30.4374529698195	0.198303045162758
34.575	11.9	-0.00279801708704151	1.09941415463208	0.000546472530327453	30.4048137552331	0.197761586330367
34.725	11.9	-0.00346325053432691	1.1001448466064	9.41498664018581e-05	30.3722264036432	0.197229399572538
34.875	11.9	-0.00411201809913528	1.09985323596289	-0.000360224865964964	30.3397194829714	0.196710385520692
35.025	11.9	-0.00473700519510144	1.09853678404939	-0.000816081691209265	30.3073206374245	0.196210395843919
35.175	11.9	-0.00532754671358369	1.09618946475245	-0.00127365519412002	30.2750561817972	0.195737962629133
35.325	11.9	-0.00587216495891156	1.09279841277565	-0.00173413394234054	30.2429508696787	0.195302268032871
35.475	11.9	-0.00636579519177067	1.0883432114405	-0.00220023940383874	30.2110283792419	0.194907363846583
35.625	11.9	-0.0068199709156374	1.08279856448719	-0.00267716799641054	30.179313037788	0.19454402326749
35.775	11.9	-0.00726972792407729	1.07613872840649	-0.00317343235898283	30.1478327825048	0.194184217660738
35.925	11.9	-0.00776736529384302	1.0683389906691	-0.00370069924457297	30.116622290667	0.193786107764926
36.075	11.9	-0.00835455925146032	1.0593679240146	-0.00427155842733634	30.0857240060722	0.193316352598832
36.225	11.9	-0.0090144239257087	1.04916684271994	-0.00489469831847085	30.0551843477278	0.192788460859433
36.375	11.9	-0.00962383745895023	1.03762111132306	-0.00556860396100765	30.0250438278344	0.19230093003284
36.525	11.9	-0.00994625325435929	1.02453975373921	-0.00627770412022521	29.9953236963091	0.192042997396513
36.675	11.9	-0.00971122746960048	1.00966788623441	-0.00699785120805547	29.9660171222564	0.19223101802432
36.825	11.9	-0.00880198263009351	0.992746376197318	-0.00771795614520518	29.9370968506179	0.192958413895925
36.975	11.9	-0.00750882568739945	0.973592171254713	-0.00847759003335199	29.9085494924108	0.19399293945008
37.125	11.9	-0.00671856274535707	0.952119509146136	-0.00940812161452099	29.8804358484797	0.194625149803714
37.275	11.9	-0.00784219568755333	0.928215203632883	-0.0107580896403593	29.8529575717812	0.193726243449957
37.425	11.9	-0.0123024211478089	0.90144645655877	-0.0128862622507877	29.8264899551258	0.190158063081753
37.575	11.9	-0.0205665516770411	0.870647944211425	-0.0161949779492657	29.8015323781359	0.183546758658367
37.725	11.9	-0.0310033139642908	0.833460334855081	-0.0209164013133281	29.778548572698	0.175197348828567
37.875	11.9	-0.0391151182535678	0.786125615829058	-0.026605582444963	29.7577263658298	0.168707905397146
38.025	11.9	-0.0377062036841985	0.724937687614617	-0.0315111509276992	29.7387608908903	0.169835037052641
38.175	11.9	-0.0181457527435167	0.65122394197411	-0.0330473538496092	29.7207904201187	0.185483397805187
38.325	11.9	0.0276873637174687	0.574899560456449	-0.030156474429792	29.7025235220435	0.222149890973975
38.475	11.9	0.105317764856052	0.50773898132967	-0.0245020859854068	29.6824762577158	0.284254211884842
38.625	11.9	0.2155752085679	0.455051009288864	-0.0184725768417019	29.6592254388492	0.37246016685432
38.775	11.9	0.352742078711103	0.41624442037737	-0.0133855282286272	29.6316297452617	0.482193662968883
38.925	11.9	0.504289574931671	0.388636852371575	-0.00953217159098148	29.5990123123236	0.603431659945337
39.075	11.9	0.653793758674349	0.369437002348055	-0.00675844349257211	29.5612750109789	0.723035006939479
39.225	11.9	0.786300934870478	0.356259766478141	-0.0048121172182043	29.5188775466566	0.829040747896382
39.375	11.9	0.892741341772447	0.347210436559551	-0.0034659068678145	29.472668852005	0.914193073417958
39.525	11.9	0.97084183428035	0.340885307151392	-0.00254382645023109	29.4236523338203	0.97667346742428
39.675	11.9	1.0231917642967	0.33631451184966	-0.00191746270679571	29.3727887615261	1.01855341143736
39.825	11.9	1.05462776568236	0.332861268258753	-0.00149578346198898	29.3208860458122	1.04370221254589
39.975	11.9	1.07033522293539	0.330117278474293	-0.00121525281232957	29.2685663488804	1.05626817834831
40.125	11.9	1.07490305080139	0.327820771870072	-0.00103179958918939	29.2162783328995	1.05992244064111
40.275	11.9	1.07203232194581	0.32580185141203	-0.000914761209315338	29.1643269710964	1.05762585755665
40.425	11.9	1.06456346834975	0.323949107170401	-0.000842546204720882	29.1129053941516	1.0516507746798
40.575	11.9	1.05461102528874	0.322189968835022	-0.000799665366576302	29.0621225722426	1.04368882023099
40.725	11.9	1.04370787904979	0.32047909924192	-0.000774786613450074	29.0120255736125	1.03496630323984
40.875	11.9	1.03292661616065	0.318791201148116	-0.000759512817737995	28.9626170516602	1.02634129292852
41.025	11.9	1.02297499937332	0.317116108698902	-0.000747637318999424	28.9138690015443	1.01837999949865
41.175	11.9	1.01427210110369	0.31545499940625	-0.000734687324233	28.8657336408748	1.01141768088295
41.325	11.9	1.00701216946179	0.313817168261051	-0.000717617992033958	28.8181519723676	1.00560973556943
41.475	11.9	1.00122078340408	0.312217174811897	-0.000694568646479329	28.7710603609972	1.00097662672326
41.625	11.9	0.996805071667714	0.310672371921837	-0.000664634714054044	28.7243953440331	0.997444057334171
41.775	11.9	0.993597846849119	0.30920089481252	-0.000627641095564866	28.6780968676518	0.994878277479295
41.925	11.9	0.991394680311432	0.307820173691257	-0.000583922484161976	28.6321101679452	0.993115744249146
42.075	11.9	0.989983014318692	0.306545976633095	-0.00053412408577675	28.5863865493847	0.991986411454953
42.225	11.9	0.989163004593589	0.305391928353378	-0.000479035329200162	28.5408833349534	0.991330403674871
42.375	11.9	0.988760542192585	0.30436940779422	-0.000419463624634447	28.4955632583006	0.991008433754068
42.525	11.9	0.988633549127353	0.30348771059354	-0.000356148736720803	28.4503935399231	0.990906839301882
42.675	11.9	0.988673037221918	0.302754368073315	-0.000289713210589361	28.4053448438792	0.990938429777535
42.825	11.9	0.988800537449745	0.302175533914617	-0.000220641414069593	28.3603902584911	0.991040429959796
42.975	11.9	0.988963395629893	0.301756374536049	-0.000149278995631762	28.315504392563	0.991170716503915
43.125	11.9	0.989129171487295	0.301501423015161	-7.58452858335342e-05	28.2706626339035	0.991303337189836
43.275	11.9	0.989280054579572	0.301414875728497	-4.52687122836846e-07	28.2258405825222	0.991424043663658
43.425	11.9	0.989407888167575	0.301500824606058	7.68711527618695e-05	28.1810136474289	0.99152631053406
43.575	11.9	0.989510113059664	0.301763426313852	0.00015616096954877	28.1361567824489	0.991608090447731
43.725	11.9	0.989586728048299	0.302207013844249	0.000237492588231284	28.0912443309487	0.991669382438639
43.875	11.9	0.989638215697831	0.30283615710346	0.000320963039524332	28.0462499496126	0.991710572558264
44.025	11.9	0.989664295152668	0.303655678279553	0.000406671831198611	28.001146585323	0.991731436122134
44.175	11.9	0.98966332523732	0.304670625994624	0.000494702833486686	27.9559064850405	0.991730660189856
44.325	11.9	0.989632177766591	0.305886210208755	0.000585106192795466	27.9105012250055	0.991705742213273
44.475	11.9	0.989566419844216	0.307307698076378	0.000677879825842951	27.8649017517021	0.991653135875373
44.625	11.9	0.989460674312548	0.308940269815164	0.000772950313547054	27.8190784322627	0.991568539450038
44.775	11.9	0.989309061382666	0.310788833360342	0.000870153365049925	27.7730011160667	0.991447249106133
44.925	11.9	0.989105656403182	0.31285779725365	0.000969214418155023	27.7266392120963	0.991284525122546
45.075	11.9	0.988844925575858	0.315150802876614	0.00106973034275349	27.6799617881723	0.991075940460686
45.225	11.9	0.988522121835055	0.317670419717842	0.00117115358248565	27.6329376985919	0.990817697468044
45.375	11.9	0.988133636962088	0.320417810703967	0.00127278036008754	27.5855357460267	0.99050690956967
45.525	11.9	0.987677313954347	0.323392378479485	0.00137374474333185	27.5377248819564	0.990141851163477
45.675	11.9	0.987152726740669	0.32659140755693	0.00147302037439503	27.4894744475427	0.989722181392535
45.825	11.9	0.986561433666633	0.330009721057399	0.00156943147069342	27.440754453863	0.989249146933306
45.975	11.9	0.985907207854984	0.333639373850966	0.00166167428715995	27.391535897032	0.988725766283987
46.125	11.9	0.985196242552527	0.337469405797528	0.00174834958853485	27.341791100191	0.988156994042022
46.275	11.9	0.984437323766405	0.341485679035592	0.00182800584458123	27.2914940709477	0.987549859013124
46.425	11.9	0.983641956648218	0.345670821518899	0.0018991918926554	27.240620859935	0.986913565318574
46.575	11.9	0.982824426942169	0.350004295091455	0.00196051679845381	27.1891499040801	0.986259541553735
46.725	11.9	0.982001775095458	0.354462600350675	0.00201071369914449	27.1370623372493	0.985601420076366
46.875	11.9	0.981193659037801	0.359019622670696	0.00204870364874925	27.0843422513992	0.984954927230241
47.025	11.9	0.980422082813542	0.363647114556644	0.00207365501560678	27.0309768933527	0.984337666250834
47.175	11.9	0.979710972694614	0.368315299703234	0.00208503388505344	26.9769567857747	0.983768778155691
47.325	11.9	0.979085590371055	0.372993574579171	0.0020826412485398	26.9222757656431	0.983268472296844
47.475	11.9	0.978571784200443	0.377651274951099	0.0020666335089786	26.8669309390987	0.982857427360354
47.625	11.9	0.978195093728545	0.382258468332749	0.00203752395946792	26.8109225574817	0.982556074982836
47.775	11.9	0.977979738681681	0.386786729605637	0.00199616430499652	26.7542538250165	0.982383790945345
47.925	11.9	0.977947539787756	0.391209856496176	0.00194370687397935	26.6969306533665	0.982358031830204
48.075	11.9	0.978116833137282	0.395504484434043	0.0018815497596301	26.6389613816184	0.982493466509826
48.225	11.9	0.978501450218201	0.399650566475696	0.00181126857883309	26.5803564817869	0.982801160174561
48.375	11.9	0.979109840274906	0.403631693041145	0.0017345396886139	26.5211282694993	0.983287872219925
48.525	11.9	0.979944408789812	0.407435237468204	0.0016530604185028	26.4612906372035	0.98395552703185
48.675	11.9	0.981001135049513	0.411052325837794	0.00156847207210579	26.4008588233549	0.984800908039611
48.825	11.9	0.982269513399436	0.41447764200803	0.00148229108265385	26.3398492260823	0.985815610719549
48.975	11.9	0.98373283850714	0.417709090083018	0.00139585281081118	26.2782792644191	0.986986270805712
49.125	11.9	0.985368827320206	0.420747345521669	0.0013102711468435	26.2161672849514	0.988295061856165
49.275	11.9	0.987150542611666	0.423595331891801	0.00122641548647553	26.1535325072585	0.989720434089333
49.425	11.9	0.989047558360383	0.42625766241744	0.00114490498567054	26.0903949982239	0.991238046688307
49.575	11.9	0.991027288594526	0.428740083926155	0.00106611846151568	26.0267756634542	0.992821830875621
49.725	11.9	0.993056390718785	0.431048955991689	0.000990217070140837	25.9626962436958	0.994445112575028
49.875	11.9	0.995102152553313	0.433190790771778	0.000917176071520194	25.8981793051842	0.99608172204265
50.025	11.9	0.99713377889747	0.435171870271829	0.000846821640910398	25.8332482150421	0.997707023117976
50.175	11.9	0.999123506883242	0.436997948605283	0.000778868791452768	25.7679270958139	0.999298805506594
50.325	11.9	1.00104749746119	0.438674038278512	0.000712956967275913	25.702240756627	1.00083799796895
50.475	11.9	1.00288647052075	0.440204272416932	0.000648680649089726	25.6362146019443	1.0023091764166
50.625	11.9	1.00462607095897	0.441591829738183	0.00058561327553186	25.5698745221044	1.00370085676718
50.775	11.9	1.00625697050487	0.442838906268775	0.000523323811991632	25.5032467725893	1.0050055764039
50.925	11.9	1.00777472397274	0.443946717350452	0.000461386304308267	25.4363578510297	1.00621977917819
51.075	11.9	1.00917940828888	0.444915515250483	0.000399383661502098	25.3692343822193	1.0073435266311
51.225	11.9	1.01047507823219	0.445744611375306	0.000336907661618473	25.3019030217739	1.00838006258575
51.375	11.9	1.0116690750227	0.446432397265465	0.000273557722376731	25.2343903884844	1.00933526001816
51.525	11.9	1.01277122371258	0.44697636470361	0.00020894128159369	25.1667230338413	1.01021697897006
51.675	11.9	1.01379295395949	0.447373131785732	0.000142678656970442	25.0989274546376	1.0110343631676
51.825	11.9	1.01474637730973	0.447618488014097	7.44149699547534e-05	25.0310301510231	1.01179710184778
51.975	11.9	1.01564335347007	0.447707476639598	3.84110694304867e-06	24.9630577279655	1.01251468277605
52.125	11.9	1.01649457870779	0.447634535868843	-6.92752412714149e-05	24.8950370329171	1.01319566296623
52.275	11.9	1.01730873153754	0.447393721478472	-0.000145048640630211	24.8269953168644	1.01384698523003
52.425	11.9	1.01809171381852	0.446979031271153	-0.000223426683704626	24.7589604001973	1.01447337105482
52.575	11.9	1.01884602837753	0.446384846349942	-0.000304135604953341	24.6909608194708	1.01507682270202
52.725	11.9	1.01957033616305	0.445606495323926	-0.000386625354113667	24.6230259267364	1.01565626893044
52.875	11.9	1.02025923528776	0.444640935632767	-0.000470019998493181	24.555185910335	1.01620738823021
53.025	11.9	1.02090329980536	0.443487531901457	-0.000553080192110812	24.4874717055663	1.01672263984429
53.175	11.9	1.02148940658784	0.442148895700915	-0.000634184770537837	24.4199147660828	1.01719152527027
53.325	11.9	1.02200136360028	0.440631735686804	-0.000711338177497622	24.3525466726816	1.01760109088023
53.475	11.9	1.02242083228032	0.438947653449671	-0.000782209315679016	24.2853985656091	1.01793666582426
53.625	11.9	1.02272851154469	0.437113810279962	-0.000844205495860006	24.2185003994341	1.01818280923575
53.775	11.9	1.02290552303889	0.435153385195669	-0.000894582444122246	24.1518800354168	1.01832441843111
53.925	11.9	1.02293490942746	0.433095746626195	-0.00093058789861581	24.0855622040614	1.01834792754197
54.075	11.9	1.02280313337821	0.430976270424682	-0.000949632362124749	24.0195673886152	1.01824250670257
54.225	11.9	1.02250144844884	0.428835756147122	-0.000949476394522665	23.9539106966831	1.01800115875907
54.375	11.9	1.02202700827537	0.426719421684906	-0.000928419911002806	23.8886007996123	1.0176216066203
54.525	11.9	1.02138359041909	0.42467549204307	-0.000885475943566896	23.8236390256414	1.01710687233527
54.675	11.9	1.02058183748884	0.42275343850508	-0.000820509955255696	23.7590186911711	1.01646546999107
54.825	11.9	1.01963895991011	0.421001965297001	-0.000734326754843823	23.6947247438728	1.01571116792809
54.975	11.9	1.01857789836899	0.419466876613075	-0.000628690762438116	23.6307337718091	1.01486231869519
55.125	11.9	1.01742600319753	0.418188981528467	-0.000506271776487231	23.5670144057678	1.01394080255802
55.275	11.9	1.01621334448299	0.417202202666048	-0.000370516825794882	23.5035281103431	1.01297067558639
55.425	11.9	1.01497081158207	0.416532043298439	-0.000225457898808312	23.4402303266401	1.01197664926565
55.575	11.9	1.01372818631459	0.416194536808589	-7.54736962221551e-05	23.3770718998959	1.01098254905167
55.725	11.9	1.01251237568626	0.416195755625104	7.49705739948716e-05	23.3140007025223	1.01000990054901
55.875	11.9	1.01134596699584	0.416531900599979	0.000221579116123861	23.2509633497711	1.00907677359667
56.025	11.9	1.01024622450886	0.417189934830784	0.000360452754317978	23.1879069026146	1.00819697960709
56.175	11.9	1.0092245899582	0.41814867669472	0.00048826834525316	23.1247804601048	1.00737967196656
56.325	11.9	1.00828668842549	0.41938023200659	0.000602398942387338	23.0615365595854	1.00662935074039
56.475	11.9	1.00743278592277	0.420851628268926	0.000700971570493618	22.9981323249068	1.00594622873822
56.625	11.9	1.00665860267018	0.422526514923596	0.000782866936115394	22.9345303270901	1.00532688213614
56.775	11.9	1.00595636099682	0.424366809284477	0.000847670922773997	22.8706991457458	1.00476508879746
56.925	11.9	1.00531593991965	0.426334193501583	0.000895590801419065	22.8066136406455	1.00425275193572
57.075	11.9	1.0047260177242	0.428391398010814	0.000927349811286496	22.7422549596246	1.00378081417936
57.225	11.9	1.00417510516823	0.43050323662462	0.000944072630230549	22.67761032076	1.00334008413459
57.375	11.9	1.00365240020169	0.432637384225498	0.000947171945700761	22.6126726135274	1.00292192016135
57.525	11.9	1.00314842538427	0.434764908012043	0.000938243538379486	22.5474398659229	1.00251874030742
57.675	11.9	1.00265543737452	0.436860576900999	0.000918974536218858	22.4819146231536	1.00212434989962
57.825	11.9	1.00216762110531	0.438902981509901	0.000891067131857972	22.416103279435	1.00173409688425
57.975	11.9	1.00168109803944	0.440874500211661	0.000856178237230001	22.350015398612	1.00134487843156
58.125	11.9	1.00119378789765	0.442761146338142	0.000815874291196419	22.2836630525888	1.00095503031812
58.275	11.9	1.00070516705793	0.444552328927063	0.000771599671900418	22.2170601996141	1.00056413364634
58.425	11.9	1.00021596560057	0.446240555452876	0.000724656786549925	22.1502221178319	1.00017277248045
58.575	11.9	0.999727840138866	0.447821100511202	0.000676195809295688	22.083164903551	0.999782272111092
58.725	11.9	0.999243052563011	0.44929165994118	0.000627212112297628	22.0159050386204	0.999394442050409
58.875	11.9	0.998764176902816	0.450652005688322	0.000578549615064883	21.9484590272086	0.999011341522253
59.025	11.9	0.998293848691231	0.451903652985771	0.00053090850373819	21.8808430991906	0.998635078952985
59.175	11.9	0.997834564196973	0.45304954824073	0.000484856012875381	21.8130729751539	0.998267651357578
59.325	11.9	0.997388531116866	0.454093783342223	0.000440839193201776	21.7451636866483	0.997910824893493
59.475	11.9	0.996957567958407	0.455041339928934	0.000399198799032889	21.6771294445786	0.997566054366726
59.625	11.9	0.996543046391559	0.455897865412939	0.000360183611304977	21.6089835484331	0.997234437113247
59.775	11.9	0.996145869164795	0.456669481186069	0.00032396466804034	21.5407383292185	0.996916695331836
59.925	11.9	0.995766475544969	0.457362622381024	0.000290649001046522	21.472405119419	0.996613180435975
60.075	11.9	0.995404866401747	0.457983907764492	0.000260292581736249	21.4039942439061	0.996323893121397
60.225	11.9	0.99506064176596	0.458540037750003	0.000232912260867008	21.3355150264263	0.996048513412768
60.375	11.9	0.994733044723527	0.459037718098448	0.000208496552411942	21.2669758070224	0.995786435778822
60.525	11.9	0.994421006679316	0.459483606587062	0.000187015162772416	21.1983839664669	0.995536805343453
60.675	11.9	0.9941231902007	0.459884279745948	0.000168427209284078	21.1297459544781	0.99529855216056
60.825	11.9	0.993838026735676	0.46024621667306	0.000152688107556114	21.0610673191276	0.995070421388541
60.975	11.9	0.993563747442437	0.460575796929487	0.000139755141892385	20.9923527354463	0.99485099795395
61.125	11.9	0.993298406145537	0.460879309589834	0.000129591768992181	20.9236060317634	0.99463872491643
61.275	11.9	0.993039894052743	0.461162970681825	0.000122170745015202	20.8548302127953	0.994431915242194
61.425	11.9	0.992785946345418	0.461432946507442	0.000117476213380053	20.7860274789094	0.994228757076335
61.575	11.9	0.992534141123393	0.461695380711919	0.000115504945506875	20.7171992413295	0.994027312898714
61.725	11.9	0.992281891474793	0.461956423472823	0.000116266989833291	20.6483461333075	0.993825513179834
61.875	11.9	0.992026431683899	0.462222261836708	0.000119786053369686	20.5794680174401	0.99362114534712
62.025	11.9	0.991764798813757	0.462499151044453	0.0001261000122836	20.5105639893421	0.993411839051005
62.175	11.9	0.99149381112672	0.462793447657401	0.000135262016224028	20.4416323777785	0.993195048901376
62.325	11.9	0.99121004504953	0.463111646404416	0.000147342706685245	20.3726707410768	0.992968036039624
62.475	11.9	0.990909812655487	0.463460423881863	0.000162434104344709	20.303675859177	0.99272785012439
62.625	11.9	0.990589141922051	0.463846693480669	0.000180655719358699	20.2346437200091	0.992471313537641
62.775	11.9	0.990243762314296	0.464277677107307	0.000202163392292429	20.165569498027	0.992195009851437
62.925	11.9	0.989869098520537	0.464761000282925	0.000227161271323203	20.0964475216832	0.991895278816429
63.075	11.9	0.989460275397246	0.465304817923136	0.000255917167167333	20.0272712254368	0.991568220317797
63.225	11.9	0.989012137332091	0.465917978375491	0.00028878130188572	19.9580330806165	0.991209709865673
63.375	11.9	0.988519285275276	0.466610232993273	0.000326208186628493	19.8887244981839	0.990815428220221
63.525	11.9	0.987976134594994	0.46739249754352	0.00036878103955104	19.819335695269	0.990380907675995
63.675	11.9	0.987376996674099	0.468277170002877	0.000417237802545526	19.7498555163935	0.989901597339279
63.825	11.9	0.986716186791753	0.469278506740188	0.000472497446348214	19.6802711996908	0.989372949433403
63.975	11.9	0.98598816035943	0.470413055680324	0.000535684866098265	19.6105680782944	0.988790528287544
64.125	11.9	0.985187679054096	0.471700140730243	0.000608152243836776	19.5407292075355	0.988150143243277
64.275	11.9	0.984310007865607	0.473162386394014	0.000691494244570921	19.4707349098016	0.987448006292485
64.425	11.9	0.983351143582758	0.474826264841407	0.000787553749222489	19.4005622310025	0.986680914866207
64.575	11.9	0.98230807476536	0.476722639310609	0.000898413935412065	19.3301843057788	0.985846459812288
64.725	11.9	0.981179072691133	0.47888726706078	0.00102637134860357	19.2595696331154	0.984943258152906
64.875	11.9	0.979964011927629	0.481361211584395	0.00117388319703456	19.1886812702425	0.983971209542103
65.025	11.9	0.978664717765068	0.484191097147827	0.00134348064721238	19.1174759610341	0.982931774212054
65.175	11.9	0.977285335397013	0.487429119344645	0.00153763881518838	19.0459032259845	0.98182826831761
65.325	11.9	0.975832712108027	0.49113270488964	0.00175859415512977	18.9739044545769	0.980666169686422
65.475	11.9	0.974316778601906	0.495363695899327	0.00200810202410592	18.9014120574257	0.979453422881524
65.625	11.9	0.972750909014588	0.500186924283543	0.00228713249256513	18.8283487543154	0.97820072721167
65.775	11.9	0.971152231496749	0.50566804883588	0.00259551198262816	18.754627093497	0.976921785197399
65.925	11.9	0.969541853323668	0.511870560880909	0.0029315324671669	18.6801493144133	0.975633482658934
66.075	11.9	0.96794495745262	0.518851933126436	0.00329156796937795	18.6048076760956	0.974355965962096
66.225	11.9	0.96639072266011	0.526658996084596	0.00366975738196804	18.5284853714585	0.973112578128088
66.375	11.9	0.964912018189589	0.535322774383794	0.00405782847854311	18.4510581280459	0.971929614551671
66.525	11.9	0.963544827331125	0.544853186567659	0.00444514393218347	18.3723965541204	0.9708358618649
66.675	11.9	0.962327363333038	0.555234177091413	0.00481903926825511	18.2923692241461	0.96986189066643
66.825	11.9	0.96129885610783	0.56641996604356	0.00516549005132707	18.2108464134845	0.969039084886264
66.975	11.9	0.960498009989671	0.57833312362361	0.00547009141798741	18.1277042984699	0.968398407991737
67.125	11.9	0.959961162187083	0.590865064407521	0.00571926509474816	18.0428293506128	0.967968929749667
67.275	11.9	0.959720209315011	0.603879298125766	0.00590154292540091	17.956122591253	0.967776167452009
67.425	11.9	0.959800415086814	0.617217394848908	0.00600873189117987	17.8675033527784	0.967840332069451
67.575	11.9	0.960218262601412	0.630707190115089	0.0060367617134475	17.7769122247242	0.968174610081129
67.725	11.9	0.960979561787282	0.64417236506573	0.00598606047595676	17.6843129464064	0.968783649429825
67.875	11.9	0.962078053615813	0.657442285410342	0.00586138922711731	17.589693128304	0.969662442892651
68.025	11.9	0.963494752056385	0.670360938745313	0.00567117170420877	17.4930638186329	0.970795801645108
68.175	11.9	0.96519821906853	0.682793986697902	0.00542645127191678	17.3944580528131	0.972158575254824
68.325	11.9	0.967145872668433	0.694633301600844	0.00513966807576984	17.2939286098273	0.973716698134747
68.475	11.9	0.969286292669162	0.70579879750171	0.00482346158178953	17.1915452393422	0.97542903413533
68.625	11.9	0.971562337102966	0.716237787510935	0.00448966924837263	17.0873916180081	0.977249869682373
68.775	11.9	0.973914747957216	0.725922415411011	0.00414862643195101	16.9815622539726	0.979131798365773
68.925	11.9	0.976285840503006	0.734845869853992	0.00380879742286689	16.8741595019671	0.981028672402405
69.075	11.9	0.978622857716099	0.743018091487406	0.00347670279229869	16.7652907935164	0.982898286172879
69.225	11.9	0.980880633305337	0.750461562259234	0.00315706676104062	16.6550661393316	0.98470450664427
69.375	11.9	0.983023327925226	0.757207577622863	0.00285309356611595	16.5435959287696	0.986418662340181
69.525	11.9	0.985025154197825	0.763293202884	0.00256678950121255	16.4309890335601	0.98802012335826
69.675	11.9	0.986870154100512	0.768758947237672	0.00229926881946209	16.3173512154055	0.989496123280409
69.825	11.9	0.988551209120059	0.773647075565968	0.00205100775839078	16.2027838341281	0.990840967296047
69.975	11.9	0.990068532616291	0.778000421947857	0.00182203435876882	16.0873828503712	0.992054826093033
70.125	11.9	0.991427911450608	0.781861559737841	0.00161205846925031	15.971238112114	0.993142329160487
70.275	11.9	0.992638937595832	0.78527220440324	0.00142055536180184	15.8544329071892	0.994111150076666
70.425	11.9	0.993713414504851	0.788272760347206	0.00124681886101967	15.7370437558139	0.994970731603881
70.575	11.9	0.994664053945612	0.790901958678957	0.00108999796604684	15.619140409641	0.99573124315649
70.725	11.9	0.995503511466128	0.79319656144929	0.000949126876112427	15.5007860186254	0.996402809172903
70.875	11.9	0.9962437530659	0.795191126199951	0.000823153917671035	15.3820374249942	0.99699500245272
71.025	11.9	0.99689570740932	0.796917833238261	0.000710971233722236	15.2629455449488	0.997516565927456
71.175	11.9	0.997469137835836	0.798406379266894	0.000611444709384816	15.1435558028597	0.997975310268669
71.325	11.9	0.997972663976195	0.799683937901957	0.000523442469792074	15.0239085886938	0.998378131180956
71.475	11.9	0.998413869614863	0.800775182928917	0.000445860120819922	14.9040397161868	0.998731095691891
71.625	11.9	0.998799446727312	0.801702365819252	0.000377641338191831	14.783980865902	0.99903955738185
71.775	11.9	0.999135341099102	0.802485436133416	0.000317793099285103	14.6637600031384	0.999308272879282
71.925	11.9	0.9994268794502	0.803142192293077	0.000265395540833963	14.5434017653041	0.99954150356016
72.075	11.9	0.999678869670778	0.803688450631023	0.00021960696196059	14.4229278167598	0.999743095736622
72.225	11.9	0.999895673899678	0.804138222173224	0.000179664821919354	14.3023571713686	0.999916539119742
72.375	11.9	1.00008125887322	0.804503888760635	0.000144883711400917	14.1817064842883	1.00006500709857
72.525	11.9	1.00023922988131	0.804796372427361	0.000114651250261971	14.0609903151549	1.00019138390505
72.675	11.9	1.00037285463758	0.80502529409037	8.8422739324924e-05	13.94022136499	1.00029828371006
72.825	11.9	1.0004850822276	0.805199119387384	6.5715221288149e-05	13.8194106890982	1.00038806578208
72.975	11.9	1.00057856072001	0.805325290850365	4.61014260194135e-05	13.6985678880539	1.000462848576
73.125	11.9	1.00065565547298	0.805410346537704	2.92039141221752e-05	13.5777012786896	1.00052452437839
73.275	11.9	1.00071846891144	0.805460025827691	1.46896030363015e-05	13.4568180468278	1.00057477512915
73.425	11.9	1.0007688616843	0.805479363384311	2.26476409821105e-06	13.3359243833656	1.00061508934744
73.575	11.9	1.00080847462707	0.805472772423351	-8.32948490803456e-06	13.2150256052187	1.00064677970166
73.725	11.9	1.00083875077726	0.805444118405501	-1.73212059591525e-05	13.0941262625434	1.00067100062181
73.875	11.9	1.00086095672221	0.805396784213329	-2.49112206032657e-05	12.9732302335799	1.00068876537777
74.025	11.9	1.00087620270901	0.805333727772432	-3.12762857843679e-05	12.8523408083848	1.00070096216721
74.175	11.9	1.00088546114004	0.805257532972096	-3.65719094264997e-05	12.7314607626344	1.00070836891203
74.325	11.9	1.00088958326488	0.805170454643267	-4.09348460227684e-05	12.6105924225983	1.0007116666119
74.475	11.9	1.00088931403411	0.805074458263479	-4.44853086001679e-05	12.4897377222856	1.00071145122729
74.625	11.9	1.00088530518986	0.804971254983632	-4.73289285865812e-05	12.3688982536757	1.00070824415189
74.775	11.9	1.00087812673498	0.804862332505406	-4.95584912543486e-05	12.248075310852	1.00070250138798
74.925	11.9	1.00086827695417	0.804748982282264	-5.1255471129404e-05	12.1272699287657	1.00069462156333
75.075	11.9	1.00085619116604	0.804632323466632	-5.24913887948199e-05	12.0064829172783	1.00068495293283
75.225	11.9	1.000842249375	0.804513323981462	-5.33290085459685e-05	11.885714891051	1.0006737995
75.375	11.9	1.00082678297358	0.804392819053963	-5.38233943347398e-05	11.7649662957837	1.00066142637887
75.525	11.9	1.0008100806245	0.804271527512572	-5.40228397033823e-05	11.6442374312445	1.0006480644996
75.675	11.9	1.00079239343183	0.80415006611438	-5.39696862087545e-05	11.5235284714768	1.00063391474547
75.825	11.9	1.00077393949285	0.804028962140418	-5.37010430382944e-05	11.402839482525	1.00061915159428
75.975	11.9	1.00075490790737	0.803908664467742	-5.32494195459838e-05	11.2821704379763	1.00060392632589
76.125	11.9	1.00073546231012	0.803789553303506	-5.26432810867091e-05	11.161521232584	1.00058836984809
76.275	11.9	1.00071574398244	0.803671948743023	-5.1907537326089e-05	11.0408916942004	1.00057259518595
76.425	11.9	1.0006958745923	0.803556118295063	-5.10639712907306e-05	10.9202815942258	1.00055669967384
76.575	11.9	1.00067595860601	0.803442283499354	-5.01316163021809e-05	10.7996906567494	1.00054076688481
76.725	11.9	1.00065608541	0.803330625746868	-4.91270873014244e-05	10.6791185665425	1.000524868328
76.875	11.9	1.00063633117682	0.803221291398876	-4.80648720104754e-05	10.5585649760398	1.00050906494146
77.025	11.9	1.0006167605058	0.803114396290041	-4.69575869827609e-05	10.4380295114323	1.00049340840464
77.175	11.9	1.00059742786539	0.803010029689505	-4.58162027458782e-05	10.3175117779782	1.00047794229231
77.325	11.9	1.00057837886117	0.802908257785276	-4.4650241877105e-05	10.1970113646261	1.00046270308894
77.475	11.9	1.00055965135064	0.802809126749472	-4.34679533229669e-05	10.0765278480336	1.00044772108051
77.625	11.9	1.00054127642338	0.802712665434187	-4.22764657945384e-05	9.95606079605377	1.0004330211387
77.775	11.9	1.00052327926309	0.802618887742632	-4.10819228830092e-05	9.83560977075393	1.00041862341047
77.925	11.9	1.00050567990569	0.802527794714101	-3.98896019969816e-05	9.71517433102306	1.00040454392455
78.075	11.9	1.00048849390621	0.802439376356739	-3.87040192380529e-05	9.59475403481778	1.00039079512497
78.225	11.9	1.00047173292538	0.80235361325849	-3.75290217163688e-05	9.47434844109026	1.00037738634031
78.375	11.9	1.00045540524575	0.802270478001989	-3.63678690209182e-05	9.35395711143689	1.0003643241966
78.525	11.9	1.00043951622558	0.802189936407169	-3.52233049720417e-05	9.23357961150153	1.00035161298046
78.675	11.9	1.0004240686982	0.802111948621541	-3.40976209913681e-05	9.11321551216341	1.00033925495856
78.825	11.9	1.0004090633231	0.802036470076335	-3.29927118980003e-05	8.99286439053588	1.00032725065848
78.975	11.9	1.00039449889474	0.801963452324219	-3.19101252427017e-05	8.8725258307994	1.00031559911579
79.125	11.9	1.0003803726139	0.801892843772484	-3.08511047619778e-05	8.75219942488925	1.00030429809112
79.275	11.9	1.00036668032612	0.801824590324127	-2.98166287687213e-05	8.63188477305611	1.00029334426089
79.425	11.9	1.00035341673114	0.801758635937546	-2.88074440376909e-05	8.51158148431536	1.00028273338491
79.575	11.9	1.00034057556666	0.801694923114296	-2.78240956953438e-05	8.39128917679934	1.00027246045333
79.725	11.9	1.00032814976954	0.8016333933236	-2.68669536222356e-05	8.27100747802486	1.00026251981563
79.875	11.9	1.00031613161712	0.801573987370821	-2.59362357640736e-05	8.15073602508707	1.0002529052937
80.025	11.9	1.00030451285096	0.801516645716501	-2.5032028670654e-05	8.03047446478924	1.00024361028077
80.175	11.9	1.00029328478501	0.801461308751878	-2.41543056626487e-05	7.91022245371714	1.00023462782801
80.325	11.9	1.00028243840014	0.801407917035881	-2.33029428453111e-05	7.78997965826538	1.00022595072011
80.475	11.9	1.00027196442653	0.801356411498274	-2.24777332064613e-05	7.66974575462253	1.00021757154123
80.625	11.9	1.0002618534155	0.801306733612809	-2.167839906865e-05	7.5495204287208	1.0002094827324
80.775	11.9	1.0002520958018	0.80125882554404	-2.09046030758975e-05	7.42930337615544	1.00020167664144
80.925	11.9	1.00024268195764	0.801212630270915	-2.01559578503587e-05	7.30909430207846	1.00019414556611
81.075	11.9	1.00023360223949	0.801168091689894	-1.94320344656181e-05	7.18889292107068	1.00018688179159
81.225	11.9	1.00022484702824	0.801125154700118	-1.87323699600903e-05	7.06869895699561	1.00017987762259
81.375	11.9	1.00021640676377	0.801083765272687	-1.80564738887218e-05	6.94851214283828	1.00017312541101
81.525	11.9	1.00020827197448	0.801043870506134	-1.74038340754299e-05	6.8283322205318	1.00016661757958
81.675	11.9	1.00020043330237	0.801005418669703	-1.6773921690119e-05	6.70815894077398	1.00016034664189
81.825	11.9	1.00019288152419	0.8009683592359	-1.61661956289123e-05	6.58799206283612	1.00015430521935
81.975	11.9	1.00018560756922	0.800932642903853	-1.55801064124143e-05	6.46783135436592	1.00014848605538
82.125	11.9	1.00017860253397	0.800898221614385	-1.50150995232316e-05	6.34767659118597	1.00014288202718
82.275	11.9	1.00017185769424	0.800865048558146	-1.44706183368074e-05	6.22752755708931	1.00013748615539
82.425	11.9	1.00016536451487	0.80083307817754	-1.39461066612112e-05	6.10738404363327	1.00013229161189
82.575	11.9	1.00015911465749	0.800802266163264	-1.34410109153138e-05	5.98724584993268	1.00012729172599
82.725	11.9	1.0001530999865	0.800772569446427	-1.29547820287957e-05	5.86711278245329	1.0001224799892
82.875	11.9	1.00014731257344	0.800743946186515	-1.24868770373369e-05	5.7469846548063	1.00011785005876
83.025	11.9	1.00014174469996	0.80071635575617	-1.20367604763524e-05	5.62686128754459	1.00011339575997
83.175	11.9	1.00013638885942	0.800689758723018	-1.16039055208614e-05	5.50674250796132	1.00010911108754
83.325	11.9	1.00013123775733	0.800664116829158	-1.11877949710312e-05	5.38662814989134	1.00010499020587
83.475	11.9	1.00012628431087	0.800639392968682	-1.07879220506212e-05	5.26651805351592	1.0001010274487
83.625	11.9	1.00012152164792	0.800615551163577	-1.04037910613984e-05	5.14641206517107	1.00009721731834
83.775	11.9	1.00011694310621	0.800592556538201	-1.00349179045334e-05	5.02631003715973	1.00009355448497
83.925	11.9	1.00011254223271	0.800570375292728	-9.6808304822648e-06	4.90621182756792	1.00009003378617
84.075	11.9	1.00010831278308	0.800548974675558	-9.34106899892294e-06	4.78611730008508	1.00008665022647
84.225	11.9	1.00010424871956	0.800528322955042	-9.01518613668093e-06	4.66602632382868	1.00008339897564
84.375	11.9	1.00010034420521	0.800508389391053	-8.70274719944736e-06	4.5459387731734	1.00008027536417
84.525	11.9	1.00009659359296	0.800489144206712	-8.40333010260728e-06	4.42585452758548	1.00007727487437
84.675	11.9	1.00009299141047	0.800470558561123	-8.11652535756603e-06	4.3057734714625	1.00007439312838
84.825	11.9	1.00008953234739	0.800452604522996	-7.84193590723921e-06	4.18569549397885	1.00007162587791
84.975	11.9	1.0000862112564	0.800435255044747	-7.57917697326865e-06	4.06562048893587	1.00006896900512
85.125	11.9	1.00008302317966	0.800418483935199	-7.3278757429678e-06	3.94554835461496	1.00006641854373
85.275	11.9	1.00007996340088	0.800402265829094	-7.08767104026235e-06	3.82547899363084	1.0000639707207
85.425	11.9	1.00007702749808	0.800386576152443	-6.85821289302863e-06	3.7054123127838	1.00006162199847
85.575	11.9	1.00007421134139	0.800371391086898	-6.63916198214811e-06	3.58534822291327	1.00005936907311
85.725	11.9	1.00007151096667	0.800356687541688	-6.43018901399844e-06	3.46528663876121	1.00005720877333
85.875	11.9	1.00006892229523	0.800342443145595	-6.23097394752832e-06	3.34522747885838	1.00005513783618
86.025	11.9	1.00006644078484	0.800328636268153	-6.0412050717964e-06	3.22517066544397	1.00005315262787
86.175	11.9	1.0000640612681	0.800315246062881	-5.86057790821606e-06	3.10511612441259	1.00005124901448
86.325	11.9	1.00006177835773	0.800302252497061	-5.68879388617523e-06	2.98506378525198	1.00004942268619
86.475	11.9	1.00005958769723	0.800289636305166	-5.52555870897228e-06	2.8650135809032	1.00004767015778
86.625	11.9	1.00005748783759	0.800277378805259	-5.37058033132256e-06	2.74496544747212	1.00004599027007
86.775	11.9	1.0000554816389	0.800265461583023	-5.223566327228e-06	2.62491932378427	1.00004438531112
86.925	11.9	1.00005357523546	0.800253866188287	-5.08422047572927e-06	2.50487515092196	1.00004286018837
87.075	11.9	1.00005177263878	0.800242574156504	-4.95223834351047e-06	2.38483287206901	1.00004141811102
87.225	11.9	1.00005006602782	0.800231567731005	-4.82730168800392e-06	2.26479243307803	1.00004005282226
87.375	11.9	1.00004842608443	0.800220831432562	-4.70907157195037e-06	2.14475378396323	1.00003874086754
87.525	11.9	1.0000468019389	0.800210353975694	-4.597180064601e-06	2.02471688085278	1.00003744155112
87.675	11.9	1.00004514235168	0.800200129099909	-4.49121990650729e-06	1.90468168691692	1.00003611388135
87.825	11.9	1.00004344284698	0.800190153245951	-4.39073041353084e-06	1.78464817000274	1.00003475427759
87.975	11.9	1.00004180362718	0.800180418645452	-4.295175711513e-06	1.66461629520773	1.00003344290174
88.125	11.9	1.00004045418277	0.800170903221179	-4.2039086617393e-06	1.54458601346624	1.00003236334621
88.275	11.9	1.00003968017157	0.800161563572035	-4.11611151539607e-06	1.4245572524281	1.00003174413725
88.425	11.9	1.00003960674164	0.800152341913246	-4.03070473026991e-06	1.30452992119303	1.00003168539331
88.575	11.9	1.00003987861641	0.800143197300244	-3.94622060444499e-06	1.18450394071762	1.00003190289313
88.725	11.9	1.00003942748688	0.800134160138402	-3.86064801489734e-06	1.06447930061515	1.0000315419895
88.875	11.9	1.00003666081498	0.800125385052359	-3.77126098190704e-06	0.944456117872075	1.00002932865198
89.025	11.9	1.00003039363572	0.800117149076716	-3.67442542306428e-06	0.824434641523241	1.00002431490858
89.175	11.9	1.00002150067651	0.800109732551459	-3.56529204919172e-06	0.704415132974905	1.00001720054121
89.325	11.9	1.00001452952423	0.800103161026399	-3.43705043425201e-06	0.584397589169276	1.00001162361938
89.475	11.9	1.00001763958044	0.80009689900783	-3.27888966646331e-06	0.464381390589317	1.00001411166435
89.625	11.9	1.00003891112526	0.800089746960358	-3.07062954805427e-06	0.344365128044792	1.0000311289002
89.775	11.9	1.00007828844101	0.800069709401267	-2.76914592492698e-06	0.224346990345481	1.00006263075281
89.925	11.9	1.00011783164658	0.400093749086114	-2.27025889997493e-06	0.10432917860109	1.00009426531727
